1920 65 49
0 68 58
480 68 0
0 65 0
0 66 50
0 69 60
240 69 0
0 66 0
0 66 47
0 69 56
360 69 0
0 66 0
0 64 44
0 73 52
120 73 0
0 64 0
0 63 47
0 71 56
360 71 0
0 63 0
0 67 51
0 63 42
120 63 0
0 67 0
0 64 47
0 68 56
240 68 0
0 64 0
0 68 49
0 71 58
360 71 0
0 68 0
0 80 58
0 76 48
120 76 0
0 80 0
0 78 55
0 75 46
360 75 0
0 78 0
0 76 52
0 73 44
120 73 0
0 76 0
0 75 56
0 71 47
80 71 0
0 75 0
0 76 48
0 73 40
80 73 0
0 76 0
0 75 48
0 71 40
80 71 0
0 75 0
0 73 53
0 69 45
360 69 0
0 73 0
0 75 52
0 71 44
120 71 0
0 75 0
0 73 47
0 76 56
360 76 0
0 73 0
0 73 52
0 69 44
120 69 0
0 73 0
0 68 40
0 71 48
720 71 0
0 68 0
480 71 49
0 77 56
240 77 0
0 71 0
0 73 49
0 78 55
360 78 0
0 73 0
0 74 55
0 80 55
60 83 50
60 80 0
0 74 0
0 81 58
0 77 49
20 83 0
340 81 0
0 80 57
120 80 0
0 77 0
0 73 46
0 85 46
0 80 60
240 80 0
0 78 58
360 78 0
0 77 50
120 77 0
0 85 0
0 73 0
0 78 53
360 78 0
0 72 55
0 69 55
120 69 0
0 72 0
0 71 57
0 69 47
240 71 0
0 77 58
360 77 0
0 78 59
120 78 0
0 69 0
0 81 61
360 81 0
0 80 57
120 80 0
0 83 42
0 71 38
0 78 55
240 78 0
0 76 52
360 76 0
0 75 50
114 76 50
6 75 0
234 76 0
6 83 0
120 71 0
0 65 49
0 68 58
120 68 0
0 65 0
0 66 50
0 69 60
240 69 0
0 66 0
0 66 47
0 69 56
360 69 0
0 66 0
0 64 44
0 73 52
120 73 0
0 64 0
0 63 47
0 71 56
360 71 0
0 63 0
0 67 51
0 63 42
120 63 0
0 67 0
0 64 47
0 68 56
240 68 0
0 64 0
0 68 49
0 71 58
360 71 0
0 68 0
0 80 60
0 76 50
120 76 0
0 80 0
0 78 55
0 75 46
360 75 0
0 78 0
0 76 52
0 73 44
120 73 0
0 76 0
0 75 56
0 71 47
80 71 0
0 75 0
0 76 48
0 73 40
80 73 0
0 76 0
0 75 48
0 71 40
80 71 0
0 75 0
0 73 53
0 69 45
360 69 0
0 73 0
0 75 52
0 71 44
120 71 0
0 75 0
0 73 47
0 76 56
360 76 0
0 73 0
0 73 52
0 69 44
120 69 0
0 73 0
0 68 40
0 71 48
720 71 0
0 68 0
480 76 52
0 81 65
240 81 0
0 79 61
360 79 0
0 81 61
120 81 0
0 76 0
0 84 57
6 79 51
354 84 0
0 77 50
120 77 0
0 80 57
0 75 48
6 79 0
234 80 0
0 78 51
360 78 0
0 80 51
120 80 0
0 75 0
0 78 44
0 83 47
360 83 0
0 76 50
120 76 0
0 78 0
0 77 56
0 74 49
240 74 0
0 77 0
0 78 55
0 73 49
360 73 0
0 78 0
0 80 55
0 74 55
120 74 0
0 80 0
0 81 58
0 73 48
480 73 0
0 81 0
0 78 60
0 75 50
240 75 0
0 78 0
0 81 58
0 75 49
360 75 0
0 81 0
0 80 53
0 75 45
120 75 0
0 80 0
0 76 55
0 71 42
480 71 0
0 76 0
0 69 60
0 66 50
240 66 0
0 69 0
0 69 56
0 66 47
360 66 0
0 69 0
0 73 52
0 64 44
120 64 0
0 73 0
0 71 56
0 63 47
360 63 0
0 71 0
0 63 42
0 67 51
120 67 0
0 63 0
0 68 56
0 64 47
240 64 0
0 68 0
0 71 58
0 68 49
360 68 0
0 71 0
0 76 50
0 80 60
120 80 0
0 76 0
0 75 46
0 78 55
360 78 0
0 75 0
0 76 52
0 73 44
120 73 0
0 76 0
0 71 47
0 75 56
80 75 0
0 71 0
0 73 40
0 76 48
80 76 0
0 73 0
0 71 40
0 75 48
80 75 0
0 71 0
0 69 45
0 73 53
360 73 0
0 69 0
0 71 44
0 75 52
120 75 0
0 71 0
0 73 47
0 76 56
360 76 0
0 73 0
0 69 44
0 73 52
120 73 0
0 69 0
0 68 40
0 71 48
720 71 0
0 68 0
480 77 56
0 71 49
240 71 0
0 77 0
0 78 55
0 73 49
360 73 0
0 78 0
0 80 55
0 74 55
60 83 50
60 74 0
0 80 0
0 77 46
0 81 55
20 83 0
340 81 0
0 80 57
120 80 0
0 77 0
0 85 46
0 73 43
0 80 60
240 80 0
0 78 58
360 78 0
0 77 51
120 77 0
0 73 0
0 85 0
0 78 55
360 78 0
0 72 55
0 69 55
120 69 0
0 72 0
0 69 47
0 71 57
240 71 0
0 77 58
360 77 0
0 78 59
120 78 0
0 69 0
0 75 47
0 81 62
360 81 0
0 80 57
120 80 0
0 75 0
0 83 40
0 71 39
0 78 55
240 78 0
0 76 52
360 76 0
0 75 50
114 76 50
6 75 0
234 76 0
6 83 0
120 71 0
0 68 58
0 64 49
120 64 0
0 68 0
0 69 60
0 66 50
240 66 0
0 69 0
0 66 47
0 69 56
360 69 0
0 66 0
0 64 44
0 73 52
120 73 0
0 64 0
0 63 47
0 71 56
360 71 0
0 63 0
0 67 51
0 63 42
120 63 0
0 67 0
0 64 47
0 68 56
240 68 0
0 64 0
0 68 49
0 71 58
360 71 0
0 68 0
0 80 60
0 76 50
120 76 0
0 80 0
0 75 46
0 78 55
360 78 0
0 75 0
0 76 52
0 73 44
120 73 0
0 76 0
0 75 56
0 71 47
80 71 0
0 75 0
0 76 48
0 73 40
80 73 0
0 76 0
0 75 48
0 71 40
80 71 0
0 75 0
0 73 53
0 69 45
360 69 0
0 73 0
0 75 52
0 71 44
120 71 0
0 75 0
0 76 56
0 73 47
360 73 0
0 76 0
0 69 44
0 73 52
120 73 0
0 69 0
0 71 48
0 68 40
720 68 0
0 71 0
480 76 53
0 81 67
240 81 0
0 79 61
360 79 0
0 81 61
120 81 0
0 76 0
0 84 53
6 79 61
354 84 0
0 77 50
120 77 0
0 80 57
0 75 46
6 79 0
234 80 0
0 78 51
360 78 0
0 80 51
120 80 0
0 75 0
0 83 45
0 78 47
360 83 0
0 76 50
120 76 0
0 78 0
0 74 49
0 77 56
240 77 0
0 74 0
0 78 55
0 73 49
360 73 0
0 78 0
0 80 55
0 74 55
120 74 0
0 80 0
0 81 58
0 73 49
480 73 0
0 81 0
0 78 60
0 75 50
240 75 0
0 78 0
0 81 58
0 75 49
360 75 0
0 81 0
0 80 53
0 75 45
120 75 0
0 80 0
0 76 55
0 71 42
480 71 0
0 76 0
240 75 37
0 71 37
0 66 30
0 63 30
480 63 0
0 75 0
0 71 0
0 66 0
0 75 37
0 71 37
0 66 30
0 63 30
480 63 0
0 75 0
0 71 0
0 66 0
240 75 37
0 71 37
0 66 30
0 63 30
480 63 0
0 75 0
0 71 0
0 66 0
0 75 37
0 71 37
0 66 30
0 63 30
480 63 0
0 75 0
0 71 0
0 66 0
240 75 37
0 71 37
0 66 30
0 63 30
480 63 0
0 75 0
0 71 0
0 66 0
0 75 37
0 71 37
0 66 30
0 63 30
480 63 0
0 75 0
0 71 0
0 66 0
240 62 52
360 62 0
0 63 51
120 63 0
0 66 56
360 66 0
0 71 56
120 71 0
0 69 57
0 78 63
240 78 0
0 76 62
360 76 0
0 75 59
60 75 0
0 75 50
30 75 0
0 78 50
30 78 0
0 76 58
360 76 0
0 75 55
120 75 0
0 69 0
0 68 51
0 72 59
240 72 0
0 73 56
360 73 0
0 76 59
120 76 0
0 68 0
0 80 64
360 80 0
0 83 61
120 83 0
0 83 62
0 87 70
240 87 0
0 83 0
0 82 55
0 85 61
360 85 0
0 82 0
0 78 53
0 82 60
120 82 0
0 78 0
0 76 58
0 80 64
360 80 0
0 76 0
0 74 49
0 77 56
120 77 0
0 74 0
0 75 52
0 78 59
1200 78 0
0 75 0
240 78 33
0 74 33
0 71 27
0 66 27
480 66 0
0 78 0
0 74 0
0 71 0
0 78 33
0 74 33
0 71 27
0 66 27
480 66 0
0 78 0
0 74 0
0 71 0
240 78 33
0 74 33
0 71 27
0 66 27
480 66 0
0 78 0
0 74 0
0 71 0
0 78 33
0 74 33
0 71 27
0 66 27
480 66 0
0 78 0
0 74 0
0 71 0
240 78 33
0 74 33
0 71 27
0 68 27
480 68 0
0 78 0
0 74 0
0 71 0
0 81 51
0 76 39
0 73 39
360 81 0
0 79 46
120 79 0
0 73 0
0 76 0
0 74 47
0 78 52
720 78 0
0 74 0
480 72 56
0 78 56
0 81 67
240 81 0
0 78 0
0 72 0
0 71 54
0 76 54
0 80 64
360 80 0
0 76 0
0 71 0
0 73 53
0 76 53
0 79 63
120 79 0
0 76 0
0 73 0
0 74 56
0 78 67
360 78 0
0 74 0
0 78 52
0 83 62
120 83 0
0 78 0
0 71 65
0 77 65
0 83 77
240 83 0
0 77 0
0 71 0
0 71 60
0 76 60
0 83 72
360 83 0
0 76 0
0 71 0
0 71 60
0 73 60
0 83 72
120 83 0
0 73 0
0 71 0
0 71 61
0 74 61
0 83 73
480 83 0
0 74 0
0 71 0
0 67 48
0 71 48
0 73 57
240 73 0
0 71 0
0 67 0
0 67 46
0 71 46
0 73 55
360 73 0
0 71 0
0 67 0
0 67 51
0 71 51
0 74 60
120 74 0
0 71 0
0 67 0
0 67 53
0 71 53
0 76 62
360 76 0
0 79 64
120 79 0
0 71 0
0 67 0
0 70 53
0 74 62
240 74 0
0 70 0
0 70 38
0 73 55
360 73 0
0 70 0
0 70 36
0 74 50
120 74 0
0 70 0
0 66 33
0 71 52
480 71 0
0 66 0
240 75 37
0 71 37
0 66 30
0 63 30
480 63 0
0 75 0
0 71 0
0 66 0
0 75 37
0 71 37
0 66 30
0 63 30
480 63 0
0 75 0
0 71 0
0 66 0
240 75 37
0 71 37
0 66 30
0 63 30
480 63 0
0 75 0
0 71 0
0 66 0
0 75 37
0 71 37
0 66 30
0 63 30
480 63 0
0 75 0
0 71 0
0 66 0
240 75 37
0 71 37
0 66 30
0 63 30
480 63 0
0 75 0
0 71 0
0 66 0
0 75 37
0 71 37
0 66 30
0 63 30
480 63 0
0 75 0
0 71 0
0 66 0
240 62 52
360 62 0
0 63 51
120 63 0
0 66 56
360 66 0
0 71 56
120 71 0
0 69 57
0 78 63
240 78 0
0 76 62
360 76 0
0 75 59
60 75 0
0 75 50
30 75 0
0 78 50
30 78 0
0 76 58
360 76 0
0 75 55
120 75 0
0 69 0
0 68 51
0 72 59
240 72 0
0 73 56
360 73 0
0 76 59
120 76 0
0 68 0
0 80 64
360 80 0
0 83 61
120 83 0
0 83 62
0 87 70
240 87 0
0 83 0
0 82 55
0 85 61
360 85 0
0 82 0
0 78 53
0 82 60
120 82 0
0 78 0
0 76 58
0 80 64
360 80 0
0 76 0
0 74 49
0 77 56
120 77 0
0 74 0
0 75 52
0 78 59
1200 78 0
0 75 0
240 78 33
0 74 33
0 71 27
0 66 27
480 66 0
0 78 0
0 74 0
0 71 0
0 78 33
0 74 33
0 71 27
0 66 27
480 66 0
0 78 0
0 74 0
0 71 0
240 78 33
0 74 33
0 71 27
0 66 27
480 66 0
0 78 0
0 74 0
0 71 0
0 78 33
0 74 33
0 71 27
0 66 27
480 66 0
0 78 0
0 74 0
0 71 0
240 78 33
0 74 33
0 71 27
0 68 27
480 68 0
0 78 0
0 74 0
0 71 0
0 81 51
0 76 39
0 73 39
360 81 0
0 79 46
120 79 0
0 73 0
0 76 0
0 74 47
0 78 52
720 78 0
0 74 0
480 72 56
0 78 56
0 81 67
240 81 0
0 78 0
0 72 0
0 71 54
0 76 54
0 80 64
360 80 0
0 76 0
0 71 0
0 73 53
0 76 53
0 79 63
120 79 0
0 76 0
0 73 0
0 74 56
0 78 67
360 78 0
0 74 0
0 78 52
0 83 62
120 83 0
0 78 0
0 71 65
0 77 65
0 83 77
240 83 0
0 77 0
0 71 0
0 71 60
0 76 60
0 83 72
360 83 0
0 76 0
0 71 0
0 71 60
0 73 60
0 83 72
120 83 0
0 73 0
0 71 0
0 71 61
0 74 61
0 83 73
480 83 0
0 74 0
0 71 0
0 67 48
0 71 48
0 73 57
240 73 0
0 71 0
0 67 0
0 67 46
0 71 46
0 73 55
360 73 0
0 71 0
0 67 0
0 67 51
0 71 51
0 74 60
120 74 0
0 71 0
0 67 0
0 67 53
0 71 53
0 76 62
360 76 0
0 79 64
120 79 0
0 71 0
0 67 0
0 70 53
0 74 62
240 74 0
0 70 0
0 70 38
0 73 55
360 73 0
0 70 0
0 70 36
0 74 50
120 74 0
0 70 0
0 66 33
0 71 52
480 71 0
0 66 0
0 66 50
0 69 60
240 69 0
0 66 0
0 66 47
0 69 56
360 69 0
0 66 0
0 64 44
0 73 52
120 73 0
0 64 0
0 63 47
0 71 56
360 71 0
0 63 0
0 67 51
0 63 42
120 63 0
0 67 0
0 64 47
0 68 56
240 68 0
0 64 0
0 68 49
0 71 58
360 71 0
0 68 0
0 80 58
0 76 48
120 76 0
0 80 0
0 75 46
0 78 55
360 78 0
0 75 0
0 73 44
0 76 52
120 76 0
0 73 0
0 71 47
0 75 56
80 75 0
0 71 0
0 73 40
0 76 48
80 76 0
0 73 0
0 71 40
0 75 48
80 75 0
0 71 0
0 69 45
0 73 53
360 73 0
0 69 0
0 71 44
0 75 52
120 75 0
0 71 0
0 73 47
0 76 56
360 76 0
0 73 0
0 69 44
0 73 52
120 73 0
0 69 0
0 68 40
0 71 48
720 71 0
0 68 0
480 71 49
0 77 56
240 77 0
0 71 0
0 73 49
0 78 55
360 78 0
0 73 0
0 74 55
0 80 55
60 83 50
60 80 0
0 74 0
0 77 49
0 81 58
20 83 0
340 81 0
0 80 57
120 80 0
0 77 0
0 73 46
0 85 46
0 80 60
240 80 0
0 78 58
360 78 0
0 77 50
120 77 0
0 85 0
0 73 0
0 78 53
360 78 0
0 69 55
0 72 55
120 72 0
0 69 0
0 69 47
0 71 57
240 71 0
0 77 58
360 77 0
0 78 59
120 78 0
0 69 0
0 81 61
360 81 0
0 80 57
120 80 0
0 71 38
0 83 42
0 78 55
240 78 0
0 76 52
360 76 0
0 75 50
114 76 50
6 75 0
234 76 0
6 83 0
120 71 0
0 68 58
0 65 49
120 65 0
0 68 0
0 66 50
0 69 60
240 69 0
0 66 0
0 66 47
0 69 56
360 69 0
0 66 0
0 64 44
0 73 52
120 73 0
0 64 0
0 63 47
0 71 56
360 71 0
0 63 0
0 67 51
0 63 42
120 63 0
0 67 0
0 64 47
0 68 56
240 68 0
0 64 0
0 68 49
0 71 58
360 71 0
0 68 0
0 80 60
0 76 50
120 76 0
0 80 0
0 75 46
0 78 55
360 78 0
0 75 0
0 73 44
0 76 52
120 76 0
0 73 0
0 71 47
0 75 56
80 75 0
0 71 0
0 73 40
0 76 48
80 76 0
0 73 0
0 71 40
0 75 48
80 75 0
0 71 0
0 69 45
0 73 53
360 73 0
0 69 0
0 71 44
0 75 52
120 75 0
0 71 0
0 73 47
0 76 56
360 76 0
0 73 0
0 69 44
0 73 52
120 73 0
0 69 0
0 68 40
0 71 48
720 71 0
0 68 0
480 76 54
0 81 65
240 81 0
0 79 61
360 79 0
0 81 61
120 81 0
0 76 0
0 84 57
6 79 51
354 84 0
0 77 50
120 77 0
0 75 48
0 80 57
6 79 0
234 80 0
0 78 51
360 78 0
0 80 51
120 80 0
0 75 0
0 78 44
0 83 47
360 83 0
0 76 50
120 76 0
0 78 0
0 74 49
0 77 56
240 77 0
0 74 0
0 73 49
0 78 55
360 78 0
0 73 0
0 74 55
0 80 55
120 80 0
0 74 0
0 73 48
0 81 58
480 81 0
0 73 0
0 75 50
0 78 60
240 78 0
0 75 0
0 75 49
0 81 58
360 81 0
0 75 0
0 75 45
0 80 53
120 80 0
0 75 0
0 71 42
0 76 55
480 76 0
0 71 0
0 64 42
0 67 51
240 67 0
0 64 0
0 62 39
0 67 47
360 67 0
0 62 0
0 64 37
0 67 44
120 67 0
0 64 0
0 62 39
0 67 47
360 67 0
0 62 0
0 72 43
0 74 43
0 66 35
120 66 0
0 74 0
0 72 0
0 67 52
0 71 52
0 74 64
240 74 0
0 71 0
0 67 0
0 69 48
0 71 48
0 75 58
360 75 0
0 71 0
0 69 0
0 68 46
0 71 46
0 76 55
120 76 0
0 71 0
0 68 0
0 71 48
0 77 48
0 80 58
360 80 0
0 77 0
0 71 0
0 83 58
120 83 0
0 76 63
0 81 71
240 81 0
0 76 0
0 84 65
360 84 0
0 88 69
120 88 0
0 81 71
0 87 74
360 87 0
0 81 0
0 95 73
120 95 0
0 92 81
0 80 81
720 80 0
0 92 0
480 69 57
0 71 68
240 71 0
0 73 62
360 73 0
0 75 66
120 75 0
0 69 0
0 69 59
0 71 70
360 71 0
0 80 65
120 80 0
0 69 0
0 71 57
0 76 68
720 76 0
0 71 0
480 57 51
0 59 61
240 59 0
0 61 55
360 61 0
0 63 59
120 63 0
0 57 0
0 57 53
0 59 63
240 59 0
0 68 56
240 68 0
0 57 0
0 59 58
0 64 58
240 64 0
0 59 0
0 76 74
0 80 74
0 88 87
480 88 0
0 80 0
0 76 0
480 66 50
0 69 60
240 69 0
0 66 0
0 66 47
0 69 56
360 69 0
0 66 0
0 64 44
0 73 52
120 73 0
0 64 0
0 63 47
0 71 56
360 71 0
0 63 0
0 67 51
0 63 42
120 63 0
0 67 0
0 64 47
0 68 56
240 68 0
0 64 0
0 68 49
0 71 58
360 71 0
0 68 0
0 80 58
0 76 48
120 76 0
0 80 0
0 75 46
0 78 55
360 78 0
0 75 0
0 73 44
0 76 52
120 76 0
0 73 0
0 71 47
0 75 56
80 75 0
0 71 0
0 73 40
0 76 48
80 76 0
0 73 0
0 71 40
0 75 48
80 75 0
0 71 0
0 69 45
0 73 53
360 73 0
0 69 0
0 71 44
0 75 52
120 75 0
0 71 0
0 73 47
0 76 56
360 76 0
0 73 0
0 69 44
0 73 52
120 73 0
0 69 0
0 68 40
0 71 48
720 71 0
0 68 0
480 71 49
0 77 56
240 77 0
0 71 0
0 73 49
0 78 55
360 78 0
0 73 0
0 74 55
0 80 55
60 83 50
60 80 0
0 74 0
0 77 49
0 81 58
20 83 0
340 81 0
0 80 57
120 80 0
0 77 0
0 73 46
0 85 46
0 80 60
240 80 0
0 78 58
360 78 0
0 77 50
120 77 0
0 85 0
0 73 0
0 78 53
360 78 0
0 69 55
0 72 55
120 72 0
0 69 0
0 69 47
0 71 57
240 71 0
0 77 58
360 77 0
0 78 59
120 78 0
0 69 0
0 81 61
360 81 0
0 80 57
120 80 0
0 71 38
0 83 42
0 78 55
240 78 0
0 76 52
360 76 0
0 75 50
114 76 50
6 75 0
234 76 0
6 83 0
120 71 0
0 68 58
0 65 49
120 65 0
0 68 0
0 66 50
0 69 60
240 69 0
0 66 0
0 66 47
0 69 56
360 69 0
0 66 0
0 64 44
0 73 52
120 73 0
0 64 0
0 63 47
0 71 56
360 71 0
0 63 0
0 67 51
0 63 42
120 63 0
0 67 0
0 64 47
0 68 56
240 68 0
0 64 0
0 68 49
0 71 58
360 71 0
0 68 0
0 80 60
0 76 50
120 76 0
0 80 0
0 75 46
0 78 55
360 78 0
0 75 0
0 73 44
0 76 52
120 76 0
0 73 0
0 71 47
0 75 56
80 75 0
0 71 0
0 73 40
0 76 48
80 76 0
0 73 0
0 71 40
0 75 48
80 75 0
0 71 0
0 69 45
0 73 53
360 73 0
0 69 0
0 71 44
0 75 52
120 75 0
0 71 0
0 73 47
0 76 56
360 76 0
0 73 0
0 69 44
0 73 52
120 73 0
0 69 0
0 68 40
0 71 48
720 71 0
0 68 0
480 76 53
0 81 65
240 81 0
0 79 61
360 79 0
0 81 61
120 81 0
0 76 0
0 84 57
6 79 51
354 84 0
0 77 50
120 77 0
0 75 48
0 80 57
6 79 0
234 80 0
0 78 51
360 78 0
0 80 51
120 80 0
0 75 0
0 78 44
0 83 47
360 83 0
0 76 50
120 76 0
0 78 0
0 74 49
0 77 56
240 77 0
0 74 0
0 73 49
0 78 55
360 78 0
0 73 0
0 74 55
0 80 55
120 80 0
0 74 0
0 73 48
0 81 58
480 81 0
0 73 0
0 75 50
0 78 60
240 78 0
0 75 0
0 75 49
0 81 58
360 81 0
0 75 0
0 75 45
0 80 53
120 80 0
0 75 0
0 71 42
0 76 55
480 76 0
0 71 0
0 64 42
0 67 51
240 67 0
0 64 0
0 62 39
0 67 47
360 67 0
0 62 0
0 64 37
0 67 44
120 67 0
0 64 0
0 62 39
0 67 47
360 67 0
0 62 0
0 72 43
0 74 43
0 66 35
120 66 0
0 74 0
0 72 0
0 67 52
0 71 52
0 74 64
240 74 0
0 71 0
0 67 0
0 69 48
0 71 48
0 75 58
360 75 0
0 71 0
0 69 0
0 68 46
0 71 46
0 76 55
120 76 0
0 71 0
0 68 0
0 71 48
0 77 48
0 80 58
360 80 0
0 77 0
0 71 0
0 83 58
120 83 0
0 76 68
0 81 71
240 81 0
0 76 0
0 84 65
360 84 0
0 88 69
120 88 0
0 81 71
0 87 74
360 87 0
0 81 0
0 95 73
120 95 0
0 92 81
0 80 81
720 80 0
0 92 0
480 69 57
0 71 68
240 71 0
0 73 62
360 73 0
0 75 66
120 75 0
0 69 0
0 69 59
0 71 70
360 71 0
0 80 65
120 80 0
0 69 0
0 71 57
0 76 68
720 76 0
0 71 0
480 57 51
0 59 61
240 59 0
0 61 55
360 61 0
0 63 59
120 63 0
0 57 0
0 57 53
0 59 63
240 59 0
0 68 56
240 68 0
0 57 0
0 59 58
0 64 58
240 64 0
0 59 0
0 76 77
0 80 77
0 88 91
480 88 0
0 80 0
0 76 0
0 59 44
240 59 0
0 59 40
360 59 0
0 59 41
120 59 0
0 59 44
360 59 0
0 59 40
120 59 0
0 59 44
240 59 0
0 59 40
360 59 0
0 59 40
120 59 0
0 59 44
360 59 0
0 59 38
120 59 0
0 59 44
131 59 0
0 59 40
360 59 0
0 59 40
120 59 0
0 59 44
223 59 0
0 59 40
120 59 0
0 59 44
120 59 0
0 59 40
360 59 0
0 59 40
120 59 0
0 59 44
226 59 0
0 59 40
120 59 0
0 59 44
205 59 0
0 59 40
360 59 0
0 59 40
120 59 0
0 59 44
293 59 0
0 59 44
120 59 0
0 52 39
0 59 50
114 59 0
0 59 48
360 59 0
0 64 49
120 64 0
0 52 0
0 63 49
211 63 0
0 62 45
120 62 0
0 61 48
0 68 48
159 68 0
0 69 51
360 69 0
0 71 50
106 71 0
0 73 46
261 73 0
0 71 48
120 71 0
0 61 0
0 66 39
0 71 50
137 71 0
0 69 49
360 69 0
0 68 46
114 68 0
0 66 0
0 69 48
314 69 0
0 64 46
120 64 0
0 59 37
0 63 49
155 63 0
0 62 49
360 62 0
0 63 49
120 63 0
0 59 0
0 59 37
0 73 46
282 73 0
0 71 48
120 71 0
0 59 0
0 64 34
0 69 46
137 69 0
0 68 45
360 68 0
0 67 41
46 67 0
0 68 37
17 68 0
120 64 0
120 59 44
108 59 0
0 59 40
360 59 0
0 59 40
120 59 0
0 59 44
223 59 0
0 59 40
120 59 0
0 59 44
141 59 0
0 59 40
360 59 0
0 59 40
120 59 0
0 59 44
240 59 0
0 59 40
120 59 0
0 59 44
205 59 0
0 59 40
360 59 0
0 59 40
120 59 0
0 59 44
282 59 0
0 59 44
120 59 0
0 52 50
70 52 0
0 59 48
360 59 0
0 64 51
120 64 0
0 68 54
169 68 0
0 71 55
34 71 0
0 70 49
0 72 59
623 70 0
0 69 55
51 69 0
0 72 0
0 69 41
0 71 49
623 69 0
0 68 46
360 68 0
0 71 0
0 71 48
120 71 0
0 69 51
360 69 0
0 65 55
106 65 0
0 66 44
381 66 0
0 59 39
0 69 50
141 69 0
0 73 55
360 73 0
0 71 42
114 71 0
0 59 0
0 64 36
0 68 47
434 68 0
0 64 0
0 59 44
166 59 0
0 59 40
360 59 0
0 59 40
120 59 0
0 59 44
223 59 0
0 59 40
120 59 0
0 59 44
176 59 0
0 59 40
360 59 0
0 59 40
120 59 0
0 59 44
282 59 0
0 59 40
120 59 0
0 59 44
205 59 0
0 59 40
360 59 0
0 59 40
120 59 0
0 59 44
282 59 0
0 59 44
120 59 0
0 52 39
0 59 50
120 59 0
0 59 48
360 59 0
0 64 49
120 64 0
0 52 0
0 63 49
211 63 0
0 62 45
120 62 0
0 61 48
0 68 48
152 68 0
0 69 51
360 69 0
0 71 50
106 71 0
0 73 46
261 73 0
0 71 48
120 71 0
0 61 0
0 66 39
0 71 50
137 71 0
0 69 49
360 69 0
0 68 44
114 68 0
0 66 0
0 69 48
314 69 0
0 64 46
120 64 0
0 59 39
0 63 49
134 63 0
0 62 49
360 62 0
0 63 49
120 63 0
0 59 0
0 59 39
0 73 49
282 73 0
0 71 48
120 71 0
0 59 0
0 64 34
0 69 46
148 69 0
0 68 45
360 68 0
0 67 41
96 67 0
0 68 37
177 68 0
103 64 0
120 59 44
166 59 0
0 59 40
360 59 0
0 59 40
120 59 0
0 59 44
223 59 0
0 59 40
120 59 0
0 59 44
127 59 0
0 59 40
360 59 0
0 59 40
120 59 0
0 59 44
254 59 0
0 59 40
120 59 0
0 59 44
190 59 0
0 59 40
360 59 0
0 59 40
120 59 0
0 59 44
296 59 0
0 59 44
120 59 0
0 52 50
120 52 0
0 59 48
360 59 0
0 64 50
120 64 0
0 68 54
211 68 0
0 71 55
34 71 0
0 70 49
0 72 59
623 70 0
0 69 55
377 69 0
0 72 0
0 69 41
0 71 49
623 69 0
0 68 46
434 68 0
0 71 0
0 71 48
120 71 0
0 69 51
360 69 0
0 65 55
106 65 0
0 66 46
381 66 0
0 59 39
0 69 50
113 69 0
0 73 56
360 73 0
0 71 42
113 71 0
0 59 0
0 64 36
0 68 47
434 68 0
0 64 0
0 59 48
80 59 0
0 61 42
80 61 0
0 59 42
80 59 0
0 58 44
300 58 0
0 56 44
120 56 0
0 58 48
272 58 0
0 54 41
120 54 0
0 56 48
80 56 0
0 58 42
80 58 0
0 56 42
80 56 0
0 54 44
335 54 0
0 56 44
120 56 0
0 58 48
277 58 0
0 59 41
120 59 0
0 58 48
80 58 0
0 59 42
80 59 0
0 58 42
80 58 0
0 56 44
335 56 0
0 54 44
120 54 0
0 56 48
288 56 0
0 58 41
120 58 0
0 54 48
487 54 0
480 51 46
137 66 48
0 60 48
480 66 0
367 60 0
0 51 0
0 64 46
84 64 0
0 61 40
360 61 0
0 56 49
120 56 0
0 52 46
240 52 0
0 49 51
120 49 0
0 42 53
143 42 0
0 53 48
360 53 0
0 54 49
120 54 0
0 58 52
251 58 0
0 66 49
120 66 0
0 47 53
160 47 0
0 53 45
360 53 0
0 54 39
45 54 0
0 58 37
60 55 46
20 58 0
274 55 0
0 54 42
120 54 0
0 62 42
240 62 0
0 61 39
289 61 0
0 59 39
120 59 0
0 61 42
212 61 0
0 62 37
120 62 0
0 61 42
80 61 0
0 62 38
80 62 0
0 61 38
80 61 0
0 59 39
335 59 0
0 61 39
120 61 0
0 62 42
251 62 0
0 64 37
120 64 0
0 62 42
80 62 0
0 64 38
80 64 0
0 62 38
80 62 0
0 61 39
303 61 0
0 59 39
120 70 27
405 70 0
0 59 0
0 71 48
152 71 0
0 65 39
360 65 0
0 66 38
38 66 0
0 69 35
60 67 44
20 69 0
274 67 0
0 66 38
120 66 0
0 63 53
236 63 0
0 64 50
268 64 0
0 58 50
120 58 0
0 59 53
263 59 0
0 57 50
120 57 0
0 56 54
236 56 0
0 55 50
308 55 0
0 53 55
120 53 0
0 54 51
365 54 0
0 64 45
120 64 0
0 64 48
360 64 0
0 62 47
106 62 0
0 61 49
381 61 0
0 54 42
0 64 50
113 64 0
0 54 0
0 54 40
0 64 48
360 64 0
0 54 0
0 54 33
0 64 39
120 64 0
0 54 0
0 59 28
0 62 44
374 62 0
0 59 0
0 59 48
80 59 0
0 61 42
80 61 0
0 59 42
80 59 0
0 58 44
300 58 0
0 56 44
120 56 0
0 58 48
272 58 0
0 54 41
120 54 0
0 56 48
80 56 0
0 58 42
80 58 0
0 56 42
80 56 0
0 54 44
335 54 0
0 56 44
120 56 0
0 58 48
277 58 0
0 59 41
120 59 0
0 58 48
80 58 0
0 59 42
80 59 0
0 58 42
80 58 0
0 56 44
335 56 0
0 54 44
120 54 0
0 56 48
288 56 0
0 58 41
120 58 0
0 54 48
487 54 0
480 51 46
137 60 48
0 66 48
480 66 0
367 60 0
0 51 0
0 64 46
84 64 0
0 61 40
360 61 0
0 56 49
120 56 0
0 52 46
240 52 0
0 49 51
120 49 0
0 42 53
143 42 0
0 53 48
360 53 0
0 54 49
120 54 0
0 58 52
251 58 0
0 66 49
120 66 0
0 47 53
160 47 0
0 53 45
360 53 0
0 54 39
45 54 0
0 58 37
60 55 46
20 58 0
274 55 0
0 54 42
120 54 0
0 62 42
240 62 0
0 61 39
289 61 0
0 59 39
120 59 0
0 61 42
212 61 0
0 62 37
120 62 0
0 61 42
80 61 0
0 62 38
80 62 0
0 61 38
80 61 0
0 59 39
335 59 0
0 61 39
120 61 0
0 62 42
251 62 0
0 64 37
120 64 0
0 62 42
80 62 0
0 64 38
80 64 0
0 62 38
80 62 0
0 61 39
303 61 0
0 59 39
120 70 27
405 70 0
0 59 0
0 71 48
152 71 0
0 65 39
360 65 0
0 66 38
38 66 0
0 69 35
60 67 44
20 69 0
274 67 0
0 66 38
120 66 0
0 63 53
236 63 0
0 64 50
268 64 0
0 58 50
120 58 0
0 59 53
263 59 0
0 57 50
120 57 0
0 56 54
236 56 0
0 55 50
308 55 0
0 53 55
120 53 0
0 54 51
365 54 0
0 64 45
120 64 0
0 64 48
360 64 0
0 62 47
106 62 0
0 61 49
381 61 0
0 54 42
0 64 50
113 64 0
0 54 0
0 54 40
0 64 48
360 64 0
0 54 0
0 64 39
0 54 33
120 54 0
0 64 0
0 62 44
0 59 28
374 59 0
0 62 0
0 59 44
166 59 0
0 59 40
360 59 0
0 59 40
120 59 0
0 59 44
223 59 0
0 59 40
120 59 0
0 59 44
120 59 0
0 59 40
360 59 0
0 59 40
120 59 0
0 59 44
240 59 0
0 59 40
120 59 0
0 59 44
205 59 0
0 59 40
360 59 0
0 59 40
120 59 0
0 59 44
289 59 0
0 59 44
120 59 0
0 52 37
0 59 50
103 59 0
0 59 48
360 59 0
0 64 49
120 64 0
0 52 0
0 63 49
211 63 0
0 62 45
34 62 0
0 61 48
0 68 48
152 68 0
0 69 51
360 69 0
0 71 50
106 71 0
0 73 46
261 73 0
0 71 48
120 71 0
0 61 0
0 66 39
0 71 50
114 71 0
0 69 49
360 69 0
0 68 46
114 68 0
0 66 0
0 69 48
245 69 0
0 64 46
97 64 0
0 59 37
0 63 49
127 63 0
0 62 49
360 62 0
0 63 49
120 63 0
0 59 0
0 59 37
0 73 46
240 73 0
0 71 48
120 71 0
0 59 0
0 64 34
0 69 46
137 69 0
0 68 45
360 68 0
0 67 41
120 67 0
0 68 37
17 68 0
120 64 0
120 59 44
166 59 0
0 59 40
360 59 0
0 59 40
120 59 0
0 59 44
223 59 0
0 59 40
120 59 0
0 59 44
176 59 0
0 59 40
360 59 0
0 59 40
120 59 0
0 59 44
254 59 0
0 59 40
120 59 0
0 59 44
197 59 0
0 59 40
360 59 0
0 59 40
120 59 0
0 59 44
293 59 0
0 59 44
120 59 0
0 52 50
113 52 0
0 59 48
360 59 0
0 64 51
120 64 0
0 68 54
360 68 0
0 71 55
120 71 0
0 70 49
0 72 59
571 70 0
0 69 55
383 69 0
0 72 0
0 69 41
0 71 49
550 69 0
0 68 46
339 68 0
0 71 0
0 71 48
120 71 0
0 69 51
360 69 0
0 65 55
106 65 0
0 66 44
53 66 0
0 59 39
0 69 50
234 69 0
0 73 55
360 73 0
0 71 42
114 71 0
0 59 0
0 64 36
0 68 47
432 64 0
2 68 0
0 60 37
166 60 0
0 59 34
243 59 0
0 60 34
120 60 0
0 59 37
256 59 0
0 57 41
103 57 0
0 55 50
166 55 0
0 54 45
240 54 0
0 52 44
120 52 0
0 50 48
211 50 0
0 47 47
120 47 0
0 48 55
166 48 0
0 45 52
360 45 0
0 42 55
120 42 0
0 47 60
211 47 0
0 35 59
120 35 0
0 40 70
99 40 0
0 47 64
360 47 0
0 52 62
120 52 0
0 56 70
360 56 0
0 59 64
120 59 0
0 59 45
0 63 53
113 63 0
0 64 50
360 64 0
0 66 48
120 66 0
0 63 53
211 63 0
0 66 51
120 66 0
0 59 0
0 68 52
0 64 52
80 64 0
0 63 51
360 63 0
0 62 47
120 62 0
0 68 0
0 61 49
211 61 0
0 60 51
120 60 0
0 47 40
0 51 47
99 51 0
0 52 45
360 52 0
0 54 43
120 54 0
0 51 47
211 51 0
0 54 42
120 54 0
0 47 0
0 52 45
0 56 45
26 56 0
0 52 0
0 40 50
0 52 59
480 52 0
0 40 0
426 59 44
166 59 0
0 59 40
360 59 0
0 59 40
120 59 0
0 59 44
223 59 0
0 59 40
120 59 0
0 59 44
120 59 0
0 59 40
360 59 0
0 59 40
120 59 0
0 59 44
240 59 0
0 59 40
120 59 0
0 59 44
205 59 0
0 59 40
360 59 0
0 59 40
120 59 0
0 59 44
289 59 0
0 59 44
120 59 0
0 52 39
0 59 50
103 59 0
0 59 48
360 59 0
0 64 49
120 64 0
0 52 0
0 63 49
211 63 0
0 62 45
34 62 0
0 68 48
0 61 48
152 68 0
0 69 51
360 69 0
0 71 50
106 71 0
0 73 46
261 73 0
0 71 48
120 71 0
0 61 0
0 66 39
0 71 50
114 71 0
0 69 49
360 69 0
0 68 46
114 68 0
0 66 0
0 69 48
245 69 0
0 64 46
97 64 0
0 59 37
0 63 49
127 63 0
0 62 49
360 62 0
0 63 49
120 63 0
0 59 0
0 59 37
0 73 46
240 73 0
0 71 48
120 71 0
0 59 0
0 69 46
0 64 34
137 69 0
0 68 45
360 68 0
0 67 41
120 67 0
0 68 37
17 68 0
120 64 0
120 59 44
166 59 0
0 59 40
360 59 0
0 59 40
120 59 0
0 59 44
223 59 0
0 59 40
120 59 0
0 59 44
176 59 0
0 59 40
360 59 0
0 59 40
120 59 0
0 59 44
254 59 0
0 59 40
120 59 0
0 59 44
197 59 0
0 59 40
360 59 0
0 59 40
120 59 0
0 59 44
293 59 0
0 59 44
120 59 0
0 52 50
113 52 0
0 59 48
360 59 0
0 64 51
120 64 0
0 68 54
360 68 0
0 71 55
120 71 0
0 72 59
0 70 49
571 70 0
0 69 55
383 69 0
0 72 0
0 69 41
0 71 49
550 69 0
0 68 46
339 68 0
0 71 0
0 71 48
120 71 0
0 69 51
360 69 0
0 65 55
106 65 0
0 66 44
53 66 0
0 69 50
0 59 39
234 69 0
0 73 55
360 73 0
0 71 42
114 71 0
0 59 0
0 64 36
0 68 47
432 64 0
2 68 0
0 60 37
166 60 0
0 59 34
243 59 0
0 60 34
120 60 0
0 59 37
256 59 0
0 57 41
103 57 0
0 55 50
166 55 0
0 54 45
240 54 0
0 52 44
120 52 0
0 50 48
211 50 0
0 47 47
120 47 0
0 48 55
166 48 0
0 45 52
360 45 0
0 42 55
120 42 0
0 47 60
211 47 0
0 35 59
120 35 0
0 40 70
99 40 0
0 47 64
360 47 0
0 52 62
120 52 0
0 56 70
360 56 0
0 59 64
120 59 0
0 59 45
0 63 53
113 63 0
0 64 50
360 64 0
0 66 48
120 66 0
0 63 53
211 63 0
0 66 51
120 66 0
0 59 0
0 64 52
0 68 52
80 64 0
0 63 51
360 63 0
0 62 47
120 62 0
0 68 0
0 61 49
211 61 0
0 60 51
120 60 0
0 51 47
0 47 40
99 51 0
0 52 45
360 52 0
0 54 43
120 54 0
0 51 47
211 51 0
0 54 42
120 54 0
0 47 0
0 52 45
0 56 45
26 56 0
0 52 0
0 40 52
0 52 61
480 52 0
0 40 0
