2880 69 79
480 69 0
0 65 73
240 65 0
0 62 70
1440 62 0
0 65 72
240 65 0
0 69 77
360 69 0
0 74 78
120 74 0
0 72 77
1320 72 0
0 70 75
120 70 0
0 69 70
720 69 0
600 69 77
120 69 0
0 69 77
480 69 0
120 65 63
36 62 63
4 65 0
24 62 0
0 64 63
28 64 0
0 65 63
28 65 0
0 64 72
240 64 0
0 62 72
240 62 0
720 65 70
240 65 0
0 69 72
240 69 0
0 74 76
360 74 0
0 77 77
120 77 0
0 76 79
1320 76 0
0 74 79
120 74 0
0 69 79
360 69 0
0 69 57
60 69 0
0 71 57
60 71 0
0 72 58
60 72 0
0 71 58
60 71 0
0 72 59
60 72 0
0 71 59
60 71 0
0 72 60
60 72 0
0 71 60
60 71 0
0 72 61
60 72 0
0 71 61
60 71 0
0 72 62
60 72 0
0 71 62
60 71 0
0 72 63
60 72 0
0 71 63
60 71 0
0 72 63
60 72 0
0 71 63
60 71 0
0 69 64
60 69 0
0 71 64
60 71 0
0 72 79
720 72 0
0 70 78
480 70 0
0 69 73
240 69 0
0 67 60
60 67 0
0 69 61
60 69 0
0 67 61
60 67 0
0 69 62
60 69 0
0 67 63
60 67 0
0 69 63
60 69 0
0 67 63
60 67 0
0 69 64
60 69 0
0 67 64
60 67 0
0 69 65
60 69 0
0 65 66
60 65 0
0 67 67
60 67 0
0 69 78
480 69 0
120 65 78
120 65 0
0 60 72
1440 60 0
0 60 72
144 60 0
0 62 61
48 62 0
0 60 62
48 60 0
0 59 63
48 59 0
0 60 63
48 60 0
0 62 63
48 62 0
0 64 64
48 64 0
0 65 64
48 65 0
0 67 65
48 67 0
0 69 66
48 69 0
0 70 66
48 70 0
0 72 67
48 72 0
0 74 68
48 74 0
0 76 69
48 76 0
0 77 69
48 77 0
0 79 70
48 79 0
0 81 71
48 81 0
0 82 71
48 82 0
0 84 72
48 84 0
0 86 72
48 86 0
0 88 72
48 88 0
0 89 73
48 89 0
0 91 74
48 91 0
0 93 75
48 93 0
0 94 75
48 94 0
0 96 76
48 96 0
0 98 77
48 98 0
0 100 77
48 100 0
0 101 90
480 101 0
960 71 64
60 71 0
0 72 64
60 72 0
0 71 64
60 71 0
0 72 64
60 72 0
0 71 64
60 71 0
0 72 64
60 72 0
0 71 65
60 71 0
0 72 65
60 72 0
0 71 65
60 71 0
0 72 65
60 72 0
0 69 65
60 69 0
0 71 65
60 71 0
0 72 77
480 72 0
120 69 77
120 69 0
0 64 76
480 64 0
0 89 87
276 89 0
0 88 74
57 88 0
0 84 73
57 84 0
0 81 72
57 81 0
0 77 72
57 77 0
0 76 72
57 76 0
0 72 72
57 72 0
0 69 71
57 69 0
0 65 70
57 65 0
0 64 70
57 64 0
0 60 69
57 60 0
0 57 68
57 57 0
0 53 68
57 53 0
0 52 85
480 52 0
0 52 64
96 52 0
0 53 65
32 53 0
0 52 66
32 52 0
0 51 67
32 51 0
0 52 67
32 52 0
0 54 68
32 54 0
0 56 68
32 56 0
0 57 68
32 57 0
0 59 69
32 59 0
0 60 69
32 60 0
0 62 70
32 62 0
0 64 70
32 64 0
0 66 71
32 66 0
0 68 71
32 68 0
0 69 72
32 69 0
0 71 72
32 71 0
0 72 72
32 72 0
0 74 72
32 74 0
0 76 73
32 76 0
0 78 74
32 78 0
0 80 74
32 80 0
0 81 75
32 81 0
0 83 75
32 83 0
0 84 76
32 84 0
0 86 76
32 86 0
0 88 77
32 88 0
0 90 77
32 90 0
0 92 78
32 92 0
0 93 85
480 93 0
2400 64 77
480 64 0
0 60 70
240 60 0
0 57 67
1440 57 0
0 60 72
240 60 0
0 64 77
360 64 0
0 69 78
120 69 0
0 67 77
1320 67 0
0 65 75
120 65 0
0 64 70
720 64 0
600 64 77
120 64 0
0 64 77
480 64 0
120 60 63
36 57 63
4 60 0
24 57 0
0 59 63
28 59 0
0 60 63
28 60 0
0 59 72
240 59 0
0 57 72
240 57 0
720 60 70
240 60 0
0 64 72
240 64 0
0 69 76
360 69 0
0 72 77
120 72 0
0 71 79
1320 71 0
0 69 79
120 69 0
0 64 79
360 64 0
0 64 57
60 64 0
0 66 57
60 66 0
0 67 58
60 67 0
0 66 58
60 66 0
0 67 59
60 67 0
0 66 59
60 66 0
0 67 60
60 67 0
0 66 60
60 66 0
0 67 61
60 67 0
0 66 61
60 66 0
0 67 62
60 67 0
0 66 62
60 66 0
0 67 63
60 67 0
0 66 63
60 66 0
0 67 63
60 67 0
0 66 63
60 66 0
0 64 64
60 64 0
0 66 64
60 66 0
0 67 79
720 67 0
0 65 78
480 65 0
0 64 77
240 64 0
0 62 60
60 62 0
0 64 61
60 64 0
0 62 61
60 62 0
0 64 62
60 64 0
0 62 63
60 62 0
0 64 63
60 64 0
0 62 63
60 62 0
0 64 64
60 64 0
0 62 64
60 62 0
0 64 65
60 64 0
0 60 66
60 60 0
0 62 67
60 62 0
0 64 78
480 64 0
120 60 78
120 60 0
0 55 72
1440 55 0
0 55 72
144 55 0
0 57 61
48 57 0
0 55 62
48 55 0
0 54 63
48 54 0
0 55 63
48 55 0
0 57 63
48 57 0
0 59 64
48 59 0
0 60 64
48 60 0
0 62 65
48 62 0
0 64 66
48 64 0
0 65 66
48 65 0
0 67 67
48 67 0
0 69 68
48 69 0
0 71 69
48 71 0
0 72 69
48 72 0
0 74 70
48 74 0
0 76 71
48 76 0
0 77 71
48 77 0
0 79 72
48 79 0
0 81 72
48 81 0
0 83 72
48 83 0
0 84 73
48 84 0
0 86 74
48 86 0
0 88 75
48 88 0
0 89 75
48 89 0
0 91 76
48 91 0
0 93 77
48 93 0
0 95 77
48 95 0
0 96 90
480 96 0
960 66 64
60 66 0
0 67 64
60 67 0
0 66 64
60 66 0
0 67 64
60 67 0
0 66 64
60 66 0
0 67 64
60 67 0
0 66 65
60 66 0
0 67 65
60 67 0
0 66 65
60 66 0
0 67 65
60 67 0
0 64 65
60 64 0
0 66 65
60 66 0
0 67 77
480 67 0
120 64 77
120 64 0
0 59 76
480 59 0
0 84 87
288 84 0
0 83 74
56 83 0
0 79 73
56 79 0
0 76 72
56 76 0
0 72 72
56 72 0
0 71 72
56 71 0
0 67 72
56 67 0
0 64 71
56 64 0
0 60 70
56 60 0
0 59 70
56 59 0
0 55 69
56 55 0
0 52 68
56 52 0
0 48 68
56 48 0
0 47 90
792 47 0
0 48 60
36 48 0
0 51 62
36 51 0
0 54 63
36 54 0
0 57 63
36 57 0
0 60 64
36 60 0
0 63 65
36 63 0
0 66 67
36 66 0
0 69 68
36 69 0
0 72 69
36 72 0
0 75 71
36 75 0
0 78 72
36 78 0
0 81 72
36 81 0
0 84 73
36 84 0
0 87 75
36 87 0
0 90 76
36 90 0
0 93 77
36 93 0
0 96 78
36 96 0
0 99 79
36 99 0
0 100 90
480 100 0
240 67 79
1200 67 0
0 67 78
160 67 0
0 67 72
40 67 0
0 70 72
40 70 0
0 68 80
480 68 0
120 67 78
120 67 0
0 67 77
480 67 0
0 63 80
240 63 0
0 60 78
1440 60 0
0 63 76
240 63 0
0 67 78
360 67 0
0 72 81
120 72 0
0 70 81
480 70 0
0 68 79
240 68 0
0 63 79
960 68 81
36 63 0
324 68 0
0 68 78
120 68 0
0 68 74
120 65 76
120 65 0
0 66 78
120 66 0
0 63 80
120 63 0
0 66 81
120 66 0
0 56 82
120 56 0
0 68 0
0 68 84
480 68 0
0 65 82
240 65 0
0 61 82
1200 61 0
0 65 77
240 65 0
0 68 79
240 68 0
0 73 81
360 73 0
0 77 82
120 77 0
0 75 79
480 75 0
0 73 77
240 73 0
0 68 72
720 68 0
480 65 54
240 65 0
0 68 56
240 68 0
0 73 58
360 73 0
0 77 61
120 77 0
0 75 60
480 75 0
0 73 59
240 73 0
0 69 52
960 69 0
0 69 60
240 69 0
0 69 58
240 69 0
0 69 62
240 69 0
0 65 55
240 65 0
120 67 62
120 67 0
0 69 62
1680 69 0
0 69 62
0 81 62
240 81 0
0 69 0
0 81 64
0 69 64
240 69 0
0 81 0
0 69 67
0 81 67
180 81 0
0 69 0
0 84 60
0 72 60
60 72 0
0 84 0
0 82 66
0 70 66
360 70 0
0 82 0
0 69 72
0 81 72
120 81 0
0 69 0
0 69 68
0 81 68
480 81 0
0 69 0
0 65 66
0 77 66
240 77 0
0 65 0
0 74 66
0 62 66
1160 74 0
20 62 0
20 65 70
0 77 70
240 77 0
0 65 0
0 81 72
0 69 72
240 69 0
0 81 0
0 86 75
0 74 75
360 74 0
0 86 0
0 89 79
0 77 79
120 77 0
0 89 0
0 88 81
0 76 81
480 76 0
0 88 0
0 86 76
0 74 76
240 74 0
0 86 0
0 67 80
0 79 80
240 79 0
0 67 0
0 86 83
0 74 83
360 74 0
0 86 0
0 89 84
0 77 84
120 77 0
0 89 0
0 76 84
0 88 84
480 88 0
0 76 0
0 86 82
0 74 82
240 74 0
0 86 0
0 80 78
0 68 78
240 68 0
0 80 0
0 74 81
0 86 81
240 86 0
0 74 0
0 89 83
0 77 83
240 77 0
0 89 0
0 98 72
0 101 72
80 101 0
0 98 0
0 100 72
0 97 72
80 97 0
0 100 0
0 96 72
0 99 72
80 99 0
0 96 0
0 98 71
0 95 71
80 95 0
0 98 0
0 97 71
0 94 71
80 94 0
0 97 0
0 93 71
0 96 71
80 96 0
0 93 0
0 95 70
0 92 70
80 92 0
0 95 0
0 91 70
0 94 70
80 94 0
0 91 0
0 93 70
0 90 70
80 90 0
0 93 0
0 92 69
0 89 69
80 89 0
0 92 0
0 88 69
0 91 69
80 91 0
0 88 0
0 87 69
0 90 69
80 90 0
0 87 0
0 89 68
0 86 68
80 86 0
0 89 0
0 85 68
0 88 68
80 88 0
0 85 0
0 84 68
0 87 68
80 87 0
0 84 0
0 83 67
0 86 67
80 86 0
0 83 0
0 85 67
0 82 67
80 82 0
0 85 0
0 84 67
0 81 67
80 81 0
0 84 0
0 80 66
0 83 66
80 83 0
0 80 0
0 82 66
0 79 66
80 79 0
0 82 0
0 78 66
0 81 66
80 81 0
0 78 0
0 80 65
0 77 65
80 77 0
0 80 0
0 79 65
0 76 65
80 76 0
0 79 0
0 75 65
0 78 65
80 78 0
0 75 0
0 77 64
0 74 64
80 74 0
0 77 0
0 73 64
0 76 64
80 76 0
0 73 0
0 75 64
0 72 64
80 72 0
0 75 0
0 74 64
0 71 64
80 71 0
0 74 0
0 70 64
0 73 64
80 73 0
0 70 0
0 72 64
0 69 64
80 69 0
0 72 0
0 68 63
0 71 63
80 71 0
0 68 0
0 70 63
0 67 63
80 67 0
0 70 0
0 69 63
0 66 63
80 66 0
0 69 0
0 65 63
0 68 63
80 68 0
0 65 0
0 64 63
0 67 63
80 67 0
0 64 0
0 62 63
0 67 63
80 67 0
0 62 0
0 57 85
480 57 0
120 69 83
120 69 0
0 69 86
960 69 0
0 67 81
360 67 0
0 65 78
120 65 0
0 64 76
120 64 0
0 65 78
100 65 0
0 64 78
100 64 0
0 62 78
100 62 0
0 64 78
100 64 0
0 65 78
100 65 0
0 62 73
100 62 0
0 69 78
0 57 78
240 57 0
0 69 0
240 81 84
0 69 84
120 69 0
0 81 0
120 93 84
0 81 84
960 81 0
0 93 0
0 91 85
0 79 85
360 79 0
0 91 0
0 89 87
0 77 87
120 77 0
0 89 0
0 88 80
0 76 80
120 76 0
0 88 0
0 89 82
0 77 82
100 77 0
0 89 0
0 88 82
0 76 82
100 76 0
0 88 0
0 86 82
0 74 82
100 74 0
0 86 0
0 88 82
0 76 82
100 76 0
0 88 0
0 89 82
0 77 82
100 77 0
0 89 0
40 86 82
0 74 82
60 74 0
0 86 0
0 82 89
0 94 89
240 94 0
0 82 0
0 88 84
0 76 84
240 76 0
0 88 0
0 77 84
0 89 84
240 89 0
0 77 0
0 93 87
0 81 87
240 81 0
0 93 0
0 91 84
0 79 84
240 79 0
0 91 0
0 70 84
0 82 84
240 82 0
0 70 0
0 74 88
0 86 88
240 86 0
0 74 0
0 79 83
0 67 83
240 67 0
0 79 0
0 69 80
0 81 80
240 81 0
0 69 0
0 72 86
0 84 86
240 84 0
0 72 0
0 70 82
0 82 82
240 82 0
0 70 0
120 64 79
0 76 79
120 76 0
0 64 0
0 79 87
0 67 87
240 67 0
0 79 0
0 58 81
0 70 81
240 70 0
0 58 0
0 60 79
0 72 79
240 72 0
0 60 0
0 64 83
0 76 83
240 76 0
0 64 0
0 62 78
0 74 78
240 74 0
0 62 0
0 67 78
0 55 78
240 55 0
0 67 0
0 58 86
0 70 86
720 70 0
0 58 0
0 61 84
0 49 84
720 49 0
0 61 0
0 50 86
0 62 86
480 62 0
0 50 0
960 89 90
0 101 90
480 89 0
120 101 0
0 100 81
40 100 0
0 98 80
40 98 0
0 95 80
40 95 0
0 91 79
40 91 0
0 89 79
40 89 0
0 88 78
40 88 0
0 86 78
40 86 0
0 83 77
40 83 0
0 79 77
40 79 0
0 77 76
40 77 0
0 76 76
40 76 0
0 74 75
40 74 0
0 71 75
40 71 0
0 67 75
40 67 0
0 65 74
40 65 0
0 64 74
40 64 0
0 62 73
40 62 0
0 59 73
40 59 0
0 55 72
40 55 0
0 53 72
40 53 0
0 52 72
40 52 0
0 50 90
960 50 0
480 59 73
0 65 73
0 71 73
720 71 0
0 59 0
0 58 72
0 70 72
720 70 0
0 58 0
0 65 0
0 57 69
0 65 69
0 69 69
480 69 0
0 65 0
0 57 0
960 89 90
0 101 90
480 89 0
120 101 0
0 100 80
40 100 0
0 98 79
40 98 0
0 95 79
40 95 0
0 91 78
40 91 0
0 89 78
40 89 0
0 88 78
40 88 0
0 86 77
40 86 0
0 83 77
40 83 0
0 79 76
40 79 0
0 77 76
40 77 0
0 76 75
40 76 0
0 74 75
40 74 0
0 71 75
40 71 0
0 67 74
40 67 0
0 65 74
40 65 0
0 64 73
40 64 0
0 62 73
40 62 0
0 59 73
40 59 0
0 55 72
40 55 0
0 53 72
40 53 0
0 52 72
40 52 0
0 50 90
960 50 0
480 71 72
0 59 61
0 65 61
130 65 0
0 59 0
0 71 0
14 71 73
0 65 62
0 59 62
130 59 0
0 65 0
0 71 0
14 71 74
0 65 63
0 59 63
130 59 0
0 65 0
0 71 0
14 59 63
0 65 63
0 71 75
130 71 0
0 65 0
0 59 0
14 65 64
0 59 64
0 71 76
130 71 0
0 59 0
0 65 0
14 70 77
0 58 65
0 65 65
130 65 0
0 58 0
0 70 0
14 58 67
0 65 67
0 70 79
130 70 0
0 65 0
0 58 0
14 70 80
0 58 67
0 65 67
130 65 0
0 58 0
0 70 0
14 65 68
0 70 81
0 58 68
130 58 0
0 70 0
0 65 0
14 65 68
0 70 81
0 58 68
130 58 0
0 70 0
0 65 0
104 57 77
30 65 81
60 69 85
60 65 0
0 57 0
30 69 0
450 98 102
0 86 90
720 86 0
0 98 0
0 94 86
60 94 0
0 93 86
60 93 0
0 89 86
60 89 0
0 86 85
60 86 0
0 82 85
60 82 0
0 81 85
60 81 0
0 77 84
60 77 0
0 74 84
60 74 0
0 70 84
60 70 0
0 69 83
60 69 0
0 65 83
60 65 0
0 62 83
60 62 0
0 58 82
60 58 0
0 57 82
60 57 0
0 53 82
60 53 0
0 50 81
60 50 0
0 46 81
60 46 0
0 45 81
60 45 0
0 41 81
60 41 0
0 38 81
60 38 0
0 34 81
60 34 0
0 33 80
60 33 0
0 29 80
60 29 0
0 28 79
60 28 0
0 26 113
1200 26 0
240 26 115
1200 26 0
240 26 113
1200 26 0
0 38 92
120 38 0
0 45 56
120 53 56
120 53 0
0 38 46
120 38 0
0 57 69
120 45 0
120 57 0
0 38 75
120 38 0
0 45 53
120 53 53
120 53 0
0 38 48
120 38 0
0 57 65
120 45 0
120 57 0
0 38 63
120 38 0
0 45 51
120 53 51
120 53 0
0 38 46
120 38 0
0 57 60
120 45 0
120 57 0
0 38 61
120 38 0
0 45 52
120 53 53
120 53 0
0 38 46
120 38 0
0 57 60
120 45 0
120 57 0
0 38 55
120 38 0
0 45 48
120 53 47
120 53 0
0 38 41
120 38 0
0 57 50
120 45 0
120 57 0
0 38 54
120 38 0
0 45 45
120 53 45
120 53 0
0 38 38
120 38 0
0 57 53
120 45 0
120 57 0
0 38 55
120 38 0
0 45 45
120 53 46
120 53 0
0 38 40
120 38 0
0 57 53
120 45 0
120 57 0
0 38 54
120 38 0
0 45 47
120 53 47
120 53 0
0 38 42
120 38 0
0 57 56
120 45 0
120 57 0
0 38 57
64 38 0
0 45 49
120 53 49
120 53 0
0 38 44
120 38 0
0 57 54
120 45 0
120 57 0
0 38 56
120 38 0
0 45 48
120 53 49
120 53 0
0 38 43
120 38 0
0 57 54
120 45 0
120 57 0
0 38 54
56 38 0
0 45 48
120 53 48
120 53 0
0 38 43
120 38 0
0 57 51
120 45 0
120 57 0
0 38 53
120 38 0
0 45 48
120 53 48
120 53 0
0 38 42
120 38 0
0 57 51
120 45 0
120 57 0
0 38 57
120 38 0
0 45 47
120 53 47
120 53 0
0 38 42
120 38 0
0 57 54
120 45 0
120 57 0
0 38 54
120 38 0
0 45 45
120 53 45
120 53 0
0 38 41
120 38 0
0 57 53
120 45 0
120 57 0
0 38 55
120 38 0
0 45 45
120 53 45
120 53 0
0 38 39
120 38 0
0 57 53
120 45 0
120 57 0
0 38 54
120 38 0
0 45 46
120 53 46
120 53 0
0 38 40
120 38 0
0 57 53
120 45 0
120 57 0
0 38 55
114 38 0
0 45 47
106 53 47
120 53 0
0 38 41
120 38 0
0 57 53
120 45 0
120 57 0
0 38 54
120 38 0
0 45 47
120 53 46
120 53 0
0 38 43
120 38 0
0 57 53
120 45 0
120 57 0
0 38 55
120 38 0
0 45 47
120 53 47
120 53 0
0 38 44
120 38 0
0 57 53
120 45 0
120 57 0
0 38 54
77 38 0
0 43 46
120 53 47
120 53 0
0 38 42
120 38 0
0 55 53
120 43 0
120 55 0
0 36 62
14 36 0
0 45 48
120 53 48
120 53 0
0 36 44
120 36 0
0 57 56
120 45 0
120 57 0
0 36 60
49 36 0
0 45 49
120 53 49
120 53 0
0 36 45
120 36 0
0 57 55
120 45 0
120 57 0
0 36 59
78 36 0
0 43 48
120 43 0
0 53 49
120 53 0
0 36 45
120 36 0
0 55 63
240 55 0
0 36 60
120 36 0
0 43 49
120 43 0
0 53 49
120 53 0
0 36 43
120 36 0
0 55 62
240 55 0
0 36 63
120 36 0
0 46 50
120 46 0
0 53 50
120 53 0
0 36 45
120 36 0
0 55 63
240 55 0
0 36 63
120 36 0
0 46 48
120 46 0
0 53 48
120 53 0
0 36 42
120 36 0
0 55 63
240 55 0
0 36 61
71 36 0
0 46 51
120 46 0
0 52 50
120 52 0
0 36 44
120 36 0
0 55 56
240 55 0
0 36 61
120 36 0
0 46 49
120 46 0
0 52 49
120 52 0
0 36 45
120 36 0
0 55 57
240 55 0
0 41 64
28 41 0
0 48 52
120 48 0
0 57 52
120 57 0
0 41 45
120 41 0
0 60 59
240 60 0
0 41 64
120 41 0
0 48 52
120 48 0
0 57 52
120 57 0
0 41 45
120 41 0
0 60 59
240 60 0
0 41 64
74 41 0
0 51 54
120 51 0
0 57 54
120 57 0
0 41 46
120 41 0
0 59 60
240 59 0
0 41 64
63 41 0
0 47 53
120 47 0
0 57 53
120 57 0
0 41 45
120 41 0
0 59 59
240 59 0
0 40 64
57 40 0
0 48 52
120 48 0
0 57 52
120 57 0
0 40 45
120 40 0
0 60 60
240 60 0
0 40 64
120 40 0
0 48 54
120 48 0
0 57 54
120 57 0
0 40 46
120 40 0
0 60 61
240 60 0
0 40 64
86 40 0
0 50 54
120 50 0
0 56 54
120 56 0
0 40 49
120 40 0
0 59 60
240 59 0
0 40 64
120 40 0
0 50 53
120 50 0
0 56 53
120 56 0
0 40 47
120 40 0
0 59 64
240 59 0
0 33 67
35 33 0
0 40 53
120 40 0
0 48 54
120 48 0
0 33 47
120 33 0
0 52 59
240 52 0
0 33 65
120 33 0
0 40 53
120 40 0
0 48 53
120 48 0
0 33 47
120 33 0
0 52 58
240 52 0
0 33 64
120 33 0
0 40 50
120 40 0
0 48 50
120 48 0
0 33 45
120 33 0
0 52 59
240 52 0
0 33 64
120 33 0
0 40 48
120 40 0
0 48 48
120 48 0
0 33 45
120 33 0
0 52 58
240 52 0
0 33 55
120 33 0
0 40 46
120 40 0
0 48 46
120 48 0
0 33 40
120 33 0
0 52 53
240 52 0
0 33 54
120 33 0
0 40 45
120 40 0
0 48 46
120 48 0
0 33 41
120 33 0
0 52 53
240 52 0
0 33 55
120 33 0
0 40 46
120 40 0
0 48 47
120 48 0
0 33 41
120 33 0
0 52 53
240 52 0
0 33 54
120 33 0
0 40 48
120 40 0
0 48 48
120 48 0
0 33 43
120 33 0
0 52 56
240 52 0
0 33 57
64 33 0
0 40 48
120 40 0
0 48 48
120 48 0
0 33 43
120 33 0
0 52 54
240 52 0
0 33 56
120 33 0
0 40 48
120 40 0
0 48 48
120 48 0
0 33 44
120 33 0
0 52 54
240 52 0
0 33 54
56 33 0
0 40 48
120 40 0
0 48 48
120 48 0
0 33 43
120 33 0
0 52 51
240 52 0
0 33 53
120 33 0
0 40 47
120 40 0
0 48 47
120 48 0
0 33 43
120 33 0
0 52 51
240 52 0
0 33 57
66 33 0
0 40 48
120 40 0
0 48 48
120 48 0
0 33 45
120 33 0
0 52 54
240 52 0
0 33 54
109 33 0
0 40 46
120 40 0
0 48 45
107 48 0
0 33 41
120 33 0
0 52 53
240 52 0
0 33 55
120 33 0
0 40 45
120 40 0
0 48 45
120 48 0
0 33 39
120 33 0
0 52 53
240 52 0
0 33 54
120 33 0
0 40 47
120 40 0
0 48 47
120 48 0
0 33 42
120 33 0
0 52 53
240 52 0
0 33 55
64 33 0
0 40 46
120 40 0
0 48 46
120 48 0
0 33 43
120 33 0
0 52 53
240 52 0
0 33 54
120 33 0
0 40 48
120 40 0
0 48 47
120 48 0
0 33 42
120 33 0
0 52 53
240 52 0
0 33 55
120 33 0
0 40 47
120 40 0
0 48 47
120 48 0
0 33 44
120 33 0
0 52 53
240 52 0
0 33 54
77 33 0
0 38 47
120 38 0
0 48 47
120 48 0
0 33 42
120 33 0
0 50 53
240 50 0
0 31 62
14 31 0
0 40 48
120 40 0
0 48 48
120 48 0
0 31 42
120 31 0
0 52 56
240 52 0
0 31 60
120 31 0
0 40 50
120 40 0
0 48 49
120 48 0
0 31 44
120 31 0
0 52 55
240 52 0
0 31 59
78 31 0
0 38 48
120 38 0
0 48 48
120 48 0
0 31 44
120 31 0
0 50 53
240 50 0
0 31 60
81 31 0
0 38 50
120 38 0
0 48 50
120 48 0
0 31 44
120 31 0
0 50 56
240 50 0
0 31 60
35 31 0
0 38 50
120 38 0
0 48 49
120 48 0
0 31 45
120 31 0
0 50 55
240 50 0
0 31 60
120 31 0
0 38 50
120 38 0
0 48 48
120 48 0
0 31 44
120 31 0
0 50 55
240 50 0
0 31 61
79 31 0
0 41 51
120 41 0
0 47 50
120 47 0
0 31 44
120 31 0
0 50 50
240 50 0
0 31 61
120 31 0
0 41 52
120 41 0
0 47 51
120 47 0
0 31 45
120 31 0
0 50 57
240 50 0
0 36 64
42 36 0
0 43 54
120 43 0
0 52 52
120 52 0
0 36 47
120 36 0
0 55 59
240 55 0
0 36 64
120 36 0
0 43 51
120 43 0
0 52 51
120 52 0
0 36 45
120 36 0
0 55 59
240 55 0
0 36 64
49 36 0
0 42 53
120 42 0
0 52 53
120 52 0
0 36 47
120 36 0
0 54 60
240 54 0
0 36 64
120 36 0
0 42 52
120 42 0
0 52 52
120 52 0
0 36 45
120 36 0
0 54 59
240 54 0
0 35 64
71 35 0
0 43 51
120 43 0
0 52 51
120 52 0
0 35 45
120 35 0
0 55 60
240 55 0
0 35 64
120 35 0
0 43 54
120 43 0
0 52 54
120 52 0
0 35 46
120 35 0
0 55 61
240 55 0
0 35 64
74 35 0
0 45 54
120 45 0
0 51 54
120 51 0
0 35 48
120 35 0
0 54 59
240 54 0
0 35 64
120 35 0
0 45 55
120 45 0
0 51 55
120 51 0
0 35 47
120 35 0
0 54 61
240 54 0
0 40 64
17 40 0
0 47 54
120 47 0
0 55 54
120 55 0
0 40 48
120 40 0
0 59 60
240 59 0
0 40 62
120 40 0
0 47 52
120 47 0
0 55 52
120 55 0
0 40 45
120 40 0
0 59 56
240 59 0
0 39 61
74 39 0
0 47 51
120 47 0
0 55 51
120 55 0
0 39 45
120 39 0
0 59 57
240 59 0
0 38 61
49 38 0
0 47 52
120 47 0
0 53 52
120 53 0
0 38 45
120 38 0
0 55 57
240 55 0
0 36 64
17 36 0
0 43 52
120 43 0
0 51 52
120 51 0
0 36 45
120 36 0
0 55 57
240 55 0
0 36 63
120 36 0
0 43 53
120 43 0
0 51 53
120 51 0
0 36 45
120 36 0
0 55 61
240 55 0
0 36 61
120 36 0
0 43 52
120 43 0
0 51 52
120 51 0
0 36 45
120 36 0
0 55 57
240 55 0
0 36 60
120 36 0
0 43 52
120 43 0
0 51 52
120 51 0
0 36 44
120 36 0
0 55 55
240 55 0
0 36 63
51 36 0
0 44 49
120 44 0
0 51 49
120 51 0
0 36 44
120 36 0
0 56 58
240 56 0
0 36 62
120 36 0
0 44 53
120 44 0
0 51 51
120 51 0
0 36 45
120 36 0
0 56 57
240 56 0
0 36 63
120 36 0
0 44 51
120 44 0
0 54 51
120 54 0
0 36 45
120 36 0
0 56 58
240 56 0
0 36 64
120 36 0
0 44 52
120 44 0
0 54 52
120 54 0
0 36 45
120 36 0
0 56 58
240 56 0
0 37 64
69 37 0
0 44 51
120 44 0
0 53 52
120 53 0
0 37 45
120 37 0
0 56 57
240 56 0
0 37 64
120 37 0
0 44 53
120 44 0
0 53 52
120 53 0
0 37 46
120 37 0
0 56 58
240 56 0
0 37 63
120 37 0
0 44 53
120 44 0
0 53 53
120 53 0
0 37 46
120 37 0
0 56 59
240 56 0
0 37 64
120 37 0
0 44 53
120 44 0
0 53 53
120 53 0
0 37 45
120 37 0
0 56 58
240 56 0
0 37 62
120 37 0
0 44 52
120 44 0
0 53 52
120 53 0
0 37 45
120 37 0
0 56 59
240 56 0
0 37 56
120 37 0
0 44 49
120 44 0
0 53 46
120 53 0
0 37 43
120 37 0
0 56 50
240 56 0
0 37 50
120 37 0
0 44 34
120 44 0
0 53 35
120 53 0
0 37 29
120 37 0
0 56 42
240 56 0
0 37 48
120 37 0
0 44 34
120 44 0
0 53 34
120 53 0
0 37 27
120 37 0
0 56 42
240 56 0
0 37 43
17 37 0
0 45 32
120 45 0
0 53 32
120 53 0
0 37 27
120 37 0
0 57 42
240 57 0
0 37 44
120 37 0
0 45 32
120 45 0
0 53 32
120 53 0
0 37 27
120 37 0
0 57 41
240 57 0
0 37 46
120 37 0
0 45 33
120 45 0
0 53 33
120 53 0
0 37 27
120 37 0
0 57 41
240 57 0
0 37 45
120 37 0
0 45 33
120 45 0
0 53 33
120 53 0
0 37 28
120 37 0
0 57 41
240 57 0
0 37 45
51 37 0
0 45 33
120 45 0
0 53 33
120 53 0
0 37 27
120 37 0
0 57 41
240 57 0
0 37 46
120 37 0
0 45 34
120 45 0
0 53 33
120 53 0
0 37 27
120 37 0
0 57 41
240 57 0
0 37 45
120 37 0
0 45 33
120 45 0
0 53 33
120 53 0
0 37 25
120 37 0
0 57 40
240 57 0
0 37 45
120 37 0
0 45 35
120 45 0
0 53 33
120 53 0
0 37 26
120 37 0
0 57 39
240 57 0
0 38 61
109 38 0
0 45 45
71 45 0
0 53 45
120 53 0
0 38 40
120 38 0
0 57 56
240 57 0
0 38 56
120 38 0
0 45 45
120 45 0
0 53 45
120 53 0
0 38 39
120 38 0
0 57 55
240 57 0
0 38 64
120 38 0
0 45 45
120 45 0
0 53 45
120 53 0
0 38 39
120 38 0
0 57 57
240 57 0
0 38 59
120 38 0
0 45 49
120 45 0
0 53 47
120 53 0
0 38 42
120 38 0
0 57 60
240 57 0
0 34 64
104 34 0
0 43 51
113 43 0
0 50 51
120 50 0
0 34 43
120 34 0
0 52 63
240 52 0
0 34 64
120 34 0
0 43 52
120 43 0
0 50 52
120 50 0
0 34 45
120 34 0
0 52 63
240 52 0
0 34 72
51 34 0
0 44 59
120 44 0
0 50 58
120 50 0
0 34 50
120 34 0
0 53 64
240 53 0
0 34 71
120 34 0
0 44 58
120 44 0
0 50 58
120 50 0
0 34 51
120 34 0
0 53 64
240 53 0
0 34 72
120 34 0
0 44 61
120 44 0
0 50 61
120 50 0
0 34 54
120 34 0
0 53 64
240 53 0
0 34 70
120 34 0
0 44 60
120 44 0
0 50 60
120 50 0
0 34 53
120 34 0
0 53 64
240 53 0
0 34 68
120 34 0
0 44 60
120 44 0
0 50 60
120 50 0
0 34 54
120 34 0
0 53 64
240 53 0
0 34 67
120 34 0
0 44 58
120 44 0
0 50 58
120 50 0
0 34 52
120 34 0
0 53 64
240 53 0
0 33 65
113 33 0
0 41 54
78 41 0
0 50 54
120 50 0
0 33 48
120 33 0
0 53 62
240 53 0
0 33 66
120 33 0
0 41 55
120 41 0
0 50 55
120 50 0
0 33 49
120 33 0
0 53 61
240 53 0
0 33 67
120 33 0
0 41 55
120 41 0
0 50 55
120 50 0
0 33 50
120 33 0
0 53 63
240 53 0
0 33 66
120 33 0
0 41 56
120 41 0
0 50 56
120 50 0
0 33 50
120 33 0
0 53 63
240 53 0
0 33 67
118 33 0
0 41 57
120 41 0
0 50 57
120 50 0
0 33 49
120 33 0
0 53 61
240 53 0
0 33 67
120 33 0
0 41 59
120 41 0
0 50 59
120 50 0
0 33 54
120 33 0
0 53 63
240 53 0
0 33 70
120 33 0
0 41 59
120 41 0
0 50 59
120 50 0
0 33 53
120 33 0
0 53 67
240 53 0
0 33 71
120 33 0
0 41 59
120 41 0
0 50 59
120 50 0
0 33 52
120 33 0
0 53 67
240 53 0
0 33 72
116 33 0
0 43 61
120 43 0
0 50 61
120 50 0
0 33 54
120 33 0
0 52 71
240 52 0
0 33 72
120 33 0
0 43 58
120 43 0
0 50 58
120 50 0
0 33 51
120 33 0
0 52 70
240 52 0
0 33 72
35 33 0
0 43 63
120 43 0
0 50 63
120 50 0
0 33 57
120 33 0
0 52 68
240 52 0
0 33 71
21 33 0
0 43 63
120 43 0
0 50 63
120 50 0
0 33 58
120 33 0
0 52 66
240 52 0
0 33 71
28 33 0
0 43 61
120 43 0
0 50 61
120 50 0
0 33 56
120 33 0
0 52 65
240 52 0
0 33 70
42 33 0
0 43 60
120 43 0
0 50 60
120 50 0
0 33 54
120 33 0
0 52 66
240 52 0
0 33 72
56 33 0
0 43 59
120 43 0
0 50 60
120 50 0
0 33 54
120 33 0
0 52 67
240 52 0
0 33 71
106 33 0
0 43 61
106 43 0
0 45 61
120 45 0
0 33 54
120 33 0
0 52 65
240 52 0
0 38 71
56 38 0
0 45 63
120 45 0
0 53 62
120 53 0
0 38 57
120 38 0
0 57 67
240 57 0
0 38 68
120 38 0
0 45 62
120 45 0
0 53 62
120 53 0
0 38 58
120 38 0
0 57 66
240 57 0
0 38 68
80 38 0
0 44 62
120 44 0
0 53 62
120 53 0
0 38 56
120 38 0
0 56 66
240 56 0
0 38 68
120 38 0
0 44 61
120 44 0
0 53 61
120 53 0
0 38 56
120 38 0
0 56 65
240 56 0
0 38 64
21 38 0
0 45 52
120 45 0
0 53 52
120 53 0
0 38 45
120 38 0
0 57 62
240 57 0
0 38 64
120 38 0
0 45 53
120 45 0
0 53 53
120 53 0
0 38 46
120 38 0
0 57 63
240 57 0
0 38 61
29 38 0
0 44 51
120 44 0
0 53 51
120 53 0
0 38 46
120 38 0
0 56 56
240 56 0
0 38 61
51 38 0
0 44 49
120 44 0
0 53 49
120 53 0
0 38 44
120 38 0
0 56 56
240 56 0
0 38 61
35 38 0
0 45 49
120 45 0
0 53 48
120 53 0
0 38 41
120 38 0
0 57 56
240 57 0
0 38 61
120 38 0
0 45 48
120 45 0
0 53 48
120 53 0
0 38 41
120 38 0
0 57 56
240 57 0
0 38 68
83 38 0
0 44 52
120 44 0
0 53 52
120 53 0
0 38 45
120 38 0
0 56 61
240 56 0
0 38 64
120 38 0
0 44 52
120 44 0
0 53 52
120 53 0
0 38 45
120 38 0
0 56 60
240 56 0
0 38 64
21 38 0
0 45 52
120 45 0
0 53 52
120 53 0
0 38 42
120 38 0
0 57 60
240 57 0
0 38 66
120 38 0
0 45 51
120 45 0
0 53 51
120 53 0
0 38 43
120 38 0
0 57 62
240 57 0
0 38 68
53 38 0
0 44 51
120 44 0
0 53 51
120 53 0
0 38 44
120 38 0
0 56 61
240 56 0
0 38 61
60 38 0
0 44 51
120 44 0
0 53 52
120 53 0
0 38 45
120 38 0
0 56 61
240 56 0
0 38 50
21 45 52
30 53 54
176 53 0
0 45 0
240 38 0
240 69 68
0 74 81
0 65 68
0 77 81
720 77 0
0 69 0
0 74 0
0 65 0
