3840 62 77
720 62 0
240 71 77
0 67 69
720 67 0
0 71 0
120 72 66
0 76 74
120 76 0
0 72 0
0 71 73
0 74 82
1440 74 0
0 71 0
360 76 78
0 84 92
120 84 0
0 76 0
0 74 74
0 83 89
1920 83 0
0 74 0
0 79 74
0 71 62
960 71 0
0 79 0
960 67 53
0 69 53
0 73 61
0 78 77
1800 78 0
0 76 67
60 76 0
0 66 55
30 74 60
30 73 0
0 67 0
0 69 0
0 81 69
480 66 0
0 74 0
480 81 0
960 69 55
0 73 55
0 67 55
0 78 69
1800 78 0
0 76 60
60 76 0
0 66 49
30 72 56
30 67 0
0 69 0
0 73 0
0 81 72
480 66 0
0 72 0
480 81 0
1800 81 55
0 84 66
120 84 0
0 81 0
0 76 70
0 72 58
720 72 0
0 76 0
120 72 55
0 74 66
120 74 0
0 72 0
0 62 77
720 62 0
240 71 77
0 67 69
720 67 0
0 71 0
120 72 66
0 76 74
120 76 0
0 72 0
0 71 73
0 74 82
1440 74 0
0 71 0
360 76 81
0 84 96
120 84 0
0 76 0
0 74 74
0 83 89
1920 83 0
0 74 0
0 79 74
0 71 62
960 71 0
0 79 0
960 71 61
0 77 75
960 77 0
0 77 70
840 77 0
0 77 75
120 77 0
0 71 0
0 77 75
0 71 61
720 77 0
0 77 64
60 77 0
0 79 59
60 79 0
0 77 62
120 77 0
0 76 68
840 76 0
0 75 72
60 75 0
0 64 46
20 67 50
20 72 51
20 71 0
0 76 66
3840 76 0
0 72 0
0 67 0
0 64 0
0 64 58
0 67 60
0 72 75
960 72 0
0 72 75
840 72 0
0 72 81
120 72 0
0 67 0
0 64 0
0 64 53
0 67 60
0 72 78
1680 72 0
120 71 75
120 71 0
0 67 0
0 64 0
0 67 56
0 64 53
0 71 74
1920 71 0
0 69 72
1800 69 0
0 71 70
60 71 0
0 57 46
30 62 49
30 64 0
0 67 0
0 67 68
480 57 0
1440 67 0
0 62 0
0 66 74
0 60 49
0 62 62
1800 66 0
0 67 67
120 67 0
0 62 0
0 60 0
0 59 49
0 62 52
0 67 73
1920 67 0
0 62 0
0 59 0
1920 59 46
108 59 0
12 62 40
108 62 0
12 67 41
108 67 0
12 69 34
108 69 0
12 71 41
108 71 0
12 69 39
108 69 0
12 67 39
108 67 0
12 76 46
108 76 0
12 74 46
108 74 0
12 72 40
108 72 0
12 71 36
108 71 0
12 69 37
108 69 0
12 67 42
108 67 0
12 69 36
108 69 0
12 71 40
108 71 0
12 62 36
108 62 0
12 59 46
108 59 0
12 62 40
108 62 0
12 67 41
108 67 0
12 69 34
108 69 0
12 71 41
108 71 0
12 69 39
108 69 0
12 67 39
108 67 0
12 76 46
108 76 0
12 74 46
108 74 0
12 72 40
108 72 0
12 71 36
108 71 0
12 69 37
108 69 0
12 67 42
108 67 0
12 69 36
108 69 0
12 71 40
108 71 0
12 62 36
108 62 0
12 59 46
108 59 0
12 62 40
108 62 0
12 67 41
108 67 0
12 69 34
108 69 0
12 67 41
108 67 0
12 69 39
108 69 0
12 71 39
108 71 0
12 62 46
108 62 0
12 59 46
108 59 0
12 62 40
108 62 0
12 67 36
108 67 0
12 69 37
108 69 0
12 67 42
108 67 0
12 69 36
108 69 0
12 71 40
108 71 0
12 62 36
108 62 0
12 59 46
108 59 0
12 62 40
108 62 0
12 67 41
108 67 0
12 69 34
108 69 0
12 67 41
108 67 0
12 69 38
108 69 0
12 71 37
108 71 0
12 74 42
108 74 0
12 79 42
120 79 0
0 81 38
120 81 0
0 83 40
120 83 0
0 86 34
120 86 0
0 91 39
120 91 0
0 93 38
120 93 0
0 95 37
120 95 0
0 98 37
120 98 0
0 95 50
480 95 0
390 59 34
30 62 37
30 67 40
30 71 44
960 71 0
0 59 0
0 62 0
0 67 0
90 59 33
30 62 35
30 67 37
30 71 39
1740 71 0
0 59 0
0 62 0
0 67 0
1 43 52
119 43 0
0 50 45
120 50 0
0 55 48
120 55 0
0 57 40
120 57 0
0 59 48
120 57 44
20 59 0
100 55 44
20 57 0
100 64 52
20 55 0
100 62 52
13 64 0
71 60 45
20 62 0
100 59 41
20 60 0
100 57 42
20 59 0
100 55 49
20 57 0
100 57 41
20 55 0
100 59 45
20 57 0
100 50 41
20 59 0
100 43 52
9 50 0
49 43 0
0 50 45
120 50 0
0 55 48
120 55 0
0 57 40
120 57 0
0 59 48
120 57 44
20 59 0
100 55 44
20 57 0
100 64 52
20 55 0
100 62 52
4 64 0
42 60 45
20 62 0
100 59 41
20 60 0
100 57 42
20 59 0
100 55 49
20 57 0
100 57 41
20 55 0
100 59 45
20 57 0
100 50 41
20 59 0
100 43 52
9 50 0
42 43 0
0 50 45
120 50 0
0 55 48
120 55 0
0 57 40
120 57 0
0 59 48
120 59 0
0 57 44
120 57 0
0 55 44
120 55 0
0 64 52
120 64 0
0 62 52
71 62 0
0 60 45
120 60 0
0 59 41
120 59 0
0 57 42
120 57 0
0 55 49
120 55 0
0 57 41
120 57 0
0 59 45
120 59 0
0 50 41
120 50 0
0 43 52
42 43 0
0 50 46
120 50 0
0 55 50
120 55 0
0 57 44
120 57 0
0 59 55
120 59 0
0 57 53
120 57 0
0 55 55
120 55 0
0 64 68
120 64 0
0 62 70
42 62 0
0 60 61
120 60 0
0 59 55
120 59 0
0 57 56
120 57 0
0 55 66
120 55 0
0 57 55
120 57 0
0 59 60
120 59 0
0 50 55
120 50 0
0 43 68
49 43 0
0 50 58
120 50 0
0 55 60
120 55 0
0 57 49
120 57 0
0 59 58
120 59 0
0 57 52
120 57 0
0 55 52
120 55 0
0 64 60
120 64 0
0 62 60
71 62 0
0 60 50
120 60 0
0 59 45
120 59 0
0 57 45
120 57 0
0 55 52
120 55 0
0 57 42
120 57 0
0 59 46
120 59 0
0 50 41
120 50 0
0 43 46
14 43 0
0 50 40
120 50 0
0 55 42
120 55 0
0 57 38
120 57 0
0 59 46
120 59 0
0 57 42
120 57 0
0 55 44
120 55 0
0 64 53
120 64 0
0 62 55
105 60 48
20 62 0
100 59 41
20 60 0
100 57 42
20 59 0
100 55 48
20 57 0
100 57 39
20 55 0
100 59 41
20 57 0
100 50 37
20 59 0
100 45 46
20 50 0
63 45 0
0 52 40
120 52 0
0 57 42
120 57 0
0 59 34
120 59 0
0 61 42
120 61 0
0 59 39
120 59 0
0 57 39
120 57 0
0 66 46
120 66 0
0 64 46
53 64 0
0 62 40
120 62 0
0 61 36
120 61 0
0 59 37
120 59 0
0 57 44
120 57 0
0 59 36
120 59 0
0 61 40
120 61 0
0 52 36
120 52 0
0 38 46
32 38 0
0 45 40
120 45 0
0 50 42
120 50 0
0 52 34
120 52 0
0 54 42
114 52 39
20 54 0
100 50 39
20 52 0
100 59 46
20 50 0
100 57 46
20 59 0
100 55 40
20 57 0
100 54 36
20 55 0
100 52 37
20 54 0
100 50 44
20 52 0
100 52 36
20 50 0
100 54 40
20 52 0
100 47 36
20 54 0
100 45 46
20 47 0
63 45 0
0 52 40
120 52 0
0 57 42
120 57 0
0 59 34
120 59 0
0 61 44
120 61 0
0 59 40
120 59 0
0 57 41
120 57 0
0 66 49
120 66 0
0 64 50
60 64 0
0 62 44
120 62 0
0 61 40
120 61 0
0 59 41
120 59 0
0 57 50
120 57 0
0 59 41
120 59 0
0 61 46
120 61 0
0 52 42
120 52 0
0 38 41
60 38 0
0 45 38
120 45 0
0 50 38
120 50 0
0 52 37
120 52 0
0 54 45
105 52 41
20 54 0
100 50 41
20 52 0
100 59 41
20 50 0
100 57 46
20 59 0
100 55 41
20 57 0
100 54 37
20 55 0
100 52 39
20 54 0
100 50 45
20 52 0
100 52 36
20 50 0
100 54 40
20 52 0
100 45 36
20 54 0
100 38 46
20 45 0
71 38 0
0 45 40
120 45 0
0 50 42
120 50 0
0 52 34
120 52 0
0 54 42
120 54 0
0 52 39
120 52 0
0 50 39
120 50 0
0 59 46
120 59 0
0 57 46
38 57 0
0 55 40
120 55 0
0 54 36
120 54 0
0 52 37
120 52 0
0 50 44
120 50 0
0 52 36
120 52 0
0 54 40
120 54 0
0 45 36
120 45 0
0 43 52
21 43 0
0 50 45
120 50 0
0 55 48
120 55 0
0 57 40
120 57 0
0 59 48
120 59 0
0 57 44
120 57 0
0 55 44
120 55 0
0 64 52
120 64 0
0 62 52
71 62 0
0 60 45
120 60 0
0 59 41
120 59 0
0 57 42
120 57 0
0 55 49
120 55 0
0 57 41
120 57 0
0 59 45
120 59 0
0 50 41
120 50 0
0 43 52
42 43 0
0 50 46
120 50 0
0 55 50
120 55 0
0 57 44
120 57 0
0 59 55
120 59 0
0 57 53
120 57 0
0 55 55
120 55 0
0 64 68
120 64 0
0 62 70
42 62 0
0 60 61
120 60 0
0 59 55
120 59 0
0 57 56
120 57 0
0 55 66
120 55 0
0 57 55
120 57 0
0 59 60
120 59 0
0 50 55
120 50 0
0 43 68
49 43 0
0 50 58
120 50 0
0 55 60
120 55 0
0 57 49
120 57 0
0 59 58
120 59 0
0 57 52
120 57 0
0 55 52
120 55 0
0 64 60
120 64 0
0 62 60
35 62 0
0 60 50
120 60 0
0 59 45
120 59 0
0 57 45
120 57 0
0 55 52
120 55 0
0 57 42
120 57 0
0 59 46
120 59 0
0 50 41
120 50 0
0 43 46
35 43 0
0 50 40
120 50 0
0 55 42
120 55 0
0 57 38
120 57 0
0 59 46
120 59 0
0 57 42
120 57 0
0 55 44
120 55 0
0 64 53
120 64 0
0 62 55
105 60 48
20 62 0
100 59 41
20 60 0
100 57 42
20 59 0
100 55 48
20 57 0
100 57 39
20 55 0
100 59 41
20 57 0
100 50 37
20 59 0
100 43 41
20 50 0
63 43 0
0 50 36
120 50 0
0 55 38
120 55 0
0 57 30
120 57 0
0 59 38
120 59 0
0 57 34
120 57 0
0 55 34
120 55 0
0 64 42
120 64 0
0 62 42
49 62 0
0 60 37
120 60 0
0 59 31
120 59 0
0 57 34
120 57 0
0 55 41
120 55 0
0 57 34
120 57 0
0 59 38
120 59 0
0 50 34
120 50 0
0 43 44
63 43 0
0 50 39
120 50 0
0 55 41
120 55 0
0 57 31
120 57 0
0 59 41
120 59 0
0 57 38
120 57 0
0 55 38
85 55 0
0 64 42
120 64 0
0 62 45
66 62 0
0 60 40
120 60 0
0 59 37
120 59 0
0 57 38
120 57 0
0 55 44
120 55 0
0 57 38
120 57 0
0 59 41
120 59 0
0 43 38
120 43 0
0 36 44
29 36 0
0 43 39
120 48 46
20 43 0
100 50 41
20 48 0
100 52 49
8 50 0
100 50 45
20 52 0
100 48 45
20 50 0
100 57 53
20 48 0
100 55 53
20 57 0
100 53 45
20 55 0
100 52 40
20 53 0
100 50 41
20 52 0
100 48 49
20 50 0
100 50 40
20 48 0
100 52 44
20 50 0
100 43 40
20 52 0
100 36 50
20 43 0
74 43 44
20 36 0
100 48 45
20 43 0
100 50 37
20 48 0
100 52 45
9 50 0
100 50 41
20 52 0
100 48 40
20 50 0
100 57 49
20 48 0
100 55 48
20 57 0
100 53 41
20 55 0
100 52 37
20 53 0
100 50 37
20 52 0
100 48 44
20 50 0
100 50 36
20 48 0
100 52 40
20 50 0
100 43 36
20 52 0
100 36 46
20 43 0
63 36 0
0 43 40
120 43 0
0 48 42
120 48 0
0 50 34
120 50 0
0 52 42
120 52 0
0 50 39
120 50 0
0 48 39
120 48 0
0 57 48
120 57 0
0 55 48
45 55 0
0 53 41
120 53 0
0 52 37
120 52 0
0 50 39
120 50 0
0 48 46
120 48 0
0 50 39
120 50 0
0 52 42
120 52 0
0 43 39
120 43 0
0 36 50
63 36 0
0 43 44
120 43 0
0 48 48
120 48 0
0 50 40
120 50 0
0 52 50
120 52 0
0 50 48
120 50 0
0 48 49
120 48 0
0 57 63
120 57 0
0 55 63
23 55 0
0 53 52
120 53 0
0 52 46
120 52 0
0 50 46
120 50 0
0 48 55
120 48 0
0 50 44
120 50 0
0 52 48
120 52 0
0 43 42
120 43 0
0 36 56
64 36 0
0 43 48
120 43 0
0 48 50
120 48 0
0 50 41
120 50 0
0 52 49
110 50 45
20 52 0
100 48 45
20 50 0
100 57 53
20 48 0
100 55 53
20 57 0
100 54 45
20 55 0
100 52 40
20 54 0
100 50 41
20 52 0
100 48 49
20 50 0
100 50 40
20 48 0
100 52 44
20 50 0
100 43 40
20 52 0
100 36 50
20 43 0
63 36 0
0 43 44
120 43 0
0 48 45
120 48 0
0 50 37
120 50 0
0 52 45
106 50 41
20 52 0
100 48 40
20 50 0
100 57 49
20 48 0
100 55 48
20 57 0
100 54 41
20 55 0
100 52 37
20 54 0
100 50 37
20 52 0
100 48 44
20 50 0
100 50 36
20 48 0
100 52 40
20 50 0
100 43 36
20 52 0
100 38 50
20 43 0
49 38 0
0 45 44
120 45 0
0 48 45
120 48 0
0 50 37
120 50 0
0 52 45
120 52 0
0 50 41
120 50 0
0 48 40
120 48 0
0 59 49
120 59 0
0 57 48
106 55 41
20 57 0
100 52 37
20 55 0
100 50 37
20 52 0
100 48 44
20 50 0
100 50 36
20 48 0
100 52 40
20 50 0
100 45 36
20 52 0
100 38 50
20 45 0
74 38 0
0 45 44
120 45 0
0 50 45
120 50 0
0 52 37
120 52 0
0 54 45
109 52 41
20 54 0
100 50 40
20 52 0
100 59 49
20 50 0
100 57 48
20 59 0
100 55 41
20 57 0
100 54 37
20 55 0
100 52 37
20 54 0
100 50 44
20 52 0
100 52 36
20 50 0
100 54 40
20 52 0
100 45 36
20 54 0
100 43 50
20 45 0
56 43 0
0 50 44
120 50 0
0 55 45
120 55 0
0 57 37
120 57 0
0 59 45
106 57 41
20 59 0
100 55 40
20 57 0
100 64 49
20 55 0
100 62 48
20 64 0
100 60 41
20 62 0
100 59 37
20 60 0
100 57 37
20 59 0
100 55 44
20 57 0
100 57 36
20 55 0
100 59 40
20 57 0
100 50 36
20 59 0
100 43 50
20 50 0
63 43 0
0 50 44
120 50 0
0 55 45
120 55 0
0 57 37
120 57 0
0 59 45
120 59 0
0 57 41
120 57 0
0 55 40
120 55 0
0 64 49
120 64 0
0 62 48
60 62 0
0 60 41
120 60 0
0 59 37
120 59 0
0 57 37
120 57 0
0 55 44
120 55 0
0 57 36
120 57 0
0 59 40
120 59 0
0 50 36
120 50 0
0 43 40
98 43 0
12 50 34
108 50 0
12 55 37
108 55 0
12 57 30
108 57 0
12 59 37
108 59 0
12 57 33
108 57 0
12 55 33
108 55 0
12 64 40
108 64 0
12 62 40
108 62 0
12 60 34
108 60 0
12 59 31
108 59 0
12 57 33
108 57 0
12 55 38
108 55 0
12 57 31
108 57 0
12 59 34
108 59 0
12 50 31
108 50 0
12 43 40
108 43 0
12 50 34
108 50 0
12 55 37
108 55 0
12 57 30
108 57 0
12 59 37
108 59 0
12 57 33
108 57 0
12 55 33
108 55 0
12 64 40
108 64 0
12 62 40
108 62 0
12 60 34
108 60 0
12 59 31
108 59 0
12 57 33
108 57 0
12 55 38
108 55 0
12 57 31
108 57 0
12 59 34
108 59 0
12 50 31
108 50 0
12 43 40
108 43 0
12 50 34
108 50 0
12 55 37
108 55 0
12 57 30
108 57 0
12 55 37
108 55 0
12 57 33
108 57 0
12 59 33
108 59 0
12 50 40
108 50 0
12 43 40
108 43 0
12 50 34
108 50 0
12 55 31
108 55 0
12 57 33
108 57 0
12 55 38
108 55 0
12 57 31
108 57 0
12 59 34
108 59 0
12 50 31
108 50 0
12 43 40
65 43 0
12 50 34
108 50 0
12 55 37
108 55 0
12 57 30
108 57 0
12 55 37
108 55 0
12 57 33
108 57 0
12 59 31
108 59 0
12 62 38
108 62 0
12 67 37
120 67 0
0 69 31
120 69 0
0 71 38
120 71 0
0 74 31
120 74 0
0 79 34
120 79 0
0 81 33
120 81 0
0 83 31
120 83 0
0 86 30
120 86 0
0 83 40
293 83 0
25 43 31
30 50 33
30 55 36
1080 55 0
0 50 0
0 43 0
0 43 27
30 50 30
30 55 35
1860 55 0
0 50 0
0 43 0
