2160 64 48
0 69 48
0 76 55
120 76 0
0 69 0
0 64 0
360 69 48
0 76 48
0 81 55
120 81 0
0 76 0
0 69 0
360 69 48
0 74 48
0 81 55
120 81 0
0 74 0
0 69 0
360 68 48
0 76 48
0 80 55
120 80 0
0 76 0
0 68 0
360 69 48
0 76 55
120 76 0
0 69 0
360 72 48
0 76 48
0 84 55
120 84 0
0 76 0
0 72 0
360 84 56
0 77 49
0 72 49
120 72 0
0 77 0
0 84 0
360 71 51
0 77 51
0 83 58
120 83 0
0 77 0
0 71 0
360 81 61
0 77 53
0 69 53
120 69 0
0 77 0
0 81 0
360 88 62
0 81 55
0 76 55
120 76 0
0 81 0
0 88 0
360 74 57
0 81 57
0 86 64
120 86 0
0 81 0
0 74 0
360 88 66
0 80 58
0 76 58
120 76 0
0 80 0
0 88 0
360 84 66
0 76 58
0 72 58
120 72 0
0 76 0
0 84 0
360 80 63
0 76 56
0 68 56
120 68 0
0 76 0
0 80 0
360 81 58
0 76 51
0 69 51
120 69 0
0 76 0
0 81 0
360 84 55
0 76 48
0 72 48
120 72 0
0 76 0
0 84 0
360 71 48
0 76 48
0 83 55
120 83 0
0 76 0
0 71 0
360 69 48
0 76 48
0 81 55
120 81 0
0 76 0
0 69 0
360 64 48
0 71 48
0 76 55
120 76 0
0 71 0
0 64 0
360 69 48
0 76 48
0 81 55
120 81 0
0 76 0
0 69 0
360 76 48
0 71 48
0 83 55
120 83 0
0 71 0
0 76 0
360 69 48
0 76 48
0 81 55
120 81 0
0 76 0
0 69 0
360 76 57
0 71 50
0 64 50
120 64 0
0 71 0
0 76 0
360 69 53
0 76 53
0 81 61
120 81 0
0 76 0
0 69 0
360 83 66
0 76 58
0 71 58
120 71 0
0 76 0
0 83 0
360 84 72
0 76 62
0 72 62
120 72 0
0 76 0
0 84 0
360 67 56
0 71 56
0 79 63
120 79 0
0 71 0
0 67 0
360 78 62
0 71 55
0 69 55
120 69 0
0 71 0
0 78 0
360 76 62
0 71 55
0 68 55
120 68 0
0 71 0
0 76 0
360 78 61
0 72 53
0 69 53
120 69 0
0 72 0
0 78 0
360 71 51
0 79 58
0 77 51
0 67 51
120 67 0
0 71 0
0 79 0
0 77 0
360 74 48
0 80 55
0 76 48
0 68 48
120 68 0
0 74 0
0 80 0
0 76 0
360 69 47
0 72 47
0 76 47
0 81 56
120 81 0
0 69 0
0 72 0
0 76 0
360 69 51
0 76 51
0 81 71
120 76 0
0 69 0
360 69 48
0 74 57
120 74 0
0 69 0
360 81 0
0 68 44
0 76 44
0 80 53
120 80 0
0 76 0
0 68 0
360 69 47
0 76 56
120 76 0
0 69 0
360 72 52
0 76 52
0 84 71
120 76 0
0 72 0
360 77 56
0 72 47
120 72 0
0 77 0
360 84 0
0 71 47
0 77 47
0 83 56
120 77 0
0 71 0
360 83 0
0 81 58
0 77 49
0 69 49
120 69 0
0 77 0
120 81 0
240 88 75
0 81 51
0 76 51
120 76 0
0 81 0
360 88 0
0 74 55
0 81 55
0 86 77
120 81 0
0 74 0
360 86 0
0 88 82
0 80 58
0 76 58
120 76 0
0 80 0
360 88 0
0 84 77
0 76 55
0 72 55
120 72 0
0 76 0
120 84 0
240 83 66
0 76 51
0 71 51
120 71 0
0 76 0
360 83 0
0 81 61
0 76 47
0 69 47
120 69 0
0 76 0
360 76 52
0 72 44
120 72 0
0 76 0
120 81 0
240 71 53
0 76 53
0 83 71
240 76 0
0 71 0
240 83 0
0 69 51
0 76 51
0 81 66
240 76 0
0 69 0
240 81 0
0 64 50
0 71 50
0 76 64
240 71 0
0 64 0
240 76 0
0 69 46
0 76 46
0 81 60
240 81 0
0 76 0
0 69 0
240 76 50
0 71 50
0 83 67
120 76 0
120 71 0
240 83 0
0 69 53
0 76 53
0 81 69
120 76 0
120 69 0
240 81 0
0 76 75
0 71 58
0 64 58
240 64 0
0 71 0
240 76 0
0 69 57
0 76 57
0 81 67
240 81 0
0 76 0
0 69 0
240 83 75
0 76 61
0 71 61
240 71 0
0 76 0
240 83 0
0 84 77
0 76 63
0 72 63
240 72 0
0 76 0
240 84 0
0 67 59
0 71 59
0 79 73
240 71 0
0 67 0
240 79 0
0 78 68
0 71 56
0 69 56
240 69 0
0 71 0
240 78 0
0 76 64
0 71 53
0 67 53
240 67 0
0 71 0
240 72 53
0 69 44
240 69 0
0 72 0
240 71 51
0 67 42
240 67 0
0 71 0
240 72 48
0 69 39
240 69 0
0 72 0
0 76 0
240 83 61
0 76 51
0 71 51
240 71 0
0 76 0
240 83 0
0 84 64
0 76 53
0 72 53
240 72 0
0 76 0
240 84 0
0 67 49
0 71 49
0 79 60
240 71 0
0 67 0
240 79 0
0 78 56
0 71 47
0 69 47
240 69 0
0 71 0
0 78 0
240 76 63
0 71 53
0 67 53
240 67 0
0 71 0
240 71 60
0 67 50
240 67 0
0 71 0
240 76 0
0 77 80
0 71 63
0 68 53
240 68 0
0 71 0
240 71 64
0 68 52
240 68 0
0 71 0
0 77 0
240 69 74
0 72 74
0 81 89
480 81 0
0 72 0
0 69 0
0 68 71
0 71 71
0 80 84
480 80 0
0 71 0
0 68 0
0 67 70
0 70 70
0 79 82
120 79 0
0 70 0
0 67 0
360 64 63
0 70 63
0 72 77
120 72 0
0 70 0
0 64 0
360 67 70
0 70 70
0 79 82
120 79 0
0 70 0
0 67 0
360 64 63
0 70 63
0 72 77
120 72 0
0 70 0
0 64 0
360 67 70
0 70 70
0 79 82
120 79 0
0 70 0
0 67 0
360 69 63
0 77 77
120 77 0
0 69 0
360 65 59
0 68 59
0 77 70
480 77 0
0 68 0
0 65 0
0 64 57
0 67 57
0 76 67
480 76 0
0 67 0
0 64 0
0 63 56
0 66 56
0 75 66
120 75 0
0 66 0
0 63 0
360 60 50
0 66 50
0 68 61
120 68 0
0 66 0
0 60 0
360 66 56
0 68 56
0 75 66
120 75 0
0 68 0
0 66 0
360 60 50
0 66 50
0 68 61
120 68 0
0 66 0
0 60 0
360 66 56
0 68 56
0 75 66
120 75 0
0 68 0
0 66 0
360 68 50
0 65 50
0 73 61
240 65 0
0 68 0
240 73 0
0 63 56
0 68 56
0 72 66
240 68 0
0 63 0
240 72 0
0 61 50
0 68 50
0 70 62
240 68 0
0 61 0
240 70 0
0 60 57
0 68 67
240 60 0
240 68 0
0 68 52
0 66 52
0 75 63
240 66 0
0 68 0
240 75 0
0 65 59
0 68 59
0 73 70
240 68 0
0 65 0
240 73 0
0 61 53
0 68 53
0 70 66
240 68 0
0 61 0
240 70 0
0 68 61
0 65 61
0 73 72
240 65 0
0 68 0
240 73 0
0 68 56
0 63 56
0 72 68
240 63 0
0 68 0
240 72 0
0 66 62
0 68 62
0 75 73
240 68 0
0 66 0
240 75 0
0 65 57
0 68 57
0 73 69
240 68 0
0 65 0
240 73 0
0 68 64
0 63 64
0 72 75
240 63 0
0 68 0
240 72 0
0 72 58
0 66 58
0 77 71
240 66 0
0 72 0
240 77 0
0 66 66
0 72 66
0 75 78
240 72 0
0 66 0
240 75 0
0 63 60
0 66 60
0 72 73
240 66 0
0 63 0
240 72 0
0 70 68
0 66 68
0 75 80
240 66 0
0 70 0
240 75 0
0 70 62
0 65 62
0 74 75
240 65 0
0 70 0
240 74 0
0 68 71
0 74 71
0 80 84
240 74 0
0 68 0
240 80 0
0 67 71
0 74 71
0 79 84
240 74 0
0 67 0
240 79 0
0 64 70
0 70 70
0 72 82
240 72 0
240 70 0
0 64 0
0 65 63
0 68 63
0 77 77
240 77 0
0 68 0
0 65 0
240 68 70
0 74 70
0 80 83
240 80 0
0 74 0
0 68 0
240 67 71
0 74 71
0 79 84
240 79 0
0 74 0
0 67 0
240 64 70
0 70 70
0 72 82
240 72 0
0 70 0
0 64 0
240 65 63
0 68 63
0 77 77
240 77 0
0 68 0
0 65 0
240 67 62
0 72 62
0 79 74
120 79 0
0 72 0
0 67 0
360 68 63
0 72 63
0 80 75
120 80 0
0 72 0
0 68 0
360 63 62
0 67 62
0 75 73
120 75 0
0 67 0
0 63 0
360 65 57
0 67 57
0 74 69
120 74 0
0 67 0
0 65 0
360 63 56
0 67 56
0 72 67
240 67 0
0 63 0
240 65 57
0 68 57
240 68 0
0 65 0
240 63 56
0 67 56
240 67 0
0 63 0
240 65 50
0 68 50
240 68 0
0 65 0
0 72 0
240 67 44
0 72 44
0 79 52
480 79 0
0 72 0
0 67 0
0 68 45
0 72 45
0 80 53
480 80 0
0 72 0
0 68 0
0 63 44
0 67 44
0 75 51
480 75 0
0 67 0
0 63 0
0 65 39
0 67 39
0 74 49
240 67 0
0 65 0
240 74 0
0 63 39
0 67 39
0 72 47
240 67 0
0 63 0
240 65 45
0 68 45
240 68 0
0 65 0
240 63 44
0 67 44
240 67 0
0 63 0
240 65 39
0 68 39
240 68 0
0 65 0
0 72 0
240 67 57
0 72 57
0 79 68
480 79 0
0 72 0
0 67 0
0 68 60
0 72 60
0 80 72
480 80 0
0 72 0
0 68 0
0 72 59
0 77 59
0 84 73
480 84 0
0 77 0
0 72 0
0 74 53
0 79 53
0 83 72
240 83 0
0 79 0
0 74 0
240 82 63
0 70 52
0 76 52
480 76 0
0 70 0
0 82 0
0 68 53
0 72 53
0 80 64
480 80 0
0 72 0
0 68 0
0 67 50
0 75 50
0 79 59
480 79 0
0 75 0
0 67 0
0 65 39
0 67 39
0 71 50
240 67 0
0 65 0
240 71 0
0 64 44
0 67 44
0 72 52
240 67 0
0 64 0
240 72 0
0 65 39
0 68 39
0 73 49
240 68 0
0 65 0
240 73 0
0 67 45
0 64 45
0 72 52
240 64 0
0 67 0
240 72 0
0 68 41
0 65 41
0 74 50
240 65 0
0 68 0
240 74 0
0 64 47
0 67 47
0 72 56
240 67 0
0 64 0
240 72 0
0 65 42
0 68 42
0 73 52
240 68 0
0 65 0
240 73 0
0 67 49
0 64 49
0 72 58
240 64 0
0 67 0
240 72 0
0 68 44
0 65 44
0 74 53
240 65 0
0 68 0
240 74 0
0 64 49
0 67 49
0 72 58
240 67 0
0 64 0
240 72 0
0 65 42
0 68 42
0 74 52
240 68 0
0 65 0
240 74 0
0 67 48
0 64 48
0 72 57
240 64 0
0 67 0
240 72 0
0 68 41
0 65 41
0 73 51
240 65 0
0 68 0
240 73 0
0 64 47
0 67 47
0 72 55
240 67 0
0 64 0
240 72 0
0 65 40
0 68 40
0 74 50
240 68 0
0 65 0
240 74 0
0 69 45
0 66 45
0 75 52
240 66 0
0 69 0
240 75 0
0 68 39
0 64 39
0 76 49
240 64 0
0 68 0
240 76 0
0 64 50
0 69 50
0 76 50
240 69 0
0 64 0
240 76 0
0 81 70
0 69 60
0 76 60
240 76 0
0 69 0
240 74 60
0 69 59
240 69 0
0 74 0
240 81 0
0 68 53
0 76 53
0 80 64
240 80 0
0 76 0
0 68 0
240 64 50
0 69 50
0 76 50
240 76 0
0 69 0
0 64 0
240 84 70
0 69 60
0 76 60
240 76 0
0 69 0
240 77 60
0 72 59
240 72 0
0 77 0
240 84 0
0 71 53
0 83 64
0 77 53
240 77 0
0 71 0
240 83 0
0 81 64
0 69 48
0 77 55
120 77 0
0 69 0
120 81 0
240 88 68
0 81 55
0 76 55
120 76 0
0 81 0
0 88 0
360 74 57
0 81 57
0 86 70
120 86 0
0 81 0
0 74 0
360 88 72
0 80 58
0 76 58
120 76 0
0 80 0
0 88 0
360 84 72
0 76 58
0 72 58
120 72 0
0 76 0
0 84 0
360 80 63
0 76 56
0 68 56
120 68 0
0 76 0
0 80 0
360 81 58
0 76 51
0 69 51
120 69 0
0 76 0
0 81 0
360 84 55
0 76 48
0 72 48
120 72 0
0 76 0
0 84 0
360 71 48
0 76 48
0 83 55
120 83 0
0 76 0
0 71 0
360 69 48
0 76 48
0 81 55
120 81 0
0 76 0
0 69 0
360 64 48
0 71 48
0 76 55
120 76 0
0 71 0
0 64 0
360 69 48
0 76 48
0 81 55
120 81 0
0 76 0
0 69 0
360 76 48
0 71 48
0 83 55
120 83 0
0 71 0
0 76 0
360 69 48
0 76 48
0 81 55
120 81 0
0 76 0
0 69 0
360 76 57
0 71 50
0 64 50
120 64 0
0 71 0
0 76 0
360 69 53
0 76 53
0 81 61
120 81 0
0 76 0
0 69 0
360 83 66
0 76 58
0 71 58
120 71 0
0 76 0
0 83 0
360 84 72
0 76 62
0 72 62
120 72 0
0 76 0
0 84 0
360 67 56
0 71 56
0 79 63
120 79 0
0 71 0
0 67 0
360 78 62
0 71 55
0 69 55
120 69 0
0 71 0
0 78 0
360 76 62
0 71 55
0 68 55
120 68 0
0 71 0
0 76 0
360 78 61
0 72 53
0 69 53
120 69 0
0 72 0
0 78 0
360 71 51
0 79 58
0 77 51
0 67 51
120 67 0
0 71 0
0 79 0
0 77 0
360 74 48
0 80 55
0 76 48
0 68 48
120 68 0
0 74 0
0 80 0
0 76 0
360 69 47
0 72 47
0 76 47
0 81 56
120 81 0
0 69 0
0 72 0
0 76 0
360 69 51
0 76 51
0 81 71
120 76 0
0 69 0
360 69 48
0 74 57
120 74 0
0 69 0
360 81 0
0 68 44
0 76 44
0 80 53
120 76 0
0 68 0
360 80 0
0 81 58
0 69 47
0 76 56
120 76 0
0 69 0
360 81 0
0 72 52
0 76 52
0 84 71
120 76 0
0 72 0
360 77 56
0 72 47
120 72 0
0 77 0
360 84 0
0 71 47
0 77 47
0 83 56
120 77 0
0 71 0
360 83 0
0 81 58
0 77 49
0 69 49
120 69 0
0 77 0
360 81 0
0 88 73
0 81 51
0 76 51
120 76 0
0 81 0
360 88 0
0 74 55
0 81 55
0 86 70
120 81 0
0 74 0
360 86 0
0 88 82
0 80 58
0 76 58
120 76 0
0 80 0
360 88 0
0 84 70
0 76 55
0 72 55
240 72 0
0 76 0
0 84 0
240 83 66
0 76 51
0 71 51
240 71 0
0 76 0
240 83 0
0 81 61
0 76 47
0 69 47
240 69 0
0 76 0
240 76 52
0 72 44
240 72 0
0 76 0
0 81 0
240 71 53
0 76 53
0 83 69
240 76 0
0 71 0
240 83 0
0 69 51
0 76 51
0 81 66
240 76 0
0 69 0
240 81 0
0 64 50
0 71 50
0 76 64
240 71 0
0 64 0
240 76 0
0 69 46
0 76 46
0 81 60
240 76 0
0 69 0
240 81 0
0 76 50
0 71 50
0 83 64
240 71 0
0 76 0
240 83 0
0 69 53
0 76 53
0 81 69
240 76 0
0 69 0
240 81 0
0 76 75
0 71 58
0 64 58
240 64 0
0 71 0
240 76 0
0 67 57
0 70 57
0 79 67
240 79 0
0 70 0
0 67 0
240 78 75
0 70 61
0 66 61
240 66 0
0 70 0
0 78 0
240 77 77
0 70 63
0 65 63
240 65 0
0 70 0
0 77 0
240 65 59
0 70 59
0 74 73
240 74 0
0 70 0
0 65 0
240 71 63
0 68 52
0 62 52
240 62 0
0 68 0
0 71 0
240 69 61
0 60 50
240 60 0
240 65 50
0 62 41
240 62 0
0 65 0
240 64 48
0 60 40
240 60 0
0 64 0
240 65 45
0 62 37
240 62 0
0 65 0
0 69 0
240 64 38
0 60 38
480 60 0
0 64 0
0 76 51
0 69 42
0 64 42
480 64 0
0 69 0
0 76 0
0 65 39
0 70 39
0 74 50
240 70 0
0 65 0
240 74 0
0 71 44
0 68 37
0 62 37
480 62 0
0 68 0
0 71 0
0 69 50
0 60 42
240 60 0
240 65 45
0 62 37
240 62 0
0 65 0
240 64 47
0 60 40
240 60 0
0 64 0
240 65 48
0 62 39
240 62 0
0 65 0
240 60 41
0 64 50
240 64 0
0 60 0
240 69 0
0 64 63
0 69 63
0 76 75
240 69 0
0 64 0
240 76 0
0 69 62
0 75 62
0 81 73
240 75 0
0 69 0
240 81 0
0 68 57
0 76 57
0 80 69
240 76 0
0 68 0
240 80 0
0 67 62
0 73 62
0 79 73
240 73 0
0 67 0
240 79 0
0 66 57
0 74 57
0 78 69
240 74 0
0 66 0
240 78 0
0 65 52
0 70 52
0 77 62
240 70 0
0 65 0
240 77 0
0 71 44
0 68 37
0 62 37
480 62 0
0 68 0
0 71 0
0 64 42
0 69 50
0 60 42
240 60 0
0 64 0
240 65 48
0 62 39
240 62 0
0 69 0
240 74 47
0 70 40
240 65 0
240 70 0
0 74 0
0 62 35
0 71 42
0 68 35
480 68 0
0 71 0
0 62 0
0 60 37
0 69 45
480 69 0
0 60 0
0 64 50
0 69 50
0 76 60
480 76 0
0 69 0
0 64 0
0 65 49
0 70 49
0 74 58
480 74 0
0 70 0
0 65 0
0 62 45
0 68 55
480 68 0
0 62 0
0 69 47
0 60 40
240 60 0
240 65 45
0 62 37
240 62 0
0 65 0
240 69 0
0 72 46
0 64 46
0 60 39
240 60 0
0 64 0
240 72 0
0 70 42
0 65 38
0 62 37
240 62 0
0 65 0
240 70 0
0 64 37
0 69 42
0 60 37
240 60 0
0 64 0
240 65 40
0 62 33
240 62 0
0 65 0
240 69 0
0 72 41
0 64 41
0 60 35
240 60 0
0 64 0
240 72 0
0 70 38
0 65 35
0 62 34
240 62 0
0 65 0
0 70 0
480 62 35
120 65 40
120 70 49
2160 70 0
0 74 41
480 74 0
0 73 41
480 73 0
0 65 0
0 62 0
360 61 35
120 64 35
120 69 41
1320 69 0
0 64 0
0 61 0
1440 52 55
480 52 0
0 45 55
120 45 0
120 60 38
0 52 31
120 52 0
0 60 0
120 48 55
120 48 0
120 64 38
0 57 31
120 57 0
0 64 0
120 47 55
120 47 0
120 62 38
0 53 31
120 53 0
0 62 0
120 52 55
120 52 0
120 64 38
0 59 31
120 59 0
0 64 0
120 48 55
120 48 0
120 64 38
0 57 31
120 57 0
0 64 0
120 45 55
120 45 0
120 64 38
0 57 31
120 57 0
0 64 0
120 50 56
120 50 0
120 65 39
0 57 33
120 57 0
0 65 0
120 50 58
120 50 0
120 65 41
0 56 35
120 56 0
0 65 0
120 48 60
120 48 0
120 65 41
0 57 35
120 57 0
0 65 0
120 48 61
120 48 0
120 64 44
0 57 37
120 57 0
0 64 0
120 47 63
120 47 0
120 62 45
0 53 37
120 53 0
0 62 0
120 40 66
120 40 0
120 62 46
0 59 38
0 52 38
120 52 0
0 59 0
0 62 0
120 45 68
120 45 0
120 60 46
0 52 38
120 52 0
0 60 0
120 47 66
120 47 0
120 62 44
0 52 37
120 52 0
0 62 0
120 48 61
120 48 0
120 64 41
0 52 35
120 52 0
0 64 0
120 45 58
120 45 0
120 60 38
0 52 31
120 52 0
0 60 0
120 40 55
120 40 0
120 62 38
0 52 31
120 52 0
0 62 0
120 45 55
120 45 0
120 60 38
0 52 31
120 52 0
0 60 0
120 47 55
120 47 0
120 52 31
0 62 38
0 56 31
120 56 0
0 62 0
0 52 0
120 45 55
120 45 0
120 52 31
0 60 38
0 57 31
120 57 0
0 60 0
0 52 0
120 40 55
120 40 0
120 52 31
0 62 38
0 56 31
120 56 0
0 62 0
0 52 0
120 45 55
120 45 0
120 52 31
0 60 38
0 57 31
120 57 0
0 60 0
0 52 0
120 47 56
120 47 0
120 52 35
0 62 41
0 56 35
120 56 0
0 62 0
0 52 0
120 45 60
120 45 0
120 57 38
0 60 46
0 52 38
120 52 0
0 60 0
0 57 0
120 43 64
120 43 0
120 64 46
0 55 38
120 55 0
0 64 0
120 45 68
120 45 0
120 64 44
0 57 37
120 57 0
0 64 0
120 47 63
120 47 0
120 64 45
0 59 37
120 59 0
0 64 0
120 47 62
120 47 0
120 63 44
0 59 37
120 59 0
0 63 0
120 52 61
120 52 0
120 64 44
0 59 37
120 59 0
0 64 0
120 51 60
120 51 0
120 66 44
0 60 37
120 60 0
0 66 0
120 50 61
120 50 0
120 65 41
0 59 35
120 59 0
0 65 0
120 40 58
120 40 0
120 64 38
0 59 31
120 59 0
0 64 0
120 45 55
120 45 0
120 64 38
0 57 31
120 57 0
0 64 0
120 48 55
120 48 0
120 64 38
0 57 31
120 57 0
0 64 0
120 47 55
120 47 0
120 62 38
0 53 31
120 53 0
0 62 0
120 52 55
120 52 0
120 64 38
0 59 31
120 59 0
0 64 0
120 48 55
120 48 0
120 64 38
0 57 31
120 57 0
0 64 0
120 45 55
120 45 0
120 64 38
0 57 31
120 57 0
0 64 0
120 50 56
120 50 0
120 65 39
0 57 33
120 57 0
0 65 0
120 50 58
120 50 0
120 65 41
0 56 35
120 56 0
0 65 0
120 48 60
120 48 0
120 65 41
0 57 35
120 57 0
0 65 0
120 48 61
120 48 0
120 64 44
0 57 37
120 57 0
0 64 0
120 47 63
120 47 0
120 62 45
0 53 37
120 53 0
0 62 0
120 40 66
120 40 0
120 62 46
0 59 38
0 52 38
120 52 0
0 59 0
0 62 0
120 45 68
120 45 0
120 60 46
0 52 38
120 52 0
0 60 0
120 47 66
120 47 0
120 56 37
0 62 44
0 52 37
120 52 0
0 62 0
0 56 0
120 48 61
120 48 0
120 57 35
0 64 41
0 52 35
120 52 0
0 64 0
0 57 0
120 45 58
120 45 0
120 60 38
0 52 31
120 52 0
0 60 0
120 40 55
120 40 0
120 62 38
0 52 31
120 52 0
0 62 0
120 45 55
120 45 0
120 60 38
0 52 31
120 52 0
0 60 0
120 47 55
120 47 0
120 52 31
0 62 38
0 56 31
120 56 0
0 62 0
0 52 0
120 45 55
120 45 0
120 52 31
0 60 38
0 57 31
120 57 0
0 60 0
0 52 0
120 40 55
120 40 0
120 52 31
0 62 38
0 56 31
120 56 0
0 62 0
0 52 0
120 45 55
120 45 0
120 52 31
0 60 38
0 57 31
120 57 0
0 60 0
0 52 0
120 47 56
120 47 0
120 52 35
0 62 41
0 56 35
120 56 0
0 62 0
0 52 0
120 45 60
120 45 0
120 57 38
0 60 46
0 52 38
120 52 0
0 60 0
0 57 0
120 43 64
120 43 0
120 64 46
0 55 38
120 55 0
0 64 0
120 45 68
120 45 0
120 64 44
0 57 37
120 57 0
0 64 0
120 47 63
120 47 0
120 64 45
0 59 37
120 59 0
0 64 0
120 47 62
120 47 0
120 63 44
0 59 37
120 59 0
0 63 0
120 52 61
120 52 0
120 64 44
0 59 37
120 59 0
0 64 0
120 45 60
120 45 0
120 64 44
0 57 37
120 57 0
0 64 0
120 52 61
120 52 0
120 64 41
0 59 35
120 59 0
0 64 0
120 45 58
120 45 0
120 64 38
0 57 31
120 57 0
0 64 0
120 43 55
120 43 0
120 64 38
0 55 31
120 55 0
0 64 0
120 45 57
120 45 0
120 64 37
0 57 30
120 57 0
0 64 0
120 47 53
120 47 0
120 64 37
0 59 30
120 59 0
0 64 0
120 47 52
120 47 0
120 63 37
0 59 30
120 59 0
0 63 0
120 52 59
120 52 0
120 55 36
0 64 45
0 59 36
120 59 0
0 64 0
0 55 0
120 51 63
120 51 0
120 59 40
0 64 50
0 55 40
120 55 0
0 64 0
0 59 0
120 50 72
120 50 0
120 56 44
0 65 51
0 59 44
120 59 0
0 65 0
0 56 0
120 49 77
120 49 0
120 56 42
0 65 51
0 59 42
120 59 0
0 65 0
0 56 0
120 48 77
74 48 0
120 65 53
0 57 44
120 57 0
0 65 0
120 48 77
120 48 0
120 65 53
0 56 44
40 56 0
0 65 0
120 48 77
120 48 0
120 55 44
0 64 53
105 64 0
0 55 0
120 48 77
120 48 0
120 55 44
0 60 53
120 60 0
0 55 0
120 48 77
120 48 0
120 55 44
0 64 53
120 64 0
0 55 0
120 48 77
120 48 0
120 55 44
0 60 53
120 60 0
0 55 0
120 48 77
120 48 0
120 55 44
0 64 53
120 64 0
0 55 0
120 53 77
120 53 0
120 57 44
0 65 53
120 65 0
0 57 0
0 44 61
120 44 0
120 61 42
0 53 35
120 53 0
0 61 0
120 44 61
120 44 0
120 61 42
0 52 35
40 52 0
0 61 0
120 44 61
120 44 0
120 51 35
0 60 42
112 60 0
0 51 0
120 44 61
120 44 0
120 51 35
0 56 42
120 56 0
0 51 0
120 44 61
120 44 0
120 51 35
0 60 42
120 60 0
0 51 0
120 44 61
120 44 0
120 51 35
0 56 42
120 56 0
0 51 0
120 44 61
120 44 0
120 51 35
0 60 42
120 60 0
0 51 0
120 44 61
120 44 0
120 53 35
0 61 42
120 61 0
0 53 0
120 44 61
120 44 0
120 51 35
0 60 42
120 60 0
0 51 0
120 44 61
120 44 0
120 49 35
0 58 42
120 58 0
0 49 0
120 44 62
120 44 0
120 48 35
0 56 44
120 56 0
0 48 0
120 44 63
120 44 0
120 54 36
0 63 44
120 63 0
0 54 0
120 44 64
120 44 0
120 53 37
0 61 45
120 61 0
0 53 0
120 44 64
120 44 0
120 49 37
0 58 46
120 58 0
0 49 0
120 44 67
120 44 0
120 53 38
0 61 46
120 61 0
0 53 0
120 44 67
120 44 0
120 51 38
0 60 47
120 60 0
0 51 0
120 44 68
120 44 0
120 54 39
0 63 48
120 63 0
0 54 0
120 44 69
120 44 0
120 53 39
0 61 48
120 61 0
0 53 0
120 44 70
120 44 0
120 51 40
0 60 49
120 60 0
0 51 0
120 45 71
63 45 0
120 54 40
0 65 49
120 65 0
0 54 0
120 44 72
120 44 0
120 54 41
0 63 50
109 63 0
0 54 0
120 44 73
120 44 0
120 54 41
0 60 51
120 60 0
0 54 0
120 46 73
120 46 0
120 54 42
0 63 51
120 63 0
0 54 0
120 46 74
120 46 0
120 53 42
0 62 52
120 62 0
0 53 0
120 47 77
120 47 0
120 65 53
0 56 44
120 56 0
0 65 0
120 47 77
120 47 0
120 65 53
0 55 44
120 55 0
0 65 0
120 48 77
120 48 0
120 55 44
0 60 53
120 60 0
0 55 0
120 41 77
120 41 0
120 53 44
0 60 53
120 60 0
0 53 0
120 47 77
120 47 0
120 65 53
0 56 44
120 56 0
0 65 0
120 47 77
120 47 0
120 65 53
0 55 44
120 55 0
0 65 0
120 48 77
120 48 0
120 55 44
0 60 53
120 60 0
0 55 0
120 41 77
120 41 0
120 53 44
0 60 53
120 60 0
0 53 0
120 39 69
120 39 0
120 60 48
0 51 39
120 51 0
0 60 0
120 41 69
120 41 0
120 60 48
0 53 39
120 53 0
0 60 0
120 43 69
120 43 0
120 55 39
0 60 48
120 60 0
0 55 0
120 43 69
120 43 0
120 55 39
0 59 48
120 59 0
0 55 0
120 48 61
120 48 0
120 60 42
0 55 35
120 55 0
0 60 0
120 41 61
120 41 0
120 60 42
0 53 35
120 53 0
0 60 0
120 48 61
120 48 0
120 55 35
0 60 42
120 60 0
0 55 0
120 41 61
120 41 0
120 53 35
0 60 42
120 60 0
0 53 0
120 39 55
120 39 0
0 60 34
0 51 27
120 51 0
0 60 0
120 41 49
120 41 0
120 53 27
0 60 34
46 60 0
0 53 0
120 43 49
120 43 0
120 60 34
0 55 27
11 55 0
0 60 0
120 43 49
120 43 0
120 59 34
0 55 27
106 55 0
0 59 0
97 48 42
120 48 0
0 60 29
0 55 24
49 55 0
0 60 0
120 41 39
120 41 0
0 60 34
0 53 27
120 53 0
0 60 0
120 48 41
120 48 0
120 55 27
0 60 34
120 60 0
0 55 0
120 41 42
120 41 0
120 53 27
0 60 34
120 60 0
0 53 0
120 39 58
69 39 0
120 60 44
0 51 35
29 51 0
0 60 0
120 41 64
120 41 0
120 60 46
0 53 36
11 53 0
0 60 0
120 44 68
120 44 0
120 60 37
0 56 37
0 65 47
11 65 0
0 56 0
0 60 0
120 43 70
120 43 0
120 62 39
0 55 39
0 67 49
23 67 0
0 55 0
0 62 0
0 48 71
28 48 0
120 67 42
0 60 34
120 60 0
0 67 0
120 53 60
120 53 0
120 65 40
0 60 33
40 60 0
0 65 0
120 55 57
120 55 0
120 60 30
0 63 38
23 63 0
0 60 0
120 43 55
120 43 0
120 55 27
0 62 35
108 62 0
0 55 0
120 48 49
120 48 0
120 55 27
0 60 34
120 60 0
0 55 0
120 47 49
120 47 0
120 56 27
0 61 34
120 61 0
0 56 0
120 48 49
120 48 0
120 55 27
0 60 35
120 60 0
0 55 0
120 47 50
120 47 0
120 56 28
0 62 35
120 62 0
0 56 0
120 48 51
120 48 0
120 55 29
0 60 35
120 60 0
0 55 0
120 47 51
120 47 0
120 56 29
0 61 36
120 61 0
0 56 0
120 48 52
120 48 0
120 55 29
0 60 36
120 60 0
0 55 0
120 47 52
120 47 0
120 56 29
0 62 37
120 62 0
0 56 0
120 48 53
120 48 0
120 55 29
0 60 37
120 60 0
0 55 0
120 47 52
120 47 0
120 56 29
0 62 36
120 62 0
0 56 0
120 48 52
120 48 0
120 55 29
0 60 36
120 60 0
0 55 0
120 47 51
120 47 0
120 56 29
0 61 35
120 61 0
0 56 0
120 48 51
120 48 0
120 55 29
0 60 35
120 60 0
0 55 0
120 47 50
120 47 0
120 56 28
0 62 35
120 62 0
0 56 0
120 47 49
120 47 0
120 57 28
0 63 34
120 63 0
0 57 0
120 40 49
103 40 0
120 59 27
0 52 27
0 62 34
120 62 0
0 52 0
0 59 0
0 45 55
120 45 0
120 60 38
0 52 30
120 52 0
0 60 0
120 48 64
120 48 0
120 64 45
0 57 37
120 57 0
0 64 0
120 47 64
120 47 0
120 53 37
0 62 45
120 62 0
0 53 0
120 52 64
120 52 0
120 59 37
0 64 45
120 64 0
0 59 0
120 48 55
120 48 0
120 64 38
0 57 30
120 57 0
0 64 0
120 45 64
120 45 0
120 57 37
0 64 45
120 64 0
0 57 0
120 50 64
120 50 0
120 57 37
0 65 45
120 65 0
0 57 0
120 50 64
120 50 0
120 65 45
0 56 37
120 56 0
0 65 0
120 48 55
120 48 0
120 65 38
0 57 31
120 57 0
0 65 0
120 48 61
120 48 0
120 64 44
0 57 37
120 57 0
0 64 0
120 47 63
120 47 0
120 62 45
0 53 37
120 53 0
0 62 0
120 40 66
120 40 0
120 62 46
0 59 38
0 52 38
120 52 0
0 59 0
0 62 0
120 45 68
120 45 0
120 60 46
0 52 38
120 52 0
0 60 0
120 47 66
120 47 0
120 62 44
0 52 37
120 52 0
0 62 0
120 48 61
120 48 0
120 64 41
0 52 35
120 52 0
0 64 0
120 45 58
120 45 0
120 60 38
0 52 31
120 52 0
0 60 0
120 40 55
120 40 0
120 62 38
0 52 31
120 52 0
0 62 0
120 45 55
120 45 0
120 60 38
0 52 31
120 52 0
0 60 0
120 47 55
120 47 0
120 52 31
0 62 38
0 56 31
120 56 0
0 62 0
0 52 0
120 45 55
120 45 0
120 52 31
0 60 38
0 57 31
120 57 0
0 60 0
0 52 0
120 40 55
120 40 0
120 52 31
0 62 38
0 56 31
120 56 0
0 62 0
0 52 0
120 45 55
120 45 0
120 52 31
0 60 38
0 57 31
120 57 0
0 60 0
0 52 0
120 47 56
120 47 0
120 52 35
0 62 41
0 56 35
120 56 0
0 62 0
0 52 0
120 45 60
120 45 0
120 57 38
0 60 46
0 52 38
120 52 0
0 60 0
0 57 0
120 43 64
120 43 0
120 64 46
0 55 38
120 55 0
0 64 0
120 45 68
120 45 0
120 64 44
0 57 37
120 57 0
0 64 0
120 47 63
120 47 0
120 64 45
0 59 37
120 59 0
0 64 0
120 47 62
120 47 0
120 63 44
0 59 37
120 59 0
0 63 0
120 52 61
120 52 0
120 64 44
0 59 37
120 59 0
0 64 0
120 51 60
120 51 0
120 66 44
0 60 37
120 60 0
0 66 0
120 50 61
120 50 0
120 65 41
0 59 35
120 59 0
0 65 0
120 40 58
91 40 0
120 64 38
0 59 31
120 59 0
0 64 0
120 45 55
80 45 0
120 64 38
0 57 31
120 57 0
0 64 0
120 48 55
120 48 0
120 64 38
0 57 31
120 57 0
0 64 0
120 47 55
120 47 0
120 62 38
0 53 31
120 53 0
0 62 0
120 52 55
120 52 0
120 64 38
0 59 31
120 59 0
0 64 0
120 48 55
120 48 0
120 64 38
0 57 31
120 57 0
0 64 0
120 45 55
120 45 0
120 64 38
0 57 31
120 57 0
0 64 0
120 50 56
120 50 0
120 65 39
0 57 33
120 57 0
0 65 0
120 50 58
120 50 0
120 65 41
0 56 35
120 56 0
0 65 0
120 48 60
120 48 0
120 65 41
0 57 35
120 57 0
0 65 0
120 48 61
120 48 0
120 64 44
0 57 37
120 57 0
0 64 0
120 47 63
120 47 0
120 62 45
0 53 37
120 53 0
0 62 0
120 40 66
120 40 0
120 62 46
0 59 38
0 52 38
120 52 0
0 59 0
0 62 0
120 45 68
120 45 0
120 57 38
0 60 46
0 52 38
120 52 0
0 60 0
0 57 0
120 47 66
120 47 0
120 56 37
0 62 44
0 52 37
120 52 0
0 62 0
0 56 0
120 48 61
120 48 0
120 57 35
0 64 41
0 52 35
120 52 0
0 64 0
0 57 0
120 45 58
120 45 0
120 57 31
0 60 38
0 52 31
120 52 0
0 60 0
0 57 0
120 40 55
120 40 0
120 62 38
0 52 31
120 52 0
0 62 0
120 45 55
120 45 0
120 60 38
0 52 31
120 52 0
0 60 0
120 47 55
120 47 0
120 52 31
0 62 38
0 56 31
120 56 0
0 62 0
0 52 0
120 45 55
120 45 0
120 52 31
0 60 38
0 57 31
120 57 0
0 60 0
0 52 0
120 40 55
120 40 0
120 52 31
0 62 38
120 62 0
0 52 0
120 45 55
120 45 0
120 52 31
0 60 38
120 60 0
0 52 0
120 47 56
120 47 0
120 52 35
0 62 41
120 62 0
0 52 0
120 49 60
91 49 0
120 58 38
0 64 46
120 64 0
0 58 0
120 50 64
233 62 46
0 58 38
120 58 0
0 62 0
120 53 68
120 53 0
120 62 44
0 58 37
120 58 0
0 62 0
120 50 0
0 38 63
74 38 0
120 58 45
0 53 37
120 53 0
0 58 0
120 40 62
10 40 0
120 59 41
0 52 35
120 52 0
0 59 0
120 45 58
114 45 0
120 57 41
0 52 35
120 52 0
0 57 0
120 50 57
120 50 0
120 57 41
0 53 35
120 53 0
0 57 0
120 45 58
120 45 0
120 57 39
0 52 33
120 52 0
0 57 0
120 50 55
120 50 0
120 57 36
0 53 29
120 53 0
0 57 0
120 45 51
120 45 0
120 57 28
0 52 23
120 52 0
0 57 0
120 36 45
120 36 0
120 57 29
0 52 24
120 52 0
0 57 0
120 38 42
120 38 0
120 58 29
0 53 24
120 53 0
0 58 0
120 40 41
120 40 0
120 59 29
0 52 24
120 52 0
0 59 0
120 45 44
120 45 0
120 52 25
0 57 30
120 57 0
0 52 0
120 50 41
120 50 0
120 57 28
0 53 23
120 53 0
0 57 0
120 45 39
120 45 0
120 52 25
0 57 30
120 57 0
0 52 0
120 50 38
120 50 0
120 53 27
0 57 33
120 57 0
0 53 0
120 45 40
120 45 0
120 57 34
0 52 28
120 52 0
0 57 0
120 48 64
120 48 0
120 60 48
0 52 39
120 52 0
0 60 0
120 47 62
120 47 0
0 59 39
0 65 48
120 65 0
0 59 0
120 52 62
120 52 0
120 59 39
0 64 48
113 64 0
0 59 0
120 45 69
120 45 0
120 57 39
0 64 48
34 64 0
0 57 0
120 50 59
120 50 0
120 57 39
0 62 48
69 62 0
0 57 0
120 38 59
120 38 0
120 53 33
0 58 40
103 58 0
0 53 0
120 40 41
120 40 0
120 59 29
0 52 24
28 52 0
0 59 0
0 45 44
120 45 0
120 52 25
0 57 30
120 57 0
0 52 0
120 50 41
120 50 0
120 57 30
0 53 25
120 53 0
0 57 0
120 38 39
120 38 0
120 53 25
0 58 30
120 58 0
0 53 0
120 40 38
120 40 0
120 52 24
0 59 28
63 59 0
0 52 0
120 41 36
120 41 0
120 57 29
0 53 25
23 53 0
0 57 0
120 36 55
120 36 0
120 57 38
0 48 30
34 48 0
0 57 0
120 38 55
120 38 0
120 50 30
0 58 38
40 58 0
0 50 0
120 40 55
120 40 0
120 52 30
0 59 38
120 59 0
0 52 0
120 45 41
120 45 0
120 52 23
0 57 28
120 57 0
0 52 0
120 50 39
120 50 0
120 57 28
0 53 23
120 53 0
0 57 0
120 45 38
120 45 0
120 52 24
0 57 29
120 57 0
0 52 0
120 50 36
120 50 0
120 53 26
0 57 30
120 57 0
0 53 0
120 45 39
120 45 0
120 52 20
0 57 26
120 57 0
0 52 0
120 50 36
120 50 0
120 57 25
0 53 20
120 53 0
0 57 0
120 45 35
120 45 0
120 52 22
0 57 26
120 57 0
0 52 0
120 45 33
190 45 0
0 50 23
0 58 28
240 58 0
0 50 0
0 45 27
120 50 27
120 53 33
120 58 33
1560 58 0
0 50 0
1920 53 0
0 45 0
0 45 27
120 52 27
91 57 33
1680 57 0
0 52 0
0 45 0
