7800 68 37
120 68 0
0 69 41
120 69 0
0 68 38
120 68 0
0 67 39
120 67 0
0 68 40
120 68 0
0 73 42
120 73 0
0 76 43
120 76 0
0 75 45
120 75 0
0 73 43
120 73 0
0 75 45
120 75 0
0 73 43
120 73 0
0 72 44
120 72 0
0 73 46
120 73 0
0 76 49
120 76 0
0 80 47
120 80 0
120 68 45
120 68 0
0 69 49
120 69 0
0 68 45
120 68 0
0 67 46
120 67 0
0 68 48
120 68 0
0 73 50
120 73 0
0 76 51
120 76 0
0 75 54
120 75 0
0 73 51
120 73 0
0 75 53
120 75 0
0 73 51
120 73 0
0 72 52
120 72 0
0 73 54
120 73 0
0 76 57
120 76 0
0 80 55
120 80 0
120 69 55
120 69 0
0 73 55
120 73 0
0 75 58
120 75 0
0 78 61
120 78 0
0 81 64
120 81 0
0 85 67
120 85 0
0 87 70
120 87 0
0 95 74
120 95 0
0 93 72
120 93 0
0 92 71
120 92 0
0 90 70
120 90 0
0 88 69
120 88 0
0 87 68
120 87 0
0 90 67
120 90 0
0 85 66
120 85 0
0 84 68
120 84 0
0 87 63
120 87 0
0 81 63
120 81 0
0 80 63
120 80 0
0 78 60
120 78 0
0 81 58
120 81 0
0 76 54
120 76 0
0 75 54
120 75 0
0 78 53
120 78 0
0 73 48
120 73 0
0 72 48
120 72 0
0 75 47
120 75 0
0 69 45
120 69 0
0 68 42
120 68 0
0 71 42
120 71 0
0 69 41
240 69 0
0 68 37
120 68 0
0 69 41
120 69 0
0 68 38
120 68 0
0 67 39
120 67 0
0 68 40
120 68 0
0 73 42
120 73 0
0 76 43
120 76 0
0 75 45
120 75 0
0 73 43
120 73 0
0 75 45
120 75 0
0 73 43
120 73 0
0 72 44
120 72 0
0 73 46
120 73 0
0 76 49
120 76 0
0 80 47
120 80 0
120 68 45
120 68 0
0 70 49
120 70 0
0 68 45
120 68 0
0 67 46
120 67 0
0 68 48
120 68 0
0 73 50
120 73 0
0 76 51
120 76 0
0 75 54
120 75 0
0 73 51
120 73 0
0 75 53
120 75 0
0 73 51
120 73 0
0 72 52
120 72 0
0 73 54
120 73 0
0 76 57
120 76 0
0 80 55
120 80 0
0 75 64
120 75 0
0 76 58
120 76 0
0 75 61
120 75 0
0 74 50
120 74 0
0 75 56
120 75 0
0 83 68
120 83 0
0 82 62
120 82 0
0 80 65
120 80 0
0 79 69
120 79 0
0 88 73
120 88 0
0 87 72
120 87 0
0 85 72
120 85 0
0 83 75
120 83 0
0 82 69
120 82 0
0 80 68
120 80 0
0 79 68
120 79 0
0 82 72
120 82 0
0 80 70
120 80 0
0 83 64
120 83 0
0 74 57
120 74 0
0 76 65
120 76 0
0 75 57
120 75 0
0 80 63
120 80 0
0 70 57
120 70 0
0 73 61
120 73 0
0 71 59
120 71 0
0 75 58
120 75 0
0 67 56
120 67 0
0 70 60
120 70 0
0 68 51
120 68 0
0 67 55
120 67 0
0 68 50
120 68 0
0 68 72
120 68 0
0 80 58
120 80 0
0 72 59
120 72 0
0 73 59
120 73 0
0 66 71
120 66 0
0 78 60
120 78 0
0 72 60
120 72 0
0 73 61
120 73 0
0 65 75
120 65 0
0 77 62
120 77 0
0 72 63
120 72 0
0 73 63
120 73 0
0 66 74
120 66 0
0 78 65
120 78 0
0 72 64
120 72 0
0 73 64
120 73 0
0 61 77
120 61 0
0 73 65
120 73 0
0 66 65
120 66 0
0 69 65
120 69 0
0 63 75
120 63 0
0 75 65
120 75 0
0 66 65
120 66 0
0 69 65
120 69 0
0 64 79
120 64 0
0 76 66
120 76 0
0 68 66
120 68 0
0 71 66
120 71 0
0 68 77
120 68 0
0 80 67
120 80 0
0 71 66
120 71 0
0 76 65
120 76 0
0 68 81
120 68 0
0 80 65
120 80 0
0 72 65
120 72 0
0 73 65
120 73 0
0 66 78
120 66 0
0 78 65
120 78 0
0 72 65
120 72 0
0 73 65
120 73 0
0 65 79
120 65 0
0 77 66
120 77 0
0 72 66
120 72 0
0 73 66
120 73 0
0 66 77
120 66 0
0 78 67
120 78 0
0 72 66
120 72 0
0 73 65
120 73 0
0 65 81
120 65 0
0 77 65
120 77 0
0 71 65
120 71 0
0 75 65
120 75 0
0 66 78
120 66 0
0 78 65
120 78 0
0 71 65
120 71 0
0 75 65
120 75 0
0 69 79
120 69 0
0 81 66
120 81 0
0 71 66
120 71 0
0 76 66
120 76 0
0 68 77
120 68 0
0 80 67
120 80 0
0 71 66
120 71 0
0 76 65
120 76 0
0 68 52
120 68 0
0 80 57
120 80 0
0 72 47
120 72 0
0 73 47
120 73 0
0 66 49
120 66 0
0 78 54
120 78 0
0 72 48
120 72 0
0 73 48
120 73 0
0 65 51
120 65 0
0 77 56
120 77 0
0 72 50
120 72 0
0 73 50
120 73 0
0 66 53
120 66 0
0 78 58
120 78 0
0 72 51
120 72 0
0 73 51
120 73 0
0 61 55
120 61 0
0 73 60
120 73 0
0 66 52
120 66 0
0 69 53
120 69 0
0 63 55
120 63 0
0 75 62
120 75 0
0 66 54
120 66 0
0 69 54
120 69 0
0 64 57
120 64 0
0 76 65
120 76 0
0 68 56
120 68 0
0 71 56
120 71 0
0 68 60
120 68 0
0 80 68
120 80 0
0 71 57
120 71 0
0 76 58
120 76 0
0 68 62
120 68 0
0 80 68
120 80 0
0 72 59
120 72 0
0 73 59
120 73 0
0 66 62
120 66 0
0 78 70
120 78 0
0 72 61
120 72 0
0 73 61
120 73 0
0 75 64
120 75 0
0 87 73
120 87 0
0 78 62
120 78 0
0 81 62
120 81 0
0 73 66
120 73 0
0 85 74
120 85 0
0 78 62
120 78 0
0 81 62
120 81 0
0 73 64
120 73 0
0 85 73
120 85 0
0 75 61
120 75 0
0 78 61
120 78 0
0 72 64
120 72 0
0 84 71
120 84 0
0 75 60
120 75 0
0 78 59
120 78 0
0 72 60
120 72 0
0 84 69
120 84 0
0 75 58
120 75 0
0 78 58
120 78 0
0 72 61
120 72 0
0 84 68
120 84 0
0 75 57
120 75 0
0 78 56
120 78 0
0 72 57
120 72 0
0 84 65
120 84 0
0 75 55
120 75 0
0 78 55
120 78 0
0 71 58
120 71 0
0 83 64
120 83 0
0 75 53
120 75 0
0 78 53
120 78 0
0 71 54
120 71 0
0 83 62
120 83 0
0 75 52
120 75 0
0 78 52
120 78 0
0 70 54
120 70 0
0 82 60
120 82 0
0 75 50
120 75 0
0 78 50
120 78 0
0 70 55
120 70 0
6 82 49
114 75 48
6 82 0
114 75 0
0 78 48
120 78 0
0 69 53
120 69 0
6 81 48
114 75 47
6 81 0
114 75 0
0 78 47
120 78 0
0 69 52
120 69 0
0 81 49
120 81 0
0 75 45
120 75 0
0 78 45
120 78 0
0 69 51
120 69 0
0 81 47
120 81 0
0 75 44
120 75 0
0 78 44
120 78 0
0 72 52
120 72 0
6 84 47
114 75 46
6 84 0
114 75 0
0 78 46
120 78 0
0 71 49
120 71 0
0 83 44
120 83 0
0 75 44
120 75 0
0 78 44
120 78 0
0 71 48
120 71 0
0 83 45
120 83 0
0 75 42
120 75 0
0 78 42
120 78 0
0 70 47
120 70 0
0 82 43
120 82 0
0 75 40
120 75 0
0 78 40
120 78 0
0 70 46
120 70 0
0 82 42
120 82 0
0 75 41
120 75 0
0 78 41
120 78 0
0 69 44
120 69 0
0 81 40
120 81 0
0 75 40
120 75 0
0 78 39
120 78 0
0 69 43
120 69 0
0 81 40
120 81 0
0 75 37
120 75 0
0 78 37
120 78 0
0 68 42
120 68 0
0 80 38
120 80 0
0 75 36
120 75 0
0 78 35
120 78 0
120 68 37
120 68 0
0 69 41
120 69 0
0 68 38
120 68 0
0 67 39
120 67 0
0 68 40
120 68 0
0 73 42
120 73 0
0 76 43
120 76 0
0 75 45
120 75 0
0 73 43
120 73 0
0 75 45
120 75 0
0 73 43
120 73 0
0 72 44
120 72 0
0 73 46
120 73 0
0 76 49
120 76 0
0 80 47
120 80 0
120 68 45
120 68 0
0 69 49
120 69 0
0 68 45
120 68 0
0 67 46
120 67 0
0 68 48
120 68 0
0 73 50
120 73 0
0 76 51
120 76 0
0 75 54
120 75 0
0 73 51
120 73 0
0 75 53
120 75 0
0 73 51
120 73 0
0 72 52
120 72 0
0 73 54
120 73 0
0 76 57
120 76 0
0 80 55
120 80 0
120 69 56
120 69 0
0 73 57
120 73 0
0 75 59
120 75 0
0 78 61
120 78 0
0 81 66
120 81 0
0 85 69
120 85 0
0 87 71
120 87 0
0 95 73
120 95 0
0 93 71
120 93 0
0 92 71
120 92 0
0 90 70
120 90 0
0 88 69
120 88 0
0 87 68
120 87 0
0 90 67
120 90 0
0 85 67
120 85 0
0 84 68
120 84 0
0 87 64
120 87 0
0 81 65
120 81 0
0 80 65
120 80 0
0 78 64
120 78 0
0 81 62
120 81 0
0 76 59
120 76 0
0 75 59
120 75 0
0 78 59
120 78 0
0 73 55
120 73 0
0 72 55
120 72 0
0 75 55
120 75 0
0 69 54
120 69 0
0 68 51
120 68 0
0 71 51
120 71 0
0 69 50
240 69 0
0 68 47
120 68 0
0 69 51
120 69 0
0 68 47
120 68 0
0 67 48
120 67 0
0 68 49
120 68 0
0 73 51
120 73 0
0 76 52
120 76 0
0 75 54
120 75 0
0 73 51
120 73 0
0 75 53
120 75 0
0 73 51
120 73 0
0 72 51
120 72 0
0 73 53
120 73 0
0 76 57
120 76 0
0 80 54
120 80 0
0 76 52
120 76 0
0 75 48
120 75 0
0 76 52
120 76 0
0 75 48
120 75 0
0 74 49
120 74 0
0 75 50
120 75 0
0 78 53
120 78 0
0 81 54
120 81 0
0 78 56
120 78 0
0 77 54
120 77 0
0 78 56
120 78 0
0 77 54
120 77 0
0 76 54
120 76 0
0 77 56
120 77 0
0 80 59
120 80 0
0 85 57
120 85 0
120 73 50
120 73 0
0 74 55
120 74 0
0 73 51
120 73 0
0 72 52
120 72 0
0 73 53
120 73 0
0 78 56
120 78 0
0 81 57
120 81 0
0 78 59
120 78 0
0 77 56
120 77 0
0 78 59
120 78 0
0 77 57
120 77 0
0 76 57
120 76 0
0 77 59
120 77 0
0 80 63
120 80 0
0 85 59
120 85 0
0 80 58
120 80 0
0 78 53
120 78 0
0 80 58
120 80 0
0 78 54
120 78 0
0 77 55
120 77 0
0 78 56
120 78 0
0 81 59
120 81 0
0 85 60
120 85 0
0 81 63
120 81 0
0 80 59
120 80 0
0 81 62
120 81 0
0 80 60
120 80 0
0 79 60
120 79 0
0 80 62
120 80 0
0 84 66
120 84 0
0 87 63
120 87 0
0 80 69
120 80 0
0 81 64
120 81 0
0 80 67
120 80 0
0 79 58
120 79 0
0 80 62
120 80 0
0 88 71
120 88 0
0 87 71
120 87 0
0 86 70
120 86 0
0 85 69
120 85 0
0 84 69
120 84 0
0 83 68
120 83 0
0 82 67
120 82 0
0 81 67
120 81 0
0 80 66
120 80 0
0 79 65
120 79 0
0 78 64
120 78 0
0 76 69
120 76 0
0 78 64
120 78 0
0 76 67
120 76 0
0 75 58
120 75 0
0 76 62
120 76 0
0 88 71
120 88 0
0 87 71
120 87 0
0 86 70
120 86 0
0 85 70
120 85 0
0 84 71
120 84 0
0 83 71
120 83 0
0 82 72
120 82 0
0 81 73
120 81 0
0 80 74
120 80 0
0 79 75
120 79 0
0 78 76
120 78 0
0 80 76
60 80 0
180 92 85
120 92 0
0 91 85
120 91 0
0 90 84
120 90 0
0 89 84
120 89 0
0 88 83
120 88 0
0 87 83
120 87 0
0 86 82
120 86 0
0 85 81
120 85 0
0 84 81
120 84 0
0 83 80
120 83 0
0 82 80
120 82 0
0 81 79
120 81 0
0 80 79
120 80 0
0 79 78
120 79 0
0 78 77
120 78 0
0 77 77
120 77 0
0 76 77
120 76 0
0 75 77
120 75 0
0 74 77
120 74 0
0 73 77
120 73 0
0 72 77
120 72 0
0 71 77
120 71 0
0 70 77
120 70 0
0 69 78
120 69 0
0 68 80
120 68 0
0 67 82
120 67 0
0 66 85
120 66 0
0 64 87
120 64 0
0 63 90
120 63 0
0 61 92
120 61 0
0 56 94
120 56 0
360 93 90
120 93 0
0 92 81
120 92 0
0 100 77
120 100 0
0 88 77
120 88 0
0 90 90
120 90 0
0 88 77
120 88 0
0 97 77
120 97 0
0 85 77
120 85 0
0 87 89
120 87 0
0 85 77
120 85 0
0 92 77
120 92 0
0 80 77
120 80 0
0 81 89
120 81 0
0 80 77
120 80 0
0 88 77
120 88 0
0 76 77
120 76 0
0 78 88
120 78 0
0 76 77
120 76 0
0 85 77
120 85 0
0 73 77
120 73 0
0 75 89
120 75 0
0 73 77
120 73 0
0 80 77
120 80 0
0 68 77
120 68 0
0 69 90
120 69 0
0 68 77
120 68 0
0 76 77
120 76 0
0 64 77
120 64 0
0 66 88
120 66 0
0 64 77
120 64 0
0 73 77
120 73 0
0 61 77
120 61 0
0 63 89
120 63 0
0 61 77
120 61 0
0 68 77
120 68 0
0 56 77
120 56 0
0 63 89
120 63 0
0 61 77
120 61 0
0 68 77
120 68 0
0 56 77
120 56 0
0 63 89
120 63 0
0 61 77
120 61 0
0 69 77
120 69 0
0 57 77
120 57 0
0 63 89
120 63 0
0 61 75
120 61 0
0 68 74
120 68 0
0 56 73
120 56 0
0 63 83
120 63 0
0 61 71
120 61 0
0 67 71
120 67 0
0 55 70
120 55 0
0 63 79
120 63 0
0 61 68
120 61 0
0 68 67
120 68 0
0 56 66
120 56 0
0 63 75
120 63 0
0 60 63
120 60 0
0 68 63
120 68 0
0 56 62
120 56 0
3840 68 45
960 68 0
0 70 42
60 70 0
0 72 42
60 72 0
0 70 46
120 70 0
0 68 45
240 68 0
0 73 45
240 73 0
0 75 48
240 75 0
0 77 51
960 77 0
0 80 56
480 68 49
480 68 0
0 80 0
0 78 53
480 78 0
0 77 51
480 77 0
0 75 49
480 75 0
0 77 51
360 77 0
0 73 47
120 73 0
0 68 48
960 68 0
0 70 48
1920 70 0
0 71 42
60 71 0
0 73 42
60 73 0
0 71 46
120 71 0
0 70 45
240 70 0
0 75 45
240 75 0
0 77 48
240 77 0
0 78 51
480 78 0
0 77 50
480 77 0
0 75 51
480 75 0
0 77 49
480 77 0
0 73 48
720 73 0
0 72 49
60 72 0
0 73 45
60 73 0
0 75 45
60 75 0
0 73 45
60 73 0
0 77 50
720 77 0
0 75 49
240 75 0
0 75 47
1920 75 0
0 68 45
960 68 0
0 70 42
60 70 0
0 72 42
60 72 0
0 70 46
120 70 0
0 68 45
240 68 0
0 73 45
240 73 0
0 75 48
240 75 0
0 77 51
960 77 0
0 80 56
480 68 49
480 68 0
0 80 0
0 78 53
480 78 0
0 77 51
480 77 0
0 75 49
240 75 0
0 77 47
60 77 0
0 75 47
60 75 0
0 73 47
60 73 0
0 75 47
60 75 0
0 77 51
360 77 0
0 73 47
120 73 0
0 68 48
960 68 0
0 70 48
1920 70 0
0 71 42
60 71 0
0 73 42
60 73 0
0 71 46
120 71 0
0 70 45
240 70 0
0 75 45
240 75 0
0 77 48
240 77 0
0 78 51
480 78 0
0 77 50
480 77 0
0 75 51
480 75 0
0 77 49
480 77 0
0 73 48
720 73 0
0 67 49
60 67 0
0 68 45
60 68 0
0 70 45
60 70 0
0 68 45
60 68 0
0 77 50
720 77 0
0 75 49
240 75 0
0 75 52
960 75 0
0 73 52
480 73 0
240 80 60
240 80 0
0 68 65
960 68 0
0 70 65
60 70 0
0 72 59
60 72 0
0 70 60
60 70 0
0 72 59
60 72 0
0 70 56
40 70 0
0 72 56
40 72 0
0 70 56
40 70 0
0 69 62
120 69 0
0 70 64
360 70 0
0 72 62
120 72 0
0 68 66
240 68 0
240 84 66
617 84 0
0 82 63
137 82 0
0 80 62
137 80 0
0 76 61
137 76 0
0 73 59
137 73 0
0 70 58
206 70 0
0 80 55
69 80 0
0 63 66
900 63 0
0 72 59
60 72 0
0 70 64
360 70 0
0 69 57
120 69 0
0 70 64
360 70 0
0 75 62
120 75 0
0 68 65
480 68 0
480 70 39
480 70 0
0 73 44
160 73 0
0 72 39
160 72 0
0 70 39
160 70 0
0 68 43
960 68 0
0 70 46
48 70 0
0 72 42
48 72 0
0 70 42
48 70 0
0 72 44
48 72 0
0 70 42
48 70 0
0 68 41
240 68 0
0 73 45
240 73 0
0 75 48
240 75 0
0 77 51
960 77 0
0 80 56
480 68 49
480 68 0
0 80 0
0 78 53
480 78 0
0 77 51
480 77 0
0 75 49
240 75 0
0 77 47
60 77 0
0 75 47
60 75 0
0 73 47
60 73 0
0 75 47
60 75 0
0 77 51
240 77 0
0 73 47
240 73 0
0 68 48
960 68 0
0 70 48
1920 70 0
0 71 45
48 71 0
0 73 42
48 73 0
0 71 41
48 71 0
0 73 42
48 73 0
4 71 42
44 70 45
4 71 0
236 70 0
0 75 45
240 75 0
0 77 48
240 77 0
0 78 51
480 78 0
0 77 50
480 77 0
0 75 51
480 75 0
0 77 49
480 77 0
0 73 48
720 73 0
0 67 49
60 67 0
0 68 45
60 68 0
0 70 45
60 70 0
0 68 45
60 68 0
0 77 50
720 77 0
0 75 49
240 75 0
0 75 52
960 75 0
0 73 52
480 73 0
240 80 60
240 80 0
0 68 65
960 68 0
0 70 65
60 70 0
0 72 59
60 72 0
0 70 60
60 70 0
0 72 59
60 72 0
0 70 56
40 70 0
0 72 56
40 72 0
0 70 56
40 70 0
0 69 62
120 69 0
0 70 64
360 70 0
0 72 62
120 72 0
0 68 66
240 68 0
240 84 66
617 84 0
0 82 63
137 82 0
0 80 62
137 80 0
0 76 61
137 76 0
0 73 59
137 73 0
0 70 58
206 70 0
0 80 55
69 80 0
0 63 66
900 63 0
0 72 59
60 72 0
0 70 64
360 70 0
0 69 57
120 69 0
0 70 64
360 70 0
0 75 62
120 75 0
0 68 65
480 68 0
480 70 39
480 70 0
0 73 44
160 73 0
0 72 39
160 72 0
0 70 39
160 70 0
0 68 43
960 68 0
0 70 47
48 70 0
0 72 43
48 72 0
0 70 43
48 70 0
0 72 43
48 72 0
0 70 43
48 70 0
0 68 45
240 68 0
0 73 45
240 73 0
0 75 48
240 75 0
0 77 51
960 77 0
0 80 56
480 68 49
480 68 0
0 80 0
0 78 53
480 78 0
0 77 51
480 77 0
0 75 49
240 75 0
0 77 47
60 77 0
0 75 47
60 75 0
0 73 47
60 73 0
0 75 47
60 75 0
0 77 51
240 77 0
0 73 47
240 73 0
0 68 48
960 68 0
0 70 48
1920 70 0
0 71 48
48 71 0
0 73 42
48 73 0
0 71 43
48 71 0
0 73 42
48 73 0
0 71 42
48 71 0
0 70 45
240 70 0
0 75 45
240 75 0
0 77 48
240 77 0
0 78 51
480 78 0
0 77 47
480 77 0
0 75 49
480 75 0
0 77 45
480 77 0
0 73 43
720 73 0
0 67 44
60 67 0
0 68 40
60 68 0
0 70 40
60 70 0
0 68 40
60 68 0
0 77 45
720 77 0
0 75 44
240 75 0
0 75 44
1920 75 0
120 68 37
120 68 0
0 69 41
120 69 0
0 68 38
120 68 0
0 67 39
120 67 0
0 68 40
120 68 0
0 73 42
120 73 0
0 76 43
120 76 0
0 75 45
120 75 0
0 73 43
120 73 0
0 75 45
120 75 0
0 73 43
120 73 0
0 72 44
120 72 0
0 73 46
120 73 0
0 76 49
120 76 0
0 80 47
120 80 0
120 68 45
120 68 0
0 69 49
120 69 0
0 68 45
120 68 0
0 67 46
120 67 0
0 68 48
120 68 0
0 73 50
120 73 0
0 76 51
120 76 0
0 75 54
120 75 0
0 73 51
120 73 0
0 75 53
120 75 0
0 73 51
120 73 0
0 72 52
120 72 0
0 73 54
120 73 0
0 76 57
120 76 0
0 80 55
120 80 0
120 69 56
120 69 0
0 73 58
120 73 0
0 75 60
120 75 0
0 78 63
120 78 0
0 81 63
120 81 0
0 85 66
120 85 0
0 87 72
120 87 0
0 95 76
120 95 0
0 93 75
120 93 0
0 92 70
120 92 0
0 90 69
120 90 0
0 88 68
120 88 0
0 87 67
120 87 0
0 90 66
120 90 0
0 85 67
120 85 0
0 84 68
120 84 0
0 87 63
120 87 0
0 81 63
120 81 0
0 80 63
120 80 0
0 78 60
120 78 0
0 81 58
120 81 0
0 76 54
120 76 0
0 75 54
120 75 0
0 78 53
120 78 0
0 73 48
120 73 0
0 72 48
120 72 0
0 75 47
120 75 0
0 69 45
120 69 0
0 68 42
120 68 0
0 71 42
120 71 0
0 69 41
240 69 0
0 68 37
120 68 0
0 69 41
120 69 0
0 68 38
120 68 0
0 67 39
120 67 0
0 68 40
120 68 0
0 73 42
120 73 0
0 76 43
120 76 0
0 75 45
120 75 0
0 73 43
120 73 0
0 75 45
120 75 0
0 73 43
120 73 0
0 72 44
120 72 0
0 73 46
120 73 0
0 76 49
120 76 0
0 80 47
120 80 0
120 68 45
120 68 0
0 70 49
120 70 0
0 68 45
120 68 0
0 67 46
120 67 0
0 68 48
120 68 0
0 73 50
120 73 0
0 76 51
120 76 0
0 75 54
120 75 0
0 73 51
120 73 0
0 75 53
120 75 0
0 73 51
120 73 0
0 72 52
120 72 0
0 73 54
120 73 0
0 76 57
120 76 0
0 80 55
120 80 0
0 75 64
120 75 0
0 76 58
120 76 0
0 75 61
120 75 0
0 74 50
120 74 0
0 75 56
120 75 0
0 83 68
120 83 0
0 82 62
120 82 0
0 80 65
120 80 0
0 79 68
120 79 0
0 88 72
120 88 0
0 87 69
120 87 0
0 85 69
120 85 0
0 83 74
120 83 0
0 82 69
120 82 0
0 80 69
120 80 0
0 79 69
120 79 0
0 82 72
120 82 0
0 80 70
120 80 0
0 83 64
120 83 0
0 74 57
120 74 0
0 76 65
120 76 0
0 75 57
120 75 0
0 80 63
120 80 0
0 70 57
120 70 0
0 73 61
120 73 0
0 71 59
120 71 0
0 75 58
120 75 0
0 67 56
120 67 0
0 70 60
120 70 0
0 68 51
120 68 0
0 67 55
120 67 0
0 68 50
120 68 0
0 68 72
120 68 0
0 80 58
120 80 0
0 72 59
120 72 0
0 73 59
120 73 0
0 66 71
120 66 0
0 78 60
120 78 0
0 72 60
120 72 0
0 73 61
120 73 0
0 65 75
120 65 0
0 77 62
120 77 0
0 72 63
120 72 0
0 73 63
120 73 0
0 66 74
120 66 0
0 78 65
120 78 0
0 72 64
120 72 0
0 73 64
120 73 0
0 61 77
120 61 0
0 73 65
120 73 0
0 66 65
120 66 0
0 69 65
120 69 0
0 63 75
120 63 0
0 75 65
120 75 0
0 66 65
120 66 0
0 69 65
120 69 0
0 64 79
120 64 0
0 76 66
120 76 0
0 68 66
120 68 0
0 71 66
120 71 0
0 68 77
120 68 0
0 80 67
120 80 0
0 71 66
120 71 0
0 76 65
120 76 0
0 68 81
120 68 0
0 80 65
120 80 0
0 72 65
120 72 0
0 73 65
120 73 0
0 66 78
120 66 0
0 78 65
120 78 0
0 72 65
120 72 0
0 73 65
120 73 0
0 65 79
120 65 0
0 77 66
120 77 0
0 72 66
120 72 0
0 73 66
120 73 0
0 66 77
120 66 0
0 78 67
120 78 0
0 72 66
120 72 0
0 73 65
120 73 0
0 65 81
120 65 0
0 77 65
120 77 0
0 71 65
120 71 0
0 75 65
120 75 0
0 66 78
120 66 0
0 78 65
120 78 0
0 71 65
120 71 0
0 75 65
120 75 0
0 69 79
120 69 0
0 81 66
120 81 0
0 71 66
120 71 0
0 76 66
120 76 0
0 68 77
120 68 0
0 80 67
120 80 0
0 71 66
120 71 0
0 76 65
120 76 0
0 68 52
120 68 0
0 80 57
120 80 0
0 72 47
120 72 0
0 73 47
120 73 0
0 66 49
120 66 0
0 78 54
120 78 0
0 72 48
120 72 0
0 73 48
120 73 0
0 65 51
120 65 0
0 77 56
120 77 0
0 72 50
120 72 0
0 73 50
120 73 0
0 66 53
120 66 0
0 78 58
120 78 0
0 72 51
120 72 0
0 73 51
120 73 0
0 61 55
120 61 0
0 73 60
120 73 0
0 66 52
120 66 0
0 69 53
120 69 0
0 63 55
120 63 0
0 75 62
120 75 0
0 66 54
120 66 0
0 69 54
120 69 0
0 64 57
120 64 0
0 76 65
120 76 0
0 68 56
120 68 0
0 71 56
120 71 0
0 68 60
120 68 0
0 80 68
120 80 0
0 71 57
120 71 0
0 76 58
120 76 0
0 68 62
120 68 0
0 80 68
120 80 0
0 72 59
120 72 0
0 73 59
120 73 0
0 66 62
120 66 0
0 78 70
120 78 0
0 72 61
120 72 0
0 73 61
120 73 0
0 75 64
120 75 0
0 87 73
120 87 0
0 78 62
120 78 0
0 81 62
120 81 0
0 73 66
120 73 0
0 85 74
120 85 0
0 78 62
120 78 0
0 81 62
120 81 0
0 73 64
120 73 0
0 85 73
120 85 0
0 75 61
120 75 0
0 78 61
120 78 0
0 72 64
120 72 0
0 84 71
120 84 0
0 75 60
120 75 0
0 78 59
120 78 0
0 72 60
120 72 0
0 84 69
120 84 0
0 75 58
120 75 0
0 78 58
120 78 0
0 72 61
120 72 0
0 84 68
120 84 0
0 75 57
120 75 0
0 78 56
120 78 0
0 72 57
120 72 0
0 84 65
120 84 0
0 75 55
120 75 0
0 78 55
120 78 0
0 71 58
120 71 0
0 83 64
120 83 0
0 75 53
120 75 0
0 78 53
120 78 0
0 71 54
120 71 0
0 83 62
120 83 0
0 75 52
120 75 0
0 78 52
120 78 0
0 70 54
120 70 0
0 82 60
120 82 0
0 75 50
120 75 0
0 78 50
120 78 0
0 70 55
120 70 0
6 82 49
114 75 48
6 82 0
114 75 0
0 78 48
120 78 0
0 69 53
120 69 0
6 81 48
114 75 47
6 81 0
114 75 0
0 78 47
120 78 0
0 69 52
120 69 0
0 81 49
120 81 0
0 75 45
120 75 0
0 78 45
120 78 0
0 69 51
120 69 0
0 81 47
120 81 0
0 75 44
120 75 0
0 78 44
120 78 0
0 72 52
120 72 0
6 84 47
114 75 47
6 84 0
114 75 0
0 78 47
120 78 0
0 71 51
120 71 0
0 83 46
120 83 0
0 75 46
120 75 0
0 78 46
120 78 0
0 71 51
120 71 0
0 83 48
120 83 0
0 75 45
120 75 0
0 78 45
120 78 0
0 70 51
120 70 0
0 82 47
120 82 0
0 75 44
120 75 0
0 78 44
120 78 0
0 70 52
120 70 0
0 82 46
120 82 0
0 75 46
120 75 0
0 78 45
120 78 0
0 69 48
120 69 0
0 81 43
120 81 0
0 75 42
120 75 0
0 78 42
120 78 0
0 69 45
120 69 0
0 81 42
120 81 0
0 75 39
120 75 0
0 78 39
120 78 0
0 68 43
120 68 0
0 80 39
120 80 0
0 75 36
120 75 0
0 78 36
120 78 0
120 68 37
120 68 0
0 69 41
120 69 0
0 68 38
120 68 0
0 67 39
120 67 0
0 68 40
120 68 0
0 73 42
120 73 0
0 76 43
120 76 0
0 75 45
120 75 0
0 73 43
120 73 0
0 75 45
120 75 0
0 73 43
120 73 0
0 72 44
120 72 0
0 73 46
120 73 0
0 76 49
120 76 0
0 80 47
120 80 0
120 68 45
120 68 0
0 69 49
120 69 0
0 68 45
120 68 0
0 67 46
120 67 0
0 68 48
120 68 0
0 73 50
120 73 0
0 76 51
120 76 0
0 75 54
120 75 0
0 73 51
120 73 0
0 75 53
120 75 0
0 73 51
120 73 0
0 72 52
120 72 0
0 73 54
120 73 0
0 76 57
120 76 0
0 80 55
120 80 0
120 69 56
120 69 0
0 73 59
120 73 0
0 75 62
120 75 0
0 78 63
120 78 0
0 81 66
120 81 0
0 85 69
120 85 0
0 87 72
120 87 0
0 95 75
120 95 0
0 93 73
120 93 0
0 92 72
120 92 0
0 90 71
120 90 0
0 88 71
120 88 0
0 87 70
120 87 0
0 90 68
120 90 0
0 85 67
120 85 0
0 84 68
120 84 0
0 87 63
120 87 0
0 81 63
120 81 0
0 80 63
120 80 0
0 78 60
120 78 0
0 81 58
120 81 0
0 76 54
120 76 0
0 75 54
120 75 0
0 78 53
120 78 0
0 73 48
120 73 0
0 72 48
120 72 0
0 75 47
120 75 0
0 69 45
120 69 0
0 68 42
120 68 0
0 71 42
120 71 0
0 69 41
240 69 0
0 68 37
120 68 0
0 69 41
120 69 0
0 68 38
120 68 0
0 67 39
120 67 0
0 68 40
120 68 0
0 73 42
120 73 0
0 76 43
120 76 0
0 75 45
120 75 0
0 73 43
120 73 0
0 75 45
120 75 0
0 73 43
120 73 0
0 72 44
120 72 0
0 73 46
120 73 0
0 76 50
120 76 0
0 80 48
120 80 0
0 76 46
120 76 0
0 75 43
120 75 0
0 76 47
120 76 0
0 75 43
120 75 0
0 74 45
120 74 0
0 75 46
120 75 0
0 78 49
120 78 0
0 81 50
120 81 0
0 78 53
120 78 0
0 77 51
120 77 0
0 78 53
120 78 0
0 77 51
120 77 0
0 76 52
120 76 0
0 77 54
120 77 0
0 80 57
120 80 0
0 85 56
120 85 0
120 73 50
120 73 0
0 74 55
120 74 0
0 73 51
120 73 0
0 72 52
120 72 0
0 73 53
120 73 0
0 78 56
120 78 0
0 81 57
120 81 0
0 78 59
120 78 0
0 77 56
120 77 0
0 78 59
120 78 0
0 77 57
120 77 0
0 76 57
120 76 0
0 77 59
120 77 0
0 80 63
120 80 0
0 85 59
120 85 0
0 80 58
120 80 0
0 78 53
120 78 0
0 80 58
120 80 0
0 78 54
120 78 0
0 77 55
120 77 0
0 78 56
120 78 0
0 81 59
120 81 0
0 85 60
120 85 0
0 81 63
120 81 0
0 80 59
120 80 0
0 81 62
120 81 0
0 80 60
120 80 0
0 79 60
120 79 0
0 80 62
120 80 0
0 84 66
120 84 0
0 87 63
120 87 0
0 80 69
120 80 0
0 81 64
120 81 0
0 80 67
120 80 0
0 79 58
120 79 0
0 80 62
120 80 0
0 88 71
120 88 0
0 87 71
120 87 0
0 86 70
120 86 0
0 85 69
120 85 0
0 84 69
120 84 0
0 83 68
120 83 0
0 82 67
120 82 0
0 81 67
120 81 0
0 80 66
120 80 0
0 79 65
120 79 0
0 78 64
120 78 0
0 76 69
120 76 0
0 78 64
120 78 0
0 76 67
120 76 0
0 75 58
120 75 0
0 76 62
120 76 0
0 88 71
120 88 0
0 87 71
120 87 0
0 86 70
120 86 0
0 85 70
120 85 0
0 84 71
120 84 0
0 83 71
120 83 0
0 82 72
120 82 0
0 81 73
120 81 0
0 80 74
120 80 0
0 79 75
120 79 0
0 78 76
120 78 0
0 80 76
60 80 0
180 92 85
120 92 0
0 91 85
120 91 0
0 90 84
120 90 0
0 89 84
120 89 0
0 88 83
120 88 0
0 87 83
120 87 0
0 86 82
120 86 0
0 85 81
120 85 0
0 84 81
120 84 0
0 83 80
120 83 0
0 82 80
120 82 0
0 81 79
120 81 0
0 80 79
120 80 0
0 79 78
120 79 0
0 78 77
120 78 0
0 77 77
120 77 0
0 76 77
120 76 0
0 75 77
120 75 0
0 74 77
120 74 0
0 73 77
120 73 0
0 72 77
120 72 0
0 71 77
120 71 0
0 70 77
120 70 0
0 69 80
120 69 0
0 68 83
120 68 0
0 67 85
120 67 0
0 66 87
120 66 0
0 64 89
120 64 0
0 63 92
120 63 0
0 61 94
120 61 0
0 56 96
120 56 0
360 93 90
120 93 0
0 92 81
120 92 0
0 100 77
120 100 0
0 88 77
120 88 0
0 90 90
120 90 0
0 88 77
120 88 0
0 97 77
120 97 0
0 85 77
120 85 0
0 87 89
120 87 0
0 85 77
120 85 0
0 92 77
120 92 0
0 80 77
120 80 0
0 81 89
120 81 0
0 80 77
120 80 0
0 88 77
120 88 0
0 76 77
120 76 0
0 78 88
120 78 0
0 76 77
120 76 0
0 85 77
120 85 0
0 73 77
120 73 0
0 75 89
120 75 0
0 73 77
120 73 0
0 80 77
120 80 0
0 68 77
120 68 0
0 69 90
120 69 0
0 68 77
120 68 0
0 76 77
120 76 0
0 64 77
120 64 0
0 66 88
120 66 0
0 64 77
120 64 0
0 73 77
120 73 0
0 61 77
120 61 0
0 63 89
120 63 0
0 61 77
120 61 0
0 68 77
120 68 0
0 56 77
120 56 0
0 63 89
120 63 0
0 61 77
120 61 0
0 68 77
120 68 0
0 56 77
120 56 0
0 63 89
120 63 0
0 61 77
120 61 0
0 69 77
120 69 0
0 57 77
120 57 0
0 63 89
120 63 0
0 61 75
120 61 0
0 68 74
120 68 0
0 56 73
120 56 0
0 63 83
120 63 0
0 61 71
120 61 0
0 67 71
120 67 0
0 55 70
120 55 0
0 63 79
120 63 0
0 61 68
120 61 0
0 68 67
120 68 0
0 56 66
120 56 0
0 63 75
120 63 0
0 60 63
120 60 0
0 68 63
120 68 0
0 56 62
120 56 0
0 63 73
120 63 0
0 61 65
120 61 0
0 68 65
120 68 0
0 56 65
120 56 0
0 69 69
120 69 0
0 68 65
120 68 0
0 76 83
120 76 0
0 64 64
120 64 0
0 69 70
120 69 0
0 68 66
120 68 0
0 76 83
120 76 0
0 64 60
120 64 0
0 69 68
120 69 0
0 68 62
120 68 0
0 75 79
120 75 0
0 63 71
120 63 0
0 69 68
120 69 0
0 68 66
120 68 0
0 75 83
120 75 0
0 64 60
120 64 0
0 69 68
120 69 0
0 68 62
120 68 0
0 73 79
120 73 0
0 61 71
120 61 0
0 64 54
120 64 0
0 63 49
120 63 0
0 68 62
120 68 0
0 56 45
120 56 0
0 64 51
120 64 0
0 63 46
120 63 0
0 68 59
120 68 0
0 56 53
120 56 0
0 63 54
120 63 0
0 61 49
120 61 0
0 68 62
120 68 0
0 56 45
120 56 0
0 69 67
120 69 0
0 68 65
120 68 0
0 76 83
120 76 0
0 64 64
120 64 0
0 69 68
120 69 0
0 68 66
120 68 0
0 76 83
120 76 0
0 64 60
120 64 0
0 69 65
120 69 0
0 68 62
120 68 0
0 75 79
120 75 0
0 63 66
120 63 0
0 69 66
120 69 0
0 68 66
120 68 0
0 75 83
120 75 0
0 64 60
120 64 0
0 69 67
120 69 0
0 68 62
120 68 0
0 73 79
120 73 0
0 61 71
120 61 0
0 64 54
120 64 0
0 63 49
120 63 0
0 68 62
120 68 0
0 56 45
120 56 0
0 64 51
120 64 0
0 63 46
120 63 0
0 68 59
120 68 0
0 56 53
120 56 0
0 63 54
120 63 0
0 61 49
120 61 0
0 68 62
120 68 0
0 56 45
120 56 0
0 69 55
120 69 0
0 68 48
120 68 0
0 76 62
120 76 0
0 64 48
120 64 0
0 66 54
120 66 0
0 64 49
120 64 0
0 73 62
120 73 0
0 61 45
120 61 0
0 69 51
120 69 0
0 68 46
120 68 0
0 76 59
120 76 0
0 64 53
120 64 0
0 63 54
120 63 0
0 61 49
120 61 0
0 68 62
120 68 0
0 56 45
120 56 0
0 69 55
120 69 0
0 68 48
120 68 0
0 76 62
120 76 0
0 64 48
120 64 0
0 66 54
120 66 0
0 64 49
120 64 0
0 73 62
120 73 0
0 61 45
120 61 0
0 69 51
120 69 0
0 68 46
120 68 0
0 76 59
120 76 0
0 64 53
120 64 0
0 66 54
120 66 0
0 64 49
120 64 0
0 73 61
120 73 0
0 61 44
120 61 0
0 69 53
120 69 0
0 68 46
120 68 0
0 73 60
120 73 0
0 61 46
120 61 0
0 66 51
120 66 0
0 64 46
120 64 0
0 73 58
120 73 0
0 61 42
120 61 0
0 69 47
120 69 0
0 68 42
120 68 0
0 73 54
120 73 0
0 61 48
120 61 0
0 66 48
120 66 0
0 64 44
120 64 0
0 73 55
120 73 0
0 61 40
120 61 0
0 69 48
120 69 0
0 68 41
120 68 0
0 73 53
120 73 0
0 61 41
120 61 0
0 66 45
120 66 0
0 64 41
120 64 0
0 73 52
120 73 0
0 61 37
120 61 0
0 69 42
120 69 0
0 68 37
120 68 0
0 73 48
120 73 0
0 61 42
120 61 0
0 63 43
120 63 0
0 61 39
120 61 0
0 68 49
120 68 0
0 56 36
120 56 0
0 63 44
120 63 0
0 61 38
120 61 0
0 68 49
120 68 0
0 56 38
120 56 0
0 63 43
120 63 0
0 61 39
120 61 0
0 68 49
120 68 0
0 56 36
120 56 0
0 63 40
120 63 0
0 61 36
120 61 0
0 68 47
120 68 0
0 56 42
120 56 0
0 63 43
120 63 0
0 61 39
120 61 0
0 68 48
120 68 0
0 56 35
120 56 0
0 63 42
120 63 0
0 61 36
120 61 0
0 68 46
120 68 0
0 56 35
120 56 0
0 63 39
120 63 0
0 61 35
120 61 0
0 68 44
120 68 0
0 56 32
120 56 0
0 63 35
120 63 0
0 61 31
120 61 0
0 68 40
120 68 0
0 56 36
120 56 0
0 63 36
120 63 0
0 61 33
120 61 0
0 68 41
120 68 0
0 56 30
120 56 0
0 63 37
120 63 0
0 61 32
120 61 0
0 68 41
120 68 0
0 56 32
120 56 0
0 63 36
120 63 0
0 61 33
120 61 0
0 68 41
120 68 0
0 56 30
120 56 0
0 63 34
120 63 0
0 61 30
120 61 0
0 68 39
120 68 0
0 56 35
120 56 0
0 63 36
120 63 0
0 61 33
120 61 0
0 68 41
120 68 0
0 56 30
120 56 0
0 63 37
120 63 0
0 61 32
120 61 0
0 68 41
120 68 0
0 56 32
120 56 0
0 63 36
120 63 0
0 61 33
120 61 0
0 68 41
120 68 0
0 56 30
120 56 0
0 63 34
120 63 0
0 61 30
120 61 0
0 68 39
120 68 0
0 56 35
120 56 0
0 63 36
120 63 0
0 61 33
120 61 0
0 68 41
120 68 0
0 56 30
120 56 0
0 63 37
120 63 0
0 61 32
120 61 0
0 68 41
120 68 0
0 56 32
120 56 0
0 63 36
120 63 0
0 61 33
120 61 0
0 68 41
120 68 0
0 56 30
120 56 0
0 63 34
120 63 0
0 61 30
120 61 0
0 68 39
120 68 0
0 56 35
120 56 0
0 63 36
120 63 0
0 61 33
120 61 0
0 68 41
120 68 0
0 56 30
120 56 0
0 63 37
120 63 0
0 61 32
120 61 0
0 68 41
120 68 0
0 56 32
120 56 0
0 63 36
120 63 0
0 61 33
120 61 0
0 68 41
120 68 0
0 56 30
120 56 0
0 63 34
120 63 0
0 61 30
120 61 0
0 68 39
120 68 0
0 56 35
120 56 0
0 63 36
120 63 0
0 61 33
120 61 0
0 68 41
120 68 0
0 56 30
120 56 0
0 63 37
120 63 0
0 61 32
120 61 0
0 68 41
120 68 0
0 56 32
120 56 0
0 63 36
120 63 0
0 61 33
120 61 0
0 68 41
120 68 0
0 56 30
120 56 0
0 63 34
120 63 0
0 61 30
120 61 0
0 68 39
120 68 0
0 56 35
120 56 0
0 63 36
120 63 0
0 61 33
120 61 0
0 68 41
120 68 0
0 56 30
120 56 0
0 63 37
120 63 0
0 61 32
120 61 0
0 68 41
120 68 0
0 56 32
120 56 0
0 63 36
120 63 0
0 61 33
120 61 0
0 68 41
120 68 0
0 56 30
120 56 0
0 63 34
120 63 0
0 61 30
120 61 0
0 68 39
120 68 0
0 56 35
120 56 0
0 63 36
120 63 0
0 61 29
120 61 0
0 68 35
120 68 0
0 53 37
120 53 0
0 63 44
120 63 0
0 61 28
120 61 0
0 68 36
120 68 0
0 53 37
120 53 0
0 63 43
120 63 0
0 61 29
120 61 0
0 68 37
120 68 0
0 53 37
120 53 0
0 63 45
120 63 0
0 61 27
120 61 0
0 68 36
120 68 0
0 53 31
120 53 0
0 65 32
120 65 0
6 63 29
114 68 35
6 63 0
114 68 0
0 54 38
120 54 0
0 65 44
120 65 0
0 63 28
120 63 0
0 68 35
120 68 0
0 54 38
120 54 0
6 65 42
120 65 0
0 63 29
114 68 37
6 63 0
114 68 0
0 54 37
120 54 0
0 65 40
120 65 0
0 63 27
120 63 0
0 68 35
120 68 0
0 54 38
120 54 0
120 54 38
60 56 40
60 60 43
120 63 48
1560 63 0
0 60 0
0 54 0
120 53 35
60 61 42
1740 61 0
0 53 0
0 56 0
0 44 79
0 56 79
3600 56 0
0 44 0
0 37 75
0 49 75
61 49 0
0 37 0
0 56 60
160 56 0
0 61 64
160 61 0
0 64 65
160 64 0
0 61 62
160 61 0
0 56 61
160 56 0
0 49 57
160 49 0
0 56 58
160 56 0
0 61 60
160 61 0
0 64 60
160 64 0
0 61 58
160 61 0
0 56 57
160 56 0
0 49 53
160 49 0
0 56 54
160 56 0
0 61 55
160 61 0
0 64 54
160 64 0
0 61 52
160 61 0
0 56 50
160 56 0
0 49 45
160 49 0
0 56 47
160 56 0
0 61 49
160 61 0
0 64 46
160 64 0
0 61 43
160 61 0
0 56 38
160 56 0
0 49 22
97 49 0
0 56 25
160 56 0
0 61 28
160 61 0
0 64 30
160 64 0
0 61 28
160 61 0
0 56 27
160 56 0
0 52 26
145 52 0
0 56 28
160 56 0
0 61 30
160 61 0
0 64 31
160 64 0
0 61 28
160 61 0
0 56 27
160 56 0
0 49 27
97 49 0
0 56 30
160 56 0
0 61 34
160 61 0
0 64 36
160 64 0
0 61 34
160 61 0
0 56 33
160 56 0
0 52 31
143 52 0
0 56 33
160 56 0
0 61 36
160 61 0
0 64 37
160 64 0
0 61 34
160 61 0
0 56 32
160 56 0
0 51 31
97 51 0
0 57 35
160 57 0
0 61 39
160 61 0
0 66 45
160 66 0
0 61 39
160 61 0
0 57 37
160 57 0
0 54 37
160 54 0
0 61 40
160 61 0
0 63 44
160 63 0
0 69 46
160 69 0
0 63 44
160 63 0
0 61 41
160 61 0
0 44 33
97 44 0
0 51 35
160 51 0
0 54 38
160 54 0
0 60 39
160 60 0
0 54 36
160 54 0
0 51 34
160 51 0
0 44 29
160 44 0
0 51 31
160 51 0
0 54 33
160 54 0
0 60 33
160 60 0
0 54 29
160 54 0
0 51 26
160 51 0
0 49 22
97 49 0
0 56 25
160 56 0
0 61 28
160 61 0
0 64 30
160 64 0
0 61 28
160 61 0
0 56 27
160 56 0
0 52 26
143 52 0
0 56 28
160 56 0
0 61 30
160 61 0
0 64 31
160 64 0
0 61 28
160 61 0
0 56 27
160 56 0
0 49 27
97 49 0
0 56 30
160 56 0
0 58 34
160 58 0
0 64 36
160 64 0
0 58 34
160 58 0
0 56 33
160 56 0
0 52 31
145 52 0
0 56 33
160 56 0
0 58 36
160 58 0
0 61 37
160 61 0
0 58 34
160 58 0
0 56 32
160 56 0
0 51 30
97 51 0
0 56 34
160 56 0
0 59 37
160 59 0
0 63 39
160 63 0
0 59 38
160 59 0
0 56 35
160 56 0
0 51 38
63 51 0
0 58 41
160 58 0
0 61 45
160 61 0
0 67 46
160 67 0
0 61 44
160 61 0
0 58 41
160 58 0
0 44 33
97 44 0
0 51 35
160 51 0
0 56 37
160 56 0
0 59 39
160 59 0
0 56 39
160 56 0
0 51 37
160 51 0
0 44 33
160 44 0
0 51 35
160 51 0
0 56 38
160 56 0
0 59 39
160 59 0
0 56 35
160 56 0
0 51 33
160 51 0
0 45 39
108 45 0
0 49 41
160 49 0
0 54 43
160 54 0
0 57 45
160 57 0
0 54 44
160 54 0
0 49 42
160 49 0
0 45 42
160 45 0
0 49 44
160 49 0
0 54 45
160 54 0
0 57 45
160 57 0
0 54 45
160 54 0
0 49 44
160 49 0
0 47 44
69 47 0
0 54 46
160 54 0
0 57 48
160 57 0
0 59 49
160 59 0
0 57 47
160 57 0
0 54 45
160 54 0
0 40 45
68 40 0
0 47 46
160 47 0
0 52 48
160 52 0
0 56 47
160 56 0
0 52 46
160 52 0
0 47 45
160 47 0
0 45 44
91 45 0
0 49 46
160 49 0
0 54 48
160 54 0
0 57 49
160 57 0
0 54 47
160 54 0
0 49 45
160 49 0
0 45 45
160 45 0
0 49 46
160 49 0
0 54 48
160 54 0
0 57 47
160 57 0
0 54 46
160 54 0
0 49 45
160 49 0
0 47 44
69 47 0
0 51 46
160 51 0
0 57 48
160 57 0
0 59 49
160 59 0
0 57 47
160 57 0
0 51 45
160 51 0
0 40 45
68 40 0
0 47 46
160 47 0
0 52 48
160 52 0
0 56 47
160 56 0
0 52 46
160 52 0
0 47 45
160 47 0
0 45 30
69 45 0
0 49 33
160 49 0
0 54 34
160 54 0
0 57 35
160 57 0
0 54 34
160 54 0
0 49 34
160 49 0
0 45 34
160 45 0
0 49 34
160 49 0
0 54 36
160 54 0
0 57 36
160 57 0
0 54 35
160 54 0
0 49 34
160 49 0
0 47 34
69 47 0
0 54 37
160 54 0
0 57 38
160 57 0
0 59 39
160 59 0
0 57 38
160 57 0
0 54 38
160 54 0
0 40 37
68 40 0
0 47 39
160 47 0
0 52 40
160 52 0
0 56 40
160 56 0
0 52 40
160 52 0
0 47 39
160 47 0
0 45 39
69 45 0
0 49 42
160 49 0
0 54 43
160 54 0
0 57 45
160 57 0
0 54 43
160 54 0
0 49 42
160 49 0
0 45 42
68 45 0
0 51 44
160 51 0
0 54 45
160 54 0
0 57 44
160 57 0
0 54 44
160 54 0
0 51 42
160 51 0
0 44 42
68 44 0
0 51 44
160 51 0
0 54 45
160 54 0
0 60 42
103 60 0
0 54 42
160 54 0
0 51 40
160 51 0
0 44 39
160 44 0
0 51 41
160 51 0
0 54 42
160 54 0
0 60 40
160 60 0
0 54 39
160 54 0
0 51 38
160 51 0
0 45 38
68 45 0
0 51 39
160 51 0
0 54 40
160 54 0
0 59 38
103 59 0
0 54 38
160 54 0
0 51 36
160 51 0
0 46 35
103 46 0
0 51 37
160 51 0
0 54 38
160 54 0
0 58 36
101 58 0
0 54 35
160 54 0
0 51 34
160 51 0
0 48 34
91 48 0
0 51 34
160 51 0
0 54 35
160 54 0
0 57 34
103 57 0
0 54 34
160 54 0
0 51 32
160 51 0
0 48 31
160 48 0
0 51 33
160 51 0
0 54 33
160 54 0
0 57 31
160 57 0
0 54 31
160 54 0
0 51 29
160 51 0
0 45 28
68 45 0
0 51 29
160 51 0
0 54 29
160 54 0
0 59 31
103 59 0
0 54 29
160 54 0
0 51 28
160 51 0
0 46 25
103 46 0
0 51 26
160 51 0
0 54 27
160 54 0
0 58 28
68 58 0
0 54 27
160 54 0
0 51 25
160 51 0
0 47 24
97 47 0
0 51 26
160 51 0
0 54 27
160 54 0
0 57 28
103 57 0
0 54 27
160 54 0
0 51 25
160 51 0
0 48 22
103 48 0
0 51 23
160 51 0
0 54 24
160 54 0
0 56 24
74 56 0
0 54 23
160 54 0
0 51 22
160 51 0
0 49 22
97 49 0
0 56 25
160 56 0
0 61 28
160 61 0
0 64 30
160 64 0
0 61 28
160 61 0
0 56 27
160 56 0
0 52 26
143 52 0
0 56 28
160 56 0
0 61 30
160 61 0
0 64 31
160 64 0
0 61 28
160 61 0
0 56 27
160 56 0
0 49 27
97 49 0
0 56 30
160 56 0
0 61 34
160 61 0
0 64 36
160 64 0
0 61 34
160 61 0
0 56 33
160 56 0
0 52 31
143 52 0
0 56 33
160 56 0
0 61 36
160 61 0
0 64 37
160 64 0
0 61 34
160 61 0
0 56 32
160 56 0
0 51 31
97 51 0
0 57 35
160 57 0
0 61 39
160 61 0
0 66 45
160 66 0
0 61 39
160 61 0
0 57 37
160 57 0
0 54 37
160 54 0
0 61 40
160 61 0
0 63 44
160 63 0
0 69 46
160 69 0
0 63 44
160 63 0
0 61 41
160 61 0
0 44 33
97 44 0
0 51 36
160 51 0
0 54 39
160 54 0
0 60 41
160 60 0
0 54 39
160 54 0
0 51 37
160 51 0
0 44 33
160 44 0
0 51 35
160 51 0
0 54 38
160 54 0
0 60 39
160 60 0
0 54 35
160 54 0
0 51 33
160 51 0
0 49 28
97 49 0
0 56 32
160 56 0
0 61 34
160 61 0
0 64 37
160 64 0
0 61 35
160 61 0
0 56 33
160 56 0
0 52 31
80 52 0
0 56 33
160 56 0
0 61 35
160 61 0
0 64 36
160 64 0
0 61 33
160 61 0
0 56 31
160 56 0
0 54 28
97 54 0
0 61 33
160 61 0
0 63 35
160 63 0
0 69 38
160 69 0
0 63 36
160 63 0
0 61 34
160 61 0
0 56 32
80 56 0
0 61 34
160 61 0
0 65 37
160 65 0
0 71 39
160 71 0
0 65 34
160 65 0
0 61 33
160 61 0
0 57 30
97 57 0
0 61 34
160 61 0
0 66 37
160 66 0
0 69 40
160 69 0
0 66 39
160 66 0
0 61 35
160 61 0
0 56 34
80 56 0
0 61 36
160 61 0
0 65 39
160 65 0
0 71 40
160 71 0
0 65 37
160 65 0
0 61 34
160 61 0
0 57 32
97 57 0
0 61 36
160 61 0
0 66 39
160 66 0
0 69 42
160 69 0
0 66 40
160 66 0
0 61 38
160 61 0
0 48 36
80 48 0
0 54 38
160 54 0
0 56 41
160 56 0
0 63 42
160 63 0
0 56 39
160 56 0
0 54 37
160 54 0
0 49 35
97 49 0
0 56 39
160 56 0
0 61 43
160 61 0
0 64 45
160 64 0
0 61 44
160 61 0
0 56 42
160 56 0
0 51 44
68 51 0
0 56 41
160 56 0
0 60 45
160 60 0
0 66 46
160 66 0
0 60 44
160 60 0
0 56 41
160 56 0
0 52 35
97 52 0
0 56 39
160 56 0
0 61 43
160 61 0
0 64 45
160 64 0
0 61 44
160 61 0
0 56 42
160 56 0
0 54 44
63 54 0
0 61 41
160 61 0
0 63 45
160 63 0
0 69 46
160 69 0
0 63 48
160 63 0
0 61 51
160 61 0
0 68 71
0 64 71
0 61 71
0 56 71
240 56 0
0 68 0
0 64 0
0 61 0
720 69 71
0 64 71
0 61 71
0 55 71
469 55 0
0 69 0
0 64 0
0 61 0
903 32 78
0 44 78
113 44 0
0 32 0
332 76 75
0 64 75
480 64 0
0 76 0
0 61 78
0 73 78
480 73 0
0 61 0
0 56 78
0 68 78
480 68 0
0 56 0
0 52 78
0 64 78
480 64 0
0 52 0
0 49 74
0 61 74
480 61 0
0 49 0
0 44 78
0 56 78
480 56 0
0 44 0
0 40 74
0 52 74
480 52 0
0 40 0
0 37 78
0 49 78
409 49 0
0 37 0
0 32 73
0 44 73
480 44 0
0 32 0
0 32 78
0 44 78
480 44 0
0 32 0
0 33 74
0 45 74
395 45 0
0 33 0
0 32 78
0 44 78
406 44 0
0 32 0
0 31 72
0 43 72
360 43 0
0 31 0
0 32 69
0 44 69
360 44 0
0 32 0
0 37 95
54 37 0
0 44 55
160 44 0
0 49 56
160 49 0
0 53 56
160 53 0
0 56 58
160 56 0
0 61 59
160 61 0
0 65 59
160 65 0
0 61 57
160 61 0
0 56 52
160 56 0
0 53 49
160 53 0
0 49 46
160 49 0
0 44 41
160 44 0
0 37 40
160 37 0
0 44 41
160 44 0
0 49 42
160 49 0
0 53 43
160 53 0
0 56 44
160 56 0
0 61 45
160 61 0
0 65 45
160 65 0
0 61 45
160 61 0
0 56 44
160 56 0
0 53 43
160 53 0
0 49 42
160 49 0
0 44 41
0 37 25
47 37 0
0 44 0
0 56 26
160 56 0
0 60 27
160 60 0
0 63 28
160 63 0
0 60 28
160 60 0
0 56 27
160 56 0
0 49 27
160 49 0
0 56 27
160 56 0
0 60 28
160 60 0
0 66 28
160 66 0
0 60 27
160 60 0
0 56 26
160 56 0
0 49 27
107 49 0
0 56 28
160 56 0
0 61 28
160 61 0
0 65 29
160 65 0
0 61 30
160 61 0
0 56 28
160 56 0
0 49 27
100 49 0
0 56 28
160 56 0
0 65 29
160 65 0
160 65 30
160 65 0
0 56 29
160 56 0
0 66 30
40 66 0
0 63 26
160 63 0
0 56 26
160 56 0
0 65 30
61 65 0
0 61 26
160 61 0
0 56 26
160 56 0
0 63 30
75 63 0
0 60 23
160 60 0
0 56 23
160 56 0
0 61 29
89 61 0
0 56 24
160 56 0
0 53 24
160 53 0
0 44 26
96 44 0
0 51 27
160 51 0
0 56 27
160 56 0
0 60 28
160 60 0
0 56 27
160 56 0
0 51 27
160 51 0
0 42 27
47 42 0
0 54 27
160 54 0
0 58 28
160 58 0
0 61 29
160 61 0
0 58 28
160 58 0
0 54 28
160 54 0
0 46 27
97 46 0
0 53 27
160 53 0
0 58 28
160 58 0
0 62 28
160 62 0
0 58 28
160 58 0
0 53 27
160 53 0
0 46 28
94 46 0
0 58 29
160 58 0
0 62 30
160 62 0
0 68 33
160 68 0
0 62 31
160 62 0
0 58 29
160 58 0
0 51 34
107 51 0
0 66 31
160 66 0
0 58 28
160 58 0
0 53 32
91 53 0
0 65 30
160 65 0
0 57 28
160 57 0
0 54 31
100 54 0
0 63 28
160 63 0
0 58 29
160 58 0
0 56 30
97 56 0
0 66 27
160 66 0
0 60 27
160 60 0
0 49 25
75 49 0
0 56 27
160 56 0
0 61 29
160 61 0
0 65 30
160 65 0
0 61 29
160 61 0
0 56 27
160 56 0
0 51 27
100 51 0
0 55 28
160 55 0
0 61 29
160 61 0
0 63 30
160 63 0
0 61 29
160 61 0
0 55 27
160 55 0
0 44 23
54 44 0
0 51 25
160 51 0
0 56 27
160 56 0
0 60 28
160 60 0
0 56 27
160 56 0
0 51 27
160 51 0
0 44 25
68 44 0
0 51 25
160 51 0
0 54 27
160 54 0
0 58 28
160 58 0
0 54 26
160 54 0
0 51 25
160 51 0
0 44 24
64 44 0
0 51 26
160 51 0
0 56 27
160 56 0
0 60 28
160 60 0
0 56 28
160 56 0
0 51 27
160 51 0
0 44 27
160 44 0
0 56 27
160 56 0
0 60 28
160 60 0
0 66 28
160 66 0
0 60 27
160 60 0
0 58 26
160 58 0
0 49 27
68 49 0
0 56 28
160 56 0
0 61 28
160 61 0
0 65 29
160 65 0
0 61 30
160 61 0
0 56 28
160 56 0
0 49 27
54 49 0
0 56 28
160 56 0
0 65 29
160 65 0
160 65 30
160 65 0
0 56 29
160 56 0
0 66 30
86 66 0
0 63 26
160 63 0
0 56 26
160 56 0
0 65 30
61 65 0
0 61 26
160 61 0
0 56 26
160 56 0
0 63 30
75 63 0
0 60 23
160 60 0
0 56 23
160 56 0
0 61 29
89 61 0
0 56 24
160 56 0
0 53 24
160 53 0
0 44 26
96 44 0
0 51 27
160 51 0
0 56 27
160 56 0
0 60 28
160 60 0
0 56 27
160 56 0
0 51 27
160 51 0
0 42 27
75 42 0
0 54 27
160 54 0
0 58 28
160 58 0
0 61 29
160 61 0
0 58 28
160 58 0
0 54 28
160 54 0
0 46 27
97 46 0
0 53 27
160 53 0
0 58 28
160 58 0
0 62 28
160 62 0
0 58 28
160 58 0
0 53 27
160 53 0
0 46 28
91 46 0
0 58 29
160 58 0
0 62 30
160 62 0
0 68 33
160 68 0
0 62 31
160 62 0
0 58 29
160 58 0
0 51 34
107 51 0
0 66 31
160 66 0
0 58 28
160 58 0
0 53 32
91 53 0
0 65 30
160 65 0
0 57 28
160 57 0
0 54 31
100 54 0
0 63 28
160 63 0
0 58 29
160 58 0
0 56 30
97 56 0
0 66 27
160 66 0
0 60 27
160 60 0
0 49 25
75 49 0
0 56 27
160 56 0
0 61 29
160 61 0
0 65 30
160 65 0
0 61 29
160 61 0
0 56 27
160 56 0
0 49 27
100 49 0
0 56 28
160 56 0
0 60 29
160 60 0
0 66 30
160 66 0
0 60 29
160 60 0
0 56 27
160 56 0
0 49 27
54 49 0
0 56 28
160 56 0
0 60 30
160 60 0
0 66 31
160 66 0
0 60 30
160 60 0
0 56 28
160 56 0
0 49 27
75 49 0
0 56 27
160 56 0
0 61 28
160 61 0
0 65 30
160 65 0
0 61 28
160 61 0
0 56 27
160 56 0
0 44 34
100 44 0
0 51 33
160 51 0
0 56 34
160 56 0
0 60 34
160 60 0
0 56 33
160 56 0
0 51 32
160 51 0
0 44 31
96 44 0
0 51 33
160 51 0
0 55 34
160 55 0
0 61 34
160 61 0
0 55 33
160 55 0
0 51 30
160 51 0
0 44 36
117 44 0
0 51 30
160 51 0
0 56 32
160 56 0
0 60 33
160 60 0
0 56 32
160 56 0
0 51 30
160 51 0
0 49 27
123 49 0
0 56 29
160 56 0
0 61 30
160 61 0
0 64 31
160 64 0
0 61 30
160 61 0
0 56 29
160 56 0
0 39 34
100 39 0
0 51 33
160 51 0
0 56 34
160 56 0
0 60 34
160 60 0
0 56 33
160 56 0
0 51 32
160 51 0
0 39 31
96 39 0
0 51 33
160 51 0
0 55 34
160 55 0
0 61 34
160 61 0
0 55 33
160 55 0
0 51 30
160 51 0
0 44 34
68 44 0
0 51 30
160 51 0
0 56 32
160 56 0
0 60 33
160 60 0
0 56 32
160 56 0
0 51 30
160 51 0
0 42 19
68 42 0
0 54 20
160 54 0
0 58 22
160 58 0
0 61 22
160 61 0
0 58 20
160 58 0
0 54 20
160 54 0
0 44 21
87 44 0
0 56 22
160 56 0
0 60 22
160 60 0
0 63 23
160 63 0
0 60 23
160 60 0
0 56 22
160 56 0
0 49 22
160 49 0
0 56 23
160 56 0
0 60 25
160 60 0
0 66 27
160 66 0
0 60 26
160 60 0
0 56 25
160 56 0
0 49 27
61 49 0
0 56 28
160 56 0
0 61 28
160 61 0
0 65 29
160 65 0
0 61 30
160 61 0
0 56 28
160 56 0
0 49 27
100 49 0
0 56 28
160 56 0
0 65 29
160 65 0
160 65 30
160 65 0
0 56 29
160 56 0
0 66 30
93 66 0
0 63 26
160 63 0
0 56 26
160 56 0
0 65 30
61 65 0
0 61 26
160 61 0
0 56 26
160 56 0
0 63 30
75 63 0
0 60 23
160 60 0
0 56 23
160 56 0
0 61 29
89 61 0
0 56 24
160 56 0
0 53 24
160 53 0
0 44 26
96 44 0
0 51 27
160 51 0
0 56 27
160 56 0
0 60 28
160 60 0
0 56 27
160 56 0
0 51 27
160 51 0
0 42 27
61 42 0
0 54 27
160 54 0
0 58 28
160 58 0
0 61 29
160 61 0
0 58 28
160 58 0
0 54 28
160 54 0
0 46 27
97 46 0
0 53 27
160 53 0
0 58 28
160 58 0
0 62 28
160 62 0
0 58 28
160 58 0
0 53 27
160 53 0
0 46 28
97 46 0
0 58 29
160 58 0
0 62 30
160 62 0
0 68 33
160 68 0
0 62 31
160 62 0
0 58 29
160 58 0
0 51 34
107 51 0
0 66 31
160 66 0
0 58 28
160 58 0
0 53 32
91 53 0
0 65 30
160 65 0
0 57 28
160 57 0
0 54 31
100 54 0
0 63 28
160 63 0
0 58 29
160 58 0
0 56 30
97 56 0
0 66 27
160 66 0
0 60 27
160 60 0
0 49 25
75 49 0
0 56 27
160 56 0
0 61 29
160 61 0
0 65 30
160 65 0
0 61 29
160 61 0
0 56 27
160 56 0
0 49 27
100 49 0
0 56 28
160 56 0
0 60 29
160 60 0
0 66 30
160 66 0
0 60 29
160 60 0
0 56 27
160 56 0
0 49 27
54 49 0
0 56 28
160 56 0
0 60 30
160 60 0
0 66 31
160 66 0
0 60 30
160 60 0
0 56 28
160 56 0
0 49 27
61 49 0
0 56 27
160 56 0
0 61 28
160 61 0
0 65 30
160 65 0
0 61 28
160 61 0
0 56 27
160 56 0
0 44 34
100 44 0
0 51 33
160 51 0
0 56 34
160 56 0
0 60 34
160 60 0
0 56 33
160 56 0
0 51 32
160 51 0
0 44 31
96 44 0
0 51 33
160 51 0
0 55 34
160 55 0
0 61 34
160 61 0
0 55 33
160 55 0
0 51 30
160 51 0
0 44 36
117 44 0
0 51 30
160 51 0
0 56 32
160 56 0
0 60 33
160 60 0
0 56 32
160 56 0
0 51 30
160 51 0
0 49 27
123 49 0
0 56 29
160 56 0
0 61 30
160 61 0
0 64 31
160 64 0
0 61 30
160 61 0
0 56 29
160 56 0
0 39 34
100 39 0
0 51 33
160 51 0
0 56 34
160 56 0
0 60 34
160 60 0
0 56 33
160 56 0
0 51 32
160 51 0
0 39 31
96 39 0
0 51 33
160 51 0
0 55 34
160 55 0
0 61 34
160 61 0
0 55 33
160 55 0
0 51 30
160 51 0
0 44 34
61 44 0
0 51 30
160 51 0
0 56 32
160 56 0
0 60 33
160 60 0
0 56 32
160 56 0
0 51 30
160 51 0
0 42 19
58 42 0
0 54 20
160 54 0
0 58 22
160 58 0
0 61 22
160 61 0
0 58 20
160 58 0
0 54 20
160 54 0
0 44 21
84 44 0
0 51 22
160 51 0
0 56 22
160 56 0
0 60 23
160 60 0
0 56 23
160 56 0
0 51 22
160 51 0
0 44 22
160 44 0
0 56 23
160 56 0
0 60 25
160 60 0
0 66 27
160 66 0
0 60 26
160 60 0
0 58 25
160 58 0
0 49 27
68 49 0
0 56 28
160 56 0
0 61 28
160 61 0
0 65 29
160 65 0
0 61 30
160 61 0
0 56 28
160 56 0
0 49 27
61 49 0
0 56 28
160 56 0
0 65 29
160 65 0
160 65 30
160 65 0
0 56 29
160 56 0
0 66 30
82 66 0
0 63 26
160 63 0
0 56 26
160 56 0
0 65 30
93 65 0
0 61 26
160 61 0
0 56 26
160 56 0
0 63 30
75 63 0
0 60 23
160 60 0
0 56 23
160 56 0
0 61 29
89 61 0
0 56 24
160 56 0
0 53 24
160 53 0
0 44 26
96 44 0
0 51 27
160 51 0
0 56 27
160 56 0
0 60 28
160 60 0
0 56 27
160 56 0
0 51 27
160 51 0
0 42 27
68 42 0
0 54 27
160 54 0
0 58 28
160 58 0
0 61 29
160 61 0
0 58 28
160 58 0
0 54 28
160 54 0
0 46 27
97 46 0
0 53 27
160 53 0
0 58 28
160 58 0
0 62 28
160 62 0
0 58 28
160 58 0
0 53 27
160 53 0
0 46 28
100 46 0
0 58 29
160 58 0
0 62 30
160 62 0
0 68 33
160 68 0
0 62 31
160 62 0
0 58 29
160 58 0
0 51 34
85 51 0
0 66 31
160 66 0
0 58 28
160 58 0
0 53 31
51 53 0
0 65 28
160 65 0
0 57 28
160 57 0
0 54 30
68 54 0
0 63 25
160 63 0
0 58 25
160 58 0
0 56 30
97 56 0
0 66 27
160 66 0
0 60 27
160 60 0
0 49 22
75 49 0
0 56 23
160 56 0
0 61 26
160 61 0
0 65 27
160 65 0
0 61 26
160 61 0
0 56 23
160 56 0
0 49 23
100 49 0
0 56 24
160 56 0
0 60 26
160 60 0
0 66 27
160 66 0
0 60 26
160 60 0
0 56 23
160 56 0
0 49 20
54 49 0
0 56 21
160 56 0
0 60 22
160 60 0
0 66 24
160 66 0
0 60 22
160 60 0
0 56 22
160 56 0
0 49 20
160 49 0
0 56 21
160 56 0
0 60 22
160 60 0
0 66 22
160 66 0
0 60 22
160 60 0
0 56 21
160 56 0
0 49 22
97 49 0
0 56 25
160 56 0
0 61 28
160 61 0
0 64 30
160 64 0
0 61 28
160 61 0
0 56 27
160 56 0
0 52 26
143 52 0
0 56 28
160 56 0
0 61 30
160 61 0
0 64 31
160 64 0
0 61 28
160 61 0
0 56 27
160 56 0
0 49 27
97 49 0
0 56 30
160 56 0
0 61 34
160 61 0
0 64 36
160 64 0
0 61 34
160 61 0
0 56 33
160 56 0
0 52 31
143 52 0
0 56 33
160 56 0
0 61 36
160 61 0
0 64 37
160 64 0
0 61 34
160 61 0
0 56 32
160 56 0
0 51 31
97 51 0
0 57 35
160 57 0
0 61 39
160 61 0
0 66 45
160 66 0
0 61 39
160 61 0
0 57 37
160 57 0
0 54 37
160 54 0
0 61 40
160 61 0
0 63 44
160 63 0
0 69 46
160 69 0
0 63 44
160 63 0
0 61 41
160 61 0
0 44 33
97 44 0
0 51 35
160 51 0
0 54 38
160 54 0
0 60 39
160 60 0
0 54 36
160 54 0
0 51 34
160 51 0
0 44 29
160 44 0
0 51 31
160 51 0
0 54 33
160 54 0
0 60 33
160 60 0
0 54 29
160 54 0
0 51 26
160 51 0
0 49 22
97 49 0
0 56 25
160 56 0
0 61 28
160 61 0
0 64 30
160 64 0
0 61 28
160 61 0
0 56 27
160 56 0
0 52 26
143 52 0
0 56 28
160 56 0
0 61 30
160 61 0
0 64 31
160 64 0
0 61 28
160 61 0
0 56 27
160 56 0
0 49 27
97 49 0
0 56 30
160 56 0
0 58 34
160 58 0
0 64 36
160 64 0
0 58 34
160 58 0
0 56 33
160 56 0
0 52 31
143 52 0
0 56 33
160 56 0
0 58 36
160 58 0
0 61 37
160 61 0
0 58 34
160 58 0
0 56 32
160 56 0
0 51 30
97 51 0
0 56 34
160 56 0
0 59 37
160 59 0
0 63 39
160 63 0
0 59 38
160 59 0
0 56 35
160 56 0
0 51 38
85 51 0
0 58 41
160 58 0
0 61 45
160 61 0
0 67 46
160 67 0
0 61 44
160 61 0
0 58 41
160 58 0
0 44 33
97 44 0
0 51 35
160 51 0
0 56 37
160 56 0
0 59 39
160 59 0
0 56 39
160 56 0
0 51 37
160 51 0
0 44 33
160 44 0
0 51 35
160 51 0
0 56 38
160 56 0
0 59 39
160 59 0
0 56 35
160 56 0
0 51 33
160 51 0
0 45 39
69 45 0
0 49 41
160 49 0
0 54 43
160 54 0
0 57 45
160 57 0
0 54 44
160 54 0
0 49 42
160 49 0
0 45 42
160 45 0
0 49 44
160 49 0
0 54 45
160 54 0
0 57 45
160 57 0
0 54 45
160 54 0
0 49 44
160 49 0
0 51 44
69 51 0
0 54 46
160 54 0
0 57 48
160 57 0
0 59 49
160 59 0
0 57 47
160 57 0
0 54 45
160 54 0
0 40 45
68 40 0
0 47 46
160 47 0
0 52 48
160 52 0
0 56 47
160 56 0
0 52 46
160 52 0
0 47 45
160 47 0
0 45 44
91 45 0
0 49 46
160 49 0
0 54 48
160 54 0
0 57 49
160 57 0
0 54 47
160 54 0
0 49 45
160 49 0
0 45 45
160 45 0
0 49 46
160 49 0
0 54 48
160 54 0
0 57 47
160 57 0
0 54 46
160 54 0
0 49 45
160 49 0
0 47 44
69 47 0
0 51 46
160 51 0
0 57 48
160 57 0
0 59 49
160 59 0
0 57 47
160 57 0
0 51 45
160 51 0
0 40 45
51 40 0
0 47 46
160 47 0
0 52 48
160 52 0
0 56 47
160 56 0
0 52 46
160 52 0
0 47 45
160 47 0
0 45 30
69 45 0
0 49 33
160 49 0
0 54 34
160 54 0
0 57 35
160 57 0
0 54 34
160 54 0
0 49 34
160 49 0
0 45 34
160 45 0
0 49 34
160 49 0
0 54 36
160 54 0
0 57 36
160 57 0
0 54 35
160 54 0
0 49 34
160 49 0
0 47 34
69 47 0
0 54 37
160 54 0
0 57 38
160 57 0
0 59 39
160 59 0
0 57 38
160 57 0
0 54 38
160 54 0
0 40 37
68 40 0
0 47 39
160 47 0
0 52 40
160 52 0
0 56 40
160 56 0
0 52 40
160 52 0
0 47 39
160 47 0
0 45 39
69 45 0
0 49 42
160 49 0
0 54 43
160 54 0
0 57 45
160 57 0
0 54 43
160 54 0
0 49 42
160 49 0
0 45 42
68 45 0
0 51 44
160 51 0
0 54 45
160 54 0
0 57 44
160 57 0
0 54 44
160 54 0
0 51 42
160 51 0
0 44 42
68 44 0
0 51 44
160 51 0
0 54 45
160 54 0
0 60 42
103 60 0
0 54 42
160 54 0
0 51 40
160 51 0
0 44 39
160 44 0
0 51 41
160 51 0
0 54 42
160 54 0
0 60 40
160 60 0
0 54 39
160 54 0
0 51 38
160 51 0
0 45 38
68 45 0
0 51 39
160 51 0
0 54 40
160 54 0
0 59 38
103 59 0
0 54 38
160 54 0
0 51 36
160 51 0
0 46 35
103 46 0
0 51 37
160 51 0
0 54 38
160 54 0
0 58 36
109 58 0
0 54 35
160 54 0
0 51 34
160 51 0
0 48 34
103 48 0
0 51 34
160 51 0
0 54 35
160 54 0
0 57 34
103 57 0
0 54 34
160 54 0
0 51 32
160 51 0
0 48 31
160 48 0
0 51 33
160 51 0
0 54 33
160 54 0
0 57 31
160 57 0
0 54 31
160 54 0
0 51 29
160 51 0
0 45 28
68 45 0
0 51 29
160 51 0
0 54 30
160 54 0
0 59 32
103 59 0
0 54 31
160 54 0
0 51 29
160 51 0
0 46 27
103 46 0
0 51 28
160 51 0
0 54 29
160 54 0
0 58 30
100 58 0
0 54 29
160 54 0
0 51 28
160 51 0
0 47 28
68 47 0
0 51 28
160 51 0
0 54 28
160 54 0
0 57 30
103 57 0
0 54 28
160 54 0
0 51 27
160 51 0
0 48 23
103 48 0
0 51 24
160 51 0
0 54 25
160 54 0
0 56 25
109 56 0
0 54 24
160 54 0
0 51 22
160 51 0
0 49 22
97 49 0
0 56 25
160 56 0
0 61 28
160 61 0
0 64 30
160 64 0
0 61 28
160 61 0
0 56 27
160 56 0
0 52 26
143 52 0
0 56 28
160 56 0
0 61 30
160 61 0
0 64 31
160 64 0
0 61 28
160 61 0
0 56 27
160 56 0
0 49 27
97 49 0
0 56 30
160 56 0
0 61 34
160 61 0
0 64 36
160 64 0
0 61 34
160 61 0
0 56 33
160 56 0
0 52 31
143 52 0
0 56 33
160 56 0
0 61 36
160 61 0
0 64 37
160 64 0
0 61 34
160 61 0
0 56 32
160 56 0
0 51 31
97 51 0
0 57 35
160 57 0
0 61 39
160 61 0
0 66 45
160 66 0
0 61 39
160 61 0
0 57 37
160 57 0
0 54 37
160 54 0
0 61 40
160 61 0
0 63 44
160 63 0
0 69 46
160 69 0
0 63 44
160 63 0
0 61 41
160 61 0
0 44 33
97 44 0
0 51 35
160 51 0
0 54 38
160 54 0
0 60 39
160 60 0
0 54 36
160 54 0
0 51 34
160 51 0
0 44 29
160 44 0
0 51 31
160 51 0
0 54 33
160 54 0
0 60 33
160 60 0
0 54 29
160 54 0
0 51 26
160 51 0
0 49 22
97 49 0
0 56 25
160 56 0
0 61 28
160 61 0
0 64 30
160 64 0
0 61 28
160 61 0
0 56 27
160 56 0
0 52 26
80 52 0
0 56 28
160 56 0
0 61 30
160 61 0
0 64 31
160 64 0
0 61 28
160 61 0
0 56 27
160 56 0
0 54 25
97 54 0
0 61 29
160 61 0
0 63 32
160 63 0
0 69 34
160 69 0
0 63 33
160 63 0
0 61 31
160 61 0
0 56 30
80 56 0
0 61 32
160 61 0
0 65 35
160 65 0
0 71 37
160 71 0
0 65 34
160 65 0
0 61 32
160 61 0
0 57 30
97 57 0
0 61 34
160 61 0
0 66 37
160 66 0
0 69 40
160 69 0
0 66 39
160 66 0
0 61 35
160 61 0
0 56 34
80 56 0
0 61 36
160 61 0
0 65 39
160 65 0
0 71 40
160 71 0
0 65 37
160 65 0
0 61 34
160 61 0
0 57 32
97 57 0
0 61 36
160 61 0
0 66 39
160 66 0
0 69 42
160 69 0
0 66 40
160 66 0
0 61 38
160 61 0
0 48 36
80 48 0
0 54 38
160 54 0
0 56 41
160 56 0
0 63 42
160 63 0
0 56 39
160 56 0
0 54 37
160 54 0
0 49 35
97 49 0
0 56 39
160 56 0
0 61 43
160 61 0
0 64 45
160 64 0
0 61 44
160 61 0
0 56 42
160 56 0
0 51 44
74 51 0
0 56 41
160 56 0
0 60 45
160 60 0
0 66 46
160 66 0
0 60 44
160 60 0
0 56 41
160 56 0
0 52 35
97 52 0
0 56 39
160 56 0
0 61 43
160 61 0
0 64 45
160 64 0
0 61 44
160 61 0
0 56 42
160 56 0
0 54 44
80 54 0
0 61 41
160 61 0
0 63 45
160 63 0
0 69 46
160 69 0
0 63 48
160 63 0
0 61 51
160 61 0
0 68 71
0 64 71
0 61 71
0 56 71
240 56 0
0 68 0
0 64 0
0 61 0
720 69 71
0 64 71
0 61 71
0 55 71
469 55 0
0 69 0
0 64 0
0 61 0
937 32 78
0 44 78
113 44 0
0 32 0
346 76 75
0 64 75
480 64 0
0 76 0
0 61 78
0 73 78
480 73 0
0 61 0
0 56 78
0 68 78
480 68 0
0 56 0
0 52 78
0 64 78
480 64 0
0 52 0
0 49 74
0 61 74
480 61 0
0 49 0
0 44 78
0 56 78
480 56 0
0 44 0
0 40 74
0 52 74
480 52 0
0 40 0
0 37 78
0 49 78
409 49 0
0 37 0
0 32 73
0 44 73
480 44 0
0 32 0
0 32 78
0 44 78
480 44 0
0 32 0
0 33 74
0 45 74
388 45 0
0 33 0
0 32 78
0 44 78
406 44 0
0 32 0
0 31 72
0 43 72
360 43 0
0 31 0
0 32 69
0 44 69
360 44 0
0 32 0
0 37 93
166 37 0
0 52 56
240 52 0
0 49 58
240 49 0
0 44 58
240 44 0
0 37 63
113 37 0
0 54 58
240 54 0
0 48 58
240 48 0
0 44 58
240 44 0
0 37 63
99 37 0
0 52 58
240 52 0
0 49 58
240 49 0
0 44 58
240 44 0
0 37 47
84 37 0
0 54 43
240 54 0
0 48 43
240 48 0
0 44 43
240 44 0
0 37 47
92 37 0
0 52 43
240 52 0
0 49 58
240 49 0
0 44 58
240 44 0
0 37 63
77 37 0
0 54 58
240 54 0
0 48 58
240 48 0
0 44 58
240 44 0
0 37 63
141 37 0
0 52 58
240 52 0
0 49 58
240 49 0
0 44 58
240 44 0
0 37 47
120 37 0
0 54 36
240 54 0
0 48 36
240 48 0
0 44 36
240 44 0
0 37 39
127 37 0
0 52 36
240 52 0
0 49 36
240 49 0
0 44 36
240 44 0
0 37 39
148 37 0
0 56 36
240 56 0
0 49 36
240 49 0
0 44 36
240 44 0
0 37 39
127 37 0
0 52 36
240 52 0
0 49 36
240 49 0
0 44 36
240 44 0
0 37 39
120 37 0
0 56 36
240 56 0
0 49 36
240 49 0
0 44 36
240 44 0
0 37 39
169 37 0
0 52 35
240 52 0
0 49 35
240 49 0
0 44 34
240 44 0
0 37 38
120 37 0
0 52 34
240 52 0
0 49 33
240 49 0
0 44 33
240 44 0
0 37 35
155 37 0
0 52 31
240 52 0
0 49 31
240 49 0
0 44 30
240 44 0
0 37 34
106 37 0
0 52 30
240 52 0
0 49 29
240 49 0
0 44 29
240 44 0
0 37 31
317 37 0
3360 37 39
0 44 48
1920 44 0
0 37 0
0 46 47
416 46 0
0 44 50
480 44 0
0 49 52
324 49 0
0 51 56
480 51 0
0 53 58
1856 53 0
0 56 60
1856 56 0
0 54 56
840 54 0
0 53 56
868 53 0
0 51 57
823 51 0
0 53 56
409 53 0
0 49 48
480 49 0
0 44 53
1834 44 0
0 32 50
0 44 50
1823 44 0
0 32 0
0 37 33
4 44 36
1860 44 0
0 37 0
0 37 31
0 44 37
1860 44 0
0 37 0
