0 53 35
160 55 29
40 53 0
120 58 30
40 55 0
120 61 30
40 58 0
120 52 33
40 61 0
120 55 31
40 52 0
120 55 0
0 53 37
160 55 30
40 53 0
120 58 31
40 55 0
120 61 32
40 58 0
120 52 34
40 61 0
120 55 33
40 52 0
104 55 0
16 55 40
160 57 33
40 55 0
120 60 35
40 57 0
120 63 36
40 60 0
120 54 34
40 63 0
120 57 36
40 54 0
120 57 0
0 55 40
160 57 34
40 55 0
120 60 34
40 57 0
120 63 35
40 60 0
120 54 34
40 63 0
120 57 36
40 54 0
120 57 0
0 58 45
160 60 35
40 58 0
120 63 38
40 60 0
120 66 43
40 63 0
120 57 39
40 66 0
120 60 38
40 57 0
120 60 0
0 61 41
160 63 39
40 61 0
120 66 39
40 63 0
120 69 43
40 66 0
120 60 39
40 69 0
120 63 39
40 60 0
120 63 0
0 61 49
160 63 42
40 61 0
120 66 39
40 63 0
120 66 0
0 69 40
160 60 42
40 69 0
120 63 43
40 60 0
120 63 0
0 66 50
160 70 40
40 66 0
120 72 41
40 70 0
120 75 44
40 72 0
120 65 44
40 75 0
120 69 44
40 65 0
120 69 0
0 70 56
160 73 45
40 70 0
120 78 49
40 73 0
120 77 46
40 78 0
120 72 45
40 77 0
120 73 45
40 72 0
120 73 0
0 76 50
160 72 46
160 72 0
0 76 0
0 73 45
160 69 43
40 73 0
120 69 0
0 70 47
160 66 44
40 70 0
120 66 0
0 64 48
160 65 44
40 64 0
120 70 44
40 65 0
120 70 0
0 68 45
160 69 45
40 68 0
120 73 45
40 69 0
120 73 0
0 69 47
160 70 44
40 69 0
120 73 45
40 70 0
120 73 0
0 71 46
160 72 45
40 71 0
120 77 45
40 72 0
120 77 0
0 68 48
160 71 43
40 68 0
120 76 45
40 71 0
120 75 44
40 76 0
120 70 40
40 75 0
120 71 38
40 70 0
120 71 0
0 74 51
160 70 43
160 74 0
0 71 42
40 70 0
120 67 43
40 71 0
120 68 45
160 67 0
0 64 43
40 68 0
120 64 0
0 62 47
160 63 41
160 62 0
0 68 41
40 63 0
120 68 0
0 64 44
160 65 42
160 64 0
0 71 42
40 65 0
120 71 0
0 65 47
160 66 45
160 65 0
0 71 43
40 66 0
120 71 0
0 69 45
160 70 44
160 69 0
0 75 44
40 70 0
120 75 0
0 73 51
160 65 45
160 73 0
0 70 41
40 65 0
120 61 45
40 70 0
120 64 43
160 61 0
0 69 43
40 64 0
120 69 0
0 72 45
160 63 41
160 72 0
0 68 42
40 63 0
120 59 42
40 68 0
120 62 41
160 59 0
0 67 42
40 62 0
120 67 0
0 71 53
160 62 45
40 71 0
120 66 45
40 62 0
120 58 42
40 66 0
120 61 42
40 58 0
120 66 43
40 61 0
120 66 0
0 70 50
160 66 45
40 70 0
120 71 42
40 66 0
120 72 46
40 71 0
120 73 51
40 72 0
120 75 54
40 73 0
120 75 0
0 76 57
160 67 45
40 76 0
120 72 45
40 67 0
120 63 43
40 72 0
120 66 44
160 63 0
0 71 44
40 66 0
120 71 0
0 74 48
160 65 42
160 74 0
0 70 43
40 65 0
120 61 43
40 70 0
120 64 45
160 61 0
0 69 45
40 64 0
120 69 0
0 72 49
160 64 45
40 72 0
120 68 45
40 64 0
120 59 45
40 68 0
120 62 43
40 59 0
120 67 43
40 62 0
120 67 0
0 71 50
160 66 45
40 71 0
120 73 45
40 66 0
120 74 50
40 73 0
120 75 52
40 74 0
120 76 54
40 75 0
120 76 0
0 77 56
160 69 45
40 77 0
120 75 45
40 69 0
120 76 54
40 75 0
120 77 53
40 76 0
120 78 56
40 77 0
120 78 0
0 77 61
160 70 46
40 77 0
120 73 50
40 70 0
120 76 55
40 73 0
120 77 57
40 76 0
120 78 59
40 77 0
120 78 0
0 79 64
160 71 47
40 79 0
120 77 54
40 71 0
120 78 60
40 77 0
120 79 60
40 78 0
120 80 65
40 79 0
120 80 0
0 79 68
160 72 51
40 79 0
120 75 60
40 72 0
120 78 64
40 75 0
120 79 67
40 78 0
120 80 68
40 79 0
120 80 0
0 75 68
160 72 58
160 75 0
0 77 51
40 72 0
120 75 53
40 77 0
120 68 49
160 75 0
0 73 52
40 68 0
120 73 0
0 72 57
160 63 45
160 72 0
0 70 47
40 63 0
120 68 50
40 70 0
120 60 47
160 68 0
0 65 47
40 60 0
120 65 0
0 63 56
160 56 45
40 63 0
120 61 45
40 56 0
120 60 45
40 61 0
120 55 42
40 60 0
120 56 43
40 55 0
120 56 0
0 60 47
160 54 39
40 60 0
120 62 38
40 54 0
120 60 40
40 62 0
120 53 39
40 60 0
120 54 37
40 53 0
120 54 0
0 55 42
160 57 38
40 55 0
120 59 35
40 57 0
120 60 36
40 59 0
120 62 38
40 60 0
120 63 42
40 62 0
120 63 0
0 56 45
160 58 36
40 56 0
120 59 34
40 58 0
120 60 38
40 59 0
120 61 37
40 60 0
120 63 37
40 61 0
120 63 0
0 57 48
160 58 41
40 57 0
120 60 38
40 58 0
120 61 43
40 60 0
120 63 41
40 61 0
120 65 42
40 63 0
120 65 0
0 58 48
160 59 38
40 58 0
120 60 39
40 59 0
120 61 43
40 60 0
120 63 39
40 61 0
120 65 43
40 63 0
120 65 0
0 60 51
160 61 43
40 60 0
120 62 39
40 61 0
120 63 44
40 62 0
120 65 43
40 63 0
120 66 45
40 65 0
120 66 0
0 57 51
160 61 43
40 57 0
120 62 43
40 61 0
120 63 47
40 62 0
120 65 45
40 63 0
120 66 48
40 65 0
120 66 0
0 69 59
160 66 48
40 69 0
120 64 48
40 66 0
120 62 49
40 64 0
120 64 45
40 62 0
120 66 46
40 64 0
120 66 0
0 57 51
160 61 43
40 57 0
120 62 41
40 61 0
120 64 45
40 62 0
120 65 40
40 64 0
120 66 45
40 65 0
120 66 0
0 69 51
160 68 44
40 69 0
120 67 40
40 68 0
120 66 46
40 67 0
120 63 43
40 66 0
120 60 44
40 63 0
120 60 0
0 66 49
160 63 43
40 66 0
120 60 43
40 63 0
120 58 45
40 60 0
120 57 44
40 58 0
120 56 43
40 57 0
120 56 0
0 55 46
160 56 39
40 55 0
120 57 39
40 56 0
120 53 39
40 57 0
120 54 39
40 53 0
120 56 39
40 54 0
120 56 0
0 52 44
160 53 38
40 52 0
120 54 37
40 53 0
120 50 38
40 54 0
120 51 36
40 50 0
120 53 36
40 51 0
120 53 0
0 43 38
160 44 34
40 43 0
120 46 34
40 44 0
120 48 36
40 46 0
120 49 38
40 48 0
120 51 39
40 49 0
120 51 0
0 53 41
160 54 40
40 53 0
120 55 41
40 54 0
120 56 42
40 55 0
120 53 41
40 56 0
120 58 41
40 53 0
120 58 0
0 56 46
160 65 49
40 56 0
120 63 47
40 65 0
120 61 49
40 63 0
120 60 46
40 61 0
120 58 46
40 60 0
120 58 0
0 56 45
160 53 43
40 56 0
120 54 43
40 53 0
120 56 43
40 54 0
120 53 46
40 56 0
120 58 45
40 53 0
120 58 0
0 56 51
160 51 44
40 56 0
120 53 44
40 51 0
120 54 45
40 53 0
120 51 43
40 54 0
120 58 53
40 51 0
120 58 0
0 56 51
160 49 46
40 56 0
120 51 47
40 49 0
120 53 51
40 51 0
120 49 47
40 53 0
120 58 53
40 49 0
120 58 0
0 56 51
160 48 44
40 56 0
120 49 44
40 48 0
120 51 46
40 49 0
120 48 43
40 51 0
120 53 50
40 48 0
120 53 0
0 51 48
160 46 46
40 51 0
120 53 47
40 46 0
120 51 51
40 53 0
120 44 47
40 51 0
120 46 47
40 44 0
120 46 0
0 44 51
160 49 40
40 44 0
120 51 42
40 49 0
120 53 43
40 51 0
120 54 45
40 53 0
120 56 46
40 54 0
120 56 0
0 58 48
160 60 51
40 58 0
120 61 48
40 60 0
120 63 53
40 61 0
120 65 50
40 63 0
120 66 56
40 65 0
120 66 0
0 68 59
160 77 60
40 68 0
120 75 57
40 77 0
120 73 56
40 75 0
120 72 54
40 73 0
120 70 54
40 72 0
120 70 0
0 68 56
160 65 51
40 68 0
120 66 51
40 65 0
120 68 52
40 66 0
120 65 51
40 68 0
120 70 51
40 65 0
120 70 0
0 68 56
160 63 48
40 68 0
120 65 48
40 63 0
120 66 53
40 65 0
120 63 51
40 66 0
120 70 51
40 63 0
120 70 0
0 68 52
160 61 46
40 68 0
120 63 46
40 61 0
120 65 51
40 63 0
120 61 49
40 65 0
120 70 56
40 61 0
120 70 0
0 68 52
160 60 48
40 68 0
120 61 40
40 60 0
120 63 48
40 61 0
120 60 47
40 63 0
120 65 43
40 60 0
120 65 0
0 63 51
160 58 46
40 63 0
120 65 47
40 58 0
120 63 49
40 65 0
120 56 48
40 63 0
120 65 49
40 56 0
120 65 0
0 66 53
160 65 49
40 66 0
120 63 51
40 65 0
120 61 49
40 63 0
120 60 48
40 61 0
120 58 44
40 60 0
120 58 0
0 57 54
160 65 47
160 57 0
0 60 46
40 65 0
120 63 49
40 60 0
120 61 47
40 63 0
120 58 47
40 61 0
120 58 0
0 57 54
160 65 47
160 57 0
0 60 46
40 65 0
120 63 47
40 60 0
120 61 45
40 63 0
120 58 45
40 61 0
120 58 0
0 57 54
160 65 47
160 57 0
0 60 46
40 65 0
120 63 49
40 60 0
120 61 47
40 63 0
120 58 45
40 61 0
120 58 0
0 68 53
160 67 47
40 68 0
120 65 45
40 67 0
120 63 49
40 65 0
120 62 45
40 63 0
120 60 47
40 62 0
120 60 0
0 59 49
160 67 47
160 59 0
0 62 43
40 67 0
120 65 47
40 62 0
120 63 47
40 65 0
120 60 47
40 63 0
120 60 0
0 59 49
160 67 47
160 59 0
0 62 44
40 67 0
120 65 51
40 62 0
120 63 47
40 65 0
120 60 47
40 63 0
120 60 0
0 59 54
160 67 47
160 59 0
0 62 43
40 67 0
120 65 51
40 62 0
120 63 47
40 65 0
120 60 47
40 63 0
120 60 0
0 73 67
160 72 58
40 73 0
120 70 56
40 72 0
120 68 56
40 70 0
120 67 55
40 68 0
120 65 55
40 67 0
120 65 0
0 70 61
160 64 55
40 70 0
120 67 54
40 64 0
120 61 56
40 67 0
120 64 55
40 61 0
120 60 52
40 64 0
120 60 0
0 73 67
160 72 56
40 73 0
120 70 59
40 72 0
120 68 58
40 70 0
120 67 56
40 68 0
120 65 56
40 67 0
120 65 0
0 70 62
160 64 55
40 70 0
120 67 56
40 64 0
120 67 0
0 61 54
160 64 55
40 61 0
120 60 57
40 64 0
120 60 0
0 70 59
160 64 53
40 70 0
120 67 53
40 64 0
120 61 51
40 67 0
120 64 48
40 61 0
120 60 48
40 64 0
120 60 0
0 67 57
160 61 51
40 67 0
120 64 49
40 61 0
120 60 50
40 64 0
120 64 48
40 60 0
120 58 48
40 64 0
120 58 0
0 64 59
160 58 50
40 64 0
120 61 48
40 58 0
120 57 51
40 61 0
120 58 49
40 57 0
120 56 50
40 58 0
120 56 0
0 61 51
160 56 48
40 61 0
120 58 48
40 56 0
120 55 50
40 58 0
120 58 48
40 55 0
120 54 41
40 58 0
120 54 0
0 53 51
160 55 46
40 53 0
120 58 45
40 55 0
120 61 45
40 58 0
120 52 45
40 61 0
120 55 46
40 52 0
120 55 0
0 53 51
160 55 46
40 53 0
120 58 45
40 55 0
120 61 45
40 58 0
120 52 45
40 61 0
120 55 46
40 52 0
104 55 0
16 55 53
160 57 45
40 55 0
120 60 46
40 57 0
120 63 47
40 60 0
120 54 45
40 63 0
120 57 48
40 54 0
120 57 0
0 55 53
160 57 47
40 55 0
120 60 46
40 57 0
120 63 49
40 60 0
120 54 48
40 63 0
120 57 46
40 54 0
120 57 0
0 58 55
160 60 47
40 58 0
120 63 48
40 60 0
120 66 49
40 63 0
120 57 48
40 66 0
120 60 45
40 57 0
120 60 0
0 61 50
160 63 49
40 61 0
120 66 48
40 63 0
120 69 49
40 66 0
120 60 49
40 69 0
120 63 50
40 60 0
120 63 0
0 61 55
160 63 49
40 61 0
120 66 48
40 63 0
120 69 50
40 66 0
120 60 49
40 69 0
120 63 50
40 60 0
120 63 0
0 66 57
160 70 51
40 66 0
120 72 52
40 70 0
120 75 54
40 72 0
120 65 54
40 75 0
120 69 55
40 65 0
120 69 0
0 70 65
160 73 56
40 70 0
120 78 55
40 73 0
120 77 55
40 78 0
120 72 54
40 77 0
120 73 55
40 72 0
120 73 0
0 76 62
160 72 57
160 76 0
0 73 55
40 72 0
120 69 56
40 73 0
120 70 55
160 69 0
0 66 51
40 70 0
120 66 0
0 64 56
160 65 51
160 64 0
0 70 51
40 65 0
120 70 0
0 68 56
160 69 51
160 68 0
0 73 51
40 69 0
120 73 0
0 69 58
160 70 55
160 69 0
0 73 56
40 70 0
120 73 0
0 71 59
160 72 56
160 71 0
0 77 53
40 72 0
120 77 0
0 68 65
160 71 59
40 68 0
120 76 56
40 71 0
120 75 62
40 76 0
120 70 58
40 75 0
120 71 54
40 70 0
120 71 0
0 74 62
160 70 56
160 74 0
0 71 53
40 70 0
120 67 58
40 71 0
120 68 51
160 67 0
0 64 51
40 68 0
120 64 0
0 62 56
160 63 51
160 62 0
0 68 51
40 63 0
120 68 0
0 64 56
160 65 53
160 64 0
0 71 54
40 65 0
120 71 0
0 65 61
160 66 55
160 65 0
0 71 56
40 66 0
120 71 0
0 69 64
160 70 56
160 69 0
0 75 58
40 70 0
120 75 0
0 73 64
160 72 53
40 73 0
120 71 47
40 72 0
120 70 56
40 71 0
120 69 52
40 70 0
120 77 56
40 69 0
120 77 0
0 75 64
160 74 55
40 75 0
120 73 55
40 74 0
120 72 57
40 73 0
120 70 54
40 72 0
120 78 58
40 70 0
120 78 0
0 77 67
160 75 59
40 77 0
120 74 56
40 75 0
120 73 60
40 74 0
120 72 58
40 73 0
120 81 63
40 72 0
120 81 0
0 72 68
160 73 62
160 72 0
0 82 62
40 73 0
120 82 0
0 74 71
160 75 62
160 74 0
0 82 67
40 75 0
120 82 0
0 84 72
160 82 60
40 84 0
120 80 56
40 82 0
120 78 62
40 80 0
120 77 60
40 78 0
120 76 60
40 77 0
120 76 0
0 84 72
160 82 62
40 84 0
120 80 59
40 82 0
120 78 63
40 80 0
120 77 59
40 78 0
120 76 58
40 77 0
120 76 0
0 78 67
160 77 58
40 78 0
120 76 56
40 77 0
120 75 60
40 76 0
120 74 56
40 75 0
120 73 55
40 74 0
120 73 0
0 75 58
160 71 54
40 75 0
120 72 50
40 71 0
120 73 51
40 72 0
120 69 47
40 73 0
120 70 50
40 69 0
120 70 0
0 72 53
160 67 45
160 72 0
0 68 45
40 67 0
120 71 46
40 68 0
120 66 42
160 71 0
0 75 39
40 66 0
120 75 0
0 70 46
160 65 42
160 70 0
0 66 45
40 65 0
120 69 43
40 66 0
120 64 41
160 69 0
0 73 39
40 64 0
120 73 0
0 68 51
160 63 44
160 68 0
0 64 44
40 63 0
120 67 43
40 64 0
120 62 41
160 67 0
0 71 41
40 62 0
120 71 0
0 66 47
160 61 40
160 66 0
0 62 40
40 61 0
120 65 44
40 62 0
120 60 38
160 65 0
0 69 40
40 60 0
120 69 0
0 74 49
160 69 42
160 74 0
0 70 45
40 69 0
120 73 48
40 70 0
120 68 42
160 73 0
0 77 39
40 68 0
120 77 0
0 72 47
160 67 42
160 72 0
0 68 42
40 67 0
120 71 44
40 68 0
120 66 43
160 71 0
0 75 39
40 66 0
120 75 0
0 70 47
160 65 39
160 70 0
0 66 41
40 65 0
120 69 41
40 66 0
120 64 39
160 69 0
0 73 39
40 64 0
120 73 0
0 68 44
160 63 39
160 68 0
0 64 41
40 63 0
120 67 42
40 64 0
120 62 39
160 67 0
0 71 43
40 62 0
120 71 0
0 76 53
160 71 39
160 76 0
0 72 45
40 71 0
120 75 45
40 72 0
120 70 39
160 75 0
0 79 42
40 70 0
120 79 0
0 74 51
160 69 38
160 74 0
0 70 42
40 69 0
120 73 43
40 70 0
120 68 38
160 73 0
0 77 39
40 68 0
120 77 0
0 72 49
160 67 38
160 72 0
0 68 39
40 67 0
120 71 39
40 68 0
120 66 36
160 71 0
0 75 37
40 66 0
120 75 0
0 70 47
160 65 36
160 70 0
0 75 39
40 65 0
120 70 41
40 75 0
120 65 34
160 70 0
0 73 39
40 65 0
120 73 0
0 66 49
160 65 42
40 66 0
120 64 39
40 65 0
120 63 43
40 64 0
120 61 43
40 63 0
120 60 42
40 61 0
120 60 0
0 66 49
160 65 42
40 66 0
120 63 42
40 65 0
120 61 45
40 63 0
120 60 44
40 61 0
120 58 42
40 60 0
120 58 0
0 66 49
160 65 45
40 66 0
120 63 42
40 65 0
120 61 45
40 63 0
120 60 44
40 61 0
120 59 42
40 60 0
120 59 0
0 66 49
160 65 45
40 66 0
120 63 42
40 65 0
120 61 45
40 63 0
120 59 44
40 61 0
120 58 42
40 59 0
120 58 0
0 57 45
160 58 43
40 57 0
120 60 43
40 58 0
120 63 44
40 60 0
120 61 41
40 63 0
120 57 40
40 61 0
120 57 0
0 60 45
160 58 40
40 60 0
120 53 40
40 58 0
120 56 41
40 53 0
120 54 40
40 56 0
120 53 40
40 54 0
120 53 0
0 51 45
160 53 43
40 51 0
120 54 43
40 53 0
120 58 44
40 54 0
120 56 41
40 58 0
120 54 40
40 56 0
120 54 0
0 53 44
160 49 40
40 53 0
120 51 40
40 49 0
120 53 43
40 51 0
120 52 40
40 53 0
120 53 40
40 52 0
120 53 0
0 54 44
160 53 39
40 54 0
120 52 39
40 53 0
120 51 39
40 52 0
120 49 36
40 51 0
120 48 37
40 49 0
120 48 0
0 54 44
160 53 39
40 54 0
120 51 39
40 53 0
120 49 39
40 51 0
120 48 36
40 49 0
120 46 37
40 48 0
120 46 0
0 54 44
160 53 39
40 54 0
120 51 39
40 53 0
120 49 39
40 51 0
120 48 36
40 49 0
120 47 37
40 48 0
120 47 0
0 54 44
160 53 39
40 54 0
120 51 39
40 53 0
120 49 39
40 51 0
120 47 36
40 49 0
120 46 37
40 47 0
120 46 0
0 45 41
160 46 36
40 45 0
120 47 37
40 46 0
120 49 45
40 47 0
120 51 39
40 49 0
120 53 40
40 51 0
120 53 0
0 54 49
160 56 45
40 54 0
120 58 46
40 56 0
120 59 54
40 58 0
120 61 51
40 59 0
120 63 51
40 61 0
120 63 0
0 65 58
160 64 53
40 65 0
120 61 46
40 64 0
120 60 50
40 61 0
120 58 49
40 60 0
120 54 44
40 58 0
120 54 0
0 53 49
160 52 43
40 53 0
120 49 39
40 52 0
120 48 43
40 49 0
120 46 36
40 48 0
120 42 34
40 46 0
120 42 0
0 41 39
160 46 33
160 41 0
0 44 33
40 46 0
120 45 36
40 44 0
120 49 34
160 45 0
0 45 34
40 49 0
120 45 0
0 46 41
160 51 37
160 46 0
0 47 37
40 51 0
120 48 39
40 47 0
120 53 39
160 48 0
0 48 39
40 53 0
120 48 0
0 49 43
160 54 39
160 49 0
0 50 39
40 54 0
120 51 41
40 50 0
120 57 39
160 51 0
0 53 39
40 57 0
120 53 0
0 54 46
160 61 40
160 54 0
0 57 39
40 61 0
120 60 40
40 57 0
120 66 42
160 60 0
0 65 40
40 66 0
120 65 0
0 57 45
160 61 39
160 57 0
0 57 41
40 61 0
120 60 42
40 57 0
120 66 43
160 60 0
0 65 43
40 66 0
120 65 0
0 57 45
160 61 39
160 57 0
0 57 41
40 61 0
120 60 43
40 57 0
120 66 43
160 60 0
0 65 43
40 66 0
120 65 0
0 60 47
160 66 43
160 60 0
0 65 40
40 66 0
120 60 41
40 65 0
120 66 43
160 60 0
0 65 40
40 66 0
120 65 0
0 60 45
160 66 43
160 60 0
0 65 40
40 66 0
120 58 44
40 65 0
120 66 43
160 58 0
0 65 43
40 66 0
120 65 0
0 61 45
160 53 36
160 61 0
0 63 39
40 53 0
120 65 39
40 63 0
120 63 40
40 65 0
120 61 40
40 63 0
120 61 0
0 58 44
160 53 39
40 58 0
120 60 39
40 53 0
120 61 40
40 60 0
120 60 39
40 61 0
120 58 40
40 60 0
120 58 0
0 61 45
160 53 39
40 61 0
120 63 39
40 53 0
120 65 41
40 63 0
120 63 40
40 65 0
120 61 40
40 63 0
120 61 0
0 58 44
160 53 39
40 58 0
120 60 39
40 53 0
120 61 40
40 60 0
120 60 40
40 61 0
120 58 40
40 60 0
120 58 0
0 51 44
160 53 39
40 51 0
120 58 34
40 53 0
120 61 37
40 58 0
120 49 35
40 61 0
120 53 35
40 49 0
120 53 0
0 51 44
160 53 39
40 51 0
120 58 34
40 53 0
120 61 36
40 58 0
120 49 35
40 61 0
120 53 35
40 49 0
120 53 0
0 48 44
160 49 39
40 48 0
120 53 34
40 49 0
120 58 36
40 53 0
120 46 35
40 58 0
120 49 35
40 46 0
120 49 0
0 48 44
160 49 39
40 48 0
120 53 34
40 49 0
120 58 36
40 53 0
120 46 35
40 58 0
120 49 35
40 46 0
120 49 0
960 48 44
160 49 39
40 48 0
120 53 34
40 49 0
120 58 35
40 53 0
120 46 35
40 58 0
120 49 35
40 46 0
120 49 0
960 48 57
160 49 51
40 48 0
120 53 46
40 49 0
120 58 47
40 53 0
120 46 48
40 58 0
120 49 49
40 46 0
120 49 0
0 46 100
480 46 0
480 94 99
0 82 83
960 82 0
0 94 0
0 41 30
160 43 24
40 41 0
120 46 25
40 43 0
120 49 25
40 46 0
120 40 28
40 49 0
120 43 26
40 40 0
120 43 0
0 41 30
160 43 26
40 41 0
120 46 26
40 43 0
120 49 27
40 46 0
120 40 28
40 49 0
120 43 27
40 40 0
104 43 0
16 43 34
160 45 28
40 43 0
120 48 29
40 45 0
120 51 28
40 48 0
120 42 28
40 51 0
120 45 30
40 42 0
120 45 0
0 43 34
160 45 28
40 43 0
120 48 28
40 45 0
120 51 30
40 48 0
120 42 28
40 51 0
120 45 30
40 42 0
120 45 0
0 46 38
160 48 29
40 46 0
120 51 32
40 48 0
120 54 36
40 51 0
120 45 33
40 54 0
120 48 31
40 45 0
120 48 0
0 49 34
160 51 32
40 49 0
120 54 33
40 51 0
120 57 35
40 54 0
120 48 33
40 57 0
120 51 34
40 48 0
120 51 0
0 49 41
160 51 35
40 49 0
120 54 32
40 51 0
120 54 0
0 57 37
160 48 36
40 57 0
120 51 36
40 48 0
120 51 0
0 54 41
160 58 34
40 54 0
120 60 34
40 58 0
120 63 38
40 60 0
120 53 37
40 63 0
120 57 37
40 53 0
120 57 0
0 58 47
160 61 38
40 58 0
120 66 40
40 61 0
120 65 37
40 66 0
120 60 38
40 65 0
120 61 38
40 60 0
120 61 0
0 64 42
160 60 39
160 60 0
0 64 0
0 61 40
160 57 36
40 61 0
120 57 0
0 58 39
160 54 36
40 58 0
120 54 0
0 52 40
160 53 37
40 52 0
120 58 37
40 53 0
120 58 0
0 56 39
160 57 38
40 56 0
120 61 38
40 57 0
120 61 0
0 57 41
160 58 37
40 57 0
120 61 38
40 58 0
120 61 0
0 59 39
160 60 38
40 59 0
120 65 38
40 60 0
120 65 0
0 56 40
160 59 36
40 56 0
120 64 38
40 59 0
120 63 37
40 64 0
120 58 34
40 63 0
120 59 31
40 58 0
120 59 0
0 62 43
160 58 36
160 62 0
0 59 35
40 58 0
120 55 36
40 59 0
120 56 38
160 55 0
0 52 36
40 56 0
120 52 0
0 50 39
160 51 34
160 50 0
0 56 34
40 51 0
120 56 0
0 52 36
160 53 35
160 52 0
0 59 35
40 53 0
120 59 0
0 53 39
160 54 38
160 53 0
0 59 36
40 54 0
120 59 0
0 57 37
160 58 37
160 57 0
0 63 37
40 58 0
120 63 0
0 61 43
160 53 38
160 61 0
0 58 34
40 53 0
120 49 34
40 58 0
120 52 36
160 49 0
0 57 36
40 52 0
120 57 0
0 60 38
160 51 34
160 60 0
0 56 35
40 51 0
120 47 34
40 56 0
120 50 34
160 47 0
0 55 35
40 50 0
120 55 0
0 59 45
160 50 38
40 59 0
120 54 38
40 50 0
120 46 36
40 54 0
120 49 35
40 46 0
120 54 36
40 49 0
120 54 0
0 58 42
160 54 38
40 58 0
120 59 35
40 54 0
120 60 39
40 59 0
120 61 43
40 60 0
120 63 45
40 61 0
120 63 0
0 64 48
151 55 38
40 64 0
120 60 38
40 55 0
120 51 34
40 60 0
120 54 34
160 51 0
0 59 34
40 54 0
120 59 0
0 62 40
160 53 35
160 62 0
0 58 36
40 53 0
120 49 36
40 58 0
120 52 38
160 49 0
0 57 38
40 52 0
120 57 0
0 60 41
160 52 38
40 60 0
120 56 38
40 52 0
120 47 39
40 56 0
120 50 36
40 47 0
120 55 36
40 50 0
120 55 0
0 59 42
160 54 38
40 59 0
120 61 38
40 54 0
120 62 42
5 61 0
120 63 44
40 62 0
120 64 45
40 63 0
120 64 0
0 65 47
147 57 38
40 65 0
120 63 38
40 57 0
120 64 45
40 63 0
97 65 45
40 64 0
120 66 47
40 65 0
120 66 0
0 65 51
144 58 39
40 65 0
120 61 42
40 58 0
120 64 46
40 61 0
117 65 48
40 64 0
120 66 50
40 65 0
120 66 0
0 67 54
153 59 39
40 67 0
120 65 45
40 59 0
120 66 51
17 65 0
120 67 51
40 66 0
120 68 55
40 67 0
120 68 0
0 67 57
150 60 43
40 67 0
120 63 51
40 60 0
17 66 54
40 63 0
120 67 56
40 66 0
120 68 57
40 67 0
120 68 0
0 63 57
147 60 49
160 63 0
0 65 43
40 60 0
120 63 43
40 65 0
120 56 41
160 63 0
0 61 44
40 56 0
120 61 0
0 60 48
160 51 38
160 60 0
0 58 39
40 51 0
120 56 41
40 58 0
120 48 39
160 56 0
0 53 39
40 48 0
120 53 0
0 51 47
160 44 38
40 51 0
120 49 38
40 44 0
120 48 36
40 49 0
120 43 35
40 48 0
120 44 36
40 43 0
120 44 0
0 48 39
160 42 33
40 48 0
120 50 32
40 42 0
120 48 34
40 50 0
120 41 33
40 48 0
120 42 29
40 41 0
120 42 0
0 43 35
160 45 32
40 43 0
120 47 29
40 45 0
120 48 33
40 47 0
120 50 32
40 48 0
120 51 35
40 50 0
120 51 0
0 44 38
160 46 30
40 44 0
120 47 28
40 46 0
120 48 32
40 47 0
120 49 32
40 48 0
120 51 31
40 49 0
120 51 0
0 45 40
160 46 34
40 45 0
120 48 32
40 46 0
120 49 36
40 48 0
120 51 34
40 49 0
120 53 35
40 51 0
120 53 0
0 46 40
160 47 32
40 46 0
120 48 33
40 47 0
120 49 36
40 48 0
120 51 33
40 49 0
120 53 36
40 51 0
120 53 0
0 48 43
160 49 36
40 48 0
120 50 33
40 49 0
120 51 37
40 50 0
120 53 36
40 51 0
120 54 38
40 53 0
120 54 0
0 45 43
160 49 36
40 45 0
120 50 36
40 49 0
120 51 39
40 50 0
120 53 38
40 51 0
120 54 40
40 53 0
120 54 0
0 57 50
160 54 40
40 57 0
120 52 40
40 54 0
120 50 41
40 52 0
120 52 38
40 50 0
120 54 39
40 52 0
120 54 0
0 45 43
160 49 36
40 45 0
120 50 34
40 49 0
120 52 38
40 50 0
120 53 34
40 52 0
120 54 38
40 53 0
120 54 0
0 57 43
160 56 37
40 57 0
120 55 34
40 56 0
120 54 39
40 55 0
120 51 36
40 54 0
120 48 37
40 51 0
120 48 0
0 54 41
160 51 36
40 54 0
120 48 36
40 51 0
120 46 38
40 48 0
120 45 37
40 46 0
120 44 36
40 45 0
120 44 0
0 43 39
160 44 33
40 43 0
120 45 33
40 44 0
120 41 35
40 45 0
120 42 33
40 41 0
120 44 33
40 42 0
120 44 0
0 40 37
160 41 32
40 40 0
120 42 31
40 41 0
120 38 30
40 42 0
120 39 30
40 38 0
120 41 30
40 39 0
120 41 0
0 31 32
160 32 28
40 31 0
120 34 28
40 32 0
120 36 30
40 34 0
120 37 32
40 36 0
120 39 32
40 37 0
120 39 0
0 41 34
160 42 34
40 41 0
120 43 34
40 42 0
120 44 37
40 43 0
120 41 34
40 44 0
120 46 34
40 41 0
120 46 0
0 44 39
160 53 41
40 44 0
120 51 39
40 53 0
120 49 41
40 51 0
120 48 38
40 49 0
120 46 39
40 48 0
120 46 0
0 44 38
160 41 36
40 44 0
120 42 36
40 41 0
120 44 39
40 42 0
120 41 38
40 44 0
120 46 38
40 41 0
120 46 0
0 44 43
160 39 37
40 44 0
120 41 37
40 39 0
120 42 38
40 41 0
120 39 36
40 42 0
120 46 45
40 39 0
120 46 0
0 44 43
160 37 39
40 44 0
120 39 39
40 37 0
120 41 43
40 39 0
120 37 39
40 41 0
120 46 45
40 37 0
120 46 0
0 44 43
160 36 37
40 44 0
120 37 37
40 36 0
120 39 39
40 37 0
120 36 36
40 39 0
120 41 42
40 36 0
120 41 0
0 39 40
160 34 39
40 39 0
120 41 39
40 34 0
120 39 43
40 41 0
120 32 39
40 39 0
120 34 39
40 32 0
120 34 0
0 32 43
160 37 34
40 32 0
120 39 35
40 37 0
120 41 36
40 39 0
120 42 38
40 41 0
120 44 39
40 42 0
120 44 0
0 46 40
160 48 43
40 46 0
120 49 40
40 48 0
120 51 45
40 49 0
120 53 42
40 51 0
120 54 47
40 53 0
120 54 0
0 56 50
160 65 51
40 56 0
120 63 48
40 65 0
120 61 47
40 63 0
120 60 45
40 61 0
120 58 45
40 60 0
120 58 0
0 56 47
160 53 43
40 56 0
120 54 43
40 53 0
120 56 44
40 54 0
120 53 43
40 56 0
120 58 43
40 53 0
120 58 0
0 56 47
160 51 40
40 56 0
120 53 40
40 51 0
120 54 45
40 53 0
120 51 43
40 54 0
120 58 43
40 51 0
120 58 0
0 56 44
160 49 39
40 56 0
120 51 39
40 49 0
120 53 43
40 51 0
120 49 41
40 53 0
120 58 47
40 49 0
120 58 0
0 56 44
160 48 40
40 56 0
120 49 34
40 48 0
120 51 40
40 49 0
120 48 39
40 51 0
120 53 36
40 48 0
120 53 0
0 51 43
160 46 39
40 51 0
120 53 39
40 46 0
120 51 41
40 53 0
120 44 40
40 51 0
120 53 41
40 44 0
120 53 0
0 54 45
160 53 41
40 54 0
120 51 43
40 53 0
120 49 41
40 51 0
120 48 40
40 49 0
120 46 37
40 48 0
120 46 0
0 45 45
160 53 39
160 45 0
0 48 39
40 53 0
120 51 41
40 48 0
120 49 39
40 51 0
120 46 39
40 49 0
120 46 0
0 45 45
160 53 39
160 45 0
0 48 39
40 53 0
120 51 39
40 48 0
120 49 36
40 51 0
120 46 37
40 49 0
120 46 0
0 45 45
160 53 39
160 45 0
0 48 39
40 53 0
120 51 41
40 48 0
120 49 39
40 51 0
120 46 38
40 49 0
120 46 0
0 56 45
160 55 39
40 56 0
120 53 37
40 55 0
120 51 41
40 53 0
120 50 38
40 51 0
120 48 39
40 50 0
120 48 0
0 47 42
160 55 39
160 47 0
0 50 36
40 55 0
120 53 39
40 50 0
120 51 39
40 53 0
120 48 39
40 51 0
120 48 0
0 47 43
160 55 39
160 47 0
0 50 37
40 55 0
120 53 43
40 50 0
120 51 39
40 53 0
120 48 39
40 51 0
120 48 0
0 47 45
160 55 39
160 47 0
0 50 36
40 55 0
120 53 43
40 50 0
120 51 39
40 53 0
120 48 39
40 51 0
120 48 0
0 61 56
103 60 49
40 61 0
120 58 47
40 60 0
120 56 47
40 58 0
120 55 46
40 56 0
120 53 46
40 55 0
120 53 0
0 58 51
91 52 46
40 58 0
51 55 45
40 52 0
120 49 47
40 55 0
80 52 46
40 49 0
120 48 44
40 52 0
120 48 0
0 61 56
63 60 47
40 61 0
120 58 50
40 60 0
120 56 49
40 58 0
120 55 47
40 56 0
120 53 47
40 55 0
120 53 0
0 58 52
82 52 46
40 58 0
120 55 47
40 52 0
120 55 0
0 49 46
103 52 46
40 49 0
120 48 45
40 52 0
120 48 0
0 58 49
153 52 45
40 58 0
120 55 45
40 52 0
120 49 43
40 55 0
120 52 40
40 49 0
120 48 40
40 52 0
120 48 0
0 55 48
160 49 43
40 55 0
120 52 42
40 49 0
120 48 41
40 52 0
120 52 40
40 48 0
120 46 40
40 52 0
120 46 0
0 52 50
160 46 42
40 52 0
120 49 41
40 46 0
120 45 44
40 49 0
120 46 41
40 45 0
120 44 42
40 46 0
120 44 0
0 49 43
160 44 40
40 49 0
120 46 40
40 44 0
120 43 42
40 46 0
120 46 40
40 43 0
120 42 34
40 46 0
120 42 0
0 41 43
160 43 39
40 41 0
120 46 38
40 43 0
120 49 39
40 46 0
120 40 38
40 49 0
120 43 39
40 40 0
120 43 0
0 41 43
160 43 39
40 41 0
120 46 38
40 43 0
120 49 39
40 46 0
120 40 38
40 49 0
120 43 39
40 40 0
104 43 0
16 43 45
160 45 38
40 43 0
120 48 39
40 45 0
120 51 39
40 48 0
120 42 38
40 51 0
120 45 40
40 42 0
120 45 0
0 43 45
160 45 39
40 43 0
120 48 39
40 45 0
120 51 41
40 48 0
120 42 42
40 51 0
120 45 39
40 42 0
120 45 0
0 46 46
160 48 39
40 46 0
120 51 40
40 48 0
120 54 41
40 51 0
120 45 40
40 54 0
120 48 38
40 45 0
120 48 0
0 49 42
160 51 41
40 49 0
120 54 40
40 51 0
120 57 42
40 54 0
120 48 41
40 57 0
120 51 42
40 48 0
120 51 0
0 49 46
160 51 41
40 49 0
120 54 40
40 51 0
120 57 40
40 54 0
120 48 41
40 57 0
120 51 42
40 48 0
120 51 0
0 54 47
160 58 43
40 54 0
120 60 44
40 58 0
120 63 45
40 60 0
120 53 45
40 63 0
120 57 46
40 53 0
120 57 0
0 58 55
160 61 46
40 58 0
120 66 46
40 61 0
120 65 48
40 66 0
120 60 45
40 65 0
120 61 46
40 60 0
120 61 0
0 64 52
160 60 48
160 64 0
0 61 46
40 60 0
120 57 47
40 61 0
120 58 46
160 57 0
0 54 43
40 58 0
120 54 0
0 52 47
160 53 43
160 52 0
0 58 43
40 53 0
120 58 0
0 56 45
160 57 43
160 56 0
0 61 43
40 57 0
120 61 0
0 57 48
160 58 46
160 57 0
0 61 47
40 58 0
120 61 0
0 59 50
160 60 47
160 59 0
0 65 44
40 60 0
120 65 0
0 56 55
160 59 50
40 56 0
120 64 47
40 59 0
120 63 52
40 64 0
120 58 49
40 63 0
120 59 43
40 58 0
120 59 0
0 62 52
160 58 47
160 62 0
0 59 45
40 58 0
120 55 49
40 59 0
120 56 43
160 55 0
0 52 43
40 56 0
120 52 0
0 50 47
160 51 43
160 50 0
0 56 43
40 51 0
120 56 0
0 52 48
160 53 45
160 52 0
0 59 45
40 53 0
120 59 0
0 53 50
160 54 46
160 53 0
0 59 47
40 54 0
120 59 0
0 57 51
160 58 47
160 57 0
0 63 49
40 58 0
120 63 0
0 61 54
160 60 45
40 61 0
120 59 39
40 60 0
120 58 47
40 59 0
120 57 44
40 58 0
120 65 45
40 57 0
120 65 0
0 63 54
160 62 45
40 63 0
120 61 45
40 62 0
120 60 48
40 61 0
120 58 45
40 60 0
120 66 48
40 58 0
120 66 0
0 65 56
160 63 50
40 65 0
120 62 47
40 63 0
120 61 51
40 62 0
120 60 49
40 61 0
120 69 53
40 60 0
120 69 0
0 60 57
160 61 52
160 60 0
0 70 52
40 61 0
120 70 0
0 62 60
160 63 52
160 62 0
0 70 56
40 63 0
120 70 0
0 72 61
160 70 51
40 72 0
120 68 47
40 70 0
120 66 52
40 68 0
120 65 49
40 66 0
120 64 49
40 65 0
120 64 0
0 72 61
160 70 52
40 72 0
120 68 47
40 70 0
120 66 53
40 68 0
120 65 48
40 66 0
120 64 49
40 65 0
120 64 0
0 66 56
160 65 48
40 66 0
120 64 47
40 65 0
120 63 51
40 64 0
120 62 47
40 63 0
120 61 46
40 62 0
120 61 0
0 63 49
160 59 45
40 63 0
120 60 42
40 59 0
120 61 43
40 60 0
120 57 40
40 61 0
120 58 42
40 57 0
120 58 0
0 60 45
160 55 37
160 60 0
0 56 38
40 55 0
120 59 39
40 56 0
120 54 35
160 59 0
0 63 31
40 54 0
120 63 0
0 58 39
160 53 35
160 58 0
0 54 37
40 53 0
120 57 39
40 54 0
120 52 34
160 57 0
0 61 32
40 52 0
120 61 0
0 56 43
160 51 36
160 56 0
0 52 36
40 51 0
120 55 37
40 52 0
120 50 34
160 55 0
0 59 31
40 50 0
120 59 0
0 54 39
160 49 34
160 54 0
0 50 34
40 49 0
120 53 36
40 50 0
120 48 32
160 53 0
0 57 32
40 48 0
120 57 0
0 62 41
160 57 35
160 62 0
0 58 38
40 57 0
120 61 41
40 58 0
120 56 35
160 61 0
0 65 30
40 56 0
120 65 0
0 60 40
160 55 35
160 60 0
0 56 35
40 55 0
120 59 36
40 56 0
120 54 35
160 59 0
0 63 32
40 54 0
120 63 0
0 58 39
160 53 33
160 58 0
0 54 34
40 53 0
120 57 35
40 54 0
120 52 32
160 57 0
0 61 32
40 52 0
120 61 0
0 56 37
160 51 33
160 56 0
0 52 34
40 51 0
120 55 36
40 52 0
120 50 33
160 55 0
0 59 35
40 50 0
120 59 0
0 64 45
160 59 33
160 64 0
0 60 38
40 59 0
120 63 38
40 60 0
120 58 32
160 63 0
0 67 36
40 58 0
120 67 0
0 62 40
160 57 32
160 62 0
0 58 35
40 57 0
120 61 35
40 58 0
120 56 32
160 61 0
0 65 32
40 56 0
120 65 0
0 60 41
160 55 32
160 60 0
0 56 33
40 55 0
120 59 34
40 56 0
120 54 31
160 59 0
0 63 31
40 54 0
120 63 0
0 58 39
160 53 31
160 58 0
0 63 33
40 53 0
120 58 34
40 63 0
120 53 29
160 58 0
0 61 32
40 53 0
120 61 0
0 54 41
160 53 35
40 54 0
120 52 33
40 53 0
120 51 36
40 52 0
120 49 35
40 51 0
120 48 35
40 49 0
120 48 0
0 54 41
160 53 35
40 54 0
120 51 35
40 53 0
120 49 38
40 51 0
120 48 37
40 49 0
120 46 35
40 48 0
120 46 0
0 54 41
160 53 38
40 54 0
120 51 35
40 53 0
120 49 38
40 51 0
120 48 37
40 49 0
120 47 35
40 48 0
120 47 0
0 54 41
160 53 38
40 54 0
120 51 35
40 53 0
120 49 38
40 51 0
120 47 37
40 49 0
120 46 35
40 47 0
120 46 0
0 45 38
160 46 36
40 45 0
120 48 36
40 46 0
120 51 35
40 48 0
120 49 34
40 51 0
120 45 34
40 49 0
120 45 0
0 48 38
160 46 34
40 48 0
120 41 34
40 46 0
120 44 34
40 41 0
120 42 34
40 44 0
120 41 34
40 42 0
120 41 0
0 39 38
160 41 36
40 39 0
120 42 36
40 41 0
120 46 36
40 42 0
120 44 34
40 46 0
120 42 34
40 44 0
120 42 0
0 41 37
160 37 34
40 41 0
120 39 34
40 37 0
120 41 36
40 39 0
120 40 34
40 41 0
120 41 34
40 40 0
120 41 0
0 42 37
160 41 33
40 42 0
120 40 33
40 41 0
120 39 33
40 40 0
120 37 30
40 39 0
120 36 31
40 37 0
120 36 0
0 42 37
160 41 33
40 42 0
120 39 33
40 41 0
120 37 33
40 39 0
120 36 30
40 37 0
120 34 31
40 36 0
120 34 0
0 42 37
160 41 33
40 42 0
120 39 33
40 41 0
120 37 33
40 39 0
120 36 30
40 37 0
120 35 31
40 36 0
120 35 0
0 42 37
160 41 33
40 42 0
120 39 33
40 41 0
120 37 33
40 39 0
120 35 30
40 37 0
120 34 31
40 35 0
120 34 0
0 33 34
160 34 30
40 33 0
120 35 31
40 34 0
120 37 38
40 35 0
120 39 33
40 37 0
120 41 34
40 39 0
120 41 0
0 42 41
109 44 38
40 42 0
120 46 39
40 44 0
120 47 45
40 46 0
120 49 43
40 47 0
120 51 43
40 49 0
120 51 0
0 53 49
142 52 45
40 53 0
120 49 39
40 52 0
120 48 40
40 49 0
120 46 41
40 48 0
120 42 37
40 46 0
120 42 0
0 41 41
160 40 36
40 41 0
120 37 33
40 40 0
120 36 36
40 37 0
120 34 30
40 36 0
120 30 30
40 34 0
120 30 0
0 29 33
160 34 28
160 29 0
0 32 28
40 34 0
120 33 29
40 32 0
120 37 28
160 33 0
0 33 28
40 37 0
120 33 0
0 34 34
160 39 31
160 34 0
0 35 31
40 39 0
120 36 36
40 35 0
120 41 33
160 36 0
0 36 33
40 41 0
120 36 0
0 37 36
160 42 33
160 37 0
0 38 33
40 42 0
120 39 34
40 38 0
120 45 33
160 39 0
0 41 33
40 45 0
120 41 0
0 42 34
160 49 34
160 42 0
0 45 33
40 49 0
120 48 34
40 45 0
120 54 35
160 48 0
0 53 34
40 54 0
120 53 0
0 45 38
160 49 33
160 45 0
0 45 34
40 49 0
120 48 36
40 45 0
120 54 36
160 48 0
0 53 36
40 54 0
120 53 0
0 45 38
160 49 33
160 45 0
0 45 34
40 49 0
120 48 34
40 45 0
120 54 36
160 48 0
0 53 36
40 54 0
120 53 0
0 48 39
160 54 36
160 48 0
0 53 34
40 54 0
120 48 34
40 53 0
120 54 36
160 48 0
0 53 34
40 54 0
120 53 0
0 48 38
160 54 36
160 48 0
0 53 34
40 54 0
120 46 37
40 53 0
120 54 36
160 46 0
0 53 36
40 54 0
120 53 0
0 49 38
160 41 30
160 49 0
0 51 33
40 41 0
120 53 34
40 51 0
120 51 34
40 53 0
120 49 34
40 51 0
120 49 0
0 46 37
160 41 33
40 46 0
120 48 33
40 41 0
120 49 34
40 48 0
120 48 33
40 49 0
120 46 34
40 48 0
120 46 0
0 49 38
160 41 33
40 49 0
120 51 33
40 41 0
120 53 34
40 51 0
120 51 34
40 53 0
120 49 34
40 51 0
120 49 0
0 46 37
160 41 33
40 46 0
120 48 33
40 41 0
120 49 37
40 48 0
120 48 34
40 49 0
120 46 34
40 48 0
120 46 0
0 39 37
160 41 33
40 39 0
120 46 28
40 41 0
120 49 29
40 46 0
114 49 0
6 37 29
160 41 29
40 37 0
120 41 0
0 39 37
160 41 33
40 39 0
120 46 28
40 41 0
120 49 30
40 46 0
116 49 0
4 37 29
160 41 29
40 37 0
120 41 0
0 36 37
160 37 33
40 36 0
120 41 28
40 37 0
120 46 30
40 41 0
120 46 0
0 34 29
160 37 29
40 34 0
120 37 0
0 36 37
160 37 33
40 36 0
120 41 28
40 37 0
120 46 30
40 41 0
120 46 0
0 34 29
160 37 29
40 34 0
120 37 0
960 36 37
160 37 33
40 36 0
120 41 28
40 37 0
120 46 29
40 41 0
114 46 0
6 34 29
160 37 29
40 34 0
120 37 0
960 36 48
160 37 43
40 36 0
120 41 39
40 37 0
120 46 40
40 41 0
115 46 0
5 34 40
160 37 41
40 34 0
120 37 0
0 34 78
213 34 0
480 53 66
0 65 79
0 61 66
0 58 66
960 58 0
0 53 0
0 65 0
0 61 0
