1680 63 36
120 63 0
0 65 36
120 65 0
0 66 39
0 70 39
120 70 0
0 66 0
0 65 36
120 65 0
0 63 36
120 63 0
0 65 36
120 65 0
0 66 37
0 70 37
120 70 0
0 66 0
0 65 36
120 65 0
0 63 36
120 63 0
0 65 36
120 65 0
0 70 39
0 66 39
120 66 0
0 70 0
120 66 36
0 63 36
120 63 0
0 66 0
120 66 36
0 63 36
120 63 0
0 66 0
120 66 36
0 70 36
120 70 0
0 66 0
120 65 40
0 69 40
120 69 0
0 65 0
120 60 36
0 65 36
120 65 0
0 60 0
120 65 36
0 60 36
120 60 0
0 65 0
120 65 36
0 69 36
120 69 0
0 65 0
120 69 43
0 65 43
720 65 0
0 69 0
0 68 36
120 68 0
0 70 39
120 70 0
0 71 43
0 75 43
120 75 0
0 71 0
0 70 40
120 70 0
0 68 40
120 68 0
0 70 40
120 70 0
0 75 43
0 71 43
120 71 0
0 75 0
0 70 40
120 70 0
0 68 40
120 68 0
0 70 40
120 70 0
0 71 43
0 75 43
120 75 0
0 71 0
120 71 40
0 68 40
120 68 0
0 71 0
120 68 40
0 71 40
120 71 0
0 68 0
120 75 40
0 71 40
120 71 0
0 75 0
120 70 43
0 74 43
120 74 0
0 70 0
120 70 40
0 65 40
120 65 0
0 70 0
120 70 40
0 65 40
120 65 0
0 70 0
120 74 40
0 70 40
120 70 0
0 74 0
120 70 46
0 74 46
360 74 0
0 70 0
360 78 74
120 78 0
0 80 74
120 80 0
0 82 86
0 85 86
120 85 0
0 82 0
0 80 73
120 80 0
0 78 73
120 78 0
0 80 73
120 80 0
0 85 79
0 82 79
220 82 0
0 85 0
20 73 73
120 73 0
0 75 73
120 75 0
0 77 85
0 80 85
120 80 0
0 77 0
0 75 73
120 75 0
0 73 71
120 73 0
0 75 71
120 75 0
0 77 80
0 80 80
220 80 0
0 77 0
20 71 73
120 71 0
0 73 73
120 73 0
0 78 86
0 75 86
120 75 0
0 78 0
0 73 71
120 73 0
0 71 71
120 71 0
0 73 71
120 73 0
0 78 80
0 75 80
220 75 0
0 78 0
20 66 74
120 66 0
0 68 74
120 68 0
0 73 89
0 70 89
120 70 0
0 73 0
0 68 71
120 68 0
0 66 71
120 66 0
0 68 71
120 68 0
0 73 79
0 70 79
220 70 0
0 73 0
20 53 69
120 53 0
0 54 69
120 54 0
0 56 79
120 56 0
0 54 67
120 54 0
0 53 67
120 53 0
120 54 73
120 54 0
0 53 63
120 53 0
0 51 63
120 51 0
120 53 69
120 53 0
0 51 61
120 51 0
0 49 61
120 49 0
120 51 66
120 51 0
0 49 59
120 49 0
0 48 59
120 48 0
1080 51 45
120 51 0
0 49 40
120 49 0
0 47 40
120 47 0
600 46 73
120 46 0
0 53 67
120 53 0
0 58 67
90 58 0
30 58 67
120 58 0
0 65 72
120 65 0
0 70 74
90 70 0
30 70 78
120 70 0
0 77 81
90 77 0
30 77 85
0 70 85
0 82 85
240 82 0
0 70 0
0 77 0
720 47 36
0 50 36
0 53 36
1200 53 0
0 50 0
0 47 0
480 50 42
0 53 42
0 59 51
120 59 0
0 53 0
0 50 0
120 50 46
0 53 46
0 59 55
120 59 0
0 53 0
0 50 0
120 50 42
0 53 42
0 58 51
120 58 0
0 53 0
0 50 0
120 50 42
0 53 42
0 58 51
120 58 0
0 53 0
0 50 0
120 50 46
0 53 46
0 57 55
120 57 0
0 53 0
0 50 0
120 50 49
0 53 49
0 57 59
120 57 0
0 53 0
0 50 0
120 50 48
0 53 48
0 56 57
120 56 0
0 53 0
0 50 0
120 50 46
0 53 46
0 56 55
120 56 0
0 53 0
0 50 0
360 50 41
0 53 41
0 56 41
1200 56 0
0 53 0
0 50 0
480 53 35
0 56 35
0 62 59
120 62 0
0 56 0
0 53 0
120 53 36
0 56 36
0 62 60
120 62 0
0 56 0
0 53 0
120 53 35
0 56 35
0 61 59
120 61 0
0 56 0
0 53 0
120 53 35
0 56 35
0 61 59
120 61 0
0 56 0
0 53 0
120 53 37
0 56 37
0 60 63
120 60 0
0 56 0
0 53 0
120 53 41
0 56 41
0 60 70
120 60 0
0 56 0
0 53 0
120 53 39
0 56 39
0 59 67
120 59 0
0 56 0
0 53 0
120 53 38
0 56 38
0 59 64
120 59 0
0 56 0
0 53 0
120 56 35
0 59 35
0 65 60
120 65 0
0 59 0
0 56 0
120 56 37
0 59 37
0 65 64
120 65 0
0 59 0
0 56 0
120 56 35
0 59 35
0 64 60
120 64 0
0 59 0
0 56 0
120 56 35
0 59 35
0 64 60
120 64 0
0 59 0
0 56 0
120 56 39
0 60 39
0 63 66
120 63 0
0 60 0
0 56 0
120 56 44
0 59 44
0 63 73
120 63 0
0 59 0
0 56 0
120 56 40
0 59 40
0 62 70
120 62 0
0 59 0
0 56 0
120 56 39
0 59 39
0 62 67
120 62 0
0 59 0
0 56 0
120 59 47
0 62 47
0 68 66
120 68 0
0 62 0
0 59 0
120 59 49
0 62 49
0 68 70
120 68 0
0 62 0
0 59 0
120 59 47
0 62 47
0 67 66
120 67 0
0 62 0
0 59 0
120 59 47
0 62 47
0 67 66
120 67 0
0 62 0
0 59 0
120 59 51
0 62 51
0 66 72
120 66 0
0 62 0
0 59 0
120 59 54
0 62 54
0 66 76
120 66 0
0 62 0
0 59 0
120 59 51
0 62 51
0 65 72
120 65 0
0 62 0
0 59 0
120 59 49
0 62 49
0 65 69
120 65 0
0 62 0
0 59 0
120 62 53
0 65 53
0 71 75
120 71 0
0 65 0
0 62 0
120 62 58
0 65 58
0 71 81
120 71 0
0 65 0
0 62 0
120 62 56
0 65 56
0 70 79
120 70 0
0 65 0
0 62 0
120 62 54
0 65 54
0 70 76
120 70 0
0 65 0
0 62 0
120 65 55
0 68 55
0 74 78
120 74 0
0 68 0
0 65 0
120 65 60
0 68 60
0 74 86
120 74 0
0 68 0
0 65 0
120 65 58
0 68 58
0 73 81
120 73 0
0 68 0
0 65 0
120 65 56
0 68 56
0 73 79
120 73 0
0 68 0
0 65 0
120 68 57
0 71 57
0 77 80
120 77 0
0 71 0
0 68 0
120 68 62
0 71 86
0 77 86
120 77 0
0 71 0
0 68 0
120 68 60
0 71 60
0 76 86
120 76 0
0 71 0
0 68 0
120 68 58
0 71 58
0 76 81
120 76 0
0 71 0
0 68 0
120 71 71
0 74 71
0 80 85
120 80 0
0 74 0
0 71 0
120 71 79
0 74 79
0 80 94
120 80 0
0 74 0
0 71 0
120 71 75
0 74 75
0 79 89
120 79 0
0 74 0
0 71 0
120 71 72
0 74 72
0 79 86
120 79 0
0 74 0
0 71 0
120 72 37
120 72 0
0 74 36
120 74 0
0 79 39
0 76 39
120 76 0
0 79 0
0 74 36
120 74 0
0 72 36
120 72 0
0 74 36
120 74 0
0 76 37
0 79 37
120 79 0
0 76 0
0 74 36
120 74 0
0 72 36
120 72 0
0 74 36
120 74 0
0 79 39
0 76 39
120 76 0
0 79 0
120 76 36
0 72 36
120 72 0
0 76 0
120 76 36
0 72 36
120 72 0
0 76 0
120 79 36
0 76 36
120 76 0
0 79 0
120 77 40
0 81 40
120 81 0
0 77 0
120 71 36
0 74 36
120 74 0
0 71 0
120 71 36
0 74 36
120 74 0
0 71 0
120 77 40
0 81 40
120 81 0
0 77 0
120 77 44
0 81 44
720 81 0
0 77 0
0 72 38
120 72 0
0 74 38
120 74 0
0 79 41
0 76 41
120 76 0
0 79 0
120 76 38
0 72 38
120 72 0
0 76 0
120 76 39
0 72 39
120 72 0
0 76 0
120 79 38
0 76 38
120 76 0
0 79 0
120 77 42
0 81 42
120 81 0
0 77 0
120 71 38
0 74 38
120 74 0
0 71 0
120 71 39
0 74 39
120 74 0
0 71 0
120 77 51
0 81 51
120 81 0
0 77 0
120 76 55
0 79 55
120 79 0
0 76 0
120 72 50
0 76 50
120 76 0
0 72 0
120 77 58
0 81 58
120 81 0
0 77 0
120 71 52
0 74 52
120 74 0
0 71 0
120 76 60
0 79 60
120 79 0
0 76 0
120 72 54
0 76 54
120 76 0
0 72 0
120 77 63
0 81 63
120 81 0
0 77 0
120 71 56
0 74 56
120 74 0
0 71 0
120 76 64
0 79 64
120 79 0
0 76 0
120 72 59
0 76 59
120 76 0
0 72 0
120 85 78
0 81 78
120 81 0
0 85 0
120 75 72
0 78 72
120 78 0
0 75 0
120 83 79
0 80 79
120 80 0
0 83 0
120 76 73
0 80 73
120 80 0
0 76 0
120 85 79
0 81 79
120 81 0
0 85 0
120 75 72
0 78 72
120 78 0
0 75 0
120 83 79
0 80 79
120 80 0
0 83 0
120 76 76
0 80 76
120 80 0
0 76 0
120 80 82
0 83 82
120 83 0
0 80 0
120 76 79
0 80 79
120 80 0
0 76 0
120 83 87
0 80 87
120 80 0
0 83 0
120 76 83
0 80 83
120 80 0
0 76 0
120 80 90
0 83 90
120 83 0
0 80 0
120 76 87
0 80 87
120 80 0
0 76 0
120 58 79
960 58 0
0 83 87
0 80 87
120 80 0
0 83 0
120 76 83
0 80 83
120 80 0
0 76 0
120 80 90
0 83 90
120 83 0
0 80 0
120 76 87
0 80 87
120 80 0
0 76 0
120 58 76
960 58 0
0 83 85
0 80 85
120 80 0
0 83 0
120 76 79
0 80 79
120 80 0
0 76 0
120 80 85
0 83 85
120 83 0
0 80 0
120 76 81
0 80 81
120 80 0
0 76 0
120 58 72
8160 58 0
240 63 36
120 63 0
0 65 36
120 65 0
0 70 39
0 66 39
120 66 0
0 70 0
0 65 36
120 65 0
0 63 36
120 63 0
0 65 36
120 65 0
0 66 37
0 70 37
120 70 0
0 66 0
0 65 36
120 65 0
0 63 36
120 63 0
0 65 36
120 65 0
0 70 39
0 66 39
120 66 0
0 70 0
120 66 36
0 63 36
120 63 0
0 66 0
120 66 36
0 63 36
120 63 0
0 66 0
120 70 36
0 66 36
120 66 0
0 70 0
120 65 40
0 69 40
120 69 0
0 65 0
120 60 36
0 65 36
120 65 0
0 60 0
120 60 36
0 65 36
120 65 0
0 60 0
120 65 36
0 69 36
120 69 0
0 65 0
120 65 43
0 69 43
720 69 0
0 65 0
0 68 36
120 68 0
0 70 39
120 70 0
0 71 43
0 75 43
120 75 0
0 71 0
0 70 40
120 70 0
0 68 40
120 68 0
0 70 40
120 70 0
0 71 43
0 75 43
120 75 0
0 71 0
0 70 40
120 70 0
0 68 40
120 68 0
0 70 40
120 70 0
0 71 43
0 75 43
120 75 0
0 71 0
120 68 40
0 71 40
120 71 0
0 68 0
120 71 40
0 68 40
120 68 0
0 71 0
120 71 40
0 75 40
120 75 0
0 71 0
120 70 43
0 74 43
120 74 0
0 70 0
120 65 40
0 70 40
120 70 0
0 65 0
120 65 40
0 70 40
120 70 0
0 65 0
120 70 40
0 74 40
120 74 0
0 70 0
120 70 46
0 74 46
360 74 0
0 70 0
360 83 78
120 83 0
0 85 78
120 85 0
0 87 90
0 90 90
120 90 0
0 87 0
0 85 77
120 85 0
0 83 77
120 83 0
0 85 77
120 85 0
0 90 81
0 87 81
220 87 0
0 90 0
20 78 77
120 78 0
0 80 77
120 80 0
0 85 90
0 82 90
120 82 0
0 85 0
0 80 77
120 80 0
0 78 74
120 78 0
0 80 74
120 80 0
0 85 83
0 82 83
220 82 0
0 85 0
20 76 77
120 76 0
0 78 77
120 78 0
0 80 90
0 83 90
120 83 0
0 80 0
0 78 74
120 78 0
0 76 74
120 76 0
0 78 74
120 78 0
0 83 83
0 80 83
220 80 0
0 83 0
20 71 78
120 71 0
0 73 78
120 73 0
0 78 91
0 75 91
120 75 0
0 78 0
0 73 74
120 73 0
0 71 74
120 71 0
0 73 74
120 73 0
0 78 81
0 75 81
220 75 0
0 78 0
20 58 72
120 58 0
0 59 72
120 59 0
0 61 81
120 61 0
0 59 70
120 59 0
0 58 70
120 58 0
120 59 77
120 59 0
0 58 65
120 58 0
0 56 65
120 56 0
120 58 72
120 58 0
0 56 64
120 56 0
0 54 64
120 54 0
120 56 69
120 56 0
0 54 63
120 54 0
0 53 63
120 53 0
1080 56 45
120 56 0
0 54 42
120 54 0
0 52 42
120 52 0
600 51 78
120 51 0
0 58 73
120 58 0
0 63 73
90 63 0
30 63 73
120 63 0
0 70 76
120 70 0
0 75 81
90 75 0
30 75 85
120 75 0
0 82 87
90 82 0
30 75 92
0 87 92
0 82 92
240 82 0
0 87 0
0 75 0
720 47 36
0 50 36
0 53 36
1200 53 0
0 50 0
0 47 0
480 50 36
0 53 36
0 59 51
120 59 0
0 53 0
0 50 0
120 50 38
0 53 38
0 59 55
120 59 0
0 53 0
0 50 0
120 50 36
0 53 36
0 58 51
120 58 0
0 53 0
0 50 0
120 50 36
0 53 36
0 58 51
120 58 0
0 53 0
0 50 0
120 50 38
0 53 38
0 57 55
120 57 0
0 53 0
0 50 0
120 50 41
0 53 41
0 57 59
120 57 0
0 53 0
0 50 0
120 50 40
0 53 40
0 56 57
120 56 0
0 53 0
0 50 0
120 50 38
0 53 38
0 56 55
120 56 0
0 53 0
0 50 0
360 50 41
0 53 41
0 56 41
1200 56 0
0 53 0
0 50 0
480 53 49
0 56 49
0 62 59
120 62 0
0 56 0
0 53 0
120 53 50
0 56 50
0 62 60
120 62 0
0 56 0
0 53 0
120 53 49
0 56 49
0 61 59
120 61 0
0 56 0
0 53 0
120 53 49
0 56 49
0 61 59
120 61 0
0 56 0
0 53 0
120 53 53
0 56 53
0 60 63
120 60 0
0 56 0
0 53 0
120 53 59
0 56 59
0 60 70
120 60 0
0 56 0
0 53 0
120 53 56
0 56 56
0 59 67
120 59 0
0 56 0
0 53 0
120 53 55
0 56 55
0 59 64
120 59 0
0 56 0
0 53 0
120 56 51
0 59 51
0 65 60
120 65 0
0 59 0
0 56 0
120 56 53
0 59 53
0 65 64
120 65 0
0 59 0
0 56 0
120 56 51
0 59 51
0 64 60
120 64 0
0 59 0
0 56 0
120 56 51
0 59 51
0 64 60
120 64 0
0 59 0
0 56 0
120 56 55
0 60 55
0 63 66
120 63 0
0 60 0
0 56 0
120 56 61
0 59 61
0 63 73
120 63 0
0 59 0
0 56 0
120 56 58
0 59 58
0 62 70
120 62 0
0 59 0
0 56 0
120 56 56
0 59 56
0 62 67
120 62 0
0 59 0
0 56 0
120 59 55
0 62 66
0 68 66
120 68 0
0 62 0
0 59 0
120 59 58
0 62 58
0 68 70
120 68 0
0 62 0
0 59 0
120 59 55
0 62 55
0 67 66
120 67 0
0 62 0
0 59 0
120 59 55
0 62 55
0 67 66
120 67 0
0 62 0
0 59 0
120 59 60
0 62 60
0 66 72
120 66 0
0 62 0
0 59 0
120 59 65
0 62 65
0 66 76
120 66 0
0 62 0
0 59 0
120 59 60
0 62 60
0 65 72
120 65 0
0 62 0
0 59 0
120 59 58
0 62 58
0 65 69
120 65 0
0 62 0
0 59 0
120 62 53
0 65 53
0 71 75
120 71 0
0 65 0
0 62 0
120 62 58
0 65 58
0 71 81
120 71 0
0 65 0
0 62 0
120 62 56
0 65 56
0 70 79
120 70 0
0 65 0
0 62 0
120 62 54
0 65 54
0 70 76
120 70 0
0 65 0
0 62 0
120 65 55
0 68 55
0 74 78
120 74 0
0 68 0
0 65 0
120 65 60
0 68 60
0 74 86
120 74 0
0 68 0
0 65 0
120 65 58
0 68 58
0 73 81
120 73 0
0 68 0
0 65 0
120 65 56
0 68 56
0 73 79
120 73 0
0 68 0
0 65 0
120 68 57
0 71 57
0 77 80
120 77 0
0 71 0
0 68 0
120 68 62
0 71 62
0 77 86
120 77 0
0 71 0
0 68 0
120 68 60
0 71 60
0 76 86
120 76 0
0 71 0
0 68 0
120 68 58
0 71 58
0 76 81
120 76 0
0 71 0
0 68 0
120 71 71
0 74 71
0 80 85
120 80 0
0 74 0
0 71 0
120 71 79
0 74 79
0 80 94
120 80 0
0 74 0
0 71 0
120 71 75
0 74 75
0 79 89
120 79 0
0 74 0
0 71 0
120 71 72
0 74 72
0 79 86
120 79 0
0 74 0
0 71 0
120 72 36
120 72 0
0 74 36
120 74 0
0 79 39
0 76 39
120 76 0
0 79 0
0 74 36
120 74 0
0 72 36
120 72 0
0 74 36
120 74 0
0 76 37
0 79 37
120 79 0
0 76 0
0 74 36
120 74 0
0 72 36
120 72 0
0 74 36
120 74 0
0 79 39
0 76 39
120 76 0
0 79 0
120 76 36
0 72 36
120 72 0
0 76 0
120 76 36
0 72 36
120 72 0
0 76 0
120 79 36
0 76 36
120 76 0
0 79 0
120 77 40
0 81 40
120 81 0
0 77 0
120 71 36
0 74 36
120 74 0
0 71 0
120 71 36
0 74 36
120 74 0
0 71 0
120 77 40
0 81 40
120 81 0
0 77 0
120 77 44
0 81 44
720 81 0
0 77 0
0 72 38
120 72 0
0 74 38
120 74 0
0 79 41
0 76 41
120 76 0
0 79 0
120 76 38
0 72 38
120 72 0
0 76 0
120 76 39
0 72 39
120 72 0
0 76 0
120 79 38
0 76 38
120 76 0
0 79 0
120 77 42
0 81 42
120 81 0
0 77 0
120 71 38
0 74 38
120 74 0
0 71 0
120 71 39
0 74 39
120 74 0
0 71 0
120 77 51
0 81 51
120 81 0
0 77 0
120 76 55
0 79 55
120 79 0
0 76 0
120 72 50
0 76 50
120 76 0
0 72 0
120 77 58
0 81 58
120 81 0
0 77 0
120 71 52
0 74 52
120 74 0
0 71 0
120 76 60
0 79 60
120 79 0
0 76 0
120 72 54
0 76 54
120 76 0
0 72 0
120 77 63
0 81 63
120 81 0
0 77 0
120 71 56
0 74 56
120 74 0
0 71 0
120 76 64
0 79 64
120 79 0
0 76 0
120 72 59
0 76 59
120 76 0
0 72 0
120 85 78
0 81 78
120 81 0
0 85 0
120 75 72
0 78 72
120 78 0
0 75 0
120 83 79
0 80 79
120 80 0
0 83 0
120 76 73
0 80 73
120 80 0
0 76 0
120 85 79
0 81 79
120 81 0
0 85 0
120 75 72
0 78 72
120 78 0
0 75 0
120 83 79
0 80 79
120 80 0
0 83 0
120 76 76
0 80 76
120 80 0
0 76 0
120 80 82
0 83 82
120 83 0
0 80 0
120 76 79
0 80 79
120 80 0
0 76 0
120 83 87
0 80 87
120 80 0
0 83 0
120 76 83
0 80 83
120 80 0
0 76 0
120 80 90
0 83 90
120 83 0
0 80 0
120 76 87
0 80 87
120 80 0
0 76 0
120 58 79
960 58 0
0 83 87
0 80 87
120 80 0
0 83 0
120 76 83
0 80 83
120 80 0
0 76 0
120 80 90
0 83 90
120 83 0
0 80 0
120 76 87
0 80 87
120 80 0
0 76 0
120 58 76
960 58 0
0 83 85
0 80 85
120 80 0
0 83 0
120 76 79
0 80 79
120 80 0
0 76 0
120 80 85
0 83 85
120 83 0
0 80 0
120 76 81
0 80 81
120 80 0
0 76 0
120 58 72
8160 58 0
240 63 36
120 63 0
0 65 36
120 65 0
0 70 39
0 66 39
120 66 0
0 70 0
0 65 36
120 65 0
0 63 36
120 63 0
0 65 36
120 65 0
0 66 37
0 70 37
120 70 0
0 66 0
0 65 36
120 65 0
0 63 36
120 63 0
0 65 36
120 65 0
0 70 39
0 66 39
120 66 0
0 70 0
120 66 36
0 63 36
120 63 0
0 66 0
120 66 36
0 63 36
120 63 0
0 66 0
120 70 36
0 66 36
120 66 0
0 70 0
120 65 40
0 69 40
120 69 0
0 65 0
120 60 36
0 65 36
120 65 0
0 60 0
120 60 36
0 65 36
120 65 0
0 60 0
120 65 36
0 69 36
120 69 0
0 65 0
120 65 43
0 69 43
720 69 0
0 65 0
0 68 36
120 68 0
0 70 39
120 70 0
0 71 43
0 75 43
120 75 0
0 71 0
0 70 40
120 70 0
0 68 40
120 68 0
0 70 40
120 70 0
0 71 43
0 75 43
120 75 0
0 71 0
0 70 40
120 70 0
0 68 40
120 68 0
0 70 40
120 70 0
0 71 43
0 75 43
120 75 0
0 71 0
120 68 40
0 71 40
120 71 0
0 68 0
120 71 40
0 68 40
120 68 0
0 71 0
120 71 40
0 75 40
120 75 0
0 71 0
120 70 43
0 74 43
120 74 0
0 70 0
120 65 40
0 70 40
120 70 0
0 65 0
120 65 40
0 70 40
120 70 0
0 65 0
120 70 40
0 74 40
120 74 0
0 70 0
120 70 46
0 74 46
360 74 0
0 70 0
360 83 78
120 83 0
0 85 78
120 85 0
0 87 90
0 90 90
120 90 0
0 87 0
0 85 77
120 85 0
0 83 77
120 83 0
0 85 77
120 85 0
0 90 81
0 87 81
220 87 0
0 90 0
20 78 77
120 78 0
0 80 77
120 80 0
0 85 90
0 82 90
120 82 0
0 85 0
0 80 77
120 80 0
0 78 74
120 78 0
0 80 74
120 80 0
0 85 83
0 82 83
220 82 0
0 85 0
20 76 77
120 76 0
0 78 77
120 78 0
0 80 90
0 83 90
120 83 0
0 80 0
0 78 74
120 78 0
0 76 74
120 76 0
0 78 74
120 78 0
0 83 83
0 80 83
220 80 0
0 83 0
20 71 78
120 71 0
0 73 78
120 73 0
0 78 91
0 75 91
120 75 0
0 78 0
0 73 74
120 73 0
0 71 74
120 71 0
0 73 74
120 73 0
0 78 81
0 75 81
220 75 0
0 78 0
20 58 72
120 58 0
0 59 72
120 59 0
0 61 81
120 61 0
0 59 70
120 59 0
0 58 70
120 58 0
120 59 77
120 59 0
0 58 65
120 58 0
0 56 65
120 56 0
120 58 72
120 58 0
0 56 64
120 56 0
0 54 64
120 54 0
120 56 69
120 56 0
0 54 63
120 54 0
0 53 63
120 53 0
1080 56 45
120 56 0
0 54 42
120 54 0
0 52 42
120 52 0
600 51 82
120 51 0
0 58 76
120 58 0
0 63 76
90 63 0
30 63 76
120 63 0
0 70 80
120 70 0
0 75 85
90 75 0
30 75 89
120 75 0
0 82 92
90 82 0
30 75 95
0 87 95
0 82 95
240 82 0
0 87 0
0 75 0
1 39 36
120 39 0
119 46 32
120 46 0
120 39 32
120 39 0
120 34 32
120 34 0
120 39 36
120 39 0
120 46 32
120 46 0
120 39 32
120 39 0
120 34 32
120 34 0
120 39 36
120 39 0
120 46 33
120 46 0
120 39 33
120 39 0
120 34 33
120 34 0
120 39 36
120 39 0
120 46 33
120 46 0
120 39 33
120 39 0
120 34 33
120 34 0
120 39 36
120 39 0
120 46 33
120 46 0
120 39 33
120 39 0
120 34 33
120 34 0
120 39 36
120 39 0
120 46 32
120 46 0
120 39 32
120 39 0
120 34 32
120 34 0
120 39 39
120 39 0
120 46 36
120 46 0
120 39 36
120 39 0
120 34 36
120 34 0
120 39 39
120 39 0
120 46 36
120 46 0
120 39 36
120 39 0
120 34 36
120 34 0
120 39 39
120 39 0
120 46 36
120 46 0
120 39 36
120 39 0
120 34 36
120 34 0
120 39 39
120 39 0
120 46 36
120 46 0
120 39 36
120 39 0
360 66 67
0 73 67
720 73 0
0 66 0
240 68 67
0 61 67
720 61 0
0 68 0
240 66 67
0 59 67
720 59 0
0 66 0
240 61 67
0 54 67
720 54 0
0 61 0
0 41 67
120 41 0
0 42 67
120 42 0
0 44 79
120 44 0
0 42 67
120 42 0
0 41 67
120 41 0
120 42 70
120 42 0
0 41 64
120 41 0
0 39 64
120 39 0
120 41 69
120 41 0
0 39 60
120 39 0
0 37 60
120 37 0
120 39 67
120 39 0
0 37 59
120 37 0
0 36 59
120 36 0
1080 39 45
120 39 0
0 37 41
120 37 0
0 35 41
120 35 0
600 34 67
0 41 67
960 41 0
0 34 0
0 65 81
0 58 81
240 58 0
0 65 0
424 32 48
120 32 0
0 34 48
120 34 0
0 35 54
120 35 0
0 34 48
120 34 0
0 32 48
120 32 0
0 34 48
120 34 0
0 35 51
120 35 0
0 34 48
120 34 0
0 32 48
120 32 0
0 34 48
120 34 0
0 35 58
120 35 0
120 32 53
120 32 0
120 32 53
120 32 0
600 46 52
120 46 0
120 46 52
120 46 0
120 47 54
120 47 0
120 47 56
120 47 0
600 35 54
120 35 0
0 37 54
120 37 0
0 38 61
120 38 0
0 37 54
120 37 0
0 35 54
120 35 0
0 37 54
120 37 0
0 38 57
120 38 0
0 37 54
120 37 0
0 35 54
120 35 0
0 37 54
120 37 0
0 38 65
120 38 0
120 35 60
120 35 0
120 35 60
120 35 0
600 49 54
120 49 0
120 49 54
120 49 0
120 50 56
120 50 0
120 50 61
120 50 0
1080 52 58
120 52 0
120 52 58
120 52 0
120 53 63
120 53 0
120 53 67
120 53 0
1080 55 63
120 55 0
120 55 63
120 55 0
120 56 68
120 56 0
120 56 69
120 56 0
1080 58 70
120 58 0
120 58 76
120 58 0
600 61 74
120 61 0
120 61 78
120 61 0
600 64 76
120 64 0
120 64 82
120 64 0
600 67 80
120 67 0
120 67 85
120 67 0
360 67 36
0 60 36
120 60 0
0 67 0
120 67 32
0 60 32
120 60 0
0 67 0
120 67 32
0 60 32
120 60 0
0 67 0
120 67 32
0 60 32
120 60 0
0 67 0
120 67 36
0 60 36
120 60 0
0 67 0
120 67 32
0 60 32
120 60 0
0 67 0
120 67 32
0 60 32
120 60 0
0 67 0
120 67 32
0 60 32
120 60 0
0 67 0
120 67 36
0 60 36
120 60 0
0 67 0
120 67 32
0 60 32
120 60 0
0 67 0
120 67 32
0 60 32
120 60 0
0 67 0
120 67 32
0 60 32
120 60 0
0 67 0
120 67 36
0 60 36
120 60 0
0 67 0
120 67 32
0 60 32
120 60 0
0 67 0
120 67 32
0 60 32
120 60 0
0 67 0
120 60 34
0 67 34
120 67 0
0 60 0
120 67 38
0 60 38
120 60 0
0 67 0
120 67 34
0 60 34
120 60 0
0 67 0
120 60 34
0 67 34
120 67 0
0 60 0
120 67 34
0 60 34
120 60 0
0 67 0
120 60 38
0 67 38
120 67 0
0 60 0
120 67 34
0 60 34
120 60 0
0 67 0
120 67 34
0 60 34
120 60 0
0 67 0
120 60 40
0 67 40
120 67 0
0 60 0
120 67 45
0 60 45
120 60 0
0 67 0
120 67 40
0 60 40
120 60 0
0 67 0
120 60 41
0 67 41
120 67 0
0 60 0
120 67 42
0 60 42
120 60 0
0 67 0
120 67 47
0 60 47
120 60 0
0 67 0
120 67 43
0 60 43
120 60 0
0 67 0
120 60 45
0 67 45
120 67 0
0 60 0
120 67 45
0 60 45
120 60 0
0 67 0
120 67 51
0 60 51
120 60 0
0 67 0
120 67 46
0 60 46
120 60 0
0 67 0
120 71 63
0 64 63
120 64 0
0 71 0
120 71 58
0 64 58
120 64 0
0 71 0
120 64 63
0 71 63
120 71 0
0 64 0
120 64 58
0 71 58
120 71 0
0 64 0
120 64 63
0 71 63
120 71 0
0 64 0
120 64 58
0 71 58
120 71 0
0 64 0
120 64 63
0 71 63
120 71 0
0 64 0
120 64 59
0 71 59
120 71 0
0 64 0
120 64 64
0 71 64
120 71 0
0 64 0
120 64 61
0 71 61
120 71 0
0 64 0
120 64 68
0 71 68
120 71 0
0 64 0
120 64 64
0 71 64
120 71 0
0 64 0
120 64 72
0 71 72
120 71 0
0 64 0
120 64 67
0 71 67
120 71 0
0 64 0
1080 64 68
0 71 68
120 71 0
0 64 0
120 64 64
0 71 64
120 71 0
0 64 0
120 64 72
0 71 72
120 71 0
0 64 0
120 64 67
0 71 67
120 71 0
0 64 0
1080 64 64
0 71 64
120 71 0
0 64 0
120 64 61
0 71 61
120 71 0
0 64 0
120 64 64
0 71 64
120 71 0
0 64 0
120 64 59
0 71 59
120 71 0
0 64 0
360 57 45
120 57 0
120 56 45
120 56 0
120 55 45
120 55 0
120 54 45
120 54 0
120 53 45
120 53 0
120 52 45
120 52 0
120 51 45
120 51 0
360 50 45
120 50 0
120 49 45
120 49 0
120 48 45
120 48 0
120 47 45
120 47 0
120 46 45
120 46 0
120 45 45
120 45 0
120 44 45
120 44 0
600 43 41
240 43 0
720 42 40
240 42 0
720 41 37
240 41 0
720 40 36
240 40 0
1200 39 36
120 39 0
120 46 33
120 46 0
120 39 33
120 39 0
120 34 33
120 34 0
120 39 36
120 39 0
120 46 33
120 46 0
120 39 33
120 39 0
120 34 33
120 34 0
120 39 36
120 39 0
120 46 33
120 46 0
120 39 33
120 39 0
120 34 33
120 34 0
120 39 36
120 39 0
120 46 32
120 46 0
120 39 32
120 39 0
120 34 32
120 34 0
120 39 39
120 39 0
120 46 36
120 46 0
120 39 36
120 39 0
120 34 36
120 34 0
120 39 39
120 39 0
120 46 36
120 46 0
120 39 36
120 39 0
120 34 36
120 34 0
120 39 39
120 39 0
120 46 36
120 46 0
120 39 36
120 39 0
120 34 36
120 34 0
120 39 39
120 39 0
120 46 36
120 46 0
120 39 36
120 39 0
360 78 70
0 71 70
720 71 0
0 78 0
240 66 70
0 73 70
720 73 0
0 66 0
240 64 70
0 71 70
720 71 0
0 64 0
240 59 70
0 66 70
720 66 0
0 59 0
0 46 70
120 46 0
0 47 70
120 47 0
0 49 81
120 49 0
0 47 70
120 47 0
0 46 70
120 46 0
120 47 73
120 47 0
0 46 67
120 46 0
0 44 67
120 44 0
120 46 72
120 46 0
0 44 63
120 44 0
0 42 63
120 42 0
120 44 70
120 44 0
0 42 63
120 42 0
0 41 63
120 41 0
1080 44 45
120 44 0
0 42 41
120 42 0
0 40 41
120 40 0
0 39 77
0 46 77
960 46 0
0 39 0
0 70 92
0 63 92
240 63 0
0 70 0
424 32 48
120 32 0
0 34 48
120 34 0
0 35 54
120 35 0
0 34 48
120 34 0
0 32 48
120 32 0
0 34 48
120 34 0
0 35 51
120 35 0
0 34 48
120 34 0
0 32 48
120 32 0
0 34 48
120 34 0
0 35 58
120 35 0
120 32 53
120 32 0
120 32 53
120 32 0
600 46 52
120 46 0
120 46 52
120 46 0
120 47 54
120 47 0
120 47 56
120 47 0
600 35 54
120 35 0
0 37 54
120 37 0
0 38 61
120 38 0
0 37 54
120 37 0
0 35 54
120 35 0
0 37 54
120 37 0
0 38 57
120 38 0
0 37 54
120 37 0
0 35 54
120 35 0
0 37 54
120 37 0
0 38 65
120 38 0
120 35 60
120 35 0
120 35 60
120 35 0
600 49 54
120 49 0
120 49 54
120 49 0
120 50 56
120 50 0
120 50 61
120 50 0
1080 52 58
120 52 0
120 52 58
120 52 0
120 53 63
120 53 0
120 53 67
120 53 0
1080 55 63
120 55 0
120 55 63
120 55 0
120 56 68
120 56 0
120 56 69
120 56 0
1080 58 70
120 58 0
120 58 76
120 58 0
600 61 74
120 61 0
120 61 78
120 61 0
600 64 76
120 64 0
120 64 82
120 64 0
600 67 80
120 67 0
120 67 85
120 67 0
360 67 36
0 60 36
120 60 0
0 67 0
120 67 32
0 60 32
120 60 0
0 67 0
120 67 32
0 60 32
120 60 0
0 67 0
120 67 32
0 60 32
120 60 0
0 67 0
120 67 36
0 60 36
120 60 0
0 67 0
120 67 32
0 60 32
120 60 0
0 67 0
120 67 32
0 60 32
120 60 0
0 67 0
120 67 32
0 60 32
120 60 0
0 67 0
120 67 36
0 60 36
120 60 0
0 67 0
120 67 32
0 60 32
120 60 0
0 67 0
120 67 32
0 60 32
120 60 0
0 67 0
120 67 32
0 60 32
120 60 0
0 67 0
120 67 36
0 60 36
120 60 0
0 67 0
120 67 32
0 60 32
120 60 0
0 67 0
120 67 32
0 60 32
120 60 0
0 67 0
120 60 34
0 67 34
120 67 0
0 60 0
120 67 38
0 60 38
120 60 0
0 67 0
120 67 34
0 60 34
120 60 0
0 67 0
120 60 34
0 67 34
120 67 0
0 60 0
120 67 34
0 60 34
120 60 0
0 67 0
120 60 38
0 67 38
120 67 0
0 60 0
120 67 34
0 60 34
120 60 0
0 67 0
120 67 34
0 60 34
120 60 0
0 67 0
120 60 40
0 67 40
120 67 0
0 60 0
120 67 45
0 60 45
120 60 0
0 67 0
120 67 40
0 60 40
120 60 0
0 67 0
120 60 41
0 67 41
120 67 0
0 60 0
120 67 42
0 60 42
120 60 0
0 67 0
120 67 47
0 60 47
120 60 0
0 67 0
120 67 43
0 60 43
120 60 0
0 67 0
120 60 45
0 67 45
120 67 0
0 60 0
120 67 45
0 60 45
120 60 0
0 67 0
120 67 51
0 60 51
120 60 0
0 67 0
120 67 46
0 60 46
120 60 0
0 67 0
120 71 63
0 64 63
120 64 0
0 71 0
120 71 58
0 64 58
120 64 0
0 71 0
120 64 63
0 71 63
120 71 0
0 64 0
120 64 58
0 71 58
120 71 0
0 64 0
120 64 63
0 71 63
120 71 0
0 64 0
120 64 58
0 71 58
120 71 0
0 64 0
120 64 63
0 71 63
120 71 0
0 64 0
120 64 59
0 71 59
120 71 0
0 64 0
120 64 64
0 71 64
120 71 0
0 64 0
120 64 61
0 71 61
120 71 0
0 64 0
120 64 68
0 71 68
120 71 0
0 64 0
120 64 64
0 71 64
120 71 0
0 64 0
120 64 72
0 71 72
120 71 0
0 64 0
120 64 67
0 71 67
120 71 0
0 64 0
1080 64 68
0 71 68
120 71 0
0 64 0
120 64 64
0 71 64
120 71 0
0 64 0
120 64 72
0 71 72
120 71 0
0 64 0
120 64 67
0 71 67
120 71 0
0 64 0
1080 64 64
0 71 64
120 71 0
0 64 0
120 64 61
0 71 61
120 71 0
0 64 0
120 64 64
0 71 64
120 71 0
0 64 0
120 64 59
0 71 59
120 71 0
0 64 0
360 57 45
120 57 0
120 56 45
120 56 0
120 55 45
120 55 0
120 54 45
120 54 0
120 53 45
120 53 0
120 52 45
120 52 0
120 51 45
120 51 0
360 50 45
120 50 0
120 49 45
120 49 0
120 48 45
120 48 0
120 47 45
120 47 0
120 46 45
120 46 0
120 45 45
120 45 0
120 44 45
120 44 0
600 43 41
240 43 0
720 42 40
240 42 0
720 41 37
240 41 0
720 40 36
240 40 0
1200 39 36
120 39 0
120 46 33
120 46 0
120 39 33
120 39 0
120 34 33
120 34 0
120 39 36
120 39 0
120 46 33
120 46 0
120 39 33
120 39 0
120 34 33
120 34 0
120 39 36
120 39 0
120 46 33
120 46 0
120 39 33
120 39 0
120 34 33
120 34 0
120 39 36
120 39 0
120 46 32
120 46 0
120 39 32
120 39 0
120 34 32
120 34 0
120 39 39
120 39 0
120 46 36
120 46 0
120 39 36
120 39 0
120 34 36
120 34 0
120 39 39
120 39 0
120 46 36
120 46 0
120 39 36
120 39 0
120 34 36
120 34 0
120 39 39
120 39 0
120 46 36
120 46 0
120 39 36
120 39 0
120 34 36
120 34 0
120 39 39
120 39 0
120 46 36
120 46 0
120 39 36
120 39 0
360 78 70
0 71 70
720 71 0
0 78 0
240 66 70
0 73 70
720 73 0
0 66 0
240 64 70
0 71 70
720 71 0
0 64 0
240 59 70
0 66 70
720 66 0
0 59 0
0 46 70
120 46 0
0 47 70
120 47 0
0 49 81
120 49 0
0 47 70
120 47 0
0 46 70
120 46 0
120 47 73
120 47 0
0 46 67
120 46 0
0 44 67
120 44 0
120 46 72
120 46 0
0 44 63
120 44 0
0 42 63
120 42 0
120 44 70
120 44 0
0 42 63
120 42 0
0 41 63
120 41 0
1080 44 45
120 44 0
0 42 41
120 42 0
0 40 41
120 40 0
0 39 81
0 46 81
960 46 0
0 39 0
0 70 97
0 63 97
240 63 0
0 70 0
