0 64 67
0 67 67
0 72 80
480 72 0
0 67 0
0 64 0
0 74 74
0 71 63
0 67 63
60 74 0
0 76 66
60 76 0
0 74 71
60 74 0
0 76 63
60 76 0
0 74 70
60 74 0
0 76 62
60 76 0
0 74 64
40 74 0
0 76 64
40 76 0
0 74 64
40 74 0
0 67 0
0 71 0
0 76 82
0 72 70
0 67 70
480 67 0
0 72 0
0 76 0
240 72 55
60 72 0
0 74 56
60 74 0
0 76 58
60 76 0
0 77 61
60 77 0
0 79 68
240 79 0
0 84 54
240 84 0
0 83 61
240 83 0
0 81 54
240 81 0
0 79 65
480 79 0
0 77 54
60 77 0
0 79 51
60 79 0
0 77 54
60 77 0
0 79 50
60 79 0
0 77 54
60 77 0
0 79 48
60 79 0
0 77 53
40 77 0
0 79 49
40 79 0
0 77 50
40 77 0
0 76 66
480 76 0
0 76 59
120 76 0
0 72 49
120 72 0
0 79 59
120 79 0
0 76 51
60 76 0
60 76 59
120 76 0
0 74 51
120 74 0
0 79 56
120 79 0
0 74 47
60 74 0
60 74 59
120 74 0
0 72 48
120 72 0
0 81 57
120 81 0
0 72 49
60 72 0
60 71 56
120 71 0
0 67 47
120 67 0
0 72 56
120 72 0
0 67 48
120 67 0
0 74 57
120 74 0
0 67 52
120 67 0
0 76 62
120 76 0
0 67 55
120 67 0
0 74 63
120 74 0
0 79 55
60 79 0
60 79 55
60 79 0
60 79 55
60 79 0
60 78 59
120 78 0
0 84 58
60 84 0
60 84 60
60 84 0
60 84 54
60 84 0
60 84 63
120 84 0
0 83 59
120 83 0
0 81 56
120 81 0
0 79 49
120 79 0
0 81 54
60 81 0
0 83 51
60 83 0
0 81 54
60 81 0
0 83 50
60 83 0
0 81 54
60 81 0
0 83 48
60 83 0
0 81 53
40 81 0
0 83 49
40 83 0
0 81 50
40 81 0
0 79 66
480 79 0
480 64 67
0 67 67
0 72 80
480 72 0
0 67 0
0 64 0
0 74 74
0 71 63
0 67 63
60 74 0
0 76 66
60 76 0
0 74 71
60 74 0
0 76 63
60 76 0
0 74 70
60 74 0
0 76 62
60 76 0
0 74 64
40 74 0
0 76 64
40 76 0
0 74 64
40 74 0
0 67 0
0 71 0
0 76 82
0 72 70
0 67 70
480 67 0
0 72 0
0 76 0
240 72 55
60 72 0
0 74 56
60 74 0
0 76 58
60 76 0
0 77 61
60 77 0
0 79 68
240 79 0
0 84 54
240 84 0
0 83 61
240 83 0
0 81 54
240 81 0
0 79 65
480 79 0
0 77 54
60 77 0
0 79 51
60 79 0
0 77 54
60 77 0
0 79 50
60 79 0
0 77 54
60 77 0
0 79 48
60 79 0
0 77 53
40 77 0
0 79 49
40 79 0
0 77 50
40 77 0
0 76 66
480 76 0
0 76 59
120 76 0
0 72 49
120 72 0
0 79 59
120 79 0
0 76 51
60 76 0
60 76 59
120 76 0
0 74 51
120 74 0
0 79 56
120 79 0
0 74 47
60 74 0
60 74 59
120 74 0
0 72 48
120 72 0
0 81 57
120 81 0
0 72 49
60 72 0
60 71 56
120 71 0
0 67 47
120 67 0
0 72 56
120 72 0
0 67 48
120 67 0
0 74 57
120 74 0
0 67 52
120 67 0
0 76 62
120 76 0
0 67 55
120 67 0
0 74 63
120 74 0
0 79 55
60 79 0
60 79 55
60 79 0
60 79 55
60 79 0
60 78 59
120 78 0
0 84 58
60 84 0
60 84 60
60 84 0
60 84 54
60 84 0
60 84 63
120 84 0
0 83 59
120 83 0
0 81 56
120 81 0
0 79 49
120 79 0
0 81 54
60 81 0
0 83 51
60 83 0
0 81 54
60 81 0
0 83 50
60 83 0
0 81 54
60 81 0
0 83 48
60 83 0
0 81 53
40 81 0
0 83 49
40 83 0
0 81 50
40 81 0
0 79 66
480 79 0
480 79 82
0 74 70
0 71 70
480 71 0
0 74 0
0 79 0
0 67 60
120 67 0
0 69 53
60 69 0
0 71 55
60 71 0
0 72 60
60 72 0
0 74 61
60 74 0
0 76 63
60 76 0
0 78 67
60 78 0
0 79 74
240 79 0
0 84 58
120 84 0
0 79 46
60 79 0
60 79 59
120 79 0
0 77 49
60 77 0
60 77 54
120 77 0
0 76 47
120 76 0
0 77 68
480 77 0
0 67 60
120 67 0
0 69 53
60 69 0
0 71 55
60 71 0
0 72 60
60 72 0
0 74 61
60 74 0
0 76 63
60 76 0
0 78 67
60 78 0
0 79 69
240 79 0
0 86 62
120 86 0
0 84 51
120 84 0
0 83 58
120 83 0
0 81 50
120 81 0
0 79 56
120 79 0
0 77 49
120 77 0
0 76 59
120 76 0
0 72 51
120 72 0
0 79 56
120 79 0
0 76 53
120 76 0
0 81 59
120 81 0
0 69 51
120 69 0
0 77 55
120 77 0
0 74 49
120 74 0
0 72 57
480 72 0
0 71 53
480 71 0
0 64 67
0 67 67
0 72 80
480 72 0
0 67 0
0 64 0
0 74 74
0 71 63
0 67 63
60 74 0
0 76 66
60 76 0
0 74 71
60 74 0
0 76 63
60 76 0
0 74 70
60 74 0
0 76 62
60 76 0
0 74 64
40 74 0
0 76 64
40 76 0
0 74 64
40 74 0
0 67 0
0 71 0
0 76 82
0 72 70
0 67 70
480 67 0
0 72 0
0 76 0
240 72 55
60 72 0
0 74 56
60 74 0
0 76 58
60 76 0
0 77 61
60 77 0
0 79 68
240 79 0
0 84 54
240 84 0
0 83 61
240 83 0
0 81 54
240 81 0
0 79 65
480 79 0
0 77 54
60 77 0
0 79 51
60 79 0
0 77 54
60 77 0
0 79 50
60 79 0
0 77 54
60 77 0
0 79 48
60 79 0
0 77 53
40 77 0
0 79 49
40 79 0
0 77 50
40 77 0
0 76 59
120 76 0
0 72 51
120 72 0
0 79 56
120 79 0
0 76 54
120 76 0
0 81 59
113 77 50
7 81 0
113 77 0
7 76 57
120 76 0
0 74 49
120 74 0
0 72 63
480 72 0
0 74 51
60 74 0
0 76 48
60 76 0
0 74 51
60 74 0
0 76 47
60 76 0
0 74 51
60 74 0
0 76 45
60 76 0
0 74 50
40 74 0
0 76 46
40 76 0
0 74 47
40 74 0
0 72 66
480 72 0
480 79 82
0 74 70
0 71 70
480 71 0
0 74 0
0 79 0
0 67 60
120 67 0
0 69 53
60 69 0
0 71 55
60 71 0
0 72 60
60 72 0
0 74 61
60 74 0
0 76 63
60 76 0
0 78 67
60 78 0
0 79 74
240 79 0
0 84 58
120 84 0
0 79 46
60 79 0
60 79 59
120 79 0
0 77 49
60 77 0
60 77 54
120 77 0
0 76 47
120 76 0
0 77 70
480 77 0
0 67 60
120 67 0
0 69 53
60 69 0
0 71 55
60 71 0
0 72 60
60 72 0
0 74 61
60 74 0
0 76 63
60 76 0
0 78 67
60 78 0
0 79 69
240 79 0
0 86 62
120 86 0
0 84 51
120 84 0
0 83 58
120 83 0
0 81 50
120 81 0
0 79 56
120 79 0
0 77 49
120 77 0
0 76 59
120 76 0
0 72 51
120 72 0
0 79 56
120 79 0
0 76 49
120 76 0
0 81 59
120 81 0
0 69 42
120 69 0
0 77 53
120 77 0
0 74 49
120 74 0
0 72 57
480 72 0
0 71 53
480 71 0
0 64 67
0 67 67
0 72 80
480 72 0
0 67 0
0 64 0
0 74 74
0 71 63
0 67 63
60 74 0
0 76 66
60 76 0
0 74 71
60 74 0
0 76 63
60 76 0
0 74 70
60 74 0
0 76 62
60 76 0
0 74 64
40 74 0
0 76 64
40 76 0
0 74 64
40 74 0
0 67 0
0 71 0
0 76 82
0 72 70
0 67 70
480 67 0
0 72 0
0 76 0
240 72 55
60 72 0
0 74 56
60 74 0
0 76 58
60 76 0
0 77 61
60 77 0
0 79 68
240 79 0
0 84 54
240 84 0
0 83 61
240 83 0
0 81 54
240 81 0
0 79 65
480 79 0
0 77 54
60 77 0
0 79 51
60 79 0
0 77 54
60 77 0
0 79 50
60 79 0
0 77 54
60 77 0
0 79 48
60 79 0
0 77 53
40 77 0
0 79 49
40 79 0
0 77 50
40 77 0
0 76 59
120 76 0
0 72 51
120 72 0
0 79 56
120 79 0
0 76 47
120 76 0
0 81 62
113 77 54
7 81 0
113 77 0
7 76 58
120 76 0
0 74 49
120 74 0
0 72 65
480 72 0
0 74 51
60 74 0
0 76 48
60 76 0
0 74 51
60 74 0
0 76 47
60 76 0
0 74 51
60 74 0
0 76 45
60 76 0
0 74 50
40 74 0
0 76 46
40 76 0
0 74 47
40 74 0
0 72 66
480 72 0
0 60 66
0 48 56
480 48 0
0 60 0
0 55 58
0 43 49
480 43 0
0 55 0
0 48 65
0 36 55
480 36 0
0 48 0
480 64 42
0 60 35
240 64 0
0 69 30
240 69 0
0 60 0
0 67 38
240 67 0
0 65 33
240 65 0
0 64 53
240 64 0
0 60 32
240 60 0
0 62 47
240 62 0
0 55 32
240 55 0
0 60 46
240 60 0
0 48 35
240 48 0
240 60 40
240 60 0
0 59 46
240 59 0
0 55 38
240 55 0
0 57 46
240 57 0
0 50 42
240 50 0
0 55 45
240 55 0
0 57 45
240 57 0
0 59 45
240 59 0
0 60 47
240 60 0
0 59 53
480 59 0
0 57 46
240 57 0
0 50 40
240 50 0
0 55 46
240 55 0
0 59 39
240 59 0
0 60 46
240 60 0
0 62 41
240 62 0
0 55 46
240 55 0
0 50 39
240 50 0
0 43 46
420 43 0
60 60 66
0 48 56
480 48 0
0 60 0
0 55 58
0 43 49
480 43 0
0 55 0
0 48 65
0 36 55
480 36 0
0 48 0
480 64 42
0 60 35
240 64 0
0 69 30
240 69 0
0 60 0
0 67 38
240 67 0
0 65 33
240 65 0
0 64 53
240 64 0
0 60 32
240 60 0
0 62 47
240 62 0
0 55 32
240 55 0
0 60 46
240 60 0
0 48 35
240 48 0
240 60 40
240 60 0
0 59 46
240 59 0
0 55 38
240 55 0
0 57 46
240 57 0
0 50 42
240 50 0
0 55 45
240 55 0
0 57 45
240 57 0
0 59 45
240 59 0
0 60 47
240 60 0
0 59 53
480 59 0
0 57 46
240 57 0
0 50 40
240 50 0
0 55 46
240 55 0
0 59 39
240 59 0
0 60 46
240 60 0
0 62 41
240 62 0
0 55 46
240 55 0
0 50 39
240 50 0
0 43 46
420 43 0
60 55 65
0 43 55
480 43 0
0 55 0
480 55 38
240 64 30
240 64 0
0 62 38
240 62 0
0 60 33
240 60 0
0 55 0
0 62 51
0 55 51
480 55 0
0 62 0
720 55 30
240 55 0
0 57 35
240 57 0
0 59 33
240 59 0
0 60 46
240 60 0
0 52 38
240 52 0
0 53 46
240 53 0
0 50 42
240 50 0
0 55 46
240 55 0
0 43 38
240 43 0
0 55 49
120 55 0
0 53 47
120 53 0
0 52 46
120 52 0
0 50 38
120 50 0
0 48 66
480 48 0
0 55 58
480 55 0
0 60 65
480 60 0
480 64 42
0 60 35
240 64 0
0 69 30
240 69 0
0 60 0
0 67 38
240 67 0
0 65 33
240 65 0
0 64 53
240 64 0
0 60 32
240 60 0
0 62 47
240 62 0
0 55 32
240 55 0
0 60 46
240 60 0
0 52 38
240 52 0
0 53 46
480 53 0
0 52 53
240 52 0
0 57 32
240 57 0
0 53 47
240 53 0
0 55 32
240 55 0
0 48 46
240 48 0
0 43 35
226 36 46
14 43 0
346 36 0
134 55 65
0 43 55
480 43 0
0 55 0
480 55 38
240 64 30
240 64 0
0 62 38
240 62 0
0 60 33
240 60 0
0 55 0
0 62 49
0 55 49
480 55 0
0 62 0
720 55 30
240 55 0
0 57 35
240 57 0
0 59 33
240 59 0
0 60 46
240 60 0
0 52 38
240 52 0
0 53 46
240 53 0
0 50 42
240 50 0
0 55 46
240 55 0
0 43 38
240 43 0
0 55 49
120 55 0
0 53 47
120 53 0
0 52 46
120 52 0
0 50 38
120 50 0
0 48 66
480 48 0
0 55 58
480 55 0
0 60 65
480 60 0
480 64 42
0 60 35
240 64 0
0 69 30
240 69 0
0 60 0
0 67 38
240 67 0
0 65 33
240 65 0
0 64 53
240 64 0
0 60 32
240 60 0
0 62 47
240 62 0
0 55 32
240 55 0
0 60 46
240 60 0
0 52 38
240 52 0
0 53 46
480 53 0
0 52 53
240 52 0
0 57 32
240 57 0
0 53 47
240 53 0
0 55 32
240 55 0
0 48 46
240 48 0
0 43 35
226 36 46
14 43 0
466 36 0
