0 82 60
60 82 0
60 82 57
60 82 0
60 77 51
60 77 0
60 79 60
60 79 0
60 79 57
60 79 0
60 74 50
60 74 0
60 75 60
60 75 0
60 75 55
60 75 0
60 70 55
60 70 0
60 72 60
60 72 0
60 72 54
60 72 0
60 67 54
60 67 0
60 69 60
60 69 0
0 65 51
60 65 0
0 67 53
60 67 0
0 69 56
60 69 0
0 70 58
60 70 0
0 72 60
60 72 0
0 74 63
60 74 0
0 69 53
60 69 0
0 70 56
60 70 0
0 72 58
60 72 0
0 74 61
60 74 0
0 75 64
60 75 0
0 77 66
60 77 0
0 74 57
60 74 0
0 75 60
60 75 0
0 77 62
60 77 0
0 79 65
60 79 0
0 81 67
60 81 0
0 82 70
60 82 0
0 77 65
60 77 0
0 79 67
60 79 0
0 81 69
60 81 0
0 82 71
60 82 0
0 84 73
60 84 0
0 86 83
60 86 0
60 86 57
60 86 0
60 81 51
60 81 0
60 82 60
60 82 0
60 82 57
60 82 0
60 77 50
60 77 0
60 79 60
60 79 0
60 79 55
60 79 0
60 74 55
60 74 0
60 76 60
60 76 0
60 76 54
60 76 0
60 71 54
60 71 0
60 73 60
60 73 0
0 69 51
60 69 0
0 71 53
60 71 0
0 73 56
60 73 0
0 74 58
60 74 0
0 76 60
60 76 0
0 77 63
60 77 0
0 73 53
60 73 0
0 74 56
60 74 0
0 76 58
60 76 0
0 77 61
60 77 0
0 79 64
60 79 0
0 81 66
60 81 0
0 76 57
60 76 0
0 77 60
60 77 0
0 79 62
60 79 0
0 81 65
60 81 0
0 83 67
60 83 0
0 85 70
60 85 0
0 81 65
60 81 0
0 83 67
60 83 0
0 85 69
60 85 0
0 86 71
60 86 0
0 88 73
60 88 0
0 81 69
0 89 80
60 89 0
0 81 0
60 81 57
0 89 65
60 89 0
0 81 0
60 77 51
0 84 58
60 84 0
0 77 0
60 77 60
0 86 69
60 86 0
0 77 0
60 77 57
0 86 65
60 86 0
0 77 0
60 74 50
0 82 57
60 82 0
0 74 0
60 79 69
0 76 60
60 76 0
0 79 0
60 79 63
0 76 55
60 76 0
0 79 0
60 84 63
0 72 55
60 72 0
0 84 0
60 81 69
0 72 60
60 72 0
0 81 0
60 81 62
0 72 54
60 72 0
0 81 0
60 72 54
0 77 62
60 77 0
0 72 0
60 74 69
0 70 60
60 70 0
0 74 0
60 74 62
0 70 54
60 70 0
0 74 0
60 67 62
0 79 72
60 79 0
0 67 0
60 76 71
0 72 61
60 72 0
0 76 0
60 76 65
0 72 56
60 72 0
0 76 0
60 69 64
0 81 74
60 81 0
0 69 0
60 77 73
0 74 64
60 74 0
0 77 0
60 77 66
0 74 58
60 74 0
0 77 0
60 70 67
0 82 78
60 82 0
0 70 0
60 79 76
0 76 66
60 76 0
0 79 0
60 79 69
0 76 60
60 76 0
0 79 0
60 72 69
0 84 80
60 84 0
0 72 0
60 72 62
0 81 73
60 81 0
0 72 0
60 72 57
0 81 68
60 81 0
0 72 0
60 70 55
0 76 65
60 76 0
0 70 0
60 72 57
0 77 68
60 77 0
0 72 0
60 70 53
0 73 63
60 73 0
0 70 0
60 69 51
0 74 61
60 74 0
0 69 0
60 66 54
0 69 64
60 69 0
0 66 0
60 65 51
0 70 60
60 70 0
0 65 0
60 63 49
0 66 58
60 66 0
0 63 0
60 62 50
0 67 59
60 67 0
0 62 0
60 58 46
0 62 46
60 62 0
0 58 0
60 59 45
0 65 54
60 65 0
0 59 0
60 58 39
0 64 46
60 64 0
0 58 0
60 58 38
0 64 45
60 64 0
0 58 0
60 65 41
0 70 41
0 74 49
60 74 0
0 70 0
0 65 0
60 64 41
0 67 49
60 67 0
0 64 0
60 64 38
0 67 45
60 67 0
0 64 0
60 86 54
0 82 45
0 77 45
60 77 0
0 82 0
0 86 0
60 79 47
0 76 39
60 76 0
0 79 0
60 79 42
0 76 35
60 76 0
0 79 0
60 72 60
0 84 73
60 84 0
0 72 0
60 89 85
0 81 71
0 77 71
60 77 0
0 81 0
0 89 0
300 82 60
60 82 0
60 82 57
60 82 0
60 77 51
60 77 0
60 79 60
60 79 0
60 79 57
60 79 0
60 74 50
60 74 0
60 75 60
60 75 0
60 75 55
60 75 0
60 70 55
60 70 0
60 72 60
60 72 0
60 72 54
60 72 0
60 67 54
60 67 0
60 69 60
60 69 0
0 65 51
60 65 0
0 67 53
60 67 0
0 69 56
60 69 0
0 70 58
60 70 0
0 72 60
60 72 0
0 74 63
60 74 0
0 69 53
60 69 0
0 70 56
60 70 0
0 72 58
60 72 0
0 74 61
60 74 0
0 75 64
60 75 0
0 77 66
60 77 0
0 74 57
60 74 0
0 75 60
60 75 0
0 77 62
60 77 0
0 79 65
60 79 0
0 81 67
60 81 0
0 82 70
60 82 0
0 77 65
60 77 0
0 79 67
60 79 0
0 81 69
60 81 0
0 82 71
60 82 0
0 84 73
60 84 0
0 86 83
60 86 0
60 86 57
60 86 0
60 81 51
60 81 0
60 82 60
60 82 0
60 82 57
60 82 0
60 77 50
60 77 0
60 79 60
60 79 0
60 79 55
60 79 0
60 74 55
60 74 0
60 76 60
60 76 0
60 76 54
60 76 0
60 71 54
60 71 0
60 73 60
60 73 0
0 69 51
60 69 0
0 71 53
60 71 0
0 73 56
60 73 0
0 74 58
60 74 0
0 76 60
60 76 0
0 77 63
60 77 0
0 73 53
60 73 0
0 74 56
60 74 0
0 76 58
60 76 0
0 77 61
60 77 0
0 79 64
60 79 0
0 81 66
60 81 0
0 76 57
60 76 0
0 77 60
60 77 0
0 79 62
60 79 0
0 81 65
60 81 0
0 83 67
60 83 0
0 85 70
60 85 0
0 81 65
60 81 0
0 83 67
60 83 0
0 85 69
60 85 0
0 86 71
60 86 0
0 88 73
60 88 0
0 81 69
0 89 79
60 89 0
0 81 0
60 81 57
0 89 65
60 89 0
0 81 0
60 77 51
0 84 58
60 84 0
0 77 0
60 77 60
0 86 69
60 86 0
0 77 0
60 77 57
0 86 65
60 86 0
0 77 0
60 74 50
0 82 57
60 82 0
0 74 0
60 79 69
0 76 60
60 76 0
0 79 0
60 79 63
0 76 55
60 76 0
0 79 0
60 84 63
0 72 55
60 72 0
0 84 0
60 81 69
0 72 60
60 72 0
0 81 0
60 81 62
0 72 54
60 72 0
0 81 0
60 72 54
0 77 62
60 77 0
0 72 0
60 74 69
0 70 60
60 70 0
0 74 0
60 74 62
0 70 54
60 70 0
0 74 0
60 67 62
0 79 72
60 79 0
0 67 0
60 76 71
0 72 61
60 72 0
0 76 0
60 76 65
0 72 56
60 72 0
0 76 0
60 69 64
0 81 74
60 81 0
0 69 0
60 77 73
0 74 64
60 74 0
0 77 0
60 77 66
0 74 58
60 74 0
0 77 0
60 70 67
0 82 78
60 82 0
0 70 0
60 79 76
0 76 66
60 76 0
0 79 0
60 79 69
0 76 60
60 76 0
0 79 0
60 72 69
0 84 80
60 84 0
0 72 0
60 72 62
0 81 73
60 81 0
0 72 0
60 72 57
0 81 68
60 81 0
0 72 0
60 70 55
0 76 65
60 76 0
0 70 0
60 72 57
0 77 68
60 77 0
0 72 0
60 70 53
0 73 63
60 73 0
0 70 0
60 69 51
0 74 61
60 74 0
0 69 0
60 66 54
0 69 64
60 69 0
0 66 0
60 65 51
0 70 60
60 70 0
0 65 0
60 63 49
0 66 58
60 66 0
0 63 0
60 62 50
0 67 59
60 67 0
0 62 0
60 58 46
0 62 46
60 62 0
0 58 0
60 59 45
0 65 54
60 65 0
0 59 0
60 58 39
0 64 46
60 64 0
0 58 0
60 58 38
0 64 45
60 64 0
0 58 0
60 65 41
0 70 41
0 74 49
60 74 0
0 70 0
0 65 0
60 64 41
0 67 49
60 67 0
0 64 0
60 64 38
0 67 45
60 67 0
0 64 0
60 86 54
0 82 45
0 77 45
60 77 0
0 82 0
0 86 0
60 79 47
0 76 39
60 76 0
0 79 0
60 79 42
0 76 35
60 76 0
0 79 0
60 72 60
0 84 73
60 84 0
0 72 0
60 89 85
0 81 71
0 77 71
60 77 0
0 81 0
0 89 0
300 57 46
0 60 51
0 65 61
60 65 0
0 60 0
0 57 0
180 57 42
0 60 45
0 65 54
60 65 0
0 60 0
0 57 0
60 58 46
0 61 51
0 66 61
60 66 0
0 61 0
0 58 0
180 58 42
0 61 45
0 66 54
60 66 0
0 61 0
0 58 0
60 54 46
0 58 51
0 63 61
60 63 0
0 58 0
0 54 0
180 54 42
0 58 45
0 63 54
60 63 0
0 58 0
0 54 0
60 51 46
0 54 51
0 60 61
60 60 0
0 54 0
0 51 0
180 51 42
0 54 45
0 60 54
60 60 0
0 54 0
0 51 0
60 53 51
0 57 61
60 57 0
0 53 0
180 53 45
0 57 54
60 57 0
0 53 0
60 53 46
0 55 51
0 58 61
60 58 0
0 55 0
0 53 0
180 53 42
0 55 45
0 58 54
60 58 0
0 55 0
0 53 0
60 53 46
0 56 51
0 59 61
60 59 0
0 56 0
0 53 0
180 53 42
0 56 45
0 59 54
60 59 0
0 56 0
0 53 0
60 53 46
0 57 51
0 60 61
60 60 0
0 57 0
0 53 0
180 53 42
0 57 45
0 60 54
60 60 0
0 57 0
0 53 0
60 57 46
0 60 51
0 65 61
60 65 0
0 60 0
0 57 0
180 57 42
0 60 45
0 65 54
60 65 0
0 60 0
0 57 0
60 58 46
0 61 51
0 68 61
60 68 0
0 61 0
0 58 0
180 58 42
0 61 45
0 66 54
60 66 0
0 61 0
0 58 0
60 54 46
0 58 51
0 63 61
60 63 0
0 58 0
0 54 0
180 54 42
0 58 45
0 63 54
60 63 0
0 58 0
0 54 0
60 51 46
0 54 51
0 60 61
60 60 0
0 54 0
0 51 0
180 51 42
0 54 45
0 60 54
60 60 0
0 54 0
0 51 0
60 53 51
0 57 61
60 57 0
0 53 0
180 53 46
0 57 55
60 57 0
0 53 0
60 54 53
0 58 64
60 58 0
0 54 0
180 54 48
0 58 58
60 58 0
0 54 0
60 55 56
0 59 67
60 59 0
0 55 0
180 55 50
0 59 61
60 59 0
0 55 0
60 54 52
0 56 58
0 60 70
60 60 0
0 56 0
0 54 0
180 48 49
0 54 49
0 56 53
0 60 63
60 60 0
0 48 0
0 54 0
0 56 0
60 59 55
0 65 61
0 68 73
60 68 0
0 65 0
0 59 0
180 59 50
0 65 54
0 68 64
60 68 0
0 65 0
0 59 0
60 59 55
0 66 61
0 70 73
60 70 0
0 66 0
0 59 0
180 59 50
0 66 54
0 70 64
60 70 0
0 66 0
0 59 0
60 59 55
0 65 61
0 68 73
60 68 0
0 65 0
0 59 0
180 59 50
0 65 54
0 68 64
60 68 0
0 65 0
0 59 0
60 59 61
0 65 73
60 65 0
0 59 0
180 59 54
0 65 64
60 65 0
0 59 0
60 53 61
0 59 61
0 61 73
60 61 0
0 59 0
0 53 0
180 53 54
0 59 54
0 61 64
60 61 0
0 59 0
0 53 0
60 59 61
0 63 73
60 63 0
0 59 0
180 59 54
0 63 64
60 63 0
0 59 0
60 55 55
0 59 61
0 64 73
60 64 0
0 59 0
0 55 0
180 55 50
0 59 54
0 64 64
60 64 0
0 59 0
0 55 0
60 59 55
0 61 61
0 65 73
60 65 0
0 61 0
0 59 0
180 59 50
0 61 54
0 65 64
60 65 0
0 61 0
0 59 0
60 59 55
0 65 61
0 68 73
60 68 0
0 65 0
0 59 0
180 59 50
0 65 54
0 68 64
60 68 0
0 65 0
0 59 0
60 63 60
0 66 67
0 73 80
60 73 0
0 66 0
0 63 0
180 63 50
0 66 54
0 71 64
60 71 0
0 66 0
0 63 0
60 59 55
0 63 61
0 68 73
60 68 0
0 63 0
0 59 0
180 59 50
0 63 54
0 68 64
60 68 0
0 63 0
0 59 0
60 56 61
0 59 61
0 65 73
60 65 0
0 59 0
0 56 0
180 56 54
0 59 54
0 65 64
60 65 0
0 59 0
0 56 0
60 53 61
0 59 61
0 61 73
60 61 0
0 59 0
0 53 0
180 53 52
0 59 52
0 61 63
60 61 0
0 59 0
0 53 0
60 59 58
0 63 70
60 63 0
0 59 0
180 59 50
0 63 60
60 63 0
0 59 0
60 58 56
0 52 50
0 60 56
0 64 67
60 64 0
0 58 0
0 52 0
0 60 0
180 58 48
0 52 44
0 60 48
0 64 57
60 64 0
0 58 0
0 52 0
0 60 0
60 57 48
0 60 53
0 65 64
60 65 0
0 60 0
0 57 0
180 57 42
0 60 45
0 65 55
60 65 0
0 60 0
0 57 0
60 65 50
0 77 59
60 77 0
0 65 0
60 69 45
0 72 54
60 72 0
0 69 0
60 69 45
0 72 54
60 72 0
0 69 0
60 67 50
0 79 59
60 79 0
0 67 0
60 70 45
0 75 54
60 75 0
0 70 0
60 70 45
0 75 54
60 75 0
0 70 0
60 65 50
0 77 59
60 77 0
0 65 0
60 69 45
0 72 54
60 72 0
0 69 0
60 69 45
0 72 54
60 72 0
0 69 0
60 67 50
0 79 59
60 79 0
0 67 0
60 70 45
0 75 54
60 75 0
0 70 0
60 70 45
0 75 54
60 75 0
0 70 0
60 65 50
0 77 59
60 77 0
0 65 0
60 69 45
0 72 55
60 72 0
0 69 0
60 69 46
0 72 56
60 72 0
0 69 0
60 69 53
0 81 62
60 81 0
0 69 0
60 72 48
0 75 58
60 75 0
0 72 0
60 72 50
0 75 60
60 75 0
0 72 0
60 72 58
0 84 68
60 84 0
0 72 0
60 75 53
0 79 64
60 79 0
0 75 0
60 75 55
0 79 67
60 79 0
0 75 0
60 73 64
0 85 75
60 85 0
0 73 0
60 75 53
0 81 64
60 81 0
0 75 0
60 75 55
0 81 67
60 81 0
0 75 0
0 74 62
0 86 62
60 86 0
0 74 0
60 77 45
0 80 54
60 80 0
0 77 0
60 77 45
0 80 54
60 80 0
0 77 0
60 75 65
0 87 65
60 87 0
0 75 0
60 80 45
0 84 54
60 84 0
0 80 0
60 80 45
0 84 54
60 84 0
0 80 0
60 74 64
0 86 64
60 86 0
0 74 0
60 77 45
0 80 54
60 80 0
0 77 0
60 77 45
0 80 54
60 80 0
0 77 0
60 75 64
0 87 64
60 87 0
0 75 0
60 80 45
0 84 54
60 84 0
0 80 0
60 80 45
0 84 54
60 84 0
0 80 0
60 74 65
0 86 65
60 86 0
0 74 0
60 80 45
0 82 55
60 82 0
0 80 0
60 80 46
0 82 56
60 82 0
0 80 0
60 75 66
0 87 66
60 87 0
0 75 0
60 80 48
0 82 58
60 82 0
0 80 0
60 80 50
0 82 60
60 82 0
0 80 0
60 76 72
0 88 72
60 88 0
0 76 0
60 80 53
0 82 64
60 82 0
0 80 0
60 80 55
0 82 67
60 82 0
0 80 0
60 77 64
0 89 75
60 89 0
0 77 0
60 80 53
0 82 64
60 82 0
0 80 0
60 80 55
0 82 67
60 82 0
0 80 0
0 79 49
0 91 57
60 91 0
0 79 0
60 83 44
0 86 52
60 86 0
0 83 0
60 83 44
0 86 52
60 86 0
0 83 0
60 84 49
0 96 57
60 96 0
0 84 0
60 87 44
0 91 52
60 91 0
0 87 0
60 87 44
0 91 52
60 91 0
0 87 0
60 79 49
0 91 57
60 91 0
0 79 0
60 83 44
0 86 52
60 86 0
0 83 0
60 83 44
0 86 52
60 86 0
0 83 0
60 84 49
0 96 57
60 96 0
0 84 0
60 87 44
0 91 52
60 91 0
0 87 0
60 87 44
0 91 52
60 91 0
0 87 0
60 78 44
60 78 0
0 79 46
60 79 0
0 80 47
60 80 0
0 81 48
60 81 0
0 82 49
60 82 0
0 83 50
60 83 0
0 84 52
60 84 0
0 85 54
60 85 0
0 86 54
60 86 0
0 87 55
60 87 0
0 88 55
60 88 0
0 89 56
60 89 0
0 90 56
60 90 0
0 91 57
60 91 0
0 92 58
60 92 0
0 93 58
60 93 0
0 94 59
60 94 0
0 95 59
60 95 0
0 98 60
60 98 0
0 96 55
60 96 0
0 91 51
60 91 0
0 87 47
60 87 0
0 84 43
60 84 0
0 77 42
0 89 51
60 89 0
0 77 0
60 81 41
0 84 50
60 84 0
0 81 0
60 81 41
0 84 50
60 84 0
0 81 0
60 84 47
0 96 55
60 96 0
0 84 0
60 87 41
0 90 50
60 90 0
0 87 0
60 87 41
0 90 50
60 90 0
0 87 0
60 77 47
0 89 55
60 89 0
0 77 0
60 81 41
0 84 50
60 84 0
0 81 0
60 81 41
0 84 50
60 84 0
0 81 0
60 84 47
0 96 55
60 96 0
0 84 0
60 87 41
0 90 50
60 90 0
0 87 0
60 87 41
0 90 50
60 90 0
0 87 0
60 76 46
60 76 0
0 77 47
60 77 0
0 78 48
60 78 0
0 79 49
60 79 0
0 80 50
60 80 0
0 81 51
60 81 0
0 82 52
60 82 0
0 83 53
60 83 0
0 84 54
60 84 0
0 85 55
60 85 0
0 86 55
60 86 0
0 87 56
60 87 0
0 88 57
60 88 0
0 89 57
60 89 0
0 90 58
60 90 0
0 91 58
60 91 0
0 92 59
60 92 0
0 93 59
60 93 0
0 96 60
60 96 0
0 94 55
60 94 0
0 89 51
60 89 0
0 86 47
60 86 0
0 82 43
60 82 0
0 74 39
0 86 47
60 86 0
0 74 0
60 78 38
0 81 46
60 81 0
0 78 0
60 78 38
0 81 46
60 81 0
0 78 0
60 79 43
0 91 50
60 91 0
0 79 0
60 82 38
0 86 46
60 86 0
0 82 0
60 82 38
0 86 46
60 86 0
0 82 0
0 72 39
0 84 47
60 84 0
0 72 0
60 76 38
0 79 46
60 79 0
0 76 0
60 76 38
0 79 46
60 79 0
0 76 0
60 77 43
0 89 50
60 89 0
0 77 0
60 81 38
0 84 46
60 84 0
0 81 0
60 81 38
0 84 46
60 84 0
0 81 0
0 74 39
0 86 47
60 86 0
0 74 0
60 78 38
0 81 46
60 81 0
0 78 0
60 78 38
0 81 46
60 81 0
0 78 0
60 79 43
0 91 50
60 91 0
0 79 0
60 82 38
0 86 46
60 86 0
0 82 0
60 82 38
0 86 46
60 86 0
0 82 0
0 72 39
0 84 47
60 84 0
0 72 0
60 76 38
0 79 46
60 79 0
0 76 0
60 76 38
0 79 46
60 79 0
0 76 0
60 77 43
0 89 50
60 89 0
0 77 0
60 81 38
0 84 46
60 84 0
0 81 0
60 81 38
0 84 46
60 84 0
0 81 0
0 82 68
0 90 78
60 90 0
0 82 0
60 78 53
0 87 53
60 87 0
0 78 0
60 78 53
0 87 53
60 87 0
0 78 0
0 81 62
0 89 71
60 89 0
0 81 0
60 87 55
0 77 55
60 77 0
0 87 0
60 87 53
0 77 53
60 77 0
0 87 0
0 82 77
0 90 86
60 90 0
0 82 0
60 78 59
0 87 59
60 87 0
0 78 0
60 78 61
0 87 61
60 87 0
0 78 0
0 81 68
0 89 78
60 89 0
0 81 0
60 77 61
0 87 61
60 87 0
0 77 0
60 77 59
0 87 59
60 87 0
0 77 0
60 82 67
0 90 79
60 90 0
0 82 0
60 87 72
0 78 60
60 78 0
0 87 0
60 82 71
0 90 85
60 90 0
0 82 0
60 87 77
0 78 77
60 78 0
0 87 0
60 82 63
0 90 88
60 90 0
0 82 0
60 87 81
0 78 67
60 78 0
0 87 0
60 82 73
0 90 86
60 90 0
0 82 0
60 88 80
0 78 68
60 78 0
0 88 0
60 82 73
0 90 86
60 90 0
0 82 0
60 88 77
0 78 65
60 78 0
0 88 0
60 82 72
0 90 85
60 90 0
0 82 0
60 88 75
0 78 63
60 78 0
0 88 0
60 87 91
60 87 0
0 91 66
60 91 0
0 87 60
60 87 0
0 86 55
60 86 0
0 84 48
60 84 0
0 82 47
60 82 0
360 75 53
60 75 0
0 79 48
60 79 0
0 75 49
60 75 0
0 74 49
60 74 0
0 72 48
60 72 0
0 70 47
60 70 0
360 63 57
60 63 0
0 67 52
60 67 0
0 63 53
60 63 0
0 62 53
60 62 0
0 60 53
60 60 0
0 58 52
60 58 0
360 51 66
60 51 0
0 55 59
60 55 0
0 51 63
60 51 0
0 50 64
60 50 0
0 48 64
60 48 0
0 46 64
60 46 0
420 42 54
60 42 0
0 43 54
60 43 0
0 44 54
60 44 0
0 45 55
60 45 0
0 46 55
60 46 0
0 47 56
60 47 0
0 48 56
60 48 0
0 49 56
60 49 0
0 50 57
60 50 0
0 51 57
60 51 0
0 52 58
60 52 0
0 53 58
60 53 0
0 54 59
60 54 0
0 55 59
60 55 0
0 56 59
60 56 0
0 57 60
60 57 0
0 58 60
60 58 0
0 59 61
60 59 0
0 60 61
60 60 0
0 61 61
60 61 0
0 62 62
60 62 0
0 63 62
60 63 0
0 64 63
60 64 0
0 65 65
60 65 0
0 66 68
60 66 0
0 60 58
60 60 0
0 61 58
60 61 0
0 62 59
60 62 0
0 63 60
60 63 0
0 64 60
60 64 0
0 65 61
60 65 0
0 66 62
60 66 0
0 67 62
60 67 0
0 68 63
60 68 0
0 69 63
60 69 0
0 70 64
60 70 0
0 71 65
60 71 0
0 72 65
60 72 0
0 73 66
60 73 0
0 74 67
60 74 0
0 75 67
60 75 0
0 76 68
60 76 0
0 77 69
60 77 0
0 78 69
60 78 0
0 79 70
60 79 0
0 80 71
60 80 0
0 81 71
60 81 0
0 82 81
60 82 0
60 82 57
60 82 0
60 77 51
60 77 0
60 79 60
60 79 0
60 79 57
60 79 0
60 74 50
60 74 0
60 75 60
60 75 0
60 75 55
60 75 0
60 70 55
60 70 0
60 72 60
60 72 0
60 72 54
60 72 0
60 67 54
60 67 0
60 69 60
60 69 0
0 65 51
60 65 0
0 67 53
60 67 0
0 69 56
60 69 0
0 70 58
60 70 0
0 72 60
60 72 0
0 74 63
60 74 0
0 69 53
60 69 0
0 70 56
60 70 0
0 72 58
60 72 0
0 74 61
60 74 0
0 75 64
60 75 0
0 77 66
60 77 0
0 74 57
60 74 0
0 75 60
60 75 0
0 77 62
60 77 0
0 79 65
60 79 0
0 81 67
60 81 0
0 82 70
60 82 0
0 77 65
60 77 0
0 79 67
60 79 0
0 81 69
60 81 0
0 82 71
60 82 0
0 84 73
60 84 0
0 86 83
60 86 0
60 86 57
60 86 0
60 81 51
60 81 0
60 82 60
60 82 0
60 82 57
60 82 0
60 77 50
60 77 0
60 79 60
60 79 0
60 79 55
60 79 0
60 74 55
60 74 0
60 76 60
60 76 0
60 76 54
60 76 0
60 71 54
60 71 0
60 73 60
60 73 0
0 69 51
60 69 0
0 71 53
60 71 0
0 73 56
60 73 0
0 74 58
60 74 0
0 76 60
60 76 0
0 77 63
60 77 0
0 73 53
60 73 0
0 74 56
60 74 0
0 76 58
60 76 0
0 77 61
60 77 0
0 79 64
60 79 0
0 81 66
60 81 0
0 76 57
60 76 0
0 77 60
60 77 0
0 79 62
60 79 0
0 81 65
60 81 0
0 83 67
60 83 0
0 85 70
60 85 0
0 81 65
60 81 0
0 83 67
60 83 0
0 85 69
60 85 0
0 86 71
60 86 0
0 88 73
60 88 0
0 81 69
0 89 80
60 89 0
0 81 0
60 81 57
0 89 65
60 89 0
0 81 0
60 77 51
0 84 58
60 84 0
0 77 0
60 77 60
0 86 69
60 86 0
0 77 0
60 77 57
0 86 65
60 86 0
0 77 0
60 74 50
0 82 57
60 82 0
0 74 0
60 79 69
0 76 60
60 76 0
0 79 0
60 79 63
0 76 55
60 76 0
0 79 0
60 84 63
0 72 55
60 72 0
0 84 0
60 81 69
0 72 60
60 72 0
0 81 0
60 81 62
0 72 54
60 72 0
0 81 0
60 72 54
0 77 62
60 77 0
0 72 0
60 74 69
0 70 60
60 70 0
0 74 0
60 74 62
0 70 54
60 70 0
0 74 0
60 67 62
0 79 72
60 79 0
0 67 0
60 76 71
0 72 61
60 72 0
0 76 0
60 76 65
0 72 56
60 72 0
0 76 0
60 69 64
0 81 74
60 81 0
0 69 0
60 77 73
0 74 64
60 74 0
0 77 0
60 77 66
0 74 58
60 74 0
0 77 0
60 70 67
0 82 78
60 82 0
0 70 0
60 79 76
0 76 66
60 76 0
0 79 0
60 79 69
0 76 60
60 76 0
0 79 0
60 72 69
0 84 80
60 84 0
0 72 0
60 72 62
0 81 73
60 81 0
0 72 0
60 72 57
0 81 68
60 81 0
0 72 0
60 70 55
0 76 65
60 76 0
0 70 0
60 72 57
0 77 68
60 77 0
0 72 0
60 70 53
0 73 63
60 73 0
0 70 0
60 69 51
0 74 61
60 74 0
0 69 0
60 66 54
0 69 64
60 69 0
0 66 0
60 65 51
0 70 60
60 70 0
0 65 0
60 63 49
0 66 58
60 66 0
0 63 0
60 62 50
0 67 59
60 67 0
0 62 0
60 58 46
0 62 46
60 62 0
0 58 0
60 59 45
0 65 54
60 65 0
0 59 0
60 58 39
0 64 46
60 64 0
0 58 0
60 58 38
0 64 45
60 64 0
0 58 0
60 65 41
0 70 41
0 74 49
60 74 0
0 70 0
0 65 0
60 64 41
0 67 49
60 67 0
0 64 0
60 64 38
0 67 45
60 67 0
0 64 0
60 86 54
0 82 45
0 77 45
60 77 0
0 82 0
0 86 0
60 79 47
0 76 39
60 76 0
0 79 0
60 79 42
0 76 35
60 76 0
0 79 0
60 72 60
0 84 73
60 84 0
0 72 0
60 89 85
0 81 71
0 77 71
60 77 0
0 81 0
0 89 0
300 57 46
0 60 51
0 65 61
60 65 0
0 60 0
0 57 0
180 57 42
0 60 45
0 65 54
60 65 0
0 60 0
0 57 0
60 58 46
0 61 51
0 66 61
60 66 0
0 61 0
0 58 0
180 58 42
0 61 45
0 66 54
60 66 0
0 61 0
0 58 0
60 54 46
0 58 51
0 63 61
60 63 0
0 58 0
0 54 0
180 54 42
0 58 45
0 63 54
60 63 0
0 58 0
0 54 0
60 51 46
0 54 51
0 60 61
60 60 0
0 54 0
0 51 0
180 51 42
0 54 45
0 60 54
60 60 0
0 54 0
0 51 0
60 53 51
0 57 61
60 57 0
0 53 0
180 53 45
0 57 54
60 57 0
0 53 0
60 53 46
0 55 51
0 58 61
60 58 0
0 55 0
0 53 0
180 53 42
0 55 45
0 58 54
60 58 0
0 55 0
0 53 0
60 53 46
0 56 51
0 59 61
60 59 0
0 56 0
0 53 0
180 53 42
0 56 45
0 59 54
60 59 0
0 56 0
0 53 0
60 53 46
0 57 51
0 60 61
60 60 0
0 57 0
0 53 0
180 53 42
0 57 45
0 60 54
60 60 0
0 57 0
0 53 0
60 57 46
0 60 51
0 65 61
60 65 0
0 60 0
0 57 0
180 57 42
0 60 45
0 65 54
60 65 0
0 60 0
0 57 0
60 58 46
0 61 51
0 68 61
60 68 0
0 61 0
0 58 0
180 58 42
0 61 45
0 66 54
60 66 0
0 61 0
0 58 0
60 54 46
0 58 51
0 63 61
60 63 0
0 58 0
0 54 0
180 54 42
0 58 45
0 63 54
60 63 0
0 58 0
0 54 0
60 51 46
0 54 51
0 60 61
60 60 0
0 54 0
0 51 0
180 51 42
0 54 45
0 60 54
60 60 0
0 54 0
0 51 0
60 53 51
0 57 61
60 57 0
0 53 0
180 53 46
0 57 55
60 57 0
0 53 0
60 54 53
0 58 64
60 58 0
0 54 0
180 54 48
0 58 58
60 58 0
0 54 0
60 55 56
0 59 67
60 59 0
0 55 0
180 55 50
0 59 61
60 59 0
0 55 0
60 54 52
0 56 58
0 60 70
60 60 0
0 56 0
0 54 0
180 48 49
0 54 49
0 56 53
0 60 63
60 60 0
0 48 0
0 54 0
0 56 0
60 59 55
0 65 61
0 68 73
60 68 0
0 65 0
0 59 0
180 59 50
0 65 54
0 68 64
60 68 0
0 65 0
0 59 0
60 59 55
0 66 61
0 70 73
60 70 0
0 66 0
0 59 0
180 59 50
0 66 54
0 70 64
60 70 0
0 66 0
0 59 0
60 59 55
0 65 61
0 68 73
60 68 0
0 65 0
0 59 0
180 59 50
0 65 54
0 68 64
60 68 0
0 65 0
0 59 0
60 59 61
0 65 73
60 65 0
0 59 0
180 59 54
0 65 64
60 65 0
0 59 0
60 53 61
0 59 61
0 61 73
60 61 0
0 59 0
0 53 0
180 53 54
0 59 54
0 61 64
60 61 0
0 59 0
0 53 0
60 59 61
0 63 73
60 63 0
0 59 0
180 59 54
0 63 64
60 63 0
0 59 0
60 55 55
0 59 61
0 64 73
60 64 0
0 59 0
0 55 0
180 55 50
0 59 54
0 64 64
60 64 0
0 59 0
0 55 0
60 59 55
0 61 61
0 65 73
60 65 0
0 61 0
0 59 0
180 59 50
0 61 54
0 65 64
60 65 0
0 61 0
0 59 0
60 59 55
0 65 61
0 68 73
60 68 0
0 65 0
0 59 0
180 59 50
0 65 54
0 68 64
60 68 0
0 65 0
0 59 0
60 63 60
0 66 67
0 73 80
60 73 0
0 66 0
0 63 0
180 63 50
0 66 54
0 71 64
60 71 0
0 66 0
0 63 0
60 59 55
0 63 61
0 68 73
60 68 0
0 63 0
0 59 0
180 59 50
0 63 54
0 68 64
60 68 0
0 63 0
0 59 0
60 56 61
0 59 61
0 65 73
60 65 0
0 59 0
0 56 0
180 56 54
0 59 54
0 65 64
60 65 0
0 59 0
0 56 0
60 53 61
0 59 61
0 61 73
60 61 0
0 59 0
0 53 0
180 53 52
0 59 52
0 61 63
60 61 0
0 59 0
0 53 0
60 59 58
0 63 70
60 63 0
0 59 0
180 59 50
0 63 60
60 63 0
0 59 0
60 58 56
0 52 50
0 60 56
0 64 67
60 64 0
0 58 0
0 52 0
0 60 0
180 58 48
0 52 44
0 60 48
0 64 57
60 64 0
0 58 0
0 52 0
0 60 0
60 57 48
0 60 53
0 65 64
60 65 0
0 60 0
0 57 0
180 57 42
0 60 45
0 65 55
60 65 0
0 60 0
0 57 0
60 65 50
0 77 59
60 77 0
0 65 0
60 69 45
0 72 54
60 72 0
0 69 0
60 69 45
0 72 54
60 72 0
0 69 0
60 67 50
0 79 59
60 79 0
0 67 0
60 70 45
0 75 54
60 75 0
0 70 0
60 70 45
0 75 54
60 75 0
0 70 0
60 65 50
0 77 59
60 77 0
0 65 0
60 69 45
0 72 54
60 72 0
0 69 0
60 69 45
0 72 54
60 72 0
0 69 0
60 67 50
0 79 59
60 79 0
0 67 0
60 70 45
0 75 54
60 75 0
0 70 0
60 70 45
0 75 54
60 75 0
0 70 0
60 65 50
0 77 59
60 77 0
0 65 0
60 69 45
0 72 55
60 72 0
0 69 0
60 69 46
0 72 56
60 72 0
0 69 0
60 69 53
0 81 62
60 81 0
0 69 0
60 72 48
0 75 58
60 75 0
0 72 0
60 72 50
0 75 60
60 75 0
0 72 0
60 72 58
0 84 68
60 84 0
0 72 0
60 75 53
0 79 64
60 79 0
0 75 0
60 75 55
0 79 67
60 79 0
0 75 0
60 73 64
0 85 75
60 85 0
0 73 0
60 75 53
0 81 64
60 81 0
0 75 0
60 75 55
0 81 67
60 81 0
0 75 0
0 74 62
0 86 62
60 86 0
0 74 0
60 77 45
0 80 54
60 80 0
0 77 0
60 77 45
0 80 54
60 80 0
0 77 0
60 75 65
0 87 65
60 87 0
0 75 0
60 80 45
0 84 54
60 84 0
0 80 0
60 80 45
0 84 54
60 84 0
0 80 0
60 74 64
0 86 64
60 86 0
0 74 0
60 77 45
0 80 54
60 80 0
0 77 0
60 77 45
0 80 54
60 80 0
0 77 0
60 75 64
0 87 64
60 87 0
0 75 0
60 80 45
0 84 54
60 84 0
0 80 0
60 80 45
0 84 54
60 84 0
0 80 0
60 74 65
0 86 65
60 86 0
0 74 0
60 80 45
0 82 55
60 82 0
0 80 0
60 80 46
0 82 56
60 82 0
0 80 0
60 75 66
0 87 66
60 87 0
0 75 0
60 80 48
0 82 58
60 82 0
0 80 0
60 80 50
0 82 60
60 82 0
0 80 0
60 76 72
0 88 72
60 88 0
0 76 0
60 80 53
0 82 64
60 82 0
0 80 0
60 80 55
0 82 67
60 82 0
0 80 0
60 77 64
0 89 75
60 89 0
0 77 0
60 80 53
0 82 64
60 82 0
0 80 0
60 80 55
0 82 67
60 82 0
0 80 0
0 79 49
0 91 57
60 91 0
0 79 0
60 83 44
0 86 52
60 86 0
0 83 0
60 83 44
0 86 52
60 86 0
0 83 0
60 84 49
0 96 57
60 96 0
0 84 0
60 87 44
0 91 52
60 91 0
0 87 0
60 87 44
0 91 52
60 91 0
0 87 0
60 79 49
0 91 57
60 91 0
0 79 0
60 83 44
0 86 52
60 86 0
0 83 0
60 83 44
0 86 52
60 86 0
0 83 0
60 84 49
0 96 57
60 96 0
0 84 0
60 87 44
0 91 52
60 91 0
0 87 0
60 87 44
0 91 52
60 91 0
0 87 0
60 78 44
60 78 0
0 79 46
60 79 0
0 80 47
60 80 0
0 81 48
60 81 0
0 82 49
60 82 0
0 83 50
60 83 0
0 84 52
60 84 0
0 85 54
60 85 0
0 86 54
60 86 0
0 87 55
60 87 0
0 88 55
60 88 0
0 89 56
60 89 0
0 90 56
60 90 0
0 91 57
60 91 0
0 92 58
60 92 0
0 93 58
60 93 0
0 94 59
60 94 0
0 95 59
60 95 0
0 98 60
60 98 0
0 96 55
60 96 0
0 91 51
60 91 0
0 87 47
60 87 0
0 84 43
60 84 0
0 77 42
0 89 51
60 89 0
0 77 0
60 81 41
0 84 50
60 84 0
0 81 0
60 81 41
0 84 50
60 84 0
0 81 0
60 84 47
0 96 55
60 96 0
0 84 0
60 87 41
0 90 50
60 90 0
0 87 0
60 87 41
0 90 50
60 90 0
0 87 0
60 77 47
0 89 55
60 89 0
0 77 0
60 81 41
0 84 50
60 84 0
0 81 0
60 81 41
0 84 50
60 84 0
0 81 0
60 84 47
0 96 55
60 96 0
0 84 0
60 87 41
0 90 50
60 90 0
0 87 0
60 87 41
0 90 50
60 90 0
0 87 0
60 76 46
60 76 0
0 77 47
60 77 0
0 78 48
60 78 0
0 79 49
60 79 0
0 80 50
60 80 0
0 81 51
60 81 0
0 82 52
60 82 0
0 83 53
60 83 0
0 84 54
60 84 0
0 85 55
60 85 0
0 86 55
60 86 0
0 87 56
60 87 0
0 88 57
60 88 0
0 89 57
60 89 0
0 90 58
60 90 0
0 91 58
60 91 0
0 92 59
60 92 0
0 93 59
60 93 0
0 96 60
60 96 0
0 94 55
60 94 0
0 89 51
60 89 0
0 86 47
60 86 0
0 82 43
60 82 0
0 74 39
0 86 47
60 86 0
0 74 0
60 78 38
0 81 46
60 81 0
0 78 0
60 78 38
0 81 46
60 81 0
0 78 0
60 79 43
0 91 50
60 91 0
0 79 0
60 82 38
0 86 46
60 86 0
0 82 0
60 82 38
0 86 46
60 86 0
0 82 0
0 72 39
0 84 47
60 84 0
0 72 0
60 76 38
0 79 46
60 79 0
0 76 0
60 76 38
0 79 46
60 79 0
0 76 0
60 77 43
0 89 50
60 89 0
0 77 0
60 81 38
0 84 46
60 84 0
0 81 0
60 81 38
0 84 46
60 84 0
0 81 0
0 74 39
0 86 47
60 86 0
0 74 0
60 78 38
0 81 46
60 81 0
0 78 0
60 78 38
0 81 46
60 81 0
0 78 0
60 79 43
0 91 50
60 91 0
0 79 0
60 82 38
0 86 46
60 86 0
0 82 0
60 82 38
0 86 46
60 86 0
0 82 0
0 72 39
0 84 47
60 84 0
0 72 0
60 76 38
0 79 46
60 79 0
0 76 0
60 76 38
0 79 46
60 79 0
0 76 0
60 77 43
0 89 50
60 89 0
0 77 0
60 81 38
0 84 46
60 84 0
0 81 0
60 81 38
0 84 46
60 84 0
0 81 0
0 82 68
0 90 78
60 90 0
0 82 0
60 78 53
0 87 53
60 87 0
0 78 0
60 78 53
0 87 53
60 87 0
0 78 0
0 81 62
0 89 71
60 89 0
0 81 0
60 77 55
0 87 55
60 87 0
0 77 0
60 77 53
0 87 53
60 87 0
0 77 0
0 82 77
0 90 86
60 90 0
0 82 0
60 78 59
0 87 59
60 87 0
0 78 0
60 78 61
0 87 61
60 87 0
0 78 0
0 81 68
0 89 78
60 89 0
0 81 0
60 77 61
0 87 61
60 87 0
0 77 0
60 77 59
0 87 59
60 87 0
0 77 0
60 82 67
0 90 79
60 90 0
0 82 0
60 87 72
0 78 60
60 78 0
0 87 0
60 82 71
0 90 85
60 90 0
0 82 0
60 87 77
0 78 77
60 78 0
0 87 0
60 82 63
0 90 88
60 90 0
0 82 0
60 87 81
0 78 67
60 78 0
0 87 0
60 82 73
0 90 86
60 90 0
0 82 0
60 88 80
0 78 68
60 78 0
0 88 0
60 82 73
0 90 86
60 90 0
0 82 0
60 88 77
0 78 65
60 78 0
0 88 0
60 82 72
0 90 85
60 90 0
0 82 0
60 88 75
0 78 63
60 78 0
0 88 0
60 87 91
60 87 0
0 91 66
60 91 0
0 87 60
60 87 0
0 86 55
60 86 0
0 84 48
60 84 0
0 82 47
60 82 0
360 75 53
60 75 0
0 79 48
60 79 0
0 75 49
60 75 0
0 74 49
60 74 0
0 72 48
60 72 0
0 70 47
60 70 0
360 63 57
60 63 0
0 67 52
60 67 0
0 63 53
60 63 0
0 62 53
60 62 0
0 60 53
60 60 0
0 58 52
60 58 0
360 51 66
60 51 0
0 55 59
60 55 0
0 51 63
60 51 0
0 50 64
60 50 0
0 48 64
60 48 0
0 46 64
60 46 0
420 42 54
60 42 0
0 43 54
60 43 0
0 44 54
60 44 0
0 45 55
60 45 0
0 46 55
60 46 0
0 47 56
60 47 0
0 48 56
60 48 0
0 49 56
60 49 0
0 50 57
60 50 0
0 51 57
60 51 0
0 52 58
60 52 0
0 53 58
60 53 0
0 54 59
60 54 0
0 55 59
60 55 0
0 56 59
60 56 0
0 57 60
60 57 0
0 58 60
60 58 0
0 59 61
60 59 0
0 60 61
60 60 0
0 61 61
60 61 0
0 62 62
60 62 0
0 63 62
60 63 0
0 64 63
60 64 0
0 65 65
60 65 0
0 66 68
60 66 0
0 60 58
60 60 0
0 61 58
60 61 0
0 62 59
60 62 0
0 63 60
60 63 0
0 64 60
60 64 0
0 65 61
60 65 0
0 66 62
60 66 0
0 67 62
60 67 0
0 68 63
60 68 0
0 69 63
60 69 0
0 70 64
60 70 0
0 71 65
60 71 0
0 72 65
60 72 0
0 73 66
60 73 0
0 74 67
60 74 0
0 75 67
60 75 0
0 76 68
60 76 0
0 77 69
60 77 0
0 78 69
60 78 0
0 79 70
60 79 0
0 80 71
60 80 0
0 81 71
60 81 0
0 82 81
60 82 0
60 82 57
60 82 0
60 77 51
60 77 0
60 79 60
60 79 0
60 79 57
60 79 0
60 74 50
60 74 0
60 75 60
60 75 0
60 75 55
60 75 0
60 70 55
60 70 0
60 72 60
60 72 0
60 72 54
60 72 0
60 67 54
60 67 0
60 69 60
60 69 0
0 65 51
60 65 0
0 67 53
60 67 0
0 69 56
60 69 0
0 70 58
60 70 0
0 72 60
60 72 0
0 74 63
60 74 0
0 69 53
60 69 0
0 70 56
60 70 0
0 72 58
60 72 0
0 74 61
60 74 0
0 75 64
60 75 0
0 77 66
60 77 0
0 74 57
60 74 0
0 75 60
60 75 0
0 77 62
60 77 0
0 79 65
60 79 0
0 81 67
60 81 0
0 82 70
60 82 0
0 77 65
60 77 0
0 79 67
60 79 0
0 81 69
60 81 0
0 82 71
60 82 0
0 84 73
60 84 0
0 86 83
60 86 0
60 86 57
60 86 0
60 81 51
60 81 0
60 82 60
60 82 0
60 82 57
60 82 0
60 77 50
60 77 0
60 79 60
60 79 0
60 79 55
60 79 0
60 74 55
60 74 0
60 76 60
60 76 0
60 76 54
60 76 0
60 71 54
60 71 0
60 73 60
60 73 0
0 69 51
60 69 0
0 71 53
60 71 0
0 73 56
60 73 0
0 74 58
60 74 0
0 76 60
60 76 0
0 77 63
60 77 0
0 73 53
60 73 0
0 74 56
60 74 0
0 76 58
60 76 0
0 77 61
60 77 0
0 79 64
60 79 0
0 81 66
60 81 0
0 76 57
60 76 0
0 77 60
60 77 0
0 79 62
60 79 0
0 81 65
60 81 0
0 83 67
60 83 0
0 85 70
60 85 0
0 81 65
60 81 0
0 83 67
60 83 0
0 85 69
60 85 0
0 86 71
60 86 0
0 88 73
60 88 0
0 81 69
0 89 80
60 89 0
0 81 0
60 81 57
0 89 65
60 89 0
0 81 0
60 77 51
0 84 58
60 84 0
0 77 0
60 77 60
0 86 69
60 86 0
0 77 0
60 77 57
0 86 65
60 86 0
0 77 0
60 74 50
0 82 57
60 82 0
0 74 0
60 79 69
0 76 60
60 76 0
0 79 0
60 79 63
0 76 55
60 76 0
0 79 0
60 84 63
0 72 55
60 72 0
0 84 0
60 81 69
0 72 60
60 72 0
0 81 0
60 81 62
0 72 54
60 72 0
0 81 0
60 72 54
0 77 62
60 77 0
0 72 0
60 81 69
0 89 80
60 89 0
0 81 0
60 81 57
0 89 65
60 89 0
0 81 0
60 77 51
0 84 58
60 84 0
0 77 0
60 77 60
0 86 69
60 86 0
0 77 0
60 77 57
0 86 65
60 86 0
0 77 0
60 74 50
0 82 57
60 82 0
0 74 0
60 79 69
0 76 60
60 76 0
0 79 0
60 79 63
0 76 55
60 76 0
0 79 0
60 84 63
0 72 55
60 72 0
0 84 0
60 81 69
0 72 60
60 72 0
0 81 0
60 81 62
0 72 54
60 72 0
0 81 0
60 72 54
0 77 62
60 77 0
0 72 0
60 81 69
0 89 80
60 89 0
0 81 0
60 82 57
0 88 65
60 88 0
0 82 0
60 84 51
0 87 58
60 87 0
0 84 0
60 82 60
0 86 69
60 86 0
0 82 0
60 77 57
0 84 65
60 84 0
0 77 0
60 74 50
0 82 57
60 82 0
0 74 0
60 83 72
0 91 84
60 91 0
0 83 0
60 84 59
0 90 68
60 90 0
0 84 0
60 86 53
0 89 60
60 89 0
0 86 0
60 84 63
0 88 72
60 88 0
0 84 0
60 79 59
0 86 68
60 86 0
0 79 0
60 76 52
0 84 59
60 84 0
0 76 0
60 85 75
0 93 88
60 93 0
0 85 0
60 86 61
0 92 71
60 92 0
0 86 0
60 87 55
0 91 63
60 91 0
0 87 0
60 86 66
0 89 75
60 89 0
0 86 0
60 81 61
0 88 71
60 88 0
0 81 0
60 77 54
0 86 61
60 86 0
0 77 0
60 86 78
0 94 92
60 94 0
0 86 0
60 87 64
0 93 74
60 93 0
0 87 0
60 89 57
0 92 66
60 92 0
0 89 0
60 87 69
0 91 78
60 91 0
0 87 0
60 82 64
0 89 74
60 89 0
0 82 0
60 79 56
0 87 64
60 87 0
0 79 0
60 82 83
0 87 83
0 94 83
60 94 0
0 87 0
0 82 0
60 79 72
0 87 72
0 91 72
60 91 0
0 87 0
0 79 0
180 82 76
0 87 76
0 94 76
60 94 0
0 87 0
0 82 0
60 79 65
0 87 65
0 91 65
60 91 0
0 87 0
0 79 0
180 82 68
0 87 68
0 94 68
60 94 0
0 87 0
0 82 0
60 79 60
0 87 60
0 91 60
60 91 0
0 87 0
0 79 0
180 82 63
0 87 63
0 94 63
60 94 0
0 87 0
0 82 0
60 79 56
0 87 56
0 91 56
60 91 0
0 87 0
0 79 0
180 82 58
0 87 58
0 94 58
60 94 0
0 87 0
0 82 0
60 78 51
0 87 51
0 90 51
60 90 0
0 87 0
0 78 0
180 82 53
0 87 53
0 94 53
60 94 0
0 87 0
0 82 0
60 78 46
0 87 46
0 90 46
60 90 0
0 87 0
0 78 0
180 82 48
0 87 48
0 94 48
60 94 0
0 87 0
0 82 0
60 78 43
0 87 43
0 90 43
60 90 0
0 87 0
0 78 0
180 82 44
0 87 44
0 94 44
60 94 0
0 87 0
0 82 0
60 78 40
0 87 40
0 90 40
60 90 0
0 87 0
0 78 0
180 98 67
60 98 0
0 101 56
60 101 0
0 99 55
60 99 0
0 98 53
60 98 0
0 96 52
60 96 0
0 94 50
60 94 0
0 93 55
60 93 0
0 96 58
60 96 0
0 94 57
60 94 0
0 93 55
60 93 0
0 91 54
60 91 0
0 90 53
60 90 0
0 93 54
60 93 0
0 91 54
60 91 0
0 89 53
60 89 0
0 87 52
60 87 0
0 86 52
60 86 0
0 84 51
60 84 0
0 83 60
60 83 0
0 86 50
60 86 0
0 84 49
60 84 0
0 81 47
60 81 0
0 79 46
60 79 0
0 77 45
60 77 0
0 86 49
60 86 0
0 89 52
60 89 0
0 87 51
60 87 0
0 86 49
60 86 0
0 84 48
60 84 0
0 82 47
60 82 0
0 81 49
60 81 0
0 84 52
60 84 0
0 82 51
60 82 0
0 81 49
60 81 0
0 79 48
60 79 0
0 78 47
60 78 0
0 81 48
60 81 0
0 79 48
60 79 0
0 77 47
60 77 0
0 75 46
60 75 0
0 74 46
60 74 0
0 72 45
60 72 0
0 71 47
60 71 0
0 74 46
60 74 0
0 72 45
60 72 0
0 69 44
60 69 0
0 67 43
60 67 0
0 65 42
60 65 0
0 74 57
60 74 0
0 77 51
60 77 0
0 74 51
60 74 0
0 72 51
60 72 0
0 70 51
60 70 0
0 62 51
58 62 0
362 74 48
60 74 0
0 77 42
60 77 0
0 74 42
60 74 0
0 72 42
60 72 0
0 70 42
60 70 0
0 62 42
58 62 0
362 74 51
60 74 0
0 78 45
60 78 0
0 74 45
60 74 0
0 72 45
60 72 0
0 70 45
60 70 0
0 62 45
58 62 0
362 74 51
60 74 0
0 78 45
60 78 0
0 74 45
60 74 0
0 72 45
60 72 0
0 70 45
60 70 0
0 62 45
58 62 0
722 68 51
60 68 0
0 66 45
60 66 0
0 67 43
60 67 0
0 71 45
60 71 0
0 74 46
60 74 0
0 79 48
60 79 0
0 80 53
60 80 0
0 78 47
60 78 0
0 79 49
60 79 0
0 83 52
60 83 0
0 86 54
60 86 0
0 91 56
60 91 0
0 92 59
60 92 0
0 90 55
60 90 0
0 91 58
60 91 0
0 95 60
60 95 0
0 98 63
60 98 0
0 103 66
60 103 0
0 101 68
60 101 0
0 100 67
60 100 0
0 96 65
60 96 0
0 91 64
60 91 0
0 89 62
60 89 0
0 88 61
60 88 0
0 84 60
60 84 0
0 79 59
60 79 0
0 77 58
60 77 0
0 76 56
60 76 0
0 72 55
60 72 0
0 67 51
60 67 0
60 71 47
60 71 0
0 75 49
60 75 0
0 78 50
60 78 0
0 82 51
60 82 0
0 83 53
60 83 0
0 87 54
60 87 0
0 90 55
60 90 0
0 94 57
60 94 0
0 95 58
60 95 0
0 99 59
60 99 0
120 70 47
60 70 0
0 74 49
60 74 0
3 77 50
57 81 51
3 77 0
57 81 0
0 82 53
60 82 0
0 86 54
60 86 0
0 89 55
60 89 0
0 93 57
57 94 58
3 93 0
57 94 0
3 98 59
60 98 0
120 70 42
60 70 0
0 73 44
60 73 0
0 76 45
60 76 0
0 78 45
60 78 0
0 82 47
60 82 0
0 85 48
60 85 0
0 88 49
60 88 0
0 90 51
57 94 52
3 90 0
57 94 0
3 97 53
60 97 0
120 60 43
60 60 0
0 62 44
60 62 0
0 64 44
60 64 0
0 65 45
60 65 0
0 67 46
60 67 0
0 69 47
60 69 0
0 70 47
60 70 0
0 72 48
60 72 0
0 74 49
60 74 0
0 75 50
60 75 0
0 77 50
60 77 0
0 79 51
60 79 0
0 81 50
60 81 0
0 82 51
60 82 0
0 84 52
60 84 0
0 86 52
60 86 0
0 87 53
60 87 0
0 89 54
60 89 0
0 91 54
60 91 0
0 93 55
60 93 0
0 94 56
60 94 0
0 96 57
60 96 0
0 97 57
60 97 0
0 98 63
0 94 63
60 94 0
0 98 0
60 98 62
0 94 62
60 94 0
0 98 0
60 86 47
0 89 47
60 89 0
0 86 0
60 87 52
0 90 52
60 90 0
0 87 0
60 87 52
0 90 52
60 90 0
0 87 0
60 81 47
0 78 47
60 78 0
0 81 0
60 86 51
0 82 51
60 82 0
0 86 0
60 86 51
0 82 51
60 82 0
0 86 0
60 74 38
0 77 38
60 77 0
0 74 0
60 75 44
0 78 44
60 78 0
0 75 0
60 75 44
0 78 44
60 78 0
0 75 0
60 69 36
0 66 36
60 66 0
0 69 0
60 74 45
0 70 45
60 70 0
0 74 0
60 74 45
0 70 45
60 70 0
0 74 0
60 62 34
0 65 34
60 65 0
0 62 0
60 63 39
0 66 39
60 66 0
0 63 0
60 63 39
0 66 39
60 66 0
0 63 0
60 57 32
0 54 32
60 54 0
0 57 0
5760 41 54
0 53 60
60 53 0
0 41 0
60 55 51
60 55 0
60 57 45
60 57 0
60 46 54
0 58 54
60 58 0
0 46 0
60 57 51
60 57 0
60 55 45
60 55 0
60 48 54
0 60 54
60 60 0
0 48 0
60 62 49
60 62 0
60 64 49
60 64 0
60 53 54
0 65 54
60 65 0
0 53 0
60 55 48
60 55 0
60 57 48
60 57 0
60 55 54
0 58 54
60 58 0
0 55 0
60 57 48
60 57 0
60 55 56
60 55 0
60 60 55
0 64 55
60 64 0
0 60 0
60 58 50
60 58 0
60 57 58
60 57 0
60 62 57
0 65 57
60 65 0
0 62 0
60 60 51
60 60 0
60 58 60
60 58 0
60 64 59
0 67 59
60 67 0
0 64 0
60 62 53
60 62 0
60 60 61
60 60 0
60 53 56
60 53 0
60 65 50
60 65 0
60 55 49
60 55 0
60 57 52
60 57 0
60 67 48
60 67 0
60 65 47
60 65 0
60 63 49
60 63 0
60 62 44
60 62 0
60 60 43
60 60 0
60 58 45
60 58 0
60 57 40
60 57 0
60 56 39
60 56 0
60 48 36
0 55 43
60 55 0
0 48 0
900 48 60
60 48 0
60 41 67
0 53 79
60 53 0
0 41 0
6060 41 54
0 53 60
60 53 0
0 41 0
60 55 51
60 55 0
60 57 45
60 57 0
60 46 54
0 58 54
60 58 0
0 46 0
60 57 51
60 57 0
60 55 45
60 55 0
60 48 54
0 60 54
60 60 0
0 48 0
60 62 49
60 62 0
60 64 49
60 64 0
60 53 54
0 65 54
60 65 0
0 53 0
60 55 48
60 55 0
60 57 48
60 57 0
60 55 54
0 58 54
60 58 0
0 55 0
60 57 48
60 57 0
60 55 56
60 55 0
60 60 55
0 64 55
60 64 0
0 60 0
60 58 50
60 58 0
60 57 58
60 57 0
60 62 57
0 65 57
60 65 0
0 62 0
60 60 51
60 60 0
60 58 60
60 58 0
60 64 59
0 67 59
60 67 0
0 64 0
60 62 53
60 62 0
60 60 61
60 60 0
60 53 56
60 53 0
60 65 50
60 65 0
60 55 49
60 55 0
60 57 52
60 57 0
60 67 48
60 67 0
60 65 47
60 65 0
60 63 49
60 63 0
60 62 44
60 62 0
60 60 43
60 60 0
60 58 45
60 58 0
60 57 40
60 57 0
60 56 39
60 56 0
60 48 36
0 55 43
60 55 0
0 48 0
900 48 60
60 48 0
60 41 67
0 53 79
60 53 0
0 41 0
420 53 56
0 41 43
60 41 0
0 53 0
300 61 56
0 58 43
60 58 0
0 61 0
300 58 56
0 54 43
60 54 0
0 58 0
300 54 56
0 51 43
60 51 0
0 54 0
300 48 56
0 41 43
60 41 0
0 48 0
300 49 56
0 41 43
60 41 0
0 49 0
300 50 56
0 41 43
60 41 0
0 50 0
300 51 56
0 41 43
60 41 0
0 51 0
300 53 56
0 41 43
60 41 0
0 53 0
300 61 56
0 58 43
60 58 0
0 61 0
300 58 56
0 54 43
60 54 0
0 58 0
300 54 56
0 51 43
60 51 0
0 54 0
300 48 56
0 41 43
60 41 0
0 48 0
300 48 59
0 40 45
60 40 0
0 48 0
300 49 62
0 39 47
60 39 0
0 49 0
300 44 64
0 32 49
60 32 0
0 44 0
300 49 67
0 37 51
60 37 0
0 49 0
300 66 67
0 63 51
60 63 0
0 66 0
300 61 67
0 56 51
60 56 0
0 61 0
300 61 67
0 53 51
60 53 0
0 61 0
300 49 67
0 37 51
60 37 0
0 49 0
300 54 67
0 49 51
60 49 0
0 54 0
300 49 67
0 37 51
60 37 0
0 49 0
300 56 67
0 49 51
60 49 0
0 56 0
300 49 67
0 37 51
60 37 0
0 49 0
300 66 67
0 63 51
60 63 0
0 66 0
300 63 67
0 59 51
60 59 0
0 63 0
300 59 67
0 56 51
60 56 0
0 59 0
300 49 66
0 37 51
60 37 0
0 49 0
300 54 63
0 49 49
60 49 0
0 54 0
300 48 61
0 36 46
60 36 0
0 48 0
300 53 58
0 41 44
60 41 0
0 53 0
180 53 54
32 53 0
60 60 40
60 60 0
0 62 46
60 62 0
0 63 52
60 63 0
60 48 54
21 48 0
46 63 44
60 63 0
0 65 49
60 65 0
0 67 53
60 67 0
60 53 54
11 53 0
60 60 46
60 60 0
0 62 50
60 62 0
0 63 53
60 63 0
60 48 54
28 48 0
25 63 44
60 63 0
0 65 46
60 65 0
0 67 49
60 67 0
60 53 54
53 53 0
60 60 48
60 60 0
0 62 52
60 62 0
0 63 56
60 63 0
67 63 54
60 63 0
0 65 58
60 65 0
0 67 61
60 67 0
81 67 61
60 67 0
0 69 65
60 69 0
0 70 69
60 70 0
86 65 62
60 65 0
0 67 66
60 67 0
0 69 70
60 69 0
0 58 60
8 58 0
60 65 49
60 65 0
0 67 52
60 67 0
0 68 55
60 68 0
0 53 58
17 53 0
26 68 49
60 68 0
0 70 52
60 70 0
0 72 55
60 72 0
60 58 63
49 58 0
60 65 51
60 65 0
0 67 52
60 67 0
0 68 54
60 68 0
60 53 61
26 53 0
6 68 49
60 68 0
0 70 53
60 70 0
0 72 56
60 72 0
60 58 64
49 58 0
60 68 49
60 68 0
0 70 52
60 70 0
0 74 54
60 74 0
60 60 66
51 60 0
60 68 51
60 68 0
0 70 55
60 70 0
0 75 60
60 75 0
60 61 69
19 61 0
60 68 55
60 68 0
0 70 60
60 70 0
0 76 65
60 76 0
60 62 71
21 62 0
60 68 58
60 68 0
0 70 61
60 70 0
0 77 63
60 77 0
47 63 35
11 63 0
60 71 30
60 71 0
0 72 30
60 72 0
0 74 33
60 74 0
60 72 35
17 72 0
60 75 30
60 75 0
0 77 30
60 77 0
0 79 33
60 79 0
60 63 35
6 63 0
60 71 30
60 71 0
0 72 30
60 72 0
0 74 33
60 74 0
60 72 35
52 72 0
60 75 30
60 75 0
0 77 30
60 77 0
0 79 33
60 79 0
60 63 45
29 63 0
60 71 39
60 71 0
60 74 40
60 74 0
60 79 46
60 79 0
60 74 41
60 74 0
60 71 41
60 71 0
60 63 47
60 63 0
60 72 40
60 72 0
60 75 41
60 75 0
60 79 47
56 79 0
60 63 35
11 63 0
60 69 30
60 69 0
0 70 30
60 70 0
0 72 33
60 72 0
60 72 35
29 72 0
49 75 30
60 75 0
0 77 30
60 77 0
0 78 33
60 78 0
60 63 35
6 63 0
60 69 30
60 69 0
0 70 30
60 70 0
0 72 33
60 72 0
60 72 35
29 72 0
34 75 30
60 75 0
0 77 30
60 77 0
0 78 33
60 78 0
60 63 45
29 63 0
60 69 39
60 69 0
60 72 40
60 72 0
60 77 46
60 77 0
60 72 41
60 72 0
60 69 41
60 69 0
60 62 47
60 62 0
60 70 40
60 70 0
60 74 41
60 74 0
60 77 47
56 77 0
60 60 38
11 60 0
60 66 33
60 66 0
0 67 33
60 67 0
0 69 36
60 69 0
60 58 38
17 58 0
14 67 33
60 67 0
0 70 33
60 70 0
0 74 36
60 74 0
60 58 38
11 58 0
60 64 33
60 64 0
0 65 33
60 65 0
0 67 36
60 67 0
60 57 38
17 57 0
18 65 33
60 65 0
0 69 33
60 69 0
0 72 36
60 72 0
60 60 38
11 60 0
60 66 33
60 66 0
0 67 33
60 67 0
0 69 36
60 69 0
60 58 38
17 58 0
0 67 33
60 67 0
0 70 33
60 70 0
0 74 36
60 74 0
60 58 38
11 58 0
60 64 33
60 64 0
0 65 33
60 65 0
0 67 36
60 67 0
60 57 38
17 57 0
60 65 33
53 65 0
0 69 33
60 69 0
0 72 36
60 72 0
60 60 59
11 60 0
60 66 40
60 66 0
0 70 41
60 70 0
0 75 47
60 75 0
60 60 56
25 60 0
0 65 48
60 65 0
0 69 48
60 69 0
0 75 50
60 75 0
60 60 64
11 60 0
60 66 51
60 66 0
0 70 51
60 70 0
0 75 55
60 75 0
60 60 61
11 60 0
4 65 51
60 65 0
0 69 51
60 69 0
0 75 57
60 75 0
60 60 58
0 70 69
60 70 0
0 60 0
60 66 51
0 75 60
60 75 0
0 66 0
60 60 58
0 70 69
60 70 0
0 60 0
60 66 49
0 75 58
60 75 0
0 66 0
60 60 58
0 70 70
60 70 0
0 60 0
60 66 50
0 75 59
60 75 0
0 66 0
60 61 60
0 70 71
60 70 0
0 61 0
60 66 53
0 76 63
60 76 0
0 66 0
60 61 59
0 70 70
60 70 0
0 61 0
60 66 52
1 76 62
59 66 0
1 76 0
59 61 59
0 70 70
60 70 0
0 61 0
60 66 56
0 76 67
60 76 0
0 66 0
60 53 65
0 60 65
0 63 65
0 69 77
240 69 0
0 53 0
0 60 0
0 63 0
120 81 53
60 81 0
0 84 48
60 84 0
0 81 50
60 81 0
0 79 50
60 79 0
0 77 49
60 77 0
0 76 48
60 76 0
360 69 55
60 69 0
0 72 50
60 72 0
0 69 52
60 69 0
0 67 52
60 67 0
0 65 51
60 65 0
0 64 50
60 64 0
360 57 61
60 57 0
0 60 56
60 60 0
0 57 59
60 57 0
0 55 59
60 55 0
0 53 58
60 53 0
0 52 58
60 52 0
360 45 75
60 45 0
0 48 67
60 48 0
0 45 68
60 45 0
0 43 66
60 43 0
0 41 69
60 41 0
0 40 72
60 40 0
0 41 77
1440 48 60
0 51 60
0 57 60
1440 57 0
0 41 0
0 48 0
0 51 0
0 46 64
0 53 64
0 62 64
0 58 64
60 58 0
0 46 0
0 53 0
0 62 0
5700 41 54
0 53 60
60 53 0
0 41 0
60 55 51
60 55 0
60 57 45
60 57 0
60 46 54
0 58 54
60 58 0
0 46 0
60 57 51
60 57 0
60 55 45
60 55 0
60 48 54
0 60 54
60 60 0
0 48 0
60 62 49
60 62 0
60 64 49
60 64 0
60 53 54
0 65 54
60 65 0
0 53 0
60 55 48
60 55 0
60 57 48
60 57 0
60 55 54
0 58 54
60 58 0
0 55 0
60 57 48
60 57 0
60 55 56
60 55 0
60 60 55
0 64 55
60 64 0
0 60 0
60 58 50
60 58 0
60 57 58
60 57 0
60 62 57
0 65 57
60 65 0
0 62 0
60 60 51
60 60 0
60 58 60
60 58 0
60 64 59
0 67 59
60 67 0
0 64 0
60 62 53
60 62 0
60 60 61
60 60 0
60 53 56
60 53 0
60 65 50
60 65 0
60 55 49
60 55 0
60 57 52
60 57 0
60 67 48
60 67 0
60 65 47
60 65 0
60 63 49
60 63 0
60 62 44
60 62 0
60 60 43
60 60 0
60 58 45
60 58 0
60 57 40
60 57 0
60 56 39
60 56 0
60 48 36
0 55 43
60 55 0
0 48 0
900 48 60
60 48 0
60 41 67
0 53 79
60 53 0
0 41 0
420 53 56
0 41 43
60 41 0
0 53 0
300 61 56
0 58 43
60 58 0
0 61 0
300 58 56
0 54 43
60 54 0
0 58 0
300 54 56
0 51 43
60 51 0
0 54 0
300 48 56
0 41 43
60 41 0
0 48 0
300 49 56
0 41 43
60 41 0
0 49 0
300 50 56
0 41 43
60 41 0
0 50 0
300 51 56
0 41 43
60 41 0
0 51 0
300 53 56
0 41 43
60 41 0
0 53 0
300 61 56
0 58 43
60 58 0
0 61 0
300 58 56
0 54 43
60 54 0
0 58 0
300 54 56
0 51 43
60 51 0
0 54 0
300 48 56
0 41 43
60 41 0
0 48 0
300 48 59
0 40 45
60 40 0
0 48 0
300 49 62
0 39 47
60 39 0
0 49 0
300 44 64
0 32 49
60 32 0
0 44 0
300 49 67
0 37 51
60 37 0
0 49 0
300 66 67
0 63 51
60 63 0
0 66 0
300 61 67
0 56 51
60 56 0
0 61 0
300 61 67
0 53 51
60 53 0
0 61 0
300 49 67
0 37 51
60 37 0
0 49 0
300 54 67
0 49 51
60 49 0
0 54 0
300 49 67
0 37 51
60 37 0
0 49 0
300 56 67
0 49 51
60 49 0
0 56 0
300 49 67
0 37 51
60 37 0
0 49 0
300 66 67
0 63 51
60 63 0
0 66 0
300 63 67
0 59 51
60 59 0
0 63 0
300 59 67
0 56 51
60 56 0
0 59 0
300 49 66
0 37 51
60 37 0
0 49 0
300 54 63
0 49 49
60 49 0
0 54 0
300 48 61
0 36 46
60 36 0
0 48 0
300 53 58
0 41 44
60 41 0
0 53 0
180 53 54
32 53 0
60 60 40
60 60 0
0 62 46
60 62 0
0 63 52
60 63 0
60 48 54
21 48 0
46 63 44
60 63 0
0 65 49
60 65 0
0 67 53
60 67 0
60 53 54
11 53 0
60 60 46
60 60 0
0 62 50
60 62 0
0 63 53
60 63 0
60 48 54
28 48 0
25 63 44
60 63 0
0 65 46
60 65 0
0 67 49
60 67 0
60 53 54
53 53 0
60 60 48
60 60 0
0 62 52
60 62 0
0 63 56
60 63 0
67 63 54
60 63 0
0 65 58
60 65 0
0 67 61
60 67 0
85 67 61
60 67 0
0 69 65
60 69 0
0 70 69
60 70 0
77 65 62
60 65 0
0 67 66
60 67 0
0 69 70
60 69 0
30 58 60
23 58 0
60 65 49
60 65 0
0 67 52
60 67 0
0 68 55
60 68 0
0 53 58
17 53 0
26 68 49
60 68 0
0 70 52
60 70 0
0 72 55
60 72 0
60 58 63
49 58 0
60 65 51
60 65 0
0 67 52
60 67 0
0 68 54
60 68 0
60 53 61
26 53 0
6 68 49
60 68 0
0 70 53
60 70 0
0 72 56
60 72 0
60 58 64
49 58 0
60 68 49
60 68 0
0 70 52
60 70 0
0 74 54
60 74 0
60 60 66
51 60 0
60 68 51
60 68 0
0 70 55
60 70 0
0 75 60
60 75 0
60 61 69
19 61 0
60 68 55
60 68 0
0 70 60
60 70 0
0 76 65
60 76 0
60 62 71
21 62 0
60 68 58
60 68 0
0 70 61
60 70 0
0 77 63
60 77 0
47 63 35
11 63 0
60 71 30
60 71 0
0 72 30
60 72 0
0 74 33
60 74 0
60 72 35
17 72 0
60 75 30
60 75 0
0 77 30
60 77 0
0 79 33
60 79 0
60 63 35
6 63 0
60 71 30
60 71 0
0 72 30
60 72 0
0 74 33
60 74 0
60 72 35
52 72 0
60 75 30
60 75 0
0 77 30
60 77 0
0 79 33
60 79 0
60 63 45
29 63 0
60 71 39
60 71 0
60 74 40
60 74 0
60 79 46
60 79 0
60 74 41
60 74 0
60 71 41
60 71 0
60 63 47
60 63 0
60 72 40
60 72 0
60 75 41
60 75 0
60 79 47
56 79 0
60 63 35
11 63 0
60 69 30
60 69 0
0 70 30
60 70 0
0 72 33
60 72 0
60 72 35
29 72 0
49 75 30
60 75 0
0 77 30
60 77 0
0 78 33
60 78 0
60 63 35
6 63 0
60 69 30
60 69 0
0 70 30
60 70 0
0 72 33
60 72 0
60 72 35
29 72 0
34 75 30
60 75 0
0 77 30
60 77 0
0 78 33
60 78 0
60 63 45
29 63 0
60 69 39
60 69 0
60 72 40
60 72 0
60 77 46
60 77 0
60 72 41
60 72 0
60 69 41
60 69 0
60 62 47
60 62 0
60 70 40
60 70 0
60 74 41
60 74 0
60 77 47
56 77 0
60 60 38
11 60 0
60 66 33
60 66 0
0 67 33
60 67 0
0 69 36
60 69 0
60 58 38
17 58 0
14 67 33
60 67 0
0 70 33
60 70 0
0 74 36
60 74 0
60 58 38
11 58 0
60 64 33
60 64 0
0 65 33
60 65 0
0 67 36
60 67 0
60 57 38
17 57 0
18 65 33
60 65 0
0 69 33
60 69 0
0 72 36
60 72 0
60 60 38
11 60 0
60 66 33
60 66 0
0 67 33
60 67 0
0 69 36
60 69 0
60 58 38
17 58 0
0 67 33
60 67 0
0 70 33
60 70 0
0 74 36
60 74 0
60 58 38
11 58 0
60 64 33
60 64 0
0 65 33
60 65 0
0 67 36
60 67 0
60 57 38
17 57 0
60 65 33
53 65 0
0 69 33
60 69 0
0 72 36
60 72 0
60 60 59
11 60 0
60 66 40
60 66 0
0 70 41
60 70 0
0 75 47
60 75 0
60 60 56
25 60 0
0 65 48
60 65 0
0 69 48
60 69 0
0 75 50
60 75 0
60 60 64
11 60 0
60 66 51
60 66 0
0 70 51
60 70 0
0 75 55
60 75 0
60 60 61
11 60 0
4 65 51
60 65 0
0 69 51
60 69 0
0 75 57
60 75 0
60 60 58
0 70 69
60 70 0
0 60 0
60 66 51
0 75 60
60 75 0
0 66 0
60 60 58
0 70 69
60 70 0
0 60 0
60 66 49
0 75 58
60 75 0
0 66 0
60 60 58
0 70 70
60 70 0
0 60 0
60 66 50
0 75 59
60 75 0
0 66 0
60 61 60
0 70 71
60 70 0
0 61 0
60 66 53
0 76 63
60 76 0
0 66 0
60 61 59
0 70 70
60 70 0
0 61 0
60 66 52
1 76 62
59 66 0
1 76 0
59 61 59
0 70 70
60 70 0
0 61 0
60 66 56
0 76 67
60 76 0
0 66 0
60 53 65
0 60 65
0 63 65
0 69 77
240 69 0
0 53 0
0 60 0
0 63 0
120 81 53
60 81 0
0 84 48
60 84 0
0 81 50
60 81 0
0 79 50
60 79 0
0 77 49
60 77 0
0 76 48
60 76 0
360 69 55
60 69 0
0 72 50
60 72 0
0 69 52
60 69 0
0 67 52
60 67 0
0 65 51
60 65 0
0 64 50
60 64 0
360 57 61
60 57 0
0 60 56
60 60 0
0 57 59
60 57 0
0 55 59
60 55 0
0 53 58
60 53 0
0 52 58
60 52 0
360 45 75
60 45 0
0 48 67
60 48 0
0 45 68
60 45 0
0 43 66
60 43 0
0 41 69
60 41 0
0 40 72
60 40 0
0 41 77
1440 48 60
0 51 60
0 57 60
1440 57 0
0 41 0
0 48 0
0 51 0
0 46 64
0 53 64
0 62 64
0 58 64
60 58 0
0 46 0
0 53 0
0 62 0
5700 41 54
0 53 60
60 53 0
0 41 0
60 55 51
60 55 0
60 57 45
60 57 0
60 46 54
0 58 54
60 58 0
0 46 0
60 57 51
60 57 0
60 55 45
60 55 0
60 48 54
0 60 54
60 60 0
0 48 0
60 62 49
60 62 0
60 64 49
60 64 0
60 53 54
0 65 54
60 65 0
0 53 0
60 55 48
60 55 0
60 57 48
60 57 0
60 41 54
0 53 60
60 53 0
0 41 0
60 55 51
60 55 0
60 57 45
60 57 0
60 46 54
0 58 54
60 58 0
0 46 0
60 57 51
60 57 0
60 55 45
60 55 0
60 48 54
0 60 54
60 60 0
0 48 0
60 62 49
60 62 0
60 64 49
60 64 0
60 53 54
0 65 54
60 65 0
0 53 0
60 55 48
60 55 0
60 57 48
60 57 0
60 53 54
0 65 60
49 65 0
0 53 0
60 65 43
0 55 51
60 55 0
0 65 0
60 65 38
0 57 45
60 57 0
0 65 0
60 58 54
0 65 54
18 65 0
0 58 0
60 65 43
0 60 51
60 60 0
0 65 0
60 65 38
0 62 38
53 62 0
0 65 0
60 55 56
0 67 63
49 67 0
0 55 0
60 67 45
0 57 53
60 57 0
0 67 0
60 67 39
0 59 47
60 59 0
0 67 0
60 60 56
0 67 56
17 67 0
0 60 0
60 67 45
0 62 53
60 62 0
0 67 0
6 67 39
0 64 39
60 64 0
0 67 0
60 57 58
0 69 66
34 69 0
0 57 0
60 69 47
0 59 55
60 59 0
0 69 0
60 69 40
0 61 49
60 61 0
0 69 0
60 62 58
0 69 58
26 69 0
0 62 0
60 69 47
0 64 55
60 64 0
0 69 0
60 69 40
0 65 40
51 65 0
0 69 0
60 58 60
0 70 69
43 70 0
0 58 0
60 70 49
0 60 57
60 60 0
0 70 0
60 70 42
0 62 51
60 62 0
0 70 0
60 63 60
0 70 60
18 70 0
0 63 0
60 70 49
0 65 57
60 65 0
0 70 0
60 70 42
0 67 42
53 67 0
0 70 0
60 63 64
53 63 0
180 70 52
0 79 52
60 79 0
0 70 0
60 63 59
60 63 0
180 70 49
0 79 49
60 79 0
0 70 0
60 63 54
60 63 0
180 70 45
0 79 45
60 79 0
0 70 0
60 63 49
60 63 0
180 70 40
0 79 40
60 79 0
0 70 0
60 60 44
21 60 0
180 70 36
0 78 36
60 78 0
0 70 0
60 60 41
60 60 0
180 70 34
0 78 34
60 78 0
0 70 0
60 60 38
60 60 0
180 70 32
0 78 32
60 78 0
0 70 0
60 60 35
60 60 0
180 70 29
0 78 29
60 78 0
0 70 0
0 89 38
120 82 29
60 82 0
60 89 0
0 74 29
60 74 0
60 88 38
120 82 29
60 82 0
60 88 0
0 73 29
60 73 0
60 87 37
120 82 29
60 82 0
60 87 0
0 72 29
60 72 0
60 81 38
120 75 29
60 75 0
60 81 0
0 65 29
60 65 0
60 77 38
120 70 29
60 70 0
60 77 0
0 62 29
60 62 0
60 76 38
120 70 29
60 70 0
60 76 0
0 61 29
60 61 0
60 75 37
120 70 29
60 70 0
60 75 0
0 60 29
60 60 0
60 69 38
120 63 29
60 63 0
60 69 0
0 53 29
60 53 0
300 62 56
60 62 0
0 65 51
60 65 0
0 62 51
60 62 0
0 60 51
60 60 0
0 58 51
60 58 0
0 50 51
60 50 0
300 62 47
60 62 0
0 65 42
60 65 0
0 62 42
60 62 0
0 60 42
60 60 0
0 58 42
60 58 0
0 50 42
60 50 0
300 62 50
60 62 0
0 66 45
60 66 0
0 62 45
60 62 0
0 60 45
60 60 0
0 58 45
60 58 0
0 50 45
60 50 0
300 62 50
60 62 0
0 66 45
60 66 0
0 62 45
60 62 0
0 60 45
60 60 0
0 58 45
60 58 0
0 50 45
60 50 0
0 43 51
23 43 0
0 50 45
60 50 0
0 53 44
60 53 0
0 59 45
60 59 0
0 62 46
60 62 0
0 67 47
60 67 0
77 48 45
60 48 0
60 55 45
60 55 0
60 60 45
60 60 0
60 62 47
60 62 0
60 64 49
60 64 0
0 66 57
5 66 0
60 59 49
60 59 0
60 54 47
60 54 0
60 51 44
60 51 0
103 65 57
39 65 0
60 62 49
60 62 0
60 58 47
60 58 0
60 53 44
60 53 0
103 64 51
14 64 0
60 61 44
60 61 0
60 58 42
60 58 0
60 54 39
60 54 0
43 41 38
20 48 42
20 51 47
19 58 51
650 58 0
1 41 0
0 48 0
0 51 0
0 53 33
20 57 34
20 63 36
20 69 37
720 69 0
0 53 0
0 57 0
0 63 0
0 58 34
0 65 34
0 70 34
0 74 34
28 74 0
0 58 0
0 65 0
0 70 0
829 62 45
0 58 45
60 58 0
0 62 0
60 62 45
0 58 45
60 58 0
0 62 0
60 50 34
0 53 34
60 53 0
0 50 0
60 51 39
0 54 39
60 54 0
0 51 0
60 51 39
0 54 39
60 54 0
0 51 0
60 45 41
0 41 41
60 41 0
0 45 0
60 46 58
0 50 58
60 50 0
0 46 0
180 53 36
60 53 0
60 58 45
60 58 0
60 58 45
60 58 0
60 46 33
60 46 0
60 53 40
60 53 0
60 53 40
60 53 0
60 41 34
60 41 0
60 46 38
60 46 0
60 46 38
60 46 0
60 29 34
60 29 0
60 22 27
0 34 34
60 34 0
0 22 0
