1 79 79
119 79 0
120 79 71
360 79 0
0 77 71
60 77 0
0 76 69
57 76 0
3 76 70
60 76 0
0 74 64
60 74 0
0 72 67
60 72 0
0 71 66
60 71 0
0 72 47
40 74 49
5 72 0
35 72 55
5 74 0
35 74 52
5 72 0
35 72 57
5 74 0
35 74 51
5 72 0
35 72 59
5 74 0
35 74 56
5 72 0
35 72 63
5 74 0
35 74 62
20 72 0
40 74 0
0 76 63
60 76 0
0 67 69
240 67 0
240 79 77
60 79 0
60 79 73
60 79 0
60 79 69
360 79 0
0 77 64
60 77 0
0 76 61
57 76 0
3 76 64
60 76 0
0 74 60
60 74 0
0 72 61
60 72 0
0 71 60
60 71 0
0 72 47
40 74 49
5 72 0
35 72 55
5 74 0
35 74 52
5 72 0
35 72 57
5 74 0
35 74 51
5 72 0
35 72 59
5 74 0
35 74 56
5 72 0
35 72 63
5 74 0
35 74 62
20 72 0
40 74 0
0 76 63
60 76 0
0 67 62
240 67 0
240 69 54
60 69 0
60 72 53
60 72 0
60 77 54
60 77 0
60 81 52
60 81 0
60 84 58
120 84 0
360 67 56
60 67 0
60 72 54
60 72 0
60 76 56
60 76 0
60 79 53
60 79 0
60 84 61
120 84 0
300 67 63
60 67 0
0 79 83
720 79 0
0 77 60
40 77 0
0 79 68
40 79 0
0 77 68
40 77 0
0 76 76
60 76 0
0 77 71
60 77 0
0 75 78
240 75 0
0 76 76
240 76 0
480 69 57
120 69 0
0 72 57
60 72 0
0 69 52
60 69 0
0 77 57
60 77 0
0 72 51
60 72 0
0 81 55
60 81 0
0 77 50
60 77 0
0 84 63
120 84 0
360 67 59
120 67 0
0 72 59
60 72 0
0 67 53
60 67 0
0 76 59
60 76 0
0 72 52
60 72 0
0 79 57
60 79 0
0 76 50
60 76 0
0 84 63
120 84 0
360 81 85
120 81 0
0 79 74
120 79 0
0 77 79
60 77 0
60 76 73
60 76 0
60 76 85
120 76 0
0 74 73
120 74 0
0 72 79
60 72 0
60 71 73
60 71 0
60 72 82
60 67 69
12 72 0
48 69 70
12 67 0
48 71 68
12 69 0
48 72 73
12 71 0
48 74 72
12 72 0
48 76 76
12 74 0
48 77 74
12 76 0
48 79 77
12 77 0
48 81 72
12 79 0
48 83 77
12 81 0
48 84 71
12 83 0
48 84 0
0 79 75
60 79 0
60 79 72
60 79 0
120 79 54
60 79 0
0 81 54
60 81 0
0 79 51
60 79 0
60 77 54
60 77 0
0 79 54
60 79 0
0 77 51
60 77 0
60 76 54
60 76 0
0 77 54
60 77 0
0 76 50
60 76 0
60 74 54
60 74 0
0 76 54
60 76 0
0 74 53
60 74 0
0 72 79
60 67 72
12 72 0
48 69 76
12 67 0
48 71 73
12 69 0
48 72 79
12 71 0
48 74 75
12 72 0
48 76 80
12 74 0
48 77 74
12 76 0
48 79 78
12 77 0
48 81 74
12 79 0
48 83 79
12 81 0
48 84 72
12 83 0
48 84 0
0 79 75
60 79 0
60 79 72
60 79 0
120 79 54
60 79 0
0 81 54
60 81 0
0 79 51
60 79 0
60 77 54
60 77 0
0 79 54
60 79 0
0 77 50
60 77 0
60 76 54
60 76 0
0 77 54
60 77 0
0 76 51
60 76 0
60 74 54
60 74 0
0 76 54
60 76 0
0 74 51
60 74 0
0 72 81
360 72 0
0 74 73
60 74 0
0 76 68
60 76 0
0 77 82
60 77 0
60 77 79
240 77 0
0 79 76
60 79 0
0 81 71
60 81 0
0 79 83
120 79 0
0 76 78
120 76 0
0 84 81
60 84 0
60 84 79
60 84 0
60 86 78
60 86 0
0 84 71
60 84 0
0 83 74
60 83 0
0 81 68
57 81 0
3 81 69
60 81 0
0 79 63
60 79 0
0 77 67
60 77 0
0 76 64
60 76 0
0 79 68
360 79 0
0 76 67
120 76 0
0 74 61
240 74 0
240 73 60
120 73 0
0 74 56
120 74 0
0 72 55
60 72 0
0 71 52
60 71 0
0 69 55
60 69 0
0 67 53
60 67 0
0 73 61
120 73 0
0 74 59
120 74 0
0 72 55
60 72 0
0 71 52
60 71 0
0 69 55
60 69 0
0 67 53
60 67 0
0 75 64
120 75 0
0 76 60
120 76 0
0 76 63
60 76 0
60 76 57
60 76 0
60 76 63
240 76 0
180 69 64
60 69 0
0 81 82
360 81 0
0 79 72
40 79 0
0 78 69
40 78 0
0 76 66
40 76 0
0 74 80
120 74 0
0 86 75
60 86 0
60 86 78
60 86 0
60 86 74
60 86 0
60 86 85
300 86 0
0 83 70
60 83 0
0 86 73
60 86 0
0 83 70
60 83 0
0 79 72
240 79 0
240 73 60
120 73 0
0 74 58
120 74 0
0 72 54
60 72 0
0 71 51
60 71 0
0 69 54
60 69 0
0 67 52
60 67 0
0 73 54
60 73 0
0 74 53
60 74 0
0 76 55
60 76 0
0 74 57
60 74 0
0 72 56
60 72 0
0 71 55
60 71 0
0 69 54
60 69 0
0 67 54
60 67 0
0 75 64
120 75 0
0 76 63
117 76 0
3 76 63
60 76 0
60 76 60
60 76 0
60 76 63
240 76 0
240 81 77
60 83 71
12 81 0
48 84 77
12 83 0
48 83 72
12 84 0
48 81 78
12 83 0
48 79 74
12 81 0
48 78 78
12 79 0
48 76 73
12 78 0
48 74 73
12 76 0
48 78 75
12 74 0
48 81 77
12 78 0
48 79 72
12 81 0
48 78 75
12 79 0
48 76 72
12 78 0
48 74 74
12 76 0
48 72 67
12 74 0
48 71 78
12 72 0
108 71 0
120 72 67
30 72 0
0 74 63
30 74 0
0 72 67
30 72 0
0 74 63
30 74 0
0 72 67
30 72 0
10 71 76
40 71 0
0 72 72
40 72 0
0 74 81
120 74 0
280 76 53
40 76 0
0 78 53
40 78 0
0 79 61
240 79 0
0 79 56
180 79 0
0 79 54
60 79 0
0 79 56
240 79 0
0 78 55
60 78 0
0 76 52
60 76 0
0 74 53
60 74 0
0 72 51
60 72 0
0 71 77
120 71 0
120 72 67
30 72 0
0 74 63
30 74 0
0 72 67
30 72 0
0 74 63
30 74 0
0 72 67
30 72 0
10 71 76
40 71 0
0 72 72
40 72 0
0 74 82
120 74 0
280 76 53
40 76 0
0 78 51
40 78 0
0 79 61
240 79 0
0 79 55
180 79 0
0 79 54
60 79 0
0 79 55
240 79 0
0 78 54
60 78 0
0 76 53
60 76 0
0 74 54
60 74 0
0 72 50
60 72 0
0 71 79
60 71 0
60 79 70
60 81 72
12 79 0
48 83 76
12 81 0
48 81 72
12 83 0
48 79 77
12 81 0
48 78 72
12 79 0
48 76 77
12 78 0
48 74 72
12 76 0
48 72 77
12 74 0
48 71 72
12 72 0
48 69 74
12 71 0
48 67 72
12 69 0
48 66 75
12 67 0
48 64 69
12 66 0
48 62 81
12 64 0
108 62 0
120 60 89
480 60 0
0 59 72
240 59 0
120 57 55
60 57 0
60 60 55
60 60 0
60 64 53
60 64 0
60 68 55
120 68 0
0 69 53
120 69 0
0 72 55
120 72 0
0 76 54
120 76 0
0 76 63
120 76 0
0 67 55
110 67 0
10 67 55
480 67 0
0 71 56
0 66 56
120 71 0
0 69 54
120 69 0
0 66 0
0 67 54
240 67 0
240 74 75
120 74 0
0 71 67
120 71 0
0 79 54
120 79 0
0 78 53
60 78 0
60 76 51
60 76 0
60 74 49
60 74 0
60 72 48
60 72 0
60 71 50
60 71 0
60 69 53
120 69 0
120 71 54
120 71 0
120 74 58
120 74 0
0 73 54
120 73 0
0 72 51
120 72 0
120 71 51
120 71 0
0 72 54
120 72 0
0 74 57
120 74 0
0 75 59
60 75 0
60 76 49
36 76 0
0 78 51
36 78 0
0 76 54
36 76 0
0 78 56
36 78 0
0 76 58
36 76 0
0 78 62
60 78 0
0 79 68
60 79 0
60 78 64
60 78 0
60 76 63
60 76 0
60 74 59
60 74 0
60 72 60
60 72 0
60 71 56
60 71 0
60 74 64
180 74 0
0 71 59
60 71 0
0 69 55
120 69 0
120 74 86
180 74 0
0 76 81
30 76 0
0 78 78
30 78 0
0 79 86
120 79 0
0 78 62
60 78 0
60 76 62
60 76 0
60 74 58
60 74 0
60 72 62
60 72 0
60 71 57
60 71 0
60 69 63
120 69 0
120 71 70
120 71 0
120 72 72
120 72 0
120 73 78
120 73 0
120 74 83
120 74 0
120 75 83
120 75 0
120 76 87
180 76 0
0 64 82
60 64 0
0 72 72
180 72 0
0 69 72
60 69 0
0 67 69
210 71 57
30 71 0
0 67 0
0 69 63
0 66 63
240 66 0
0 69 0
0 67 71
240 67 0
60 79 74
60 79 0
0 81 77
60 81 0
0 79 73
60 79 0
0 76 78
60 76 0
0 79 74
60 79 0
0 81 77
60 81 0
0 79 74
60 79 0
0 84 81
60 84 0
0 79 76
60 79 0
0 76 78
60 76 0
0 72 73
60 72 0
0 79 83
60 79 0
60 79 81
60 79 0
120 79 73
60 79 0
0 81 77
60 81 0
0 79 73
60 79 0
0 76 78
60 76 0
0 79 74
60 79 0
0 81 76
60 81 0
0 79 74
60 79 0
0 84 81
60 84 0
0 79 75
60 79 0
0 76 77
60 76 0
0 72 73
60 72 0
0 79 84
60 79 0
60 79 82
60 79 0
120 74 55
60 74 0
0 78 55
60 78 0
0 74 53
60 74 0
0 79 59
60 79 0
60 79 59
60 79 0
120 74 54
60 74 0
0 78 54
60 78 0
0 74 52
60 74 0
0 79 59
60 79 0
60 79 59
60 79 0
120 74 67
60 74 0
0 81 71
60 81 0
0 74 69
60 74 0
0 83 75
60 83 0
0 74 73
60 74 0
0 83 79
60 83 0
0 74 76
60 74 0
0 84 83
60 84 0
0 74 81
60 74 0
0 84 88
60 84 0
0 74 84
60 74 0
0 86 91
120 86 0
0 83 79
120 83 0
0 79 84
120 79 0
0 83 73
120 83 0
0 74 78
120 74 0
0 79 70
120 79 0
0 71 72
120 71 0
0 74 68
120 74 0
0 69 60
120 69 0
0 76 63
120 76 0
0 74 63
60 74 0
0 72 60
60 72 0
0 71 63
60 71 0
0 69 60
60 69 0
0 67 63
240 67 0
0 66 60
32 66 0
0 67 63
32 67 0
0 66 60
32 66 0
0 67 63
32 67 0
0 66 63
32 66 0
0 64 63
40 64 0
0 66 60
40 66 0
0 67 77
240 67 0
60 79 74
60 79 0
0 81 77
60 81 0
0 79 75
60 79 0
0 76 81
60 76 0
0 79 75
60 79 0
0 81 79
60 81 0
0 79 75
60 79 0
0 84 81
60 84 0
0 79 78
60 79 0
0 76 79
60 76 0
0 72 75
60 72 0
0 79 84
60 79 0
60 79 81
60 79 0
120 79 75
60 79 0
0 81 77
60 81 0
0 79 73
60 79 0
0 76 81
60 76 0
0 79 75
60 79 0
0 81 78
60 81 0
0 79 77
60 79 0
0 84 81
60 84 0
0 79 76
60 79 0
0 76 78
60 76 0
0 72 75
60 72 0
0 79 84
60 79 0
60 79 82
60 79 0
120 74 54
60 74 0
0 78 54
60 78 0
0 74 50
60 74 0
0 79 56
60 79 0
60 79 57
60 79 0
120 74 54
60 74 0
0 78 54
60 78 0
0 74 50
60 74 0
0 79 57
60 79 0
60 79 57
60 79 0
120 74 67
60 74 0
0 81 71
60 81 0
0 74 66
60 74 0
0 83 75
60 83 0
0 74 73
60 74 0
0 83 81
60 83 0
0 74 77
60 74 0
0 84 84
60 84 0
0 74 82
60 74 0
0 84 90
60 84 0
0 74 85
60 74 0
0 86 94
60 86 0
0 83 85
60 83 0
0 86 89
60 86 0
0 83 83
60 83 0
0 79 87
60 79 0
0 83 81
60 83 0
0 79 85
60 79 0
0 83 81
60 83 0
0 74 86
60 74 0
0 79 80
60 79 0
0 74 81
60 74 0
0 79 74
60 79 0
0 71 73
60 71 0
0 74 68
60 74 0
0 71 68
60 71 0
0 74 63
60 74 0
0 69 54
60 69 0
0 76 51
60 76 0
0 75 54
60 75 0
0 76 52
60 76 0
0 74 54
60 74 0
0 72 51
60 72 0
0 71 54
60 71 0
0 69 52
60 69 0
0 67 63
240 67 0
0 66 60
32 66 0
0 67 63
32 67 0
0 66 60
32 66 0
0 67 63
32 67 0
0 66 63
32 66 0
0 64 63
40 64 0
0 66 60
40 66 0
0 67 86
180 67 0
0 62 81
60 62 0
0 71 86
180 71 0
0 67 81
60 67 0
0 74 87
120 74 0
120 81 54
60 79 51
12 81 0
48 78 54
12 79 0
48 76 52
12 78 0
48 74 57
12 76 0
108 74 0
120 76 54
60 74 51
12 76 0
48 72 54
12 74 0
48 71 51
12 72 0
48 69 57
12 71 0
108 69 0
120 74 56
60 72 56
12 74 0
48 71 56
12 72 0
48 69 53
12 71 0
48 67 84
12 69 0
48 67 0
0 62 80
60 62 0
0 67 84
60 67 0
0 62 80
60 62 0
0 71 84
60 71 0
0 67 80
60 67 0
0 71 84
60 71 0
0 67 80
60 67 0
0 74 84
120 74 0
120 81 55
60 79 52
12 81 0
48 78 55
12 79 0
48 76 52
12 78 0
48 74 58
12 76 0
48 74 0
60 74 58
60 74 0
60 76 54
60 74 51
12 76 0
48 72 54
12 74 0
48 71 50
12 72 0
48 69 57
12 71 0
48 69 0
60 69 57
60 69 0
60 74 55
60 72 53
12 74 0
48 71 55
12 72 0
48 69 52
12 71 0
48 67 58
12 69 0
228 67 0
0 71 54
0 62 54
120 62 0
0 71 0
120 67 56
0 59 56
120 59 0
0 67 0
1 79 79
119 79 0
120 79 71
360 79 0
0 77 71
60 77 0
0 76 69
57 76 0
3 76 70
60 76 0
0 74 64
60 74 0
0 72 67
60 72 0
0 71 66
60 71 0
0 72 47
40 74 49
5 72 0
35 72 55
5 74 0
35 74 52
5 72 0
35 72 57
5 74 0
35 74 51
5 72 0
35 72 59
5 74 0
35 74 56
5 72 0
35 72 63
5 74 0
35 74 62
20 72 0
40 74 0
0 76 63
60 76 0
0 67 69
240 67 0
240 79 77
60 79 0
60 79 73
60 79 0
60 79 69
360 79 0
0 77 64
60 77 0
0 76 61
57 76 0
3 76 64
60 76 0
0 74 60
60 74 0
0 72 61
60 72 0
0 71 60
60 71 0
0 72 47
40 74 49
5 72 0
35 72 55
5 74 0
35 74 52
5 72 0
35 72 57
5 74 0
35 74 51
5 72 0
35 72 59
5 74 0
35 74 56
5 72 0
35 72 63
5 74 0
35 74 62
20 72 0
40 74 0
0 76 63
60 76 0
0 67 62
240 67 0
240 69 54
60 69 0
60 72 53
60 72 0
60 77 54
60 77 0
60 81 52
60 81 0
60 84 58
120 84 0
360 67 56
60 67 0
60 72 54
60 72 0
60 76 56
60 76 0
60 79 53
60 79 0
60 84 61
120 84 0
300 67 63
60 67 0
0 79 83
720 79 0
0 77 60
40 77 0
0 79 68
40 79 0
0 77 68
40 77 0
0 76 76
60 76 0
0 77 71
60 77 0
0 75 78
240 75 0
0 76 76
240 76 0
480 69 57
120 69 0
0 72 57
60 72 0
0 69 52
60 69 0
0 77 57
60 77 0
0 72 51
60 72 0
0 81 55
60 81 0
0 77 50
60 77 0
0 84 63
120 84 0
360 67 59
120 67 0
0 72 59
60 72 0
0 67 53
60 67 0
0 76 59
60 76 0
0 72 52
60 72 0
0 79 57
60 79 0
0 76 50
60 76 0
0 84 63
120 84 0
360 81 85
120 81 0
0 79 74
120 79 0
0 77 79
60 77 0
60 76 73
60 76 0
60 76 85
120 76 0
0 74 73
120 74 0
0 72 79
60 72 0
60 71 73
60 71 0
60 72 82
60 67 69
12 72 0
48 69 70
12 67 0
48 71 68
12 69 0
48 72 73
12 71 0
48 74 72
12 72 0
48 76 76
12 74 0
48 77 74
12 76 0
48 79 77
12 77 0
48 81 72
12 79 0
48 83 77
12 81 0
48 84 71
12 83 0
48 84 0
0 79 75
60 79 0
60 79 72
60 79 0
120 79 54
60 79 0
0 81 54
60 81 0
0 79 51
60 79 0
60 77 54
60 77 0
0 79 54
60 79 0
0 77 51
60 77 0
60 76 54
60 76 0
0 77 54
60 77 0
0 76 50
60 76 0
60 74 54
60 74 0
0 76 54
60 76 0
0 74 53
60 74 0
0 72 79
60 67 72
12 72 0
48 69 76
12 67 0
48 71 73
12 69 0
48 72 79
12 71 0
48 74 75
12 72 0
48 76 80
12 74 0
48 77 74
12 76 0
48 79 78
12 77 0
48 81 74
12 79 0
48 83 79
12 81 0
48 84 72
12 83 0
48 84 0
0 79 75
60 79 0
60 79 72
60 79 0
120 79 54
60 79 0
0 81 54
60 81 0
0 79 51
60 79 0
60 77 54
60 77 0
0 79 54
60 79 0
0 77 50
60 77 0
60 76 54
60 76 0
0 77 54
60 77 0
0 76 51
60 76 0
60 74 54
60 74 0
0 76 54
60 76 0
0 74 51
60 74 0
0 72 81
360 72 0
0 74 73
60 74 0
0 76 68
60 76 0
0 77 82
60 77 0
60 77 79
240 77 0
0 79 76
60 79 0
0 81 71
60 81 0
0 79 83
120 79 0
0 76 78
120 76 0
0 84 81
60 84 0
60 84 79
60 84 0
60 86 78
60 86 0
0 84 71
60 84 0
0 83 74
60 83 0
0 81 68
57 81 0
3 81 69
60 81 0
0 79 63
60 79 0
0 77 67
60 77 0
0 76 64
60 76 0
0 79 68
360 79 0
0 76 67
120 76 0
0 74 61
240 74 0
240 73 60
120 73 0
0 74 56
120 74 0
0 72 55
60 72 0
0 71 52
60 71 0
0 69 55
60 69 0
0 67 53
60 67 0
0 73 61
120 73 0
0 74 59
120 74 0
0 72 55
60 72 0
0 71 52
60 71 0
0 69 55
60 69 0
0 67 53
60 67 0
0 75 64
120 75 0
0 76 60
120 76 0
0 76 63
60 76 0
60 76 57
60 76 0
60 76 63
240 76 0
180 69 64
60 69 0
0 81 82
360 81 0
0 79 72
40 79 0
0 78 69
40 78 0
0 76 66
40 76 0
0 74 80
120 74 0
0 86 75
60 86 0
60 86 78
60 86 0
60 86 74
60 86 0
60 86 85
300 86 0
0 83 70
60 83 0
0 86 73
60 86 0
0 83 70
60 83 0
0 79 72
240 79 0
240 73 60
120 73 0
0 74 58
120 74 0
0 72 54
60 72 0
0 71 51
60 71 0
0 69 54
60 69 0
0 67 52
60 67 0
0 73 54
60 73 0
0 74 53
60 74 0
0 76 55
60 76 0
0 74 57
60 74 0
0 72 56
60 72 0
0 71 55
60 71 0
0 69 54
60 69 0
0 67 54
60 67 0
0 75 64
120 75 0
0 76 63
117 76 0
3 76 63
60 76 0
60 76 60
60 76 0
60 76 63
240 76 0
240 81 77
60 83 71
12 81 0
48 84 77
12 83 0
48 83 72
12 84 0
48 81 78
12 83 0
48 79 74
12 81 0
48 78 78
12 79 0
48 76 73
12 78 0
48 74 73
12 76 0
48 78 75
12 74 0
48 81 77
12 78 0
48 79 72
12 81 0
48 78 75
12 79 0
48 76 72
12 78 0
48 74 74
12 76 0
48 72 67
12 74 0
48 71 78
12 72 0
108 71 0
120 72 67
30 72 0
0 74 63
30 74 0
0 72 67
30 72 0
0 74 63
30 74 0
0 72 67
30 72 0
10 71 76
40 71 0
0 72 72
40 72 0
0 74 81
120 74 0
280 76 53
40 76 0
0 78 53
40 78 0
0 79 61
240 79 0
0 79 56
180 79 0
0 79 54
60 79 0
0 79 56
240 79 0
0 78 55
60 78 0
0 76 52
60 76 0
0 74 53
60 74 0
0 72 51
60 72 0
0 71 77
120 71 0
120 72 67
30 72 0
0 74 63
30 74 0
0 72 67
30 72 0
0 74 63
30 74 0
0 72 67
30 72 0
10 71 76
40 71 0
0 72 72
40 72 0
0 74 82
120 74 0
280 76 53
40 76 0
0 78 51
40 78 0
0 79 61
240 79 0
0 79 55
180 79 0
0 79 54
60 79 0
0 79 55
240 79 0
0 78 54
60 78 0
0 76 53
60 76 0
0 74 54
60 74 0
0 72 50
60 72 0
0 71 79
60 71 0
60 79 70
60 81 72
12 79 0
48 83 76
12 81 0
48 81 72
12 83 0
48 79 77
12 81 0
48 78 72
12 79 0
48 76 77
12 78 0
48 74 72
12 76 0
48 72 77
12 74 0
48 71 72
12 72 0
48 69 74
12 71 0
48 67 72
12 69 0
48 66 75
12 67 0
48 64 69
12 66 0
48 62 81
12 64 0
108 62 0
120 60 89
480 60 0
0 59 72
240 59 0
120 57 55
60 57 0
60 60 55
60 60 0
60 64 53
60 64 0
60 68 55
120 68 0
0 69 53
120 69 0
0 72 55
120 72 0
0 76 54
120 76 0
0 76 63
120 76 0
0 67 55
110 67 0
10 67 55
480 67 0
0 71 56
0 66 56
120 71 0
0 69 54
120 69 0
0 66 0
0 67 54
240 67 0
240 74 75
120 74 0
0 71 67
120 71 0
0 79 54
120 79 0
0 78 53
60 78 0
60 76 51
60 76 0
60 74 49
60 74 0
60 72 48
60 72 0
60 71 50
60 71 0
60 69 53
120 69 0
120 71 54
120 71 0
120 74 58
120 74 0
0 73 54
120 73 0
0 72 51
120 72 0
120 71 51
120 71 0
0 72 54
120 72 0
0 74 57
120 74 0
0 75 59
60 75 0
60 76 49
36 76 0
0 78 51
36 78 0
0 76 54
36 76 0
0 78 56
36 78 0
0 76 58
36 76 0
0 78 62
60 78 0
0 79 68
60 79 0
60 78 64
60 78 0
60 76 63
60 76 0
60 74 59
60 74 0
60 72 60
60 72 0
60 71 56
60 71 0
60 74 64
180 74 0
0 71 59
60 71 0
0 69 55
120 69 0
120 74 86
180 74 0
0 76 81
30 76 0
0 78 78
30 78 0
0 79 86
120 79 0
0 78 62
60 78 0
60 76 62
60 76 0
60 74 58
60 74 0
60 72 62
60 72 0
60 71 57
60 71 0
60 69 63
120 69 0
120 71 70
120 71 0
120 72 72
120 72 0
120 73 78
120 73 0
120 74 83
120 74 0
120 75 83
120 75 0
120 76 87
180 76 0
0 64 82
60 64 0
0 72 72
180 72 0
0 69 72
60 69 0
0 67 69
210 71 57
30 71 0
0 67 0
0 69 63
0 66 63
240 66 0
0 69 0
0 67 71
240 67 0
60 79 74
60 79 0
0 81 77
60 81 0
0 79 73
60 79 0
0 76 78
60 76 0
0 79 74
60 79 0
0 81 77
60 81 0
0 79 74
60 79 0
0 84 81
60 84 0
0 79 76
60 79 0
0 76 78
60 76 0
0 72 73
60 72 0
0 79 83
60 79 0
60 79 81
60 79 0
120 79 73
60 79 0
0 81 77
60 81 0
0 79 73
60 79 0
0 76 78
60 76 0
0 79 74
60 79 0
0 81 76
60 81 0
0 79 74
60 79 0
0 84 81
60 84 0
0 79 75
60 79 0
0 76 77
60 76 0
0 72 73
60 72 0
0 79 84
60 79 0
60 79 82
60 79 0
120 74 55
60 74 0
0 78 55
60 78 0
0 74 53
60 74 0
0 79 59
60 79 0
60 79 59
60 79 0
120 74 54
60 74 0
0 78 54
60 78 0
0 74 52
60 74 0
0 79 59
60 79 0
60 79 59
60 79 0
120 74 67
60 74 0
0 81 71
60 81 0
0 74 69
60 74 0
0 83 75
60 83 0
0 74 73
60 74 0
0 83 79
60 83 0
0 74 76
60 74 0
0 84 83
60 84 0
0 74 81
60 74 0
0 84 88
60 84 0
0 74 84
60 74 0
0 86 91
120 86 0
0 83 79
120 83 0
0 79 84
120 79 0
0 83 73
120 83 0
0 74 78
120 74 0
0 79 70
120 79 0
0 71 72
120 71 0
0 74 68
120 74 0
0 69 60
120 69 0
0 76 63
120 76 0
0 74 63
60 74 0
0 72 60
60 72 0
0 71 63
60 71 0
0 69 60
60 69 0
0 67 63
240 67 0
0 66 60
32 66 0
0 67 63
32 67 0
0 66 60
32 66 0
0 67 63
32 67 0
0 66 63
32 66 0
0 64 63
40 64 0
0 66 60
40 66 0
0 67 77
240 67 0
60 79 74
60 79 0
0 81 77
60 81 0
0 79 75
60 79 0
0 76 81
60 76 0
0 79 75
60 79 0
0 81 79
60 81 0
0 79 75
60 79 0
0 84 81
60 84 0
0 79 78
60 79 0
0 76 79
60 76 0
0 72 75
60 72 0
0 79 84
60 79 0
60 79 81
60 79 0
120 79 75
60 79 0
0 81 77
60 81 0
0 79 73
60 79 0
0 76 81
60 76 0
0 79 75
60 79 0
0 81 78
60 81 0
0 79 77
60 79 0
0 84 81
60 84 0
0 79 76
60 79 0
0 76 78
60 76 0
0 72 75
60 72 0
0 79 84
60 79 0
60 79 82
60 79 0
120 74 54
60 74 0
0 78 54
60 78 0
0 74 50
60 74 0
0 79 56
60 79 0
60 79 57
60 79 0
120 74 54
60 74 0
0 78 54
60 78 0
0 74 50
60 74 0
0 79 57
60 79 0
60 79 57
60 79 0
120 74 67
60 74 0
0 81 71
60 81 0
0 74 66
60 74 0
0 83 75
60 83 0
0 74 73
60 74 0
0 83 81
60 83 0
0 74 77
60 74 0
0 84 84
60 84 0
0 74 82
60 74 0
0 84 90
60 84 0
0 74 85
60 74 0
0 86 94
60 86 0
0 83 85
60 83 0
0 86 89
60 86 0
0 83 83
60 83 0
0 79 87
60 79 0
0 83 81
60 83 0
0 79 85
60 79 0
0 83 81
60 83 0
0 74 86
60 74 0
0 79 80
60 79 0
0 74 81
60 74 0
0 79 74
60 79 0
0 71 73
60 71 0
0 74 68
60 74 0
0 71 68
60 71 0
0 74 63
60 74 0
0 69 54
60 69 0
0 76 51
60 76 0
0 75 54
60 75 0
0 76 52
60 76 0
0 74 54
60 74 0
0 72 51
60 72 0
0 71 54
60 71 0
0 69 52
60 69 0
0 67 63
240 67 0
0 66 60
32 66 0
0 67 63
32 67 0
0 66 60
32 66 0
0 67 63
32 67 0
0 66 63
32 66 0
0 64 63
40 64 0
0 66 60
40 66 0
0 67 86
180 67 0
0 62 81
60 62 0
0 71 86
180 71 0
0 67 81
60 67 0
0 74 87
120 74 0
120 81 54
60 79 51
12 81 0
48 78 54
12 79 0
48 76 52
12 78 0
48 74 57
12 76 0
108 74 0
120 76 54
60 74 51
12 76 0
48 72 54
12 74 0
48 71 51
12 72 0
48 69 57
12 71 0
108 69 0
120 74 56
60 72 56
12 74 0
48 71 56
12 72 0
48 69 53
12 71 0
48 67 84
12 69 0
48 67 0
0 62 80
60 62 0
0 67 84
60 67 0
0 62 80
60 62 0
0 71 84
60 71 0
0 67 80
60 67 0
0 71 84
60 71 0
0 67 80
60 67 0
0 74 84
120 74 0
120 81 55
60 79 52
12 81 0
48 78 55
12 79 0
48 76 52
12 78 0
48 74 58
12 76 0
48 74 0
60 74 58
60 74 0
60 76 54
60 74 51
12 76 0
48 72 54
12 74 0
48 71 50
12 72 0
48 69 57
12 71 0
48 69 0
60 69 57
60 69 0
60 74 55
60 72 53
12 74 0
48 71 55
12 72 0
48 69 52
12 71 0
48 67 58
12 69 0
228 67 0
0 71 54
0 62 54
120 62 0
0 71 0
120 67 56
0 59 56
120 59 0
0 67 0
360 74 51
360 74 0
0 75 53
120 75 0
0 76 54
120 76 0
0 78 55
120 78 0
0 79 56
120 79 0
0 71 53
120 71 0
0 74 54
120 74 0
0 72 53
120 72 0
120 71 51
120 71 0
0 72 54
120 72 0
0 74 55
120 74 0
0 76 56
120 76 0
0 68 50
120 68 0
0 71 54
120 71 0
0 69 51
120 69 0
120 68 51
120 68 0
0 69 54
120 69 0
0 71 54
120 71 0
0 72 56
120 72 0
0 66 50
120 66 0
0 69 54
120 69 0
0 67 51
120 67 0
0 76 72
120 76 0
0 66 54
120 66 0
0 69 56
120 69 0
0 67 51
120 67 0
0 76 72
120 76 0
0 66 51
120 66 0
0 69 55
120 69 0
0 67 50
120 67 0
0 75 71
120 75 0
0 66 51
120 66 0
0 69 55
120 69 0
0 67 51
120 67 0
0 75 67
120 75 0
0 66 49
120 66 0
0 67 72
120 67 0
0 69 64
60 71 65
12 69 0
48 72 67
12 71 0
48 74 68
12 72 0
48 76 69
12 74 0
48 78 71
12 76 0
48 79 72
12 78 0
48 81 70
12 79 0
48 83 74
12 81 0
48 78 72
12 83 0
48 79 73
12 78 0
48 74 69
12 79 0
48 76 71
12 74 0
48 71 68
12 76 0
48 74 81
12 71 0
468 74 0
0 72 62
40 74 56
5 72 0
35 72 58
5 74 0
35 74 56
5 72 0
35 72 57
5 74 0
35 74 53
5 72 0
35 72 59
5 74 0
35 74 56
5 72 0
35 72 63
5 74 0
35 71 61
20 72 0
40 71 0
0 72 59
60 72 0
0 71 66
480 71 0
90 69 38
30 69 0
0 67 48
60 67 0
0 66 44
60 66 0
0 67 51
30 67 0
90 71 51
30 71 0
90 76 55
240 76 0
0 74 51
240 74 0
90 72 37
30 72 0
0 71 48
60 71 0
0 69 45
60 69 0
0 71 54
30 71 0
90 74 54
30 74 0
90 79 64
240 79 0
0 77 56
240 77 0
90 76 54
30 76 0
0 74 67
60 74 0
0 73 61
60 73 0
0 74 71
30 74 0
90 77 74
30 77 0
90 84 75
120 84 0
0 83 71
240 83 0
0 86 81
240 86 0
0 80 73
240 80 0
0 83 81
240 83 0
0 74 78
240 74 0
0 77 84
240 77 0
0 76 81
240 76 0
0 74 72
120 74 0
0 72 61
570 72 0
0 74 46
30 74 0
0 72 54
60 72 0
0 71 48
60 71 0
0 72 54
120 72 0
0 74 53
60 74 0
60 72 56
480 72 0
0 70 62
40 72 56
5 70 0
35 70 58
5 72 0
35 72 56
5 70 0
35 70 57
5 72 0
35 72 53
5 70 0
35 70 59
5 72 0
35 72 56
5 70 0
35 70 63
5 72 0
35 69 61
20 70 0
40 69 0
0 70 59
60 70 0
0 69 68
120 69 0
0 72 71
240 72 0
0 77 76
240 77 0
0 81 77
240 81 0
0 82 78
120 82 0
0 81 83
480 81 0
0 79 77
240 79 0
240 79 70
360 79 0
0 78 61
120 78 0
0 77 57
120 77 0
360 77 61
360 77 0
0 76 55
120 76 0
0 75 54
120 75 0
360 75 63
120 75 0
0 74 60
120 74 0
0 74 57
60 74 0
60 74 60
60 74 0
60 74 60
240 74 0
0 74 60
240 74 0
0 74 62
210 74 0
0 77 64
30 77 0
0 75 72
450 75 0
0 74 57
30 74 0
0 72 63
240 72 0
0 71 54
120 71 0
0 79 54
120 79 0
120 79 56
120 79 0
120 78 57
120 78 0
120 77 60
120 77 0
0 77 64
120 77 0
0 76 61
120 76 0
120 75 59
120 75 0
120 74 56
120 74 0
120 72 54
120 72 0
0 72 60
120 72 0
0 71 54
120 71 0
60 79 56
60 79 0
0 81 60
60 81 0
0 79 55
60 79 0
60 78 61
60 78 0
0 79 66
60 79 0
0 78 60
60 78 0
60 77 63
60 77 0
0 79 70
60 79 0
0 77 65
60 77 0
60 76 73
60 76 0
0 77 76
60 77 0
0 76 71
60 76 0
60 75 73
60 75 0
0 77 80
60 77 0
0 75 73
60 75 0
60 74 79
60 74 0
0 75 83
60 75 0
0 74 79
60 74 0
60 72 82
60 72 0
0 74 87
60 74 0
0 72 86
60 72 0
0 71 88
60 71 0
30 72 71
30 72 0
0 71 75
60 71 0
0 69 75
60 69 0
0 71 79
120 71 0
0 72 76
60 72 0
60 74 79
60 74 0
30 76 68
30 76 0
0 74 72
60 74 0
0 73 72
60 73 0
0 74 79
120 74 0
0 76 79
60 76 0
60 77 73
240 77 0
60 79 54
60 79 0
0 76 56
60 76 0
0 79 54
60 79 0
0 77 54
240 77 0
60 79 53
60 79 0
0 76 56
60 76 0
0 79 53
60 79 0
0 77 53
240 77 0
60 79 55
60 79 0
0 76 57
60 76 0
0 79 61
60 79 0
0 77 63
60 77 0
0 79 66
60 79 0
0 76 70
60 76 0
0 79 68
60 79 0
0 77 75
60 77 0
0 79 73
60 79 0
0 76 81
60 76 0
0 79 79
60 79 0
0 77 86
120 77 0
0 76 72
60 76 0
60 74 77
60 74 0
60 72 72
60 72 0
60 71 60
60 71 0
60 72 62
60 72 0
60 74 59
60 74 0
60 76 56
60 76 0
60 77 62
60 77 0
60 76 57
60 76 0
60 74 61
60 74 0
60 76 64
60 76 0
60 77 67
60 77 0
60 76 71
60 76 0
60 77 73
60 77 0
60 78 77
60 78 0
0 79 86
120 79 0
120 79 82
360 79 0
0 77 71
60 77 0
0 76 69
60 76 0
0 76 70
56 76 0
4 74 66
60 74 0
0 72 67
60 72 0
0 71 66
60 71 0
0 72 47
40 74 49
5 72 0
35 72 55
5 74 0
35 74 52
5 72 0
35 72 57
5 74 0
35 74 51
5 72 0
35 72 59
5 74 0
35 74 56
5 72 0
35 72 63
5 74 0
35 74 62
20 72 0
40 74 0
0 76 63
60 76 0
0 67 71
240 67 0
240 79 86
60 79 0
60 79 78
60 79 0
60 79 76
360 79 0
0 77 64
60 77 0
0 76 61
56 76 0
4 76 64
60 76 0
0 74 61
60 74 0
0 72 61
60 72 0
0 71 60
60 71 0
0 72 47
40 74 49
5 72 0
35 72 55
5 74 0
35 74 52
5 72 0
35 72 57
5 74 0
35 74 51
5 72 0
35 72 59
5 74 0
35 74 56
5 72 0
35 72 63
5 74 0
35 74 62
20 72 0
40 74 0
0 76 63
60 76 0
0 67 65
240 67 0
240 69 56
60 69 0
60 72 54
60 72 0
60 77 56
60 77 0
60 81 54
60 81 0
60 84 66
60 84 0
60 89 70
120 89 0
240 67 58
60 67 0
60 72 56
60 72 0
60 76 58
60 76 0
60 79 55
60 79 0
60 84 66
60 84 0
60 88 74
120 88 0
180 67 63
60 67 0
0 79 84
720 79 0
0 77 60
40 77 0
0 79 68
40 79 0
0 77 68
40 77 0
0 76 76
60 76 0
0 77 71
60 77 0
0 75 78
240 75 0
0 76 75
240 76 0
480 69 61
60 69 0
0 72 57
60 72 0
0 74 61
60 74 0
0 76 56
60 76 0
0 77 61
60 77 0
0 79 58
60 79 0
0 81 61
60 81 0
0 83 57
60 83 0
0 84 72
120 84 0
360 67 63
60 67 0
0 72 58
60 72 0
0 74 63
60 74 0
0 76 56
60 76 0
0 77 63
60 77 0
0 79 58
60 79 0
0 81 63
60 81 0
0 83 58
60 83 0
0 84 72
120 84 0
360 81 85
120 81 0
0 79 79
120 79 0
0 77 82
60 77 0
60 76 78
60 76 0
60 76 85
120 76 0
0 74 74
120 74 0
0 72 77
60 72 0
60 71 76
60 71 0
60 72 77
60 67 68
12 72 0
48 69 72
12 67 0
48 71 70
12 69 0
48 72 75
12 71 0
48 74 73
12 72 0
48 76 78
12 74 0
48 77 76
12 76 0
48 79 80
12 77 0
48 81 77
12 79 0
48 83 78
12 81 0
48 84 75
12 83 0
48 79 81
12 84 0
48 79 0
60 79 79
60 79 0
120 79 54
60 79 0
0 81 57
60 81 0
0 79 54
60 79 0
60 77 54
60 77 0
0 79 57
60 79 0
0 77 54
60 77 0
60 76 54
60 76 0
0 77 56
60 77 0
0 76 54
60 76 0
60 74 54
60 74 0
0 76 56
60 76 0
0 74 54
60 74 0
0 72 83
60 67 76
12 72 0
48 69 79
12 67 0
48 71 75
12 69 0
48 72 81
12 71 0
48 74 79
12 72 0
48 76 82
12 74 0
48 77 78
12 76 0
48 79 81
12 77 0
48 81 76
12 79 0
48 83 80
12 81 0
48 84 75
12 83 0
48 79 82
12 84 0
48 79 0
60 79 80
60 79 0
120 79 54
60 79 0
0 81 56
60 81 0
0 79 54
60 79 0
60 77 54
60 77 0
0 79 56
60 79 0
0 77 54
60 77 0
60 76 54
60 76 0
0 77 56
60 77 0
0 76 54
60 76 0
60 74 54
60 74 0
0 76 54
60 76 0
0 74 54
60 74 0
0 72 81
60 72 0
60 72 81
240 72 0
0 74 73
60 74 0
0 76 70
60 76 0
0 77 82
60 77 0
60 77 79
240 77 0
0 79 76
60 79 0
0 81 76
60 81 0
0 79 83
120 79 0
0 76 80
120 76 0
0 84 83
60 84 0
60 84 80
60 84 0
60 86 84
60 84 76
12 86 0
48 83 78
12 84 0
48 81 73
12 83 0
44 81 0
4 81 73
60 79 66
12 81 0
48 77 68
12 79 0
48 76 64
12 77 0
48 76 0
0 79 68
360 79 0
0 76 69
120 76 0
0 74 67
240 74 0
240 73 60
120 73 0
0 74 56
120 74 0
0 72 55
60 72 0
0 71 52
60 71 0
0 69 55
60 69 0
0 67 53
60 67 0
0 73 61
120 73 0
0 74 59
120 74 0
0 72 55
60 72 0
0 71 54
60 71 0
0 69 55
60 69 0
0 67 53
60 67 0
0 75 64
120 75 0
0 76 61
120 76 0
0 76 63
60 76 0
60 76 59
60 76 0
60 76 63
240 76 0
180 69 60
60 69 0
0 81 87
360 81 0
0 79 76
40 79 0
0 78 72
40 78 0
0 76 76
40 76 0
0 74 84
120 74 0
0 86 82
60 86 0
60 86 82
60 86 0
60 86 79
60 86 0
60 86 90
300 86 0
0 83 74
60 83 0
0 86 77
60 86 0
0 83 76
60 83 0
0 79 77
120 79 0
0 71 54
0 74 54
120 74 0
0 71 0
0 76 54
0 72 54
120 72 0
0 76 0
0 77 50
0 74 50
120 74 0
0 77 0
0 78 60
120 78 0
0 79 58
120 79 0
0 77 54
60 77 0
0 76 51
60 76 0
0 74 54
60 74 0
0 72 52
60 72 0
0 78 54
60 78 0
0 79 53
60 79 0
0 81 55
60 81 0
0 79 57
60 79 0
0 77 56
60 77 0
0 76 55
60 76 0
0 74 54
60 74 0
0 72 54
60 72 0
0 80 62
120 80 0
0 81 56
120 81 0
0 81 60
60 81 0
60 81 56
60 81 0
60 81 63
240 81 0
240 86 81
60 88 77
12 86 0
48 89 81
12 88 0
48 88 77
12 89 0
48 86 79
12 88 0
48 84 73
12 86 0
48 83 77
12 84 0
48 81 75
12 83 0
48 79 78
12 81 0
48 83 73
12 79 0
48 86 81
12 83 0
48 84 74
12 86 0
48 83 81
12 84 0
48 81 75
12 83 0
48 79 81
12 81 0
48 77 76
12 79 0
48 76 86
12 77 0
108 76 0
120 79 71
30 79 0
0 77 66
30 77 0
0 79 71
30 79 0
0 77 67
30 77 0
0 76 81
60 76 0
0 77 79
60 77 0
0 79 89
120 79 0
280 81 53
40 81 0
0 83 49
40 83 0
0 84 61
237 84 0
3 84 56
177 84 0
3 84 54
57 84 0
3 84 56
240 84 0
0 83 55
60 83 0
0 81 50
60 81 0
0 79 53
60 79 0
0 77 51
60 77 0
0 76 78
120 76 0
120 77 67
30 77 0
0 79 63
30 79 0
0 77 67
30 77 0
0 79 63
30 79 0
0 77 67
30 77 0
10 76 76
40 76 0
0 77 72
40 77 0
0 79 87
120 79 0
280 81 53
40 81 0
0 83 48
40 83 0
0 84 61
237 84 0
3 84 55
177 84 0
3 84 52
57 84 0
3 84 55
240 84 0
0 83 54
60 83 0
0 81 52
60 81 0
0 79 54
60 79 0
0 77 53
60 77 0
0 76 83
60 76 0
60 84 78
60 86 78
12 84 0
48 88 81
12 86 0
48 86 78
12 88 0
48 84 81
12 86 0
48 83 78
12 84 0
48 81 81
12 83 0
48 79 78
12 81 0
48 77 81
12 79 0
48 76 76
12 77 0
48 74 81
12 76 0
48 72 76
12 74 0
48 71 81
12 72 0
48 69 73
12 71 0
48 67 85
12 69 0
108 67 0
120 65 90
480 65 0
0 64 76
240 64 0
120 62 55
60 62 0
60 65 54
60 65 0
60 69 53
60 69 0
60 73 55
120 73 0
0 74 54
120 74 0
0 77 55
120 77 0
0 81 53
120 81 0
0 81 61
120 81 0
0 72 55
117 72 0
3 72 54
480 72 0
0 71 56
0 76 56
120 76 0
0 74 54
120 74 0
0 71 0
0 72 54
240 72 0
240 79 76
120 79 0
0 76 72
120 76 0
0 84 57
120 84 0
0 83 53
60 83 0
60 81 51
60 81 0
60 79 49
60 79 0
60 77 54
60 77 0
60 76 50
60 76 0
60 74 53
120 74 0
120 76 54
120 76 0
120 79 58
120 79 0
0 78 54
120 78 0
0 77 54
120 77 0
120 76 51
120 76 0
0 77 54
120 77 0
0 79 57
120 79 0
0 80 59
60 80 0
60 81 49
36 81 0
0 83 51
36 83 0
0 81 54
36 81 0
0 83 56
36 83 0
0 81 58
36 81 0
0 83 62
60 83 0
0 84 68
60 84 0
60 83 61
60 83 0
60 81 62
60 81 0
60 79 57
60 79 0
60 77 60
60 77 0
60 76 57
60 76 0
60 79 64
180 79 0
0 76 61
60 76 0
0 74 61
120 74 0
120 79 86
180 79 0
0 81 81
30 81 0
0 83 76
30 83 0
0 84 85
120 84 0
0 83 62
60 83 0
60 81 62
60 81 0
60 79 60
60 79 0
60 77 62
60 77 0
60 76 59
60 76 0
60 74 63
120 74 0
120 76 70
120 76 0
120 77 72
120 77 0
120 78 78
120 78 0
120 79 79
120 79 0
120 80 82
120 80 0
120 81 85
180 81 0
0 69 79
60 69 0
0 77 84
180 77 0
0 74 81
60 74 0
0 72 77
210 76 64
30 76 0
0 72 0
0 74 71
0 71 71
240 71 0
0 74 0
0 72 71
240 72 0
60 72 64
60 72 0
0 74 65
60 74 0
0 76 66
60 76 0
0 77 68
30 77 0
0 79 68
30 79 0
0 77 59
30 77 0
0 76 70
30 77 71
30 76 0
30 77 0
0 79 72
60 79 0
0 81 66
25 81 0
5 83 65
25 83 0
5 81 70
30 79 75
30 81 0
0 81 76
30 79 0
30 81 0
0 83 78
60 83 0
0 84 87
60 84 0
60 84 84
60 84 0
120 72 63
60 72 0
0 74 65
60 74 0
0 76 66
60 76 0
0 77 68
30 77 0
0 79 68
30 79 0
0 77 59
30 77 0
0 76 70
30 77 71
30 76 0
30 77 0
0 79 72
60 79 0
0 81 66
25 81 0
5 83 65
25 83 0
5 81 70
30 79 75
30 81 0
0 81 76
30 79 0
30 81 0
0 83 78
60 83 0
0 84 88
60 84 0
60 84 86
60 84 0
120 79 55
60 79 0
0 83 58
60 83 0
0 79 55
60 79 0
0 84 59
60 84 0
60 84 59
60 84 0
120 79 54
60 79 0
0 83 57
60 83 0
0 79 54
60 79 0
0 84 59
60 84 0
60 84 66
60 84 0
120 79 67
60 79 0
0 83 71
60 83 0
0 79 68
60 79 0
0 84 75
60 84 0
0 79 72
60 79 0
0 84 79
60 84 0
0 79 75
60 79 0
0 86 83
60 86 0
0 79 81
60 79 0
0 86 88
60 86 0
0 79 83
60 79 0
0 88 91
120 88 0
0 84 80
120 84 0
0 79 82
120 79 0
0 84 79
120 84 0
0 76 78
120 76 0
0 79 71
120 79 0
0 72 72
120 72 0
0 76 69
120 76 0
0 69 60
120 69 0
0 81 60
120 81 0
0 79 63
60 79 0
0 77 58
60 77 0
0 76 63
60 76 0
0 74 58
60 74 0
0 72 63
240 72 0
0 71 60
32 71 0
0 72 63
32 72 0
0 71 60
32 71 0
0 72 63
32 72 0
0 71 63
32 71 0
0 69 63
40 69 0
0 71 60
40 71 0
0 72 71
240 72 0
60 72 64
60 72 0
0 74 65
60 74 0
0 76 66
60 76 0
0 77 68
30 77 0
0 79 68
30 79 0
0 77 59
30 77 0
0 76 70
30 77 71
30 76 0
30 77 0
0 79 72
60 79 0
0 81 66
25 81 0
5 83 65
25 83 0
5 81 70
30 79 75
30 81 0
0 81 76
30 79 0
30 81 0
0 83 78
60 83 0
0 84 84
60 84 0
60 84 81
60 84 0
120 72 63
60 72 0
0 74 65
60 74 0
0 76 66
60 76 0
0 77 68
30 77 0
0 79 68
30 79 0
0 77 59
30 77 0
0 76 70
30 77 71
30 76 0
30 77 0
0 79 72
60 79 0
0 81 66
25 81 0
5 83 65
25 83 0
5 81 70
30 79 75
30 81 0
0 81 76
30 79 0
30 81 0
0 83 78
60 83 0
0 84 84
60 84 0
60 84 80
60 84 0
120 79 55
60 79 0
0 83 59
60 83 0
0 79 55
60 79 0
0 84 59
60 84 0
60 84 59
60 84 0
120 79 54
60 79 0
0 83 56
60 83 0
0 79 54
60 79 0
0 84 59
60 84 0
60 84 59
60 84 0
120 79 67
60 79 0
0 83 71
60 83 0
0 79 68
60 79 0
0 84 75
60 84 0
0 79 73
60 79 0
0 84 79
60 84 0
0 79 77
60 79 0
0 86 83
60 86 0
0 79 81
60 79 0
0 86 88
60 86 0
0 79 82
60 79 0
0 88 88
60 88 0
0 84 78
60 84 0
0 88 84
60 88 0
0 84 80
60 84 0
0 79 82
60 79 0
0 84 74
60 84 0
0 79 79
60 79 0
0 84 71
60 84 0
0 76 78
60 76 0
0 79 71
60 79 0
0 76 76
60 76 0
0 79 71
60 79 0
0 72 72
60 72 0
0 76 67
60 76 0
0 72 71
60 72 0
0 76 63
60 76 0
0 69 60
120 69 0
0 81 63
120 81 0
0 79 63
60 79 0
0 77 58
60 77 0
0 76 63
60 76 0
0 74 60
60 74 0
0 72 63
240 72 0
0 71 60
32 71 0
0 72 63
32 72 0
0 71 60
32 71 0
0 72 63
32 72 0
0 71 63
32 71 0
0 69 63
40 69 0
0 71 60
40 71 0
0 72 82
180 72 0
0 67 78
60 67 0
0 76 82
180 76 0
0 72 76
60 72 0
0 79 81
120 79 0
120 86 54
60 84 50
12 86 0
48 83 54
12 84 0
48 81 49
12 83 0
48 79 57
12 81 0
108 79 0
120 81 54
60 79 50
12 81 0
48 77 54
12 79 0
48 76 50
12 77 0
48 74 57
12 76 0
108 74 0
120 79 56
60 77 53
12 79 0
48 76 56
12 77 0
48 74 52
12 76 0
48 72 81
12 74 0
48 72 0
0 67 75
60 67 0
0 72 82
60 72 0
0 67 78
60 67 0
0 76 82
60 76 0
0 72 78
60 72 0
0 76 82
60 76 0
0 72 76
60 72 0
0 79 82
120 79 0
120 86 55
60 84 53
12 86 0
48 83 55
12 84 0
48 81 53
12 83 0
48 79 58
12 81 0
48 79 0
60 79 58
60 79 0
60 81 54
60 79 50
12 81 0
48 77 54
12 79 0
48 76 50
12 77 0
48 74 57
12 76 0
48 74 0
60 74 57
60 74 0
60 79 55
60 77 51
12 79 0
48 76 55
12 77 0
48 74 51
12 76 0
48 72 62
12 74 0
228 72 0
120 80 57
120 80 0
0 81 62
120 81 0
0 83 64
120 83 0
0 84 70
120 84 0
0 76 62
120 76 0
0 79 66
120 79 0
0 77 62
120 77 0
120 76 55
120 76 0
0 77 60
120 77 0
0 79 62
120 79 0
0 81 65
120 81 0
0 73 57
120 73 0
0 76 63
120 76 0
0 74 57
120 74 0
120 73 49
120 73 0
0 74 52
120 74 0
0 76 54
120 76 0
0 77 57
120 77 0
0 71 49
120 71 0
0 74 50
120 74 0
0 72 49
120 72 0
0 81 70
120 81 0
0 71 49
120 71 0
0 74 51
120 74 0
0 72 49
120 72 0
0 81 70
120 81 0
0 71 49
120 71 0
120 74 49
60 74 0
0 72 43
60 72 0
120 80 57
60 80 0
0 71 43
60 71 0
120 74 51
60 74 0
0 72 43
60 72 0
120 80 55
60 80 0
0 71 41
60 71 0
0 71 54
0 74 54
0 67 45
0 65 45
480 65 0
0 71 0
0 74 0
0 67 0
0 72 40
0 64 34
0 67 34
240 67 0
0 64 0
0 72 0
240 74 51
360 74 0
0 75 53
120 75 0
0 76 54
120 76 0
0 78 55
120 78 0
0 79 56
120 79 0
0 71 53
120 71 0
0 74 54
120 74 0
0 72 53
120 72 0
120 71 51
120 71 0
0 72 54
120 72 0
0 74 55
120 74 0
0 76 56
120 76 0
0 68 50
120 68 0
0 71 54
120 71 0
0 69 51
120 69 0
120 68 51
120 68 0
0 69 54
120 69 0
0 71 54
120 71 0
0 72 56
120 72 0
0 66 50
120 66 0
0 69 54
120 69 0
0 67 51
120 67 0
0 76 72
120 76 0
0 66 54
120 66 0
0 69 56
120 69 0
0 67 51
120 67 0
0 76 72
120 76 0
0 66 51
120 66 0
0 69 55
120 69 0
0 67 50
120 67 0
0 75 71
120 75 0
0 66 51
120 66 0
0 69 55
120 69 0
0 67 51
120 67 0
0 75 67
120 75 0
0 66 49
120 66 0
0 67 72
120 67 0
0 69 64
60 71 65
12 69 0
48 72 67
12 71 0
48 74 68
12 72 0
48 76 69
12 74 0
48 78 71
12 76 0
48 79 72
12 78 0
48 81 70
12 79 0
48 83 74
12 81 0
48 78 72
12 83 0
48 79 73
12 78 0
48 74 69
12 79 0
48 76 71
12 74 0
48 71 68
12 76 0
48 74 81
12 71 0
468 74 0
0 72 62
40 74 56
5 72 0
35 72 58
5 74 0
35 74 56
5 72 0
35 72 57
5 74 0
35 74 53
5 72 0
35 72 59
5 74 0
35 74 56
5 72 0
35 72 63
5 74 0
35 71 61
20 72 0
40 71 0
0 72 59
60 72 0
0 71 66
480 71 0
90 69 38
30 69 0
0 67 48
60 67 0
0 66 44
60 66 0
0 67 51
30 67 0
90 71 51
30 71 0
90 76 55
240 76 0
0 74 51
240 74 0
90 72 37
30 72 0
0 71 48
60 71 0
0 69 45
60 69 0
0 71 54
30 71 0
90 74 54
30 74 0
90 79 64
240 79 0
0 77 56
240 77 0
90 76 54
30 76 0
0 74 67
60 74 0
0 73 61
60 73 0
0 74 71
30 74 0
90 77 74
30 77 0
90 84 75
120 84 0
0 83 71
240 83 0
0 86 81
240 86 0
0 80 73
240 80 0
0 83 81
240 83 0
0 74 78
240 74 0
0 77 84
240 77 0
0 76 81
240 76 0
0 74 72
120 74 0
0 72 61
570 72 0
0 74 46
30 74 0
0 72 54
60 72 0
0 71 48
60 71 0
0 72 54
120 72 0
0 74 53
60 74 0
60 72 56
480 72 0
0 70 62
40 72 56
5 70 0
35 70 58
5 72 0
35 72 56
5 70 0
35 70 57
5 72 0
35 72 53
5 70 0
35 70 59
5 72 0
35 72 56
5 70 0
35 70 63
5 72 0
35 69 61
20 70 0
40 69 0
0 70 59
60 70 0
0 69 68
120 69 0
0 72 71
240 72 0
0 77 76
240 77 0
0 81 77
240 81 0
0 82 78
120 82 0
0 81 83
480 81 0
0 79 77
240 79 0
240 79 70
360 79 0
0 78 61
120 78 0
0 77 57
120 77 0
360 77 61
360 77 0
0 76 55
120 76 0
0 75 54
120 75 0
360 75 63
120 75 0
0 74 60
120 74 0
0 74 57
60 74 0
60 74 60
60 74 0
60 74 60
240 74 0
0 74 60
240 74 0
0 74 62
210 74 0
0 77 64
30 77 0
0 75 72
450 75 0
0 74 57
30 74 0
0 72 63
240 72 0
0 71 54
120 71 0
0 79 54
120 79 0
120 79 56
120 79 0
120 78 57
120 78 0
120 77 60
120 77 0
0 77 64
120 77 0
0 76 61
120 76 0
120 75 59
120 75 0
120 74 56
120 74 0
120 72 54
120 72 0
0 72 60
120 72 0
0 71 54
120 71 0
60 79 56
60 79 0
0 81 60
60 81 0
0 79 55
60 79 0
60 78 61
60 78 0
0 79 66
60 79 0
0 78 60
60 78 0
60 77 63
60 77 0
0 79 70
60 79 0
0 77 65
60 77 0
60 76 73
60 76 0
0 77 76
60 77 0
0 76 71
60 76 0
60 75 73
60 75 0
0 77 80
60 77 0
0 75 73
60 75 0
60 74 79
60 74 0
0 75 83
60 75 0
0 74 79
60 74 0
60 72 82
60 72 0
0 74 87
60 74 0
0 72 86
60 72 0
0 71 88
60 71 0
30 72 71
30 72 0
0 71 75
60 71 0
0 69 75
60 69 0
0 71 79
120 71 0
0 72 76
60 72 0
60 74 79
60 74 0
30 76 68
30 76 0
0 74 72
60 74 0
0 73 72
60 73 0
0 74 79
120 74 0
0 76 79
60 76 0
60 77 73
240 77 0
60 79 54
60 79 0
0 76 56
60 76 0
0 79 54
60 79 0
0 77 54
240 77 0
60 79 53
60 79 0
0 76 56
60 76 0
0 79 53
60 79 0
0 77 53
240 77 0
60 79 55
60 79 0
0 76 57
60 76 0
0 79 61
60 79 0
0 77 63
60 77 0
0 79 66
60 79 0
0 76 70
60 76 0
0 79 68
60 79 0
0 77 75
60 77 0
0 79 73
60 79 0
0 76 81
60 76 0
0 79 79
60 79 0
0 77 86
120 77 0
0 76 72
60 76 0
60 74 77
60 74 0
60 72 72
60 72 0
60 71 60
60 71 0
60 72 62
60 72 0
60 74 59
60 74 0
60 76 56
60 76 0
60 77 62
60 77 0
60 76 57
60 76 0
60 74 61
60 74 0
60 76 64
60 76 0
60 77 67
60 77 0
60 76 71
60 76 0
60 77 73
60 77 0
60 78 77
60 78 0
0 79 86
120 79 0
120 79 82
360 79 0
0 77 71
60 77 0
0 76 69
60 76 0
0 76 70
56 76 0
4 74 66
60 74 0
0 72 67
60 72 0
0 71 66
60 71 0
0 72 47
40 74 49
5 72 0
35 72 55
5 74 0
35 74 52
5 72 0
35 72 57
5 74 0
35 74 51
5 72 0
35 72 59
5 74 0
35 74 56
5 72 0
35 72 63
5 74 0
35 74 62
20 72 0
40 74 0
0 76 63
60 76 0
0 67 71
240 67 0
240 79 86
60 79 0
60 79 78
60 79 0
60 79 76
360 79 0
0 77 64
60 77 0
0 76 61
56 76 0
4 76 64
60 76 0
0 74 61
60 74 0
0 72 61
60 72 0
0 71 60
60 71 0
0 72 47
40 74 49
5 72 0
35 72 55
5 74 0
35 74 52
5 72 0
35 72 57
5 74 0
35 74 51
5 72 0
35 72 59
5 74 0
35 74 56
5 72 0
35 72 63
5 74 0
35 74 62
20 72 0
40 74 0
0 76 63
60 76 0
0 67 65
240 67 0
240 69 56
60 69 0
60 72 54
60 72 0
60 77 56
60 77 0
60 81 54
60 81 0
60 84 66
60 84 0
60 89 70
60 89 0
300 67 58
60 67 0
60 72 56
60 72 0
60 76 58
60 76 0
60 79 55
60 79 0
60 84 66
60 84 0
60 88 74
60 88 0
240 67 63
60 67 0
0 79 84
720 79 0
0 77 60
40 77 0
0 79 68
40 79 0
0 77 68
40 77 0
0 76 76
60 76 0
0 77 71
60 77 0
0 75 78
240 75 0
0 76 75
240 76 0
480 69 61
60 69 0
0 72 57
60 72 0
0 74 61
60 74 0
0 76 56
60 76 0
0 77 61
60 77 0
0 79 58
60 79 0
0 81 61
60 81 0
0 83 57
60 83 0
0 84 72
120 84 0
360 67 63
60 67 0
0 72 58
60 72 0
0 74 63
60 74 0
0 76 56
60 76 0
0 77 63
60 77 0
0 79 58
60 79 0
0 81 63
60 81 0
0 83 58
60 83 0
0 84 72
120 84 0
360 81 85
120 81 0
0 79 79
120 79 0
0 77 82
60 77 0
60 76 78
60 76 0
60 76 85
120 76 0
0 74 74
120 74 0
0 72 77
60 72 0
60 71 76
60 71 0
60 72 77
60 67 68
12 72 0
48 69 72
12 67 0
48 71 70
12 69 0
48 72 75
12 71 0
48 74 73
12 72 0
48 76 78
12 74 0
48 77 76
12 76 0
48 79 80
12 77 0
48 81 77
12 79 0
48 83 78
12 81 0
48 84 75
12 83 0
48 79 81
12 84 0
48 79 0
60 79 79
60 79 0
120 79 54
60 79 0
0 81 57
60 81 0
0 79 54
60 79 0
60 77 54
60 77 0
0 79 57
60 79 0
0 77 54
60 77 0
60 76 54
60 76 0
0 77 56
60 77 0
0 76 54
60 76 0
60 74 54
60 74 0
0 76 56
60 76 0
0 74 54
60 74 0
0 72 83
60 67 76
12 72 0
48 69 79
12 67 0
48 71 75
12 69 0
48 72 81
12 71 0
48 74 79
12 72 0
48 76 82
12 74 0
48 77 78
12 76 0
48 79 81
12 77 0
48 81 76
12 79 0
48 83 80
12 81 0
48 84 75
12 83 0
48 79 82
12 84 0
48 79 0
60 79 80
60 79 0
120 79 54
60 79 0
0 81 56
60 81 0
0 79 54
60 79 0
60 77 54
60 77 0
0 79 56
60 79 0
0 77 54
60 77 0
60 76 54
60 76 0
0 77 56
60 77 0
0 76 54
60 76 0
60 74 54
60 74 0
0 76 54
60 76 0
0 74 54
60 74 0
0 72 81
60 72 0
60 72 81
240 72 0
0 74 73
60 74 0
0 76 70
60 76 0
0 77 82
60 77 0
60 77 79
240 77 0
0 79 76
60 79 0
0 81 76
60 81 0
0 79 83
120 79 0
0 76 80
120 76 0
0 84 83
60 84 0
60 84 80
60 84 0
60 86 84
60 84 76
12 86 0
48 83 78
12 84 0
48 81 73
12 83 0
44 81 0
4 81 73
60 79 66
12 81 0
48 77 68
12 79 0
48 76 64
12 77 0
48 76 0
0 79 68
360 79 0
0 76 69
120 76 0
0 74 67
240 74 0
240 73 60
120 73 0
0 74 56
120 74 0
0 72 55
60 72 0
0 71 52
60 71 0
0 69 55
60 69 0
0 67 53
60 67 0
0 73 61
120 73 0
0 74 59
120 74 0
0 72 55
60 72 0
0 71 54
60 71 0
0 69 55
60 69 0
0 67 53
60 67 0
0 75 64
120 75 0
0 76 61
120 76 0
0 76 63
60 76 0
60 76 59
60 76 0
60 76 63
240 76 0
180 69 60
60 69 0
0 81 87
360 81 0
0 79 76
40 79 0
0 78 72
40 78 0
0 76 76
40 76 0
0 74 84
120 74 0
0 86 82
60 86 0
60 86 82
60 86 0
60 86 79
60 86 0
60 86 90
300 86 0
0 83 74
60 83 0
0 86 77
60 86 0
0 83 76
60 83 0
0 79 77
120 79 0
0 71 54
0 74 54
120 74 0
0 71 0
0 76 54
0 72 54
120 72 0
0 76 0
0 77 50
0 74 50
120 74 0
0 77 0
0 78 60
120 78 0
0 79 58
120 79 0
0 77 54
60 77 0
0 76 51
60 76 0
0 74 54
60 74 0
0 72 52
60 72 0
0 78 54
60 78 0
0 79 53
60 79 0
0 81 55
60 81 0
0 79 57
60 79 0
0 77 56
60 77 0
0 76 55
60 76 0
0 74 54
60 74 0
0 72 54
60 72 0
0 80 62
120 80 0
0 81 56
120 81 0
0 81 60
60 81 0
60 81 56
60 81 0
60 81 63
240 81 0
240 86 81
60 88 77
12 86 0
48 89 81
12 88 0
48 88 77
12 89 0
48 86 79
12 88 0
48 84 73
12 86 0
48 83 77
12 84 0
48 81 75
12 83 0
48 79 78
12 81 0
48 83 73
12 79 0
48 86 81
12 83 0
48 84 74
12 86 0
48 83 81
12 84 0
48 81 75
12 83 0
48 79 81
12 81 0
48 77 76
12 79 0
48 76 86
12 77 0
108 76 0
120 79 71
30 79 0
0 77 66
30 77 0
0 79 71
30 79 0
0 77 67
30 77 0
0 76 81
60 76 0
0 77 79
60 77 0
0 79 89
120 79 0
280 81 53
40 81 0
0 83 49
40 83 0
0 84 61
237 84 0
3 84 56
177 84 0
3 84 54
57 84 0
3 84 56
240 84 0
0 83 55
60 83 0
0 81 50
60 81 0
0 79 53
60 79 0
0 77 51
60 77 0
0 76 78
120 76 0
120 77 67
30 77 0
0 79 63
30 79 0
0 77 67
30 77 0
0 79 63
30 79 0
0 77 67
30 77 0
10 76 76
40 76 0
0 77 72
40 77 0
0 79 87
120 79 0
280 81 53
40 81 0
0 83 48
40 83 0
0 84 61
237 84 0
3 84 55
177 84 0
3 84 52
57 84 0
3 84 55
240 84 0
0 83 54
60 83 0
0 81 52
60 81 0
0 79 54
60 79 0
0 77 53
60 77 0
0 76 83
60 76 0
60 84 78
60 86 78
12 84 0
48 88 81
12 86 0
48 86 78
12 88 0
48 84 81
12 86 0
48 83 78
12 84 0
48 81 81
12 83 0
48 79 78
12 81 0
48 77 81
12 79 0
48 76 76
12 77 0
48 74 81
12 76 0
48 72 76
12 74 0
48 71 81
12 72 0
48 69 73
12 71 0
48 67 85
12 69 0
108 67 0
120 65 90
480 65 0
0 64 76
240 64 0
120 62 55
60 62 0
60 65 54
60 65 0
60 69 53
60 69 0
60 73 55
120 73 0
0 74 54
120 74 0
0 77 55
120 77 0
0 81 53
120 81 0
0 81 61
120 81 0
0 72 55
117 72 0
3 72 54
480 72 0
0 71 56
0 76 56
120 76 0
0 74 54
120 74 0
0 71 0
0 72 54
240 72 0
240 79 76
120 79 0
0 76 72
120 76 0
0 84 57
120 84 0
0 83 53
60 83 0
60 81 51
60 81 0
60 79 49
60 79 0
60 77 54
60 77 0
60 76 50
60 76 0
60 74 53
120 74 0
120 76 54
120 76 0
120 79 58
120 79 0
0 78 54
120 78 0
0 77 54
120 77 0
120 76 51
120 76 0
0 77 54
120 77 0
0 79 57
120 79 0
0 80 59
60 80 0
60 81 49
36 81 0
0 83 51
36 83 0
0 81 54
36 81 0
0 83 56
36 83 0
0 81 58
36 81 0
0 83 62
60 83 0
0 84 68
60 84 0
60 83 61
60 83 0
60 81 62
60 81 0
60 79 57
60 79 0
60 77 60
60 77 0
60 76 57
60 76 0
60 79 64
180 79 0
0 76 61
60 76 0
0 74 61
120 74 0
120 79 86
180 79 0
0 81 81
30 81 0
0 83 76
30 83 0
0 84 85
120 84 0
0 83 62
60 83 0
60 81 62
60 81 0
60 79 60
60 79 0
60 77 62
60 77 0
60 76 59
60 76 0
60 74 63
120 74 0
120 76 70
120 76 0
120 77 72
120 77 0
120 78 78
120 78 0
120 79 79
120 79 0
120 80 82
120 80 0
120 81 85
180 81 0
0 69 79
60 69 0
0 77 84
180 77 0
0 74 81
60 74 0
0 72 77
210 76 64
30 76 0
0 72 0
0 74 71
0 71 71
240 71 0
0 74 0
0 72 71
240 72 0
60 72 64
60 72 0
0 74 65
60 74 0
0 76 66
60 76 0
0 77 68
30 77 0
0 79 68
30 79 0
0 77 59
30 77 0
0 76 70
30 77 71
30 76 0
30 77 0
0 79 72
60 79 0
0 81 66
25 81 0
5 83 65
25 83 0
5 81 70
30 79 75
30 81 0
0 81 76
30 79 0
30 81 0
0 83 78
60 83 0
0 84 87
60 84 0
60 84 84
60 84 0
120 72 63
60 72 0
0 74 65
60 74 0
0 76 66
60 76 0
0 77 68
30 77 0
0 79 68
30 79 0
0 77 59
30 77 0
0 76 70
30 77 71
30 76 0
30 77 0
0 79 72
60 79 0
0 81 66
25 81 0
5 83 65
25 83 0
5 81 70
30 79 75
30 81 0
0 81 76
30 79 0
30 81 0
0 83 78
60 83 0
0 84 88
60 84 0
60 84 86
60 84 0
120 79 55
60 79 0
0 83 58
60 83 0
0 79 55
60 79 0
0 84 59
60 84 0
60 84 59
60 84 0
120 79 54
60 79 0
0 83 57
60 83 0
0 79 54
60 79 0
0 84 59
60 84 0
60 84 66
60 84 0
120 79 67
60 79 0
0 83 71
60 83 0
0 79 68
60 79 0
0 84 75
60 84 0
0 79 72
60 79 0
0 84 79
60 84 0
0 79 75
60 79 0
0 86 83
60 86 0
0 79 81
60 79 0
0 86 88
60 86 0
0 79 83
60 79 0
0 88 91
120 88 0
0 84 80
120 84 0
0 79 82
120 79 0
0 84 79
120 84 0
0 76 78
120 76 0
0 79 71
120 79 0
0 72 72
120 72 0
0 76 69
120 76 0
0 69 60
120 69 0
0 81 60
120 81 0
0 79 63
60 79 0
0 77 58
60 77 0
0 76 63
60 76 0
0 74 58
60 74 0
0 72 63
240 72 0
0 71 60
32 71 0
0 72 63
32 72 0
0 71 60
32 71 0
0 72 63
32 72 0
0 71 63
32 71 0
0 69 63
40 69 0
0 71 60
40 71 0
0 72 71
240 72 0
60 72 64
60 72 0
0 74 65
60 74 0
0 76 66
60 76 0
0 77 68
30 77 0
0 79 68
30 79 0
0 77 59
30 77 0
0 76 70
30 77 71
30 76 0
30 77 0
0 79 72
60 79 0
0 81 66
25 81 0
5 83 65
25 83 0
5 81 70
30 79 75
30 81 0
0 81 76
30 79 0
30 81 0
0 83 78
60 83 0
0 84 84
60 84 0
60 84 81
60 84 0
120 72 63
60 72 0
0 74 65
60 74 0
0 76 66
60 76 0
0 77 68
30 77 0
0 79 68
30 79 0
0 77 59
30 77 0
0 76 70
30 77 71
30 76 0
30 77 0
0 79 72
60 79 0
0 81 66
25 81 0
5 83 65
25 83 0
5 81 70
30 79 75
30 81 0
0 81 76
30 79 0
30 81 0
0 83 78
60 83 0
0 84 84
60 84 0
60 84 80
60 84 0
120 79 55
60 79 0
0 83 59
60 83 0
0 79 55
60 79 0
0 84 59
60 84 0
60 84 59
60 84 0
120 79 54
60 79 0
0 83 56
60 83 0
0 79 54
60 79 0
0 84 59
60 84 0
60 84 59
60 84 0
120 79 67
60 79 0
0 83 71
60 83 0
0 79 68
60 79 0
0 84 75
60 84 0
0 79 73
60 79 0
0 84 79
60 84 0
0 79 77
60 79 0
0 86 83
60 86 0
0 79 81
60 79 0
0 86 88
60 86 0
0 79 82
60 79 0
0 88 88
60 88 0
0 84 78
60 84 0
0 88 84
60 88 0
0 84 80
60 84 0
0 79 82
60 79 0
0 84 74
60 84 0
0 79 79
60 79 0
0 84 71
60 84 0
0 76 78
60 76 0
0 79 71
60 79 0
0 76 76
60 76 0
0 79 71
60 79 0
0 72 72
60 72 0
0 76 67
60 76 0
0 72 71
60 72 0
0 76 63
60 76 0
0 69 60
120 69 0
0 81 63
120 81 0
0 79 63
60 79 0
0 77 58
60 77 0
0 76 63
60 76 0
0 74 60
60 74 0
0 72 63
240 72 0
0 71 60
32 71 0
0 72 63
32 72 0
0 71 60
32 71 0
0 72 63
32 72 0
0 71 63
32 71 0
0 69 63
40 69 0
0 71 60
40 71 0
0 72 82
180 72 0
0 67 78
60 67 0
0 76 82
180 76 0
0 72 76
60 72 0
0 79 81
120 79 0
120 86 54
60 84 50
12 86 0
48 83 54
12 84 0
48 81 49
12 83 0
48 79 57
12 81 0
108 79 0
120 81 54
60 79 50
12 81 0
48 77 54
12 79 0
48 76 50
12 77 0
48 74 57
12 76 0
108 74 0
120 79 56
60 77 53
12 79 0
48 76 56
12 77 0
48 74 52
12 76 0
48 72 81
12 74 0
48 72 0
0 67 75
60 67 0
0 72 82
60 72 0
0 67 78
60 67 0
0 76 82
60 76 0
0 72 78
60 72 0
0 76 82
60 76 0
0 72 76
60 72 0
0 79 82
120 79 0
120 86 55
60 84 53
12 86 0
48 83 55
12 84 0
48 81 53
12 83 0
48 79 58
12 81 0
48 79 0
60 79 58
60 79 0
60 81 54
60 79 50
12 81 0
48 77 54
12 79 0
48 76 50
12 77 0
48 74 57
12 76 0
48 74 0
60 74 57
60 74 0
60 79 55
60 77 51
12 79 0
48 76 55
12 77 0
48 74 51
12 76 0
48 72 62
12 74 0
228 72 0
120 80 57
120 80 0
0 81 62
120 81 0
0 83 64
120 83 0
0 84 70
120 84 0
0 76 62
120 76 0
0 79 66
120 79 0
0 77 62
120 77 0
120 76 55
120 76 0
0 77 60
120 77 0
0 79 62
120 79 0
0 81 65
120 81 0
0 73 57
120 73 0
0 76 63
120 76 0
0 74 57
120 74 0
120 73 49
120 73 0
0 74 52
120 74 0
0 76 54
120 76 0
0 77 57
120 77 0
0 71 49
120 71 0
0 74 50
120 74 0
0 72 49
120 72 0
0 81 70
120 81 0
0 71 49
120 71 0
0 74 51
120 74 0
0 72 49
120 72 0
0 81 70
120 81 0
0 71 49
120 71 0
120 74 49
60 74 0
0 72 43
60 72 0
120 80 57
60 80 0
0 71 43
60 71 0
120 74 51
60 74 0
0 72 43
60 72 0
120 80 55
60 80 0
0 71 41
60 71 0
0 71 54
0 74 54
0 67 45
0 65 45
480 65 0
0 71 0
0 74 0
0 67 0
0 72 40
0 64 34
0 67 34
240 67 0
0 64 0
0 72 0
1 64 50
119 64 0
0 60 36
120 60 0
0 64 43
120 64 0
0 60 38
120 60 0
0 64 51
120 64 0
0 60 40
120 60 0
0 64 45
120 64 0
0 60 43
120 60 0
0 64 51
120 64 0
0 60 45
120 60 0
0 64 51
120 64 0
0 60 40
120 60 0
0 64 42
120 64 0
0 60 28
120 60 0
0 64 33
120 64 0
0 60 27
120 60 0
0 64 51
120 64 0
0 60 36
120 60 0
0 64 43
120 64 0
0 60 36
120 60 0
0 64 43
120 64 0
0 60 36
120 60 0
0 65 40
120 65 0
0 60 36
120 60 0
0 64 38
120 64 0
0 60 34
120 60 0
0 64 39
120 64 0
0 60 33
120 60 0
0 64 34
120 64 0
0 60 27
120 60 0
0 64 31
120 64 0
0 60 27
120 60 0
0 65 34
120 65 0
0 60 29
120 60 0
0 65 34
120 65 0
0 60 30
120 60 0
0 65 34
120 65 0
0 60 26
120 60 0
0 65 31
120 65 0
0 60 26
120 60 0
0 64 36
120 64 0
0 60 32
120 60 0
0 64 36
120 64 0
0 60 30
120 60 0
0 64 36
120 64 0
0 60 26
120 60 0
0 64 32
120 64 0
0 60 27
120 60 0
0 60 57
0 64 57
120 60 0
0 55 50
120 55 0
0 64 0
0 60 57
0 64 57
120 60 0
0 55 50
120 55 0
0 64 0
0 62 54
0 59 54
120 59 0
0 55 46
120 55 0
0 62 0
0 62 50
0 59 50
120 59 0
0 55 46
120 55 0
0 62 0
0 60 48
120 60 0
0 48 43
120 48 0
0 52 48
120 52 0
0 55 43
120 55 0
0 60 57
120 60 0
0 64 47
120 64 0
0 67 52
120 67 0
0 64 46
120 64 0
0 65 37
120 65 0
0 60 28
120 60 0
0 65 37
120 65 0
0 60 29
120 60 0
0 65 37
120 65 0
0 60 29
120 60 0
0 65 33
120 65 0
0 60 29
120 60 0
0 64 37
120 64 0
0 60 29
120 60 0
0 64 37
120 64 0
0 60 28
120 60 0
0 64 37
120 64 0
0 60 27
120 60 0
0 64 32
120 64 0
0 60 29
120 60 0
0 64 48
0 60 48
120 60 0
0 55 42
120 55 0
0 64 0
0 64 45
0 60 45
120 60 0
0 55 40
120 55 0
0 64 0
0 62 48
0 65 48
120 62 0
0 55 42
120 55 0
0 65 0
0 65 45
0 62 45
120 62 0
0 55 40
120 55 0
0 65 0
0 60 56
0 64 56
480 64 0
0 60 0
480 55 45
0 64 45
240 64 0
0 55 0
0 55 41
0 62 41
240 62 0
0 55 0
0 60 46
0 55 46
240 55 0
0 60 0
0 59 41
0 55 41
240 55 0
0 59 0
0 60 58
480 60 0
480 64 48
0 55 48
240 55 0
0 64 0
0 55 45
0 62 45
240 62 0
0 55 0
0 60 47
0 55 47
240 55 0
0 60 0
0 59 45
0 55 45
240 55 0
0 59 0
0 48 58
60 48 0
60 60 64
120 60 0
0 59 56
120 59 0
0 58 56
120 58 0
0 57 59
60 57 0
60 57 57
120 57 0
0 55 57
120 55 0
0 53 54
120 53 0
0 52 57
120 52 0
120 48 57
120 48 0
360 48 48
0 60 48
240 60 0
0 48 0
0 55 48
0 64 48
360 64 0
0 60 54
120 60 0
0 55 0
0 59 48
120 43 65
120 43 0
0 59 0
0 47 72
120 47 0
0 50 69
120 50 0
0 55 45
120 55 0
0 59 43
120 59 0
0 62 41
120 62 0
120 55 45
120 55 0
0 59 43
120 59 0
0 62 41
120 62 0
120 55 44
120 55 0
0 60 40
120 60 0
0 64 43
120 64 0
0 60 40
120 60 0
0 55 44
120 55 0
0 60 40
120 60 0
0 64 43
120 64 0
0 60 40
120 60 0
0 54 57
120 54 0
0 57 54
120 57 0
0 60 49
120 60 0
120 54 57
120 54 0
0 57 54
120 57 0
0 60 51
120 60 0
120 55 57
120 55 0
0 59 51
120 59 0
0 62 53
60 62 0
60 62 50
60 62 0
60 55 57
120 55 0
0 59 39
120 59 0
0 62 42
60 62 0
60 62 37
60 62 0
60 55 44
120 55 0
0 59 41
120 59 0
0 62 41
120 62 0
120 55 44
120 55 0
0 59 41
120 59 0
0 62 41
120 62 0
120 55 43
120 55 0
0 60 40
120 60 0
0 64 40
120 64 0
0 60 40
120 60 0
0 55 45
120 55 0
0 60 38
120 60 0
0 64 42
120 64 0
0 60 40
120 60 0
0 54 52
0 60 52
0 62 62
0 57 52
960 57 0
0 54 0
0 60 0
0 62 0
0 55 61
80 55 0
0 59 54
80 59 0
0 67 51
80 67 0
0 57 61
80 57 0
0 60 53
80 60 0
0 67 50
80 67 0
0 59 61
80 59 0
0 62 57
80 62 0
0 67 49
80 67 0
0 55 61
80 55 0
0 59 48
80 59 0
0 67 45
80 67 0
0 60 43
80 60 0
0 64 40
80 64 0
0 67 37
80 67 0
0 60 43
80 60 0
0 64 40
80 64 0
0 67 38
80 67 0
0 60 43
80 60 0
0 64 40
80 64 0
0 67 38
80 67 0
0 60 43
80 60 0
0 64 41
80 64 0
0 67 39
80 67 0
0 55 57
80 55 0
0 59 50
80 59 0
0 67 50
80 67 0
0 57 57
80 57 0
0 60 51
80 60 0
0 67 48
80 67 0
0 59 57
80 59 0
0 62 52
80 62 0
0 67 46
80 67 0
0 55 57
80 55 0
0 59 50
80 59 0
0 67 47
80 67 0
0 60 38
80 60 0
0 64 36
80 64 0
0 67 36
80 67 0
0 60 38
80 60 0
0 64 36
80 64 0
0 67 36
80 67 0
0 60 45
80 60 0
0 64 43
80 64 0
0 67 40
80 67 0
0 60 45
80 60 0
0 64 44
80 64 0
0 67 41
80 67 0
0 55 61
120 55 0
360 48 61
120 48 0
360 50 63
120 50 0
120 54 53
0 51 53
0 57 63
480 57 0
0 51 0
0 54 0
0 52 40
0 55 48
240 55 0
0 52 0
0 48 36
0 52 43
240 52 0
0 48 0
960 50 44
0 59 44
240 59 0
0 60 44
480 60 0
0 50 0
0 55 46
0 59 46
120 55 0
120 59 0
0 43 44
120 43 0
1800 54 40
0 62 40
240 54 0
0 55 43
240 55 0
0 62 0
240 48 43
0 55 43
480 55 0
0 48 0
240 52 43
0 49 43
240 49 0
0 52 0
0 50 43
0 55 43
240 55 0
0 54 41
240 54 0
0 50 0
0 62 77
180 62 0
0 64 70
30 64 0
0 66 66
30 66 0
0 67 71
120 67 0
0 66 56
60 66 0
60 64 56
60 64 0
60 62 52
60 62 0
60 60 56
60 60 0
60 59 52
60 59 0
60 57 57
120 57 0
120 59 62
120 59 0
120 60 67
120 60 0
120 61 65
120 61 0
120 62 70
120 62 0
120 63 66
120 63 0
120 64 72
170 64 0
70 48 43
0 57 43
240 57 0
0 48 0
0 50 43
0 59 43
240 59 0
0 60 43
240 60 0
0 50 0
0 55 60
120 55 0
0 59 50
120 59 0
0 62 54
120 62 0
0 59 48
120 59 0
0 55 56
120 55 0
0 60 45
120 60 0
0 64 49
120 64 0
0 60 47
120 60 0
0 55 56
120 55 0
0 59 50
120 59 0
0 62 54
120 62 0
0 59 47
120 59 0
0 55 56
120 55 0
0 60 50
120 60 0
0 64 54
120 64 0
0 60 49
120 60 0
0 59 56
0 62 56
0 55 56
240 55 0
0 62 0
0 59 0
0 72 41
240 72 0
0 71 44
240 71 0
0 72 43
240 72 0
0 71 45
240 71 0
0 66 52
60 66 0
60 66 54
60 66 0
60 67 57
60 67 0
60 67 60
60 67 0
60 69 62
60 69 0
60 69 65
60 69 0
60 71 67
240 71 0
960 48 44
0 57 44
0 52 44
240 52 0
0 57 0
0 48 0
0 50 44
0 55 44
0 59 44
240 59 0
0 55 0
0 60 44
0 57 44
240 57 0
0 60 0
0 50 0
0 55 51
120 55 0
0 59 46
120 59 0
0 62 54
120 62 0
0 59 49
120 59 0
0 55 54
120 55 0
0 60 50
120 60 0
0 64 54
120 64 0
0 60 50
120 60 0
0 55 58
120 55 0
0 59 50
120 59 0
0 62 54
120 62 0
0 59 54
120 59 0
0 55 54
120 55 0
0 60 50
120 60 0
0 64 54
120 64 0
0 60 50
120 60 0
0 59 58
0 62 58
0 55 58
240 55 0
0 62 0
0 59 0
0 72 43
240 72 0
0 71 45
240 71 0
0 72 43
240 72 0
0 71 45
240 71 0
0 66 48
60 66 0
60 66 51
60 66 0
60 67 54
60 67 0
60 67 57
60 67 0
60 69 61
60 69 0
60 69 64
60 69 0
60 71 67
240 71 0
960 57 44
0 48 44
0 52 44
240 52 0
0 48 0
0 57 0
0 50 44
0 59 44
0 55 44
240 55 0
0 59 0
0 57 44
0 60 44
240 60 0
0 57 0
0 50 0
0 55 78
180 55 0
0 50 72
60 50 0
0 59 78
180 59 0
0 55 72
60 55 0
0 62 77
120 62 0
360 55 41
0 59 41
0 50 41
120 50 0
0 59 0
0 55 0
360 50 41
0 54 41
0 60 41
120 60 0
0 54 0
0 50 0
360 55 72
60 55 0
0 50 67
60 50 0
0 55 72
60 55 0
0 50 67
60 50 0
0 59 72
60 59 0
0 55 67
60 55 0
0 59 72
60 59 0
0 55 66
60 55 0
0 62 72
120 62 0
360 59 45
0 50 45
0 55 45
120 55 0
0 50 0
0 59 0
360 54 45
0 60 45
0 50 45
120 50 0
0 60 0
0 54 0
360 59 46
0 55 46
240 55 0
0 59 0
0 55 46
120 55 0
120 43 46
120 43 0
1 64 50
119 64 0
0 60 36
120 60 0
0 64 43
120 64 0
0 60 38
120 60 0
0 64 51
120 64 0
0 60 40
120 60 0
0 64 45
120 64 0
0 60 43
120 60 0
0 64 51
120 64 0
0 60 45
120 60 0
0 64 51
120 64 0
0 60 40
120 60 0
0 64 42
120 64 0
0 60 28
120 60 0
0 64 33
120 64 0
0 60 27
120 60 0
0 64 51
120 64 0
0 60 36
120 60 0
0 64 43
120 64 0
0 60 36
120 60 0
0 64 43
120 64 0
0 60 36
120 60 0
0 65 40
120 65 0
0 60 36
120 60 0
0 64 38
120 64 0
0 60 34
120 60 0
0 64 39
120 64 0
0 60 33
120 60 0
0 64 34
120 64 0
0 60 27
120 60 0
0 64 31
120 64 0
0 60 27
120 60 0
0 65 34
120 65 0
0 60 29
120 60 0
0 65 34
120 65 0
0 60 30
120 60 0
0 65 34
120 65 0
0 60 26
120 60 0
0 65 31
120 65 0
0 60 26
120 60 0
0 64 36
120 64 0
0 60 32
120 60 0
0 64 36
120 64 0
0 60 30
120 60 0
0 64 36
120 64 0
0 60 26
120 60 0
0 64 32
120 64 0
0 60 27
120 60 0
0 60 57
0 64 57
120 60 0
0 55 50
120 55 0
0 64 0
0 60 57
0 64 57
120 60 0
0 55 50
120 55 0
0 64 0
0 62 54
0 59 54
120 59 0
0 55 46
120 55 0
0 62 0
0 62 50
0 59 50
120 59 0
0 55 46
120 55 0
0 62 0
0 60 48
120 60 0
0 48 43
120 48 0
0 52 48
120 52 0
0 55 43
120 55 0
0 60 57
120 60 0
0 64 47
120 64 0
0 67 52
120 67 0
0 64 46
120 64 0
0 65 37
120 65 0
0 60 28
120 60 0
0 65 37
120 65 0
0 60 29
120 60 0
0 65 37
120 65 0
0 60 29
120 60 0
0 65 33
120 65 0
0 60 29
120 60 0
0 64 37
120 64 0
0 60 29
120 60 0
0 64 37
120 64 0
0 60 28
120 60 0
0 64 37
120 64 0
0 60 27
120 60 0
0 64 32
120 64 0
0 60 29
120 60 0
0 64 48
0 60 48
120 60 0
0 55 42
120 55 0
0 64 0
0 64 45
0 60 45
120 60 0
0 55 40
120 55 0
0 64 0
0 62 48
0 65 48
120 62 0
0 55 42
120 55 0
0 65 0
0 65 45
0 62 45
120 62 0
0 55 40
120 55 0
0 65 0
0 60 56
0 64 56
480 64 0
0 60 0
480 55 45
0 64 45
240 64 0
0 55 0
0 55 41
0 62 41
240 62 0
0 55 0
0 60 46
0 55 46
240 55 0
0 60 0
0 59 41
0 55 41
240 55 0
0 59 0
0 60 58
480 60 0
480 64 48
0 55 48
240 55 0
0 64 0
0 55 45
0 62 45
240 62 0
0 55 0
0 60 47
0 55 47
240 55 0
0 60 0
0 59 45
0 55 45
240 55 0
0 59 0
0 48 58
60 48 0
60 60 64
120 60 0
0 59 56
120 59 0
0 58 56
120 58 0
0 57 59
60 57 0
60 57 57
120 57 0
0 55 57
120 55 0
0 53 54
120 53 0
0 52 57
120 52 0
120 48 57
120 48 0
360 48 48
0 60 48
240 60 0
0 48 0
0 55 48
0 64 48
360 64 0
0 60 54
120 60 0
0 55 0
0 59 48
120 43 65
120 43 0
0 59 0
0 47 72
120 47 0
0 50 69
120 50 0
0 55 45
120 55 0
0 59 43
120 59 0
0 62 41
120 62 0
120 55 45
120 55 0
0 59 43
120 59 0
0 62 41
120 62 0
120 55 44
120 55 0
0 60 40
120 60 0
0 64 43
120 64 0
0 60 40
120 60 0
0 55 44
120 55 0
0 60 40
120 60 0
0 64 43
120 64 0
0 60 40
120 60 0
0 54 57
120 54 0
0 57 54
120 57 0
0 60 49
120 60 0
120 54 57
120 54 0
0 57 54
120 57 0
0 60 51
120 60 0
120 55 57
120 55 0
0 59 51
120 59 0
0 62 53
60 62 0
60 62 50
60 62 0
60 55 57
120 55 0
0 59 39
120 59 0
0 62 42
60 62 0
60 62 37
60 62 0
60 55 44
120 55 0
0 59 41
120 59 0
0 62 41
120 62 0
120 55 44
120 55 0
0 59 41
120 59 0
0 62 41
120 62 0
120 55 43
120 55 0
0 60 40
120 60 0
0 64 40
120 64 0
0 60 40
120 60 0
0 55 45
120 55 0
0 60 38
120 60 0
0 64 42
120 64 0
0 60 40
120 60 0
0 54 52
0 60 52
0 62 62
0 57 52
960 57 0
0 54 0
0 60 0
0 62 0
0 55 61
80 55 0
0 59 54
80 59 0
0 67 51
80 67 0
0 57 61
80 57 0
0 60 53
80 60 0
0 67 50
80 67 0
0 59 61
80 59 0
0 62 57
80 62 0
0 67 49
80 67 0
0 55 61
80 55 0
0 59 48
80 59 0
0 67 45
80 67 0
0 60 43
80 60 0
0 64 40
80 64 0
0 67 37
80 67 0
0 60 43
80 60 0
0 64 40
80 64 0
0 67 38
80 67 0
0 60 43
80 60 0
0 64 40
80 64 0
0 67 38
80 67 0
0 60 43
80 60 0
0 64 41
80 64 0
0 67 39
80 67 0
0 55 57
80 55 0
0 59 50
80 59 0
0 67 50
80 67 0
0 57 57
80 57 0
0 60 51
80 60 0
0 67 48
80 67 0
0 59 57
80 59 0
0 62 52
80 62 0
0 67 46
80 67 0
0 55 57
80 55 0
0 59 50
80 59 0
0 67 47
80 67 0
0 60 38
80 60 0
0 64 36
80 64 0
0 67 36
80 67 0
0 60 38
80 60 0
0 64 36
80 64 0
0 67 36
80 67 0
0 60 45
80 60 0
0 64 43
80 64 0
0 67 40
80 67 0
0 60 45
80 60 0
0 64 44
80 64 0
0 67 41
80 67 0
0 55 61
120 55 0
360 48 61
120 48 0
360 50 63
120 50 0
120 54 53
0 51 53
0 57 63
480 57 0
0 51 0
0 54 0
0 52 40
0 55 48
240 55 0
0 52 0
0 48 36
0 52 43
240 52 0
0 48 0
960 50 44
0 59 44
240 59 0
0 60 44
480 60 0
0 50 0
0 55 46
0 59 46
120 55 0
120 59 0
0 43 44
120 43 0
1800 54 40
0 62 40
240 54 0
0 55 43
240 55 0
0 62 0
240 48 43
0 55 43
480 55 0
0 48 0
240 52 43
0 49 43
240 49 0
0 52 0
0 50 43
0 55 43
240 55 0
0 54 41
240 54 0
0 50 0
0 62 77
180 62 0
0 64 70
30 64 0
0 66 66
30 66 0
0 67 71
120 67 0
0 66 56
60 66 0
60 64 56
60 64 0
60 62 52
60 62 0
60 60 56
60 60 0
60 59 52
60 59 0
60 57 57
120 57 0
120 59 62
120 59 0
120 60 67
120 60 0
120 61 65
120 61 0
120 62 70
120 62 0
120 63 66
120 63 0
120 64 72
170 64 0
70 48 43
0 57 43
240 57 0
0 48 0
0 50 43
0 59 43
240 59 0
0 60 43
240 60 0
0 50 0
0 55 60
120 55 0
0 59 50
120 59 0
0 62 54
120 62 0
0 59 48
120 59 0
0 55 56
120 55 0
0 60 45
120 60 0
0 64 49
120 64 0
0 60 47
120 60 0
0 55 56
120 55 0
0 59 50
120 59 0
0 62 54
120 62 0
0 59 47
120 59 0
0 55 56
120 55 0
0 60 50
120 60 0
0 64 54
120 64 0
0 60 49
120 60 0
0 59 56
0 62 56
0 55 56
240 55 0
0 62 0
0 59 0
0 72 41
240 72 0
0 71 44
240 71 0
0 72 43
240 72 0
0 71 45
240 71 0
0 66 52
60 66 0
60 66 54
60 66 0
60 67 57
60 67 0
60 67 60
60 67 0
60 69 62
60 69 0
60 69 65
60 69 0
60 71 67
240 71 0
960 48 44
0 57 44
0 52 44
240 52 0
0 57 0
0 48 0
0 50 44
0 55 44
0 59 44
240 59 0
0 55 0
0 60 44
0 57 44
240 57 0
0 60 0
0 50 0
0 55 51
120 55 0
0 59 46
120 59 0
0 62 54
120 62 0
0 59 49
120 59 0
0 55 54
120 55 0
0 60 50
120 60 0
0 64 54
120 64 0
0 60 50
120 60 0
0 55 58
120 55 0
0 59 50
120 59 0
0 62 54
120 62 0
0 59 54
120 59 0
0 55 54
120 55 0
0 60 50
120 60 0
0 64 54
120 64 0
0 60 50
120 60 0
0 59 58
0 62 58
0 55 58
240 55 0
0 62 0
0 59 0
0 72 43
240 72 0
0 71 45
240 71 0
0 72 43
240 72 0
0 71 45
240 71 0
0 66 48
60 66 0
60 66 51
60 66 0
60 67 54
60 67 0
60 67 57
60 67 0
60 69 61
60 69 0
60 69 64
60 69 0
60 71 67
240 71 0
960 57 44
0 48 44
0 52 44
240 52 0
0 48 0
0 57 0
0 50 44
0 59 44
0 55 44
240 55 0
0 59 0
0 57 44
0 60 44
240 60 0
0 57 0
0 50 0
0 55 78
180 55 0
0 50 72
60 50 0
0 59 78
180 59 0
0 55 72
60 55 0
0 62 77
120 62 0
360 55 41
0 59 41
0 50 41
120 50 0
0 59 0
0 55 0
360 50 41
0 54 41
0 60 41
120 60 0
0 54 0
0 50 0
360 55 72
60 55 0
0 50 67
60 50 0
0 55 72
60 55 0
0 50 67
60 50 0
0 59 72
60 59 0
0 55 67
60 55 0
0 59 72
60 59 0
0 55 66
60 55 0
0 62 72
120 62 0
360 59 45
0 50 45
0 55 45
120 55 0
0 50 0
0 59 0
360 54 45
0 60 45
0 50 45
120 50 0
0 60 0
0 54 0
360 59 46
0 55 46
240 55 0
0 59 0
0 55 46
120 55 0
120 43 46
120 43 0
360 67 40
120 67 0
0 71 36
120 71 0
0 67 36
120 67 0
0 71 31
120 71 0
0 67 40
120 67 0
0 71 36
120 71 0
0 65 40
120 65 0
0 68 36
120 68 0
0 64 40
120 64 0
0 67 36
120 67 0
0 64 38
120 64 0
0 67 32
120 67 0
0 64 40
120 64 0
0 67 36
120 67 0
0 62 40
120 62 0
0 65 36
120 65 0
0 60 40
120 60 0
0 64 35
120 64 0
0 60 40
120 60 0
0 64 35
120 64 0
0 60 40
120 60 0
0 64 35
120 64 0
0 60 40
120 60 0
0 63 35
120 63 0
0 59 38
120 59 0
0 62 35
120 62 0
0 60 38
120 60 0
0 62 35
120 62 0
0 59 38
120 59 0
0 62 35
120 62 0
0 60 38
120 60 0
0 62 35
120 62 0
0 59 38
120 59 0
0 62 35
120 62 0
0 60 38
120 60 0
0 63 35
120 63 0
0 59 38
120 59 0
0 62 36
120 62 0
0 60 38
120 60 0
0 63 35
120 63 0
0 59 43
0 62 43
480 62 0
0 59 0
480 50 54
120 50 0
0 59 50
120 59 0
0 55 54
120 55 0
0 59 50
120 59 0
0 50 54
120 50 0
0 57 49
120 57 0
0 54 54
120 54 0
0 57 50
120 57 0
0 55 46
120 55 0
0 59 43
120 59 0
0 62 45
120 62 0
0 59 40
120 59 0
0 55 50
240 55 0
240 55 40
120 55 0
0 59 32
120 59 0
0 62 36
120 62 0
0 59 31
120 59 0
0 55 40
240 55 0
240 55 40
120 55 0
0 59 36
120 59 0
0 62 40
120 62 0
0 59 38
120 59 0
0 55 44
240 55 0
240 56 64
240 56 0
0 59 64
240 59 0
0 62 69
240 62 0
0 65 65
240 65 0
0 59 69
240 59 0
0 57 63
240 57 0
0 56 67
240 56 0
0 64 63
240 64 0
0 57 38
120 57 0
0 60 35
120 60 0
0 64 35
120 64 0
0 60 35
120 60 0
0 57 38
120 57 0
0 60 35
120 60 0
0 65 35
120 65 0
0 60 35
120 60 0
0 55 38
120 55 0
0 62 35
120 62 0
0 65 35
120 65 0
0 62 35
120 62 0
0 55 43
120 55 0
0 60 39
120 60 0
0 64 39
120 64 0
0 60 39
120 60 0
0 53 48
120 53 0
0 60 39
120 60 0
0 65 54
120 65 0
0 60 43
120 60 0
0 53 54
120 53 0
0 57 48
120 57 0
0 62 59
120 62 0
0 57 51
120 57 0
0 52 59
120 52 0
0 57 46
120 57 0
0 61 51
120 61 0
0 57 45
120 57 0
0 52 56
120 52 0
0 57 45
120 57 0
0 61 50
120 61 0
0 57 45
120 57 0
0 50 36
120 50 0
0 57 32
120 57 0
0 60 32
120 60 0
0 57 32
120 57 0
0 50 36
120 50 0
0 55 33
120 55 0
0 59 33
120 59 0
0 55 33
120 55 0
0 48 38
120 48 0
0 55 36
120 55 0
0 60 36
120 60 0
0 55 36
120 55 0
0 48 38
120 48 0
0 55 34
120 55 0
0 60 34
120 60 0
0 55 34
120 55 0
0 53 43
120 53 0
0 56 38
120 56 0
0 60 38
120 60 0
0 56 38
120 56 0
0 53 43
120 53 0
0 56 38
120 56 0
0 60 38
120 60 0
0 56 38
120 56 0
0 54 43
120 54 0
0 57 45
120 57 0
0 60 48
120 60 0
0 57 45
120 57 0
0 54 43
120 54 0
0 57 39
120 57 0
0 60 39
120 60 0
0 57 39
120 57 0
0 55 39
228 55 0
12 55 41
228 55 0
12 57 45
0 55 45
228 55 0
0 57 0
12 59 46
0 55 46
228 55 0
0 59 0
12 60 50
0 55 50
228 55 0
0 60 0
12 67 48
0 55 48
228 55 0
0 67 0
12 65 46
0 55 46
228 55 0
0 65 0
12 63 44
0 55 44
228 55 0
0 63 0
12 62 45
0 55 45
228 55 0
0 62 0
12 59 48
0 55 48
228 55 0
0 59 0
12 57 51
0 55 51
228 55 0
0 57 0
12 59 54
0 55 54
228 55 0
0 59 0
12 60 57
0 55 57
228 55 0
0 60 0
12 67 61
0 55 61
228 55 0
0 67 0
12 65 64
0 55 64
228 55 0
0 65 0
12 63 67
0 54 67
228 54 0
0 63 0
12 55 71
0 62 71
240 62 0
0 55 0
720 62 38
0 55 38
240 55 0
0 62 0
120 61 38
120 61 0
0 62 38
0 55 38
240 55 0
0 62 0
120 61 38
120 61 0
0 62 38
0 55 38
240 55 0
0 62 0
120 61 40
120 61 0
0 55 45
0 62 45
120 62 0
0 61 49
120 61 0
0 55 0
0 55 54
0 62 54
120 62 0
0 61 59
120 61 0
0 55 0
0 62 63
0 55 63
480 55 0
0 62 0
120 57 54
60 57 0
60 59 54
60 59 0
60 60 54
60 60 0
60 62 52
60 62 0
60 60 55
60 60 0
60 59 59
60 59 0
60 60 62
60 60 0
60 62 65
60 62 0
60 61 67
60 61 0
60 62 71
60 62 0
60 63 73
60 63 0
60 64 50
120 64 0
0 60 45
120 60 0
0 64 51
120 64 0
0 60 45
120 60 0
0 64 51
120 64 0
0 60 40
120 60 0
0 64 45
120 64 0
0 60 43
120 60 0
0 64 51
120 64 0
0 60 45
120 60 0
0 64 51
120 64 0
0 60 40
120 60 0
0 64 46
120 64 0
0 60 31
120 60 0
0 64 35
120 64 0
0 60 31
120 60 0
0 64 51
120 64 0
0 60 36
120 60 0
0 64 43
120 64 0
0 60 36
120 60 0
0 64 43
120 64 0
0 60 36
120 60 0
0 65 40
120 65 0
0 60 36
120 60 0
0 64 38
120 64 0
0 60 34
120 60 0
0 64 39
120 64 0
0 60 33
120 60 0
0 64 38
120 64 0
0 60 30
120 60 0
0 64 33
120 64 0
0 60 29
120 60 0
0 65 34
120 65 0
0 60 29
120 60 0
0 65 34
120 65 0
0 60 30
120 60 0
0 65 34
120 65 0
0 60 30
120 60 0
0 65 34
120 65 0
0 60 30
120 60 0
0 64 36
120 64 0
0 60 32
120 60 0
0 64 36
120 64 0
0 60 30
120 60 0
0 64 36
120 64 0
0 60 30
120 60 0
0 64 36
120 64 0
0 60 30
120 60 0
0 64 57
0 60 57
120 60 0
0 55 50
120 55 0
0 64 0
0 64 57
0 60 57
120 60 0
0 55 50
120 55 0
0 64 0
0 62 54
0 59 54
120 59 0
0 55 46
120 55 0
0 62 0
0 62 51
0 59 51
120 59 0
0 55 44
120 55 0
0 62 0
0 60 48
120 60 0
0 48 45
120 48 0
0 52 48
120 52 0
0 55 45
120 55 0
0 60 57
120 60 0
0 64 48
120 64 0
0 67 52
120 67 0
0 64 48
120 64 0
0 65 37
120 65 0
0 60 28
120 60 0
0 65 37
120 65 0
0 60 29
120 60 0
0 65 37
120 65 0
0 60 27
120 60 0
0 65 32
120 65 0
0 60 29
120 60 0
0 64 37
120 64 0
0 60 29
120 60 0
0 64 37
120 64 0
0 60 28
120 60 0
0 64 37
120 64 0
0 60 27
120 60 0
0 64 33
120 64 0
0 60 29
120 60 0
0 64 51
0 60 51
120 60 0
0 55 45
120 55 0
0 64 0
0 64 51
0 60 51
120 60 0
0 55 45
120 55 0
0 64 0
0 65 51
0 62 51
120 62 0
0 55 43
120 55 0
0 65 0
0 65 48
0 62 48
120 62 0
0 55 45
120 55 0
0 65 0
0 64 56
0 60 56
480 60 0
0 64 0
480 64 46
0 55 46
240 55 0
0 64 0
0 62 40
0 55 40
240 55 0
0 62 0
0 60 46
0 55 46
240 55 0
0 60 0
0 59 42
0 55 42
240 55 0
0 59 0
0 60 58
480 60 0
480 64 46
0 55 46
240 55 0
0 64 0
0 62 42
0 55 42
240 55 0
0 62 0
0 60 45
0 55 45
240 55 0
0 60 0
0 59 45
0 55 45
240 55 0
0 59 0
0 48 62
60 48 0
60 60 68
120 60 0
0 59 59
120 59 0
0 58 59
120 58 0
0 57 63
60 57 0
60 57 67
120 57 0
0 55 61
120 55 0
0 53 61
120 53 0
0 52 60
120 52 0
120 48 60
120 48 0
360 60 51
0 48 51
240 48 0
0 60 0
0 64 51
0 55 51
360 64 0
0 60 54
120 60 0
0 55 0
0 59 54
120 43 71
120 43 0
0 59 0
0 47 72
120 47 0
0 50 69
120 50 0
0 55 45
120 55 0
0 59 42
120 59 0
0 62 40
120 62 0
120 55 45
120 55 0
0 59 43
120 59 0
0 62 41
120 62 0
120 55 44
120 55 0
0 60 40
120 60 0
0 64 43
120 64 0
0 60 41
120 60 0
0 55 44
120 55 0
0 60 40
120 60 0
0 64 43
120 64 0
0 60 40
120 60 0
0 54 57
120 54 0
0 57 51
120 57 0
0 60 54
120 60 0
120 54 57
120 54 0
0 57 51
120 57 0
0 60 54
120 60 0
120 53 57
120 53 0
0 57 52
120 57 0
0 59 57
120 59 0
0 62 52
120 62 0
0 65 62
240 65 0
0 64 43
120 64 0
0 62 45
120 62 0
0 60 44
120 60 0
0 64 39
120 64 0
0 67 41
120 67 0
120 60 44
120 60 0
0 64 39
120 64 0
0 67 41
120 67 0
120 60 43
120 60 0
0 65 37
120 65 0
0 69 40
120 69 0
0 65 38
120 65 0
0 60 45
120 60 0
0 65 39
120 65 0
0 69 41
120 69 0
0 65 40
120 65 0
0 59 62
0 62 62
0 65 62
0 67 62
960 67 0
0 59 0
0 62 0
0 65 0
0 60 61
80 60 0
0 64 57
80 64 0
0 72 53
80 72 0
0 62 61
80 62 0
0 65 57
80 65 0
0 72 53
80 72 0
0 64 61
80 64 0
0 67 57
80 67 0
0 72 53
80 72 0
0 60 61
80 60 0
0 64 48
80 64 0
0 72 48
80 72 0
0 65 43
80 65 0
0 69 40
80 69 0
0 72 38
80 72 0
0 65 43
80 65 0
0 69 40
80 69 0
0 72 39
80 72 0
0 65 43
80 65 0
0 69 41
80 69 0
0 72 40
80 72 0
0 65 43
80 65 0
0 69 41
80 69 0
0 72 40
80 72 0
0 60 57
80 60 0
0 64 55
80 64 0
0 72 50
80 72 0
0 62 57
80 62 0
0 65 54
80 65 0
0 72 51
80 72 0
0 64 57
80 64 0
0 67 54
80 67 0
0 72 51
80 72 0
0 60 57
80 60 0
0 64 54
80 64 0
0 72 49
80 72 0
0 65 38
80 65 0
0 69 36
80 69 0
0 72 36
80 72 0
0 65 38
80 65 0
0 69 36
80 69 0
0 72 36
80 72 0
0 65 43
80 65 0
0 69 39
80 69 0
0 72 39
80 72 0
0 65 43
80 65 0
0 69 40
80 69 0
0 72 40
80 72 0
0 60 64
120 60 0
360 53 64
120 53 0
360 55 60
120 55 0
120 59 59
0 62 59
0 56 59
480 56 0
0 62 0
0 59 0
0 57 51
0 60 51
240 60 0
0 57 0
0 53 43
0 57 43
240 57 0
0 53 0
960 55 44
0 64 44
240 64 0
0 65 44
480 65 0
0 55 0
0 64 46
0 60 46
120 60 0
120 64 0
0 48 44
120 48 0
1800 67 43
0 59 43
240 59 0
0 60 43
240 60 0
0 67 0
240 53 43
0 60 43
480 60 0
0 53 0
240 54 40
0 57 40
240 57 0
0 54 0
0 60 43
0 55 43
240 60 0
0 59 40
240 59 0
0 55 0
0 67 77
180 67 0
0 69 68
30 69 0
0 71 63
30 71 0
0 72 69
120 72 0
0 71 56
60 71 0
60 69 56
60 69 0
60 67 52
60 67 0
60 65 56
60 65 0
60 64 52
60 64 0
60 62 57
120 62 0
120 64 62
120 64 0
120 65 67
120 65 0
120 66 69
120 66 0
120 67 70
120 67 0
120 68 72
120 68 0
120 69 77
240 69 0
0 53 48
0 62 48
240 62 0
0 53 0
0 55 48
0 64 48
240 64 0
0 65 48
240 65 0
0 55 0
0 60 60
120 60 0
0 64 52
120 64 0
0 67 57
120 67 0
0 64 53
120 64 0
0 60 60
120 60 0
0 65 53
120 65 0
0 69 57
120 69 0
0 65 51
120 65 0
0 60 60
120 60 0
0 64 47
120 64 0
0 67 54
120 67 0
0 64 49
120 64 0
0 60 60
120 60 0
0 65 53
120 65 0
0 69 57
120 69 0
0 65 52
120 65 0
0 67 58
0 64 58
0 60 58
240 60 0
0 64 0
0 67 0
0 67 46
0 65 46
240 65 0
0 64 44
240 64 0
0 67 0
0 67 43
0 65 43
240 65 0
0 64 45
240 64 0
0 67 0
0 65 52
0 67 52
120 67 0
0 65 0
0 65 52
0 67 54
120 67 0
0 65 0
0 64 52
0 67 57
120 67 0
0 64 0
0 64 52
0 67 60
120 67 0
0 64 0
0 59 52
0 67 62
120 67 0
0 59 0
0 59 52
0 67 65
120 67 0
0 59 0
0 60 67
0 67 67
240 67 0
0 60 0
960 53 44
0 57 44
0 62 44
240 62 0
0 57 0
0 53 0
0 55 44
0 64 44
0 60 44
240 60 0
0 64 0
0 62 43
0 65 43
240 65 0
0 62 0
0 55 0
0 60 60
120 60 0
0 64 52
120 64 0
0 67 57
120 67 0
0 64 52
120 64 0
0 60 60
120 60 0
0 65 53
120 65 0
0 69 57
120 69 0
0 65 57
120 65 0
0 60 60
120 60 0
0 64 52
120 64 0
0 67 57
120 67 0
0 64 51
120 64 0
0 60 60
120 60 0
0 65 53
120 65 0
0 69 57
120 69 0
0 65 51
120 65 0
0 67 60
0 64 60
0 60 60
240 60 0
0 64 0
0 67 0
0 67 46
0 65 46
240 65 0
0 64 44
240 64 0
0 67 0
0 67 42
0 65 42
240 65 0
0 64 45
240 64 0
0 67 0
0 65 52
0 67 52
114 67 0
0 65 0
6 65 52
0 67 54
114 67 0
0 65 0
6 64 52
0 67 57
114 67 0
0 64 0
6 64 52
0 67 60
114 67 0
0 64 0
6 59 52
0 67 62
114 67 0
0 59 0
6 59 52
0 67 65
114 67 0
0 59 0
6 60 67
0 67 67
240 67 0
0 60 0
960 53 44
0 57 44
0 62 44
240 62 0
0 57 0
0 53 0
0 55 44
0 64 44
0 60 44
240 60 0
0 64 0
0 62 41
0 65 41
240 65 0
0 62 0
0 55 0
0 60 78
180 60 0
0 55 71
60 55 0
0 64 76
180 64 0
0 60 68
60 60 0
0 67 74
120 67 0
360 55 41
0 60 41
0 64 41
120 64 0
0 60 0
0 55 0
360 55 41
0 65 41
0 59 41
120 59 0
0 65 0
0 55 0
360 60 70
60 60 0
0 55 65
60 55 0
0 60 70
60 60 0
0 55 65
60 55 0
0 64 70
60 64 0
0 60 64
60 60 0
0 64 71
60 64 0
0 60 65
60 60 0
0 67 71
120 67 0
360 55 45
0 64 45
0 60 45
120 60 0
0 64 0
0 55 0
360 59 45
0 55 45
0 65 45
120 65 0
0 55 0
0 59 0
360 64 51
120 64 0
0 60 41
120 60 0
0 64 51
120 64 0
0 60 41
120 60 0
0 65 51
120 65 0
0 60 41
120 60 0
0 67 51
120 67 0
0 60 41
120 60 0
0 69 51
120 69 0
0 60 43
120 60 0
0 70 51
120 70 0
0 60 43
120 60 0
0 69 51
120 69 0
0 60 43
120 60 0
0 67 51
120 67 0
0 60 43
120 60 0
0 65 51
120 65 0
0 60 43
120 60 0
0 64 51
120 64 0
0 60 35
120 60 0
0 65 40
120 65 0
0 60 37
120 60 0
0 62 40
120 62 0
0 60 36
120 60 0
0 64 39
120 64 0
0 60 36
120 60 0
0 65 40
120 65 0
0 60 34
120 60 0
0 64 40
120 64 0
0 60 38
120 60 0
0 65 41
120 65 0
0 60 34
120 60 0
0 64 41
120 64 0
0 60 37
120 60 0
0 65 40
120 65 0
0 60 33
120 60 0
0 64 41
120 64 0
0 60 37
120 60 0
0 65 41
120 65 0
0 60 35
120 60 0
0 48 33
0 60 39
720 60 0
0 48 0
240 67 40
120 67 0
0 71 36
120 71 0
0 67 36
120 67 0
0 71 31
120 71 0
0 67 40
120 67 0
0 71 36
120 71 0
0 65 40
120 65 0
0 68 36
120 68 0
0 64 40
120 64 0
0 67 36
120 67 0
0 64 38
120 64 0
0 67 32
120 67 0
0 64 40
120 64 0
0 67 36
120 67 0
0 62 40
120 62 0
0 65 36
120 65 0
0 60 40
120 60 0
0 64 35
120 64 0
0 60 40
120 60 0
0 64 35
120 64 0
0 60 40
120 60 0
0 64 35
120 64 0
0 60 40
120 60 0
0 63 35
120 63 0
0 59 38
120 59 0
0 62 35
120 62 0
0 60 38
120 60 0
0 62 35
120 62 0
0 59 38
120 59 0
0 62 35
120 62 0
0 60 38
120 60 0
0 62 35
120 62 0
0 59 38
120 59 0
0 62 35
120 62 0
0 60 38
120 60 0
0 63 35
120 63 0
0 59 38
120 59 0
0 62 36
120 62 0
0 60 38
120 60 0
0 63 35
120 63 0
0 59 43
0 62 43
480 62 0
0 59 0
480 50 54
120 50 0
0 59 50
120 59 0
0 55 54
120 55 0
0 59 50
120 59 0
0 50 54
120 50 0
0 57 49
120 57 0
0 54 54
120 54 0
0 57 50
120 57 0
0 55 46
120 55 0
0 59 43
120 59 0
0 62 45
120 62 0
0 59 40
120 59 0
0 55 50
240 55 0
240 55 40
120 55 0
0 59 32
120 59 0
0 62 36
120 62 0
0 59 31
120 59 0
0 55 40
240 55 0
240 55 40
120 55 0
0 59 36
120 59 0
0 62 40
120 62 0
0 59 38
120 59 0
0 55 44
240 55 0
240 56 64
240 56 0
0 59 64
240 59 0
0 62 69
240 62 0
0 65 65
240 65 0
0 59 69
240 59 0
0 57 63
240 57 0
0 56 67
240 56 0
0 64 63
240 64 0
0 57 38
120 57 0
0 60 35
120 60 0
0 64 35
120 64 0
0 60 35
120 60 0
0 57 38
120 57 0
0 60 35
120 60 0
0 65 35
120 65 0
0 60 35
120 60 0
0 55 38
120 55 0
0 62 35
120 62 0
0 65 35
120 65 0
0 62 35
120 62 0
0 55 43
120 55 0
0 60 39
120 60 0
0 64 39
120 64 0
0 60 39
120 60 0
0 53 48
120 53 0
0 60 39
120 60 0
0 65 54
120 65 0
0 60 43
120 60 0
0 53 54
120 53 0
0 57 48
120 57 0
0 62 59
120 62 0
0 57 51
120 57 0
0 52 59
120 52 0
0 57 46
120 57 0
0 61 51
120 61 0
0 57 45
120 57 0
0 52 56
120 52 0
0 57 45
120 57 0
0 61 50
120 61 0
0 57 45
120 57 0
0 50 36
120 50 0
0 57 32
120 57 0
0 60 32
120 60 0
0 57 32
120 57 0
0 50 36
120 50 0
0 55 33
120 55 0
0 59 33
120 59 0
0 55 33
120 55 0
0 48 38
120 48 0
0 55 36
120 55 0
0 60 36
120 60 0
0 55 36
120 55 0
0 48 38
120 48 0
0 55 34
120 55 0
0 60 34
120 60 0
0 55 34
120 55 0
0 53 43
120 53 0
0 56 38
120 56 0
0 60 38
120 60 0
0 56 38
120 56 0
0 53 43
120 53 0
0 56 38
120 56 0
0 60 38
120 60 0
0 56 38
120 56 0
0 54 43
120 54 0
0 57 45
120 57 0
0 60 48
120 60 0
0 57 45
120 57 0
0 54 43
120 54 0
0 57 39
120 57 0
0 60 39
120 60 0
0 57 39
120 57 0
0 55 39
228 55 0
12 55 41
228 55 0
12 57 45
0 55 45
228 55 0
0 57 0
12 59 46
0 55 46
228 55 0
0 59 0
12 60 50
0 55 50
228 55 0
0 60 0
12 67 48
0 55 48
228 55 0
0 67 0
12 65 46
0 55 46
228 55 0
0 65 0
12 63 44
0 55 44
228 55 0
0 63 0
12 62 45
0 55 45
228 55 0
0 62 0
12 59 48
0 55 48
228 55 0
0 59 0
12 57 51
0 55 51
228 55 0
0 57 0
12 59 54
0 55 54
228 55 0
0 59 0
12 60 57
0 55 57
228 55 0
0 60 0
12 67 61
0 55 61
228 55 0
0 67 0
12 65 64
0 55 64
228 55 0
0 65 0
12 63 67
0 54 67
228 54 0
0 63 0
12 55 71
0 62 71
240 62 0
0 55 0
720 62 38
0 55 38
240 55 0
0 62 0
120 61 38
120 61 0
0 62 38
0 55 38
240 55 0
0 62 0
120 61 38
120 61 0
0 62 38
0 55 38
240 55 0
0 62 0
120 61 40
120 61 0
0 55 45
0 62 45
120 62 0
0 61 49
120 61 0
0 55 0
0 55 54
0 62 54
120 62 0
0 61 59
120 61 0
0 55 0
0 62 63
0 55 63
480 55 0
0 62 0
120 57 54
60 57 0
60 59 54
60 59 0
60 60 54
60 60 0
60 62 52
60 62 0
60 60 55
60 60 0
60 59 59
60 59 0
60 60 62
60 60 0
60 62 65
60 62 0
60 61 67
60 61 0
60 62 71
60 62 0
60 63 73
60 63 0
60 64 50
120 64 0
0 60 45
120 60 0
0 64 51
120 64 0
0 60 45
120 60 0
0 64 51
120 64 0
0 60 40
120 60 0
0 64 45
120 64 0
0 60 43
120 60 0
0 64 51
120 64 0
0 60 45
120 60 0
0 64 51
120 64 0
0 60 40
120 60 0
0 64 46
120 64 0
0 60 31
120 60 0
0 64 35
120 64 0
0 60 31
120 60 0
0 64 51
120 64 0
0 60 36
120 60 0
0 64 43
120 64 0
0 60 36
120 60 0
0 64 43
120 64 0
0 60 36
120 60 0
0 65 40
120 65 0
0 60 36
120 60 0
0 64 38
120 64 0
0 60 34
120 60 0
0 64 39
120 64 0
0 60 33
120 60 0
0 64 38
120 64 0
0 60 30
120 60 0
0 64 33
120 64 0
0 60 29
120 60 0
0 65 34
120 65 0
0 60 29
120 60 0
0 65 34
120 65 0
0 60 30
120 60 0
0 65 34
120 65 0
0 60 30
120 60 0
0 65 34
120 65 0
0 60 30
120 60 0
0 64 36
120 64 0
0 60 32
120 60 0
0 64 36
120 64 0
0 60 30
120 60 0
0 64 36
120 64 0
0 60 30
120 60 0
0 64 36
120 64 0
0 60 30
120 60 0
0 64 57
0 60 57
120 60 0
0 55 50
120 55 0
0 64 0
0 64 57
0 60 57
120 60 0
0 55 50
120 55 0
0 64 0
0 62 54
0 59 54
120 59 0
0 55 46
120 55 0
0 62 0
0 62 51
0 59 51
120 59 0
0 55 44
120 55 0
0 62 0
0 60 48
120 60 0
0 48 45
120 48 0
0 52 48
120 52 0
0 55 45
120 55 0
0 60 57
120 60 0
0 64 48
120 64 0
0 67 52
120 67 0
0 64 48
120 64 0
0 65 37
120 65 0
0 60 28
120 60 0
0 65 37
120 65 0
0 60 29
120 60 0
0 65 37
120 65 0
0 60 27
120 60 0
0 65 32
120 65 0
0 60 29
120 60 0
0 64 37
120 64 0
0 60 29
120 60 0
0 64 37
120 64 0
0 60 28
120 60 0
0 64 37
120 64 0
0 60 27
120 60 0
0 64 33
120 64 0
0 60 29
120 60 0
0 64 51
0 60 51
120 60 0
0 55 45
120 55 0
0 64 0
0 64 51
0 60 51
120 60 0
0 55 45
120 55 0
0 64 0
0 65 51
0 62 51
120 62 0
0 55 43
120 55 0
0 65 0
0 65 48
0 62 48
120 62 0
0 55 45
120 55 0
0 65 0
0 64 56
0 60 56
480 60 0
0 64 0
480 64 46
0 55 46
240 55 0
0 64 0
0 62 40
0 55 40
240 55 0
0 62 0
0 60 46
0 55 46
240 55 0
0 60 0
0 59 42
0 55 42
240 55 0
0 59 0
0 60 58
480 60 0
480 64 46
0 55 46
240 55 0
0 64 0
0 62 42
0 55 42
240 55 0
0 62 0
0 60 45
0 55 45
240 55 0
0 60 0
0 59 45
0 55 45
240 55 0
0 59 0
0 48 62
60 48 0
60 60 68
120 60 0
0 59 59
120 59 0
0 58 59
120 58 0
0 57 63
60 57 0
60 57 67
120 57 0
0 55 61
120 55 0
0 53 61
120 53 0
0 52 60
120 52 0
120 48 60
120 48 0
360 60 51
0 48 51
240 48 0
0 60 0
0 64 51
0 55 51
360 64 0
0 60 54
120 60 0
0 55 0
0 59 54
120 43 71
120 43 0
0 59 0
0 47 72
120 47 0
0 50 69
120 50 0
0 55 45
120 55 0
0 59 42
120 59 0
0 62 40
120 62 0
120 55 45
120 55 0
0 59 43
120 59 0
0 62 41
120 62 0
120 55 44
120 55 0
0 60 40
120 60 0
0 64 43
120 64 0
0 60 41
120 60 0
0 55 44
120 55 0
0 60 40
120 60 0
0 64 43
120 64 0
0 60 40
120 60 0
0 54 57
120 54 0
0 57 51
120 57 0
0 60 54
120 60 0
120 54 57
120 54 0
0 57 51
120 57 0
0 60 54
120 60 0
120 53 57
120 53 0
0 57 52
120 57 0
0 59 57
120 59 0
0 62 52
120 62 0
0 65 62
240 65 0
0 64 43
120 64 0
0 62 45
120 62 0
0 60 44
120 60 0
0 64 39
120 64 0
0 67 41
120 67 0
120 60 44
120 60 0
0 64 39
120 64 0
0 67 41
120 67 0
120 60 43
120 60 0
0 65 37
120 65 0
0 69 40
120 69 0
0 65 38
120 65 0
0 60 45
120 60 0
0 65 39
120 65 0
0 69 41
120 69 0
0 65 40
120 65 0
0 59 62
0 62 62
0 65 62
0 67 62
960 67 0
0 59 0
0 62 0
0 65 0
0 60 61
80 60 0
0 64 57
80 64 0
0 72 53
80 72 0
0 62 61
80 62 0
0 65 57
80 65 0
0 72 53
80 72 0
0 64 61
80 64 0
0 67 57
80 67 0
0 72 53
80 72 0
0 60 61
80 60 0
0 64 48
80 64 0
0 72 48
80 72 0
0 65 43
80 65 0
0 69 40
80 69 0
0 72 38
80 72 0
0 65 43
80 65 0
0 69 40
80 69 0
0 72 39
80 72 0
0 65 43
80 65 0
0 69 41
80 69 0
0 72 40
80 72 0
0 65 43
80 65 0
0 69 41
80 69 0
0 72 40
80 72 0
0 60 57
80 60 0
0 64 55
80 64 0
0 72 50
80 72 0
0 62 57
80 62 0
0 65 54
80 65 0
0 72 51
80 72 0
0 64 57
80 64 0
0 67 54
80 67 0
0 72 51
80 72 0
0 60 57
80 60 0
0 64 54
80 64 0
0 72 49
80 72 0
0 65 38
80 65 0
0 69 36
80 69 0
0 72 36
80 72 0
0 65 38
80 65 0
0 69 36
80 69 0
0 72 36
80 72 0
0 65 43
80 65 0
0 69 39
80 69 0
0 72 39
80 72 0
0 65 43
80 65 0
0 69 40
80 69 0
0 72 40
80 72 0
0 60 64
120 60 0
360 53 64
120 53 0
360 55 60
120 55 0
120 59 59
0 62 59
0 56 59
480 56 0
0 62 0
0 59 0
0 57 51
0 60 51
240 60 0
0 57 0
0 53 43
0 57 43
240 57 0
0 53 0
960 55 44
0 64 44
240 64 0
0 65 44
480 65 0
0 55 0
0 64 46
0 60 46
120 60 0
120 64 0
0 48 44
120 48 0
1800 67 43
0 59 43
240 59 0
0 60 43
240 60 0
0 67 0
240 53 43
0 60 43
480 60 0
0 53 0
240 54 40
0 57 40
240 57 0
0 54 0
0 60 43
0 55 43
240 60 0
0 59 40
240 59 0
0 55 0
0 67 77
180 67 0
0 69 68
30 69 0
0 71 63
30 71 0
0 72 69
120 72 0
0 71 56
60 71 0
60 69 56
60 69 0
60 67 52
60 67 0
60 65 56
60 65 0
60 64 52
60 64 0
60 62 57
120 62 0
120 64 62
120 64 0
120 65 67
120 65 0
120 66 69
120 66 0
120 67 70
120 67 0
120 68 72
120 68 0
120 69 77
240 69 0
0 53 48
0 62 48
240 62 0
0 53 0
0 55 48
0 64 48
240 64 0
0 65 48
240 65 0
0 55 0
0 60 60
120 60 0
0 64 52
120 64 0
0 67 57
120 67 0
0 64 53
120 64 0
0 60 60
120 60 0
0 65 53
120 65 0
0 69 57
120 69 0
0 65 51
120 65 0
0 60 60
120 60 0
0 64 47
120 64 0
0 67 54
120 67 0
0 64 49
120 64 0
0 60 60
120 60 0
0 65 53
120 65 0
0 69 57
120 69 0
0 65 52
120 65 0
0 67 58
0 64 58
0 60 58
240 60 0
0 64 0
0 67 0
0 67 46
0 65 46
240 65 0
0 64 44
240 64 0
0 67 0
0 67 43
0 65 43
240 65 0
0 64 45
240 64 0
0 67 0
0 65 52
0 67 52
120 67 0
0 65 0
0 65 52
0 67 54
120 67 0
0 65 0
0 64 52
0 67 57
120 67 0
0 64 0
0 64 52
0 67 60
120 67 0
0 64 0
0 59 52
0 67 62
120 67 0
0 59 0
0 59 52
0 67 65
120 67 0
0 59 0
0 60 67
0 67 67
240 67 0
0 60 0
960 53 44
0 57 44
0 62 44
240 62 0
0 57 0
0 53 0
0 55 44
0 64 44
0 60 44
240 60 0
0 64 0
0 62 43
0 65 43
240 65 0
0 62 0
0 55 0
0 60 60
120 60 0
0 64 52
120 64 0
0 67 57
120 67 0
0 64 52
120 64 0
0 60 60
120 60 0
0 65 53
120 65 0
0 69 57
120 69 0
0 65 57
120 65 0
0 60 60
120 60 0
0 64 52
120 64 0
0 67 57
120 67 0
0 64 51
120 64 0
0 60 60
120 60 0
0 65 53
120 65 0
0 69 57
120 69 0
0 65 51
120 65 0
0 67 60
0 64 60
0 60 60
240 60 0
0 64 0
0 67 0
0 67 46
0 65 46
240 65 0
0 64 44
240 64 0
0 67 0
0 67 42
0 65 42
240 65 0
0 64 45
240 64 0
0 67 0
0 65 52
0 67 52
114 67 0
0 65 0
6 65 52
0 67 54
114 67 0
0 65 0
6 64 52
0 67 57
114 67 0
0 64 0
6 64 52
0 67 60
114 67 0
0 64 0
6 59 52
0 67 62
114 67 0
0 59 0
6 59 52
0 67 65
114 67 0
0 59 0
6 60 67
0 67 67
240 67 0
0 60 0
960 53 44
0 57 44
0 62 44
240 62 0
0 57 0
0 53 0
0 55 44
0 64 44
0 60 44
240 60 0
0 64 0
0 62 41
0 65 41
240 65 0
0 62 0
0 55 0
0 60 78
180 60 0
0 55 71
60 55 0
0 64 76
180 64 0
0 60 68
60 60 0
0 67 74
120 67 0
360 55 41
0 60 41
0 64 41
120 64 0
0 60 0
0 55 0
360 55 41
0 65 41
0 59 41
120 59 0
0 65 0
0 55 0
360 60 70
60 60 0
0 55 65
60 55 0
0 60 70
60 60 0
0 55 65
60 55 0
0 64 70
60 64 0
0 60 64
60 60 0
0 64 71
60 64 0
0 60 65
60 60 0
0 67 71
120 67 0
360 55 45
0 64 45
0 60 45
120 60 0
0 64 0
0 55 0
360 59 45
0 55 45
0 65 45
120 65 0
0 55 0
0 59 0
360 64 51
120 64 0
0 60 41
120 60 0
0 64 51
120 64 0
0 60 41
120 60 0
0 65 51
120 65 0
0 60 41
120 60 0
0 67 51
120 67 0
0 60 41
120 60 0
0 69 51
120 69 0
0 60 43
120 60 0
0 70 51
120 70 0
0 60 43
120 60 0
0 69 51
120 69 0
0 60 43
120 60 0
0 67 51
120 67 0
0 60 43
120 60 0
0 65 51
120 65 0
0 60 43
120 60 0
0 64 51
120 64 0
0 60 35
120 60 0
0 65 40
120 65 0
0 60 37
120 60 0
0 62 40
120 62 0
0 60 36
120 60 0
0 64 39
120 64 0
0 60 36
120 60 0
0 65 40
120 65 0
0 60 34
120 60 0
0 64 40
120 64 0
0 60 38
120 60 0
0 65 41
120 65 0
0 60 34
120 60 0
0 64 41
120 64 0
0 60 37
120 60 0
0 65 40
120 65 0
0 60 33
120 60 0
0 64 41
120 64 0
0 60 37
120 60 0
0 65 41
120 65 0
0 60 35
120 60 0
0 48 33
0 60 39
720 60 0
0 48 0
