240 72 50
240 72 0
0 72 50
240 72 0
0 72 50
240 72 0
0 72 52
120 72 0
0 74 47
40 74 0
0 72 46
40 72 0
0 71 46
40 71 0
0 72 52
120 72 0
0 77 40
120 77 0
0 72 44
120 72 0
120 69 43
240 69 0
0 72 48
240 72 0
0 64 44
240 64 0
0 67 53
480 67 0
0 65 48
240 65 0
0 60 40
0 65 73
240 65 0
0 60 0
0 64 51
0 67 75
240 67 0
0 64 0
0 60 40
0 65 52
0 69 76
240 69 0
0 65 0
0 60 0
0 65 63
0 70 77
360 70 0
0 65 0
0 72 61
60 72 0
0 74 57
60 74 0
0 72 55
120 72 0
120 65 46
240 65 0
0 59 25
0 64 52
240 64 0
0 65 46
240 65 0
0 59 0
0 60 32
0 65 32
0 69 47
480 69 0
0 65 0
0 67 46
0 64 21
240 64 0
0 67 0
0 67 54
240 67 0
0 60 0
0 67 59
240 67 0
0 67 65
180 67 0
0 67 66
60 67 0
0 79 74
360 79 0
0 74 50
60 74 0
0 71 46
60 71 0
0 67 48
240 67 0
0 67 55
240 67 0
0 67 63
240 67 0
0 67 69
180 67 0
0 67 68
60 67 0
0 79 73
660 79 0
0 81 56
30 81 0
0 83 49
30 83 0
0 84 55
120 84 0
0 83 49
120 83 0
0 81 55
120 81 0
0 79 46
120 79 0
0 77 51
120 77 0
0 76 47
120 76 0
0 73 52
120 73 0
0 74 48
120 74 0
0 77 49
120 77 0
0 81 46
120 81 0
0 72 54
720 72 0
0 76 48
0 71 37
120 76 0
0 74 47
120 74 0
0 71 0
0 72 47
480 72 0
240 72 50
240 72 0
0 72 50
240 72 0
0 72 50
240 72 0
0 72 52
120 72 0
0 74 47
40 74 0
0 72 46
40 72 0
0 71 46
40 71 0
0 72 52
120 72 0
0 77 43
120 77 0
0 72 47
120 72 0
120 69 47
240 69 0
0 72 48
240 72 0
0 64 45
240 64 0
0 67 54
480 67 0
0 65 48
240 65 0
0 60 40
0 65 73
240 65 0
0 60 0
0 64 51
0 67 75
240 67 0
0 64 0
0 65 52
0 60 40
0 69 76
240 69 0
0 60 0
0 65 0
0 65 63
0 70 77
360 70 0
0 65 0
0 72 59
60 72 0
0 74 56
60 74 0
0 72 56
120 72 0
120 65 47
240 65 0
0 59 31
0 64 52
240 64 0
0 65 45
240 65 0
0 59 0
0 60 32
0 65 32
0 69 47
480 69 0
0 65 0
0 64 31
0 67 46
240 67 0
0 64 0
0 67 54
240 67 0
0 60 0
0 67 59
240 67 0
0 67 65
180 67 0
0 67 66
60 67 0
0 79 74
360 79 0
0 74 50
60 74 0
0 71 46
60 71 0
0 67 51
240 67 0
0 67 59
240 67 0
0 67 63
240 67 0
0 67 69
180 67 0
0 67 68
60 67 0
0 79 73
660 79 0
0 81 56
30 81 0
0 83 49
30 83 0
0 84 53
120 84 0
0 83 49
120 83 0
0 81 52
120 81 0
0 79 49
120 79 0
0 77 51
120 77 0
0 76 50
120 76 0
0 73 52
120 73 0
0 74 48
120 74 0
0 77 49
120 77 0
0 81 48
120 81 0
0 72 54
720 72 0
0 76 48
0 71 43
120 76 0
0 74 47
120 74 0
0 71 0
0 72 47
480 72 0
0 72 50
240 72 0
0 74 54
120 72 50
10 74 0
110 70 55
10 72 0
110 69 49
10 70 0
110 67 61
10 69 0
470 67 0
0 66 51
240 66 0
0 66 63
240 66 0
0 67 65
240 67 0
0 66 52
0 69 66
180 69 0
0 66 0
60 66 51
0 69 65
480 69 0
0 66 0
0 67 45
0 70 56
216 70 0
0 67 0
24 64 51
240 64 0
0 65 55
240 65 0
0 64 53
0 67 53
180 67 0
0 64 0
60 65 55
0 69 61
240 69 0
0 70 68
240 70 0
0 72 67
240 72 0
0 73 70
240 73 0
0 76 72
120 74 58
10 76 0
110 65 0
0 72 65
10 74 0
110 67 55
0 70 55
10 72 0
110 65 46
0 69 57
10 70 0
0 67 0
470 65 0
0 69 0
0 64 40
0 67 51
240 67 0
0 64 0
0 72 65
240 72 0
0 72 66
240 72 0
0 72 72
240 72 0
0 72 81
0 82 81
720 82 0
0 81 69
240 81 0
0 79 70
0 70 58
240 70 0
0 79 0
0 69 56
0 77 66
240 77 0
0 69 0
0 77 66
0 67 55
480 77 0
0 76 56
240 76 0
0 75 51
240 75 0
0 67 0
0 72 0
0 75 48
240 75 0
0 75 47
240 75 0
0 75 39
30 75 0
0 77 40
30 77 0
0 75 42
30 75 0
0 77 42
30 77 0
0 75 42
30 75 0
0 77 42
30 77 0
0 75 39
30 75 0
0 77 38
30 77 0
0 75 46
120 75 0
0 77 50
120 77 0
0 79 55
240 79 0
0 77 54
120 77 0
0 75 51
120 75 0
0 75 53
120 75 0
0 74 49
114 74 0
6 74 52
120 74 0
0 73 50
112 73 0
8 73 55
480 73 0
0 74 50
240 74 0
0 77 54
120 77 0
0 76 51
120 76 0
0 79 59
120 79 0
0 77 53
120 77 0
0 76 54
120 76 0
0 74 49
112 74 0
8 74 49
480 74 0
0 72 48
240 72 0
0 77 57
180 77 0
0 72 51
60 72 0
0 81 65
180 81 0
0 77 58
60 77 0
0 72 66
180 72 0
0 69 57
60 69 0
0 72 69
360 72 0
0 71 55
120 71 0
0 70 55
240 70 0
0 67 75
0 64 67
180 64 0
0 60 64
60 60 0
0 67 0
0 65 69
0 69 76
180 65 0
0 60 65
60 60 0
0 69 0
0 70 78
0 67 70
180 67 0
0 60 69
60 60 0
0 70 0
0 69 70
0 72 80
120 72 0
0 74 53
120 74 0
0 69 0
0 76 54
120 76 0
0 77 47
120 77 0
0 60 38
0 65 49
720 65 0
0 60 0
0 64 37
0 69 47
120 69 0
0 67 44
120 67 0
0 64 0
0 65 47
480 65 0
0 72 50
240 72 0
0 74 54
120 72 50
10 74 0
110 70 55
10 72 0
110 69 49
10 70 0
110 67 61
10 69 0
470 67 0
0 66 51
235 66 0
5 66 63
240 66 0
0 67 65
240 67 0
0 66 52
0 69 66
180 69 0
0 66 0
60 66 51
0 69 65
480 69 0
0 66 0
0 67 45
0 70 56
216 70 0
0 67 0
24 64 51
240 64 0
0 65 55
240 65 0
0 64 53
0 67 53
180 67 0
0 64 0
60 65 55
0 69 61
240 69 0
0 70 68
240 70 0
0 72 70
240 72 0
0 73 70
240 73 0
0 76 70
120 74 58
10 76 0
110 65 0
0 72 65
10 74 0
110 67 55
0 70 55
10 72 0
110 65 46
0 69 57
10 70 0
0 67 0
470 65 0
0 69 0
0 64 40
0 67 51
240 67 0
0 64 0
0 72 65
240 72 0
0 72 66
240 72 0
0 72 72
240 72 0
0 72 81
0 82 81
720 82 0
0 81 69
240 81 0
0 70 58
0 79 70
240 79 0
0 70 0
0 69 56
0 77 66
240 77 0
0 69 0
0 67 60
0 77 60
480 77 0
0 76 56
240 76 0
0 75 51
240 75 0
0 67 0
0 72 0
0 75 50
240 75 0
0 75 46
240 75 0
0 75 40
30 75 0
0 77 42
30 77 0
0 75 43
30 75 0
0 77 45
30 77 0
0 75 45
30 75 0
0 77 45
30 77 0
0 75 43
30 75 0
0 77 42
30 77 0
0 75 47
120 75 0
0 77 47
120 77 0
0 79 54
240 79 0
0 77 54
120 77 0
0 75 51
115 75 0
5 75 54
120 75 0
0 74 49
116 74 0
4 74 53
120 74 0
0 73 49
115 73 0
5 73 55
480 73 0
0 74 50
240 74 0
0 77 56
120 77 0
0 76 53
120 76 0
0 79 59
120 79 0
0 77 53
120 77 0
0 76 54
120 76 0
0 74 50
115 74 0
5 74 49
480 74 0
0 72 48
240 72 0
0 77 57
180 77 0
0 72 51
60 72 0
0 81 65
180 81 0
0 77 58
60 77 0
0 72 66
180 72 0
0 69 57
60 69 0
0 72 69
360 72 0
0 71 65
120 71 0
0 70 65
240 70 0
0 64 67
0 67 75
180 64 0
0 60 64
60 60 0
0 67 0
0 65 69
0 69 76
180 65 0
0 60 65
60 60 0
0 69 0
0 67 71
0 70 78
180 67 0
0 60 69
60 60 0
0 70 0
0 72 80
0 69 71
120 72 0
0 74 51
120 74 0
0 69 0
0 76 54
120 76 0
0 77 47
120 77 0
0 60 38
0 65 49
720 65 0
0 60 0
0 69 47
0 64 37
120 69 0
0 67 44
120 67 0
0 64 0
0 65 47
480 65 0
240 68 37
0 60 37
228 60 0
0 68 0
12 68 37
0 60 37
228 60 0
0 68 0
12 60 37
0 68 37
228 68 0
0 60 0
12 68 40
0 60 40
720 60 0
0 68 0
0 67 37
0 58 37
240 58 0
0 67 0
0 70 37
0 61 37
240 61 0
0 70 0
0 55 37
0 64 37
240 64 0
0 55 0
0 65 42
0 56 42
720 56 0
0 65 0
0 72 42
0 68 42
228 68 0
0 72 0
12 72 44
0 68 44
228 68 0
0 72 0
12 68 40
0 72 40
228 72 0
0 68 0
12 72 50
0 67 50
720 72 0
0 73 51
240 73 0
0 72 50
240 72 0
0 70 48
180 70 0
0 72 46
60 72 0
0 67 0
0 70 53
0 67 53
240 67 0
0 70 0
0 65 44
0 68 44
240 68 0
0 65 0
240 68 53
240 68 0
0 70 58
240 70 0
0 72 53
240 72 0
0 75 61
240 75 0
0 73 57
240 73 0
210 72 60
30 72 0
0 73 74
210 73 0
0 72 64
30 72 0
0 73 80
210 73 0
0 72 68
30 72 0
0 73 89
240 73 0
0 73 90
120 73 0
0 75 64
40 75 0
0 73 57
40 73 0
0 72 64
40 72 0
0 73 64
120 73 0
0 75 56
120 75 0
0 77 47
720 77 0
0 75 47
120 75 0
0 73 47
120 73 0
0 72 51
120 72 0
0 75 47
120 75 0
0 73 47
120 73 0
0 70 47
120 70 0
0 68 53
720 68 0
0 67 43
0 72 43
120 72 0
0 70 43
120 70 0
0 67 0
0 68 47
480 68 0
0 60 37
0 68 37
228 68 0
0 60 0
12 60 37
0 68 37
228 68 0
0 60 0
12 60 37
0 68 37
228 68 0
0 60 0
12 60 40
0 68 40
720 68 0
0 60 0
0 58 37
0 67 37
240 67 0
0 58 0
0 61 37
0 70 37
240 70 0
0 61 0
0 55 37
0 64 37
240 64 0
0 55 0
0 56 42
0 65 42
720 65 0
0 56 0
0 68 42
0 72 42
228 72 0
0 68 0
12 68 44
0 72 44
228 72 0
0 68 0
12 68 40
0 72 40
228 72 0
0 68 0
12 72 50
0 67 50
720 72 0
0 73 51
240 73 0
0 72 50
240 72 0
0 70 48
180 70 0
0 72 46
60 72 0
0 67 0
0 67 53
0 70 53
240 70 0
0 67 0
0 65 44
0 68 44
240 68 0
0 65 0
240 68 53
240 68 0
0 70 58
240 70 0
0 72 53
240 72 0
0 75 61
240 75 0
0 73 57
240 73 0
210 72 57
30 72 0
0 73 72
210 73 0
0 72 63
30 72 0
0 73 78
210 73 0
0 72 69
30 72 0
0 73 86
240 73 0
0 73 95
120 73 0
0 75 60
40 75 0
0 73 56
40 73 0
0 72 60
40 72 0
0 73 61
120 73 0
0 75 53
120 75 0
0 77 47
720 77 0
0 75 47
120 75 0
0 73 44
120 73 0
0 72 51
120 72 0
0 75 44
120 75 0
0 73 47
120 73 0
0 70 46
120 70 0
0 68 53
720 68 0
0 67 43
0 72 43
120 72 0
0 70 43
120 70 0
0 67 0
0 68 47
480 68 0
0 63 53
240 63 0
0 68 53
240 68 0
0 72 51
240 72 0
0 75 58
720 75 0
0 73 50
120 73 0
0 72 47
120 72 0
0 70 50
240 70 0
0 68 47
180 68 0
60 72 53
480 72 0
0 70 49
240 70 0
0 60 67
240 60 0
0 65 69
240 65 0
0 68 67
240 68 0
0 72 71
720 72 0
0 70 53
120 70 0
0 68 50
120 68 0
0 67 53
240 67 0
0 65 44
180 65 0
60 65 49
0 68 49
480 68 0
0 65 0
0 67 46
0 64 46
240 64 0
0 67 0
0 72 60
240 72 0
0 77 60
240 77 0
0 80 59
240 80 0
0 79 66
240 79 0
0 77 65
240 77 0
240 72 66
240 72 0
0 77 68
240 77 0
0 80 66
240 80 0
0 79 72
240 79 0
0 77 69
240 77 0
240 69 61
0 75 72
0 77 72
0 72 61
228 72 0
0 69 0
0 75 0
0 77 0
12 75 73
0 69 61
0 72 61
0 77 73
228 77 0
0 75 0
0 69 0
0 72 0
12 75 72
0 69 60
0 72 60
0 77 72
228 77 0
0 75 0
0 69 0
0 72 0
12 77 63
0 73 63
120 73 0
0 77 0
0 73 55
0 70 55
108 70 0
0 73 0
12 70 53
0 73 53
120 73 0
0 70 0
0 70 48
0 67 48
108 67 0
0 70 0
12 65 46
0 68 46
420 68 0
0 65 0
0 68 46
60 68 0
0 67 49
0 64 49
240 64 0
0 67 0
0 65 46
120 65 0
0 67 43
120 67 0
0 65 49
480 65 0
0 63 53
240 63 0
0 68 53
240 68 0
0 72 51
240 72 0
0 75 58
720 75 0
0 73 50
120 73 0
0 72 47
120 72 0
0 70 50
240 70 0
0 68 47
180 68 0
60 72 53
480 72 0
0 70 49
240 70 0
0 60 67
240 60 0
0 65 69
240 65 0
0 68 67
240 68 0
0 72 71
720 72 0
0 70 53
120 70 0
0 68 50
120 68 0
0 67 53
240 67 0
0 65 47
180 65 0
60 65 49
0 68 49
480 68 0
0 65 0
0 64 46
0 67 46
240 67 0
0 64 0
0 72 60
240 72 0
0 77 60
240 77 0
0 80 59
240 80 0
0 79 66
240 79 0
0 77 65
240 77 0
240 72 66
240 72 0
0 77 68
240 77 0
0 80 66
240 80 0
0 79 72
240 79 0
0 77 69
240 77 0
240 72 61
0 69 61
0 75 72
0 77 72
228 77 0
0 72 0
0 69 0
0 75 0
12 69 61
0 72 61
0 75 73
0 77 73
228 77 0
0 69 0
0 72 0
0 75 0
12 69 60
0 72 60
0 75 72
0 77 72
228 77 0
0 69 0
0 72 0
0 75 0
12 73 63
0 77 63
120 77 0
0 73 0
0 70 55
0 73 55
108 73 0
0 70 0
12 70 53
0 73 53
120 73 0
0 70 0
0 70 48
0 67 48
108 67 0
0 70 0
12 65 46
0 68 46
420 68 0
0 65 0
0 68 46
60 68 0
0 64 49
0 67 49
240 67 0
0 64 0
0 65 46
120 65 0
0 67 43
120 67 0
0 65 49
480 65 0
240 68 37
0 60 37
228 60 0
0 68 0
12 60 37
0 68 37
228 68 0
0 60 0
12 60 35
0 68 35
228 68 0
0 60 0
12 60 40
0 68 40
720 68 0
0 60 0
0 67 37
0 58 37
240 58 0
0 67 0
0 70 39
0 61 39
240 61 0
0 70 0
0 55 37
0 64 37
240 64 0
0 55 0
0 56 42
0 65 42
720 65 0
0 56 0
0 72 34
0 68 34
228 68 0
0 72 0
12 72 35
0 68 35
228 68 0
0 72 0
12 68 34
0 72 34
228 72 0
0 68 0
12 72 38
0 68 38
0 64 38
720 68 0
0 72 0
0 67 34
0 70 34
240 70 0
0 67 0
0 70 37
0 73 37
240 73 0
0 70 0
0 64 0
0 60 32
0 64 32
7 58 32
233 64 0
0 60 0
0 65 32
0 60 32
0 56 32
7 58 0
473 65 0
0 60 0
0 56 0
240 72 50
240 72 0
0 72 50
240 72 0
0 72 50
240 72 0
0 72 52
120 72 0
0 74 47
40 74 0
0 72 46
40 72 0
0 71 46
40 71 0
0 72 52
120 72 0
0 77 49
120 77 0
0 72 47
120 72 0
120 69 47
240 69 0
0 72 48
240 72 0
0 64 47
240 64 0
0 67 54
480 67 0
0 65 48
240 65 0
0 60 40
0 65 73
240 65 0
0 60 0
0 64 51
0 67 75
240 67 0
0 64 0
0 65 52
0 60 40
0 69 76
240 69 0
0 60 0
0 65 0
0 65 63
0 70 77
360 70 0
0 65 0
0 72 63
60 72 0
0 74 57
60 74 0
0 72 56
120 72 0
120 65 51
240 65 0
0 59 36
0 64 52
240 64 0
0 65 45
240 65 0
0 59 0
0 60 32
0 65 32
0 69 47
480 69 0
0 65 0
0 64 31
0 67 46
240 67 0
0 64 0
0 67 54
240 67 0
0 60 0
0 67 59
240 67 0
0 67 65
180 67 0
0 67 65
60 67 0
0 79 73
360 79 0
0 74 50
60 74 0
0 71 46
60 71 0
0 67 49
240 67 0
0 67 59
240 67 0
0 67 63
240 67 0
0 67 69
180 67 0
0 67 67
60 67 0
0 79 72
660 79 0
0 81 56
30 81 0
0 83 49
30 83 0
0 84 58
120 84 0
0 83 51
120 83 0
0 81 56
120 81 0
0 79 50
120 79 0
0 77 54
120 77 0
0 76 52
120 76 0
0 73 54
120 73 0
0 74 49
120 74 0
0 77 49
120 77 0
0 81 48
120 81 0
0 72 54
720 72 0
0 76 48
0 71 48
120 76 0
0 74 47
120 74 0
0 71 0
0 72 47
480 72 0
0 72 50
240 72 0
0 74 54
120 72 50
10 74 0
110 70 55
10 72 0
110 69 49
10 70 0
110 67 61
10 69 0
470 67 0
0 66 51
235 66 0
5 66 63
240 66 0
0 67 65
240 67 0
0 66 52
0 69 66
180 69 0
0 66 0
60 66 51
0 69 65
480 69 0
0 66 0
0 67 45
0 70 56
216 70 0
0 67 0
24 64 51
240 64 0
0 65 55
240 65 0
0 64 53
0 67 53
180 67 0
0 64 0
60 65 56
0 69 61
240 69 0
0 70 68
240 70 0
0 72 67
240 72 0
0 73 70
240 73 0
0 76 72
120 74 65
10 76 0
110 65 0
0 72 64
10 74 0
110 67 47
0 70 58
10 72 0
110 65 46
0 69 57
10 70 0
0 67 0
470 65 0
0 69 0
0 64 40
0 67 51
240 67 0
0 64 0
0 72 65
228 72 0
12 72 66
228 72 0
12 72 72
228 72 0
12 72 81
0 82 81
720 82 0
0 81 69
240 81 0
0 70 58
0 79 70
240 79 0
0 70 0
0 69 56
0 77 66
240 77 0
0 69 0
0 67 55
0 77 66
480 77 0
0 76 56
228 76 0
12 75 51
228 75 0
12 67 0
0 72 0
0 75 50
228 75 0
12 75 47
228 75 0
12 75 39
30 75 0
0 77 39
30 77 0
0 75 39
30 75 0
0 77 40
30 77 0
0 75 42
30 75 0
0 77 40
30 77 0
0 75 40
30 75 0
0 77 40
30 77 0
0 75 42
120 75 0
0 77 47
120 77 0
0 79 58
240 79 0
0 77 54
120 77 0
0 75 51
108 75 0
12 75 54
120 75 0
0 74 51
108 74 0
12 74 53
120 74 0
0 73 51
108 73 0
12 73 55
480 73 0
0 74 51
240 74 0
0 77 56
120 77 0
0 76 53
120 76 0
0 79 58
120 79 0
0 77 53
120 77 0
0 76 52
120 76 0
0 74 49
116 74 0
4 74 49
480 74 0
0 72 48
240 72 0
0 77 57
180 77 0
0 72 51
60 72 0
0 81 65
180 81 0
0 77 58
60 77 0
0 72 66
180 72 0
0 69 57
60 69 0
0 72 69
360 72 0
0 71 65
120 71 0
0 70 65
240 70 0
0 64 67
0 67 75
180 64 0
0 60 64
60 60 0
0 67 0
0 69 75
0 65 67
180 65 0
0 60 63
60 60 0
0 69 0
0 67 67
0 70 75
180 67 0
0 60 64
60 60 0
0 70 0
0 72 76
0 69 61
120 72 0
0 74 53
120 74 0
0 69 0
0 76 57
120 76 0
0 77 53
120 77 0
0 60 38
0 65 49
720 65 0
0 60 0
0 64 37
0 69 47
120 69 0
0 67 44
120 67 0
0 64 0
0 65 47
480 65 0
0 60 33
0 69 37
228 69 0
0 60 0
12 60 36
0 69 40
228 69 0
0 60 0
12 60 33
0 69 37
228 69 0
0 60 0
12 69 40
0 60 36
720 60 0
0 69 0
0 65 42
0 57 37
240 57 0
0 65 0
0 67 39
0 70 45
240 70 0
0 67 0
0 64 37
0 67 42
240 67 0
0 64 0
0 72 49
0 69 44
720 69 0
0 72 0
0 77 54
0 69 48
228 69 0
0 77 0
12 69 50
0 77 56
228 77 0
0 69 0
12 77 53
0 69 47
228 69 0
0 77 0
12 69 47
0 65 42
720 65 0
0 69 0
0 69 30
0 72 34
240 72 0
0 69 0
0 67 29
0 70 33
240 70 0
0 67 0
0 64 30
0 58 27
0 67 30
240 67 0
0 58 0
0 64 0
0 65 30
0 57 27
480 57 0
0 65 0
960 53 30
0 57 30
0 60 34
960 60 0
0 57 0
0 53 0
0 55 27
0 58 30
0 48 27
480 48 0
0 58 0
0 55 0
0 50 37
0 58 37
480 58 0
0 57 37
240 57 0
0 50 0
0 45 57
0 57 57
240 57 0
0 45 0
0 43 59
0 55 59
240 55 0
0 43 0
0 41 57
0 53 57
240 53 0
0 41 0
0 62 56
0 50 49
240 50 0
0 62 0
0 46 44
0 58 44
240 58 0
0 46 0
0 57 27
0 45 19
120 45 0
0 57 0
360 50 29
480 50 0
0 48 27
960 48 0
0 60 39
0 64 39
480 64 0
0 60 0
0 59 51
0 65 51
0 62 51
960 62 0
0 65 0
0 59 0
0 64 43
0 60 43
480 60 0
0 64 0
0 53 52
0 59 52
0 50 52
480 50 0
0 59 0
0 53 0
0 55 37
0 60 37
0 52 37
480 52 0
0 60 0
0 55 0
720 57 30
0 62 30
0 53 30
240 53 0
0 62 0
0 57 0
0 60 24
0 64 27
0 55 25
480 64 0
0 60 0
0 65 26
0 62 23
480 62 0
0 65 0
0 55 0
0 60 30
0 64 34
480 64 0
0 60 0
0 48 26
240 48 0
720 53 30
0 57 30
0 60 34
960 60 0
0 57 0
0 53 0
0 48 27
0 55 27
0 58 30
480 58 0
0 55 0
0 48 0
0 50 37
0 58 37
480 58 0
0 57 37
240 57 0
0 50 0
0 45 57
0 57 57
240 57 0
0 45 0
0 43 59
0 55 59
240 55 0
0 43 0
0 41 57
0 53 57
240 53 0
0 41 0
0 50 49
0 62 56
240 62 0
0 50 0
0 46 45
0 58 45
240 58 0
0 46 0
0 57 29
120 57 0
360 50 34
480 50 0
0 48 27
960 48 0
0 60 39
0 64 39
480 64 0
0 60 0
0 59 51
0 62 51
0 65 51
960 65 0
0 62 0
0 59 0
0 60 43
0 64 43
480 64 0
0 60 0
0 50 52
0 53 52
0 59 52
480 59 0
0 53 0
0 50 0
0 52 37
0 55 37
0 60 37
480 60 0
0 55 0
0 52 0
720 62 30
0 57 30
0 53 30
240 53 0
0 57 0
0 62 0
0 64 27
0 60 24
0 55 24
480 60 0
0 64 0
0 65 26
0 62 23
480 62 0
0 65 0
0 55 0
0 64 34
0 60 30
480 60 0
0 64 0
0 48 27
240 48 0
720 60 42
0 63 46
720 63 0
0 60 0
0 63 46
0 60 46
240 60 0
0 63 0
0 62 47
0 58 47
240 58 0
0 62 0
0 57 47
0 62 47
0 60 47
240 60 0
0 62 0
0 57 0
0 60 50
0 55 50
0 62 50
480 60 0
0 58 48
216 58 0
24 62 0
0 55 0
0 58 44
0 61 44
240 61 0
0 58 0
0 60 48
0 57 48
240 57 0
0 60 0
0 55 45
0 60 45
0 58 45
240 58 0
0 60 0
0 55 0
0 57 48
0 60 48
0 53 48
240 53 0
0 60 0
0 57 0
0 50 50
240 50 0
0 45 54
480 45 0
0 46 49
240 46 0
0 43 46
120 43 0
120 48 43
960 48 0
480 36 53
0 48 64
360 48 0
0 36 0
0 38 51
0 50 60
120 50 0
0 38 0
0 52 64
0 40 53
180 40 0
0 52 0
60 41 40
0 53 48
180 53 0
0 41 0
60 55 53
0 43 45
180 43 0
0 55 0
60 45 42
0 57 50
180 57 0
0 45 0
60 46 45
0 58 53
960 58 0
0 46 0
480 65 43
0 57 37
0 60 37
480 60 0
0 57 0
0 65 0
0 65 43
0 57 37
0 60 37
480 60 0
0 57 0
0 65 0
0 65 37
0 57 33
0 63 33
480 63 0
0 57 0
0 65 0
0 62 22
0 58 22
0 65 28
960 65 0
0 58 0
0 62 0
480 58 28
0 53 28
0 62 35
480 62 0
0 58 0
0 57 26
0 60 33
480 60 0
0 57 0
0 53 0
480 52 43
0 60 43
0 55 43
720 55 0
0 60 0
0 52 0
0 58 48
0 46 42
240 46 0
0 58 0
0 57 50
0 45 44
240 45 0
0 57 0
0 55 50
0 43 44
240 43 0
0 55 0
0 53 54
0 41 49
240 41 0
0 53 0
240 48 33
0 57 38
480 57 0
0 58 32
480 58 0
0 48 0
0 53 28
0 57 34
480 57 0
0 53 0
0 41 28
240 41 0
720 63 46
0 60 46
720 60 0
0 63 0
0 63 46
0 60 46
240 60 0
0 63 0
0 62 47
0 58 47
240 58 0
0 62 0
0 57 47
0 60 47
0 62 47
240 62 0
0 60 0
0 57 0
0 60 50
0 62 50
0 55 50
480 60 0
0 58 48
216 58 0
24 55 0
0 62 0
0 61 44
0 58 44
240 58 0
0 61 0
0 60 48
0 57 48
240 57 0
0 60 0
0 55 45
0 58 45
0 60 45
240 60 0
0 58 0
0 55 0
0 53 48
0 57 48
0 60 48
240 60 0
0 57 0
0 53 0
0 50 50
240 50 0
0 45 54
480 45 0
0 46 53
240 46 0
0 43 46
120 43 0
120 48 43
960 48 0
480 36 53
0 48 64
360 48 0
0 36 0
0 38 51
0 50 60
120 50 0
0 38 0
0 40 53
0 52 64
180 52 0
0 40 0
60 41 40
0 53 48
180 53 0
0 41 0
60 43 45
0 55 53
180 55 0
0 43 0
60 45 42
0 57 50
180 57 0
0 45 0
60 46 45
0 58 53
960 58 0
0 46 0
480 65 43
0 60 37
0 57 37
480 57 0
0 60 0
0 65 0
0 65 43
0 57 37
0 60 37
480 60 0
0 57 0
0 65 0
0 65 37
0 57 33
0 63 33
480 63 0
0 57 0
0 65 0
0 62 22
0 58 22
0 65 28
960 65 0
0 58 0
0 62 0
480 58 28
0 53 28
0 62 35
480 62 0
0 58 0
0 57 26
0 60 33
480 60 0
0 57 0
0 53 0
480 55 43
0 60 43
0 52 43
720 52 0
0 60 0
0 55 0
0 46 42
0 58 48
240 58 0
0 46 0
0 57 50
0 45 44
240 45 0
0 57 0
0 55 50
0 43 44
240 43 0
0 55 0
0 41 49
0 53 54
240 53 0
0 41 0
240 57 37
0 48 29
480 57 0
0 58 28
480 58 0
0 48 0
0 53 32
0 57 32
480 57 0
0 53 0
0 41 26
240 41 0
720 41 40
120 41 0
0 53 26
108 53 0
12 53 28
108 53 0
12 53 26
108 53 0
12 53 24
108 53 0
12 53 22
108 53 0
12 53 25
108 53 0
12 53 22
108 53 0
12 53 29
108 53 0
12 53 25
108 53 0
12 53 27
108 53 0
12 53 25
108 53 0
12 41 34
120 41 0
0 53 24
108 53 0
12 53 26
108 53 0
12 53 23
108 53 0
12 53 25
108 53 0
12 53 22
108 53 0
12 53 25
108 53 0
12 53 22
108 53 0
12 53 28
108 53 0
12 53 25
108 53 0
12 53 28
108 53 0
12 53 27
108 53 0
12 40 33
120 40 0
0 52 29
108 52 0
12 52 27
108 52 0
12 52 24
108 52 0
12 52 29
108 52 0
12 52 23
108 52 0
12 52 25
108 52 0
12 52 22
108 52 0
12 52 29
108 52 0
12 52 27
108 52 0
12 52 29
108 52 0
12 52 26
108 52 0
12 41 29
120 41 0
0 53 28
108 53 0
12 53 29
108 53 0
12 53 26
108 53 0
12 53 32
480 53 0
720 61 33
0 53 33
0 56 33
228 56 0
0 53 0
0 61 0
12 61 36
0 53 36
0 56 36
228 56 0
0 53 0
0 61 0
12 61 40
0 53 40
0 56 40
228 56 0
0 53 0
0 61 0
12 56 46
0 53 46
0 61 46
228 61 0
0 53 0
0 56 0
12 61 49
0 53 49
0 56 49
228 56 0
0 53 0
0 61 0
12 61 49
0 63 58
0 55 49
0 58 49
960 58 0
0 61 0
0 63 0
0 55 0
480 56 34
240 56 0
0 58 30
0 49 30
240 49 0
0 58 0
0 51 34
0 60 34
480 60 0
0 61 24
480 61 0
0 51 0
0 56 29
0 60 34
480 60 0
0 56 0
0 44 27
240 44 0
720 41 40
120 41 0
0 53 26
108 53 0
12 53 29
108 53 0
12 53 26
108 53 0
12 53 27
108 53 0
12 53 23
108 53 0
12 53 26
108 53 0
12 53 23
108 53 0
12 53 29
108 53 0
12 53 25
108 53 0
12 53 27
108 53 0
12 53 26
108 53 0
12 41 34
120 41 0
0 53 26
108 53 0
12 53 27
108 53 0
12 53 23
108 53 0
12 53 26
108 53 0
12 53 23
108 53 0
12 53 25
108 53 0
12 53 23
108 53 0
12 53 28
108 53 0
12 53 26
108 53 0
12 53 28
108 53 0
12 53 26
108 53 0
12 40 33
120 40 0
0 52 29
108 52 0
12 52 27
108 52 0
12 52 27
108 52 0
12 52 28
108 52 0
12 52 23
108 52 0
12 52 26
108 52 0
12 52 24
108 52 0
12 52 29
108 52 0
12 52 27
108 52 0
12 52 29
108 52 0
12 52 26
108 52 0
12 41 29
120 41 0
0 53 27
108 53 0
12 53 29
108 53 0
12 53 28
108 53 0
12 53 33
480 53 0
720 61 33
0 56 33
0 53 33
228 53 0
0 56 0
0 61 0
12 61 36
0 56 36
0 53 36
228 53 0
0 56 0
0 61 0
12 61 40
0 56 40
0 53 40
228 53 0
0 56 0
0 61 0
12 61 46
0 56 46
0 53 46
228 53 0
0 56 0
0 61 0
12 61 49
0 56 49
0 53 49
228 53 0
0 56 0
0 61 0
12 63 57
0 61 48
0 58 48
0 55 48
960 55 0
0 63 0
0 61 0
0 58 0
480 56 34
240 56 0
0 49 30
0 58 30
240 58 0
0 49 0
0 51 34
0 60 34
480 60 0
0 61 23
480 61 0
0 51 0
0 56 29
0 60 34
480 60 0
0 56 0
0 44 30
240 44 0
960 56 43
240 56 0
0 60 45
240 60 0
0 63 45
240 63 0
0 53 47
240 53 0
0 62 43
240 62 0
240 51 40
240 51 0
0 55 40
240 55 0
0 58 58
0 52 58
240 52 0
0 58 0
0 56 58
0 53 58
480 53 0
0 56 0
240 49 54
240 53 52
240 53 0
0 56 45
240 56 0
0 58 45
240 58 0
0 59 42
240 59 0
0 49 0
0 48 37
0 60 37
720 60 0
0 48 0
480 44 49
240 44 0
0 46 53
240 46 0
0 58 51
240 58 0
0 59 53
240 59 0
0 60 51
240 60 0
240 48 56
240 48 0
0 49 58
240 49 0
0 61 58
240 61 0
0 63 65
240 63 0
0 60 61
0 48 51
228 48 0
0 60 0
12 45 50
0 57 59
228 57 0
0 45 0
12 41 50
0 53 59
228 53 0
0 41 0
12 58 46
0 46 46
480 46 0
0 58 0
0 60 37
0 48 37
480 48 0
0 60 0
0 48 37
0 58 37
480 58 0
0 48 0
0 56 37
0 53 37
480 53 0
0 56 0
0 41 30
240 41 0
960 56 45
240 56 0
0 60 48
240 60 0
0 63 45
240 63 0
0 53 49
240 53 0
0 62 43
240 62 0
240 51 40
240 51 0
0 55 40
240 55 0
0 52 58
0 58 58
240 58 0
0 52 0
0 53 58
0 56 58
480 56 0
0 53 0
240 49 54
240 53 52
240 53 0
0 56 45
240 56 0
0 58 45
240 58 0
0 59 39
240 59 0
0 49 0
0 48 37
0 60 37
720 60 0
0 48 0
480 44 49
240 44 0
0 46 53
240 46 0
0 58 51
240 58 0
0 59 53
240 59 0
0 60 51
240 60 0
240 48 56
240 48 0
0 49 58
240 49 0
0 61 58
240 61 0
0 63 65
240 63 0
0 48 51
0 60 61
228 60 0
0 48 0
12 45 50
0 57 59
228 57 0
0 45 0
12 41 50
0 53 59
228 53 0
0 41 0
12 46 46
0 58 46
480 58 0
0 46 0
0 48 37
0 60 37
480 60 0
0 48 0
0 48 37
0 58 37
480 58 0
0 48 0
0 53 37
0 56 37
480 56 0
0 53 0
0 41 28
240 41 0
720 41 40
120 41 0
0 53 27
108 53 0
12 53 29
108 53 0
12 53 28
108 53 0
12 53 29
108 53 0
12 53 25
108 53 0
12 53 28
108 53 0
12 53 26
108 53 0
12 53 29
108 53 0
12 53 27
108 53 0
12 53 29
108 53 0
12 53 27
108 53 0
12 41 34
120 41 0
0 53 26
108 53 0
12 53 28
108 53 0
12 53 26
108 53 0
12 53 25
108 53 0
12 53 23
108 53 0
12 53 26
108 53 0
12 53 23
108 53 0
12 53 28
108 53 0
12 53 27
108 53 0
12 53 28
108 53 0
12 53 27
108 53 0
12 41 33
120 41 0
0 53 22
108 53 0
12 53 26
108 53 0
12 53 24
108 53 0
12 53 26
108 53 0
12 53 23
108 53 0
12 53 26
108 53 0
12 53 23
108 53 0
12 53 24
108 53 0
12 53 22
108 53 0
12 53 24
108 53 0
12 53 23
108 53 0
12 53 30
480 53 0
960 53 34
0 57 34
0 60 34
960 60 0
0 57 0
0 53 0
0 48 30
0 55 30
0 58 30
480 58 0
0 55 0
0 48 0
0 50 37
0 58 37
480 58 0
0 57 37
240 57 0
0 50 0
0 45 57
0 57 57
240 57 0
0 45 0
0 43 59
0 55 59
240 55 0
0 43 0
0 41 57
0 53 57
240 53 0
0 41 0
0 50 49
0 62 56
240 62 0
0 50 0
0 46 48
0 58 54
240 58 0
0 46 0
0 45 24
0 57 29
120 57 0
0 45 0
360 50 34
480 50 0
0 48 27
960 48 0
0 60 39
0 64 39
480 64 0
0 60 0
0 59 51
0 62 51
0 65 51
960 65 0
0 62 0
0 59 0
0 60 43
0 64 43
480 64 0
0 60 0
0 50 51
0 53 51
0 59 51
480 59 0
0 53 0
0 50 0
0 52 37
0 55 37
0 60 37
480 60 0
0 55 0
0 52 0
720 62 30
0 57 30
0 53 30
240 53 0
0 57 0
0 62 0
0 64 27
0 60 21
0 55 21
480 60 0
0 64 0
0 65 29
0 62 23
480 62 0
0 65 0
0 55 0
0 64 34
0 60 27
480 60 0
0 64 0
0 48 29
240 48 0
720 63 46
0 60 46
720 60 0
0 63 0
0 63 46
0 60 46
240 60 0
0 63 0
0 62 47
0 58 47
240 58 0
0 62 0
0 57 47
0 60 47
0 62 47
240 62 0
0 60 0
0 57 0
0 60 50
0 62 50
0 55 50
480 60 0
0 58 48
216 58 0
24 55 0
0 62 0
0 61 44
0 58 44
240 58 0
0 61 0
0 60 48
0 57 48
240 57 0
0 60 0
0 55 45
0 58 45
0 60 45
240 60 0
0 58 0
0 55 0
0 53 48
0 57 48
0 60 48
240 60 0
0 57 0
0 53 0
0 50 50
240 50 0
0 45 56
480 45 0
0 46 53
240 46 0
0 43 46
120 43 0
120 48 43
960 48 0
480 36 53
0 48 64
360 48 0
0 36 0
0 38 51
0 50 60
120 50 0
0 38 0
0 40 53
0 52 64
180 52 0
0 40 0
60 41 40
0 53 48
180 53 0
0 41 0
60 43 45
0 55 53
180 55 0
0 43 0
60 45 42
0 57 50
180 57 0
0 45 0
60 46 45
0 58 53
960 58 0
0 46 0
480 65 43
0 60 37
0 57 37
480 57 0
0 60 0
0 65 0
0 60 37
0 65 43
0 57 37
480 57 0
0 65 0
0 60 0
0 65 37
0 57 33
0 63 37
480 63 0
0 57 0
0 65 0
0 62 28
0 58 28
0 65 36
960 65 0
0 58 0
0 62 0
480 58 28
0 53 28
0 62 35
480 62 0
0 58 0
0 57 26
0 60 33
480 60 0
0 57 0
0 53 0
480 55 43
0 60 43
0 52 43
720 52 0
0 60 0
0 55 0
0 46 42
0 58 48
240 58 0
0 46 0
0 57 50
0 45 44
240 45 0
0 57 0
0 43 44
0 55 50
240 55 0
0 43 0
0 41 49
0 53 54
240 53 0
0 41 0
240 57 37
0 48 29
480 57 0
0 58 29
480 58 0
0 48 0
0 53 33
0 57 33
480 57 0
0 53 0
0 41 29
240 41 0
720 41 40
120 41 0
0 53 28
108 53 0
12 53 29
108 53 0
12 53 28
108 53 0
12 53 32
108 53 0
12 53 29
108 53 0
12 53 29
108 53 0
12 53 28
108 53 0
12 53 32
108 53 0
12 53 29
108 53 0
12 53 30
108 53 0
12 53 28
108 53 0
12 41 40
120 41 0
0 53 28
108 53 0
12 53 31
108 53 0
12 53 28
108 53 0
12 38 48
120 38 0
0 50 33
108 50 0
12 50 37
108 50 0
12 50 33
108 50 0
12 35 50
120 35 0
0 47 38
108 47 0
12 47 42
108 47 0
12 47 38
108 47 0
12 36 33
120 36 0
0 48 26
108 48 0
12 48 28
108 48 0
12 48 26
108 48 0
12 48 30
108 48 0
12 48 22
108 48 0
12 48 25
108 48 0
12 48 23
108 48 0
12 48 28
108 48 0
12 48 24
108 48 0
12 48 26
108 48 0
12 48 24
108 48 0
12 41 28
480 41 0
