0 72 60
960 72 0
0 76 60
480 76 0
0 79 60
480 79 0
0 71 60
720 71 0
0 72 55
120 72 0
0 74 51
120 74 0
0 72 60
480 72 0
480 81 64
960 81 0
0 79 62
480 79 0
0 84 64
480 84 0
0 79 64
480 79 0
0 77 55
80 77 0
0 79 55
80 79 0
0 77 55
80 77 0
0 76 59
120 76 0
0 77 55
120 77 0
0 76 60
480 76 0
480 69 60
240 69 0
0 71 53
120 72 54
12 71 0
108 74 55
12 72 0
108 76 57
12 74 0
108 77 58
12 76 0
108 79 59
12 77 0
108 81 62
12 79 0
108 79 61
12 81 0
108 77 60
12 79 0
108 76 59
12 77 0
108 74 58
12 76 0
108 72 57
12 74 0
108 71 55
12 72 0
108 69 53
12 71 0
108 67 60
12 69 0
228 67 0
0 69 53
120 71 54
12 69 0
108 72 55
12 71 0
108 74 57
12 72 0
108 76 58
12 74 0
108 77 59
12 76 0
108 79 62
12 77 0
108 77 61
12 79 0
108 76 60
12 77 0
108 74 59
12 76 0
108 72 58
12 74 0
108 71 57
12 72 0
108 69 55
12 71 0
108 67 53
12 69 0
108 65 60
12 67 0
228 65 0
0 67 53
120 69 54
12 67 0
108 71 55
12 69 0
108 72 57
12 71 0
108 74 58
12 72 0
108 76 59
12 74 0
108 77 62
12 76 0
108 76 61
12 77 0
108 74 60
12 76 0
108 72 59
12 74 0
108 71 58
12 72 0
108 69 57
12 71 0
108 67 55
12 69 0
108 65 53
12 67 0
108 64 60
12 65 0
228 64 0
0 65 53
120 67 54
12 65 0
108 69 55
12 67 0
108 71 57
12 69 0
108 72 58
12 71 0
108 74 59
12 72 0
108 76 62
12 74 0
108 74 61
12 76 0
108 72 60
12 74 0
108 71 59
12 72 0
108 69 58
12 71 0
108 67 57
12 69 0
108 65 55
12 67 0
108 64 53
12 65 0
108 62 60
12 64 0
228 62 0
0 64 53
120 65 54
12 64 0
108 67 55
12 65 0
108 69 57
12 67 0
108 71 58
12 69 0
108 73 59
12 71 0
108 74 62
12 73 0
108 74 0
0 69 58
120 71 61
12 69 0
108 73 64
12 71 0
108 74 66
12 73 0
108 76 67
12 74 0
108 77 68
12 76 0
108 79 69
12 77 0
108 81 70
12 79 0
108 83 69
12 81 0
108 84 71
12 83 0
108 83 69
12 84 0
108 81 67
12 83 0
108 79 65
12 81 0
108 77 63
12 79 0
108 76 66
12 77 0
108 76 0
0 77 65
120 79 66
12 77 0
108 81 67
12 79 0
108 79 67
12 81 0
108 77 68
12 79 0
108 76 71
12 77 0
108 74 73
12 76 0
108 72 76
12 74 0
108 71 78
12 72 0
108 71 0
120 79 71
120 79 0
120 76 71
120 76 0
120 72 71
120 72 0
120 74 78
120 74 0
120 79 71
120 79 0
120 76 71
120 76 0
120 72 71
120 72 0
120 74 81
120 74 0
360 71 71
0 74 71
0 79 71
120 79 0
0 74 0
0 71 0
360 67 83
480 67 0
2400 86 61
240 86 0
0 83 55
240 83 0
0 79 61
720 79 0
0 81 53
120 81 0
0 83 51
120 83 0
0 81 55
240 81 0
0 79 53
120 79 0
120 79 55
60 79 0
0 81 51
60 81 0
0 79 56
60 79 0
0 81 51
60 81 0
0 79 58
120 79 0
0 78 52
110 78 0
10 78 58
480 78 0
960 86 61
240 86 0
0 83 55
240 83 0
0 79 61
720 79 0
0 81 53
120 81 0
0 83 51
120 83 0
0 81 55
240 81 0
0 79 53
120 79 0
120 79 55
60 79 0
0 81 51
60 81 0
0 79 56
60 79 0
0 81 50
60 81 0
0 79 55
120 79 0
0 78 52
90 78 0
30 78 58
480 78 0
960 86 69
480 86 0
120 86 61
120 86 0
0 83 66
120 83 0
0 79 61
120 79 0
0 76 68
480 76 0
120 76 61
120 76 0
0 79 66
120 79 0
0 76 61
120 76 0
0 84 69
480 84 0
120 84 61
120 84 0
0 81 66
120 81 0
0 78 61
120 78 0
0 74 68
480 74 0
120 74 61
120 74 0
0 78 66
120 78 0
0 74 61
120 74 0
0 83 68
480 83 0
120 83 61
120 83 0
0 79 66
120 79 0
0 76 61
120 76 0
0 72 68
480 72 0
120 72 61
120 72 0
0 76 66
120 76 0
0 72 61
120 72 0
0 81 68
480 81 0
120 81 61
120 81 0
0 78 66
120 78 0
0 72 61
120 72 0
0 71 68
480 71 0
120 79 61
120 79 0
0 74 66
120 74 0
0 71 61
120 71 0
0 69 66
900 69 0
0 71 64
60 71 0
0 72 69
420 72 0
0 75 65
60 75 0
0 76 72
420 76 0
0 80 65
60 80 0
0 81 71
720 81 0
0 83 66
60 83 0
0 81 66
60 81 0
0 80 66
60 80 0
0 81 66
60 81 0
0 84 74
240 84 0
0 81 68
240 81 0
0 84 75
240 84 0
0 81 69
240 81 0
0 83 78
240 83 0
0 79 73
240 79 0
0 86 79
960 86 0
0 84 70
120 84 0
0 83 68
120 83 0
0 81 67
120 81 0
0 79 65
120 79 0
0 81 49
60 81 0
0 83 38
60 83 0
0 81 49
60 81 0
0 83 40
60 83 0
0 81 50
60 81 0
0 83 40
60 83 0
0 81 50
60 81 0
0 83 40
60 83 0
0 81 52
60 81 0
0 83 40
60 83 0
0 81 52
60 81 0
0 83 41
60 83 0
0 81 53
60 81 0
0 83 41
60 83 0
0 81 53
60 81 0
0 83 42
60 83 0
0 81 54
60 81 0
0 83 43
60 83 0
0 81 54
60 81 0
0 83 45
60 83 0
0 81 54
60 81 0
0 83 44
60 83 0
0 81 54
60 81 0
0 83 44
60 83 0
0 81 53
60 81 0
0 83 45
60 83 0
0 81 53
60 81 0
0 83 42
60 83 0
0 81 53
80 81 0
0 79 59
80 79 0
0 81 58
80 81 0
0 79 69
480 79 0
0 79 67
120 79 0
0 74 59
120 74 0
0 79 62
120 79 0
0 83 65
120 83 0
0 86 68
120 86 0
0 83 63
120 83 0
0 79 68
120 79 0
0 83 63
120 83 0
0 84 69
120 84 0
0 81 63
120 81 0
0 78 69
120 78 0
0 81 63
120 81 0
0 79 69
480 79 0
0 67 67
120 67 0
0 62 59
120 62 0
0 67 62
120 67 0
0 71 65
120 71 0
0 74 68
120 74 0
0 71 63
120 71 0
0 67 68
120 67 0
0 71 63
120 71 0
0 72 69
120 72 0
0 69 63
120 69 0
0 66 69
120 66 0
0 69 63
120 69 0
0 67 74
120 67 0
360 74 65
0 83 77
120 83 0
0 74 0
360 71 62
0 79 74
480 79 0
0 71 0
480 72 60
960 72 0
0 76 60
480 76 0
0 79 60
480 79 0
0 71 60
720 71 0
0 72 55
120 72 0
0 74 51
120 74 0
0 72 60
480 72 0
480 81 64
960 81 0
0 79 62
480 79 0
0 84 64
480 84 0
0 79 64
480 79 0
0 77 55
80 77 0
0 79 55
80 79 0
0 77 55
80 77 0
0 76 59
120 76 0
0 77 55
120 77 0
0 76 60
480 76 0
480 69 60
240 69 0
0 71 53
120 72 54
12 71 0
108 74 55
12 72 0
108 76 57
12 74 0
108 77 58
12 76 0
108 79 59
12 77 0
108 81 62
12 79 0
108 79 61
12 81 0
108 77 60
12 79 0
108 76 59
12 77 0
108 74 58
12 76 0
108 72 57
12 74 0
108 71 55
12 72 0
108 69 53
12 71 0
108 67 60
12 69 0
228 67 0
0 69 53
120 71 54
12 69 0
108 72 55
12 71 0
108 74 57
12 72 0
108 76 58
12 74 0
108 77 59
12 76 0
108 79 62
12 77 0
108 77 61
12 79 0
108 76 60
12 77 0
108 74 59
12 76 0
108 72 58
12 74 0
108 71 57
12 72 0
108 69 55
12 71 0
108 67 53
12 69 0
108 65 60
12 67 0
228 65 0
0 67 53
120 69 54
12 67 0
108 71 55
12 69 0
108 72 57
12 71 0
108 74 58
12 72 0
108 76 59
12 74 0
108 77 62
12 76 0
108 76 61
12 77 0
108 74 60
12 76 0
108 72 59
12 74 0
108 71 58
12 72 0
108 69 57
12 71 0
108 67 55
12 69 0
108 65 53
12 67 0
108 64 60
12 65 0
228 64 0
0 65 53
120 67 54
12 65 0
108 69 55
12 67 0
108 71 57
12 69 0
108 72 58
12 71 0
108 74 59
12 72 0
108 76 62
12 74 0
108 74 61
12 76 0
108 72 60
12 74 0
108 71 59
12 72 0
108 69 58
12 71 0
108 67 57
12 69 0
108 65 55
12 67 0
108 64 53
12 65 0
108 62 60
12 64 0
228 62 0
0 64 53
120 65 54
12 64 0
108 67 55
12 65 0
108 69 57
12 67 0
108 71 58
12 69 0
108 73 59
12 71 0
108 74 62
12 73 0
108 74 0
0 69 58
120 71 61
12 69 0
108 73 64
12 71 0
108 74 66
12 73 0
108 76 67
12 74 0
108 77 68
12 76 0
108 79 69
12 77 0
108 81 70
12 79 0
108 83 69
12 81 0
108 84 71
12 83 0
108 83 69
12 84 0
108 81 67
12 83 0
108 79 65
12 81 0
108 77 63
12 79 0
108 76 66
12 77 0
108 76 0
0 77 65
120 79 66
12 77 0
108 81 67
12 79 0
108 79 67
12 81 0
108 77 68
12 79 0
108 76 71
12 77 0
108 74 73
12 76 0
108 72 76
12 74 0
108 71 78
12 72 0
108 71 0
120 79 71
120 79 0
120 76 71
120 76 0
120 72 71
120 72 0
120 74 78
120 74 0
120 79 71
120 79 0
120 76 71
120 76 0
120 72 71
120 72 0
120 74 81
120 74 0
360 71 71
0 79 71
0 74 71
120 74 0
0 79 0
0 71 0
360 67 83
480 67 0
2400 86 61
240 86 0
0 83 55
240 83 0
0 79 61
720 79 0
0 81 53
120 81 0
0 83 51
120 83 0
0 81 55
240 81 0
0 79 53
120 79 0
120 79 55
60 79 0
0 81 51
60 81 0
0 79 56
60 79 0
0 81 51
60 81 0
0 79 58
120 79 0
0 78 52
110 78 0
10 78 58
480 78 0
960 86 61
240 86 0
0 83 55
240 83 0
0 79 61
720 79 0
0 81 53
120 81 0
0 83 51
120 83 0
0 81 55
240 81 0
0 79 53
120 79 0
120 79 55
60 79 0
0 81 51
60 81 0
0 79 56
60 79 0
0 81 50
60 81 0
0 79 55
120 79 0
0 78 52
90 78 0
30 78 58
480 78 0
960 86 69
480 86 0
120 86 61
120 86 0
0 83 66
120 83 0
0 79 61
120 79 0
0 76 68
480 76 0
120 76 61
120 76 0
0 79 66
120 79 0
0 76 61
120 76 0
0 84 69
480 84 0
120 84 61
120 84 0
0 81 66
120 81 0
0 78 61
120 78 0
0 74 68
480 74 0
120 74 61
120 74 0
0 78 66
120 78 0
0 74 61
120 74 0
0 83 68
480 83 0
120 83 61
120 83 0
0 79 66
120 79 0
0 76 61
120 76 0
0 72 68
480 72 0
120 72 61
120 72 0
0 76 66
120 76 0
0 72 61
120 72 0
0 81 68
480 81 0
120 81 61
120 81 0
0 78 66
120 78 0
0 72 61
120 72 0
0 71 68
480 71 0
120 79 61
120 79 0
0 74 66
120 74 0
0 71 61
120 71 0
0 69 66
900 69 0
0 71 64
60 71 0
0 72 69
420 72 0
0 75 65
60 75 0
0 76 72
420 76 0
0 80 65
60 80 0
0 81 71
720 81 0
0 83 66
60 83 0
0 81 66
60 81 0
0 80 66
60 80 0
0 81 66
60 81 0
0 84 74
240 84 0
0 81 68
240 81 0
0 84 75
240 84 0
0 81 69
240 81 0
0 83 78
240 83 0
0 79 73
240 79 0
0 86 79
960 86 0
0 84 70
120 84 0
0 83 68
120 83 0
0 81 67
120 81 0
0 79 65
120 79 0
0 81 49
60 81 0
0 83 38
60 83 0
0 81 49
60 81 0
0 83 40
60 83 0
0 81 50
60 81 0
0 83 40
60 83 0
0 81 50
60 81 0
0 83 40
60 83 0
0 81 52
60 81 0
0 83 40
60 83 0
0 81 52
60 81 0
0 83 41
60 83 0
0 81 53
60 81 0
0 83 41
60 83 0
0 81 53
60 81 0
0 83 42
60 83 0
0 81 54
60 81 0
0 83 43
60 83 0
0 81 54
60 81 0
0 83 45
60 83 0
0 81 54
60 81 0
0 83 44
60 83 0
0 81 54
60 81 0
0 83 44
60 83 0
0 81 53
60 81 0
0 83 45
60 83 0
0 81 53
60 81 0
0 83 42
60 83 0
0 81 53
80 81 0
0 79 59
80 79 0
0 81 58
80 81 0
0 79 69
480 79 0
0 79 67
120 79 0
0 74 59
120 74 0
0 79 62
120 79 0
0 83 65
120 83 0
0 86 68
120 86 0
0 83 63
120 83 0
0 79 68
120 79 0
0 83 63
120 83 0
0 84 69
120 84 0
0 81 63
120 81 0
0 78 69
120 78 0
0 81 63
120 81 0
0 79 69
480 79 0
0 67 67
120 67 0
0 62 59
120 62 0
0 67 62
120 67 0
0 71 65
120 71 0
0 74 68
120 74 0
0 71 63
120 71 0
0 67 68
120 67 0
0 71 63
120 71 0
0 72 69
120 72 0
0 69 63
120 69 0
0 66 69
120 66 0
0 69 63
120 69 0
0 67 74
120 67 0
360 74 65
0 83 77
120 83 0
0 74 0
360 71 62
0 79 74
480 79 0
0 71 0
480 67 69
480 67 0
0 79 67
120 79 0
0 74 59
120 74 0
0 79 62
120 79 0
0 82 65
120 82 0
0 86 68
120 86 0
0 82 63
120 82 0
0 79 68
120 79 0
0 82 63
120 82 0
0 84 69
120 84 0
0 81 63
120 81 0
0 78 69
120 78 0
0 81 63
120 81 0
0 79 69
480 79 0
0 67 67
120 67 0
0 62 59
120 62 0
0 67 62
120 67 0
0 70 65
120 70 0
0 74 68
120 74 0
0 70 63
120 70 0
0 67 68
120 67 0
0 70 63
120 70 0
0 72 69
120 72 0
0 69 63
120 69 0
0 66 69
120 66 0
0 69 63
120 69 0
0 67 74
480 67 0
600 79 68
120 82 72
12 79 0
108 81 70
12 82 0
108 79 68
12 81 0
108 77 67
12 79 0
108 76 65
12 77 0
108 74 64
12 76 0
108 73 70
12 74 0
468 73 0
600 85 75
120 88 79
12 85 0
108 86 77
12 88 0
108 85 74
12 86 0
108 82 72
12 85 0
108 81 70
12 82 0
108 79 72
12 81 0
108 77 85
12 79 0
468 77 0
0 74 73
120 74 0
0 69 64
120 69 0
0 74 68
120 74 0
0 77 71
120 77 0
0 81 74
120 81 0
0 77 69
120 77 0
0 74 74
120 74 0
0 77 69
120 77 0
0 79 75
120 79 0
0 76 69
120 76 0
0 73 75
120 73 0
0 76 69
120 76 0
0 74 75
480 74 0
0 62 67
120 62 0
0 57 59
120 57 0
0 62 62
120 62 0
0 65 65
120 65 0
0 69 68
120 69 0
0 65 63
120 65 0
0 62 68
120 62 0
0 65 63
120 65 0
0 67 69
120 67 0
0 64 63
120 64 0
0 61 69
120 61 0
0 64 63
120 64 0
120 62 54
120 64 56
12 62 0
108 65 58
12 64 0
108 67 60
12 65 0
108 69 61
12 67 0
108 71 63
12 69 0
108 73 65
12 71 0
108 74 66
12 73 0
468 74 0
600 71 58
120 72 60
12 71 0
108 74 61
12 72 0
108 76 63
12 74 0
108 78 64
12 76 0
108 80 66
12 78 0
108 81 67
12 80 0
108 83 69
12 81 0
468 83 0
600 81 70
120 88 77
12 81 0
108 86 70
12 88 0
108 84 71
12 86 0
108 83 72
12 84 0
108 81 73
12 83 0
108 79 74
12 81 0
108 77 78
12 79 0
468 77 0
600 79 64
120 86 69
12 79 0
108 84 63
12 86 0
108 83 64
12 84 0
108 81 66
12 83 0
108 79 67
12 81 0
108 77 69
12 79 0
108 76 71
12 77 0
468 76 0
600 77 60
120 84 66
12 77 0
108 83 70
12 84 0
108 81 69
12 83 0
108 79 68
12 81 0
108 77 66
12 79 0
108 76 65
12 77 0
108 74 69
12 76 0
468 74 0
600 76 59
120 83 67
12 76 0
108 81 67
12 83 0
108 80 66
12 81 0
108 77 65
12 80 0
108 76 64
12 77 0
108 74 63
12 76 0
108 72 66
12 74 0
468 72 0
600 70 58
120 74 64
12 70 0
108 72 59
12 74 0
108 70 64
12 72 0
108 69 63
12 70 0
108 67 61
12 69 0
108 65 60
12 67 0
108 65 0
0 64 59
120 65 57
12 64 0
108 67 56
12 65 0
108 69 55
12 67 0
108 70 53
12 69 0
108 72 52
12 70 0
108 74 50
12 72 0
108 76 49
12 74 0
108 76 0
0 77 59
960 77 0
0 81 58
480 81 0
0 84 56
480 84 0
0 76 60
720 76 0
0 77 55
120 77 0
0 79 51
120 79 0
0 77 60
480 77 0
480 86 64
960 86 0
0 84 62
480 84 0
0 89 64
480 89 0
0 84 64
480 84 0
0 82 55
80 82 0
0 84 55
80 84 0
0 82 55
80 82 0
0 81 59
120 81 0
0 82 55
120 82 0
0 81 60
480 81 0
480 74 60
240 74 0
0 76 53
120 77 54
12 76 0
108 79 55
12 77 0
108 81 57
12 79 0
108 82 58
12 81 0
108 84 59
12 82 0
108 86 62
12 84 0
108 84 61
12 86 0
108 82 60
12 84 0
108 81 59
12 82 0
108 79 58
12 81 0
108 77 57
12 79 0
108 76 55
12 77 0
108 74 53
12 76 0
108 72 60
12 74 0
228 72 0
0 74 53
120 76 54
12 74 0
108 77 55
12 76 0
108 79 57
12 77 0
108 81 58
12 79 0
108 82 59
12 81 0
108 84 62
12 82 0
108 82 61
12 84 0
108 81 60
12 82 0
108 79 59
12 81 0
108 77 58
12 79 0
108 76 57
12 77 0
108 74 55
12 76 0
108 72 53
12 74 0
108 70 60
12 72 0
228 70 0
0 72 53
120 74 54
12 72 0
108 76 55
12 74 0
108 77 57
12 76 0
108 79 58
12 77 0
108 81 59
12 79 0
108 82 62
12 81 0
108 81 61
12 82 0
108 79 60
12 81 0
108 77 59
12 79 0
108 76 58
12 77 0
108 74 57
12 76 0
108 72 55
12 74 0
108 70 53
12 72 0
108 69 60
12 70 0
228 69 0
0 70 53
120 72 54
12 70 0
108 74 55
12 72 0
108 76 57
12 74 0
108 77 58
12 76 0
108 79 59
12 77 0
108 81 62
12 79 0
108 79 61
12 81 0
108 77 60
12 79 0
108 76 59
12 77 0
108 74 58
12 76 0
108 72 57
12 74 0
108 70 55
12 72 0
108 69 53
12 70 0
108 81 61
12 69 0
468 81 0
960 72 56
0 81 56
480 81 0
0 72 0
0 72 56
0 79 56
480 79 0
0 72 0
960 72 56
0 79 56
480 79 0
0 72 0
0 72 56
0 77 56
480 77 0
0 72 0
960 71 56
0 77 56
480 77 0
0 71 0
0 72 56
0 76 56
480 76 0
0 72 0
960 72 56
0 76 56
480 76 0
0 72 0
0 74 60
120 74 0
0 62 53
120 64 53
12 62 0
108 65 54
12 64 0
108 67 55
12 65 0
108 69 57
12 67 0
108 71 58
12 69 0
108 73 59
12 71 0
108 74 62
12 73 0
108 74 0
0 69 58
120 71 61
12 69 0
108 73 64
12 71 0
108 74 66
12 73 0
108 76 67
12 74 0
108 77 68
12 76 0
108 79 69
12 77 0
108 81 70
12 79 0
108 83 69
12 81 0
108 84 71
12 83 0
108 83 69
12 84 0
108 81 67
12 83 0
108 79 65
12 81 0
108 77 63
12 79 0
108 76 66
12 77 0
108 76 0
0 77 65
120 79 66
12 77 0
108 81 67
12 79 0
108 79 67
12 81 0
108 77 68
12 79 0
108 76 71
12 77 0
108 74 73
12 76 0
108 72 76
12 74 0
108 71 78
12 72 0
108 71 0
120 79 71
120 79 0
120 76 71
120 76 0
120 72 71
120 72 0
120 74 78
120 74 0
120 79 71
120 79 0
120 76 71
120 76 0
120 72 71
120 72 0
120 74 81
120 74 0
360 74 71
0 79 71
0 71 71
120 71 0
0 79 0
0 74 0
360 67 83
480 67 0
2400 79 61
240 79 0
0 76 55
240 76 0
0 72 61
720 72 0
0 74 53
120 74 0
0 76 51
120 76 0
0 74 55
240 74 0
0 72 53
120 72 0
120 72 55
60 72 0
0 74 51
60 74 0
0 72 56
60 72 0
0 74 51
60 74 0
0 72 58
120 72 0
0 71 52
110 71 0
10 71 58
480 71 0
960 79 61
240 79 0
0 76 55
240 76 0
0 72 61
720 72 0
0 74 53
120 74 0
0 76 51
120 76 0
0 74 55
240 74 0
0 72 53
120 72 0
120 72 55
60 72 0
0 74 51
60 74 0
0 72 56
60 72 0
0 74 50
60 74 0
0 72 55
120 72 0
0 71 52
90 71 0
30 71 58
480 71 0
960 79 65
480 79 0
120 79 57
120 79 0
0 76 62
120 76 0
0 72 57
120 72 0
0 69 64
480 69 0
120 69 57
120 69 0
0 72 62
120 72 0
0 69 57
120 69 0
0 77 65
480 77 0
120 77 57
120 77 0
0 74 62
120 74 0
0 71 57
120 71 0
0 67 64
480 67 0
120 79 64
120 79 0
0 83 67
120 83 0
0 79 63
120 79 0
0 88 72
480 88 0
120 88 61
120 88 0
0 84 66
120 84 0
0 81 61
120 81 0
0 77 68
480 77 0
120 77 64
120 77 0
0 81 66
120 81 0
0 77 64
120 77 0
0 86 73
480 86 0
120 86 61
120 86 0
0 83 66
120 83 0
0 77 61
120 77 0
0 76 68
480 76 0
120 84 61
120 84 0
0 79 66
120 79 0
0 76 61
120 76 0
0 74 71
900 74 0
0 73 64
60 73 0
0 74 69
420 74 0
0 73 65
60 73 0
0 74 72
480 74 0
0 81 77
900 81 0
0 80 69
60 80 0
0 81 78
420 81 0
0 80 69
60 80 0
0 81 79
480 81 0
0 79 78
240 79 0
0 81 75
120 81 0
0 83 76
120 83 0
0 84 79
120 84 0
0 86 80
120 86 0
0 88 83
120 88 0
0 86 82
120 86 0
0 84 78
120 84 0
0 83 77
120 83 0
0 81 75
120 81 0
0 79 74
120 79 0
0 77 70
120 77 0
0 76 68
120 76 0
0 74 67
120 74 0
0 72 65
120 72 0
0 74 49
60 74 0
0 76 38
60 76 0
0 74 49
60 74 0
0 76 40
60 76 0
0 74 50
60 74 0
0 76 40
60 76 0
0 74 50
60 74 0
0 76 40
60 76 0
0 74 52
60 74 0
0 76 40
60 76 0
0 74 52
60 74 0
0 76 41
60 76 0
0 74 53
60 74 0
0 76 41
60 76 0
0 74 53
60 74 0
0 76 42
60 76 0
0 74 54
60 74 0
0 76 43
60 76 0
0 74 54
60 74 0
0 76 45
60 76 0
0 74 54
60 74 0
0 76 44
60 76 0
0 74 54
60 74 0
0 76 44
60 76 0
0 74 53
60 74 0
0 76 45
60 76 0
0 74 53
60 74 0
0 76 42
60 76 0
0 74 53
80 74 0
0 72 59
80 72 0
0 74 58
80 74 0
0 72 69
480 72 0
0 72 67
120 72 0
0 67 59
120 67 0
0 72 62
120 72 0
0 76 65
120 76 0
0 79 68
120 79 0
0 76 63
120 76 0
0 72 68
120 72 0
0 76 63
120 76 0
0 77 69
120 77 0
0 74 63
120 74 0
0 71 69
120 71 0
0 74 63
120 74 0
0 72 69
480 72 0
0 60 67
120 60 0
0 55 59
120 55 0
0 60 62
120 60 0
0 64 65
120 64 0
0 67 68
120 67 0
0 64 63
120 64 0
0 60 68
120 60 0
0 64 63
120 64 0
0 65 69
120 65 0
0 62 63
120 62 0
0 59 69
120 59 0
0 62 63
120 62 0
0 60 74
120 60 0
360 79 72
0 84 85
0 76 65
120 76 0
0 84 0
0 79 0
360 72 83
480 72 0
480 67 69
480 67 0
0 79 67
120 79 0
0 74 59
120 74 0
0 79 62
120 79 0
0 82 65
120 82 0
0 86 68
120 86 0
0 82 63
120 82 0
0 79 68
120 79 0
0 82 63
120 82 0
0 84 69
120 84 0
0 81 63
120 81 0
0 78 69
120 78 0
0 81 63
120 81 0
0 79 69
480 79 0
0 67 67
120 67 0
0 62 59
120 62 0
0 67 62
120 67 0
0 70 65
120 70 0
0 74 68
120 74 0
0 70 63
120 70 0
0 67 68
120 67 0
0 70 63
120 70 0
0 72 69
120 72 0
0 69 63
120 69 0
0 66 69
120 66 0
0 69 63
120 69 0
0 67 74
480 67 0
600 79 68
120 82 72
12 79 0
108 81 70
12 82 0
108 79 68
12 81 0
108 77 67
12 79 0
108 76 65
12 77 0
108 74 64
12 76 0
108 73 70
12 74 0
468 73 0
600 85 75
120 88 79
12 85 0
108 86 77
12 88 0
108 85 74
12 86 0
108 82 72
12 85 0
108 81 70
12 82 0
108 79 72
12 81 0
108 77 85
12 79 0
468 77 0
0 74 73
120 74 0
0 69 64
120 69 0
0 74 68
120 74 0
0 77 71
120 77 0
0 81 74
120 81 0
0 77 69
120 77 0
0 74 74
120 74 0
0 77 69
120 77 0
0 79 75
120 79 0
0 76 69
120 76 0
0 73 75
120 73 0
0 76 69
120 76 0
0 74 75
480 74 0
0 62 67
120 62 0
0 57 59
120 57 0
0 62 62
120 62 0
0 65 65
120 65 0
0 69 68
120 69 0
0 65 63
120 65 0
0 62 68
120 62 0
0 65 63
120 65 0
0 67 69
120 67 0
0 64 63
120 64 0
0 61 69
120 61 0
0 64 63
120 64 0
120 62 54
120 64 56
12 62 0
108 65 58
12 64 0
108 67 60
12 65 0
108 69 61
12 67 0
108 71 63
12 69 0
108 73 65
12 71 0
108 74 66
12 73 0
468 74 0
600 71 58
120 72 60
12 71 0
108 74 61
12 72 0
108 76 63
12 74 0
108 78 64
12 76 0
108 80 66
12 78 0
108 81 67
12 80 0
108 83 69
12 81 0
468 83 0
600 81 70
120 88 77
12 81 0
108 86 70
12 88 0
108 84 71
12 86 0
108 83 72
12 84 0
108 81 73
12 83 0
108 79 74
12 81 0
108 77 78
12 79 0
468 77 0
600 79 64
120 86 69
12 79 0
108 84 63
12 86 0
108 83 64
12 84 0
108 81 66
12 83 0
108 79 67
12 81 0
108 77 69
12 79 0
108 76 71
12 77 0
468 76 0
600 77 60
120 84 66
12 77 0
108 83 70
12 84 0
108 81 69
12 83 0
108 79 68
12 81 0
108 77 66
12 79 0
108 76 65
12 77 0
108 74 69
12 76 0
468 74 0
600 76 59
120 83 67
12 76 0
108 81 67
12 83 0
108 80 66
12 81 0
108 77 65
12 80 0
108 76 64
12 77 0
108 74 63
12 76 0
108 72 66
12 74 0
468 72 0
600 70 58
120 74 64
12 70 0
108 72 59
12 74 0
108 70 64
12 72 0
108 69 63
12 70 0
108 67 61
12 69 0
108 65 60
12 67 0
108 65 0
0 64 59
120 65 57
12 64 0
108 67 56
12 65 0
108 69 55
12 67 0
108 70 53
12 69 0
108 72 52
12 70 0
108 74 50
12 72 0
108 76 49
12 74 0
108 76 0
0 77 59
960 77 0
0 81 58
480 81 0
0 84 56
480 84 0
0 76 60
720 76 0
0 77 55
120 77 0
0 79 51
120 79 0
0 77 60
480 77 0
480 86 64
960 86 0
0 84 62
480 84 0
0 89 64
480 89 0
0 84 64
480 84 0
0 82 55
80 82 0
0 84 55
80 84 0
0 82 55
80 82 0
0 81 59
120 81 0
0 82 55
120 82 0
0 81 60
480 81 0
480 74 60
240 74 0
0 76 53
120 77 54
12 76 0
108 79 55
12 77 0
108 81 57
12 79 0
108 82 58
12 81 0
108 84 59
12 82 0
108 86 62
12 84 0
108 84 61
12 86 0
108 82 60
12 84 0
108 81 59
12 82 0
108 79 58
12 81 0
108 77 57
12 79 0
108 76 55
12 77 0
108 74 53
12 76 0
108 72 60
12 74 0
228 72 0
0 74 53
120 76 54
12 74 0
108 77 55
12 76 0
108 79 57
12 77 0
108 81 58
12 79 0
108 82 59
12 81 0
108 84 62
12 82 0
108 82 61
12 84 0
108 81 60
12 82 0
108 79 59
12 81 0
108 77 58
12 79 0
108 76 57
12 77 0
108 74 55
12 76 0
108 72 53
12 74 0
108 70 60
12 72 0
228 70 0
0 72 53
120 74 54
12 72 0
108 76 55
12 74 0
108 77 57
12 76 0
108 79 58
12 77 0
108 81 59
12 79 0
108 82 62
12 81 0
108 81 61
12 82 0
108 79 60
12 81 0
108 77 59
12 79 0
108 76 58
12 77 0
108 74 57
12 76 0
108 72 55
12 74 0
108 70 53
12 72 0
108 69 60
12 70 0
228 69 0
0 70 53
120 72 54
12 70 0
108 74 55
12 72 0
108 76 57
12 74 0
108 77 58
12 76 0
108 79 59
12 77 0
108 81 62
12 79 0
108 79 61
12 81 0
108 77 60
12 79 0
108 76 59
12 77 0
108 74 58
12 76 0
108 72 57
12 74 0
108 70 55
12 72 0
108 69 53
12 70 0
108 81 61
12 69 0
468 81 0
960 72 56
0 81 56
480 81 0
0 72 0
0 72 56
0 79 56
480 79 0
0 72 0
960 72 56
0 79 56
480 79 0
0 72 0
0 72 56
0 77 56
480 77 0
0 72 0
960 71 56
0 77 56
480 77 0
0 71 0
0 72 56
0 76 56
480 76 0
0 72 0
960 72 56
0 76 56
480 76 0
0 72 0
0 74 60
120 74 0
0 62 53
120 64 53
12 62 0
108 65 54
12 64 0
108 67 55
12 65 0
108 69 57
12 67 0
108 71 58
12 69 0
108 73 59
12 71 0
108 74 62
12 73 0
108 74 0
0 69 58
120 71 61
12 69 0
108 73 64
12 71 0
108 74 66
12 73 0
108 76 67
12 74 0
108 77 68
12 76 0
108 79 69
12 77 0
108 81 70
12 79 0
108 83 69
12 81 0
108 84 71
12 83 0
108 83 69
12 84 0
108 81 67
12 83 0
108 79 65
12 81 0
108 77 63
12 79 0
108 76 66
12 77 0
108 76 0
0 77 65
120 79 66
12 77 0
108 81 67
12 79 0
108 79 67
12 81 0
108 77 68
12 79 0
108 76 71
12 77 0
108 74 73
12 76 0
108 72 76
12 74 0
108 71 78
12 72 0
108 71 0
120 79 71
120 79 0
120 76 71
120 76 0
120 72 71
120 72 0
120 74 78
120 74 0
120 79 71
120 79 0
120 76 71
120 76 0
120 72 71
120 72 0
120 74 81
120 74 0
360 74 71
0 79 71
0 71 71
120 71 0
0 79 0
0 74 0
360 67 83
480 67 0
2400 79 61
240 79 0
0 76 55
240 76 0
0 72 61
720 72 0
0 74 53
120 74 0
0 76 51
120 76 0
0 74 55
240 74 0
0 72 53
120 72 0
120 72 55
60 72 0
0 74 51
60 74 0
0 72 56
60 72 0
0 74 51
60 74 0
0 72 58
120 72 0
0 71 52
110 71 0
10 71 58
480 71 0
960 79 61
240 79 0
0 76 55
240 76 0
0 72 61
720 72 0
0 74 53
120 74 0
0 76 51
120 76 0
0 74 55
240 74 0
0 72 53
120 72 0
120 72 55
60 72 0
0 74 51
60 74 0
0 72 56
60 72 0
0 74 50
60 74 0
0 72 55
120 72 0
0 71 52
90 71 0
30 71 58
480 71 0
960 79 65
480 79 0
120 79 57
120 79 0
0 76 62
120 76 0
0 72 57
120 72 0
0 69 64
480 69 0
120 69 57
120 69 0
0 72 62
120 72 0
0 69 57
120 69 0
0 77 65
480 77 0
120 77 57
120 77 0
0 74 62
120 74 0
0 71 57
120 71 0
0 67 64
480 67 0
120 79 64
120 79 0
0 83 67
120 83 0
0 79 63
120 79 0
0 88 72
480 88 0
120 88 61
120 88 0
0 84 66
120 84 0
0 81 61
120 81 0
0 77 68
480 77 0
120 77 64
120 77 0
0 81 66
120 81 0
0 77 64
120 77 0
0 86 73
480 86 0
120 86 61
120 86 0
0 83 66
120 83 0
0 77 61
120 77 0
0 76 68
480 76 0
120 84 61
120 84 0
0 79 66
120 79 0
0 76 61
120 76 0
0 74 71
900 74 0
0 73 64
60 73 0
0 74 69
420 74 0
0 73 65
60 73 0
0 74 72
480 74 0
0 81 77
900 81 0
0 80 69
60 80 0
0 81 78
420 81 0
0 80 69
60 80 0
0 81 79
480 81 0
0 79 78
240 79 0
0 81 75
120 81 0
0 83 76
120 83 0
0 84 79
120 84 0
0 86 80
120 86 0
0 88 83
120 88 0
0 86 82
120 86 0
0 84 78
120 84 0
0 83 77
120 83 0
0 81 75
120 81 0
0 79 74
120 79 0
0 77 70
120 77 0
0 76 68
120 76 0
0 74 67
120 74 0
0 72 65
120 72 0
0 74 49
60 74 0
0 76 38
60 76 0
0 74 49
60 74 0
0 76 40
60 76 0
0 74 50
60 74 0
0 76 40
60 76 0
0 74 50
60 74 0
0 76 40
60 76 0
0 74 52
60 74 0
0 76 40
60 76 0
0 74 52
60 74 0
0 76 41
60 76 0
0 74 53
60 74 0
0 76 41
60 76 0
0 74 53
60 74 0
0 76 42
60 76 0
0 74 54
60 74 0
0 76 43
60 76 0
0 74 54
60 74 0
0 76 45
60 76 0
0 74 54
60 74 0
0 76 44
60 76 0
0 74 54
60 74 0
0 76 44
60 76 0
0 74 53
60 74 0
0 76 45
60 76 0
0 74 53
60 74 0
0 76 42
60 76 0
0 74 53
80 74 0
0 72 59
80 72 0
0 74 58
80 74 0
0 72 69
480 72 0
0 72 67
120 72 0
0 67 59
120 67 0
0 72 62
120 72 0
0 76 65
120 76 0
0 79 68
120 79 0
0 76 63
120 76 0
0 72 68
120 72 0
0 76 63
120 76 0
0 77 69
120 77 0
0 74 63
120 74 0
0 71 69
120 71 0
0 74 63
120 74 0
0 72 69
480 72 0
0 60 67
120 60 0
0 55 59
120 55 0
0 60 62
120 60 0
0 64 65
120 64 0
0 67 68
120 67 0
0 64 63
120 64 0
0 60 68
120 60 0
0 64 63
120 64 0
0 65 69
120 65 0
0 62 63
120 62 0
0 59 69
120 59 0
0 62 63
120 62 0
0 60 74
120 60 0
360 79 75
0 84 88
0 76 65
120 76 0
0 84 0
0 79 0
360 72 85
480 72 0
0 60 40
240 60 0
0 67 30
240 67 0
0 64 30
240 64 0
0 67 30
240 67 0
0 60 40
240 60 0
0 67 30
240 67 0
0 64 30
240 64 0
0 67 30
240 67 0
0 62 30
240 62 0
0 67 29
240 67 0
0 65 31
240 65 0
0 67 28
240 67 0
0 60 40
240 60 0
0 67 29
240 67 0
0 64 32
240 64 0
0 67 29
240 67 0
0 60 40
240 60 0
0 69 32
240 69 0
0 65 32
240 65 0
0 69 32
240 69 0
0 60 40
240 60 0
0 67 32
240 67 0
0 64 32
240 64 0
0 67 32
240 67 0
0 59 40
240 59 0
0 67 32
240 67 0
0 62 32
240 62 0
0 67 32
240 67 0
0 60 40
240 60 0
0 67 34
240 67 0
0 64 34
240 64 0
0 67 34
240 67 0
0 65 40
480 65 0
960 53 40
0 60 40
480 60 0
0 53 0
0 52 40
0 60 40
480 60 0
0 52 0
960 52 40
0 60 40
480 60 0
0 52 0
0 50 40
0 60 40
480 60 0
0 50 0
960 50 40
0 59 40
480 59 0
0 50 0
0 48 40
0 60 40
480 60 0
0 48 0
960 52 40
0 48 40
480 48 0
0 52 0
0 53 40
0 57 40
1920 57 0
0 53 0
0 53 60
720 53 0
0 55 55
240 55 0
0 57 60
720 57 0
0 54 54
240 54 0
0 43 65
120 43 0
0 47 56
120 47 0
0 50 56
120 50 0
0 55 50
120 55 0
0 43 65
120 43 0
0 48 55
120 48 0
0 52 55
120 52 0
0 55 50
120 55 0
0 43 65
120 43 0
0 47 55
120 47 0
0 50 55
120 50 0
0 55 54
120 55 0
0 43 65
120 43 0
0 48 57
120 48 0
0 52 56
120 52 0
0 55 53
120 55 0
0 43 65
120 43 0
360 55 59
120 55 0
360 43 61
480 43 0
480 61 42
120 62 36
12 61 0
108 62 0
0 61 42
120 62 36
12 61 0
108 62 0
0 61 42
120 62 38
12 61 0
108 62 0
0 61 42
120 62 37
12 61 0
108 62 0
0 60 42
120 62 36
12 60 0
108 62 0
0 60 42
120 62 37
12 60 0
108 62 0
0 60 42
120 62 37
12 60 0
108 62 0
0 60 42
120 62 38
12 60 0
108 62 0
0 59 42
120 59 0
0 62 36
120 62 0
0 59 42
120 59 0
0 62 36
120 62 0
0 59 42
120 59 0
0 62 32
120 62 0
0 59 38
120 59 0
0 62 33
120 62 0
0 59 39
120 59 0
0 62 32
120 62 0
0 59 39
120 59 0
0 62 34
120 62 0
0 59 42
120 59 0
0 62 37
120 62 0
0 59 42
120 59 0
0 62 38
120 62 0
0 60 46
120 60 0
0 62 38
120 62 0
0 59 42
120 59 0
0 62 36
120 62 0
0 57 39
120 62 27
12 57 0
108 62 0
0 59 47
120 62 35
12 59 0
108 62 0
0 60 50
120 62 36
12 60 0
108 62 0
0 59 44
120 62 30
12 59 0
108 62 0
0 60 52
120 62 31
12 60 0
108 62 0
0 57 40
120 62 28
12 57 0
108 62 0
0 59 42
120 59 0
0 62 36
120 62 0
0 59 42
120 59 0
0 62 36
120 62 0
0 59 42
120 59 0
0 62 32
120 62 0
0 59 38
120 59 0
0 62 33
120 62 0
0 59 39
120 59 0
0 62 32
120 62 0
0 59 39
120 59 0
0 62 34
120 62 0
0 59 42
120 59 0
0 62 37
120 62 0
0 59 42
120 59 0
0 62 38
120 62 0
0 60 42
120 60 0
0 62 36
120 62 0
0 59 42
120 59 0
0 62 36
120 62 0
0 57 39
120 62 29
12 57 0
108 62 0
0 59 42
120 62 32
12 59 0
108 62 0
0 60 48
120 62 36
12 60 0
108 62 0
0 59 43
120 62 30
12 59 0
108 62 0
0 60 48
120 62 36
12 60 0
108 62 0
0 57 43
120 62 30
12 57 0
108 62 0
120 59 39
120 59 0
0 62 42
120 62 0
0 67 39
120 67 0
0 71 48
480 71 0
120 60 42
120 60 0
0 64 44
120 64 0
0 67 41
120 67 0
0 72 52
480 72 0
120 57 39
120 57 0
0 60 42
120 60 0
0 66 39
120 66 0
0 69 48
480 69 0
120 59 42
120 59 0
0 62 44
120 62 0
0 66 41
120 66 0
0 71 52
480 71 0
120 55 39
120 55 0
0 59 42
120 59 0
0 64 39
120 64 0
0 67 48
480 67 0
120 57 42
120 57 0
0 60 44
120 60 0
0 64 41
120 64 0
0 69 52
480 69 0
120 54 39
120 54 0
0 57 42
120 57 0
0 62 39
120 62 0
0 66 48
480 66 0
120 55 42
120 55 0
0 59 44
120 59 0
0 62 41
120 62 0
0 67 52
480 67 0
0 60 44
0 64 44
120 64 0
0 60 0
120 60 39
0 64 39
120 64 0
0 60 0
120 60 39
0 64 39
120 64 0
0 60 0
120 60 39
0 64 39
120 64 0
0 60 0
120 60 44
0 64 44
120 64 0
0 60 0
120 60 40
0 64 40
120 64 0
0 60 0
120 60 40
0 64 40
120 64 0
0 60 0
120 60 41
0 64 41
120 64 0
0 60 0
120 60 50
0 64 50
120 64 0
0 60 0
120 60 44
0 64 44
120 64 0
0 60 0
120 60 44
0 64 44
120 64 0
0 60 0
120 60 44
0 64 44
120 64 0
0 60 0
120 60 49
0 64 49
120 64 0
0 60 0
120 60 46
0 64 46
120 64 0
0 60 0
120 60 46
0 64 46
120 64 0
0 60 0
120 60 46
0 64 46
120 64 0
0 60 0
120 62 50
120 62 0
0 71 42
120 71 0
0 67 42
120 67 0
0 71 42
120 71 0
0 62 49
120 62 0
0 71 42
120 71 0
0 67 42
120 67 0
0 71 42
120 71 0
0 62 48
120 62 0
0 71 42
120 71 0
0 67 42
120 67 0
0 71 42
120 71 0
0 62 49
120 62 0
0 71 42
120 71 0
0 67 42
120 67 0
0 71 42
120 71 0
0 62 50
120 62 0
0 72 42
120 72 0
0 66 42
120 66 0
0 72 42
120 72 0
0 62 49
120 62 0
0 72 42
120 72 0
0 66 42
120 66 0
0 72 42
120 72 0
0 62 48
120 62 0
0 72 42
120 72 0
0 66 42
120 66 0
0 72 42
120 72 0
0 62 49
120 62 0
0 72 42
120 72 0
0 66 42
120 66 0
0 72 42
120 72 0
0 67 49
0 71 58
480 71 0
0 67 0
960 62 40
0 69 40
0 72 48
480 72 0
0 69 0
0 62 0
0 67 49
0 71 58
480 71 0
0 67 0
960 50 40
0 57 40
0 60 48
480 60 0
0 57 0
0 50 0
0 55 44
0 59 52
120 59 0
0 55 0
360 43 44
0 55 52
120 55 0
0 43 0
360 43 44
0 55 52
480 55 0
0 43 0
480 60 40
240 60 0
0 67 30
240 67 0
0 64 30
240 64 0
0 67 30
240 67 0
0 60 40
240 60 0
0 67 30
240 67 0
0 64 30
240 64 0
0 67 30
240 67 0
0 62 30
240 62 0
0 67 29
240 67 0
0 65 31
240 65 0
0 67 28
240 67 0
0 60 40
240 60 0
0 67 29
240 67 0
0 64 32
240 64 0
0 67 29
240 67 0
0 60 40
240 60 0
0 69 32
240 69 0
0 65 32
240 65 0
0 69 32
240 69 0
0 60 40
240 60 0
0 67 32
240 67 0
0 64 32
240 64 0
0 67 32
240 67 0
0 59 40
240 59 0
0 67 32
240 67 0
0 62 32
240 62 0
0 67 32
240 67 0
0 60 40
240 60 0
0 67 34
240 67 0
0 64 34
240 64 0
0 67 34
240 67 0
0 65 40
480 65 0
960 53 40
0 60 40
480 60 0
0 53 0
0 52 40
0 60 40
480 60 0
0 52 0
960 52 40
0 60 40
480 60 0
0 52 0
0 50 40
0 60 40
480 60 0
0 50 0
960 50 40
0 59 40
480 59 0
0 50 0
0 48 40
0 60 40
480 60 0
0 48 0
960 52 40
0 48 40
480 48 0
0 52 0
0 53 40
0 57 40
1920 57 0
0 53 0
0 53 60
720 53 0
0 55 55
240 55 0
0 57 60
720 57 0
0 54 54
240 54 0
0 43 65
120 43 0
0 47 56
120 47 0
0 50 56
120 50 0
0 55 50
120 55 0
0 43 65
120 43 0
0 48 55
120 48 0
0 52 55
120 52 0
0 55 50
120 55 0
0 43 65
120 43 0
0 47 55
120 47 0
0 50 55
120 50 0
0 55 54
120 55 0
0 43 65
120 43 0
0 48 57
120 48 0
0 52 56
120 52 0
0 55 53
120 55 0
0 43 65
120 43 0
360 55 59
120 55 0
360 43 61
480 43 0
480 61 42
120 62 36
12 61 0
108 62 0
0 61 42
120 62 36
12 61 0
108 62 0
0 61 42
120 62 38
12 61 0
108 62 0
0 61 42
120 62 37
12 61 0
108 62 0
0 60 42
120 62 36
12 60 0
108 62 0
0 60 42
120 62 37
12 60 0
108 62 0
0 60 42
120 62 37
12 60 0
108 62 0
0 60 42
120 62 38
12 60 0
108 62 0
0 59 42
120 59 0
0 62 36
120 62 0
0 59 42
120 59 0
0 62 36
120 62 0
0 59 42
120 59 0
0 62 32
120 62 0
0 59 38
120 59 0
0 62 33
120 62 0
0 59 39
120 59 0
0 62 32
120 62 0
0 59 39
120 59 0
0 62 34
120 62 0
0 59 42
120 59 0
0 62 37
120 62 0
0 59 42
120 59 0
0 62 38
120 62 0
0 60 46
120 60 0
0 62 38
120 62 0
0 59 42
120 59 0
0 62 36
120 62 0
0 57 39
120 62 27
12 57 0
108 62 0
0 59 47
120 62 35
12 59 0
108 62 0
0 60 50
120 62 36
12 60 0
108 62 0
0 59 44
120 62 30
12 59 0
108 62 0
0 60 52
120 62 31
12 60 0
108 62 0
0 57 40
120 62 28
12 57 0
108 62 0
0 59 42
120 59 0
0 62 36
120 62 0
0 59 42
120 59 0
0 62 36
120 62 0
0 59 42
120 59 0
0 62 32
120 62 0
0 59 38
120 59 0
0 62 33
120 62 0
0 59 39
120 59 0
0 62 32
120 62 0
0 59 39
120 59 0
0 62 34
120 62 0
0 59 42
120 59 0
0 62 37
120 62 0
0 59 42
120 59 0
0 62 38
120 62 0
0 60 42
120 60 0
0 62 36
120 62 0
0 59 42
120 59 0
0 62 36
120 62 0
0 57 39
120 62 29
12 57 0
108 62 0
0 59 42
120 62 32
12 59 0
108 62 0
0 60 48
120 62 36
12 60 0
108 62 0
0 59 43
120 62 30
12 59 0
108 62 0
0 60 48
120 62 36
12 60 0
108 62 0
0 57 43
120 62 30
12 57 0
108 62 0
120 59 39
120 59 0
0 62 42
120 62 0
0 67 39
120 67 0
0 71 48
480 71 0
120 60 42
120 60 0
0 64 44
120 64 0
0 67 41
120 67 0
0 72 52
480 72 0
120 57 39
120 57 0
0 60 42
120 60 0
0 66 39
120 66 0
0 69 48
480 69 0
120 59 42
120 59 0
0 62 44
120 62 0
0 66 41
120 66 0
0 71 52
480 71 0
120 55 39
120 55 0
0 59 42
120 59 0
0 64 39
120 64 0
0 67 48
480 67 0
120 57 42
120 57 0
0 60 44
120 60 0
0 64 41
120 64 0
0 69 52
480 69 0
120 54 39
120 54 0
0 57 42
120 57 0
0 62 39
120 62 0
0 66 48
480 66 0
120 55 42
120 55 0
0 59 44
120 59 0
0 62 41
120 62 0
0 67 52
480 67 0
0 64 44
0 60 44
120 60 0
0 64 0
120 64 39
0 60 39
120 60 0
0 64 0
120 64 39
0 60 39
120 60 0
0 64 0
120 60 39
0 64 39
120 64 0
0 60 0
120 60 44
0 64 44
120 64 0
0 60 0
120 60 40
0 64 40
120 64 0
0 60 0
120 64 40
0 60 40
120 60 0
0 64 0
120 60 41
0 64 41
120 64 0
0 60 0
120 64 50
0 60 50
120 60 0
0 64 0
120 64 44
0 60 44
120 60 0
0 64 0
120 64 44
0 60 44
120 60 0
0 64 0
120 60 44
0 64 44
120 64 0
0 60 0
120 60 49
0 64 49
120 64 0
0 60 0
120 64 46
0 60 46
120 60 0
0 64 0
120 60 46
0 64 46
120 64 0
0 60 0
120 60 46
0 64 46
120 64 0
0 60 0
120 62 50
120 62 0
0 71 42
120 71 0
0 67 42
120 67 0
0 71 42
120 71 0
0 62 49
120 62 0
0 71 42
120 71 0
0 67 42
120 67 0
0 71 42
120 71 0
0 62 48
120 62 0
0 71 42
120 71 0
0 67 42
120 67 0
0 71 42
120 71 0
0 62 49
120 62 0
0 71 42
120 71 0
0 67 42
120 67 0
0 71 42
120 71 0
0 62 50
120 62 0
0 72 42
120 72 0
0 66 42
120 66 0
0 72 42
120 72 0
0 62 49
120 62 0
0 72 42
120 72 0
0 66 42
120 66 0
0 72 42
120 72 0
0 62 48
120 62 0
0 72 42
120 72 0
0 66 42
120 66 0
0 72 42
120 72 0
0 62 49
120 62 0
0 72 42
120 72 0
0 66 42
120 66 0
0 72 42
120 72 0
0 71 58
0 67 49
480 67 0
0 71 0
960 69 40
0 72 48
0 62 40
480 62 0
0 72 0
0 69 0
0 67 49
0 71 58
480 71 0
0 67 0
960 57 40
0 60 48
0 50 40
480 50 0
0 60 0
0 57 0
0 55 44
0 59 52
120 59 0
0 55 0
360 43 44
0 55 52
120 55 0
0 43 0
360 43 44
0 55 52
480 55 0
0 43 0
480 55 58
0 43 49
480 43 0
0 55 0
960 69 40
0 72 48
0 62 40
480 62 0
0 72 0
0 69 0
0 67 49
0 70 58
480 70 0
0 67 0
960 57 40
0 60 48
0 50 40
480 50 0
0 60 0
0 57 0
120 43 49
120 45 51
12 43 0
108 46 52
12 45 0
108 48 54
12 46 0
108 50 56
12 48 0
108 52 58
12 50 0
108 54 60
12 52 0
108 55 61
12 54 0
468 55 0
600 45 53
120 47 55
12 45 0
108 49 57
12 47 0
108 50 60
12 49 0
108 52 62
12 50 0
108 54 64
12 52 0
108 56 66
12 54 0
108 57 68
12 56 0
468 57 0
480 50 71
0 38 71
480 38 0
0 50 0
960 64 44
0 67 52
0 57 44
480 57 0
0 67 0
0 64 0
0 62 53
0 65 63
475 62 0
5 65 0
960 52 40
0 55 48
0 45 40
480 45 0
0 55 0
0 52 0
0 50 62
0 53 62
480 53 0
0 50 0
600 62 53
120 65 63
12 62 0
108 64 61
12 65 0
108 62 59
12 64 0
108 60 56
12 62 0
108 59 54
12 60 0
108 57 52
12 59 0
108 56 57
12 57 0
468 56 0
600 56 52
120 59 61
12 56 0
108 57 59
12 59 0
108 56 57
12 57 0
108 53 55
12 56 0
108 52 53
12 53 0
108 50 50
12 52 0
108 48 57
12 50 0
468 48 0
600 62 58
120 69 66
12 62 0
108 67 64
12 69 0
108 65 62
12 67 0
108 64 61
12 65 0
108 62 59
12 64 0
108 60 58
12 62 0
108 59 68
12 60 0
468 59 0
600 60 50
120 67 58
12 60 0
108 65 56
12 67 0
108 64 55
12 65 0
108 62 53
12 64 0
108 60 51
12 62 0
108 59 49
12 60 0
108 57 57
12 59 0
468 57 0
600 59 50
120 65 56
12 59 0
108 64 54
12 65 0
108 62 53
12 64 0
108 60 51
12 62 0
108 59 49
12 60 0
108 57 48
12 59 0
108 56 54
12 57 0
468 56 0
600 57 44
120 60 52
12 57 0
108 59 50
12 60 0
108 57 48
12 59 0
108 55 46
12 57 0
108 53 45
12 55 0
108 52 43
12 53 0
108 50 51
12 52 0
948 50 0
0 48 46
0 55 46
0 58 57
960 58 0
0 55 0
0 48 0
0 65 40
240 65 0
0 72 30
240 72 0
0 69 30
240 69 0
0 72 30
240 72 0
0 65 40
240 65 0
0 72 30
240 72 0
0 69 30
240 69 0
0 72 30
240 72 0
0 67 30
240 67 0
0 72 29
240 72 0
0 70 31
240 70 0
0 72 28
240 72 0
0 65 40
240 65 0
0 72 29
240 72 0
0 69 32
240 69 0
0 72 29
240 72 0
0 65 40
240 65 0
0 74 32
240 74 0
0 70 32
240 70 0
0 74 32
240 74 0
0 65 40
240 65 0
0 72 32
240 72 0
0 69 32
240 69 0
0 72 32
240 72 0
0 64 40
240 64 0
0 72 32
240 72 0
0 67 32
240 67 0
0 72 32
240 72 0
0 65 40
240 65 0
0 72 34
240 72 0
0 69 34
240 69 0
0 72 34
240 72 0
0 70 40
480 70 0
960 58 40
0 65 40
480 65 0
0 58 0
0 57 40
0 65 40
480 65 0
0 57 0
960 57 40
0 65 40
480 65 0
0 57 0
0 55 40
0 65 40
480 65 0
0 55 0
960 55 40
0 64 40
480 64 0
0 55 0
0 53 40
0 65 40
480 65 0
0 53 0
1440 53 48
240 53 0
0 55 42
120 57 42
12 55 0
108 58 43
12 57 0
108 60 45
12 58 0
108 62 46
12 60 0
108 64 47
12 62 0
108 65 49
12 64 0
108 64 48
12 65 0
108 62 48
12 64 0
108 60 47
12 62 0
108 58 46
12 60 0
108 57 45
12 58 0
108 55 43
12 57 0
108 53 42
12 55 0
108 52 48
12 53 0
228 52 0
0 53 42
120 55 42
12 53 0
108 57 43
12 55 0
108 59 45
12 57 0
108 60 46
12 59 0
108 62 47
12 60 0
108 64 49
12 62 0
108 62 48
12 64 0
108 60 48
12 62 0
108 59 47
12 60 0
108 57 46
12 59 0
108 55 45
12 57 0
108 53 43
12 55 0
108 52 42
12 53 0
108 50 48
12 52 0
228 50 0
0 52 42
120 53 42
12 52 0
108 55 43
12 53 0
108 57 45
12 55 0
108 59 46
12 57 0
108 60 47
12 59 0
108 62 49
12 60 0
108 60 48
12 62 0
108 59 48
12 60 0
108 57 47
12 59 0
108 55 46
12 57 0
108 53 45
12 55 0
108 52 43
12 53 0
108 50 42
12 52 0
108 48 48
12 50 0
228 48 0
0 50 42
120 52 42
12 50 0
108 53 43
12 52 0
108 55 45
12 53 0
108 57 46
12 55 0
108 59 47
12 57 0
108 60 49
12 59 0
108 59 48
12 60 0
108 57 48
12 59 0
108 55 47
12 57 0
108 53 46
12 55 0
108 52 45
12 53 0
108 50 43
12 52 0
108 48 42
12 50 0
108 53 38
0 57 38
12 48 0
1908 57 0
0 53 0
0 53 60
720 53 0
0 55 55
240 55 0
0 57 60
720 57 0
0 54 54
240 54 0
0 43 65
120 43 0
0 47 56
120 47 0
0 50 56
120 50 0
0 55 50
120 55 0
0 43 65
120 43 0
0 48 55
120 48 0
0 52 55
120 52 0
0 55 50
120 55 0
0 43 65
120 43 0
0 47 55
120 47 0
0 50 55
120 50 0
0 55 54
120 55 0
0 43 65
120 43 0
0 48 57
120 48 0
0 52 56
120 52 0
0 55 53
120 55 0
0 43 65
120 43 0
360 55 59
120 55 0
360 43 61
480 43 0
480 66 42
120 67 36
12 66 0
108 67 0
0 66 42
120 67 36
12 66 0
108 67 0
0 66 42
120 67 38
12 66 0
108 67 0
0 66 42
120 67 37
12 66 0
108 67 0
0 65 42
120 67 36
12 65 0
108 67 0
0 65 42
120 67 37
12 65 0
108 67 0
0 65 42
120 67 37
12 65 0
108 67 0
0 65 42
120 67 38
12 65 0
108 67 0
0 64 42
120 64 0
0 67 36
120 67 0
0 64 42
120 64 0
0 67 36
120 67 0
0 64 42
120 64 0
0 67 32
120 67 0
0 64 38
120 64 0
0 67 33
120 67 0
0 64 39
120 64 0
0 67 32
120 67 0
0 64 39
120 64 0
0 67 34
120 67 0
0 64 42
120 64 0
0 67 37
120 67 0
0 64 42
120 64 0
0 67 38
120 67 0
0 65 46
120 65 0
0 67 38
120 67 0
0 64 42
120 64 0
0 67 36
120 67 0
0 62 39
120 67 27
12 62 0
108 67 0
0 64 47
120 67 35
12 64 0
108 67 0
0 65 50
120 67 36
12 65 0
108 67 0
0 64 44
120 67 30
12 64 0
108 67 0
0 65 52
120 67 31
12 65 0
108 67 0
0 62 40
120 67 28
12 62 0
108 67 0
0 64 42
120 64 0
0 67 36
120 67 0
0 64 42
120 64 0
0 67 36
120 67 0
0 64 42
120 64 0
0 67 32
120 67 0
0 64 38
120 64 0
0 67 33
120 67 0
0 64 39
120 64 0
0 67 32
120 67 0
0 64 39
120 64 0
0 67 34
120 67 0
0 64 42
120 64 0
0 67 37
120 67 0
0 64 42
120 64 0
0 67 38
120 67 0
0 65 42
120 65 0
0 67 36
120 67 0
0 64 42
120 64 0
0 67 36
120 67 0
0 62 39
120 67 29
12 62 0
108 67 0
0 64 42
120 67 32
12 64 0
108 67 0
0 65 48
120 67 36
12 65 0
108 67 0
0 64 43
120 67 30
12 64 0
108 67 0
0 65 48
120 67 36
12 65 0
108 67 0
0 62 43
120 67 30
12 62 0
108 67 0
120 52 37
120 52 0
0 55 39
120 55 0
0 60 37
120 60 0
0 64 45
480 64 0
120 53 39
120 53 0
0 57 41
120 57 0
0 60 38
120 60 0
0 65 49
480 65 0
120 50 37
120 50 0
0 53 39
120 53 0
0 59 37
120 59 0
0 62 45
480 62 0
120 52 39
120 52 0
0 55 41
120 55 0
0 59 38
120 59 0
0 64 49
480 64 0
120 60 39
120 60 0
0 64 42
120 64 0
0 69 39
120 69 0
0 72 48
480 72 0
120 62 42
120 62 0
0 65 44
120 65 0
0 69 41
120 69 0
0 74 52
480 74 0
120 59 39
120 59 0
0 62 42
120 62 0
0 67 39
120 67 0
0 71 48
480 71 0
120 60 42
120 60 0
0 64 44
120 64 0
0 67 41
120 67 0
0 72 52
480 72 0
240 69 39
0 65 39
120 65 0
0 69 0
120 69 39
0 65 39
120 65 0
0 69 0
120 65 39
0 69 39
120 69 0
0 65 0
120 69 44
0 65 44
120 65 0
0 69 0
120 65 40
0 69 40
120 69 0
0 65 0
120 65 40
0 69 40
120 69 0
0 65 0
120 65 41
0 69 41
120 69 0
0 65 0
360 54 40
0 63 40
0 60 40
120 60 0
0 63 0
0 54 0
120 54 41
0 63 41
0 60 41
120 60 0
0 63 0
0 54 0
120 54 41
0 60 41
0 63 41
120 63 0
0 60 0
0 54 0
120 54 47
0 60 47
0 63 47
120 63 0
0 60 0
0 54 0
120 54 43
0 60 43
0 63 43
120 63 0
0 60 0
0 54 0
120 54 43
0 60 43
0 63 43
120 63 0
0 60 0
0 54 0
120 54 44
0 63 44
0 60 44
120 60 0
0 63 0
0 54 0
120 55 54
120 55 0
0 64 42
120 64 0
0 60 42
120 60 0
0 64 42
120 64 0
0 55 56
120 55 0
0 64 44
120 64 0
0 60 42
120 60 0
0 64 42
120 64 0
0 55 48
120 55 0
0 64 42
120 64 0
0 60 42
120 60 0
0 64 42
120 64 0
0 55 49
120 55 0
0 64 42
120 64 0
0 60 42
120 60 0
0 64 42
120 64 0
0 55 50
120 55 0
0 65 42
120 65 0
0 59 42
120 59 0
0 65 42
120 65 0
0 55 49
120 55 0
0 65 42
120 65 0
0 59 42
120 59 0
0 65 42
120 65 0
0 55 48
120 55 0
0 65 42
120 65 0
0 59 42
120 59 0
0 65 42
120 65 0
0 55 49
120 55 0
0 65 42
120 65 0
0 59 42
120 59 0
0 65 42
120 65 0
0 64 58
0 60 49
480 60 0
0 64 0
960 55 40
0 65 48
0 62 40
480 62 0
0 65 0
0 55 0
0 64 58
0 60 49
480 60 0
0 64 0
960 43 40
0 50 40
0 53 48
480 53 0
0 50 0
0 43 0
0 52 52
0 48 44
120 48 0
0 52 0
360 60 59
120 60 0
360 48 55
0 36 44
480 36 0
0 48 0
480 55 58
0 43 49
480 43 0
0 55 0
960 69 40
0 72 48
0 62 40
480 62 0
0 72 0
0 69 0
0 67 49
0 70 58
480 70 0
0 67 0
960 57 40
0 60 48
0 50 40
480 50 0
0 60 0
0 57 0
120 43 49
120 45 51
12 43 0
108 46 52
12 45 0
108 48 54
12 46 0
108 50 56
12 48 0
108 52 58
12 50 0
108 54 60
12 52 0
108 55 61
12 54 0
468 55 0
600 45 53
120 47 55
12 45 0
108 49 57
12 47 0
108 50 60
12 49 0
108 52 62
12 50 0
108 54 64
12 52 0
108 56 66
12 54 0
108 57 68
12 56 0
468 57 0
480 50 71
0 38 71
480 38 0
0 50 0
960 64 44
0 67 52
0 57 44
480 57 0
0 67 0
0 64 0
0 62 53
0 65 63
477 62 0
3 65 0
960 52 40
0 55 48
0 45 40
480 45 0
0 55 0
0 52 0
0 50 62
0 53 62
480 53 0
0 50 0
600 62 53
120 65 63
12 62 0
108 64 61
12 65 0
108 62 59
12 64 0
108 60 56
12 62 0
108 59 54
12 60 0
108 57 52
12 59 0
108 56 57
12 57 0
468 56 0
600 56 52
120 59 61
12 56 0
108 57 59
12 59 0
108 56 57
12 57 0
108 53 55
12 56 0
108 52 53
12 53 0
108 50 50
12 52 0
108 48 57
12 50 0
468 48 0
600 62 58
120 69 66
12 62 0
108 67 64
12 69 0
108 65 62
12 67 0
108 64 61
12 65 0
108 62 59
12 64 0
108 60 58
12 62 0
108 59 68
12 60 0
468 59 0
600 60 50
120 67 58
12 60 0
108 65 56
12 67 0
108 64 55
12 65 0
108 62 53
12 64 0
108 60 51
12 62 0
108 59 49
12 60 0
108 57 57
12 59 0
468 57 0
600 59 50
120 65 56
12 59 0
108 64 54
12 65 0
108 62 53
12 64 0
108 60 51
12 62 0
108 59 49
12 60 0
108 57 48
12 59 0
108 56 54
12 57 0
468 56 0
600 57 44
120 60 52
12 57 0
108 59 50
12 60 0
108 57 48
12 59 0
108 55 46
12 57 0
108 53 45
12 55 0
108 52 43
12 53 0
108 50 51
12 52 0
948 50 0
0 48 46
0 55 46
0 58 57
960 58 0
0 55 0
0 48 0
0 65 40
240 65 0
0 72 30
240 72 0
0 69 30
240 69 0
0 72 30
240 72 0
0 65 40
240 65 0
0 72 30
240 72 0
0 69 30
240 69 0
0 72 30
240 72 0
0 67 30
240 67 0
0 72 29
240 72 0
0 70 31
240 70 0
0 72 28
240 72 0
0 65 40
240 65 0
0 72 29
240 72 0
0 69 32
240 69 0
0 72 29
240 72 0
0 65 40
240 65 0
0 74 32
240 74 0
0 70 32
240 70 0
0 74 32
240 74 0
0 65 40
240 65 0
0 72 32
240 72 0
0 69 32
240 69 0
0 72 32
240 72 0
0 64 40
240 64 0
0 72 32
240 72 0
0 67 32
240 67 0
0 72 32
240 72 0
0 65 40
240 65 0
0 72 34
240 72 0
0 69 34
240 69 0
0 72 34
240 72 0
0 70 40
480 70 0
960 58 40
0 65 40
480 65 0
0 58 0
0 57 40
0 65 40
480 65 0
0 57 0
960 57 40
0 65 40
480 65 0
0 57 0
0 55 40
0 65 40
480 65 0
0 55 0
960 55 40
0 64 40
480 64 0
0 55 0
0 53 40
0 65 40
480 65 0
0 53 0
1440 53 48
240 53 0
0 55 42
120 57 42
12 55 0
108 58 43
12 57 0
108 60 45
12 58 0
108 62 46
12 60 0
108 64 47
12 62 0
108 65 49
12 64 0
108 64 48
12 65 0
108 62 48
12 64 0
108 60 47
12 62 0
108 58 46
12 60 0
108 57 45
12 58 0
108 55 43
12 57 0
108 53 42
12 55 0
108 52 48
12 53 0
228 52 0
0 53 42
120 55 42
12 53 0
108 57 43
12 55 0
108 59 45
12 57 0
108 60 46
12 59 0
108 62 47
12 60 0
108 64 49
12 62 0
108 62 48
12 64 0
108 60 48
12 62 0
108 59 47
12 60 0
108 57 46
12 59 0
108 55 45
12 57 0
108 53 43
12 55 0
108 52 42
12 53 0
108 50 48
12 52 0
228 50 0
0 52 42
120 53 42
12 52 0
108 55 43
12 53 0
108 57 45
12 55 0
108 59 46
12 57 0
108 60 47
12 59 0
108 62 49
12 60 0
108 60 48
12 62 0
108 59 48
12 60 0
108 57 47
12 59 0
108 55 46
12 57 0
108 53 45
12 55 0
108 52 43
12 53 0
108 50 42
12 52 0
108 48 48
12 50 0
228 48 0
0 50 42
120 52 42
12 50 0
108 53 43
12 52 0
108 55 45
12 53 0
108 57 46
12 55 0
108 59 47
12 57 0
108 60 49
12 59 0
108 59 48
12 60 0
108 57 48
12 59 0
108 55 47
12 57 0
108 53 46
12 55 0
108 52 45
12 53 0
108 50 43
12 52 0
108 48 42
12 50 0
108 53 38
0 57 38
12 48 0
1908 57 0
0 53 0
0 53 60
720 53 0
0 55 55
240 55 0
0 57 60
720 57 0
0 54 54
240 54 0
0 43 65
120 43 0
0 47 56
120 47 0
0 50 56
120 50 0
0 55 50
120 55 0
0 43 65
120 43 0
0 48 55
120 48 0
0 52 55
120 52 0
0 55 50
120 55 0
0 43 65
120 43 0
0 47 55
120 47 0
0 50 55
120 50 0
0 55 54
120 55 0
0 43 65
120 43 0
0 48 57
120 48 0
0 52 56
120 52 0
0 55 53
120 55 0
0 43 65
120 43 0
360 55 59
120 55 0
360 43 61
480 43 0
480 66 42
120 67 36
12 66 0
108 67 0
0 66 42
120 67 36
12 66 0
108 67 0
0 66 42
120 67 38
12 66 0
108 67 0
0 66 42
120 67 37
12 66 0
108 67 0
0 65 42
120 67 36
12 65 0
108 67 0
0 65 42
120 67 37
12 65 0
108 67 0
0 65 42
120 67 37
12 65 0
108 67 0
0 65 42
120 67 38
12 65 0
108 67 0
0 64 42
120 64 0
0 67 36
120 67 0
0 64 42
120 64 0
0 67 36
120 67 0
0 64 42
120 64 0
0 67 32
120 67 0
0 64 38
120 64 0
0 67 33
120 67 0
0 64 39
120 64 0
0 67 32
120 67 0
0 64 39
120 64 0
0 67 34
120 67 0
0 64 42
120 64 0
0 67 37
120 67 0
0 64 42
120 64 0
0 67 38
120 67 0
0 65 46
120 65 0
0 67 38
120 67 0
0 64 42
120 64 0
0 67 36
120 67 0
0 62 39
120 67 27
12 62 0
108 67 0
0 64 47
120 67 35
12 64 0
108 67 0
0 65 50
120 67 36
12 65 0
108 67 0
0 64 44
120 67 30
12 64 0
108 67 0
0 65 52
120 67 31
12 65 0
108 67 0
0 62 40
120 67 28
12 62 0
108 67 0
0 64 42
120 64 0
0 67 36
120 67 0
0 64 42
120 64 0
0 67 36
120 67 0
0 64 42
120 64 0
0 67 32
120 67 0
0 64 38
120 64 0
0 67 33
120 67 0
0 64 39
120 64 0
0 67 32
120 67 0
0 64 39
120 64 0
0 67 34
120 67 0
0 64 42
120 64 0
0 67 37
120 67 0
0 64 42
120 64 0
0 67 38
120 67 0
0 65 42
120 65 0
0 67 36
120 67 0
0 64 42
120 64 0
0 67 36
120 67 0
0 62 39
120 67 29
12 62 0
108 67 0
0 64 42
120 67 32
12 64 0
108 67 0
0 65 48
120 67 36
12 65 0
108 67 0
0 64 43
120 67 30
12 64 0
108 67 0
0 65 48
120 67 36
12 65 0
108 67 0
0 62 43
120 67 30
12 62 0
108 67 0
120 52 37
120 52 0
0 55 39
120 55 0
0 60 37
120 60 0
0 64 45
480 64 0
120 53 39
120 53 0
0 57 41
120 57 0
0 60 38
120 60 0
0 65 49
480 65 0
120 50 37
120 50 0
0 53 39
120 53 0
0 59 37
120 59 0
0 62 45
480 62 0
120 52 39
120 52 0
0 55 41
120 55 0
0 59 38
120 59 0
0 64 49
480 64 0
120 60 39
120 60 0
0 64 42
120 64 0
0 69 39
120 69 0
0 72 48
480 72 0
120 62 42
120 62 0
0 65 44
120 65 0
0 69 41
120 69 0
0 74 52
480 74 0
120 59 39
120 59 0
0 62 42
120 62 0
0 67 39
120 67 0
0 71 48
480 71 0
120 60 42
120 60 0
0 64 44
120 64 0
0 67 41
120 67 0
0 72 52
480 72 0
240 69 39
0 65 39
120 65 0
0 69 0
120 69 39
0 65 39
120 65 0
0 69 0
120 65 39
0 69 39
120 69 0
0 65 0
120 69 44
0 65 44
120 65 0
0 69 0
120 65 40
0 69 40
120 69 0
0 65 0
120 65 40
0 69 40
120 69 0
0 65 0
120 65 41
0 69 41
120 69 0
0 65 0
360 54 40
0 63 40
0 60 40
120 60 0
0 63 0
0 54 0
120 54 41
0 63 41
0 60 41
120 60 0
0 63 0
0 54 0
120 54 41
0 60 41
0 63 41
120 63 0
0 60 0
0 54 0
120 54 47
0 60 47
0 63 47
120 63 0
0 60 0
0 54 0
120 54 43
0 60 43
0 63 43
120 63 0
0 60 0
0 54 0
120 54 43
0 60 43
0 63 43
120 63 0
0 60 0
0 54 0
120 54 44
0 63 44
0 60 44
120 60 0
0 63 0
0 54 0
120 55 54
120 55 0
0 64 42
120 64 0
0 60 42
120 60 0
0 64 42
120 64 0
0 55 56
120 55 0
0 64 44
120 64 0
0 60 42
120 60 0
0 64 42
120 64 0
0 55 48
120 55 0
0 64 42
120 64 0
0 60 42
120 60 0
0 64 42
120 64 0
0 55 49
120 55 0
0 64 42
120 64 0
0 60 42
120 60 0
0 64 42
120 64 0
0 55 50
120 55 0
0 65 42
120 65 0
0 59 42
120 59 0
0 65 42
120 65 0
0 55 49
120 55 0
0 65 42
120 65 0
0 59 42
120 59 0
0 65 42
120 65 0
0 55 48
120 55 0
0 65 42
120 65 0
0 59 42
120 59 0
0 65 42
120 65 0
0 55 49
120 55 0
0 65 42
120 65 0
0 59 42
120 59 0
0 65 42
120 65 0
0 64 58
0 60 49
480 60 0
0 64 0
960 55 40
0 65 48
0 62 40
480 62 0
0 65 0
0 55 0
0 64 58
0 60 49
480 60 0
0 64 0
960 43 40
0 50 40
0 53 48
480 53 0
0 50 0
0 43 0
0 52 52
0 48 44
120 48 0
0 52 0
360 60 59
120 60 0
360 48 58
0 36 44
480 36 0
0 48 0
