3360 65 33
1195 65 0
5 54 19
0 61 28
240 61 0
0 54 0
0 56 20
0 63 33
355 63 0
0 56 0
5 63 31
0 59 24
120 59 0
0 63 0
0 65 33
0 58 26
1194 58 0
0 65 0
6 61 28
0 54 19
240 54 0
0 61 0
0 56 20
0 63 33
354 63 0
1 56 0
5 59 20
0 63 31
120 63 0
0 59 0
0 65 33
0 58 26
1920 58 0
0 65 0
0 73 42
356 73 0
4 75 39
120 75 0
0 73 37
477 73 0
3 76 45
240 76 0
0 75 42
240 72 39
2 75 0
353 72 0
5 75 39
118 75 0
2 75 39
0 64 25
480 75 0
0 73 28
480 64 0
960 73 0
0 65 42
1195 65 0
5 61 34
0 54 21
240 54 0
0 61 0
0 63 42
0 56 26
354 63 0
1 56 0
5 63 38
0 59 30
120 59 0
0 63 0
0 65 42
0 58 32
1920 58 0
0 65 0
0 73 38
0 76 43
355 76 0
0 73 0
5 78 39
0 75 34
120 75 0
0 78 0
0 76 38
0 73 33
475 73 0
1 76 0
4 76 42
0 80 46
240 80 0
0 76 0
0 79 43
0 75 38
240 75 0
0 79 0
0 70 37
0 73 42
354 70 0
2 73 0
4 78 43
0 75 38
117 78 0
1 75 0
2 78 39
0 75 34
480 75 0
0 78 0
0 73 26
0 76 28
1440 76 0
0 73 0
0 71 45
0 75 45
0 80 51
0 68 45
1200 68 0
0 71 0
0 75 0
0 80 0
0 64 44
0 76 50
0 68 44
0 71 44
240 71 0
0 64 0
0 76 0
0 68 0
0 72 48
0 77 54
0 65 48
0 68 48
354 68 0
1 65 0
0 72 0
1 77 0
4 78 51
0 70 51
0 74 51
0 82 58
120 82 0
0 78 0
0 70 0
0 74 0
0 71 50
0 68 50
0 80 55
0 75 50
1200 75 0
0 71 0
0 68 0
0 80 0
0 71 44
0 64 44
0 68 44
0 76 50
240 76 0
0 71 0
0 64 0
0 68 0
0 77 54
0 65 48
0 72 48
0 68 48
156 68 0
1 77 0
0 65 0
0 72 0
3 74 52
0 78 52
0 82 58
0 70 52
160 70 0
0 74 0
0 78 0
0 82 0
0 77 50
0 73 50
0 81 55
0 69 50
160 69 0
0 77 0
0 73 0
0 81 0
0 71 50
0 68 50
0 80 55
0 75 50
1200 75 0
0 71 0
0 68 0
0 80 0
0 70 48
0 66 48
0 78 52
0 74 48
480 74 0
0 70 0
0 66 0
0 78 0
0 68 38
0 65 38
0 77 43
0 72 38
240 72 0
0 68 0
0 65 0
0 77 0
0 51 27
0 56 27
960 56 0
0 51 0
0 46 20
0 51 20
480 51 0
0 46 0
0 51 24
0 56 24
960 56 0
0 51 0
0 46 20
0 51 20
480 51 0
0 46 0
0 73 45
0 80 45
0 76 45
0 85 51
1200 85 0
0 73 0
0 80 0
0 76 0
0 81 50
0 69 44
0 72 44
0 76 44
240 76 0
0 81 0
0 69 0
0 72 0
0 77 48
0 82 54
0 73 48
354 82 0
0 77 0
1 73 0
5 83 51
0 87 58
0 76 51
0 79 51
120 79 0
0 83 0
0 87 0
0 76 0
0 76 50
0 80 50
0 85 55
0 73 50
1200 73 0
0 76 0
0 80 0
0 85 0
0 76 44
0 69 44
0 81 50
0 72 44
240 72 0
0 76 0
0 69 0
0 81 0
0 77 48
0 73 48
0 82 54
157 82 0
0 73 0
0 77 0
3 87 58
0 79 52
0 83 52
0 76 52
160 76 0
0 87 0
0 79 0
0 83 0
0 78 50
0 82 50
0 86 55
0 74 50
160 74 0
0 78 0
0 82 0
0 86 0
0 76 50
0 80 50
0 85 55
0 73 50
1200 73 0
0 76 0
0 80 0
0 85 0
0 75 48
0 79 48
0 83 52
0 71 48
480 71 0
0 75 0
0 79 0
0 83 0
0 77 38
0 82 43
0 73 38
240 73 0
0 82 0
0 77 0
240 95 31
0 90 31
0 86 31
0 100 33
240 100 0
0 95 0
0 90 0
0 86 0
0 80 30
0 90 30
0 95 33
0 86 30
240 86 0
0 80 0
0 90 0
0 95 0
0 88 30
0 78 30
0 92 35
0 83 30
240 83 0
0 88 0
0 78 0
0 92 0
0 86 31
0 76 31
0 90 34
0 80 31
240 80 0
0 86 0
0 76 0
0 90 0
0 88 27
0 83 24
0 75 24
0 78 24
240 78 0
0 88 0
0 83 0
0 75 0
0 75 22
0 78 22
0 83 26
0 68 22
240 68 0
0 75 0
0 78 0
0 83 0
0 76 22
0 71 22
0 66 22
0 80 26
240 80 0
0 76 0
0 71 0
0 66 0
0 68 26
0 74 26
0 78 28
240 78 0
0 74 0
0 68 0
0 66 20
0 76 21
0 71 20
240 71 0
0 76 0
0 66 0
0 66 20
0 71 21
240 71 0
0 66 0
0 68 21
0 64 18
240 64 0
0 68 0
0 66 26
0 62 24
240 62 0
0 66 0
0 65 21
0 61 20
240 61 0
0 65 0
0 64 21
0 60 20
240 60 0
0 64 0
0 63 21
0 59 20
240 66 28
0 62 26
8 59 0
0 63 0
232 66 0
0 62 0
0 61 21
0 65 22
240 65 0
0 61 0
0 64 21
0 60 20
240 60 0
0 64 0
0 63 21
0 59 20
240 66 26
0 62 24
8 59 0
0 63 0
232 66 0
0 62 0
0 61 20
0 65 21
239 64 19
1 65 0
0 61 0
0 60 18
239 64 0
1 60 0
0 63 18
0 59 16
248 59 0
0 63 0
232 92 33
0 100 35
0 95 32
0 86 32
240 86 0
0 92 0
0 100 0
0 95 0
0 88 28
0 83 28
0 97 30
0 91 28
240 91 0
0 88 0
0 83 0
0 97 0
0 89 28
0 80 28
0 94 30
0 86 28
240 86 0
0 89 0
0 80 0
0 94 0
0 83 31
0 88 31
0 91 34
0 77 31
240 77 0
0 83 0
0 88 0
0 91 0
0 88 27
0 74 24
0 83 24
0 77 24
240 77 0
0 88 0
0 74 0
0 83 0
0 84 26
0 76 22
0 79 22
240 79 0
0 76 0
0 84 0
0 77 22
0 74 22
0 81 26
240 81 0
0 74 0
0 77 0
0 71 26
0 76 26
0 79 28
240 79 0
0 76 0
0 71 0
0 65 20
0 76 21
240 76 0
0 65 0
0 67 20
0 73 21
0 64 20
240 64 0
0 73 0
0 67 0
0 62 20
0 65 21
240 65 0
0 62 0
0 64 26
0 59 24
240 59 0
0 69 25
0 58 24
240 58 0
0 69 0
0 64 0
0 58 20
0 68 21
0 64 20
240 64 0
0 68 0
0 58 0
0 56 20
0 62 20
0 67 21
240 67 0
0 62 0
0 56 0
0 55 19
0 66 20
0 61 19
240 61 0
0 66 0
0 55 0
0 65 19
0 54 18
0 60 18
240 60 0
0 54 0
0 65 0
0 59 24
0 64 26
240 59 0
0 58 20
0 69 20
240 69 0
0 58 0
0 58 20
0 64 20
0 68 21
19 64 0
221 58 0
0 64 0
0 68 0
0 62 20
0 56 20
0 67 21
240 67 0
0 56 0
0 62 0
0 66 20
0 61 19
0 55 19
240 55 0
0 61 0
0 66 0
0 65 19
0 54 18
0 60 18
240 60 0
0 54 0
0 65 0
0 59 18
0 53 18
0 64 34
480 64 0
0 62 31
1440 62 0
0 53 0
0 59 0
0 59 18
0 53 18
0 64 34
480 64 0
0 62 31
1440 62 0
0 53 0
0 59 0
0 77 43
480 77 0
0 76 36
1200 76 0
0 77 39
240 77 0
0 73 39
473 73 0
7 77 39
480 77 0
0 77 43
480 77 0
0 76 33
955 76 0
5 76 40
240 76 0
0 77 44
240 77 0
0 79 46
480 79 0
0 77 46
238 77 0
2 76 43
240 76 0
0 76 44
480 76 0
0 74 33
480 74 0
2160 65 45
0 77 45
480 77 0
0 65 0
0 79 46
0 67 46
240 67 0
0 79 0
0 81 52
0 74 52
0 69 52
480 69 0
0 81 0
0 79 49
0 67 49
720 67 0
0 79 0
0 81 51
0 69 51
240 69 0
0 81 0
0 74 0
0 72 56
0 84 56
480 84 0
0 72 0
0 70 56
0 82 56
240 82 0
0 70 0
0 81 54
0 69 54
120 65 31
0 61 31
0 55 31
119 69 0
0 81 0
1 69 48
0 81 48
480 81 0
0 69 0
0 67 44
0 79 44
1440 79 0
0 55 0
0 61 0
0 65 0
0 67 0
0 55 24
0 64 24
0 69 48
0 61 24
480 69 0
0 67 42
720 67 0
0 69 42
240 69 0
0 64 0
0 72 46
0 64 24
240 72 0
0 70 37
240 61 0
0 64 0
0 55 0
240 70 0
0 78 45
0 75 45
0 87 51
0 82 45
960 82 0
0 78 0
0 75 0
0 87 0
0 71 44
0 83 50
0 78 44
0 75 44
240 75 0
0 71 0
0 83 0
0 78 0
0 78 48
0 84 54
0 75 48
0 72 48
355 72 0
0 75 0
1 84 0
0 78 0
4 77 51
0 85 51
0 82 51
0 89 58
120 89 0
0 77 0
0 85 0
0 82 0
0 78 50
0 75 50
0 87 55
0 82 50
1200 82 0
0 78 0
0 75 0
0 87 0
0 83 50
0 75 44
0 71 44
0 78 44
240 78 0
0 83 0
0 75 0
0 71 0
0 75 40
0 84 54
0 78 48
0 72 40
158 72 0
0 75 0
0 84 0
0 78 0
2 80 44
0 77 44
0 84 52
0 89 58
160 89 0
0 80 0
0 77 0
0 84 0
0 79 42
0 83 50
0 76 42
0 88 55
160 88 0
0 79 0
0 83 0
0 76 0
0 87 50
0 78 42
0 82 50
0 75 42
720 75 0
0 87 0
0 78 0
0 82 0
0 75 38
0 82 45
0 78 45
240 78 0
0 82 0
0 75 0
0 72 35
0 75 42
0 80 42
0 68 35
480 68 0
0 72 0
0 75 0
0 80 0
0 73 44
0 78 44
0 66 37
240 66 0
0 78 0
0 73 0
0 68 38
0 80 45
0 75 45
240 75 0
0 80 0
0 68 0
0 78 42
0 73 42
0 82 50
0 85 50
240 85 0
0 82 0
0 78 0
0 78 44
0 75 37
0 82 44
240 82 0
0 73 0
0 78 0
0 75 0
0 65 33
0 72 39
0 68 33
0 77 39
480 77 0
0 65 0
0 72 0
0 68 0
0 66 43
0 75 43
0 63 36
240 63 0
0 75 0
0 66 0
0 72 44
0 68 37
0 65 37
0 77 44
240 77 0
0 72 0
0 68 0
0 65 0
0 68 42
0 75 50
0 72 42
0 80 50
720 80 0
0 68 0
0 75 0
0 72 0
0 66 38
0 78 45
0 75 45
240 75 0
0 78 0
0 66 0
0 66 42
0 75 42
0 63 35
480 63 0
0 75 0
0 66 0
0 63 34
0 70 40
0 66 40
480 66 0
0 70 0
0 63 0
0 70 38
0 64 32
0 73 38
240 102 36
0 94 30
0 88 30
0 97 30
240 97 0
0 94 0
0 102 0
0 88 0
0 92 30
0 88 30
0 82 30
0 97 35
240 97 0
0 88 0
0 92 0
0 82 0
0 90 26
0 85 26
0 80 26
0 94 30
240 94 0
0 85 0
0 70 0
0 64 0
0 73 0
0 80 0
0 90 0
0 82 28
0 88 28
0 78 28
0 92 34
240 92 0
0 82 0
0 88 0
0 78 0
0 85 26
0 90 28
0 76 26
0 82 26
240 82 0
0 85 0
0 90 0
0 76 0
0 82 26
0 73 26
0 87 28
0 78 26
240 78 0
0 82 0
0 73 0
0 87 0
0 85 28
0 70 26
0 80 26
0 76 26
240 76 0
0 85 0
0 70 0
0 80 0
0 73 26
0 78 26
0 82 28
0 68 26
240 68 0
0 73 0
0 78 0
0 82 0
0 76 20
0 70 20
0 80 23
0 66 20
240 66 0
0 76 0
0 70 0
0 80 0
0 78 23
0 64 20
0 70 20
0 73 20
240 73 0
0 78 0
0 64 0
0 70 0
0 61 20
0 66 20
0 75 23
240 75 0
0 66 0
0 61 0
0 61 21
0 73 23
240 64 43
0 52 43
240 73 0
0 61 0
720 61 21
0 73 21
120 64 0
0 52 0
0 54 36
0 66 36
120 66 0
0 54 0
0 52 39
0 64 39
240 61 0
0 73 0
240 52 0
0 64 0
0 56 43
0 68 43
240 68 0
0 56 0
0 55 37
0 67 37
240 67 0
0 55 0
0 73 21
0 61 33
0 49 33
356 49 0
0 61 0
4 66 37
0 54 37
115 73 0
5 54 0
0 66 0
0 66 37
0 54 37
240 73 19
0 61 19
240 54 0
0 66 0
0 64 31
0 52 31
240 73 0
0 61 0
480 82 29
0 85 33
0 90 36
0 76 29
240 76 0
0 64 0
0 82 0
0 52 0
0 90 0
0 85 0
0 82 30
0 87 33
0 73 27
0 78 27
240 78 0
0 82 0
0 87 0
0 73 0
0 70 27
0 76 27
0 80 30
0 85 33
240 85 0
0 70 0
0 76 0
0 80 0
0 68 25
0 82 30
0 73 25
0 78 28
240 78 0
0 68 0
0 82 0
0 73 0
0 66 19
0 76 22
0 80 26
0 70 19
240 70 0
0 66 0
0 76 0
0 80 0
0 64 18
0 70 18
0 78 24
0 73 21
240 73 0
0 64 0
0 70 0
0 78 0
0 61 18
0 66 20
0 75 23
120 64 40
120 75 0
0 61 0
0 66 0
0 61 21
0 73 23
0 70 21
238 70 0
0 73 0
0 61 0
236 64 0
6 58 30
1440 58 0
0 64 32
960 64 0
0 63 33
480 63 0
0 58 21
1433 58 0
7 62 30
480 62 0
0 58 21
1437 58 0
3 61 27
480 61 0
0 58 21
1436 58 0
4 61 25
480 61 0
0 58 19
1440 58 0
0 61 21
480 61 0
0 58 16
1440 58 0
3360 39 22
0 53 30
0 46 22
1196 46 0
0 53 0
0 39 0
3 42 19
1 35 19
0 49 24
239 42 0
1 49 0
0 35 0
0 44 20
0 51 27
0 37 20
355 37 0
0 51 0
0 44 0
5 58 26
0 44 20
0 51 20
118 58 0
2 51 0
0 44 0
0 39 20
0 46 20
0 53 27
1195 53 0
0 46 0
1 39 0
4 49 24
0 35 19
0 42 19
240 42 0
0 35 0
0 49 0
0 37 20
0 44 20
0 51 27
355 51 0
1 37 0
4 44 0
0 44 20
0 51 20
0 58 26
118 58 0
2 51 0
0 44 0
0 39 20
0 46 20
0 53 27
1920 53 0
0 46 0
0 39 0
0 61 37
356 61 0
4 63 33
120 63 0
0 61 32
475 61 0
5 64 40
240 63 37
2 64 0
238 63 0
0 60 34
355 60 0
5 63 34
118 63 0
2 63 33
480 63 0
0 61 25
1440 61 0
0 46 26
0 53 33
0 39 26
1195 53 0
1 39 0
0 46 0
4 49 28
0 35 21
0 42 21
240 42 0
0 35 0
0 49 0
0 44 26
0 51 33
0 37 26
354 44 0
2 37 0
0 51 0
4 44 24
0 51 24
0 58 31
118 58 0
2 51 0
0 44 0
0 39 26
0 46 26
0 53 33
1920 53 0
0 46 0
0 39 0
0 61 33
0 64 38
355 61 0
1 64 0
4 63 31
0 66 34
120 66 0
0 63 0
0 61 30
0 64 33
474 61 0
1 64 0
5 64 37
0 68 42
240 68 0
0 64 0
0 67 38
0 63 33
240 63 0
0 67 0
0 58 32
0 61 37
356 61 0
0 58 0
4 63 33
0 66 38
116 66 0
0 63 0
4 63 31
0 66 34
480 66 0
0 63 0
0 64 25
0 61 21
1440 61 0
0 64 0
0 53 38
0 63 38
0 59 38
480 34 36
0 46 36
720 59 0
0 53 0
0 63 0
0 56 37
0 49 37
0 59 37
240 59 0
0 56 0
0 49 0
0 50 39
0 56 39
0 58 39
0 60 39
354 60 0
0 50 0
0 58 0
2 56 0
4 56 43
0 58 43
0 62 43
0 66 43
120 66 0
0 58 0
0 56 0
0 62 0
0 53 38
0 59 38
0 63 38
480 46 0
0 34 0
0 34 36
0 46 36
720 59 0
0 63 0
0 53 0
0 49 37
0 56 37
0 59 37
240 59 0
0 49 0
0 56 0
0 50 39
0 58 39
0 56 39
0 60 39
156 56 0
1 58 0
0 50 0
0 60 0
3 62 43
0 56 43
0 58 43
0 66 43
160 66 0
0 62 0
0 61 40
0 65 40
160 65 0
0 56 0
0 58 0
0 61 0
0 53 38
0 59 38
0 63 38
480 34 0
0 46 0
0 34 36
0 46 36
720 59 0
0 63 0
0 53 0
0 53 31
0 62 36
0 58 31
480 58 0
0 53 0
0 62 0
0 50 24
0 56 24
0 60 28
0 58 24
240 58 0
0 34 0
0 50 0
0 46 0
0 60 0
0 56 0
0 39 24
0 46 24
960 46 0
0 39 0
0 34 20
0 41 20
480 41 0
0 34 0
0 39 22
0 46 22
960 46 0
0 39 0
0 34 19
0 41 19
360 39 36
0 46 36
120 41 0
0 34 0
0 58 38
0 68 38
0 64 38
480 39 0
0 46 0
0 39 36
0 27 36
720 68 0
0 64 0
0 58 0
0 64 37
0 54 31
0 60 31
240 60 0
0 64 0
0 54 0
0 61 33
0 65 39
0 55 33
354 61 0
1 65 0
0 55 0
5 71 43
0 61 36
0 67 36
120 67 0
0 71 0
0 61 0
0 61 32
0 64 32
0 68 38
480 39 0
0 27 0
0 39 36
0 27 36
720 64 0
0 68 0
0 61 0
0 64 37
0 54 31
0 60 31
240 60 0
0 64 0
0 54 0
0 61 33
0 55 33
0 65 39
156 55 0
1 61 0
0 65 0
3 67 36
0 71 43
0 61 36
160 61 0
0 67 0
0 71 0
0 66 34
0 60 34
0 70 40
160 70 0
0 66 0
0 60 0
0 58 32
0 64 32
0 68 38
480 39 0
0 27 0
0 39 36
0 27 36
720 64 0
0 68 0
0 58 0
0 58 31
0 67 36
0 63 31
480 63 0
0 58 0
0 67 0
0 55 24
0 61 24
0 65 28
240 65 0
0 55 0
0 27 0
0 39 0
0 61 0
0 44 28
0 32 28
240 44 20
0 59 20
0 50 20
240 50 0
0 44 0
0 59 0
0 52 20
0 62 20
0 47 20
240 47 0
0 52 0
0 62 0
0 50 19
0 64 19
0 56 19
240 56 0
0 50 0
0 64 0
0 56 20
0 62 20
0 52 20
240 52 0
0 56 0
0 62 0
0 66 19
0 62 19
0 56 19
240 56 0
0 66 0
0 62 0
0 59 18
0 64 18
240 64 0
0 59 0
0 66 18
0 62 18
240 62 0
0 66 0
0 64 20
0 59 20
240 59 0
0 64 0
0 56 18
0 62 18
240 62 0
0 56 0
0 56 18
0 62 18
0 53 18
240 53 0
0 56 0
0 62 0
0 47 13
0 54 15
0 59 18
211 44 0
29 54 0
0 59 0
0 47 0
0 44 20
0 56 20
0 52 20
240 52 0
0 56 0
0 49 16
0 53 16
240 53 0
0 49 0
0 54 15
0 50 15
240 50 0
0 54 0
0 47 15
0 51 15
202 32 0
38 52 20
0 56 20
8 51 0
0 47 0
232 56 0
0 52 0
0 53 16
0 49 16
240 49 0
0 53 0
0 50 15
0 54 15
240 54 0
0 50 0
0 47 15
0 51 15
221 44 0
19 44 20
0 56 20
0 52 20
8 51 0
0 47 0
232 56 0
0 52 0
0 49 16
0 53 16
239 50 14
1 53 0
0 49 0
0 54 14
239 50 0
1 54 0
0 47 13
0 51 13
230 44 0
10 31 28
0 43 28
8 51 0
0 47 0
232 53 20
0 47 20
0 62 20
240 62 0
0 53 0
0 47 0
0 56 20
0 64 20
0 50 20
240 64 0
0 56 0
0 59 19
0 65 19
240 65 0
0 59 0
0 53 20
0 62 20
0 67 20
19 50 0
221 62 0
0 53 0
0 67 0
0 56 19
0 62 19
0 68 19
240 68 0
0 56 0
0 62 0
0 59 18
0 62 18
240 62 0
0 59 0
0 64 18
0 59 18
240 59 0
0 64 0
0 65 20
0 56 20
0 62 20
240 62 0
0 65 0
0 56 0
0 59 18
0 62 18
0 53 18
240 53 0
0 59 0
0 62 0
0 59 18
0 56 18
0 50 18
240 50 0
0 59 0
0 56 0
0 47 18
0 55 18
240 55 0
0 47 0
0 43 0
0 53 20
0 43 20
240 43 0
0 53 0
0 52 18
0 36 16
240 36 0
0 52 0
0 42 15
0 30 15
240 30 0
0 42 0
0 46 15
0 34 15
240 34 0
0 46 0
0 31 0
0 39 20
240 39 0
0 44 14
240 44 0
0 43 20
0 53 20
240 53 0
0 43 0
0 36 16
0 52 16
240 52 0
0 36 0
0 30 15
0 42 15
240 42 0
0 30 0
0 34 15
0 46 15
240 46 0
0 34 0
0 39 15
240 39 0
0 32 14
0 44 14
240 44 0
0 32 0
0 25 18
0 37 18
1920 37 0
0 25 0
0 25 18
0 37 18
1920 37 0
0 25 0
4080 67 30
0 61 25
0 57 25
1560 53 21
0 37 20
0 64 20
0 59 20
0 49 20
120 57 0
0 67 0
0 61 0
480 64 0
0 62 30
480 62 0
0 53 0
0 49 0
0 59 0
0 37 0
960 50 27
0 56 27
0 34 22
0 46 22
0 64 27
480 64 0
0 62 32
480 62 0
960 46 0
0 50 0
0 56 0
0 34 0
0 43 27
0 50 27
0 58 27
2280 39 25
0 46 26
120 58 0
0 43 0
0 50 0
1920 39 0
0 46 0
0 39 22
0 46 22
1920 46 0
0 39 0
0 58 27
0 36 18
0 48 18
0 51 18
0 54 18
240 63 22
0 66 38
0 70 38
960 70 0
0 66 0
0 63 0
0 63 31
0 59 31
0 66 37
240 66 0
0 59 0
0 63 0
0 66 39
0 63 33
0 60 33
354 60 0
1 63 0
0 66 0
5 65 36
0 66 36
0 73 43
120 73 0
0 66 0
0 51 0
0 54 0
0 58 0
0 65 0
0 63 32
0 66 32
0 70 38
240 36 0
0 48 0
0 36 36
0 48 36
960 66 0
0 70 0
0 63 0
0 59 31
0 66 37
0 63 31
240 63 0
0 59 0
0 66 0
0 63 28
0 66 39
0 60 28
158 60 0
0 63 0
0 66 0
2 72 43
0 65 30
0 68 30
160 68 0
0 72 0
0 65 0
0 67 28
0 64 28
0 71 40
160 71 0
0 67 0
0 64 0
0 60 35
0 63 35
0 66 42
0 70 42
240 36 0
0 48 0
0 36 36
0 48 36
480 66 0
0 60 0
0 63 0
0 70 0
0 58 32
0 63 32
0 66 38
240 66 0
0 58 0
0 63 0
0 56 28
0 60 28
0 63 34
480 63 0
0 56 0
0 60 0
0 54 31
0 58 31
0 63 37
240 63 0
0 54 0
0 58 0
0 56 32
0 60 32
0 63 38
240 63 0
0 56 0
0 60 0
0 61 35
0 66 42
0 70 42
240 70 0
0 61 0
0 66 0
0 58 31
0 63 37
0 66 37
240 66 0
0 58 0
0 63 0
0 56 28
0 53 28
0 60 33
0 58 33
480 58 0
0 53 0
0 56 0
0 60 0
0 51 30
0 54 36
0 58 36
240 58 0
0 51 0
0 54 0
0 53 31
0 56 31
0 58 37
0 60 37
240 60 0
0 56 0
0 53 0
0 58 0
0 63 42
0 60 42
0 58 35
0 56 35
240 48 0
0 36 0
0 36 36
0 48 36
480 58 0
0 63 0
0 60 0
0 56 0
0 63 38
0 54 32
240 54 0
0 63 0
0 51 28
0 54 34
480 54 0
0 51 0
0 46 27
0 51 27
0 54 32
480 54 0
0 46 0
0 36 0
0 48 0
0 51 0
0 22 25
0 34 25
240 52 15
0 46 15
0 61 18
240 61 0
0 52 0
0 46 0
0 63 18
0 49 14
0 54 14
240 54 0
0 63 0
0 64 19
240 64 0
0 22 0
0 34 0
0 66 16
0 52 14
19 49 0
221 52 0
0 66 0
0 61 14
0 68 18
0 52 14
240 52 0
0 68 0
0 61 0
0 61 18
0 56 18
240 56 0
0 61 0
0 61 18
0 68 18
0 58 18
238 68 0
2 58 0
0 61 0
0 61 14
0 66 16
238 66 0
2 64 16
7 61 0
231 64 0
2 64 18
0 56 18
240 56 0
0 64 0
0 58 18
0 52 18
240 52 0
0 58 0
0 22 25
0 34 25
960 34 0
0 34 30
0 46 30
1920 46 0
960 34 0
0 22 0
0 22 30
0 34 30
240 54 18
0 46 14
0 40 14
239 49 18
1 46 0
0 54 0
0 58 18
239 49 0
1 58 0
0 64 18
0 49 18
19 40 0
221 64 0
0 49 0
0 61 16
0 54 14
240 54 0
0 61 0
0 64 16
238 64 0
2 61 18
0 56 18
238 61 0
2 56 0
0 58 18
0 52 18
240 52 0
0 58 0
0 49 21
0 54 21
0 58 21
720 34 0
0 22 0
0 22 18
0 34 18
240 54 0
0 58 0
0 49 0
1920 46 18
0 51 18
0 56 18
0 58 18
720 22 0
0 34 0
0 22 18
0 34 18
1200 56 0
0 46 0
0 51 0
0 58 0
0 44 18
0 48 18
0 54 18
720 34 0
0 22 0
0 22 18
0 34 18
1200 48 0
0 54 0
0 44 0
0 39 20
0 46 20
0 53 26
720 22 0
0 34 0
0 22 19
480 46 0
0 53 0
0 39 0
0 42 18
0 49 22
0 35 18
240 35 0
0 49 0
0 42 0
0 44 20
0 37 20
0 51 26
356 51 0
0 37 0
0 44 0
4 58 22
0 44 18
0 47 18
0 51 18
120 51 0
0 44 0
0 47 0
0 58 0
0 46 20
0 53 26
0 39 20
720 22 0
0 22 18
480 46 0
0 39 0
0 53 0
0 49 19
0 42 15
0 35 15
240 35 0
0 42 0
0 49 0
0 37 18
0 51 22
0 44 18
357 44 0
0 51 0
0 37 0
3 44 15
0 47 15
0 58 19
0 51 15
120 51 0
0 47 0
0 58 0
0 44 0
0 39 18
0 46 18
0 53 22
720 22 0
0 22 18
1200 22 0
0 53 0
0 46 0
0 39 0
