960 81 56
0 69 45
480 69 0
0 81 0
0 70 48
0 82 59
480 82 0
0 70 0
0 76 51
0 88 63
480 88 0
0 76 0
0 79 54
0 91 67
480 91 0
0 79 0
0 91 69
0 79 56
960 79 0
0 91 0
0 68 51
0 80 63
480 80 0
0 68 0
0 81 69
0 69 56
480 69 0
0 81 0
0 72 51
0 84 63
480 84 0
0 72 0
0 89 68
0 77 55
480 77 0
0 89 0
0 77 55
0 89 68
960 89 0
0 77 0
0 78 56
0 66 45
480 66 0
0 78 0
0 67 48
0 79 59
480 79 0
0 67 0
0 70 51
0 82 63
480 82 0
0 70 0
0 74 54
0 86 67
480 86 0
0 74 0
0 86 69
0 74 56
960 74 0
0 86 0
0 64 51
0 76 63
480 76 0
0 64 0
0 77 69
0 65 56
480 65 0
0 77 0
0 69 47
0 81 58
480 81 0
0 69 0
0 84 58
0 72 47
480 72 0
0 84 0
0 72 44
0 84 54
900 69 38
60 84 0
0 72 0
0 81 45
420 69 0
0 70 40
60 81 0
0 82 48
420 70 0
0 76 43
60 82 0
0 88 51
420 76 0
0 79 45
60 88 0
0 91 54
420 79 0
0 79 47
60 91 0
0 91 56
960 91 0
0 79 0
0 68 43
0 80 51
480 80 0
0 68 0
0 81 53
0 69 44
480 69 0
0 81 0
0 72 43
0 84 51
480 84 0
0 72 0
0 89 55
0 77 46
480 77 0
0 89 0
0 77 46
0 89 55
960 89 0
0 77 0
0 78 45
0 66 38
480 66 0
0 78 0
0 67 40
0 79 48
480 79 0
0 67 0
0 70 43
0 82 51
480 82 0
0 70 0
0 74 45
0 86 54
480 86 0
0 74 0
0 86 56
0 74 47
960 74 0
0 86 0
0 64 43
0 76 51
480 76 0
0 64 0
0 77 56
0 65 47
480 65 0
0 77 0
0 69 39
0 81 47
480 81 0
0 69 0
0 84 47
0 72 39
480 72 0
0 84 0
0 72 37
0 84 44
960 84 0
0 72 0
0 79 53
0 91 66
480 91 0
0 79 0
0 91 72
0 79 58
480 79 0
0 91 0
0 76 53
0 88 66
480 88 0
0 76 0
0 82 68
0 70 55
480 70 0
0 82 0
0 69 55
0 81 69
960 81 0
0 69 0
0 81 55
0 93 69
480 93 0
0 81 0
0 93 75
0 81 60
480 81 0
0 93 0
0 77 55
0 89 69
480 89 0
0 77 0
0 86 74
0 74 59
480 74 0
0 86 0
0 72 57
0 84 72
960 84 0
0 72 0
0 84 57
0 96 72
480 96 0
0 84 0
0 96 79
0 84 64
480 84 0
0 96 0
0 81 60
0 93 75
480 93 0
0 81 0
0 89 77
0 77 63
480 77 0
0 89 0
0 74 67
0 86 83
960 86 0
0 74 0
0 86 55
0 98 68
480 98 0
0 86 0
0 98 73
0 86 59
480 86 0
0 98 0
0 82 52
0 94 65
480 94 0
0 82 0
0 91 69
0 79 55
480 79 0
0 91 0
0 77 52
0 89 65
900 79 44
60 89 0
0 77 0
0 91 49
420 79 0
0 79 43
60 91 0
0 91 54
420 79 0
0 76 39
60 91 0
0 88 49
420 76 0
0 70 43
60 88 0
0 82 53
420 70 0
0 69 43
60 82 0
0 81 53
960 81 0
0 69 0
0 81 44
0 93 55
480 93 0
0 81 0
0 93 60
0 81 48
480 81 0
0 93 0
0 77 45
0 89 56
480 89 0
0 77 0
0 86 61
0 74 50
480 74 0
0 86 0
0 72 50
0 84 62
960 84 0
0 72 0
0 84 50
0 96 62
480 96 0
0 84 0
0 96 69
0 84 56
480 84 0
0 96 0
0 81 52
0 93 66
480 93 0
0 81 0
0 89 67
0 77 55
480 77 0
0 89 0
0 74 60
0 86 74
960 86 0
0 74 0
0 86 48
0 98 60
480 98 0
0 86 0
0 98 64
0 86 52
480 86 0
0 98 0
0 82 43
0 94 54
480 94 0
0 82 0
0 91 54
0 79 43
480 79 0
0 91 0
0 77 40
0 89 50
480 89 0
0 77 0
60 57 28
30 60 28
30 65 34
330 60 0
30 65 0
0 57 0
1200 57 69
0 51 58
0 48 58
240 48 0
0 51 0
0 57 0
0 48 64
0 52 64
0 58 75
240 58 0
0 52 0
0 48 0
0 60 59
0 69 71
0 63 59
240 63 0
0 69 0
0 60 0
0 64 64
0 60 64
0 70 76
240 70 0
0 60 0
0 64 0
0 75 60
0 72 60
0 81 72
240 81 0
0 72 0
0 75 0
0 76 65
0 82 77
0 72 65
240 72 0
0 82 0
0 76 0
0 93 74
0 84 63
0 87 63
240 87 0
0 84 0
0 93 0
0 84 66
120 84 0
0 94 73
120 94 0
0 91 64
0 96 75
120 91 0
0 88 73
120 88 0
0 96 0
0 84 75
120 84 0
0 82 74
120 82 0
0 79 72
120 79 0
0 76 71
120 76 0
0 72 69
240 72 0
0 50 58
0 53 58
0 59 69
240 59 0
0 53 0
0 50 0
0 48 64
0 60 75
0 53 64
240 53 0
0 60 0
0 48 0
0 65 59
0 62 59
0 71 71
240 71 0
0 62 0
0 65 0
0 65 64
0 60 64
0 72 76
240 72 0
0 60 0
0 65 0
0 77 60
0 83 72
0 74 60
240 74 0
0 83 0
0 77 0
0 84 77
0 72 65
0 77 65
240 77 0
0 72 0
0 84 0
0 95 74
0 86 63
0 89 63
240 89 0
0 86 0
0 95 0
0 84 66
120 84 0
0 101 77
120 101 0
0 96 75
120 93 73
120 93 0
0 96 0
0 89 76
120 89 0
0 84 73
120 84 0
0 81 71
120 81 0
0 77 69
120 77 0
0 78 67
120 78 0
0 81 63
120 84 57
120 84 0
0 87 54
120 81 0
0 79 56
120 87 0
0 86 48
120 86 0
0 85 48
120 85 0
0 86 48
120 86 0
0 91 54
120 79 0
0 80 47
100 91 0
20 91 54
0 81 47
20 80 0
100 82 47
20 81 0
80 91 0
20 83 47
0 91 54
20 82 0
100 84 48
20 83 0
80 91 0
20 85 49
0 91 56
20 84 0
100 86 50
20 85 0
80 91 0
20 89 49
0 91 56
20 86 0
100 88 49
20 89 0
80 91 0
20 91 56
0 87 50
20 88 0
100 88 49
20 87 0
80 91 0
20 84 50
0 96 56
20 88 0
100 85 51
20 84 0
80 96 0
20 96 56
0 86 50
20 85 0
100 87 51
20 86 0
80 96 0
20 96 58
0 88 51
20 87 0
100 89 53
20 88 0
80 96 0
20 90 53
0 96 60
20 89 0
100 91 55
20 90 0
80 96 0
20 94 54
0 96 61
20 91 0
100 93 56
20 94 0
80 96 0
20 92 56
0 96 65
20 93 0
100 93 57
20 92 0
80 96 0
20 101 65
0 89 56
20 93 0
100 90 56
20 89 0
80 101 0
20 91 57
0 101 67
20 90 0
100 92 57
20 91 0
80 101 0
20 101 67
0 93 57
20 92 0
100 94 58
20 93 0
80 101 0
20 101 69
0 95 59
20 94 0
100 98 60
20 95 0
80 101 0
20 100 69
0 96 69
20 98 0
220 96 0
0 100 0
0 72 47
120 72 0
0 76 52
120 76 0
0 79 56
120 79 0
0 84 54
120 84 0
0 88 52
120 88 0
0 91 50
120 91 0
0 90 52
120 90 0
0 99 55
120 99 0
0 87 45
120 87 0
0 96 52
120 96 0
0 91 45
120 91 0
0 100 39
120 100 0
0 88 40
90 88 0
30 88 40
90 88 0
30 96 48
120 96 0
0 84 41
90 84 0
30 84 41
120 84 0
0 91 42
90 91 0
30 79 51
90 79 0
30 79 43
120 79 0
0 88 45
120 88 0
0 76 45
90 76 0
30 76 54
120 76 0
0 84 48
120 84 0
0 72 48
90 72 0
30 72 48
90 72 0
30 79 56
120 79 0
0 67 48
90 67 0
30 67 48
120 67 0
0 79 48
90 79 0
30 64 56
90 64 0
30 64 49
120 64 0
0 72 49
120 72 0
0 60 50
120 60 0
0 65 64
120 65 0
0 72 51
120 72 0
0 60 51
120 60 0
0 69 52
120 69 0
0 77 63
120 77 0
0 65 53
120 65 0
0 72 53
120 72 0
0 81 54
120 81 0
0 69 66
120 69 0
0 77 55
120 77 0
0 84 57
120 84 0
0 72 57
120 72 0
0 84 69
120 84 0
0 89 59
120 89 0
0 77 60
120 77 0
0 84 64
120 84 0
0 93 75
120 93 0
0 81 67
120 81 0
0 89 68
120 89 0
0 96 68
120 96 0
0 84 78
120 84 0
0 93 72
120 93 0
0 101 73
120 101 0
0 89 74
120 89 0
0 92 76
120 92 0
0 101 80
120 101 0
0 100 79
120 100 0
0 99 76
120 99 0
0 98 75
0 101 70
120 98 0
0 97 72
120 97 0
0 96 72
120 96 0
0 95 70
120 95 0
0 101 0
0 92 62
0 98 74
120 92 0
0 86 70
120 86 0
0 98 0
0 91 57
0 95 69
120 91 0
0 89 67
120 89 0
0 95 0
0 96 74
0 88 63
120 88 0
0 94 64
120 94 0
0 93 63
120 93 0
0 92 61
120 92 0
0 96 0
0 91 56
0 96 67
120 91 0
0 90 54
120 90 0
0 89 53
120 89 0
0 88 53
120 88 0
0 96 0
0 85 48
0 91 56
120 85 0
0 79 46
120 79 0
0 91 0
0 88 51
0 84 43
120 84 0
0 82 43
120 82 0
0 88 0
0 84 43
120 84 0
0 89 38
0 93 47
120 89 0
0 81 43
120 81 0
0 93 0
0 78 43
120 78 0
0 77 43
120 77 0
0 86 38
0 89 47
120 86 0
0 77 44
120 77 0
0 89 0
0 73 44
120 73 0
0 72 44
120 72 0
0 84 48
0 81 40
120 81 0
0 72 44
120 72 0
0 84 0
0 70 44
120 70 0
0 69 44
120 69 0
0 77 40
0 81 48
120 77 0
0 69 44
120 69 0
0 81 0
0 65 44
120 65 0
90 57 36
30 60 40
360 60 0
0 57 0
240 93 65
0 96 77
120 93 0
0 84 59
0 90 71
120 90 0
0 84 0
0 96 0
0 91 75
120 84 68
120 84 0
0 91 0
0 81 63
0 84 74
120 81 0
0 72 54
0 78 65
120 78 0
0 72 0
0 84 0
0 79 71
120 72 63
120 72 0
0 79 0
0 69 58
0 72 69
120 69 0
0 60 51
0 66 60
120 66 0
0 60 0
0 72 0
0 67 64
120 65 63
120 65 0
0 67 0
0 67 71
0 64 59
120 64 0
0 62 65
120 62 0
0 67 0
0 69 69
0 61 58
120 61 0
0 58 58
120 58 0
0 69 0
0 64 58
240 67 63
240 67 0
0 70 68
240 70 0
0 69 57
0 73 70
240 69 0
0 67 69
240 67 0
0 73 0
0 64 0
0 74 66
0 65 63
240 65 0
0 74 0
0 85 65
0 93 77
120 85 0
0 79 59
0 88 71
120 88 0
0 79 0
0 93 0
0 86 65
0 89 75
120 86 0
0 77 68
120 77 0
0 89 0
0 72 63
0 81 74
120 72 0
0 67 54
0 76 65
120 76 0
0 67 0
0 81 0
0 74 65
0 77 71
120 74 0
0 64 63
120 64 0
0 77 0
0 65 58
0 71 69
120 65 0
0 67 60
120 67 0
0 71 0
0 68 63
0 72 68
120 68 0
0 65 63
120 65 0
0 64 58
120 64 0
0 67 63
120 67 0
0 72 0
0 70 55
120 70 0
0 73 53
120 73 0
0 76 52
120 76 0
0 79 52
120 79 0
0 82 49
120 82 0
0 84 51
120 88 51
120 91 52
120 96 54
120 91 0
0 84 0
0 88 0
0 84 48
120 96 0
0 96 53
120 84 0
0 89 49
120 89 0
0 96 0
0 83 56
0 95 56
120 95 0
0 92 51
120 92 0
0 83 0
0 86 52
0 91 52
120 91 0
0 89 54
90 93 46
30 93 0
0 89 0
0 86 0
0 91 54
0 88 46
180 88 0
0 85 52
30 89 45
30 89 0
0 85 0
0 91 0
0 88 56
0 84 47
180 84 0
0 82 52
30 86 45
30 86 0
0 82 0
0 88 0
0 84 54
0 81 46
180 81 0
0 78 52
30 82 49
30 82 0
0 78 0
0 84 0
0 81 54
0 77 47
180 77 0
0 75 52
60 75 0
0 81 0
0 82 67
0 74 67
120 74 0
0 79 61
120 79 0
0 82 64
120 82 0
0 85 66
120 85 0
0 82 0
0 86 68
120 86 0
0 91 70
120 91 0
0 94 72
120 94 0
0 97 74
120 97 0
0 98 76
120 88 54
0 90 68
120 90 0
0 91 63
120 91 0
0 98 0
0 96 60
120 96 0
0 88 0
0 93 76
120 84 52
0 87 65
120 87 0
0 88 60
120 88 0
0 93 0
0 91 59
120 91 0
0 84 0
0 89 75
120 82 52
0 85 60
120 85 0
0 84 56
120 84 0
0 89 0
0 88 56
120 88 0
0 82 0
0 89 73
120 89 0
0 84 63
120 84 0
0 81 66
120 81 0
0 93 60
120 93 0
90 57 49
30 60 49
30 65 58
330 65 0
0 60 0
0 57 0
240 93 65
0 96 77
120 93 0
0 84 59
0 90 71
120 90 0
0 84 0
0 96 0
0 91 75
120 84 68
120 84 0
0 91 0
0 81 63
0 84 74
120 81 0
0 72 54
0 78 65
120 78 0
0 72 0
0 84 0
0 79 71
120 72 63
120 72 0
0 79 0
0 69 58
0 72 69
120 69 0
0 60 51
0 66 60
120 66 0
0 60 0
0 72 0
0 67 65
120 65 63
120 65 0
0 67 0
0 67 71
0 64 59
120 64 0
0 62 65
120 62 0
0 67 0
0 69 69
0 61 58
120 61 0
0 58 58
120 58 0
0 69 0
0 64 58
240 67 63
240 67 0
0 70 68
240 70 0
0 69 58
0 73 70
240 69 0
0 67 69
240 67 0
0 73 0
0 64 0
0 74 66
0 65 63
240 65 0
0 74 0
0 85 65
0 93 77
120 85 0
0 79 59
0 88 71
120 88 0
0 79 0
0 93 0
0 86 65
0 89 75
120 86 0
0 77 68
120 77 0
0 89 0
0 72 63
0 81 74
120 72 0
0 67 54
0 76 65
120 76 0
0 67 0
0 81 0
0 74 65
0 77 71
120 74 0
0 64 63
120 64 0
0 77 0
0 65 58
0 71 69
120 65 0
0 67 60
120 67 0
0 71 0
0 68 63
0 72 68
120 68 0
0 65 63
120 65 0
0 64 59
120 64 0
0 67 65
120 67 0
0 72 0
0 70 56
120 70 0
0 73 54
120 73 0
0 76 53
120 76 0
0 79 52
120 79 0
0 82 50
120 82 0
0 84 52
120 88 52
120 91 53
120 96 55
120 91 0
0 84 0
0 88 0
0 84 49
120 96 0
0 96 53
120 84 0
0 89 49
120 89 0
0 96 0
0 83 56
0 95 56
120 95 0
0 92 51
120 92 0
0 83 0
0 86 52
0 91 52
120 91 0
0 89 54
90 93 46
30 93 0
0 89 0
0 86 0
0 91 54
0 88 46
180 88 0
0 85 52
30 89 45
30 89 0
0 85 0
0 91 0
0 88 56
0 84 47
180 84 0
0 82 52
30 86 45
30 86 0
0 82 0
0 88 0
0 84 54
0 81 46
180 81 0
0 78 52
30 82 49
30 82 0
0 78 0
0 84 0
0 81 54
0 77 47
180 77 0
0 75 52
60 75 0
0 81 0
0 82 60
0 74 60
120 74 0
0 79 58
120 79 0
0 82 61
120 82 0
0 85 64
120 85 0
0 82 0
0 86 68
120 86 0
0 91 70
120 91 0
0 94 72
120 94 0
0 97 74
120 97 0
0 98 75
120 88 54
0 90 68
120 90 0
0 91 62
120 91 0
0 98 0
0 96 62
120 96 0
0 88 0
0 93 76
120 84 52
0 87 65
120 87 0
0 88 61
120 88 0
0 93 0
0 91 62
120 91 0
0 84 0
0 89 75
120 82 52
0 85 60
120 85 0
0 84 58
120 84 0
0 89 0
0 88 59
120 88 0
0 82 0
0 89 73
120 89 0
0 84 63
120 84 0
0 81 66
120 81 0
0 93 60
120 93 0
90 57 49
30 60 49
30 65 58
330 65 0
0 60 0
0 57 0
960 69 48
120 60 32
0 63 38
217 63 0
0 60 0
23 63 38
0 60 32
120 60 0
0 63 0
0 70 49
20 69 0
100 64 41
0 60 34
217 60 0
0 64 0
23 64 41
0 60 34
120 60 0
0 64 0
0 71 54
20 70 0
100 62 36
0 65 43
217 65 0
0 62 0
23 65 44
0 62 37
120 62 0
0 65 0
0 72 60
20 71 0
100 60 38
0 65 46
217 65 0
0 60 0
23 65 47
0 60 39
120 60 0
0 65 0
0 73 65
20 72 0
100 67 48
0 64 40
217 64 0
0 67 0
23 67 49
0 64 41
120 64 0
0 67 0
0 74 68
20 73 0
100 65 43
0 68 51
217 68 0
0 65 0
23 68 52
0 65 43
120 65 0
0 68 0
0 72 68
20 74 0
100 64 44
0 67 53
217 67 0
0 64 0
23 67 53
0 64 45
120 64 0
0 67 0
0 72 0
0 72 73
120 65 46
0 69 55
228 69 0
0 65 0
12 65 46
0 69 55
120 69 0
0 65 0
0 72 0
0 74 77
120 69 55
0 62 47
228 62 0
0 69 0
12 62 47
0 69 55
120 69 0
0 62 0
0 70 73
20 74 0
100 67 53
0 62 45
228 62 0
0 67 0
12 67 50
0 62 42
120 62 0
0 67 0
0 72 69
20 70 0
100 60 44
0 67 53
228 67 0
0 60 0
12 60 44
0 67 53
120 67 0
0 60 0
0 69 70
20 72 0
100 65 49
0 60 41
228 60 0
0 65 0
12 60 41
0 65 49
120 65 0
0 60 0
0 67 65
20 69 0
100 61 49
0 57 41
228 57 0
0 61 0
12 57 41
0 61 49
120 61 0
0 57 0
0 65 61
20 67 0
100 57 40
0 62 48
228 62 0
0 57 0
12 62 48
0 57 40
120 57 0
0 62 0
0 63 59
20 65 0
100 57 46
0 53 39
228 53 0
0 57 0
12 53 39
0 57 46
120 57 0
0 53 0
0 62 57
20 63 0
100 53 38
0 58 45
228 58 0
0 53 0
12 53 38
0 58 45
120 58 0
0 53 0
0 60 56
20 62 0
100 50 36
0 54 43
228 54 0
0 50 0
12 54 42
0 50 35
120 50 0
0 54 0
0 58 54
20 60 0
100 55 42
0 50 35
228 50 0
0 55 0
12 50 34
0 55 41
120 55 0
0 50 0
0 59 49
20 58 0
100 50 32
0 56 38
228 56 0
0 50 0
12 50 32
0 56 38
120 56 0
0 50 0
0 58 41
0 60 49
20 59 0
100 48 30
0 55 36
228 55 0
0 48 0
12 55 36
0 48 30
114 48 0
0 55 0
6 60 0
0 58 0
0 58 40
0 60 48
120 54 37
0 48 31
228 48 0
0 54 0
12 48 31
0 54 37
120 54 0
0 58 0
0 60 0
0 48 0
0 60 47
0 58 39
120 48 30
0 55 35
228 55 0
0 48 0
12 55 35
0 48 30
120 48 0
0 60 0
0 58 0
0 55 0
0 60 43
120 57 31
0 53 26
228 53 0
0 57 0
12 57 30
0 53 25
120 53 0
0 57 0
0 60 0
0 65 43
120 57 25
0 60 30
228 60 0
0 57 0
12 60 30
0 57 25
120 57 0
0 60 0
0 65 0
0 69 45
120 60 28
0 63 34
228 63 0
0 60 0
12 60 32
0 63 38
120 63 0
0 60 0
0 70 49
20 69 0
100 60 34
0 64 41
228 64 0
0 60 0
12 60 34
0 64 41
120 64 0
0 60 0
0 71 54
20 70 0
100 62 36
0 65 43
228 65 0
0 62 0
12 62 37
0 65 44
120 65 0
0 62 0
0 72 60
20 71 0
100 60 38
0 65 46
228 65 0
0 60 0
12 60 39
0 65 47
120 65 0
0 60 0
0 73 65
20 72 0
100 64 40
0 67 48
228 67 0
0 64 0
12 64 41
0 67 49
120 67 0
0 64 0
0 74 68
20 73 0
100 65 43
0 68 51
228 68 0
0 65 0
12 65 43
0 68 52
120 68 0
0 65 0
0 72 68
20 74 0
100 64 44
0 67 53
228 67 0
0 64 0
12 64 45
0 67 53
120 67 0
0 64 0
0 72 0
0 72 73
120 65 46
0 69 55
228 69 0
0 65 0
12 65 46
0 69 55
120 69 0
0 65 0
0 72 0
0 74 77
120 62 47
0 69 55
228 69 0
0 62 0
12 62 47
0 69 55
120 69 0
0 62 0
0 70 73
20 74 0
100 62 45
0 67 53
228 67 0
0 62 0
12 62 42
0 67 50
120 67 0
0 62 0
0 72 69
20 70 0
100 60 44
0 67 53
228 67 0
0 60 0
12 60 44
0 67 53
120 67 0
0 60 0
0 69 70
20 72 0
100 60 41
0 65 49
228 65 0
0 60 0
12 60 41
0 65 49
120 65 0
0 60 0
0 67 65
20 69 0
100 57 41
0 61 49
228 61 0
0 57 0
12 57 41
0 61 49
120 61 0
0 57 0
0 65 61
20 67 0
100 57 40
0 62 48
228 62 0
0 57 0
12 57 40
0 62 48
120 62 0
0 57 0
0 63 59
20 65 0
100 53 39
0 57 46
228 57 0
0 53 0
12 53 39
0 57 46
120 57 0
0 53 0
0 62 57
20 63 0
100 53 38
0 58 45
228 58 0
0 53 0
12 53 38
0 58 45
120 58 0
0 53 0
0 60 56
20 62 0
100 50 36
0 54 43
228 54 0
0 50 0
12 50 35
0 54 42
120 54 0
0 50 0
0 58 54
20 60 0
100 50 35
0 55 42
228 55 0
0 50 0
12 50 34
0 55 41
120 55 0
0 50 0
0 59 49
20 58 0
100 50 32
0 56 38
228 56 0
0 50 0
12 50 32
0 56 38
120 56 0
0 50 0
0 60 49
0 58 41
20 59 0
100 48 30
0 55 36
228 55 0
0 48 0
12 48 30
0 55 36
120 55 0
0 60 0
0 58 0
0 48 0
0 60 48
0 58 40
120 48 31
0 54 37
228 54 0
0 48 0
12 48 31
0 54 37
120 54 0
0 60 0
0 58 0
0 48 0
0 60 47
0 58 39
120 48 30
0 55 35
228 55 0
0 48 0
12 48 30
0 55 35
120 55 0
0 60 0
0 58 0
0 48 0
0 57 36
0 60 43
120 48 26
0 53 31
228 53 0
0 48 0
12 48 25
0 53 30
120 53 0
0 57 0
0 60 0
0 48 0
0 57 36
0 60 43
120 48 25
0 53 30
228 53 0
0 48 0
12 48 25
0 53 30
120 53 0
0 57 0
0 60 0
0 48 0
0 65 48
120 57 30
0 60 36
228 60 0
0 57 0
12 57 32
0 60 38
120 60 0
0 57 0
0 64 49
20 65 0
100 55 34
0 58 41
228 58 0
0 55 0
12 55 34
0 58 41
120 58 0
0 55 0
0 62 54
20 64 0
100 53 36
0 59 43
228 59 0
0 53 0
12 53 37
0 59 44
120 59 0
0 53 0
0 61 60
20 62 0
100 52 38
0 57 46
228 57 0
0 52 0
12 52 39
0 57 47
120 57 0
0 52 0
0 62 65
20 61 0
100 53 40
0 56 48
228 56 0
0 53 0
12 53 41
0 56 49
120 56 0
0 53 0
0 63 68
20 62 0
100 54 43
0 57 51
228 57 0
0 54 0
12 54 43
0 57 52
120 57 0
0 54 0
0 64 68
20 63 0
100 55 44
0 57 53
228 57 0
0 55 0
12 55 45
0 57 53
120 57 0
0 55 0
0 65 73
20 64 0
100 53 46
0 57 55
228 57 0
0 53 0
12 53 46
0 57 55
120 57 0
0 53 0
0 65 0
0 61 77
120 55 47
0 58 55
228 58 0
0 55 0
12 55 47
0 58 55
120 58 0
0 55 0
0 62 73
20 61 0
100 53 45
0 57 53
228 57 0
0 53 0
12 53 42
0 57 50
120 57 0
0 53 0
0 60 69
20 62 0
100 50 44
0 57 53
228 57 0
0 50 0
12 50 44
0 57 53
120 57 0
0 50 0
0 58 70
20 60 0
100 50 41
0 55 49
228 55 0
0 50 0
12 50 41
0 55 49
120 55 0
0 50 0
0 58 0
0 59 65
120 50 41
0 53 49
228 53 0
0 50 0
12 50 41
0 53 49
120 53 0
0 50 0
0 60 61
20 59 0
100 48 40
0 53 48
228 53 0
0 48 0
12 48 40
0 53 48
120 53 0
0 48 0
0 59 59
20 60 0
100 50 39
0 53 46
228 53 0
0 50 0
12 50 39
0 53 46
120 53 0
0 50 0
0 60 57
20 59 0
100 48 38
0 53 45
228 53 0
0 48 0
12 48 38
0 53 45
120 53 0
0 48 0
0 59 56
20 60 0
100 50 36
0 53 43
228 53 0
0 50 0
12 50 35
0 53 42
120 53 0
0 50 0
0 60 54
20 59 0
100 50 35
0 53 42
228 53 0
0 50 0
12 50 34
0 53 41
120 53 0
0 50 0
0 59 49
20 60 0
100 50 32
0 53 38
228 53 0
0 50 0
12 50 32
0 53 38
120 53 0
0 50 0
0 59 0
0 60 49
0 58 41
120 48 30
0 55 36
228 55 0
0 48 0
12 48 30
0 55 36
120 55 0
0 60 0
0 58 0
0 48 0
0 60 48
0 58 40
120 48 31
0 54 37
228 54 0
0 48 0
12 48 31
0 54 37
120 54 0
0 60 0
0 58 0
0 48 0
0 60 47
0 58 39
120 48 30
0 55 35
228 55 0
0 48 0
12 48 30
0 55 35
120 55 0
0 60 0
0 58 0
0 48 0
0 57 36
0 60 43
120 48 26
0 53 31
228 53 0
0 48 0
12 48 25
0 53 30
120 53 0
0 57 0
0 60 0
0 48 0
0 57 36
0 60 43
120 48 25
0 53 30
228 53 0
0 48 0
12 48 25
0 53 30
120 53 0
0 57 0
0 60 0
0 48 0
0 65 48
120 57 30
0 60 36
228 60 0
0 57 0
12 57 32
0 60 38
120 60 0
0 57 0
0 64 49
20 65 0
100 55 34
0 58 41
228 58 0
0 55 0
12 55 34
0 58 41
120 58 0
0 55 0
0 62 54
20 64 0
100 53 36
0 59 43
228 59 0
0 53 0
12 53 37
0 59 44
120 59 0
0 53 0
0 61 60
20 62 0
100 52 38
0 57 46
228 57 0
0 52 0
12 52 39
0 57 47
120 57 0
0 52 0
0 62 65
20 61 0
100 53 40
0 56 48
228 56 0
0 53 0
12 53 41
0 56 49
120 56 0
0 53 0
0 63 68
20 62 0
100 54 43
0 57 51
228 57 0
0 54 0
12 54 43
0 57 52
120 57 0
0 54 0
0 64 68
20 63 0
100 55 44
0 57 53
228 57 0
0 55 0
12 55 45
0 57 53
120 57 0
0 55 0
0 65 73
20 64 0
100 53 46
0 57 55
228 57 0
0 53 0
12 53 46
0 57 55
120 57 0
0 53 0
0 65 0
0 61 77
120 55 47
0 58 55
228 58 0
0 55 0
12 55 47
0 58 55
120 58 0
0 55 0
0 62 73
20 61 0
100 53 45
0 57 53
228 57 0
0 53 0
12 53 42
0 57 50
120 57 0
0 53 0
0 60 69
20 62 0
100 50 44
0 57 53
228 57 0
0 50 0
12 50 44
0 57 53
120 57 0
0 50 0
0 60 0
0 58 70
120 50 41
0 55 49
228 55 0
0 50 0
12 50 41
0 55 49
120 55 0
0 50 0
0 58 0
0 59 65
120 50 41
0 53 49
228 53 0
0 50 0
12 50 41
0 53 49
120 53 0
0 50 0
0 60 61
20 59 0
100 48 40
0 53 48
228 53 0
0 48 0
12 48 40
0 53 48
120 53 0
0 48 0
0 59 59
20 60 0
100 50 39
0 53 46
228 53 0
0 50 0
12 50 39
0 53 46
120 53 0
0 50 0
0 60 57
20 59 0
100 48 38
0 53 45
228 53 0
0 48 0
12 48 38
0 53 45
120 53 0
0 48 0
0 59 56
20 60 0
100 50 36
0 53 43
228 53 0
0 50 0
12 50 35
0 53 42
120 53 0
0 50 0
0 60 54
20 59 0
100 50 35
0 53 42
228 53 0
0 50 0
12 50 34
0 53 41
120 53 0
0 50 0
0 59 49
20 60 0
100 50 32
0 53 38
228 53 0
0 50 0
12 50 32
0 53 38
120 53 0
0 50 0
0 59 0
0 60 49
0 58 41
120 48 29
0 55 35
228 55 0
0 48 0
12 48 29
0 55 34
120 55 0
0 60 0
0 58 0
0 48 0
0 60 45
0 58 37
120 48 29
0 54 34
228 54 0
0 48 0
12 48 28
0 54 33
120 54 0
0 60 0
0 58 0
0 48 0
0 60 42
0 58 34
120 48 26
0 55 31
228 55 0
0 48 0
12 48 25
0 55 31
120 55 0
0 60 0
0 58 0
0 48 0
0 57 31
0 60 36
120 48 21
0 53 26
228 53 0
0 48 0
12 48 21
0 53 25
120 53 0
0 57 0
0 60 0
0 48 0
0 57 25
0 60 30
120 48 18
0 53 23
228 53 0
0 48 0
12 48 15
0 53 21
120 53 0
0 57 0
0 60 0
0 48 0
960 66 44
80 67 45
20 66 0
60 69 46
20 67 0
60 70 46
20 69 0
60 72 47
20 70 0
60 74 48
20 72 0
60 76 49
20 74 0
60 79 47
20 76 0
60 79 0
0 72 47
80 73 51
20 72 0
60 82 47
20 73 0
60 82 0
0 69 48
80 70 51
20 69 0
60 79 45
20 70 0
60 79 0
0 66 45
80 67 51
20 66 0
60 69 46
20 67 0
60 70 46
20 69 0
60 72 51
20 70 0
60 74 51
20 72 0
60 76 53
20 74 0
60 77 54
20 76 0
60 79 55
20 77 0
60 81 55
20 79 0
60 84 56
20 81 0
60 76 53
80 79 53
20 76 0
60 82 54
20 79 0
60 84 55
20 82 0
60 86 56
20 84 0
60 84 0
0 87 57
20 86 0
60 88 58
20 87 0
60 89 59
20 88 0
60 90 60
20 89 0
60 91 61
20 90 0
60 93 62
20 91 0
60 94 63
20 93 0
60 95 64
20 94 0
60 96 65
20 95 0
60 97 66
20 96 0
60 98 67
20 97 0
60 100 68
20 98 0
60 101 74
20 100 0
60 96 69
20 101 0
60 93 68
20 96 0
60 93 0
0 92 72
80 98 66
80 95 66
20 98 0
60 95 0
0 92 0
0 96 74
80 93 66
20 96 0
60 89 66
20 93 0
60 89 0
0 86 71
80 92 66
80 89 66
20 92 0
60 89 0
0 86 0
0 93 70
80 89 66
20 93 0
60 84 66
20 89 0
60 84 0
0 92 71
80 86 66
20 92 0
60 83 66
20 86 0
60 83 0
0 84 71
80 84 0
0 81 60
80 81 0
0 77 60
80 77 0
0 76 54
0 84 64
80 84 0
0 81 46
0 84 55
40 76 0
40 84 0
0 81 0
0 72 55
80 72 0
0 71 50
0 81 59
80 81 0
0 72 45
0 77 53
40 71 0
40 77 0
0 72 0
0 69 52
80 69 0
0 68 50
0 77 59
80 77 0
0 72 50
0 69 42
40 68 0
40 69 0
0 72 0
0 65 50
80 65 0
0 72 54
0 64 45
80 72 0
0 65 39
0 69 47
40 64 0
40 69 0
0 65 0
0 60 46
80 60 0
0 59 42
0 69 50
80 69 0
0 60 37
0 65 44
40 59 0
40 65 0
0 60 0
0 57 45
80 57 0
0 67 57
80 67 0
0 62 51
80 63 51
20 62 0
60 64 52
20 63 0
60 65 52
20 64 0
60 66 53
20 65 0
60 67 53
20 66 0
60 68 54
20 67 0
60 69 54
20 68 0
60 70 55
20 69 0
60 71 55
20 70 0
60 72 56
20 71 0
60 73 56
20 72 0
60 74 57
20 73 0
60 75 57
20 74 0
60 76 58
20 75 0
60 77 58
20 76 0
60 78 59
20 77 0
60 79 59
20 78 0
60 79 0
0 72 61
80 73 61
20 72 0
60 74 62
20 73 0
60 75 63
20 74 0
60 76 63
20 75 0
60 77 64
20 76 0
60 78 65
20 77 0
60 79 65
20 78 0
60 80 66
20 79 0
60 81 67
20 80 0
60 82 67
20 81 0
60 83 67
20 82 0
60 84 68
20 83 0
60 85 69
20 84 0
60 86 71
20 85 0
60 87 72
20 86 0
60 88 73
20 87 0
60 89 75
20 88 0
60 89 0
0 84 70
80 84 0
0 81 70
80 81 0
0 80 74
80 80 0
0 85 70
80 85 0
0 89 70
80 89 0
0 101 77
80 101 0
0 95 72
80 95 0
0 92 72
80 92 0
0 89 71
80 89 0
0 86 70
80 86 0
0 83 69
80 83 0
0 80 69
80 80 0
0 77 68
80 77 0
0 74 67
80 74 0
0 71 66
80 71 0
0 68 66
80 68 0
0 65 65
80 65 0
0 72 66
80 72 0
0 67 60
80 68 60
20 67 0
60 69 65
20 68 0
60 70 60
20 69 0
60 71 60
20 70 0
60 72 62
20 71 0
60 73 61
20 72 0
60 74 60
20 73 0
60 75 59
20 74 0
60 76 58
20 75 0
60 77 57
20 76 0
60 77 0
0 78 55
0 84 56
80 78 0
0 79 54
80 79 0
0 81 53
80 81 0
0 82 52
80 82 0
0 84 51
80 84 0
0 86 50
80 86 0
0 84 0
0 84 50
0 88 50
80 88 0
0 91 52
80 91 0
0 84 52
80 84 0
0 84 0
0 85 48
80 85 0
0 94 41
80 94 0
0 81 42
80 81 0
0 82 47
80 82 0
0 91 42
80 91 0
0 78 42
80 78 0
0 79 47
80 79 0
0 81 42
80 81 0
0 82 42
80 82 0
0 84 47
80 84 0
0 86 42
80 86 0
0 88 42
80 88 0
0 89 45
80 89 0
0 91 42
80 91 0
0 93 42
80 93 0
0 96 51
80 96 0
0 94 42
80 94 0
0 91 42
80 91 0
0 88 48
80 88 0
0 84 48
80 84 0
0 86 49
80 86 0
0 87 49
80 87 0
0 88 50
80 88 0
0 89 52
80 89 0
0 90 54
80 90 0
0 91 55
80 91 0
0 93 57
80 93 0
0 94 59
80 94 0
0 95 60
80 95 0
0 96 62
80 96 0
0 97 64
80 97 0
0 98 65
80 98 0
0 100 67
80 100 0
0 101 69
80 101 0
0 96 57
80 96 0
0 93 58
80 93 0
0 92 65
80 92 0
0 95 55
80 95 0
0 98 55
80 98 0
0 96 61
80 96 0
0 93 55
80 93 0
0 89 55
80 89 0
0 94 58
80 100 53
80 100 0
0 88 53
80 88 0
0 94 0
0 93 57
80 98 52
80 98 0
0 86 52
80 86 0
0 93 0
0 91 56
80 96 51
80 96 0
0 84 51
80 84 0
0 91 0
0 89 54
80 94 49
80 94 0
0 82 49
80 82 0
0 89 0
0 88 53
80 93 49
80 93 0
0 81 49
80 81 0
0 88 0
0 86 52
80 91 48
80 91 0
0 79 48
80 79 0
0 86 0
0 84 50
80 89 46
80 89 0
0 77 46
80 77 0
0 84 0
0 83 49
80 89 45
80 89 0
0 77 45
80 77 0
0 83 0
0 84 48
80 89 44
80 89 0
0 77 44
80 77 0
0 84 0
0 86 52
80 86 0
0 79 44
80 80 45
20 79 0
60 81 45
20 80 0
60 82 46
20 81 0
60 83 47
20 82 0
60 84 48
20 83 0
60 85 49
20 84 0
60 86 50
20 85 0
60 87 51
20 86 0
60 88 51
20 87 0
60 89 52
20 88 0
60 90 54
20 89 0
60 91 55
20 90 0
60 92 56
20 91 0
60 93 57
20 92 0
60 94 58
20 93 0
60 95 58
20 94 0
60 96 59
20 95 0
60 96 0
0 84 60
80 85 61
20 84 0
60 86 62
20 85 0
60 87 63
20 86 0
60 88 64
20 87 0
60 89 64
20 88 0
60 90 64
20 89 0
60 91 65
20 90 0
60 92 66
20 91 0
60 93 67
20 92 0
60 94 68
20 93 0
60 95 69
20 94 0
60 95 0
0 96 70
80 96 0
0 97 71
80 97 0
0 98 72
80 98 0
0 99 72
80 99 0
0 100 73
80 100 0
0 101 79
80 101 0
0 96 71
80 96 0
0 93 71
80 93 0
0 89 77
76 89 0
4 89 69
80 89 0
0 84 69
80 84 0
0 96 77
80 96 0
0 93 71
80 93 0
0 89 71
80 89 0
0 84 76
76 84 0
4 84 69
80 84 0
0 81 70
80 81 0
0 93 74
80 93 0
0 89 70
80 89 0
0 84 70
80 84 0
0 81 74
76 81 0
4 81 69
80 81 0
0 77 70
76 77 0
4 89 74
240 89 0
0 57 72
80 57 0
0 60 67
80 60 0
0 65 68
80 65 0
240 69 75
80 69 0
0 72 71
80 72 0
0 77 70
80 77 0
0 81 74
80 81 0
0 84 72
80 84 0
0 89 72
80 89 0
0 93 54
80 91 53
20 93 0
60 89 52
20 91 0
60 88 49
20 89 0
60 89 47
20 88 0
60 91 47
20 89 0
60 91 0
0 79 51
80 82 47
20 79 0
60 84 48
20 82 0
60 85 55
20 84 0
60 88 45
20 85 0
60 91 45
20 88 0
60 91 0
0 79 51
80 82 46
20 79 0
60 84 46
20 82 0
60 85 56
20 84 0
60 88 50
20 85 0
60 91 50
20 88 0
60 91 0
0 79 54
80 82 50
20 79 0
60 89 50
20 82 0
60 88 49
20 89 0
60 87 47
20 88 0
60 88 47
20 87 0
60 100 48
20 88 0
60 97 44
20 100 0
60 91 44
20 97 0
60 91 0
0 88 50
80 85 40
20 88 0
60 88 40
20 85 0
60 76 45
20 88 0
60 73 40
20 76 0
60 76 40
20 73 0
60 76 0
0 64 48
80 64 0
0 61 42
80 61 0
0 64 42
80 64 0
0 57 44
80 59 41
20 57 0
60 61 40
20 59 0
60 62 41
20 61 0
60 69 39
20 62 0
60 66 39
20 69 0
60 66 0
0 57 43
80 60 39
20 57 0
60 63 40
20 60 0
60 62 46
20 63 0
60 69 38
20 62 0
60 66 38
20 69 0
60 66 0
0 57 43
80 60 39
20 57 0
60 63 39
20 60 0
60 62 47
20 63 0
60 69 42
20 62 0
60 66 42
20 69 0
60 66 0
0 57 45
80 60 42
20 57 0
60 63 42
20 60 0
60 62 46
20 63 0
60 62 0
0 65 47
80 65 0
0 68 49
80 68 0
0 71 50
80 71 0
0 74 51
80 74 0
0 77 53
80 77 0
0 80 54
80 80 0
0 77 55
80 77 0
0 80 57
80 80 0
0 83 58
80 83 0
0 86 59
80 86 0
0 89 61
80 89 0
0 92 62
80 92 0
0 85 63
80 85 0
0 86 65
80 86 0
0 89 66
80 89 0
0 92 67
80 92 0
0 95 72
50 98 65
30 98 0
0 95 0
0 101 74
80 101 0
0 100 72
80 100 0
0 98 70
80 98 0
0 96 68
80 96 0
0 94 64
80 94 0
0 98 65
80 98 0
0 91 66
80 91 0
0 88 61
80 88 0
0 96 61
80 96 0
0 84 65
80 84 0
0 82 60
80 82 0
0 86 60
80 86 0
0 79 57
80 79 0
0 76 51
80 76 0
0 84 51
80 84 0
0 72 55
80 72 0
0 74 49
80 74 0
0 76 49
80 76 0
0 77 52
80 77 0
0 81 48
80 81 0
0 82 48
80 82 0
0 84 52
80 84 0
0 89 48
80 89 0
0 93 48
80 93 0
0 96 59
80 96 0
0 94 53
80 94 0
0 93 53
50 93 0
0 94 53
30 94 0
0 93 58
80 93 0
0 91 53
80 91 0
0 89 53
50 89 0
0 91 58
30 91 0
0 89 60
80 89 0
0 88 53
80 88 0
0 86 53
50 86 0
0 88 58
30 88 0
0 86 59
80 86 0
0 84 52
80 84 0
0 83 52
50 83 0
0 84 53
30 84 0
0 93 57
120 93 0
40 89 56
80 89 0
0 84 56
80 84 0
0 81 56
80 81 0
0 77 55
80 77 0
0 72 55
80 72 0
0 84 54
80 84 0
0 81 54
80 81 0
0 77 53
80 77 0
0 72 53
80 72 0
0 69 53
80 69 0
0 72 52
80 72 0
0 67 52
80 67 0
0 64 51
80 64 0
0 60 51
80 60 0
0 58 50
80 58 0
0 55 50
80 55 0
0 53 50
76 53 0
4 53 51
80 53 0
0 57 52
80 57 0
0 65 53
76 65 0
4 65 55
80 65 0
0 69 56
80 69 0
0 77 57
76 77 0
4 77 58
80 77 0
0 81 60
80 81 0
0 89 61
76 89 0
4 89 62
80 89 0
0 93 63
80 93 0
0 101 71
240 101 0
0 93 54
80 91 53
20 93 0
60 89 52
20 91 0
60 88 49
20 89 0
60 89 47
20 88 0
60 91 47
20 89 0
60 91 0
0 79 51
80 82 47
20 79 0
60 84 48
20 82 0
60 85 55
20 84 0
60 88 45
20 85 0
60 91 45
20 88 0
60 91 0
0 79 51
80 82 46
20 79 0
60 84 46
20 82 0
60 85 56
20 84 0
60 88 50
20 85 0
60 91 50
20 88 0
60 91 0
0 79 54
80 82 50
20 79 0
60 89 50
20 82 0
60 88 49
20 89 0
60 87 47
20 88 0
60 88 47
20 87 0
60 100 48
20 88 0
60 97 44
20 100 0
60 91 44
20 97 0
60 91 0
0 88 50
80 85 40
20 88 0
60 88 40
20 85 0
60 76 45
20 88 0
60 73 40
20 76 0
60 76 40
20 73 0
60 76 0
0 64 48
80 64 0
0 61 42
80 61 0
0 64 42
80 64 0
0 57 44
80 59 41
20 57 0
60 61 40
20 59 0
60 62 41
20 61 0
60 69 39
20 62 0
60 66 39
20 69 0
60 66 0
0 57 43
80 60 39
20 57 0
60 63 40
20 60 0
60 62 46
20 63 0
60 69 38
20 62 0
60 66 38
20 69 0
60 66 0
0 57 43
80 60 39
20 57 0
60 63 39
20 60 0
60 62 47
20 63 0
60 69 42
20 62 0
60 66 42
20 69 0
60 66 0
0 57 45
80 60 42
20 57 0
60 63 42
20 60 0
60 62 46
20 63 0
60 62 0
0 65 47
80 65 0
0 68 49
80 68 0
0 71 50
80 71 0
0 74 51
80 74 0
0 77 53
80 77 0
0 80 54
80 80 0
0 77 55
80 77 0
0 80 57
80 80 0
0 83 58
80 83 0
0 86 59
80 86 0
0 89 61
80 89 0
0 92 62
80 92 0
0 85 63
80 85 0
0 86 65
80 86 0
0 89 66
80 89 0
0 92 67
80 92 0
0 95 72
50 98 65
30 98 0
0 95 0
0 101 74
80 101 0
0 100 72
80 100 0
0 98 70
80 98 0
0 96 68
80 96 0
0 94 64
80 94 0
0 98 65
80 98 0
0 91 66
80 91 0
0 88 61
80 88 0
0 96 61
80 96 0
0 84 65
80 84 0
0 82 60
80 82 0
0 86 60
80 86 0
0 79 57
80 79 0
0 76 51
80 76 0
0 84 51
80 84 0
0 72 55
80 72 0
0 74 49
80 74 0
0 76 49
80 76 0
0 77 52
80 77 0
0 81 48
80 81 0
0 82 48
80 82 0
0 84 52
80 84 0
0 89 48
80 89 0
0 93 48
80 93 0
0 96 59
80 96 0
0 94 53
80 94 0
0 93 53
50 93 0
0 94 53
30 94 0
0 93 58
80 93 0
0 91 53
80 91 0
0 89 53
50 89 0
0 91 58
30 91 0
0 89 60
80 89 0
0 88 53
80 88 0
0 86 53
50 86 0
0 88 58
30 88 0
0 86 59
80 86 0
0 84 52
80 84 0
0 83 52
50 83 0
0 84 53
30 84 0
0 93 57
120 93 0
40 89 56
80 89 0
0 84 56
80 84 0
0 81 56
80 81 0
0 77 55
80 77 0
0 72 55
80 72 0
0 84 54
80 84 0
0 81 54
80 81 0
0 77 53
80 77 0
0 72 53
80 72 0
0 69 53
80 69 0
0 72 52
80 72 0
0 67 52
80 67 0
0 64 51
80 64 0
0 60 51
80 60 0
0 58 50
80 58 0
0 55 50
80 55 0
0 53 50
80 53 0
0 57 51
80 57 0
0 60 52
80 60 0
0 65 52
60 65 0
0 69 52
60 69 0
0 72 53
60 72 0
0 77 53
60 77 0
120 77 53
30 81 56
30 84 60
30 89 63
30 89 0
0 77 0
0 81 0
0 84 0
2160 86 50
0 74 42
720 74 0
0 86 0
0 87 53
0 75 45
720 75 0
0 87 0
0 92 58
0 80 49
720 80 0
0 92 0
0 96 63
0 84 52
720 84 0
0 96 0
0 89 60
0 101 70
1440 101 0
0 89 0
0 99 60
0 87 50
720 87 0
0 99 0
0 97 55
0 85 47
480 85 0
0 97 0
0 85 47
120 85 0
0 89 45
0 84 33
120 84 0
0 83 33
120 83 0
0 89 0
0 89 45
0 82 32
120 82 0
0 81 32
120 81 0
0 89 0
0 89 44
0 80 32
120 80 0
0 79 32
120 79 0
0 89 0
0 82 44
0 78 32
120 78 0
0 77 31
120 77 0
0 82 0
0 82 43
0 76 31
120 76 0
0 75 30
120 75 0
0 82 0
0 82 42
0 74 30
120 74 0
0 73 30
120 73 0
0 82 0
0 82 41
0 72 29
120 72 0
0 72 37
60 72 0
0 70 32
60 70 0
0 82 0
0 72 37
60 72 0
0 70 32
60 70 0
0 72 37
60 72 0
0 70 32
60 70 0
0 72 37
60 72 0
0 70 31
60 70 0
0 72 37
60 72 0
0 70 32
60 70 0
0 72 37
60 72 0
0 70 32
60 70 0
0 72 37
60 72 0
0 70 33
60 70 0
0 72 37
60 72 0
0 70 33
60 70 0
0 72 37
60 72 0
0 70 31
60 70 0
0 72 37
60 72 0
0 70 31
60 70 0
0 72 37
60 72 0
0 70 32
60 70 0
0 72 37
60 72 0
0 70 32
60 70 0
0 72 37
0 75 50
60 72 0
0 70 31
60 70 0
0 72 36
60 72 0
0 70 27
60 70 0
0 72 34
60 72 0
0 70 28
60 70 0
0 72 32
60 72 0
0 70 27
60 70 0
0 72 31
60 72 0
0 70 26
60 70 0
0 72 29
60 72 0
0 70 23
60 70 0
0 75 0
0 74 51
0 71 29
60 71 0
0 70 26
60 70 0
0 71 30
60 71 0
0 70 27
60 70 0
0 71 31
60 71 0
0 70 27
60 70 0
0 71 32
60 71 0
0 70 27
60 70 0
0 71 33
60 71 0
0 70 28
60 70 0
0 71 34
60 71 0
0 70 29
60 70 0
0 74 0
0 77 56
0 71 35
60 71 0
0 70 31
60 70 0
0 71 36
60 71 0
0 70 32
60 70 0
0 71 36
60 71 0
0 70 31
60 70 0
0 71 37
60 71 0
0 70 31
60 70 0
0 71 37
60 71 0
0 70 32
60 70 0
0 71 37
60 71 0
0 70 32
60 70 0
0 77 0
0 71 37
0 80 59
60 71 0
0 70 32
60 70 0
0 71 37
60 71 0
0 70 33
60 70 0
0 71 37
60 71 0
0 70 32
60 70 0
0 71 37
60 71 0
0 70 32
60 70 0
0 71 37
60 71 0
0 70 32
60 70 0
0 71 37
60 71 0
0 70 31
60 70 0
0 80 0
0 80 61
0 71 37
60 71 0
0 70 31
60 70 0
0 71 36
60 71 0
0 70 31
60 70 0
0 71 36
60 71 0
0 70 30
60 70 0
0 71 36
60 71 0
0 70 29
60 70 0
0 71 35
60 71 0
0 70 29
60 70 0
0 71 35
60 71 0
0 70 29
60 70 0
0 71 34
60 71 0
0 70 29
60 70 0
0 71 33
60 71 0
0 70 29
60 70 0
0 71 33
60 71 0
0 70 27
60 70 0
0 71 32
60 71 0
0 70 27
60 70 0
0 71 32
60 71 0
0 70 27
60 70 0
0 71 31
60 71 0
0 70 27
60 70 0
0 80 0
0 74 50
0 71 30
60 71 0
0 70 26
60 70 0
0 71 30
60 71 0
0 70 26
60 70 0
0 71 22
60 71 0
0 70 24
60 70 0
0 71 27
60 71 0
0 70 24
60 70 0
0 71 27
60 71 0
0 70 24
60 70 0
0 71 27
60 71 0
0 70 23
60 70 0
0 74 0
0 75 51
0 72 29
60 72 0
0 70 26
60 70 0
0 72 30
60 72 0
0 70 26
60 70 0
0 72 30
60 72 0
0 70 27
60 70 0
0 72 31
60 72 0
0 70 26
60 70 0
0 72 32
60 72 0
0 70 27
60 70 0
0 72 32
60 72 0
0 70 28
60 70 0
0 75 0
0 79 56
0 72 33
60 72 0
0 70 29
60 70 0
0 72 34
60 72 0
0 70 30
60 70 0
0 72 35
60 72 0
0 70 28
60 70 0
0 72 35
60 72 0
0 70 29
60 70 0
0 72 36
60 72 0
0 70 30
60 70 0
0 72 36
60 72 0
0 70 31
60 70 0
0 79 0
0 72 36
0 82 59
60 72 0
0 70 32
60 70 0
0 72 37
60 72 0
0 70 32
60 70 0
0 72 37
60 72 0
0 70 32
60 70 0
0 72 37
60 72 0
0 70 32
60 70 0
0 72 37
60 72 0
0 70 32
60 70 0
0 72 37
60 72 0
0 70 31
60 70 0
0 82 0
0 70 55
0 82 61
600 82 0
0 70 0
0 69 43
60 69 0
0 70 46
60 70 0
0 71 48
72 71 0
0 72 49
68 72 0
0 73 50
68 73 0
0 74 50
68 74 0
0 75 51
68 75 0
0 76 52
68 76 0
0 77 53
68 77 0
0 78 53
60 78 0
0 79 54
60 79 0
0 80 55
60 80 0
0 81 55
60 81 0
0 82 56
96 82 0
0 83 57
96 83 0
0 84 58
96 84 0
0 85 59
96 85 0
0 86 60
96 86 0
0 87 61
48 87 0
0 87 61
48 87 0
0 87 62
48 87 0
0 87 62
48 87 0
4 87 62
44 87 62
4 87 0
56 87 0
60 91 57
60 91 0
60 89 57
60 89 0
60 87 57
60 87 0
60 86 56
60 86 0
60 84 57
60 84 0
60 82 62
120 82 0
0 81 54
120 81 0
0 84 57
120 84 0
0 82 56
120 82 0
0 80 55
120 80 0
0 79 54
120 79 0
0 76 50
60 76 0
0 77 50
60 77 0
0 76 50
60 76 0
0 77 50
60 77 0
0 76 50
60 76 0
0 77 50
60 77 0
0 76 50
60 76 0
0 77 52
60 77 0
0 80 56
180 80 0
0 79 52
60 79 0
0 70 53
480 72 49
120 72 0
0 74 50
120 74 0
0 75 53
240 75 0
420 69 44
60 69 0
0 70 0
0 73 55
0 69 53
480 73 0
0 72 53
240 77 56
720 72 0
0 69 0
0 70 53
720 70 0
0 77 0
0 45 46
60 45 0
0 48 47
60 48 0
0 51 47
60 51 0
0 53 48
60 53 0
0 54 49
60 54 0
0 57 50
60 57 0
0 60 50
60 60 0
0 63 51
57 63 0
3 65 52
48 65 0
0 66 52
48 66 0
0 69 53
48 69 0
0 72 54
48 72 0
0 78 54
48 78 0
0 77 57
480 77 0
0 76 52
40 76 0
0 77 47
40 77 0
0 76 51
40 76 0
0 77 47
40 77 0
0 76 51
40 76 0
0 77 46
40 77 0
0 82 53
480 82 0
0 82 53
120 82 0
0 83 56
120 83 0
0 84 55
60 84 0
0 83 55
60 83 0
0 84 56
60 84 0
0 83 57
60 83 0
0 84 58
60 84 0
0 83 59
60 83 0
0 84 60
60 84 0
0 83 60
60 83 0
0 84 62
72 84 0
0 83 63
72 83 0
0 82 64
48 82 0
0 83 66
48 83 0
0 84 70
840 84 0
0 79 64
120 79 0
0 76 62
120 76 0
0 72 61
120 72 0
0 67 60
120 67 0
0 64 59
120 64 0
0 68 58
120 68 0
0 65 56
120 65 0
0 61 56
120 61 0
0 59 55
120 59 0
0 56 54
120 56 0
0 53 52
120 53 0
0 52 55
120 52 0
0 55 52
120 55 0
0 60 52
120 60 0
0 64 52
120 64 0
0 54 49
120 54 0
0 63 49
120 63 0
0 53 55
120 53 0
0 56 52
120 56 0
0 61 52
120 61 0
0 65 52
120 65 0
0 56 49
120 56 0
0 68 49
120 68 0
0 59 57
120 59 0
0 62 53
120 62 0
0 65 53
120 65 0
0 71 53
120 71 0
0 65 48
120 65 0
0 77 49
120 77 0
0 64 58
120 64 0
0 67 53
120 67 0
0 72 53
120 72 0
0 76 54
120 76 0
0 66 52
120 66 0
0 75 52
120 75 0
0 65 60
120 65 0
0 68 57
120 68 0
0 73 57
120 73 0
0 77 58
120 77 0
0 68 55
120 68 0
0 80 55
120 80 0
0 71 67
120 71 0
0 74 60
120 74 0
0 77 60
120 77 0
0 83 62
120 83 0
0 77 58
120 77 0
0 89 58
120 89 0
0 76 67
120 76 0
0 79 64
120 79 0
0 84 65
120 84 0
0 88 66
120 88 0
0 78 63
120 78 0
0 87 63
120 87 0
0 77 71
120 77 0
0 80 68
120 80 0
0 85 70
120 85 0
0 89 70
120 89 0
0 80 66
120 80 0
0 92 66
120 92 0
0 83 77
120 83 0
0 86 73
120 86 0
0 89 74
120 89 0
0 95 74
120 95 0
0 89 68
120 89 0
0 101 69
120 101 0
0 88 71
120 88 0
0 100 72
120 100 0
0 95 79
120 95 0
0 100 73
120 100 0
0 96 70
120 96 0
0 91 70
120 91 0
0 88 73
120 88 0
0 96 73
120 96 0
0 90 79
120 90 0
0 96 73
120 96 0
0 91 73
120 91 0
0 88 71
120 88 0
0 84 73
120 84 0
0 91 73
120 91 0
0 87 78
120 87 0
0 91 73
120 91 0
0 88 71
120 88 0
0 84 72
120 84 0
0 79 73
120 79 0
0 88 73
120 88 0
0 83 77
120 83 0
0 88 73
120 88 0
0 84 70
120 84 0
0 79 70
120 79 0
0 76 73
120 76 0
0 84 73
120 84 0
0 78 78
120 78 0
0 84 73
120 84 0
0 79 71
120 79 0
0 76 71
120 76 0
0 72 71
120 72 0
0 79 70
120 79 0
0 75 73
120 75 0
0 79 68
120 79 0
0 76 65
120 76 0
0 72 65
120 72 0
0 67 66
120 67 0
0 76 61
120 76 0
0 71 67
120 71 0
0 76 59
120 76 0
0 72 59
120 72 0
0 70 57
120 70 0
0 67 56
120 67 0
0 64 55
120 64 0
0 60 55
120 60 0
0 58 54
120 58 0
0 55 53
120 55 0
0 52 52
120 52 0
960 69 61
120 69 0
0 70 56
120 72 56
120 72 0
0 70 0
0 76 56
120 76 0
0 81 64
120 81 0
0 82 55
120 84 55
120 84 0
0 82 0
0 88 56
120 88 0
0 93 64
96 93 0
0 91 58
96 91 0
0 90 59
96 90 0
0 91 59
96 91 0
0 93 65
96 93 0
0 91 44
60 91 0
0 93 38
60 93 0
0 91 42
60 91 0
0 93 37
60 93 0
0 91 43
60 91 0
0 93 37
60 93 0
0 91 43
60 91 0
0 93 38
60 93 0
0 91 44
60 91 0
0 93 40
60 93 0
0 91 44
60 91 0
0 93 40
60 93 0
0 91 45
60 91 0
0 93 41
60 93 0
0 91 46
60 91 0
0 93 43
60 93 0
0 91 48
60 91 0
0 93 43
60 93 0
0 91 48
60 91 0
0 93 44
60 93 0
0 91 50
60 91 0
0 93 44
60 93 0
0 91 51
60 91 0
0 93 44
60 93 0
0 91 51
60 91 0
0 93 45
60 93 0
0 91 50
60 91 0
0 93 45
60 93 0
0 91 50
60 91 0
0 93 43
60 93 0
0 91 49
60 91 0
0 93 43
60 93 0
0 91 48
60 91 0
0 93 43
60 93 0
0 91 47
60 91 0
0 93 38
60 93 0
0 91 44
60 91 0
0 93 36
60 93 0
0 91 46
60 91 0
0 93 37
60 93 0
0 91 45
80 91 0
0 93 40
80 93 0
0 91 38
80 91 0
0 90 44
80 90 0
0 91 46
80 91 0
0 93 46
80 93 0
0 91 52
480 91 0
720 63 37
0 69 45
475 69 0
0 63 0
5 63 36
0 69 44
238 69 0
0 63 0
2 64 41
0 70 50
475 70 0
0 64 0
5 64 40
0 70 48
238 70 0
0 64 0
2 65 44
0 71 53
475 71 0
0 65 0
5 65 43
0 71 51
238 71 0
0 65 0
2 65 47
0 72 56
475 72 0
0 65 0
5 65 48
238 65 0
2 69 53
0 74 63
475 74 0
0 69 0
5 69 51
0 72 61
238 72 0
0 69 0
2 67 50
0 70 60
475 70 0
0 67 0
5 68 42
0 71 50
238 71 0
0 68 0
2 67 45
0 72 54
475 72 0
0 67 0
5 64 40
0 70 48
238 70 0
0 64 0
2 65 39
0 69 46
480 69 0
0 65 0
240 99 38
120 99 0
0 98 36
120 98 0
0 101 40
120 101 0
0 99 37
120 99 0
0 98 37
120 98 0
0 96 37
120 96 0
0 94 40
120 94 0
0 93 37
120 93 0
0 96 41
120 96 0
0 94 38
120 94 0
0 93 39
120 93 0
0 91 39
120 91 0
0 89 42
120 89 0
0 88 39
120 88 0
0 91 44
120 91 0
0 89 41
120 89 0
0 88 41
120 88 0
0 86 41
120 86 0
0 84 43
120 84 0
0 83 41
120 83 0
0 86 47
120 86 0
0 84 44
120 84 0
0 82 44
120 82 0
0 81 44
120 81 0
0 86 47
120 86 0
0 85 45
120 85 0
0 87 51
120 87 0
0 86 46
120 86 0
0 84 46
120 84 0
0 81 47
120 81 0
0 82 51
120 82 0
0 81 47
120 81 0
0 84 52
120 84 0
0 82 48
120 82 0
0 79 48
120 79 0
0 74 48
120 74 0
0 72 53
120 72 0
0 71 49
120 71 0
0 74 54
120 74 0
0 72 49
120 72 0
0 70 49
120 70 0
0 67 49
120 67 0
0 69 52
120 69 0
0 68 49
120 68 0
0 69 56
120 69 0
0 70 50
120 70 0
0 65 51
120 65 0
0 69 51
120 69 0
0 63 60
120 69 56
120 69 0
0 68 56
120 68 0
0 69 56
120 69 0
0 63 0
0 70 53
120 70 0
0 69 53
120 69 0
0 64 60
120 70 57
120 70 0
0 69 57
120 69 0
0 70 57
120 70 0
0 64 0
0 72 55
120 72 0
0 70 55
120 70 0
0 65 63
120 71 58
120 71 0
0 70 58
120 70 0
0 71 58
120 71 0
0 65 0
0 72 56
120 72 0
0 71 56
120 71 0
0 65 65
120 72 59
120 72 0
0 71 59
120 71 0
0 72 59
120 72 0
0 65 0
0 74 56
120 74 0
0 72 56
120 72 0
0 69 65
120 74 60
120 74 0
0 73 60
120 73 0
0 74 60
120 74 0
0 69 0
0 76 58
120 76 0
0 74 58
120 74 0
0 74 66
120 79 61
120 79 0
0 78 61
120 78 0
0 79 61
120 79 0
0 74 0
0 81 59
120 81 0
0 79 60
120 79 0
0 79 69
120 84 63
120 84 0
0 83 63
120 83 0
0 84 63
120 84 0
0 79 0
0 86 61
120 86 0
0 84 61
120 84 0
0 84 70
120 89 63
120 89 0
0 88 63
120 88 0
0 89 59
120 89 0
0 84 0
0 91 61
120 91 0
0 89 61
120 89 0
0 86 65
120 86 0
0 85 60
120 85 0
0 88 66
120 88 0
0 86 63
120 86 0
0 79 72
240 79 0
0 88 75
120 93 68
120 93 0
0 92 69
120 92 0
0 93 63
120 93 0
0 88 0
0 94 64
120 94 0
0 93 64
120 93 0
0 89 71
120 89 0
0 88 64
120 88 0
0 91 72
120 91 0
0 89 66
120 89 0
0 86 77
240 86 0
0 91 79
120 96 71
120 96 0
0 95 73
120 95 0
0 96 67
120 96 0
0 91 0
0 98 67
120 98 0
0 96 69
120 96 0
0 93 74
120 93 0
0 92 68
120 92 0
0 94 75
120 94 0
0 93 68
120 93 0
0 89 77
240 89 0
0 93 83
120 98 76
120 98 0
0 97 76
120 97 0
0 98 70
120 98 0
0 93 0
0 99 70
120 99 0
0 98 70
120 98 0
0 94 76
120 94 0
0 93 69
120 93 0
0 96 76
120 96 0
0 94 69
120 94 0
0 91 80
240 91 0
0 94 50
120 94 0
0 100 45
120 100 0
0 91 45
120 91 0
0 94 42
30 94 0
0 96 42
30 96 0
0 94 45
60 94 0
0 93 48
120 93 0
0 91 45
120 91 0
0 90 50
120 90 0
0 96 45
120 96 0
0 84 45
120 84 0
0 87 40
30 87 0
0 89 40
30 89 0
0 87 45
60 87 0
0 86 45
120 86 0
0 84 45
120 84 0
0 83 49
120 83 0
0 89 45
120 89 0
0 77 45
120 77 0
0 80 39
30 80 0
0 82 39
30 82 0
0 80 42
60 80 0
0 79 49
120 79 0
0 77 45
120 77 0
0 76 51
120 76 0
0 82 45
120 82 0
0 74 45
120 74 0
0 73 39
30 73 0
0 75 39
30 75 0
0 73 43
60 73 0
0 72 45
120 72 0
0 70 45
240 70 0
0 69 41
120 69 0
0 72 43
120 72 0
0 76 45
120 76 0
0 77 47
120 77 0
0 81 49
120 81 0
0 84 51
120 84 0
0 88 52
120 88 0
0 89 54
120 89 0
0 93 56
120 93 0
0 96 58
120 96 0
0 100 60
120 100 0
0 101 60
120 101 0
0 100 60
120 100 0
0 99 59
120 99 0
0 98 59
120 98 0
0 97 58
120 97 0
0 96 58
120 96 0
0 95 57
120 95 0
0 94 57
120 94 0
0 93 56
120 93 0
0 92 55
120 92 0
0 91 55
120 91 0
0 90 54
120 90 0
0 89 52
120 89 0
0 93 51
120 93 0
0 92 50
120 92 0
0 91 49
120 91 0
0 90 48
120 90 0
0 89 47
120 89 0
0 88 46
120 88 0
0 87 46
120 87 0
0 86 45
120 86 0
0 85 44
120 85 0
0 84 43
120 84 0
0 83 42
120 83 0
0 82 46
120 82 0
0 88 40
120 88 0
0 87 39
120 87 0
0 86 39
120 86 0
0 85 39
120 85 0
0 84 38
120 84 0
0 83 38
120 83 0
0 82 37
120 82 0
0 81 37
120 81 0
0 80 37
120 80 0
0 79 36
120 79 0
0 78 36
120 78 0
0 77 45
120 77 0
1080 69 47
120 81 44
120 81 0
0 69 0
0 70 49
120 82 45
120 82 0
0 70 0
0 71 51
120 83 48
120 83 0
0 71 0
0 72 54
120 84 50
120 84 0
0 72 0
0 74 56
120 86 51
120 86 0
0 74 0
0 76 58
120 88 54
120 88 0
0 76 0
0 77 60
120 89 56
60 89 0
0 79 57
60 79 0
0 77 0
0 91 63
240 91 0
480 69 54
120 81 49
120 81 0
0 69 0
0 70 55
120 82 51
120 82 0
0 70 0
0 71 57
120 83 52
120 83 0
0 71 0
0 72 58
120 84 52
120 84 0
0 72 0
0 74 60
120 86 53
120 86 0
0 74 0
0 76 62
120 88 55
120 88 0
0 76 0
0 77 63
120 89 55
120 89 0
0 77 0
0 79 65
120 91 56
120 91 0
0 79 0
0 80 66
120 92 54
60 92 0
0 81 54
60 81 0
0 80 0
0 93 68
120 93 0
600 81 66
120 93 63
120 93 0
0 81 0
0 83 68
120 95 66
120 95 0
0 83 0
0 85 71
120 97 69
60 97 0
0 86 69
60 85 0
0 98 74
420 98 0
0 86 0
0 88 71
60 100 76
180 100 0
0 88 0
0 89 71
60 101 76
660 101 0
0 89 0
0 86 70
60 98 77
420 98 0
0 86 0
0 88 73
60 100 78
180 100 0
0 88 0
0 89 71
60 101 76
720 101 0
0 86 83
20 89 0
100 86 0
0 98 76
120 98 0
0 89 76
120 89 0
0 94 76
120 94 0
0 92 76
120 92 0
0 89 76
120 89 0
0 86 84
120 86 0
0 82 83
120 82 0
0 80 81
120 80 0
0 77 80
120 77 0
0 74 79
120 74 0
0 70 77
120 70 0
0 68 76
120 68 0
600 68 75
0 62 62
0 64 62
720 64 0
0 62 0
0 68 0
0 61 65
0 69 65
120 62 66
20 69 0
0 61 0
100 64 66
20 62 0
100 66 67
20 64 0
100 68 68
20 66 0
100 69 69
20 68 0
100 71 70
20 69 0
100 73 71
20 71 0
100 74 72
20 73 0
100 76 73
20 74 0
100 78 74
20 76 0
100 80 74
20 78 0
100 81 75
20 80 0
100 83 76
20 81 0
100 85 77
20 83 0
100 86 78
20 85 0
100 88 79
20 86 0
100 90 80
20 88 0
100 92 81
20 90 0
100 93 81
20 92 0
100 95 82
20 93 0
100 97 83
20 95 0
100 98 84
20 97 0
100 99 85
20 98 0
100 100 91
20 99 0
100 100 0
0 97 82
120 97 0
0 93 82
120 93 0
0 88 85
120 88 0
0 86 81
120 86 0
0 92 82
120 92 0
0 93 90
120 93 0
0 88 85
120 88 0
0 85 81
120 85 0
0 81 81
120 81 0
0 80 77
120 80 0
0 86 77
120 86 0
0 88 83
120 88 0
0 85 76
120 85 0
0 81 76
120 81 0
0 76 76
120 76 0
0 74 72
120 74 0
0 80 73
120 80 0
0 81 82
120 81 0
0 76 76
120 76 0
0 73 76
120 73 0
0 69 76
120 69 0
0 68 72
120 68 0
0 74 72
120 74 0
0 76 70
120 76 0
0 73 63
120 73 0
0 69 63
120 69 0
0 64 62
120 64 0
0 62 57
120 62 0
0 68 57
120 68 0
0 69 63
120 69 0
0 64 57
120 64 0
0 61 55
120 61 0
0 57 53
120 57 0
0 56 48
120 56 0
0 62 46
120 62 0
0 64 48
120 61 51
20 64 0
100 57 54
20 61 0
100 52 51
20 57 0
100 56 48
20 52 0
100 62 48
20 56 0
100 64 48
20 62 0
100 61 51
20 64 0
100 57 54
20 61 0
100 52 51
20 57 0
100 56 48
20 52 0
100 62 47
20 56 0
100 64 36
20 62 0
100 61 38
20 64 0
100 57 40
20 61 0
100 52 38
20 57 0
100 56 35
20 52 0
100 62 35
20 56 0
100 64 36
20 62 0
100 61 38
20 64 0
100 57 40
20 61 0
100 52 38
20 57 0
100 56 35
20 52 0
100 62 35
20 56 0
100 57 36
0 64 36
20 62 0
100 58 36
20 64 0
0 57 0
100 59 36
20 58 0
100 60 35
20 59 0
100 61 35
20 60 0
100 62 35
20 61 0
100 63 35
20 62 0
100 64 34
20 63 0
100 65 34
20 64 0
100 66 34
20 65 0
100 67 33
20 66 0
100 68 33
20 67 0
100 69 33
20 68 0
100 68 29
20 69 0
100 69 33
20 68 0
100 68 30
20 69 0
100 69 33
20 68 0
100 68 29
20 69 0
100 69 33
20 68 0
100 68 30
20 69 0
100 69 33
20 68 0
100 68 30
20 69 0
100 69 33
20 68 0
100 68 29
20 69 0
100 69 33
20 68 0
100 68 29
20 69 0
100 69 33
20 68 0
100 68 30
20 69 0
100 69 33
20 68 0
100 68 30
20 69 0
40 68 0
0 70 39
60 70 0
0 69 41
120 69 0
0 64 34
120 64 0
0 68 42
120 68 0
0 64 34
120 64 0
0 69 42
120 69 0
0 64 36
60 64 0
0 72 38
60 72 0
0 70 44
120 70 0
0 64 38
120 64 0
0 69 47
120 69 0
0 64 38
120 64 0
0 70 48
120 70 0
0 64 40
120 64 0
0 71 50
120 71 0
0 65 41
120 65 0
0 77 51
120 65 41
120 65 0
0 71 47
120 71 0
0 65 39
60 65 0
0 74 41
60 74 0
0 72 50
120 72 0
0 65 42
120 65 0
0 71 49
120 71 0
0 65 41
120 65 0
0 72 49
120 72 0
0 65 44
120 65 0
0 72 51
120 72 0
0 69 44
120 69 0
0 77 0
0 81 56
0 75 47
120 75 0
0 65 47
120 65 0
0 74 52
120 74 0
0 65 45
120 65 0
0 74 53
120 74 0
0 67 45
120 67 0
0 81 0
0 79 58
0 70 53
120 70 0
0 67 45
120 67 0
0 70 51
120 70 0
0 67 45
120 67 0
0 70 51
120 70 0
0 67 45
120 67 0
0 79 0
0 79 58
0 73 42
120 73 0
0 67 45
120 67 0
0 72 51
120 72 0
0 67 45
120 67 0
0 72 51
120 72 0
0 65 45
120 65 0
0 79 0
0 77 58
0 69 45
120 69 0
0 65 45
120 65 0
0 69 45
120 69 0
0 65 45
120 65 0
0 77 0
0 64 55
120 60 42
120 60 0
0 72 43
120 72 0
0 60 43
120 60 0
0 64 0
0 65 51
120 60 44
120 60 0
0 65 0
0 66 57
120 62 45
120 62 0
0 74 45
120 74 0
0 62 45
120 62 0
0 66 0
0 67 54
120 62 45
120 62 0
0 67 0
0 68 59
120 64 46
120 64 0
0 76 47
120 76 0
0 64 47
120 64 0
0 68 0
0 69 56
120 64 48
120 64 0
0 69 0
0 69 62
120 65 48
120 65 0
0 77 49
120 77 0
0 65 49
120 65 0
0 69 0
0 70 58
120 65 49
120 65 0
0 70 0
0 71 64
120 67 50
120 67 0
0 79 50
120 67 51
120 67 0
0 71 0
0 72 60
120 67 49
120 67 0
0 72 0
0 79 0
0 81 67
120 69 57
120 69 0
0 72 57
120 72 0
0 69 57
120 69 0
0 81 0
0 71 53
120 68 46
120 68 0
0 71 0
0 70 53
120 67 46
120 67 0
0 70 0
0 76 53
120 67 45
120 67 0
0 76 0
0 79 53
120 67 46
120 67 0
0 79 0
0 81 53
120 69 45
120 69 0
0 72 48
120 72 0
0 69 44
120 69 0
0 81 0
0 71 46
120 68 36
120 68 0
0 71 0
0 70 42
120 67 37
120 67 0
0 70 0
0 76 42
120 67 36
120 67 0
0 76 0
0 79 43
120 67 37
120 67 0
0 79 0
0 81 43
120 69 37
120 69 0
0 68 41
120 68 0
0 69 36
120 69 0
0 81 0
0 81 47
120 69 37
120 69 0
0 81 0
0 77 50
120 69 38
120 69 0
0 77 0
0 72 47
120 69 38
120 69 0
0 72 0
0 81 47
120 69 38
120 69 0
0 81 0
0 76 52
120 69 38
120 69 0
0 76 0
0 72 48
120 69 38
120 69 0
0 72 0
0 81 49
120 69 40
120 69 0
0 81 0
0 77 54
120 69 41
120 69 0
0 77 0
0 72 53
120 69 42
120 69 0
0 72 0
0 81 60
120 69 44
120 69 0
0 81 0
0 72 56
120 69 45
120 69 0
0 72 0
0 81 63
120 69 45
120 69 0
0 81 0
0 73 59
120 69 46
120 69 0
0 73 0
0 81 70
120 69 49
120 69 0
0 81 0
0 74 59
120 69 49
120 69 0
0 74 0
0 81 71
120 69 50
120 69 0
0 81 0
0 75 66
120 69 52
120 69 0
0 75 0
0 82 74
120 70 54
120 70 0
0 82 0
0 75 68
120 70 55
120 70 0
0 75 0
0 83 80
120 71 57
120 71 0
0 83 0
0 75 72
120 71 58
120 71 0
0 75 0
0 84 84
120 72 59
120 72 0
0 84 0
0 73 73
0 85 86
240 85 0
0 73 0
0 59 65
120 59 0
0 61 69
120 61 0
0 65 73
120 65 0
0 68 77
120 68 0
0 71 86
120 71 0
0 83 81
120 83 0
0 71 77
120 71 0
0 73 78
120 73 0
0 77 79
120 77 0
0 80 81
120 80 0
0 83 88
120 83 0
0 95 85
120 95 0
0 92 81
120 92 0
0 89 80
120 89 0
0 85 79
120 85 0
0 83 78
120 83 0
0 80 76
120 80 0
0 77 75
120 77 0
0 73 74
120 73 0
0 71 73
120 71 0
0 68 72
120 68 0
0 65 71
120 65 0
0 70 67
120 64 61
20 70 0
100 63 62
20 64 0
100 69 62
20 63 0
100 68 64
20 69 0
100 62 63
20 68 0
100 61 70
20 62 0
100 67 63
20 61 0
100 66 63
20 67 0
100 60 63
20 66 0
100 59 63
20 60 0
100 65 63
20 59 0
100 64 66
20 65 0
100 58 56
20 64 0
100 55 58
20 58 0
100 63 60
20 55 0
100 62 62
20 63 0
100 55 64
20 62 0
100 58 70
20 55 0
100 61 64
20 58 0
100 60 66
20 61 0
100 55 67
20 60 0
100 57 69
20 55 0
100 60 70
20 57 0
100 60 0
0 62 70
120 56 64
20 62 0
100 55 64
20 56 0
100 61 64
20 55 0
100 60 63
20 61 0
100 54 63
20 60 0
100 53 70
20 54 0
100 59 60
20 53 0
100 58 60
20 59 0
100 52 57
20 58 0
100 51 55
20 52 0
100 57 53
20 51 0
100 56 62
20 57 0
100 50 56
20 56 0
100 47 54
20 50 0
100 56 53
20 47 0
100 52 51
20 56 0
100 47 50
20 52 0
100 56 57
20 47 0
100 53 55
20 56 0
100 48 54
20 53 0
100 56 52
20 48 0
100 53 51
20 56 0
100 51 49
20 53 0
100 51 0
0 57 51
120 48 42
20 57 0
100 51 42
20 48 0
100 54 42
20 51 0
100 55 42
20 54 0
100 50 42
20 55 0
100 49 51
20 50 0
100 52 41
20 49 0
100 53 41
20 52 0
100 48 41
20 53 0
100 53 41
20 48 0
100 60 41
20 53 0
100 58 50
20 60 0
100 52 40
20 58 0
100 56 41
20 52 0
100 59 41
20 56 0
100 60 41
20 59 0
100 55 41
20 60 0
100 58 52
20 55 0
100 61 42
20 58 0
100 62 41
20 61 0
100 55 41
20 62 0
100 58 41
20 55 0
100 65 41
20 58 0
100 64 50
20 65 0
100 55 42
20 64 0
100 63 42
20 55 0
100 66 42
20 63 0
100 67 42
20 66 0
100 62 43
20 67 0
100 61 52
20 62 0
100 64 42
20 61 0
100 65 43
20 64 0
100 60 43
20 65 0
100 65 43
20 60 0
100 72 43
20 65 0
100 70 53
20 72 0
100 64 43
20 70 0
100 68 44
20 64 0
100 71 44
20 68 0
100 72 44
20 71 0
100 67 45
20 72 0
100 70 57
20 67 0
100 73 49
20 70 0
100 74 45
20 73 0
100 67 46
20 74 0
100 70 46
20 67 0
100 77 46
20 70 0
100 75 57
20 77 0
100 76 55
20 75 0
100 76 0
0 67 56
120 67 0
0 69 57
120 69 0
0 70 58
120 70 0
0 72 59
120 72 0
0 73 60
120 73 0
0 76 61
120 76 0
0 79 62
120 79 0
0 81 63
120 81 0
0 82 64
120 82 0
0 84 65
120 84 0
0 85 68
120 91 67
20 85 0
100 91 0
0 88 66
120 88 0
0 85 65
120 85 0
0 82 64
120 82 0
0 79 63
120 79 0
0 76 62
120 73 61
20 76 0
100 73 0
0 70 60
120 70 0
0 67 59
120 67 0
0 64 58
120 64 0
0 61 57
120 61 0
0 62 56
120 74 55
20 62 0
100 74 0
0 62 57
120 62 0
0 64 59
120 64 0
0 65 60
120 65 0
0 67 62
120 67 0
0 68 63
120 71 65
20 68 0
100 71 0
0 74 66
120 74 0
0 76 68
120 76 0
0 77 69
120 77 0
0 79 71
120 79 0
0 80 72
120 86 67
20 80 0
100 86 0
0 83 68
120 83 0
0 80 67
120 80 0
0 77 66
120 77 0
0 74 66
120 74 0
0 71 65
120 68 64
20 71 0
100 68 0
0 65 63
120 65 0
0 62 62
120 62 0
0 59 61
120 59 0
0 56 60
120 56 0
0 57 68
120 57 0
0 69 59
120 69 0
0 61 59
120 61 0
0 67 59
120 67 0
0 65 59
120 65 0
0 62 59
120 62 0
0 64 67
120 64 0
0 70 57
120 70 0
0 69 57
120 69 0
0 65 57
120 65 0
0 68 57
120 68 0
0 74 56
120 74 0
0 72 66
120 72 0
0 69 57
120 69 0
0 71 57
120 71 0
0 77 57
120 77 0
0 76 56
120 76 0
0 72 55
120 72 0
0 73 65
120 73 0
0 79 56
120 79 0
0 77 56
120 77 0
0 74 56
120 74 0
0 76 56
120 76 0
0 82 56
120 82 0
0 81 69
120 81 0
0 77 57
120 77 0
0 73 57
120 73 0
0 81 58
120 81 0
0 77 58
120 77 0
0 74 60
120 74 0
0 76 71
120 76 0
0 84 60
120 84 0
0 81 61
120 81 0
0 77 60
120 77 0
0 80 61
120 80 0
0 88 61
120 88 0
0 84 76
120 84 0
0 81 66
120 81 0
0 83 67
120 83 0
0 91 67
120 91 0
0 88 68
120 88 0
0 84 68
120 84 0
0 85 82
120 85 0
0 93 67
120 93 0
0 89 68
120 89 0
0 86 69
120 86 0
0 88 69
120 88 0
0 96 70
120 96 0
0 93 82
120 93 0
0 89 70
120 89 0
0 95 70
120 95 0
0 101 71
120 101 0
0 96 78
120 96 0
0 89 71
120 89 0
0 95 80
120 95 0
0 101 71
120 101 0
0 96 80
120 96 0
0 89 72
120 89 0
0 95 79
120 95 0
0 101 72
120 101 0
0 96 78
120 96 0
0 89 72
120 89 0
0 95 78
120 95 0
0 101 72
120 101 0
0 96 77
120 96 0
0 89 71
120 89 0
0 95 78
120 95 0
0 101 70
120 101 0
0 96 79
120 96 0
0 89 70
120 89 0
0 95 78
120 95 0
0 101 68
120 101 0
0 96 78
0 89 78
120 89 0
0 96 0
600 63 56
0 66 56
0 72 66
720 72 0
0 66 0
0 63 0
0 67 56
0 64 56
0 72 68
720 64 0
0 64 61
720 64 0
0 67 0
0 67 61
720 67 0
0 67 60
480 72 0
480 67 0
480 63 42
0 69 50
475 69 0
0 63 0
5 63 40
0 69 48
238 69 0
0 63 0
2 64 45
0 70 54
475 70 0
0 64 0
5 64 43
0 70 52
238 70 0
0 64 0
2 65 47
0 71 56
475 71 0
0 65 0
5 65 45
0 77 54
238 77 0
0 65 0
2 65 49
0 72 58
475 72 0
0 65 0
5 65 49
238 65 0
2 69 53
0 74 63
475 74 0
0 69 0
5 69 51
0 74 61
238 74 0
0 69 0
2 70 50
0 74 60
360 74 0
0 70 0
72 70 44
24 74 52
24 82 58
120 82 0
0 74 0
0 70 0
72 69 40
24 72 49
24 81 56
360 81 0
0 72 0
0 69 0
72 70 39
24 72 46
24 79 52
120 79 0
0 72 0
0 70 0
72 69 34
24 72 39
24 77 50
480 77 0
0 72 0
0 69 0
240 99 40
120 99 0
0 98 39
120 98 0
0 101 42
120 101 0
0 99 39
120 99 0
0 98 39
120 98 0
0 96 39
120 96 0
0 94 41
120 94 0
0 93 39
120 93 0
0 96 43
120 96 0
0 94 39
120 94 0
0 93 39
120 93 0
0 91 39
120 91 0
0 89 42
120 89 0
0 88 39
120 88 0
0 91 44
120 91 0
0 89 40
120 89 0
0 88 40
120 88 0
0 86 40
120 86 0
0 84 42
120 84 0
0 83 40
120 83 0
0 86 45
120 86 0
0 84 41
120 84 0
0 82 41
120 82 0
0 81 42
120 81 0
0 86 44
120 86 0
0 85 42
120 85 0
0 87 47
120 87 0
0 86 43
120 86 0
0 84 43
120 84 0
0 81 43
120 81 0
0 82 47
120 82 0
0 81 43
120 81 0
0 84 48
120 84 0
0 82 44
120 82 0
0 79 44
120 79 0
0 74 44
120 74 0
0 72 48
120 72 0
0 71 45
120 71 0
0 74 50
120 74 0
0 72 45
120 72 0
0 70 45
120 70 0
0 67 45
120 67 0
0 69 48
120 69 0
0 68 45
120 68 0
0 70 51
120 70 0
0 69 45
120 69 0
0 65 47
120 65 0
0 69 47
120 69 0
0 63 55
120 69 51
120 69 0
0 68 51
120 68 0
0 69 51
120 69 0
0 63 0
0 63 52
0 70 48
120 70 0
0 69 48
120 69 0
0 63 0
0 64 56
120 70 53
120 70 0
0 69 53
120 69 0
0 70 53
120 70 0
0 64 0
0 64 53
0 72 51
120 72 0
0 70 51
120 70 0
0 64 0
0 65 58
120 71 54
120 71 0
0 70 54
120 70 0
0 71 54
120 71 0
0 65 0
0 65 56
0 72 53
120 72 0
0 71 53
120 71 0
0 65 0
0 65 61
120 72 55
120 72 0
0 71 55
120 71 0
0 72 56
120 72 0
0 65 0
0 74 53
120 74 0
0 72 53
120 72 0
0 69 62
120 74 57
120 74 0
0 73 57
120 73 0
0 74 57
120 74 0
0 69 0
0 69 59
0 76 56
120 76 0
0 74 56
120 74 0
0 69 0
0 74 63
120 79 58
120 79 0
0 78 58
120 78 0
0 79 58
120 79 0
0 74 0
0 74 60
0 81 57
120 81 0
0 79 58
120 79 0
0 74 0
0 79 67
120 84 61
120 84 0
0 83 61
120 83 0
0 84 61
120 84 0
0 79 0
0 79 67
0 86 59
120 86 0
0 84 59
120 84 0
0 79 0
0 84 69
120 89 61
120 89 0
0 88 63
120 88 0
0 89 59
120 89 0
0 84 0
0 84 66
0 91 61
120 91 0
0 89 61
120 89 0
0 84 0
0 86 65
120 86 0
0 85 60
120 85 0
0 88 66
120 88 0
0 86 63
120 86 0
0 79 72
240 79 0
0 88 75
120 93 68
120 93 0
0 92 69
120 92 0
0 93 63
120 93 0
0 88 0
0 88 72
0 94 64
120 94 0
0 93 65
120 93 0
0 88 0
0 89 72
120 89 0
0 88 65
120 88 0
0 91 73
120 91 0
0 89 67
120 89 0
0 86 75
240 86 0
0 91 85
120 96 76
120 96 0
0 95 78
120 95 0
0 96 72
120 96 0
0 91 0
0 91 81
0 98 72
120 98 0
0 96 74
120 96 0
0 91 0
0 93 79
120 93 0
0 92 73
120 92 0
0 94 80
120 94 0
0 93 73
120 93 0
0 89 82
240 89 0
0 91 48
120 91 0
0 90 42
120 90 0
0 93 48
120 93 0
0 91 42
120 91 0
0 86 43
240 86 0
0 91 48
120 91 0
0 90 42
120 90 0
0 93 48
120 93 0
0 91 42
120 91 0
0 85 43
240 85 0
0 91 48
120 91 0
0 90 42
120 90 0
0 93 48
120 93 0
0 91 42
120 91 0
0 84 43
240 84 0
0 89 48
480 89 0
0 101 43
240 101 0
0 90 48
120 90 0
0 93 42
120 93 0
0 91 48
120 91 0
0 86 42
120 86 0
0 98 50
120 98 0
120 90 48
120 90 0
0 93 42
120 93 0
0 91 48
120 91 0
0 85 42
120 85 0
0 97 49
120 97 0
120 90 48
120 90 0
0 93 42
120 93 0
0 91 48
120 91 0
0 84 42
120 84 0
0 96 49
120 96 0
120 92 48
120 92 0
0 94 42
120 94 0
0 93 48
120 93 0
0 89 42
120 89 0
0 101 50
240 101 0
0 98 60
120 98 0
0 97 55
120 97 0
0 100 55
120 100 0
0 98 55
120 98 0
0 95 57
120 95 0
0 91 53
120 91 0
0 97 60
120 97 0
0 96 55
120 96 0
0 99 55
120 99 0
0 97 55
120 97 0
0 94 57
120 94 0
0 91 54
120 91 0
0 94 61
120 94 0
0 93 55
120 93 0
0 96 55
120 96 0
0 94 55
120 94 0
0 91 58
120 91 0
0 88 55
120 88 0
0 93 60
120 93 0
0 92 55
120 92 0
0 94 55
120 94 0
0 93 55
120 93 0
0 89 56
120 89 0
0 84 55
120 84 0
0 86 60
120 86 0
0 85 55
120 85 0
0 88 54
120 88 0
0 86 53
120 86 0
0 83 55
120 83 0
0 79 50
120 79 0
0 85 57
120 85 0
0 84 52
120 84 0
0 87 51
120 87 0
0 85 51
120 85 0
0 82 52
120 82 0
0 79 49
120 79 0
0 82 54
120 82 0
0 81 49
120 81 0
0 84 48
120 84 0
0 82 48
120 82 0
0 79 50
120 79 0
0 76 47
120 76 0
0 81 51
120 81 0
0 80 46
120 80 0
0 82 46
120 82 0
0 81 45
120 81 0
0 77 45
120 77 0
0 72 44
120 72 0
0 74 48
120 74 0
0 73 44
120 73 0
0 76 44
120 76 0
0 74 44
120 74 0
0 71 45
120 71 0
0 67 42
120 67 0
0 73 48
120 73 0
0 72 44
120 72 0
0 75 44
120 75 0
0 73 44
120 73 0
0 70 45
120 70 0
0 67 43
120 67 0
0 70 48
120 70 0
0 69 44
120 69 0
0 72 44
120 72 0
0 70 44
120 70 0
0 67 46
120 67 0
0 64 44
120 64 0
0 69 48
120 69 0
0 68 44
120 68 0
0 70 44
120 70 0
0 69 44
120 69 0
0 65 44
120 65 0
0 60 44
120 60 0
0 62 40
120 61 37
20 62 0
100 64 37
20 61 0
100 62 36
20 64 0
100 59 37
20 62 0
100 55 34
20 59 0
100 61 39
20 55 0
100 60 36
20 61 0
100 63 35
20 60 0
100 61 35
20 63 0
100 58 36
20 61 0
100 55 34
20 58 0
100 58 38
20 55 0
100 57 35
20 58 0
100 60 35
20 57 0
100 58 34
20 60 0
100 55 36
20 58 0
100 52 34
20 55 0
100 55 37
20 52 0
100 54 34
20 55 0
100 57 34
20 54 0
100 55 34
20 57 0
100 52 33
20 55 0
100 48 33
20 52 0
100 48 0
0 53 36
120 52 33
20 53 0
100 53 33
20 52 0
100 48 32
20 53 0
100 45 34
20 48 0
100 48 32
20 45 0
100 52 35
20 48 0
100 51 32
20 52 0
100 52 32
20 51 0
100 46 32
20 52 0
100 43 31
20 46 0
100 46 31
20 43 0
100 53 34
20 46 0
100 52 31
20 53 0
100 53 31
20 52 0
100 48 31
20 53 0
100 45 33
20 48 0
100 48 31
20 45 0
100 52 34
20 48 0
100 51 31
20 52 0
100 52 31
20 51 0
100 46 31
20 52 0
100 43 31
20 46 0
100 46 31
20 43 0
100 53 34
20 46 0
100 52 31
20 53 0
100 53 31
20 52 0
100 48 31
20 53 0
100 45 33
20 48 0
100 48 31
20 45 0
100 52 34
20 48 0
100 51 31
20 52 0
100 52 31
20 51 0
100 46 31
20 52 0
100 43 31
20 46 0
100 46 31
20 43 0
100 46 0
0 53 31
0 45 26
240 45 0
0 53 0
480 64 26
0 72 31
120 72 0
0 64 0
600 57 26
0 65 31
120 65 0
0 57 0
0 48 45
228 48 0
12 64 35
0 60 29
0 58 29
228 58 0
0 60 0
0 64 0
12 58 30
0 60 30
0 64 36
228 64 0
0 60 0
0 58 0
12 58 30
0 60 30
0 64 36
228 64 0
0 60 0
0 58 0
12 58 32
0 60 32
0 64 38
228 64 0
0 60 0
0 58 0
12 58 33
0 60 33
0 64 39
228 64 0
0 60 0
0 58 0
12 48 50
102 48 0
12 64 35
0 60 29
0 58 29
228 58 0
0 60 0
0 64 0
12 64 36
0 60 30
0 58 30
228 58 0
0 60 0
0 64 0
12 64 37
0 60 31
0 58 31
228 58 0
0 60 0
0 64 0
12 64 38
0 60 32
0 58 32
114 58 0
0 60 0
0 64 0
12 64 39
0 60 33
0 58 33
228 58 0
0 60 0
0 64 0
12 53 50
87 53 0
12 65 35
0 60 29
0 57 29
228 57 0
0 60 0
0 65 0
12 57 30
0 60 30
0 65 36
228 65 0
0 60 0
0 57 0
12 57 31
0 60 31
0 65 37
228 65 0
0 60 0
0 57 0
12 57 32
0 60 32
0 65 38
228 65 0
0 60 0
0 57 0
12 57 33
0 60 33
0 65 39
228 65 0
0 60 0
0 57 0
0 45 50
101 45 0
12 65 41
0 60 34
0 57 34
228 57 0
0 60 0
0 65 0
12 65 41
0 60 34
0 57 34
228 57 0
0 60 0
0 65 0
12 65 42
0 60 35
0 57 35
228 57 0
0 60 0
0 65 0
12 57 35
0 60 35
0 63 42
148 63 0
0 60 0
0 57 0
12 57 35
0 60 35
0 63 42
228 63 0
0 60 0
0 57 0
12 46 45
140 46 0
12 62 35
0 58 29
0 55 29
228 55 0
0 58 0
0 62 0
12 55 30
0 58 30
0 62 36
228 62 0
0 58 0
0 55 0
12 55 30
0 58 30
0 62 36
228 62 0
0 58 0
0 55 0
12 55 32
0 58 32
0 62 38
228 62 0
0 58 0
0 55 0
12 55 33
0 58 33
0 62 39
228 62 0
0 58 0
0 55 0
0 48 50
102 48 0
12 60 35
0 58 29
0 55 29
228 55 0
0 58 0
0 60 0
12 60 36
0 58 30
0 55 30
228 55 0
0 58 0
0 60 0
12 60 37
0 58 31
0 55 31
228 55 0
0 58 0
0 60 0
12 60 38
0 58 32
0 55 32
114 55 0
0 58 0
0 60 0
12 60 39
0 58 33
0 55 33
228 55 0
0 58 0
0 60 0
12 53 50
87 53 0
12 57 33
0 53 28
228 53 0
0 57 0
12 53 28
0 57 33
228 57 0
0 53 0
12 53 28
0 57 33
228 57 0
0 53 0
12 53 28
0 57 33
228 57 0
0 53 0
12 53 27
0 57 32
228 57 0
0 53 0
12 53 40
101 53 0
12 65 32
0 60 27
0 57 27
228 57 0
0 60 0
0 65 0
12 65 32
0 60 27
0 57 27
228 57 0
0 60 0
0 65 0
12 65 33
0 60 28
0 57 28
228 57 0
0 60 0
0 65 0
12 57 28
0 60 28
0 65 33
228 65 0
0 60 0
0 57 0
12 57 28
0 60 28
0 65 33
228 65 0
0 60 0
0 57 0
12 60 38
0 48 29
102 48 0
0 60 0
12 64 29
0 58 24
228 58 0
0 64 0
12 58 25
0 64 30
228 64 0
0 58 0
12 58 25
0 64 30
228 64 0
0 58 0
12 58 27
0 64 32
228 64 0
0 58 0
12 58 28
0 64 33
228 64 0
0 58 0
12 60 42
0 48 32
102 48 0
0 60 0
12 64 29
0 58 24
228 58 0
0 64 0
12 64 30
0 58 25
228 58 0
0 64 0
12 64 31
0 58 26
228 58 0
0 64 0
12 64 32
0 58 27
114 58 0
0 64 0
12 64 33
0 58 28
228 58 0
0 64 0
12 65 37
0 53 30
87 53 0
0 65 0
12 60 29
0 57 24
228 57 0
0 60 0
12 57 25
0 60 30
228 60 0
0 57 0
12 57 26
0 60 31
228 60 0
0 57 0
12 57 27
0 60 32
228 60 0
0 57 0
12 57 28
0 60 33
228 60 0
0 57 0
12 57 42
0 45 35
101 45 0
0 57 0
12 60 34
0 53 28
228 53 0
0 60 0
12 60 34
0 53 28
228 53 0
0 60 0
12 60 35
0 53 29
228 53 0
0 60 0
12 51 29
0 60 35
137 60 0
0 51 0
12 51 29
0 60 35
228 60 0
0 51 0
12 58 38
0 46 32
140 46 0
0 58 0
12 62 29
0 55 24
0 50 24
228 50 0
0 55 0
0 62 0
12 50 25
0 55 25
0 62 30
228 62 0
0 55 0
0 50 0
12 50 25
0 55 25
0 62 30
228 62 0
0 55 0
0 50 0
12 50 27
0 55 27
0 62 32
228 62 0
0 55 0
0 50 0
12 50 28
0 55 28
0 62 33
228 62 0
0 55 0
0 50 0
12 60 42
0 48 35
102 48 0
0 60 0
12 64 29
0 58 24
0 55 24
228 55 0
0 58 0
0 64 0
12 64 30
0 58 25
0 55 25
228 55 0
0 58 0
0 64 0
12 64 31
0 58 26
0 55 26
228 55 0
0 58 0
0 64 0
12 60 32
0 58 27
0 55 27
114 55 0
0 58 0
0 60 0
12 60 33
0 58 28
0 55 28
228 55 0
0 58 0
0 60 0
12 41 37
0 53 42
87 53 0
0 41 0
12 48 23
0 60 28
0 57 23
228 57 0
0 60 0
0 48 0
12 48 23
0 57 23
0 60 28
228 60 0
0 57 0
0 48 0
12 48 23
0 57 23
0 60 28
228 60 0
0 57 0
0 48 0
12 48 23
0 57 23
0 60 28
228 60 0
0 57 0
0 48 0
12 48 22
0 57 22
0 60 27
228 60 0
0 57 0
0 48 0
12 41 26
0 53 34
101 53 0
0 41 0
12 65 27
0 60 22
0 57 22
228 57 0
0 60 0
0 65 0
12 65 27
0 60 22
0 57 22
228 57 0
0 60 0
0 65 0
12 65 28
0 60 23
0 57 23
228 57 0
0 60 0
0 65 0
12 65 38
0 59 32
0 55 32
114 55 0
0 59 0
0 65 0
12 65 39
0 59 33
0 55 33
228 55 0
0 59 0
0 65 0
0 48 50
87 48 0
12 64 38
0 60 31
0 55 31
228 55 0
0 60 0
0 64 0
12 55 33
0 60 33
0 64 39
228 64 0
0 60 0
0 55 0
12 55 34
0 60 34
0 64 40
228 64 0
0 60 0
0 55 0
12 55 35
0 60 35
0 64 41
228 64 0
0 60 0
0 55 0
12 55 36
0 60 36
0 64 42
228 64 0
0 60 0
0 55 0
12 49 55
101 49 0
12 67 45
0 64 37
0 57 37
228 57 0
0 64 0
0 67 0
12 67 45
0 64 37
0 57 37
228 57 0
0 64 0
0 67 0
12 67 46
0 64 38
0 57 38
228 57 0
0 64 0
0 67 0
12 67 41
0 64 35
0 57 35
114 57 0
0 64 0
0 67 0
12 67 42
0 64 36
0 57 36
228 57 0
0 64 0
0 67 0
12 50 55
87 50 0
12 65 41
0 62 34
0 57 34
228 57 0
0 62 0
0 65 0
12 57 36
0 62 36
0 65 42
228 65 0
0 62 0
0 57 0
12 57 37
0 62 37
0 65 44
228 65 0
0 62 0
0 57 0
12 57 38
0 62 38
0 65 45
228 65 0
0 62 0
0 57 0
12 57 39
0 62 39
0 65 46
228 65 0
0 62 0
0 57 0
12 52 55
101 52 0
12 67 49
0 60 40
0 58 40
228 58 0
0 60 0
0 67 0
12 67 49
0 60 40
0 58 40
228 58 0
0 60 0
0 67 0
12 67 51
0 60 42
0 58 42
228 58 0
0 60 0
0 67 0
12 67 46
0 60 39
0 58 39
114 58 0
0 60 0
0 67 0
12 67 49
0 60 40
0 58 40
228 58 0
0 60 0
0 67 0
12 53 58
87 53 0
12 65 44
0 60 37
0 57 37
228 57 0
0 60 0
0 65 0
12 57 39
0 60 39
0 65 46
228 65 0
0 60 0
0 57 0
12 57 40
0 60 40
0 65 49
228 65 0
0 60 0
0 57 0
12 57 41
0 60 41
0 65 50
228 65 0
0 60 0
0 57 0
12 57 44
0 60 44
0 65 52
228 65 0
0 60 0
0 57 0
12 47 62
101 47 0
12 65 51
0 62 42
0 55 42
228 55 0
0 62 0
0 65 0
12 65 51
0 62 42
0 55 42
228 55 0
0 62 0
0 65 0
12 65 52
0 62 44
0 55 44
228 55 0
0 62 0
0 65 0
12 65 45
0 62 38
0 55 38
114 55 0
0 62 0
0 65 0
12 65 39
0 62 33
0 55 33
228 55 0
0 62 0
0 65 0
12 48 45
87 48 0
12 62 35
0 58 29
228 58 0
0 62 0
12 58 29
0 62 35
228 62 0
0 58 0
12 58 30
0 62 36
228 62 0
0 58 0
12 58 30
0 64 37
228 64 0
0 58 0
12 58 31
0 64 37
228 64 0
0 58 0
12 41 47
101 41 0
12 65 34
0 60 28
0 57 28
228 57 0
0 60 0
0 65 0
12 65 34
0 60 28
0 57 28
228 57 0
0 60 0
0 65 0
12 65 35
0 60 29
0 57 29
228 57 0
0 60 0
0 65 0
12 65 27
0 59 22
0 55 22
114 55 0
0 59 0
0 65 0
12 65 27
0 59 23
0 55 23
228 55 0
0 59 0
0 65 0
12 48 31
0 60 36
87 60 0
0 48 0
12 64 25
0 55 20
228 55 0
0 64 0
12 55 21
0 64 25
228 64 0
0 55 0
12 55 21
0 64 26
228 64 0
0 55 0
12 55 22
0 64 27
228 64 0
0 55 0
12 55 23
0 64 27
228 64 0
0 55 0
12 61 36
0 49 31
101 49 0
0 61 0
12 67 29
0 64 24
0 57 24
228 57 0
0 64 0
0 67 0
12 67 30
0 64 25
0 57 25
228 57 0
0 64 0
0 67 0
12 67 32
0 64 27
0 57 27
228 57 0
0 64 0
0 67 0
12 67 30
0 64 25
0 57 25
114 57 0
0 64 0
0 67 0
12 67 31
0 64 26
0 57 26
228 57 0
0 64 0
0 67 0
12 62 40
0 50 33
87 50 0
0 62 0
12 65 28
0 57 23
228 57 0
0 65 0
12 57 24
0 65 28
228 65 0
0 57 0
12 57 24
0 65 30
228 65 0
0 57 0
12 57 26
0 65 31
228 65 0
0 57 0
12 57 27
0 65 32
228 65 0
0 57 0
12 64 42
0 52 38
101 52 0
0 64 0
12 67 34
0 60 28
0 58 28
228 58 0
0 60 0
0 67 0
12 67 34
0 60 29
0 58 29
228 58 0
0 60 0
0 67 0
12 67 37
0 60 30
0 58 30
228 58 0
0 60 0
0 67 0
12 67 34
0 60 28
0 58 28
114 58 0
0 60 0
0 67 0
12 67 35
0 60 29
0 58 29
228 58 0
0 60 0
0 67 0
12 65 46
0 53 41
87 53 0
0 65 0
12 69 37
0 60 30
228 60 0
0 69 0
12 60 33
0 69 40
228 69 0
0 60 0
12 60 34
0 69 41
228 69 0
0 60 0
12 60 36
0 69 42
228 69 0
0 60 0
12 60 37
0 69 45
228 69 0
0 60 0
12 59 53
0 47 45
101 47 0
0 59 0
12 65 41
0 56 34
228 56 0
0 65 0
12 65 41
0 56 34
228 56 0
0 65 0
12 65 42
0 56 36
228 56 0
0 65 0
12 65 32
0 56 28
114 56 0
0 65 0
12 65 33
0 56 28
228 56 0
0 65 0
12 60 43
0 48 37
87 48 0
0 60 0
12 62 28
0 58 23
228 58 0
0 62 0
12 58 22
0 62 27
228 62 0
0 58 0
12 58 23
0 62 27
228 62 0
0 58 0
12 58 22
0 64 27
228 64 0
0 58 0
12 58 22
0 64 27
228 64 0
0 58 0
12 57 28
0 65 34
353 65 0
0 57 0
0 41 17
30 48 20
155 48 0
0 41 0
1680 30 49
0 42 58
240 42 0
0 30 0
0 31 53
0 43 64
240 43 0
0 31 0
0 42 50
0 54 59
240 54 0
0 42 0
0 43 53
0 55 64
240 55 0
0 43 0
0 54 51
0 66 60
240 66 0
0 54 0
0 55 57
0 67 67
240 67 0
0 55 0
0 66 52
0 78 63
240 78 0
0 66 0
0 67 60
0 79 72
148 79 0
0 67 0
0 82 65
120 82 0
0 79 58
120 79 0
0 76 59
120 76 0
0 72 57
120 72 0
0 70 56
120 70 0
0 67 54
120 67 0
0 64 52
148 64 0
0 32 49
0 44 58
240 44 0
0 32 0
0 33 53
0 45 64
240 45 0
0 33 0
0 44 50
0 56 59
240 56 0
0 44 0
0 45 53
0 57 64
240 57 0
0 45 0
0 56 51
0 68 60
240 68 0
0 56 0
0 57 57
0 69 67
240 69 0
0 57 0
0 68 52
0 80 63
240 80 0
0 68 0
0 69 60
0 81 72
120 81 0
0 69 0
720 60 47
0 63 47
0 69 47
457 69 0
0 63 0
0 60 0
0 46 47
240 46 0
0 55 37
240 62 37
0 58 37
240 62 0
0 67 37
240 67 0
0 58 0
0 55 0
0 43 40
120 43 0
120 65 37
0 59 37
240 59 0
0 65 0
0 48 47
120 48 0
120 60 50
240 67 45
0 64 45
240 64 0
0 67 0
0 72 40
240 72 0
0 60 0
0 58 46
120 58 0
120 72 42
0 67 42
240 67 0
0 72 0
0 57 45
120 57 0
120 60 49
240 69 47
0 65 47
240 65 0
0 69 0
0 72 40
240 72 0
0 60 0
0 53 48
120 53 0
120 65 41
0 57 41
240 57 0
0 65 0
0 48 48
240 52 36
109 52 0
0 55 39
120 55 0
0 48 0
0 64 45
120 64 0
360 57 42
0 54 35
0 48 35
477 48 0
0 54 0
0 57 0
0 48 32
0 58 39
0 55 32
416 55 0
0 58 0
0 64 40
0 60 33
0 58 33
388 58 0
0 48 0
0 64 0
0 60 0
0 67 43
0 60 36
0 58 36
402 58 0
0 60 0
0 67 0
0 67 46
0 60 39
0 58 39
925 58 0
0 60 0
0 67 0
0 56 44
318 56 0
0 41 34
60 48 38
60 57 51
405 57 0
0 48 0
0 41 0
0 60 52
0 57 43
480 57 0
0 60 0
0 65 55
0 57 46
480 57 0
0 65 0
0 65 59
0 57 49
960 57 0
0 65 0
480 47 63
149 47 0
0 62 51
240 65 53
240 68 56
240 68 0
0 71 58
160 67 56
240 67 0
0 62 0
0 65 0
0 71 0
0 48 63
177 48 0
0 55 46
240 58 48
240 61 50
240 61 0
0 64 52
206 60 49
240 60 0
0 55 0
0 58 0
0 64 0
0 41 43
160 41 0
0 63 35
0 72 43
240 72 0
0 63 0
0 62 32
0 70 38
166 70 0
0 62 0
0 61 37
0 65 44
0 58 37
240 58 0
0 60 44
0 57 37
200 57 0
0 61 0
0 65 0
0 64 38
0 55 32
240 55 0
0 64 0
0 53 38
0 65 38
180 65 0
0 53 0
0 60 0
240 41 27
21 48 28
30 53 29
395 53 0
0 48 0
0 41 0
230 87 72
205 87 0
0 88 77
177 88 0
0 75 71
183 75 0
0 76 76
165 76 0
0 63 66
171 63 0
0 64 72
183 64 0
0 34 55
0 46 67
189 46 0
0 34 0
0 33 64
0 45 76
160 45 0
0 33 0
0 57 54
57 57 0
0 52 47
120 52 0
0 49 52
120 49 0
0 46 51
120 46 0
0 45 49
120 45 0
0 43 48
120 43 0
0 40 47
28 40 0
0 37 50
120 37 0
0 34 53
120 34 0
0 33 55
120 33 0
0 38 58
120 38 0
0 41 58
120 41 0
0 45 59
69 45 0
0 49 60
120 49 0
0 50 60
57 50 0
0 53 61
120 53 0
0 57 62
68 57 0
0 61 63
120 61 0
0 62 63
46 62 0
120 37 55
0 49 67
177 49 0
0 37 0
0 36 64
0 48 76
189 48 0
0 36 0
0 55 57
240 58 61
120 58 0
0 61 64
240 61 0
0 60 57
0 64 68
166 60 0
0 58 63
240 58 0
0 55 0
0 60 59
0 57 59
203 57 0
0 60 0
0 64 0
0 60 42
0 65 50
214 55 54
169 65 0
0 60 0
0 65 49
0 59 42
200 59 0
0 65 0
0 55 0
0 60 45
0 48 37
234 60 0
0 58 37
0 55 37
0 64 44
240 64 0
0 48 0
0 58 0
0 55 0
0 65 45
0 53 37
240 65 0
0 63 33
0 60 33
0 69 40
240 69 0
0 53 0
0 63 0
0 60 0
0 58 67
163 67 51
0 65 43
0 62 43
417 62 0
0 58 0
0 67 0
0 65 0
0 48 51
0 60 60
177 60 0
0 48 0
0 64 68
0 60 57
0 58 57
0 55 57
160 55 0
0 64 0
0 60 0
0 58 0
0 70 68
0 67 57
0 60 57
160 60 0
0 67 0
0 70 0
0 52 56
0 58 67
206 58 0
0 52 0
0 57 47
0 60 56
199 60 0
0 57 0
240 41 47
23 48 47
13 53 56
206 53 0
0 48 0
0 41 0
240 87 72
205 87 0
0 88 77
177 88 0
0 75 71
183 75 0
0 76 76
217 76 0
0 63 66
206 63 0
0 64 72
183 64 0
0 34 55
0 46 67
189 46 0
0 34 0
0 33 64
0 45 76
160 45 0
0 33 0
0 57 54
57 57 0
0 52 47
120 52 0
0 49 52
120 49 0
0 46 51
120 46 0
0 45 49
120 45 0
0 43 48
120 43 0
0 40 47
74 40 0
0 37 49
120 37 0
0 34 51
120 34 0
0 33 53
120 33 0
0 38 55
120 38 0
0 41 55
120 41 0
0 45 56
69 45 0
0 49 57
120 49 0
0 50 57
74 50 0
0 53 58
120 53 0
0 57 59
91 57 0
0 61 60
120 61 0
0 62 60
46 62 0
120 37 55
0 49 67
177 49 0
0 37 0
0 36 64
0 48 76
189 48 0
0 36 0
0 55 58
240 58 62
120 58 0
0 61 65
240 61 0
0 60 57
0 64 69
166 60 0
0 58 64
240 58 0
0 55 0
0 60 60
0 57 60
203 57 0
0 60 0
0 64 0
0 60 42
0 65 50
214 55 54
169 65 0
0 60 0
0 65 49
0 59 42
200 59 0
0 65 0
0 55 0
0 60 45
0 48 37
234 60 0
0 58 37
0 55 37
0 64 44
240 64 0
0 48 0
0 58 0
0 55 0
0 65 45
0 53 37
240 65 0
0 63 33
0 60 33
0 69 40
240 69 0
0 53 0
0 63 0
0 60 0
0 58 60
163 67 51
0 65 43
0 62 43
417 62 0
0 58 0
0 67 0
0 65 0
0 48 51
0 60 60
177 60 0
0 48 0
0 64 68
0 60 57
0 58 57
0 55 57
160 55 0
0 64 0
0 60 0
0 58 0
0 70 68
0 67 57
0 60 57
160 60 0
0 67 0
0 70 0
0 52 56
0 58 67
206 58 0
0 52 0
0 57 47
0 60 56
199 60 0
0 57 0
240 41 47
9 48 47
30 53 56
206 53 0
0 48 0
0 41 0
1680 54 44
480 54 0
0 55 46
480 55 0
0 56 49
480 56 0
0 57 51
480 57 0
0 58 53
480 58 0
0 59 55
480 59 0
0 60 58
480 60 0
0 53 61
480 53 0
0 54 63
480 54 0
0 55 60
480 55 0
0 52 58
480 52 0
0 53 54
480 53 0
0 52 51
480 52 0
0 50 49
480 50 0
0 48 49
480 48 0
0 46 48
480 46 0
0 45 47
480 45 0
0 43 46
480 43 0
0 41 45
480 41 0
0 40 41
480 40 0
0 39 40
480 39 0
0 40 35
480 40 0
0 41 35
445 41 0
0 36 35
240 36 0
231 78 48
480 78 0
0 79 49
480 79 0
0 80 53
480 80 0
0 81 56
480 81 0
0 82 58
480 82 0
0 83 60
480 83 0
0 84 63
480 84 0
0 77 66
480 77 0
0 78 69
480 78 0
0 79 66
480 79 0
0 76 63
480 76 0
0 77 59
480 77 0
0 76 56
480 76 0
0 74 54
480 74 0
0 72 53
480 72 0
0 70 52
480 70 0
0 69 51
480 69 0
0 67 50
480 67 0
0 65 49
480 65 0
0 64 45
480 64 0
0 63 44
480 63 0
0 64 38
480 64 0
0 65 38
367 65 0
0 72 38
56 72 0
240 29 35
0 41 44
480 41 0
0 29 0
0 31 36
0 43 46
480 43 0
0 31 0
0 32 39
0 44 49
480 44 0
0 32 0
0 33 40
0 45 51
480 45 0
0 33 0
0 35 42
0 47 53
480 47 0
0 35 0
0 36 44
0 48 55
480 48 0
0 36 0
0 37 46
0 49 58
480 49 0
0 37 0
0 38 48
0 50 61
480 50 0
0 38 0
0 64 69
480 64 0
0 65 66
480 65 0
0 66 63
480 66 0
0 67 59
480 67 0
0 68 56
480 68 0
0 69 54
480 69 0
0 68 53
480 68 0
0 69 52
480 69 0
0 67 51
480 67 0
0 68 50
480 68 0
0 67 49
480 67 0
0 64 45
480 64 0
0 63 44
480 63 0
0 64 38
480 64 0
0 65 38
409 65 0
0 72 38
42 72 0
240 29 35
0 41 44
480 41 0
0 29 0
0 31 36
0 43 46
480 43 0
0 31 0
0 32 39
0 44 49
480 44 0
0 32 0
0 33 40
0 45 51
480 45 0
0 33 0
0 35 42
0 47 53
480 47 0
0 35 0
0 36 44
0 48 55
480 48 0
0 36 0
0 37 46
0 49 58
480 49 0
0 37 0
0 38 48
0 50 61
480 50 0
0 38 0
0 64 69
480 64 0
0 65 66
480 65 0
0 66 63
480 66 0
0 67 59
480 67 0
0 68 56
480 68 0
0 69 54
480 69 0
0 68 53
480 68 0
0 69 52
480 69 0
0 67 51
480 67 0
0 68 50
480 68 0
0 67 49
480 67 0
0 64 44
480 64 0
0 63 40
480 63 0
0 64 33
480 64 0
0 65 32
434 65 0
0 72 32
7 72 0
1920 36 50
120 36 0
120 64 41
0 60 41
120 60 0
0 64 0
120 40 51
120 40 0
120 64 41
0 60 41
120 60 0
0 64 0
120 43 53
120 43 0
120 64 44
0 60 44
120 60 0
0 64 0
120 48 54
120 48 0
120 64 44
0 60 44
120 60 0
0 64 0
120 52 56
120 52 0
120 64 45
0 60 45
120 60 0
0 64 0
120 55 58
120 55 0
120 64 49
0 60 49
120 60 0
0 64 0
120 41 58
240 41 0
0 62 62
0 58 62
0 53 62
240 58 0
0 62 0
0 60 56
0 57 56
240 57 0
0 60 0
0 53 0
0 65 61
0 59 61
0 68 61
240 68 0
0 59 0
0 65 0
0 60 54
0 69 54
240 69 0
0 60 0
0 65 62
0 71 62
0 74 62
240 74 0
0 71 0
0 69 55
0 72 55
234 72 0
0 69 0
0 65 0
0 47 54
240 59 41
0 55 34
120 55 0
0 59 0
120 47 0
0 50 55
240 59 35
0 62 42
120 62 0
0 59 0
120 50 0
0 55 56
240 62 44
0 59 37
120 59 0
0 62 0
120 55 0
0 48 56
240 60 45
0 58 38
240 58 0
0 60 0
0 48 0
0 52 58
240 60 47
0 58 39
240 58 0
0 60 0
0 52 0
0 55 61
240 60 51
0 58 43
240 58 0
0 60 0
0 55 0
0 53 43
0 60 56
0 57 43
89 57 0
0 60 0
0 53 0
120 53 43
0 56 43
0 61 56
94 61 0
0 56 0
0 53 0
120 56 46
0 62 60
0 59 46
0 53 46
663 56 0
0 55 49
240 62 0
0 53 0
0 59 0
0 52 45
0 60 53
469 60 0
0 52 0
0 55 0
480 57 53
211 75 38
0 72 32
0 66 32
240 66 0
0 57 0
0 75 0
0 72 0
0 58 56
200 76 41
0 72 34
0 67 34
240 67 0
0 58 0
0 76 0
0 72 0
0 64 57
194 70 34
0 72 34
0 76 41
240 76 0
0 64 0
0 70 0
0 72 0
0 67 60
172 70 34
0 72 34
0 76 41
20 67 0
0 67 60
197 70 0
0 76 0
0 72 0
0 72 40
0 76 48
228 76 0
0 72 0
12 72 40
0 76 48
228 76 0
0 72 0
12 72 40
0 76 48
228 76 0
0 72 0
12 67 0
0 70 57
197 72 40
0 76 48
240 76 0
0 70 0
0 69 40
0 77 48
209 77 0
0 69 0
0 72 0
0 68 40
0 65 40
0 71 48
0 74 57
209 74 0
0 71 0
0 69 41
0 72 49
203 72 0
0 68 0
0 65 0
0 69 0
0 88 51
0 79 43
43 79 0
0 88 0
180 86 59
0 77 50
60 77 0
0 86 0
180 84 58
0 76 49
60 76 0
0 84 0
180 82 57
0 74 48
60 74 0
0 82 0
180 81 55
0 72 46
60 72 0
0 81 0
180 79 54
0 70 45
60 70 0
0 79 0
180 77 53
0 69 45
60 69 0
0 77 0
180 74 51
0 68 43
60 68 0
0 74 0
180 69 42
0 72 50
60 72 0
0 69 0
180 67 42
0 71 50
240 71 0
0 67 0
0 62 43
0 74 51
120 74 0
0 62 0
120 59 44
0 71 52
120 71 0
0 59 0
120 55 45
0 67 53
120 67 0
0 55 0
120 65 54
0 53 45
120 53 0
0 65 0
120 62 57
0 50 47
120 50 0
0 62 0
120 48 48
0 60 58
120 60 0
0 48 0
120 43 50
0 55 59
120 55 0
0 43 0
120 40 52
0 52 62
120 52 0
0 40 0
120 36 54
0 48 64
120 48 0
0 36 0
120 34 57
0 46 67
91 46 0
0 34 0
120 31 59
0 43 70
120 43 0
0 31 0
0 29 58
0 41 74
191 41 0
0 29 0
0 48 55
0 53 55
0 57 65
240 57 0
0 53 0
0 48 0
0 33 58
0 45 73
201 45 0
0 33 0
0 48 54
0 53 54
0 57 64
240 57 0
0 53 0
0 48 0
0 36 60
0 48 75
191 48 0
0 36 0
0 48 54
0 53 54
0 57 64
240 57 0
0 53 0
0 48 0
0 41 60
0 53 74
153 53 0
0 41 0
240 57 72
80 57 0
0 60 68
80 60 0
0 65 68
80 65 0
240 48 50
120 48 0
120 64 41
0 60 41
120 60 0
0 64 0
120 55 51
120 55 0
120 64 41
0 60 41
120 60 0
0 64 0
120 52 53
120 52 0
120 64 44
0 60 44
120 60 0
0 64 0
120 45 50
120 45 0
120 61 38
0 57 38
120 57 0
0 61 0
120 52 46
120 52 0
120 61 36
0 57 36
120 57 0
0 61 0
120 45 45
120 45 0
120 52 36
0 49 36
120 49 0
0 52 0
120 38 42
120 38 0
120 54 34
0 50 34
120 50 0
0 54 0
120 45 43
120 45 0
120 54 34
0 50 34
120 50 0
0 54 0
120 38 45
120 38 0
120 54 37
0 50 37
120 50 0
0 54 0
120 43 50
83 43 0
120 58 40
0 55 40
240 55 0
0 58 0
0 50 52
120 50 0
120 58 45
0 55 45
240 55 0
0 58 0
0 43 59
120 43 0
120 58 50
0 55 50
240 55 0
0 58 0
0 48 66
201 55 56
240 55 0
0 48 0
0 60 65
0 64 65
240 64 0
0 55 51
240 55 0
0 60 0
0 64 54
0 58 54
173 64 0
0 55 47
240 55 0
0 58 0
0 45 54
80 45 0
120 65 47
0 60 47
240 60 0
0 65 0
0 57 54
87 57 0
120 65 48
0 60 48
240 60 0
0 65 0
0 47 54
68 47 0
120 65 47
0 62 47
0 55 47
240 55 0
0 62 0
0 65 0
0 48 54
81 48 0
120 65 47
0 60 47
0 57 47
240 57 0
0 60 0
0 65 0
480 36 54
56 36 0
120 52 47
0 55 47
240 55 0
0 52 0
0 41 54
198 48 48
120 48 0
120 60 50
120 60 0
120 72 52
120 72 0
120 41 0
0 81 59
59 81 0
0 84 62
80 84 0
0 89 65
80 89 0
240 48 50
120 48 0
120 64 41
0 60 41
120 60 0
0 64 0
120 55 51
120 55 0
120 64 41
0 60 41
120 60 0
0 64 0
120 52 53
120 52 0
120 64 44
0 60 44
120 60 0
0 64 0
120 45 50
120 45 0
120 61 38
0 57 38
120 57 0
0 61 0
120 52 46
120 52 0
120 61 36
0 57 36
120 57 0
0 61 0
120 45 45
120 45 0
120 52 36
0 49 36
120 49 0
0 52 0
120 38 42
120 38 0
120 54 34
0 50 34
120 50 0
0 54 0
120 45 43
120 45 0
120 54 34
0 50 34
120 50 0
0 54 0
120 38 45
120 38 0
120 54 37
0 50 37
120 50 0
0 54 0
120 43 50
83 43 0
120 58 40
0 55 40
240 55 0
0 58 0
0 50 52
120 50 0
120 58 45
0 55 45
240 55 0
0 58 0
0 43 59
120 43 0
120 58 50
0 55 50
240 55 0
0 58 0
0 48 66
201 55 56
240 55 0
0 48 0
0 60 65
0 64 65
240 64 0
0 55 51
240 55 0
0 60 0
0 64 54
0 58 54
173 64 0
0 55 47
240 55 0
0 58 0
0 45 54
80 45 0
120 65 47
0 60 47
240 60 0
0 65 0
0 57 54
87 57 0
120 65 48
0 60 48
240 60 0
0 65 0
0 47 54
68 47 0
120 65 47
0 62 47
0 55 47
240 55 0
0 62 0
0 65 0
0 48 54
81 48 0
120 65 47
0 60 47
0 57 47
240 57 0
0 60 0
0 65 0
480 36 54
63 36 0
120 52 47
0 55 47
240 55 0
0 52 0
0 41 54
198 41 0
240 53 41
30 57 45
30 60 49
30 65 53
150 65 0
0 53 0
0 57 0
0 60 0
0 44 36
480 44 0
0 63 32
0 60 27
0 51 27
238 51 0
0 60 0
0 63 0
2 63 38
0 60 31
0 56 31
475 56 0
0 60 0
0 63 0
5 63 35
0 60 29
0 51 29
238 51 0
0 60 0
0 63 0
2 56 33
0 60 33
0 63 40
475 63 0
0 60 0
0 56 0
5 51 30
0 60 30
0 63 36
238 63 0
0 60 0
0 51 0
2 41 50
341 41 0
0 65 43
0 63 36
0 53 36
238 53 0
0 63 0
0 65 0
2 65 43
0 63 36
0 57 36
475 57 0
0 63 0
0 65 0
5 65 40
0 63 33
0 53 33
238 53 0
0 63 0
0 65 0
2 65 39
0 63 33
0 57 33
475 57 0
0 63 0
0 65 0
5 65 34
0 63 29
0 53 29
238 53 0
0 63 0
0 65 0
2 46 34
274 46 0
0 65 31
0 61 26
0 53 26
238 53 0
0 61 0
0 65 0
2 58 26
0 61 26
0 65 31
475 65 0
0 61 0
0 58 0
5 53 25
0 61 25
0 65 30
238 65 0
0 61 0
0 53 0
2 58 25
0 61 25
0 65 30
412 65 0
0 61 0
0 58 0
5 53 26
0 61 26
0 65 31
238 65 0
0 61 0
0 53 0
2 51 35
416 58 25
0 67 30
238 67 0
0 58 0
2 63 35
0 60 29
475 60 0
0 63 0
5 67 31
0 58 26
238 58 0
0 67 0
2 67 35
0 63 29
475 63 0
0 67 0
5 67 31
0 58 26
238 58 0
0 67 0
2 51 0
0 53 35
339 68 30
0 58 25
238 58 0
0 68 0
2 68 35
0 62 29
475 62 0
0 68 0
5 68 31
0 58 26
238 58 0
0 68 0
2 62 29
0 68 35
475 68 0
0 62 0
5 58 26
0 68 31
238 68 0
0 58 0
2 53 0
0 50 35
341 58 26
0 62 31
240 62 0
0 58 0
0 50 0
0 53 35
480 58 26
0 62 31
240 62 0
0 58 0
0 53 0
0 56 35
480 62 26
0 65 31
0 58 26
240 58 0
0 56 0
0 62 0
0 65 0
0 55 35
339 67 30
0 58 25
238 58 0
0 67 0
2 67 35
0 63 29
475 63 0
0 67 0
5 67 31
0 58 26
238 58 0
0 67 0
2 63 29
0 67 35
475 67 0
0 63 0
5 58 26
0 67 31
238 67 0
0 58 0
2 55 0
0 51 35
341 63 27
0 67 32
240 67 0
0 63 0
0 51 0
0 55 37
480 63 28
0 67 34
240 67 0
0 63 0
0 55 0
0 57 39
480 63 30
0 66 30
240 66 0
0 63 0
0 57 0
0 58 31
0 70 37
431 63 29
0 67 35
238 67 0
0 63 0
2 63 29
0 67 35
475 67 0
0 63 0
5 63 29
0 67 35
238 67 0
0 63 0
2 63 33
0 68 39
429 68 0
0 58 0
0 70 0
0 63 0
0 62 29
0 68 35
214 68 0
0 62 0
0 63 32
0 65 32
0 68 38
474 68 0
0 65 0
0 63 0
5 63 29
0 65 29
0 68 35
238 68 0
0 65 0
0 63 0
2 63 30
0 67 36
475 67 0
0 63 0
5 63 36
0 67 36
120 67 0
0 63 0
0 51 39
60 51 0
0 54 44
60 54 0
0 66 50
475 66 0
5 63 36
0 66 36
120 66 0
0 63 0
0 49 35
60 49 0
0 53 37
60 53 0
0 65 45
424 65 0
5 61 36
0 65 36
238 61 0
0 65 0
2 61 39
0 65 39
441 65 0
0 61 0
5 61 36
0 65 36
238 65 0
0 61 0
2 60 39
0 63 39
0 65 39
384 63 0
62 65 0
0 60 0
0 60 36
0 63 36
240 63 0
0 60 0
0 61 39
0 65 39
352 65 0
0 61 0
5 61 36
0 65 36
238 65 0
0 61 0
2 61 36
0 65 36
424 65 0
0 61 0
5 61 39
0 65 39
238 65 0
0 61 0
2 61 40
0 65 40
0 67 40
436 67 0
0 65 0
0 61 0
5 61 45
0 65 45
0 67 45
238 67 0
0 65 0
0 61 0
2 60 49
0 64 49
0 67 49
355 67 0
0 64 0
0 60 0
5 60 39
0 64 39
0 67 39
238 67 0
0 64 0
0 60 0
2 60 42
0 64 42
0 67 42
475 67 0
0 64 0
0 60 0
5 60 37
0 64 37
118 64 0
120 60 0
2 48 42
0 53 42
189 53 0
0 48 0
360 47 41
120 47 0
0 48 46
239 48 0
0 36 41
91 36 0
120 44 41
240 44 0
0 49 47
234 49 0
0 37 41
91 37 0
120 53 41
240 53 0
0 55 47
231 55 0
0 43 41
74 43 0
120 59 41
240 59 0
0 60 47
231 60 0
0 48 42
91 48 0
120 56 43
240 56 0
0 61 50
231 61 0
0 49 44
114 49 0
120 65 46
240 65 0
0 67 54
230 67 0
0 55 48
91 55 0
120 71 49
240 71 0
0 72 56
237 72 0
0 60 51
69 60 0
120 68 52
240 68 0
0 73 60
230 73 0
0 61 55
74 61 0
120 77 56
240 77 0
0 79 64
230 79 0
0 67 57
74 67 0
120 83 58
240 83 0
0 84 61
114 84 0
510 60 63
30 67 66
30 70 68
30 76 71
452 76 0
0 60 0
0 67 0
0 70 0
480 36 58
109 36 0
0 46 54
120 46 0
0 48 55
120 48 0
0 52 55
120 52 0
0 57 58
120 57 0
0 58 55
120 60 55
120 60 0
0 58 0
0 64 55
120 64 0
479 48 50
209 48 0
240 58 45
240 58 0
240 64 47
240 64 0
240 70 51
240 70 0
240 76 46
240 76 0
240 82 43
240 82 0
240 88 41
480 88 0
13 48 30
0 54 30
0 60 36
475 60 0
0 54 0
0 48 0
5 48 27
0 54 27
0 60 33
238 60 0
0 54 0
0 48 0
2 48 31
0 55 31
0 60 37
235 60 0
0 55 0
0 48 0
5 48 29
0 55 29
0 60 34
238 60 0
0 55 0
0 48 0
2 48 36
0 56 36
0 62 43
248 62 0
0 56 0
0 48 0
5 48 34
0 56 34
0 62 40
238 62 0
0 56 0
0 48 0
2 48 39
0 57 39
0 60 47
315 60 0
0 57 0
0 48 0
5 48 38
0 57 38
0 60 45
238 60 0
0 57 0
0 48 0
0 48 45
0 54 45
0 62 53
288 62 0
0 54 0
0 48 0
5 48 40
0 54 40
0 62 48
238 62 0
0 54 0
0 48 0
2 48 41
0 55 41
0 62 49
306 62 0
0 55 0
0 48 0
5 48 30
0 53 30
0 62 36
238 62 0
0 53 0
0 48 0
2 48 34
0 52 34
0 60 40
274 60 0
0 52 0
0 48 0
5 48 31
0 55 31
0 60 37
238 60 0
0 55 0
0 48 0
0 48 30
0 53 30
0 60 36
480 60 0
0 53 0
0 48 0
0 48 33
240 48 0
0 48 32
0 54 38
0 57 38
475 57 0
0 54 0
0 48 0
5 48 27
0 54 32
0 57 39
238 57 0
0 54 0
0 48 0
2 48 36
0 55 36
0 58 44
411 58 0
0 55 0
0 48 0
5 48 34
0 55 34
0 58 42
238 58 0
0 55 0
0 48 0
2 48 38
0 56 45
0 59 45
397 59 0
0 56 0
0 48 0
5 48 36
0 56 43
0 59 43
238 59 0
0 56 0
0 48 0
2 48 37
0 57 37
0 60 46
424 48 0
5 48 45
233 60 0
0 57 0
5 48 0
2 48 45
0 54 45
0 62 55
418 62 0
0 54 0
0 48 0
5 48 43
0 57 43
0 62 51
238 62 0
0 57 0
0 48 0
2 48 46
0 55 46
0 62 55
401 62 0
0 55 0
0 48 0
5 48 43
0 53 43
0 62 51
238 62 0
0 53 0
0 48 0
2 48 47
0 52 47
0 60 57
424 60 0
0 52 0
0 48 0
5 48 46
0 55 46
0 60 54
238 60 0
0 55 0
0 48 0
0 48 49
0 53 49
0 60 57
427 60 0
0 53 0
0 48 0
5 48 46
238 48 0
2 48 46
0 54 49
0 57 55
400 57 0
0 54 0
0 48 0
5 48 39
0 54 46
0 57 55
238 57 0
0 54 0
0 48 0
2 48 52
0 55 52
0 58 62
412 58 0
0 55 0
0 48 0
5 48 48
0 55 48
0 58 57
238 58 0
0 55 0
0 48 0
2 48 51
0 56 51
0 59 61
412 59 0
0 56 0
0 48 0
5 48 48
0 56 57
0 59 57
238 59 0
0 56 0
0 48 0
2 48 50
0 57 50
0 60 60
418 48 0
5 48 57
233 60 0
0 57 0
5 48 0
2 48 56
0 54 56
0 62 65
418 62 0
0 54 0
0 48 0
5 48 53
0 57 53
0 62 63
238 62 0
0 57 0
0 48 0
2 46 67
194 46 0
0 62 58
240 62 0
0 67 59
240 67 0
0 58 68
166 60 58
240 60 0
0 64 60
240 64 0
0 58 0
0 57 69
171 60 59
240 60 0
0 65 61
240 65 0
0 57 0
0 58 71
154 62 62
240 62 0
0 67 63
240 67 0
0 58 0
0 60 74
194 64 65
240 64 0
0 69 66
240 69 0
0 60 0
0 62 77
166 65 67
240 65 0
0 70 68
240 70 0
0 62 0
0 64 78
177 67 68
240 67 0
0 72 69
240 72 0
0 64 0
0 65 81
189 69 68
240 69 0
0 72 68
240 72 0
0 65 0
0 66 82
177 69 71
240 69 0
0 74 71
240 74 0
0 66 0
0 67 82
160 70 71
240 70 0
0 74 71
240 74 0
0 67 0
0 61 48
174 61 0
0 70 42
240 76 43
240 76 0
0 70 0
0 62 47
159 62 0
0 69 43
240 78 43
240 78 0
0 69 0
0 55 47
159 55 0
0 62 42
240 71 43
240 71 0
0 62 0
0 48 46
178 48 0
0 55 45
240 64 46
240 64 0
0 55 0
0 53 50
176 57 43
240 60 46
240 60 0
0 69 50
480 69 0
0 57 0
0 53 0
240 47 55
160 47 0
0 56 50
240 62 50
240 65 53
480 65 0
0 62 0
0 56 0
240 48 47
120 48 0
0 57 42
240 60 42
240 65 45
480 65 0
0 60 0
0 57 0
240 36 40
83 36 0
60 55 36
240 58 36
240 64 40
480 64 0
0 58 0
0 55 0
240 41 38
81 41 0
60 53 32
240 53 0
0 57 32
240 57 0
0 65 37
240 65 0
0 57 36
240 57 0
0 60 36
176 60 0
0 53 46
240 55 38
240 55 0
0 60 40
240 60 0
0 64 42
215 64 0
0 55 44
240 55 0
0 60 47
240 60 0
0 53 0
0 53 46
194 58 42
240 58 0
0 60 42
240 60 0
0 64 45
177 64 0
0 58 46
240 58 0
0 60 47
240 60 0
0 53 0
0 53 53
174 57 48
240 57 0
0 60 48
240 60 0
0 65 49
240 65 0
0 57 50
240 57 0
0 60 50
240 60 0
0 53 0
0 52 55
240 52 0
0 57 51
240 61 51
240 61 0
0 67 54
209 67 0
0 57 0
0 57 50
240 61 51
240 61 0
0 57 0
0 50 55
198 50 0
0 57 65
240 62 53
240 62 0
0 65 58
196 65 0
0 57 0
0 57 67
240 62 53
240 62 0
0 57 0
0 48 58
201 48 0
0 57 66
240 62 53
240 62 0
0 65 58
169 65 0
0 57 0
0 57 71
240 62 61
240 62 0
0 57 0
0 46 76
63 46 0
600 65 76
0 58 64
0 56 64
0 53 64
81 53 0
0 65 0
0 58 0
0 56 0
0 65 70
120 65 0
0 62 69
120 62 0
0 58 68
120 58 0
0 56 67
120 56 0
0 53 66
120 53 0
0 50 65
73 50 0
0 46 64
120 46 0
0 44 63
120 44 0
0 41 62
120 41 0
0 38 61
120 38 0
0 34 60
120 34 0
0 33 52
120 35 53
20 33 0
100 37 54
20 35 0
100 38 55
20 37 0
100 40 56
20 38 0
100 42 57
20 40 0
100 44 58
20 42 0
100 45 59
20 44 0
100 47 60
20 45 0
100 49 61
20 47 0
100 50 62
20 49 0
100 52 63
20 50 0
100 54 64
20 52 0
100 56 65
20 54 0
100 57 66
20 56 0
100 59 67
20 57 0
100 61 69
20 59 0
100 62 70
20 61 0
100 64 71
20 62 0
100 66 72
20 64 0
100 68 73
20 66 0
100 69 74
20 68 0
100 71 75
20 69 0
100 72 76
20 71 0
100 73 79
20 72 0
86 73 0
0 76 70
120 76 0
0 81 68
120 81 0
0 85 73
120 85 0
0 83 70
120 83 0
0 76 70
120 76 0
0 73 77
69 73 0
0 69 73
120 69 0
0 64 71
120 64 0
0 61 71
120 61 0
0 64 66
120 64 0
0 71 66
120 71 0
0 61 71
69 61 0
0 64 65
120 64 0
0 69 65
120 69 0
0 73 65
120 73 0
0 71 63
120 71 0
0 64 63
120 64 0
0 61 71
46 61 0
0 57 65
120 57 0
0 52 65
120 52 0
0 49 65
120 49 0
0 52 63
120 52 0
0 59 63
120 59 0
0 49 60
74 49 0
0 52 54
120 52 0
0 57 53
120 57 0
0 61 53
120 61 0
0 59 50
120 59 0
0 52 49
120 52 0
0 49 56
69 49 0
0 45 49
120 45 0
0 40 46
120 40 0
0 37 45
120 37 0
0 40 42
120 40 0
0 47 41
120 47 0
0 33 41
110 40 45
20 33 0
100 48 48
20 40 0
100 49 45
20 48 0
100 47 40
20 49 0
100 40 40
20 47 0
100 33 41
20 40 0
100 40 45
20 33 0
100 48 48
20 40 0
100 49 45
20 48 0
100 47 40
20 49 0
100 40 41
20 47 0
100 33 31
20 40 0
100 40 33
20 33 0
100 48 36
20 40 0
100 49 34
20 48 0
100 47 29
20 49 0
100 40 30
20 47 0
100 33 31
20 40 0
100 40 33
20 33 0
100 48 36
20 40 0
100 49 34
20 48 0
100 47 27
20 49 0
100 40 27
20 47 0
100 33 31
20 40 0
220 33 0
3360 48 34
81 48 0
0 60 29
120 60 0
0 54 34
120 54 0
0 60 30
120 60 0
0 54 34
120 54 0
0 60 30
120 60 0
0 48 38
81 48 0
0 60 31
120 60 0
0 55 40
120 55 0
0 60 32
120 60 0
0 55 42
120 55 0
0 60 31
120 60 0
0 48 43
92 48 0
0 62 32
120 62 0
0 56 48
65 56 0
0 62 39
120 62 0
0 56 45
120 56 0
0 62 33
120 62 0
0 48 44
57 48 0
0 60 34
120 60 0
0 57 46
120 57 0
0 60 35
120 60 0
0 55 47
120 55 0
0 60 36
120 60 0
0 48 48
74 48 0
0 62 37
120 62 0
0 54 49
57 54 0
0 62 39
120 62 0
0 57 48
120 57 0
0 62 38
120 62 0
0 48 49
63 48 0
0 62 40
120 62 0
0 55 47
64 55 0
0 62 40
120 62 0
0 53 51
120 53 0
0 62 38
120 62 0
0 48 49
69 48 0
0 60 38
120 60 0
0 52 47
51 52 0
0 60 38
120 60 0
0 55 47
120 55 0
0 60 38
120 60 0
0 48 48
56 48 0
0 60 38
120 60 0
0 53 47
120 53 0
0 60 37
120 60 0
0 48 46
120 48 0
0 60 37
120 60 0
0 52 46
71 57 36
120 57 0
0 45 37
120 45 0
0 57 37
120 57 0
0 52 0
0 53 43
120 57 38
120 57 0
0 53 0
0 54 48
56 58 38
120 58 0
0 46 39
120 46 0
0 58 39
120 58 0
0 54 0
0 55 45
120 58 38
120 58 0
0 55 0
0 56 50
56 60 37
120 60 0
0 48 38
120 48 0
0 60 38
120 60 0
0 56 0
0 57 47
120 60 40
120 60 0
0 57 0
0 57 52
49 62 41
120 62 0
0 50 41
120 50 0
0 62 41
120 62 0
0 57 0
0 58 49
120 62 42
120 62 0
0 58 0
0 59 54
35 64 43
120 64 0
0 52 44
120 52 0
0 64 44
120 64 0
0 59 0
0 60 51
120 64 42
120 64 0
0 60 0
0 53 55
42 65 45
120 65 0
0 60 45
120 60 0
0 65 46
120 65 0
0 53 0
0 62 40
120 65 37
120 65 0
0 62 0
0 61 43
65 64 31
120 64 0
0 61 0
0 60 43
120 64 32
120 64 0
0 60 0
0 58 42
120 64 31
120 64 0
0 58 0
0 53 43
0 57 43
49 53 0
0 65 30
120 65 0
0 60 33
120 60 0
0 65 29
42 65 0
0 57 0
0 62 32
120 65 29
120 65 0
0 62 0
0 61 34
65 64 25
120 64 0
0 61 0
0 60 34
120 64 25
120 64 0
0 60 0
0 58 34
120 64 25
120 64 0
0 58 0
0 53 34
0 57 34
49 53 0
0 65 26
120 65 0
0 57 0
0 64 26
120 64 0
0 65 26
120 65 0
0 53 39
63 65 27
120 65 0
0 53 0
0 57 45
120 65 27
120 65 0
0 57 0
0 60 38
120 65 27
120 65 0
0 60 0
0 48 39
69 65 27
120 65 0
0 48 0
0 57 46
120 64 28
120 64 0
0 57 0
0 60 40
120 64 28
120 64 0
0 60 0
0 51 42
74 63 29
120 63 0
0 51 0
0 57 49
120 63 29
120 63 0
0 57 0
0 60 44
120 63 31
120 63 0
0 60 0
0 50 55
80 62 31
120 62 0
0 50 0
0 54 48
120 62 31
120 62 0
0 54 0
0 49 55
86 61 33
120 61 0
0 49 0
0 54 48
120 61 34
120 61 0
0 54 0
0 48 59
91 60 35
120 60 0
0 48 0
0 54 51
120 60 35
120 60 0
0 54 0
0 47 64
74 59 37
120 59 0
0 47 0
0 54 53
120 59 37
120 59 0
0 54 0
0 46 69
74 58 39
120 58 0
0 46 0
0 54 55
120 58 39
120 58 0
0 54 0
0 45 70
57 57 40
120 57 0
0 45 0
0 54 57
120 57 42
120 57 0
0 54 0
0 44 72
69 56 43
120 56 0
0 44 0
0 37 61
0 49 73
240 49 0
0 37 0
880 53 58
0 61 69
240 61 0
0 53 0
0 56 61
0 65 72
183 65 0
0 56 0
0 61 56
0 68 67
240 68 0
0 61 0
0 65 56
0 73 67
240 73 0
0 65 0
0 65 61
0 73 72
160 73 0
0 65 0
480 42 61
0 54 61
229 54 0
0 47 55
240 47 0
0 42 0
0 40 61
0 52 61
240 52 0
0 45 54
240 45 0
0 40 0
0 38 61
0 50 61
240 50 0
0 43 54
240 43 0
0 38 0
0 36 56
0 48 56
240 48 0
0 36 0
0 37 58
0 49 58
240 49 0
0 37 0
0 38 59
0 50 59
240 50 0
0 38 0
0 39 61
0 51 61
240 51 0
0 39 0
0 40 63
0 52 63
240 52 0
0 40 0
0 41 65
0 51 65
240 51 0
0 41 0
0 46 63
0 50 63
240 50 0
0 46 0
0 39 54
120 39 0
120 44 54
120 44 0
120 49 60
120 49 0
120 54 52
120 54 0
120 59 52
120 59 0
120 64 58
120 64 0
120 63 50
120 63 0
120 62 50
120 62 0
120 61 57
120 61 0
120 60 49
120 60 0
120 59 49
120 59 0
120 60 49
240 60 0
0 72 46
240 71 47
20 72 0
220 70 47
20 71 0
220 69 47
20 70 0
220 68 48
20 69 0
220 67 49
20 68 0
220 65 45
20 67 0
220 64 45
20 65 0
220 63 45
20 64 0
220 62 45
20 63 0
220 61 45
20 62 0
220 60 51
20 61 0
200 60 0
20 60 49
240 59 50
20 60 0
220 58 54
20 59 0
220 57 52
20 58 0
220 56 53
20 57 0
220 55 57
20 56 0
220 53 53
20 55 0
220 52 54
20 53 0
220 51 55
20 52 0
220 50 58
20 51 0
220 49 60
20 50 0
220 48 62
20 49 0
100 48 0
120 58 57
0 60 68
223 60 0
0 64 63
46 64 0
0 58 0
0 46 60
120 46 0
120 55 56
0 58 67
194 58 0
0 64 62
240 64 0
0 55 0
0 45 60
120 45 0
120 52 55
0 55 65
223 55 0
0 64 61
6 64 0
0 52 0
0 45 56
120 45 0
120 49 51
0 52 61
217 52 0
0 57 53
240 57 0
0 49 0
0 50 58
120 50 0
120 53 56
0 57 66
223 57 0
0 62 61
6 62 0
0 53 0
0 48 58
120 48 0
120 53 56
0 56 67
200 56 0
0 62 61
240 62 0
0 53 0
0 47 56
120 47 0
120 50 56
0 53 66
229 53 0
0 62 59
240 62 0
0 50 0
0 40 56
114 40 0
120 44 54
0 47 64
229 47 0
0 52 57
240 52 0
0 44 0
0 45 68
182 45 0
0 45 62
0 52 73
177 52 0
0 45 0
0 50 57
0 53 68
185 53 0
0 50 0
0 48 61
0 55 72
188 55 0
0 48 0
0 53 56
0 57 67
184 57 0
0 53 0
0 52 61
0 59 72
187 59 0
0 52 0
0 60 67
0 57 56
183 57 0
0 60 0
0 55 63
0 62 75
186 62 0
0 55 0
0 64 69
0 60 58
188 60 0
0 64 0
0 64 75
0 57 63
179 57 0
0 64 0
0 65 70
0 62 59
179 62 0
0 65 0
0 60 63
0 67 75
182 67 0
0 60 0
0 69 69
0 65 58
171 65 0
0 69 0
0 57 54
63 57 0
0 64 55
120 64 0
0 62 56
120 62 0
0 65 58
120 65 0
0 60 70
71 60 0
0 67 58
120 67 0
0 65 59
120 65 0
0 69 59
120 69 0
0 64 61
66 64 0
0 71 61
120 71 0
0 69 75
67 69 0
0 72 63
120 72 0
0 67 61
120 67 0
0 74 63
120 74 0
0 72 64
63 72 0
0 76 65
120 76 0
0 69 80
40 69 0
0 76 66
120 76 0
0 74 66
120 74 0
0 77 68
120 77 0
0 72 68
61 72 0
0 79 68
120 79 0
0 81 72
0 77 66
120 77 0
0 81 0
0 73 53
0 80 63
240 80 0
0 73 0
0 81 66
0 72 56
210 72 0
0 81 0
0 73 56
0 80 66
208 80 0
0 73 0
0 81 66
0 72 56
208 72 0
0 81 0
0 73 56
0 80 66
214 80 0
0 73 0
0 72 56
0 81 66
189 81 0
0 72 0
0 73 56
0 80 66
171 80 0
0 73 0
0 72 56
0 81 66
189 81 0
0 72 0
0 73 56
0 80 66
194 80 0
0 73 0
0 72 56
0 81 66
194 81 0
0 72 0
0 73 56
0 80 66
200 80 0
0 73 0
0 72 55
0 81 64
115 81 0
0 72 0
600 48 59
0 57 70
720 57 0
0 48 0
0 48 59
0 58 77
466 58 0
0 48 0
169 48 34
0 54 34
0 60 40
362 60 0
0 54 0
0 48 0
5 48 30
0 54 30
0 60 36
238 60 0
0 54 0
0 48 0
2 48 34
0 55 34
0 60 40
222 60 0
0 55 0
0 48 0
5 48 31
0 55 31
0 60 37
238 60 0
0 55 0
0 48 0
2 48 38
0 56 38
0 62 46
222 62 0
0 56 0
0 48 0
5 48 36
0 56 36
0 62 42
238 62 0
0 56 0
0 48 0
2 48 41
0 57 41
0 60 49
208 60 0
0 57 0
0 48 0
5 48 39
0 57 39
0 60 46
238 60 0
0 57 0
0 48 0
0 48 45
0 54 45
0 62 53
275 62 0
0 54 0
0 48 0
5 48 40
0 54 40
0 62 48
238 62 0
0 54 0
0 48 0
2 48 41
0 55 41
0 62 49
191 62 0
0 55 0
0 48 0
0 48 25
24 55 32
24 62 33
192 62 0
0 55 0
0 48 0
0 48 30
24 54 30
24 63 37
159 63 0
0 54 0
0 48 0
0 48 28
24 55 28
24 64 34
192 64 0
0 55 0
0 48 0
0 48 27
24 57 27
24 65 33
480 65 0
0 57 0
0 48 0
0 48 31
180 48 0
0 48 34
30 54 40
0 63 40
480 63 0
0 54 0
0 48 0
0 48 40
180 48 0
0 48 38
30 55 38
30 62 45
416 62 0
0 55 0
0 48 0
0 48 42
180 48 0
0 48 37
30 56 45
30 65 45
402 65 0
0 56 0
0 48 0
0 48 42
180 48 0
0 48 37
30 57 37
30 60 45
429 60 0
0 57 0
0 48 0
0 48 42
180 48 0
0 48 42
30 54 42
30 62 51
423 62 0
0 54 0
0 48 0
0 48 47
180 48 0
0 48 42
30 55 42
30 62 51
406 62 0
0 55 0
0 48 0
0 48 47
180 48 0
0 48 43
30 52 43
30 60 52
429 60 0
0 52 0
0 48 0
0 48 50
180 48 0
0 48 45
30 53 45
0 60 53
432 60 0
0 53 0
0 48 0
0 48 51
240 48 0
0 48 41
0 54 44
0 60 51
429 60 0
0 54 0
0 48 0
5 48 35
0 54 41
0 60 51
238 60 0
0 54 0
0 48 0
2 48 47
0 55 47
0 60 58
412 60 0
0 55 0
0 48 0
5 48 44
0 55 44
0 60 53
238 60 0
0 55 0
0 48 0
2 48 46
0 56 46
0 62 57
412 62 0
0 56 0
0 48 0
5 48 44
0 56 54
0 62 54
238 62 0
0 56 0
0 48 0
2 48 46
0 57 46
0 60 56
423 48 0
0 48 54
240 48 0
0 60 0
0 57 0
0 48 53
0 54 53
0 62 62
423 62 0
0 54 0
0 48 0
0 48 51
0 54 51
0 62 60
240 62 0
0 54 0
0 48 0
0 46 64
200 46 0
0 62 56
240 62 0
0 67 57
240 67 0
0 58 66
166 60 56
240 60 0
0 64 58
240 64 0
0 58 0
0 57 67
171 60 59
240 60 0
0 65 61
240 65 0
0 57 0
0 58 70
154 62 62
240 62 0
0 67 63
240 67 0
0 58 0
0 60 74
194 64 65
240 64 0
0 69 66
240 69 0
0 60 0
0 62 75
166 65 68
240 65 0
0 70 69
240 70 0
0 62 0
0 64 84
177 67 73
240 67 0
0 72 74
240 72 0
0 64 0
0 65 82
189 69 73
240 69 0
0 72 73
240 72 0
0 65 0
0 53 40
189 59 30
0 62 30
0 67 36
228 67 0
0 62 0
0 59 0
12 59 30
0 62 30
0 67 36
228 67 0
0 62 0
0 59 0
12 53 0
0 53 40
189 58 30
0 61 30
0 67 36
228 67 0
0 61 0
0 58 0
12 58 30
0 61 30
0 67 36
228 67 0
0 61 0
0 58 0
12 53 0
0 53 40
189 58 30
0 60 30
0 64 36
228 64 0
0 60 0
0 58 0
12 58 30
0 60 30
0 64 36
228 64 0
0 60 0
0 58 0
12 53 0
0 53 40
189 57 30
0 60 30
0 65 36
228 65 0
0 60 0
0 57 0
12 57 30
0 60 30
0 65 36
228 65 0
0 60 0
0 57 0
12 53 0
0 53 40
189 59 30
0 62 30
0 67 36
228 67 0
0 62 0
0 59 0
12 59 30
0 62 30
0 67 36
228 67 0
0 62 0
0 59 0
12 53 0
0 53 40
189 58 30
0 61 30
0 67 36
228 67 0
0 61 0
0 58 0
12 58 30
0 61 30
0 67 36
228 67 0
0 61 0
0 58 0
12 53 0
0 53 40
189 58 30
0 60 30
0 64 36
228 64 0
0 60 0
0 58 0
12 58 30
0 60 30
0 64 36
228 64 0
0 60 0
0 58 0
12 53 0
0 53 40
189 57 30
0 60 30
0 65 36
228 65 0
0 60 0
0 57 0
12 57 30
0 60 30
0 65 36
228 65 0
0 60 0
0 57 0
12 53 0
0 53 45
194 62 40
0 59 40
240 62 0
0 67 40
240 67 0
0 59 0
0 53 0
0 53 47
183 61 40
0 58 40
240 61 0
0 67 40
240 67 0
0 58 0
0 53 0
0 53 46
191 60 40
0 58 40
240 60 0
0 64 40
240 64 0
0 58 0
0 53 0
0 53 47
183 60 40
0 57 40
240 60 0
0 65 40
240 65 0
0 57 0
0 53 0
0 53 45
160 62 39
0 59 39
240 62 0
0 67 38
240 67 0
0 59 0
0 53 0
0 53 44
189 61 37
0 58 37
240 61 0
0 67 36
240 67 0
0 58 0
0 53 0
0 53 41
183 60 35
0 58 35
240 60 0
0 64 34
240 64 0
0 58 0
0 53 0
0 53 39
166 60 33
0 57 33
240 60 0
0 65 32
240 65 0
0 57 0
0 53 0
0 41 36
183 50 32
0 47 32
240 50 0
0 55 32
240 55 0
0 47 0
0 41 0
0 41 37
166 49 32
0 46 32
240 49 0
0 55 32
240 55 0
0 46 0
0 41 0
0 41 36
177 48 32
0 46 32
240 48 0
0 52 32
240 52 0
0 46 0
0 41 0
0 41 37
183 48 32
0 45 32
240 48 0
0 53 32
240 53 0
0 45 0
0 41 0
0 29 30
240 38 27
240 38 0
0 43 26
240 43 0
0 29 0
0 29 30
240 37 26
240 37 0
0 43 25
240 43 0
0 29 0
0 29 28
240 36 25
240 36 0
0 40 25
240 40 0
0 29 0
0 29 28
240 36 30
480 36 0
0 29 0
0 29 27
240 36 29
480 36 0
0 29 0
0 29 27
240 37 29
480 37 0
0 29 0
0 29 25
240 36 27
480 36 0
0 29 0
0 29 26
240 37 28
480 37 0
0 29 0
0 29 25
240 36 29
480 36 0
0 29 0
0 29 26
240 37 28
480 37 0
0 36 24
240 36 0
0 29 0
480 48 22
0 58 26
120 58 0
0 48 0
600 41 22
0 48 26
120 48 0
0 41 0
