3120 62 53
240 62 0
0 64 54
240 64 0
0 66 56
240 66 0
0 67 57
240 67 0
0 69 59
240 69 0
0 70 61
240 70 0
0 72 63
240 72 0
0 74 65
240 74 0
0 79 68
240 79 0
0 78 66
240 78 0
0 79 58
240 79 0
0 74 53
960 74 0
240 74 56
240 74 0
0 63 31
0 69 59
0 67 31
240 69 0
0 72 51
240 72 0
0 67 0
0 63 0
0 62 45
0 67 45
0 70 53
240 70 0
0 67 0
0 62 0
960 70 53
240 70 0
0 60 46
0 66 57
240 66 0
0 69 49
240 69 0
0 60 0
0 58 47
0 67 53
960 67 0
0 58 0
240 62 52
240 62 0
0 64 54
0 60 48
240 64 0
0 66 55
240 66 0
0 60 0
0 67 57
0 58 51
240 58 0
0 67 0
0 69 59
240 69 0
0 70 61
240 70 0
0 72 63
240 72 0
0 74 68
240 74 0
0 79 63
240 79 0
0 75 40
0 77 61
0 72 36
0 65 33
240 77 0
0 79 59
240 79 0
0 65 0
0 72 0
0 75 0
0 70 46
0 74 55
0 65 46
958 65 0
2 74 0
0 70 0
240 77 60
240 77 0
0 70 50
0 63 50
0 74 50
0 75 63
240 75 0
0 77 58
240 77 0
0 74 0
0 63 0
0 70 0
0 72 60
0 63 50
0 69 50
958 63 0
2 69 0
0 72 0
240 75 55
240 75 0
0 72 38
0 74 56
0 69 37
0 62 37
240 74 0
0 75 50
240 75 0
0 62 0
0 69 0
0 72 0
0 67 44
0 62 44
0 70 53
480 70 0
0 62 0
0 67 0
720 74 54
240 74 0
0 63 35
0 69 35
0 72 56
240 72 0
0 74 52
240 74 0
0 69 0
0 63 0
0 72 55
0 62 35
0 67 35
240 72 0
0 70 47
238 62 0
2 70 0
0 67 0
0 58 32
0 69 50
240 69 0
0 67 49
240 67 0
0 58 0
0 64 35
0 70 52
480 64 0
0 63 29
0 66 32
240 70 0
0 69 39
240 69 0
0 66 0
0 63 0
0 62 40
0 67 48
480 67 0
0 62 0
720 67 67
240 67 0
0 69 69
240 69 0
0 70 66
240 70 0
0 72 69
240 72 0
0 74 70
240 74 0
0 75 72
240 75 0
0 77 74
240 77 0
0 79 75
240 79 0
0 81 72
240 81 0
0 82 79
240 82 0
0 84 77
240 84 0
0 77 75
960 77 0
240 77 73
240 77 0
0 79 75
240 79 0
0 82 73
240 82 0
0 75 70
960 75 0
240 75 67
240 75 0
0 77 71
240 77 0
0 81 67
240 81 0
0 74 60
960 74 0
240 67 68
240 67 0
0 69 69
240 69 0
0 70 69
240 70 0
0 72 69
240 72 0
0 74 70
240 74 0
0 75 72
240 75 0
0 77 74
240 77 0
0 79 75
240 79 0
0 81 72
240 81 0
0 82 79
240 82 0
0 84 77
240 84 0
0 74 75
960 74 0
240 74 73
240 74 0
0 76 75
240 76 0
0 78 72
240 78 0
0 79 77
960 79 0
240 74 67
240 74 0
0 72 70
240 72 0
0 70 67
240 70 0
0 78 63
960 78 0
240 72 61
240 72 0
0 70 63
240 70 0
0 69 61
240 69 0
0 79 68
240 79 0
0 74 61
120 74 0
0 75 45
60 75 0
0 74 47
60 74 0
0 73 63
240 73 0
0 74 60
240 74 0
0 75 63
240 75 0
0 74 60
240 74 0
0 70 63
240 70 0
0 67 60
240 74 63
238 67 0
2 74 0
240 74 68
720 74 0
0 62 53
240 62 0
0 64 54
240 64 0
0 66 56
240 66 0
0 67 57
240 67 0
0 69 59
240 69 0
0 70 61
240 70 0
0 72 63
240 72 0
0 74 65
240 74 0
0 79 68
240 79 0
0 78 66
240 78 0
0 79 64
240 79 0
0 74 53
960 74 0
240 74 56
240 74 0
0 69 59
0 63 31
0 67 31
240 69 0
0 72 56
240 72 0
0 67 0
0 63 0
0 70 53
0 62 45
0 67 45
240 67 0
0 62 0
0 70 0
960 70 53
240 70 0
0 66 57
0 60 46
240 66 0
0 69 53
240 69 0
0 60 0
0 67 53
0 58 47
960 58 0
0 67 0
240 62 52
240 62 0
0 60 48
0 64 54
240 64 0
0 66 55
240 66 0
0 60 0
0 58 51
0 67 57
240 67 0
0 58 0
0 69 59
240 69 0
0 70 61
240 70 0
0 72 63
240 72 0
0 74 68
240 74 0
0 79 63
240 79 0
0 65 33
0 75 40
0 72 36
0 77 61
240 77 0
0 79 59
240 79 0
0 72 0
0 75 0
0 65 0
0 70 46
0 65 46
0 74 55
958 65 0
2 74 0
0 70 0
240 77 60
240 77 0
0 63 50
0 75 63
0 70 50
0 74 50
240 75 0
0 77 58
240 77 0
0 74 0
0 70 0
0 63 0
0 69 50
0 63 50
0 72 60
958 63 0
2 72 0
0 69 0
240 75 55
240 75 0
0 69 37
0 72 38
0 62 37
0 74 56
240 74 0
0 75 50
240 75 0
0 62 0
0 72 0
0 69 0
0 62 44
0 67 44
0 70 53
480 70 0
0 67 0
0 62 0
720 74 54
240 74 0
0 72 56
0 63 35
0 69 35
240 72 0
0 74 52
240 74 0
0 69 0
0 63 0
0 67 35
0 72 55
0 62 35
240 72 0
0 70 51
238 62 0
2 70 0
0 67 0
0 69 50
0 58 27
240 69 0
0 67 49
240 67 0
0 58 0
0 70 52
0 64 35
480 64 0
0 63 29
0 66 32
240 70 0
0 69 39
240 69 0
0 66 0
0 63 0
0 62 34
0 67 48
240 67 0
0 62 0
240 71 42
0 74 50
480 74 0
0 71 0
0 71 44
0 67 37
480 67 0
0 71 0
0 71 41
0 74 49
480 74 0
0 71 0
0 72 44
0 76 52
480 76 0
0 72 0
0 69 47
0 66 39
240 66 0
0 69 0
0 67 39
0 71 47
240 71 0
0 67 0
0 69 41
0 72 49
480 72 0
0 69 0
0 72 39
0 76 47
480 76 0
0 72 0
0 71 43
0 74 51
480 74 0
0 71 0
0 79 52
0 76 44
480 76 0
0 79 0
0 74 41
0 78 49
480 78 0
0 74 0
0 72 41
0 76 49
480 76 0
0 72 0
0 71 41
0 74 49
480 74 0
0 71 0
0 66 38
0 69 46
240 69 0
0 66 0
0 71 46
0 67 38
240 67 0
0 71 0
0 69 39
0 72 47
480 72 0
0 69 0
0 70 41
0 73 49
480 73 0
0 70 0
0 71 42
0 74 50
240 74 0
0 71 0
240 62 59
0 71 60
0 74 71
480 74 0
0 71 0
0 62 0
0 59 52
0 71 62
0 67 52
480 67 0
0 71 0
0 59 0
0 62 58
0 71 59
0 74 70
480 74 0
0 71 0
0 62 0
0 64 59
0 72 60
0 76 71
480 76 0
0 72 0
0 64 0
0 69 66
0 66 56
240 67 56
0 71 66
20 66 0
0 69 0
220 69 59
0 72 68
20 67 0
0 71 0
460 69 0
0 72 0
0 64 57
0 72 56
0 76 67
480 62 63
0 71 63
0 74 75
20 76 0
0 64 0
0 72 0
460 62 0
0 71 0
0 74 0
0 67 64
0 79 78
0 76 66
480 66 61
0 74 62
0 78 73
20 76 0
0 67 0
0 79 0
460 64 61
0 72 62
0 76 74
20 66 0
0 78 0
0 74 0
460 62 61
0 71 62
0 74 74
20 64 0
0 76 0
0 72 0
460 62 0
0 71 0
0 74 0
0 57 60
0 66 58
0 69 69
240 59 60
0 71 69
0 67 58
20 69 0
0 57 0
0 66 0
220 60 61
0 69 62
0 72 74
20 59 0
0 67 0
0 71 0
460 60 0
0 69 0
0 72 0
0 64 68
0 72 69
0 76 82
480 76 0
0 72 0
0 64 0
0 62 78
0 71 78
0 74 92
120 74 0
0 71 0
0 62 0
120 67 71
0 71 71
0 74 84
120 74 0
0 71 0
0 67 0
120 67 77
0 71 77
0 79 90
720 79 0
0 76 83
240 76 0
0 71 0
0 67 0
0 66 73
0 71 73
0 78 86
120 78 0
0 71 0
0 66 0
120 66 67
0 71 81
120 71 0
0 66 0
120 64 77
0 67 77
0 76 90
720 76 0
0 72 77
240 72 0
0 67 0
0 64 0
0 62 73
0 67 73
0 74 86
120 74 0
0 67 0
0 62 0
120 67 81
120 67 0
120 67 56
0 62 77
0 74 90
720 74 0
0 62 0
0 61 71
0 73 83
240 73 0
0 61 0
0 67 0
0 60 71
0 66 71
0 72 82
480 72 0
0 66 0
0 60 0
0 59 60
0 65 71
0 71 83
120 71 0
0 65 0
0 59 0
120 68 64
0 65 55
0 71 64
0 77 79
120 77 0
0 68 0
0 65 0
0 71 0
120 64 72
0 69 72
0 76 84
240 76 0
0 69 0
0 64 0
0 69 79
240 69 0
0 62 70
0 67 73
0 74 85
120 74 0
0 67 0
0 62 0
600 71 75
240 71 0
0 60 57
0 66 61
0 69 76
240 69 0
0 71 75
240 71 0
0 66 0
0 60 0
0 59 76
0 67 76
120 67 0
0 59 0
120 67 71
0 71 71
0 74 84
120 74 0
0 71 0
0 67 0
120 67 77
0 71 77
0 79 90
720 79 0
0 76 83
240 76 0
0 71 0
0 67 0
0 66 73
0 71 73
0 78 86
120 78 0
0 71 0
0 66 0
120 66 67
0 71 81
120 71 0
0 66 0
120 64 77
0 67 77
0 76 90
720 76 0
0 72 78
240 72 0
0 67 0
0 64 0
0 62 73
0 67 73
0 74 86
120 74 0
0 67 0
0 62 0
120 67 81
120 67 0
120 67 56
0 62 77
0 74 90
720 74 0
0 62 0
0 61 71
0 73 83
240 73 0
0 61 0
0 67 0
0 70 62
0 64 80
0 76 95
480 70 0
0 69 73
240 76 0
0 64 0
0 63 70
0 75 82
240 75 0
0 63 0
0 69 0
0 72 71
0 66 84
0 78 100
480 72 0
0 69 74
240 78 0
0 66 0
0 65 73
0 77 84
240 77 0
0 65 0
0 69 0
0 74 72
0 68 86
0 80 104
480 74 0
0 73 80
240 80 0
0 68 0
0 67 81
0 79 95
160 79 0
0 67 0
50 70 74
10 73 77
10 76 79
10 73 0
0 82 99
160 82 0
0 76 0
0 73 0
0 70 0
50 73 74
10 76 78
10 79 80
10 85 94
160 85 0
0 73 0
0 76 0
0 79 0
50 76 75
10 79 80
10 82 82
10 88 99
160 88 0
0 76 0
0 79 0
0 82 0
50 79 74
10 82 78
10 85 80
10 91 95
160 91 0
0 79 0
0 82 0
0 85 0
50 82 79
10 85 82
10 88 84
10 94 99
160 94 0
0 82 0
0 85 0
0 88 0
50 85 75
10 88 79
10 91 81
10 97 94
160 97 0
0 85 0
0 88 0
0 91 0
50 88 78
10 91 83
10 94 86
10 100 101
400 100 0
0 88 0
0 91 0
0 94 0
50 91 78
10 94 82
10 97 85
10 103 99
400 103 0
0 91 0
0 94 0
0 97 0
2960 74 62
0 72 62
0 69 62
0 62 62
720 62 0
0 74 0
0 72 0
0 69 0
0 62 53
240 62 0
0 64 54
240 64 0
0 66 56
240 66 0
0 67 57
240 67 0
0 69 59
240 69 0
0 70 61
240 70 0
0 72 63
240 72 0
0 74 65
240 74 0
0 79 68
240 79 0
0 78 66
240 78 0
0 79 64
240 79 0
0 74 53
960 74 0
240 74 56
240 74 0
0 63 31
0 67 31
0 69 59
240 69 0
0 72 51
240 72 0
0 67 0
0 63 0
0 62 45
0 67 45
0 70 53
240 70 0
0 67 0
0 62 0
960 70 53
240 70 0
0 60 46
0 66 57
240 66 0
0 69 49
240 69 0
0 60 0
0 58 47
0 67 53
960 67 0
0 58 0
240 62 52
240 62 0
0 60 48
0 64 54
240 64 0
0 66 55
240 66 0
0 60 0
0 58 51
0 67 57
240 67 0
0 58 0
0 69 59
240 69 0
0 70 61
240 70 0
0 72 63
240 72 0
0 74 68
240 74 0
0 79 63
240 79 0
0 75 40
0 72 36
0 65 33
0 77 61
240 77 0
0 79 59
240 79 0
0 65 0
0 72 0
0 75 0
0 65 46
0 70 46
0 74 55
958 65 0
2 74 0
0 70 0
240 77 60
240 77 0
0 63 50
0 70 50
0 74 50
0 75 63
240 75 0
0 77 58
240 77 0
0 74 0
0 70 0
0 63 0
0 63 50
0 69 50
0 72 60
958 63 0
2 72 0
0 69 0
240 75 55
240 75 0
0 62 37
0 69 37
0 72 38
0 74 56
240 74 0
0 75 50
240 75 0
0 72 0
0 69 0
0 62 0
0 62 47
0 67 47
0 70 56
480 70 0
0 67 0
0 62 0
720 74 57
240 74 0
0 63 37
0 69 37
0 72 59
240 72 0
0 74 55
240 74 0
0 69 0
0 63 0
0 62 37
0 67 37
0 72 58
240 72 0
0 70 54
238 62 0
2 70 0
0 67 0
0 58 34
0 69 53
240 69 0
0 67 52
240 67 0
0 58 0
0 64 37
0 70 55
480 64 0
0 63 31
0 66 34
240 70 0
0 69 42
240 69 0
0 66 0
0 63 0
0 62 43
0 67 51
480 67 0
0 62 0
720 67 68
240 67 0
0 69 69
240 69 0
0 70 69
240 70 0
0 72 69
240 72 0
0 74 70
240 74 0
0 75 72
240 75 0
0 77 74
240 77 0
0 79 75
240 79 0
0 81 72
240 81 0
0 82 79
240 82 0
0 84 77
240 84 0
0 77 75
960 77 0
240 77 73
240 77 0
0 79 75
240 79 0
0 82 73
240 82 0
0 75 70
960 75 0
240 75 67
240 75 0
0 77 71
240 77 0
0 81 67
240 81 0
0 74 60
960 74 0
240 67 68
240 67 0
0 69 69
240 69 0
0 70 69
240 70 0
0 72 69
240 72 0
0 74 70
240 74 0
0 75 72
240 75 0
0 77 74
240 77 0
0 79 75
240 79 0
0 81 72
240 81 0
0 82 79
240 82 0
0 84 77
240 84 0
0 74 75
960 74 0
240 74 73
240 74 0
0 76 75
240 76 0
0 78 72
240 78 0
0 79 77
960 79 0
240 74 67
240 74 0
0 72 69
240 72 0
0 70 67
240 70 0
0 78 63
960 78 0
240 72 61
240 72 0
0 70 63
240 70 0
0 69 61
240 69 0
0 79 68
240 79 0
0 74 61
120 74 0
0 75 45
60 75 0
0 74 47
60 74 0
0 73 63
240 73 0
0 74 60
240 74 0
0 75 63
240 75 0
0 74 60
240 74 0
0 70 63
240 70 0
0 67 60
240 74 63
238 67 0
2 74 0
240 74 68
720 74 0
0 62 53
240 62 0
0 64 54
240 64 0
0 66 56
240 66 0
0 67 57
240 67 0
0 69 59
240 69 0
0 70 61
240 70 0
0 72 63
240 72 0
0 74 65
240 74 0
0 79 68
240 79 0
0 78 66
240 78 0
0 79 64
240 79 0
0 74 53
960 74 0
240 74 56
240 74 0
0 63 31
0 67 31
0 69 59
240 69 0
0 72 51
240 72 0
0 67 0
0 63 0
0 62 45
0 67 45
0 70 53
240 70 0
0 67 0
0 62 0
960 70 53
240 70 0
0 60 46
0 66 57
240 66 0
0 69 49
240 69 0
0 60 0
0 58 47
0 67 53
960 67 0
0 58 0
240 62 52
240 62 0
0 60 48
0 64 54
240 64 0
0 66 55
240 66 0
0 60 0
0 58 51
0 67 57
240 67 0
0 58 0
0 69 59
240 69 0
0 70 61
240 70 0
0 72 63
240 72 0
0 74 68
240 74 0
0 79 63
240 79 0
0 75 40
0 72 36
0 65 33
0 77 61
240 77 0
0 79 59
240 79 0
0 65 0
0 72 0
0 75 0
0 65 46
0 70 46
0 74 55
958 65 0
2 74 0
0 70 0
240 77 60
240 77 0
0 63 50
0 70 50
0 74 50
0 75 63
240 75 0
0 77 58
240 77 0
0 74 0
0 70 0
0 63 0
0 63 50
0 69 50
0 72 60
958 63 0
2 72 0
0 69 0
240 75 55
240 75 0
0 62 37
0 69 37
0 72 38
0 74 56
240 74 0
0 75 50
240 75 0
0 72 0
0 69 0
0 62 0
0 62 44
0 67 44
0 70 53
480 70 0
0 67 0
0 62 0
720 74 54
240 74 0
0 63 35
0 69 35
0 72 56
240 72 0
0 74 52
240 74 0
0 69 0
0 63 0
0 62 35
0 67 35
0 72 55
240 72 0
0 70 51
238 62 0
2 70 0
0 67 0
0 58 32
0 69 50
240 69 0
0 67 49
240 67 0
0 58 0
0 64 35
0 70 52
480 64 0
0 63 29
0 66 32
240 70 0
0 69 39
240 69 0
0 66 0
0 63 0
0 62 40
0 67 48
480 67 0
0 62 0
720 82 47
240 91 51
0 86 35
240 86 0
0 91 0
0 82 0
0 81 46
240 90 48
0 86 35
0 84 35
240 84 0
0 81 0
0 90 0
0 86 0
0 79 45
240 87 50
0 84 35
0 81 35
240 81 0
0 79 0
0 87 0
0 84 0
0 78 45
240 86 50
0 84 35
0 81 35
240 81 0
0 78 0
0 86 0
0 84 0
0 75 44
240 84 50
0 81 35
0 78 35
240 78 0
0 75 0
0 84 0
0 81 0
0 74 46
240 82 50
0 79 35
0 76 35
240 76 0
0 74 0
0 82 0
0 79 0
0 72 47
240 81 50
0 78 35
0 75 35
240 75 0
0 72 0
0 81 0
0 78 0
0 70 44
240 79 51
0 74 35
240 74 0
0 79 0
0 70 0
0 70 54
240 70 0
0 74 38
0 72 36
0 69 54
240 69 0
0 67 54
240 67 0
0 66 56
240 66 0
0 72 0
0 74 0
0 67 53
240 67 0
0 68 54
240 68 0
0 69 53
240 69 0
480 62 38
0 60 36
960 60 0
0 62 0
0 58 30
0 62 35
480 62 0
0 58 0
240 70 47
240 79 51
0 74 35
240 74 0
0 79 0
0 70 0
0 69 45
240 78 47
0 74 34
0 72 34
240 72 0
0 69 0
0 78 0
0 74 0
0 67 43
240 75 48
0 72 33
0 69 33
240 69 0
0 67 0
0 75 0
0 72 0
0 66 42
240 74 48
0 72 33
0 69 33
240 69 0
0 66 0
0 74 0
0 72 0
0 63 42
240 72 47
0 69 33
0 66 33
240 66 0
0 63 0
0 72 0
0 69 0
0 62 42
240 70 46
0 67 32
0 64 32
240 64 0
0 62 0
0 70 0
0 67 0
0 60 40
240 69 46
0 66 32
0 63 32
240 63 0
0 60 0
0 69 0
0 66 0
0 58 41
240 67 46
0 62 31
240 62 0
0 67 0
0 58 0
0 58 48
240 58 0
0 62 34
0 60 32
0 57 48
240 57 0
0 55 48
240 55 0
0 54 50
240 54 0
0 60 0
0 62 0
0 55 47
240 55 0
0 56 48
240 56 0
0 57 47
240 57 0
480 50 33
0 48 31
960 48 0
0 50 0
0 46 27
0 50 33
480 50 0
0 46 0
480 42 28
0 50 34
0 48 28
240 48 0
0 50 0
0 42 0
240 43 29
0 46 29
0 50 35
240 50 0
0 46 0
0 43 0
240 45 31
0 50 31
0 54 37
240 54 0
0 50 0
0 45 0
240 46 33
0 50 33
0 55 39
240 55 0
0 50 0
0 46 0
240 50 34
0 54 40
0 57 40
240 57 0
0 54 0
0 50 0
240 50 35
0 55 35
0 58 42
240 58 0
0 55 0
0 50 0
240 54 36
0 62 43
0 60 36
240 60 0
0 62 0
0 54 0
240 67 45
0 62 38
0 58 38
240 58 0
0 62 0
0 67 0
240 54 36
0 62 43
0 60 36
240 60 0
0 62 0
0 54 0
240 62 47
0 58 39
0 55 39
240 55 0
0 58 0
0 62 0
240 57 40
0 62 40
0 66 48
240 66 0
0 62 0
0 57 0
240 58 41
0 62 41
0 67 49
240 67 0
0 62 0
0 58 0
240 62 42
0 66 42
0 69 50
240 69 0
0 66 0
0 62 0
240 62 44
0 67 44
0 70 53
240 70 0
0 67 0
0 62 0
240 66 45
0 72 45
0 74 54
240 74 0
0 72 0
0 66 0
240 70 46
0 74 46
0 79 55
240 79 0
0 74 0
0 70 0
240 74 55
0 72 46
0 66 46
240 66 0
0 72 0
0 74 0
150 67 44
30 70 47
30 74 52
30 79 56
240 79 0
0 67 0
0 70 0
0 74 0
240 74 55
0 72 47
0 66 47
240 66 0
0 72 0
0 74 0
150 67 44
30 70 47
30 74 51
30 79 56
240 79 0
0 67 0
0 70 0
0 74 0
240 86 59
0 84 50
0 78 50
240 78 0
0 84 0
0 86 0
150 79 51
30 82 56
30 86 60
30 91 65
240 91 0
0 79 0
0 82 0
0 86 0
240 86 59
0 84 51
0 78 51
240 78 0
0 84 0
0 86 0
150 79 50
30 82 55
30 86 58
30 91 65
240 91 0
0 79 0
0 82 0
0 86 0
150 79 47
30 82 52
30 86 57
30 91 62
240 91 0
0 79 0
0 82 0
0 86 0
150 79 46
30 82 50
30 86 54
30 91 59
240 91 0
0 79 0
0 82 0
0 86 0
150 79 45
30 82 47
30 86 51
30 91 55
240 91 0
0 79 0
0 82 0
0 86 0
150 79 42
30 82 44
30 86 46
30 91 50
240 91 0
0 79 0
0 82 0
0 86 0
150 79 36
30 82 38
30 86 40
30 91 47
240 91 0
0 79 0
0 82 0
0 86 0
150 79 32
30 82 36
30 86 40
30 91 44
240 91 0
0 79 0
0 82 0
0 86 0
150 79 29
30 82 33
30 86 34
30 91 41
240 91 0
0 79 0
0 82 0
0 86 0
150 79 26
30 82 30
30 86 34
30 91 37
240 91 0
0 79 0
0 82 0
0 86 0
0 43 40
267 43 0
0 50 38
480 50 0
0 58 28
0 55 28
0 62 34
960 62 0
0 55 0
0 58 0
0 43 40
309 43 0
0 50 38
480 50 0
0 62 35
0 55 35
0 58 35
960 58 0
0 55 0
0 62 0
0 43 40
366 43 0
0 50 37
480 50 0
0 58 34
0 62 40
0 55 34
343 55 0
0 62 0
0 58 0
0 45 45
480 45 0
0 46 44
320 46 0
0 55 38
480 55 0
0 62 29
0 67 35
252 67 0
2 62 0
0 48 35
480 48 0
0 50 42
91 50 0
0 63 50
240 63 0
0 55 29
0 58 29
0 61 47
240 61 0
0 58 0
0 55 0
0 63 39
240 63 0
0 55 34
0 58 34
0 62 40
99 62 0
0 58 0
0 55 0
240 50 42
480 50 0
0 43 46
126 51 42
240 51 0
0 49 37
240 49 0
0 51 32
240 51 0
0 50 35
731 50 0
0 43 0
0 43 40
268 43 0
0 50 37
480 50 0
0 58 34
0 62 40
0 55 34
254 55 0
0 62 0
0 58 0
0 45 42
480 45 0
0 46 44
254 46 0
0 53 38
480 53 0
0 58 28
0 62 28
0 65 39
296 65 0
0 62 0
0 58 0
0 43 41
480 43 0
0 45 44
320 45 0
0 57 36
480 57 0
0 60 30
0 63 30
0 67 36
339 67 0
0 63 0
0 60 0
0 42 36
480 42 0
0 43 39
325 43 0
0 50 36
480 50 0
0 58 23
0 55 23
0 62 34
325 62 0
0 55 0
0 58 0
0 48 34
480 48 0
0 50 39
367 62 32
480 62 0
0 61 31
221 61 0
0 60 30
480 50 0
0 55 28
99 60 0
0 58 32
240 58 0
0 55 0
0 55 30
240 55 0
0 50 30
240 50 0
0 43 30
480 43 0
268 51 52
325 51 0
0 65 49
480 65 0
0 57 44
0 53 44
0 60 52
748 60 0
0 53 0
0 57 0
0 50 67
311 50 0
0 65 58
480 65 0
0 53 49
0 62 58
0 58 49
762 58 0
0 62 0
0 53 0
0 48 57
296 48 0
0 65 53
480 65 0
0 57 44
0 53 44
0 63 52
791 63 0
0 53 0
0 57 0
0 46 53
240 46 0
0 65 49
480 65 0
0 62 44
0 58 37
0 53 37
283 53 0
0 58 0
0 62 0
0 51 52
339 51 0
0 65 49
480 65 0
0 60 52
0 57 44
0 53 44
762 53 0
0 57 0
0 60 0
0 50 67
240 50 0
0 66 58
480 66 0
0 57 44
0 62 52
0 54 44
823 54 0
0 62 0
0 57 0
0 50 55
282 50 0
0 62 53
480 62 0
0 58 52
0 55 44
791 55 0
0 58 0
0 50 53
296 50 0
0 62 41
480 62 0
0 60 41
0 57 35
776 57 0
0 60 0
0 50 53
395 50 0
0 62 44
480 62 0
0 55 37
0 58 44
857 58 0
0 55 0
0 57 46
0 50 46
14 50 0
0 57 0
120 67 53
240 67 0
0 66 52
240 66 0
0 63 51
240 63 0
0 62 50
146 62 0
2 60 48
240 60 0
0 58 47
240 58 0
0 57 46
240 57 0
0 43 40
0 55 40
366 55 0
0 43 0
0 50 37
480 50 0
0 58 34
0 62 40
0 55 34
384 55 0
0 62 0
0 58 0
0 45 45
480 45 0
0 46 44
320 46 0
0 55 38
480 55 0
0 62 29
0 67 35
252 67 0
2 62 0
0 48 35
480 48 0
0 50 42
132 50 0
0 63 50
240 63 0
0 58 31
0 61 50
0 55 31
240 55 0
0 61 0
0 58 0
0 63 49
240 63 0
0 55 33
0 58 38
0 62 45
108 62 0
0 58 0
0 55 0
240 50 42
480 50 0
0 43 46
34 51 42
240 51 0
0 49 44
240 49 0
0 51 42
240 51 0
0 50 39
754 50 0
0 43 0
0 43 40
268 43 0
0 50 37
480 50 0
0 58 34
0 62 40
0 55 34
268 55 0
0 62 0
0 58 0
0 45 42
480 45 0
0 46 44
320 46 0
0 53 41
480 53 0
0 65 42
0 58 30
0 62 30
311 62 0
0 58 0
0 65 0
0 43 41
480 43 0
0 45 44
254 45 0
0 57 39
480 57 0
0 60 33
0 63 33
0 67 39
282 67 0
0 63 0
0 60 0
0 42 36
480 42 0
0 43 39
311 43 0
0 50 36
480 50 0
0 58 23
0 55 23
0 62 34
198 62 0
0 55 0
0 58 0
0 48 34
480 48 0
0 50 39
367 62 32
480 62 0
0 61 31
311 61 0
0 60 30
480 60 0
0 59 34
155 59 0
0 50 0
0 43 25
0 50 30
480 50 0
0 43 0
0 50 24
0 62 29
0 55 24
480 55 0
0 62 0
0 50 0
0 43 24
0 50 29
480 50 0
0 43 0
0 50 24
0 54 24
0 62 29
42 62 0
0 54 0
0 50 0
0 43 29
0 50 29
480 50 0
0 43 0
0 50 24
0 54 24
0 62 29
14 62 0
0 54 0
0 50 0
0 43 25
0 50 30
480 50 0
0 43 0
0 50 25
0 55 25
0 62 30
85 62 0
0 55 0
0 50 0
0 43 25
0 50 30
220 50 0
0 43 0
0 50 25
0 62 30
0 55 25
466 55 0
0 62 0
0 50 0
0 43 25
0 50 30
480 50 0
0 43 0
0 50 25
0 54 25
0 62 30
56 62 0
0 54 0
0 50 0
0 43 25
0 50 30
480 50 0
0 43 0
0 50 25
0 54 25
0 62 30
28 62 0
0 54 0
0 50 0
0 43 25
0 50 30
480 50 0
0 43 0
0 50 24
0 55 24
0 62 29
240 62 0
0 55 0
0 50 0
0 43 23
0 50 28
240 50 0
0 43 0
85 52 64
480 52 0
0 43 41
0 50 50
240 50 0
0 43 0
240 55 67
11 55 0
0 50 49
0 43 40
0 54 49
240 54 0
0 43 0
0 50 0
46 63 61
480 63 0
0 55 44
0 57 44
0 62 52
240 62 0
0 57 0
0 55 0
69 66 66
126 66 0
0 67 56
238 67 0
71 58 67
57 58 0
0 59 55
240 59 0
0 56 69
34 56 0
0 57 60
240 57 0
46 51 71
23 51 0
0 50 64
240 50 0
57 42 78
120 42 0
120 43 74
120 43 0
120 64 78
0 59 78
0 52 63
411 52 0
0 55 75
480 55 0
0 59 0
0 64 0
0 62 72
0 59 59
120 59 0
0 62 0
120 50 55
0 54 55
0 59 63
120 59 0
0 54 0
0 50 0
120 60 78
0 55 78
0 48 63
445 48 0
0 52 75
480 52 0
0 55 0
0 60 0
0 59 72
0 55 59
120 55 0
0 59 0
360 50 56
0 47 56
0 59 64
466 59 0
0 47 0
0 46 57
0 58 67
480 58 0
0 46 0
0 50 0
0 45 57
0 51 57
0 57 69
45 57 0
0 51 0
0 45 0
0 44 46
0 50 55
0 56 64
120 56 0
0 50 0
0 44 0
120 50 44
0 59 61
0 56 61
120 56 0
0 59 0
0 50 0
120 48 55
0 60 64
0 57 64
441 57 0
0 60 0
0 48 0
0 50 55
0 55 59
0 59 71
120 59 0
0 55 0
0 50 0
120 55 61
240 55 0
0 62 77
438 50 61
480 50 0
0 55 66
120 55 0
0 62 0
120 55 62
0 59 62
0 62 74
120 62 0
0 59 0
0 55 0
120 64 78
0 59 78
0 52 63
411 52 0
0 55 75
480 55 0
0 59 0
0 64 0
0 62 72
0 59 59
113 59 0
0 62 0
120 50 55
0 54 55
0 59 63
120 59 0
0 54 0
0 50 0
120 60 78
0 55 78
0 48 63
445 48 0
0 52 75
480 52 0
0 55 0
0 60 0
0 59 72
0 55 59
99 55 0
0 59 0
360 50 56
0 47 56
0 59 64
452 59 0
0 47 0
0 46 50
0 58 60
480 58 0
0 46 0
0 50 0
0 55 58
0 49 58
0 61 69
309 61 0
0 49 0
0 55 0
0 54 48
0 48 49
0 60 59
480 60 0
0 48 0
0 54 0
0 57 61
0 51 61
0 63 72
286 63 0
0 51 0
0 57 0
0 56 50
0 50 51
0 62 61
480 62 0
0 50 0
0 56 0
0 59 63
0 53 63
0 65 75
217 65 0
0 53 0
0 59 0
0 58 56
0 52 58
0 64 69
103 64 0
0 52 0
0 58 0
0 55 50
10 58 53
10 61 55
10 64 57
10 67 59
128 67 0
0 61 0
0 55 0
0 58 0
0 64 0
0 58 48
10 61 51
10 64 52
10 67 56
10 70 58
200 70 0
0 64 0
0 58 0
0 61 0
0 67 0
0 61 52
10 64 56
10 67 56
10 70 59
10 73 60
200 73 0
0 67 0
0 61 0
0 64 0
0 70 0
0 64 50
10 67 52
10 70 53
10 73 56
10 76 58
200 76 0
0 70 0
0 64 0
0 67 0
0 73 0
0 67 53
10 70 55
10 73 56
10 76 58
10 79 59
200 79 0
0 73 0
0 67 0
0 70 0
0 76 0
0 70 51
10 73 53
10 76 53
10 79 56
10 82 57
200 82 0
0 76 0
0 70 0
0 73 0
0 79 0
0 73 51
10 76 53
10 79 55
10 82 58
10 85 59
440 85 0
0 79 0
0 73 0
0 76 0
0 82 0
0 76 50
10 79 53
10 82 55
10 85 57
10 88 59
37 88 0
0 82 0
0 76 0
0 79 0
0 85 0
800 52 72
120 52 0
120 49 71
120 49 0
120 46 70
120 46 0
120 45 74
480 45 0
0 43 72
480 43 0
0 42 71
411 57 51
0 50 51
171 50 0
0 57 0
0 42 0
0 43 40
366 43 0
0 50 37
480 50 0
0 62 40
0 58 34
0 55 34
155 55 0
0 58 0
0 62 0
0 58 49
240 58 0
0 57 50
240 57 0
0 55 48
240 55 0
0 54 43
0 50 36
0 46 36
220 54 0
0 55 48
240 55 0
0 46 0
0 50 0
0 58 52
240 58 0
0 60 48
240 60 0
0 62 52
113 62 0
240 48 35
480 48 0
0 50 42
91 50 0
0 63 50
240 63 0
0 58 31
0 55 31
0 61 50
240 61 0
0 55 0
0 58 0
0 63 39
240 63 0
0 55 34
0 58 34
0 62 40
99 62 0
0 58 0
0 55 0
240 50 42
480 50 0
0 43 46
126 51 42
240 51 0
0 49 44
240 49 0
0 51 32
240 51 0
0 50 35
777 50 0
0 43 0
0 43 40
366 43 0
0 50 37
480 50 0
0 62 40
0 58 34
0 55 34
127 55 0
0 58 0
0 62 0
0 58 50
240 58 0
0 57 53
240 57 0
0 55 49
240 55 0
0 53 38
0 46 44
80 53 0
0 55 49
240 55 0
0 46 0
0 58 52
240 58 0
0 62 49
240 62 0
0 65 52
113 65 0
240 43 41
480 43 0
0 45 44
80 55 44
240 55 0
0 45 0
0 57 48
240 57 0
0 60 45
240 60 0
0 63 41
85 63 0
240 42 36
480 42 0
0 43 42
85 50 37
240 50 0
0 43 0
0 55 43
240 55 0
0 58 39
240 58 0
0 62 38
28 62 0
240 48 36
480 48 0
0 50 42
367 62 34
480 62 0
0 61 33
381 61 0
0 60 32
480 50 0
0 55 30
85 60 0
0 58 36
240 58 0
0 55 0
0 55 37
240 55 0
0 50 36
240 50 0
0 43 36
480 43 0
339 51 52
353 51 0
0 65 49
480 65 0
0 60 52
0 57 44
0 53 44
706 53 0
0 57 0
0 60 0
0 50 67
99 53 60
240 53 0
0 50 0
0 58 63
240 58 0
0 62 59
240 62 0
0 65 66
268 53 44
0 62 52
0 58 44
480 58 0
0 65 0
0 53 0
0 62 0
0 48 57
113 53 53
240 53 0
0 48 0
0 57 58
240 57 0
0 63 54
240 63 0
0 65 57
254 63 47
0 53 39
0 57 39
480 57 0
0 65 0
0 63 0
0 53 0
0 46 53
99 53 50
240 53 0
0 46 0
0 58 53
240 58 0
0 62 48
240 62 0
0 65 47
353 53 34
0 62 41
0 58 34
311 58 0
0 65 0
0 53 0
0 62 0
0 51 52
353 51 0
0 65 49
480 65 0
0 60 52
0 57 44
0 53 44
762 53 0
0 57 0
0 60 0
0 50 67
103 54 60
240 54 0
0 50 0
0 57 64
240 57 0
0 62 62
240 62 0
0 66 58
309 66 0
0 57 39
0 62 47
480 62 0
0 57 0
0 50 55
113 55 52
240 55 0
0 50 0
0 58 58
240 58 0
0 62 53
240 62 0
0 67 57
240 67 0
0 62 36
0 55 32
480 55 0
0 62 0
0 50 53
103 54 36
240 54 0
0 50 0
0 57 43
240 57 0
0 62 38
240 62 0
0 66 43
366 66 0
0 57 35
0 60 35
0 62 35
480 62 0
0 60 0
0 57 0
0 50 53
176 55 44
240 55 0
0 50 0
0 58 46
240 58 0
0 62 44
240 62 0
0 67 44
377 67 0
0 62 44
0 58 44
0 55 44
480 55 0
0 58 0
0 62 0
0 50 46
0 57 46
134 57 0
0 50 0
0 67 53
240 67 0
0 66 52
240 66 0
0 63 51
240 63 0
0 62 50
149 62 0
0 60 48
240 60 0
0 58 47
240 58 0
0 57 46
240 57 0
0 43 40
366 43 0
0 50 37
480 50 0
0 62 40
0 58 34
0 55 34
137 55 0
0 58 0
0 62 0
0 58 49
240 58 0
0 57 52
240 57 0
0 55 48
240 55 0
0 54 43
0 50 36
0 46 36
229 54 0
0 55 48
240 55 0
0 46 0
0 50 0
0 58 52
240 58 0
0 60 50
240 60 0
0 62 52
113 62 0
240 48 35
480 48 0
0 50 42
91 50 0
0 63 50
240 63 0
0 58 31
0 55 31
0 61 50
240 61 0
0 55 0
0 58 0
0 63 39
240 63 0
0 55 34
0 58 34
0 62 40
116 62 0
0 58 0
0 55 0
240 50 42
480 50 0
0 43 46
80 51 42
240 51 0
0 49 44
240 49 0
0 51 32
240 51 0
0 50 35
754 50 0
0 43 0
0 43 40
282 43 0
0 50 37
480 50 0
0 62 40
0 58 34
0 55 34
127 55 0
0 58 0
0 62 0
0 58 50
240 58 0
0 45 40
0 57 53
240 57 0
0 55 49
240 55 0
0 45 0
0 53 38
0 46 44
80 53 0
0 55 49
240 55 0
0 46 0
0 58 51
240 58 0
0 62 49
240 62 0
0 65 52
28 65 0
240 43 41
480 43 0
0 45 44
80 55 44
240 55 0
0 45 0
0 57 48
240 57 0
0 60 45
240 60 0
0 63 41
99 63 0
240 42 36
480 42 0
0 43 39
85 50 35
240 50 0
0 43 0
0 55 40
240 55 0
0 58 37
240 58 0
0 62 36
14 62 0
240 48 34
480 48 0
0 50 39
367 62 32
480 62 0
0 61 31
285 61 0
0 60 30
480 50 0
0 55 28
216 60 0
0 58 34
240 58 0
0 55 0
0 55 35
240 55 0
0 50 34
240 50 0
0 43 34
480 50 36
353 43 0
0 43 38
480 50 0
0 50 36
364 43 0
0 43 40
480 50 0
0 50 36
370 50 0
0 43 0
0 55 37
0 62 39
99 62 0
0 55 0
240 62 32
0 60 30
0 43 33
0 50 33
480 50 0
0 62 0
0 60 0
0 43 0
0 54 38
74 58 51
240 58 0
0 57 54
240 57 0
0 55 50
240 55 0
0 54 0
0 54 54
80 54 0
0 52 51
240 52 0
0 54 54
240 54 0
0 55 51
240 55 0
0 50 36
0 43 36
343 43 0
0 50 0
0 31 37
480 38 34
364 31 0
0 31 37
480 38 0
0 38 33
370 38 0
0 31 0
0 43 33
0 50 35
116 50 0
0 43 0
240 50 28
0 48 27
0 31 29
0 38 29
480 38 0
0 50 0
0 48 0
0 31 0
0 42 34
74 46 45
240 46 0
0 45 47
240 45 0
0 43 43
240 43 0
0 42 0
0 42 46
141 42 0
0 40 43
240 40 0
0 42 45
240 42 0
0 43 41
240 43 0
0 31 31
240 31 0
0 38 36
207 38 0
0 31 29
137 31 0
0 38 32
91 38 0
0 31 27
80 31 0
0 38 33
137 38 0
0 31 29
108 31 0
0 38 34
116 38 0
0 31 30
91 31 0
0 50 36
91 50 0
0 43 32
91 43 0
0 50 36
80 50 0
0 43 31
149 43 0
0 50 37
23 50 0
0 43 33
201 43 0
0 50 38
184 50 0
0 43 33
109 43 0
0 50 40
162 50 0
0 43 35
240 43 0
0 50 42
166 50 0
0 43 38
223 43 0
0 62 43
159 62 0
0 55 39
240 55 0
0 62 45
173 62 0
0 55 41
230 55 0
0 67 40
0 74 40
480 74 0
0 67 0
0 67 34
0 74 34
480 74 0
0 67 0
0 67 36
0 74 36
480 74 0
0 67 0
0 67 29
0 74 29
480 74 0
0 67 0
0 67 31
0 74 31
480 74 0
0 67 0
0 67 27
0 74 27
480 74 0
0 67 0
0 67 29
0 74 29
480 74 0
0 67 0
0 67 25
0 74 25
1200 74 0
0 67 0
