1920 75 52
0 79 52
720 79 0
0 75 0
0 77 50
0 74 50
240 74 0
0 77 0
0 80 52
0 77 52
480 77 0
0 80 0
0 77 52
0 74 52
240 74 0
0 77 0
0 75 50
0 79 50
240 79 0
0 75 0
0 72 52
0 75 52
480 75 0
0 72 0
0 72 49
0 68 49
480 68 0
0 72 0
0 67 47
0 70 47
960 70 0
0 67 0
0 72 51
0 68 51
480 72 0
0 74 56
240 74 0
0 77 55
240 77 0
0 68 0
0 68 55
0 74 55
480 74 0
0 70 51
480 70 0
0 68 0
0 67 51
0 72 51
240 72 0
0 74 49
240 74 0
0 79 52
240 79 0
0 72 50
240 72 0
0 67 0
0 67 47
0 70 47
960 70 0
0 67 0
0 74 64
0 70 64
720 70 0
0 74 0
0 70 55
0 67 55
240 67 0
0 70 0
0 72 51
0 69 60
480 72 0
0 78 65
240 78 0
0 81 60
240 81 0
0 69 0
0 70 57
0 79 64
240 79 0
0 74 56
240 74 0
0 70 0
0 72 58
0 69 51
240 72 0
0 74 53
240 74 0
0 69 0
0 67 47
0 70 47
960 70 0
0 67 0
0 70 51
0 77 60
720 77 0
0 70 0
0 79 58
0 69 49
240 79 0
0 75 57
240 75 0
0 77 60
240 77 0
0 79 64
240 79 0
0 81 61
240 81 0
0 69 0
0 70 58
0 77 69
240 77 0
0 70 0
0 68 48
0 74 57
240 74 0
0 68 0
0 75 61
0 69 52
240 69 0
0 75 0
0 65 46
0 73 54
240 73 0
0 74 59
240 74 0
0 72 52
0 68 38
240 72 0
0 71 46
240 71 0
0 68 0
0 70 43
240 70 0
0 65 0
0 75 52
0 79 52
720 79 0
0 75 0
0 74 50
0 77 50
240 77 0
0 74 0
0 80 52
0 77 52
480 77 0
0 80 0
0 77 52
0 74 52
240 74 0
0 77 0
0 75 50
0 79 50
240 79 0
0 75 0
0 75 52
0 72 52
480 72 0
0 75 0
0 68 49
0 72 49
480 72 0
0 68 0
0 67 47
0 70 47
960 70 0
0 67 0
0 72 51
0 68 51
480 72 0
0 74 56
240 74 0
0 77 55
240 77 0
0 68 0
0 68 55
0 74 55
480 74 0
0 70 51
480 70 0
0 68 0
0 72 51
0 67 51
240 72 0
0 74 49
240 74 0
0 79 52
240 79 0
0 72 50
240 72 0
0 67 0
0 70 47
0 67 47
960 67 0
0 70 0
0 74 64
0 70 64
720 70 0
0 74 0
0 70 55
0 67 55
240 67 0
0 70 0
0 72 51
0 69 60
480 72 0
0 78 65
240 78 0
0 81 60
240 81 0
0 69 0
0 79 64
0 70 57
240 79 0
0 74 56
240 74 0
0 70 0
0 69 51
0 72 58
240 72 0
0 74 53
240 74 0
0 69 0
0 67 47
0 70 47
960 70 0
0 67 0
0 65 52
0 70 58
480 70 0
0 65 0
0 72 57
0 66 51
240 66 0
0 72 0
0 70 55
0 75 55
240 75 0
0 70 0
0 72 60
0 66 54
240 66 0
0 72 0
0 70 47
0 75 53
240 75 0
0 70 0
0 78 60
0 72 54
240 72 0
0 78 0
0 75 54
0 70 48
240 70 0
0 75 0
0 69 54
0 74 54
480 74 0
0 72 53
240 72 0
0 74 49
240 74 0
0 69 0
0 70 47
0 65 47
960 65 0
0 70 0
0 77 52
0 74 52
720 74 0
0 77 0
0 72 50
0 68 50
240 68 0
0 72 0
0 75 52
0 72 52
480 72 0
0 75 0
0 70 52
0 74 52
240 74 0
0 70 0
0 70 50
0 67 50
240 67 0
0 70 0
0 70 52
0 74 52
480 74 0
0 70 0
0 72 49
0 68 49
480 68 0
0 72 0
0 65 47
0 68 47
960 68 0
0 65 0
0 80 72
0 77 72
720 77 0
0 80 0
0 79 57
0 76 57
240 76 0
0 79 0
0 76 63
0 73 63
240 73 0
0 76 0
0 79 56
0 76 56
240 76 0
0 79 0
0 74 61
0 77 61
240 77 0
0 74 0
0 71 56
0 74 56
240 74 0
0 71 0
0 77 60
0 74 60
240 74 0
0 77 0
0 75 53
0 72 53
240 72 0
0 75 0
0 68 53
0 72 53
240 72 0
0 68 0
0 68 50
0 65 50
240 65 0
0 68 0
0 62 48
0 65 48
960 65 0
0 62 0
0 69 51
0 78 57
240 69 0
0 70 47
240 70 0
0 71 52
240 71 0
0 78 0
0 72 40
0 80 52
240 80 0
0 78 60
80 78 0
0 80 49
80 80 0
0 78 49
80 78 0
0 77 55
240 77 0
0 76 56
240 76 0
0 77 49
240 77 0
0 72 0
0 73 57
0 64 51
240 64 0
0 65 47
180 65 0
0 68 46
60 68 0
0 66 52
240 66 0
0 73 0
0 73 52
0 65 40
240 65 0
0 73 0
0 64 39
0 70 40
0 73 60
240 73 0
0 72 55
240 72 0
0 71 56
240 71 0
0 72 49
240 72 0
0 70 0
0 64 0
0 68 51
0 72 51
480 72 0
0 68 0
0 73 56
0 70 56
240 70 0
0 73 0
0 73 52
0 77 52
240 77 0
0 73 0
0 73 55
0 70 55
480 70 0
0 73 0
0 67 51
0 70 51
480 70 0
0 67 0
0 67 51
0 64 51
240 64 0
0 67 0
0 68 52
0 65 52
240 65 0
0 68 0
0 67 57
0 70 57
240 70 0
0 67 0
0 70 52
0 73 52
240 73 0
0 70 0
0 72 47
0 68 47
960 68 0
0 72 0
0 68 69
0 72 69
480 72 0
0 68 0
0 75 65
0 72 65
240 72 0
0 75 0
0 77 59
0 80 59
240 80 0
0 77 0
0 73 63
0 77 63
480 77 0
0 73 0
0 73 60
0 70 60
480 70 0
0 73 0
0 67 65
0 70 65
240 70 0
0 67 0
0 72 60
0 68 60
240 68 0
0 72 0
0 70 70
0 73 70
240 73 0
0 70 0
0 73 59
0 76 59
240 76 0
0 73 0
0 75 53
0 72 53
960 72 0
0 75 0
0 68 39
0 72 39
0 75 47
240 75 0
0 72 0
0 68 0
0 72 35
0 68 35
0 75 42
480 75 0
0 68 0
0 72 0
0 68 31
0 75 37
0 72 31
240 72 0
0 75 0
0 68 0
0 68 39
0 75 47
0 72 39
240 72 0
0 75 0
0 68 0
0 75 42
0 72 35
0 68 35
480 68 0
0 72 0
0 75 0
0 72 31
0 68 31
0 75 37
240 75 0
0 68 0
0 72 0
240 68 35
0 75 43
0 72 35
240 72 0
0 75 0
0 68 0
240 68 36
0 72 36
0 75 44
240 75 0
0 72 0
0 68 0
240 72 36
0 75 44
0 68 36
240 68 0
0 75 0
0 72 0
240 68 34
0 72 34
0 75 40
240 75 0
0 72 0
0 68 0
0 72 35
0 68 35
0 75 42
240 75 0
0 68 0
0 72 0
0 68 35
0 75 42
0 72 35
480 72 0
0 75 0
0 68 0
0 68 31
0 72 31
0 75 37
240 75 0
0 72 0
0 68 0
0 72 39
0 75 47
0 68 39
240 68 0
0 75 0
0 72 0
0 68 35
0 72 35
0 75 42
480 75 0
0 72 0
0 68 0
0 72 31
0 68 31
0 75 37
240 75 0
0 68 0
0 72 0
240 68 35
0 75 43
0 72 35
238 68 0
2 72 0
0 75 0
240 68 36
0 75 44
0 72 36
240 72 0
0 75 0
0 68 0
240 72 36
0 75 44
0 68 36
240 68 0
0 75 0
0 72 0
240 68 34
0 72 34
0 75 40
240 75 0
0 72 0
0 68 0
0 80 72
0 84 72
720 84 0
0 80 0
0 76 57
0 79 57
240 79 0
0 76 0
0 82 63
0 79 63
480 79 0
0 82 0
0 80 61
0 77 61
240 77 0
0 80 0
0 74 56
0 77 56
240 77 0
0 74 0
0 74 63
0 70 63
480 70 0
0 74 0
0 67 54
0 70 54
480 70 0
0 67 0
0 64 56
0 67 56
480 67 0
0 64 0
0 68 52
0 65 52
480 65 0
0 68 0
0 66 50
0 71 56
720 71 0
0 73 51
240 73 0
0 66 0
0 71 54
0 64 46
240 64 0
0 71 0
0 76 55
240 76 0
0 78 57
240 78 0
0 80 59
240 80 0
0 83 59
240 83 0
0 80 57
240 80 0
0 78 55
240 78 0
0 76 53
240 76 0
0 75 51
0 68 42
480 75 0
0 74 50
480 74 0
0 68 0
0 79 52
0 75 52
720 75 0
0 79 0
0 74 50
0 77 50
240 77 0
0 74 0
0 80 52
0 77 52
480 77 0
0 80 0
0 74 52
0 77 52
240 77 0
0 74 0
0 75 50
0 79 50
240 79 0
0 75 0
0 72 52
0 75 52
480 75 0
0 72 0
0 68 49
0 72 49
480 72 0
0 68 0
0 67 47
0 70 47
960 70 0
0 67 0
0 68 51
0 72 51
480 72 0
0 74 56
240 74 0
0 77 55
240 77 0
0 68 0
0 68 55
0 74 55
480 74 0
0 70 51
480 70 0
0 68 0
0 67 51
0 72 51
240 72 0
0 74 49
240 74 0
0 79 52
240 79 0
0 72 50
240 72 0
0 67 0
0 67 47
0 70 47
960 70 0
0 67 0
0 74 64
0 70 64
720 70 0
0 74 0
0 67 55
0 70 55
240 70 0
0 67 0
0 72 51
0 69 60
480 72 0
0 78 65
240 78 0
0 81 60
240 81 0
0 69 0
0 70 57
0 79 64
240 79 0
0 74 56
240 74 0
0 70 0
0 69 51
0 72 58
240 72 0
0 74 53
240 74 0
0 69 0
0 67 47
0 70 47
960 70 0
0 67 0
0 70 51
0 77 60
720 77 0
0 70 0
0 69 49
0 79 58
240 79 0
0 75 57
240 75 0
0 77 60
240 77 0
0 79 64
240 79 0
0 81 61
240 81 0
0 69 0
0 70 58
0 77 69
240 77 0
0 70 0
0 68 48
0 74 57
240 74 0
0 68 0
0 69 52
0 75 61
240 75 0
0 69 0
0 65 46
0 73 54
240 73 0
0 74 59
240 74 0
0 68 38
0 72 52
240 72 0
0 71 46
240 71 0
0 68 0
0 70 43
240 70 0
0 65 0
0 79 52
0 75 52
720 75 0
0 79 0
0 74 50
0 77 50
240 77 0
0 74 0
0 80 52
0 77 52
480 77 0
0 80 0
0 74 52
0 77 52
240 77 0
0 74 0
0 75 50
0 79 50
240 79 0
0 75 0
0 72 52
0 75 52
480 75 0
0 72 0
0 68 49
0 72 49
480 72 0
0 68 0
0 67 47
0 70 47
960 70 0
0 67 0
0 68 51
0 72 51
480 72 0
0 74 56
240 74 0
0 77 55
240 77 0
0 68 0
0 68 55
0 74 55
480 74 0
0 70 51
480 70 0
0 68 0
0 67 51
0 72 51
240 72 0
0 74 49
240 74 0
0 79 52
240 79 0
0 72 50
240 72 0
0 67 0
0 67 47
0 70 47
960 70 0
0 67 0
0 67 47
0 73 55
720 73 0
0 67 0
0 67 45
0 72 53
240 72 0
0 67 0
0 67 47
0 72 56
720 72 0
0 70 52
240 70 0
0 67 0
0 63 45
0 67 53
240 67 0
0 68 55
240 68 0
0 63 0
0 71 56
240 71 0
0 72 57
240 72 0
0 74 59
240 74 0
0 75 56
240 75 0
0 72 47
0 75 47
0 80 61
240 80 0
0 75 0
0 72 0
0 63 38
0 68 38
0 72 55
240 72 0
0 68 0
0 63 0
0 63 44
0 72 52
0 68 44
720 68 0
0 72 0
0 63 0
0 65 42
0 68 42
0 74 50
240 74 0
0 68 0
0 65 0
0 63 44
0 72 52
0 68 44
480 68 0
0 72 0
0 63 0
0 62 40
0 68 40
0 70 49
480 70 0
0 68 0
0 62 0
0 67 52
0 63 44
720 63 0
0 67 0
0 63 42
0 70 50
240 70 0
0 63 0
0 63 44
0 68 52
480 68 0
0 63 0
0 63 40
0 67 49
480 67 0
0 63 0
0 60 47
0 65 47
240 65 0
0 60 0
0 63 38
0 68 38
240 68 0
0 63 0
0 60 46
0 65 46
240 65 0
0 60 0
0 62 37
0 67 37
240 67 0
0 62 0
0 60 42
0 65 42
480 65 0
0 60 0
0 62 37
0 67 37
0 70 37
480 70 0
0 67 0
0 62 0
1920 79 42
0 75 42
720 75 0
0 79 0
0 74 38
0 77 38
240 77 0
0 74 0
0 80 39
0 77 39
480 77 0
0 80 0
0 74 38
0 77 38
240 77 0
0 74 0
0 75 35
0 79 35
240 79 0
0 75 0
0 72 35
0 75 35
480 75 0
0 72 0
0 68 31
0 72 31
480 72 0
0 68 0
0 67 29
0 70 29
960 70 0
0 67 0
0 54 25
0 57 25
0 63 29
1920 63 0
0 57 0
0 54 0
0 87 39
0 79 39
1440 79 0
0 87 0
0 89 34
80 89 0
0 91 33
80 91 0
0 89 33
80 89 0
0 87 32
80 87 0
0 84 31
80 84 0
0 82 31
80 82 0
0 79 35
960 79 0
0 71 34
0 77 34
0 75 34
960 75 0
0 77 0
0 71 0
0 99 37
0 94 31
0 91 31
0 87 31
1920 87 0
0 99 0
0 94 0
0 91 0
0 58 38
0 51 32
240 58 0
0 58 35
480 58 0
0 58 33
240 58 0
0 51 0
0 58 37
0 51 32
240 58 0
0 58 35
480 58 0
0 58 34
240 58 0
0 51 0
0 58 38
0 51 32
70 58 0
0 58 35
480 58 0
0 58 33
240 58 0
0 51 0
0 58 37
0 51 32
240 58 0
0 58 35
480 58 0
0 58 34
240 58 0
0 51 0
0 58 38
0 51 32
70 58 0
0 58 35
480 58 0
0 58 33
240 58 0
0 51 0
0 58 37
0 51 32
70 58 0
0 58 35
480 58 0
0 58 34
240 58 0
0 51 0
0 65 37
0 51 32
84 58 35
480 58 0
0 58 34
240 58 0
0 51 0
0 65 0
0 65 37
0 51 32
56 58 35
480 58 0
0 58 34
240 58 0
0 51 0
0 65 0
0 58 37
0 51 32
14 58 0
0 58 35
480 58 0
0 58 34
240 58 0
0 51 0
0 51 32
0 58 37
27 58 0
0 58 35
480 58 0
0 58 34
240 58 0
0 51 0
0 62 42
0 55 35
141 62 0
0 62 38
480 62 0
0 62 36
240 62 0
0 55 0
0 63 40
0 55 35
103 63 0
0 63 38
480 63 0
0 63 37
240 63 0
0 55 0
0 62 43
0 55 38
14 62 0
0 62 37
240 62 0
0 55 0
0 55 35
0 63 39
240 63 0
0 63 35
240 63 0
0 55 0
0 55 31
0 62 36
27 62 0
0 62 34
480 62 0
0 62 33
240 62 0
0 55 0
0 53 42
0 62 60
114 53 0
0 53 42
480 62 0
0 63 47
240 63 0
0 60 48
114 60 0
0 62 49
240 62 0
0 63 50
240 63 0
0 65 50
240 65 0
0 53 0
0 62 56
114 62 0
0 59 49
240 59 0
0 60 52
137 60 0
0 57 48
240 57 0
0 58 51
125 63 39
240 63 0
0 62 36
480 62 0
0 58 0
0 58 38
0 51 32
70 58 0
0 58 35
480 58 0
0 58 33
240 58 0
0 51 0
0 58 37
0 51 32
240 58 0
0 58 35
480 58 0
0 58 34
240 58 0
0 51 0
0 58 38
0 51 32
56 58 0
0 58 35
480 58 0
0 58 33
240 58 0
0 51 0
0 58 37
0 51 32
99 58 0
0 58 35
480 58 0
0 58 34
240 58 0
0 51 0
0 65 37
0 51 32
28 58 35
480 58 0
0 58 34
240 58 0
0 51 0
0 65 0
0 65 37
0 51 32
56 58 35
480 58 0
0 58 34
240 58 0
0 51 0
0 65 0
0 58 37
0 51 32
56 58 0
0 58 35
480 58 0
0 58 34
240 58 0
0 51 0
0 51 32
0 58 37
27 58 0
0 58 35
480 58 0
0 58 34
240 58 0
0 51 0
0 62 42
0 55 35
56 62 0
0 62 38
480 62 0
0 62 36
240 62 0
0 55 0
0 63 40
0 55 35
103 63 0
0 63 38
480 63 0
0 63 37
240 63 0
0 55 0
0 62 43
0 55 38
14 62 0
0 62 37
240 62 0
0 55 0
0 55 35
0 63 39
240 63 0
0 63 35
240 63 0
0 55 0
0 55 31
0 62 36
27 62 0
0 62 34
480 62 0
0 62 33
240 62 0
0 55 0
0 53 34
0 62 39
27 62 0
0 62 37
240 62 0
0 53 0
0 63 49
80 63 0
0 66 43
240 66 0
0 63 49
240 63 0
0 66 44
240 66 0
0 70 51
240 70 0
0 66 47
240 66 0
0 53 43
0 65 43
70 65 0
0 65 39
240 65 0
0 63 42
240 63 0
0 63 37
240 63 0
0 53 0
0 62 42
0 58 42
169 58 0
0 62 0
0 59 36
180 59 0
0 62 32
60 60 38
7 62 0
166 60 0
0 58 35
240 58 0
0 34 38
42 34 0
0 58 35
480 58 0
0 58 33
240 58 0
0 58 37
240 58 0
0 58 35
480 58 0
0 58 34
240 58 0
0 58 38
56 58 0
0 58 35
480 58 0
0 58 33
240 58 0
0 58 37
28 58 0
0 58 35
480 58 0
0 58 34
240 58 0
0 34 54
91 34 0
0 58 47
480 58 0
0 58 38
240 58 0
0 58 39
240 58 0
0 58 38
480 58 0
0 58 36
240 58 0
0 58 40
28 58 0
0 58 38
480 58 0
0 58 35
240 58 0
0 57 45
141 57 0
0 58 39
60 58 0
0 61 34
60 59 40
20 61 0
220 58 38
20 59 0
220 58 0
0 63 44
388 63 0
0 56 30
480 56 0
0 57 44
185 63 47
480 63 0
0 60 36
240 60 0
0 57 0
0 58 44
430 58 0
0 56 30
480 56 0
0 55 40
537 48 36
240 48 0
0 55 0
0 48 34
0 41 37
68 48 0
0 48 35
480 48 0
0 48 34
240 48 0
0 41 0
0 48 34
0 41 37
70 48 0
0 48 35
480 48 0
0 48 34
240 48 0
0 41 0
0 48 34
0 41 37
68 48 0
0 48 35
480 48 0
0 48 34
240 48 0
0 41 0
0 41 50
0 48 50
80 41 0
0 41 53
480 41 0
0 40 54
240 40 0
0 48 0
0 39 56
14 39 0
0 63 44
480 63 0
0 63 42
240 63 0
0 63 42
84 63 0
0 63 44
480 63 0
0 63 42
240 63 0
0 63 42
14 63 0
0 63 44
480 63 0
0 63 42
240 63 0
0 56 49
27 56 0
0 63 46
240 63 0
0 68 53
240 68 0
0 67 48
240 67 0
0 67 54
564 67 0
0 65 50
240 65 0
0 60 53
308 60 0
0 59 48
240 59 0
0 60 42
240 60 0
0 65 53
353 65 0
0 67 51
480 67 0
0 67 53
324 67 0
0 65 52
480 65 0
0 67 54
522 67 0
0 65 50
240 65 0
0 60 53
308 60 0
0 59 48
240 59 0
0 60 42
240 60 0
0 65 53
113 65 0
0 67 49
240 67 0
0 68 51
240 68 0
0 67 47
240 67 0
0 67 53
254 67 0
0 65 52
480 65 0
0 34 54
11 34 0
0 58 47
480 58 0
0 58 38
240 58 0
0 58 39
240 58 0
0 58 38
480 58 0
0 58 36
240 58 0
0 58 39
70 58 0
0 58 38
480 58 0
0 58 36
240 58 0
0 58 39
56 58 0
0 58 38
480 58 0
0 58 36
240 58 0
0 57 37
0 63 56
125 57 0
0 57 37
480 57 0
0 57 37
240 57 0
0 63 0
0 56 39
308 56 0
811 65 35
0 58 35
666 58 0
0 65 0
0 58 38
0 51 32
56 58 0
0 58 35
480 58 0
0 58 33
240 58 0
0 51 0
0 58 37
0 51 32
240 58 0
0 58 35
480 58 0
0 58 34
240 58 0
0 51 0
0 58 38
0 51 32
28 58 0
0 58 35
480 58 0
0 58 33
240 58 0
0 51 0
0 58 37
0 51 32
84 58 0
0 58 35
480 58 0
0 58 34
240 58 0
0 51 0
0 65 37
0 51 32
42 58 35
480 58 0
0 58 34
240 58 0
0 51 0
0 65 0
0 65 37
0 51 32
14 58 35
480 58 0
0 58 34
240 58 0
0 51 0
0 65 0
0 58 37
0 51 32
56 58 0
0 58 35
480 58 0
0 58 34
240 58 0
0 51 0
0 51 32
0 58 37
27 58 0
0 58 35
480 58 0
0 58 34
240 58 0
0 51 0
0 62 42
0 55 35
84 62 0
0 62 38
480 62 0
0 62 36
240 62 0
0 55 0
0 63 40
0 55 35
80 63 0
0 63 38
480 63 0
0 63 37
240 63 0
0 55 0
0 62 43
0 55 38
14 62 0
0 62 37
240 62 0
0 55 0
0 55 35
0 63 39
240 63 0
0 63 35
240 63 0
0 55 0
0 55 31
0 62 36
27 62 0
0 62 34
480 62 0
0 62 33
240 62 0
0 55 0
0 53 42
0 62 60
103 53 0
0 53 42
480 62 0
0 63 47
240 63 0
0 60 48
57 60 0
0 62 49
240 62 0
0 63 50
240 63 0
0 65 50
240 65 0
0 53 0
0 62 56
149 62 0
0 59 49
240 59 0
0 60 52
114 60 0
0 57 48
240 57 0
0 58 51
68 63 39
240 63 0
0 62 36
480 62 0
0 58 0
0 58 38
0 51 32
70 58 0
0 58 35
480 58 0
0 58 33
240 58 0
0 51 0
0 58 37
0 51 32
240 58 0
0 58 35
480 58 0
0 58 34
240 58 0
0 51 0
0 58 38
0 51 32
28 58 0
0 58 35
480 58 0
0 58 33
240 58 0
0 51 0
0 58 37
0 51 32
84 58 0
0 58 35
480 58 0
0 58 34
240 58 0
0 51 0
0 65 37
0 51 32
14 58 35
480 58 0
0 58 34
240 58 0
0 51 0
0 65 0
0 65 37
0 51 32
84 58 35
480 58 0
0 58 34
240 58 0
0 51 0
0 65 0
0 58 37
0 51 32
70 58 0
0 58 35
480 58 0
0 58 34
240 58 0
0 51 0
0 51 32
0 58 37
84 58 0
0 58 35
480 58 0
0 58 34
240 58 0
0 51 0
0 65 52
99 65 0
0 51 47
480 51 0
0 63 40
240 63 0
0 63 49
113 63 0
0 62 42
240 62 0
0 61 39
480 61 0
0 59 49
68 59 0
0 60 46
240 60 0
0 55 52
240 55 0
0 56 47
240 56 0
0 59 51
103 59 0
0 60 48
240 60 0
0 53 45
480 53 0
0 46 44
99 46 0
0 58 36
480 58 0
0 58 36
480 58 0
0 58 35
480 58 0
0 58 34
240 58 0
0 46 44
99 46 0
0 58 48
480 58 0
0 62 36
480 62 0
0 60 35
480 60 0
0 58 34
240 58 0
0 46 33
0 56 33
70 56 0
0 46 0
0 60 30
240 60 0
0 56 32
240 56 0
0 58 30
240 58 0
0 56 31
266 56 0
0 46 28
0 56 28
480 56 0
0 46 0
0 46 32
0 39 28
28 46 0
0 46 30
480 46 0
0 46 28
240 46 0
0 39 0
0 46 30
0 39 27
240 46 0
0 46 28
480 46 0
0 46 27
240 46 0
0 39 0
0 46 29
0 39 25
56 46 0
0 46 27
480 46 0
0 46 26
240 46 0
0 39 0
0 46 28
0 39 23
240 46 0
0 46 26
480 46 0
0 46 25
240 46 0
0 39 0
0 46 26
0 39 21
84 46 0
0 46 25
480 46 0
0 46 21
240 46 0
0 39 0
0 46 25
0 39 19
70 46 0
0 46 21
480 46 0
0 46 19
240 46 0
0 39 0
0 47 23
0 39 18
57 47 0
0 47 19
480 47 0
0 47 17
240 47 0
0 39 0
0 47 19
0 39 16
240 47 0
0 47 17
480 47 0
0 47 15
240 47 0
0 39 0
0 39 33
169 39 0
0 46 29
240 46 0
0 51 34
240 51 0
0 55 31
240 55 0
0 58 36
960 58 0
693 63 30
0 56 30
960 56 0
0 63 0
0 27 19
0 39 23
1493 39 0
0 27 0
