0 63 69
0 67 69
0 72 82
720 72 0
0 67 0
0 63 0
120 67 70
120 67 0
0 75 78
360 75 0
0 72 70
120 72 0
0 79 79
360 79 0
0 75 70
120 75 0
0 84 79
360 84 0
0 79 70
120 79 0
0 87 84
120 87 0
360 87 84
120 87 0
840 67 39
0 72 46
240 72 0
0 67 0
240 67 42
0 72 50
960 72 0
0 67 0
0 67 39
10 71 46
460 67 0
10 71 0
0 68 69
0 65 69
0 71 82
720 71 0
0 65 0
0 68 0
120 71 70
120 71 0
0 77 78
360 77 0
0 74 70
120 74 0
0 83 79
360 83 0
0 77 70
120 77 0
0 86 79
360 86 0
0 83 70
120 83 0
0 89 84
120 89 0
360 89 84
120 89 0
840 71 39
0 74 46
240 74 0
0 71 0
240 71 42
0 74 50
960 74 0
0 71 0
0 72 46
360 72 0
0 72 45
60 72 0
0 75 48
60 75 0
0 79 53
720 79 0
0 77 41
240 77 0
0 75 51
480 75 0
0 74 47
960 74 0
0 72 39
360 72 0
0 67 27
40 67 0
0 72 45
40 72 0
0 75 48
40 75 0
0 79 53
720 79 0
0 77 41
240 77 0
0 72 43
0 75 51
480 75 0
0 72 0
0 71 39
0 74 47
960 74 0
0 71 0
0 72 39
360 72 0
0 67 60
40 67 0
0 72 63
40 72 0
0 75 69
40 75 0
0 67 69
0 79 81
720 79 0
0 67 0
0 77 61
0 65 51
240 65 0
0 77 0
0 75 73
0 63 62
960 63 0
0 75 0
0 74 72
0 62 61
120 62 0
0 74 0
360 72 75
0 60 63
960 60 0
0 72 0
0 59 63
0 71 75
120 71 0
0 59 0
360 56 62
0 68 74
960 68 0
0 56 0
0 55 57
0 67 67
240 67 0
0 55 0
1200 59 42
160 59 0
0 62 35
160 62 0
0 65 35
160 65 0
0 68 43
160 68 0
0 67 36
160 67 0
0 65 36
160 65 0
0 63 43
120 63 0
1800 53 42
160 53 0
0 56 35
160 56 0
0 62 35
160 62 0
0 65 43
160 65 0
0 63 36
160 63 0
0 62 36
160 62 0
0 60 43
120 60 0
1800 55 66
160 55 0
0 59 69
160 59 0
0 62 72
160 62 0
0 65 75
160 65 0
0 62 67
160 62 0
0 59 67
160 59 0
0 55 79
0 51 79
0 60 94
720 60 0
0 51 0
0 55 0
120 60 70
120 60 0
0 67 78
360 67 0
0 63 70
120 63 0
0 72 85
360 72 0
0 67 72
120 67 0
0 75 80
360 75 0
0 72 83
120 72 0
0 79 96
0 67 81
120 67 0
0 79 0
360 79 96
0 67 81
120 67 0
0 79 0
720 59 70
120 59 0
0 67 78
360 67 0
0 62 70
120 62 0
0 71 85
360 71 0
0 67 74
120 67 0
0 74 86
360 74 0
0 71 83
120 71 0
0 79 96
0 67 81
120 67 0
0 79 0
360 79 96
0 67 81
120 67 0
0 79 0
720 63 70
120 63 0
0 67 78
360 67 0
0 63 70
120 63 0
0 72 85
360 72 0
0 67 74
120 67 0
0 75 86
360 75 0
0 72 83
120 72 0
0 79 90
360 79 0
0 75 83
120 75 0
0 74 96
120 74 0
360 89 96
120 89 0
840 71 96
120 71 0
360 86 96
120 86 0
840 72 96
120 72 0
360 84 96
120 84 0
4200 67 50
480 75 45
480 75 0
0 67 0
0 68 42
0 75 50
960 75 0
0 75 45
480 68 0
0 67 42
480 75 0
0 77 45
480 77 0
0 73 44
480 67 0
0 68 42
480 73 0
0 71 45
480 71 0
0 72 45
480 72 0
0 68 0
480 76 50
480 84 45
480 84 0
0 76 0
0 77 42
0 84 50
960 84 0
0 84 45
480 77 0
0 76 42
480 84 0
0 85 45
480 85 0
0 82 44
480 76 0
0 72 42
480 82 0
0 79 45
480 79 0
0 80 45
480 80 0
0 72 0
480 72 50
480 80 45
480 80 0
0 72 0
0 73 42
0 80 50
960 80 0
0 80 45
480 73 0
0 72 42
480 80 0
0 82 45
480 82 0
0 78 44
480 72 0
0 68 49
480 78 0
0 76 52
480 76 0
0 77 52
480 68 0
0 69 50
480 77 0
0 78 55
480 78 0
0 75 50
480 69 0
0 65 42
480 75 0
0 75 45
480 75 0
0 74 45
480 65 0
0 66 42
480 74 0
0 75 45
480 75 0
0 66 0
0 63 28
0 66 33
480 66 0
0 63 0
0 62 32
0 65 38
480 65 0
0 62 0
1440 72 38
240 72 0
240 72 38
240 72 0
240 72 46
480 72 0
0 70 38
480 70 0
960 68 38
240 68 0
240 68 38
240 68 0
240 68 43
480 68 0
0 67 38
480 67 0
720 72 37
240 72 0
0 71 38
240 71 0
0 72 34
240 72 0
0 74 43
240 74 0
0 72 38
240 72 0
240 70 36
240 70 0
0 69 38
240 69 0
0 70 36
240 70 0
0 72 44
240 72 0
0 70 38
240 70 0
240 68 36
240 68 0
0 67 38
240 67 0
0 68 35
240 68 0
0 70 44
240 70 0
0 68 37
240 68 0
0 67 46
2160 67 0
0 70 56
240 70 0
0 75 62
470 75 0
10 75 63
1440 75 0
0 74 57
480 74 0
960 70 51
1440 70 0
0 70 61
240 70 0
0 72 57
80 72 0
0 70 52
80 70 0
0 69 52
80 69 0
0 70 61
240 70 0
0 77 65
240 77 0
0 80 73
480 80 0
0 80 74
1440 80 0
0 79 69
480 79 0
960 67 56
120 67 0
120 68 58
120 68 0
120 70 60
120 70 0
120 72 62
120 72 0
120 74 64
120 74 0
120 75 65
120 75 0
120 77 70
120 77 0
120 79 73
120 79 0
120 80 76
120 80 0
120 82 78
120 82 0
120 84 81
120 84 0
120 86 84
120 86 0
120 87 91
1440 87 0
0 86 71
480 86 0
960 58 56
120 58 0
120 60 58
120 60 0
120 62 60
120 62 0
120 63 62
120 63 0
120 65 64
120 65 0
120 67 65
120 67 0
120 68 67
120 68 0
120 70 72
120 70 0
120 72 74
120 72 0
120 74 76
120 74 0
120 75 78
120 75 0
120 77 80
120 77 0
120 79 94
1440 79 0
0 87 100
960 87 0
0 55 77
480 55 0
0 56 82
1440 56 0
0 57 84
1440 57 0
0 58 84
1440 58 0
0 56 84
120 56 0
0 58 57
120 58 0
0 56 61
80 56 0
0 58 57
80 58 0
0 56 64
80 56 0
0 58 56
80 58 0
0 56 64
80 56 0
0 58 56
80 58 0
0 56 64
80 56 0
0 58 55
80 58 0
0 56 64
80 56 0
0 58 54
120 58 0
0 56 59
120 56 0
0 55 55
120 55 0
0 56 57
120 56 0
0 55 74
240 55 0
0 58 60
240 58 0
0 63 68
240 63 0
0 58 61
240 58 0
0 63 69
240 63 0
0 67 63
240 67 0
0 70 69
240 70 0
0 67 60
240 67 0
0 70 69
240 70 0
0 75 62
240 75 0
0 79 73
240 79 0
0 82 65
240 82 0
0 87 89
240 87 0
720 63 84
1440 63 0
0 55 81
480 55 0
0 56 84
960 56 0
0 63 84
480 63 0
0 57 92
960 57 0
0 63 84
480 63 0
0 58 77
240 58 0
0 63 59
240 63 0
0 62 68
240 62 0
0 63 55
240 63 0
0 59 65
240 59 0
0 63 59
240 63 0
0 60 82
240 60 0
0 63 62
240 63 0
0 62 71
240 62 0
0 63 59
240 63 0
0 57 66
240 57 0
0 63 56
240 63 0
0 58 88
240 58 0
0 63 58
240 63 0
0 61 72
240 61 0
0 63 62
240 63 0
0 59 72
240 59 0
0 63 64
240 63 0
0 60 88
240 60 0
0 63 65
240 63 0
0 62 75
240 62 0
0 63 65
240 63 0
0 57 80
240 57 0
0 63 72
240 63 0
0 58 93
480 58 0
360 63 81
120 63 0
0 70 87
360 70 0
0 67 84
120 67 0
0 75 93
120 75 0
720 63 81
120 63 0
0 69 87
360 69 0
0 66 84
120 66 0
0 75 93
120 75 0
720 63 81
120 63 0
0 70 87
360 70 0
0 67 84
120 67 0
0 75 93
120 75 0
720 72 81
120 72 0
0 78 87
360 78 0
0 75 84
120 75 0
0 79 95
720 79 0
0 75 85
240 75 0
0 75 93
240 75 0
0 70 79
180 70 0
60 70 88
240 70 0
0 67 78
180 67 0
60 67 85
240 67 0
0 63 77
180 63 0
60 63 81
240 63 0
0 58 77
180 58 0
2460 58 66
0 62 78
480 62 0
0 58 0
0 58 70
0 63 83
480 63 0
0 58 0
1440 70 53
0 65 42
0 68 42
0 62 42
480 62 0
0 70 0
0 65 0
0 68 0
0 62 38
0 65 38
0 68 38
0 70 48
480 70 0
0 62 0
0 65 0
0 68 0
0 63 42
0 67 42
0 72 53
480 72 0
0 70 49
480 70 0
0 67 0
0 63 0
960 65 42
0 68 42
0 74 53
480 74 0
0 68 0
0 65 0
0 65 38
0 68 38
0 74 48
480 74 0
0 68 0
0 65 0
0 67 42
0 70 42
0 77 53
480 77 0
0 75 49
480 75 0
0 70 0
0 67 0
960 62 42
0 65 42
0 68 42
0 70 53
480 70 0
0 62 0
0 65 0
0 68 0
0 70 48
0 65 38
0 68 38
0 62 38
480 62 0
0 70 0
0 65 0
0 68 0
0 63 42
0 67 42
0 72 53
480 72 0
0 70 49
480 70 0
0 67 0
0 63 0
960 53 42
0 56 42
0 62 53
480 62 0
0 56 0
0 53 0
0 53 38
0 56 38
0 62 48
480 62 0
0 56 0
0 53 0
0 55 42
0 58 42
0 65 53
480 65 0
0 63 49
480 63 0
0 58 0
0 55 0
960 53 42
0 56 42
0 62 53
480 62 0
0 56 0
0 53 0
0 53 38
0 56 38
0 62 48
480 62 0
0 56 0
0 53 0
0 56 42
0 62 42
0 65 53
1440 65 0
0 62 0
0 56 0
0 58 44
0 63 49
480 63 0
0 58 0
960 63 69
0 67 69
0 72 82
720 72 0
0 67 0
0 63 0
120 67 70
120 67 0
0 75 78
360 75 0
0 72 70
120 72 0
0 79 79
360 79 0
0 75 70
120 75 0
0 84 79
360 84 0
0 79 70
120 79 0
0 87 84
120 87 0
360 87 84
120 87 0
840 67 39
0 72 46
240 72 0
0 67 0
240 67 42
0 72 50
960 72 0
0 67 0
0 67 39
10 71 46
460 67 0
10 71 0
0 68 69
0 65 69
0 71 82
720 71 0
0 65 0
0 68 0
120 71 70
120 71 0
0 77 78
360 77 0
0 74 70
120 74 0
0 83 79
360 83 0
0 77 70
120 77 0
0 86 79
360 86 0
0 83 70
120 83 0
0 89 84
120 89 0
360 89 84
120 89 0
840 71 39
0 74 46
240 74 0
0 71 0
240 71 42
0 74 50
960 74 0
0 71 0
0 72 46
360 72 0
0 72 45
60 72 0
0 75 48
60 75 0
0 79 53
720 79 0
0 77 41
240 77 0
0 75 51
480 75 0
0 74 47
960 74 0
0 72 39
360 72 0
0 67 27
40 67 0
0 72 45
40 72 0
0 75 48
40 75 0
0 79 53
720 79 0
0 77 41
240 77 0
0 72 43
0 75 51
480 75 0
0 72 0
0 71 39
0 74 47
960 74 0
0 71 0
0 72 39
360 72 0
0 67 60
40 67 0
0 72 63
40 72 0
0 75 69
40 75 0
0 67 69
0 79 81
720 79 0
0 67 0
0 77 61
0 65 51
240 65 0
0 77 0
0 75 73
0 63 62
960 63 0
0 75 0
0 74 72
0 62 61
120 62 0
0 74 0
360 72 75
0 60 63
960 60 0
0 72 0
0 59 63
0 71 75
120 71 0
0 59 0
360 56 62
0 68 74
960 68 0
0 56 0
0 55 58
0 67 68
240 67 0
0 55 0
1200 59 42
160 59 0
0 62 35
160 62 0
0 65 35
160 65 0
0 68 43
160 68 0
0 67 36
160 67 0
0 65 36
160 65 0
0 63 43
120 63 0
1800 53 42
160 53 0
0 56 35
160 56 0
0 62 35
160 62 0
0 65 43
160 65 0
0 63 36
160 63 0
0 62 36
160 62 0
0 60 43
120 60 0
1800 55 66
160 55 0
0 59 69
160 59 0
0 62 72
160 62 0
0 65 75
160 65 0
0 62 67
160 62 0
0 59 67
160 59 0
0 55 79
0 51 79
0 60 94
720 60 0
0 51 0
0 55 0
120 60 70
120 60 0
0 67 78
360 67 0
0 63 70
120 63 0
0 72 85
360 72 0
0 67 72
120 67 0
0 75 80
360 75 0
0 72 83
120 72 0
0 79 96
0 67 81
120 67 0
0 79 0
360 79 96
0 67 81
120 67 0
0 79 0
720 59 70
120 59 0
0 67 78
360 67 0
0 62 70
120 62 0
0 71 85
360 71 0
0 67 74
120 67 0
0 74 86
360 74 0
0 71 83
120 71 0
0 79 96
0 67 81
120 67 0
0 79 0
360 79 96
0 67 81
120 67 0
0 79 0
720 63 70
120 63 0
0 67 78
360 67 0
0 63 70
120 63 0
0 72 85
360 72 0
0 67 74
120 67 0
0 75 86
360 75 0
0 72 83
120 72 0
0 79 90
360 79 0
0 75 83
120 75 0
0 74 96
120 74 0
360 89 96
120 89 0
840 71 96
120 71 0
360 86 96
120 86 0
840 72 96
120 72 0
360 84 96
120 84 0
4200 67 50
480 75 45
480 75 0
0 67 0
0 68 42
0 75 50
960 75 0
0 75 45
480 68 0
0 67 42
480 75 0
0 77 45
480 77 0
0 73 44
480 67 0
0 68 42
480 73 0
0 71 45
480 71 0
0 72 45
480 72 0
0 68 0
480 76 50
480 84 45
480 84 0
0 76 0
0 77 42
0 84 50
960 84 0
0 84 45
480 77 0
0 76 42
480 84 0
0 85 45
480 85 0
0 82 44
480 76 0
0 72 42
480 82 0
0 79 45
480 79 0
0 80 45
480 80 0
0 72 0
480 72 50
480 80 45
480 80 0
0 72 0
0 73 42
0 80 50
960 80 0
0 80 45
480 73 0
0 72 42
480 80 0
0 82 45
480 82 0
0 78 44
480 72 0
0 68 49
480 78 0
0 76 52
480 76 0
0 77 52
480 68 0
0 69 50
480 77 0
0 78 55
480 78 0
0 75 50
480 69 0
0 65 42
480 75 0
0 75 45
480 75 0
0 74 45
480 65 0
0 66 42
480 74 0
0 75 45
480 75 0
0 66 0
0 63 28
0 66 33
480 66 0
0 63 0
0 62 32
0 65 38
480 65 0
0 62 0
1440 72 38
240 72 0
240 72 38
240 72 0
240 72 46
480 72 0
0 70 38
480 70 0
960 68 38
240 68 0
240 68 38
240 68 0
240 68 43
480 68 0
0 67 38
480 67 0
720 72 37
240 72 0
0 71 38
240 71 0
0 72 34
240 72 0
0 74 43
240 74 0
0 72 38
240 72 0
240 70 36
240 70 0
0 69 38
240 69 0
0 70 36
240 70 0
0 72 44
240 72 0
0 70 38
240 70 0
240 68 36
240 68 0
0 67 38
240 67 0
0 68 35
240 68 0
0 70 44
240 70 0
0 68 37
240 68 0
0 67 46
2160 67 0
0 70 56
240 70 0
0 75 62
470 75 0
10 75 63
1440 75 0
0 74 57
480 74 0
960 70 51
1440 70 0
0 70 61
240 70 0
0 72 57
80 72 0
0 70 52
80 70 0
0 69 52
80 69 0
0 70 61
240 70 0
0 77 65
240 77 0
0 80 75
480 80 0
0 80 78
1440 80 0
0 79 69
480 79 0
960 67 56
120 67 0
120 68 58
120 68 0
120 70 60
120 70 0
120 72 62
120 72 0
120 74 64
120 74 0
120 75 65
120 75 0
120 77 68
120 77 0
120 79 70
120 79 0
120 80 73
120 80 0
120 82 76
120 82 0
120 84 79
120 84 0
120 86 81
120 86 0
120 87 88
1440 87 0
0 86 81
480 86 0
960 58 56
120 58 0
120 60 58
120 60 0
120 62 60
120 62 0
120 63 62
120 63 0
120 65 64
120 65 0
120 67 65
120 67 0
120 68 67
120 68 0
120 70 70
120 70 0
120 72 73
120 72 0
120 74 76
120 74 0
120 75 79
120 75 0
120 77 82
120 77 0
120 79 89
1440 79 0
0 87 100
960 87 0
0 55 77
480 55 0
0 56 82
1440 56 0
0 57 84
1440 57 0
0 58 84
1440 58 0
0 56 84
120 56 0
0 58 57
120 58 0
0 56 61
80 56 0
0 58 57
80 58 0
0 56 64
80 56 0
0 58 56
80 58 0
0 56 64
80 56 0
0 58 56
80 58 0
0 56 64
80 56 0
0 58 55
80 58 0
0 56 64
80 56 0
0 58 54
120 58 0
0 56 59
120 56 0
0 55 55
120 55 0
0 56 57
120 56 0
0 55 74
240 55 0
0 58 60
240 58 0
0 63 68
240 63 0
0 58 61
240 58 0
0 63 69
240 63 0
0 67 63
240 67 0
0 70 69
240 70 0
0 67 60
240 67 0
0 70 69
240 70 0
0 75 62
240 75 0
0 79 78
240 79 0
0 82 73
240 82 0
0 87 89
240 87 0
720 63 84
1440 63 0
0 55 81
480 55 0
0 56 84
960 56 0
0 63 84
480 63 0
0 57 92
960 57 0
0 63 84
480 63 0
0 58 77
240 58 0
0 63 60
240 63 0
0 62 69
240 62 0
0 63 55
240 63 0
0 59 68
240 59 0
0 63 61
240 63 0
0 60 82
240 60 0
0 63 63
240 63 0
0 62 70
240 62 0
0 63 62
240 63 0
0 57 70
240 57 0
0 63 61
240 63 0
0 58 88
240 58 0
0 63 66
240 63 0
0 61 75
240 61 0
0 63 62
240 63 0
0 59 74
240 59 0
0 63 65
240 63 0
0 60 88
240 60 0
0 63 65
240 63 0
0 62 71
240 62 0
0 63 65
240 63 0
0 57 80
240 57 0
0 63 72
240 63 0
0 58 93
480 58 0
360 63 81
120 63 0
0 70 87
360 70 0
0 67 84
120 67 0
0 75 93
120 75 0
720 63 81
120 63 0
0 69 87
360 69 0
0 66 84
120 66 0
0 75 93
120 75 0
720 63 81
120 63 0
0 70 87
360 70 0
0 67 84
120 67 0
0 75 93
120 75 0
720 72 81
120 72 0
0 78 87
360 78 0
0 75 84
120 75 0
0 79 95
720 79 0
0 75 85
240 75 0
0 75 93
240 75 0
0 70 79
180 70 0
60 70 88
240 70 0
0 67 78
180 67 0
60 67 85
240 67 0
0 63 77
180 63 0
60 63 81
240 63 0
0 58 77
180 58 0
2460 58 66
0 62 78
480 62 0
0 58 0
0 58 70
0 63 83
480 63 0
0 58 0
1440 70 53
0 65 42
0 68 42
0 62 42
480 62 0
0 70 0
0 65 0
0 68 0
0 62 38
0 65 38
0 68 38
0 70 48
480 70 0
0 62 0
0 65 0
0 68 0
0 63 42
0 67 42
0 72 53
480 72 0
0 70 49
480 70 0
0 67 0
0 63 0
960 65 42
0 68 42
0 74 53
480 74 0
0 68 0
0 65 0
0 65 38
0 68 38
0 74 48
480 74 0
0 68 0
0 65 0
0 67 42
0 70 42
0 77 53
480 77 0
0 75 49
480 75 0
0 70 0
0 67 0
960 62 42
0 65 42
0 68 42
0 70 53
480 70 0
0 62 0
0 65 0
0 68 0
0 70 48
0 65 38
0 68 38
0 62 38
480 62 0
0 70 0
0 65 0
0 68 0
0 63 42
0 67 42
0 72 53
480 72 0
0 70 49
480 70 0
0 67 0
0 63 0
960 53 42
0 56 42
0 62 53
480 62 0
0 56 0
0 53 0
0 53 38
0 56 38
0 62 48
480 62 0
0 56 0
0 53 0
0 55 42
0 58 42
0 65 53
480 65 0
0 63 49
480 63 0
0 58 0
0 55 0
960 53 42
0 56 42
0 62 53
480 62 0
0 56 0
0 53 0
0 53 38
0 56 38
0 62 48
480 62 0
0 56 0
0 53 0
0 56 42
0 62 42
0 65 53
1440 65 0
0 62 0
0 56 0
0 58 44
0 63 49
480 63 0
0 58 0
960 64 69
0 67 69
0 72 82
720 72 0
0 67 0
0 64 0
120 67 70
120 67 0
0 76 78
360 76 0
0 72 70
120 72 0
0 79 79
360 79 0
0 76 70
120 76 0
0 84 79
360 84 0
0 79 70
120 79 0
0 88 84
120 88 0
360 88 84
120 88 0
840 72 39
0 76 46
240 76 0
0 72 0
240 72 42
0 76 50
960 76 0
0 72 0
0 74 46
0 71 39
470 71 0
0 74 0
10 71 42
0 74 50
720 74 0
0 71 0
120 71 70
120 71 0
0 77 78
360 77 0
0 74 70
120 74 0
0 83 79
360 83 0
0 77 70
120 77 0
0 86 79
360 86 0
0 83 70
120 83 0
0 89 84
120 89 0
360 89 84
120 89 0
840 74 39
0 77 46
240 77 0
0 74 0
240 74 42
0 77 50
960 77 0
0 74 0
0 76 46
0 73 39
470 73 0
0 76 0
10 73 42
0 76 50
720 76 0
0 73 0
120 70 70
120 70 0
0 76 78
360 76 0
0 73 70
120 73 0
0 79 84
360 79 0
0 76 70
120 76 0
0 82 85
360 82 0
0 79 70
120 79 0
0 85 89
120 85 0
360 67 87
120 67 0
360 82 86
120 82 0
840 64 85
120 64 0
360 79 79
120 79 0
840 65 42
0 77 50
1440 77 0
0 65 0
0 84 53
0 72 45
950 72 0
0 84 0
10 84 50
0 72 42
470 72 0
0 84 0
10 84 54
0 72 45
480 72 0
0 84 0
0 83 50
0 71 42
480 71 0
0 83 0
0 85 50
0 73 42
480 73 0
0 85 0
0 72 42
0 84 50
480 84 0
0 72 0
0 82 50
0 70 42
480 70 0
0 82 0
0 79 50
0 67 42
480 67 0
0 79 0
0 76 56
0 64 47
960 64 0
0 76 0
0 67 50
0 79 59
480 79 0
0 67 0
0 84 65
0 72 55
960 72 0
0 84 0
0 79 59
0 67 50
480 67 0
0 79 0
0 70 54
0 82 64
1440 82 0
0 70 0
0 80 58
0 68 49
480 68 0
0 80 0
480 69 48
0 81 57
480 81 0
0 69 0
0 70 52
0 82 62
1440 82 0
0 70 0
0 89 66
0 77 56
950 77 0
0 89 0
10 89 62
0 77 52
470 77 0
0 89 0
10 89 68
0 77 57
480 77 0
0 89 0
0 88 62
0 76 52
480 76 0
0 88 0
0 90 62
0 78 52
480 78 0
0 90 0
0 77 52
0 89 62
480 89 0
0 77 0
0 87 62
0 75 52
480 75 0
0 87 0
0 84 62
0 72 52
480 72 0
0 84 0
0 81 70
0 69 59
960 69 0
0 81 0
0 72 61
0 84 73
480 84 0
0 72 0
0 89 81
0 77 68
960 77 0
0 89 0
0 84 73
0 72 61
480 72 0
0 84 0
0 75 68
0 87 80
1440 87 0
0 75 0
0 85 72
0 73 61
480 73 0
0 85 0
480 73 61
480 73 0
0 72 67
960 72 0
0 75 61
120 75 0
0 77 57
80 77 0
0 75 61
80 75 0
0 74 65
80 74 0
0 75 69
120 75 0
0 80 74
960 80 0
0 75 66
480 75 0
0 77 70
480 77 0
0 76 61
480 76 0
0 78 61
480 78 0
0 77 70
480 77 0
0 75 61
480 75 0
0 72 61
480 72 0
0 80 70
480 80 0
0 79 61
480 79 0
0 82 61
480 82 0
0 80 70
480 80 0
0 78 61
480 78 0
0 75 61
480 75 0
0 77 70
480 77 0
0 76 61
480 76 0
0 78 61
480 78 0
0 77 70
480 77 0
0 75 61
480 75 0
0 72 61
480 72 0
0 73 66
1440 73 0
0 82 71
0 73 57
950 73 0
0 82 0
10 82 74
0 73 60
470 73 0
0 82 0
10 82 78
0 72 63
2400 72 0
0 82 0
0 67 61
0 70 72
480 70 0
0 67 0
0 65 58
0 68 69
1440 68 0
0 65 0
0 80 78
0 77 62
950 77 0
0 80 0
10 77 66
0 80 81
480 80 0
0 77 0
0 79 85
0 77 69
2400 77 0
0 79 0
0 62 61
0 65 72
480 65 0
0 62 0
0 60 58
0 63 69
480 63 0
0 60 0
960 72 72
0 84 85
0 75 72
950 75 0
0 84 0
0 72 0
10 72 71
0 75 71
0 84 84
470 84 0
0 75 0
0 72 0
10 72 76
0 84 90
0 80 76
1440 80 0
0 84 0
0 72 0
0 77 82
0 89 97
0 80 82
950 80 0
0 89 0
0 77 0
10 77 81
0 80 81
0 89 96
470 89 0
0 80 0
0 77 0
10 79 87
0 77 87
0 89 103
0 86 87
2400 86 0
0 79 0
0 77 0
0 89 0
0 74 67
0 77 79
480 77 0
0 74 0
0 72 72
0 75 85
960 75 0
0 72 0
0 67 64
0 75 76
480 68 80
480 75 0
0 67 0
0 65 62
0 74 74
480 74 0
0 65 0
0 68 0
0 63 60
0 69 60
0 72 71
480 72 0
0 69 0
0 63 0
0 62 64
0 67 64
0 71 76
480 71 0
0 67 0
0 62 0
480 71 48
0 74 48
0 79 57
480 79 0
0 74 0
0 71 0
0 68 51
0 72 51
0 77 60
480 77 0
0 72 0
0 68 0
480 67 47
0 70 47
0 75 56
480 75 0
0 70 0
0 67 0
0 65 51
0 68 51
0 74 60
480 74 0
0 68 0
0 65 0
480 63 48
0 67 48
0 72 57
480 72 0
0 67 0
0 63 0
0 62 51
0 65 51
0 71 60
480 71 0
0 65 0
0 62 0
480 60 45
0 63 45
0 68 54
480 68 0
0 63 0
0 60 0
0 59 51
0 62 51
0 67 60
480 67 0
0 62 0
0 59 0
480 71 43
0 74 43
0 79 51
480 79 0
0 74 0
0 71 0
0 68 45
0 72 45
0 77 53
480 77 0
0 72 0
0 68 0
480 67 40
0 70 40
0 75 48
480 75 0
0 70 0
0 67 0
0 65 43
0 68 43
0 74 51
480 74 0
0 68 0
0 65 0
480 63 39
0 67 39
0 72 47
480 72 0
0 67 0
0 63 0
0 62 41
0 65 41
0 71 49
480 71 0
0 65 0
0 62 0
480 60 35
0 63 35
0 68 42
480 68 0
0 63 0
0 60 0
0 59 39
0 62 39
0 67 46
480 67 0
0 62 0
0 59 0
480 60 34
0 56 34
0 65 41
480 65 0
0 56 0
0 60 0
0 55 36
0 60 36
0 63 43
480 63 0
0 60 0
0 55 0
480 53 32
0 59 32
0 62 38
480 62 0
0 59 0
0 53 0
0 51 69
0 55 69
0 60 82
720 60 0
0 55 0
0 51 0
120 67 70
120 67 0
0 75 78
360 75 0
0 72 70
120 72 0
0 79 79
360 79 0
0 75 70
120 75 0
0 84 79
360 84 0
0 79 70
120 79 0
0 87 84
120 87 0
360 87 84
120 87 0
840 67 39
0 72 46
240 72 0
0 67 0
240 67 42
0 72 50
960 72 0
0 67 0
0 67 39
10 71 46
460 67 0
10 71 0
0 68 69
0 65 69
0 71 82
720 71 0
0 65 0
0 68 0
120 71 70
120 71 0
0 77 78
360 77 0
0 74 70
120 74 0
0 83 79
360 83 0
0 77 70
120 77 0
0 86 79
360 86 0
0 83 70
120 83 0
0 89 84
120 89 0
360 89 84
120 89 0
840 71 39
0 74 46
240 74 0
0 71 0
240 71 42
0 74 50
960 74 0
0 71 0
0 72 46
360 72 0
0 72 45
60 72 0
0 75 48
60 75 0
0 79 53
720 79 0
0 77 41
240 77 0
0 75 51
480 75 0
0 74 47
960 74 0
0 72 39
360 72 0
0 67 27
40 67 0
0 72 45
40 72 0
0 75 48
40 75 0
0 79 53
720 79 0
0 77 41
240 77 0
0 72 43
0 75 51
480 75 0
0 72 0
0 71 39
0 74 47
960 74 0
0 71 0
0 72 39
360 72 0
0 67 60
40 67 0
0 72 63
40 72 0
0 75 69
40 75 0
0 67 69
0 79 81
720 79 0
0 67 0
0 77 61
0 65 51
240 65 0
0 77 0
0 75 73
0 63 62
960 63 0
0 75 0
0 74 72
0 62 61
120 62 0
0 74 0
360 72 75
0 60 63
960 60 0
0 72 0
0 59 63
0 71 75
120 71 0
0 59 0
360 56 62
0 68 74
960 68 0
0 56 0
0 55 57
0 67 67
240 67 0
0 55 0
1200 59 42
160 59 0
0 62 35
160 62 0
0 65 35
160 65 0
0 68 43
160 68 0
0 67 36
160 67 0
0 65 36
160 65 0
0 63 43
120 63 0
1800 53 42
160 53 0
0 56 35
160 56 0
0 62 35
160 62 0
0 65 43
160 65 0
0 63 36
160 63 0
0 62 36
160 62 0
0 60 43
120 60 0
1800 55 66
160 55 0
0 59 69
160 59 0
0 62 72
160 62 0
0 65 75
160 65 0
0 62 67
160 62 0
0 59 71
160 59 0
0 60 94
240 60 0
4560 65 50
480 73 45
480 73 0
0 65 0
0 66 42
0 73 50
960 73 0
0 73 45
480 66 0
0 65 42
480 73 0
0 75 45
480 75 0
0 71 44
480 65 0
0 66 42
480 71 0
0 69 45
480 69 0
0 70 45
480 70 0
0 66 0
480 77 50
480 85 45
480 85 0
0 77 0
0 78 42
0 85 50
960 85 0
0 85 45
480 78 0
0 77 42
480 85 0
0 87 45
480 87 0
0 83 44
480 77 0
0 78 42
480 83 0
0 81 45
480 81 0
0 82 45
480 82 0
0 78 0
480 74 50
480 82 45
480 82 0
0 74 0
0 75 42
0 82 50
960 82 0
0 82 45
480 75 0
0 74 42
480 82 0
0 83 45
480 83 0
0 80 44
480 74 0
0 70 49
480 80 0
0 77 52
480 77 0
0 78 52
480 70 0
0 71 50
480 78 0
0 80 55
480 80 0
0 77 50
480 71 0
0 72 42
480 77 0
0 77 45
480 77 0
0 76 45
480 72 0
0 68 42
480 76 0
0 77 45
480 77 0
0 68 0
0 65 28
0 68 33
480 68 0
0 65 0
0 64 32
0 67 38
480 67 0
0 64 0
1440 73 38
240 73 0
240 73 38
240 73 0
240 73 46
480 73 0
0 72 38
480 72 0
960 70 38
240 70 0
240 70 38
240 70 0
240 70 43
480 70 0
0 69 38
480 69 0
720 74 37
240 74 0
0 73 38
240 73 0
0 74 34
240 74 0
0 76 43
240 76 0
0 74 38
240 74 0
240 72 36
240 72 0
0 71 38
240 71 0
0 72 36
240 72 0
0 74 44
240 74 0
0 72 38
240 72 0
240 70 36
240 70 0
0 69 38
240 69 0
0 70 35
240 70 0
0 72 44
240 72 0
0 70 37
240 70 0
0 69 46
2160 69 0
0 72 56
240 72 0
0 77 62
480 77 0
0 77 63
1440 77 0
0 76 57
480 76 0
960 72 51
1440 72 0
0 72 61
240 72 0
0 74 57
80 74 0
0 72 52
80 72 0
0 71 52
80 71 0
0 72 61
240 72 0
0 79 71
240 79 0
0 82 76
480 82 0
0 82 78
1440 82 0
0 81 69
480 81 0
960 69 56
120 69 0
120 70 58
120 70 0
120 72 60
120 72 0
120 74 62
120 74 0
120 76 64
120 76 0
120 77 65
120 77 0
120 79 67
120 79 0
120 81 71
120 81 0
120 82 74
120 82 0
120 84 77
120 84 0
120 86 80
120 86 0
120 88 83
120 88 0
120 89 90
1440 89 0
0 88 71
480 88 0
960 60 56
120 60 0
120 62 58
120 62 0
120 64 60
120 64 0
120 65 62
120 65 0
120 67 64
120 67 0
120 69 65
120 69 0
120 70 71
120 70 0
120 72 71
120 72 0
120 74 73
120 74 0
120 76 75
120 76 0
120 77 82
120 77 0
120 79 84
120 79 0
120 80 92
1920 80 0
0 79 77
480 79 0
0 77 77
480 77 0
0 75 84
1080 75 0
0 77 57
80 77 0
0 75 61
80 75 0
0 74 65
80 74 0
0 75 69
120 75 0
0 79 84
480 79 0
0 77 78
480 77 0
0 74 78
480 74 0
0 63 66
0 75 89
2160 75 0
0 63 0
0 67 63
0 79 84
240 79 0
0 67 0
0 72 72
0 84 97
480 84 0
0 72 0
0 72 73
0 84 98
1440 84 0
0 72 0
0 71 63
0 83 85
480 83 0
0 71 0
960 67 66
0 79 89
2160 79 0
0 67 0
0 74 63
0 86 84
240 86 0
0 74 0
0 77 72
0 89 97
470 89 0
0 77 0
10 77 73
0 89 98
1440 89 0
0 77 0
0 75 66
0 87 88
480 87 0
0 75 0
960 63 89
240 63 0
0 67 75
240 67 0
0 72 79
240 72 0
0 67 79
240 67 0
0 72 83
240 72 0
0 75 89
240 75 0
0 72 89
240 72 0
0 75 77
240 75 0
0 79 83
240 79 0
0 75 89
240 75 0
0 79 83
240 79 0
0 84 89
230 84 0
10 84 98
1440 84 0
0 83 92
480 83 0
960 55 80
240 55 0
0 59 67
240 59 0
0 62 71
240 62 0
0 59 71
240 59 0
0 62 74
240 62 0
0 67 80
240 67 0
0 62 80
240 62 0
0 67 69
240 67 0
0 71 74
240 71 0
0 67 80
240 67 0
0 71 74
240 71 0
0 74 80
240 74 0
0 75 86
480 75 0
480 84 100
1440 84 0
0 52 77
480 52 0
0 53 82
1440 53 0
0 54 84
1440 54 0
0 55 84
1440 55 0
0 53 84
120 53 0
0 55 57
120 55 0
0 53 61
80 53 0
0 55 57
80 55 0
0 53 64
80 53 0
0 55 56
80 55 0
0 53 64
80 53 0
0 55 56
80 55 0
0 53 64
80 53 0
0 55 55
80 55 0
0 53 64
80 53 0
0 55 54
120 55 0
0 53 59
120 53 0
0 52 55
120 52 0
0 53 57
120 53 0
0 51 74
240 51 0
0 55 60
240 55 0
0 60 68
240 60 0
0 55 61
240 55 0
0 60 69
240 60 0
0 63 63
240 63 0
0 67 69
240 67 0
0 63 60
240 63 0
0 67 73
240 67 0
0 72 68
240 72 0
0 75 80
240 75 0
0 79 73
240 79 0
0 84 89
240 84 0
720 60 84
1440 60 0
0 52 81
480 52 0
0 53 84
960 53 0
0 60 84
480 60 0
0 54 92
960 54 0
0 60 84
480 60 0
0 55 88
240 55 0
0 60 62
240 60 0
0 59 74
240 59 0
0 60 62
240 60 0
0 55 72
240 55 0
0 60 62
240 60 0
0 56 82
240 56 0
0 60 62
240 60 0
0 59 73
240 59 0
0 60 64
240 60 0
0 54 73
240 54 0
0 60 62
240 60 0
0 55 88
240 55 0
0 60 63
240 60 0
0 59 73
240 59 0
0 60 62
240 60 0
0 52 74
240 52 0
0 60 65
240 60 0
0 53 88
240 53 0
0 60 64
240 60 0
0 56 71
240 56 0
0 60 65
240 60 0
0 54 80
240 54 0
0 60 72
240 60 0
0 55 93
480 55 0
360 67 81
120 67 0
0 75 87
360 75 0
0 72 84
120 72 0
0 78 93
120 78 0
720 66 81
120 66 0
0 75 87
360 75 0
0 72 84
120 72 0
0 79 93
120 79 0
720 67 81
120 67 0
0 75 87
360 75 0
0 72 84
120 72 0
0 81 93
120 81 0
720 69 81
120 69 0
0 75 87
360 75 0
0 72 84
120 72 0
0 79 95
720 79 0
0 75 85
240 75 0
0 75 93
240 75 0
0 72 79
180 72 0
60 72 88
240 72 0
0 67 78
180 67 0
60 67 85
240 67 0
0 63 77
180 63 0
60 63 81
240 63 0
0 60 77
180 60 0
2460 55 66
0 59 78
480 59 0
0 55 0
0 55 70
0 60 83
480 60 0
0 55 0
1440 67 53
0 62 42
0 65 42
0 59 42
480 59 0
0 67 0
0 62 0
0 65 0
0 59 38
0 62 38
0 65 38
0 67 48
480 67 0
0 59 0
0 62 0
0 65 0
0 60 42
0 63 42
0 68 53
480 68 0
0 67 49
480 67 0
0 63 0
0 60 0
960 62 42
0 65 42
0 71 53
480 71 0
0 65 0
0 62 0
0 62 38
0 65 38
0 71 48
480 71 0
0 65 0
0 62 0
0 63 42
0 67 42
0 74 53
480 74 0
0 72 49
480 72 0
0 67 0
0 63 0
960 59 42
0 62 42
0 65 42
0 67 53
480 67 0
0 59 0
0 62 0
0 65 0
0 67 48
0 62 38
0 65 38
0 59 38
480 59 0
0 67 0
0 62 0
0 65 0
0 60 42
0 63 42
0 68 53
480 68 0
0 67 49
480 67 0
0 63 0
0 60 0
960 50 42
0 53 42
0 59 53
480 59 0
0 53 0
0 50 0
0 50 38
0 53 38
0 59 48
480 59 0
0 53 0
0 50 0
0 51 42
0 55 42
0 62 53
480 62 0
0 60 49
480 60 0
0 55 0
0 51 0
960 50 42
0 53 42
0 59 53
480 59 0
0 53 0
0 50 0
0 50 38
0 53 38
0 59 48
480 59 0
0 53 0
0 50 0
0 51 42
0 55 42
0 60 53
480 60 0
0 55 0
0 51 0
960 67 82
0 71 82
0 74 82
0 79 97
480 79 0
0 67 0
0 71 0
0 74 0
960 60 82
0 63 82
0 67 82
0 72 97
480 72 0
0 60 0
0 63 0
0 67 0
0 60 70
0 55 59
0 51 59
0 48 59
720 48 0
0 60 0
0 55 0
0 51 0
3120 60 34
0 63 41
240 63 0
0 60 0
240 63 41
0 60 34
960 60 0
0 63 0
0 62 32
0 65 38
470 65 0
0 62 0
10 53 59
0 59 59
0 56 59
0 62 70
0 50 59
720 50 0
0 56 0
0 53 0
0 59 0
0 62 0
3120 62 34
0 68 41
0 65 34
240 65 0
0 68 0
0 62 0
240 68 41
0 65 34
0 62 34
960 62 0
0 65 0
0 68 0
0 67 38
0 63 32
480 63 0
0 67 0
960 60 35
0 55 29
0 51 29
480 51 0
0 55 0
0 60 0
0 53 33
0 56 33
0 59 39
960 59 0
0 56 0
0 53 0
0 60 34
0 55 28
0 51 28
480 51 0
0 55 0
0 60 0
960 63 29
0 67 35
480 67 0
0 63 0
0 68 39
0 65 33
960 65 0
0 68 0
0 63 28
0 67 34
480 67 0
0 63 0
960 55 39
0 60 47
0 51 39
480 51 0
0 60 0
0 55 0
0 59 53
0 53 45
0 56 45
960 56 0
0 53 0
0 59 0
0 55 46
0 51 39
480 51 0
0 55 0
0 50 46
0 53 56
960 53 0
0 50 0
0 51 49
0 48 41
480 48 0
0 51 0
0 50 47
0 47 55
480 47 0
0 50 0
1920 56 34
0 53 28
0 50 28
0 47 28
480 47 0
0 56 0
0 53 0
0 50 0
0 55 34
0 51 28
0 48 28
120 48 0
0 51 0
0 55 0
2280 50 34
0 44 28
0 41 28
480 41 0
0 44 0
0 50 0
0 48 28
0 43 28
0 51 34
120 51 0
0 43 0
0 48 0
2280 43 73
0 31 73
240 31 0
0 43 0
240 43 67
0 36 67
0 48 80
0 39 67
720 39 0
0 43 0
0 36 0
0 48 0
1680 48 58
0 55 69
0 51 58
120 51 0
0 55 0
0 48 0
360 47 58
0 50 58
0 55 69
120 55 0
0 50 0
0 47 0
2280 55 69
0 47 58
0 50 58
120 50 0
0 47 0
0 55 0
360 55 69
0 48 58
0 51 58
120 51 0
0 48 0
0 55 0
2280 51 58
0 60 69
0 55 58
120 55 0
0 60 0
0 51 0
360 56 58
0 62 69
0 53 58
120 53 0
0 62 0
0 56 0
1320 62 69
0 59 58
0 55 58
120 55 0
0 59 0
0 62 0
1320 55 58
0 48 58
0 60 69
0 51 58
120 51 0
0 55 0
0 48 0
0 60 0
2760 63 69
1440 61 50
1440 61 0
0 60 49
1440 60 0
0 63 0
0 61 34
0 58 28
1440 58 0
0 61 0
0 56 28
0 63 33
1440 63 0
0 56 0
0 70 50
0 72 60
1440 70 0
0 68 49
1440 68 0
0 72 0
0 67 28
0 70 34
1440 70 0
0 67 0
0 65 28
0 68 33
1440 68 0
0 65 0
0 66 50
0 68 60
1440 66 0
0 65 49
1440 65 0
0 68 0
0 63 44
0 66 44
1440 66 0
0 63 0
0 61 28
0 65 33
1440 65 0
0 61 0
0 59 42
0 63 48
1440 63 0
0 59 0
0 58 33
1440 58 0
0 57 33
1440 57 0
0 46 33
480 53 33
480 53 0
0 55 37
480 55 0
0 56 41
480 56 0
0 52 33
480 52 0
0 53 35
480 53 0
0 46 0
0 46 42
0 55 42
480 55 0
0 50 33
480 50 0
0 51 33
480 51 0
0 53 40
480 53 0
0 48 33
480 48 0
0 50 33
480 50 0
0 46 0
0 46 39
0 51 39
480 51 0
0 53 33
480 53 0
0 55 36
480 55 0
0 56 40
480 56 0
0 52 33
480 52 0
0 53 33
480 53 0
0 46 0
0 55 42
0 46 42
480 55 0
0 50 33
480 50 0
0 51 33
480 51 0
0 53 40
480 53 0
0 48 33
480 48 0
0 50 33
480 50 0
0 46 0
0 51 40
240 51 0
0 58 28
240 58 0
0 55 33
240 55 0
0 58 27
240 58 0
14 53 33
226 58 30
14 53 0
226 58 0
0 51 38
240 51 0
0 58 28
240 58 0
0 53 42
240 53 0
0 58 35
240 58 0
0 55 46
240 55 0
0 58 40
240 58 0
0 53 51
240 53 0
0 58 44
240 58 0
0 55 52
240 55 0
0 58 43
240 58 0
0 56 55
240 56 0
0 58 47
240 58 0
0 53 60
240 53 0
0 58 39
240 58 0
0 55 46
240 55 0
0 58 33
240 58 0
0 56 41
240 56 0
0 58 33
240 58 0
0 50 40
240 50 0
0 58 28
240 58 0
0 53 33
240 53 0
0 58 27
240 58 0
0 51 33
240 51 0
0 58 30
240 58 0
0 50 38
240 50 0
0 58 31
240 58 0
0 51 46
240 51 0
0 58 38
240 58 0
0 53 50
240 53 0
0 58 43
240 58 0
0 51 56
240 51 0
0 58 42
240 58 0
0 53 54
240 53 0
0 58 44
240 58 0
0 55 46
240 55 0
0 58 33
240 58 0
0 51 48
240 51 0
0 58 39
240 58 0
0 53 41
240 53 0
0 58 33
240 58 0
0 55 41
240 55 0
0 58 33
240 58 0
0 51 40
240 51 0
0 58 28
240 58 0
0 55 33
240 55 0
0 58 27
240 58 0
0 51 35
240 51 0
0 58 32
240 58 0
0 51 41
240 51 0
0 58 38
240 58 0
0 55 48
240 55 0
0 58 41
240 58 0
0 51 54
240 51 0
0 58 51
240 58 0
0 53 52
240 53 0
0 58 48
240 58 0
0 56 52
240 56 0
0 58 44
240 58 0
0 53 46
240 53 0
0 58 43
240 58 0
0 53 43
240 53 0
0 58 31
240 58 0
0 56 39
240 56 0
0 58 31
240 58 0
0 53 39
240 53 0
0 58 31
238 58 0
2 50 40
240 50 0
0 58 32
240 58 0
0 53 39
240 53 0
0 58 29
240 58 0
0 50 46
240 50 0
0 58 37
240 58 0
0 50 52
240 50 0
0 58 43
240 58 0
0 53 57
240 53 0
0 58 49
240 58 0
0 50 62
240 50 0
0 58 51
240 58 0
240 51 43
240 51 0
0 50 50
240 50 0
0 51 44
240 51 0
0 50 53
240 50 0
0 51 44
240 51 0
0 43 67
240 43 0
0 51 45
240 51 0
0 44 59
240 44 0
0 51 47
240 51 0
0 46 61
240 46 0
0 51 44
240 51 0
0 44 65
240 44 0
0 51 45
240 51 0
0 46 57
240 46 0
0 51 42
240 51 0
0 48 55
240 48 0
0 51 45
240 51 0
0 45 67
240 45 0
0 51 45
240 51 0
0 46 56
240 46 0
0 51 47
240 51 0
0 48 55
240 48 0
0 51 44
240 51 0
0 46 64
240 46 0
0 55 46
240 55 0
0 51 56
240 51 0
0 55 45
240 55 0
0 46 57
240 46 0
0 55 46
240 55 0
0 46 64
240 46 0
0 53 46
240 53 0
0 50 55
240 50 0
0 53 45
240 53 0
0 46 55
240 46 0
0 53 46
240 53 0
0 39 64
0 51 64
480 51 0
0 39 0
2400 43 67
240 43 0
0 51 45
240 51 0
0 44 59
240 44 0
0 51 47
240 51 0
0 46 61
240 46 0
0 51 44
240 51 0
0 43 67
240 43 0
0 51 45
240 51 0
0 44 57
240 44 0
0 51 52
240 51 0
0 46 61
240 46 0
0 51 44
240 51 0
0 44 65
240 44 0
0 51 45
240 51 0
0 46 58
240 46 0
0 51 42
240 51 0
0 48 57
240 48 0
0 51 45
240 51 0
0 45 67
240 45 0
0 51 45
240 51 0
0 46 56
240 46 0
0 51 47
240 51 0
0 48 58
240 48 0
0 51 44
240 51 0
0 46 67
240 46 0
0 51 52
240 51 0
0 50 61
240 50 0
0 51 48
240 51 0
0 47 62
240 47 0
0 51 53
240 51 0
0 48 71
240 48 0
0 51 54
240 51 0
0 50 65
240 50 0
0 51 52
240 51 0
0 45 64
240 45 0
0 51 49
240 51 0
0 46 77
240 46 0
0 51 58
240 51 0
0 49 65
240 49 0
0 51 56
240 51 0
0 47 70
240 47 0
0 51 54
240 51 0
0 48 77
240 48 0
0 51 57
240 51 0
0 50 63
240 50 0
0 51 58
240 51 0
0 45 71
240 45 0
0 51 65
240 51 0
0 46 82
480 46 0
0 46 77
0 51 77
0 55 87
120 55 0
0 51 0
0 46 0
1320 51 77
0 48 77
0 54 87
120 54 0
0 48 0
0 51 0
1320 55 87
0 46 77
0 51 77
120 51 0
0 46 0
0 55 0
1320 57 87
0 51 77
0 54 77
0 45 77
120 45 0
0 57 0
0 51 0
0 54 0
1320 46 77
0 58 87
0 55 77
0 51 77
120 51 0
0 46 0
0 58 0
0 55 0
2280 58 81
240 58 0
0 55 77
180 55 0
60 55 82
240 55 0
0 51 77
180 51 0
60 51 83
240 51 0
0 46 77
180 46 0
60 46 92
0 34 78
960 56 70
0 53 59
480 53 0
0 46 0
0 34 0
0 56 0
0 55 79
0 39 67
480 39 0
0 55 0
0 46 51
480 45 51
480 45 0
0 44 51
480 44 0
0 43 49
480 43 0
0 41 49
480 41 0
0 46 0
0 39 51
480 39 0
0 43 47
480 43 0
0 46 47
480 46 0
0 34 51
480 34 0
0 41 48
480 41 0
0 46 48
480 46 0
0 39 67
480 39 0
0 46 51
480 45 51
480 45 0
0 44 51
480 44 0
0 43 49
480 43 0
0 41 49
480 41 0
0 46 0
0 39 51
480 39 0
0 43 47
480 43 0
0 46 47
480 46 0
0 34 51
480 34 0
0 41 48
480 41 0
0 46 48
480 46 0
0 39 51
480 39 0
0 43 47
480 43 0
0 46 47
480 46 0
0 34 51
480 34 0
0 41 48
480 41 0
0 46 48
480 46 0
0 39 51
480 39 0
0 43 47
480 43 0
0 46 47
480 46 0
0 51 40
0 55 44
480 55 0
0 51 0
960 60 70
0 55 59
0 51 59
0 48 59
720 48 0
0 60 0
0 55 0
0 51 0
3120 60 34
0 63 41
240 63 0
0 60 0
240 63 41
0 60 34
960 60 0
0 63 0
0 62 32
0 65 38
470 65 0
0 62 0
10 53 59
0 59 59
0 56 59
0 62 70
0 50 59
720 50 0
0 56 0
0 53 0
0 59 0
0 62 0
3120 62 34
0 68 41
0 65 34
240 65 0
0 68 0
0 62 0
240 68 41
0 65 34
0 62 34
960 62 0
0 65 0
0 68 0
0 67 38
0 63 32
480 63 0
0 67 0
960 60 35
0 55 29
0 51 29
480 51 0
0 55 0
0 60 0
0 53 33
0 56 33
0 59 39
960 59 0
0 56 0
0 53 0
0 60 34
0 55 28
0 51 28
480 51 0
0 55 0
0 60 0
960 63 29
0 67 35
480 67 0
0 63 0
0 68 39
0 65 33
960 65 0
0 68 0
0 63 28
0 67 34
480 67 0
0 63 0
960 55 39
0 60 47
0 51 39
480 51 0
0 60 0
0 55 0
0 59 53
0 53 45
0 56 45
960 56 0
0 53 0
0 59 0
0 55 46
0 51 39
480 51 0
0 55 0
0 50 46
0 53 56
960 53 0
0 50 0
0 51 49
0 48 41
480 48 0
0 51 0
0 50 47
0 47 56
480 47 0
0 50 0
1920 56 34
0 53 28
0 50 28
0 47 28
480 47 0
0 56 0
0 53 0
0 50 0
0 55 34
0 51 28
0 48 28
120 48 0
0 51 0
0 55 0
2280 50 34
0 44 28
0 41 28
480 41 0
0 44 0
0 50 0
0 48 28
0 43 28
0 51 34
120 51 0
0 43 0
0 48 0
2280 43 73
0 31 73
240 31 0
0 43 0
240 43 67
0 36 67
0 48 80
0 39 67
720 39 0
0 43 0
0 36 0
0 48 0
1680 48 58
0 55 69
0 51 58
120 51 0
0 55 0
0 48 0
360 47 58
0 50 58
0 55 69
120 55 0
0 50 0
0 47 0
2280 55 69
0 47 58
0 50 58
120 50 0
0 47 0
0 55 0
360 55 69
0 48 58
0 51 58
120 51 0
0 48 0
0 55 0
2280 51 58
0 60 69
0 55 58
120 55 0
0 60 0
0 51 0
360 56 58
0 62 69
0 53 58
120 53 0
0 62 0
0 56 0
1320 62 69
0 59 58
0 55 58
120 55 0
0 59 0
0 62 0
1320 55 58
0 48 58
0 60 69
0 51 58
120 51 0
0 55 0
0 48 0
0 60 0
2760 63 69
1440 61 50
1440 61 0
0 60 49
1440 60 0
0 63 0
0 61 34
0 58 28
1440 58 0
0 61 0
0 56 28
0 63 33
1440 63 0
0 56 0
0 70 50
0 72 60
1440 70 0
0 68 49
1440 68 0
0 72 0
0 67 28
0 70 34
1440 70 0
0 67 0
0 65 28
0 68 33
1440 68 0
0 65 0
0 66 50
0 68 60
1440 66 0
0 65 49
1440 65 0
0 68 0
0 63 44
0 66 44
1440 66 0
0 63 0
0 61 28
0 65 33
1440 65 0
0 61 0
0 59 42
0 63 48
1440 63 0
0 59 0
0 58 33
1440 58 0
0 57 33
1440 57 0
0 46 33
480 53 33
480 53 0
0 55 37
480 55 0
0 56 41
480 56 0
0 52 33
480 52 0
0 53 35
480 53 0
0 46 0
0 46 42
0 55 42
480 55 0
0 50 33
480 50 0
0 51 33
480 51 0
0 53 40
480 53 0
0 48 33
480 48 0
0 50 33
480 50 0
0 46 0
0 46 39
0 51 39
480 51 0
0 53 33
480 53 0
0 55 36
480 55 0
0 56 40
480 56 0
0 52 33
480 52 0
0 53 33
480 53 0
0 46 0
0 55 42
0 46 42
480 55 0
0 50 33
480 50 0
0 51 33
480 51 0
0 53 40
480 53 0
0 48 33
480 48 0
0 50 33
480 50 0
0 46 0
0 51 40
240 51 0
0 58 28
240 58 0
0 55 33
240 55 0
0 58 27
240 58 0
14 53 33
226 58 30
14 53 0
226 58 0
0 51 38
240 51 0
0 58 33
240 58 0
0 53 45
240 53 0
0 58 37
240 58 0
0 55 48
240 55 0
0 58 43
240 58 0
0 53 55
240 53 0
0 58 40
240 58 0
0 55 48
240 55 0
0 58 30
240 58 0
0 56 40
240 56 0
0 58 33
240 58 0
0 53 39
240 53 0
0 58 33
240 58 0
0 55 41
240 55 0
0 58 33
240 58 0
0 56 41
240 56 0
0 58 33
240 58 0
0 50 40
240 50 0
0 58 28
240 58 0
0 53 33
240 53 0
0 58 27
240 58 0
0 51 38
240 51 0
0 58 34
240 58 0
0 50 38
240 50 0
0 58 34
240 58 0
0 51 46
240 51 0
0 58 39
240 58 0
0 53 48
240 53 0
0 58 44
240 58 0
0 51 55
240 51 0
0 58 43
240 58 0
0 53 52
240 53 0
0 58 37
240 58 0
0 55 46
240 55 0
0 58 33
240 58 0
0 51 44
240 51 0
0 58 39
240 58 0
0 53 41
240 53 0
0 58 33
240 58 0
0 55 41
240 55 0
0 58 33
240 58 0
0 51 40
240 51 0
0 58 28
240 58 0
0 55 33
240 55 0
0 58 27
240 58 0
0 51 40
240 51 0
0 58 31
240 58 0
0 51 43
240 51 0
0 58 38
240 58 0
0 55 52
240 55 0
0 58 45
240 58 0
0 51 54
240 51 0
0 58 47
240 58 0
0 53 52
240 53 0
0 58 43
240 58 0
0 56 51
240 56 0
0 58 40
240 58 0
0 53 46
240 53 0
0 58 37
240 58 0
0 53 37
240 53 0
0 58 31
240 58 0
0 56 39
240 56 0
0 58 31
240 58 0
0 53 39
240 53 0
0 58 31
238 58 0
2 50 40
240 50 0
0 58 32
240 58 0
0 53 39
240 53 0
0 58 29
240 58 0
0 50 45
240 50 0
0 58 36
240 58 0
0 50 48
240 50 0
0 58 40
240 58 0
0 53 53
240 53 0
0 58 45
240 58 0
0 50 60
240 50 0
0 58 50
240 58 0
240 51 43
240 51 0
0 50 61
240 50 0
0 51 48
240 51 0
0 50 60
240 50 0
0 51 50
240 51 0
0 43 67
240 43 0
0 51 45
240 51 0
0 44 59
240 44 0
0 51 51
240 51 0
0 46 60
240 46 0
0 51 44
240 51 0
0 44 65
240 44 0
0 51 49
240 51 0
0 46 60
240 46 0
0 51 47
240 51 0
0 48 59
240 48 0
0 51 48
240 51 0
0 45 67
240 45 0
0 51 49
240 51 0
0 46 59
240 46 0
0 51 47
240 51 0
0 48 57
240 48 0
0 51 44
240 51 0
0 46 64
240 46 0
0 55 46
240 55 0
0 51 57
240 51 0
0 55 45
240 55 0
0 46 56
240 46 0
0 55 56
240 55 0
0 46 64
240 46 0
0 53 46
240 53 0
0 50 56
240 50 0
0 53 45
240 53 0
0 46 58
240 46 0
0 53 53
240 53 0
0 39 64
0 51 64
480 51 0
0 39 0
2400 43 67
240 43 0
0 51 45
240 51 0
0 44 50
240 44 0
0 51 47
240 51 0
0 46 54
240 46 0
0 51 44
240 51 0
0 43 67
240 43 0
0 51 45
240 51 0
0 44 50
240 44 0
0 51 47
240 51 0
0 46 54
240 46 0
0 51 44
240 51 0
0 44 65
240 44 0
0 51 45
240 51 0
0 46 59
240 46 0
0 51 42
240 51 0
0 48 58
240 48 0
0 51 45
240 51 0
0 45 67
240 45 0
0 51 45
240 51 0
0 46 60
240 46 0
0 51 47
240 51 0
0 48 58
240 48 0
0 51 44
240 51 0
0 46 67
240 46 0
0 51 53
240 51 0
0 50 61
240 50 0
0 51 48
240 51 0
0 47 61
240 47 0
0 51 49
240 51 0
0 48 71
240 48 0
0 51 52
240 51 0
0 50 63
240 50 0
0 51 55
240 51 0
0 45 66
240 45 0
0 51 49
240 51 0
0 46 77
240 46 0
0 51 56
240 51 0
0 49 66
240 49 0
0 51 54
240 51 0
0 47 67
240 47 0
0 51 56
240 51 0
0 48 77
240 48 0
0 51 58
240 51 0
0 50 63
240 50 0
0 51 58
240 51 0
0 45 71
240 45 0
0 51 65
240 51 0
0 46 82
480 46 0
0 46 77
0 51 77
0 55 87
120 55 0
0 51 0
0 46 0
1320 51 77
0 48 77
0 54 87
120 54 0
0 48 0
0 51 0
1320 55 87
0 46 77
0 51 77
120 51 0
0 46 0
0 55 0
1320 57 87
0 51 77
0 54 77
0 45 77
120 45 0
0 57 0
0 51 0
0 54 0
1320 46 77
0 58 87
0 55 77
0 51 77
120 51 0
0 46 0
0 58 0
0 55 0
2280 58 81
240 58 0
0 55 77
180 55 0
60 55 82
240 55 0
0 51 77
180 51 0
60 51 83
240 51 0
0 46 77
180 46 0
60 46 92
0 34 78
960 56 70
0 53 59
480 53 0
0 46 0
0 34 0
0 56 0
0 55 79
0 39 67
480 39 0
0 55 0
0 46 51
480 45 51
480 45 0
0 44 51
480 44 0
0 43 49
480 43 0
0 41 49
480 41 0
0 46 0
0 39 51
480 39 0
0 43 47
480 43 0
0 46 47
480 46 0
0 34 51
480 34 0
0 41 48
480 41 0
0 46 48
480 46 0
0 39 67
480 39 0
0 46 51
480 45 51
480 45 0
0 44 51
480 44 0
0 43 49
480 43 0
0 41 49
480 41 0
0 46 0
0 39 51
480 39 0
0 43 47
480 43 0
0 46 47
480 46 0
0 34 51
480 34 0
0 41 48
480 41 0
0 46 48
480 46 0
0 39 51
480 39 0
0 43 47
480 43 0
0 46 47
480 46 0
0 34 51
480 34 0
0 41 48
480 41 0
0 46 48
480 46 0
0 39 51
480 39 0
0 43 47
480 43 0
0 46 47
480 46 0
0 51 40
0 55 44
480 55 0
0 51 0
960 60 70
0 55 59
0 52 59
0 48 59
720 48 0
0 60 0
0 55 0
0 52 0
3120 64 34
0 67 41
240 67 0
0 64 0
240 67 41
0 64 34
960 64 0
0 67 0
0 65 32
0 68 38
470 68 0
0 65 0
10 65 34
0 68 41
720 68 0
0 65 0
3120 65 34
0 68 41
240 68 0
0 65 0
240 68 41
0 65 34
960 65 0
0 68 0
0 67 32
0 70 38
470 70 0
0 67 0
10 67 34
0 70 41
720 70 0
0 67 0
5040 53 40
240 53 0
0 60 32
240 60 0
0 56 34
240 56 0
0 60 32
240 60 0
0 53 34
240 53 0
0 60 32
240 60 0
0 53 40
240 53 0
0 60 33
240 60 0
0 56 34
240 56 0
0 60 32
240 60 0
0 53 35
240 53 0
0 60 32
240 60 0
0 55 40
240 55 0
0 60 32
240 60 0
0 58 34
240 58 0
0 60 32
240 60 0
0 55 37
240 55 0
0 60 32
240 60 0
0 52 32
240 52 0
0 60 32
240 60 0
0 55 35
240 55 0
0 60 32
240 60 0
0 52 37
240 52 0
0 60 32
240 60 0
0 48 40
240 48 0
0 60 31
240 60 0
0 52 36
240 52 0
0 60 32
240 60 0
0 55 38
240 55 0
0 60 33
240 60 0
0 52 45
240 52 0
0 60 35
240 60 0
0 55 38
240 55 0
0 60 31
240 60 0
0 58 37
240 58 0
0 60 31
240 60 0
0 53 45
240 53 0
0 60 31
240 60 0
0 56 36
240 56 0
0 60 31
240 60 0
0 53 36
240 53 0
0 60 31
240 60 0
0 53 40
240 53 0
0 60 30
240 60 0
0 52 42
240 52 0
0 53 40
240 53 0
0 51 49
240 51 0
0 53 43
240 53 0
0 49 52
240 49 0
0 53 38
240 53 0
0 48 43
240 48 0
0 53 32
240 53 0
0 49 38
240 49 0
0 53 32
240 53 0
0 46 45
240 46 0
0 53 33
240 53 0
0 48 34
240 48 0
0 53 32
240 53 0
0 49 35
240 49 0
0 53 32
240 53 0
0 48 46
240 48 0
0 53 32
240 53 0
0 51 34
240 51 0
0 53 32
240 53 0
0 48 37
240 48 0
0 53 32
240 53 0
0 45 40
240 45 0
0 53 32
240 53 0
0 48 35
240 48 0
0 53 32
240 53 0
0 45 37
240 45 0
0 53 32
240 53 0
0 41 40
240 41 0
0 53 31
240 53 0
0 45 45
240 45 0
0 53 37
240 53 0
0 48 46
240 48 0
0 53 39
240 53 0
0 45 51
240 45 0
0 53 44
240 53 0
0 48 38
240 48 0
0 53 31
240 53 0
0 51 37
240 51 0
0 53 31
240 53 0
0 46 45
240 46 0
0 53 31
240 53 0
0 49 36
240 49 0
0 53 31
240 53 0
0 46 36
240 46 0
0 53 31
240 53 0
0 46 40
240 46 0
0 53 30
240 53 0
0 49 33
240 49 0
0 53 30
240 53 0
0 46 33
240 46 0
0 53 30
240 53 0
0 44 40
240 44 0
0 54 32
240 54 0
0 51 48
240 51 0
0 54 40
240 54 0
0 44 51
240 44 0
0 54 46
240 54 0
0 44 52
240 44 0
0 54 40
240 54 0
0 48 40
240 48 0
0 54 35
240 54 0
0 44 40
240 44 0
0 54 34
240 54 0
0 49 40
0 53 40
480 53 0
0 49 0
960 68 45
480 68 0
0 66 38
480 66 0
0 63 38
480 63 0
0 65 45
480 65 0
0 64 38
480 64 0
0 66 38
480 66 0
0 65 45
480 65 0
0 63 38
480 63 0
0 60 38
480 60 0
0 61 45
480 61 0
0 60 38
480 60 0
0 63 38
480 63 0
0 61 45
480 61 0
0 60 38
480 60 0
0 57 38
480 57 0
0 58 45
480 58 0
0 61 37
480 61 0
0 56 37
480 56 0
0 55 45
480 55 0
0 58 43
480 58 0
0 53 48
480 53 0
0 52 53
480 52 0
0 55 44
480 55 0
0 50 44
480 50 0
0 48 52
480 48 0
0 50 44
480 50 0
0 52 44
480 52 0
0 53 53
480 53 0
0 56 45
480 56 0
0 51 45
480 51 0
0 50 45
480 50 0
0 53 43
480 53 0
0 48 48
480 48 0
0 47 56
480 47 0
0 50 46
480 50 0
0 45 46
480 45 0
0 43 55
480 43 0
0 45 48
480 45 0
0 47 48
480 47 0
0 48 62
480 48 0
0 51 52
480 51 0
0 46 52
480 46 0
0 44 61
480 44 0
0 48 53
480 48 0
0 43 53
480 43 0
0 41 61
480 41 0
0 44 53
480 44 0
0 39 53
480 39 0
0 38 70
480 38 0
0 41 60
480 41 0
0 36 60
480 36 0
0 35 70
480 35 0
0 38 60
480 38 0
0 33 60
480 33 0
0 31 66
480 31 0
0 33 57
480 33 0
0 35 57
480 35 0
0 36 62
480 36 0
0 38 57
480 38 0
0 39 62
480 39 0
0 41 57
960 41 0
0 42 50
480 42 0
0 43 57
240 43 0
240 55 54
480 55 0
960 55 45
480 55 0
960 55 46
480 55 0
960 55 47
480 55 0
960 43 47
480 43 0
960 43 39
480 43 0
960 43 38
480 43 0
960 43 37
480 43 0
960 31 36
0 43 36
480 43 0
0 31 0
960 31 28
0 43 33
480 43 0
0 31 0
480 48 70
0 43 59
0 39 59
0 36 59
720 36 0
0 48 0
0 43 0
0 39 0
3120 60 34
0 63 41
240 63 0
0 60 0
240 63 41
0 60 34
960 60 0
0 63 0
0 62 32
0 65 38
470 65 0
0 62 0
10 53 59
0 59 59
0 56 59
0 62 70
0 50 59
720 50 0
0 56 0
0 53 0
0 59 0
0 62 0
3120 62 34
0 68 41
0 65 34
240 65 0
0 68 0
0 62 0
240 68 41
0 65 34
0 62 34
960 62 0
0 65 0
0 68 0
0 67 38
0 63 32
480 63 0
0 67 0
960 60 35
0 55 29
0 51 29
480 51 0
0 55 0
0 60 0
0 53 33
0 56 33
0 59 39
960 59 0
0 56 0
0 53 0
0 60 34
0 55 28
0 51 28
480 51 0
0 55 0
0 60 0
960 63 29
0 67 35
480 67 0
0 63 0
0 68 39
0 65 33
960 65 0
0 68 0
0 63 28
0 67 34
480 67 0
0 63 0
960 55 39
0 60 47
0 51 39
480 51 0
0 60 0
0 55 0
0 59 53
0 53 45
0 56 45
960 56 0
0 53 0
0 59 0
0 55 46
0 51 39
480 51 0
0 55 0
0 50 46
0 53 56
960 53 0
0 50 0
0 51 49
0 48 41
480 48 0
0 51 0
0 50 47
0 47 56
480 47 0
0 50 0
1920 56 34
0 53 28
0 50 28
0 47 28
480 47 0
0 56 0
0 53 0
0 50 0
0 55 34
0 51 28
0 48 28
120 48 0
0 51 0
0 55 0
2280 50 34
0 44 28
0 41 28
480 41 0
0 44 0
0 50 0
0 48 28
0 43 28
0 51 34
120 51 0
0 43 0
0 48 0
2280 43 73
0 31 73
240 31 0
0 43 0
240 36 67
0 48 80
240 48 0
0 36 0
2640 61 69
1440 59 50
1440 59 0
0 58 49
1440 58 0
0 61 0
0 59 34
0 56 28
1440 56 0
0 59 0
0 54 28
0 61 33
1440 61 0
0 54 0
0 71 50
0 73 60
1440 71 0
0 70 49
1440 70 0
0 73 0
0 68 28
0 71 34
1440 71 0
0 68 0
0 66 28
0 73 33
1440 73 0
0 66 0
0 68 50
0 70 60
1440 68 0
0 66 49
1440 66 0
0 70 0
0 65 44
0 68 44
1440 68 0
0 65 0
0 63 28
0 66 33
1440 66 0
0 63 0
0 61 42
0 65 48
1440 65 0
0 61 0
0 67 33
0 60 28
1440 60 0
0 67 0
0 59 33
1440 59 0
0 60 42
0 48 33
480 60 0
0 55 33
480 55 0
0 56 37
480 56 0
0 58 41
480 58 0
0 53 33
480 53 0
0 55 35
480 55 0
0 48 0
0 48 42
0 56 42
480 56 0
0 52 33
480 52 0
0 53 33
480 53 0
0 55 40
480 55 0
0 50 33
480 50 0
0 52 33
480 52 0
0 48 0
0 48 39
0 53 39
480 53 0
0 55 33
480 55 0
0 57 36
480 57 0
0 58 40
480 58 0
0 54 33
480 54 0
0 55 33
480 55 0
0 48 0
0 57 42
0 48 42
480 57 0
0 52 33
480 52 0
0 53 33
480 53 0
0 55 40
480 55 0
0 50 33
480 50 0
0 52 33
480 52 0
0 48 0
0 53 40
240 53 0
0 60 28
240 60 0
0 57 33
240 57 0
0 60 27
240 60 0
14 55 33
226 60 30
14 55 0
226 60 0
0 53 38
240 53 0
0 60 28
240 60 0
0 55 43
240 55 0
0 60 38
240 60 0
0 57 51
240 57 0
0 60 41
240 60 0
0 55 53
240 55 0
0 60 40
240 60 0
0 57 45
240 57 0
0 60 35
240 60 0
0 58 40
240 58 0
0 60 33
240 60 0
0 55 39
240 55 0
0 60 33
240 60 0
0 57 41
240 57 0
0 60 33
240 60 0
0 58 41
240 58 0
0 60 33
240 60 0
0 52 40
240 52 0
0 60 28
240 60 0
0 55 33
240 55 0
0 60 27
240 60 0
0 53 33
240 53 0
0 60 30
240 60 0
0 52 38
240 52 0
0 60 28
240 60 0
0 53 47
240 53 0
0 60 41
240 60 0
0 55 49
240 55 0
0 60 40
240 60 0
0 53 54
240 53 0
0 60 43
240 60 0
0 55 45
240 55 0
0 60 37
240 60 0
0 57 46
240 57 0
0 60 33
240 60 0
0 53 44
240 53 0
0 60 39
240 60 0
14 55 41
226 60 33
14 55 0
226 60 0
0 57 41
240 57 0
0 60 33
240 60 0
0 53 40
240 53 0
0 60 28
240 60 0
0 57 33
240 57 0
0 60 27
240 60 0
0 53 34
240 53 0
0 60 31
240 60 0
0 53 40
240 53 0
0 60 36
240 60 0
0 57 48
240 57 0
0 60 40
240 60 0
0 53 51
240 53 0
0 60 42
240 60 0
0 55 59
240 55 0
0 60 47
240 60 0
0 58 46
240 58 0
0 60 38
240 60 0
0 55 46
240 55 0
0 60 37
240 60 0
0 55 44
240 55 0
0 60 37
240 60 0
0 58 47
240 58 0
0 60 37
240 60 0
0 55 47
240 55 0
0 60 37
238 60 0
2 52 40
240 52 0
0 60 32
240 60 0
0 55 39
240 55 0
0 60 29
240 60 0
0 52 40
240 52 0
0 60 31
240 60 0
0 52 46
240 52 0
0 60 41
240 60 0
0 55 52
240 55 0
0 60 40
240 60 0
0 52 57
240 52 0
0 60 44
240 60 0
0 53 45
240 53 0
0 60 36
240 60 0
0 55 49
240 55 0
0 60 42
240 60 0
0 56 51
240 56 0
0 60 44
240 60 0
0 53 47
240 53 0
0 60 37
240 60 0
0 55 41
240 55 0
0 60 37
240 60 0
0 56 41
240 56 0
0 60 37
240 60 0
0 55 51
240 55 0
0 63 36
240 63 0
0 60 41
240 60 0
0 63 36
240 63 0
0 55 41
240 55 0
0 63 36
240 63 0
0 55 47
240 55 0
0 62 36
240 62 0
0 59 42
240 59 0
0 62 34
240 62 0
0 55 40
240 55 0
0 62 35
240 62 0
0 48 60
240 48 0
0 55 37
240 55 0
0 51 52
240 51 0
0 55 36
240 55 0
14 50 52
226 55 46
14 50 0
226 55 0
0 48 57
240 48 0
0 55 46
240 55 0
0 50 57
240 50 0
0 55 50
240 55 0
0 51 61
240 51 0
0 55 56
240 55 0
0 50 66
240 50 0
0 55 43
240 55 0
0 51 59
240 51 0
0 55 51
240 55 0
0 53 60
240 53 0
0 55 53
240 55 0
0 50 63
240 50 0
0 55 44
240 55 0
0 51 54
240 51 0
0 55 44
240 55 0
0 53 54
240 53 0
0 55 44
240 55 0
0 47 54
240 47 0
0 55 37
240 55 0
0 50 44
240 50 0
0 55 36
240 55 0
0 48 44
240 48 0
0 55 40
240 55 0
0 47 51
240 47 0
0 55 44
240 55 0
0 48 57
240 48 0
0 55 52
240 55 0
0 50 61
240 50 0
0 55 46
240 55 0
0 48 69
240 48 0
0 55 53
240 55 0
0 50 60
240 50 0
0 55 44
240 55 0
0 51 54
240 51 0
0 55 44
240 55 0
0 48 52
240 48 0
0 55 44
240 55 0
0 50 54
240 50 0
0 55 44
240 55 0
0 51 54
240 51 0
0 55 44
240 55 0
0 48 54
240 48 0
0 55 37
240 55 0
0 51 44
240 51 0
0 55 36
240 55 0
0 48 44
240 48 0
0 55 40
240 55 0
0 48 51
240 48 0
0 55 42
240 55 0
0 51 51
240 51 0
0 55 42
240 55 0
0 48 60
240 48 0
0 55 53
240 55 0
0 50 66
240 50 0
0 55 43
240 55 0
0 53 54
240 53 0
0 55 45
240 55 0
0 50 54
240 50 0
0 55 44
240 55 0
0 50 52
240 50 0
0 55 44
240 55 0
0 53 54
240 53 0
0 55 44
240 55 0
0 50 54
240 50 0
0 55 44
238 55 0
2 47 54
240 47 0
0 55 37
240 55 0
0 50 49
240 50 0
0 55 36
240 55 0
0 47 50
240 47 0
0 55 40
240 55 0
0 47 58
240 47 0
0 55 45
240 55 0
0 50 51
240 50 0
0 55 45
240 55 0
0 47 56
240 47 0
0 55 37
240 55 0
240 48 43
240 48 0
0 47 61
240 47 0
0 48 44
240 48 0
0 47 63
240 47 0
0 48 50
240 48 0
0 40 67
240 40 0
0 48 52
240 48 0
0 41 57
240 41 0
0 48 47
240 48 0
0 43 61
240 43 0
0 48 44
240 48 0
0 41 65
240 41 0
0 48 45
240 48 0
0 43 57
240 43 0
0 48 48
240 48 0
0 44 56
240 44 0
0 48 50
240 48 0
0 42 67
240 42 0
0 48 51
240 48 0
0 43 58
240 43 0
0 48 49
240 48 0
0 45 60
240 45 0
0 48 44
240 48 0
0 43 64
240 43 0
0 51 51
240 51 0
0 48 59
240 48 0
0 51 50
240 51 0
0 43 57
240 43 0
0 51 46
240 51 0
0 43 64
240 43 0
0 50 46
240 50 0
0 47 58
240 47 0
0 50 47
240 50 0
0 43 56
240 43 0
0 50 46
240 50 0
0 36 64
0 48 64
480 48 0
0 36 0
2400 39 67
240 39 0
0 48 45
240 48 0
0 41 50
240 41 0
0 48 47
240 48 0
0 43 56
240 43 0
0 48 50
240 48 0
0 40 67
240 40 0
0 48 45
240 48 0
0 41 61
240 41 0
0 48 47
240 48 0
0 43 60
240 43 0
0 48 44
240 48 0
0 41 65
240 41 0
0 48 45
240 48 0
0 43 57
240 43 0
0 48 42
240 48 0
0 44 58
240 44 0
0 48 45
240 48 0
0 42 67
240 42 0
0 48 51
240 48 0
0 43 58
240 43 0
0 48 47
240 48 0
0 45 58
240 45 0
0 48 44
240 48 0
0 43 67
240 43 0
0 48 51
240 48 0
0 47 57
240 47 0
0 48 48
240 48 0
0 43 61
240 43 0
0 48 50
240 48 0
0 44 71
240 44 0
0 48 56
240 48 0
0 47 64
240 47 0
0 48 55
240 48 0
0 42 65
240 42 0
0 48 54
240 48 0
0 43 77
240 43 0
0 48 58
240 48 0
0 47 68
240 47 0
0 48 54
240 48 0
0 40 65
240 40 0
0 48 50
240 48 0
0 41 77
240 41 0
0 48 51
240 48 0
0 44 63
240 44 0
0 48 58
240 48 0
0 42 71
240 42 0
0 48 65
240 48 0
0 43 82
480 43 0
0 55 77
0 60 77
0 63 87
120 63 0
0 60 0
0 55 0
1320 60 77
0 56 77
0 63 87
120 63 0
0 56 0
0 60 0
1320 63 87
0 55 77
0 60 77
120 60 0
0 55 0
0 63 0
1320 63 87
0 60 77
0 54 77
120 54 0
0 60 0
0 63 0
1320 55 77
0 63 87
0 60 77
120 60 0
0 63 0
0 55 0
2280 60 81
240 60 0
0 55 77
180 55 0
60 55 82
240 55 0
0 51 77
180 51 0
60 51 83
240 51 0
0 48 77
180 48 0
60 43 92
0 31 78
960 53 70
0 50 59
480 50 0
0 43 0
0 31 0
0 53 0
0 51 79
0 36 67
480 36 0
0 51 0
0 43 51
480 42 51
480 42 0
0 41 51
480 41 0
0 39 49
480 39 0
0 38 49
480 38 0
0 43 0
0 36 51
480 36 0
0 39 47
480 39 0
0 43 47
480 43 0
0 31 51
480 31 0
0 38 48
480 38 0
0 43 48
480 43 0
0 36 67
480 36 0
0 43 51
480 42 51
480 42 0
0 41 51
480 41 0
0 39 49
480 39 0
0 38 49
480 38 0
0 43 0
0 36 51
480 36 0
0 39 47
480 39 0
0 43 47
480 43 0
0 31 51
480 31 0
0 38 48
480 38 0
0 43 48
480 43 0
0 36 51
480 36 0
0 39 47
480 39 0
0 43 47
480 43 0
0 31 51
480 31 0
0 38 48
480 38 0
0 43 48
480 43 0
0 36 51
480 36 0
960 31 60
0 35 60
0 38 60
0 43 71
480 43 0
0 31 0
0 35 0
0 38 0
960 36 60
0 39 60
0 43 60
0 48 71
480 48 0
0 36 0
0 39 0
0 43 0
