1 68 51
240 68 0
0 63 46
0 59 46
0 68 55
240 68 0
0 70 49
240 70 0
0 70 51
240 70 0
0 59 0
0 63 0
0 68 49
0 59 49
0 63 49
240 63 0
0 59 0
0 68 0
0 59 46
0 63 46
0 68 55
240 68 0
0 70 51
240 70 0
0 70 52
240 70 0
0 63 0
0 59 0
0 68 56
0 59 47
0 62 47
240 62 0
0 59 0
0 68 0
0 59 49
0 62 49
0 68 58
240 68 0
0 70 53
240 70 0
0 70 55
240 70 0
0 62 0
0 59 0
0 62 48
0 59 48
0 68 57
240 68 0
0 59 0
0 62 0
0 59 50
0 63 50
0 68 60
240 68 0
0 70 56
240 70 0
0 70 56
240 70 0
0 63 0
0 59 0
0 64 50
0 59 50
0 68 60
240 68 0
0 59 0
0 64 0
0 59 52
0 65 52
0 68 62
240 68 0
0 70 57
240 70 0
0 70 58
240 70 0
0 68 47
240 68 0
0 68 51
240 68 0
0 73 42
240 73 0
0 65 0
0 59 0
0 73 40
480 73 0
1680 58 40
0 66 46
240 66 0
0 58 0
0 66 49
0 58 41
240 70 44
240 70 0
0 70 46
240 70 0
0 58 0
0 66 0
0 58 39
0 65 44
240 65 0
0 58 0
0 65 48
0 58 42
240 70 45
240 70 0
0 70 47
240 70 0
0 58 0
0 65 0
0 58 38
0 63 42
240 63 0
0 58 0
0 63 49
0 58 44
240 70 44
240 70 0
0 70 46
240 70 0
0 58 0
0 63 0
0 61 44
0 58 39
180 58 0
0 61 0
60 58 42
0 63 48
180 63 0
0 58 0
60 58 42
0 65 42
180 65 0
0 58 0
60 66 48
0 58 42
180 58 0
0 66 0
60 58 44
0 70 44
180 70 0
0 58 0
60 59 44
0 68 49
240 71 44
240 71 0
0 71 46
240 71 0
0 68 0
0 59 0
0 66 44
0 59 39
240 59 0
0 66 0
0 59 42
0 66 48
240 71 45
240 71 0
0 71 47
240 71 0
0 66 0
0 59 0
0 65 42
0 59 38
240 59 0
0 65 0
0 59 44
0 65 49
240 71 44
240 71 0
0 71 46
240 71 0
0 65 0
0 59 0
0 65 44
0 59 39
120 65 0
120 59 0
0 59 42
0 66 48
180 66 0
60 65 42
180 65 0
60 66 48
180 66 0
60 68 44
180 68 0
60 59 0
0 58 44
0 66 49
240 70 44
240 70 0
0 70 50
240 70 0
0 66 0
0 58 0
0 58 44
0 65 48
240 65 0
0 58 0
0 58 50
0 65 57
240 70 55
240 70 0
0 70 61
240 70 0
0 65 0
0 58 0
0 64 57
0 58 50
240 58 0
0 64 0
0 58 62
0 64 70
240 70 62
240 70 0
0 70 66
240 70 0
0 64 0
0 58 0
0 64 62
0 58 56
240 58 0
0 64 0
0 58 59
0 64 66
240 72 59
240 72 0
0 64 0
0 72 58
240 72 0
0 58 0
0 70 49
0 64 49
240 64 0
0 70 0
0 65 45
0 69 50
0 60 45
720 60 0
0 69 0
0 65 0
0 60 42
0 67 48
0 72 48
240 72 0
0 67 0
0 60 0
0 72 50
0 67 50
0 60 45
720 60 0
0 67 0
0 72 0
0 69 52
0 65 52
0 74 58
240 74 0
0 65 0
0 69 0
0 65 55
0 69 55
0 74 62
720 74 0
0 69 0
0 65 0
0 77 56
0 69 49
0 72 49
180 72 0
0 69 0
0 77 0
60 65 55
0 69 55
0 74 60
180 74 0
0 69 0
0 65 0
60 72 50
0 64 45
0 67 45
180 67 0
0 64 0
0 72 0
60 60 46
0 65 46
0 69 51
180 69 0
0 65 0
0 60 0
60 58 40
0 67 45
0 62 40
180 62 0
0 67 0
0 58 0
60 62 45
0 58 45
0 67 50
240 58 0
480 67 0
0 62 0
0 62 42
0 67 48
0 70 48
240 70 0
0 67 0
0 62 0
0 62 45
0 70 50
0 67 50
720 67 0
0 70 0
0 62 0
0 67 52
0 70 52
0 74 58
240 74 0
0 70 0
0 67 0
0 67 55
0 70 55
0 74 62
720 74 0
0 70 0
0 67 0
0 70 50
0 67 50
0 74 50
0 77 57
180 77 0
0 70 0
0 67 0
0 74 0
60 67 56
0 77 62
0 70 56
0 74 56
180 74 0
0 67 0
0 77 0
0 70 0
60 67 46
0 70 46
0 76 52
180 76 0
0 70 0
0 67 0
60 67 49
0 77 55
0 74 49
0 70 49
180 70 0
0 67 0
0 77 0
0 74 0
60 72 42
0 70 42
0 67 42
0 79 48
120 65 39
60 79 0
0 67 0
0 72 0
0 70 0
0 72 45
60 81 50
720 81 0
0 72 0
0 65 0
0 84 52
0 72 47
0 79 52
240 79 0
0 72 0
0 84 0
0 84 56
0 79 56
0 72 50
720 72 0
0 79 0
0 84 0
0 86 64
0 77 59
0 81 59
240 81 0
0 77 0
0 86 0
0 77 61
0 81 61
0 86 69
720 86 0
0 81 0
0 77 0
0 81 55
0 84 55
0 89 62
180 89 0
0 84 0
0 81 0
60 81 59
0 77 59
0 86 66
180 86 0
0 77 0
0 81 0
60 76 48
0 79 48
0 84 52
180 84 0
0 79 0
0 76 0
60 81 51
0 77 46
0 72 46
180 72 0
0 77 0
0 81 0
60 70 39
0 74 39
0 79 44
180 79 0
0 74 0
0 70 0
60 79 50
0 70 45
0 74 45
720 74 0
0 70 0
0 79 0
0 70 48
0 67 42
0 74 48
240 74 0
0 67 0
0 70 0
0 74 50
0 70 50
0 67 45
720 67 0
0 70 0
0 74 0
0 70 49
0 60 49
0 67 49
0 72 55
240 72 0
0 70 0
0 60 0
0 67 0
0 60 47
0 72 52
0 67 47
0 70 47
720 70 0
0 60 0
0 72 0
0 67 0
0 66 49
0 60 49
0 70 56
0 72 56
240 72 0
0 66 0
0 60 0
0 70 0
0 60 53
0 66 53
0 70 59
0 72 59
720 72 0
0 60 0
0 66 0
0 70 0
0 70 59
0 66 59
0 61 59
0 73 66
240 73 0
0 70 0
0 66 0
0 61 0
0 61 61
0 73 70
0 66 61
0 70 61
720 70 0
0 61 0
0 73 0
0 66 0
0 66 61
0 63 61
0 70 69
0 75 69
240 75 0
0 66 0
0 63 0
0 70 0
0 63 67
0 66 67
0 75 74
0 70 74
720 70 0
0 63 0
0 66 0
0 75 0
0 63 52
240 63 0
0 63 58
240 70 45
240 70 0
0 70 39
960 70 0
0 63 0
1680 63 41
240 63 0
0 63 48
240 70 41
240 70 0
0 70 42
1440 70 0
0 63 0
240 68 51
240 68 0
0 59 46
0 63 46
0 68 55
240 68 0
0 70 49
240 70 0
0 70 51
240 70 0
0 63 0
0 59 0
0 63 49
0 59 49
0 68 49
240 68 0
0 59 0
0 63 0
0 59 46
0 63 46
0 68 55
240 68 0
0 70 51
240 70 0
0 70 52
240 70 0
0 63 0
0 59 0
0 59 47
0 62 47
0 68 56
240 68 0
0 62 0
0 59 0
0 59 49
0 62 49
0 68 58
240 68 0
0 70 53
240 70 0
0 70 55
240 70 0
0 62 0
0 59 0
0 59 48
0 62 48
0 68 57
240 68 0
0 62 0
0 59 0
0 68 60
0 59 50
0 63 50
240 68 0
0 70 56
240 70 0
0 70 56
240 70 0
0 63 0
0 59 0
0 59 50
0 64 50
0 68 60
240 68 0
0 64 0
0 59 0
0 65 52
0 68 62
0 59 52
240 68 0
0 70 57
240 70 0
0 70 58
240 70 0
0 68 47
240 68 0
0 68 51
240 68 0
0 73 42
240 73 0
0 59 0
0 65 0
0 73 40
480 73 0
1680 66 46
0 58 38
240 58 0
0 66 0
0 58 40
0 66 49
240 70 44
240 70 0
0 70 46
240 70 0
0 66 0
0 58 0
0 58 39
0 65 44
240 65 0
0 58 0
0 65 48
0 58 42
240 70 45
240 70 0
0 70 47
240 70 0
0 58 0
0 65 0
0 58 38
0 63 42
240 63 0
0 58 0
0 63 49
0 58 44
240 70 44
240 70 0
0 70 46
240 70 0
0 58 0
0 63 0
0 58 39
0 61 44
180 61 0
0 58 0
60 63 48
0 58 42
180 58 0
0 63 0
60 58 42
0 65 42
180 65 0
0 58 0
60 58 42
0 66 48
180 66 0
0 58 0
60 58 44
0 70 44
180 70 0
0 58 0
60 59 44
0 68 49
240 71 44
240 71 0
0 71 46
240 71 0
0 68 0
0 59 0
0 59 39
0 66 44
240 66 0
0 59 0
0 59 42
0 66 48
240 71 45
240 71 0
0 71 47
240 71 0
0 66 0
0 59 0
0 59 38
0 65 42
240 65 0
0 59 0
0 59 44
0 65 49
240 71 44
240 71 0
0 71 46
240 71 0
0 65 0
0 59 0
0 65 44
0 59 39
120 65 0
120 59 0
0 59 42
0 66 48
180 66 0
60 65 42
180 65 0
60 66 48
180 66 0
60 68 44
180 68 0
60 59 0
0 58 44
0 66 49
240 70 44
240 70 0
0 70 48
240 70 0
0 66 0
0 58 0
0 58 41
0 65 46
240 65 0
0 58 0
0 58 45
0 65 50
240 70 45
240 70 0
0 70 50
240 70 0
0 65 0
0 58 0
0 58 48
0 63 48
240 63 0
0 58 0
0 58 48
0 63 53
240 70 49
240 70 0
0 70 53
240 70 0
0 63 0
0 58 0
0 63 53
0 57 48
240 57 0
0 63 0
0 57 56
0 63 63
240 69 61
240 69 0
0 69 70
240 69 0
0 63 0
0 57 0
0 63 67
0 57 59
240 57 0
0 63 0
0 58 44
0 66 49
240 70 44
240 70 0
0 70 46
240 70 0
0 66 0
0 58 0
0 66 44
0 58 39
240 58 0
0 66 0
0 58 42
0 66 48
240 70 45
240 70 0
0 70 47
240 70 0
0 66 0
0 58 0
0 58 38
0 66 42
180 66 0
0 58 0
60 59 44
0 63 49
240 70 44
240 70 0
0 70 46
240 70 0
0 63 0
0 59 0
0 59 39
0 63 44
240 63 0
0 59 0
0 59 42
0 63 48
240 70 45
240 70 0
0 70 47
240 70 0
0 63 0
0 59 0
0 59 38
0 63 42
180 63 0
0 59 0
60 58 44
0 66 49
240 70 44
240 70 0
0 70 46
240 70 0
0 66 0
0 58 0
0 66 44
0 58 39
240 58 0
0 66 0
0 58 42
0 66 48
240 70 45
240 70 0
0 70 47
240 70 0
0 66 0
0 58 0
0 58 48
0 66 42
240 66 0
0 58 0
0 59 44
0 63 49
240 70 44
240 70 0
0 70 46
240 70 0
0 63 0
0 59 0
0 59 39
0 63 44
240 63 0
0 59 0
0 59 42
0 63 48
240 70 45
240 70 0
0 70 47
240 70 0
0 63 0
0 59 0
0 59 38
0 63 42
240 63 0
0 59 0
0 58 44
0 66 49
240 70 44
240 70 0
0 70 46
240 70 0
0 66 0
0 58 0
0 58 39
0 66 44
240 66 0
0 58 0
0 58 42
0 66 48
240 70 45
240 70 0
0 70 47
240 70 0
0 66 0
0 58 0
0 66 42
0 58 48
240 58 0
0 66 0
0 58 41
0 66 46
240 70 40
240 70 0
0 70 41
240 70 0
0 66 0
0 58 0
0 66 39
0 58 35
240 58 0
0 66 0
0 66 41
0 58 37
240 70 38
240 70 0
0 70 39
240 70 0
0 58 0
0 66 0
0 58 39
0 66 34
240 66 0
0 58 0
0 66 39
240 66 0
0 70 34
240 70 0
0 70 39
240 70 0
0 66 34
240 66 0
0 73 39
0 66 39
240 66 0
0 70 33
240 70 0
0 70 39
240 70 0
0 66 33
240 66 0
0 73 0
0 66 37
240 66 0
0 70 30
240 70 0
0 70 36
240 70 0
0 66 28
240 66 0
0 73 35
0 66 35
240 66 0
0 70 28
240 70 0
0 70 34
240 70 0
0 66 28
240 66 0
0 73 0
240 70 31
240 70 0
0 70 30
240 70 0
0 54 45
720 54 0
0 54 39
215 54 0
0 53 45
629 53 0
0 53 45
190 53 0
0 52 49
50 52 0
0 52 49
240 52 0
0 51 53
30 51 0
0 50 49
240 50 0
0 49 53
508 49 0
141 42 29
0 49 33
240 37 27
240 37 0
0 37 30
240 37 0
0 49 0
0 42 0
0 42 26
0 49 29
215 49 0
0 42 0
0 42 29
0 49 33
149 37 26
240 37 0
0 37 29
240 37 0
0 49 0
0 42 0
0 42 26
0 49 29
190 49 0
0 42 0
0 42 29
0 49 33
240 37 27
240 37 0
0 37 30
240 37 0
0 49 0
0 42 0
0 49 28
0 42 25
240 42 0
0 49 0
0 42 29
0 49 33
149 37 26
240 37 0
0 37 29
240 37 0
0 49 0
0 42 0
0 42 26
0 49 29
240 49 0
0 42 0
0 42 29
0 49 33
240 37 27
240 37 0
0 37 30
7 37 0
0 49 0
0 42 0
0 49 28
0 42 25
240 42 0
0 49 0
0 42 29
0 49 33
240 37 26
240 37 0
0 37 29
240 37 0
0 49 0
0 42 0
0 42 26
0 49 29
240 49 0
0 42 0
0 42 29
0 49 33
198 37 27
240 37 0
0 37 30
240 37 0
0 49 0
0 42 0
0 49 28
0 42 25
240 42 0
0 49 0
0 42 29
0 49 33
149 37 26
240 37 0
0 37 29
240 37 0
0 49 0
0 42 0
0 42 26
0 49 29
240 49 0
0 42 0
0 42 29
0 49 33
240 37 27
240 37 0
0 37 30
25 37 0
0 49 0
0 42 0
0 49 28
0 42 25
240 42 0
0 49 0
0 39 35
0 49 27
180 39 0
60 37 30
180 37 0
60 39 36
180 39 0
60 41 30
180 41 0
60 49 0
0 42 29
0 49 33
240 37 27
240 37 0
0 37 33
240 37 0
0 49 0
0 42 0
0 49 30
0 42 27
240 42 0
0 49 0
0 42 34
0 49 39
149 37 33
240 37 0
0 37 38
240 37 0
0 49 0
0 42 0
0 42 34
0 48 39
5 48 0
0 42 0
0 42 41
0 48 47
240 36 37
240 36 0
0 36 44
240 36 0
0 48 0
0 42 0
0 48 39
0 43 35
240 43 0
0 48 0
0 43 39
0 48 46
149 36 34
240 36 0
0 36 37
240 36 0
0 48 0
0 43 0
0 43 30
0 48 33
149 48 0
0 43 0
0 41 50
0 53 50
28 57 44
240 57 0
0 57 48
240 57 0
0 53 0
0 52 48
99 52 0
0 52 50
127 57 46
240 57 0
0 57 49
240 57 0
0 52 0
0 50 53
212 50 0
0 50 56
212 57 47
240 57 0
0 57 49
49 57 0
0 50 0
0 48 48
180 48 0
60 50 53
180 50 0
60 52 46
180 52 0
60 53 49
180 53 0
60 55 44
35 55 0
0 41 0
0 41 50
60 55 50
240 58 44
240 58 0
0 58 48
240 58 0
0 55 0
0 53 48
99 53 0
0 53 50
127 58 46
240 58 0
0 58 49
240 58 0
0 53 0
0 52 53
212 52 0
0 52 56
212 58 47
240 58 0
0 58 49
49 58 0
0 52 0
0 50 48
180 50 0
60 50 53
180 50 0
60 48 46
180 48 0
60 50 49
180 50 0
60 52 44
180 52 0
60 41 0
0 41 50
0 53 50
28 57 44
240 57 0
0 57 49
240 57 0
0 53 0
0 52 52
99 52 0
0 52 56
127 57 52
240 57 0
0 57 57
240 57 0
0 52 0
0 50 60
212 50 0
0 50 63
212 57 53
240 57 0
0 57 56
49 57 0
0 50 0
0 48 55
180 48 0
60 50 59
180 50 0
60 52 49
180 52 0
60 53 50
180 53 0
60 55 44
35 55 0
0 41 0
0 41 50
60 55 50
240 58 44
240 58 0
0 58 48
240 58 0
0 55 0
0 53 48
99 53 0
0 41 0
0 53 50
127 58 46
240 58 0
0 58 50
240 58 0
0 53 0
0 52 55
212 52 0
0 52 52
199 58 47
240 58 0
0 58 55
240 58 0
0 52 0
0 51 56
99 51 0
0 51 59
127 58 57
240 58 0
0 58 61
240 58 0
0 51 0
0 49 66
212 49 0
0 49 70
126 58 60
240 58 0
0 58 67
240 58 0
0 49 0
0 48 69
99 48 0
0 48 74
137 58 62
240 58 0
0 58 69
360 58 0
0 48 0
80 47 34
240 47 0
0 47 39
240 56 33
240 56 0
0 56 33
133 56 0
0 47 0
0 54 45
720 54 0
0 54 39
215 54 0
0 53 45
629 53 0
0 53 45
190 53 0
0 52 49
50 52 0
0 52 49
240 52 0
0 51 53
30 51 0
0 50 49
240 50 0
0 49 53
508 49 0
141 42 29
0 49 33
240 37 27
240 37 0
0 37 30
240 37 0
0 49 0
0 42 0
0 42 26
0 49 29
215 49 0
0 42 0
0 42 29
0 49 33
149 37 26
240 37 0
0 37 29
240 37 0
0 49 0
0 42 0
0 42 26
0 49 29
190 49 0
0 42 0
0 42 29
0 49 33
240 37 27
240 37 0
0 37 30
240 37 0
0 49 0
0 42 0
0 49 28
0 42 25
240 42 0
0 49 0
0 42 29
0 49 33
149 37 26
240 37 0
0 37 29
240 37 0
0 49 0
0 42 0
0 42 26
0 49 29
240 49 0
0 42 0
0 42 29
0 49 33
240 37 27
240 37 0
0 37 30
7 37 0
0 49 0
0 42 0
0 49 28
0 42 25
240 42 0
0 49 0
0 42 29
0 49 33
240 37 26
240 37 0
0 37 29
240 37 0
0 49 0
0 42 0
0 42 26
0 49 29
240 49 0
0 42 0
0 42 29
0 49 33
240 37 27
240 37 0
0 37 30
240 37 0
0 49 0
0 42 0
0 49 28
0 42 25
240 42 0
0 49 0
0 42 29
0 49 33
149 37 26
240 37 0
0 37 29
240 37 0
0 49 0
0 42 0
0 42 26
0 49 29
240 49 0
0 42 0
0 42 29
0 49 33
240 37 27
240 37 0
0 37 30
25 37 0
0 49 0
0 42 0
0 49 28
0 42 25
240 42 0
0 49 0
0 39 35
0 49 27
180 39 0
60 37 30
180 37 0
60 39 36
180 39 0
60 41 30
180 41 0
60 49 0
0 42 29
0 49 33
240 37 27
240 37 0
0 37 31
240 37 0
0 49 0
0 42 0
0 49 29
0 42 26
240 42 0
0 49 0
0 42 31
0 49 36
149 37 29
240 37 0
0 37 34
240 37 0
0 49 0
0 42 0
0 42 24
0 47 27
113 47 0
0 42 0
0 42 30
0 47 35
240 35 31
240 35 0
0 35 35
240 35 0
0 47 0
0 42 0
0 48 34
0 42 30
240 42 0
0 48 0
0 42 38
0 48 42
149 36 36
240 36 0
0 36 45
240 36 0
0 48 0
0 42 0
0 42 40
0 48 45
4 37 53
60 48 0
0 42 0
0 54 56
480 54 0
0 53 52
35 53 0
0 51 56
466 51 0
0 49 51
64 37 47
46 49 0
60 37 0
0 58 66
480 58 0
0 56 57
360 56 0
0 54 53
7 54 0
0 54 59
240 54 0
0 53 53
240 53 0
0 51 57
240 51 0
0 53 52
14 53 0
0 37 0
0 37 47
60 54 56
480 54 0
0 49 52
240 49 0
0 50 47
35 50 0
0 51 56
226 51 0
0 48 48
240 48 0
0 49 51
64 37 47
106 49 0
0 37 0
0 58 66
480 58 0
0 56 57
360 56 0
0 54 53
7 54 0
0 54 59
240 54 0
0 53 53
240 53 0
0 51 57
240 51 0
0 53 52
131 37 0
60 53 0
0 42 48
0 49 55
60 49 0
0 42 0
0 36 47
180 36 0
60 37 53
180 37 0
60 42 48
180 42 0
60 46 51
180 46 0
60 49 48
180 49 0
60 51 51
60 51 0
0 48 41
180 48 0
60 49 47
180 49 0
60 54 40
180 54 0
60 58 42
180 58 0
60 61 39
180 61 0
60 63 41
56 63 0
0 58 39
932 58 0
0 63 39
56 63 0
0 58 35
960 58 0
0 66 28
184 66 0
