0 72 50
120 72 0
120 84 41
120 84 0
120 72 47
120 72 0
120 84 40
120 84 0
120 72 49
120 72 0
120 84 40
120 84 0
120 72 56
120 72 0
120 84 49
120 84 0
120 72 61
120 72 0
120 84 52
120 84 0
120 72 63
120 72 0
120 84 55
120 84 0
120 72 68
120 72 0
120 84 59
120 84 0
120 72 63
120 72 0
120 84 51
120 84 0
120 72 58
120 72 0
120 84 41
120 84 0
120 72 47
120 72 0
120 84 52
120 84 0
120 72 64
120 72 0
120 84 34
120 84 0
120 72 46
120 72 0
120 84 51
120 84 0
120 72 63
120 72 0
120 84 43
120 84 0
120 72 55
120 72 0
120 84 50
120 84 0
120 72 63
120 72 0
120 84 38
120 84 0
120 72 47
120 72 0
120 84 39
120 84 0
120 72 37
120 72 0
120 84 35
120 84 0
120 77 39
120 77 0
120 89 38
120 89 0
120 81 41
120 81 0
120 93 40
120 93 0
120 79 46
120 79 0
120 91 42
120 91 0
120 77 49
120 77 0
120 89 43
120 89 0
120 76 49
120 76 0
120 88 46
120 88 0
120 79 58
120 79 0
120 91 41
120 91 0
120 77 51
120 77 0
120 89 42
120 89 0
120 76 50
120 76 0
120 88 39
120 88 0
120 74 44
120 74 0
120 86 40
120 86 0
120 67 44
120 67 0
120 79 43
120 79 0
120 69 48
120 69 0
120 81 45
120 81 0
120 70 58
120 70 0
120 82 51
120 82 0
120 71 53
120 71 0
120 83 50
120 83 0
120 72 58
120 72 0
120 84 43
120 84 0
120 70 52
120 70 0
120 82 43
120 82 0
120 72 55
120 72 0
120 84 46
120 84 0
120 77 55
120 77 0
120 89 44
120 89 0
120 77 62
120 77 0
120 89 52
120 89 0
120 76 64
120 76 0
120 88 50
120 88 0
120 76 72
120 76 0
120 88 65
120 88 0
120 74 70
120 74 0
120 86 57
120 86 0
120 72 63
120 72 0
120 84 49
120 84 0
120 70 58
120 70 0
120 82 48
120 82 0
120 69 60
120 69 0
120 81 48
120 81 0
120 65 58
120 65 0
120 77 50
120 77 0
120 65 66
120 65 0
120 77 60
120 77 0
120 64 64
120 64 0
120 76 51
120 76 0
120 65 59
120 65 0
120 77 52
120 77 0
120 70 67
120 70 0
120 82 55
120 82 0
120 69 62
120 69 0
120 81 56
120 81 0
120 74 59
120 74 0
120 86 49
120 86 0
120 72 37
120 72 0
120 84 35
120 84 0
120 77 39
120 77 0
120 89 38
120 89 0
120 81 41
120 81 0
120 93 40
120 93 0
120 79 46
120 79 0
120 91 42
120 91 0
120 77 49
120 77 0
120 89 43
120 89 0
120 76 49
120 76 0
120 88 46
120 88 0
120 79 58
120 79 0
120 91 41
120 91 0
120 77 51
120 77 0
120 89 42
120 89 0
120 76 50
120 76 0
120 88 35
120 88 0
120 74 44
120 74 0
120 86 40
120 86 0
120 67 44
120 67 0
120 79 43
120 79 0
120 69 48
120 69 0
120 81 45
120 81 0
120 70 58
120 70 0
120 82 51
120 82 0
120 71 53
120 71 0
120 83 50
120 83 0
120 72 58
120 72 0
120 84 43
120 84 0
120 70 52
120 70 0
120 82 43
120 82 0
120 72 55
120 72 0
120 84 46
120 84 0
120 77 55
120 77 0
120 89 44
120 89 0
120 77 62
120 77 0
120 89 52
120 89 0
120 76 64
120 76 0
120 88 50
120 88 0
120 76 72
120 76 0
120 88 65
120 88 0
120 74 70
120 74 0
120 86 57
120 86 0
120 72 63
120 72 0
120 84 49
120 84 0
120 70 58
120 70 0
120 82 48
120 82 0
120 69 60
120 69 0
120 81 48
120 81 0
120 65 58
120 65 0
120 77 50
120 77 0
120 65 66
120 65 0
120 77 60
120 77 0
120 64 64
120 64 0
120 76 51
120 76 0
120 65 59
120 65 0
120 77 52
120 77 0
120 65 61
120 65 0
120 77 60
120 77 0
120 65 68
120 65 0
120 77 45
120 77 0
120 65 51
120 65 0
120 77 43
120 77 0
120 77 31
0 74 24
0 65 24
120 65 0
0 74 0
0 77 0
120 65 20
0 74 20
0 77 26
120 77 0
0 74 0
0 65 0
120 77 31
0 74 24
0 65 24
120 65 0
0 74 0
0 77 0
120 65 23
0 74 23
0 77 29
120 77 0
0 74 0
0 65 0
120 65 28
0 74 28
0 77 36
120 77 0
0 74 0
0 65 0
120 65 24
0 74 24
0 77 31
120 77 0
0 74 0
0 65 0
120 77 42
0 74 35
0 65 35
120 65 0
0 74 0
0 77 0
120 77 34
0 74 28
0 65 28
120 65 0
0 74 0
0 77 0
120 65 39
0 74 39
0 77 46
120 77 0
0 74 0
0 65 0
120 77 33
0 74 28
0 65 28
120 65 0
0 74 0
0 77 0
120 65 35
0 74 35
0 77 42
120 77 0
0 74 0
0 65 0
120 77 33
0 74 28
0 65 28
120 65 0
0 74 0
0 77 0
120 77 40
0 74 34
0 65 34
120 65 0
0 74 0
0 77 0
120 77 30
0 74 25
0 65 25
120 65 0
0 74 0
0 77 0
120 65 24
0 74 24
0 77 37
120 77 0
0 74 0
0 65 0
120 65 20
0 74 20
0 77 31
120 77 0
0 74 0
0 65 0
120 76 35
0 74 27
0 70 27
120 70 0
0 74 0
0 76 0
120 70 23
0 74 23
0 76 29
120 76 0
0 74 0
0 70 0
120 76 35
0 74 27
0 69 27
120 69 0
0 74 0
0 76 0
120 69 26
0 74 26
0 76 33
120 76 0
0 74 0
0 69 0
120 67 32
0 74 32
0 76 41
120 76 0
0 74 0
0 67 0
120 67 27
0 74 27
0 76 35
120 76 0
0 74 0
0 67 0
120 76 48
0 74 40
0 70 40
120 70 0
0 74 0
0 76 0
120 76 39
0 74 32
0 70 32
120 70 0
0 74 0
0 76 0
120 69 44
0 73 44
0 76 52
120 76 0
0 73 0
0 69 0
120 76 37
0 73 32
0 69 32
120 69 0
0 73 0
0 76 0
120 69 40
0 73 40
0 76 48
120 76 0
0 73 0
0 69 0
120 76 37
0 73 32
0 69 32
120 69 0
0 73 0
0 76 0
120 74 55
0 69 46
120 69 0
0 74 0
120 74 41
0 69 33
120 69 0
0 74 0
120 76 57
0 73 48
0 69 48
120 69 0
0 73 0
0 76 0
120 76 50
0 73 42
0 69 42
120 69 0
0 73 0
0 76 0
120 69 55
0 74 55
0 77 55
120 77 0
0 74 0
0 69 0
120 69 42
0 74 42
0 77 42
120 77 0
0 74 0
0 69 0
120 69 58
0 73 58
0 76 58
120 76 0
0 73 0
0 69 0
120 76 46
0 73 46
0 69 46
120 69 0
0 73 0
0 76 0
120 77 61
0 74 61
0 69 61
120 69 0
0 74 0
0 77 0
120 77 48
0 74 48
0 69 48
120 69 0
0 74 0
0 77 0
120 72 64
0 76 64
0 79 64
120 79 0
0 76 0
0 72 0
120 72 54
0 76 54
0 79 54
120 79 0
0 76 0
0 72 0
120 72 66
0 77 66
0 81 66
120 81 0
0 77 0
0 72 0
120 72 51
0 77 51
0 81 51
120 81 0
0 77 0
0 72 0
120 76 70
0 80 70
0 83 70
120 83 0
0 80 0
0 76 0
120 83 56
0 80 56
0 76 56
120 76 0
0 80 0
0 83 0
120 84 73
0 81 73
0 76 73
120 76 0
0 81 0
0 84 0
120 84 59
0 81 59
0 76 59
120 76 0
0 81 0
0 84 0
120 79 77
0 83 77
0 86 77
120 86 0
0 83 0
0 79 0
120 83 65
0 79 65
0 86 65
120 86 0
0 79 0
0 83 0
120 79 68
0 84 81
0 88 81
120 88 0
0 84 0
0 79 0
120 88 64
0 84 64
0 79 53
120 79 0
0 84 0
0 88 0
120 82 66
0 86 79
120 86 0
0 82 0
120 86 62
0 82 51
120 82 0
0 86 0
120 81 62
0 84 73
120 84 0
0 81 0
120 81 52
0 84 61
120 84 0
0 81 0
120 80 59
0 83 72
120 83 0
0 80 0
120 83 54
0 80 45
120 80 0
0 83 0
120 79 56
0 82 67
120 82 0
0 79 0
120 82 51
0 79 43
120 79 0
0 82 0
120 78 51
0 81 61
120 81 0
0 78 0
120 81 47
0 78 39
120 78 0
0 81 0
120 79 41
0 82 49
120 82 0
0 79 0
120 79 32
0 82 38
120 82 0
0 79 0
120 72 34
0 84 41
120 84 0
0 72 0
120 84 29
0 72 24
120 72 0
0 84 0
120 72 37
120 72 0
120 84 35
120 84 0
120 77 39
120 77 0
120 89 38
120 89 0
120 81 41
120 81 0
120 93 40
120 93 0
120 79 46
120 79 0
120 91 42
120 91 0
120 77 49
120 77 0
120 89 43
120 89 0
120 76 49
120 76 0
120 88 46
120 88 0
120 79 58
120 79 0
120 91 41
120 91 0
120 77 51
120 77 0
120 89 42
120 89 0
120 76 55
120 76 0
120 88 43
120 88 0
120 74 49
120 74 0
120 86 40
120 86 0
120 67 44
120 67 0
120 79 43
120 79 0
120 69 48
120 69 0
120 81 45
120 81 0
120 70 58
120 70 0
120 82 51
120 82 0
120 71 53
120 71 0
120 83 50
120 83 0
120 72 58
120 72 0
120 84 43
120 84 0
120 70 52
120 70 0
120 82 43
120 82 0
120 72 55
120 72 0
120 84 46
120 84 0
120 77 55
120 77 0
120 89 44
120 89 0
120 77 62
120 77 0
120 89 52
120 89 0
120 76 64
120 76 0
120 88 50
120 88 0
120 76 72
120 76 0
120 88 65
120 88 0
120 74 70
120 74 0
120 86 57
120 86 0
120 72 63
120 72 0
120 84 49
120 84 0
120 70 58
120 70 0
120 82 48
120 82 0
120 69 60
120 69 0
120 81 48
120 81 0
120 65 58
120 65 0
120 77 50
120 77 0
120 65 66
120 65 0
120 77 60
120 77 0
120 64 64
120 64 0
120 76 51
120 76 0
120 65 59
120 65 0
120 65 44
0 77 52
120 77 0
0 65 0
120 77 61
0 65 51
120 65 0
0 77 0
600 65 38
0 77 45
120 77 0
0 65 0
120 77 51
0 65 43
120 65 0
0 77 0
600 65 44
0 77 52
120 77 0
0 65 0
120 77 61
0 65 51
120 65 0
0 77 0
600 77 53
0 65 45
120 65 0
0 77 0
120 65 48
0 77 57
120 77 0
0 65 0
600 75 52
0 65 44
0 77 52
120 77 0
0 65 0
0 75 0
120 75 61
0 77 61
0 65 51
120 65 0
0 77 0
0 75 0
600 77 51
0 65 43
0 75 51
120 75 0
0 65 0
0 77 0
120 65 48
0 77 57
0 75 57
120 75 0
0 77 0
0 65 0
600 77 57
0 65 48
0 73 57
120 73 0
0 65 0
0 77 0
120 65 56
0 77 66
0 73 66
120 73 0
0 77 0
0 65 0
600 77 54
0 65 45
0 73 54
120 73 0
0 65 0
0 77 0
120 65 50
0 77 59
0 73 59
120 73 0
0 77 0
0 65 0
600 77 60
0 72 51
0 65 51
120 65 0
0 72 0
0 77 0
120 77 60
0 72 51
0 65 51
120 65 0
0 72 0
0 77 0
120 77 66
0 72 56
0 65 56
120 65 0
0 72 0
0 77 0
120 77 78
0 72 64
0 65 64
240 65 0
0 72 0
0 77 0
0 78 66
0 75 56
0 66 56
120 66 0
0 75 0
0 78 0
120 66 55
0 75 55
0 78 65
120 78 0
0 75 0
0 66 0
120 66 52
0 75 52
0 78 62
120 78 0
0 75 0
0 66 0
120 66 63
0 75 63
0 78 75
240 78 0
0 75 0
0 66 0
0 79 63
0 74 53
0 67 53
120 67 0
0 74 0
0 79 0
120 79 63
0 74 54
0 67 54
120 67 0
0 74 0
0 79 0
120 79 69
0 74 59
0 67 59
120 67 0
0 74 0
0 79 0
120 79 82
0 74 69
0 67 69
240 67 0
0 74 0
0 79 0
0 80 78
0 74 66
0 68 66
120 68 0
0 74 0
0 80 0
120 80 77
0 74 65
0 68 65
120 68 0
0 74 0
0 80 0
120 80 71
0 74 60
0 68 60
120 68 0
0 74 0
0 80 0
60 69 67
30 72 67
30 81 79
240 81 0
0 72 0
0 69 0
240 65 42
0 69 50
90 69 0
0 65 0
150 65 45
0 60 38
90 60 0
0 65 0
150 65 42
0 69 50
90 69 0
0 65 0
150 65 38
0 60 38
90 60 0
0 65 0
150 69 54
0 65 45
90 65 0
0 69 0
150 60 48
0 65 57
90 65 0
0 60 0
150 64 60
0 67 72
240 67 0
0 64 0
0 72 47
0 60 39
120 60 0
0 72 0
120 72 47
0 60 39
120 60 0
0 72 0
120 63 48
0 66 57
120 66 0
0 63 0
120 64 60
0 67 72
240 67 0
0 64 0
0 72 47
0 60 39
120 60 0
0 72 0
120 72 47
0 60 39
120 60 0
0 72 0
270 69 64
30 72 64
30 77 64
30 81 75
240 81 0
0 69 0
0 72 0
0 77 0
240 65 42
0 69 50
90 69 0
0 65 0
150 65 45
0 60 38
90 60 0
0 65 0
150 65 42
0 69 50
90 69 0
0 65 0
150 65 38
0 60 38
90 60 0
0 65 0
150 69 54
0 65 45
90 65 0
0 69 0
150 60 46
0 65 55
90 65 0
0 60 0
150 64 60
0 67 72
240 67 0
0 64 0
0 72 47
0 60 39
120 60 0
0 72 0
120 72 47
0 60 39
120 60 0
0 72 0
120 63 46
0 66 55
120 66 0
0 63 0
120 64 60
0 67 72
240 67 0
0 64 0
0 72 47
0 60 39
120 60 0
0 72 0
120 72 47
0 60 39
120 60 0
0 72 0
270 69 61
30 72 61
30 77 61
30 81 72
210 77 0
30 69 0
0 72 0
0 81 0
0 77 63
0 65 53
120 65 0
0 77 0
120 77 64
0 65 54
120 65 0
0 77 0
120 77 65
0 65 55
120 65 0
0 77 0
120 77 65
0 65 55
120 65 0
0 77 0
120 77 67
0 65 56
120 65 0
0 77 0
120 77 69
0 65 58
120 65 0
0 77 0
120 77 70
0 65 59
120 65 0
0 77 0
120 77 77
0 67 65
0 79 77
120 79 0
0 67 0
0 77 0
120 79 69
0 67 58
0 77 69
120 77 0
0 67 0
0 79 0
120 77 71
0 67 60
0 79 71
120 79 0
0 67 0
0 77 0
120 77 72
0 67 61
0 79 72
120 79 0
0 67 0
0 77 0
120 76 73
0 67 62
0 79 73
120 79 0
0 67 0
0 76 0
120 79 73
0 67 62
0 76 73
120 76 0
0 67 0
0 79 0
120 81 73
0 79 73
0 69 62
0 76 62
120 76 0
0 81 0
0 79 0
0 69 0
120 81 73
0 79 73
0 69 62
0 76 62
120 76 0
0 81 0
0 79 0
0 69 0
120 77 78
0 69 66
0 81 78
120 81 0
0 69 0
0 77 0
120 77 70
0 69 59
0 81 70
120 81 0
0 69 0
0 77 0
120 81 74
0 69 62
0 77 74
120 77 0
0 69 0
0 81 0
120 81 76
0 69 64
0 77 76
120 77 0
0 69 0
0 81 0
120 82 77
0 70 65
0 77 77
120 77 0
0 70 0
0 82 0
120 82 79
0 70 67
0 77 79
120 77 0
0 70 0
0 82 0
120 83 81
0 80 81
0 71 68
0 77 68
120 77 0
0 83 0
0 80 0
0 71 0
120 77 72
0 71 72
0 80 85
0 83 85
120 83 0
0 77 0
0 71 0
0 80 0
120 84 94
0 81 79
0 77 79
0 72 79
120 72 0
0 84 0
0 81 0
0 77 0
120 84 84
0 72 71
120 72 0
0 84 0
120 84 84
0 72 71
120 72 0
0 84 0
120 72 66
0 84 78
120 84 0
0 72 0
120 84 94
0 79 79
0 76 79
0 72 79
120 72 0
0 84 0
0 79 0
0 76 0
120 84 84
0 72 71
120 72 0
0 84 0
120 84 84
0 72 71
120 72 0
0 84 0
120 72 66
0 84 78
120 84 0
0 72 0
180 77 86
30 81 86
30 84 86
30 89 103
90 89 0
0 77 0
0 81 0
0 84 0
960 69 26
0 65 20
0 60 20
960 60 0
0 65 0
0 69 0
0 64 28
0 67 36
0 58 28
0 60 28
960 60 0
0 64 0
0 67 0
0 58 0
0 57 38
0 60 38
0 63 38
0 66 48
960 66 0
0 57 0
0 60 0
0 63 0
0 67 34
0 64 27
0 60 27
0 58 27
240 58 0
0 67 0
0 64 0
0 60 0
480 48 43
0 60 52
120 60 0
0 48 0
120 60 62
0 48 52
480 48 0
0 60 0
240 48 42
0 60 51
120 60 0
0 48 0
120 60 66
0 48 56
480 48 0
0 60 0
240 60 53
0 48 45
120 48 0
0 60 0
120 60 66
0 48 56
480 48 0
0 60 0
480 60 31
0 57 24
0 53 24
120 53 0
0 57 0
0 60 0
120 53 16
0 57 16
0 60 20
120 60 0
0 57 0
0 53 0
120 60 31
0 57 24
0 53 24
120 53 0
0 57 0
0 60 0
120 53 18
0 57 18
0 60 23
120 60 0
0 57 0
0 53 0
120 53 28
0 57 28
0 60 36
120 60 0
0 57 0
0 53 0
120 53 19
0 57 19
0 60 24
120 60 0
0 57 0
0 53 0
120 53 29
0 57 29
0 60 37
120 60 0
0 57 0
0 53 0
120 53 19
0 57 19
0 60 24
120 60 0
0 57 0
0 53 0
120 53 30
0 57 30
0 61 38
120 61 0
0 57 0
0 53 0
120 61 24
0 57 19
0 53 19
120 53 0
0 57 0
0 61 0
120 53 33
0 57 33
0 61 42
120 61 0
0 57 0
0 53 0
120 61 27
0 57 21
0 53 21
120 53 0
0 57 0
0 61 0
120 62 47
0 57 37
0 53 37
120 53 0
0 57 0
0 62 0
120 53 21
0 57 21
0 62 27
120 62 0
0 57 0
0 53 0
120 53 29
0 57 29
0 62 37
120 62 0
0 57 0
0 53 0
120 53 19
0 57 19
0 62 24
120 62 0
0 57 0
0 53 0
120 55 33
0 58 33
0 62 42
0 53 33
120 53 0
0 55 0
0 58 0
0 62 0
120 62 27
0 58 21
0 55 21
0 53 21
120 53 0
0 62 0
0 58 0
0 55 0
120 55 24
0 62 31
0 58 24
0 53 24
120 53 0
0 55 0
0 62 0
0 58 0
120 55 18
0 53 18
0 58 18
0 62 23
120 62 0
0 55 0
0 53 0
0 58 0
120 55 28
0 53 28
0 58 28
0 62 36
120 62 0
0 55 0
0 53 0
0 58 0
120 55 19
0 53 19
0 58 19
0 62 24
120 62 0
0 55 0
0 53 0
0 58 0
120 55 29
0 53 29
0 58 29
0 62 37
120 62 0
0 55 0
0 53 0
0 58 0
120 55 19
0 53 19
0 58 19
0 62 24
120 62 0
0 55 0
0 53 0
0 58 0
120 52 30
0 55 30
0 60 38
120 60 0
0 55 0
0 52 0
120 60 24
0 55 19
0 52 19
120 52 0
0 55 0
0 60 0
120 52 33
0 55 33
0 60 42
120 60 0
0 55 0
0 52 0
120 60 27
0 55 21
0 52 21
120 52 0
0 55 0
0 60 0
120 60 47
0 55 37
0 52 37
120 52 0
0 55 0
0 60 0
120 52 21
0 55 21
0 60 27
120 60 0
0 55 0
0 52 0
120 52 29
0 55 29
0 60 37
120 60 0
0 55 0
0 52 0
120 52 19
0 55 19
0 60 24
120 60 0
0 55 0
0 52 0
120 53 29
0 57 29
0 60 37
120 60 0
0 57 0
0 53 0
120 60 24
0 57 19
0 53 19
120 53 0
0 57 0
0 60 0
120 53 32
0 57 32
0 60 40
120 60 0
0 57 0
0 53 0
120 60 28
0 57 21
0 53 21
120 53 0
0 57 0
0 60 0
120 67 47
0 57 36
0 61 36
120 61 0
0 57 0
0 67 0
120 67 31
0 57 24
0 61 24
120 61 0
0 57 0
0 67 0
120 67 44
0 57 35
0 61 35
120 61 0
0 57 0
0 67 0
120 67 30
0 57 24
0 61 24
120 61 0
0 57 0
0 67 0
120 67 50
0 61 38
0 58 38
120 58 0
0 61 0
0 67 0
120 67 33
0 61 26
0 58 26
120 58 0
0 61 0
0 67 0
120 65 49
0 62 39
0 58 39
120 58 0
0 62 0
0 65 0
120 58 22
0 62 22
0 65 28
120 65 0
0 62 0
0 58 0
120 69 47
0 62 36
0 58 36
120 58 0
0 62 0
0 69 0
120 69 27
0 62 21
0 58 21
120 58 0
0 62 0
0 69 0
120 67 46
0 62 36
0 58 36
120 58 0
0 62 0
0 67 0
120 67 29
0 62 23
0 58 23
120 58 0
0 62 0
0 67 0
120 60 39
0 65 46
120 65 0
0 60 0
120 65 28
0 60 24
120 60 0
0 65 0
120 57 36
0 60 44
120 60 0
0 57 0
120 60 29
0 57 24
120 57 0
0 60 0
120 61 49
0 58 41
0 55 41
120 55 0
0 58 0
0 61 0
120 61 35
0 58 28
0 55 28
120 55 0
0 58 0
0 61 0
120 60 54
0 58 44
0 55 44
120 55 0
0 58 0
0 60 0
120 60 37
0 58 31
0 55 31
120 55 0
0 58 0
0 60 0
120 60 43
0 57 36
0 53 36
120 53 0
0 57 0
0 60 0
120 53 31
0 57 31
0 60 36
120 60 0
0 57 0
0 53 0
120 62 50
0 53 42
120 53 0
0 62 0
120 53 35
0 62 42
120 62 0
0 53 0
120 53 41
0 60 49
120 60 0
0 53 0
120 60 39
0 53 32
120 53 0
0 60 0
120 53 27
0 58 42
120 58 0
0 53 0
120 53 23
0 58 35
120 58 0
0 53 0
120 60 31
0 57 24
0 53 24
120 53 0
0 57 0
0 60 0
120 53 16
0 57 16
0 60 20
120 60 0
0 57 0
0 53 0
120 60 31
0 57 24
0 53 24
120 53 0
0 57 0
0 60 0
120 53 18
0 57 18
0 60 23
120 60 0
0 57 0
0 53 0
120 53 28
0 57 28
0 60 36
120 60 0
0 57 0
0 53 0
120 53 19
0 57 19
0 60 24
120 60 0
0 57 0
0 53 0
120 53 29
0 57 29
0 60 37
120 60 0
0 57 0
0 53 0
120 53 19
0 57 19
0 60 24
120 60 0
0 57 0
0 53 0
120 53 30
0 57 30
0 61 38
120 61 0
0 57 0
0 53 0
120 61 24
0 57 19
0 53 19
120 53 0
0 57 0
0 61 0
120 53 33
0 57 33
0 61 42
120 61 0
0 57 0
0 53 0
120 61 27
0 57 21
0 53 21
120 53 0
0 57 0
0 61 0
120 62 47
0 57 37
0 53 37
120 53 0
0 57 0
0 62 0
120 53 21
0 57 21
0 62 27
120 62 0
0 57 0
0 53 0
120 53 29
0 57 29
0 62 37
120 62 0
0 57 0
0 53 0
120 53 19
0 57 19
0 62 24
120 62 0
0 57 0
0 53 0
120 53 27
0 62 35
0 58 27
0 55 27
120 55 0
0 53 0
0 62 0
0 58 0
120 53 16
0 55 16
0 58 16
0 62 20
120 62 0
0 53 0
0 55 0
0 58 0
120 55 24
0 62 31
0 58 24
0 53 24
120 53 0
0 55 0
0 62 0
0 58 0
120 55 18
0 53 18
0 58 18
0 62 23
120 62 0
0 55 0
0 53 0
0 58 0
120 55 28
0 53 28
0 58 28
0 62 36
120 62 0
0 55 0
0 53 0
0 58 0
120 55 19
0 53 19
0 58 19
0 62 24
120 62 0
0 55 0
0 53 0
0 58 0
120 55 29
0 53 29
0 58 29
0 62 37
120 62 0
0 55 0
0 53 0
0 58 0
120 55 19
0 53 19
0 58 19
0 62 24
120 62 0
0 55 0
0 53 0
0 58 0
120 52 30
0 55 30
0 60 38
120 60 0
0 55 0
0 52 0
120 60 24
0 55 19
0 52 19
120 52 0
0 55 0
0 60 0
120 52 33
0 55 33
0 60 42
120 60 0
0 55 0
0 52 0
120 60 27
0 55 21
0 52 21
120 52 0
0 55 0
0 60 0
120 60 47
0 55 37
0 52 37
120 52 0
0 55 0
0 60 0
120 52 21
0 55 21
0 60 27
120 60 0
0 55 0
0 52 0
120 52 29
0 55 29
0 60 37
120 60 0
0 55 0
0 52 0
120 52 19
0 55 19
0 60 24
120 60 0
0 55 0
0 52 0
120 53 29
0 57 29
0 60 37
120 60 0
0 57 0
0 53 0
120 60 24
0 57 19
0 53 19
120 53 0
0 57 0
0 60 0
120 53 32
0 57 32
0 60 40
120 60 0
0 57 0
0 53 0
120 60 28
0 57 21
0 53 21
120 53 0
0 57 0
0 60 0
120 67 47
0 57 36
0 61 36
120 61 0
0 57 0
0 67 0
120 67 31
0 57 24
0 61 24
120 61 0
0 57 0
0 67 0
120 67 44
0 57 35
0 61 35
120 61 0
0 57 0
0 67 0
120 67 30
0 57 24
0 61 24
120 61 0
0 57 0
0 67 0
120 67 50
0 61 38
0 58 38
120 58 0
0 61 0
0 67 0
120 67 33
0 61 26
0 58 26
120 58 0
0 61 0
0 67 0
120 65 49
0 62 39
0 58 39
120 58 0
0 62 0
0 65 0
120 58 22
0 62 22
0 65 28
120 65 0
0 62 0
0 58 0
120 69 47
0 62 36
0 58 36
120 58 0
0 62 0
0 69 0
120 69 27
0 62 21
0 58 21
120 58 0
0 62 0
0 69 0
120 67 46
0 62 36
0 58 36
120 58 0
0 62 0
0 67 0
120 67 29
0 62 23
0 58 23
120 58 0
0 62 0
0 67 0
120 60 39
0 65 46
120 65 0
0 60 0
120 65 36
0 60 31
120 60 0
0 65 0
120 57 36
0 60 44
120 60 0
0 57 0
120 60 37
0 57 31
120 57 0
0 60 0
120 61 49
0 58 41
0 55 41
120 55 0
0 58 0
0 61 0
120 61 44
0 58 36
0 55 36
120 55 0
0 58 0
0 61 0
120 60 54
0 58 44
0 55 44
120 55 0
0 58 0
0 60 0
120 60 47
0 58 39
0 55 39
120 55 0
0 58 0
0 60 0
120 60 43
0 57 36
0 53 36
480 53 0
0 57 0
0 60 0
240 53 42
0 41 35
120 41 0
0 53 0
120 53 52
0 41 43
480 41 0
0 53 0
480 38 37
120 38 0
120 50 35
120 50 0
120 41 39
120 41 0
120 53 38
120 53 0
120 44 48
120 44 0
120 56 42
120 56 0
120 45 54
120 45 0
120 57 48
120 57 0
120 46 60
120 46 0
120 58 49
120 58 0
120 45 57
120 45 0
120 57 46
120 57 0
120 41 53
120 41 0
120 53 41
120 53 0
120 38 51
120 38 0
120 50 42
120 50 0
120 43 42
120 43 0
120 55 40
120 55 0
120 45 44
120 45 0
120 57 43
120 57 0
120 46 55
120 46 0
120 58 48
120 58 0
120 43 62
120 43 0
120 55 55
120 55 0
120 45 69
120 45 0
120 57 56
120 57 0
120 43 65
120 43 0
120 55 52
120 55 0
120 41 66
120 41 0
120 53 53
120 53 0
120 40 67
120 40 0
120 52 58
120 52 0
120 38 59
240 38 0
0 50 49
120 50 0
120 33 58
240 33 0
0 45 52
120 45 0
120 38 59
240 38 0
0 50 53
120 50 0
120 36 64
240 36 0
0 48 55
120 48 0
120 41 73
240 41 0
0 53 60
120 53 0
120 40 71
240 40 0
0 52 63
120 52 0
120 45 71
240 45 0
0 57 63
120 57 0
120 43 77
240 43 0
0 55 66
120 55 0
120 48 82
120 48 0
120 60 65
120 60 0
120 48 74
120 48 0
120 60 58
120 60 0
120 48 67
120 48 0
120 60 55
120 60 0
120 48 67
120 48 0
120 60 58
120 60 0
120 48 68
120 48 0
120 60 52
120 60 0
120 48 58
120 48 0
120 60 44
120 60 0
120 48 45
120 48 0
120 60 34
120 60 0
120 48 39
120 48 0
120 60 30
120 60 0
120 60 31
0 57 24
0 53 24
120 53 0
0 57 0
0 60 0
120 53 16
0 57 16
0 60 20
120 60 0
0 57 0
0 53 0
120 60 31
0 57 24
0 53 24
120 53 0
0 57 0
0 60 0
120 53 18
0 57 18
0 60 23
120 60 0
0 57 0
0 53 0
120 53 28
0 57 28
0 60 36
120 60 0
0 57 0
0 53 0
120 53 19
0 57 19
0 60 24
120 60 0
0 57 0
0 53 0
120 53 29
0 57 29
0 60 37
120 60 0
0 57 0
0 53 0
120 53 19
0 57 19
0 60 24
120 60 0
0 57 0
0 53 0
120 53 30
0 57 30
0 61 38
120 61 0
0 57 0
0 53 0
120 61 24
0 57 19
0 53 19
120 53 0
0 57 0
0 61 0
120 53 33
0 57 33
0 61 42
120 61 0
0 57 0
0 53 0
120 61 27
0 57 21
0 53 21
120 53 0
0 57 0
0 61 0
120 62 47
0 57 37
0 53 37
120 53 0
0 57 0
0 62 0
120 53 21
0 57 21
0 62 27
120 62 0
0 57 0
0 53 0
120 53 29
0 57 29
0 62 37
120 62 0
0 57 0
0 53 0
120 53 19
0 57 19
0 62 24
120 62 0
0 57 0
0 53 0
120 53 27
0 62 35
0 58 27
0 55 27
120 55 0
0 53 0
0 62 0
0 58 0
120 53 16
0 55 16
0 58 16
0 62 20
120 62 0
0 53 0
0 55 0
0 58 0
120 55 24
0 62 31
0 58 24
0 53 24
120 53 0
0 55 0
0 62 0
0 58 0
120 55 18
0 53 18
0 58 18
0 62 23
120 62 0
0 55 0
0 53 0
0 58 0
120 55 28
0 53 28
0 58 28
0 62 36
120 62 0
0 55 0
0 53 0
0 58 0
120 55 19
0 53 19
0 58 19
0 62 24
120 62 0
0 55 0
0 53 0
0 58 0
120 55 29
0 53 29
0 58 29
0 62 37
120 62 0
0 55 0
0 53 0
0 58 0
120 55 19
0 53 19
0 58 19
0 62 24
120 62 0
0 55 0
0 53 0
0 58 0
120 52 30
0 55 30
0 60 38
120 60 0
0 55 0
0 52 0
120 60 24
0 55 19
0 52 19
120 52 0
0 55 0
0 60 0
120 52 33
0 55 33
0 60 42
120 60 0
0 55 0
0 52 0
120 60 27
0 55 21
0 52 21
120 52 0
0 55 0
0 60 0
120 60 47
0 55 37
0 52 37
120 52 0
0 55 0
0 60 0
120 52 21
0 55 21
0 60 27
120 60 0
0 55 0
0 52 0
120 52 29
0 55 29
0 60 37
120 60 0
0 55 0
0 52 0
120 52 19
0 55 19
0 60 24
120 60 0
0 55 0
0 52 0
120 53 29
0 57 29
0 60 37
120 60 0
0 57 0
0 53 0
120 60 24
0 57 19
0 53 19
120 53 0
0 57 0
0 60 0
120 53 32
0 57 32
0 60 40
120 60 0
0 57 0
0 53 0
120 60 28
0 57 21
0 53 21
120 53 0
0 57 0
0 60 0
120 67 47
0 57 36
0 61 36
120 61 0
0 57 0
0 67 0
120 67 31
0 57 24
0 61 24
120 61 0
0 57 0
0 67 0
120 67 44
0 57 35
0 61 35
120 61 0
0 57 0
0 67 0
120 67 30
0 57 24
0 61 24
120 61 0
0 57 0
0 67 0
120 67 50
0 61 38
0 58 38
120 58 0
0 61 0
0 67 0
120 67 33
0 61 26
0 58 26
120 58 0
0 61 0
0 67 0
120 65 49
0 62 39
0 58 39
120 58 0
0 62 0
0 65 0
120 58 22
0 62 22
0 65 28
120 65 0
0 62 0
0 58 0
120 69 47
0 62 36
0 58 36
120 58 0
0 62 0
0 69 0
120 69 27
0 62 21
0 58 21
120 58 0
0 62 0
0 69 0
120 67 46
0 62 36
0 58 36
120 58 0
0 62 0
0 67 0
120 67 29
0 62 23
0 58 23
120 58 0
0 62 0
0 67 0
120 60 39
0 65 46
120 65 0
0 60 0
120 65 36
0 60 31
120 60 0
0 65 0
120 57 36
0 60 44
120 60 0
0 57 0
120 60 37
0 57 31
120 57 0
0 60 0
120 61 49
0 58 41
0 55 41
120 55 0
0 58 0
0 61 0
120 61 44
0 58 36
0 55 36
120 55 0
0 58 0
0 61 0
120 60 54
0 58 44
0 55 44
120 55 0
0 58 0
0 60 0
120 60 47
0 58 39
0 55 39
120 55 0
0 58 0
0 60 0
120 60 43
0 57 36
0 53 36
480 53 0
0 57 0
0 60 0
240 53 39
0 65 47
120 65 0
0 53 0
120 53 45
0 65 53
480 65 0
0 53 0
240 51 42
0 63 51
120 63 0
0 51 0
120 49 49
0 61 58
480 61 0
0 49 0
240 53 39
0 65 47
120 65 0
0 53 0
120 53 45
0 65 53
480 65 0
0 53 0
240 61 61
0 49 51
120 49 0
0 61 0
120 60 69
0 48 58
480 48 0
0 60 0
240 65 54
0 53 45
120 53 0
0 65 0
120 65 63
0 53 53
480 53 0
0 65 0
240 60 62
0 48 52
120 48 0
0 60 0
120 58 79
0 46 67
480 46 0
0 58 0
240 65 64
0 53 54
120 53 0
0 65 0
120 65 78
0 53 66
480 53 0
0 65 0
240 58 81
0 46 68
120 46 0
0 58 0
120 57 88
0 45 74
240 45 0
0 57 0
0 60 54
0 57 45
120 57 0
0 60 0
120 60 54
0 57 45
120 57 0
0 60 0
120 60 59
0 57 49
120 57 0
0 60 0
120 57 60
0 60 71
240 60 0
0 57 0
0 57 46
0 60 55
120 60 0
0 57 0
120 57 46
0 60 55
120 60 0
0 57 0
120 57 50
0 60 60
120 60 0
0 57 0
120 60 78
0 57 64
240 57 0
0 60 0
0 62 56
0 58 47
120 58 0
0 62 0
120 62 57
0 58 47
120 58 0
0 62 0
120 62 62
0 58 51
120 58 0
0 62 0
120 58 63
0 62 75
240 62 0
0 58 0
0 59 53
0 65 64
120 65 0
0 59 0
120 59 54
0 65 66
120 65 0
0 59 0
120 59 57
0 65 67
120 65 0
0 59 0
120 60 62
0 65 74
240 65 0
0 60 0
240 60 47
90 60 0
150 57 40
90 57 0
150 60 47
90 60 0
150 57 41
90 57 0
150 60 50
90 60 0
150 57 48
90 57 0
150 48 51
0 58 62
240 58 0
0 48 0
480 48 40
0 57 48
120 57 0
0 48 0
120 48 51
0 58 62
240 58 0
0 48 0
480 48 56
0 36 47
240 36 0
0 48 0
0 41 59
7 53 69
233 41 0
7 53 0
233 60 47
90 60 0
150 57 40
90 57 0
150 60 47
90 60 0
150 57 41
90 57 0
150 60 50
90 60 0
150 57 46
90 57 0
150 48 51
0 58 62
240 58 0
0 48 0
480 48 38
0 57 46
120 57 0
0 48 0
120 48 51
0 58 62
240 58 0
0 48 0
480 48 56
0 36 47
240 36 0
0 48 0
0 41 57
7 53 68
473 41 0
0 40 55
0 52 65
7 53 0
473 52 0
0 40 0
0 38 57
0 50 68
480 50 0
0 38 0
0 48 69
0 36 58
480 36 0
0 48 0
0 46 70
0 34 59
480 34 0
0 46 0
0 47 64
0 35 54
480 35 0
0 47 0
0 48 67
0 36 56
480 36 0
0 48 0
0 49 70
0 37 59
480 37 0
0 49 0
0 38 58
0 50 69
480 50 0
0 38 0
0 51 70
0 39 59
480 39 0
0 51 0
0 50 73
0 38 62
480 38 0
0 50 0
0 49 77
0 37 65
480 37 0
0 49 0
0 48 85
0 36 72
120 36 0
0 48 0
120 60 69
0 48 58
120 48 0
0 60 0
120 60 69
0 48 58
120 48 0
0 60 0
120 60 69
0 48 58
120 48 0
0 60 0
120 48 85
0 36 72
120 36 0
0 48 0
120 60 69
0 48 58
120 48 0
0 60 0
120 60 69
0 48 58
120 48 0
0 60 0
120 60 69
0 48 58
120 48 0
0 60 0
120 41 76
30 53 80
210 53 0
0 41 0
