0 65 70
960 65 0
0 69 66
360 69 0
0 65 56
120 65 0
0 72 69
960 72 0
0 70 70
120 70 0
0 69 66
120 69 0
0 67 64
120 67 0
0 65 61
120 65 0
0 64 69
240 64 0
0 67 66
240 67 0
0 70 70
240 70 0
0 74 66
240 74 0
0 72 70
240 72 0
0 70 66
240 70 0
0 64 51
0 68 61
480 68 0
0 64 0
0 65 53
0 69 63
480 69 0
0 65 0
480 74 59
0 77 70
720 77 0
0 79 65
120 79 0
0 77 61
120 77 0
0 74 0
0 76 65
0 72 55
240 72 0
0 76 0
0 74 63
0 70 53
240 70 0
0 74 0
0 69 59
0 72 70
720 72 0
0 74 65
120 74 0
0 72 61
120 72 0
0 69 0
0 70 65
0 67 55
240 67 0
0 70 0
0 69 63
0 65 53
240 65 0
0 69 0
0 67 58
120 67 0
0 69 50
120 69 0
0 67 58
120 67 0
0 66 53
120 66 0
0 67 58
120 67 0
0 69 54
120 69 0
0 70 58
120 70 0
0 72 53
120 72 0
0 74 62
240 74 0
0 65 57
240 65 0
0 65 59
240 65 0
0 64 53
240 64 0
0 62 51
60 62 0
0 64 46
60 64 0
0 62 57
120 62 0
0 60 53
240 60 0
0 62 57
240 62 0
0 64 61
240 64 0
0 57 63
0 65 70
960 65 0
0 57 0
0 69 66
120 69 0
0 65 56
120 65 0
0 69 60
120 69 0
0 65 66
120 65 0
0 72 69
960 72 0
0 70 70
120 70 0
0 69 66
120 69 0
0 67 64
120 67 0
0 65 61
120 65 0
0 64 69
240 64 0
0 67 66
240 67 0
0 70 70
240 70 0
0 74 66
240 74 0
0 72 70
240 72 0
0 70 66
240 70 0
0 64 51
0 68 61
480 68 0
0 64 0
0 65 53
0 69 63
480 69 0
0 65 0
480 77 46
720 77 0
0 81 42
120 81 0
0 77 39
120 77 0
0 76 42
240 76 0
0 79 40
240 79 0
0 71 46
720 71 0
0 74 42
120 74 0
0 71 39
120 71 0
0 72 42
240 72 0
0 67 40
240 67 0
0 77 46
120 77 0
0 79 39
120 79 0
0 77 47
120 77 0
0 76 42
120 76 0
0 77 46
120 77 0
0 81 40
120 81 0
0 79 42
120 79 0
0 77 39
120 77 0
0 76 43
120 76 0
0 79 40
120 79 0
0 76 42
120 76 0
0 72 40
120 72 0
0 71 46
120 71 0
0 72 39
120 72 0
0 71 47
120 71 0
0 69 42
120 69 0
0 71 46
120 71 0
0 74 40
120 74 0
0 72 42
120 72 0
0 71 39
120 71 0
0 72 43
120 72 0
0 76 40
120 76 0
0 79 42
120 79 0
0 84 40
120 84 0
120 81 34
120 81 0
0 77 39
120 77 0
0 74 34
120 74 0
120 79 35
120 79 0
0 76 39
120 76 0
0 72 35
120 72 0
120 77 33
120 77 0
0 74 39
120 74 0
0 71 34
120 71 0
240 72 39
120 72 0
0 74 44
120 74 0
0 76 45
90 76 0
150 72 49
0 76 40
90 76 0
0 72 0
150 72 53
0 76 40
90 76 0
0 72 0
150 72 57
0 76 40
90 76 0
0 72 0
150 79 65
0 76 55
480 76 0
0 79 0
0 77 59
0 74 50
960 74 0
0 77 0
240 72 39
120 72 0
0 74 44
120 74 0
0 76 45
90 76 0
150 76 49
0 72 40
90 72 0
0 76 0
150 76 53
0 72 40
90 72 0
0 76 0
150 76 57
0 72 40
90 72 0
0 76 0
150 79 65
0 76 55
480 76 0
0 79 0
0 77 59
0 74 50
960 74 0
0 77 0
0 72 50
0 76 59
360 76 0
0 72 0
0 77 47
0 74 39
120 74 0
0 77 0
0 76 56
0 72 47
480 72 0
0 76 0
0 74 47
0 71 39
480 71 0
0 74 0
240 72 35
120 72 0
0 67 39
120 67 0
0 64 40
90 64 0
150 64 44
0 60 36
90 60 0
0 64 0
150 64 47
0 60 36
90 60 0
0 64 0
150 64 51
0 60 36
90 60 0
0 64 0
150 67 58
0 64 49
480 64 0
0 67 0
0 65 53
0 62 45
960 62 0
0 65 0
240 72 35
120 72 0
0 67 39
120 67 0
0 64 40
90 64 0
150 64 44
0 60 36
90 60 0
0 64 0
150 64 47
0 60 36
90 60 0
0 64 0
150 64 51
0 60 36
90 60 0
0 64 0
150 67 58
0 64 49
480 64 0
0 67 0
0 65 45
0 62 53
960 62 0
0 65 0
0 64 58
120 64 0
0 60 51
120 60 0
0 65 58
120 65 0
0 62 49
120 62 0
0 64 56
0 60 47
90 60 0
0 64 0
150 64 51
0 60 43
90 60 0
0 64 0
150 62 62
0 59 52
90 59 0
0 62 0
150 62 55
0 59 46
90 59 0
0 62 0
150 60 70
720 60 0
0 62 54
120 62 0
0 64 56
120 64 0
0 65 57
120 65 0
0 67 60
120 67 0
0 69 61
120 69 0
0 71 68
120 71 0
0 72 77
720 72 0
0 74 59
120 74 0
0 76 61
120 76 0
0 77 62
120 77 0
0 79 66
120 79 0
0 81 67
120 81 0
0 83 74
120 83 0
0 84 85
240 84 0
240 64 58
0 67 58
0 72 69
240 72 0
0 67 0
0 64 0
720 65 70
960 65 0
0 69 66
360 69 0
0 65 56
120 65 0
0 72 69
960 72 0
0 70 70
120 70 0
0 69 66
120 69 0
0 67 64
120 67 0
0 65 61
120 65 0
0 64 69
240 64 0
0 67 66
240 67 0
0 70 70
240 70 0
0 74 66
240 74 0
0 72 70
240 72 0
0 70 66
240 70 0
0 64 51
0 68 61
480 68 0
0 64 0
0 65 53
0 69 63
480 69 0
0 65 0
480 74 59
0 77 70
720 77 0
0 79 65
120 79 0
0 77 61
120 77 0
0 74 0
0 76 65
0 72 55
240 72 0
0 76 0
0 74 63
0 70 53
240 70 0
0 74 0
0 69 59
0 72 70
720 72 0
0 74 65
120 74 0
0 72 61
120 72 0
0 69 0
0 70 65
0 67 55
240 67 0
0 70 0
0 69 63
0 65 53
240 65 0
0 69 0
0 67 58
120 67 0
0 69 50
120 69 0
0 67 58
120 67 0
0 66 53
120 66 0
0 67 58
120 67 0
0 69 54
120 69 0
0 70 58
120 70 0
0 72 53
120 72 0
0 74 62
240 74 0
0 65 57
240 65 0
0 65 59
240 65 0
0 64 53
240 64 0
0 62 51
60 62 0
0 64 46
60 64 0
0 62 57
120 62 0
0 60 53
240 60 0
0 62 57
240 62 0
0 64 61
240 64 0
0 57 63
0 65 70
960 65 0
0 57 0
0 69 66
120 69 0
0 65 56
120 65 0
0 69 60
120 69 0
0 65 66
120 65 0
0 72 69
960 72 0
0 70 70
120 70 0
0 69 66
120 69 0
0 67 64
120 67 0
0 65 61
120 65 0
0 64 69
240 64 0
0 67 66
240 67 0
0 70 70
240 70 0
0 74 66
240 74 0
0 72 70
240 72 0
0 70 66
240 70 0
0 64 51
0 68 61
480 68 0
0 64 0
0 65 53
0 69 63
480 69 0
0 65 0
480 77 46
720 77 0
0 81 42
120 81 0
0 77 39
120 77 0
0 76 42
240 76 0
0 79 40
240 79 0
0 71 46
720 71 0
0 74 42
120 74 0
0 71 39
120 71 0
0 72 42
240 72 0
0 67 40
240 67 0
0 77 46
120 77 0
0 79 39
120 79 0
0 77 47
120 77 0
0 76 42
120 76 0
0 77 46
120 77 0
0 81 40
120 81 0
0 79 42
120 79 0
0 77 39
120 77 0
0 76 43
120 76 0
0 79 40
120 79 0
0 76 42
120 76 0
0 72 40
120 72 0
0 71 46
120 71 0
0 72 39
120 72 0
0 71 47
120 71 0
0 69 42
120 69 0
0 71 46
120 71 0
0 74 40
120 74 0
0 72 42
120 72 0
0 71 39
120 71 0
0 72 43
120 72 0
0 76 40
120 76 0
0 79 42
120 79 0
0 84 40
120 84 0
120 81 34
120 81 0
0 77 39
120 77 0
0 74 34
120 74 0
120 79 35
120 79 0
0 76 39
120 76 0
0 72 35
120 72 0
120 77 33
120 77 0
0 74 39
120 74 0
0 71 34
120 71 0
240 72 39
120 72 0
0 74 44
120 74 0
0 76 45
90 76 0
150 72 49
0 76 40
90 76 0
0 72 0
150 72 53
0 76 40
90 76 0
0 72 0
150 72 57
0 76 40
90 76 0
0 72 0
150 79 65
0 76 55
480 76 0
0 79 0
0 77 59
0 74 50
960 74 0
0 77 0
240 72 39
120 72 0
0 74 44
120 74 0
0 76 45
90 76 0
150 72 49
0 76 40
90 76 0
0 72 0
150 72 53
0 76 40
90 76 0
0 72 0
150 72 57
0 76 40
90 76 0
0 72 0
150 79 65
0 76 55
480 76 0
0 79 0
0 77 59
0 74 50
960 74 0
0 77 0
0 72 50
0 76 59
360 76 0
0 72 0
0 77 47
0 74 39
120 74 0
0 77 0
0 76 56
0 72 47
480 72 0
0 76 0
0 74 47
0 71 39
480 71 0
0 74 0
240 72 35
120 72 0
0 67 39
120 67 0
0 64 40
90 64 0
150 64 44
0 60 36
90 60 0
0 64 0
150 64 47
0 60 36
90 60 0
0 64 0
150 64 51
0 60 36
90 60 0
0 64 0
150 67 58
0 64 49
480 64 0
0 67 0
0 65 53
0 62 45
960 62 0
0 65 0
240 72 35
120 72 0
0 67 39
120 67 0
0 64 40
90 64 0
150 64 44
0 60 36
90 60 0
0 64 0
150 64 47
0 60 36
90 60 0
0 64 0
150 64 51
0 60 36
90 60 0
0 64 0
150 67 58
0 64 49
480 64 0
0 67 0
0 65 53
0 62 45
960 62 0
0 65 0
0 64 58
120 64 0
0 60 51
120 60 0
0 65 58
120 65 0
0 62 49
120 62 0
0 64 56
0 60 47
90 60 0
0 64 0
150 64 51
0 60 43
90 60 0
0 64 0
150 62 62
0 59 52
90 59 0
0 62 0
150 62 55
0 59 46
90 59 0
0 62 0
150 60 70
720 60 0
0 62 54
120 62 0
0 64 56
120 64 0
0 65 57
120 65 0
0 67 60
120 67 0
0 69 61
120 69 0
0 71 68
120 71 0
0 72 77
720 72 0
0 74 59
120 74 0
0 76 61
120 76 0
0 77 62
120 77 0
0 79 66
120 79 0
0 81 67
120 81 0
0 83 74
120 83 0
0 84 85
240 84 0
240 64 58
0 67 58
0 72 69
240 72 0
0 67 0
0 64 0
960 64 42
120 64 0
0 67 39
120 67 0
0 72 42
90 72 0
150 72 40
90 72 0
150 72 40
90 72 0
150 72 40
90 72 0
390 65 43
120 65 0
0 71 44
120 71 0
0 74 50
90 74 0
150 74 43
90 74 0
150 74 43
90 74 0
150 74 43
90 74 0
390 67 47
120 67 0
0 70 55
120 70 0
0 76 59
90 76 0
150 76 50
90 76 0
150 76 50
90 76 0
150 76 50
90 76 0
270 69 57
120 69 0
0 73 58
120 73 0
0 76 61
120 76 0
0 81 65
120 81 0
120 81 58
120 81 0
120 81 61
120 81 0
0 82 57
120 82 0
0 81 61
120 81 0
0 79 57
120 79 0
0 77 62
120 77 0
0 81 55
120 81 0
0 79 55
120 79 0
0 77 51
120 77 0
0 76 63
120 76 0
0 79 56
120 79 0
0 77 56
120 77 0
0 76 51
120 76 0
0 74 61
120 74 0
0 77 56
120 77 0
0 76 56
120 76 0
0 74 50
120 74 0
120 69 57
120 69 0
0 73 58
120 73 0
0 76 61
120 76 0
0 81 65
120 81 0
120 81 58
120 81 0
120 81 61
120 81 0
0 88 57
120 88 0
0 85 61
120 85 0
0 79 57
120 79 0
0 77 62
120 77 0
0 81 55
120 81 0
0 77 55
120 77 0
0 81 51
120 81 0
0 76 63
120 76 0
0 79 56
120 79 0
0 76 56
120 76 0
0 79 51
120 79 0
0 74 61
120 74 0
0 77 56
120 77 0
0 74 56
120 74 0
0 77 50
120 77 0
0 72 42
120 72 0
0 75 33
120 75 0
0 72 39
120 72 0
0 75 35
120 75 0
0 72 42
120 72 0
0 75 35
120 75 0
0 72 39
120 72 0
0 75 34
120 75 0
0 72 42
120 72 0
0 74 35
120 74 0
0 72 39
120 72 0
0 74 35
120 74 0
0 72 42
120 72 0
0 74 33
120 74 0
0 72 39
120 72 0
0 74 35
120 74 0
0 69 42
120 69 0
0 74 35
120 74 0
0 69 39
120 69 0
0 74 34
120 74 0
0 70 42
120 70 0
0 74 35
120 74 0
0 70 39
120 70 0
0 74 35
120 74 0
0 70 42
120 70 0
0 73 33
120 73 0
0 70 39
120 70 0
0 73 35
120 73 0
0 70 42
120 70 0
0 72 35
120 72 0
0 70 39
120 70 0
0 72 34
120 72 0
0 70 42
120 70 0
0 72 35
120 72 0
0 70 39
120 70 0
0 72 35
120 72 0
0 70 42
120 70 0
0 72 33
120 72 0
0 70 39
120 70 0
0 72 35
120 72 0
0 67 42
120 67 0
0 72 27
120 72 0
0 67 36
120 67 0
0 72 29
120 72 0
0 69 37
120 69 0
0 72 29
120 72 0
0 69 37
120 69 0
0 72 29
120 72 0
0 71 62
120 71 0
0 77 55
120 77 0
0 71 55
120 71 0
0 77 51
120 77 0
0 71 63
120 71 0
0 77 56
120 77 0
0 71 56
120 71 0
0 77 51
120 77 0
0 71 61
120 71 0
0 77 56
120 77 0
0 71 56
120 71 0
0 77 50
120 77 0
0 76 62
120 76 0
0 72 55
120 72 0
0 71 55
120 71 0
0 72 51
120 72 0
0 74 63
120 74 0
0 72 56
120 72 0
0 71 56
120 71 0
0 72 51
120 72 0
0 77 61
120 77 0
0 74 56
120 74 0
0 72 56
120 72 0
0 74 50
120 74 0
0 79 68
120 79 0
0 76 59
120 76 0
0 74 60
120 74 0
0 76 56
120 76 0
0 77 71
120 77 0
0 76 63
120 76 0
0 74 63
120 74 0
0 76 58
120 76 0
0 81 68
120 81 0
0 77 64
120 77 0
0 76 65
120 76 0
0 77 59
120 77 0
0 82 77
120 82 0
0 81 66
120 81 0
0 79 69
120 79 0
0 81 65
120 81 0
0 82 77
120 82 0
0 81 66
120 81 0
0 79 69
120 79 0
0 81 65
120 81 0
0 82 77
120 82 0
0 81 66
120 81 0
0 79 69
120 79 0
0 81 65
120 81 0
0 82 72
120 82 0
120 81 66
120 81 0
120 79 61
120 79 0
120 77 57
120 77 0
120 76 56
120 76 0
120 74 54
120 74 0
120 72 49
120 72 0
120 71 45
120 71 0
120 70 42
120 70 0
120 69 38
120 69 0
120 68 37
120 68 0
120 67 33
120 67 0
120 65 44
960 65 0
0 69 51
360 69 0
0 65 54
120 65 0
0 72 63
960 72 0
0 70 49
120 70 0
0 69 46
120 69 0
0 67 44
120 67 0
0 65 42
120 65 0
0 64 48
240 64 0
0 67 46
240 67 0
0 70 49
240 70 0
0 74 46
240 74 0
0 72 49
240 72 0
0 70 46
240 70 0
0 64 35
0 68 42
480 68 0
0 64 0
0 65 37
0 69 44
480 69 0
0 65 0
480 75 70
720 75 0
0 79 65
120 79 0
0 75 61
120 75 0
0 74 65
240 74 0
0 77 63
240 77 0
0 69 70
720 69 0
0 72 65
120 72 0
0 69 61
120 69 0
0 70 65
240 70 0
0 72 63
120 72 0
0 74 53
120 74 0
0 75 58
120 75 0
0 77 50
120 77 0
0 75 58
120 75 0
0 74 53
120 74 0
0 75 58
120 75 0
0 79 54
120 79 0
0 77 58
120 77 0
0 75 53
120 75 0
0 74 62
120 74 0
360 72 52
120 72 0
0 74 45
120 74 0
0 72 52
120 72 0
0 71 47
120 71 0
0 72 52
120 72 0
0 75 48
120 75 0
0 74 52
120 74 0
0 72 47
120 72 0
0 70 55
120 70 0
480 71 50
120 71 0
0 72 58
120 72 0
0 71 53
120 71 0
0 79 63
120 79 0
0 71 54
120 71 0
0 72 58
120 72 0
0 71 53
120 71 0
120 69 45
120 69 0
0 72 48
120 72 0
0 77 44
120 77 0
120 71 50
120 71 0
0 72 58
120 72 0
0 71 53
120 71 0
0 79 63
120 79 0
0 71 54
120 71 0
0 72 58
120 72 0
0 71 53
120 71 0
120 69 45
120 69 0
0 72 48
120 72 0
0 77 44
120 77 0
120 74 34
120 74 0
0 70 39
120 70 0
0 67 34
120 67 0
120 72 35
120 72 0
0 69 39
120 69 0
0 65 35
120 65 0
120 70 33
120 70 0
0 67 39
120 67 0
0 64 34
120 64 0
240 65 39
120 65 0
0 67 44
120 67 0
0 69 45
90 69 0
150 69 49
0 65 40
90 65 0
0 69 0
150 69 53
0 65 40
90 65 0
0 69 0
150 69 57
0 65 40
90 65 0
0 69 0
150 72 65
0 69 55
480 69 0
0 72 0
0 70 59
0 67 50
960 67 0
0 70 0
240 77 47
120 77 0
0 72 47
120 72 0
0 69 45
90 69 0
150 69 49
0 65 40
90 65 0
0 69 0
150 69 53
0 65 40
90 65 0
0 69 0
150 69 57
0 65 40
90 65 0
0 69 0
150 72 65
0 69 55
480 69 0
0 72 0
0 70 59
0 67 50
960 67 0
0 70 0
0 65 50
0 69 59
360 69 0
0 65 0
0 70 47
0 67 39
120 67 0
0 70 0
0 69 56
0 65 47
480 65 0
0 69 0
0 67 47
0 64 39
480 64 0
0 67 0
240 77 39
120 77 0
0 79 44
120 79 0
0 81 45
90 81 0
150 81 49
0 77 40
90 77 0
0 81 0
150 81 53
0 77 40
90 77 0
0 81 0
150 81 57
0 77 40
90 77 0
0 81 0
150 84 65
0 81 55
480 81 0
0 84 0
0 82 59
0 79 50
960 79 0
0 82 0
240 89 49
120 89 0
0 84 51
120 84 0
0 81 45
90 81 0
150 81 49
0 77 40
90 77 0
0 81 0
150 81 53
0 77 40
90 77 0
0 81 0
150 81 57
0 77 40
90 77 0
0 81 0
150 84 65
0 81 55
480 81 0
0 84 0
0 82 59
0 79 50
960 79 0
0 82 0
0 81 58
120 81 0
0 77 51
120 77 0
0 82 58
120 82 0
0 79 49
120 79 0
0 81 56
0 77 47
90 77 0
0 81 0
150 81 51
0 77 43
90 77 0
0 81 0
150 79 62
0 76 52
90 76 0
0 79 0
150 79 55
0 76 46
90 76 0
0 79 0
150 77 70
720 77 0
0 76 54
120 76 0
0 74 56
120 74 0
0 72 57
120 72 0
0 70 60
120 70 0
0 69 61
120 69 0
0 67 68
120 67 0
0 65 69
720 65 0
0 64 53
120 64 0
0 62 54
120 62 0
0 60 55
120 60 0
0 58 59
120 58 0
0 57 60
120 57 0
0 55 66
120 55 0
0 53 76
240 53 0
240 57 58
0 60 58
0 65 69
240 65 0
0 60 0
0 57 0
960 64 42
120 64 0
0 67 39
120 67 0
0 72 42
90 72 0
150 72 40
90 72 0
150 72 40
90 72 0
150 72 40
90 72 0
390 65 43
120 65 0
0 71 44
120 71 0
0 74 50
90 74 0
150 74 43
90 74 0
150 74 43
90 74 0
150 74 43
90 74 0
390 67 47
120 67 0
0 70 55
120 70 0
0 76 59
90 76 0
150 76 50
90 76 0
150 76 50
90 76 0
150 76 50
90 76 0
270 69 57
120 69 0
0 73 58
120 73 0
0 76 61
120 76 0
0 81 65
120 81 0
120 81 58
120 81 0
120 81 61
120 81 0
0 82 57
120 82 0
0 81 61
120 81 0
0 79 57
120 79 0
0 77 62
120 77 0
0 81 55
120 81 0
0 79 55
120 79 0
0 77 51
120 77 0
0 76 63
120 76 0
0 79 56
120 79 0
0 77 56
120 77 0
0 76 51
120 76 0
0 74 61
120 74 0
0 77 56
120 77 0
0 76 56
120 76 0
0 74 50
120 74 0
120 69 57
120 69 0
0 73 58
120 73 0
0 76 61
120 76 0
0 81 65
120 81 0
120 81 58
120 81 0
120 81 61
120 81 0
0 88 57
120 88 0
0 85 61
120 85 0
0 79 57
120 79 0
0 77 62
120 77 0
0 81 55
120 81 0
0 77 55
120 77 0
0 81 51
120 81 0
0 76 63
120 76 0
0 79 56
120 79 0
0 76 56
120 76 0
0 79 51
120 79 0
0 74 61
120 74 0
0 77 56
120 77 0
0 74 56
120 74 0
0 77 50
120 77 0
0 72 42
120 72 0
0 75 33
120 75 0
0 72 39
120 72 0
0 75 35
120 75 0
0 72 42
120 72 0
0 75 35
120 75 0
0 72 39
120 72 0
0 75 34
120 75 0
0 72 42
120 72 0
0 74 35
120 74 0
0 72 39
120 72 0
0 74 35
120 74 0
0 72 42
120 72 0
0 74 33
120 74 0
0 72 39
120 72 0
0 74 35
120 74 0
0 69 42
120 69 0
0 74 35
120 74 0
0 69 39
120 69 0
0 74 34
120 74 0
0 70 42
120 70 0
0 74 35
120 74 0
0 70 39
120 70 0
0 74 35
120 74 0
0 70 42
120 70 0
0 73 33
120 73 0
0 70 39
120 70 0
0 73 35
120 73 0
0 70 42
120 70 0
0 72 35
120 72 0
0 70 39
120 70 0
0 72 34
120 72 0
0 70 42
120 70 0
0 72 35
120 72 0
0 70 39
120 70 0
0 72 35
120 72 0
0 70 42
120 70 0
0 72 33
120 72 0
0 70 39
120 70 0
0 72 35
120 72 0
0 67 42
120 67 0
0 72 27
120 72 0
0 67 36
120 67 0
0 72 29
120 72 0
0 69 37
120 69 0
0 72 29
120 72 0
0 69 37
120 69 0
0 72 29
120 72 0
0 71 62
120 71 0
0 77 55
120 77 0
0 71 55
120 71 0
0 77 51
120 77 0
0 71 63
120 71 0
0 77 56
120 77 0
0 71 56
120 71 0
0 77 51
120 77 0
0 71 61
120 71 0
0 77 56
120 77 0
0 71 56
120 71 0
0 77 50
120 77 0
0 76 62
120 76 0
0 72 55
120 72 0
0 71 55
120 71 0
0 72 51
120 72 0
0 74 63
120 74 0
0 72 56
120 72 0
0 71 56
120 71 0
0 72 51
120 72 0
0 77 61
120 77 0
0 74 56
120 74 0
0 72 56
120 72 0
0 74 50
120 74 0
0 79 68
120 79 0
0 76 59
120 76 0
0 74 60
120 74 0
0 76 56
120 76 0
0 77 71
120 77 0
0 76 63
120 76 0
0 74 63
120 74 0
0 76 58
120 76 0
0 81 68
120 81 0
0 77 64
120 77 0
0 76 65
120 76 0
0 77 59
120 77 0
0 82 77
120 82 0
0 81 66
120 81 0
0 79 69
120 79 0
0 81 65
120 81 0
0 82 77
120 82 0
0 81 66
120 81 0
0 79 69
120 79 0
0 81 65
120 81 0
0 82 77
120 82 0
0 81 66
120 81 0
0 79 69
120 79 0
0 81 65
120 81 0
0 82 72
120 82 0
120 81 66
120 81 0
120 79 61
120 79 0
120 77 57
120 77 0
120 76 56
120 76 0
120 74 54
120 74 0
120 72 49
120 72 0
120 71 45
120 71 0
120 70 42
120 70 0
120 69 38
120 69 0
120 68 37
120 68 0
120 67 33
120 67 0
120 65 44
960 65 0
0 69 51
360 69 0
0 65 54
120 65 0
0 72 63
960 72 0
0 70 49
120 70 0
0 69 46
120 69 0
0 67 44
120 67 0
0 65 42
120 65 0
0 64 48
240 64 0
0 67 46
240 67 0
0 70 49
240 70 0
0 74 46
240 74 0
0 72 49
240 72 0
0 70 46
240 70 0
0 64 35
0 68 42
480 68 0
0 64 0
0 65 37
0 69 44
480 69 0
0 65 0
480 75 70
720 75 0
0 79 65
120 79 0
0 75 61
120 75 0
0 74 65
240 74 0
0 77 63
240 77 0
0 69 70
720 69 0
0 72 65
120 72 0
0 69 61
120 69 0
0 70 65
240 70 0
0 72 63
120 72 0
0 74 53
120 74 0
0 75 58
120 75 0
0 77 50
120 77 0
0 75 58
120 75 0
0 74 53
120 74 0
0 75 58
120 75 0
0 79 54
120 79 0
0 77 58
120 77 0
0 75 53
120 75 0
0 74 62
120 74 0
360 72 52
120 72 0
0 74 45
120 74 0
0 72 52
120 72 0
0 71 47
120 71 0
0 72 52
120 72 0
0 75 48
120 75 0
0 74 52
120 74 0
0 72 47
120 72 0
0 70 55
120 70 0
480 71 50
120 71 0
0 72 58
120 72 0
0 71 53
120 71 0
0 79 63
120 79 0
0 71 54
120 71 0
0 72 58
120 72 0
0 71 53
120 71 0
120 69 45
120 69 0
0 72 48
120 72 0
0 77 44
120 77 0
120 71 50
120 71 0
0 72 58
120 72 0
0 71 53
120 71 0
0 79 63
120 79 0
0 71 54
120 71 0
0 72 58
120 72 0
0 71 53
120 71 0
120 69 45
120 69 0
0 72 48
120 72 0
0 77 44
120 77 0
120 74 34
120 74 0
0 70 39
120 70 0
0 67 34
120 67 0
120 72 35
120 72 0
0 69 39
120 69 0
0 65 35
120 65 0
120 70 33
120 70 0
0 67 39
120 67 0
0 64 34
120 64 0
240 65 39
120 65 0
0 67 44
120 67 0
0 69 45
90 69 0
150 69 49
0 65 40
90 65 0
0 69 0
150 69 53
0 65 40
90 65 0
0 69 0
150 69 57
0 65 40
90 65 0
0 69 0
150 72 65
0 69 55
480 69 0
0 72 0
0 70 59
0 67 50
960 67 0
0 70 0
240 77 47
120 77 0
0 72 47
120 72 0
0 69 45
90 69 0
150 69 49
0 65 40
90 65 0
0 69 0
150 69 53
0 65 40
90 65 0
0 69 0
150 69 57
0 65 40
90 65 0
0 69 0
150 72 65
0 69 55
480 69 0
0 72 0
0 70 59
0 67 50
960 67 0
0 70 0
0 65 50
0 69 59
360 69 0
0 65 0
0 70 47
0 67 39
120 67 0
0 70 0
0 69 56
0 65 47
480 65 0
0 69 0
0 67 47
0 64 39
480 64 0
0 67 0
240 77 39
120 77 0
0 79 44
120 79 0
0 81 45
90 81 0
150 81 49
0 77 40
90 77 0
0 81 0
150 81 53
0 77 40
90 77 0
0 81 0
150 81 57
0 77 40
90 77 0
0 81 0
150 84 65
0 81 55
480 81 0
0 84 0
0 82 59
0 79 50
960 79 0
0 82 0
240 89 49
120 89 0
0 84 51
120 84 0
0 81 45
90 81 0
150 81 49
0 77 40
90 77 0
0 81 0
150 81 53
0 77 40
90 77 0
0 81 0
150 81 57
0 77 40
90 77 0
0 81 0
150 84 65
0 81 55
480 81 0
0 84 0
0 82 59
0 79 50
960 79 0
0 82 0
0 81 58
120 81 0
0 77 51
120 77 0
0 82 58
120 82 0
0 79 49
120 79 0
0 81 56
0 77 47
90 77 0
0 81 0
150 81 51
0 77 43
90 77 0
0 81 0
150 79 62
0 76 52
90 76 0
0 79 0
150 79 55
0 76 46
90 76 0
0 79 0
150 77 70
720 77 0
0 76 54
120 76 0
0 74 56
120 74 0
0 72 57
120 72 0
0 70 60
120 70 0
0 69 61
120 69 0
0 67 68
120 67 0
0 65 69
720 65 0
0 64 53
120 64 0
0 62 54
120 62 0
0 60 55
120 60 0
0 58 59
120 58 0
0 57 60
120 57 0
0 55 66
120 55 0
0 53 76
240 53 0
240 57 58
0 60 58
0 65 69
240 65 0
0 60 0
0 57 0
0 41 40
240 41 0
0 53 31
240 53 0
0 41 34
240 41 0
0 53 31
240 53 0
0 41 34
240 41 0
0 53 31
240 53 0
0 41 40
240 41 0
0 53 31
240 53 0
0 41 35
240 41 0
0 53 31
240 53 0
0 41 34
240 41 0
0 53 31
240 53 0
0 41 40
240 41 0
0 53 33
240 53 0
0 41 38
240 41 0
0 53 33
240 53 0
0 41 38
240 41 0
0 53 33
240 53 0
0 41 40
240 41 0
0 53 32
240 53 0
0 41 37
240 41 0
0 53 32
240 53 0
0 41 37
240 41 0
0 53 32
240 53 0
0 41 40
240 41 0
0 53 32
240 53 0
0 53 40
480 53 0
480 41 40
240 41 0
0 53 32
240 53 0
0 53 40
480 53 0
480 46 40
960 46 0
0 47 40
480 47 0
0 48 40
480 48 0
0 36 40
480 36 0
480 41 40
240 41 0
0 53 31
240 53 0
0 41 34
240 41 0
0 53 31
240 53 0
0 41 34
240 41 0
0 53 31
240 53 0
0 41 40
240 41 0
0 53 31
240 53 0
0 41 35
240 41 0
0 53 31
240 53 0
0 41 34
240 41 0
0 53 31
240 53 0
0 41 40
240 41 0
0 53 33
240 53 0
0 41 38
240 41 0
0 53 33
240 53 0
0 41 38
240 41 0
0 53 33
240 53 0
0 41 40
240 41 0
0 53 32
240 53 0
0 41 37
240 41 0
0 53 32
240 53 0
0 41 37
240 41 0
0 53 32
240 53 0
0 59 26
240 59 0
0 55 20
240 55 0
0 59 26
240 59 0
0 55 20
240 55 0
0 60 26
240 60 0
0 55 20
240 55 0
0 65 26
240 65 0
0 55 20
240 55 0
0 65 26
240 65 0
0 55 20
240 55 0
0 64 26
240 64 0
0 55 20
240 55 0
0 59 26
240 59 0
0 55 20
240 55 0
0 59 26
240 59 0
0 55 20
240 55 0
0 60 26
240 60 0
0 55 20
240 55 0
0 65 26
240 65 0
0 55 20
240 55 0
0 65 26
240 65 0
0 55 20
240 55 0
0 64 26
240 64 0
0 60 20
240 60 0
0 65 43
120 65 0
360 67 35
120 67 0
360 55 33
120 55 0
360 60 34
0 64 40
480 64 0
0 60 0
1200 67 55
120 67 0
0 66 48
120 66 0
0 67 53
120 67 0
120 55 48
120 55 0
120 57 46
120 57 0
120 59 40
120 59 0
120 60 40
480 60 0
1200 67 55
120 67 0
0 66 48
120 66 0
0 67 53
90 67 0
150 55 48
120 55 0
120 57 46
120 57 0
120 59 40
120 59 0
120 60 40
360 60 0
0 53 33
120 53 0
0 55 40
480 55 0
0 43 38
480 43 0
0 48 40
480 48 0
1200 55 49
120 55 0
0 54 43
120 54 0
0 55 47
90 55 0
150 43 43
120 43 0
120 45 41
120 45 0
120 47 36
120 47 0
120 48 40
480 48 0
1200 55 49
120 55 0
0 54 43
120 54 0
0 55 47
90 55 0
150 43 43
120 43 0
120 45 41
120 45 0
120 47 36
120 47 0
120 48 36
240 48 0
0 41 32
240 41 0
0 43 40
480 43 0
0 43 39
480 43 0
0 36 57
240 36 0
0 48 36
240 48 0
0 48 47
480 48 0
480 36 58
240 36 0
0 48 36
240 48 0
0 48 50
480 48 0
480 48 51
0 36 43
240 36 0
0 48 0
240 48 39
0 36 43
240 36 0
0 48 0
720 41 40
240 41 0
0 53 31
240 53 0
0 41 34
240 41 0
0 53 31
240 53 0
0 41 34
240 41 0
0 53 31
240 53 0
0 41 40
240 41 0
0 53 31
240 53 0
0 41 35
240 41 0
0 53 31
240 53 0
0 41 34
240 41 0
0 53 31
240 53 0
0 41 40
240 41 0
0 53 33
240 53 0
0 41 38
240 41 0
0 53 33
240 53 0
0 41 38
240 41 0
0 53 33
240 53 0
0 41 40
240 41 0
0 53 32
240 53 0
0 41 37
240 41 0
0 53 32
240 53 0
0 41 37
240 41 0
0 53 32
240 53 0
0 41 40
240 41 0
0 53 32
240 53 0
0 53 40
480 53 0
480 41 40
240 41 0
0 53 32
240 53 0
0 53 40
480 53 0
480 46 40
960 46 0
0 47 40
480 47 0
0 48 40
480 48 0
0 36 40
480 36 0
480 41 40
240 41 0
0 53 31
240 53 0
0 41 34
240 41 0
0 53 31
240 53 0
0 41 34
240 41 0
0 53 31
240 53 0
0 41 40
240 41 0
0 53 31
240 53 0
0 41 35
240 41 0
0 53 31
240 53 0
0 41 34
240 41 0
0 53 31
240 53 0
0 41 40
240 41 0
0 53 33
240 53 0
0 41 38
240 41 0
0 53 33
240 53 0
0 41 38
240 41 0
0 53 33
240 53 0
0 41 40
240 41 0
0 53 32
240 53 0
0 41 37
240 41 0
0 53 32
240 53 0
0 41 37
240 41 0
0 53 32
240 53 0
0 59 26
240 59 0
0 55 20
240 55 0
0 59 26
240 59 0
0 55 20
240 55 0
0 60 26
240 60 0
0 55 20
240 55 0
0 65 26
240 65 0
0 55 20
240 55 0
0 65 26
240 65 0
0 55 20
240 55 0
0 64 26
240 64 0
0 55 20
240 55 0
0 59 26
240 59 0
0 55 20
240 55 0
0 59 26
240 59 0
0 55 20
240 55 0
0 60 26
240 60 0
0 55 20
240 55 0
0 65 26
240 65 0
0 55 20
240 55 0
0 65 26
240 65 0
0 55 20
240 55 0
0 64 26
240 64 0
0 60 20
240 60 0
0 65 43
120 65 0
360 67 35
120 67 0
360 55 33
120 55 0
360 60 34
0 64 40
480 64 0
0 60 0
1200 67 55
120 67 0
0 66 48
120 66 0
0 67 53
90 67 0
150 55 48
120 55 0
120 57 46
120 57 0
120 59 40
120 59 0
120 60 40
480 60 0
1200 67 55
120 67 0
0 66 48
120 66 0
0 67 53
90 67 0
150 55 48
120 55 0
120 57 46
120 57 0
120 59 40
120 59 0
120 60 40
360 60 0
0 53 33
120 53 0
0 55 40
480 55 0
0 43 38
480 43 0
0 48 40
480 48 0
1200 55 49
120 55 0
0 54 43
120 54 0
0 55 47
90 55 0
150 43 43
120 43 0
120 45 41
120 45 0
120 47 36
120 47 0
120 48 40
480 48 0
1200 55 49
120 55 0
0 54 43
120 54 0
0 55 47
90 55 0
150 43 43
120 43 0
120 45 41
120 45 0
120 47 36
120 47 0
120 48 36
240 48 0
0 41 32
240 41 0
0 43 40
480 43 0
0 43 39
480 43 0
0 36 57
240 36 0
0 48 36
240 48 0
0 48 47
480 48 0
480 36 58
240 36 0
0 48 36
240 48 0
0 48 50
480 48 0
480 48 51
0 36 43
240 36 0
0 48 0
240 48 39
0 36 43
240 36 0
0 48 0
720 60 26
1440 60 0
0 60 38
1440 60 0
0 60 43
1440 60 0
0 61 47
240 61 0
0 57 41
240 57 0
0 61 47
240 61 0
0 57 42
240 57 0
0 61 46
240 61 0
0 57 40
240 57 0
0 62 47
240 62 0
0 57 41
240 57 0
0 64 47
240 64 0
0 57 42
240 57 0
0 65 46
240 65 0
0 57 40
240 57 0
0 61 47
240 61 0
0 57 41
240 57 0
0 61 47
240 61 0
0 57 42
240 57 0
0 61 46
240 61 0
0 57 40
240 57 0
0 62 47
240 62 0
0 57 41
240 57 0
0 64 47
240 64 0
0 57 42
240 57 0
0 65 46
240 65 0
0 57 40
240 57 0
0 66 37
120 66 0
120 66 26
120 66 0
120 66 32
480 66 0
480 67 37
120 67 0
120 67 26
120 67 0
120 67 32
480 67 0
480 64 37
120 64 0
120 64 26
120 64 0
120 64 32
480 64 0
480 65 37
120 65 0
120 65 26
120 65 0
120 65 32
480 65 0
480 55 39
0 62 47
240 62 0
0 55 0
0 55 34
0 62 41
240 62 0
0 55 0
0 55 34
0 62 47
240 62 0
0 55 0
0 55 34
0 62 42
240 62 0
0 55 0
0 55 34
0 62 46
240 62 0
0 55 0
0 55 34
0 62 40
240 62 0
0 55 0
0 48 47
240 48 0
0 60 41
240 60 0
0 48 47
240 48 0
0 60 42
240 60 0
0 48 46
240 48 0
0 60 40
240 60 0
0 48 49
240 48 0
0 60 43
240 60 0
0 48 50
240 48 0
0 60 46
240 60 0
0 48 51
240 48 0
0 60 45
240 60 0
0 48 53
240 48 0
0 60 47
240 60 0
0 48 53
240 48 0
0 60 47
240 60 0
0 48 53
240 48 0
0 60 47
240 60 0
0 48 53
480 48 0
2400 41 25
240 41 0
0 53 18
240 53 0
0 41 20
240 41 0
0 53 18
240 53 0
0 41 30
240 41 0
0 53 26
240 53 0
0 41 36
240 41 0
0 53 21
240 53 0
0 41 24
240 41 0
0 53 21
240 53 0
0 41 23
240 41 0
0 53 21
240 53 0
0 41 28
240 41 0
0 53 23
240 53 0
0 41 26
240 41 0
0 53 23
240 53 0
0 41 26
240 41 0
0 53 23
240 53 0
0 41 28
240 41 0
0 53 22
240 53 0
0 41 25
240 41 0
0 53 22
240 53 0
0 41 25
240 41 0
0 53 22
240 53 0
0 57 40
240 57 0
0 53 32
240 53 0
0 57 37
240 57 0
0 53 32
240 53 0
0 58 37
240 58 0
0 53 32
240 53 0
0 63 40
240 63 0
0 53 32
240 53 0
0 63 37
240 63 0
0 53 32
240 53 0
0 62 39
240 62 0
0 53 32
240 53 0
0 57 40
240 57 0
0 53 32
240 53 0
0 57 38
240 57 0
0 53 32
240 53 0
0 58 38
240 58 0
0 53 32
240 53 0
0 54 36
240 54 0
0 62 28
240 62 0
0 54 34
240 54 0
0 62 28
240 62 0
0 55 34
240 55 0
0 62 28
240 62 0
0 52 48
0 55 48
0 60 57
960 60 0
0 55 0
0 52 0
0 53 40
0 57 40
0 60 48
480 60 0
0 57 0
0 53 0
0 52 48
0 55 48
0 60 57
960 60 0
0 55 0
0 52 0
0 57 40
0 53 40
0 60 48
480 60 0
0 53 0
0 57 0
0 58 43
120 58 0
360 60 35
120 60 0
360 48 33
120 48 0
360 53 34
0 57 40
480 57 0
0 53 0
1200 60 55
120 60 0
0 59 48
120 59 0
0 60 53
90 60 0
150 48 48
120 48 0
120 50 46
120 50 0
120 52 40
120 52 0
120 53 40
480 53 0
1200 60 55
120 60 0
0 59 48
120 59 0
0 60 53
90 60 0
150 48 48
120 48 0
120 50 46
120 50 0
120 52 40
120 52 0
120 53 40
360 53 0
0 46 33
120 46 0
0 48 40
480 48 0
0 36 38
480 36 0
0 41 40
480 41 0
1200 72 55
120 72 0
0 71 48
120 71 0
0 72 53
90 72 0
150 60 48
120 60 0
120 62 46
120 62 0
120 64 40
120 64 0
120 65 40
480 65 0
1200 72 55
120 72 0
0 71 48
120 71 0
0 72 53
90 72 0
150 60 48
120 60 0
120 62 46
120 62 0
120 64 40
120 64 0
120 65 36
240 65 0
0 58 32
240 58 0
0 60 40
480 60 0
0 48 39
480 48 0
0 53 43
0 57 51
240 57 0
0 53 0
0 53 27
0 57 32
240 57 0
0 53 0
0 53 35
0 57 42
480 57 0
0 53 0
480 53 44
0 57 52
240 57 0
0 53 0
0 53 27
0 57 32
240 57 0
0 53 0
0 53 37
0 57 45
480 57 0
0 53 0
480 41 51
240 41 0
240 53 39
0 41 12
240 41 0
0 53 0
720 60 26
1440 60 0
0 60 38
1440 60 0
0 60 43
1440 60 0
0 61 47
240 61 0
0 57 41
240 57 0
0 61 47
240 61 0
0 57 42
240 57 0
0 61 46
240 61 0
0 57 40
240 57 0
0 62 47
240 62 0
0 57 41
240 57 0
0 64 47
240 64 0
0 57 42
240 57 0
0 65 46
240 65 0
0 57 40
240 57 0
0 61 47
240 61 0
0 57 41
240 57 0
0 61 47
240 61 0
0 57 42
240 57 0
0 61 46
240 61 0
0 57 40
240 57 0
0 62 47
240 62 0
0 57 41
240 57 0
0 64 47
240 64 0
0 57 42
240 57 0
0 65 46
240 65 0
0 57 40
240 57 0
0 66 37
120 66 0
120 66 26
120 66 0
120 66 32
480 66 0
480 67 37
120 67 0
120 67 26
120 67 0
120 67 32
480 67 0
480 64 37
120 64 0
120 64 26
120 64 0
120 64 32
480 64 0
480 65 37
120 65 0
120 65 26
120 65 0
120 65 32
480 65 0
480 55 39
0 62 47
240 62 0
0 55 0
0 55 34
0 62 41
240 62 0
0 55 0
0 55 34
0 62 47
240 62 0
0 55 0
0 55 34
0 62 42
240 62 0
0 55 0
0 55 34
0 62 46
240 62 0
0 55 0
0 55 34
0 62 40
240 62 0
0 55 0
0 48 47
240 48 0
0 60 41
240 60 0
0 48 47
240 48 0
0 60 42
240 60 0
0 48 46
240 48 0
0 60 40
240 60 0
0 48 49
240 48 0
0 60 43
240 60 0
0 48 50
240 48 0
0 60 46
240 60 0
0 48 51
240 48 0
0 60 45
240 60 0
0 48 53
240 48 0
0 60 47
240 60 0
0 48 53
240 48 0
0 60 47
240 60 0
0 48 53
240 48 0
0 60 47
240 60 0
0 48 53
480 48 0
2400 41 25
240 41 0
0 53 18
240 53 0
0 41 20
240 41 0
0 53 18
240 53 0
0 41 30
240 41 0
0 53 26
240 53 0
0 41 36
240 41 0
0 53 21
240 53 0
0 41 24
240 41 0
0 53 21
240 53 0
0 41 23
240 41 0
0 53 21
240 53 0
0 41 28
240 41 0
0 53 23
240 53 0
0 41 26
240 41 0
0 53 23
240 53 0
0 41 26
240 41 0
0 53 23
240 53 0
0 41 28
240 41 0
0 53 22
240 53 0
0 41 25
240 41 0
0 53 22
240 53 0
0 41 25
240 41 0
0 53 22
240 53 0
0 57 40
240 57 0
0 53 32
240 53 0
0 57 37
240 57 0
0 53 32
240 53 0
0 58 37
240 58 0
0 53 32
240 53 0
0 63 40
240 63 0
0 53 32
240 53 0
0 63 37
240 63 0
0 53 32
240 53 0
0 62 39
240 62 0
0 53 32
240 53 0
0 57 40
240 57 0
0 53 32
240 53 0
0 57 38
240 57 0
0 53 32
240 53 0
0 58 38
240 58 0
0 53 32
240 53 0
0 54 36
240 54 0
0 62 28
240 62 0
0 54 34
240 54 0
0 62 28
240 62 0
0 55 34
240 55 0
0 62 28
240 62 0
0 60 57
0 55 48
0 52 48
960 52 0
0 55 0
0 60 0
0 60 48
0 57 40
0 53 40
480 53 0
0 57 0
0 60 0
0 55 48
0 52 48
0 60 57
960 60 0
0 52 0
0 55 0
0 57 40
0 60 48
0 53 40
480 53 0
0 60 0
0 57 0
0 58 43
120 58 0
360 60 35
120 60 0
360 48 33
120 48 0
360 57 40
0 53 34
480 53 0
0 57 0
1200 60 55
120 60 0
0 59 48
120 59 0
0 60 53
90 60 0
150 48 48
120 48 0
120 50 46
120 50 0
120 52 40
120 52 0
120 53 40
480 53 0
1200 60 55
120 60 0
0 59 48
120 59 0
0 60 53
90 60 0
150 48 48
120 48 0
120 50 46
120 50 0
120 52 40
120 52 0
120 53 40
360 53 0
0 46 33
120 46 0
0 48 40
480 48 0
0 36 38
480 36 0
0 41 40
480 41 0
1200 72 55
120 72 0
0 71 48
120 71 0
0 72 53
90 72 0
150 60 48
120 60 0
120 62 46
120 62 0
120 64 40
120 64 0
120 65 40
480 65 0
1200 72 55
120 72 0
0 71 48
120 71 0
0 72 53
90 72 0
150 60 48
120 60 0
120 62 46
120 62 0
120 64 40
120 64 0
120 65 36
240 65 0
0 58 32
240 58 0
0 60 40
480 60 0
0 48 39
480 48 0
0 57 51
0 53 43
240 53 0
0 57 0
0 57 32
0 53 27
240 53 0
0 57 0
0 53 35
0 57 42
480 57 0
0 53 0
480 53 44
0 57 52
240 57 0
0 53 0
0 53 27
0 57 32
240 57 0
0 53 0
0 53 37
0 57 45
480 57 0
0 53 0
480 41 51
240 41 0
240 53 39
0 41 12
240 41 0
0 53 0
