0 76 42
120 76 0
0 74 39
120 74 0
0 72 42
60 72 0
180 72 39
60 72 0
180 79 59
480 79 0
0 77 42
120 77 0
0 76 38
120 76 0
0 74 46
240 74 0
0 77 42
240 77 0
0 71 39
240 71 0
0 72 45
240 72 0
0 67 42
120 67 0
120 67 42
120 67 0
120 76 42
120 76 0
0 74 39
120 74 0
0 72 42
60 72 0
180 72 39
60 72 0
180 79 63
480 79 0
0 77 42
120 77 0
0 76 38
120 76 0
0 74 46
120 74 0
0 76 40
120 76 0
0 77 45
120 77 0
0 76 39
120 76 0
0 77 39
120 77 0
0 74 36
120 74 0
0 72 45
240 72 0
480 76 67
120 76 0
0 74 62
120 74 0
0 72 67
60 72 0
180 72 63
60 72 0
180 79 78
480 79 0
0 77 67
120 77 0
0 76 60
120 76 0
0 74 74
240 74 0
0 77 67
240 77 0
0 71 63
240 71 0
0 72 71
240 72 0
0 67 67
120 67 0
120 67 67
120 67 0
120 76 67
120 76 0
0 74 62
120 74 0
0 72 67
60 72 0
180 72 63
60 72 0
180 79 78
480 79 0
0 77 67
120 77 0
0 76 60
120 76 0
0 74 74
120 74 0
0 76 64
120 76 0
0 77 71
120 77 0
0 76 63
120 76 0
0 77 63
120 77 0
0 74 58
120 74 0
0 72 71
240 72 0
480 67 42
120 67 0
0 65 39
120 65 0
0 64 42
120 64 0
120 64 39
120 64 0
120 69 42
120 69 0
0 67 39
120 67 0
0 65 42
120 65 0
120 65 39
120 65 0
120 62 63
120 62 0
0 65 57
120 65 0
0 71 63
120 71 0
0 65 55
120 65 0
0 71 62
120 71 0
0 65 55
120 65 0
0 64 68
240 64 0
0 67 55
240 67 0
0 72 63
240 72 0
0 67 42
120 67 0
0 65 39
120 65 0
0 64 42
120 64 0
120 64 39
120 64 0
120 76 42
120 76 0
0 74 39
120 74 0
0 72 42
120 72 0
120 72 39
120 72 0
120 66 63
120 66 0
0 67 57
120 67 0
0 69 63
120 69 0
0 71 55
120 71 0
0 72 62
120 72 0
0 69 55
120 69 0
0 67 63
480 67 0
0 83 64
120 83 0
0 84 67
120 84 0
0 86 71
120 86 0
0 84 66
120 84 0
0 83 68
120 83 0
0 81 63
120 81 0
0 79 65
120 79 0
0 78 63
120 78 0
0 76 63
120 76 0
0 74 61
120 74 0
0 72 63
120 72 0
0 71 60
120 71 0
0 69 63
120 69 0
0 67 62
120 67 0
0 66 63
120 66 0
0 67 57
120 67 0
0 69 63
120 69 0
0 71 55
120 71 0
0 72 62
120 72 0
0 69 55
120 69 0
0 67 63
480 67 0
0 83 64
120 83 0
0 84 67
120 84 0
0 86 71
120 86 0
0 84 66
120 84 0
0 83 68
120 83 0
0 81 63
120 81 0
0 79 65
120 79 0
0 78 63
120 78 0
0 77 63
60 77 0
180 77 59
60 77 0
180 86 59
120 86 0
0 83 53
120 83 0
0 77 63
60 77 0
180 77 61
60 77 0
180 86 62
120 86 0
0 83 57
120 83 0
0 77 63
120 77 0
600 74 47
120 74 0
600 71 47
120 71 0
0 67 39
120 67 0
0 69 40
120 69 0
0 71 42
120 71 0
0 72 44
120 72 0
0 74 45
120 74 0
0 76 37
120 76 0
0 74 35
120 74 0
0 72 37
60 72 0
180 72 35
60 72 0
180 79 47
480 79 0
0 77 37
120 77 0
0 76 34
120 76 0
0 74 41
240 74 0
0 77 37
240 77 0
0 71 35
240 71 0
0 72 40
240 72 0
0 67 37
120 67 0
120 67 37
120 67 0
120 76 37
120 76 0
0 74 35
120 74 0
0 72 37
60 72 0
180 72 35
60 72 0
180 79 47
480 79 0
0 77 37
120 77 0
0 76 34
120 76 0
0 74 41
120 74 0
0 76 36
120 76 0
0 77 40
120 77 0
0 76 35
120 76 0
0 77 35
120 77 0
0 74 32
120 74 0
0 72 40
240 72 0
480 76 67
120 76 0
0 74 62
120 74 0
0 72 67
60 72 0
180 72 63
60 72 0
180 79 78
480 79 0
0 77 67
120 77 0
0 76 60
120 76 0
0 74 74
240 74 0
0 77 67
240 77 0
0 71 63
240 71 0
0 72 71
240 72 0
0 67 67
120 67 0
120 67 67
120 67 0
120 76 67
120 76 0
0 74 62
120 74 0
0 72 67
60 72 0
180 72 63
60 72 0
180 79 78
480 79 0
0 77 67
120 77 0
0 76 60
120 76 0
0 74 74
120 74 0
0 76 64
120 76 0
0 77 71
120 77 0
0 76 63
120 76 0
0 77 63
120 77 0
0 74 58
120 74 0
0 72 71
240 72 0
480 67 42
120 67 0
0 65 39
120 65 0
0 64 42
120 64 0
120 64 39
120 64 0
120 69 42
120 69 0
0 67 39
120 67 0
0 65 42
120 65 0
120 65 39
120 65 0
120 62 63
120 62 0
0 65 57
120 65 0
0 71 63
120 71 0
0 65 55
120 65 0
0 71 62
120 71 0
0 65 55
120 65 0
0 64 63
240 64 0
240 76 64
120 76 0
0 77 67
120 77 0
0 79 71
120 79 0
0 77 66
120 77 0
0 76 68
120 76 0
0 74 63
120 74 0
0 72 65
120 72 0
0 71 63
120 71 0
0 69 63
120 67 61
12 69 0
108 65 63
12 67 0
108 64 60
12 65 0
108 62 63
12 64 0
108 60 62
12 62 0
108 59 63
12 60 0
108 60 57
12 59 0
108 62 63
12 60 0
108 64 55
12 62 0
108 65 62
12 64 0
108 62 55
12 65 0
108 60 71
12 62 0
228 60 0
480 67 42
120 67 0
0 65 39
120 65 0
0 64 42
120 64 0
120 64 39
120 64 0
120 69 42
120 69 0
0 67 39
120 67 0
0 65 42
120 65 0
120 65 39
120 65 0
120 62 63
120 62 0
0 65 57
120 65 0
0 71 63
120 71 0
0 65 55
120 65 0
0 71 62
120 71 0
0 65 55
120 65 0
0 64 63
240 64 0
240 76 64
120 76 0
0 77 67
120 77 0
0 79 71
120 79 0
0 77 66
120 77 0
0 76 68
120 76 0
0 74 63
120 74 0
0 72 65
120 72 0
0 71 63
120 71 0
0 69 63
120 69 0
0 67 61
120 67 0
0 65 63
120 65 0
0 64 60
120 64 0
0 62 63
120 62 0
0 60 62
120 60 0
0 59 63
120 59 0
0 60 57
120 60 0
0 62 63
120 62 0
0 64 55
120 64 0
0 65 62
120 65 0
0 62 55
120 62 0
0 60 76
240 60 0
480 67 76
0 64 69
240 64 0
0 67 0
480 67 69
0 72 76
0 64 69
240 64 0
0 72 0
0 67 0
480 79 76
0 76 69
240 76 0
0 79 0
480 79 75
0 84 83
0 76 75
480 76 0
0 84 0
0 79 0
0 48 28
240 48 0
0 52 24
240 52 0
0 55 24
240 55 0
0 48 28
240 48 0
0 52 26
240 52 0
0 55 26
240 55 0
0 48 28
240 48 0
0 50 23
240 50 0
0 53 23
240 53 0
0 48 28
240 48 0
0 52 26
240 52 0
0 55 26
240 55 0
0 48 28
240 48 0
0 52 24
240 52 0
0 55 24
240 55 0
0 48 28
240 48 0
0 52 26
240 52 0
0 55 26
240 55 0
0 43 28
240 43 0
0 50 23
240 50 0
0 55 23
240 55 0
0 48 28
240 48 0
0 52 23
240 52 0
0 55 23
240 55 0
0 48 45
240 48 0
0 52 39
240 52 0
0 55 39
240 55 0
0 48 45
240 48 0
0 52 41
240 52 0
0 55 41
240 55 0
0 48 45
240 48 0
0 50 38
240 50 0
0 53 38
240 53 0
0 48 45
240 48 0
0 52 41
240 52 0
0 55 41
240 55 0
0 48 45
240 48 0
0 52 39
240 52 0
0 55 39
240 55 0
0 48 45
240 48 0
0 52 41
240 52 0
0 55 41
240 55 0
0 43 45
240 43 0
0 50 38
240 50 0
0 55 38
240 55 0
0 48 45
240 48 0
0 52 38
240 52 0
0 55 38
240 55 0
0 60 28
480 60 0
240 60 28
480 60 0
240 60 45
240 60 0
0 60 39
240 60 0
0 60 39
240 60 0
0 60 45
240 60 0
0 60 39
240 60 0
0 60 39
240 60 0
0 60 28
480 60 0
240 55 28
0 60 28
480 60 0
0 55 0
240 50 38
0 57 45
240 57 0
0 50 0
0 50 33
0 57 39
240 57 0
0 50 0
0 50 33
0 57 39
240 57 0
0 50 0
0 55 38
0 59 45
240 59 0
0 55 0
0 55 33
0 59 39
240 59 0
0 55 0
0 55 33
0 59 39
240 59 0
0 55 0
0 55 38
0 59 45
240 59 0
0 55 0
0 55 33
0 59 39
240 59 0
0 55 0
0 55 33
0 59 39
240 59 0
0 55 0
0 55 38
0 60 45
240 60 0
0 55 0
0 55 33
0 60 39
240 60 0
0 55 0
0 55 33
0 60 39
240 60 0
0 55 0
0 50 38
0 57 45
240 57 0
0 50 0
0 50 33
0 57 39
240 57 0
0 50 0
0 50 33
0 57 39
240 57 0
0 50 0
0 55 38
0 59 45
240 59 0
0 55 0
0 55 33
0 59 39
240 59 0
0 55 0
0 55 33
0 59 39
240 59 0
0 55 0
0 55 38
0 59 45
240 59 0
0 55 0
0 55 33
0 59 39
240 59 0
0 55 0
0 55 33
0 59 39
240 59 0
0 55 0
0 55 38
0 59 45
120 59 0
0 55 0
600 55 38
0 59 45
120 59 0
0 55 0
600 55 41
240 55 0
0 59 38
240 59 0
0 62 34
240 62 0
0 55 30
240 55 0
0 59 29
240 59 0
0 62 24
240 62 0
720 48 25
240 48 0
0 52 21
240 52 0
0 55 21
240 55 0
0 48 25
240 48 0
0 52 23
240 52 0
0 55 23
240 55 0
0 48 25
240 48 0
0 50 20
240 50 0
0 53 20
240 53 0
0 48 25
240 48 0
0 52 23
240 52 0
0 55 23
240 55 0
0 48 25
240 48 0
0 52 21
240 52 0
0 55 21
240 55 0
0 48 25
240 48 0
0 52 23
240 52 0
0 55 23
240 55 0
0 43 25
240 43 0
0 50 20
240 50 0
0 55 20
240 55 0
0 48 25
240 48 0
0 52 20
240 52 0
0 55 20
240 55 0
0 48 45
240 48 0
0 52 39
240 52 0
0 55 39
240 55 0
0 48 45
240 48 0
0 52 41
240 52 0
0 55 41
240 55 0
0 48 45
240 48 0
0 50 38
240 50 0
0 53 38
240 53 0
0 48 45
240 48 0
0 52 41
240 52 0
0 55 41
240 55 0
0 48 45
240 48 0
0 52 39
240 52 0
0 55 39
240 55 0
0 48 45
240 48 0
0 52 41
240 52 0
0 55 41
240 55 0
0 43 45
240 43 0
0 50 38
240 50 0
0 55 38
240 55 0
0 48 45
240 48 0
0 52 38
240 52 0
0 55 38
240 55 0
0 60 28
480 60 0
240 60 28
480 60 0
240 60 45
240 60 0
0 60 39
240 60 0
0 60 39
240 60 0
0 60 45
240 60 0
0 55 39
240 55 0
0 52 39
240 52 0
0 48 45
240 48 0
0 50 39
240 50 0
0 52 39
240 52 0
0 53 45
480 53 0
240 43 45
480 43 0
240 48 45
240 48 0
0 52 38
240 52 0
0 55 38
240 55 0
0 60 28
480 60 0
240 60 28
480 60 0
240 60 45
240 60 0
0 60 39
240 60 0
0 60 39
240 60 0
0 60 45
240 60 0
0 55 39
240 55 0
0 52 39
240 52 0
0 48 45
240 48 0
0 50 39
240 50 0
0 52 39
240 52 0
0 53 47
240 53 0
0 53 39
240 53 0
0 53 39
240 53 0
0 43 48
240 43 0
0 43 41
240 43 0
0 43 42
240 43 0
0 48 53
240 48 0
0 52 40
240 52 0
0 55 40
240 55 0
0 48 53
240 48 0
0 52 40
240 52 0
0 55 40
240 55 0
0 48 53
240 48 0
0 52 40
240 52 0
0 55 40
240 55 0
0 48 53
240 48 0
0 52 40
240 52 0
0 55 40
240 55 0
0 48 53
480 48 0
