6240 53 21
0 55 25
120 55 0
0 53 0
120 53 21
0 55 25
120 55 0
0 53 0
2040 41 19
0 43 23
120 43 0
0 41 0
6600 79 40
960 65 17
0 67 21
120 67 0
0 65 0
120 65 17
0 67 21
720 79 0
480 67 0
0 65 0
0 65 17
0 67 21
1440 63 33
480 67 0
0 65 0
0 65 17
0 67 21
1440 63 0
0 61 33
480 67 0
0 65 0
0 65 17
0 67 21
1440 61 0
0 63 33
480 67 0
0 65 0
0 65 17
0 67 21
480 63 0
0 63 33
960 63 0
0 61 35
480 67 0
0 65 0
0 65 17
0 67 21
1440 67 0
0 65 0
0 61 0
480 41 22
0 43 26
120 43 0
0 41 0
120 41 24
0 43 29
120 43 0
0 41 0
2040 41 19
0 43 23
120 43 0
0 41 0
3720 41 19
0 43 23
120 43 0
0 41 0
840 67 26
0 65 26
480 65 0
0 67 0
0 60 17
0 62 21
480 62 0
0 60 0
0 65 24
0 67 24
480 67 0
0 65 0
0 60 17
0 62 21
480 62 0
0 60 0
0 67 25
0 65 21
480 65 0
0 67 0
0 60 17
0 62 21
480 62 0
0 60 0
0 65 19
0 67 23
480 67 0
0 65 0
0 60 17
0 62 21
480 62 0
0 60 0
0 65 30
480 65 0
0 62 36
960 62 0
0 65 34
240 65 0
0 67 34
240 67 0
0 60 36
240 60 0
0 62 30
240 62 0
0 65 36
960 65 0
0 62 30
240 62 0
0 60 27
220 60 0
20 60 34
240 60 0
0 62 28
220 62 0
20 62 31
480 62 0
0 60 31
480 60 0
0 65 35
480 65 0
0 62 29
1440 72 33
240 72 0
0 69 29
240 69 0
0 62 0
0 60 21
0 62 21
0 67 33
240 67 0
0 65 32
240 65 0
0 67 33
960 67 0
0 69 37
240 69 0
0 72 33
240 72 0
0 62 0
0 60 0
0 60 21
0 62 21
0 67 42
480 67 0
0 74 42
480 74 0
0 72 35
480 72 0
0 69 33
480 69 0
0 62 0
0 60 0
0 60 21
0 62 21
0 67 32
240 67 0
0 65 26
240 65 0
0 67 33
480 67 0
0 69 35
480 69 0
0 72 41
480 72 0
0 62 0
0 60 0
0 60 21
0 62 21
0 67 34
1920 67 0
0 62 0
0 60 0
480 44 21
0 46 25
120 46 0
0 44 0
120 44 21
0 46 25
720 46 0
0 44 0
0 44 21
0 46 25
120 46 0
0 44 0
1560 46 31
0 44 26
480 44 0
0 46 0
0 58 37
0 56 31
240 56 0
0 58 0
480 44 21
0 46 25
120 46 0
0 44 0
120 44 21
0 46 25
720 46 0
0 44 0
0 44 21
0 46 25
120 46 0
0 44 0
840 48 31
0 46 26
120 46 0
0 48 0
360 58 31
0 60 37
120 60 0
0 58 0
1320 58 26
0 61 26
0 66 31
120 66 0
0 61 0
0 58 0
120 58 26
0 61 26
0 66 31
120 66 0
0 61 0
0 58 0
120 65 29
0 60 24
0 56 24
480 56 0
0 60 0
0 65 0
0 65 25
0 60 21
0 56 21
480 56 0
0 60 0
0 65 0
480 54 26
0 58 26
0 63 31
120 63 0
0 58 0
0 54 0
120 54 26
0 58 26
0 63 31
120 63 0
0 58 0
0 54 0
120 61 29
0 56 24
0 53 24
480 53 0
0 56 0
0 61 0
0 59 21
0 70 35
0 65 27
0 62 21
480 62 0
0 59 0
0 70 0
0 65 0
480 58 26
0 61 26
0 66 31
120 66 0
0 61 0
0 58 0
120 58 26
0 61 26
0 66 31
120 66 0
0 61 0
0 58 0
120 65 29
0 60 24
0 56 24
120 56 0
0 60 0
0 65 0
120 56 22
0 60 22
0 65 27
120 65 0
0 60 0
0 56 0
120 65 25
0 60 21
0 56 21
120 56 0
0 60 0
0 65 0
120 56 19
0 60 19
0 65 23
120 65 0
0 60 0
0 56 0
600 54 26
0 58 26
0 63 31
120 63 0
0 58 0
0 54 0
120 54 26
0 58 26
0 63 31
120 63 0
0 58 0
0 54 0
120 61 29
0 58 24
0 54 24
480 54 0
0 58 0
0 61 0
0 53 21
0 63 27
0 56 21
480 56 0
0 63 0
0 53 0
0 52 19
0 55 19
0 58 24
2400 58 0
0 55 0
0 52 0
1440 51 20
0 55 24
960 51 0
0 49 20
960 49 0
0 55 0
0 51 20
0 55 24
480 51 0
0 51 20
480 51 0
0 49 20
960 49 0
0 55 0
0 67 24
0 63 24
0 55 24
1920 55 0
0 63 0
0 67 0
0 73 31
0 69 31
0 61 31
1920 61 0
0 69 0
0 73 0
0 51 20
0 55 24
960 51 0
0 49 20
960 49 0
0 55 0
0 51 20
0 55 24
480 51 0
0 51 20
480 51 0
0 49 20
960 49 0
0 55 0
0 79 35
0 83 37
0 71 31
2880 71 0
0 83 0
0 79 0
960 55 38
0 59 45
480 59 0
0 55 0
0 59 41
0 55 34
120 55 0
0 59 0
120 59 41
0 55 34
120 55 0
0 59 0
120 58 43
0 54 36
120 54 0
0 58 0
120 58 37
0 54 31
120 54 0
0 58 0
120 58 37
0 54 31
120 54 0
0 58 0
120 58 37
0 54 31
120 54 0
0 58 0
120 53 38
0 57 45
480 57 0
0 53 0
0 57 41
6 53 34
114 57 0
6 53 0
114 57 41
0 53 34
120 53 0
0 57 0
120 56 43
0 52 36
480 52 0
0 56 0
0 60 37
0 56 31
480 56 0
0 60 0
0 55 39
0 59 46
480 59 0
0 55 0
0 64 45
0 57 38
480 57 0
0 64 0
0 59 44
0 67 52
480 67 0
0 59 0
0 57 38
0 64 45
480 64 0
0 57 0
0 55 42
0 59 50
480 59 0
0 55 0
0 57 43
0 52 36
480 52 0
0 57 0
0 59 47
0 55 39
1440 55 0
0 59 0
0 57 45
0 52 38
480 52 0
0 57 0
0 59 52
0 55 37
480 55 0
0 59 0
0 64 50
0 57 42
480 57 0
0 64 0
0 59 54
0 55 45
960 55 0
0 59 0
0 52 30
0 57 43
480 57 0
0 52 0
0 59 42
0 55 35
480 55 0
0 59 0
0 58 48
0 61 48
470 61 0
1450 58 0
240 49 30
240 49 0
0 61 38
0 58 38
240 58 0
0 61 0
0 49 30
720 49 0
0 49 33
240 49 0
480 49 30
240 49 0
0 61 38
0 58 38
240 58 0
0 61 0
0 49 30
240 49 0
240 49 37
120 49 0
360 49 41
120 49 0
360 49 30
240 49 0
0 61 38
0 58 38
240 58 0
0 61 0
0 49 30
720 49 0
0 49 33
240 49 0
240 51 30
0 58 30
0 63 51
480 63 0
0 63 47
120 63 0
120 63 40
120 63 0
120 58 0
0 51 0
0 53 27
0 58 27
0 61 46
120 61 0
120 61 40
120 61 0
120 61 46
120 61 0
120 61 41
120 61 0
120 58 0
0 53 0
0 54 30
0 58 30
0 60 51
480 60 0
0 54 0
0 55 25
0 60 44
120 60 0
120 60 33
120 60 0
120 55 0
0 58 0
0 56 23
0 59 39
480 66 50
480 66 0
0 59 0
0 56 0
0 63 40
0 58 37
0 51 37
960 70 37
240 70 0
0 70 45
240 70 0
1435 58 0
5 58 40
240 58 0
0 58 33
240 58 0
480 51 0
0 63 0
0 63 33
0 58 33
0 51 33
960 70 31
240 70 0
0 70 37
240 70 0
1435 58 0
5 58 30
240 58 0
0 58 24
240 58 0
480 51 0
0 63 0
0 70 30
0 77 33
480 77 0
0 70 0
0 70 30
0 74 39
120 70 0
120 70 30
120 70 0
120 69 30
120 69 0
120 69 30
120 69 0
120 74 0
0 69 28
0 77 37
120 69 0
120 77 0
0 69 28
0 79 37
120 69 0
120 79 0
0 67 30
0 72 39
240 72 0
0 74 33
240 74 0
0 67 0
0 67 30
0 77 39
120 67 0
120 67 30
120 67 0
120 65 30
480 65 0
0 77 0
0 74 33
240 72 27
220 72 0
20 74 0
0 72 37
0 70 30
240 72 0
0 74 30
220 74 0
20 70 0
0 74 34
0 70 30
120 70 0
120 70 30
120 70 0
120 74 0
0 72 34
0 69 30
120 69 0
120 69 30
120 69 0
120 72 0
0 69 28
0 77 38
120 69 0
120 69 28
120 69 0
120 77 0
0 74 31
0 67 30
480 67 0
0 67 30
120 67 0
120 67 30
120 67 0
120 65 30
480 65 0
0 62 30
0 72 31
240 72 0
0 69 28
240 69 0
0 62 0
0 74 0
0 62 21
0 67 31
0 60 21
240 67 0
0 65 30
240 65 0
0 67 31
960 67 0
0 69 36
240 69 0
0 72 31
240 72 0
0 60 0
0 62 0
0 67 40
0 62 21
0 60 21
480 67 0
0 74 40
480 74 0
0 72 34
480 72 0
0 69 31
480 69 0
0 60 0
0 62 0
0 62 21
0 60 21
0 67 30
240 67 0
0 65 25
240 65 0
0 67 31
480 67 0
0 69 34
480 69 0
0 72 39
480 72 0
0 60 0
0 62 0
0 60 21
0 67 33
0 62 21
3600 67 0
0 65 30
240 65 0
0 62 0
0 60 0
0 60 21
0 67 31
0 62 21
3360 62 0
0 67 0
0 60 0
480 48 21
0 50 28
1920 50 0
0 48 0
0 48 21
0 50 28
1920 50 0
0 48 0
0 48 21
0 50 28
3840 50 0
0 48 0
0 53 21
0 55 28
960 75 37
960 75 0
960 73 36
960 73 0
1920 55 0
0 53 0
0 41 34
480 41 0
0 38 40
960 38 0
0 41 38
240 41 0
0 43 38
240 43 0
0 36 40
240 36 0
0 38 34
240 38 0
0 41 40
960 41 0
0 38 34
240 38 0
0 36 31
220 36 0
20 36 38
240 36 0
0 38 32
220 38 0
20 38 35
480 38 0
0 36 35
480 36 0
0 41 39
480 41 0
0 38 33
3360 38 0
0 36 31
240 36 0
0 33 27
240 33 0
0 31 31
240 31 0
0 29 29
240 29 0
0 31 31
960 31 0
0 33 34
240 33 0
0 36 31
240 36 0
0 31 38
480 31 0
0 38 38
480 38 0
0 36 33
480 36 0
0 33 30
480 33 0
0 31 29
240 31 0
0 29 24
240 29 0
0 31 30
480 31 0
0 33 33
480 33 0
0 36 37
480 36 0
0 31 30
960 55 14
0 53 11
120 53 0
0 55 0
120 55 14
0 53 11
1200 53 0
0 55 0
0 53 11
0 55 14
1440 31 0
480 55 0
0 53 0
0 53 11
0 55 14
1920 55 0
0 53 0
0 53 11
0 55 14
1920 55 0
0 53 0
0 53 11
0 55 14
1920 55 0
0 53 0
0 53 11
0 55 14
1440 55 0
0 53 0
0 39 26
1920 39 0
0 37 26
2880 37 0
0 34 26
960 34 0
0 30 19
960 30 0
0 29 13
0 31 15
120 31 0
0 29 0
840 53 13
0 55 16
480 55 0
0 53 0
0 50 17
0 48 14
480 48 0
0 50 0
0 41 16
480 41 0
0 34 16
480 34 0
0 53 13
0 55 16
480 55 0
0 53 0
0 50 16
0 48 13
480 48 0
0 50 0
0 41 16
480 41 0
0 34 16
480 34 0
0 53 13
0 55 16
480 55 0
0 53 0
0 50 16
0 48 13
480 48 0
0 50 0
0 41 16
480 41 0
0 34 16
480 34 0
0 53 13
0 55 16
480 55 0
0 53 0
0 50 16
0 48 13
480 48 0
0 50 0
0 41 16
480 41 0
0 34 16
480 34 0
0 53 13
0 55 16
480 55 0
0 53 0
0 50 16
0 48 13
480 48 0
0 50 0
0 41 16
480 41 0
0 34 16
480 34 0
0 53 13
0 55 16
480 55 0
0 53 0
0 50 16
0 48 13
480 48 0
0 50 0
0 41 16
480 41 0
0 34 16
480 34 0
0 55 16
0 53 13
480 53 0
0 55 0
0 50 16
0 48 13
480 48 0
0 50 0
0 41 16
480 41 0
0 34 16
480 34 0
0 55 16
0 53 13
480 53 0
0 55 0
0 50 16
0 48 13
480 48 0
0 50 0
0 41 16
480 41 0
0 34 16
480 34 0
0 53 13
0 55 16
480 55 0
0 53 0
0 48 13
0 50 16
480 50 0
0 48 0
0 41 16
480 41 0
0 34 16
480 34 0
0 53 13
0 55 16
480 55 0
0 53 0
0 48 13
0 50 16
480 50 0
0 48 0
0 41 16
480 41 0
0 34 16
480 34 0
0 32 33
960 43 31
480 43 0
480 32 0
0 32 33
480 41 25
120 41 0
120 41 25
120 41 0
120 39 31
480 39 0
0 48 36
240 48 0
240 32 0
0 32 33
960 43 31
480 43 0
480 41 31
480 41 0
960 32 0
0 32 29
480 32 0
0 44 37
480 44 0
0 46 34
480 46 0
0 44 30
480 44 0
0 32 31
480 32 0
0 44 37
480 44 0
0 46 34
480 46 0
0 44 30
480 44 0
0 32 31
480 32 0
0 44 37
480 44 0
0 46 34
480 46 0
0 44 30
480 44 0
0 32 31
480 32 0
0 44 37
480 44 0
0 46 34
480 46 0
0 44 30
480 44 0
0 32 31
480 32 0
0 44 37
480 44 0
0 46 34
480 46 0
0 44 30
480 44 0
0 32 31
480 32 0
0 44 37
480 44 0
0 46 34
480 46 0
0 44 30
480 44 0
0 34 31
240 34 0
240 33 31
120 33 0
120 45 24
120 45 0
120 35 32
120 35 0
120 47 25
120 47 0
120 33 31
120 33 0
120 45 25
120 45 0
120 35 29
120 35 0
120 47 25
120 47 0
120 33 31
120 33 0
120 45 24
120 45 0
120 35 32
120 35 0
120 47 25
120 47 0
120 33 31
120 33 0
120 45 25
120 45 0
120 35 29
120 35 0
120 47 25
120 47 0
120 33 31
120 33 0
120 45 24
120 45 0
120 35 33
120 35 0
120 47 27
120 47 0
120 37 34
120 37 0
120 49 28
120 49 0
120 39 34
120 39 0
120 51 30
120 51 0
120 41 40
120 41 0
120 53 30
120 53 0
120 39 39
120 39 0
120 51 29
120 51 0
120 37 35
120 37 0
120 49 28
120 49 0
120 35 31
120 35 0
120 47 26
120 47 0
120 33 31
120 33 0
120 45 24
120 45 0
120 35 32
120 35 0
120 47 25
120 47 0
120 33 31
120 33 0
120 45 25
120 45 0
120 35 29
120 35 0
120 47 25
120 47 0
120 33 31
120 33 0
120 45 24
120 45 0
120 35 32
120 35 0
120 47 25
120 47 0
120 33 31
120 33 0
120 45 25
120 45 0
120 35 29
120 35 0
120 47 25
120 47 0
120 33 31
120 33 0
120 45 24
120 45 0
120 35 34
120 35 0
120 47 27
120 47 0
120 37 34
120 37 0
120 49 28
120 49 0
120 39 38
120 39 0
120 51 35
120 51 0
120 41 40
120 41 0
120 53 33
120 53 0
120 43 42
120 43 0
120 55 34
120 55 0
120 45 48
120 45 0
120 57 39
120 57 0
120 47 50
120 47 0
120 59 42
120 59 0
120 49 35
120 49 0
120 61 39
480 61 0
240 49 35
120 49 0
120 61 41
480 61 0
240 49 35
120 49 0
120 61 39
480 61 0
240 49 35
120 49 0
120 61 41
480 61 0
240 49 35
120 49 0
120 61 39
480 61 0
240 61 35
120 61 0
120 49 41
480 49 0
240 49 29
120 49 0
120 61 42
480 61 0
240 61 30
120 61 0
120 49 38
480 49 0
240 49 35
120 49 0
120 61 39
480 61 0
240 49 35
960 49 0
0 49 29
120 49 0
120 61 39
480 61 0
240 49 30
960 49 0
0 42 30
240 49 30
120 49 0
120 61 37
120 61 0
120 49 30
120 49 0
120 49 30
120 49 0
120 49 30
120 49 0
120 61 34
120 61 0
120 49 30
120 49 0
120 42 0
0 42 38
480 42 0
0 42 35
120 42 0
120 42 30
120 42 0
120 41 34
120 41 0
120 41 30
120 41 0
120 41 34
120 41 0
120 41 31
120 41 0
120 40 38
480 40 0
0 40 32
120 40 0
120 40 24
120 40 0
120 39 29
480 39 0
0 46 37
480 46 0
0 42 38
480 42 0
0 42 35
120 42 0
120 42 30
120 42 0
120 41 34
120 41 0
120 41 30
120 41 0
120 41 34
120 41 0
120 41 31
120 41 0
120 46 30
480 46 0
0 39 28
480 39 0
0 46 30
480 46 0
0 39 25
480 39 0
0 46 30
480 46 0
0 39 25
480 39 0
0 46 30
480 46 0
0 39 26
480 39 0
0 46 30
480 46 0
0 39 25
480 39 0
0 46 30
480 46 0
0 39 26
480 39 0
0 37 30
480 37 0
0 39 25
480 39 0
0 34 30
480 34 0
0 39 26
480 39 0
0 46 27
480 46 0
0 39 22
480 39 0
0 46 25
480 46 0
0 39 21
480 39 0
0 37 24
480 37 0
0 39 19
480 39 0
0 35 22
480 35 0
0 39 18
480 39 0
0 34 17
0 41 21
3360 41 0
0 34 0
0 41 21
480 34 17
3360 34 0
0 41 0
0 41 21
480 41 0
0 55 17
0 53 14
480 53 0
0 55 0
0 50 17
0 48 14
480 48 0
0 50 0
0 41 17
480 41 0
0 34 17
480 34 0
0 55 17
0 53 14
480 53 0
0 55 0
0 50 17
0 48 14
480 48 0
0 50 0
0 41 17
480 41 0
0 34 17
480 34 0
0 53 14
0 55 17
480 55 0
0 53 0
0 48 14
0 50 17
480 50 0
0 48 0
0 41 21
480 34 21
960 34 0
0 34 27
120 34 0
120 34 27
120 34 0
120 33 27
120 33 0
120 33 27
120 33 0
120 33 25
120 33 0
120 33 25
120 33 0
120 32 27
480 32 0
0 32 27
120 32 0
120 32 27
120 32 0
115 31 27
480 31 0
5 38 27
480 38 0
0 41 0
0 41 21
480 34 27
120 34 0
120 34 27
120 34 0
120 33 27
120 33 0
120 33 27
120 33 0
120 33 25
120 33 0
120 33 25
120 33 0
120 32 27
480 32 0
0 32 27
120 32 0
120 32 27
360 32 0
360 41 0
0 31 27
480 31 0
480 30 27
240 30 0
240 29 20
480 29 0
0 38 17
480 38 0
480 30 27
240 30 0
240 29 22
480 29 0
0 38 21
480 38 0
960 30 22
960 30 0
0 29 22
960 29 0
0 26 22
960 26 0
0 22 22
5760 22 0
0 22 22
240 22 0
