360 57 49
120 57 0
0 54 49
0 69 55
0 62 49
480 62 0
0 69 0
0 54 0
360 57 46
120 57 0
0 54 48
0 62 48
0 69 54
480 69 0
0 62 0
0 54 0
0 57 45
0 62 45
0 66 65
144 66 0
16 66 60
144 66 0
16 66 57
40 62 0
0 57 0
50 66 0
10 62 45
0 66 55
30 66 0
0 69 49
30 69 0
0 62 0
0 62 48
0 67 58
240 67 0
0 66 60
180 66 0
0 54 38
30 62 38
30 62 0
0 69 63
720 69 0
0 62 0
0 54 0
0 66 56
0 74 69
120 74 0
0 66 0
0 69 56
0 76 77
120 76 0
0 69 0
0 74 52
0 78 82
360 78 0
0 69 61
0 73 67
60 73 0
0 69 0
0 76 55
60 76 0
0 66 62
0 74 75
240 74 0
0 66 0
0 74 0
0 60 43
0 66 43
0 71 64
240 71 0
0 66 0
0 60 0
0 57 47
0 61 47
0 67 56
720 67 0
0 61 0
0 57 0
0 64 50
0 67 60
120 67 0
0 64 0
0 66 50
0 69 60
120 69 0
0 66 0
0 67 56
0 71 67
360 71 0
0 67 0
0 73 63
0 69 53
120 69 0
0 73 0
0 73 57
0 76 68
240 76 0
0 73 0
0 71 53
0 74 63
240 74 0
0 71 0
0 71 56
0 74 67
60 74 0
0 76 58
60 76 0
0 74 61
120 74 0
0 71 0
0 73 56
0 69 47
480 69 0
0 73 0
0 73 56
0 76 67
120 76 0
0 73 0
0 67 49
0 71 58
120 71 0
0 67 0
0 71 54
0 74 64
360 74 0
0 71 0
0 66 48
0 69 57
90 69 0
0 66 0
30 69 51
0 73 61
240 73 0
0 69 0
0 64 45
0 67 54
240 67 0
0 64 0
0 65 49
0 71 58
240 71 0
0 65 0
0 69 54
0 66 45
480 66 0
0 69 0
0 69 61
0 81 70
240 81 0
0 69 0
0 66 65
0 62 45
0 54 41
160 66 0
0 66 60
160 66 0
0 66 57
100 66 0
0 62 45
0 66 55
30 66 0
0 69 49
30 69 0
0 62 0
0 54 0
0 62 0
0 67 58
0 62 48
240 67 0
0 66 60
180 66 0
0 54 38
30 62 38
30 62 0
0 69 63
450 81 45
15 86 45
15 93 50
240 93 0
0 62 0
0 69 0
0 54 0
0 86 0
0 81 0
0 67 56
0 71 56
0 74 69
120 74 0
0 71 0
0 73 56
0 76 77
120 76 0
0 73 0
0 67 0
0 66 52
0 74 52
0 78 82
360 78 0
0 67 61
0 73 67
60 73 0
0 67 0
0 76 55
60 76 0
0 66 62
0 74 75
240 74 0
0 66 0
0 74 0
0 66 0
0 71 64
0 63 43
0 66 43
240 66 0
0 63 0
0 71 0
0 57 47
0 64 47
0 67 56
450 81 45
15 85 45
15 93 50
240 93 0
0 64 0
0 67 0
0 57 0
0 85 0
0 81 0
0 64 50
0 67 60
120 67 0
0 64 0
0 69 60
0 66 50
120 66 0
0 69 0
0 67 56
0 71 67
360 71 0
0 67 0
0 73 63
0 69 53
120 69 0
0 73 0
0 76 68
0 73 57
240 73 0
0 76 0
0 74 63
0 71 53
240 71 0
0 74 0
0 74 67
0 71 56
60 74 0
0 76 58
60 76 0
0 74 61
120 74 0
0 71 0
0 73 56
0 69 47
210 81 45
15 85 45
15 93 50
240 93 0
0 81 0
0 73 0
0 69 0
0 85 0
0 73 56
0 76 67
120 76 0
0 73 0
0 67 49
0 71 58
120 71 0
0 67 0
0 74 64
0 71 54
360 71 0
0 74 0
0 69 57
0 66 48
90 66 0
0 69 0
30 73 61
0 69 51
240 69 0
0 73 0
0 67 54
0 64 45
240 64 0
0 67 0
0 65 49
0 71 58
240 71 0
0 65 0
0 66 45
0 69 54
210 81 45
15 86 45
15 93 50
240 93 0
0 81 0
0 66 0
0 69 0
0 86 0
0 66 61
0 62 61
0 74 70
240 74 0
0 62 0
0 66 0
0 66 54
0 62 54
0 74 76
160 74 0
0 73 72
160 73 0
0 71 66
160 71 0
0 62 0
0 66 0
0 67 36
0 62 36
0 73 79
210 83 59
30 73 0
0 95 63
210 62 54
15 66 54
15 95 0
0 67 0
0 83 0
0 62 0
0 74 75
240 74 0
0 66 0
0 66 66
180 67 57
60 67 0
0 66 0
0 62 0
0 62 54
0 66 65
160 66 0
0 65 61
160 65 0
0 66 67
100 66 0
0 55 54
30 62 54
30 62 0
0 67 76
160 67 0
0 71 72
160 71 0
0 74 66
130 62 0
30 74 0
0 55 0
0 73 79
0 67 36
0 62 36
210 83 59
30 62 0
0 73 0
0 67 0
0 95 63
210 62 54
15 66 54
15 95 0
0 83 0
0 74 75
240 66 0
0 71 66
240 71 0
0 62 0
0 70 71
160 70 0
0 69 67
80 74 0
0 78 54
80 69 0
0 68 73
160 68 0
0 78 0
0 69 51
0 78 72
160 78 0
0 69 0
0 68 51
0 76 67
160 76 0
0 68 0
0 67 55
0 73 67
160 73 0
0 67 0
0 74 73
0 66 50
240 66 0
0 74 0
0 65 50
0 71 65
240 71 0
0 65 0
0 64 47
0 76 72
240 76 0
0 73 66
207 64 0
3 64 46
30 73 0
0 69 64
160 69 0
0 71 64
80 64 0
0 63 44
80 71 0
0 73 71
130 63 0
0 62 38
15 69 36
15 73 0
0 76 72
160 76 0
0 74 68
160 74 0
0 73 65
160 73 0
0 69 0
0 62 0
0 62 47
0 68 47
0 73 66
240 73 0
0 71 59
240 71 0
0 68 0
0 62 0
0 69 62
0 61 46
410 61 0
10 61 39
60 61 0
0 59 42
210 59 0
0 57 42
15 61 30
15 67 42
0 81 68
240 81 0
0 61 0
0 69 0
0 57 0
0 67 0
0 66 45
0 78 65
0 74 45
144 74 0
0 78 0
0 66 0
16 66 60
0 74 60
0 78 60
144 78 0
0 74 0
0 66 0
16 66 57
0 74 57
0 78 57
90 78 0
0 74 0
0 66 0
10 74 45
0 66 45
0 78 55
30 78 0
0 66 0
0 74 0
0 81 49
30 81 0
0 67 58
0 79 58
0 74 48
240 79 0
0 67 0
0 66 60
0 78 60
240 78 0
0 66 0
0 66 38
0 81 63
450 81 45
15 86 45
15 93 50
240 93 0
0 66 0
0 81 0
0 74 0
0 86 0
0 81 0
0 74 56
0 86 69
0 78 56
120 78 0
0 86 0
0 74 0
0 76 56
0 81 56
0 88 77
120 88 0
0 81 0
0 76 0
0 78 52
0 86 52
0 90 82
360 90 0
0 73 61
0 85 67
0 81 61
60 81 0
0 73 0
0 85 0
0 88 55
60 88 0
0 74 62
0 86 75
0 78 62
240 78 0
0 74 0
0 78 0
0 86 0
0 86 0
0 71 46
0 78 46
0 83 68
0 72 46
240 72 0
0 71 0
0 78 0
0 83 0
0 67 50
0 73 50
0 79 60
450 81 45
15 85 45
15 93 50
240 93 0
0 73 0
0 79 0
0 67 0
0 85 0
0 81 0
0 67 50
0 79 66
0 76 55
120 76 0
0 79 0
0 67 0
0 70 50
0 82 66
0 78 55
120 78 0
0 82 0
0 70 0
0 71 57
0 79 57
0 83 74
360 83 0
0 79 0
0 71 0
0 73 58
0 85 77
0 82 63
120 82 0
0 85 0
0 73 0
0 76 56
0 88 80
0 85 61
240 85 0
0 88 0
0 76 0
0 74 49
0 83 53
0 86 80
240 86 0
0 83 0
0 74 0
0 82 51
0 74 51
0 86 83
0 78 51
240 86 0
0 74 0
0 73 61
0 85 73
480 85 0
0 78 0
0 82 0
0 73 0
0 70 56
0 76 61
0 82 69
120 82 0
0 76 0
0 70 0
0 71 54
0 74 59
0 83 74
120 83 0
0 74 0
0 71 0
0 73 61
0 79 67
0 85 82
360 85 0
0 79 0
0 73 0
0 74 65
0 86 81
120 86 0
0 74 0
0 78 59
0 86 64
0 90 86
240 90 0
0 86 0
0 78 0
0 76 67
0 85 73
0 88 81
240 88 0
0 85 0
0 76 0
0 73 57
0 77 59
0 85 74
240 85 0
0 77 0
0 73 0
0 74 54
0 86 80
0 78 54
480 78 0
0 86 0
0 74 0
0 62 59
0 71 59
0 74 74
240 74 0
0 71 0
0 62 0
0 64 33
0 71 36
0 73 76
160 73 0
0 76 68
80 71 0
0 64 0
0 70 46
80 76 0
0 78 65
160 78 0
0 70 0
0 69 46
0 76 71
160 69 0
0 68 44
80 76 0
0 71 66
80 68 0
0 67 42
160 67 0
0 71 0
0 74 71
0 66 60
360 66 0
0 62 50
120 71 50
240 74 0
0 74 74
240 74 0
0 71 0
0 62 0
0 71 57
0 64 57
0 73 68
80 73 0
0 76 58
80 76 0
0 78 58
80 78 0
0 64 0
0 71 0
0 76 66
80 76 0
0 83 62
80 83 0
0 90 62
80 90 0
0 88 71
80 88 0
0 85 67
80 85 0
0 83 63
80 83 0
0 78 62
40 78 0
40 76 62
40 76 0
40 71 59
40 71 0
10 66 57
15 73 57
15 74 57
360 62 50
120 71 50
240 74 0
0 66 0
0 73 0
0 74 68
240 74 0
0 62 0
0 71 0
0 71 71
0 66 38
0 62 38
160 71 0
0 73 68
160 73 0
0 74 64
130 74 0
0 64 59
30 62 0
0 66 0
0 71 70
240 71 0
0 64 0
0 62 59
0 66 64
240 62 0
0 70 68
0 63 47
240 63 0
0 61 43
240 61 0
0 60 47
240 60 0
0 70 0
0 66 0
0 66 42
0 61 42
0 70 57
240 70 0
0 61 0
0 66 0
0 64 36
0 68 62
160 68 0
0 70 69
80 64 0
0 62 36
20 73 49
60 73 0
0 70 0
0 71 56
40 62 0
120 71 0
0 65 40
0 61 40
0 70 66
240 70 0
0 61 0
0 59 35
0 68 57
240 68 0
0 59 0
0 65 0
0 58 44
0 73 63
0 66 44
720 66 0
0 73 0
0 58 0
0 61 40
0 66 40
0 70 48
240 70 0
0 66 0
0 61 0
0 61 34
0 71 48
0 65 34
160 71 0
0 73 53
160 73 0
0 77 51
160 77 0
0 65 0
0 61 0
0 65 39
0 71 39
0 75 53
60 75 0
0 77 46
60 77 0
0 75 46
120 75 0
0 71 0
0 65 0
0 61 40
0 65 40
0 71 40
0 73 51
240 73 0
0 61 0
0 65 0
0 71 0
0 58 28
0 61 48
0 70 34
160 61 0
0 63 53
160 63 0
0 65 51
160 65 0
0 63 55
40 63 0
0 65 49
40 65 0
0 63 54
80 63 0
0 61 47
80 70 0
0 58 0
0 70 53
80 61 0
0 66 40
160 66 0
0 70 0
0 71 34
0 66 48
160 66 0
0 65 52
160 65 0
0 63 48
160 63 0
0 71 0
0 71 46
0 65 46
240 65 0
0 61 46
240 61 0
0 71 0
0 61 34
0 66 34
0 70 48
160 70 0
0 71 53
160 71 0
0 72 54
160 72 0
0 66 0
0 61 0
0 66 34
0 73 57
100 77 46
60 77 0
0 73 0
0 75 52
160 75 0
0 73 48
130 73 0
0 63 39
15 65 34
15 66 0
0 71 48
160 71 0
0 73 53
160 73 0
0 77 51
160 77 0
0 65 0
0 63 0
0 66 47
0 75 55
60 75 0
0 77 48
60 77 0
0 66 0
0 75 47
90 75 0
0 59 43
15 65 43
15 73 51
240 73 0
0 65 0
0 59 0
0 66 44
0 70 52
0 58 44
480 58 0
0 70 0
0 66 0
0 66 48
0 60 48
0 69 62
160 69 0
0 74 57
160 74 0
0 71 55
160 71 0
0 60 0
0 66 0
0 69 57
0 62 44
160 69 0
0 67 48
160 67 0
0 74 48
160 74 0
0 62 0
0 65 51
0 59 38
240 65 0
0 73 53
240 73 0
0 59 0
0 66 52
0 58 48
480 58 0
0 66 0
0 64 56
0 57 56
0 66 66
160 66 0
0 69 58
80 64 0
0 63 56
80 69 0
0 67 58
160 67 0
0 63 0
0 57 0
0 57 51
0 66 61
160 66 0
0 64 56
80 57 0
0 56 51
80 64 0
0 71 55
160 71 0
0 56 0
0 55 42
0 64 50
0 61 42
240 64 0
0 65 46
240 65 0
0 61 0
0 55 0
0 62 30
0 54 30
0 66 55
128 66 0
0 54 0
0 62 0
32 55 40
0 62 40
0 66 51
128 66 0
0 62 0
0 55 0
32 56 38
0 62 38
0 66 48
100 66 0
0 62 0
0 56 0
0 62 45
0 66 55
30 66 0
0 69 49
30 69 0
0 62 0
0 67 58
0 62 48
240 67 0
0 66 60
180 66 0
0 54 38
30 62 38
30 62 0
0 69 63
240 74 34
0 78 40
210 69 45
15 74 45
15 78 0
0 74 0
0 81 50
240 81 0
0 74 0
0 69 0
0 54 0
0 62 0
0 69 0
0 66 56
0 74 63
120 74 0
0 66 0
0 76 70
0 69 56
90 69 0
0 76 0
0 74 52
30 78 75
360 78 0
0 69 61
0 73 67
60 73 0
0 69 0
0 76 55
60 76 0
0 74 70
0 69 62
240 69 0
0 74 0
0 74 0
0 60 43
0 65 43
0 71 64
120 65 0
0 66 43
120 66 0
0 71 0
0 60 0
0 64 47
0 67 56
0 57 47
240 73 32
0 76 32
0 83 40
110 67 0
127 64 0
3 76 0
0 73 0
0 83 0
0 73 37
0 71 37
0 79 45
240 79 0
0 57 0
0 62 50
0 67 60
0 64 50
15 73 0
15 71 0
90 67 0
0 64 0
0 66 50
0 69 60
120 69 0
0 66 0
0 62 0
0 67 56
0 71 67
360 71 0
0 67 0
0 69 53
0 73 63
120 73 0
0 69 0
0 76 68
0 73 57
240 73 0
0 76 0
0 74 63
0 71 53
240 71 0
0 74 0
0 71 56
0 74 67
60 74 0
0 76 58
60 76 0
0 74 61
120 74 0
0 71 0
0 69 47
0 73 56
480 73 0
0 69 0
0 73 56
0 76 67
120 76 0
0 73 0
0 67 49
0 71 58
120 71 0
0 67 0
0 71 54
0 74 64
360 74 0
0 71 0
0 66 48
0 69 57
90 69 0
0 66 0
30 69 51
0 73 61
240 73 0
0 69 0
0 67 54
0 64 45
240 64 0
0 67 0
0 61 45
0 65 49
0 71 58
240 71 0
0 65 0
0 61 0
0 62 45
0 69 54
0 66 45
480 66 0
0 69 0
0 62 0
0 74 70
0 62 61
240 62 0
0 74 0
0 74 62
0 64 62
160 64 0
0 65 56
160 65 0
0 69 56
160 69 0
0 74 0
0 74 58
0 67 66
0 72 58
160 74 0
0 74 62
80 72 0
0 70 58
80 74 0
0 76 64
160 76 0
0 70 0
0 67 0
0 79 66
0 69 66
160 79 0
0 77 64
160 77 0
0 72 61
160 72 0
0 69 0
0 69 47
40 69 0
0 70 39
40 70 0
0 69 59
80 69 0
0 67 61
160 67 0
0 65 58
160 65 0
0 70 62
0 61 68
160 61 0
0 62 57
160 62 0
0 66 59
160 66 0
0 69 58
0 64 66
160 70 0
0 70 62
80 69 0
0 67 58
80 70 0
0 73 66
158 76 66
2 73 0
0 64 0
0 67 0
0 66 66
158 76 0
2 74 64
160 74 0
0 65 61
160 65 0
0 66 0
0 62 60
0 66 59
130 66 0
0 69 39
30 69 0
0 67 61
80 62 0
0 64 50
80 67 0
0 66 58
160 66 0
0 64 0
0 63 46
0 57 46
0 66 54
160 66 0
0 67 49
160 67 0
0 69 49
160 69 0
0 67 52
240 67 0
0 66 50
240 66 0
0 57 0
0 63 0
0 62 46
0 57 46
0 66 54
160 66 0
0 71 52
160 71 0
0 66 51
160 66 0
0 57 0
0 62 0
0 62 42
0 56 42
0 64 50
480 56 0
0 62 0
0 55 50
0 59 50
160 59 0
0 55 0
0 64 0
0 58 50
0 61 50
0 67 50
160 67 0
0 61 0
0 58 0
0 57 50
0 61 50
0 66 46
100 66 0
0 61 0
0 57 0
0 57 42
0 61 42
0 66 40
30 66 0
0 67 36
30 67 0
0 66 50
190 66 0
0 61 0
0 57 0
5 55 39
15 61 39
15 64 45
15 69 55
240 69 0
0 55 0
0 61 0
0 64 0
0 54 32
0 62 32
0 69 38
360 69 0
0 69 33
120 62 0
0 54 0
0 74 39
0 81 39
480 81 0
0 74 0
0 69 0
0 54 32
0 62 32
0 66 38
360 66 0
0 69 33
120 62 0
0 54 0
0 74 39
0 81 39
480 81 0
0 74 0
0 69 0
0 54 27
0 62 33
0 66 33
480 66 0
0 62 0
0 54 0
0 66 33
0 74 33
0 78 39
480 78 0
0 74 0
0 66 0
0 86 37
0 78 37
0 74 33
960 74 0
0 78 0
0 86 0
0 38 53
0 50 53
720 50 0
0 38 0
0 33 51
0 45 51
240 45 0
0 33 0
0 38 54
0 50 54
557 50 0
0 38 0
0 33 49
0 45 49
240 45 0
0 33 0
0 38 44
0 50 44
363 56 41
60 56 0
0 50 0
0 38 0
0 57 45
224 57 0
0 45 45
208 45 0
0 38 39
0 45 39
420 56 46
60 56 0
0 45 0
0 38 0
0 57 50
183 57 0
0 45 46
240 45 0
0 38 42
0 45 49
345 56 41
60 56 0
0 45 0
0 38 0
0 57 46
194 57 0
0 45 38
0 51 42
240 51 0
0 45 0
0 38 35
0 45 35
0 52 42
268 56 43
60 56 0
0 38 0
0 45 0
0 52 0
0 57 47
171 57 0
0 45 45
240 45 0
0 38 38
0 45 38
0 49 45
337 56 46
60 56 0
0 38 0
0 45 0
0 49 0
0 57 52
240 57 0
0 45 45
177 45 0
0 38 38
0 45 38
0 52 45
117 56 46
60 56 0
0 38 0
0 45 0
0 52 0
0 57 52
240 57 0
0 45 45
240 45 0
0 38 38
0 45 38
0 49 45
371 56 46
60 56 0
0 38 0
0 45 0
0 49 0
0 57 52
160 57 0
0 45 45
240 45 0
0 38 41
0 45 41
0 50 49
83 56 45
60 56 0
0 38 0
0 45 0
0 50 0
0 57 48
29 68 48
0 65 48
54 65 0
0 68 0
0 67 48
0 64 48
160 64 0
0 67 0
0 57 0
0 38 44
0 45 44
303 54 41
40 54 0
0 55 41
40 55 0
0 56 41
40 56 0
0 45 0
0 38 0
0 57 45
224 57 0
0 45 45
208 45 0
0 38 39
0 45 39
360 69 37
60 69 0
0 74 35
15 78 39
45 45 0
0 38 0
233 74 0
7 78 0
0 45 46
183 38 42
165 45 0
0 46 49
240 46 0
0 47 46
194 47 0
0 38 0
0 48 42
0 38 38
180 38 0
0 48 0
0 38 35
0 49 42
208 69 37
60 69 0
0 76 35
15 79 39
285 79 0
0 38 0
0 49 0
0 76 0
0 45 45
240 45 0
0 49 45
0 45 38
0 38 38
277 54 41
40 54 0
0 55 41
40 55 0
0 56 41
40 56 0
0 49 0
0 45 0
0 38 0
0 57 52
194 57 0
0 45 45
177 45 0
0 38 38
0 52 45
0 45 38
57 69 37
60 69 0
0 76 35
15 79 39
282 76 0
3 38 0
0 45 0
0 52 0
0 79 0
0 45 45
40 45 0
0 49 45
0 38 38
0 45 38
311 54 41
40 54 0
0 55 41
40 55 0
0 56 41
40 56 0
0 49 0
0 38 0
0 45 0
0 57 52
160 57 0
0 45 45
240 45 0
0 38 41
0 45 41
0 50 49
23 69 37
60 69 0
0 74 35
15 78 39
281 74 0
4 38 0
0 50 0
0 45 0
0 78 0
0 46 45
0 38 37
180 38 0
0 46 0
0 47 52
0 35 52
307 35 0
0 47 0
0 47 31
120 52 31
0 58 31
159 58 0
0 52 0
0 47 0
0 64 52
0 67 52
0 71 61
0 59 31
169 59 0
0 64 0
0 67 0
0 71 0
0 35 48
0 47 48
103 47 0
0 35 0
0 59 52
160 59 0
0 58 52
160 58 0
0 57 45
206 57 0
0 56 45
141 56 0
50 47 52
0 35 52
307 35 0
0 47 0
0 47 31
120 53 31
0 59 31
159 59 0
0 53 0
0 47 0
0 61 52
0 71 60
0 67 52
169 67 0
0 71 0
0 61 0
0 47 48
103 47 0
0 53 48
160 53 0
0 54 48
130 54 0
0 47 41
30 62 49
206 47 0
0 40 41
124 40 0
0 62 0
0 45 47
30 61 56
161 45 0
40 61 0
0 46 42
0 52 50
166 52 0
0 46 0
0 47 44
0 57 52
166 57 0
0 47 0
0 50 39
0 56 47
173 50 0
0 49 50
201 56 0
0 57 52
169 57 0
0 49 0
0 54 48
190 81 53
176 81 0
0 54 0
0 47 36
0 53 36
173 81 53
240 81 0
0 53 0
0 47 0
0 76 66
75 52 42
160 52 0
0 40 49
160 40 0
0 76 0
0 45 47
100 56 49
160 56 0
0 57 47
160 57 0
0 55 42
166 55 0
0 45 0
0 38 44
0 45 44
317 45 41
40 45 0
0 50 41
40 50 0
0 57 41
40 57 0
0 45 0
0 38 0
0 62 41
0 69 45
240 69 0
0 62 0
0 57 45
80 50 45
80 50 0
0 45 45
50 45 0
0 57 0
0 38 39
15 45 39
15 54 39
280 69 37
60 69 0
0 74 35
15 78 39
45 38 0
0 54 0
0 45 0
233 74 0
7 78 0
0 57 50
80 57 0
0 50 50
80 50 0
0 45 50
80 38 42
303 45 41
40 45 0
0 50 41
40 50 0
0 57 41
40 57 0
0 38 0
0 45 0
0 62 38
0 69 46
240 69 0
0 62 0
0 57 53
67 51 53
68 51 0
0 45 53
50 45 0
0 57 0
0 38 41
15 45 41
15 52 49
280 69 37
60 69 0
0 76 35
15 79 39
45 38 0
0 52 0
0 45 0
236 76 0
4 79 0
0 62 47
65 52 47
60 52 0
0 47 47
80 47 0
0 62 0
0 38 51
80 47 54
80 47 0
0 52 56
80 52 0
0 38 0
0 61 59
240 61 0
0 59 58
34 55 52
80 55 0
0 47 52
80 47 0
0 59 0
0 38 49
0 26 40
63 26 0
0 38 0
0 40 51
0 28 43
120 28 0
0 40 0
0 42 57
0 30 48
154 30 0
0 42 0
0 58 46
80 52 51
80 52 0
0 54 59
80 54 0
0 66 60
140 58 0
100 66 0
0 67 60
80 67 0
0 66 49
80 66 0
0 65 50
80 65 0
0 64 56
80 59 51
57 59 0
0 52 51
80 52 0
0 64 0
0 42 58
240 42 0
0 30 58
35 42 47
120 42 0
0 30 0
0 44 47
0 32 39
60 32 0
0 44 0
0 46 50
0 34 42
120 34 0
0 46 0
0 47 54
0 35 45
56 54 46
120 54 0
0 59 34
0 66 50
240 66 0
0 47 0
0 35 0
0 59 0
0 54 46
240 54 0
0 47 43
0 55 51
289 55 0
0 47 0
0 55 45
120 55 0
0 59 43
0 61 50
166 61 0
0 59 0
0 52 47
240 52 0
0 47 49
96 53 50
160 53 0
0 54 53
100 57 51
60 57 0
0 54 0
0 55 55
183 55 0
0 47 0
0 47 39
0 54 50
159 54 0
0 47 0
0 47 43
0 55 51
289 55 0
0 47 0
0 55 45
120 55 0
0 61 43
0 59 43
0 67 50
166 67 0
0 59 0
0 61 0
0 55 47
240 55 0
0 47 49
96 53 50
160 53 0
0 54 53
100 57 51
60 57 0
0 54 0
0 55 55
183 55 0
0 47 0
0 54 50
0 45 39
159 45 0
0 54 0
0 44 51
289 44 0
0 54 45
120 54 0
0 56 43
0 66 50
174 66 0
3 56 0
0 48 37
0 57 47
191 57 0
0 48 0
0 37 49
96 37 0
0 48 48
160 48 0
0 49 51
100 53 49
60 53 0
0 49 0
0 51 52
183 51 0
0 49 48
159 49 0
0 59 45
0 54 45
240 54 0
0 59 0
0 44 45
7 44 0
0 37 50
111 37 0
0 49 40
160 49 0
0 61 40
160 61 0
0 42 49
103 48 50
160 48 0
0 49 53
100 53 51
60 53 0
0 49 0
0 51 55
160 51 0
0 49 50
177 49 0
0 42 0
0 49 38
0 56 45
0 42 38
308 73 36
90 73 0
0 80 34
15 83 39
15 85 42
240 85 0
0 56 0
0 49 0
0 42 0
0 83 0
0 80 0
0 42 28
0 49 28
0 56 33
157 56 0
0 49 0
0 42 0
0 54 45
0 49 38
0 42 38
240 73 30
90 73 0
0 78 40
15 82 46
15 85 48
240 85 0
0 49 0
0 54 0
0 42 0
0 82 0
0 78 0
0 42 28
0 54 33
0 49 28
180 49 0
0 54 0
0 42 0
0 42 38
0 49 38
0 56 45
291 73 36
90 73 0
0 80 34
15 83 39
15 85 42
240 85 0
0 49 0
0 42 0
0 56 0
0 83 0
0 80 0
0 42 28
0 49 28
0 56 33
240 56 0
0 49 0
0 42 0
0 42 38
0 49 38
0 54 45
185 49 0
0 42 0
120 49 40
120 49 0
0 57 48
154 57 0
0 54 0
0 49 28
0 58 37
150 58 0
0 49 0
30 42 38
0 49 38
0 56 45
200 61 36
7 61 0
0 42 0
0 49 0
0 56 0
0 60 38
0 49 32
189 60 0
2 49 0
0 56 33
0 42 28
0 49 28
185 49 0
0 42 0
0 56 0
0 42 38
0 49 38
0 54 45
424 54 0
0 49 0
0 42 0
0 38 35
0 50 35
360 50 0
0 38 0
0 43 32
0 50 38
0 60 38
187 60 0
0 59 34
238 59 0
2 50 0
0 43 0
0 44 35
0 49 35
95 44 0
0 37 33
240 37 0
0 49 0
0 49 37
0 42 37
360 42 0
0 49 0
0 36 35
0 48 35
127 48 0
0 36 0
0 35 35
0 47 35
240 35 0
4 40 45
127 47 0
0 50 34
240 50 0
0 45 35
0 33 35
4 40 0
300 33 0
0 45 0
0 26 33
0 38 41
303 54 41
40 54 0
0 55 41
40 55 0
0 56 41
40 56 0
0 38 0
0 26 0
0 57 45
224 57 0
0 45 45
208 45 0
0 45 39
0 38 39
360 57 37
60 57 0
0 62 35
15 66 39
283 66 0
2 45 0
0 38 0
0 62 0
0 45 46
183 38 42
165 45 0
0 54 44
0 62 50
120 62 0
0 54 0
0 64 56
0 57 44
90 57 0
0 64 0
0 62 41
30 66 52
194 66 0
0 62 0
0 38 0
0 51 38
0 57 42
180 57 0
0 51 0
0 45 35
0 52 42
0 38 35
208 67 35
120 67 0
0 64 35
0 57 30
237 64 0
3 45 0
0 38 0
0 52 0
0 57 0
0 45 45
180 38 38
0 61 45
157 61 0
0 59 42
240 59 0
0 38 0
0 45 0
0 57 52
240 57 0
0 56 48
0 45 45
177 45 0
0 56 0
0 55 45
39 45 38
120 38 41
120 43 45
120 43 0
0 55 0
0 45 0
0 45 51
240 52 45
46 52 0
0 54 45
120 54 0
0 45 0
0 38 0
0 55 45
103 45 38
120 45 0
0 38 38
120 55 0
0 57 45
120 57 0
0 38 0
0 59 52
240 59 0
0 61 45
131 61 0
3 38 41
110 38 0
0 45 41
106 45 0
0 57 49
240 57 0
0 54 45
0 45 37
120 54 0
0 50 45
120 50 0
0 45 0
0 34 47
0 46 56
293 46 0
0 34 0
0 53 48
120 62 66
240 62 0
0 61 57
198 61 0
0 60 67
93 53 0
0 41 62
160 41 0
0 57 48
160 57 0
0 60 0
0 60 66
240 60 0
0 61 55
189 61 0
3 43 47
0 50 56
293 50 0
0 43 0
0 50 48
120 60 64
183 60 0
0 58 52
198 58 0
0 57 61
293 50 0
0 38 48
120 57 0
0 45 60
169 45 0
0 36 39
0 46 50
192 46 0
0 36 0
0 38 0
0 47 42
0 35 37
254 72 47
120 72 0
0 81 45
0 84 53
0 75 45
240 75 0
0 81 0
0 47 0
0 35 0
0 84 0
0 72 46
240 72 0
0 40 37
0 47 42
261 71 47
120 71 0
0 76 45
0 83 53
0 74 45
240 74 0
0 76 0
0 40 0
0 47 0
0 83 0
0 40 46
240 40 0
0 33 38
0 45 43
240 69 47
120 69 0
0 81 53
191 81 0
0 45 0
0 33 0
0 33 35
0 45 40
240 45 0
0 33 0
0 26 32
0 38 38
300 38 0
0 26 0
0 66 33
0 62 28
240 62 0
0 66 0
0 45 35
240 38 38
480 38 0
0 45 0
0 66 33
0 62 28
240 62 0
0 66 0
0 45 35
240 38 25
480 38 0
0 45 0
0 50 21
0 57 25
480 57 0
0 50 0
0 62 27
0 69 31
960 69 0
0 62 0
