1440 71 39
480 71 0
0 64 42
360 66 36
115 64 0
5 66 0
0 67 43
360 67 0
0 69 37
0 66 29
120 66 0
0 69 0
0 67 36
0 71 45
360 71 0
0 76 37
120 76 0
0 67 0
0 72 36
0 79 45
360 79 0
0 78 37
120 78 0
0 72 0
0 66 40
0 74 50
360 74 0
0 72 43
120 72 0
0 66 0
0 76 54
0 69 43
360 76 0
0 74 46
120 74 0
0 69 0
0 71 40
0 63 32
720 71 0
0 72 36
240 72 0
0 63 0
0 69 43
0 65 34
360 69 0
0 71 36
120 71 0
0 65 0
0 64 36
0 67 45
360 67 0
0 69 39
120 69 0
0 64 0
0 62 36
0 66 45
360 66 0
0 67 36
120 67 0
0 62 0
0 64 43
0 60 34
360 64 0
0 66 35
120 66 0
0 60 0
0 63 41
0 59 32
480 59 0
0 63 0
0 64 36
0 59 28
0 55 28
720 55 0
0 59 0
0 64 0
240 63 31
0 71 39
450 60 38
30 71 0
0 63 0
0 64 42
360 64 0
0 66 36
120 66 0
0 60 0
0 64 36
0 67 43
360 67 0
0 64 0
0 69 37
0 66 29
120 66 0
0 69 0
0 67 36
0 71 45
360 71 0
0 76 37
120 76 0
0 67 0
0 69 36
0 79 45
360 79 0
0 78 37
120 78 0
0 69 0
0 66 40
0 74 50
360 74 0
0 72 43
120 72 0
0 66 0
0 76 54
0 67 43
360 76 0
0 74 46
120 74 0
0 67 0
0 71 40
0 66 32
480 66 0
0 65 32
240 71 0
0 72 27
240 72 0
0 65 0
0 69 32
0 60 25
240 60 0
0 62 18
120 69 0
0 71 27
120 71 0
0 62 0
0 64 27
0 67 33
360 67 0
0 69 29
120 69 0
0 64 0
0 57 27
0 66 33
240 57 0
0 59 20
120 66 0
0 67 27
120 67 0
0 59 0
0 64 32
0 60 25
360 64 0
0 66 26
120 66 0
0 60 0
0 63 30
0 59 24
480 59 0
0 63 0
0 64 27
0 59 21
0 55 21
960 55 0
0 59 0
0 64 0
0 62 58
0 66 58
480 66 0
0 62 0
0 62 43
0 67 63
360 67 0
0 69 54
120 69 0
0 62 0
0 64 43
0 71 64
240 71 0
0 67 55
210 66 54
30 67 0
0 64 0
0 71 67
240 71 0
0 66 0
0 64 55
0 69 55
240 69 0
0 64 0
0 62 54
0 69 67
230 62 0
10 69 0
0 62 55
240 62 0
0 64 43
0 72 63
360 72 0
0 74 56
120 74 0
0 64 0
0 66 46
0 76 68
240 76 0
0 72 61
210 67 61
30 72 0
0 66 0
0 74 77
480 67 0
0 69 62
240 74 0
0 74 77
240 74 0
0 69 0
0 71 49
0 76 72
360 76 0
0 78 62
120 78 0
0 71 0
0 69 49
0 74 73
240 74 0
0 71 63
240 71 0
0 69 0
0 72 70
0 67 59
360 72 0
0 74 56
120 74 0
0 67 0
0 71 68
0 66 57
240 71 0
0 67 57
240 67 0
0 66 0
0 64 58
0 69 69
450 63 48
30 69 0
0 64 0
0 71 57
960 71 0
0 63 0
0 71 46
0 63 39
480 63 0
0 71 0
0 59 36
0 64 42
360 64 0
0 66 36
120 66 0
0 59 0
0 59 29
0 64 29
0 67 43
360 67 0
0 69 37
120 69 0
0 64 0
0 59 0
0 64 36
0 67 36
0 71 45
360 71 0
0 76 37
120 76 0
0 67 0
0 64 0
0 64 36
0 72 36
0 79 45
360 79 0
0 78 37
120 78 0
0 72 0
0 64 0
0 71 40
0 66 40
0 74 50
360 74 0
0 72 43
120 72 0
0 66 0
0 71 0
0 60 43
0 76 54
0 69 43
360 76 0
0 74 46
120 74 0
0 69 0
0 60 0
0 59 43
0 71 40
0 63 32
480 59 0
0 57 43
240 71 0
0 72 36
240 72 0
0 57 0
0 63 0
0 60 25
0 69 32
0 65 25
360 69 0
0 71 27
120 71 0
0 65 0
0 60 0
0 59 27
0 64 27
0 67 33
360 67 0
0 69 29
120 69 0
0 64 0
0 59 0
0 57 27
0 62 27
0 66 33
360 66 0
0 67 27
120 67 0
0 62 0
0 57 0
0 55 25
0 64 32
0 60 25
360 64 0
0 66 26
120 66 0
0 60 0
0 55 0
0 54 24
0 63 30
0 59 24
480 59 0
0 63 0
0 54 0
0 64 27
0 59 21
0 55 21
960 55 0
0 59 0
0 64 0
0 62 58
0 66 58
480 66 0
0 62 0
0 62 43
0 67 63
360 67 0
0 69 54
120 69 0
0 62 0
0 64 43
0 71 64
240 71 0
0 67 55
210 66 54
30 67 0
0 64 0
0 71 67
240 71 0
0 66 0
0 64 55
0 69 55
240 69 0
0 64 0
0 62 54
0 69 67
230 62 0
10 69 0
0 62 55
240 62 0
0 64 43
0 72 63
360 72 0
0 74 56
120 74 0
0 64 0
0 66 46
0 76 68
240 76 0
0 72 61
210 67 61
30 72 0
0 66 0
0 74 77
480 67 0
0 69 62
240 74 0
0 74 77
240 74 0
0 69 0
0 71 49
0 76 72
360 76 0
0 78 62
120 78 0
0 71 0
0 69 49
0 74 73
240 74 0
0 71 63
240 71 0
0 69 0
0 72 70
0 67 59
360 72 0
0 74 56
120 74 0
0 67 0
0 71 68
0 66 57
240 71 0
0 67 57
240 67 0
0 66 0
0 64 58
0 69 69
450 63 48
30 69 0
0 64 0
0 71 57
960 71 0
0 63 0
0 71 46
0 63 39
480 63 0
0 71 0
0 59 36
0 64 42
360 64 0
0 66 36
120 66 0
0 59 0
0 59 29
0 64 29
0 67 43
360 67 0
0 69 37
120 69 0
0 64 0
0 59 0
0 64 36
0 67 36
0 71 45
360 71 0
0 76 37
120 76 0
0 67 0
0 64 0
0 64 36
0 72 36
0 79 45
360 79 0
0 78 37
120 78 0
0 72 0
0 64 0
0 71 40
0 66 40
0 74 50
360 74 0
0 72 43
120 72 0
0 66 0
0 71 0
0 60 43
0 76 54
0 69 43
360 76 0
0 74 46
120 74 0
0 69 0
0 60 0
0 59 43
0 71 40
0 63 32
480 59 0
0 57 43
240 71 0
0 72 36
240 72 0
0 57 0
0 63 0
0 60 25
0 69 32
0 65 25
360 69 0
0 71 27
120 71 0
0 65 0
0 60 0
0 59 27
0 64 27
0 67 33
360 67 0
0 69 29
120 69 0
0 64 0
0 59 0
0 57 27
0 62 27
0 66 33
360 66 0
0 67 27
120 67 0
0 62 0
0 57 0
0 55 25
0 64 32
0 60 25
360 64 0
0 66 26
120 66 0
0 60 0
0 55 0
480 54 18
0 63 22
0 59 18
480 59 0
0 63 0
0 54 0
4320 68 34
0 64 30
240 68 0
0 71 28
240 71 0
0 64 0
0 64 29
0 68 33
240 68 0
0 71 25
240 71 0
0 64 0
0 73 43
240 73 0
0 69 25
240 69 0
0 61 32
0 73 36
240 73 0
0 69 25
240 69 0
0 61 0
0 61 32
0 66 36
120 66 0
0 61 0
840 66 34
0 61 30
240 66 0
0 69 28
240 69 0
0 61 0
0 61 29
0 66 33
240 66 0
0 69 25
240 69 0
0 61 0
0 71 42
480 63 30
0 68 30
120 68 0
0 63 0
360 63 30
0 68 30
120 68 0
0 63 0
360 71 0
480 64 34
0 63 30
240 64 0
0 68 28
240 68 0
0 63 0
0 63 29
0 64 33
240 64 0
0 68 25
240 68 0
0 63 0
0 69 46
240 69 0
0 66 25
240 66 0
0 57 32
0 69 36
240 69 0
0 66 25
240 66 0
0 57 0
0 57 32
0 61 36
120 61 0
0 57 0
840 59 34
0 54 30
240 59 0
0 63 28
240 63 0
0 54 0
0 54 29
0 59 33
240 59 0
0 63 25
240 63 0
0 54 0
0 64 42
480 56 30
0 59 30
120 59 0
0 56 0
360 56 30
0 59 30
120 59 0
0 56 0
360 64 0
480 63 39
0 59 30
240 63 0
0 66 32
240 66 0
0 59 0
0 59 29
0 63 37
226 66 28
14 63 0
226 66 0
14 59 0
0 68 49
240 68 0
0 64 28
240 64 0
0 56 32
0 68 41
240 68 0
0 64 28
240 64 0
0 56 0
0 56 32
0 61 41
120 61 0
0 56 0
840 61 39
0 56 30
240 61 0
0 64 32
240 64 0
0 56 0
0 56 29
0 61 37
240 61 0
0 64 28
240 64 0
0 56 0
0 66 48
480 58 30
0 63 30
120 63 0
0 58 0
360 58 30
0 63 30
120 63 0
0 58 0
360 66 0
480 59 39
0 58 30
240 59 0
0 63 32
240 63 0
0 58 0
0 58 29
0 59 37
240 59 0
0 63 28
240 63 0
0 58 0
0 64 49
240 64 0
0 61 28
240 61 0
0 52 32
0 64 41
240 64 0
0 61 28
240 61 0
0 52 0
0 52 32
0 56 41
120 56 0
0 52 0
840 54 39
0 49 30
240 54 0
0 58 32
240 58 0
0 49 0
0 49 29
0 54 37
240 54 0
0 58 28
240 58 0
0 49 0
0 59 48
480 51 30
0 54 30
120 54 0
0 51 0
360 51 30
0 54 30
120 54 0
0 51 0
360 59 0
480 78 30
0 75 30
240 78 0
0 82 25
240 82 0
0 75 0
0 75 29
0 78 29
240 78 0
0 82 22
240 82 0
0 75 0
0 84 38
240 84 0
0 80 22
240 80 0
0 72 32
0 84 32
240 84 0
0 80 22
240 80 0
0 72 0
0 72 32
0 75 32
120 75 0
0 72 0
840 78 30
0 75 30
240 78 0
0 82 25
240 82 0
0 75 0
0 75 29
0 78 29
240 78 0
0 82 22
240 82 0
0 75 0
0 77 37
480 70 30
0 74 30
120 74 0
0 70 0
360 70 30
0 74 30
120 74 0
0 70 0
360 77 0
480 85 33
0 82 33
240 85 0
0 89 27
240 89 0
0 82 0
0 82 31
0 85 31
240 85 0
0 89 24
240 89 0
0 82 0
0 91 44
240 91 0
0 87 24
240 87 0
0 79 35
0 91 35
240 91 0
0 87 24
240 87 0
0 79 0
0 79 35
0 82 35
120 82 0
0 79 0
840 85 33
0 82 33
240 85 0
0 89 27
240 89 0
0 82 0
0 82 31
0 85 31
240 85 0
0 89 24
240 89 0
0 82 0
0 84 40
480 77 33
0 81 33
120 81 0
0 77 0
360 77 33
0 81 33
120 81 0
0 77 0
360 84 0
480 68 30
0 65 30
240 68 0
0 72 25
240 72 0
0 65 0
0 65 29
0 68 29
240 68 0
0 72 22
240 72 0
0 65 0
0 74 38
240 74 0
0 70 22
240 70 0
0 62 32
0 74 32
240 74 0
0 70 22
240 70 0
0 62 0
0 62 32
0 65 32
120 65 0
0 62 0
840 68 30
0 65 30
240 68 0
0 72 25
240 72 0
0 65 0
0 65 29
0 68 29
240 68 0
0 72 22
240 72 0
0 65 0
0 67 37
480 60 30
0 64 30
120 64 0
0 60 0
360 60 30
0 64 30
120 64 0
0 60 0
360 67 0
480 75 41
0 72 41
240 75 0
0 79 35
240 79 0
0 72 0
0 72 40
0 75 40
240 75 0
0 79 31
240 79 0
0 72 0
0 81 59
240 81 0
0 77 32
240 77 0
0 69 48
0 81 48
240 81 0
0 77 33
240 77 0
0 69 0
0 69 49
0 72 49
120 72 0
0 69 0
840 87 53
0 84 53
240 87 0
0 91 43
240 91 0
0 84 0
0 84 51
0 87 51
240 87 0
0 91 38
240 91 0
0 84 0
0 93 74
240 93 0
0 89 39
240 89 0
0 81 59
0 93 59
240 93 0
0 89 40
240 89 0
0 81 0
0 81 61
0 84 61
120 84 0
0 81 0
360 75 63
0 72 53
240 75 0
0 79 70
240 79 0
0 72 0
0 72 60
0 77 71
0 81 71
960 81 0
0 77 0
0 72 0
0 87 72
0 84 61
240 87 0
0 91 80
240 91 0
0 84 0
0 84 68
0 89 81
0 93 81
960 93 0
0 89 0
0 84 0
0 75 70
0 72 58
240 75 0
0 79 76
240 79 0
0 72 0
0 72 65
0 77 77
0 81 77
960 81 0
0 77 0
0 72 0
0 87 78
0 84 66
240 87 0
0 91 87
240 91 0
0 84 0
0 84 75
0 89 88
0 93 88
951 93 0
0 89 0
0 84 0
9 72 85
0 77 85
0 81 85
951 81 0
0 77 0
0 72 0
9 84 88
0 89 88
0 93 88
951 93 0
0 89 0
0 84 0
9 72 85
0 77 85
0 81 85
951 81 0
0 77 0
0 72 0
9 84 88
0 89 88
0 93 88
951 93 0
0 89 0
0 84 0
9 72 85
0 77 85
0 81 85
951 81 0
0 77 0
0 72 0
9 84 88
0 89 88
0 93 88
951 93 0
0 89 0
0 84 0
9 71 92
0 78 92
0 83 92
951 83 0
0 78 0
0 71 0
9 83 97
0 90 97
0 95 97
951 95 0
0 90 0
0 83 0
9 71 92
0 78 92
0 83 92
951 83 0
0 78 0
0 71 0
9 83 97
0 90 97
0 95 97
951 95 0
0 90 0
0 83 0
9 71 92
0 78 92
0 83 92
951 83 0
0 78 0
0 71 0
9 83 97
0 90 97
0 95 97
951 95 0
0 90 0
0 83 0
489 76 76
0 80 92
240 80 0
0 83 76
240 83 0
0 76 0
0 80 90
0 76 75
240 80 0
0 83 76
240 83 0
0 76 0
0 85 92
240 85 0
0 81 77
240 81 0
0 73 55
0 85 75
240 85 0
0 81 72
240 81 0
0 73 0
0 73 71
0 78 80
120 78 0
0 73 0
840 78 87
0 73 87
240 78 0
0 81 76
240 81 0
0 73 0
0 73 86
0 78 86
240 78 0
0 81 75
240 81 0
0 73 0
0 83 88
480 80 72
0 75 72
120 75 0
0 80 0
360 75 72
0 80 72
120 80 0
0 75 0
360 83 0
480 76 75
0 75 75
240 76 0
0 80 63
240 80 0
0 75 0
0 75 74
0 76 74
240 76 0
0 80 63
240 80 0
0 75 0
0 81 73
240 81 0
0 78 63
240 78 0
0 81 65
0 69 62
240 81 0
0 78 58
240 78 0
0 69 0
0 69 65
0 73 65
120 73 0
0 69 0
840 66 53
0 71 63
240 71 0
0 75 53
240 75 0
0 66 0
0 71 63
0 66 52
240 71 0
0 75 53
240 75 0
0 66 0
0 76 65
480 71 47
0 68 47
120 68 0
0 71 0
360 68 45
0 71 45
120 71 0
0 68 0
360 76 0
480 63 39
0 59 30
240 63 0
0 66 32
240 66 0
0 59 0
0 59 29
0 63 37
240 63 0
0 66 28
240 66 0
0 59 0
0 68 49
240 68 0
0 64 28
240 64 0
0 56 32
0 68 41
240 68 0
0 64 28
240 64 0
0 56 0
0 56 32
0 61 41
120 61 0
0 56 0
840 61 39
0 56 30
240 61 0
0 64 32
240 64 0
0 56 0
0 56 29
0 61 37
240 61 0
0 64 28
240 64 0
0 56 0
0 66 48
480 58 30
0 63 30
120 63 0
0 58 0
360 58 30
0 63 30
120 63 0
0 58 0
360 66 0
480 59 39
0 58 30
240 59 0
0 63 32
240 63 0
0 58 0
0 58 29
0 59 37
240 59 0
0 63 28
240 63 0
0 58 0
0 64 49
240 64 0
0 61 28
240 61 0
0 52 32
0 64 41
240 64 0
0 61 28
240 61 0
0 52 0
0 52 32
0 56 41
120 56 0
0 52 0
840 54 39
0 49 30
240 54 0
0 58 32
240 58 0
0 49 0
0 49 29
0 54 37
240 54 0
0 58 28
240 58 0
0 49 0
0 59 48
480 51 30
0 54 30
120 54 0
0 51 0
360 51 30
0 54 30
120 54 0
0 51 0
360 59 0
480 78 30
0 75 30
240 78 0
0 82 25
240 82 0
0 75 0
0 75 29
0 78 29
240 78 0
0 82 22
240 82 0
0 75 0
0 84 38
240 84 0
0 80 22
240 80 0
0 72 32
0 84 32
240 84 0
0 80 22
240 80 0
0 72 0
0 72 32
0 75 32
120 75 0
0 72 0
840 78 30
0 75 30
240 78 0
0 82 25
240 82 0
0 75 0
0 75 29
0 78 29
240 78 0
0 82 22
240 82 0
0 75 0
0 77 37
480 70 30
0 74 30
120 74 0
0 70 0
360 70 30
0 74 30
120 74 0
0 70 0
360 77 0
480 85 33
0 82 33
240 85 0
0 89 27
240 89 0
0 82 0
0 82 31
0 85 31
240 85 0
0 89 24
240 89 0
0 82 0
0 91 44
240 91 0
0 87 24
240 87 0
0 79 35
0 91 35
240 91 0
0 87 24
240 87 0
0 79 0
0 79 35
0 82 35
120 82 0
0 79 0
840 85 33
0 82 33
240 85 0
0 89 27
240 89 0
0 82 0
0 82 31
0 85 31
240 85 0
0 89 24
240 89 0
0 82 0
0 84 40
480 77 33
0 81 33
120 81 0
0 77 0
360 77 33
0 81 33
120 81 0
0 77 0
360 84 0
480 68 30
0 65 30
240 68 0
0 72 25
240 72 0
0 65 0
0 65 29
0 68 29
240 68 0
0 72 22
240 72 0
0 65 0
0 74 38
240 74 0
0 70 22
240 70 0
0 62 32
0 74 32
240 74 0
0 70 22
240 70 0
0 62 0
0 62 32
0 65 32
120 65 0
0 62 0
840 68 30
0 65 30
240 68 0
0 72 25
240 72 0
0 65 0
0 65 29
0 68 29
240 68 0
0 72 22
240 72 0
0 65 0
0 67 37
480 60 30
0 64 30
120 64 0
0 60 0
360 60 30
0 64 30
120 64 0
0 60 0
360 67 0
480 75 41
0 72 41
240 75 0
0 79 35
240 79 0
0 72 0
0 72 40
0 75 40
240 75 0
0 79 31
240 79 0
0 72 0
0 81 59
240 81 0
0 77 32
240 77 0
0 69 48
0 81 48
240 81 0
0 77 33
240 77 0
0 69 0
0 69 49
0 72 49
120 72 0
0 69 0
840 87 53
0 84 53
240 87 0
0 91 43
240 91 0
0 84 0
0 84 51
0 87 51
240 87 0
0 91 38
240 91 0
0 84 0
0 93 74
240 93 0
0 89 39
240 89 0
0 81 59
0 93 59
240 93 0
0 89 40
240 89 0
0 81 0
0 81 61
0 84 61
120 84 0
0 81 0
360 75 63
0 72 53
240 75 0
0 79 70
240 79 0
0 72 0
0 72 60
0 77 71
0 81 71
960 81 0
0 77 0
0 72 0
0 87 72
0 84 61
240 87 0
0 91 80
240 91 0
0 84 0
0 84 68
0 89 81
0 93 81
960 93 0
0 89 0
0 84 0
0 75 70
0 72 58
240 75 0
0 79 76
240 79 0
0 72 0
0 72 65
0 77 77
0 81 77
960 81 0
0 77 0
0 72 0
0 87 78
0 84 66
240 87 0
0 91 87
240 91 0
0 84 0
0 84 75
0 89 88
0 93 88
951 93 0
0 89 0
0 84 0
9 72 85
0 77 85
0 81 85
951 81 0
0 77 0
0 72 0
9 84 88
0 89 88
0 93 88
951 93 0
0 89 0
0 84 0
9 72 85
0 77 85
0 81 85
951 81 0
0 77 0
0 72 0
9 84 88
0 89 88
0 93 88
951 93 0
0 89 0
0 84 0
9 72 85
0 77 85
0 81 85
951 81 0
0 77 0
0 72 0
9 84 88
0 89 88
0 93 88
951 93 0
0 89 0
0 84 0
9 71 92
0 78 92
0 83 92
951 83 0
0 78 0
0 71 0
9 83 97
0 90 97
0 95 97
951 95 0
0 90 0
0 83 0
9 71 92
0 78 92
0 83 92
951 83 0
0 78 0
0 71 0
9 83 97
0 90 97
0 95 97
951 95 0
0 90 0
0 83 0
9 71 92
0 78 92
0 83 92
951 83 0
0 78 0
0 71 0
9 83 97
0 90 97
0 95 97
951 95 0
0 90 0
0 83 0
489 76 76
0 80 92
240 80 0
0 83 76
240 83 0
0 76 0
0 80 90
0 76 75
240 80 0
0 83 76
240 83 0
0 76 0
0 85 92
240 85 0
0 81 77
240 81 0
0 73 55
0 85 75
240 85 0
0 81 72
240 81 0
0 73 0
0 73 71
0 78 80
120 78 0
0 73 0
840 78 87
0 73 87
240 78 0
0 81 76
240 81 0
0 73 0
0 73 86
0 78 86
240 78 0
0 81 75
240 81 0
0 73 0
0 83 88
480 80 72
0 75 72
120 75 0
0 80 0
360 75 72
0 80 72
120 80 0
0 75 0
360 83 0
480 76 75
0 75 75
240 76 0
0 80 63
240 80 0
0 75 0
0 75 74
0 76 74
240 76 0
0 80 63
240 80 0
0 75 0
0 81 73
240 81 0
0 78 63
240 78 0
0 81 64
0 69 62
240 81 0
0 78 58
240 78 0
0 69 0
0 69 65
0 73 65
120 73 0
0 69 0
840 66 53
0 71 63
240 71 0
0 75 53
240 75 0
0 66 0
0 71 63
0 66 52
240 71 0
0 75 53
240 75 0
0 66 0
0 76 65
480 71 47
0 68 47
120 68 0
0 71 0
360 68 45
0 71 45
120 71 0
0 68 0
360 76 0
1920 54 31
0 59 37
240 59 0
0 63 31
240 63 0
0 54 0
0 59 37
0 54 30
240 59 0
0 63 31
240 63 0
0 54 0
0 64 38
480 59 26
0 56 26
120 56 0
0 59 0
360 56 25
0 59 25
120 59 0
0 56 0
360 64 0
1920 54 26
0 59 31
240 59 0
0 63 26
240 63 0
0 54 0
0 59 31
0 54 25
240 59 0
0 63 26
240 63 0
0 54 0
1920 54 22
0 59 26
240 59 0
0 63 22
240 63 0
0 54 0
0 59 26
0 54 21
240 59 0
0 63 22
240 63 0
0 54 0
480 71 39
480 71 0
0 64 42
360 66 36
115 64 0
5 66 0
0 67 43
360 67 0
0 69 37
0 66 29
120 66 0
0 69 0
0 67 36
0 71 45
360 71 0
0 76 37
120 76 0
0 67 0
0 72 36
0 79 45
360 79 0
0 78 37
120 78 0
0 72 0
0 66 40
0 74 50
360 74 0
0 72 43
120 72 0
0 66 0
0 76 54
0 69 43
360 76 0
0 74 46
120 74 0
0 69 0
0 71 40
0 63 32
720 71 0
0 72 36
240 72 0
0 63 0
0 69 43
0 65 34
360 69 0
0 71 36
120 71 0
0 65 0
0 64 36
0 67 45
360 67 0
0 69 39
120 69 0
0 64 0
0 62 36
0 66 45
360 66 0
0 67 36
120 67 0
0 62 0
0 64 43
0 60 34
360 64 0
0 66 35
120 66 0
0 60 0
0 63 41
0 59 32
480 59 0
0 63 0
0 64 36
0 59 28
0 55 28
720 55 0
0 59 0
0 64 0
240 63 31
0 71 39
450 60 38
30 71 0
0 63 0
0 64 42
360 64 0
0 66 36
120 66 0
0 60 0
0 64 36
0 67 43
360 67 0
0 64 0
0 69 37
0 66 29
120 66 0
0 69 0
0 67 36
0 71 45
360 71 0
0 76 37
120 76 0
0 67 0
0 69 36
0 79 45
360 79 0
0 78 37
120 78 0
0 69 0
0 66 40
0 74 50
360 74 0
0 72 43
120 72 0
0 66 0
0 76 54
0 67 43
360 76 0
0 74 46
120 74 0
0 67 0
0 71 40
0 66 32
480 66 0
0 65 32
240 71 0
0 72 27
240 72 0
0 65 0
0 69 32
0 60 25
240 60 0
0 62 18
120 69 0
0 71 27
120 71 0
0 62 0
0 64 27
0 67 33
360 67 0
0 69 29
120 69 0
0 64 0
0 57 27
0 66 33
240 57 0
0 59 20
120 66 0
0 67 27
120 67 0
0 59 0
0 64 32
0 60 25
360 64 0
0 66 26
120 66 0
0 60 0
0 63 30
0 59 24
480 59 0
0 63 0
0 64 27
0 59 21
0 55 21
960 55 0
0 59 0
0 64 0
0 62 58
0 66 58
480 66 0
0 62 0
0 62 43
0 67 63
360 67 0
0 69 54
120 69 0
0 62 0
0 64 43
0 71 64
240 71 0
0 67 55
210 66 54
30 67 0
0 64 0
0 71 67
240 71 0
0 66 0
0 64 55
0 69 55
240 69 0
0 64 0
0 62 54
0 69 67
230 62 0
10 69 0
0 62 55
240 62 0
0 64 43
0 72 63
360 72 0
0 74 56
120 74 0
0 64 0
0 66 46
0 76 68
240 76 0
0 72 61
210 67 61
30 72 0
0 66 0
0 74 77
480 67 0
0 69 62
240 74 0
0 74 77
240 74 0
0 69 0
0 71 49
0 76 72
360 76 0
0 78 62
120 78 0
0 71 0
0 69 49
0 74 73
240 74 0
0 71 63
240 71 0
0 69 0
0 72 70
0 67 59
360 72 0
0 74 56
120 74 0
0 67 0
0 71 68
0 66 57
240 71 0
0 67 57
240 67 0
0 66 0
0 64 58
0 69 69
450 63 48
30 69 0
0 64 0
0 71 57
960 71 0
0 63 0
0 71 46
0 63 39
480 63 0
0 71 0
0 59 36
0 64 42
360 64 0
0 66 36
120 66 0
0 59 0
0 59 29
0 64 29
0 67 43
360 67 0
0 69 37
120 69 0
0 64 0
0 59 0
0 64 36
0 67 36
0 71 45
360 71 0
0 76 37
120 76 0
0 67 0
0 64 0
0 64 36
0 72 36
0 79 45
360 79 0
0 78 37
120 78 0
0 72 0
0 64 0
0 71 40
0 66 40
0 74 50
360 74 0
0 72 43
120 72 0
0 66 0
0 71 0
0 60 43
0 76 54
0 69 43
360 76 0
0 74 46
120 74 0
0 69 0
0 60 0
0 59 43
0 71 40
0 63 32
480 59 0
0 57 43
240 71 0
0 72 36
240 72 0
0 57 0
0 63 0
0 60 25
0 69 32
0 65 25
360 69 0
0 71 27
120 71 0
0 65 0
0 60 0
0 59 27
0 64 27
0 67 33
360 67 0
0 69 29
120 69 0
0 64 0
0 59 0
0 57 27
0 62 27
0 66 33
360 66 0
0 67 27
120 67 0
0 62 0
0 57 0
0 55 25
0 64 32
0 60 25
360 64 0
0 66 26
120 66 0
0 60 0
0 55 0
480 54 20
0 63 25
0 59 20
480 59 0
0 63 0
0 54 0
480 64 22
0 59 17
0 55 17
1440 55 0
0 59 0
0 64 0
2400 64 30
0 62 25
480 62 0
0 61 30
480 61 0
0 64 0
0 60 22
0 64 26
480 64 0
0 60 0
0 59 25
0 62 30
480 62 0
0 59 0
0 57 27
0 60 32
480 60 0
0 57 0
0 55 25
0 59 30
480 59 0
0 55 0
0 54 22
0 57 26
480 57 0
0 54 0
0 53 25
0 60 30
480 60 0
0 53 0
0 59 26
0 48 22
480 48 0
0 59 0
0 50 25
0 57 30
480 57 0
0 50 0
0 55 26
0 45 22
480 45 0
0 55 0
0 54 27
0 47 22
480 47 0
0 54 0
0 40 25
480 40 0
0 52 46
480 54 25
480 54 0
0 59 35
360 59 0
0 57 30
120 57 0
0 62 30
360 62 0
0 60 24
120 60 0
0 59 30
480 59 0
0 52 0
0 54 22
0 64 26
480 64 0
0 54 0
0 55 25
0 59 30
480 59 0
0 55 0
0 57 27
0 60 32
480 60 0
0 57 0
0 59 25
0 62 30
480 59 0
0 55 26
480 55 0
0 62 0
0 53 18
0 57 22
240 57 0
0 59 16
240 59 0
0 53 0
0 60 19
0 48 16
480 48 0
0 60 0
0 50 18
0 54 22
240 54 0
0 55 16
240 55 0
0 50 0
0 57 19
0 45 16
480 45 0
0 57 0
0 54 20
0 47 16
480 47 0
0 54 0
0 40 18
960 40 0
0 50 48
0 57 55
480 57 0
0 50 0
0 55 55
0 59 55
480 59 0
0 61 49
480 61 0
0 55 0
0 62 53
0 50 53
240 62 0
0 57 45
240 57 0
0 54 39
480 54 0
0 50 0
0 48 55
0 55 55
480 55 0
0 57 52
480 57 0
0 48 0
0 59 60
0 43 60
480 59 0
0 62 44
480 62 0
0 43 0
0 55 63
0 67 63
480 67 0
0 66 56
480 66 0
0 64 60
480 64 0
0 62 44
480 62 0
0 60 44
480 60 0
0 59 44
480 59 0
0 55 0
0 58 33
0 54 28
480 54 0
0 58 0
0 53 27
0 57 32
240 57 0
0 56 29
240 56 0
0 53 0
0 52 25
0 55 30
480 55 0
0 52 0
0 62 30
0 50 25
480 50 0
0 62 0
0 49 25
0 61 30
480 61 0
0 49 0
0 48 22
0 60 26
480 60 0
0 48 0
0 47 25
0 59 30
480 59 0
0 47 0
0 45 27
0 57 32
480 57 0
0 45 0
0 43 25
0 55 30
480 55 0
0 43 0
0 42 22
0 54 26
480 54 0
0 42 0
0 41 18
0 53 22
480 53 0
0 41 0
0 48 19
0 36 16
480 36 0
0 48 0
0 38 18
0 50 22
480 50 0
0 38 0
0 45 19
0 33 16
480 33 0
0 45 0
0 47 20
0 35 16
480 35 0
0 47 0
0 28 13
0 40 18
960 40 0
0 28 0
0 50 48
0 57 55
480 57 0
0 50 0
0 55 55
0 59 55
480 59 0
0 61 49
480 61 0
0 55 0
0 62 53
0 50 53
240 62 0
0 57 45
240 57 0
0 54 39
480 54 0
0 50 0
0 48 55
0 55 55
480 55 0
0 57 52
480 57 0
0 48 0
0 59 60
0 43 60
480 59 0
0 62 44
480 62 0
0 43 0
0 55 63
0 67 63
480 67 0
0 66 56
480 66 0
0 64 60
480 64 0
0 62 44
480 62 0
0 60 44
480 60 0
0 59 44
480 59 0
0 55 0
0 58 33
0 54 28
480 54 0
0 58 0
0 53 27
0 57 32
240 57 0
0 56 29
240 56 0
0 53 0
0 52 25
0 55 30
480 55 0
0 52 0
0 62 30
0 50 25
480 50 0
0 62 0
0 49 25
0 61 30
480 61 0
0 49 0
0 48 22
0 60 26
480 60 0
0 48 0
0 47 25
0 59 30
480 59 0
0 47 0
0 45 27
0 57 32
480 57 0
0 45 0
0 43 25
0 55 30
480 55 0
0 43 0
0 42 22
0 54 26
480 54 0
0 42 0
0 41 18
0 53 22
480 53 0
0 41 0
0 48 19
0 36 16
480 36 0
0 48 0
0 38 18
0 50 22
480 50 0
0 38 0
0 45 19
0 33 16
480 33 0
0 45 0
480 47 15
0 35 12
480 35 0
0 47 0
960 47 24
0 40 24
1440 40 0
0 47 0
0 47 21
0 40 21
1440 40 0
0 47 0
0 47 21
0 40 21
1440 40 0
0 47 0
0 40 21
0 47 21
1440 47 0
0 40 0
0 40 21
0 47 21
1440 47 0
0 40 0
0 40 21
0 47 21
1440 47 0
0 40 0
0 47 21
0 40 21
1440 40 0
0 47 0
0 40 21
0 47 21
1440 47 0
0 40 0
0 40 21
0 47 21
1440 47 0
0 40 0
0 40 21
0 47 21
1440 47 0
0 40 0
0 35 21
480 42 21
480 42 0
0 42 21
480 42 0
0 35 0
0 35 21
480 42 21
480 42 0
0 42 21
120 42 0
360 35 0
0 35 21
480 42 21
480 42 0
0 42 21
480 42 0
0 35 0
0 35 21
480 42 21
120 42 0
360 42 21
120 42 0
360 35 0
0 35 21
480 42 21
480 42 0
0 42 21
480 42 0
0 35 0
0 35 21
480 42 21
480 42 0
0 42 21
120 42 0
360 35 0
0 35 21
480 42 21
480 42 0
0 42 21
480 42 0
0 35 0
0 35 21
480 42 21
120 42 0
360 42 21
120 42 0
360 35 0
0 70 21
0 63 21
1440 63 0
0 70 0
0 56 21
0 63 21
1440 63 0
0 56 0
0 63 21
0 70 21
1440 70 0
0 63 0
0 58 21
0 65 21
1440 65 0
0 58 0
0 77 21
0 70 21
1440 70 0
0 77 0
0 63 21
0 70 21
1440 70 0
0 63 0
0 70 21
0 77 21
1440 77 0
0 70 0
0 65 21
0 72 21
1440 72 0
0 65 0
0 60 21
0 53 21
1440 53 0
0 60 0
0 46 21
0 53 21
1440 53 0
0 46 0
0 53 21
0 60 21
1440 60 0
0 53 0
0 48 21
0 55 21
1440 55 0
0 48 0
0 67 28
0 60 28
1440 60 0
0 67 0
0 53 30
0 60 30
1440 60 0
0 53 0
0 79 35
0 72 35
1440 72 0
0 79 0
0 65 38
0 72 38
1440 72 0
0 65 0
0 67 53
0 60 45
480 60 0
0 67 0
0 69 50
0 65 41
960 65 0
0 69 0
0 79 62
0 72 51
480 72 0
0 79 0
0 81 56
0 77 47
960 77 0
0 81 0
0 67 58
0 60 47
480 60 0
0 67 0
0 69 53
0 65 45
960 65 0
0 69 0
0 79 68
0 72 56
480 72 0
0 79 0
0 81 60
0 77 52
951 77 0
0 81 0
9 65 47
0 69 58
951 69 0
0 65 0
9 77 52
0 81 60
951 81 0
0 77 0
9 65 47
0 69 58
951 69 0
0 65 0
9 77 52
0 81 60
951 81 0
0 77 0
9 65 47
0 69 58
951 69 0
0 65 0
9 77 52
0 81 60
951 81 0
0 77 0
9 59 42
0 66 51
951 66 0
0 59 0
9 71 46
0 78 52
951 78 0
0 71 0
9 59 42
0 66 51
951 66 0
0 59 0
9 71 46
0 78 52
951 78 0
0 71 0
9 59 42
0 66 51
951 66 0
0 59 0
9 71 46
0 78 52
951 78 0
0 71 0
9 47 94
0 40 79
240 40 0
0 47 0
240 59 71
0 52 60
960 52 0
0 59 0
0 47 80
0 40 68
240 40 0
0 47 0
240 59 70
0 52 59
960 52 0
0 59 0
0 47 75
0 40 63
240 40 0
0 47 0
240 59 71
0 52 60
960 52 0
0 59 0
0 47 80
0 40 68
240 40 0
0 47 0
240 59 70
0 52 59
960 52 0
0 59 0
0 47 63
0 40 52
240 40 0
0 47 0
240 59 59
0 52 50
960 52 0
0 59 0
0 47 65
0 40 55
240 40 0
0 47 0
240 59 57
0 52 49
960 52 0
0 59 0
0 47 63
0 40 52
240 40 0
0 47 0
240 59 59
0 52 50
960 52 0
0 59 0
0 47 65
0 40 55
240 40 0
0 47 0
240 59 51
0 52 44
960 52 0
0 59 0
0 35 21
480 42 21
480 42 0
0 42 21
480 42 0
0 35 0
0 35 21
480 42 21
480 42 0
0 42 21
120 42 0
360 35 0
0 35 21
480 42 21
480 42 0
0 42 21
480 42 0
0 35 0
0 35 21
480 42 21
120 42 0
360 42 21
120 42 0
360 35 0
0 35 21
480 42 21
480 42 0
0 42 21
480 42 0
0 35 0
0 35 21
480 42 21
480 42 0
0 42 21
120 42 0
360 35 0
0 35 21
480 42 21
480 42 0
0 42 21
480 42 0
0 35 0
0 35 21
480 42 21
120 42 0
360 42 21
120 42 0
360 35 0
0 70 21
0 63 21
1440 63 0
0 70 0
0 56 21
0 63 21
1440 63 0
0 56 0
0 63 21
0 70 21
1440 70 0
0 63 0
0 58 21
0 65 21
1440 65 0
0 58 0
0 77 21
0 70 21
1440 70 0
0 77 0
0 63 21
0 70 21
1440 70 0
0 63 0
0 70 21
0 77 21
1440 77 0
0 70 0
0 65 21
0 72 21
1440 72 0
0 65 0
0 60 21
0 53 21
1440 53 0
0 60 0
0 46 21
0 53 21
1440 53 0
0 46 0
0 53 21
0 60 21
1440 60 0
0 53 0
0 48 21
0 55 21
1440 55 0
0 48 0
0 67 28
0 60 28
1440 60 0
0 67 0
0 53 30
0 60 30
1440 60 0
0 53 0
0 79 35
0 72 35
1440 72 0
0 79 0
0 65 38
0 72 38
1440 72 0
0 65 0
0 67 53
0 60 45
480 60 0
0 67 0
0 69 50
0 65 41
960 65 0
0 69 0
0 79 62
0 72 51
480 72 0
0 79 0
0 81 56
0 77 47
960 77 0
0 81 0
0 67 58
0 60 47
480 60 0
0 67 0
0 69 53
0 65 45
960 65 0
0 69 0
0 79 68
0 72 56
480 72 0
0 79 0
0 81 60
0 77 52
951 77 0
0 81 0
9 65 47
0 69 58
951 69 0
0 65 0
9 77 52
0 81 60
951 81 0
0 77 0
9 65 47
0 69 58
951 69 0
0 65 0
9 77 52
0 81 60
951 81 0
0 77 0
9 65 47
0 69 58
951 69 0
0 65 0
9 77 52
0 81 60
951 81 0
0 77 0
9 59 42
0 66 51
951 66 0
0 59 0
9 71 46
0 78 52
951 78 0
0 71 0
9 59 42
0 66 51
951 66 0
0 59 0
9 71 46
0 78 52
951 78 0
0 71 0
9 59 42
0 66 51
951 66 0
0 59 0
9 71 46
0 78 52
951 78 0
0 71 0
9 47 94
0 40 79
240 40 0
0 47 0
240 59 71
0 52 60
960 52 0
0 59 0
0 47 80
0 40 68
240 40 0
0 47 0
240 59 70
0 52 59
960 52 0
0 59 0
0 47 75
0 40 63
240 40 0
0 47 0
240 59 71
0 52 60
960 52 0
0 59 0
0 47 80
0 40 68
240 40 0
0 47 0
240 59 70
0 52 59
960 52 0
0 59 0
0 47 63
0 40 52
240 40 0
0 47 0
240 59 59
0 52 50
960 52 0
0 59 0
0 47 65
0 40 55
240 40 0
0 47 0
240 59 57
0 52 49
960 52 0
0 59 0
0 47 63
0 40 52
240 40 0
0 47 0
240 59 59
0 52 50
960 52 0
0 59 0
0 47 65
0 40 55
240 40 0
0 47 0
240 59 51
0 52 44
960 52 0
0 59 0
1440 40 30
480 47 35
960 47 0
0 40 0
0 40 33
480 47 30
960 47 0
0 40 0
1440 40 25
480 47 29
960 47 0
0 40 0
1440 40 21
480 47 24
960 47 0
0 40 0
1440 64 30
0 62 25
480 62 0
0 61 30
480 61 0
0 64 0
0 60 22
0 64 26
480 64 0
0 60 0
0 59 25
0 62 30
480 62 0
0 59 0
0 57 27
0 60 32
480 60 0
0 57 0
0 55 25
0 59 30
480 59 0
0 55 0
0 54 22
0 57 26
480 57 0
0 54 0
0 53 25
0 60 30
480 60 0
0 53 0
0 59 26
0 48 22
480 48 0
0 59 0
0 50 25
0 57 30
480 57 0
0 50 0
0 55 26
0 45 22
480 45 0
0 55 0
0 54 27
0 47 22
480 47 0
0 54 0
0 40 25
480 40 0
0 52 46
480 54 25
480 54 0
0 59 35
240 59 0
0 57 30
240 57 0
0 62 30
240 62 0
0 60 24
240 60 0
0 59 30
480 59 0
0 52 0
0 54 22
0 64 26
480 64 0
0 54 0
0 55 25
0 59 30
480 59 0
0 55 0
0 57 27
0 60 32
480 60 0
0 57 0
0 59 25
0 62 30
480 59 0
0 55 26
480 55 0
0 62 0
0 53 18
0 57 22
240 57 0
0 59 16
240 59 0
0 53 0
0 60 19
0 48 16
480 48 0
0 60 0
0 50 18
0 54 22
240 54 0
0 55 16
240 55 0
0 50 0
0 57 19
0 45 16
480 45 0
0 57 0
0 54 20
0 47 16
480 47 0
0 54 0
0 40 18
960 40 0
0 50 48
0 57 55
480 57 0
0 50 0
0 55 55
0 59 55
480 59 0
0 61 49
480 61 0
0 55 0
0 62 53
0 50 53
240 62 0
0 57 45
240 57 0
0 54 39
480 54 0
0 50 0
0 48 55
0 55 55
480 55 0
0 57 52
480 57 0
0 48 0
0 59 60
0 43 60
480 59 0
0 62 44
480 62 0
0 43 0
0 55 63
0 67 63
480 67 0
0 66 56
480 66 0
0 64 60
480 64 0
0 62 44
480 62 0
0 60 44
480 60 0
0 59 44
480 59 0
0 55 0
0 58 33
0 54 28
480 54 0
0 58 0
0 53 27
0 57 32
240 57 0
0 56 29
240 56 0
0 53 0
0 52 25
0 55 30
480 55 0
0 52 0
0 62 30
0 50 25
480 50 0
0 62 0
0 49 25
0 61 30
480 61 0
0 49 0
0 48 22
0 60 26
480 60 0
0 48 0
0 47 25
0 59 30
480 59 0
0 47 0
0 45 27
0 57 32
480 57 0
0 45 0
0 43 25
0 55 30
480 55 0
0 43 0
0 42 22
0 54 26
480 54 0
0 42 0
0 41 18
0 53 22
480 53 0
0 41 0
0 48 19
0 36 16
480 36 0
0 48 0
0 38 18
0 50 22
480 50 0
0 38 0
0 45 19
0 33 16
480 33 0
0 45 0
480 47 17
0 35 13
480 35 0
0 47 0
480 28 11
0 40 15
1440 40 0
0 28 0
