480 78 15
0 85 22
0 82 15
456 82 0
0 85 0
0 78 0
24 78 15
0 85 22
0 82 15
456 82 0
0 85 0
0 78 0
24 78 16
0 85 24
0 82 16
456 82 0
0 85 0
0 78 0
24 78 15
0 85 22
0 82 15
456 82 0
0 85 0
0 78 0
24 78 15
0 85 22
0 82 15
456 82 0
0 85 0
0 78 0
504 78 15
0 85 22
0 82 15
456 82 0
0 85 0
0 78 0
24 78 15
0 85 22
0 82 15
456 82 0
0 85 0
0 78 0
24 78 16
0 85 24
0 82 16
456 82 0
0 85 0
0 78 0
24 78 14
0 85 21
0 82 14
456 82 0
0 85 0
0 78 0
24 78 14
0 85 21
0 82 14
456 82 0
0 85 0
0 78 0
504 78 15
0 85 22
0 82 15
456 82 0
0 85 0
0 78 0
24 78 15
0 85 22
0 82 15
456 82 0
0 85 0
0 78 0
24 78 16
0 85 24
0 82 16
456 82 0
0 85 0
0 78 0
24 78 14
0 85 21
0 82 14
456 82 0
0 85 0
0 78 0
24 78 14
0 87 21
0 82 14
456 82 0
0 87 0
0 78 0
504 78 16
0 82 16
0 87 24
456 87 0
0 82 0
0 78 0
24 78 16
0 82 16
0 87 24
456 87 0
0 82 0
0 78 0
504 78 16
0 82 16
0 85 26
456 85 0
0 82 0
0 78 0
24 73 16
0 82 26
0 78 16
456 78 0
0 82 0
0 73 0
504 71 19
0 75 19
0 78 28
456 78 0
0 75 0
0 71 0
24 71 19
0 75 19
0 78 28
456 78 0
0 75 0
0 71 0
504 71 18
0 75 18
0 80 28
456 80 0
0 75 0
0 71 0
24 71 18
0 75 18
0 80 27
456 80 0
0 75 0
0 71 0
504 73 16
0 78 16
0 82 24
456 82 0
0 78 0
0 73 0
24 73 16
0 78 16
0 82 24
456 82 0
0 78 0
0 73 0
24 73 18
0 78 18
0 82 27
456 82 0
0 78 0
0 73 0
24 73 16
0 78 16
0 82 24
456 82 0
0 78 0
0 73 0
24 73 16
0 78 16
0 82 24
456 82 0
0 78 0
0 73 0
504 78 20
0 85 30
0 82 20
456 82 0
0 85 0
0 78 0
24 78 20
0 82 20
0 85 30
456 85 0
0 82 0
0 78 0
24 78 23
0 82 23
0 89 34
456 89 0
0 82 0
0 78 0
24 87 32
0 82 21
0 78 21
456 78 0
0 82 0
0 87 0
24 78 21
0 82 21
0 85 32
456 85 0
0 82 0
0 78 0
504 78 23
0 87 35
0 82 23
456 82 0
0 87 0
0 78 0
24 78 21
0 82 21
0 85 33
456 85 0
0 82 0
0 78 0
504 73 23
0 82 34
0 78 29
456 78 0
0 82 0
0 73 0
24 70 21
0 73 21
0 78 32
456 78 0
0 73 0
0 70 0
504 71 20
0 75 20
0 78 30
456 78 0
0 75 0
0 71 0
24 71 20
0 75 20
0 78 30
456 78 0
0 75 0
0 71 0
24 71 23
0 75 23
0 82 35
456 82 0
0 75 0
0 71 0
24 71 20
0 75 20
0 80 31
456 80 0
0 75 0
0 71 0
24 71 20
0 75 20
0 78 31
456 78 0
0 75 0
0 71 0
504 73 20
0 78 20
0 82 30
456 82 0
0 78 0
0 73 0
24 73 20
0 78 20
0 82 30
456 82 0
0 78 0
0 73 0
24 73 21
0 78 21
0 82 33
456 82 0
0 78 0
0 73 0
24 73 20
0 78 20
0 82 30
456 82 0
0 78 0
0 73 0
24 73 20
0 78 20
0 82 30
456 82 0
0 78 0
0 73 0
504 74 27
0 78 27
0 82 32
456 82 0
0 78 0
0 74 0
24 74 27
0 78 27
0 82 32
456 82 0
0 78 0
0 74 0
504 74 30
0 78 30
0 82 36
456 82 0
0 78 0
0 74 0
24 74 33
0 78 33
0 82 39
456 82 0
0 78 0
0 74 0
504 75 32
0 78 32
0 82 38
456 82 0
0 78 0
0 75 0
24 75 32
0 78 32
0 82 38
456 82 0
0 78 0
0 75 0
504 66 27
0 70 27
0 75 33
456 75 0
0 70 0
0 66 0
24 66 27
0 70 27
0 75 33
456 75 0
0 70 0
0 66 0
504 74 27
0 78 27
0 82 32
456 82 0
0 78 0
0 74 0
24 74 27
0 78 27
0 82 32
456 82 0
0 78 0
0 74 0
504 74 30
0 78 30
0 83 36
456 83 0
0 78 0
0 74 0
24 74 33
0 78 33
0 85 39
456 85 0
0 78 0
0 74 0
504 75 35
0 78 35
0 82 42
456 82 0
0 78 0
0 75 0
24 75 36
0 78 36
0 82 43
456 82 0
0 78 0
0 75 0
24 75 37
0 78 37
0 82 45
456 82 0
0 78 0
0 75 0
24 75 39
0 78 39
0 82 46
456 82 0
0 78 0
0 75 0
24 75 40
0 78 40
0 82 48
456 82 0
0 78 0
0 75 0
504 74 33
0 78 33
0 82 40
456 82 0
0 78 0
0 74 0
24 74 33
0 78 33
0 82 40
456 82 0
0 78 0
0 74 0
24 74 33
0 78 33
0 82 40
456 82 0
0 78 0
0 74 0
24 74 34
0 78 34
0 82 41
456 82 0
0 78 0
0 74 0
24 74 34
0 78 34
0 81 41
456 81 0
0 78 0
0 74 0
504 73 33
0 77 33
0 81 39
456 81 0
0 77 0
0 73 0
24 73 32
0 77 32
0 81 38
456 81 0
0 77 0
0 73 0
504 73 31
0 77 31
0 80 37
456 80 0
0 77 0
0 73 0
24 73 31
0 77 31
0 80 37
456 80 0
0 77 0
0 73 0
504 72 33
0 76 33
0 80 39
456 80 0
0 76 0
0 72 0
24 72 33
0 76 33
0 80 39
456 80 0
0 76 0
0 72 0
504 72 33
0 76 33
0 82 39
238 72 0
218 82 0
0 76 0
24 76 34
0 84 41
456 84 0
0 76 0
504 73 34
0 77 34
0 80 41
456 80 0
0 77 0
0 73 0
24 73 34
0 77 34
0 80 41
456 80 0
0 77 0
0 73 0
24 89 53
456 89 0
24 77 39
0 80 39
0 85 47
456 85 0
0 80 0
0 77 0
24 77 39
0 80 39
0 84 47
456 84 0
0 80 0
0 77 0
504 73 38
0 77 38
0 83 45
456 83 0
0 77 0
0 73 0
24 73 38
0 77 38
0 83 45
456 83 0
0 77 0
0 73 0
24 73 39
0 77 39
0 83 47
456 83 0
0 77 0
0 73 0
24 73 37
0 77 37
0 82 44
456 82 0
0 77 0
0 73 0
24 73 37
0 77 37
0 81 44
456 81 0
0 77 0
0 73 0
504 73 37
0 77 37
0 81 44
456 81 0
0 77 0
0 73 0
24 73 37
0 77 37
0 81 44
456 81 0
0 77 0
0 73 0
504 73 37
0 77 37
0 80 44
456 80 0
0 77 0
0 73 0
24 73 37
0 77 37
0 81 44
456 81 0
0 77 0
0 73 0
504 75 37
0 78 37
0 82 44
456 82 0
0 78 0
0 75 0
24 75 39
0 78 39
0 82 46
456 82 0
0 78 0
0 75 0
24 78 44
0 75 44
0 85 52
456 85 0
24 75 0
0 78 0
0 75 40
0 78 40
0 84 48
456 84 0
0 78 0
0 75 0
24 75 40
0 78 40
0 82 48
456 82 0
0 78 0
0 75 0
504 77 41
0 80 41
0 85 48
456 85 0
0 80 0
0 77 0
24 77 36
0 80 36
0 85 44
456 85 0
0 80 0
0 77 0
24 77 33
0 80 33
0 85 39
456 85 0
0 80 0
0 77 0
24 77 29
0 80 29
0 85 34
456 85 0
0 80 0
0 77 0
24 77 26
0 80 26
0 85 31
456 85 0
0 80 0
0 77 0
504 78 15
0 85 22
0 82 15
456 82 0
0 85 0
0 78 0
24 78 15
0 85 22
0 82 15
456 82 0
0 85 0
0 78 0
24 78 16
0 85 24
0 82 16
456 82 0
0 85 0
0 78 0
24 78 14
0 85 21
0 82 14
456 82 0
0 85 0
0 78 0
24 78 14
0 87 21
0 82 14
456 82 0
0 87 0
0 78 0
504 78 16
0 82 16
0 87 24
456 87 0
0 82 0
0 78 0
24 78 16
0 82 16
0 87 24
456 87 0
0 82 0
0 78 0
504 78 16
0 82 16
0 85 26
456 85 0
0 82 0
0 78 0
24 73 16
0 82 26
0 78 16
456 78 0
0 82 0
0 73 0
504 71 19
0 75 19
0 78 28
456 78 0
0 75 0
0 71 0
24 71 19
0 75 19
0 78 28
456 78 0
0 75 0
0 71 0
504 71 18
0 75 18
0 80 28
456 80 0
0 75 0
0 71 0
24 71 18
0 75 18
0 80 27
456 80 0
0 75 0
0 71 0
504 73 16
0 78 16
0 82 24
456 82 0
0 78 0
0 73 0
24 73 16
0 78 16
0 82 24
456 82 0
0 78 0
0 73 0
24 73 18
0 78 18
0 82 27
456 82 0
0 78 0
0 73 0
24 73 16
0 78 16
0 82 24
456 82 0
0 78 0
0 73 0
24 73 16
0 78 16
0 82 24
456 82 0
0 78 0
0 73 0
504 78 20
0 85 30
0 82 20
456 82 0
0 85 0
0 78 0
24 78 20
0 82 20
0 85 30
456 85 0
0 82 0
0 78 0
24 78 23
0 82 23
0 89 34
456 89 0
0 82 0
0 78 0
24 87 32
0 82 21
0 78 21
456 78 0
0 82 0
0 87 0
24 78 21
0 82 21
0 85 32
456 85 0
0 82 0
0 78 0
504 78 23
0 87 35
0 82 23
456 82 0
0 87 0
0 78 0
24 78 21
0 82 21
0 85 33
456 85 0
0 82 0
0 78 0
504 73 23
0 82 34
0 78 23
456 78 0
0 82 0
0 73 0
24 70 21
0 73 21
0 78 32
456 78 0
0 73 0
0 70 0
504 71 20
0 75 20
0 78 30
456 78 0
0 75 0
0 71 0
24 71 20
0 75 20
0 78 30
456 78 0
0 75 0
0 71 0
24 71 23
0 75 23
0 82 35
456 82 0
0 75 0
0 71 0
24 71 20
0 75 20
0 80 31
456 80 0
0 75 0
0 71 0
24 71 20
0 75 20
0 78 31
456 78 0
0 75 0
0 71 0
504 73 20
0 78 20
0 82 30
456 82 0
0 78 0
0 73 0
24 73 20
0 78 20
0 82 30
456 82 0
0 78 0
0 73 0
24 73 21
0 78 21
0 82 33
456 82 0
0 78 0
0 73 0
24 73 20
0 78 20
0 82 30
456 82 0
0 78 0
0 73 0
24 73 20
0 78 20
0 82 30
456 82 0
0 78 0
0 73 0
504 74 27
0 78 27
0 82 32
456 82 0
0 78 0
0 74 0
24 74 27
0 78 27
0 82 32
456 82 0
0 78 0
0 74 0
504 74 30
0 78 30
0 82 36
456 82 0
0 78 0
0 74 0
24 74 33
0 78 33
0 82 39
456 82 0
0 78 0
0 74 0
504 75 32
0 78 32
0 82 38
456 82 0
0 78 0
0 75 0
24 75 32
0 78 32
0 82 38
456 82 0
0 78 0
0 75 0
504 66 27
0 70 27
0 75 33
456 75 0
0 70 0
0 66 0
24 66 27
0 70 27
0 75 33
456 75 0
0 70 0
0 66 0
504 74 27
0 78 27
0 82 32
456 82 0
0 78 0
0 74 0
24 74 27
0 78 27
0 82 32
456 82 0
0 78 0
0 74 0
504 74 30
0 78 30
0 83 36
456 83 0
0 78 0
0 74 0
24 74 33
0 78 33
0 85 39
456 85 0
0 78 0
0 74 0
504 75 35
0 78 35
0 82 42
456 82 0
0 78 0
0 75 0
24 75 36
0 78 36
0 82 43
456 82 0
0 78 0
0 75 0
24 75 37
0 78 37
0 82 45
456 82 0
0 78 0
0 75 0
24 75 39
0 78 39
0 82 46
456 82 0
0 78 0
0 75 0
24 75 40
0 78 40
0 82 48
456 82 0
0 78 0
0 75 0
504 74 33
0 78 33
0 82 40
456 82 0
0 78 0
0 74 0
24 74 33
0 78 33
0 82 40
456 82 0
0 78 0
0 74 0
24 74 33
0 78 33
0 82 40
456 82 0
0 78 0
0 74 0
24 74 34
0 78 34
0 82 41
456 82 0
0 78 0
0 74 0
24 74 34
0 78 34
0 81 41
456 81 0
0 78 0
0 74 0
504 73 33
0 77 33
0 81 39
456 81 0
0 77 0
0 73 0
24 73 32
0 77 32
0 81 38
456 81 0
0 77 0
0 73 0
504 73 31
0 77 31
0 80 37
456 80 0
0 77 0
0 73 0
24 73 31
0 77 31
0 80 37
456 80 0
0 77 0
0 73 0
504 72 33
0 76 33
0 80 39
456 80 0
0 76 0
0 72 0
24 72 33
0 76 33
0 80 39
456 80 0
0 76 0
0 72 0
504 72 33
0 76 33
0 82 39
238 72 0
218 82 0
0 76 0
24 76 34
0 84 41
456 84 0
0 76 0
504 73 34
0 77 34
0 80 41
456 80 0
0 77 0
0 73 0
24 73 34
0 77 34
0 80 41
456 80 0
0 77 0
0 73 0
24 89 53
456 89 0
24 77 39
0 80 39
0 85 47
456 85 0
0 80 0
0 77 0
24 77 39
0 80 39
0 84 47
456 84 0
0 80 0
0 77 0
504 73 38
0 77 38
0 83 45
456 83 0
0 77 0
0 73 0
24 73 38
0 77 38
0 83 45
456 83 0
0 77 0
0 73 0
24 73 39
0 77 39
0 83 47
456 83 0
0 77 0
0 73 0
24 73 37
0 77 37
0 82 44
456 82 0
0 77 0
0 73 0
24 73 37
0 77 37
0 81 44
456 81 0
0 77 0
0 73 0
504 73 37
0 77 37
0 81 44
456 81 0
0 77 0
0 73 0
24 73 37
0 77 37
0 81 44
456 81 0
0 77 0
0 73 0
504 73 37
0 77 37
0 80 44
456 80 0
0 77 0
0 73 0
24 73 37
0 77 37
0 81 44
456 81 0
0 77 0
0 73 0
504 75 37
0 78 37
0 82 44
456 82 0
0 78 0
0 75 0
24 75 39
0 78 39
0 82 46
456 82 0
0 78 0
0 75 0
24 78 44
0 75 44
0 85 52
456 85 0
24 75 0
0 78 0
0 75 40
0 78 40
0 84 48
456 84 0
0 78 0
0 75 0
24 75 40
0 78 40
0 82 48
456 82 0
0 78 0
0 75 0
504 77 40
0 80 40
0 85 48
456 85 0
0 80 0
0 77 0
24 77 36
0 80 36
0 85 44
456 85 0
0 80 0
0 77 0
24 77 33
0 80 33
0 85 40
456 85 0
0 80 0
0 77 0
24 77 30
0 80 30
0 85 36
456 85 0
0 80 0
0 77 0
24 77 27
0 80 27
0 85 33
360 85 0
0 80 0
0 77 0
120 61 40
480 53 20
0 56 20
0 59 25
480 59 0
0 56 0
0 53 0
0 53 20
0 56 20
0 59 25
480 59 0
0 56 0
0 53 0
0 53 20
0 56 20
0 59 25
480 59 0
0 56 0
0 53 0
0 53 20
0 56 20
0 59 25
480 59 0
0 61 0
0 53 0
0 56 0
0 62 39
480 62 0
0 62 43
480 53 20
0 56 20
0 59 25
480 59 0
0 56 0
0 53 0
0 53 20
0 56 20
0 59 25
480 59 0
0 62 0
0 53 0
0 56 0
0 61 37
480 53 20
0 56 20
0 59 25
480 59 0
0 56 0
0 53 0
0 53 20
0 56 20
0 59 25
480 59 0
0 61 0
0 53 0
0 56 0
0 62 41
480 56 20
0 59 25
480 59 0
0 56 0
0 56 20
0 59 25
480 59 0
0 56 0
0 62 0
0 66 45
480 66 0
0 56 20
0 59 25
0 62 42
480 62 0
0 59 0
0 56 0
0 64 44
480 64 0
0 61 40
480 53 20
0 56 20
0 59 25
480 59 0
0 56 0
0 53 0
0 53 20
0 56 20
0 59 25
480 59 0
0 56 0
0 53 0
0 53 20
0 56 20
0 59 25
480 59 0
0 56 0
0 53 0
0 53 20
0 56 20
0 59 25
480 59 0
0 56 0
0 53 0
0 53 20
0 56 20
0 59 25
360 59 0
0 56 0
0 53 0
120 61 0
0 65 55
480 56 31
0 59 31
0 62 39
480 62 0
0 59 0
0 56 0
0 56 31
0 59 31
0 62 39
480 62 0
0 59 0
0 56 0
0 56 31
0 59 31
0 62 39
480 62 0
0 59 0
0 56 0
0 56 31
0 59 31
0 62 39
480 62 0
0 65 0
0 56 0
0 59 0
0 66 55
480 66 0
0 66 61
480 56 32
0 59 32
0 62 40
480 62 0
0 59 0
0 56 0
0 56 32
0 59 32
0 62 41
480 62 0
0 66 0
0 56 0
0 59 0
0 65 54
480 56 33
0 59 33
0 62 41
480 62 0
0 59 0
0 56 0
0 56 33
0 59 33
0 62 41
480 62 0
0 65 0
0 56 0
0 59 0
0 66 60
480 59 33
0 62 42
480 62 0
0 59 0
0 59 33
0 62 42
480 62 0
0 59 0
0 66 0
0 69 67
480 69 0
0 59 34
0 62 43
0 66 63
480 66 0
0 62 0
0 59 0
0 68 66
480 68 0
0 65 65
480 59 39
0 62 48
480 62 0
0 59 0
0 59 39
0 62 48
480 62 0
0 59 0
0 59 39
0 62 49
480 62 0
0 59 0
0 59 39
0 62 49
480 62 0
0 59 0
0 59 39
0 62 49
480 62 0
0 59 0
0 65 0
0 69 70
480 69 0
0 59 39
0 62 50
0 66 66
480 66 0
0 62 0
0 59 0
0 68 69
480 68 0
0 65 63
480 59 40
0 62 50
480 62 0
0 59 0
0 59 40
0 62 51
480 62 0
0 59 0
0 65 0
0 69 71
480 69 0
0 59 39
0 62 51
0 66 67
480 66 0
0 62 0
0 59 0
0 68 71
480 68 0
0 65 64
480 59 41
0 62 52
480 62 0
0 59 0
0 59 41
0 62 52
480 62 0
0 59 0
0 65 0
0 73 80
480 73 0
0 62 44
0 65 57
0 69 75
480 69 0
0 65 0
0 62 0
0 71 76
480 71 0
0 68 73
480 62 46
0 65 58
480 65 0
0 62 0
0 62 47
0 65 58
480 65 0
0 62 0
0 68 0
0 73 82
480 73 0
0 62 44
0 65 58
0 69 77
480 69 0
0 65 0
0 62 0
0 71 78
480 71 0
0 68 74
480 62 47
0 65 59
480 65 0
0 62 0
0 62 47
0 65 59
480 65 0
0 62 0
0 68 0
0 76 80
480 76 0
0 65 47
0 68 47
0 73 60
480 73 0
0 68 0
0 65 0
0 74 81
480 74 0
0 65 52
0 68 52
0 71 66
480 71 0
0 68 0
0 65 0
0 76 86
480 76 0
0 65 54
0 68 54
0 73 69
480 73 0
0 68 0
0 65 0
0 74 94
480 74 0
0 65 57
0 68 57
0 71 72
480 71 0
0 68 0
0 65 0
0 76 98
480 76 0
0 65 61
0 68 61
0 73 77
480 73 0
0 68 0
0 65 0
0 74 103
480 74 0
0 65 63
0 68 63
0 71 80
480 71 0
0 68 0
0 65 0
0 65 88
0 77 101
4800 77 0
0 65 0
720 65 88
0 77 101
240 77 0
0 65 0
27 66 88
0 78 101
4800 78 0
0 66 0
693 66 88
0 78 101
240 78 0
0 66 0
0 69 88
0 81 101
4800 81 0
0 69 0
720 69 88
0 81 101
240 81 0
0 69 0
0 71 92
0 83 105
2880 83 0
0 71 0
0 72 95
0 84 109
2400 84 0
0 72 0
0 85 98
0 73 80
360 73 0
0 85 0
0 73 50
120 85 57
2280 85 0
0 73 0
0 75 49
120 87 59
480 87 0
0 75 0
0 87 65
0 75 54
1440 75 0
0 87 0
0 85 57
0 73 50
960 73 0
0 85 0
0 82 55
0 70 46
360 70 0
0 82 0
0 66 54
120 78 61
1440 78 0
0 66 0
0 80 57
0 68 50
1320 68 0
0 80 0
0 70 54
120 82 62
2760 82 0
0 70 0
0 73 55
120 85 63
1440 85 0
0 73 0
0 89 65
0 77 57
480 77 0
0 89 0
0 87 64
0 75 56
480 75 0
0 87 0
0 85 64
0 73 56
360 73 0
0 85 0
0 75 63
120 87 72
960 87 0
0 75 0
0 85 64
0 73 58
480 73 0
0 85 0
0 82 67
0 70 59
960 70 0
0 82 0
0 78 63
0 66 55
360 66 0
0 78 0
0 66 60
120 78 68
1440 78 0
0 66 0
0 82 68
0 70 60
480 70 0
0 82 0
0 80 61
0 68 54
480 68 0
0 80 0
0 78 61
0 66 54
360 66 0
0 78 0
0 70 60
120 82 68
2760 82 0
0 70 0
0 70 60
120 82 68
2400 82 0
0 70 0
0 82 72
0 70 63
360 70 0
0 82 0
0 70 67
120 82 77
1440 82 0
0 70 0
0 75 72
0 63 60
1320 63 0
0 75 0
0 70 72
120 82 82
1920 82 0
0 70 0
0 83 76
0 71 67
480 71 0
0 83 0
0 85 76
0 73 65
360 73 0
0 85 0
0 70 75
120 82 86
2760 82 0
0 70 0
0 75 86
120 87 102
1440 75 0
960 87 0
0 86 82
0 74 70
360 74 0
0 86 0
0 74 78
120 86 95
1440 86 0
0 74 0
0 85 82
0 73 70
1320 73 0
0 85 0
0 73 76
120 85 88
1320 85 0
0 73 0
0 75 74
120 87 85
960 87 0
0 75 0
0 89 86
0 77 73
360 77 0
0 89 0
0 73 83
120 85 94
1440 85 0
0 73 0
0 94 97
0 82 82
480 82 0
0 94 0
0 90 89
0 78 75
480 78 0
0 90 0
0 89 87
0 77 73
360 77 0
0 89 0
0 76 90
120 88 98
1920 88 0
0 76 0
0 75 72
0 87 85
480 87 0
0 75 0
0 74 71
0 86 84
350 74 0
10 74 82
120 86 0
0 86 97
1440 86 0
0 74 0
0 73 73
0 85 86
960 85 0
0 73 0
0 86 83
0 74 70
360 74 0
0 86 0
0 75 84
120 87 99
1440 87 0
0 75 0
0 90 98
0 78 83
480 78 0
0 90 0
0 89 87
0 77 73
480 77 0
0 89 0
0 87 83
0 75 70
360 75 0
0 87 0
0 78 60
120 90 67
2760 90 0
0 78 0
0 79 58
120 91 66
2760 91 0
0 79 0
0 80 54
120 92 60
2760 92 0
0 80 0
0 81 49
120 93 56
2760 93 0
0 81 0
0 82 45
120 94 47
4320 94 0
0 82 0
4200 63 33
60 66 36
60 69 39
60 78 44
1380 63 0
0 62 33
1440 62 0
0 78 0
0 69 0
0 66 0
2880 66 36
2880 66 0
5760 73 35
2160 73 0
0 75 34
720 75 0
0 75 38
1440 75 0
0 73 35
720 73 0
0 70 33
720 70 0
0 66 37
1440 66 0
0 68 35
1440 68 0
0 70 38
2880 70 0
0 73 39
1440 73 0
0 77 41
480 77 0
0 75 39
480 75 0
0 73 39
480 73 0
0 75 44
720 75 0
0 73 42
720 73 0
0 70 41
720 70 0
0 66 39
720 66 0
0 66 42
1440 66 0
0 70 42
480 70 0
0 68 37
480 68 0
0 66 37
480 66 0
0 70 42
2400 70 0
480 70 42
1440 62 42
0 54 34
480 54 0
0 62 0
240 70 0
0 70 49
720 70 0
0 70 52
1440 70 0
0 63 48
1440 63 0
0 70 42
1440 54 34
0 62 42
480 62 0
0 54 0
0 70 0
0 71 49
480 71 0
0 73 49
480 73 0
0 70 52
2880 70 0
0 70 54
2160 70 0
0 69 48
720 69 0
0 69 45
1440 69 0
0 68 44
1440 68 0
0 68 48
1440 68 0
0 70 51
720 70 0
0 72 50
720 72 0
0 68 57
1440 68 0
0 77 58
478 77 0
2 73 56
480 73 0
0 72 56
480 72 0
0 71 57
1920 71 0
0 70 53
480 70 0
0 69 53
480 69 0
0 69 55
1440 69 0
0 68 56
960 68 0
0 69 58
480 69 0
0 70 57
1440 70 0
0 73 60
478 73 0
2 72 54
480 72 0
0 70 54
480 70 0
0 73 60
2880 73 0
0 73 35
2160 73 0
0 75 34
720 75 0
0 75 38
1440 75 0
0 73 35
720 73 0
0 70 33
720 70 0
0 66 37
1440 66 0
0 68 35
1440 68 0
0 70 38
2880 70 0
0 73 39
1440 73 0
0 77 41
480 77 0
0 75 39
480 75 0
0 73 39
480 73 0
0 75 44
720 75 0
0 73 42
720 73 0
0 70 41
720 70 0
0 66 39
720 66 0
0 66 42
1440 66 0
0 70 42
480 70 0
0 68 37
480 68 0
0 66 37
480 66 0
0 70 42
2400 70 0
480 70 42
1440 54 30
0 62 37
480 62 0
0 54 0
240 70 0
0 70 49
720 70 0
0 70 52
1440 70 0
0 63 48
1440 63 0
0 70 42
1440 54 30
0 62 37
480 62 0
0 54 0
0 70 0
0 71 49
480 71 0
0 73 49
480 73 0
0 70 52
2880 70 0
0 70 54
2160 70 0
0 69 48
720 69 0
0 69 45
1440 69 0
0 68 44
1440 68 0
0 68 48
1440 68 0
0 70 51
720 70 0
0 72 50
720 72 0
0 68 57
1440 68 0
0 77 58
478 77 0
2 73 56
480 73 0
0 72 56
480 72 0
0 71 57
1920 71 0
0 70 53
480 70 0
0 69 53
480 69 0
0 69 55
1440 69 0
0 68 56
960 68 0
0 69 58
480 69 0
0 70 57
1440 70 0
0 73 60
478 73 0
2 72 54
480 72 0
0 70 54
480 70 0
0 73 60
2760 37 35
120 37 0
0 73 0
0 49 37
2400 49 0
0 50 37
480 50 0
0 50 44
1440 50 0
0 49 37
1440 49 0
0 50 37
1440 50 0
0 54 43
480 54 0
0 50 39
480 50 0
0 52 41
480 52 0
0 49 39
2760 41 40
120 41 0
0 49 0
0 53 51
2400 53 0
0 54 53
480 54 0
0 54 62
1440 54 0
0 53 54
1440 53 0
0 54 54
1440 54 0
0 57 64
480 57 0
0 54 58
480 54 0
0 56 62
480 56 0
0 53 59
2880 53 0
0 57 67
480 57 0
0 54 60
480 54 0
0 56 65
480 56 0
0 53 61
1440 53 0
0 57 68
480 57 0
0 54 61
480 54 0
0 56 66
480 56 0
0 53 62
1440 53 0
0 61 76
480 61 0
0 57 69
480 57 0
0 59 69
480 59 0
0 56 71
1440 56 0
0 61 78
480 61 0
0 57 70
480 57 0
0 59 71
480 59 0
0 56 72
1440 56 0
0 64 69
480 64 0
0 61 64
480 61 0
0 62 71
480 62 0
0 59 67
480 59 0
0 64 76
480 64 0
0 61 72
480 61 0
0 62 81
480 62 0
0 59 75
480 59 0
0 64 85
480 64 0
0 61 80
480 61 0
0 62 90
480 62 0
0 59 85
480 59 0
480 49 55
0 53 55
0 61 69
0 56 55
480 56 0
0 49 0
0 53 0
0 61 0
0 49 54
0 53 54
0 56 54
0 61 67
480 61 0
0 49 0
0 53 0
0 56 0
0 61 66
0 49 52
0 53 52
0 56 52
480 56 0
0 61 0
0 49 0
0 53 0
0 61 65
0 49 51
0 53 51
0 56 51
480 56 0
0 61 0
0 49 0
0 53 0
0 61 64
0 49 50
0 53 50
0 56 50
480 56 0
0 61 0
0 49 0
0 53 0
0 61 63
0 49 50
0 53 50
0 56 50
480 56 0
0 61 0
0 49 0
0 53 0
0 61 62
0 49 49
0 53 49
0 56 49
480 56 0
0 61 0
0 49 0
0 53 0
0 61 60
0 49 48
0 53 48
0 56 48
480 56 0
0 61 0
0 49 0
0 53 0
0 49 47
0 53 47
0 56 47
0 61 59
480 61 0
0 49 0
0 53 0
0 56 0
0 49 46
0 53 46
0 56 46
0 61 58
480 61 0
0 49 0
0 53 0
0 56 0
960 47 55
0 62 69
0 54 55
0 59 55
480 59 0
0 47 0
0 62 0
0 54 0
0 47 54
0 59 54
0 54 54
0 62 67
480 62 0
0 47 0
0 59 0
0 54 0
0 47 52
0 59 52
0 54 52
0 62 66
480 62 0
0 47 0
0 59 0
0 54 0
0 47 51
0 59 51
0 54 51
0 62 65
480 62 0
0 47 0
0 59 0
0 54 0
0 47 50
0 59 50
0 54 50
0 62 64
480 62 0
0 47 0
0 59 0
0 54 0
0 47 50
0 59 50
0 54 50
0 62 63
480 62 0
0 47 0
0 59 0
0 54 0
0 54 49
0 47 49
0 59 49
0 62 62
480 62 0
0 54 0
0 47 0
0 59 0
0 47 48
0 54 48
0 59 48
0 62 60
480 62 0
0 47 0
0 54 0
0 59 0
0 47 47
0 54 47
0 62 59
0 59 47
480 59 0
0 47 0
0 54 0
0 62 0
0 54 46
0 47 46
0 62 58
0 59 46
480 59 0
0 54 0
0 47 0
0 62 0
960 54 55
0 45 55
0 57 55
0 62 69
480 62 0
0 54 0
0 45 0
0 57 0
0 54 54
0 45 54
0 62 67
0 57 54
480 57 0
0 54 0
0 45 0
0 62 0
0 54 52
0 45 52
0 62 66
0 57 52
480 57 0
0 54 0
0 45 0
0 62 0
0 54 51
0 45 51
0 62 65
0 57 51
480 57 0
0 54 0
0 45 0
0 62 0
0 62 64
0 45 50
0 54 50
0 57 50
480 57 0
0 62 0
0 45 0
0 54 0
0 54 50
0 57 50
0 62 63
0 45 50
480 45 0
0 54 0
0 57 0
0 62 0
0 54 49
0 57 49
0 62 62
0 45 49
480 45 0
0 54 0
0 57 0
0 62 0
0 62 60
0 45 48
0 54 48
0 57 48
480 57 0
0 62 0
0 45 0
0 54 0
0 62 59
0 45 47
0 54 47
0 57 47
480 57 0
0 62 0
0 45 0
0 54 0
0 62 58
0 45 46
0 54 46
0 57 46
480 57 0
0 62 0
0 45 0
0 54 0
960 66 75
0 62 59
0 44 59
0 54 59
0 59 59
480 59 0
0 44 0
0 66 0
0 62 0
0 54 0
0 54 59
0 62 59
0 44 59
0 66 75
0 59 59
480 59 0
0 44 0
0 54 0
0 62 0
0 66 0
0 54 59
0 62 59
0 44 59
0 59 59
0 66 75
480 66 0
0 44 0
0 54 0
0 62 0
0 59 0
0 62 58
0 44 58
0 54 58
0 59 58
0 66 75
480 66 0
0 54 0
0 62 0
0 44 0
0 59 0
0 62 58
0 66 75
0 44 58
0 54 58
0 59 58
480 59 0
0 44 0
0 62 0
0 66 0
0 54 0
480 59 69
0 61 69
0 43 69
0 53 69
0 65 86
480 65 0
0 43 0
0 59 0
0 61 0
0 53 0
0 53 70
0 61 70
0 43 70
0 65 88
0 59 70
480 59 0
0 43 0
0 53 0
0 61 0
0 65 0
0 43 72
0 61 72
0 59 72
0 53 72
0 65 90
480 65 0
0 59 0
0 43 0
0 61 0
0 53 0
0 65 93
0 61 73
0 43 73
0 53 73
0 59 73
480 59 0
0 43 0
0 65 0
0 61 0
0 53 0
960 78 27
0 82 32
456 82 0
0 78 0
24 78 29
0 82 35
456 82 0
0 78 0
24 78 27
0 82 32
456 82 0
0 78 0
24 78 27
0 82 32
456 82 0
0 78 0
984 78 30
0 82 36
456 82 0
0 78 0
24 78 30
0 82 36
456 82 0
0 78 0
504 78 29
0 82 35
456 82 0
0 78 0
984 71 27
0 75 32
456 75 0
0 71 0
24 71 29
0 75 35
456 75 0
0 71 0
504 75 32
0 71 27
456 71 0
0 75 0
24 75 32
0 71 27
456 71 0
0 75 0
504 73 27
0 78 32
456 78 0
0 73 0
24 73 29
0 78 35
456 78 0
0 73 0
24 73 27
0 78 32
456 78 0
0 73 0
24 73 27
0 78 32
456 78 0
0 73 0
24 73 27
0 78 32
350 73 0
106 78 0
504 82 41
0 78 34
456 78 0
0 82 0
24 78 34
0 82 41
456 82 0
0 78 0
1944 78 35
0 82 42
960 82 0
0 78 0
480 73 35
0 78 42
960 78 0
0 73 0
480 71 34
0 75 41
456 75 0
0 71 0
24 75 41
0 71 34
456 71 0
0 75 0
1944 78 36
0 73 31
456 73 0
0 78 0
24 78 39
0 73 33
456 73 0
0 78 0
24 78 36
0 73 31
456 73 0
0 78 0
24 78 36
0 73 31
456 73 0
0 78 0
24 78 36
0 73 31
456 73 0
0 78 0
504 77 36
0 74 31
456 74 0
0 77 0
24 77 39
0 74 33
456 74 0
0 77 0
24 77 36
0 74 31
456 74 0
0 77 0
24 77 36
0 74 31
456 74 0
0 77 0
984 78 41
0 75 34
456 75 0
0 78 0
24 78 41
0 75 34
456 75 0
0 78 0
504 70 40
0 66 33
456 66 0
0 70 0
24 70 40
0 66 33
456 66 0
0 70 0
504 77 43
0 74 36
456 74 0
0 77 0
24 77 43
0 74 36
456 74 0
0 77 0
24 77 39
0 74 27
456 74 0
0 77 0
24 62 35
0 65 42
456 65 0
0 62 0
24 62 26
0 65 36
456 65 0
0 62 0
504 78 45
0 75 45
456 75 0
0 78 0
24 78 46
0 75 46
456 75 0
0 78 0
24 78 50
0 75 50
456 75 0
0 78 0
24 78 52
0 75 52
456 75 0
0 78 0
24 78 55
0 75 55
350 75 0
106 78 0
504 82 64
0 78 64
456 78 0
0 82 0
24 82 66
0 78 66
456 78 0
0 82 0
24 82 66
0 78 66
456 78 0
0 82 0
24 82 66
0 78 66
456 78 0
0 82 0
984 82 61
0 78 61
456 78 0
0 82 0
24 78 61
0 82 61
456 82 0
0 78 0
504 78 62
0 82 62
456 82 0
0 78 0
24 78 62
0 82 62
456 82 0
0 78 0
504 77 50
0 81 50
456 81 0
0 77 0
24 77 50
0 81 50
456 81 0
0 77 0
504 81 58
0 77 58
456 77 0
0 81 0
984 78 55
0 82 55
456 82 0
0 78 0
24 78 63
0 82 63
456 82 0
0 78 0
1944 78 66
0 82 66
480 82 0
0 78 0
0 78 66
0 82 66
480 82 0
0 78 0
0 78 64
0 82 64
480 82 0
0 78 0
0 78 64
0 82 64
480 82 0
0 78 0
0 78 64
0 82 64
480 82 0
0 78 0
480 78 58
0 82 58
456 82 0
0 78 0
24 78 66
0 82 66
456 82 0
0 78 0
504 82 60
0 78 60
456 78 0
0 82 0
24 82 60
0 78 60
480 78 0
0 82 0
480 80 58
0 83 58
456 83 0
0 80 0
24 80 61
0 83 61
456 83 0
0 80 0
24 80 49
0 83 62
480 83 0
0 80 0
0 80 67
0 83 67
480 83 0
0 80 0
0 83 62
0 80 49
480 80 0
0 83 0
480 86 36
0 83 30
456 83 0
0 86 0
24 86 38
0 83 32
456 83 0
0 86 0
24 86 36
0 83 29
456 83 0
0 86 0
24 86 36
0 83 29
456 83 0
0 86 0
24 86 35
0 83 29
456 83 0
0 86 0
504 86 35
0 83 29
456 83 0
0 86 0
24 86 36
0 83 29
456 83 0
0 86 0
24 86 34
0 83 28
456 83 0
0 86 0
24 86 32
0 83 27
456 83 0
0 86 0
24 86 32
0 83 27
456 83 0
0 86 0
504 88 31
0 83 27
456 83 0
0 88 0
24 83 27
0 88 33
456 88 0
0 83 0
24 83 25
0 88 30
456 88 0
0 83 0
24 83 25
0 88 29
456 88 0
0 83 0
24 83 25
0 88 29
456 88 0
0 83 0
504 86 24
0 90 29
456 90 0
0 86 0
24 86 26
0 90 29
456 90 0
0 86 0
24 86 24
0 90 27
456 90 0
0 86 0
24 86 22
0 90 27
456 90 0
0 86 0
24 86 22
0 90 27
456 90 0
0 86 0
504 85 20
0 90 25
456 90 0
0 85 0
24 85 21
0 90 27
456 90 0
0 85 0
24 85 20
0 90 25
456 90 0
0 85 0
24 85 20
0 90 25
456 90 0
0 85 0
24 85 20
0 90 25
456 90 0
0 85 0
24 85 20
0 90 25
456 90 0
0 85 0
24 85 20
0 90 25
456 90 0
0 85 0
24 90 25
0 85 20
456 85 0
0 90 0
4044 35 27
60 47 29
60 57 30
3060 57 0
0 47 0
0 35 0
0 30 30
480 42 25
480 49 25
480 54 25
480 58 25
480 61 24
3360 61 0
0 42 0
0 49 0
0 30 0
0 58 0
0 54 0
