720 74 47
240 74 0
0 74 50
360 74 0
0 76 46
60 76 0
0 78 49
60 78 0
0 79 52
180 79 0
60 79 47
180 79 0
60 79 50
480 79 0
0 78 47
240 78 0
0 76 47
240 76 0
0 76 50
120 76 0
0 74 45
120 74 0
0 72 45
120 72 0
0 71 45
120 71 0
0 74 50
120 74 0
0 72 45
120 72 0
0 71 45
120 71 0
0 69 45
120 69 0
0 71 50
240 71 0
0 67 46
240 67 0
240 74 56
240 74 0
0 74 60
360 74 0
0 76 58
60 76 0
0 78 62
60 78 0
0 79 67
180 79 0
60 83 68
120 83 0
120 83 71
480 83 0
0 81 69
240 81 0
0 79 66
240 79 0
0 79 68
120 79 0
0 78 61
120 78 0
0 76 61
120 76 0
0 74 60
120 74 0
0 76 72
64 76 0
0 78 60
64 78 0
0 76 60
64 76 0
0 78 67
48 78 0
0 76 58
48 76 0
0 78 62
48 78 0
0 76 64
48 76 0
0 74 62
48 74 0
0 76 64
48 76 0
0 74 68
480 74 0
240 74 47
240 74 0
0 74 50
360 74 0
0 76 46
60 76 0
0 78 49
60 78 0
0 79 52
180 79 0
60 79 47
180 79 0
60 79 50
480 79 0
0 78 47
240 78 0
0 76 47
240 76 0
0 76 50
120 76 0
0 74 45
120 74 0
0 72 45
120 72 0
0 71 45
120 71 0
0 74 50
120 74 0
0 72 45
120 72 0
0 71 45
120 71 0
0 69 45
120 69 0
0 71 50
240 71 0
0 67 46
240 67 0
240 74 56
240 74 0
0 74 60
360 74 0
0 76 58
60 76 0
0 78 62
60 78 0
0 79 67
180 79 0
60 83 68
180 83 0
60 83 71
480 83 0
0 81 69
240 81 0
0 79 66
240 79 0
0 79 68
120 79 0
0 78 61
120 78 0
0 76 61
120 76 0
0 74 60
120 74 0
0 76 72
64 76 0
0 78 60
64 78 0
0 76 60
64 76 0
0 78 67
48 78 0
0 76 58
48 76 0
0 78 62
48 78 0
0 76 64
48 76 0
0 74 62
48 74 0
0 76 64
48 76 0
0 74 68
480 74 0
240 74 70
120 74 0
0 86 72
120 86 0
0 86 80
480 86 0
0 84 74
120 84 0
0 83 65
60 83 0
60 81 74
60 81 0
60 80 69
60 80 0
60 81 78
480 81 0
240 72 68
120 72 0
0 84 72
120 84 0
0 84 80
480 84 0
0 83 75
120 83 0
0 81 65
60 81 0
60 79 74
60 79 0
60 78 67
60 78 0
60 79 78
480 79 0
240 74 50
120 74 0
0 79 46
120 79 0
0 76 50
34 76 0
0 78 47
34 78 0
1 76 50
34 76 0
0 78 46
34 78 0
0 76 50
34 76 0
0 74 47
34 74 0
0 76 47
35 76 0
0 74 53
240 74 0
0 74 50
80 74 0
0 76 47
80 76 0
0 78 47
80 78 0
0 79 50
80 79 0
0 78 46
80 78 0
0 79 46
80 79 0
0 76 50
34 76 0
0 78 47
34 78 0
1 76 50
34 76 0
0 78 46
34 78 0
0 76 50
34 76 0
0 74 47
34 74 0
0 76 47
35 76 0
0 74 53
180 74 0
0 69 53
30 69 0
0 71 53
30 71 0
0 72 62
480 72 0
0 72 53
120 72 0
0 71 50
120 71 0
0 69 50
120 69 0
0 67 51
120 67 0
0 71 58
120 71 0
0 69 51
120 69 0
0 67 56
120 67 0
0 66 61
120 66 0
0 67 65
120 67 0
0 79 62
120 79 0
0 79 68
120 79 0
60 69 66
30 69 0
0 71 69
30 71 0
0 72 72
480 72 0
0 72 70
120 72 0
0 71 62
120 71 0
0 69 62
120 69 0
0 67 61
120 67 0
0 71 67
120 71 0
0 69 62
120 69 0
0 67 64
120 67 0
0 66 66
120 66 0
0 67 73
240 67 0
480 74 68
120 74 0
0 86 72
120 86 0
0 86 80
480 86 0
0 84 73
120 84 0
0 83 66
60 83 0
60 81 73
60 81 0
60 80 68
60 80 0
60 81 78
480 81 0
240 72 68
120 72 0
0 84 72
120 84 0
0 84 80
480 84 0
0 83 75
120 83 0
0 81 68
60 81 0
60 79 75
60 79 0
60 78 67
60 78 0
60 79 78
480 79 0
240 74 50
120 74 0
0 79 46
120 79 0
0 76 50
34 76 0
0 78 47
34 78 0
1 76 50
34 76 0
0 78 46
34 78 0
0 76 50
34 76 0
0 74 47
34 74 0
0 76 47
35 76 0
0 74 53
240 74 0
0 74 50
80 74 0
0 76 48
80 76 0
0 78 48
80 78 0
0 79 50
80 79 0
0 78 48
80 78 0
0 79 48
80 79 0
0 76 50
34 76 0
0 78 47
34 78 0
1 76 50
34 76 0
0 78 46
34 78 0
0 76 50
34 76 0
0 74 47
34 74 0
0 76 47
35 76 0
0 74 53
180 74 0
0 69 53
30 69 0
0 71 53
30 71 0
0 72 62
480 72 0
0 72 53
120 72 0
0 71 50
120 71 0
0 69 50
120 69 0
0 67 51
120 67 0
0 71 59
120 71 0
0 69 51
120 69 0
0 67 56
120 67 0
0 66 61
120 66 0
0 67 65
120 67 0
0 79 62
120 79 0
0 79 68
120 79 0
60 69 66
30 69 0
0 71 69
30 71 0
0 72 72
480 72 0
0 72 70
120 72 0
0 71 62
120 71 0
0 69 62
120 69 0
0 67 61
120 67 0
0 71 68
120 71 0
0 69 62
120 69 0
0 67 64
120 67 0
0 66 66
120 66 0
0 67 73
480 67 0
1200 55 40
240 55 0
0 59 36
240 59 0
0 60 39
240 60 0
0 62 43
240 62 0
0 50 36
240 50 0
0 62 41
240 62 0
0 60 38
240 60 0
0 59 40
240 59 0
0 55 33
240 55 0
0 57 40
240 57 0
0 50 34
240 50 0
0 55 40
240 55 0
0 50 34
120 50 0
0 47 34
120 47 0
0 43 40
240 43 0
480 55 48
240 55 0
0 59 43
240 59 0
0 55 52
240 55 0
240 67 51
240 67 0
0 61 55
240 61 0
0 64 49
240 64 0
0 62 57
240 62 0
0 54 46
240 54 0
0 55 54
240 55 0
0 57 46
240 57 0
0 50 54
240 50 0
0 45 44
120 45 0
120 38 42
120 38 0
600 55 40
240 55 0
0 59 36
240 59 0
0 60 39
240 60 0
0 62 43
240 62 0
0 50 36
240 50 0
0 62 41
240 62 0
0 60 38
240 60 0
0 59 40
240 59 0
0 55 33
240 55 0
0 57 40
240 57 0
0 50 34
240 50 0
0 55 40
240 55 0
0 50 34
120 50 0
0 47 34
120 47 0
0 43 40
240 43 0
480 55 48
240 55 0
0 59 43
240 59 0
0 55 52
240 55 0
240 67 51
240 67 0
0 61 55
240 61 0
0 64 49
240 64 0
0 62 57
240 62 0
0 54 46
240 54 0
0 55 54
240 55 0
0 57 46
240 57 0
0 50 54
240 50 0
0 45 42
120 45 0
120 38 42
120 38 0
600 65 46
240 65 0
0 62 54
240 62 0
0 64 51
240 64 0
0 57 57
240 57 0
0 52 50
120 52 0
120 45 51
120 45 0
600 64 57
240 64 0
0 60 57
240 60 0
0 62 51
240 62 0
0 55 57
240 55 0
0 50 50
120 50 0
120 43 51
120 43 0
120 59 38
0 55 38
240 55 0
0 59 0
0 55 40
0 60 40
240 60 0
0 59 38
240 59 0
0 55 0
240 55 38
0 59 38
240 59 0
0 55 0
0 55 40
0 60 40
240 60 0
0 59 38
240 59 0
0 55 0
240 54 38
240 54 0
0 55 43
240 55 0
0 47 38
240 47 0
0 48 40
240 48 0
0 50 43
240 50 0
0 52 49
480 52 0
0 54 46
480 54 0
0 55 52
240 55 0
0 47 45
240 47 0
0 48 50
240 48 0
0 50 47
240 50 0
0 55 56
120 55 0
120 50 44
120 50 0
120 43 48
120 43 0
600 65 51
240 65 0
0 62 56
240 62 0
0 64 51
240 64 0
0 57 57
240 57 0
0 52 50
120 52 0
120 45 51
120 45 0
600 64 57
240 64 0
0 60 57
240 60 0
0 62 51
240 62 0
0 55 57
240 55 0
0 50 50
120 50 0
120 43 51
120 43 0
120 59 38
0 55 38
240 55 0
0 59 0
0 55 40
0 60 40
240 60 0
0 59 38
240 59 0
0 55 0
240 55 38
0 59 38
240 59 0
0 55 0
0 55 40
0 60 40
240 60 0
0 59 38
240 59 0
0 55 0
240 54 38
240 54 0
0 55 43
240 55 0
0 47 38
240 47 0
0 48 40
240 48 0
0 50 43
240 50 0
0 52 49
480 52 0
0 54 46
480 54 0
0 55 52
240 55 0
0 47 45
240 47 0
0 48 50
240 48 0
0 50 47
240 50 0
0 55 56
240 55 0
0 50 49
120 50 0
120 43 50
240 43 0
