960 69 50
360 69 0
0 66 45
120 66 0
0 74 50
120 74 0
360 74 47
120 74 0
360 74 47
240 74 0
0 73 47
60 73 0
0 74 47
60 74 0
0 76 47
60 76 0
0 74 47
60 74 0
0 73 51
360 73 0
0 76 52
120 76 0
0 79 56
840 79 0
0 76 51
120 76 0
0 78 58
360 78 0
0 74 53
120 74 0
0 81 58
360 81 0
0 78 54
120 78 0
0 83 59
360 83 0
0 79 48
120 79 0
0 78 51
480 78 0
0 76 39
360 76 0
120 69 50
360 69 0
0 66 45
120 66 0
0 74 50
120 74 0
360 74 47
120 74 0
360 74 47
240 74 0
0 73 47
60 73 0
0 74 47
60 74 0
0 76 47
60 76 0
0 74 47
60 74 0
0 73 58
360 73 0
0 76 53
120 76 0
0 79 58
360 79 0
0 76 54
120 76 0
0 78 59
360 78 0
0 74 48
120 74 0
0 71 58
120 71 0
360 76 56
120 76 0
360 73 45
0 67 45
240 73 0
0 74 55
60 74 0
0 73 48
60 73 0
0 71 48
60 71 0
0 73 48
60 73 0
0 67 0
0 74 58
0 66 49
480 66 0
0 74 0
480 69 50
360 69 0
0 66 45
120 66 0
0 74 50
120 74 0
360 74 47
120 74 0
360 74 47
240 74 0
0 73 47
60 73 0
0 74 47
60 74 0
0 76 47
60 76 0
0 74 47
60 74 0
0 73 51
360 73 0
0 76 52
120 76 0
0 79 56
840 79 0
0 76 51
120 76 0
0 78 58
360 78 0
0 74 53
120 74 0
0 81 58
360 81 0
0 78 54
120 78 0
0 83 59
360 83 0
0 79 48
120 79 0
0 78 51
480 78 0
0 76 39
360 76 0
120 69 50
360 69 0
0 66 45
120 66 0
0 74 50
120 74 0
360 74 47
120 74 0
360 74 47
240 74 0
0 73 47
60 73 0
0 74 47
60 74 0
0 76 47
60 76 0
0 74 47
60 74 0
0 73 58
360 73 0
0 76 53
120 76 0
0 79 58
360 79 0
0 76 54
120 76 0
0 78 59
360 78 0
0 74 48
120 74 0
0 71 58
120 71 0
360 76 56
120 76 0
360 73 45
0 67 45
240 73 0
0 74 55
60 74 0
0 73 48
60 73 0
0 71 48
60 71 0
0 73 48
60 73 0
0 67 0
0 74 58
0 66 49
480 66 0
0 74 0
480 81 58
360 81 0
0 78 53
120 78 0
0 86 58
360 86 0
0 81 53
120 81 0
0 83 58
360 83 0
0 80 54
120 80 0
0 81 59
360 81 0
0 76 48
120 76 0
0 79 58
360 79 0
0 74 54
120 74 0
0 78 59
360 78 0
0 73 57
120 73 0
0 76 63
360 76 0
0 71 52
120 71 0
0 74 65
360 74 0
0 69 61
120 69 0
0 73 50
0 79 66
360 79 0
0 76 58
120 76 0
0 73 0
0 74 56
0 78 65
360 78 0
0 81 57
120 81 0
0 74 0
0 74 47
0 78 56
480 78 0
0 74 0
0 73 42
0 76 50
240 76 0
0 73 0
240 81 58
360 81 0
0 78 53
120 78 0
0 86 58
360 86 0
0 81 53
120 81 0
0 83 58
360 83 0
0 80 54
120 80 0
0 81 59
360 81 0
0 76 48
120 76 0
0 79 58
360 79 0
0 74 54
120 74 0
0 78 60
360 78 0
0 73 57
120 73 0
0 76 63
360 76 0
0 71 53
120 71 0
0 74 66
360 74 0
0 69 54
120 69 0
0 78 66
480 78 0
0 76 47
60 76 0
0 78 44
60 78 0
0 76 47
60 76 0
0 78 45
60 78 0
0 76 47
60 76 0
0 78 43
60 78 0
0 76 43
40 76 0
0 74 43
40 74 0
1 76 43
39 74 66
1 76 0
479 74 0
480 81 58
360 81 0
0 78 53
120 78 0
0 86 58
360 86 0
0 81 53
120 81 0
0 83 58
360 83 0
0 80 54
120 80 0
0 81 59
360 81 0
0 76 48
120 76 0
0 79 58
360 79 0
0 74 54
120 74 0
0 78 59
360 78 0
0 73 57
120 73 0
0 76 63
360 76 0
0 71 52
120 71 0
0 74 65
360 74 0
0 69 61
120 69 0
0 73 50
0 79 66
360 79 0
0 76 58
120 76 0
0 73 0
0 74 56
0 78 65
360 78 0
0 81 57
120 81 0
0 74 0
0 74 47
0 78 56
480 78 0
0 74 0
0 73 42
0 76 50
240 76 0
0 73 0
240 81 58
360 81 0
0 78 53
120 78 0
0 86 58
360 86 0
0 81 53
120 81 0
0 83 58
360 83 0
0 80 54
120 80 0
0 81 59
360 81 0
0 76 48
120 76 0
0 79 58
360 79 0
0 74 54
120 74 0
0 78 60
360 78 0
0 73 57
120 73 0
0 76 63
360 76 0
0 71 53
120 71 0
0 74 66
360 74 0
0 69 54
120 69 0
0 78 66
480 78 0
0 76 47
60 76 0
0 78 44
60 78 0
0 76 47
60 76 0
0 78 45
60 78 0
0 76 47
60 76 0
0 78 43
60 78 0
0 76 43
40 76 0
0 74 43
40 74 0
1 76 43
39 74 66
1 76 0
479 74 0
480 67 58
120 67 0
0 65 58
120 65 0
0 64 61
120 64 0
0 62 65
120 62 0
0 74 76
840 74 0
0 69 59
120 69 0
0 77 65
360 77 0
0 69 56
110 69 0
10 69 63
360 69 0
0 68 54
120 68 0
0 67 64
840 67 0
0 64 56
120 64 0
0 65 65
360 65 0
0 62 61
120 62 0
0 69 66
360 69 0
0 65 58
120 65 0
0 70 65
360 70 0
0 62 49
110 62 0
10 62 50
480 62 0
0 61 45
240 61 0
240 70 58
120 70 0
0 69 58
120 69 0
0 67 61
120 67 0
0 65 65
120 65 0
0 72 76
360 72 0
0 69 63
120 69 0
0 77 73
360 77 0
0 72 64
120 72 0
0 81 74
360 81 0
0 77 68
110 77 0
10 82 80
360 82 0
0 77 70
120 77 0
0 86 82
360 86 0
0 77 68
120 77 0
0 88 81
360 88 0
0 79 68
120 79 0
0 89 80
360 89 0
0 77 61
120 77 0
0 81 66
480 81 0
0 79 47
60 79 0
0 81 44
60 81 0
0 79 47
60 79 0
0 81 45
60 81 0
0 79 47
60 79 0
0 81 43
60 81 0
0 79 43
40 79 0
0 77 43
40 77 0
1 79 43
39 77 66
1 79 0
839 77 0
120 67 58
120 67 0
0 65 58
120 65 0
0 64 61
120 64 0
0 62 65
120 62 0
0 74 76
840 74 0
0 69 59
120 69 0
0 77 65
360 77 0
0 69 56
110 69 0
10 69 63
360 69 0
0 68 54
120 68 0
0 67 64
840 67 0
0 64 56
120 64 0
0 65 65
360 65 0
0 62 61
120 62 0
0 69 66
360 69 0
0 65 58
120 65 0
0 70 65
360 70 0
0 62 49
110 62 0
10 62 50
480 62 0
0 61 45
240 61 0
240 70 58
120 70 0
0 69 58
120 69 0
0 67 61
120 67 0
0 65 65
120 65 0
0 72 76
360 72 0
0 69 63
120 69 0
0 77 73
360 77 0
0 72 64
120 72 0
0 81 74
360 81 0
0 77 68
110 77 0
10 82 80
360 82 0
0 77 70
120 77 0
0 86 82
360 86 0
0 77 68
120 77 0
0 88 81
360 88 0
0 79 68
120 79 0
0 89 80
360 89 0
0 77 61
120 77 0
0 81 66
480 81 0
0 79 47
60 79 0
0 81 44
60 81 0
0 79 47
60 79 0
0 81 45
60 81 0
0 79 47
60 79 0
0 81 43
60 81 0
0 79 43
40 79 0
0 77 43
40 77 0
1 79 43
39 77 66
1 79 0
839 77 0
120 82 49
120 82 0
0 81 49
120 81 0
0 79 51
120 79 0
0 77 55
120 77 0
0 84 64
840 84 0
0 75 46
120 75 0
0 77 55
360 77 0
0 75 47
110 75 0
10 74 53
360 74 0
0 81 45
120 81 0
0 86 60
360 86 0
0 81 47
120 81 0
0 82 58
360 82 0
0 79 50
120 79 0
0 84 60
360 84 0
0 79 51
120 79 0
0 81 56
360 81 0
0 77 49
120 77 0
0 82 55
240 82 0
0 79 48
120 79 0
0 76 41
110 76 0
10 74 42
480 74 0
0 73 38
240 73 0
240 69 47
120 69 0
0 67 49
120 67 0
0 65 50
120 65 0
0 64 52
120 64 0
0 79 64
840 79 0
0 76 64
120 76 0
0 85 74
360 85 0
0 82 68
110 82 0
10 86 80
360 86 0
0 81 70
120 81 0
0 88 82
360 88 0
0 81 68
120 81 0
0 89 81
360 89 0
0 86 68
110 86 0
10 84 80
120 84 0
0 82 61
120 82 0
0 81 68
120 81 0
0 79 61
120 79 0
0 77 66
480 77 0
0 76 47
60 76 0
0 77 44
60 77 0
0 76 47
60 76 0
0 77 45
60 77 0
0 76 47
60 76 0
0 77 43
60 77 0
0 76 43
40 76 0
0 74 43
40 74 0
1 76 43
39 74 66
1 76 0
839 74 0
120 82 49
120 82 0
0 81 49
120 81 0
0 79 51
120 79 0
0 77 55
120 77 0
0 84 64
840 84 0
0 75 46
120 75 0
0 77 55
360 77 0
0 75 47
110 75 0
10 74 53
360 74 0
0 81 45
120 81 0
0 86 60
360 86 0
0 81 47
120 81 0
0 82 58
360 82 0
0 79 50
120 79 0
0 84 60
360 84 0
0 79 51
120 79 0
0 81 56
360 81 0
0 77 49
120 77 0
0 82 55
240 82 0
0 79 48
120 79 0
0 76 41
110 76 0
10 74 42
480 74 0
0 73 38
240 73 0
240 69 47
120 69 0
0 67 49
120 67 0
0 65 50
120 65 0
0 64 52
120 64 0
0 79 64
840 79 0
0 76 64
120 76 0
0 85 74
360 85 0
0 82 68
110 82 0
10 86 80
360 86 0
0 81 70
120 81 0
0 88 82
360 88 0
0 81 68
120 81 0
0 89 81
360 89 0
0 86 68
110 86 0
10 84 80
120 84 0
0 82 61
120 82 0
0 81 68
120 81 0
0 79 61
120 79 0
0 77 66
480 77 0
0 76 47
60 76 0
0 77 44
60 77 0
0 76 47
60 76 0
0 77 45
60 77 0
0 76 47
60 76 0
0 77 43
60 77 0
0 76 43
40 76 0
0 74 43
40 74 0
1 76 43
39 74 66
1 76 0
839 74 0
120 67 50
120 67 0
0 66 45
120 66 0
0 64 45
120 64 0
0 62 45
120 62 0
0 74 50
60 74 0
180 74 50
60 74 0
420 74 47
120 74 0
120 76 53
120 76 0
0 74 48
120 74 0
0 73 48
120 73 0
0 74 48
120 74 0
0 73 51
60 73 0
180 79 52
60 79 0
420 79 56
240 79 0
0 81 51
120 81 0
0 79 51
120 79 0
0 78 51
120 78 0
0 76 51
120 76 0
0 79 58
120 79 0
0 78 53
120 78 0
0 76 53
120 76 0
0 74 49
120 74 0
0 83 62
120 83 0
0 81 56
120 81 0
0 79 56
120 79 0
0 78 54
120 78 0
0 83 65
120 83 0
0 85 49
120 85 0
0 86 46
120 86 0
0 79 43
120 79 0
0 74 51
0 78 51
480 78 0
0 74 0
0 73 39
0 76 39
360 76 0
0 73 0
120 67 50
120 67 0
0 66 45
120 66 0
0 64 45
120 64 0
0 62 45
120 62 0
0 74 50
60 74 0
180 74 50
60 74 0
420 74 47
120 74 0
120 76 49
120 76 0
0 74 43
120 74 0
0 73 43
120 73 0
0 74 43
120 74 0
0 73 51
60 73 0
180 79 52
60 79 0
180 81 56
120 81 0
0 79 51
120 79 0
0 78 51
120 78 0
0 76 48
120 76 0
0 79 58
120 79 0
0 78 54
120 78 0
0 76 53
120 76 0
0 74 53
120 74 0
0 83 69
120 83 0
0 85 56
120 85 0
0 86 53
120 86 0
0 79 56
120 79 0
0 78 61
120 78 0
0 79 51
120 79 0
0 81 51
120 81 0
0 74 51
120 74 0
0 76 59
120 76 0
0 78 48
120 78 0
0 79 53
120 79 0
0 73 48
120 73 0
0 74 58
480 74 0
480 67 50
120 67 0
0 66 45
120 66 0
0 64 45
120 64 0
0 62 45
120 62 0
0 74 50
60 74 0
180 74 50
60 74 0
420 74 47
120 74 0
120 76 53
120 76 0
0 74 48
120 74 0
0 73 48
120 73 0
0 74 48
120 74 0
0 73 51
60 73 0
180 79 52
60 79 0
420 79 56
240 79 0
0 81 51
120 81 0
0 79 51
120 79 0
0 78 51
120 78 0
0 76 51
120 76 0
0 79 58
120 79 0
0 78 53
120 78 0
0 76 53
120 76 0
0 74 49
120 74 0
0 83 59
120 83 0
0 81 54
120 81 0
0 79 54
120 79 0
0 78 61
120 78 0
0 83 68
120 83 0
0 85 60
120 85 0
0 86 54
120 86 0
0 79 43
120 79 0
0 74 51
0 78 51
480 78 0
0 74 0
0 73 39
0 76 39
360 76 0
0 73 0
120 67 50
120 67 0
0 66 45
120 66 0
0 64 45
120 64 0
0 62 45
120 62 0
0 74 50
60 74 0
180 74 50
60 74 0
420 74 47
120 74 0
120 76 49
120 76 0
0 74 43
120 74 0
0 73 43
120 73 0
0 74 43
120 74 0
0 73 51
60 73 0
180 79 52
60 79 0
180 81 56
120 81 0
0 79 51
120 79 0
0 78 51
120 78 0
0 76 48
120 76 0
0 79 58
120 79 0
0 78 52
120 78 0
0 76 54
120 76 0
0 74 57
120 74 0
0 83 66
120 83 0
0 85 57
120 85 0
0 86 53
120 86 0
0 79 51
120 79 0
0 78 61
120 78 0
0 79 51
120 79 0
0 81 51
120 81 0
0 74 51
120 74 0
0 76 59
120 76 0
0 78 48
120 78 0
0 79 53
120 79 0
0 73 48
120 73 0
0 74 58
480 74 0
480 67 50
120 67 0
0 66 45
120 66 0
0 64 45
120 64 0
0 62 45
120 62 0
0 74 50
60 74 0
180 74 50
60 74 0
420 68 47
120 68 0
120 69 53
120 69 0
0 71 48
120 71 0
0 69 48
120 69 0
0 64 48
120 64 0
0 67 51
60 67 0
180 67 52
60 67 0
420 66 56
240 66 0
0 64 51
120 64 0
0 66 47
120 66 0
0 64 47
120 64 0
0 59 47
120 59 0
0 62 53
120 62 0
0 64 46
120 64 0
0 62 46
120 62 0
0 57 46
120 57 0
0 67 54
120 67 0
0 69 46
120 69 0
0 67 46
120 67 0
0 64 43
120 64 0
0 66 55
120 66 0
0 67 46
120 67 0
0 66 46
120 66 0
0 62 46
110 62 0
10 66 51
0 62 43
480 62 0
0 66 0
0 61 39
0 64 39
360 64 0
0 61 0
120 79 63
120 79 0
0 78 56
120 78 0
0 76 56
120 76 0
0 74 56
120 74 0
0 86 70
60 86 0
180 86 67
60 86 0
420 80 53
120 80 0
120 80 58
120 80 0
0 81 48
120 81 0
0 83 48
120 83 0
0 81 48
90 81 0
30 81 61
120 81 0
0 79 49
120 79 0
0 78 49
120 78 0
0 79 49
90 79 0
30 79 59
120 79 0
0 78 48
120 78 0
0 76 48
120 76 0
0 78 48
90 78 0
30 78 58
120 78 0
0 76 47
120 76 0
0 74 47
120 74 0
0 76 47
120 76 0
0 81 68
240 81 0
120 83 54
120 83 0
0 74 66
480 74 0
0 76 47
60 76 0
0 78 44
60 78 0
0 76 47
60 76 0
0 78 45
60 78 0
0 76 47
60 76 0
0 78 43
60 78 0
0 76 43
40 76 0
0 74 43
40 74 0
1 76 43
39 74 66
1 76 0
479 74 0
480 67 50
120 67 0
0 66 45
120 66 0
0 64 45
120 64 0
0 62 45
120 62 0
0 74 50
60 74 0
180 74 50
60 74 0
420 68 47
120 68 0
120 69 53
120 69 0
0 71 48
120 71 0
0 69 48
120 69 0
0 64 48
120 64 0
0 67 51
60 67 0
180 67 52
60 67 0
420 66 56
240 66 0
0 64 51
120 64 0
0 66 47
120 66 0
0 64 47
120 64 0
0 59 47
120 59 0
0 62 53
120 62 0
0 64 46
120 64 0
0 62 46
120 62 0
0 57 46
120 57 0
0 67 54
120 67 0
0 69 46
120 69 0
0 67 46
120 67 0
0 64 43
120 64 0
0 66 55
120 66 0
0 67 46
120 67 0
0 66 46
120 66 0
0 62 46
110 62 0
10 66 51
0 62 43
480 62 0
0 66 0
0 61 39
0 64 39
360 64 0
0 61 0
120 79 63
120 79 0
0 78 56
120 78 0
0 76 56
120 76 0
0 74 56
120 74 0
0 86 70
60 86 0
180 86 67
60 86 0
420 80 53
120 80 0
120 80 58
120 80 0
0 81 48
120 81 0
0 83 48
120 83 0
0 81 48
90 81 0
30 81 61
120 81 0
0 79 49
120 79 0
0 78 49
120 78 0
0 79 49
90 79 0
30 79 59
120 79 0
0 78 48
120 78 0
0 76 48
120 76 0
0 78 48
90 78 0
30 78 58
120 78 0
0 76 47
120 76 0
0 74 47
120 74 0
0 76 47
120 76 0
0 81 67
240 81 0
120 83 58
120 83 0
0 74 70
480 74 0
0 76 47
60 76 0
0 78 44
60 78 0
0 76 47
60 76 0
0 78 45
60 78 0
0 76 47
60 76 0
0 78 43
60 78 0
0 76 43
40 76 0
0 74 43
40 74 0
1 76 43
39 74 66
1 76 0
479 74 0
480 67 58
120 67 0
0 65 58
120 65 0
0 64 61
120 64 0
0 62 65
120 62 0
0 74 82
720 74 0
0 76 64
480 76 0
0 77 69
480 77 0
0 69 69
480 69 0
0 68 65
480 68 0
0 67 68
480 67 0
0 65 70
480 65 0
0 69 69
240 69 0
0 69 70
120 69 0
0 70 55
40 70 0
0 69 43
40 69 0
1 67 39
39 69 59
1 67 0
119 69 0
0 70 49
110 70 0
10 62 50
480 62 0
0 61 45
240 61 0
240 70 58
120 70 0
0 69 58
120 69 0
0 67 61
120 67 0
0 65 65
120 65 0
0 74 81
119 74 0
1 72 63
120 72 0
0 70 63
120 70 0
0 69 63
120 69 0
0 79 78
119 79 0
1 77 64
120 77 0
0 76 64
120 76 0
0 77 64
120 77 0
0 82 79
119 82 0
1 81 66
120 81 0
0 79 67
120 79 0
0 77 67
110 77 0
10 84 86
119 84 0
1 82 70
120 82 0
0 81 70
120 81 0
0 82 70
120 82 0
0 86 86
119 86 0
1 82 69
120 82 0
0 81 69
120 81 0
0 79 69
120 79 0
0 88 85
119 88 0
1 82 68
120 82 0
0 81 68
120 81 0
0 79 68
120 79 0
0 89 80
119 89 0
1 84 61
120 84 0
0 81 61
120 81 0
0 77 61
120 77 0
0 79 45
60 79 0
0 81 39
60 81 0
0 79 46
60 79 0
0 81 40
60 81 0
0 79 48
60 79 0
0 81 45
60 81 0
0 79 51
60 79 0
0 81 46
60 81 0
0 79 51
60 79 0
0 81 47
60 81 0
0 79 47
60 79 0
0 81 45
60 81 0
0 79 47
60 79 0
0 81 43
60 81 0
0 79 43
40 79 0
0 77 43
40 77 0
1 79 43
39 77 66
1 79 0
839 77 0
120 67 58
120 67 0
0 65 58
120 65 0
0 64 61
120 64 0
0 62 65
120 62 0
0 74 82
720 74 0
0 76 64
480 76 0
0 77 69
480 77 0
0 69 69
480 69 0
0 68 65
480 68 0
0 67 68
480 67 0
0 65 70
480 65 0
0 69 69
240 69 0
0 69 70
120 69 0
0 70 50
40 70 0
0 69 42
40 69 0
1 67 39
39 69 59
1 67 0
119 69 0
0 70 49
110 70 0
10 62 50
480 62 0
0 61 45
240 61 0
240 70 58
120 70 0
0 69 58
120 69 0
0 67 61
120 67 0
0 65 65
120 65 0
0 74 81
119 74 0
1 72 63
120 72 0
0 70 63
120 70 0
0 69 63
120 69 0
0 79 78
119 79 0
1 77 64
120 77 0
0 76 64
120 76 0
0 77 64
120 77 0
0 82 79
119 82 0
1 81 66
120 81 0
0 79 67
120 79 0
0 77 67
110 77 0
10 84 86
119 84 0
1 82 70
120 82 0
0 81 70
120 81 0
0 82 70
120 82 0
0 86 86
119 86 0
1 82 69
120 82 0
0 81 69
120 81 0
0 79 69
120 79 0
0 88 85
119 88 0
1 82 68
120 82 0
0 81 68
120 81 0
0 79 68
120 79 0
0 89 80
119 89 0
1 84 61
120 84 0
0 81 61
120 81 0
0 77 61
120 77 0
0 79 45
60 79 0
0 81 39
60 81 0
0 79 46
60 79 0
0 81 40
60 81 0
0 79 48
60 79 0
0 81 45
60 81 0
0 79 51
60 79 0
0 81 46
60 81 0
0 79 51
60 79 0
0 81 47
60 81 0
0 79 47
60 79 0
0 81 45
60 81 0
0 79 47
60 79 0
0 81 43
60 81 0
0 79 43
40 79 0
0 77 43
40 77 0
1 79 43
39 77 66
1 79 0
839 77 0
120 82 49
120 82 0
0 81 49
120 81 0
0 79 51
120 79 0
0 77 55
120 77 0
0 84 64
600 84 0
0 75 46
120 75 0
0 74 49
120 74 0
0 75 46
120 75 0
0 77 55
120 77 0
0 75 47
120 75 0
0 74 49
120 74 0
0 75 44
110 75 0
10 74 53
119 74 0
1 81 45
120 81 0
0 82 49
120 82 0
0 81 45
120 81 0
0 86 60
119 86 0
1 84 47
120 84 0
0 82 51
120 82 0
0 81 47
120 81 0
0 82 58
119 82 0
1 79 50
120 79 0
0 81 53
120 81 0
0 82 50
120 82 0
0 84 60
119 84 0
1 82 51
120 82 0
0 81 51
120 81 0
0 79 50
120 79 0
0 81 56
119 81 0
1 77 49
120 77 0
0 76 49
120 76 0
0 74 49
120 74 0
0 82 55
120 82 0
0 79 48
120 79 0
0 77 48
120 77 0
0 76 41
110 76 0
10 74 42
480 74 0
0 73 38
240 73 0
240 69 47
120 69 0
0 67 49
120 67 0
0 65 50
120 65 0
0 64 52
120 64 0
0 79 64
600 79 0
0 81 64
120 81 0
0 79 64
120 79 0
0 76 64
120 76 0
0 85 74
120 85 0
0 86 64
120 86 0
0 85 69
120 85 0
0 82 68
110 82 0
10 86 86
120 86 0
0 88 70
120 88 0
0 86 76
120 86 0
0 81 70
120 81 0
0 88 82
120 88 0
0 89 68
120 89 0
0 88 77
120 88 0
0 81 68
120 81 0
0 89 81
120 89 0
0 86 68
120 86 0
0 85 74
120 85 0
0 86 68
120 86 0
0 84 80
120 84 0
0 82 61
120 82 0
0 81 68
120 81 0
0 79 61
120 79 0
0 77 66
480 77 0
0 76 47
60 76 0
0 77 44
60 77 0
0 76 47
60 76 0
0 77 45
60 77 0
0 76 47
60 76 0
0 77 43
60 77 0
0 76 43
40 76 0
0 74 43
40 74 0
1 76 43
39 74 66
1 76 0
839 74 0
120 82 49
120 82 0
0 81 49
120 81 0
0 79 51
120 79 0
0 77 55
120 77 0
0 84 64
600 84 0
0 75 46
120 75 0
0 74 49
120 74 0
0 75 46
120 75 0
0 77 55
120 77 0
0 75 47
120 75 0
0 74 49
120 74 0
0 75 44
110 75 0
10 74 53
119 74 0
1 81 45
120 81 0
0 82 49
120 82 0
0 81 45
120 81 0
0 86 60
119 86 0
1 84 47
120 84 0
0 82 51
120 82 0
0 81 47
120 81 0
0 82 58
119 82 0
1 79 50
120 79 0
0 81 53
120 81 0
0 82 50
120 82 0
0 84 60
119 84 0
1 82 51
120 82 0
0 81 51
120 81 0
0 79 50
120 79 0
0 81 56
119 81 0
1 77 49
120 77 0
0 76 49
120 76 0
0 74 49
120 74 0
0 82 55
120 82 0
0 79 48
120 79 0
0 77 48
120 77 0
0 76 41
110 76 0
10 74 42
480 74 0
0 73 38
240 73 0
240 69 47
120 69 0
0 67 49
120 67 0
0 65 50
120 65 0
0 64 52
120 64 0
0 79 64
600 79 0
0 81 64
120 81 0
0 79 64
120 79 0
0 76 64
120 76 0
0 85 74
120 85 0
0 86 64
120 86 0
0 85 69
120 85 0
0 82 68
110 82 0
10 86 86
120 86 0
0 88 70
120 88 0
0 86 76
120 86 0
0 81 70
120 81 0
0 88 82
120 88 0
0 89 68
120 89 0
0 88 77
120 88 0
0 81 68
120 81 0
0 89 81
120 89 0
0 86 68
120 86 0
0 85 74
120 85 0
0 86 68
120 86 0
0 84 80
120 84 0
0 82 61
120 82 0
0 81 68
120 81 0
0 79 61
120 79 0
0 77 66
480 77 0
0 76 47
60 76 0
0 77 44
60 77 0
0 76 47
60 76 0
0 77 45
60 77 0
0 76 47
60 76 0
0 77 43
60 77 0
0 76 43
40 76 0
0 74 43
40 74 0
1 76 43
39 74 66
1 76 0
839 74 0
120 69 50
360 69 0
0 66 45
120 66 0
0 74 50
90 74 0
390 74 47
90 74 0
390 74 47
240 74 0
0 73 47
60 73 0
0 74 47
60 74 0
0 76 47
60 76 0
0 74 47
60 74 0
0 73 51
360 73 0
0 76 52
120 76 0
0 79 56
840 79 0
0 76 51
120 76 0
0 78 58
360 78 0
0 74 53
120 74 0
0 81 58
360 81 0
0 78 54
120 78 0
0 83 59
360 83 0
0 79 48
120 79 0
0 78 51
480 78 0
0 76 39
360 76 0
120 69 50
360 69 0
0 66 45
120 66 0
0 74 50
90 74 0
390 74 47
90 74 0
390 74 47
240 74 0
0 73 47
60 73 0
0 74 47
60 74 0
0 76 47
60 76 0
0 74 47
60 74 0
0 73 58
360 73 0
0 76 53
120 76 0
0 79 58
360 79 0
0 76 54
120 76 0
0 78 59
360 78 0
0 74 48
120 74 0
0 71 58
120 71 0
360 76 56
120 76 0
360 73 45
0 67 45
240 73 0
0 74 55
60 74 0
0 73 48
60 73 0
0 71 48
60 71 0
0 73 48
60 73 0
0 67 0
0 74 58
0 66 49
480 66 0
0 74 0
480 66 50
120 66 0
0 62 45
120 62 0
0 69 45
120 69 0
0 66 45
120 66 0
0 74 56
120 74 0
0 69 45
120 69 0
0 71 45
120 71 0
0 73 45
120 73 0
0 74 55
120 74 0
0 76 45
120 76 0
0 78 45
120 78 0
0 79 45
120 79 0
0 81 61
120 81 0
0 78 52
120 78 0
0 76 52
120 76 0
0 74 50
120 74 0
0 73 54
120 73 0
0 74 45
120 74 0
0 76 45
120 76 0
0 78 45
120 78 0
0 79 51
120 79 0
0 76 47
120 76 0
0 79 48
120 79 0
0 81 49
120 81 0
0 83 55
120 83 0
0 79 45
120 79 0
0 78 45
120 78 0
0 76 45
120 76 0
0 78 55
120 78 0
0 74 53
120 74 0
0 76 53
120 76 0
0 78 53
120 78 0
0 79 64
120 79 0
0 81 53
120 81 0
0 83 56
120 83 0
0 85 58
120 85 0
0 86 65
120 86 0
0 83 57
120 83 0
0 81 45
120 81 0
0 79 45
120 79 0
0 74 47
0 78 56
480 78 0
0 74 0
0 73 42
0 76 50
240 76 0
0 73 0
240 66 46
120 66 0
0 62 47
120 62 0
0 69 49
120 69 0
0 66 53
120 66 0
0 74 62
120 74 0
0 69 49
120 69 0
0 71 49
120 71 0
0 73 49
120 73 0
0 74 60
120 74 0
0 76 48
120 76 0
0 78 48
120 78 0
0 79 48
120 79 0
0 81 61
120 81 0
0 78 52
120 78 0
0 76 52
120 76 0
0 74 50
120 74 0
0 73 54
120 73 0
0 74 45
120 74 0
0 76 45
120 76 0
0 78 45
120 78 0
0 79 56
120 79 0
0 78 47
120 78 0
0 76 48
120 76 0
0 74 49
120 74 0
0 73 55
120 73 0
0 71 45
120 71 0
0 69 45
120 69 0
0 67 45
120 67 0
0 66 55
120 66 0
0 69 46
120 69 0
0 67 46
120 67 0
0 66 46
120 66 0
0 64 55
120 64 0
0 71 45
120 71 0
0 69 45
120 69 0
0 67 45
120 67 0
0 66 53
120 66 0
0 64 42
120 64 0
0 62 45
120 62 0
0 61 38
120 61 0
0 62 53
480 62 0
480 78 53
120 78 0
0 74 55
120 74 0
0 81 61
120 81 0
0 78 63
120 78 0
0 86 71
120 86 0
0 81 55
120 81 0
0 78 55
120 78 0
0 74 55
120 74 0
0 71 69
120 74 56
30 71 0
90 74 0
0 76 56
120 76 0
0 80 51
120 80 0
0 73 68
120 76 55
30 73 0
90 76 0
0 85 53
120 85 0
0 88 51
120 88 0
0 71 62
120 74 53
30 71 0
90 74 0
0 79 53
120 79 0
0 83 53
120 83 0
0 69 58
120 73 47
30 69 0
90 73 0
0 78 47
120 78 0
0 81 47
120 81 0
0 67 55
120 71 48
30 67 0
90 71 0
0 76 48
120 76 0
0 79 45
120 79 0
0 66 61
120 69 50
30 66 0
90 69 0
0 74 50
120 74 0
0 78 47
120 78 0
0 64 55
120 67 50
30 64 0
90 67 0
0 73 50
120 73 0
0 79 48
120 79 0
0 62 54
120 62 0
0 69 46
120 69 0
0 78 46
120 78 0
0 86 47
120 86 0
0 74 47
0 78 56
480 78 0
0 74 0
0 73 42
0 76 50
240 76 0
0 73 0
240 78 52
120 78 0
0 74 57
120 74 0
0 81 61
120 81 0
0 78 61
120 78 0
0 86 73
120 86 0
0 81 57
120 81 0
0 78 57
120 78 0
0 74 57
120 74 0
0 71 65
120 74 53
30 71 0
90 74 0
0 76 53
120 76 0
0 80 53
120 80 0
0 73 64
120 76 53
30 73 0
90 76 0
0 85 53
120 85 0
0 88 53
120 88 0
0 71 61
120 74 49
30 71 0
90 74 0
0 79 49
120 79 0
0 83 46
120 83 0
0 69 57
120 73 43
30 69 0
90 73 0
0 78 43
120 78 0
0 81 43
120 81 0
0 67 50
120 71 45
30 67 0
90 71 0
0 76 45
120 76 0
0 79 45
120 79 0
0 66 61
120 69 50
30 66 0
90 69 0
0 74 50
120 74 0
0 78 47
120 78 0
0 67 54
120 71 43
30 67 0
90 71 0
0 76 43
120 76 0
0 79 42
120 79 0
0 57 50
120 57 0
0 64 38
120 64 0
0 67 38
120 67 0
0 73 38
120 73 0
0 74 50
0 66 50
480 66 0
0 74 0
480 78 39
120 78 0
0 74 41
120 74 0
0 81 45
120 81 0
0 78 47
120 78 0
0 86 53
120 86 0
0 81 41
120 81 0
0 78 41
120 78 0
0 74 41
120 74 0
0 71 51
120 74 42
30 71 0
90 74 0
0 76 42
120 76 0
0 80 38
120 80 0
0 73 51
120 76 41
30 73 0
90 76 0
0 85 39
120 85 0
0 88 38
120 88 0
0 71 46
120 74 39
30 71 0
90 74 0
0 79 39
120 79 0
0 83 39
120 83 0
0 69 43
120 73 35
30 69 0
90 73 0
0 78 35
120 78 0
0 81 35
120 81 0
0 67 41
120 71 36
30 67 0
90 71 0
0 76 36
120 76 0
0 79 33
120 79 0
0 66 45
120 69 37
30 66 0
90 69 0
0 74 37
120 74 0
0 78 35
120 78 0
0 64 41
120 67 37
30 64 0
90 67 0
0 73 37
120 73 0
0 79 36
120 79 0
0 62 40
120 62 0
0 69 34
120 69 0
0 78 34
120 78 0
0 86 35
120 86 0
0 74 35
0 78 42
480 78 0
0 74 0
0 73 31
0 76 37
240 76 0
0 73 0
240 78 39
120 78 0
0 74 42
120 74 0
0 81 45
120 81 0
0 78 45
120 78 0
0 86 54
120 86 0
0 81 42
120 81 0
0 78 42
120 78 0
0 74 42
120 74 0
0 71 48
120 74 39
30 71 0
90 74 0
0 76 39
120 76 0
0 80 39
120 80 0
0 73 48
120 76 39
30 73 0
90 76 0
0 85 39
120 85 0
0 88 39
120 88 0
0 71 45
120 74 36
30 71 0
90 74 0
0 79 36
120 79 0
0 83 34
120 83 0
0 69 42
120 73 32
30 69 0
90 73 0
0 78 32
120 78 0
0 81 32
120 81 0
0 67 37
120 71 33
30 67 0
90 71 0
0 76 33
120 76 0
0 79 33
120 79 0
0 66 45
120 69 37
30 66 0
90 69 0
0 74 37
120 74 0
0 78 35
120 78 0
0 67 40
120 71 32
30 67 0
90 71 0
0 76 32
120 76 0
0 79 31
120 79 0
0 57 37
120 57 0
0 64 28
120 64 0
0 67 28
120 67 0
0 73 28
120 73 0
0 74 37
0 66 37
480 66 0
0 74 0
1440 62 46
120 62 0
360 66 41
120 66 0
360 62 41
240 62 0
240 69 47
480 69 0
0 57 38
480 57 0
0 61 38
480 61 0
0 62 45
480 62 0
0 66 47
480 66 0
0 67 48
480 67 0
0 69 39
480 69 0
0 57 30
360 57 0
600 62 46
120 62 0
360 66 41
120 66 0
360 62 41
240 62 0
240 69 47
480 69 0
0 61 38
480 61 0
0 62 39
480 62 0
0 55 39
0 67 47
960 67 0
0 55 0
0 64 40
0 57 34
480 57 0
0 64 0
0 62 46
480 62 0
0 50 28
480 50 0
480 62 46
120 62 0
360 66 41
120 66 0
360 62 41
240 62 0
240 69 47
480 69 0
0 57 38
480 57 0
0 61 38
480 61 0
0 62 45
480 62 0
0 66 47
480 66 0
0 67 48
480 67 0
0 69 39
480 69 0
0 57 30
360 57 0
600 62 46
120 62 0
360 66 41
120 66 0
360 62 41
240 62 0
240 69 47
480 69 0
0 61 38
480 61 0
0 62 39
480 62 0
0 55 39
0 67 47
960 67 0
0 55 0
0 64 40
0 57 34
480 57 0
0 64 0
0 62 46
480 62 0
0 50 34
480 50 0
960 74 38
480 74 0
0 73 37
480 73 0
0 71 38
480 71 0
0 69 39
480 69 0
0 67 40
480 67 0
0 66 46
480 66 0
0 64 48
480 64 0
0 62 48
480 62 0
0 69 43
480 69 0
0 57 36
240 57 0
1200 74 38
480 74 0
0 73 37
480 73 0
0 71 38
480 71 0
0 69 39
480 69 0
0 67 41
480 67 0
0 66 47
480 66 0
0 69 42
480 69 0
0 57 38
480 57 0
0 62 47
480 62 0
0 50 31
360 50 0
1080 74 38
480 74 0
0 73 37
480 73 0
0 71 38
480 71 0
0 69 39
480 69 0
0 67 40
480 67 0
0 66 46
480 66 0
0 64 48
480 64 0
0 62 48
480 62 0
0 69 43
480 69 0
0 57 36
240 57 0
1200 74 38
480 74 0
0 73 37
480 73 0
0 71 38
480 71 0
0 69 39
480 69 0
0 67 41
480 67 0
0 66 47
480 66 0
0 69 42
480 69 0
0 57 38
480 57 0
0 62 47
480 62 0
0 50 31
360 50 0
1080 53 47
480 53 0
0 50 40
480 50 0
0 52 48
960 52 0
0 49 40
480 49 0
0 50 46
480 50 0
0 41 48
480 41 0
0 43 41
480 43 0
0 45 43
480 45 0
0 33 36
240 33 0
720 53 39
0 57 39
0 60 47
960 60 0
0 57 0
0 53 0
0 63 34
0 65 40
480 65 0
0 63 0
0 65 53
0 62 45
480 62 0
0 58 43
480 58 0
0 65 0
0 58 54
0 55 45
480 55 0
0 58 0
0 57 51
0 60 61
480 60 0
0 57 0
0 60 42
480 60 0
0 48 38
480 48 0
0 53 47
480 53 0
0 41 31
360 41 0
1080 53 47
480 53 0
0 50 40
480 50 0
0 52 48
960 52 0
0 49 40
480 49 0
0 50 46
480 50 0
0 41 48
480 41 0
0 43 41
480 43 0
0 45 43
480 45 0
0 33 36
240 33 0
720 53 39
0 57 39
0 60 47
960 60 0
0 57 0
0 53 0
0 63 34
0 65 40
480 65 0
0 63 0
0 65 53
0 62 45
480 62 0
0 58 43
480 58 0
0 65 0
0 58 54
0 55 45
480 55 0
0 58 0
0 57 51
0 60 61
480 60 0
0 57 0
0 60 42
480 60 0
0 48 38
480 48 0
0 53 47
480 53 0
0 41 31
360 41 0
1080 69 29
0 72 35
480 72 0
0 69 0
0 67 25
0 70 30
480 70 0
0 67 0
0 69 36
0 66 30
960 66 0
0 69 0
0 67 28
0 74 34
480 74 0
0 67 0
0 64 33
0 72 39
480 64 0
0 65 40
480 65 0
0 72 0
0 67 34
0 55 28
480 55 0
0 67 0
0 57 25
0 64 36
720 64 0
0 57 0
1200 58 35
0 61 42
480 61 0
0 58 0
0 55 30
0 58 36
480 58 0
0 55 0
0 53 45
0 62 53
0 57 45
480 57 0
0 62 0
0 53 0
0 52 43
0 55 43
0 61 43
480 61 0
0 55 0
0 52 0
0 50 45
0 62 54
0 53 45
480 53 0
0 62 0
0 50 0
0 55 61
480 55 0
0 57 42
480 57 0
0 45 38
480 45 0
0 50 47
480 50 0
0 38 31
360 38 0
1080 69 29
0 72 35
480 72 0
0 69 0
0 67 25
0 70 30
480 70 0
0 67 0
0 69 36
0 66 30
960 66 0
0 69 0
0 67 28
0 74 34
480 74 0
0 67 0
0 64 33
0 72 39
480 64 0
0 65 40
480 65 0
0 72 0
0 67 34
0 55 28
480 55 0
0 67 0
0 57 25
0 64 36
720 64 0
0 57 0
1200 58 35
0 61 42
480 61 0
0 58 0
0 55 30
0 58 36
480 58 0
0 55 0
0 53 45
0 62 53
0 57 45
480 57 0
0 62 0
0 53 0
0 52 43
0 55 43
0 61 43
480 61 0
0 55 0
0 52 0
0 50 45
0 62 54
0 53 45
480 53 0
0 62 0
0 50 0
0 55 61
480 55 0
0 57 42
480 57 0
0 45 38
480 45 0
0 50 47
480 50 0
0 38 31
360 38 0
600 62 46
60 62 0
420 66 41
120 66 0
360 62 41
240 62 0
240 69 47
240 69 0
240 57 38
480 57 0
0 61 38
480 61 0
0 62 45
480 62 0
0 66 47
480 66 0
0 67 55
480 67 0
0 69 39
480 69 0
0 57 30
360 57 0
600 62 46
60 62 0
420 66 41
120 66 0
360 62 41
240 62 0
240 69 47
240 69 0
240 61 38
480 61 0
0 62 38
480 62 0
0 55 45
480 55 0
0 57 47
480 57 0
0 45 48
480 45 0
0 50 46
480 50 0
0 38 28
480 38 0
480 62 46
60 62 0
420 66 41
120 66 0
360 62 41
240 62 0
240 69 47
240 69 0
240 57 38
480 57 0
0 61 38
480 61 0
0 62 45
480 62 0
0 66 47
480 66 0
0 67 48
480 67 0
0 69 39
480 69 0
0 57 30
360 57 0
600 62 46
60 62 0
420 66 41
120 66 0
360 62 41
240 62 0
240 69 47
240 69 0
240 61 43
480 61 0
0 62 48
480 62 0
0 55 45
480 55 0
0 57 47
480 57 0
0 45 48
480 45 0
0 50 46
480 50 0
0 38 28
480 38 0
960 62 38
480 62 0
0 61 37
480 61 0
0 59 38
480 59 0
0 57 39
480 57 0
0 55 40
480 55 0
0 54 41
480 54 0
0 52 39
480 52 0
0 50 39
480 50 0
0 57 43
480 57 0
0 45 36
240 45 0
1200 74 38
480 74 0
0 73 37
480 73 0
0 71 38
480 71 0
0 69 39
480 69 0
0 67 40
480 67 0
0 66 47
240 66 0
120 67 44
120 67 0
0 69 42
480 69 0
0 57 38
480 57 0
0 62 47
480 62 0
0 50 31
360 50 0
1080 62 38
480 62 0
0 61 37
480 61 0
0 59 38
480 59 0
0 57 39
480 57 0
0 55 40
480 55 0
0 54 41
480 54 0
0 52 39
480 52 0
0 50 39
480 50 0
0 57 43
480 57 0
0 45 36
240 45 0
1200 74 38
480 74 0
0 73 37
480 73 0
0 71 38
480 71 0
0 69 39
480 69 0
0 67 40
480 67 0
0 66 47
240 66 0
120 67 44
120 67 0
0 69 42
480 69 0
0 57 38
480 57 0
0 62 47
480 62 0
0 50 31
360 50 0
1080 53 47
480 53 0
0 50 40
480 50 0
0 52 48
480 52 0
0 47 40
480 47 0
0 49 40
480 49 0
0 50 46
480 50 0
0 41 48
480 41 0
0 43 41
480 43 0
0 45 43
480 45 0
0 33 36
240 33 0
720 53 39
0 57 39
0 60 47
960 60 0
0 57 0
0 53 0
0 63 34
0 65 40
480 65 0
0 63 0
0 65 53
0 62 45
480 62 0
0 58 47
480 58 0
0 65 0
0 55 49
0 58 58
480 58 0
0 55 0
0 60 68
0 57 57
480 57 0
0 60 0
0 60 42
480 60 0
0 48 38
480 48 0
0 53 47
480 53 0
0 41 31
360 41 0
1080 53 47
480 53 0
0 50 40
480 50 0
0 52 48
480 52 0
0 47 40
480 47 0
0 49 40
480 49 0
0 50 46
480 50 0
0 41 48
480 41 0
0 43 41
480 43 0
0 45 43
480 45 0
0 33 36
240 33 0
720 53 39
0 57 39
0 60 47
960 60 0
0 57 0
0 53 0
0 63 34
0 65 40
480 65 0
0 63 0
0 65 53
0 62 45
480 62 0
0 58 47
480 58 0
0 65 0
0 55 49
0 58 58
480 58 0
0 55 0
0 60 68
0 57 57
480 57 0
0 60 0
0 60 42
480 60 0
0 48 38
480 48 0
0 53 47
480 53 0
0 41 31
360 41 0
1080 69 29
0 72 35
480 72 0
0 69 0
0 67 25
0 70 30
480 70 0
0 67 0
0 69 36
0 66 30
960 66 0
0 69 0
0 67 28
0 74 34
480 74 0
0 67 0
0 64 33
0 72 39
480 64 0
0 65 40
480 65 0
0 72 0
0 67 34
0 55 28
480 55 0
0 67 0
0 57 25
0 64 36
720 64 0
0 57 0
1200 58 35
0 61 42
480 61 0
0 58 0
0 55 30
0 58 36
480 58 0
0 55 0
0 53 45
0 62 53
0 57 45
480 57 0
0 62 0
0 53 0
0 52 43
0 55 43
0 61 43
480 61 0
0 55 0
0 52 0
0 50 45
0 62 54
0 53 45
480 53 0
0 62 0
0 50 0
0 55 61
480 55 0
0 57 42
480 57 0
0 45 38
480 45 0
0 50 47
480 50 0
0 38 31
360 38 0
1080 69 29
0 72 35
480 72 0
0 69 0
0 67 25
0 70 30
480 70 0
0 67 0
0 69 36
0 66 30
960 66 0
0 69 0
0 67 28
0 74 34
480 74 0
0 67 0
0 64 33
0 72 39
480 64 0
0 65 40
480 65 0
0 72 0
0 67 34
0 55 28
480 55 0
0 67 0
0 57 25
0 64 36
720 64 0
0 57 0
1200 58 35
0 61 42
480 61 0
0 58 0
0 55 30
0 58 36
480 58 0
0 55 0
0 53 45
0 62 53
0 57 45
480 57 0
0 62 0
0 53 0
0 52 43
0 55 43
0 61 43
480 61 0
0 55 0
0 52 0
0 50 45
0 62 54
0 53 45
480 53 0
0 62 0
0 50 0
0 55 61
480 55 0
0 57 42
480 57 0
0 45 38
480 45 0
0 50 47
480 50 0
0 38 31
360 38 0
600 62 46
90 62 0
390 66 41
90 66 0
390 62 41
240 62 0
240 69 47
480 69 0
0 57 38
480 57 0
0 61 38
480 61 0
0 62 45
480 62 0
0 66 47
480 66 0
0 67 48
480 67 0
0 69 39
480 69 0
0 57 30
360 57 0
600 62 46
90 62 0
390 66 41
90 66 0
390 62 41
240 62 0
240 69 47
480 69 0
0 61 38
480 61 0
0 62 39
480 62 0
0 55 39
0 67 47
960 67 0
0 55 0
0 64 40
0 57 34
480 57 0
0 64 0
0 62 46
480 62 0
0 50 28
480 50 0
960 66 41
480 66 0
0 62 37
480 62 0
0 64 48
480 64 0
0 61 41
480 61 0
0 57 46
480 57 0
0 62 45
480 62 0
0 59 52
480 59 0
0 55 47
480 55 0
0 57 43
480 57 0
0 45 36
240 45 0
1200 66 41
480 66 0
0 62 41
480 62 0
0 64 53
480 64 0
0 57 41
480 57 0
0 61 37
480 61 0
0 62 45
480 62 0
0 55 39
480 55 0
0 57 39
0 45 39
480 45 0
0 57 0
0 50 43
480 50 0
0 38 36
240 38 0
5040 57 43
480 57 0
0 45 36
240 45 0
5040 62 39
480 62 0
0 50 33
240 50 0
5040 57 32
480 57 0
0 45 27
240 45 0
5040 62 29
480 62 0
0 50 24
240 50 0
