0 77 62
60 77 0
0 79 48
60 79 0
0 77 56
60 77 0
0 76 48
60 76 0
0 77 61
720 77 0
0 82 55
160 82 0
0 79 46
160 79 0
0 76 45
160 76 0
0 77 50
240 77 0
0 81 43
240 81 0
0 72 50
480 72 0
0 70 46
60 70 0
0 72 41
60 72 0
0 70 46
60 70 0
0 72 41
60 72 0
0 70 46
80 70 0
0 72 43
80 72 0
0 70 43
80 70 0
0 69 50
240 69 0
0 72 43
240 72 0
0 77 50
160 77 0
0 76 41
160 76 0
0 74 41
160 74 0
0 72 47
160 72 0
0 70 40
160 70 0
0 69 40
160 69 0
0 67 50
720 67 0
0 69 43
120 69 0
0 70 38
120 70 0
0 69 47
480 69 0
0 77 64
60 77 0
0 79 51
60 79 0
0 77 56
60 77 0
0 76 50
60 76 0
0 77 57
720 77 0
0 82 50
160 82 0
0 79 46
160 79 0
0 76 45
160 76 0
0 77 50
240 77 0
0 81 43
240 81 0
0 72 50
480 72 0
0 81 50
160 81 0
0 83 46
160 83 0
0 84 46
150 84 0
10 84 54
160 84 0
0 83 48
160 83 0
0 81 48
160 81 0
0 79 53
480 79 0
0 81 50
160 81 0
0 83 47
160 83 0
0 84 47
150 84 0
10 84 53
160 84 0
0 83 46
160 83 0
0 81 46
160 81 0
0 79 50
160 79 0
0 77 44
160 77 0
0 76 44
160 76 0
0 77 48
160 77 0
0 76 45
160 76 0
0 74 45
160 74 0
0 76 50
160 76 0
0 77 46
160 77 0
0 79 46
160 79 0
0 72 50
480 72 0
0 71 46
60 71 0
0 72 41
60 72 0
0 71 46
60 71 0
0 72 41
60 72 0
0 71 46
80 71 0
0 72 43
80 72 0
0 71 43
80 71 0
0 72 50
960 72 0
480 77 64
60 77 0
0 79 51
60 79 0
0 77 56
60 77 0
0 76 51
60 76 0
0 77 62
720 77 0
0 82 50
160 82 0
0 79 46
160 79 0
0 76 45
160 76 0
0 77 50
240 77 0
0 81 43
240 81 0
0 72 50
480 72 0
0 70 46
60 70 0
0 72 41
60 72 0
0 70 46
60 70 0
0 72 41
60 72 0
0 70 46
80 70 0
0 72 43
80 72 0
0 70 43
80 70 0
0 69 50
240 69 0
0 72 43
240 72 0
0 77 50
160 77 0
0 76 41
160 76 0
0 74 41
160 74 0
0 72 47
160 72 0
0 70 40
160 70 0
0 69 40
160 69 0
0 67 50
720 67 0
0 69 43
120 69 0
0 70 38
120 70 0
0 69 47
480 69 0
0 77 64
60 77 0
0 79 51
60 79 0
0 77 56
60 77 0
0 76 54
60 76 0
0 77 65
720 77 0
0 82 58
160 82 0
0 79 46
160 79 0
0 76 45
160 76 0
0 77 50
240 77 0
0 81 43
240 81 0
0 72 50
480 72 0
0 81 50
160 81 0
0 83 46
160 83 0
0 84 46
150 84 0
10 84 54
160 84 0
0 83 48
160 83 0
0 81 48
160 81 0
0 79 53
480 79 0
0 81 50
160 81 0
0 83 47
160 83 0
0 84 47
150 84 0
10 84 53
160 84 0
0 83 46
160 83 0
0 81 46
160 81 0
0 79 50
160 79 0
0 77 44
160 77 0
0 76 44
160 76 0
0 77 48
160 77 0
0 76 45
160 76 0
0 74 45
160 74 0
0 76 50
160 76 0
0 77 46
160 77 0
0 79 46
160 79 0
0 72 50
480 72 0
0 71 46
60 71 0
0 72 41
60 72 0
0 71 46
60 71 0
0 72 41
60 72 0
0 71 46
80 71 0
0 72 43
80 72 0
0 71 43
80 71 0
0 72 50
960 72 0
480 72 50
960 72 0
0 79 50
160 79 0
0 76 46
160 76 0
0 72 45
160 72 0
0 81 50
160 81 0
0 77 45
160 77 0
0 72 45
160 72 0
0 82 55
160 82 0
0 81 48
160 81 0
0 79 48
160 79 0
0 81 54
480 81 0
0 79 53
160 79 0
0 82 50
160 82 0
0 81 47
160 81 0
0 79 51
160 79 0
0 86 55
160 86 0
0 84 49
160 84 0
0 82 54
160 82 0
0 81 50
160 81 0
0 79 45
160 79 0
0 77 50
240 77 0
0 76 43
720 76 0
720 72 45
480 72 0
0 80 53
480 80 0
0 72 48
480 72 0
0 70 40
240 70 0
0 79 49
240 79 0
0 70 40
480 70 0
0 68 40
480 68 0
0 67 43
240 67 0
0 73 50
240 73 0
0 70 46
240 70 0
0 67 47
240 67 0
0 65 43
240 65 0
0 65 47
240 65 0
0 64 39
720 64 0
480 77 64
60 77 0
0 79 51
60 79 0
0 77 56
60 77 0
0 76 51
60 76 0
0 77 64
720 77 0
0 82 55
160 82 0
0 79 46
160 79 0
0 76 45
160 76 0
0 77 50
240 77 0
0 81 43
240 81 0
0 72 50
480 72 0
0 70 46
60 70 0
0 72 41
60 72 0
0 70 46
60 70 0
0 72 41
60 72 0
0 70 46
80 70 0
0 72 43
80 72 0
0 70 43
80 70 0
0 69 50
240 69 0
0 72 43
240 72 0
0 77 50
160 77 0
0 76 41
160 76 0
0 74 41
160 74 0
0 72 47
160 72 0
0 70 40
160 70 0
0 69 40
160 69 0
0 67 50
720 67 0
0 69 43
120 69 0
0 70 38
120 70 0
0 69 47
480 69 0
0 77 64
60 77 0
0 79 51
60 79 0
0 77 56
60 77 0
0 76 54
60 76 0
0 77 63
720 77 0
0 82 55
160 82 0
0 79 46
160 79 0
0 76 45
160 76 0
0 77 50
240 77 0
0 81 43
240 81 0
0 72 50
480 72 0
0 74 50
160 74 0
0 76 46
160 76 0
0 77 46
150 77 0
10 77 54
160 77 0
0 76 48
160 76 0
0 74 48
160 74 0
0 72 51
480 72 0
0 74 50
160 74 0
0 76 47
160 76 0
0 77 47
150 77 0
10 77 53
160 77 0
0 76 46
160 76 0
0 74 43
160 74 0
0 72 57
160 72 0
0 77 49
160 77 0
0 81 53
160 81 0
0 72 57
160 72 0
0 79 49
160 79 0
0 82 55
160 82 0
0 81 57
160 81 0
0 82 46
160 82 0
0 84 46
160 84 0
0 77 50
480 77 0
0 76 46
60 76 0
0 77 41
60 77 0
0 76 46
60 76 0
0 77 41
60 77 0
0 76 46
80 76 0
0 77 43
80 77 0
0 76 43
80 76 0
0 77 50
960 77 0
480 72 50
960 72 0
0 79 50
160 79 0
0 76 46
160 76 0
0 72 45
160 72 0
0 81 50
160 81 0
0 77 45
160 77 0
0 72 45
160 72 0
0 82 55
160 82 0
0 81 48
160 81 0
0 79 48
160 79 0
0 81 54
480 81 0
0 79 53
160 79 0
0 82 50
160 82 0
0 81 47
160 81 0
0 79 51
160 79 0
0 86 54
160 86 0
0 84 49
160 84 0
0 82 54
160 82 0
0 81 50
160 81 0
0 79 45
160 79 0
0 77 50
240 77 0
0 76 43
720 76 0
720 72 45
480 72 0
0 80 53
480 80 0
0 72 48
480 72 0
0 70 40
240 70 0
0 79 49
240 79 0
0 70 40
480 70 0
0 68 40
480 68 0
0 67 43
240 67 0
0 73 50
240 73 0
0 70 46
240 70 0
0 67 47
240 67 0
0 65 43
240 65 0
0 65 47
240 65 0
0 64 39
720 64 0
480 77 65
60 77 0
0 79 51
60 79 0
0 77 56
60 77 0
0 76 53
60 76 0
0 77 64
720 77 0
0 82 55
160 82 0
0 79 46
160 79 0
0 76 45
160 76 0
0 77 50
240 77 0
0 81 43
240 81 0
0 72 50
480 72 0
0 70 46
60 70 0
0 72 41
60 72 0
0 70 46
60 70 0
0 72 41
60 72 0
0 70 46
80 70 0
0 72 43
80 72 0
0 70 43
80 70 0
0 69 50
240 69 0
0 72 43
240 72 0
0 77 50
160 77 0
0 76 41
160 76 0
0 74 41
160 74 0
0 72 47
160 72 0
0 70 40
160 70 0
0 69 40
160 69 0
0 67 50
720 67 0
0 69 43
120 69 0
0 70 38
120 70 0
0 69 47
480 69 0
0 77 66
60 77 0
0 79 51
60 79 0
0 77 56
60 77 0
0 76 54
60 76 0
0 77 66
720 77 0
0 82 55
160 82 0
0 79 46
160 79 0
0 76 45
160 76 0
0 77 50
240 77 0
0 81 43
240 81 0
0 72 50
480 72 0
0 74 50
160 74 0
0 76 46
160 76 0
0 77 46
150 77 0
10 77 54
160 77 0
0 76 48
160 76 0
0 74 48
160 74 0
0 72 51
480 72 0
0 74 50
160 74 0
0 76 47
160 76 0
0 77 47
150 77 0
10 77 53
160 77 0
0 76 46
160 76 0
0 74 43
160 74 0
0 72 53
160 72 0
0 77 47
160 77 0
0 81 50
160 81 0
0 72 56
160 72 0
0 79 49
160 79 0
0 82 53
160 82 0
0 81 61
160 81 0
0 82 46
160 82 0
0 84 46
160 84 0
0 77 50
480 77 0
0 76 46
60 76 0
0 77 41
60 77 0
0 76 46
60 76 0
0 77 41
60 77 0
0 76 46
80 76 0
0 77 43
80 77 0
0 76 43
80 76 0
0 77 55
960 77 0
960 74 42
0 77 50
480 77 0
0 74 0
0 82 50
160 82 0
0 81 46
160 81 0
0 79 45
160 79 0
0 77 50
480 77 0
0 74 55
160 74 0
0 75 48
160 75 0
0 77 48
160 77 0
0 75 55
160 75 0
0 77 48
160 77 0
0 79 48
160 79 0
0 77 53
480 77 0
0 70 44
240 70 0
240 70 45
240 70 0
240 69 46
160 69 0
0 70 40
160 70 0
0 72 40
160 72 0
0 70 45
480 70 0
480 72 45
60 72 0
0 70 40
60 70 0
0 72 46
360 72 0
0 81 46
480 81 0
0 69 38
480 69 0
0 70 45
60 70 0
0 69 40
60 69 0
0 70 46
360 70 0
0 79 46
480 79 0
0 70 38
480 70 0
0 69 51
160 69 0
0 70 41
160 70 0
0 72 41
160 72 0
0 65 45
480 65 0
0 64 41
60 64 0
0 65 36
60 65 0
0 64 41
60 64 0
0 65 36
60 65 0
0 64 41
80 64 0
0 65 38
80 65 0
0 64 38
80 64 0
0 65 49
960 65 0
960 74 42
0 77 50
480 77 0
0 74 0
0 82 50
160 82 0
0 81 46
160 81 0
0 79 45
160 79 0
0 77 50
480 77 0
0 74 55
160 74 0
0 75 48
160 75 0
0 77 48
160 77 0
0 75 55
160 75 0
0 77 48
160 77 0
0 79 48
160 79 0
0 77 53
480 77 0
0 70 44
240 70 0
240 70 45
240 70 0
240 69 46
160 69 0
0 70 40
160 70 0
0 72 40
160 72 0
0 70 45
480 70 0
480 72 45
60 72 0
0 70 40
60 70 0
0 72 46
360 72 0
0 81 46
480 81 0
0 69 38
480 69 0
0 70 45
60 70 0
0 69 40
60 69 0
0 70 46
360 70 0
0 79 46
480 79 0
0 70 38
480 70 0
0 69 51
160 69 0
0 70 41
160 70 0
0 72 41
160 72 0
0 65 45
480 65 0
0 64 41
60 64 0
0 65 36
60 65 0
0 64 41
60 64 0
0 65 36
60 65 0
0 64 41
80 64 0
0 65 38
80 65 0
0 64 38
80 64 0
0 65 49
960 65 0
480 77 50
160 77 0
0 75 46
160 75 0
0 74 40
160 74 0
0 77 50
160 77 0
0 75 45
160 75 0
0 74 41
160 74 0
0 72 51
160 72 0
0 70 46
160 70 0
0 68 41
160 68 0
0 67 54
480 67 0
0 72 50
160 72 0
0 71 45
160 71 0
0 72 41
160 72 0
0 75 53
160 75 0
0 74 47
160 74 0
0 75 47
160 75 0
0 79 50
160 79 0
0 77 46
160 77 0
0 75 40
160 75 0
0 79 50
160 79 0
0 77 45
160 77 0
0 75 41
160 75 0
0 74 51
160 74 0
0 72 46
160 72 0
0 70 41
150 70 0
10 70 50
240 70 0
0 69 43
720 69 0
480 77 47
60 77 0
0 75 42
60 75 0
0 77 48
360 77 0
0 86 48
480 86 0
0 74 39
480 74 0
0 75 47
60 75 0
0 74 42
60 74 0
0 75 48
360 75 0
0 84 48
480 84 0
0 75 39
480 75 0
0 74 51
160 74 0
0 75 41
160 75 0
0 77 41
160 77 0
0 70 45
480 70 0
0 69 41
60 69 0
0 70 36
60 70 0
0 69 41
60 69 0
0 70 36
60 70 0
0 69 41
80 69 0
0 70 38
80 70 0
0 69 38
80 69 0
0 70 49
960 70 0
480 77 50
160 77 0
0 75 46
160 75 0
0 74 40
160 74 0
0 77 50
160 77 0
0 75 45
160 75 0
0 74 41
160 74 0
0 72 51
160 72 0
0 70 46
160 70 0
0 68 41
160 68 0
0 67 54
480 67 0
0 72 50
160 72 0
0 71 45
160 71 0
0 72 41
160 72 0
0 75 53
160 75 0
0 74 47
160 74 0
0 75 47
160 75 0
0 79 50
160 79 0
0 77 46
160 77 0
0 75 40
160 75 0
0 79 50
160 79 0
0 77 45
160 77 0
0 75 41
160 75 0
0 74 51
160 74 0
0 72 46
160 72 0
0 70 41
150 70 0
10 70 50
240 70 0
0 69 43
720 69 0
480 77 47
60 77 0
0 75 42
60 75 0
0 77 48
360 77 0
0 86 48
480 86 0
0 74 39
480 74 0
0 75 47
60 75 0
0 74 42
60 74 0
0 75 48
360 75 0
0 84 48
480 84 0
0 75 39
480 75 0
0 74 51
160 74 0
0 75 41
160 75 0
0 77 41
160 77 0
0 70 45
480 70 0
0 69 41
60 69 0
0 70 36
60 70 0
0 69 41
60 69 0
0 70 36
60 70 0
0 69 41
80 69 0
0 70 38
80 70 0
0 69 38
80 69 0
0 70 49
960 70 0
480 77 64
60 77 0
0 79 51
60 79 0
0 77 56
60 77 0
0 76 51
60 76 0
0 77 62
720 77 0
0 82 50
160 82 0
0 79 46
160 79 0
0 76 45
160 76 0
0 77 50
240 77 0
0 81 43
240 81 0
0 72 50
480 72 0
0 70 46
60 70 0
0 72 41
60 72 0
0 70 46
60 70 0
0 72 41
60 72 0
0 70 46
80 70 0
0 72 43
80 72 0
0 70 43
80 70 0
0 69 50
240 69 0
0 72 43
240 72 0
0 77 50
160 77 0
0 76 41
160 76 0
0 74 41
160 74 0
0 72 47
160 72 0
0 70 40
160 70 0
0 69 40
160 69 0
0 67 50
720 67 0
0 69 43
120 69 0
0 70 38
120 70 0
0 69 47
480 69 0
0 77 64
60 77 0
0 79 51
60 79 0
0 77 56
60 77 0
0 76 54
60 76 0
0 77 65
720 77 0
0 82 58
160 82 0
0 79 46
160 79 0
0 76 45
160 76 0
0 77 50
240 77 0
0 81 43
240 81 0
0 72 50
480 72 0
0 81 50
160 81 0
0 83 46
160 83 0
0 84 46
150 84 0
10 84 54
160 84 0
0 83 48
160 83 0
0 81 48
160 81 0
0 79 53
480 79 0
0 81 50
160 81 0
0 83 47
160 83 0
0 84 47
150 84 0
10 84 53
160 84 0
0 83 46
160 83 0
0 81 46
160 81 0
0 79 50
160 79 0
0 77 44
160 77 0
0 76 44
160 76 0
0 77 48
160 77 0
0 76 45
160 76 0
0 74 45
160 74 0
0 76 50
160 76 0
0 77 46
160 77 0
0 79 46
160 79 0
0 72 50
480 72 0
0 71 46
60 71 0
0 72 41
60 72 0
0 71 46
60 71 0
0 72 41
60 72 0
0 71 46
80 71 0
0 72 43
80 72 0
0 71 43
80 71 0
0 72 50
960 72 0
480 72 50
960 72 0
0 79 50
160 79 0
0 76 46
160 76 0
0 72 45
160 72 0
0 81 50
160 81 0
0 77 45
160 77 0
0 72 45
160 72 0
0 82 55
160 82 0
0 81 48
160 81 0
0 79 48
160 79 0
0 81 54
480 81 0
0 79 53
160 79 0
0 82 50
160 82 0
0 81 47
160 81 0
0 79 51
160 79 0
0 86 55
160 86 0
0 84 49
160 84 0
0 82 54
160 82 0
0 81 50
160 81 0
0 79 45
160 79 0
0 77 50
240 77 0
0 76 43
720 76 0
720 72 45
480 72 0
0 80 53
480 80 0
0 72 48
480 72 0
0 70 40
240 70 0
0 79 49
240 79 0
0 70 40
480 70 0
0 68 40
480 68 0
0 67 43
240 67 0
0 73 50
240 73 0
0 70 46
240 70 0
0 67 47
240 67 0
0 65 43
240 65 0
0 65 47
240 65 0
0 64 39
720 64 0
480 77 65
60 77 0
0 79 51
60 79 0
0 77 56
60 77 0
0 76 53
60 76 0
0 77 64
720 77 0
0 82 55
160 82 0
0 79 46
160 79 0
0 76 45
160 76 0
0 77 50
240 77 0
0 81 43
240 81 0
0 72 50
480 72 0
0 70 46
60 70 0
0 72 41
60 72 0
0 70 46
60 70 0
0 72 41
60 72 0
0 70 46
80 70 0
0 72 43
80 72 0
0 70 43
80 70 0
0 69 50
240 69 0
0 72 43
240 72 0
0 77 50
160 77 0
0 76 41
160 76 0
0 74 41
160 74 0
0 72 47
160 72 0
0 70 40
160 70 0
0 69 40
160 69 0
0 67 50
720 67 0
0 69 43
120 69 0
0 70 38
120 70 0
0 69 47
480 69 0
0 77 66
60 77 0
0 79 51
60 79 0
0 77 56
60 77 0
0 76 54
60 76 0
0 77 66
720 77 0
0 82 55
160 82 0
0 79 46
160 79 0
0 76 45
160 76 0
0 77 50
240 77 0
0 81 43
240 81 0
0 72 50
480 72 0
0 74 50
160 74 0
0 76 46
160 76 0
0 77 46
150 77 0
10 77 54
160 77 0
0 76 48
160 76 0
0 74 48
160 74 0
0 72 51
480 72 0
0 74 50
160 74 0
0 76 47
160 76 0
0 77 47
150 77 0
10 77 53
160 77 0
0 76 46
160 76 0
0 74 43
160 74 0
0 72 53
160 72 0
0 77 47
160 77 0
0 81 50
160 81 0
0 72 56
160 72 0
0 79 49
160 79 0
0 82 53
160 82 0
0 81 61
160 81 0
0 82 46
160 82 0
0 84 46
160 84 0
0 77 50
480 77 0
0 76 46
60 76 0
0 77 41
60 77 0
0 76 46
60 76 0
0 77 41
60 77 0
0 76 46
80 76 0
0 77 43
80 77 0
0 76 43
80 76 0
0 77 55
960 77 0
0 41 33
0 53 39
480 53 0
0 41 0
0 57 34
0 45 28
480 45 0
0 57 0
0 60 34
0 48 28
480 48 0
0 60 0
0 53 34
0 65 41
480 65 0
0 53 0
480 67 34
480 67 0
0 65 41
480 65 0
960 64 41
480 64 0
0 60 34
480 60 0
0 65 41
480 65 0
0 53 39
480 53 0
0 57 34
480 57 0
0 60 34
480 60 0
0 53 34
0 65 41
480 65 0
0 53 0
480 65 34
480 65 0
0 64 41
960 64 0
0 65 35
480 65 0
0 64 41
960 64 0
0 59 38
0 47 32
480 47 0
0 59 0
0 48 34
0 60 41
480 60 0
0 48 0
0 64 41
0 55 34
480 55 0
0 64 0
0 55 28
0 62 34
480 62 0
0 55 0
0 60 41
480 60 0
0 55 38
120 55 0
360 48 39
480 48 0
0 41 33
0 53 39
480 53 0
0 41 0
0 57 34
0 45 28
480 45 0
0 57 0
0 60 34
0 48 28
480 48 0
0 60 0
0 53 34
0 65 41
480 65 0
0 53 0
480 67 34
480 67 0
0 65 41
480 65 0
960 64 41
480 64 0
0 60 34
480 60 0
0 65 41
480 65 0
0 53 39
480 53 0
0 57 34
480 57 0
0 60 34
480 60 0
0 53 34
0 65 41
480 65 0
0 53 0
480 65 34
480 65 0
0 64 41
960 64 0
0 65 35
480 65 0
0 64 41
960 64 0
0 59 38
0 47 32
480 47 0
0 59 0
0 48 34
0 60 41
480 60 0
0 48 0
0 64 41
0 55 34
480 55 0
0 64 0
0 55 28
0 62 34
480 62 0
0 55 0
0 60 41
480 60 0
0 55 38
120 55 0
360 48 39
480 48 0
0 60 33
480 67 34
480 67 0
0 70 34
480 70 0
0 69 46
480 69 0
0 64 41
480 64 0
0 60 0
0 65 47
480 65 0
0 58 46
960 58 0
0 59 42
480 59 0
0 60 46
480 60 0
0 55 40
120 55 0
360 48 35
480 48 0
0 60 40
480 60 0
0 68 37
480 68 0
0 65 33
480 65 0
0 67 41
480 67 0
0 64 33
480 64 0
0 65 33
480 65 0
0 58 42
960 58 0
0 59 41
480 59 0
0 60 43
480 60 0
0 55 34
120 55 0
360 48 37
480 48 0
0 41 33
0 53 39
480 53 0
0 41 0
0 57 34
0 45 28
480 45 0
0 57 0
0 60 34
0 48 28
480 48 0
0 60 0
0 53 34
0 65 41
480 65 0
0 53 0
480 67 34
480 67 0
0 65 41
480 65 0
960 64 41
480 64 0
0 60 34
480 60 0
0 65 41
480 65 0
0 41 33
0 53 39
480 53 0
0 41 0
0 45 28
0 57 34
480 57 0
0 45 0
0 48 28
0 60 34
480 60 0
0 48 0
0 53 34
0 65 41
480 65 0
0 53 0
480 46 28
0 58 34
480 58 0
0 46 0
0 57 41
0 45 34
480 45 0
0 57 0
0 65 27
0 53 22
480 53 0
0 65 0
0 58 35
0 46 29
480 46 0
0 58 0
0 45 34
0 57 41
480 57 0
0 45 0
0 53 23
0 65 28
480 65 0
0 53 0
0 52 30
0 64 36
480 64 0
0 52 0
0 53 28
0 65 41
480 65 0
0 53 0
0 57 41
0 48 34
480 48 0
0 57 0
0 48 28
0 55 34
480 55 0
0 48 0
0 53 41
480 53 0
0 48 38
120 48 0
360 41 39
480 41 0
0 60 33
480 67 34
480 67 0
0 70 34
480 70 0
0 69 46
480 69 0
0 64 41
480 64 0
0 60 0
0 65 47
480 65 0
0 58 46
960 58 0
0 59 42
480 59 0
0 60 46
480 60 0
0 55 37
120 55 0
360 48 32
480 48 0
0 60 40
480 60 0
0 68 37
480 68 0
0 65 33
480 65 0
0 67 41
480 67 0
0 64 33
480 64 0
0 65 33
480 65 0
0 58 42
960 58 0
0 59 41
480 59 0
0 60 43
480 60 0
0 55 34
120 55 0
360 48 37
480 48 0
0 41 33
0 53 39
480 53 0
0 41 0
0 57 34
0 45 28
480 45 0
0 57 0
0 60 34
0 48 28
480 48 0
0 60 0
0 53 34
0 65 41
480 65 0
0 53 0
480 67 34
480 67 0
0 65 41
480 65 0
960 64 41
480 64 0
0 60 34
480 60 0
0 65 41
480 65 0
0 41 33
0 53 39
480 53 0
0 41 0
0 45 28
0 57 34
480 57 0
0 45 0
0 48 28
0 60 34
480 60 0
0 48 0
0 53 34
0 65 41
480 65 0
0 53 0
480 46 28
0 58 34
480 58 0
0 46 0
0 57 41
0 45 34
480 45 0
0 57 0
0 65 27
0 53 22
480 53 0
0 65 0
0 58 35
0 46 29
480 46 0
0 58 0
0 45 34
0 57 41
480 57 0
0 45 0
0 53 23
0 65 28
480 65 0
0 53 0
0 52 30
0 64 36
480 64 0
0 52 0
0 53 28
0 65 41
480 65 0
0 53 0
0 57 41
0 48 34
480 48 0
0 57 0
0 48 28
0 55 34
480 55 0
0 48 0
0 53 41
480 53 0
0 48 38
120 48 0
360 41 39
480 41 0
0 34 39
0 46 46
960 46 0
0 34 0
0 63 34
480 63 0
0 62 46
480 62 0
0 58 41
480 58 0
0 60 47
480 60 0
0 62 46
480 62 0
960 53 33
0 63 39
480 63 0
0 53 0
0 58 33
0 62 39
480 62 0
0 58 0
480 53 38
160 53 0
0 57 28
160 57 0
0 60 26
160 60 0
0 53 29
160 53 0
0 57 27
160 57 0
0 60 27
160 60 0
0 53 33
160 53 0
0 57 27
160 57 0
0 60 27
160 60 0
0 52 38
160 52 0
0 55 28
160 55 0
0 60 26
160 60 0
0 52 29
160 52 0
0 55 27
160 55 0
0 60 27
160 60 0
0 52 33
160 52 0
0 55 27
160 55 0
0 60 27
160 60 0
0 53 36
480 53 0
0 57 36
0 48 30
480 48 0
0 57 0
0 48 25
0 55 30
480 55 0
0 48 0
0 53 36
480 53 0
0 48 34
120 48 0
360 41 35
480 41 0
0 34 39
0 46 46
960 46 0
0 34 0
0 63 34
480 63 0
0 62 46
480 62 0
0 58 41
480 58 0
0 60 47
480 60 0
0 62 46
480 62 0
960 53 33
0 63 39
480 63 0
0 53 0
0 58 33
0 62 39
480 62 0
0 58 0
480 53 38
160 53 0
0 57 28
160 57 0
0 60 26
160 60 0
0 53 29
160 53 0
0 57 27
160 57 0
0 60 27
160 60 0
0 53 33
160 53 0
0 57 27
160 57 0
0 60 27
160 60 0
0 52 38
160 52 0
0 55 28
160 55 0
0 60 26
160 60 0
0 52 29
160 52 0
0 55 27
160 55 0
0 60 27
160 60 0
0 52 33
160 52 0
0 55 27
160 55 0
0 60 27
160 60 0
0 53 36
480 53 0
0 57 36
0 48 30
480 48 0
0 57 0
0 48 25
0 55 30
480 55 0
0 48 0
0 53 36
480 53 0
0 48 34
120 48 0
360 41 35
480 41 0
0 50 42
480 50 0
0 58 37
480 58 0
0 50 38
480 50 0
0 51 47
480 51 0
0 55 37
480 55 0
0 60 38
480 60 0
0 51 42
480 51 0
0 60 37
480 60 0
0 52 38
480 52 0
0 53 42
480 53 0
0 48 37
120 48 0
360 41 33
480 41 0
0 58 38
160 58 0
0 62 28
160 62 0
0 65 26
160 65 0
0 58 40
160 58 0
0 62 27
160 62 0
0 65 27
160 65 0
0 58 33
160 58 0
0 62 27
160 62 0
0 65 27
160 65 0
0 57 38
160 57 0
0 60 28
160 60 0
0 65 26
160 65 0
0 57 36
160 57 0
0 60 27
160 60 0
0 65 27
160 65 0
0 57 33
160 57 0
0 60 27
160 60 0
0 65 27
160 65 0
0 58 36
480 58 0
0 62 36
0 53 30
480 53 0
0 62 0
0 53 25
0 60 30
480 60 0
0 53 0
0 58 36
480 58 0
0 53 34
120 53 0
360 46 35
480 46 0
0 50 42
480 50 0
0 58 37
480 58 0
0 50 38
480 50 0
0 51 47
480 51 0
0 55 37
480 55 0
0 60 38
480 60 0
0 51 42
480 51 0
0 60 37
480 60 0
0 52 38
480 52 0
0 53 42
480 53 0
0 48 37
120 48 0
360 41 33
480 41 0
0 58 38
160 58 0
0 62 28
160 62 0
0 65 26
160 65 0
0 58 40
160 58 0
0 62 27
160 62 0
0 65 27
160 65 0
0 58 33
160 58 0
0 62 27
160 62 0
0 65 27
160 65 0
0 57 38
160 57 0
0 60 28
160 60 0
0 65 26
160 65 0
0 57 36
160 57 0
0 60 27
160 60 0
0 65 27
160 65 0
0 57 33
160 57 0
0 60 27
160 60 0
0 65 27
160 65 0
0 58 36
480 58 0
0 62 36
0 53 30
480 53 0
0 62 0
0 53 25
0 60 30
480 60 0
0 53 0
0 58 36
480 58 0
0 53 34
120 53 0
360 46 35
480 46 0
0 41 33
0 53 39
480 53 0
0 41 0
0 57 34
0 45 28
480 45 0
0 57 0
0 60 34
0 48 28
480 48 0
0 60 0
0 53 34
0 65 41
480 65 0
0 53 0
480 67 34
480 67 0
0 65 41
480 65 0
960 64 41
480 64 0
0 60 34
480 60 0
0 65 41
480 65 0
0 53 39
480 53 0
0 57 34
480 57 0
0 60 34
480 60 0
0 53 34
0 65 41
480 65 0
0 53 0
480 65 34
480 65 0
0 64 41
960 64 0
0 65 35
480 65 0
0 64 41
960 64 0
0 59 38
0 47 32
480 47 0
0 59 0
0 48 34
0 60 41
480 60 0
0 48 0
0 64 41
0 55 34
480 55 0
0 64 0
0 55 28
0 62 34
480 62 0
0 55 0
0 60 41
480 60 0
0 55 38
120 55 0
360 48 39
480 48 0
0 60 33
480 67 34
480 67 0
0 70 34
480 70 0
0 69 46
480 69 0
0 64 41
480 64 0
0 60 0
0 65 47
480 65 0
0 58 46
960 58 0
0 59 42
480 59 0
0 60 46
480 60 0
0 55 41
120 55 0
360 48 35
480 48 0
0 60 40
480 60 0
0 68 37
480 68 0
0 65 33
480 65 0
0 67 41
480 67 0
0 64 33
480 64 0
0 65 33
480 65 0
0 58 42
960 58 0
0 59 41
480 59 0
0 60 43
480 60 0
0 55 34
120 55 0
360 48 37
480 48 0
0 41 33
0 53 39
480 53 0
0 41 0
0 57 34
0 45 28
480 45 0
0 57 0
0 60 34
0 48 28
480 48 0
0 60 0
0 53 34
0 65 41
480 65 0
0 53 0
480 67 34
480 67 0
0 65 41
480 65 0
960 64 41
480 64 0
0 60 34
480 60 0
0 65 41
480 65 0
0 41 33
0 53 39
480 53 0
0 41 0
0 45 28
0 57 34
480 57 0
0 45 0
0 48 28
0 60 34
480 60 0
0 48 0
0 53 34
0 65 41
480 65 0
0 53 0
480 46 28
0 58 34
480 58 0
0 46 0
0 57 41
0 45 34
480 45 0
0 57 0
0 65 27
0 53 22
480 53 0
0 65 0
0 58 35
0 46 29
480 46 0
0 58 0
0 45 34
0 57 41
480 57 0
0 45 0
0 53 23
0 65 28
480 65 0
0 53 0
0 52 30
0 64 36
480 64 0
0 52 0
0 53 28
0 65 41
480 65 0
0 53 0
0 57 41
0 48 34
480 48 0
0 57 0
0 48 28
0 55 34
480 55 0
0 48 0
0 53 41
480 53 0
0 48 38
120 48 0
360 41 39
480 41 0
