480 66 46
240 66 0
0 55 35
0 67 42
240 67 0
0 55 0
0 69 51
0 57 43
240 57 0
0 69 0
0 59 45
0 71 54
240 71 0
0 59 0
0 69 48
0 57 40
240 57 0
0 69 0
0 55 35
0 67 42
240 67 0
0 55 0
0 66 47
0 54 39
480 54 0
0 66 0
0 69 53
0 57 45
240 57 0
0 69 0
0 71 55
0 59 46
240 59 0
0 71 0
0 73 62
0 61 52
240 61 0
0 73 0
0 62 55
0 74 65
240 74 0
0 62 0
0 73 58
0 61 49
240 61 0
0 73 0
0 71 56
0 59 47
240 59 0
0 71 0
0 76 63
0 64 53
240 64 0
0 76 0
0 78 66
0 66 56
240 66 0
0 78 0
0 64 55
0 76 65
120 76 0
0 64 0
0 75 53
0 63 45
120 63 0
0 75 0
0 73 55
0 61 46
60 61 0
0 73 0
60 59 42
0 71 50
60 71 0
0 59 0
60 74 57
0 62 48
240 62 0
0 74 0
0 76 58
0 64 49
240 64 0
0 76 0
0 62 52
0 74 62
120 74 0
0 62 0
0 73 57
0 61 48
120 61 0
0 73 0
0 59 42
0 71 50
60 71 0
0 59 0
60 61 42
0 73 50
60 73 0
0 61 0
60 62 42
0 74 50
240 74 0
0 62 0
0 73 47
0 61 39
240 61 0
0 73 0
0 59 42
0 71 50
240 71 0
0 59 0
0 76 46
0 64 39
240 64 0
0 76 0
0 74 55
0 62 46
240 62 0
0 74 0
0 61 42
0 73 50
240 73 0
0 61 0
0 71 54
0 59 45
360 59 0
0 71 0
0 71 50
120 71 0
0 70 58
120 70 0
0 68 52
0 71 62
120 71 0
0 68 0
0 69 54
0 73 64
120 73 0
0 69 0
0 71 58
0 74 69
120 74 0
0 71 0
0 78 71
0 74 60
120 74 0
0 78 0
0 73 60
0 76 72
120 76 0
0 73 0
0 74 66
0 71 56
120 71 0
0 74 0
0 73 64
0 69 54
120 69 0
0 73 0
0 76 64
0 73 54
120 73 0
0 76 0
0 74 52
120 74 0
0 66 57
120 66 0
0 68 60
120 71 70
240 71 0
0 68 0
0 69 58
720 69 0
960 66 46
240 66 0
0 55 35
0 67 42
240 67 0
0 55 0
0 69 51
0 57 43
240 57 0
0 69 0
0 59 45
0 71 54
240 71 0
0 59 0
0 69 48
0 57 40
240 57 0
0 69 0
0 55 35
0 67 42
240 67 0
0 55 0
0 66 47
0 54 39
480 54 0
0 66 0
0 69 53
0 57 45
240 57 0
0 69 0
0 71 55
0 59 46
240 59 0
0 71 0
0 73 62
0 61 52
240 61 0
0 73 0
0 62 55
0 74 65
240 74 0
0 62 0
0 73 58
0 61 49
240 61 0
0 73 0
0 71 56
0 59 47
240 59 0
0 71 0
0 76 63
0 64 53
240 64 0
0 76 0
0 78 66
0 66 56
240 66 0
0 78 0
0 64 55
0 76 65
120 76 0
0 64 0
0 75 53
0 63 45
120 63 0
0 75 0
0 73 55
0 61 46
60 61 0
0 73 0
60 59 42
0 71 50
60 71 0
0 59 0
60 74 57
0 62 48
240 62 0
0 74 0
0 76 58
0 64 49
240 64 0
0 76 0
0 62 52
0 74 62
120 74 0
0 62 0
0 73 57
0 61 48
120 61 0
0 73 0
0 59 42
0 71 50
60 71 0
0 59 0
60 61 42
0 73 50
60 73 0
0 61 0
60 62 42
0 74 50
240 74 0
0 62 0
0 73 47
0 61 39
240 61 0
0 73 0
0 59 42
0 71 50
240 71 0
0 59 0
0 76 46
0 64 39
240 64 0
0 76 0
0 74 55
0 62 46
240 62 0
0 74 0
0 61 42
0 73 50
240 73 0
0 61 0
0 71 54
0 59 45
360 59 0
0 71 0
0 71 50
120 71 0
0 70 58
120 70 0
0 68 52
0 71 62
120 71 0
0 68 0
0 69 54
0 73 64
120 73 0
0 69 0
0 71 58
0 74 69
120 74 0
0 71 0
0 78 71
0 74 60
120 74 0
0 78 0
0 73 60
0 76 72
120 76 0
0 73 0
0 74 66
0 71 56
120 71 0
0 74 0
0 73 64
0 69 54
120 69 0
0 73 0
0 76 64
0 73 54
120 73 0
0 76 0
0 74 52
120 74 0
0 66 57
120 66 0
0 68 60
120 71 70
240 71 0
0 68 0
0 69 58
720 69 0
960 72 65
0 69 55
0 66 55
0 60 55
228 60 0
0 72 0
0 69 0
0 66 0
12 72 63
0 69 53
0 66 53
0 60 53
240 60 0
0 72 0
0 69 0
0 66 0
0 59 59
0 66 59
0 69 59
0 71 70
480 71 0
0 59 0
0 66 0
0 69 0
0 72 71
0 69 60
0 66 60
0 60 60
228 60 0
0 72 0
0 69 0
0 66 0
12 72 69
0 69 58
0 66 58
0 60 58
240 60 0
0 72 0
0 69 0
0 66 0
0 59 64
0 66 64
0 69 64
0 71 77
480 71 0
0 59 0
0 66 0
0 69 0
0 74 78
0 71 66
0 68 66
0 62 66
228 62 0
0 74 0
0 71 0
0 68 0
12 74 75
0 71 63
0 68 63
0 62 63
240 62 0
0 74 0
0 71 0
0 68 0
0 61 70
0 68 70
0 71 70
0 73 84
480 73 0
0 61 0
0 68 0
0 71 0
0 74 85
0 71 72
0 68 72
0 62 72
228 62 0
0 74 0
0 71 0
0 68 0
12 74 82
0 71 69
0 68 69
0 62 69
240 62 0
0 74 0
0 71 0
0 68 0
0 61 77
0 68 77
0 71 77
0 73 92
480 73 0
0 61 0
0 68 0
0 71 0
0 78 89
228 78 0
12 78 81
0 66 68
240 66 0
0 78 0
0 67 78
0 78 94
240 78 0
0 67 0
0 76 74
0 68 62
228 68 0
0 76 0
12 76 85
0 69 72
240 69 0
0 76 0
0 74 77
0 70 65
120 74 0
0 73 71
120 73 0
0 70 0
0 71 78
120 71 0
0 73 78
0 69 66
120 69 0
0 73 0
0 68 69
0 74 82
120 68 0
0 66 62
120 66 0
0 74 0
0 65 68
0 73 89
228 73 0
12 65 0
0 73 81
0 61 68
240 61 0
0 73 0
0 62 78
0 73 94
240 73 0
0 62 0
0 71 74
0 63 62
228 63 0
0 71 0
12 71 85
0 64 72
240 64 0
0 71 0
0 69 77
0 65 65
120 69 0
0 68 71
120 68 0
0 65 0
0 66 78
120 66 0
0 68 78
0 64 66
120 64 0
0 68 0
0 62 69
0 69 82
120 62 0
0 61 62
120 61 0
0 69 0
0 69 85
0 66 72
0 62 72
228 62 0
0 66 0
0 69 0
12 71 82
0 66 69
0 62 69
0 59 69
240 59 0
0 71 0
0 66 0
0 62 0
0 61 77
0 66 77
0 69 77
0 73 92
480 73 0
0 61 0
0 66 0
0 69 0
0 69 86
0 66 73
0 62 73
228 62 0
0 66 0
0 69 0
12 71 83
0 66 70
0 62 70
0 59 70
240 59 0
0 71 0
0 66 0
0 62 0
0 61 78
0 66 78
0 69 78
0 73 93
480 73 0
0 61 0
0 66 0
0 69 0
0 69 86
0 66 73
0 62 73
228 62 0
0 66 0
0 69 0
12 71 88
0 66 74
0 62 74
0 59 74
240 59 0
0 71 0
0 66 0
0 62 0
0 61 89
0 66 89
0 69 89
0 73 106
1440 73 0
0 61 0
0 66 0
0 69 0
0 66 46
240 66 0
0 55 35
0 67 42
240 67 0
0 55 0
0 69 51
0 57 43
240 57 0
0 69 0
0 59 45
0 71 54
240 71 0
0 59 0
0 69 48
0 57 40
240 57 0
0 69 0
0 55 35
0 67 42
240 67 0
0 55 0
0 66 47
0 54 39
480 54 0
0 66 0
0 66 53
0 54 45
240 54 0
0 66 0
0 67 55
0 55 46
240 55 0
0 67 0
0 69 62
0 57 52
240 57 0
0 69 0
0 59 55
0 71 65
240 71 0
0 59 0
0 72 77
0 60 65
240 60 0
0 72 0
0 74 73
0 62 62
240 62 0
0 74 0
0 71 82
0 59 65
480 71 0
0 69 72
240 69 0
0 71 75
240 71 0
0 69 74
120 69 0
0 68 60
120 68 0
0 66 63
60 66 0
60 64 57
60 64 0
60 59 0
0 57 63
0 67 72
240 67 0
0 69 75
240 69 0
0 67 74
120 67 0
0 66 60
120 66 0
0 64 63
60 64 0
60 66 57
60 66 0
60 57 0
0 62 42
0 67 50
240 67 0
0 62 0
0 66 47
0 57 39
240 57 0
0 66 0
0 59 42
0 64 50
120 59 0
0 61 42
120 61 0
0 64 0
0 69 46
0 62 39
240 62 0
0 69 0
0 67 55
0 62 46
240 62 0
0 67 0
0 57 42
0 66 50
240 66 0
0 57 0
0 64 54
0 59 45
357 64 0
3 59 0
0 64 50
120 64 0
0 63 58
120 63 0
0 61 52
0 64 62
120 64 0
0 61 0
0 62 54
0 66 64
120 66 0
0 62 0
0 64 58
0 67 69
120 67 0
0 64 0
0 71 71
0 67 60
120 67 0
0 71 0
0 66 60
0 69 72
120 69 0
0 66 0
0 67 66
0 64 56
120 64 0
0 67 0
0 66 64
120 66 0
0 69 64
0 66 54
120 66 0
0 69 0
0 67 52
120 67 0
0 64 57
120 64 0
0 61 60
120 61 0
0 69 63
360 69 0
0 78 55
120 78 0
0 75 63
120 75 0
0 73 57
0 76 68
120 76 0
0 73 0
0 74 59
0 78 70
120 78 0
0 74 0
0 76 63
0 79 75
120 79 0
0 76 0
0 83 78
0 79 66
120 79 0
0 83 0
0 78 66
0 81 79
120 81 0
0 78 0
0 79 72
0 76 61
120 76 0
0 79 0
0 74 67
0 78 70
120 78 0
0 74 0
0 76 70
0 73 59
120 73 0
0 76 0
0 71 48
0 74 57
120 74 0
0 71 0
0 69 52
0 73 62
120 73 0
0 69 0
0 67 56
0 71 66
120 71 0
0 67 0
0 69 59
232 69 0
8 74 69
0 66 69
240 66 0
0 74 0
0 66 63
240 66 0
0 67 70
240 67 0
0 69 74
240 69 0
0 71 70
240 71 0
0 64 66
360 64 0
0 66 54
120 66 0
0 62 59
240 62 0
240 74 64
240 74 0
0 71 54
240 71 0
0 69 59
240 69 0
240 74 64
240 74 0
0 71 54
240 71 0
0 69 59
240 69 0
240 74 64
240 74 0
0 71 54
240 71 0
0 69 59
240 69 0
0 66 59
120 66 0
120 67 59
120 67 0
120 64 59
120 64 0
120 62 59
240 62 0
240 86 64
0 74 54
240 74 0
0 86 0
0 83 54
0 71 45
240 71 0
0 83 0
0 81 59
0 69 50
240 69 0
0 81 0
0 78 59
0 66 50
120 66 0
0 78 0
120 79 59
0 67 50
120 67 0
0 79 0
120 76 59
0 64 50
120 64 0
0 76 0
120 74 59
0 62 50
180 62 0
0 74 0
300 62 42
60 62 0
0 66 38
60 66 0
0 69 37
60 69 0
0 67 30
60 67 0
0 66 45
60 66 0
0 69 33
60 69 0
0 66 38
60 66 0
0 67 34
60 67 0
0 69 43
60 69 0
0 74 34
60 74 0
0 78 38
60 78 0
0 76 34
60 76 0
0 74 46
60 74 0
0 78 34
60 78 0
0 81 38
60 81 0
0 79 33
60 79 0
0 78 45
60 78 0
0 81 32
60 81 0
0 78 38
60 78 0
0 79 34
60 79 0
0 81 45
60 81 0
0 86 33
60 86 0
0 90 38
60 90 0
0 88 34
60 88 0
0 86 43
0 81 43
120 81 0
0 86 0
60 50 25
60 49 32
15 50 0
45 50 28
15 49 0
45 49 32
15 50 0
45 50 28
15 49 0
45 49 35
15 50 0
45 50 28
15 49 0
45 50 0
0 54 36
60 54 0
0 50 29
60 50 0
0 49 35
60 50 28
15 49 0
45 50 0
0 40 34
60 40 0
0 50 28
60 50 0
0 49 36
60 50 33
15 49 0
45 50 0
0 42 40
60 42 0
0 50 29
60 50 0
0 49 34
60 50 43
15 49 0
45 50 0
0 43 50
60 43 0
0 50 39
60 50 0
0 49 40
60 50 39
15 49 0
45 50 0
0 42 43
60 42 0
0 50 34
60 50 0
0 49 39
60 50 34
15 49 0
45 50 0
0 40 45
60 40 0
0 50 34
60 50 0
0 49 38
60 50 34
15 49 0
45 50 0
0 38 47
60 38 0
0 50 31
60 50 0
0 49 34
60 50 30
15 49 0
45 49 39
15 50 0
45 50 29
15 49 0
45 49 34
15 50 0
45 50 31
15 49 0
45 50 0
0 54 48
60 52 37
15 54 0
45 54 40
15 52 0
45 52 40
15 54 0
45 56 50
15 52 0
45 54 36
15 56 0
45 56 46
15 54 0
45 52 49
15 56 0
45 52 0
0 57 55
60 56 46
15 57 0
45 57 47
15 56 0
45 52 53
15 57 0
45 52 0
0 59 62
60 57 40
15 59 0
45 59 48
15 57 0
45 52 40
15 59 0
45 52 0
0 57 53
60 56 40
15 57 0
45 57 46
15 56 0
45 52 40
15 57 0
45 52 0
0 56 47
60 54 37
15 56 0
45 56 40
15 54 0
45 52 38
15 56 0
45 52 0
0 49 54
60 49 0
0 52 46
60 52 0
0 58 46
60 58 0
0 61 49
60 61 0
0 59 54
60 58 40
15 59 0
45 56 49
15 58 0
45 54 40
15 56 0
45 54 0
0 59 56
60 59 0
0 61 40
60 61 0
0 59 48
60 58 40
15 59 0
45 59 50
15 58 0
45 57 37
15 59 0
45 56 40
15 57 0
45 54 37
15 56 0
45 54 0
0 56 49
60 57 40
15 56 0
45 59 42
15 57 0
45 57 47
15 59 0
45 57 0
0 56 51
60 56 0
0 52 40
60 52 0
0 54 46
60 56 40
15 54 0
45 57 53
15 56 0
45 59 40
15 57 0
45 57 46
15 59 0
45 56 40
15 57 0
45 57 48
15 56 0
45 56 40
15 57 0
45 54 40
15 56 0
45 53 38
15 54 0
45 53 0
0 54 47
60 54 0
0 57 35
60 57 0
0 56 40
60 57 36
15 56 0
45 57 0
0 52 47
60 52 0
0 57 35
60 57 0
0 56 40
60 57 40
15 56 0
45 57 0
0 50 48
60 50 0
0 57 37
60 57 0
0 56 40
60 57 37
15 56 0
45 57 0
0 49 47
60 49 0
0 57 38
60 57 0
0 56 40
60 55 37
15 56 0
45 55 0
0 54 46
60 54 0
0 57 37
60 57 0
0 56 40
60 57 37
15 56 0
45 57 0
0 52 47
60 52 0
0 57 39
60 57 0
0 56 40
60 57 39
15 56 0
45 57 0
0 51 49
60 51 0
0 57 38
60 57 0
0 56 40
60 57 38
15 56 0
45 54 47
15 57 0
45 54 0
0 63 37
60 63 0
0 57 40
60 57 0
0 54 35
60 54 0
0 56 48
60 56 0
0 52 40
60 52 0
0 50 41
60 50 0
0 52 45
60 52 0
0 49 54
60 49 0
0 52 45
60 52 0
0 47 52
60 47 0
0 52 55
60 52 0
0 44 59
60 44 0
0 52 45
60 52 0
0 45 52
60 45 0
0 54 46
60 54 0
0 47 53
60 47 0
0 56 40
60 56 0
0 49 46
60 49 0
0 57 40
60 57 0
0 50 47
60 50 0
0 54 40
60 54 0
0 58 40
60 59 46
15 58 0
45 52 51
15 59 0
45 59 40
15 52 0
45 59 0
0 62 43
60 62 0
0 64 40
60 64 0
0 57 57
60 57 0
0 62 40
60 62 0
0 64 45
60 64 0
0 62 40
60 62 0
0 61 52
60 61 0
0 59 34
60 57 40
15 59 0
45 59 34
15 57 0
45 61 46
15 59 0
45 62 34
15 61 0
45 64 36
15 62 0
45 66 34
15 64 0
45 67 40
15 66 0
45 66 30
15 67 0
45 67 33
15 66 0
45 65 30
15 67 0
45 66 40
15 65 0
45 65 31
15 66 0
45 66 35
15 65 0
45 62 30
15 66 0
45 65 40
15 62 0
45 64 31
15 65 0
45 65 34
15 64 0
45 62 31
15 65 0
45 62 0
0 61 40
60 60 32
15 61 0
45 61 35
15 60 0
45 57 30
15 61 0
45 55 40
15 57 0
45 54 30
15 55 0
45 55 34
15 54 0
45 52 30
15 55 0
45 52 0
0 54 36
60 54 0
0 50 29
60 50 0
0 49 35
60 50 28
15 49 0
45 50 0
0 40 34
60 40 0
0 50 28
60 50 0
0 49 36
60 50 33
15 49 0
45 50 0
0 42 40
60 42 0
0 50 29
60 50 0
0 49 34
60 50 43
15 49 0
45 50 0
0 43 50
60 43 0
0 50 39
60 50 0
0 49 40
60 50 39
15 49 0
45 50 0
0 42 43
60 42 0
0 50 34
60 50 0
0 49 39
60 50 34
15 49 0
45 50 0
0 40 45
60 40 0
0 50 34
60 50 0
0 49 38
60 50 34
15 49 0
45 50 0
0 38 47
60 38 0
0 50 31
60 50 0
0 49 34
60 50 30
15 49 0
45 49 39
15 50 0
45 50 29
15 49 0
45 49 34
15 50 0
45 50 31
15 49 0
45 50 0
0 54 48
60 52 37
15 54 0
45 54 40
15 52 0
45 52 40
15 54 0
45 56 50
15 52 0
45 54 36
15 56 0
45 56 46
15 54 0
45 52 49
15 56 0
45 52 0
0 57 55
60 56 46
15 57 0
45 57 47
15 56 0
45 52 53
15 57 0
45 52 0
0 59 62
60 57 40
15 59 0
45 59 48
15 57 0
45 52 40
15 59 0
45 52 0
0 57 53
60 56 40
15 57 0
45 57 46
15 56 0
45 52 40
15 57 0
45 52 0
0 56 47
60 54 37
15 56 0
45 56 40
15 54 0
45 52 38
15 56 0
45 52 0
0 49 54
60 49 0
0 52 46
60 52 0
0 58 46
60 58 0
0 61 49
60 61 0
0 59 54
60 58 40
15 59 0
45 56 49
15 58 0
45 54 40
15 56 0
45 54 0
0 59 56
60 59 0
0 61 40
60 61 0
0 59 48
60 58 40
15 59 0
45 59 50
15 58 0
45 57 37
15 59 0
45 56 40
15 57 0
45 54 37
15 56 0
45 54 0
0 56 49
60 57 40
15 56 0
45 59 42
15 57 0
45 57 47
15 59 0
45 57 0
0 56 51
60 56 0
0 52 40
60 52 0
0 54 46
60 56 40
15 54 0
45 57 53
15 56 0
45 59 40
15 57 0
45 57 46
15 59 0
45 56 40
15 57 0
45 57 48
15 56 0
45 56 40
15 57 0
45 54 40
15 56 0
45 53 38
15 54 0
45 53 0
0 54 47
60 54 0
0 57 35
60 57 0
0 56 40
60 57 36
15 56 0
45 57 0
0 52 47
60 52 0
0 57 35
60 57 0
0 56 40
60 57 40
15 56 0
45 57 0
0 50 48
60 50 0
0 57 37
60 57 0
0 56 40
60 57 37
15 56 0
45 57 0
0 49 47
60 49 0
0 57 38
60 57 0
0 56 40
60 55 37
15 56 0
45 55 0
0 54 46
60 54 0
0 57 37
60 57 0
0 56 40
60 57 37
15 56 0
45 57 0
0 52 47
60 52 0
0 57 39
60 57 0
0 56 40
60 57 39
15 56 0
45 57 0
0 51 49
60 51 0
0 57 38
60 57 0
0 56 40
60 57 38
15 56 0
45 54 47
15 57 0
45 54 0
0 63 37
60 63 0
0 57 40
60 57 0
0 54 35
60 54 0
0 56 48
60 56 0
0 52 40
60 52 0
0 50 41
60 50 0
0 52 45
60 52 0
0 49 54
60 49 0
0 52 45
60 52 0
0 47 52
60 47 0
0 52 55
60 52 0
0 44 59
60 44 0
0 52 45
60 52 0
0 45 52
60 45 0
0 54 46
60 54 0
0 47 53
60 47 0
0 56 40
60 56 0
0 49 46
60 49 0
0 57 40
60 57 0
0 50 47
60 50 0
0 54 40
60 54 0
0 58 40
60 59 46
15 58 0
45 52 51
15 59 0
45 59 40
15 52 0
45 59 0
0 62 43
60 62 0
0 64 40
60 64 0
0 57 57
60 57 0
0 62 40
60 62 0
0 64 45
60 64 0
0 62 40
60 62 0
0 61 52
60 61 0
0 59 34
60 57 40
15 59 0
45 59 34
15 57 0
45 61 46
15 59 0
45 62 34
15 61 0
45 64 36
15 62 0
45 66 34
15 64 0
45 67 40
15 66 0
45 66 30
15 67 0
45 67 33
15 66 0
45 65 30
15 67 0
45 66 40
15 65 0
45 65 31
15 66 0
45 66 35
15 65 0
45 62 30
15 66 0
45 65 40
15 62 0
45 64 31
15 65 0
45 65 34
15 64 0
45 62 31
15 65 0
45 62 0
0 61 40
60 60 32
15 61 0
45 61 35
15 60 0
45 57 30
15 61 0
45 55 40
15 57 0
45 54 30
15 55 0
45 55 34
15 54 0
45 52 30
15 55 0
45 52 0
0 50 42
60 54 37
15 50 0
45 57 43
15 54 0
45 55 40
15 57 0
45 54 46
15 55 0
45 55 41
15 54 0
45 54 46
15 55 0
45 52 41
15 54 0
45 52 0
0 51 50
60 54 39
15 51 0
45 57 46
15 54 0
45 55 42
15 57 0
45 54 46
15 55 0
45 55 42
15 54 0
45 54 46
15 55 0
45 52 43
15 54 0
45 52 0
0 51 46
60 54 40
15 51 0
45 57 47
15 54 0
45 55 44
15 57 0
45 54 50
15 55 0
45 55 45
15 54 0
45 54 50
15 55 0
45 52 45
15 54 0
45 52 0
0 51 55
60 54 42
15 51 0
45 57 50
15 54 0
45 55 46
15 57 0
45 54 50
15 55 0
45 55 46
15 54 0
45 54 50
15 55 0
45 53 47
15 54 0
45 53 0
0 52 50
60 56 44
15 52 0
45 59 51
15 56 0
45 57 48
15 59 0
45 56 55
15 57 0
45 57 49
15 56 0
45 56 55
15 57 0
45 54 49
15 56 0
45 54 0
0 53 60
60 56 46
15 53 0
45 59 55
15 56 0
45 57 50
15 59 0
45 56 55
15 57 0
45 57 50
15 56 0
45 56 55
15 57 0
45 54 51
15 56 0
45 54 0
0 53 55
60 56 48
15 53 0
45 59 56
15 56 0
45 57 52
15 59 0
45 56 60
15 57 0
45 57 53
15 56 0
45 56 60
15 57 0
45 54 53
15 56 0
45 54 0
0 53 66
60 56 50
15 53 0
45 65 60
15 56 0
45 62 55
15 65 0
45 61 60
15 62 0
45 62 55
15 61 0
45 61 60
15 62 0
45 59 56
15 61 0
45 59 0
0 58 66
60 61 50
15 58 0
45 66 60
15 61 0
45 64 55
15 66 0
45 62 60
15 64 0
45 64 55
15 62 0
45 62 60
15 64 0
45 61 56
15 62 0
45 61 0
0 59 60
60 61 55
15 59 0
45 59 60
15 61 0
45 61 55
15 59 0
45 62 60
15 61 0
45 59 52
15 62 0
45 59 0
0 64 63
60 62 56
15 64 0
45 61 58
15 62 0
45 59 57
15 61 0
45 57 54
15 59 0
45 55 49
15 57 0
45 54 62
15 55 0
45 52 51
15 54 0
45 54 61
15 52 0
45 52 54
15 54 0
45 52 0
0 50 60
60 49 50
15 50 0
45 50 60
15 49 0
45 49 51
15 50 0
45 47 60
15 49 0
45 45 55
15 47 0
45 47 60
15 45 0
45 44 51
15 47 0
45 44 0
0 49 66
60 56 50
15 49 0
45 61 60
15 56 0
45 59 55
34 61 0
26 57 60
34 59 0
26 56 55
34 57 0
26 57 60
34 56 0
26 56 56
34 57 0
26 56 0
0 54 60
60 56 55
15 54 0
45 54 60
15 56 0
45 56 55
15 54 0
45 57 60
15 56 0
45 54 52
15 57 0
45 54 0
0 59 63
60 57 56
15 59 0
45 56 58
15 57 0
45 54 57
15 56 0
45 52 54
15 54 0
45 50 49
15 52 0
45 49 62
15 50 0
45 47 51
15 49 0
45 49 61
15 47 0
45 47 54
15 49 0
45 47 0
0 45 60
60 45 0
0 49 50
60 49 0
0 57 60
60 56 51
15 57 0
45 54 60
15 56 0
45 52 55
15 54 0
45 54 60
15 52 0
45 52 51
15 54 0
45 52 0
0 50 55
60 50 0
0 54 48
60 54 0
0 57 56
60 57 0
0 56 52
60 56 0
0 54 60
60 54 0
0 53 53
60 53 0
0 54 60
60 54 0
0 50 53
60 50 0
0 49 66
60 49 0
0 54 50
60 54 0
0 57 60
60 57 0
0 56 55
60 56 0
0 54 60
60 53 55
15 54 0
45 54 60
15 53 0
45 49 56
15 54 0
45 49 0
0 50 56
60 50 0
0 54 48
60 54 0
0 57 57
60 57 0
0 56 53
60 56 0
0 54 61
60 54 0
0 53 54
60 53 0
0 54 61
60 54 0
0 50 54
60 50 0
0 49 67
60 49 0
0 54 51
60 54 0
0 57 61
60 57 0
0 56 56
60 56 0
0 54 61
60 53 56
15 54 0
45 54 61
15 53 0
45 49 57
15 54 0
45 49 0
0 50 56
60 50 0
0 54 48
60 54 0
0 57 58
60 57 0
0 56 55
60 56 0
0 54 65
60 54 0
0 53 58
60 53 0
0 54 67
60 54 0
0 50 61
60 50 0
0 49 77
60 49 0
0 54 58
60 54 0
0 57 68
60 57 0
0 56 61
60 56 0
0 54 65
60 53 59
15 54 0
45 54 63
15 53 0
45 50 58
15 54 0
45 50 0
0 49 56
60 49 0
0 54 47
60 54 0
0 57 55
60 57 0
0 56 50
60 56 0
0 54 56
60 54 0
0 53 49
60 53 0
0 54 54
60 54 0
0 50 46
60 50 0
0 49 53
60 49 0
0 54 37
60 54 0
0 57 45
60 57 0
0 56 34
60 56 0
0 54 40
60 53 34
15 54 0
45 54 37
15 53 0
45 50 35
15 54 0
45 50 0
0 54 36
60 54 0
0 50 29
60 50 0
0 49 35
60 50 28
15 49 0
45 50 0
0 52 34
60 52 0
0 50 28
60 50 0
0 49 36
60 50 33
15 49 0
45 50 0
0 54 40
60 54 0
0 50 29
60 50 0
0 49 34
60 50 43
15 49 0
45 50 0
0 43 50
60 43 0
0 50 39
60 50 0
0 49 40
60 50 39
15 49 0
45 50 0
0 42 43
60 42 0
0 50 34
60 50 0
0 49 39
60 50 34
15 49 0
45 50 0
0 40 45
60 40 0
0 50 34
60 50 0
0 49 38
60 50 34
15 49 0
45 50 0
0 38 47
60 38 0
0 50 31
60 50 0
0 49 34
60 50 30
15 49 0
45 49 39
15 50 0
45 50 29
15 49 0
45 49 34
15 50 0
45 50 31
15 49 0
45 50 0
0 38 48
60 48 37
15 38 0
45 47 40
15 48 0
45 48 40
15 47 0
45 40 50
15 48 0
45 48 36
15 40 0
45 47 46
15 48 0
45 48 49
15 47 0
45 48 0
0 42 55
60 48 46
15 42 0
45 47 47
15 48 0
45 48 53
15 47 0
45 48 0
0 43 62
60 47 50
15 43 0
45 45 55
15 47 0
45 47 50
15 45 0
45 47 0
0 43 60
60 45 51
15 43 0
45 43 57
15 45 0
45 45 53
15 43 0
45 45 0
0 42 62
60 43 51
15 42 0
45 40 54
15 43 0
45 42 50
15 40 0
45 42 0
0 39 64
60 39 0
0 42 53
60 42 0
0 47 55
60 47 0
0 49 54
60 49 0
0 51 61
60 52 47
12 51 0
48 54 57
12 52 0
48 52 47
12 54 0
48 51 61
12 52 0
48 52 50
12 51 0
48 51 54
12 52 0
48 49 51
12 51 0
48 51 61
12 49 0
48 47 52
12 51 0
48 49 54
12 47 0
48 51 53
12 49 0
48 51 0
0 52 62
60 54 48
12 52 0
48 52 54
12 54 0
48 51 49
12 52 0
48 51 0
0 52 54
60 50 50
12 52 0
48 49 54
12 50 0
48 47 52
12 49 0
48 47 0
0 49 61
60 50 50
12 49 0
48 52 54
12 50 0
48 50 51
12 52 0
48 49 61
12 50 0
48 45 52
12 49 0
48 47 54
12 45 0
48 49 53
12 47 0
48 49 0
0 52 62
60 50 48
12 52 0
48 49 54
12 50 0
48 50 49
12 49 0
48 50 0
0 49 54
60 50 50
12 49 0
48 48 54
12 50 0
48 50 52
12 48 0
48 50 0
0 47 47
60 47 0
0 50 35
60 50 0
0 46 40
60 50 36
15 46 0
45 50 0
0 45 47
60 45 0
0 50 35
60 50 0
0 38 40
60 50 40
15 38 0
45 50 0
0 44 48
60 44 0
0 50 37
60 50 0
0 43 40
60 50 37
15 43 0
45 50 0
0 42 47
60 42 0
0 50 38
60 50 0
0 38 40
60 50 37
15 38 0
45 50 0
0 47 46
60 47 0
0 50 37
60 50 0
0 46 40
60 50 37
15 46 0
45 50 0
0 45 47
60 45 0
0 50 39
60 50 0
0 38 40
60 50 39
15 38 0
45 50 0
0 44 49
60 44 0
0 47 38
60 47 0
0 50 40
60 49 38
15 50 0
45 47 47
15 49 0
45 47 0
0 56 37
60 56 0
0 50 40
60 50 0
0 47 35
60 47 0
0 49 48
60 49 0
0 52 40
60 52 0
0 55 41
60 55 0
0 57 45
60 57 0
0 54 54
60 54 0
0 57 45
60 57 0
0 52 52
60 52 0
0 57 55
60 57 0
0 49 59
60 49 0
0 57 45
60 57 0
0 50 52
60 50 0
0 59 46
60 59 0
0 52 53
60 52 0
0 61 40
60 61 0
0 54 46
60 54 0
0 62 40
60 62 0
0 55 47
60 55 0
0 59 40
60 59 0
0 64 40
60 64 0
0 59 46
60 55 51
15 59 0
45 55 0
0 57 40
60 57 0
0 55 43
60 55 0
0 57 40
60 57 0
0 54 53
60 54 0
0 57 41
60 57 0
0 61 44
60 62 41
15 61 0
45 66 51
15 62 0
45 66 0
0 62 40
60 62 0
0 59 44
60 59 0
0 57 38
60 57 0
0 55 52
60 55 0
0 57 44
60 57 0
0 55 45
60 55 0
0 57 49
60 57 0
0 54 59
60 54 0
0 57 49
60 57 0
0 52 57
60 52 0
0 57 60
60 57 0
0 49 64
60 49 0
0 57 49
60 57 0
0 50 57
60 50 0
0 59 50
60 59 0
0 52 58
60 52 0
0 61 44
60 61 0
0 54 50
60 54 0
0 62 44
60 62 0
0 55 51
60 55 0
0 59 44
60 59 0
0 57 44
60 57 0
0 61 50
60 59 56
15 61 0
45 59 0
0 62 44
60 62 0
0 61 47
60 61 0
0 64 44
60 64 0
0 66 56
60 66 0
0 62 42
60 62 0
0 61 47
60 61 0
0 62 42
60 62 0
0 59 62
60 59 0
0 62 42
60 62 0
0 61 49
60 61 0
0 62 42
60 62 0
0 61 56
0 57 56
60 57 0
0 61 0
0 62 45
60 62 0
0 61 49
60 61 0
0 62 49
60 62 0
0 55 56
0 59 56
60 59 0
0 55 0
0 62 46
60 62 0
0 61 49
60 61 0
0 62 43
60 62 0
0 54 56
0 57 56
60 57 0
0 54 0
0 62 43
60 62 0
0 61 47
60 61 0
0 62 42
60 62 0
0 55 56
60 55 0
0 62 41
60 62 0
0 61 48
60 61 0
0 62 43
60 62 0
0 57 56
60 57 0
0 62 42
60 62 0
0 61 47
60 61 0
0 62 42
60 62 0
0 45 56
0 55 56
60 55 0
0 62 41
60 62 0
0 45 0
0 61 47
60 61 0
0 62 47
60 62 0
0 38 39
0 54 39
60 54 0
0 55 45
60 55 0
0 38 0
0 57 53
60 57 0
0 59 46
60 59 0
0 60 38
60 60 0
0 59 36
60 59 0
0 60 40
60 60 0
0 57 37
60 57 0
0 59 43
60 59 0
0 62 33
60 62 0
0 61 38
60 62 34
15 61 0
45 62 0
0 55 46
60 55 0
0 62 35
60 62 0
0 61 38
60 62 34
15 61 0
45 62 0
0 54 47
0 50 47
60 54 0
0 57 34
60 57 0
0 50 0
0 62 38
60 62 0
0 61 34
60 61 0
0 38 58
0 60 43
60 60 0
0 59 34
60 59 0
0 38 0
0 60 38
60 60 0
0 57 34
60 57 0
0 50 39
0 59 43
60 59 0
0 62 33
60 62 0
0 50 0
0 61 38
60 62 34
15 61 0
45 62 0
0 55 46
60 55 0
0 62 35
60 62 0
0 61 38
60 62 34
15 61 0
45 62 0
0 54 47
0 50 47
60 54 0
0 57 34
60 57 0
0 50 0
0 62 38
60 62 0
0 61 34
60 61 0
0 38 57
0 60 43
60 60 0
0 59 34
60 59 0
0 38 0
0 60 38
60 60 0
0 57 34
60 57 0
0 50 39
0 59 43
60 59 0
0 62 33
60 62 0
0 50 0
0 61 38
60 62 34
15 61 0
45 62 0
0 55 46
60 55 0
0 62 35
60 62 0
0 61 38
60 62 34
15 61 0
45 62 0
0 54 47
60 54 0
0 57 34
60 57 0
0 54 38
60 54 0
0 55 34
60 55 0
0 50 47
0 57 43
60 57 0
0 60 34
60 60 0
0 50 0
0 62 38
60 62 0
0 60 34
60 60 0
0 43 47
0 58 43
60 58 0
0 62 43
60 62 0
0 43 0
0 58 43
60 58 0
0 62 43
60 62 0
0 45 47
0 61 43
60 58 43
15 61 0
45 45 0
0 57 43
15 58 0
45 55 43
15 57 0
45 55 0
0 38 39
0 54 39
60 55 45
15 54 0
45 38 0
0 57 53
15 55 0
45 59 46
15 57 0
45 59 0
0 60 38
60 60 0
0 59 36
60 59 0
0 60 40
60 60 0
0 57 37
60 57 0
0 50 39
0 59 43
60 59 0
0 62 33
60 62 0
0 50 0
0 61 38
60 62 34
15 61 0
45 62 0
0 55 46
60 55 0
0 62 35
60 62 0
0 61 38
60 62 34
15 61 0
45 62 0
0 54 47
60 54 0
0 57 34
60 57 0
0 54 38
60 54 0
0 55 34
60 55 0
0 50 47
0 57 43
60 57 0
0 60 34
60 60 0
0 50 0
0 62 38
60 62 0
0 60 34
60 60 0
0 55 47
0 58 43
60 58 0
0 62 43
60 62 0
0 55 0
0 58 43
60 58 0
0 62 43
60 62 0
0 57 47
0 61 43
60 58 43
15 61 0
45 57 0
0 57 43
15 58 0
45 55 43
15 57 0
45 55 0
0 50 30
0 54 39
60 57 45
15 54 0
45 54 53
15 57 0
45 55 46
15 54 0
45 55 0
0 57 38
60 57 0
0 62 36
60 62 0
0 66 40
60 66 0
0 64 37
60 64 0
240 50 0
1200 74 38
0 78 38
120 78 0
0 74 0
