1 67 90
479 65 85
21 67 0
459 70 89
20 65 0
460 72 91
20 70 0
220 77 81
20 72 0
220 74 86
20 77 0
460 72 85
20 74 0
220 77 81
20 72 0
220 74 85
20 77 0
460 70 86
20 74 0
460 72 86
20 70 0
460 67 82
20 72 0
460 65 81
20 67 0
430 65 0
30 58 69
0 67 82
0 62 69
480 62 0
0 67 0
0 58 0
0 60 68
0 57 68
0 65 80
480 65 0
0 57 0
0 60 0
0 62 68
0 58 68
0 70 80
480 70 0
0 58 0
0 62 0
0 60 69
0 72 82
0 69 69
240 72 0
0 77 78
240 77 0
0 69 0
0 60 0
0 69 68
0 74 81
0 65 68
480 65 0
0 74 0
0 69 0
0 60 68
0 69 68
0 72 81
240 72 0
0 77 77
240 77 0
0 69 0
0 60 0
0 70 71
0 65 71
0 74 84
450 74 0
0 65 0
0 70 0
30 67 66
0 62 66
0 70 78
480 70 0
0 62 0
0 67 0
0 67 65
0 64 65
0 72 77
480 72 0
0 64 0
0 67 0
0 60 59
0 67 70
0 55 59
480 55 0
0 67 0
0 60 0
0 65 66
0 57 56
0 60 56
450 60 0
0 57 0
0 65 0
30 65 92
480 67 88
20 65 0
460 62 83
20 67 0
460 65 86
20 62 0
220 67 74
20 65 0
220 60 80
20 67 0
460 67 85
20 60 0
220 69 77
20 67 0
220 65 83
20 69 0
430 65 0
30 77 84
0 65 71
480 65 0
0 77 0
0 65 69
0 74 82
480 74 0
0 65 0
0 65 68
0 72 80
240 72 0
0 70 74
240 70 0
0 65 0
0 65 79
450 65 0
30 65 92
480 67 88
20 65 0
460 62 85
20 67 0
460 65 86
20 62 0
220 67 77
20 65 0
220 63 85
20 67 0
460 70 92
20 63 0
220 72 74
20 70 0
220 68 78
20 72 0
430 68 0
30 80 84
0 68 71
480 68 0
0 80 0
0 68 68
0 77 80
480 77 0
0 68 0
0 75 78
0 68 66
240 75 0
0 73 78
240 73 0
0 68 0
0 68 74
450 68 0
30 68 48
0 56 40
0 63 40
480 56 0
0 68 0
0 70 49
0 58 41
480 58 0
0 70 0
0 56 41
0 68 49
480 68 0
0 56 0
0 63 0
0 63 49
0 58 41
0 70 49
240 70 0
0 58 0
0 60 41
0 72 49
240 72 0
0 60 0
0 75 53
0 63 45
240 63 0
0 75 0
0 70 49
0 58 41
240 58 0
0 70 0
0 68 46
0 56 39
450 56 0
0 68 0
30 63 0
0 73 73
0 61 62
0 65 62
0 68 62
240 68 0
0 73 0
0 61 0
0 65 0
0 72 58
0 75 69
0 68 58
0 63 58
240 63 0
0 72 0
0 75 0
0 68 0
0 65 62
0 77 73
0 73 62
0 68 62
240 68 0
0 65 0
0 77 0
0 73 0
0 80 75
240 80 0
0 70 61
0 75 61
0 66 61
0 78 72
240 78 0
0 70 0
0 75 0
0 66 0
0 68 57
0 65 57
0 73 57
0 77 68
240 77 0
0 68 0
0 65 0
0 73 0
0 63 63
0 75 75
0 68 63
0 72 63
240 72 0
0 63 0
0 75 0
0 68 0
0 78 69
0 66 58
240 66 0
0 78 0
0 70 58
0 77 69
0 73 58
0 65 58
240 65 0
0 70 0
0 77 0
0 73 0
0 61 57
0 73 68
240 73 0
0 61 0
0 68 54
0 75 64
0 72 54
0 63 54
450 63 0
0 68 0
0 75 0
0 72 0
30 63 43
0 68 51
0 56 43
480 56 0
0 68 0
0 70 51
0 58 43
480 58 0
0 70 0
0 56 43
0 68 51
480 68 0
0 56 0
0 63 0
0 58 45
0 63 45
0 70 53
240 70 0
0 58 0
0 72 55
0 60 46
240 60 0
0 72 0
0 63 0
0 63 52
0 75 62
240 75 0
0 63 0
0 58 49
0 70 59
240 70 0
0 58 0
0 60 52
0 72 62
0 67 52
480 72 0
0 60 0
0 62 54
0 74 64
480 74 0
0 62 0
0 60 53
0 72 63
480 72 0
0 60 0
0 67 0
0 62 52
0 67 52
0 74 62
240 74 0
0 62 0
0 77 62
0 65 52
240 65 0
0 77 0
0 67 0
0 79 64
0 67 54
240 79 0
0 62 53
0 74 63
240 74 0
0 62 0
0 72 61
0 60 51
450 60 0
0 72 0
30 67 0
0 72 67
0 65 67
0 69 67
0 77 79
240 77 0
0 72 0
0 65 0
0 69 0
0 72 61
0 79 72
0 76 61
0 67 61
240 67 0
0 72 0
0 79 0
0 76 0
0 69 69
0 81 82
0 72 69
0 77 69
240 77 0
0 69 0
0 81 0
0 72 0
0 72 61
0 84 72
240 84 0
0 72 0
0 74 68
0 70 68
0 79 68
0 82 81
240 82 0
0 74 0
0 70 0
0 79 0
0 69 63
0 81 75
0 72 63
0 77 63
240 77 0
0 69 0
0 81 0
0 72 0
0 76 81
0 79 81
0 67 68
0 72 68
240 72 0
0 76 0
0 79 0
0 67 0
0 70 63
0 82 75
240 82 0
0 70 0
0 74 67
0 69 67
0 77 67
0 81 79
240 81 0
0 74 0
0 69 0
0 77 0
0 65 62
0 77 74
240 77 0
0 65 0
0 72 58
0 67 58
0 79 69
0 76 58
450 76 0
0 72 0
0 67 0
0 79 0
30 69 47
0 81 56
0 72 47
240 81 0
0 76 51
240 76 0
0 72 0
0 69 0
0 65 45
0 74 45
0 77 54
480 77 0
0 74 0
0 65 0
0 69 43
0 72 43
0 81 51
480 81 0
0 72 0
0 69 0
0 64 39
0 74 47
0 70 39
480 70 0
0 74 0
0 64 0
0 81 51
0 69 43
0 72 43
480 72 0
0 69 0
0 81 0
0 70 39
0 74 47
0 64 39
480 64 0
0 74 0
0 70 0
0 69 47
0 77 56
0 65 47
240 77 0
0 72 51
240 72 0
0 65 0
0 69 0
0 70 45
0 65 45
0 74 54
480 74 0
0 65 0
0 70 0
0 69 44
0 65 44
0 77 52
480 77 0
0 65 0
0 69 0
0 70 39
0 74 47
0 65 39
480 65 0
0 74 0
0 70 0
0 69 45
0 77 54
0 65 45
240 77 0
0 72 51
240 72 0
0 65 0
0 69 0
0 70 44
0 65 44
0 74 52
450 74 0
0 65 0
0 70 0
30 67 45
0 63 45
0 72 53
240 63 0
0 64 46
240 64 0
0 72 0
0 67 0
0 65 41
0 69 49
0 60 41
480 60 0
0 69 0
0 65 0
0 70 46
0 62 39
0 65 39
480 65 0
0 62 0
0 70 0
0 72 54
0 63 45
0 67 45
240 63 0
0 64 47
240 64 0
0 67 0
0 72 0
0 65 41
0 60 41
0 69 49
480 69 0
0 60 0
0 65 0
0 62 47
0 65 47
0 70 56
240 70 0
0 74 52
240 74 0
0 65 0
0 62 0
0 67 47
0 64 47
0 72 56
480 72 0
0 64 0
0 67 0
0 62 39
0 69 46
0 65 39
0 60 39
480 60 0
0 62 0
0 69 0
0 65 0
0 64 43
0 72 51
0 67 43
450 67 0
0 72 0
0 64 0
30 65 74
0 77 88
480 77 0
0 65 0
0 67 69
0 75 82
0 70 69
0 63 69
240 63 0
0 67 0
0 75 0
0 70 0
0 62 66
0 74 78
240 74 0
0 62 0
0 65 63
0 72 75
0 69 63
0 60 63
240 60 0
0 65 0
0 72 0
0 69 0
0 62 60
0 70 71
0 65 60
240 65 0
0 70 0
0 62 0
0 65 69
0 60 69
0 72 82
480 72 0
0 60 0
0 65 0
0 65 71
0 62 71
0 74 84
480 74 0
0 62 0
0 65 0
0 69 73
0 77 86
0 72 73
0 65 73
480 65 0
0 69 0
0 77 0
0 72 0
0 67 76
0 79 90
0 75 76
0 70 76
240 70 0
0 67 0
0 79 0
0 75 0
0 82 82
0 70 69
240 70 0
0 82 0
0 65 74
0 77 88
450 77 0
0 65 0
30 67 78
0 79 92
480 79 0
0 67 0
0 77 89
0 65 75
480 65 0
0 77 0
0 70 68
0 63 68
0 67 68
0 75 81
240 75 0
0 70 0
0 63 0
0 67 0
0 74 71
0 62 60
240 62 0
0 74 0
0 60 62
0 72 73
0 65 62
0 69 62
240 69 0
0 60 0
0 72 0
0 65 0
0 70 71
0 62 60
0 65 60
240 65 0
0 62 0
0 70 0
0 72 75
0 60 63
0 65 63
480 65 0
0 60 0
0 72 0
0 74 90
0 65 76
0 62 76
480 62 0
0 65 0
0 74 0
0 72 74
0 77 88
0 69 74
0 65 74
480 65 0
0 72 0
0 77 0
0 69 0
0 75 77
0 67 77
0 70 77
0 79 91
240 79 0
0 75 0
0 67 0
0 70 0
0 82 82
0 70 69
240 70 0
0 82 0
0 65 74
0 77 88
450 77 0
0 65 0
30 67 77
0 79 91
480 79 0
0 67 0
0 77 88
0 65 74
470 65 0
0 77 0
10 67 93
480 67 0
0 65 90
480 65 0
0 72 77
0 67 77
0 76 77
0 79 91
240 79 0
0 72 0
0 67 0
0 76 0
0 70 65
0 82 77
240 82 0
0 70 0
0 77 85
0 65 72
450 65 0
0 77 0
30 79 92
0 67 78
480 67 0
0 79 0
0 77 90
0 65 76
450 65 0
0 77 0
30 58 74
0 63 74
0 67 88
480 67 0
0 63 0
0 58 0
0 57 74
0 60 74
0 65 88
480 65 0
0 60 0
0 57 0
0 58 78
0 65 78
0 70 92
480 70 0
0 65 0
0 58 0
0 60 72
0 72 85
0 65 72
0 69 72
240 69 0
0 60 0
0 72 0
0 65 0
0 65 68
0 77 80
240 77 0
0 65 0
0 65 73
0 62 73
0 70 73
0 74 86
480 74 0
0 65 0
0 62 0
0 70 0
0 60 72
0 72 85
0 65 72
0 69 72
240 69 0
0 60 0
0 72 0
0 65 0
0 77 78
0 65 66
240 65 0
0 77 0
0 70 72
0 74 85
0 65 72
0 62 72
480 62 0
0 70 0
0 74 0
0 65 0
0 65 72
0 58 72
0 62 72
0 70 85
480 70 0
0 65 0
0 58 0
0 62 0
0 63 71
0 72 84
0 67 71
0 60 71
480 60 0
0 63 0
0 72 0
0 67 0
0 55 66
0 67 78
0 60 66
0 64 66
480 64 0
0 55 0
0 67 0
0 60 0
0 57 66
0 60 66
0 65 78
450 65 0
0 60 0
0 57 0
30 55 78
0 62 78
0 67 92
480 67 0
0 62 0
0 55 0
0 57 77
0 60 77
0 65 91
480 65 0
0 60 0
0 57 0
0 58 77
0 70 91
0 65 77
480 65 0
0 70 0
0 58 0
0 65 72
0 69 72
0 60 72
0 72 85
240 72 0
0 65 0
0 69 0
0 60 0
0 77 78
0 65 66
240 65 0
0 77 0
0 70 72
0 74 85
0 65 72
0 62 72
480 62 0
0 70 0
0 74 0
0 65 0
0 62 76
0 58 76
0 70 90
0 67 76
480 67 0
0 62 0
0 58 0
0 70 0
0 67 78
0 75 92
0 72 78
0 63 78
480 63 0
0 67 0
0 75 0
0 72 0
0 60 72
0 72 85
0 65 72
0 69 72
480 69 0
0 60 0
0 72 0
0 65 0
0 70 86
0 62 73
0 65 73
480 65 0
0 62 0
0 70 0
0 59 92
120 51 83
20 59 0
100 50 74
20 51 0
100 59 87
20 50 0
100 58 85
20 59 0
100 50 81
20 58 0
100 54 91
20 50 0
1300 54 0
120 59 55
120 51 49
20 59 0
100 50 44
20 51 0
100 59 52
20 50 0
100 58 50
20 59 0
100 50 44
20 58 0
100 54 50
20 50 0
1300 54 0
120 59 92
120 51 83
20 59 0
100 50 73
20 51 0
100 59 87
20 50 0
100 58 80
20 59 0
100 49 74
20 58 0
100 52 88
20 49 0
100 52 0
120 58 77
120 58 0
0 47 74
120 47 0
0 51 80
120 51 0
120 58 78
120 58 0
0 46 75
120 46 0
0 50 89
180 50 0
60 46 85
120 46 0
120 58 95
0 70 95
180 70 0
0 58 0
60 94 102
0 82 102
240 82 0
0 94 0
240 59 92
120 51 83
20 59 0
100 50 76
20 51 0
100 59 87
20 50 0
100 58 81
20 59 0
100 50 78
20 58 0
100 54 91
20 50 0
1300 54 0
120 59 92
120 51 83
20 59 0
100 50 75
20 51 0
100 59 85
20 50 0
100 58 83
20 59 0
100 49 75
20 58 0
100 52 88
20 49 0
100 52 0
120 58 77
120 58 0
0 47 74
120 47 0
0 51 80
120 51 0
120 58 78
120 58 0
0 46 75
120 46 0
0 50 87
180 50 0
60 46 85
120 46 0
120 58 99
0 70 99
180 70 0
0 58 0
60 82 94
0 70 94
180 70 0
0 82 0
60 94 102
0 82 102
240 82 0
0 94 0
720 89 79
0 82 67
0 78 67
180 78 0
0 82 0
0 89 0
60 87 72
0 82 61
0 78 61
840 78 0
0 82 0
0 87 0
360 85 75
0 78 63
0 75 63
180 75 0
0 78 0
0 85 0
60 75 60
0 78 60
0 84 71
360 84 0
0 78 0
0 75 0
120 71 62
0 75 62
0 80 74
180 80 0
0 75 0
0 71 0
60 71 59
0 75 59
0 78 70
360 78 0
0 75 0
0 71 0
120 66 58
0 70 58
0 77 69
180 77 0
0 70 0
0 66 0
60 66 56
0 70 56
0 75 67
840 75 0
0 70 0
0 66 0
360 63 56
0 66 56
0 73 66
180 73 0
0 66 0
0 63 0
60 63 51
0 66 51
0 72 60
360 72 0
0 66 0
0 63 0
120 59 51
0 63 51
0 68 61
180 68 0
0 63 0
0 59 0
60 59 46
0 63 46
0 66 55
360 66 0
0 63 0
0 59 0
300 59 72
60 59 0
0 58 100
120 58 0
60 47 69
60 47 0
0 46 94
120 46 0
840 89 64
0 82 54
0 78 54
180 78 0
0 82 0
0 89 0
60 87 59
0 82 50
0 78 50
840 78 0
0 82 0
0 87 0
360 85 62
0 78 52
0 75 52
180 75 0
0 78 0
0 85 0
60 75 49
0 78 49
0 84 58
360 84 0
0 78 0
0 75 0
120 71 51
0 75 51
0 80 61
180 80 0
0 75 0
0 71 0
60 71 48
0 75 48
0 78 57
360 78 0
0 75 0
0 71 0
120 66 47
0 70 47
0 77 56
180 77 0
0 70 0
0 66 0
60 66 45
0 70 45
0 75 54
840 75 0
0 70 0
0 66 0
360 63 45
0 66 45
0 73 54
180 73 0
0 66 0
0 63 0
60 63 41
0 66 41
0 72 49
360 72 0
0 66 0
0 63 0
120 59 42
0 63 42
0 68 50
180 68 0
0 63 0
0 59 0
60 59 38
0 63 38
0 66 45
360 66 0
0 63 0
0 59 0
300 59 66
60 59 0
0 58 90
120 58 0
60 47 63
60 47 0
0 46 84
120 46 0
840 59 92
120 51 83
20 59 0
100 50 75
20 51 0
100 59 86
20 50 0
100 58 82
20 59 0
100 50 76
20 58 0
100 54 91
20 50 0
400 54 0
0 47 80
60 47 0
0 46 105
180 46 0
780 59 92
120 51 83
20 59 0
100 50 76
20 51 0
100 59 84
20 50 0
100 58 82
20 59 0
100 49 73
20 58 0
100 52 88
20 49 0
100 52 0
120 58 77
120 58 0
0 47 74
120 47 0
0 51 80
120 51 0
120 58 78
120 58 0
0 46 75
120 46 0
0 50 81
240 50 0
0 46 85
120 46 0
300 59 78
60 59 0
0 58 102
120 58 0
60 47 84
60 47 0
0 46 104
120 46 0
120 47 109
720 47 0
0 46 94
240 46 0
480 51 58
960 51 0
0 57 47
0 69 56
960 69 0
0 57 0
0 51 58
960 51 0
0 58 47
0 70 56
960 70 0
0 58 0
0 51 58
960 51 0
0 63 51
0 75 60
480 75 0
0 63 0
0 62 50
0 74 59
480 74 0
0 62 0
0 64 51
0 76 61
960 76 0
0 64 0
0 63 47
0 75 56
960 75 0
0 63 0
0 51 58
480 51 0
0 63 51
0 75 60
480 75 0
0 63 0
0 62 47
0 74 56
480 74 0
0 62 0
0 66 51
0 78 60
480 78 0
0 66 0
0 65 48
0 77 57
480 77 0
0 65 0
0 58 44
0 70 52
480 70 0
0 58 0
0 65 47
0 77 56
960 77 0
0 65 0
0 66 50
0 78 59
480 78 0
0 66 0
0 65 42
0 77 50
480 77 0
0 65 0
0 58 45
0 70 54
480 70 0
0 58 0
0 66 38
0 78 45
480 78 0
0 66 0
0 59 92
120 51 83
20 59 0
100 50 76
20 51 0
100 59 87
20 50 0
100 58 85
20 59 0
100 50 81
20 58 0
100 54 91
20 50 0
220 54 0
480 51 58
960 51 0
0 57 47
0 69 56
960 69 0
0 57 0
0 51 58
960 51 0
0 58 47
0 70 56
960 70 0
0 58 0
0 51 58
960 51 0
0 65 51
0 77 60
480 77 0
0 65 0
0 64 50
0 76 59
480 76 0
0 64 0
0 68 51
0 80 61
960 80 0
0 68 0
0 67 45
0 79 54
960 79 0
0 67 0
0 51 58
480 51 0
0 65 51
0 77 60
480 77 0
0 65 0
0 64 47
0 76 70
480 76 0
0 64 0
0 68 51
0 80 60
480 80 0
0 68 0
0 67 48
0 79 57
480 79 0
0 67 0
0 61 44
0 73 52
480 73 0
0 61 0
0 67 47
0 79 56
960 79 0
0 67 0
0 68 50
0 80 59
480 80 0
0 68 0
0 67 42
0 79 50
480 79 0
0 67 0
0 61 45
0 73 54
480 73 0
0 61 0
0 67 38
0 79 45
480 79 0
0 67 0
0 64 92
120 56 83
20 64 0
100 55 79
20 56 0
100 64 87
20 55 0
100 63 85
20 64 0
100 55 81
20 63 0
100 59 91
20 55 0
220 59 0
480 56 58
960 56 0
0 62 47
0 74 56
960 74 0
0 62 0
0 56 58
960 56 0
0 63 47
0 75 56
960 75 0
0 63 0
0 71 87
120 63 78
20 71 0
100 62 75
20 63 0
100 71 82
20 62 0
100 70 80
20 71 0
100 63 76
20 70 0
100 66 86
20 63 0
220 66 0
420 63 72
0 75 85
60 75 0
0 63 0
0 75 84
0 87 99
960 87 0
0 75 0
0 74 75
0 86 89
480 86 0
0 74 0
0 78 68
0 90 80
480 90 0
0 78 0
0 77 79
0 89 93
480 89 0
0 77 0
0 70 67
0 82 79
480 82 0
0 70 0
0 76 74
0 88 88
960 88 0
0 76 0
0 75 79
0 87 94
960 87 0
0 75 0
0 74 78
0 86 92
480 86 0
0 74 0
0 68 66
0 80 78
480 80 0
0 68 0
0 73 78
0 85 92
480 85 0
0 73 0
0 66 65
0 78 77
480 78 0
0 66 0
0 72 71
0 84 84
960 84 0
0 72 0
0 71 76
0 83 90
960 83 0
0 71 0
0 70 70
0 82 87
480 82 0
0 70 0
0 63 60
0 75 71
480 75 0
0 63 0
0 69 67
0 81 79
960 81 0
0 69 0
0 68 66
0 80 78
480 80 0
0 68 0
0 62 58
0 74 69
420 74 0
0 62 0
0 63 66
0 75 78
60 75 0
0 63 0
0 75 76
0 87 90
960 87 0
0 75 0
0 74 71
0 86 84
960 86 0
0 74 0
0 73 72
0 85 85
960 85 0
0 73 0
0 72 67
0 84 82
960 84 0
0 72 0
0 71 68
0 83 81
960 83 0
0 71 0
0 70 62
0 82 74
960 82 0
0 70 0
0 69 63
0 81 75
960 81 0
0 69 0
0 68 59
0 80 70
960 80 0
0 68 0
0 67 59
0 79 70
960 79 0
0 67 0
0 66 56
0 78 67
960 78 0
0 66 0
0 65 54
0 77 64
960 77 0
0 65 0
0 64 51
0 76 60
480 76 0
0 64 0
3360 89 60
0 82 51
0 78 51
240 78 0
0 82 0
0 89 0
0 87 60
0 78 51
0 82 51
480 82 0
0 78 0
0 87 0
720 85 60
0 75 60
0 78 60
240 78 0
0 75 0
0 85 0
0 84 60
0 78 60
0 75 60
360 75 0
0 78 0
0 84 0
120 71 51
0 75 51
0 80 60
240 80 0
0 75 0
0 71 0
0 71 51
0 75 51
0 78 60
360 78 0
0 75 0
0 71 0
120 66 51
0 70 51
0 77 60
240 77 0
0 70 0
0 66 0
0 66 51
0 70 51
0 75 60
480 75 0
0 70 0
0 66 0
720 66 51
0 63 51
0 73 60
240 73 0
0 63 0
0 66 0
0 63 51
0 66 51
0 72 60
360 72 0
0 66 0
0 63 0
120 59 51
0 63 51
0 68 60
240 68 0
0 63 0
0 59 0
0 59 51
0 63 51
0 66 60
360 66 0
0 63 0
0 59 0
120 54 51
0 58 51
0 65 60
240 65 0
0 58 0
0 54 0
0 54 51
0 58 51
0 63 60
360 63 0
0 58 0
0 54 0
840 51 62
0 54 62
0 61 74
240 61 0
0 54 0
0 51 0
0 51 62
0 54 62
0 60 74
360 60 0
0 54 0
0 51 0
780 63 71
0 66 71
0 73 94
240 73 0
0 66 0
0 63 0
0 63 68
0 66 68
0 72 91
360 72 0
0 66 0
0 63 0
840 68 91
0 71 91
0 75 102
240 75 0
0 71 0
0 68 0
0 68 86
0 71 86
0 76 96
0 75 96
360 75 0
0 68 0
0 71 0
0 76 0
840 68 97
0 71 97
0 75 108
480 75 0
0 71 0
0 68 0
0 68 90
0 71 90
0 76 100
0 75 100
720 75 0
0 68 0
0 71 0
0 76 0
720 71 95
240 71 0
0 70 97
120 70 0
0 65 83
120 65 0
0 66 85
120 66 0
0 69 87
120 69 0
0 70 90
120 70 0
0 71 87
120 71 0
0 69 92
120 69 0
0 70 87
120 70 0
0 74 89
120 74 0
0 75 91
120 75 0
0 77 93
120 77 0
0 78 95
120 78 0
0 77 104
120 77 0
0 74 89
120 74 0
0 75 92
120 75 0
0 77 95
120 77 0
0 78 97
120 78 0
0 81 99
120 81 0
0 82 105
120 82 0
0 83 99
120 83 0
0 81 91
120 81 0
0 82 94
120 82 0
0 86 97
120 86 0
0 87 100
120 87 0
90 75 88
30 82 100
60 90 113
210 82 0
0 75 0
30 90 0
5280 43 62
0 55 74
480 55 0
0 43 0
0 45 58
0 53 69
480 53 0
0 45 0
0 43 58
0 55 69
480 55 0
0 43 0
0 41 56
0 53 66
480 53 0
0 41 0
0 38 51
0 50 60
480 50 0
0 38 0
0 41 58
0 53 69
480 53 0
0 41 0
0 46 56
0 58 67
480 58 0
0 46 0
0 43 53
0 55 63
480 55 0
0 43 0
0 36 56
0 48 56
480 48 0
0 36 0
0 40 49
0 52 58
480 52 0
0 40 0
0 41 47
0 53 56
450 53 0
0 41 0
3390 53 73
0 41 62
480 41 0
0 53 0
0 58 69
0 46 58
480 46 0
0 58 0
0 55 67
0 43 56
480 43 0
0 55 0
0 53 61
0 41 51
450 41 0
0 53 0
3390 56 73
0 44 62
480 44 0
0 56 0
0 61 68
0 49 57
480 49 0
0 61 0
0 58 67
0 46 56
480 46 0
0 58 0
0 56 64
0 44 54
450 44 0
0 56 0
30 42 37
0 30 31
960 30 0
0 42 0
0 29 28
0 41 34
480 41 0
0 29 0
0 30 31
0 42 37
480 42 0
0 30 0
0 30 28
0 42 34
480 42 0
0 30 0
0 42 28
0 54 33
450 54 0
0 42 0
30 41 46
0 53 55
240 53 0
0 41 0
0 51 50
0 39 42
240 39 0
0 51 0
0 37 46
0 49 55
480 49 0
0 37 0
0 39 47
0 51 56
240 51 0
0 39 0
0 41 43
0 53 51
240 53 0
0 41 0
0 56 56
0 44 47
480 44 0
0 56 0
0 58 46
0 46 39
480 46 0
0 58 0
0 44 37
0 56 44
450 56 0
0 44 0
30 30 29
0 42 35
960 42 0
0 30 0
0 29 31
0 41 37
480 41 0
0 29 0
0 30 31
0 42 38
480 42 0
0 30 0
0 42 37
0 54 44
240 54 0
0 42 0
240 46 41
0 34 34
960 34 0
0 46 0
0 45 40
0 33 34
480 33 0
0 45 0
0 46 42
0 34 35
480 34 0
0 46 0
0 46 41
0 34 34
480 34 0
0 46 0
0 58 41
0 46 34
450 46 0
0 58 0
30 57 62
0 45 52
240 45 0
0 57 0
0 55 56
0 43 47
240 43 0
0 55 0
0 41 51
0 53 61
480 53 0
0 41 0
0 55 61
0 43 51
240 43 0
0 55 0
0 45 47
0 57 56
240 57 0
0 45 0
0 60 62
0 48 52
480 48 0
0 60 0
0 50 51
0 62 60
480 62 0
0 50 0
0 48 49
0 60 58
450 60 0
0 48 0
30 57 43
0 45 36
480 45 0
0 57 0
0 46 33
0 58 39
480 58 0
0 46 0
0 53 43
0 41 36
480 41 0
0 53 0
0 55 37
0 43 31
480 43 0
0 55 0
0 53 42
0 41 35
480 41 0
0 53 0
0 55 37
0 43 31
480 43 0
0 55 0
0 50 44
0 38 37
480 38 0
0 50 0
0 55 41
0 43 34
480 43 0
0 55 0
0 50 44
0 38 37
480 38 0
0 50 0
0 55 35
0 43 29
480 43 0
0 55 0
0 50 44
0 38 37
480 38 0
0 50 0
0 55 40
0 43 34
450 43 0
0 55 0
30 48 43
0 36 36
480 36 0
0 48 0
0 41 34
0 53 41
480 53 0
0 41 0
0 43 29
0 55 35
480 55 0
0 43 0
0 48 42
0 36 35
480 36 0
0 48 0
0 41 34
0 53 40
480 53 0
0 41 0
0 55 41
0 43 34
480 43 0
0 55 0
0 48 42
0 36 35
480 36 0
0 48 0
0 41 35
480 41 0
0 48 39
0 36 33
450 36 0
0 48 0
30 41 67
0 29 56
480 29 0
0 41 0
0 43 67
0 31 56
480 31 0
0 43 0
0 45 62
0 33 52
240 33 0
0 45 0
0 46 56
0 34 47
240 34 0
0 46 0
0 45 64
0 33 54
480 33 0
0 45 0
0 34 56
0 46 66
480 46 0
0 34 0
0 45 66
0 33 56
480 33 0
0 45 0
0 43 63
0 31 53
480 31 0
0 43 0
0 29 56
0 41 66
450 41 0
0 29 0
30 43 67
0 31 56
480 31 0
0 43 0
0 41 67
0 29 56
480 29 0
0 41 0
0 31 53
0 43 63
480 43 0
0 31 0
0 45 62
0 33 52
240 33 0
0 45 0
0 46 55
0 34 46
240 34 0
0 46 0
0 45 62
0 33 52
480 33 0
0 45 0
0 34 57
0 46 68
480 46 0
0 34 0
0 33 57
0 45 68
480 45 0
0 33 0
0 31 58
0 43 69
480 43 0
0 31 0
0 29 56
0 41 66
450 41 0
0 29 0
30 43 69
0 31 58
480 31 0
0 43 0
0 29 56
0 41 66
470 41 0
0 29 0
10 55 69
480 55 0
0 53 68
480 53 0
0 36 56
0 48 67
480 48 0
0 36 0
0 29 51
0 41 61
450 41 0
0 29 0
30 31 52
0 43 62
480 43 0
0 31 0
0 29 56
0 41 67
450 41 0
0 29 0
30 39 56
0 51 67
480 51 0
0 39 0
0 41 56
0 53 67
480 53 0
0 41 0
0 38 56
0 50 66
480 50 0
0 38 0
0 36 57
0 48 68
480 48 0
0 36 0
0 46 62
0 34 52
480 34 0
0 46 0
0 45 68
0 33 57
480 33 0
0 45 0
0 43 62
0 31 52
480 31 0
0 43 0
0 55 62
0 43 52
480 43 0
0 55 0
0 48 64
0 36 54
480 36 0
0 48 0
0 40 49
0 52 58
480 52 0
0 40 0
0 53 57
0 41 48
450 41 0
0 53 0
30 46 69
0 34 58
480 34 0
0 46 0
0 45 66
0 33 56
480 33 0
0 45 0
0 43 67
0 31 56
480 31 0
0 43 0
0 41 68
0 29 57
480 29 0
0 41 0
0 46 64
0 34 54
480 34 0
0 46 0
0 55 68
0 43 57
480 43 0
0 55 0
0 48 64
0 36 54
480 36 0
0 48 0
0 53 60
0 41 51
480 41 0
0 53 0
0 58 62
0 46 52
480 46 0
0 58 0
0 47 80
120 39 75
20 47 0
100 38 70
20 39 0
100 47 76
20 38 0
100 46 74
20 47 0
100 38 70
20 46 0
100 42 80
20 38 0
1300 42 0
120 47 48
120 39 45
20 47 0
100 38 37
20 39 0
100 47 45
20 38 0
100 46 44
20 47 0
100 38 37
20 46 0
100 42 43
20 38 0
1300 42 0
120 47 80
120 39 75
20 47 0
100 38 65
20 39 0
100 47 76
20 38 0
100 46 72
20 47 0
100 37 63
20 46 0
100 40 80
20 37 0
100 40 0
120 46 69
120 46 0
0 35 63
120 35 0
0 39 69
120 39 0
120 46 70
120 46 0
0 34 67
120 34 0
0 38 72
180 38 0
60 34 73
120 34 0
120 46 91
180 46 0
60 70 94
240 70 0
240 47 80
120 39 75
20 47 0
100 38 66
20 39 0
100 47 76
20 38 0
100 46 73
20 47 0
100 38 70
20 46 0
100 42 80
20 38 0
1300 42 0
120 47 80
120 39 75
20 47 0
100 38 67
20 39 0
100 47 76
20 38 0
100 46 74
20 47 0
100 37 66
20 46 0
100 40 80
20 37 0
100 40 0
120 46 69
120 46 0
0 35 63
120 35 0
0 39 69
120 39 0
120 46 70
120 46 0
0 34 67
120 34 0
0 38 76
180 38 0
60 34 73
120 34 0
120 46 86
180 46 0
60 58 81
180 58 0
60 70 89
240 70 0
600 27 60
120 27 0
0 39 60
180 39 0
60 39 57
1200 39 0
0 45 61
720 45 0
0 54 55
600 54 0
0 27 49
120 27 0
0 39 55
180 39 0
60 39 53
840 39 0
360 45 56
720 45 0
0 54 53
720 54 0
180 47 59
60 47 0
0 46 88
120 46 0
60 35 53
60 35 0
0 34 84
120 34 0
720 27 49
120 27 0
0 39 49
180 39 0
60 39 46
1200 39 0
0 45 50
720 45 0
0 54 45
600 54 0
0 27 40
120 27 0
0 39 45
180 39 0
60 39 44
840 39 0
360 45 45
720 45 0
0 54 44
720 54 0
180 47 54
60 47 0
0 46 76
120 46 0
60 35 49
60 35 0
0 34 68
120 34 0
840 47 80
120 39 75
20 47 0
100 38 67
20 39 0
100 47 75
20 38 0
100 46 72
20 47 0
100 38 69
20 46 0
100 42 80
20 38 0
400 42 0
0 35 69
60 35 0
0 34 91
180 34 0
780 47 80
120 39 75
20 47 0
100 38 69
20 39 0
100 47 74
20 38 0
100 46 70
20 47 0
100 37 67
20 46 0
100 40 80
20 37 0
100 40 0
120 46 69
120 46 0
0 35 63
120 35 0
0 39 69
120 39 0
120 46 70
120 46 0
0 34 67
120 34 0
0 38 72
240 38 0
0 34 73
120 34 0
300 47 58
60 47 0
0 46 83
120 46 0
60 35 59
60 35 0
0 34 82
120 34 0
120 35 92
720 35 0
0 34 72
240 34 0
480 27 49
0 39 58
960 39 0
0 27 0
0 33 44
0 45 52
960 45 0
0 33 0
0 27 44
0 39 52
960 39 0
0 27 0
0 34 45
0 46 54
960 46 0
0 34 0
0 27 43
0 39 51
960 39 0
0 27 0
0 36 44
0 48 52
480 48 0
0 36 0
0 35 41
0 47 49
480 47 0
0 35 0
0 37 45
0 49 53
960 49 0
0 37 0
0 36 39
0 48 47
960 48 0
0 36 0
0 27 43
0 39 51
480 39 0
0 27 0
0 36 44
0 48 52
480 48 0
0 36 0
0 35 34
0 47 40
480 47 0
0 35 0
0 39 40
0 51 48
480 51 0
0 39 0
0 38 37
0 50 44
480 50 0
0 38 0
0 30 34
0 42 41
480 42 0
0 30 0
0 38 38
0 50 45
960 50 0
0 38 0
0 39 38
0 51 45
480 51 0
0 39 0
0 38 28
0 50 34
480 50 0
0 38 0
0 30 32
0 42 38
480 42 0
0 30 0
0 38 26
0 50 31
480 50 0
0 38 0
0 47 80
120 39 75
20 47 0
100 38 69
20 39 0
100 47 76
20 38 0
100 46 74
20 47 0
100 38 70
20 46 0
100 42 80
20 38 0
220 42 0
480 27 49
0 39 58
960 39 0
0 27 0
0 33 44
0 45 52
960 45 0
0 33 0
0 27 44
0 39 52
960 39 0
0 27 0
0 34 45
0 46 54
960 46 0
0 34 0
0 27 43
0 39 51
960 39 0
0 27 0
0 37 44
0 49 52
480 49 0
0 37 0
0 36 41
0 48 49
480 48 0
0 36 0
0 40 45
0 52 53
960 52 0
0 40 0
0 39 38
0 51 45
960 51 0
0 39 0
0 27 43
0 39 51
480 39 0
0 27 0
0 37 44
0 49 52
480 49 0
0 37 0
0 36 34
0 48 40
480 48 0
0 36 0
0 40 40
0 52 48
480 52 0
0 40 0
0 39 37
0 51 44
480 51 0
0 39 0
0 33 32
0 45 38
480 45 0
0 33 0
0 39 38
0 51 45
960 51 0
0 39 0
0 40 38
0 52 45
480 52 0
0 40 0
0 39 28
0 51 34
480 51 0
0 39 0
0 33 32
0 45 38
480 45 0
0 33 0
0 39 26
0 51 31
480 51 0
0 39 0
0 52 80
120 44 75
20 52 0
100 43 71
20 44 0
100 52 76
20 43 0
100 51 74
20 52 0
100 43 70
20 51 0
100 47 80
20 43 0
220 47 0
480 32 49
0 44 58
960 44 0
0 32 0
0 38 44
0 50 52
960 50 0
0 38 0
0 32 44
0 44 52
960 44 0
0 32 0
0 39 45
0 51 54
960 51 0
0 39 0
0 59 76
120 51 71
20 59 0
100 50 67
20 51 0
100 59 72
20 50 0
100 58 70
20 59 0
100 51 66
20 58 0
100 54 76
20 51 0
220 54 0
420 39 60
0 51 71
60 51 0
0 39 0
0 27 70
0 39 83
480 39 0
0 27 0
480 63 82
0 51 69
960 51 0
0 63 0
0 50 65
0 62 77
960 62 0
0 50 0
0 49 63
0 61 75
960 61 0
0 49 0
0 48 65
0 60 77
960 60 0
0 48 0
0 59 75
0 47 63
960 47 0
0 59 0
0 46 63
0 58 75
960 58 0
0 46 0
0 45 62
0 57 74
960 57 0
0 45 0
0 44 62
0 56 73
960 56 0
0 44 0
0 55 62
0 43 52
960 43 0
0 55 0
0 42 57
0 54 68
960 54 0
0 42 0
0 53 61
0 41 51
900 41 0
0 53 0
0 39 65
0 51 77
60 51 0
0 39 0
0 27 75
0 39 89
960 39 0
0 27 0
0 40 69
0 52 82
480 52 0
0 40 0
0 47 61
0 59 72
480 59 0
0 47 0
0 46 66
0 58 78
480 58 0
0 46 0
0 51 59
0 39 59
0 58 70
480 58 0
0 39 0
0 51 0
0 45 64
0 57 76
960 57 0
0 45 0
0 44 71
0 56 84
960 56 0
0 44 0
0 43 65
0 55 77
480 55 0
0 43 0
0 37 60
0 49 71
480 49 0
0 37 0
0 36 61
0 48 72
480 48 0
0 36 0
0 42 56
0 54 66
480 54 0
0 42 0
0 41 60
0 53 71
960 53 0
0 41 0
0 40 56
0 52 67
480 52 0
0 40 0
0 35 48
0 47 57
480 47 0
0 35 0
0 39 52
0 51 62
960 51 0
0 39 0
0 38 51
0 50 60
480 50 0
0 38 0
0 34 44
0 46 52
480 46 0
0 34 0
0 37 46
0 49 55
480 49 0
0 37 0
480 39 36
60 41 35
20 39 0
40 39 39
20 41 0
40 41 35
20 39 0
40 39 36
20 41 0
40 41 33
40 39 0
20 39 36
40 41 0
20 41 33
40 39 0
20 39 35
40 41 0
20 41 31
60 39 0
0 39 35
60 41 0
0 41 31
60 39 0
0 39 36
60 41 0
0 41 31
60 39 0
0 39 38
60 41 0
0 41 35
60 39 0
0 39 41
60 41 0
0 41 36
60 39 0
0 39 42
60 41 0
0 41 37
60 39 0
0 39 37
40 40 39
20 39 0
0 41 0
20 41 41
20 40 0
20 42 43
20 41 0
20 43 45
20 42 0
20 44 47
20 43 0
20 45 55
20 44 0
40 46 49
60 45 0
0 45 55
60 46 0
0 46 51
60 45 0
0 45 55
60 46 0
0 46 51
60 45 0
0 45 55
60 46 0
0 46 50
60 45 0
0 45 53
60 46 0
0 46 47
60 45 0
0 45 51
60 46 0
0 46 47
60 45 0
0 45 52
60 46 0
0 46 45
60 45 0
0 45 50
60 46 0
0 46 44
60 45 0
0 45 47
60 46 0
0 46 42
60 45 0
0 45 46
60 46 0
0 46 44
60 45 0
0 45 43
40 44 43
20 45 0
0 46 0
20 43 43
20 44 0
20 42 42
20 43 0
20 41 42
20 42 0
20 40 42
20 41 0
20 39 42
20 40 0
40 41 38
20 39 0
40 39 41
20 41 0
40 41 35
20 39 0
40 39 39
20 41 0
40 41 35
30 39 0
30 39 39
30 41 0
30 41 35
30 39 0
30 39 37
30 41 0
30 41 31
40 39 0
20 39 36
40 41 0
20 41 31
40 39 0
20 39 36
40 41 0
20 41 31
60 39 0
0 39 36
60 41 0
0 41 31
60 39 0
0 39 37
60 41 0
0 41 36
60 39 0
0 39 39
60 41 0
0 41 37
60 39 0
0 39 36
40 40 38
20 39 0
0 41 0
20 41 39
20 40 0
20 42 40
20 41 0
20 43 41
20 42 0
20 44 42
20 43 0
20 45 45
20 44 0
40 46 38
60 45 0
0 45 45
60 46 0
0 46 42
60 45 0
0 45 45
60 46 0
0 46 37
60 45 0
0 45 44
60 46 0
0 46 37
60 45 0
0 45 45
60 46 0
0 46 41
60 45 0
0 45 45
60 46 0
0 46 42
60 45 0
0 45 48
60 46 0
0 46 40
60 45 0
0 45 47
60 46 0
0 46 39
60 45 0
0 45 46
60 46 0
0 46 37
60 45 0
0 45 46
60 46 0
0 46 43
60 45 0
0 45 46
40 44 45
20 45 0
0 46 0
20 43 44
20 44 0
20 42 43
20 43 0
20 41 43
20 42 0
20 40 42
20 41 0
20 39 41
20 40 0
40 41 38
20 39 0
40 39 41
20 41 0
40 41 35
20 39 0
40 39 39
20 41 0
40 41 35
30 39 0
30 39 39
30 41 0
30 41 35
30 39 0
30 39 37
30 41 0
30 41 31
40 39 0
20 39 36
40 41 0
20 41 31
40 39 0
20 39 36
40 41 0
20 41 31
60 39 0
0 39 36
60 41 0
0 41 31
60 39 0
0 39 37
60 41 0
0 41 36
60 39 0
0 39 39
60 41 0
0 41 37
60 39 0
0 39 36
40 40 36
20 39 0
0 41 0
20 41 37
20 40 0
20 42 38
20 41 0
20 43 39
20 42 0
20 44 39
20 43 0
20 45 43
20 44 0
40 46 36
60 45 0
0 45 43
60 46 0
0 46 36
60 45 0
0 45 42
60 46 0
0 46 37
60 45 0
0 45 42
60 46 0
0 46 37
60 45 0
0 45 42
60 46 0
0 46 38
60 45 0
0 45 41
60 46 0
0 46 36
60 45 0
0 45 38
60 46 0
0 46 33
60 45 0
0 45 40
60 46 0
0 46 35
60 45 0
0 45 42
60 46 0
0 46 35
60 45 0
0 45 44
60 46 0
0 46 38
60 45 0
0 45 44
40 44 44
20 45 0
0 46 0
20 43 43
20 44 0
20 42 42
20 43 0
20 41 41
20 42 0
20 40 41
20 41 0
20 39 40
20 40 0
40 41 38
20 39 0
40 39 41
20 41 0
40 41 35
20 39 0
40 39 39
20 41 0
40 41 35
30 39 0
30 39 39
30 41 0
30 41 35
30 39 0
30 39 37
30 41 0
30 41 31
40 39 0
20 39 36
40 41 0
20 41 31
40 39 0
20 39 36
40 41 0
20 41 31
60 39 0
0 39 36
60 41 0
0 41 31
60 39 0
0 39 37
60 41 0
0 41 36
60 39 0
0 39 39
60 41 0
0 41 37
60 39 0
0 39 55
40 40 56
20 39 0
0 41 0
20 41 57
20 40 0
20 42 58
20 41 0
20 43 59
20 42 0
20 44 60
20 43 0
20 45 63
20 44 0
40 46 55
20 45 0
40 45 63
20 46 0
40 46 54
20 45 0
40 45 62
20 46 0
40 46 56
20 45 0
40 45 65
20 46 0
40 46 57
20 45 0
40 45 67
20 46 0
40 46 60
20 45 0
40 45 67
20 46 0
40 46 58
20 45 0
40 45 61
20 46 0
40 46 62
20 45 0
40 47 64
20 46 0
40 48 66
20 47 0
40 49 67
20 48 0
40 50 69
20 49 0
40 51 71
20 50 0
40 53 73
20 51 0
40 54 74
20 53 0
40 55 76
20 54 0
40 56 78
20 55 0
40 57 75
20 56 0
40 58 71
20 57 0
40 57 73
20 58 0
40 58 70
20 57 0
40 57 75
20 58 0
40 58 71
20 57 0
40 57 76
20 58 0
40 58 71
20 57 0
40 57 77
20 58 0
40 58 72
20 57 0
40 57 79
20 58 0
40 58 75
20 57 0
40 57 76
20 58 0
40 58 69
20 57 0
40 57 81
20 58 0
40 58 74
20 57 0
40 57 82
20 58 0
40 58 75
20 57 0
40 57 83
20 58 0
40 58 75
20 57 0
40 57 85
20 58 0
40 58 77
20 57 0
40 57 86
20 58 0
40 58 78
20 57 0
40 59 82
0 63 92
0 56 82
20 58 0
220 59 0
0 63 0
0 56 0
0 59 80
0 63 89
0 56 80
0 64 89
360 64 0
0 59 0
0 63 0
0 56 0
840 56 86
0 59 86
0 63 96
480 63 0
0 59 0
0 56 0
0 56 81
0 63 90
0 59 81
0 64 90
720 64 0
0 56 0
0 63 0
0 59 0
960 66 81
120 66 0
0 62 63
120 62 0
0 63 66
120 63 0
0 59 69
120 59 0
0 58 73
120 58 0
0 62 71
120 62 0
0 63 74
120 63 0
0 62 70
120 62 0
0 59 73
120 59 0
0 58 76
120 58 0
0 57 80
120 57 0
0 58 83
120 58 0
0 57 86
120 57 0
0 53 67
120 53 0
0 54 69
120 54 0
0 50 72
120 50 0
0 51 75
120 51 0
0 47 78
120 47 0
0 46 84
120 46 0
0 45 85
120 45 0
0 47 73
120 47 0
0 46 75
120 46 0
0 41 78
120 41 0
0 42 72
120 42 0
0 39 70
30 46 83
30 54 89
330 54 0
0 46 0
0 39 0
