1200 67 48
120 67 0
120 72 49
120 72 0
120 74 51
120 74 0
120 75 52
720 75 0
0 77 50
240 77 0
0 74 53
720 74 0
0 75 50
240 75 0
0 72 52
900 72 0
0 74 48
60 74 0
0 72 52
240 72 0
0 71 51
240 71 0
0 72 51
240 72 0
0 74 50
180 74 0
0 77 49
60 77 0
0 75 56
240 75 0
0 74 52
240 74 0
0 75 52
240 75 0
0 77 52
240 77 0
0 79 56
240 79 0
240 79 55
240 79 0
240 79 57
1440 79 0
0 77 51
240 77 0
0 79 53
120 79 0
0 77 48
60 77 0
0 79 48
60 79 0
0 80 56
960 80 0
0 74 52
480 74 0
0 75 51
240 75 0
0 77 53
120 77 0
0 75 50
60 75 0
0 77 50
60 77 0
0 79 56
960 79 0
0 72 52
474 72 0
6 72 53
240 72 0
0 74 54
240 74 0
0 75 57
240 75 0
240 75 53
240 75 0
0 77 46
240 77 0
0 74 57
240 74 0
240 74 51
240 74 0
0 75 54
240 75 0
0 72 57
480 72 0
960 77 56
240 77 0
0 79 58
240 79 0
0 68 51
0 80 61
960 80 0
0 68 0
0 74 57
480 74 0
0 75 56
240 75 0
0 77 58
240 77 0
0 67 51
0 79 61
960 79 0
0 67 0
0 72 57
480 72 0
0 72 58
240 72 0
0 74 59
240 74 0
0 75 62
240 75 0
240 75 58
240 75 0
0 77 60
240 77 0
0 74 62
240 74 0
240 74 56
240 74 0
0 75 59
240 75 0
0 72 62
240 72 0
240 82 74
960 82 0
0 82 73
720 82 0
0 80 71
240 80 0
0 79 72
240 79 0
0 77 72
240 77 0
0 75 71
240 75 0
0 74 71
240 74 0
0 72 71
240 72 0
0 71 71
240 71 0
0 72 73
240 72 0
240 72 67
0 84 79
960 84 0
0 72 0
0 82 80
720 82 0
0 80 81
240 80 0
0 79 82
240 79 0
0 77 81
240 77 0
0 75 79
240 75 0
0 74 79
240 74 0
0 72 79
240 72 0
0 71 78
240 71 0
0 72 89
240 72 0
240 74 81
80 74 0
0 75 81
80 75 0
0 74 81
80 74 0
0 75 81
60 75 0
0 74 81
60 74 0
0 72 80
60 72 0
0 74 80
60 74 0
0 75 92
240 75 0
240 71 92
0 74 92
0 83 92
240 83 0
0 74 0
0 71 0
240 72 92
0 75 92
0 84 92
240 84 0
0 75 0
0 72 0
1680 55 73
0 60 73
0 64 86
1920 64 0
0 60 0
0 55 0
0 65 50
240 65 0
0 72 51
240 72 0
0 68 53
240 68 0
0 77 54
240 77 0
0 72 55
240 72 0
0 80 56
240 80 0
0 77 57
240 77 0
0 84 59
240 84 0
0 82 59
240 82 0
0 79 59
240 79 0
0 76 58
240 76 0
0 72 57
240 72 0
0 70 56
240 70 0
0 71 55
240 71 0
0 72 55
240 72 0
0 67 54
240 67 0
0 70 60
960 70 0
0 68 56
480 68 0
480 53 73
0 58 73
0 62 86
1920 62 0
0 58 0
0 53 0
0 63 50
240 63 0
0 70 51
240 70 0
0 67 53
240 67 0
0 75 54
240 75 0
0 70 55
240 70 0
0 79 56
240 79 0
0 75 57
240 75 0
0 82 59
240 82 0
0 80 59
240 80 0
0 79 59
240 79 0
0 77 58
240 77 0
0 75 57
240 75 0
0 74 56
240 74 0
0 72 55
240 72 0
0 70 55
240 70 0
0 68 54
240 68 0
0 67 60
240 67 0
240 70 60
960 70 0
0 70 56
720 70 0
0 72 54
240 72 0
0 74 55
240 74 0
0 75 57
240 75 0
0 77 58
240 77 0
0 79 60
240 79 0
0 80 61
240 80 0
0 77 58
240 77 0
0 80 61
240 80 0
0 79 60
240 79 0
0 77 59
240 77 0
0 75 58
220 75 0
20 75 60
240 75 0
0 74 58
240 74 0
0 72 58
240 72 0
0 74 58
240 74 0
0 77 63
240 77 0
0 75 57
240 75 0
0 74 57
240 74 0
0 72 57
240 72 0
0 68 60
0 70 60
432 70 0
0 68 0
48 68 60
0 70 60
432 70 0
0 68 0
48 68 60
0 70 60
240 68 0
0 67 53
240 67 0
0 65 53
240 65 0
0 63 53
220 63 0
20 63 57
240 63 0
0 62 52
240 62 0
0 60 52
240 60 0
0 62 52
240 62 0
0 63 55
240 63 0
0 70 0
0 72 56
240 72 0
0 74 58
240 74 0
0 75 59
240 75 0
0 77 61
240 77 0
0 78 63
240 78 0
0 80 64
240 80 0
0 77 62
240 77 0
0 78 65
480 78 0
0 82 72
950 82 0
10 82 74
960 82 0
0 87 91
960 87 0
0 81 78
480 81 0
0 82 60
1120 82 0
0 81 49
160 81 0
0 82 51
160 82 0
0 84 53
160 84 0
0 82 50
160 82 0
0 81 50
160 81 0
0 82 50
1120 82 0
0 81 49
160 81 0
0 82 51
160 82 0
0 84 53
160 84 0
0 82 50
160 82 0
0 81 50
160 81 0
160 82 54
160 82 0
0 84 56
160 84 0
0 86 58
160 86 0
0 84 55
160 84 0
0 82 52
160 82 0
160 86 54
160 86 0
0 87 57
160 87 0
0 89 59
160 89 0
0 87 57
160 87 0
0 86 55
160 86 0
0 89 63
160 89 0
0 87 63
160 87 0
0 86 62
160 86 0
0 84 61
160 84 0
0 82 60
160 82 0
0 80 59
160 80 0
0 79 59
160 79 0
0 77 58
160 77 0
0 75 57
160 75 0
0 74 56
120 74 0
0 72 56
120 72 0
0 70 55
120 70 0
0 68 54
120 68 0
0 67 59
160 63 55
10 67 0
150 65 55
10 63 0
150 67 59
10 65 0
150 65 55
10 67 0
150 63 55
10 65 0
150 68 59
10 63 0
950 68 0
0 67 59
160 75 55
10 67 0
150 77 55
10 75 0
150 79 59
10 77 0
150 77 55
10 79 0
150 75 55
10 77 0
150 80 59
10 75 0
950 80 0
0 79 59
160 79 0
0 75 59
160 75 0
0 77 59
160 77 0
0 79 64
160 79 0
0 77 57
160 77 0
0 75 58
160 75 0
0 82 67
160 82 0
0 79 59
160 79 0
0 80 59
160 80 0
0 82 62
160 82 0
0 80 65
160 80 0
0 79 67
160 79 0
0 85 69
160 84 68
10 85 0
150 82 67
10 84 0
150 80 66
10 82 0
150 79 65
10 80 0
150 77 63
10 79 0
150 75 59
10 77 0
150 74 55
10 75 0
150 75 55
10 74 0
150 76 59
10 75 0
150 77 56
10 76 0
150 73 56
10 77 0
160 73 0
470 60 57
160 60 0
0 63 59
160 63 0
0 68 62
160 68 0
0 72 64
160 72 0
0 75 66
160 75 0
0 80 68
160 80 0
0 84 70
120 84 0
120 84 70
120 84 0
120 84 70
240 84 0
0 82 68
240 82 0
0 80 66
120 80 0
120 79 64
120 79 0
120 79 65
240 79 0
0 77 63
240 77 0
0 75 61
120 75 0
120 74 59
120 74 0
120 75 63
480 75 0
960 58 45
470 58 0
10 62 37
0 65 45
240 65 0
0 62 0
240 62 38
0 65 45
240 65 0
0 62 0
240 62 38
0 65 45
240 65 0
0 62 0
240 62 39
0 65 46
240 65 0
0 62 0
240 63 40
0 70 47
1440 70 0
0 63 0
0 63 46
0 70 46
480 70 0
0 63 0
0 63 40
0 68 48
960 68 0
0 63 0
0 65 37
0 63 37
0 69 45
960 69 0
0 63 0
0 65 0
0 62 39
0 65 39
0 70 46
1440 70 0
0 65 0
0 62 0
0 70 50
470 70 0
10 70 42
0 77 50
240 77 0
0 70 0
240 70 45
0 77 53
240 77 0
0 70 0
240 70 47
0 77 56
240 77 0
0 70 0
240 70 50
0 77 59
240 77 0
0 70 0
240 70 73
0 82 73
960 70 0
0 73 80
480 82 0
0 83 72
480 83 0
0 73 0
0 72 74
0 84 87
480 84 0
0 72 0
480 65 74
0 68 74
0 74 87
480 74 0
0 68 0
0 65 0
480 67 49
0 75 55
480 75 0
0 67 0
640 70 54
160 72 56
10 70 0
150 74 57
10 72 0
150 72 54
10 74 0
150 70 51
10 72 0
150 75 55
10 70 0
470 75 0
640 70 54
160 72 56
10 70 0
150 74 57
10 72 0
150 72 54
10 74 0
150 70 51
10 72 0
150 75 56
10 70 0
150 75 0
0 79 59
160 79 0
0 77 52
160 77 0
0 75 59
160 75 0
0 74 57
160 74 0
0 72 58
160 72 0
0 71 54
160 71 0
0 72 54
160 72 0
0 70 53
160 70 0
0 68 53
160 68 0
0 67 52
160 67 0
0 65 52
160 65 0
0 63 55
480 63 0
640 58 54
160 60 56
10 58 0
150 62 57
10 60 0
150 60 54
10 62 0
150 58 51
10 60 0
150 63 55
10 58 0
470 63 0
640 58 54
160 60 56
10 58 0
150 62 57
10 60 0
150 60 54
10 62 0
150 58 51
10 60 0
150 63 55
10 58 0
470 63 0
640 59 54
160 60 56
10 59 0
150 62 57
10 60 0
150 60 54
10 62 0
150 59 51
10 60 0
150 65 64
10 59 0
152 63 54
8 65 0
151 62 58
11 63 0
141 68 66
8 62 0
161 67 58
1 68 0
158 65 61
11 67 0
148 74 70
1 65 0
158 72 60
11 74 0
151 71 64
8 72 0
152 71 0
5 77 74
153 75 64
17 77 0
145 74 68
8 75 0
151 89 100
1 74 0
1439 89 0
0 87 86
160 87 0
0 86 85
160 86 0
0 84 83
160 84 0
0 83 82
160 83 0
0 80 81
160 80 0
0 79 79
160 79 0
0 77 78
160 77 0
0 75 77
160 75 0
0 74 75
160 74 0
0 72 74
160 72 0
0 71 72
160 71 0
0 68 71
160 68 0
0 67 70
96 67 0
0 65 68
96 65 0
0 63 69
96 63 0
0 62 70
96 62 0
0 60 71
96 60 0
0 59 93
2880 59 0
240 67 48
120 67 0
120 72 49
120 72 0
120 74 51
120 74 0
120 75 52
720 75 0
0 77 50
240 77 0
0 74 53
720 74 0
0 75 50
240 75 0
0 72 52
900 72 0
0 74 48
60 74 0
0 72 52
240 72 0
0 71 51
240 71 0
0 72 51
240 72 0
0 74 50
180 74 0
0 77 49
60 77 0
0 75 56
240 75 0
0 74 52
240 74 0
0 75 52
240 75 0
0 77 52
240 77 0
0 79 56
240 79 0
240 79 55
240 79 0
240 79 57
1440 79 0
0 77 51
240 77 0
0 79 53
120 79 0
0 77 48
60 77 0
0 79 48
60 79 0
0 80 56
960 80 0
0 74 52
480 74 0
0 75 51
240 75 0
0 77 53
120 77 0
0 75 50
60 75 0
0 77 50
60 77 0
0 79 56
960 79 0
0 72 52
470 72 0
10 72 53
240 72 0
0 74 54
240 74 0
0 75 57
240 75 0
240 75 53
240 75 0
0 77 55
240 77 0
0 74 57
240 74 0
240 74 51
240 74 0
0 75 54
240 75 0
0 72 57
480 72 0
960 77 56
240 77 0
0 79 58
240 79 0
0 68 51
0 80 61
960 80 0
0 68 0
0 74 57
480 74 0
0 75 56
240 75 0
0 77 58
240 77 0
0 67 51
0 79 61
960 79 0
0 67 0
0 72 57
470 72 0
10 72 58
240 72 0
0 74 59
240 74 0
0 75 62
240 75 0
240 75 58
240 75 0
0 77 60
240 77 0
0 74 62
240 74 0
240 74 56
240 74 0
0 75 59
240 75 0
0 72 62
240 72 0
240 82 74
960 82 0
0 82 73
720 82 0
0 80 71
240 80 0
0 79 72
240 79 0
0 77 72
240 77 0
0 75 71
240 75 0
0 74 71
240 74 0
0 72 71
240 72 0
0 71 71
240 71 0
0 72 73
240 72 0
240 72 67
0 84 79
960 84 0
0 72 0
0 82 80
720 82 0
0 80 81
240 80 0
0 79 82
240 79 0
0 77 81
240 77 0
0 75 79
240 75 0
0 74 79
240 74 0
0 72 79
240 72 0
0 71 78
240 71 0
0 72 89
240 72 0
240 74 81
80 74 0
0 75 81
80 75 0
0 74 81
80 74 0
0 75 81
60 75 0
0 74 81
60 74 0
0 72 80
60 72 0
0 74 80
60 74 0
0 75 92
240 75 0
240 71 92
0 74 92
0 83 92
240 83 0
0 74 0
0 71 0
240 72 92
0 75 92
0 84 92
240 84 0
0 75 0
0 72 0
1680 60 53
960 60 0
0 65 48
960 65 0
0 58 51
960 58 0
0 63 48
960 63 0
0 56 52
960 56 0
0 61 48
480 61 0
0 60 48
480 60 0
0 58 53
480 58 0
0 56 48
480 56 0
0 55 48
480 55 0
960 72 55
960 72 0
0 65 53
960 65 0
0 70 56
960 70 0
0 63 53
960 63 0
0 68 53
480 68 0
0 67 51
480 67 0
0 65 51
480 65 0
0 63 53
480 63 0
0 62 49
480 62 0
0 65 53
480 65 0
0 63 49
480 63 0
0 72 57
960 72 0
0 65 40
0 77 48
960 77 0
0 65 0
0 70 57
960 70 0
0 63 40
0 75 48
960 75 0
0 68 52
480 63 0
0 60 48
480 60 0
0 68 0
0 65 45
0 73 53
480 73 0
0 65 0
0 63 40
0 72 48
480 72 0
0 63 0
0 61 40
0 70 53
480 70 0
0 61 0
0 60 40
0 68 48
480 68 0
0 60 0
0 58 40
0 67 48
480 67 0
0 58 0
0 63 48
480 63 0
480 72 46
0 84 55
960 84 0
0 72 0
0 77 55
960 77 0
0 70 51
0 82 61
960 82 0
0 70 0
0 75 59
480 72 51
480 75 0
0 80 61
480 80 0
0 72 0
0 70 50
0 79 60
480 79 0
0 70 0
0 68 51
0 77 61
480 77 0
0 68 0
0 67 54
0 75 64
480 75 0
0 67 0
0 65 50
0 74 60
480 74 0
0 65 0
0 68 56
0 77 66
480 77 0
0 68 0
0 67 52
0 75 62
480 75 0
0 67 0
1440 75 65
480 75 0
0 72 68
480 72 0
0 73 65
480 73 0
0 77 67
480 77 0
0 67 63
480 67 0
0 70 68
480 70 0
0 68 65
480 68 0
0 72 67
480 72 0
0 62 65
480 62 0
0 63 65
240 63 0
240 82 61
480 82 0
0 87 66
480 87 0
0 85 62
480 85 0
0 84 69
960 84 0
0 89 70
960 89 0
0 82 70
960 82 0
0 87 67
960 87 0
0 80 70
960 80 0
0 73 72
0 85 72
240 85 0
0 73 0
240 84 73
0 72 73
240 72 0
0 84 0
240 70 75
0 82 75
240 82 0
0 70 0
240 80 77
0 68 77
240 68 0
0 80 0
240 67 79
0 79 79
240 79 0
0 67 0
240 73 80
240 73 0
240 84 80
240 84 0
0 82 79
240 82 0
0 80 79
240 80 0
0 79 78
240 79 0
0 77 77
240 77 0
0 75 76
240 75 0
0 73 76
240 73 0
0 72 76
240 72 0
0 70 77
240 70 0
0 68 77
240 68 0
0 67 77
240 67 0
0 65 77
240 65 0
0 64 77
240 64 0
0 61 76
240 61 0
0 60 76
240 60 0
0 58 75
240 58 0
0 56 75
240 56 0
0 55 74
240 55 0
0 53 73
240 53 0
0 52 71
240 52 0
0 53 70
240 53 0
0 55 72
240 55 0
0 56 74
240 56 0
0 55 71
240 55 0
0 53 73
240 53 0
0 51 72
240 51 0
0 50 71
240 50 0
0 48 70
240 48 0
0 47 67
240 47 0
0 48 69
240 48 0
0 50 71
240 50 0
0 48 70
240 48 0
120 43 56
120 43 0
0 47 56
120 47 0
0 50 56
120 50 0
0 55 69
120 55 0
480 43 58
120 43 0
0 48 58
120 48 0
0 51 58
120 51 0
0 55 70
120 55 0
480 43 60
120 43 0
0 50 60
120 50 0
0 53 60
120 53 0
0 55 71
120 55 0
480 43 61
120 43 0
0 48 61
120 48 0
0 51 61
120 51 0
0 55 71
120 55 0
480 55 60
120 55 0
0 59 60
120 59 0
0 62 60
120 62 0
0 67 76
120 67 0
480 55 64
120 55 0
0 60 64
120 60 0
0 63 64
120 63 0
0 67 76
120 67 0
480 55 66
120 55 0
0 62 66
120 62 0
0 65 66
120 65 0
0 67 77
120 67 0
480 55 67
120 55 0
0 60 67
120 60 0
0 63 67
120 63 0
0 67 77
120 67 0
480 67 72
120 67 0
0 71 72
120 71 0
0 74 72
120 74 0
0 79 89
120 79 0
480 67 75
120 67 0
0 72 75
120 72 0
0 75 75
120 75 0
0 79 88
120 79 0
480 67 75
120 67 0
0 74 75
120 74 0
0 77 75
120 77 0
0 79 87
120 79 0
480 67 75
120 67 0
0 72 75
120 72 0
0 75 75
120 75 0
0 79 86
120 79 0
520 67 66
160 67 0
0 66 68
160 66 0
0 67 70
160 67 0
0 71 72
160 71 0
0 74 75
160 74 0
0 79 84
160 79 0
0 74 72
160 74 0
0 71 64
160 71 0
0 67 70
120 67 0
520 71 66
160 71 0
0 70 68
160 70 0
0 71 70
160 71 0
0 74 72
160 74 0
0 79 75
160 79 0
0 83 84
160 83 0
0 79 72
160 79 0
0 74 64
160 74 0
0 71 70
120 71 0
520 74 66
160 74 0
0 73 68
160 73 0
0 74 70
160 74 0
0 77 72
160 77 0
0 83 75
160 83 0
0 86 84
160 86 0
0 83 72
160 83 0
0 77 64
160 77 0
0 74 70
120 74 0
520 77 66
160 77 0
0 76 68
160 76 0
0 77 70
160 77 0
0 83 72
160 83 0
0 86 75
160 86 0
0 89 84
160 89 0
0 86 72
160 86 0
0 83 64
160 83 0
0 89 84
160 89 0
0 86 72
160 86 0
0 83 64
160 83 0
0 89 100
1440 89 0
0 87 86
160 87 0
0 86 85
160 86 0
0 84 83
160 84 0
0 83 82
160 83 0
0 80 81
160 80 0
0 79 79
160 79 0
0 77 78
160 77 0
0 75 77
160 75 0
0 74 75
160 74 0
0 72 74
160 72 0
0 71 72
160 71 0
0 68 71
160 68 0
0 67 70
96 67 0
0 65 68
96 65 0
0 63 69
96 63 0
0 62 70
96 62 0
0 60 71
96 60 0
0 59 93
2880 59 0
240 67 48
120 67 0
120 72 49
120 72 0
120 74 51
120 74 0
120 75 52
720 75 0
0 77 50
240 77 0
0 74 53
720 74 0
0 75 50
240 75 0
0 72 52
900 72 0
0 74 48
60 74 0
0 72 52
240 72 0
0 71 51
240 71 0
0 72 51
240 72 0
0 74 50
180 74 0
0 77 49
60 77 0
0 75 56
240 75 0
0 74 52
240 74 0
0 75 52
240 75 0
0 77 52
240 77 0
0 79 56
240 79 0
240 79 55
240 79 0
240 79 57
1440 79 0
0 77 51
240 77 0
0 79 53
120 79 0
0 77 48
60 77 0
0 79 48
60 79 0
0 80 56
960 80 0
0 74 52
480 74 0
0 75 51
240 75 0
0 77 53
120 77 0
0 75 50
60 75 0
0 77 50
60 77 0
0 79 56
960 79 0
0 72 52
470 72 0
10 72 53
240 72 0
0 74 54
240 74 0
0 75 57
240 75 0
240 75 53
240 75 0
0 77 55
240 77 0
0 74 57
240 74 0
240 74 51
240 74 0
0 75 54
240 75 0
0 72 57
480 72 0
1680 59 47
240 59 0
0 62 49
240 62 0
0 65 51
240 65 0
240 77 51
240 77 0
0 74 50
240 74 0
0 71 48
240 71 0
240 60 44
240 60 0
0 63 46
240 63 0
0 67 49
240 67 0
240 79 48
240 79 0
0 75 47
240 75 0
0 72 45
240 72 0
240 64 47
240 64 0
0 67 49
240 67 0
0 70 51
240 70 0
240 82 51
240 82 0
0 79 50
240 79 0
0 76 48
240 76 0
240 65 48
240 65 0
0 68 50
240 68 0
0 72 53
240 72 0
0 77 55
240 77 0
0 80 58
240 80 0
0 84 60
240 84 0
0 89 69
720 89 0
0 87 63
480 87 0
0 86 61
480 86 0
0 84 60
480 84 0
0 83 60
240 83 0
240 79 60
960 79 0
0 79 56
720 79 0
0 81 54
240 81 0
0 83 55
240 83 0
0 84 57
240 84 0
0 86 58
240 86 0
0 88 60
240 88 0
0 89 61
240 89 0
0 86 58
240 86 0
0 89 61
240 89 0
0 88 60
240 88 0
0 86 59
240 86 0
0 84 58
220 84 0
20 84 60
240 84 0
0 83 58
240 83 0
0 81 58
240 81 0
0 83 58
240 83 0
0 86 63
240 86 0
0 84 57
240 84 0
0 83 57
240 83 0
0 81 57
240 81 0
0 77 48
0 79 60
432 79 0
0 77 0
48 77 48
0 79 60
432 79 0
0 77 0
48 77 60
0 79 60
240 77 0
0 76 53
240 76 0
0 74 53
240 74 0
0 72 53
220 72 0
20 72 57
240 72 0
0 71 52
240 71 0
0 69 52
240 69 0
0 71 52
240 71 0
0 72 52
240 79 0
0 81 54
240 81 0
0 72 0
0 83 55
240 83 0
0 84 57
240 84 0
0 86 58
240 86 0
0 88 60
240 88 0
0 89 61
240 89 0
0 86 58
240 86 0
0 89 61
240 89 0
0 88 60
240 88 0
0 86 59
240 86 0
0 84 58
240 84 0
0 83 60
240 83 0
0 84 58
240 84 0
0 88 59
240 88 0
0 84 59
240 84 0
0 83 66
240 83 0
0 81 57
240 81 0
0 84 58
240 84 0
0 81 59
240 81 0
0 79 69
240 79 0
0 77 63
240 77 0
0 81 63
240 81 0
0 77 64
240 77 0
0 76 72
240 76 0
0 74 62
240 74 0
0 77 64
240 77 0
0 74 64
240 74 0
0 81 75
240 81 0
0 77 67
240 77 0
0 74 67
240 74 0
0 72 67
240 72 0
0 71 59
160 67 55
10 71 0
150 69 55
10 67 0
150 71 59
10 69 0
150 69 55
10 71 0
150 67 55
10 69 0
150 72 59
10 67 0
950 72 0
0 71 59
160 67 55
10 71 0
150 69 55
10 67 0
150 71 59
10 69 0
150 69 55
10 71 0
150 67 55
10 69 0
150 72 59
10 67 0
950 72 0
0 71 59
160 71 0
0 67 59
160 67 0
0 69 59
160 69 0
0 71 64
160 71 0
0 69 57
160 69 0
0 67 58
160 67 0
0 74 67
160 74 0
0 71 59
160 71 0
0 72 59
160 72 0
0 74 62
160 74 0
0 72 65
160 72 0
0 71 67
160 71 0
0 77 69
160 76 68
10 77 0
150 74 67
10 76 0
150 72 66
10 74 0
150 71 65
10 72 0
150 69 63
10 71 0
150 67 59
10 69 0
150 69 55
10 67 0
150 67 55
10 69 0
150 65 59
10 67 0
150 64 56
10 65 0
150 62 56
10 64 0
150 64 59
10 62 0
150 60 55
10 64 0
150 62 55
10 60 0
150 64 59
10 62 0
150 62 55
10 64 0
150 60 55
10 62 0
150 65 59
10 60 0
950 65 0
0 64 59
160 72 55
10 64 0
150 74 55
10 72 0
150 76 59
10 74 0
150 74 55
10 76 0
150 72 55
10 74 0
150 77 59
10 72 0
950 77 0
0 76 59
160 76 0
0 72 59
160 72 0
0 74 59
160 74 0
0 76 64
160 76 0
0 74 57
160 74 0
0 72 58
160 72 0
0 79 67
160 79 0
0 76 59
160 76 0
0 77 59
160 77 0
0 79 62
160 79 0
0 77 65
160 77 0
0 76 67
160 76 0
0 82 69
160 81 68
10 82 0
150 79 67
10 81 0
150 77 66
10 79 0
150 76 65
10 77 0
150 74 63
10 76 0
150 72 59
10 74 0
150 71 55
10 72 0
150 72 55
10 71 0
150 73 59
10 72 0
150 74 56
10 73 0
150 70 56
10 74 0
160 70 0
470 57 57
160 57 0
0 60 59
160 60 0
0 65 62
160 65 0
0 69 64
160 69 0
0 72 66
160 72 0
0 77 68
160 77 0
0 81 70
120 81 0
120 81 70
120 81 0
120 81 70
240 81 0
0 79 68
240 79 0
0 77 66
120 77 0
120 76 64
120 76 0
120 76 65
240 76 0
0 74 63
240 74 0
0 72 61
120 72 0
120 71 59
120 71 0
120 72 63
480 72 0
960 67 45
470 67 0
10 71 37
0 74 45
240 74 0
0 71 0
240 71 38
0 74 45
240 74 0
0 71 0
240 71 38
0 74 45
240 74 0
0 71 0
240 71 39
0 74 46
240 74 0
0 71 0
240 72 40
0 79 47
1440 79 0
0 72 0
0 72 46
0 79 46
480 79 0
0 72 0
0 75 40
0 72 40
0 78 48
941 78 0
0 72 0
0 75 0
19 74 37
0 72 37
0 78 45
941 78 0
0 72 0
0 74 0
19 71 39
0 74 39
0 79 46
480 79 0
0 74 0
0 71 0
960 55 45
474 55 0
6 59 37
0 62 45
240 62 0
0 59 0
240 59 38
0 62 45
240 62 0
0 59 0
240 59 38
0 62 45
240 62 0
0 59 0
240 59 39
0 62 46
240 62 0
0 59 0
240 67 47
480 59 40
480 59 0
0 60 40
480 67 0
0 67 45
480 67 0
0 65 50
240 65 0
0 60 0
240 60 49
0 65 49
240 65 0
0 60 0
240 62 49
0 65 49
240 65 0
0 62 0
240 62 49
0 65 49
240 65 0
240 70 54
480 62 0
0 62 51
480 62 0
0 63 51
480 70 0
0 70 53
480 70 0
0 69 59
240 69 0
240 63 0
0 66 56
0 69 56
240 69 0
0 66 0
240 66 56
0 69 56
240 69 0
0 66 0
240 66 55
0 69 55
240 69 0
240 74 61
480 66 0
0 66 54
480 66 0
0 67 54
480 67 0
0 74 0
0 66 62
0 69 62
480 69 0
0 74 63
480 66 0
0 66 55
480 66 0
0 67 50
480 67 0
0 74 0
0 71 54
0 74 54
480 74 0
0 79 58
480 71 0
0 71 52
480 71 0
0 72 55
480 72 0
0 79 0
0 71 57
0 74 57
480 74 0
0 79 63
480 71 0
0 71 55
480 71 0
0 72 55
480 72 0
0 79 0
0 71 60
0 74 60
480 74 0
0 80 69
480 71 0
0 70 49
480 70 0
0 71 49
480 71 0
0 80 0
0 74 56
480 74 0
0 79 65
480 70 47
480 70 0
0 71 48
480 71 0
0 79 0
0 74 54
480 74 0
0 78 60
480 70 38
480 70 0
0 71 38
480 71 0
0 78 0
0 74 40
480 77 47
480 74 0
0 70 37
480 70 0
0 71 37
480 77 0
480 71 0
0 67 44
0 72 44
0 75 52
720 75 0
0 72 0
0 67 0
0 77 50
240 77 0
0 74 53
720 74 0
0 75 50
240 75 0
0 72 52
900 72 0
0 74 48
60 74 0
0 72 52
240 72 0
0 71 51
240 71 0
0 72 51
240 72 0
0 74 50
180 74 0
0 77 49
60 77 0
0 75 56
240 75 0
0 74 52
240 74 0
0 75 52
240 75 0
0 77 52
240 77 0
0 79 56
240 79 0
240 79 55
240 79 0
240 79 57
1440 79 0
0 77 51
240 77 0
0 79 53
120 79 0
0 77 48
60 77 0
0 79 48
60 79 0
0 80 56
960 80 0
0 74 52
480 74 0
0 75 51
240 75 0
0 77 53
120 77 0
0 75 50
60 75 0
0 77 50
60 77 0
0 79 56
960 79 0
0 72 52
470 72 0
10 72 53
240 72 0
0 74 54
240 74 0
0 75 57
240 75 0
240 75 53
240 75 0
0 77 55
240 77 0
0 74 57
240 74 0
240 74 51
240 74 0
0 75 54
240 75 0
0 72 57
240 72 0
0 71 52
240 71 0
0 72 53
240 72 0
0 74 54
240 74 0
0 75 55
240 75 0
0 76 56
240 76 0
0 77 58
240 77 0
0 79 59
240 79 0
0 80 60
240 80 0
0 79 57
240 79 0
0 82 63
240 82 0
0 80 62
240 80 0
0 79 62
240 79 0
0 77 61
240 77 0
0 75 60
240 75 0
0 74 58
240 74 0
0 79 66
240 79 0
0 78 60
240 78 0
0 80 67
240 80 0
0 79 66
240 79 0
0 77 66
240 77 0
0 75 65
240 75 0
0 74 65
240 74 0
0 72 64
240 72 0
0 75 71
240 75 0
0 74 64
240 74 0
0 77 70
240 77 0
0 75 62
240 75 0
0 74 69
240 74 0
0 73 66
240 73 0
0 75 64
240 75 0
0 74 60
240 74 0
0 72 66
480 72 0
640 84 68
160 84 0
0 86 70
160 86 0
0 88 73
160 88 0
0 86 70
160 86 0
0 84 66
160 84 0
0 89 77
240 89 0
880 84 66
160 84 0
0 86 69
160 86 0
0 88 72
160 88 0
0 86 70
160 86 0
0 84 67
160 84 0
0 89 77
240 89 0
880 84 66
160 84 0
0 86 69
160 86 0
0 88 72
160 88 0
0 86 70
160 86 0
0 84 67
160 84 0
0 89 86
240 89 0
240 72 76
0 75 76
0 78 76
0 84 90
240 84 0
0 72 0
0 75 0
0 78 0
240 72 76
0 75 76
0 79 76
0 84 90
240 84 0
0 72 0
0 75 0
0 79 0
240 71 76
0 74 76
0 79 76
0 83 90
240 83 0
0 71 0
0 74 0
0 79 0
240 72 76
0 75 76
0 79 76
0 84 90
240 84 0
0 72 0
0 75 0
0 79 0
880 72 68
160 72 0
0 74 70
160 74 0
0 76 73
160 76 0
0 74 70
160 74 0
0 72 66
160 72 0
0 77 77
240 77 0
880 72 66
160 72 0
0 74 69
160 74 0
0 76 72
160 76 0
0 74 70
160 74 0
0 72 67
160 72 0
0 77 77
240 77 0
880 60 66
160 60 0
0 62 69
160 62 0
0 64 72
160 64 0
0 62 70
160 62 0
0 60 67
160 60 0
0 65 63
160 65 0
0 60 50
160 60 0
0 62 50
160 62 0
0 63 63
160 63 0
0 62 50
160 62 0
0 60 50
160 60 0
0 66 68
160 66 0
0 60 52
160 60 0
0 62 53
160 62 0
0 63 60
160 63 0
0 62 50
160 62 0
0 60 50
160 60 0
0 67 69
160 67 0
0 60 51
160 60 0
0 62 52
160 62 0
0 63 58
160 63 0
0 62 51
160 62 0
0 60 52
160 60 0
0 69 69
160 69 0
0 60 54
160 60 0
0 62 55
160 62 0
0 63 62
160 63 0
0 62 55
160 62 0
0 60 55
160 60 0
0 71 70
160 71 0
0 59 55
160 59 0
0 60 55
160 60 0
0 62 61
160 62 0
0 60 55
160 60 0
0 59 54
160 59 0
0 72 72
160 72 0
0 60 55
160 60 0
0 62 55
160 62 0
0 63 63
160 63 0
0 62 56
160 62 0
0 60 58
160 60 0
0 74 74
160 74 0
0 62 56
160 62 0
0 63 56
160 63 0
0 65 62
160 65 0
0 63 54
160 63 0
0 62 54
160 62 0
0 71 75
160 71 0
0 59 53
160 59 0
0 60 53
160 60 0
0 62 65
160 62 0
0 60 55
160 60 0
0 59 55
160 59 0
0 60 67
0 72 79
480 72 0
0 60 0
480 79 84
480 79 0
0 77 80
120 77 0
0 75 79
120 75 0
0 74 78
120 74 0
0 72 77
120 72 0
0 74 79
240 74 0
720 77 84
480 77 0
0 75 80
120 75 0
0 74 79
120 74 0
0 72 78
120 72 0
0 71 77
120 71 0
0 72 79
240 72 0
720 79 84
480 79 0
0 77 80
120 77 0
0 75 79
120 75 0
0 74 78
120 74 0
0 72 77
120 72 0
0 74 79
240 74 0
720 77 84
480 77 0
0 75 80
120 75 0
0 74 79
120 74 0
0 72 78
120 72 0
0 71 77
120 71 0
0 72 79
240 72 0
720 79 84
480 79 0
0 77 80
120 77 0
0 75 79
120 75 0
0 74 78
120 74 0
0 72 77
120 72 0
0 73 79
240 73 0
720 89 100
2400 89 0
0 87 86
160 87 0
0 85 85
160 85 0
0 84 83
160 84 0
0 82 82
160 82 0
0 80 81
160 80 0
0 79 79
160 79 0
0 77 78
160 77 0
0 75 77
160 75 0
0 73 75
160 73 0
0 72 74
80 72 0
0 70 72
80 70 0
0 68 71
80 68 0
0 67 70
80 67 0
0 65 68
80 65 0
0 63 69
80 63 0
0 61 70
68 61 0
0 60 71
68 60 0
0 58 71
68 58 0
0 56 71
68 56 0
0 55 71
68 55 0
0 53 71
68 53 0
0 51 71
72 51 0
0 49 93
2880 49 0
480 56 49
240 56 0
0 58 51
240 58 0
0 60 52
720 60 0
0 61 50
240 61 0
0 58 53
720 58 0
0 60 50
240 60 0
0 56 52
480 56 0
960 68 46
240 68 0
0 70 48
240 70 0
0 72 49
720 72 0
0 73 47
240 73 0
0 70 49
720 70 0
0 72 46
240 72 0
0 68 47
480 68 0
960 72 40
480 72 0
0 78 40
0 75 40
480 75 0
0 78 0
960 72 40
480 72 0
0 79 40
0 75 40
480 75 0
0 79 0
960 87 97
160 87 0
0 86 90
160 86 0
0 84 90
160 84 0
0 89 96
160 89 0
0 87 89
160 87 0
0 86 90
160 86 0
0 84 97
160 84 0
0 83 92
160 83 0
0 80 92
160 80 0
0 79 90
160 79 0
0 77 92
160 77 0
0 75 93
160 75 0
0 74 95
160 74 0
0 72 97
160 72 0
0 71 99
160 71 0
0 72 101
480 72 0
1920 48 40
240 48 0
0 51 36
240 51 0
0 55 36
240 55 0
0 60 36
240 60 0
0 48 40
240 48 0
0 53 40
240 53 0
0 55 36
240 55 0
0 59 36
240 59 0
0 48 40
240 48 0
0 51 40
240 51 0
0 55 36
240 55 0
0 60 36
240 60 0
0 63 40
240 63 0
0 67 36
240 67 0
0 63 36
240 63 0
0 62 36
240 62 0
0 60 40
240 60 0
0 67 36
240 67 0
0 60 36
0 63 36
240 63 0
0 60 0
0 67 36
240 67 0
0 59 41
0 62 41
240 62 0
0 59 0
0 67 36
240 67 0
0 60 36
0 56 36
240 56 0
0 60 0
0 67 36
240 67 0
0 55 40
240 55 0
0 59 29
240 59 0
0 62 28
240 62 0
0 67 28
240 67 0
0 55 40
240 55 0
0 59 31
240 59 0
0 62 31
240 62 0
0 67 31
240 67 0
0 53 40
240 53 0
0 56 36
240 56 0
0 59 37
240 59 0
0 62 37
240 62 0
0 53 40
240 53 0
0 56 36
240 56 0
0 59 36
240 59 0
0 62 36
240 62 0
0 51 40
240 51 0
0 55 34
240 55 0
0 60 34
240 60 0
0 63 33
240 63 0
0 56 41
240 56 0
0 60 35
240 60 0
0 63 35
240 63 0
0 66 35
240 66 0
0 55 40
240 55 0
0 60 40
240 60 0
0 63 35
240 63 0
0 67 35
240 67 0
0 55 40
240 55 0
0 59 36
240 59 0
0 62 36
240 62 0
0 67 36
240 67 0
240 48 38
240 48 0
0 51 42
240 51 0
0 55 45
240 55 0
0 60 49
480 60 0
720 41 43
240 41 0
0 47 45
240 47 0
0 50 47
240 50 0
0 53 49
240 53 0
0 56 43
240 56 0
0 55 43
240 55 0
0 53 43
240 53 0
240 39 40
240 39 0
0 43 42
240 43 0
0 48 45
240 48 0
0 51 48
240 51 0
0 55 40
240 55 0
0 56 39
240 56 0
0 54 39
240 54 0
0 43 48
240 43 0
0 55 44
240 55 0
0 60 38
240 60 0
0 55 38
240 55 0
0 43 48
240 43 0
0 55 39
240 55 0
0 59 39
240 59 0
0 55 39
240 55 0
0 48 52
240 48 0
0 60 45
240 60 0
0 59 45
240 59 0
0 60 45
240 60 0
0 52 52
240 52 0
0 60 48
240 60 0
0 55 48
240 55 0
0 60 48
240 60 0
0 53 53
240 53 0
0 60 49
240 60 0
0 56 50
240 56 0
0 60 49
240 60 0
0 55 54
240 55 0
0 65 52
240 65 0
0 59 46
240 59 0
0 65 50
240 65 0
0 56 54
240 56 0
0 63 47
240 63 0
0 60 47
240 60 0
0 63 47
240 63 0
0 55 62
240 55 0
0 64 54
240 64 0
0 60 55
240 60 0
0 64 55
240 64 0
0 53 64
240 53 0
0 65 57
240 65 0
0 60 58
240 60 0
0 65 57
240 65 0
0 55 63
240 55 0
0 67 57
240 67 0
0 55 57
240 55 0
0 67 56
240 67 0
0 60 68
240 60 0
240 55 62
0 59 62
240 59 0
0 55 0
240 48 62
0 60 62
240 60 0
0 48 0
240 43 62
0 55 62
240 55 0
0 43 0
240 36 69
0 48 69
240 48 0
0 36 0
1680 34 58
0 46 69
1920 46 0
0 34 0
0 32 57
0 44 68
480 44 0
0 32 0
1920 52 46
0 60 55
480 60 0
0 52 0
0 52 46
0 60 55
480 60 0
0 52 0
0 52 46
0 60 55
480 60 0
0 52 0
0 53 46
0 60 55
1440 60 0
0 53 0
480 32 58
0 44 69
1920 44 0
0 32 0
0 31 57
0 43 68
480 43 0
0 31 0
1920 50 46
0 58 55
480 58 0
0 50 0
0 50 46
0 58 55
480 58 0
0 50 0
0 50 46
0 58 55
480 58 0
0 50 0
0 51 46
240 51 0
0 58 31
240 58 0
0 63 31
240 63 0
0 58 31
240 58 0
0 56 42
240 56 0
0 58 30
240 58 0
0 62 30
240 62 0
0 58 30
240 58 0
0 55 42
240 55 0
0 58 33
240 58 0
0 63 33
240 63 0
0 58 34
240 58 0
0 50 41
240 50 0
0 58 33
240 58 0
0 62 33
240 62 0
0 58 33
240 58 0
0 51 40
240 51 0
0 58 35
240 58 0
0 63 35
240 63 0
0 58 35
240 58 0
0 56 40
240 56 0
0 58 35
240 58 0
0 65 36
240 65 0
0 58 36
240 58 0
0 55 40
240 55 0
0 58 35
240 58 0
0 63 36
240 63 0
0 58 36
240 58 0
0 50 40
240 50 0
0 58 34
240 58 0
0 50 34
240 50 0
0 58 34
240 58 0
0 51 41
240 51 0
0 58 34
240 58 0
0 51 34
240 51 0
0 58 34
240 58 0
0 56 40
240 56 0
0 58 34
240 58 0
0 56 34
240 56 0
0 58 34
240 58 0
0 54 40
240 54 0
0 58 36
240 58 0
0 54 37
240 54 0
0 58 37
240 58 0
0 50 41
240 50 0
0 58 36
240 58 0
0 50 36
240 50 0
0 58 36
240 58 0
0 51 39
240 51 0
0 58 39
240 58 0
0 54 41
240 54 0
0 58 41
240 58 0
0 46 42
240 46 0
0 58 43
240 58 0
0 50 44
240 50 0
0 58 45
240 58 0
0 47 45
240 47 0
0 58 47
240 58 0
0 51 51
240 51 0
0 58 54
240 58 0
0 47 58
240 47 0
0 57 49
240 57 0
0 51 49
240 51 0
0 57 49
240 57 0
0 46 60
480 46 0
0 58 46
0 62 46
0 65 55
240 65 0
0 62 0
0 58 0
240 58 59
0 66 70
0 63 59
960 63 0
0 66 0
0 58 0
480 58 46
0 62 46
0 65 55
240 65 0
0 62 0
0 58 0
240 58 59
0 66 70
0 63 59
960 63 0
0 66 0
0 58 0
0 58 46
0 62 46
0 65 55
480 65 0
0 62 0
0 58 0
480 58 46
0 65 46
0 68 55
480 68 0
0 65 0
0 58 0
480 58 46
0 62 46
0 65 46
0 68 55
480 68 0
0 58 0
0 62 0
0 65 0
1440 51 55
480 51 0
640 58 45
160 60 48
10 58 0
150 62 50
10 60 0
150 60 48
10 62 0
150 58 45
10 60 0
150 63 55
10 58 0
470 63 0
640 58 43
160 60 47
10 58 0
150 62 50
10 60 0
150 60 48
10 62 0
150 58 45
10 60 0
150 63 55
10 58 0
470 63 0
480 63 55
480 63 0
480 61 55
0 55 55
0 58 55
0 63 55
480 63 0
0 61 0
0 55 0
0 58 0
1440 44 52
160 44 0
0 48 54
160 48 0
0 51 56
160 51 0
0 56 59
480 56 0
960 58 48
0 63 48
0 67 57
480 67 0
0 63 0
0 58 0
480 58 49
0 65 49
0 68 58
480 68 0
0 65 0
0 58 0
480 63 49
0 67 58
480 67 0
0 63 0
1440 58 39
0 56 33
240 56 0
0 58 0
240 56 34
0 58 40
240 58 0
0 56 0
240 58 42
0 56 35
240 56 0
0 58 0
240 56 36
0 58 43
240 58 0
0 56 0
240 55 37
0 58 45
1440 58 0
0 55 0
0 55 42
480 55 0
0 60 45
960 60 0
0 59 43
960 59 0
0 58 43
1440 58 0
480 62 44
0 56 37
240 56 0
0 62 0
240 56 39
0 62 47
240 62 0
0 56 0
240 62 51
0 56 42
240 56 0
0 62 0
240 56 46
0 62 55
240 62 0
0 56 0
240 55 50
0 63 60
1920 63 0
0 55 0
0 56 61
0 63 72
480 63 0
0 56 0
480 46 61
0 58 72
480 58 0
0 46 0
640 63 55
160 65 55
10 63 0
150 67 59
10 65 0
150 65 55
10 67 0
150 63 55
10 65 0
150 68 59
10 63 0
950 68 0
0 67 59
160 63 55
10 67 0
150 65 55
10 63 0
150 67 59
10 65 0
150 65 55
10 67 0
150 63 55
10 65 0
150 68 59
10 63 0
950 68 0
0 67 55
0 63 55
240 63 0
0 67 0
246 60 52
240 60 0
234 56 52
240 56 0
240 58 52
240 58 0
400 39 49
160 41 49
10 39 0
150 43 53
10 41 0
150 41 49
10 43 0
150 39 49
10 41 0
150 44 70
10 39 0
950 44 0
0 43 53
160 39 49
10 43 0
150 41 49
10 39 0
150 43 53
10 41 0
150 41 49
10 43 0
150 39 49
10 41 0
150 44 70
10 39 0
950 44 0
0 43 53
160 39 49
10 43 0
150 41 49
10 39 0
150 43 53
10 41 0
150 41 49
10 43 0
150 39 49
10 41 0
150 44 70
10 39 0
2870 44 0
0 31 75
0 43 80
3840 43 0
0 31 0
0 43 69
0 50 69
0 53 82
2880 53 0
0 50 0
0 43 0
960 48 40
240 48 0
0 51 36
240 51 0
0 55 36
240 55 0
0 60 36
240 60 0
0 48 40
240 48 0
0 53 40
240 53 0
0 55 36
240 55 0
0 59 36
240 59 0
0 48 40
240 48 0
0 51 40
240 51 0
0 55 36
240 55 0
0 60 36
240 60 0
0 63 40
240 63 0
0 67 36
240 67 0
0 63 36
240 63 0
0 62 36
240 62 0
0 60 40
240 60 0
0 67 36
240 67 0
0 60 36
0 63 36
240 63 0
0 60 0
0 67 36
240 67 0
0 59 41
0 62 41
240 62 0
0 59 0
0 67 36
240 67 0
0 60 36
0 56 36
240 56 0
0 60 0
0 67 36
240 67 0
0 55 40
240 55 0
0 59 29
240 59 0
0 62 28
240 62 0
0 67 28
240 67 0
0 55 40
240 55 0
0 59 31
240 59 0
0 62 31
240 62 0
0 67 31
240 67 0
0 53 40
240 53 0
0 56 36
240 56 0
0 59 37
240 59 0
0 62 37
240 62 0
0 53 40
240 53 0
0 56 36
240 56 0
0 59 36
240 59 0
0 62 36
240 62 0
0 51 40
240 51 0
0 55 34
240 55 0
0 60 34
240 60 0
0 63 33
240 63 0
0 56 41
240 56 0
0 60 35
240 60 0
0 63 35
240 63 0
0 66 35
240 66 0
0 55 40
240 55 0
0 60 40
240 60 0
0 63 35
240 63 0
0 67 35
240 67 0
0 55 40
240 55 0
0 59 36
240 59 0
0 62 36
240 62 0
0 67 36
240 67 0
240 48 38
240 48 0
0 51 42
240 51 0
0 55 45
240 55 0
0 60 49
480 60 0
720 41 43
240 41 0
0 47 45
240 47 0
0 50 47
240 50 0
0 53 49
240 53 0
0 56 43
240 56 0
0 55 43
240 55 0
0 53 43
240 53 0
240 39 40
240 39 0
0 43 42
240 43 0
0 48 45
240 48 0
0 51 48
240 51 0
0 55 40
240 55 0
0 56 39
240 56 0
0 54 39
240 54 0
0 43 48
240 43 0
0 55 44
240 55 0
0 60 38
240 60 0
0 55 38
240 55 0
0 43 48
240 43 0
0 55 39
240 55 0
0 59 39
240 59 0
0 55 39
240 55 0
0 48 52
240 48 0
0 60 45
240 60 0
0 59 45
240 59 0
0 60 45
240 60 0
0 52 52
240 52 0
0 60 48
240 60 0
0 55 48
240 55 0
0 60 48
240 60 0
0 53 53
240 53 0
0 60 49
240 60 0
0 56 50
240 56 0
0 60 49
240 60 0
0 55 54
240 55 0
0 65 52
240 65 0
0 59 43
240 59 0
0 65 50
240 65 0
0 56 54
240 56 0
0 63 47
240 63 0
0 60 47
240 60 0
0 63 47
240 63 0
0 55 62
240 55 0
0 64 54
240 64 0
0 60 55
240 60 0
0 64 55
240 64 0
0 53 64
240 53 0
0 65 57
240 65 0
0 60 58
240 60 0
0 65 57
240 65 0
0 55 63
240 55 0
0 67 57
240 67 0
0 55 57
240 55 0
0 67 56
240 67 0
0 60 68
240 60 0
240 55 62
0 59 62
240 59 0
0 55 0
240 48 62
0 60 62
240 60 0
0 48 0
240 43 62
0 55 62
240 55 0
0 43 0
240 36 69
0 48 69
240 48 0
0 36 0
960 44 46
240 44 0
0 48 48
240 48 0
0 51 50
240 51 0
0 56 51
960 56 0
0 49 48
960 49 0
0 55 48
960 55 0
0 48 45
960 48 0
0 53 48
480 53 0
0 46 48
960 46 0
0 48 48
480 48 0
0 49 51
480 49 0
0 50 46
480 50 0
0 51 46
480 51 0
0 39 42
480 39 0
0 44 51
960 44 0
0 49 49
960 49 0
0 43 51
960 43 0
0 48 49
960 48 0
0 41 52
960 41 0
0 43 51
480 43 0
0 44 49
480 44 0
0 45 53
480 45 0
0 46 50
480 46 0
0 39 49
480 39 0
960 56 43
0 60 51
960 60 0
0 56 0
0 49 40
0 53 48
960 53 0
0 49 0
0 55 43
0 58 51
960 58 0
0 55 0
0 48 40
0 51 48
960 51 0
0 48 0
0 53 43
0 56 51
480 56 0
0 53 0
0 46 51
480 46 0
0 48 51
480 48 0
0 49 49
480 49 0
0 50 49
480 50 0
0 51 49
480 51 0
480 60 51
0 56 43
960 56 0
0 60 0
0 65 50
0 61 42
960 61 0
0 65 0
0 58 54
0 55 46
960 55 0
0 58 0
0 63 54
0 60 45
960 60 0
0 63 0
0 53 59
960 53 0
0 55 60
480 55 0
0 56 58
480 56 0
0 57 64
480 57 0
0 58 62
480 58 0
0 51 61
480 51 0
0 63 64
480 63 0
0 62 65
480 62 0
0 63 65
480 63 0
0 66 65
480 66 0
0 57 61
480 57 0
0 58 62
240 58 0
1200 61 65
0 51 54
480 51 0
0 61 0
0 60 62
0 56 62
480 56 0
0 60 0
960 46 53
0 56 63
480 56 0
0 46 0
0 51 63
0 55 63
480 55 0
0 51 0
720 75 49
120 75 0
120 77 49
120 77 0
120 79 49
120 79 0
120 80 49
240 80 0
0 79 49
240 79 0
0 77 49
240 77 0
0 75 49
240 75 0
0 73 49
240 73 0
0 72 49
240 72 0
0 70 49
240 70 0
0 68 49
240 68 0
0 67 49
240 67 0
0 65 49
240 65 0
0 63 49
240 63 0
0 61 49
240 61 0
0 60 49
240 60 0
0 58 49
240 58 0
0 56 49
240 56 0
0 55 49
240 55 0
0 53 51
240 53 0
0 51 51
240 51 0
0 49 52
240 49 0
0 48 53
240 48 0
0 46 53
240 46 0
0 45 54
240 45 0
0 46 55
240 46 0
0 48 55
240 48 0
0 49 55
240 49 0
0 48 56
240 48 0
0 49 57
240 49 0
0 50 58
240 50 0
0 51 59
240 51 0
0 53 60
240 53 0
0 54 61
240 54 0
0 55 62
240 55 0
0 44 76
960 44 0
0 49 72
960 49 0
0 43 77
960 43 0
0 48 71
960 48 0
0 41 76
960 41 0
0 29 76
0 41 76
1920 41 0
0 29 0
0 30 75
0 42 75
960 42 0
0 30 0
0 31 75
480 31 0
240 38 54
120 38 0
0 35 55
120 35 0
0 31 67
120 31 0
600 39 55
120 39 0
0 36 55
120 36 0
0 31 69
120 31 0
600 41 57
120 41 0
0 38 57
120 38 0
0 31 70
120 31 0
600 39 59
120 39 0
0 36 59
120 36 0
0 31 81
120 31 0
600 50 59
120 50 0
0 47 59
120 47 0
0 43 74
120 43 0
600 51 59
120 51 0
0 48 59
120 48 0
0 43 76
120 43 0
600 53 62
120 53 0
0 50 62
120 50 0
0 43 76
120 43 0
600 51 65
120 51 0
0 48 65
120 48 0
0 43 88
120 43 0
600 62 70
120 62 0
0 59 70
120 59 0
0 55 86
120 55 0
600 63 68
120 63 0
0 60 68
120 60 0
0 55 86
120 55 0
600 65 70
120 65 0
0 62 70
120 62 0
0 55 86
120 55 0
600 63 71
120 63 0
0 60 71
120 60 0
0 55 80
120 55 0
1320 55 67
160 55 0
0 50 67
160 50 0
0 47 66
160 47 0
0 43 80
480 43 0
960 55 67
160 55 0
0 50 67
160 50 0
0 47 66
160 47 0
0 43 80
480 43 0
960 43 67
160 43 0
0 38 67
160 38 0
0 35 66
160 35 0
0 31 80
480 31 0
1440 31 75
0 43 80
3840 43 0
0 31 0
0 43 69
0 53 82
0 50 69
2880 50 0
0 53 0
0 43 0
960 48 40
240 48 0
0 51 36
240 51 0
0 55 36
240 55 0
0 60 36
240 60 0
0 48 40
240 48 0
0 53 40
240 53 0
0 55 36
240 55 0
0 59 36
240 59 0
0 48 40
240 48 0
0 51 40
240 51 0
0 55 36
240 55 0
0 60 36
240 60 0
0 63 40
240 63 0
0 67 36
240 67 0
0 63 36
240 63 0
0 62 36
240 62 0
0 60 40
240 60 0
0 67 36
240 67 0
0 60 36
0 63 36
240 63 0
0 60 0
0 67 36
240 67 0
0 59 41
0 62 41
240 62 0
0 59 0
0 67 36
240 67 0
0 60 36
0 56 36
240 56 0
0 60 0
0 67 36
240 67 0
0 55 40
240 55 0
0 59 29
240 59 0
0 62 28
240 62 0
0 67 28
240 67 0
0 55 40
240 55 0
0 59 31
240 59 0
0 62 31
240 62 0
0 67 31
240 67 0
0 53 40
240 53 0
0 56 36
240 56 0
0 59 37
240 59 0
0 62 37
240 62 0
0 53 40
240 53 0
0 56 36
240 56 0
0 59 36
240 59 0
0 62 36
240 62 0
0 51 40
240 51 0
0 55 34
240 55 0
0 60 34
240 60 0
0 63 33
240 63 0
0 56 41
240 56 0
0 60 35
240 60 0
0 63 35
240 63 0
0 66 35
240 66 0
0 55 40
240 55 0
0 60 40
240 60 0
0 63 35
240 63 0
0 67 35
240 67 0
0 55 40
240 55 0
0 59 36
240 59 0
0 62 36
240 62 0
0 67 36
240 67 0
240 36 38
240 36 0
0 39 42
240 39 0
0 43 45
240 43 0
0 48 45
240 48 0
0 51 45
240 51 0
0 53 50
240 53 0
0 55 52
240 55 0
0 56 54
960 56 0
0 50 51
480 50 0
0 51 50
240 51 0
0 53 52
240 53 0
0 55 54
960 55 0
0 48 51
480 48 0
0 58 50
240 58 0
0 60 52
240 60 0
0 61 54
960 61 0
0 55 51
480 55 0
0 56 50
240 56 0
0 58 52
240 58 0
0 60 54
960 60 0
0 53 51
480 53 0
480 60 54
0 56 54
480 60 0
0 65 54
480 65 0
0 56 0
0 60 54
0 56 54
480 60 0
0 66 54
480 66 0
0 56 0
0 55 46
480 55 0
0 67 31
480 67 0
0 65 42
480 65 0
0 67 30
480 67 0
0 64 42
480 64 0
0 67 33
480 67 0
0 59 41
480 59 0
0 67 33
480 67 0
0 60 40
480 60 0
0 67 35
480 67 0
0 74 40
0 65 40
480 65 0
0 67 36
480 67 0
0 74 0
0 72 40
0 64 40
480 64 0
0 67 36
480 67 0
0 72 0
0 59 40
480 59 0
0 67 34
480 67 0
0 60 41
480 60 0
0 67 34
480 67 0
0 65 40
480 65 0
0 67 34
480 67 0
0 64 42
480 64 0
0 67 33
480 67 0
0 59 41
480 59 0
0 67 33
480 67 0
0 60 40
480 60 0
0 67 35
480 67 0
0 64 40
0 72 40
480 72 0
0 67 36
480 67 0
0 64 0
0 65 38
0 72 42
480 72 0
0 69 38
470 65 0
10 69 0
0 65 37
0 73 44
480 73 0
0 69 38
480 69 0
0 65 0
0 65 46
0 74 46
480 74 0
0 65 0
0 69 42
480 69 0
0 65 48
480 65 0
0 66 41
480 66 0
0 67 55
150 67 0
970 62 45
160 64 48
10 62 0
150 66 50
10 64 0
150 64 48
10 66 0
150 62 45
10 64 0
150 67 55
10 62 0
140 67 0
970 62 43
160 64 47
10 62 0
150 66 50
10 64 0
150 64 48
10 66 0
150 62 45
10 64 0
150 67 55
10 62 0
140 67 0
810 67 55
480 67 0
480 62 46
0 55 46
0 59 46
0 65 55
480 65 0
0 62 0
0 55 0
0 59 0
1440 48 55
480 48 0
640 55 45
160 57 48
10 55 0
150 59 50
10 57 0
150 57 48
10 59 0
150 55 45
10 57 0
150 60 55
10 55 0
470 60 0
640 55 43
160 57 47
10 55 0
150 59 50
10 57 0
150 57 48
10 59 0
150 55 45
10 57 0
150 60 55
10 55 0
470 60 0
480 60 55
480 60 0
480 58 46
0 52 46
0 55 46
0 60 55
480 60 0
0 58 0
0 52 0
0 55 0
1440 41 52
160 41 0
0 45 54
160 45 0
0 48 56
160 48 0
0 53 59
480 53 0
960 55 48
0 60 48
0 64 57
480 64 0
0 60 0
0 55 0
480 55 49
0 62 49
0 65 58
480 65 0
0 62 0
0 55 0
480 60 49
0 64 58
480 64 0
0 60 0
1440 67 39
0 65 33
240 65 0
0 67 0
240 65 34
0 67 40
240 67 0
0 65 0
240 67 42
0 65 35
240 65 0
0 67 0
240 65 36
0 67 43
240 67 0
0 65 0
240 64 37
0 67 45
1430 67 0
0 64 0
10 64 42
480 64 0
0 69 45
941 69 0
19 69 43
941 69 0
19 67 43
480 67 0
1440 55 39
0 53 33
240 53 0
0 55 0
240 53 34
0 55 40
240 55 0
0 53 0
240 55 42
0 53 35
240 53 0
0 55 0
240 53 36
0 55 43
240 55 0
0 53 0
240 51 37
0 55 45
1440 55 0
0 51 0
0 51 41
480 51 0
0 56 39
240 56 0
240 56 44
240 56 0
240 58 44
0 56 44
240 56 0
0 58 0
240 56 46
0 58 46
240 58 0
0 56 0
240 55 50
0 58 50
1440 58 0
0 55 0
0 55 51
480 55 0
0 60 47
240 60 0
240 60 48
0 63 48
240 63 0
0 60 0
240 63 50
0 60 50
240 60 0
0 63 0
240 60 51
0 63 51
240 63 0
0 60 0
240 59 54
0 62 54
1440 62 0
0 59 0
0 60 53
0 63 53
480 63 0
0 60 0
0 59 55
0 62 55
1440 62 0
0 59 0
0 65 54
0 68 54
480 68 0
0 65 0
0 63 56
0 67 56
1440 67 0
0 63 0
0 65 49
0 68 49
480 68 0
0 65 0
0 63 52
0 67 52
1440 67 0
0 63 0
0 65 36
0 68 43
480 68 0
0 65 0
7200 43 42
480 43 0
0 48 40
240 48 0
0 51 36
240 51 0
0 55 36
240 55 0
0 60 36
240 60 0
0 48 40
240 48 0
0 53 40
240 53 0
0 55 36
240 55 0
0 59 36
240 59 0
0 48 40
240 48 0
0 51 40
240 51 0
0 55 36
240 55 0
0 60 36
240 60 0
0 63 40
240 63 0
0 67 36
240 67 0
0 63 36
240 63 0
0 62 36
240 62 0
0 60 40
240 60 0
0 67 36
240 67 0
0 60 36
0 63 36
240 63 0
0 60 0
0 67 36
240 67 0
0 59 41
0 62 41
240 62 0
0 59 0
0 67 36
240 67 0
0 60 36
0 56 36
240 56 0
0 60 0
0 67 36
240 67 0
0 55 40
240 55 0
0 59 29
240 59 0
0 62 28
240 62 0
0 67 28
240 67 0
0 55 40
240 55 0
0 59 31
240 59 0
0 62 31
240 62 0
0 67 31
240 67 0
0 53 40
240 53 0
0 56 36
240 56 0
0 59 37
240 59 0
0 62 37
240 62 0
0 53 40
240 53 0
0 56 36
240 56 0
0 59 36
240 59 0
0 62 36
240 62 0
0 51 40
240 51 0
0 55 34
240 55 0
0 60 34
240 60 0
0 63 33
240 63 0
0 56 41
240 56 0
0 60 35
240 60 0
0 63 35
240 63 0
0 66 35
240 66 0
0 55 40
240 55 0
0 60 40
240 60 0
0 63 35
240 63 0
0 67 35
240 67 0
0 55 40
240 55 0
0 59 36
240 59 0
0 62 36
240 62 0
0 67 36
240 67 0
0 60 57
480 60 0
1440 41 58
240 41 0
0 44 48
240 44 0
0 47 49
240 47 0
0 50 51
240 50 0
0 41 53
240 41 0
0 44 54
240 44 0
0 47 56
240 47 0
0 50 57
240 50 0
0 39 58
240 39 0
0 43 57
240 43 0
0 48 55
240 48 0
0 51 56
240 51 0
0 44 57
240 44 0
0 48 57
240 48 0
0 51 58
240 51 0
0 54 60
240 54 0
0 43 64
240 43 0
0 48 58
240 48 0
0 51 63
240 51 0
0 55 63
240 55 0
0 43 62
240 43 0
0 55 61
240 55 0
0 43 58
240 43 0
0 55 57
240 55 0
0 48 67
240 48 0
0 60 52
240 60 0
0 59 60
240 59 0
0 60 52
240 60 0
0 58 64
240 58 0
0 60 51
240 60 0
0 55 57
240 55 0
0 60 50
240 60 0
0 56 63
240 56 0
0 60 50
240 60 0
0 53 57
240 53 0
0 60 50
240 60 0
0 58 59
240 58 0
0 60 50
240 60 0
0 55 55
240 55 0
0 60 50
240 60 0
0 56 63
240 56 0
0 60 50
240 60 0
0 53 57
240 53 0
0 60 50
240 60 0
0 58 59
240 58 0
0 60 50
240 60 0
0 55 55
240 55 0
0 60 50
240 60 0
0 56 77
240 56 0
240 44 62
0 48 62
0 51 62
0 56 73
240 56 0
0 44 0
0 48 0
0 51 0
240 43 62
0 48 62
0 51 62
0 55 73
240 55 0
0 43 0
0 48 0
0 51 0
240 43 62
0 47 62
0 50 62
0 55 73
240 55 0
0 43 0
0 47 0
0 50 0
240 36 76
240 36 0
0 48 52
240 48 0
0 47 60
240 47 0
0 48 52
240 48 0
0 46 64
240 46 0
0 48 51
240 48 0
0 43 57
240 43 0
0 48 50
240 48 0
0 44 63
240 44 0
0 48 50
240 48 0
0 41 57
240 41 0
0 48 50
240 48 0
0 46 59
240 46 0
0 48 50
240 48 0
0 43 55
240 43 0
0 48 50
240 48 0
0 44 63
240 44 0
0 48 50
240 48 0
0 41 57
240 41 0
0 48 50
240 48 0
0 46 59
240 46 0
0 48 50
240 48 0
0 43 55
240 43 0
0 48 50
240 48 0
0 44 45
480 44 0
0 44 45
0 56 45
480 56 0
0 44 0
480 44 41
0 48 41
0 51 41
0 56 49
240 56 0
0 44 0
0 48 0
0 51 0
720 43 44
0 48 44
0 51 44
0 55 52
240 55 0
0 43 0
0 48 0
0 51 0
720 42 46
0 48 46
0 51 46
0 54 55
240 54 0
0 42 0
0 48 0
0 51 0
720 41 48
0 47 48
0 50 48
0 53 57
240 53 0
0 41 0
0 47 0
0 50 0
720 39 51
0 43 51
0 48 51
0 51 60
240 51 0
0 39 0
0 43 0
0 48 0
720 41 53
0 44 53
0 50 53
0 53 63
240 53 0
0 41 0
0 44 0
0 50 0
720 43 56
0 47 56
0 50 56
0 55 66
240 55 0
0 43 0
0 47 0
0 50 0
240 36 65
0 48 77
240 48 0
0 36 0
240 51 70
0 55 70
0 60 83
1440 60 0
0 55 0
0 51 0
0 53 65
0 56 65
0 60 65
0 62 77
240 62 0
0 53 0
0 56 0
0 60 0
240 55 70
0 59 70
0 62 83
1440 62 0
0 59 0
0 55 0
0 51 65
0 55 65
0 60 77
240 60 0
0 55 0
0 51 0
240 51 70
0 55 70
0 60 83
1440 60 0
0 55 0
0 51 0
0 53 65
0 56 65
0 60 65
0 62 77
240 62 0
0 53 0
0 56 0
0 60 0
240 55 70
0 59 70
0 62 83
1440 62 0
0 59 0
0 55 0
0 51 65
0 55 65
0 60 77
240 60 0
0 55 0
0 51 0
240 51 70
0 55 70
0 60 83
1440 60 0
0 55 0
0 51 0
0 53 65
0 56 65
0 61 77
240 61 0
0 56 0
0 53 0
240 53 70
0 56 70
0 61 83
960 61 0
0 56 0
0 53 0
0 53 71
0 56 71
0 61 84
240 61 0
0 56 0
0 53 0
240 55 77
0 58 77
0 61 77
0 63 91
2880 63 0
0 55 0
0 58 0
0 61 0
960 31 69
0 39 69
0 43 82
2880 43 0
0 39 0
0 31 0
960 44 40
0 51 40
960 51 0
0 49 40
960 49 0
0 44 0
0 44 40
0 48 40
480 48 0
0 44 0
1440 56 38
0 63 38
960 63 0
0 61 37
960 61 0
0 56 0
0 56 36
0 60 36
480 60 0
0 56 0
1440 68 35
480 68 0
1440 67 34
480 67 0
1440 43 67
0 47 67
0 50 67
0 55 79
480 55 0
0 43 0
0 47 0
0 50 0
1440 36 69
0 39 69
0 43 69
0 48 82
480 48 0
0 36 0
0 39 0
0 43 0
