0 70 44
160 58 26
160 58 0
0 61 26
160 61 0
0 66 29
160 66 0
0 61 25
160 61 0
0 58 22
160 58 0
0 61 30
160 61 0
0 58 25
160 58 0
0 61 25
160 61 0
0 66 29
160 66 0
0 61 26
160 61 0
0 58 23
160 58 0
0 70 0
0 70 41
160 58 27
160 58 0
0 61 29
160 61 0
0 66 31
160 66 0
0 61 26
160 61 0
0 58 29
160 58 0
0 70 0
0 70 44
160 58 28
160 58 0
0 61 30
160 61 0
0 66 35
160 66 0
0 61 31
160 61 0
0 58 33
160 58 0
0 70 0
0 70 49
160 58 27
160 58 0
0 63 27
160 63 0
0 66 34
160 66 0
0 63 29
160 63 0
0 58 26
160 58 0
0 63 37
160 63 0
0 58 29
160 58 0
0 63 29
160 63 0
0 66 36
160 66 0
0 63 29
160 63 0
0 58 25
160 58 0
0 70 0
0 66 49
160 54 30
160 54 0
0 58 30
160 58 0
0 63 36
160 63 0
0 58 30
160 58 0
0 54 30
160 54 0
0 58 37
160 58 0
0 54 30
160 54 0
0 58 30
160 58 0
0 63 35
160 63 0
0 58 30
160 58 0
0 54 27
160 54 0
0 66 0
0 68 49
160 56 29
160 56 0
0 59 29
160 59 0
0 63 37
160 63 0
0 59 29
160 59 0
0 56 29
160 56 0
0 59 37
160 59 0
0 56 29
160 56 0
0 59 29
160 59 0
0 63 36
160 63 0
0 59 29
160 59 0
0 56 29
160 56 0
0 68 0
0 66 46
160 56 29
160 56 0
0 59 29
160 59 0
0 66 0
0 65 45
160 56 28
160 56 0
0 59 28
160 59 0
0 65 0
0 63 44
160 56 29
160 56 0
0 59 30
160 59 0
0 63 0
0 61 40
160 53 29
160 53 0
0 56 30
160 56 0
0 61 0
0 66 49
160 54 32
160 54 0
0 58 33
160 58 0
0 66 0
0 61 35
160 61 0
0 58 36
160 58 0
0 54 38
160 54 0
0 70 48
160 60 38
160 60 0
0 63 36
160 63 0
0 70 0
0 66 35
160 66 0
0 63 33
160 63 0
0 60 32
160 60 0
0 68 41
160 56 27
160 56 0
0 61 27
160 61 0
0 65 30
160 65 0
0 61 27
160 61 0
0 56 27
160 56 0
0 61 30
160 61 0
0 56 27
160 56 0
0 61 27
160 61 0
0 68 0
0 65 31
0 69 39
160 65 0
0 61 24
160 61 0
0 57 24
160 57 0
0 69 0
0 70 44
160 58 26
160 58 0
0 61 26
160 61 0
0 66 29
160 66 0
0 61 25
160 61 0
0 58 25
160 58 0
0 61 30
160 61 0
0 58 25
160 58 0
0 61 21
160 61 0
0 66 29
160 66 0
0 61 26
160 61 0
0 58 24
160 58 0
0 70 0
0 70 41
160 58 27
160 58 0
0 61 29
160 61 0
0 66 31
160 66 0
0 61 26
160 61 0
0 58 29
160 58 0
0 70 0
0 70 44
160 58 28
160 58 0
0 61 30
160 61 0
0 66 35
160 66 0
0 61 31
160 61 0
0 58 33
160 58 0
0 70 0
0 70 49
160 58 27
160 58 0
0 63 27
160 63 0
0 66 34
160 66 0
0 63 29
160 63 0
0 58 29
160 58 0
0 63 37
160 63 0
0 58 29
160 58 0
0 63 29
160 63 0
0 66 36
160 66 0
0 63 29
160 63 0
0 58 29
160 58 0
0 70 0
0 66 49
160 54 30
160 54 0
0 58 30
160 58 0
0 63 36
160 63 0
0 58 30
160 58 0
0 54 30
160 54 0
0 66 0
0 65 49
160 53 30
160 53 0
0 56 30
160 56 0
0 62 35
160 62 0
0 56 30
160 56 0
0 53 30
160 53 0
0 65 0
0 63 49
160 51 35
160 51 0
0 54 38
160 54 0
0 59 43
160 59 0
0 54 45
160 54 0
0 51 49
160 51 0
0 63 0
0 68 58
160 56 41
160 56 0
0 59 41
160 59 0
0 63 47
160 63 0
0 59 33
160 59 0
0 56 33
160 56 0
0 68 0
0 66 46
160 59 29
160 59 0
0 56 29
160 56 0
0 66 0
0 65 45
160 59 28
160 59 0
0 56 28
160 56 0
0 65 0
0 63 44
160 59 29
160 59 0
0 56 30
160 56 0
0 63 0
0 65 40
160 59 29
160 59 0
0 56 30
160 56 0
0 65 0
0 68 49
160 59 27
160 59 0
0 61 27
160 61 0
0 65 34
160 65 0
0 61 29
160 61 0
0 59 29
160 59 0
0 61 37
160 61 0
0 59 29
160 59 0
0 61 29
160 61 0
0 65 36
160 65 0
0 61 29
160 61 0
0 59 29
160 59 0
0 68 0
0 66 49
160 54 30
160 54 0
0 58 24
160 58 0
0 61 36
160 61 0
0 58 30
160 58 0
0 54 24
160 54 0
0 58 37
160 58 0
0 54 30
160 54 0
0 58 26
160 58 0
0 61 35
160 61 0
0 58 30
160 58 0
0 54 26
160 54 0
0 66 0
0 68 44
160 56 26
160 56 0
0 61 26
160 61 0
0 65 29
160 65 0
0 61 25
160 61 0
0 56 25
160 56 0
0 61 30
160 61 0
0 56 26
160 56 0
0 61 26
160 61 0
0 65 30
160 65 0
0 61 27
160 61 0
0 56 27
160 56 0
0 68 0
0 70 43
160 61 29
160 61 0
0 63 31
160 63 0
0 67 39
160 67 0
0 63 31
160 63 0
0 61 44
160 61 0
0 63 47
160 63 0
0 61 51
160 61 0
0 63 54
160 63 0
0 67 55
160 67 0
0 63 62
160 63 0
0 61 67
160 61 0
0 70 0
0 73 74
160 61 51
160 61 0
0 63 51
160 63 0
0 68 66
160 68 0
0 63 49
160 63 0
0 61 49
160 61 0
0 63 55
160 63 0
0 61 37
160 61 0
0 63 33
160 63 0
0 73 0
0 71 50
0 68 37
160 68 0
0 63 33
160 63 0
0 59 33
160 59 0
0 71 0
0 71 41
160 59 28
160 59 0
0 63 28
160 63 0
0 68 30
160 68 0
0 63 25
160 63 0
0 59 25
160 59 0
0 63 31
160 63 0
0 59 25
160 59 0
0 63 25
160 63 0
0 68 29
160 68 0
0 63 25
160 63 0
0 59 25
160 59 0
0 71 0
0 71 54
160 59 33
160 59 0
0 64 33
160 64 0
0 68 37
160 68 0
0 64 32
160 64 0
0 59 32
160 59 0
0 64 39
160 64 0
0 59 33
160 59 0
0 64 33
160 64 0
0 68 39
160 68 0
0 64 35
160 64 0
0 59 36
160 59 0
0 71 0
0 71 49
160 59 37
160 59 0
0 63 40
160 63 0
0 66 44
160 66 0
0 63 37
160 63 0
0 59 39
160 59 0
0 71 0
0 73 55
160 64 49
160 64 0
0 66 51
160 66 0
0 70 60
160 70 0
0 66 64
160 66 0
0 64 63
160 64 0
0 73 0
0 76 69
160 64 57
160 64 0
0 66 57
160 66 0
0 71 63
160 71 0
0 66 48
160 66 0
0 64 48
160 64 0
0 66 54
160 66 0
0 64 35
160 64 0
0 66 37
160 66 0
0 76 0
0 75 57
0 71 42
160 71 0
0 66 37
160 66 0
0 63 37
160 63 0
0 75 0
0 75 45
160 63 31
160 63 0
0 66 31
160 66 0
0 71 34
160 71 0
0 66 28
160 66 0
0 63 28
160 63 0
0 66 35
160 66 0
0 63 28
160 63 0
0 66 28
160 66 0
0 71 34
160 71 0
0 66 28
160 66 0
0 63 28
160 63 0
0 75 0
0 75 47
160 63 32
160 63 0
0 66 32
160 66 0
0 71 45
160 71 0
0 66 32
160 66 0
0 63 35
160 63 0
0 66 31
160 66 0
0 63 31
160 63 0
0 66 31
160 66 0
0 71 36
160 71 0
0 66 30
160 66 0
0 63 30
160 63 0
0 75 0
0 75 46
160 68 29
160 68 0
0 65 29
160 65 0
0 75 0
0 71 43
160 68 28
160 68 0
0 65 28
160 65 0
0 71 0
0 70 43
160 65 28
160 65 0
0 61 28
160 61 0
0 70 0
0 68 39
160 65 28
160 65 0
0 61 28
160 61 0
0 68 0
0 73 47
160 61 32
160 61 0
0 66 32
160 66 0
0 70 32
160 70 0
0 66 32
160 66 0
0 61 31
160 61 0
0 66 41
160 66 0
0 61 31
160 61 0
0 66 27
160 66 0
0 70 36
160 70 0
0 66 30
160 66 0
0 61 26
160 61 0
0 73 0
0 73 46
160 66 29
160 66 0
0 63 29
160 63 0
0 73 0
0 71 43
160 66 28
160 66 0
0 63 28
160 63 0
0 71 0
0 68 43
160 63 28
160 63 0
0 59 28
160 59 0
0 68 0
0 63 39
160 59 28
160 59 0
0 56 28
160 56 0
0 63 0
0 66 47
160 54 29
160 54 0
0 58 29
160 58 0
0 61 39
160 61 0
0 58 29
160 58 0
0 54 29
160 54 0
0 58 36
160 58 0
0 54 30
160 54 0
0 58 30
160 58 0
0 61 36
160 61 0
0 58 30
160 58 0
0 54 30
160 54 0
0 66 0
0 66 45
160 59 29
160 59 0
0 56 29
160 56 0
0 66 0
0 65 41
160 59 28
160 59 0
0 56 28
160 56 0
0 65 0
0 70 42
160 61 28
160 61 0
0 59 28
160 59 0
0 70 0
0 68 39
160 61 26
160 61 0
0 59 26
160 59 0
0 68 0
0 66 47
160 54 29
160 54 0
0 58 29
160 58 0
0 61 29
160 61 0
0 58 29
160 58 0
0 54 26
160 54 0
0 58 36
160 58 0
0 54 30
160 54 0
0 58 30
160 58 0
0 61 36
160 61 0
0 58 30
160 58 0
0 54 30
160 54 0
0 66 0
0 66 47
160 54 29
160 54 0
0 58 29
160 58 0
0 61 36
160 61 0
0 58 29
160 58 0
0 54 31
160 54 0
0 66 0
0 67 47
160 55 30
160 55 0
0 58 30
160 58 0
0 61 36
160 61 0
0 58 30
160 58 0
0 55 30
160 55 0
0 67 0
0 68 44
160 56 26
160 56 0
0 61 26
160 61 0
0 65 29
160 65 0
0 61 25
160 61 0
0 56 25
160 56 0
0 61 30
160 61 0
0 56 26
160 56 0
0 61 26
160 61 0
0 65 30
160 65 0
0 61 27
160 61 0
0 56 27
160 56 0
0 68 0
0 70 43
160 61 29
160 61 0
0 64 31
160 64 0
0 67 42
160 67 0
0 64 38
160 64 0
0 61 43
160 61 0
0 63 48
160 63 0
0 61 52
160 61 0
0 63 57
160 63 0
0 67 62
160 67 0
0 63 58
160 63 0
0 61 60
160 61 0
0 70 0
0 73 78
160 61 59
160 61 0
0 63 57
160 63 0
0 70 68
160 70 0
0 63 42
160 63 0
0 61 47
160 61 0
0 63 56
160 63 0
0 61 35
160 61 0
0 63 36
160 63 0
0 73 0
0 71 50
0 68 37
160 68 0
0 63 33
160 63 0
0 59 33
160 59 0
0 71 0
0 71 41
160 59 28
160 59 0
0 63 28
160 63 0
0 68 30
160 68 0
0 63 25
160 63 0
0 59 25
160 59 0
0 63 31
160 63 0
0 59 25
160 59 0
0 63 25
160 63 0
0 68 29
160 68 0
0 63 25
160 63 0
0 59 25
160 59 0
0 71 0
0 71 54
160 59 33
160 59 0
0 64 33
160 64 0
0 68 37
160 68 0
0 64 32
160 64 0
0 59 32
160 59 0
0 64 39
160 64 0
0 59 33
160 59 0
0 64 33
160 64 0
0 68 43
160 68 0
0 64 36
160 64 0
0 59 37
160 59 0
0 71 0
0 71 58
160 59 39
160 59 0
0 63 40
160 63 0
0 66 49
160 66 0
0 63 43
160 63 0
0 59 45
160 59 0
0 71 0
0 73 54
160 64 46
160 64 0
0 66 49
160 66 0
0 70 62
160 70 0
0 66 59
160 66 0
0 64 67
160 64 0
0 73 0
0 76 77
160 64 53
160 64 0
0 66 52
160 66 0
0 73 63
160 73 0
0 66 46
160 66 0
0 64 46
160 64 0
0 66 54
160 66 0
0 64 40
160 64 0
0 66 40
160 66 0
0 76 0
0 75 51
0 71 51
160 71 0
0 66 37
160 66 0
0 63 37
160 63 0
0 75 0
0 75 55
160 63 35
160 63 0
0 66 35
160 66 0
0 71 45
160 71 0
0 66 30
160 66 0
0 63 32
160 63 0
0 66 42
160 66 0
0 63 31
160 63 0
0 66 31
160 66 0
0 71 41
160 71 0
0 66 31
160 66 0
0 63 31
160 63 0
0 75 0
0 75 47
160 63 32
160 63 0
0 66 32
160 66 0
0 71 37
160 71 0
0 66 32
160 66 0
0 63 33
160 63 0
0 66 35
160 66 0
0 63 31
160 63 0
0 66 31
160 66 0
0 71 36
160 71 0
0 66 30
160 66 0
0 63 30
160 63 0
0 75 0
0 75 50
160 68 29
160 68 0
0 65 29
160 65 0
0 75 0
0 74 48
160 68 28
160 68 0
0 65 28
160 65 0
0 74 0
0 71 42
160 65 28
160 65 0
0 62 28
160 62 0
0 71 0
0 68 39
160 65 28
160 65 0
0 61 28
160 61 0
0 68 0
0 73 47
160 61 32
160 61 0
0 66 32
160 66 0
0 70 36
160 70 0
0 66 32
160 66 0
0 61 32
160 61 0
0 66 36
160 66 0
0 61 31
160 61 0
0 66 31
160 66 0
0 70 36
160 70 0
0 66 30
160 66 0
0 61 30
160 61 0
0 73 0
0 73 46
160 67 29
160 67 0
0 63 29
160 63 0
0 73 0
0 71 43
160 68 28
160 68 0
0 63 28
160 63 0
0 71 0
0 68 43
160 63 28
160 63 0
0 59 28
160 59 0
0 68 0
0 63 39
160 60 28
160 60 0
0 56 28
160 56 0
0 63 0
0 66 47
160 54 29
160 54 0
0 58 29
160 58 0
0 61 34
160 61 0
0 58 29
160 58 0
0 54 30
160 54 0
0 58 34
160 58 0
0 54 30
160 54 0
0 58 30
160 58 0
0 61 36
160 61 0
0 58 30
160 58 0
0 54 30
160 54 0
0 66 0
0 66 45
160 59 29
160 59 0
0 56 29
160 56 0
0 66 0
0 65 41
160 59 28
160 59 0
0 56 28
160 56 0
0 65 0
0 70 42
160 61 28
160 61 0
0 59 28
160 59 0
0 70 0
0 68 39
160 61 26
160 61 0
0 59 26
160 59 0
0 68 0
0 66 47
160 54 29
160 54 0
0 58 29
160 58 0
0 61 33
160 61 0
0 58 29
160 58 0
0 54 29
160 54 0
0 58 32
160 58 0
0 54 30
160 54 0
0 58 30
160 58 0
0 61 36
160 61 0
0 58 30
160 58 0
0 54 30
160 54 0
0 58 37
160 58 0
0 54 29
160 54 0
0 58 29
160 58 0
0 61 32
160 61 0
0 58 29
160 58 0
0 54 45
160 54 0
0 58 48
160 58 0
0 54 51
160 54 0
0 58 53
160 58 0
0 62 56
160 62 0
0 58 59
160 58 0
0 54 61
160 54 0
0 66 0
0 70 76
160 58 50
160 58 0
0 63 50
160 63 0
0 66 63
160 66 0
0 63 49
160 63 0
0 58 48
160 58 0
0 63 61
160 63 0
0 58 48
160 58 0
0 63 48
160 63 0
0 66 55
160 66 0
0 63 47
160 63 0
0 58 47
160 58 0
0 70 0
0 70 73
160 58 44
160 58 0
0 63 44
160 63 0
0 66 53
160 66 0
0 63 43
160 63 0
0 58 43
160 58 0
0 63 55
160 63 0
0 58 44
160 58 0
0 63 45
160 63 0
0 66 51
160 66 0
0 63 46
160 63 0
0 58 46
160 58 0
0 70 0
0 70 68
160 62 54
160 62 0
0 65 54
160 65 0
0 70 0
0 77 65
160 65 44
160 65 0
0 68 44
160 68 0
0 77 0
0 74 61
160 65 41
160 65 0
0 68 41
160 68 0
0 74 0
0 71 52
160 65 35
160 65 0
0 68 35
160 68 0
0 71 0
0 71 53
160 65 38
160 65 0
0 68 38
160 68 0
0 71 0
0 70 50
160 65 35
160 65 0
0 68 35
160 68 0
0 70 0
0 70 49
160 58 37
160 58 0
0 65 38
160 65 0
0 70 0
0 68 47
160 58 32
160 58 0
0 65 31
160 65 0
0 68 0
0 68 44
160 58 33
160 58 0
0 63 35
160 63 0
0 68 0
0 66 44
160 58 32
160 58 0
0 63 32
160 63 0
0 66 0
0 65 40
160 56 31
160 56 0
0 59 31
160 59 0
0 65 0
0 68 44
160 56 30
160 56 0
0 59 30
160 59 0
0 68 0
0 63 42
160 51 32
160 51 0
0 54 32
160 54 0
0 58 39
160 58 0
0 54 32
160 54 0
0 51 32
160 51 0
0 63 0
0 62 42
160 50 33
160 50 0
0 53 33
160 53 0
0 58 43
160 58 0
0 53 48
80 62 0
80 53 0
0 70 54
150 70 0
10 70 66
160 58 48
160 58 0
0 63 48
160 63 0
0 66 56
160 66 0
0 63 48
160 63 0
0 58 48
160 58 0
0 63 56
160 63 0
0 58 48
160 58 0
0 63 48
160 63 0
0 66 48
160 66 0
0 63 48
160 63 0
0 58 44
160 58 0
0 70 0
0 70 62
160 58 41
160 58 0
0 63 44
160 63 0
0 66 49
160 66 0
0 63 45
160 63 0
0 58 44
160 58 0
0 63 51
160 63 0
0 58 47
160 58 0
0 63 44
160 63 0
0 70 0
0 71 60
0 66 47
160 66 0
0 63 42
160 63 0
0 58 42
160 58 0
0 71 0
0 70 55
160 62 46
160 62 0
0 65 46
160 65 0
0 70 0
0 77 59
160 65 44
160 65 0
0 68 44
160 68 0
0 77 0
0 74 53
160 65 41
160 65 0
0 68 41
160 68 0
0 74 0
0 71 47
160 65 35
160 65 0
0 68 35
160 68 0
0 71 0
0 70 53
160 65 38
160 65 0
0 68 38
160 68 0
0 70 0
0 71 50
160 65 35
160 65 0
0 68 35
160 68 0
0 71 0
0 70 49
160 58 37
160 58 0
0 65 38
160 65 0
0 70 0
0 68 47
160 58 32
160 58 0
0 65 31
160 65 0
0 68 0
0 68 44
160 68 0
0 58 33
160 58 0
0 63 35
160 63 0
0 66 44
160 66 0
0 58 32
160 58 0
0 63 32
160 63 0
0 65 40
160 65 0
0 56 31
160 56 0
0 59 31
160 59 0
0 71 44
160 71 0
0 59 30
160 59 0
0 65 30
160 65 0
0 63 42
160 51 32
160 51 0
0 54 32
160 54 0
0 58 32
160 58 0
0 54 32
160 54 0
0 51 32
160 51 0
0 63 0
0 62 42
160 50 33
160 50 0
0 58 33
0 53 33
160 53 0
0 58 0
0 70 33
160 58 33
80 62 0
80 58 0
0 65 44
160 65 0
0 70 0
0 68 37
160 68 0
0 58 28
160 58 0
0 63 29
160 63 0
0 66 37
160 66 0
0 58 27
160 58 0
0 63 27
160 63 0
0 64 34
160 64 0
0 56 26
160 56 0
0 59 26
160 59 0
0 71 37
160 71 0
0 59 25
160 59 0
0 64 25
160 64 0
0 63 35
160 51 27
160 51 0
0 54 27
160 54 0
0 59 27
160 59 0
0 54 27
160 54 0
0 51 27
160 51 0
0 63 0
0 61 35
160 49 28
160 49 0
0 54 28
160 54 0
0 58 28
160 58 0
0 54 28
160 54 0
0 49 31
160 49 0
0 61 0
0 66 39
160 54 24
160 54 0
0 59 24
160 59 0
0 63 24
160 63 0
0 59 24
160 59 0
0 54 24
160 54 0
0 59 27
160 59 0
0 54 24
160 54 0
0 59 22
160 59 0
0 63 25
160 63 0
0 59 23
160 59 0
0 54 22
160 54 0
0 66 0
0 66 35
160 54 25
160 54 0
0 58 26
160 58 0
0 64 28
160 64 0
0 58 25
160 58 0
0 54 25
160 54 0
0 66 0
0 68 34
160 58 27
160 58 0
0 64 27
160 64 0
0 68 0
0 66 33
160 64 27
160 64 0
0 58 27
160 58 0
0 66 0
0 75 41
160 63 25
160 63 0
0 66 25
160 66 0
0 71 31
160 71 0
0 66 25
160 66 0
0 63 25
160 63 0
0 66 28
160 66 0
0 63 25
160 63 0
0 66 28
160 66 0
0 75 0
0 73 31
160 67 23
160 67 0
0 63 23
160 63 0
0 73 0
0 73 37
160 68 25
160 68 0
0 59 23
160 59 0
0 73 0
0 71 36
160 68 22
160 68 0
0 59 22
160 59 0
0 71 0
0 68 35
160 64 23
160 64 0
0 59 23
160 59 0
0 68 0
0 64 31
160 61 22
160 61 0
0 56 22
160 56 0
0 64 0
0 63 38
160 51 26
160 51 0
0 54 26
160 54 0
0 59 28
160 59 0
0 54 26
160 54 0
0 51 26
160 51 0
0 54 27
160 54 0
0 51 26
160 51 0
0 54 28
160 54 0
0 63 0
0 59 28
0 63 35
160 59 0
0 54 28
160 54 0
0 51 28
160 51 0
0 63 0
0 68 38
160 58 28
160 58 0
0 61 28
160 61 0
0 68 0
0 66 36
160 58 27
160 58 0
0 61 28
160 61 0
0 66 0
0 64 35
160 54 27
160 54 0
0 58 27
160 58 0
0 64 0
0 61 34
160 54 26
160 54 0
0 58 26
160 58 0
0 61 0
0 59 30
160 47 20
160 47 0
0 51 20
160 51 0
0 54 22
160 54 0
0 51 20
160 51 0
0 47 20
160 47 0
0 51 21
160 51 0
0 47 20
160 47 0
0 51 22
160 51 0
0 59 0
0 54 22
160 54 0
0 51 22
160 51 0
0 47 22
160 47 0
0 59 30
160 47 20
160 47 0
0 52 20
160 52 0
0 55 22
160 55 0
0 52 20
160 52 0
0 47 20
160 47 0
0 52 21
160 52 0
0 47 20
160 47 0
0 52 22
160 52 0
0 59 0
0 55 22
160 55 0
0 52 22
160 52 0
0 47 22
160 47 0
0 59 30
160 47 20
160 47 0
0 51 20
160 51 0
0 54 22
160 54 0
0 51 20
160 51 0
0 47 20
160 47 0
0 51 25
160 51 0
0 47 34
160 47 0
0 51 38
160 51 0
0 59 0
0 54 42
160 54 0
0 51 46
160 51 0
0 47 50
160 47 0
0 59 54
160 47 51
160 47 0
0 50 47
160 50 0
0 53 42
160 53 0
0 50 38
160 50 0
0 47 34
160 47 0
0 59 0
0 58 39
160 49 20
160 49 0
0 52 22
160 52 0
0 54 22
160 54 0
0 52 22
160 52 0
0 49 22
160 49 0
0 58 0
0 59 30
160 47 20
160 47 0
0 51 20
160 51 0
0 54 22
160 54 0
0 51 20
160 51 0
0 47 20
160 47 0
0 51 21
160 51 0
0 47 20
160 47 0
0 51 22
160 51 0
0 59 0
0 54 22
160 54 0
0 51 22
160 51 0
0 47 22
160 47 0
0 59 30
160 47 20
160 47 0
0 52 20
160 52 0
0 56 22
160 56 0
0 52 20
160 52 0
0 47 20
160 47 0
0 52 21
160 52 0
0 47 20
160 47 0
0 52 22
160 52 0
0 59 0
0 56 22
160 56 0
0 52 22
160 52 0
0 47 22
160 47 0
0 59 30
160 47 20
160 47 0
0 51 20
160 51 0
0 54 22
160 54 0
0 51 20
160 51 0
0 47 20
160 47 0
0 51 25
160 51 0
0 47 33
160 47 0
0 51 36
160 51 0
0 59 0
0 54 39
160 54 0
0 51 42
160 51 0
0 47 45
160 47 0
0 59 48
160 47 45
160 47 0
0 50 42
160 50 0
0 53 40
160 53 0
0 50 37
160 50 0
0 47 35
160 47 0
0 59 0
0 58 39
160 49 20
160 49 0
0 52 22
160 52 0
0 54 22
160 54 0
0 52 22
160 52 0
0 49 22
160 49 0
0 58 0
0 59 30
160 47 20
160 47 0
0 51 20
160 51 0
0 54 22
160 54 0
0 51 20
160 51 0
0 47 20
160 47 0
0 51 25
160 51 0
0 47 28
160 47 0
0 51 31
160 51 0
0 59 0
0 54 34
160 54 0
0 51 37
160 51 0
0 47 40
160 47 0
0 59 49
160 51 41
160 51 0
0 54 41
160 54 0
0 59 0
0 63 54
160 54 46
160 54 0
0 59 42
160 59 0
0 63 0
0 66 62
160 59 49
160 59 0
0 63 53
160 63 0
0 66 0
0 71 67
160 63 55
160 63 0
0 66 58
160 66 0
0 71 0
0 71 77
160 59 60
160 59 0
0 62 60
160 62 0
0 65 68
160 65 0
0 62 49
160 62 0
0 59 57
160 59 0
0 62 65
160 62 0
0 59 54
160 59 0
0 62 54
160 62 0
0 65 63
160 65 0
0 62 54
160 62 0
0 59 54
160 59 0
0 71 0
0 70 75
160 56 50
160 56 0
0 62 50
160 62 0
0 70 0
0 68 68
0 65 46
160 65 0
0 62 49
160 62 0
0 56 44
160 56 0
0 62 56
160 62 0
0 56 46
160 56 0
0 62 41
160 62 0
0 65 57
160 65 0
0 62 46
160 62 0
0 56 46
160 56 0
0 68 0
0 66 75
160 56 53
160 56 0
0 58 53
160 58 0
0 66 0
0 65 68
0 59 46
160 59 0
0 58 44
160 58 0
0 56 46
160 56 0
0 58 56
160 58 0
0 56 46
160 56 0
0 58 41
160 58 0
0 59 53
160 59 0
0 58 46
160 58 0
0 56 46
160 56 0
0 65 0
0 63 75
160 56 53
160 56 0
0 58 53
160 58 0
0 63 0
0 62 68
0 59 46
160 59 0
0 58 50
160 58 0
0 56 50
160 56 0
0 58 56
160 58 0
0 56 41
160 56 0
0 58 35
160 58 0
0 59 49
160 59 0
0 58 37
160 58 0
0 56 35
160 56 0
0 62 0
0 65 45
160 54 30
160 54 0
0 58 24
160 58 0
0 65 0
0 63 44
160 54 29
160 54 0
0 58 24
160 58 0
0 63 0
0 66 47
160 56 30
160 56 0
0 59 24
160 59 0
0 66 0
0 65 44
160 56 35
160 56 0
0 59 30
160 59 0
0 65 0
0 68 54
160 58 37
160 58 0
0 63 30
160 63 0
0 68 0
0 66 47
160 58 30
160 58 0
0 63 26
160 63 0
0 66 0
0 65 50
160 56 29
160 56 0
0 59 24
160 59 0
0 65 0
0 68 45
160 56 29
160 56 0
0 59 25
160 59 0
0 68 0
0 63 30
160 51 20
160 51 0
0 54 20
160 54 0
0 58 22
160 58 0
0 54 20
160 54 0
0 51 20
160 51 0
0 54 25
160 54 0
0 51 28
160 51 0
0 54 28
160 54 0
0 63 0
0 58 34
160 58 0
0 54 37
160 54 0
0 51 40
160 51 0
0 62 49
160 50 41
160 50 0
0 53 41
160 53 0
0 58 40
160 58 0
0 53 42
160 53 0
0 50 42
160 50 0
0 62 0
0 65 58
160 58 49
160 58 0
0 62 53
160 62 0
0 65 0
0 70 64
160 62 54
160 62 0
0 65 58
160 65 0
0 70 0
0 71 77
160 59 51
160 59 0
0 62 56
160 62 0
0 65 66
160 65 0
0 62 49
160 62 0
0 59 56
160 59 0
0 62 61
160 62 0
0 59 56
160 59 0
0 62 56
160 62 0
0 65 56
160 65 0
0 62 56
160 62 0
0 59 57
160 59 0
0 71 0
0 70 75
160 56 52
160 56 0
0 62 52
160 62 0
0 70 0
0 68 68
0 65 46
160 65 0
0 62 48
160 62 0
0 56 48
160 56 0
0 62 56
160 62 0
0 56 46
160 56 0
0 62 41
160 62 0
0 65 53
160 65 0
0 62 46
160 62 0
0 56 46
160 56 0
0 68 0
0 66 75
160 56 52
160 56 0
0 58 53
160 58 0
0 66 0
0 65 68
0 59 46
160 59 0
0 58 44
160 58 0
0 56 50
160 56 0
0 58 56
160 58 0
0 56 46
160 56 0
0 58 41
160 58 0
0 59 53
160 59 0
0 58 46
160 58 0
0 56 46
160 56 0
0 65 0
0 63 75
160 56 56
160 56 0
0 58 56
160 58 0
0 63 0
0 62 68
0 59 46
160 59 0
0 58 47
160 58 0
0 56 47
160 56 0
0 58 56
160 58 0
0 56 41
160 56 0
0 58 39
160 58 0
0 59 49
160 59 0
0 58 37
160 58 0
0 56 35
160 56 0
0 62 0
0 65 45
160 54 30
160 54 0
0 58 24
160 58 0
0 65 0
0 63 44
160 54 29
160 54 0
0 58 24
160 58 0
0 63 0
0 66 47
160 56 30
160 56 0
0 59 24
160 59 0
0 66 0
0 65 44
160 56 35
160 56 0
0 59 30
160 59 0
0 65 0
0 68 54
160 58 37
160 58 0
0 63 30
160 63 0
0 68 0
0 66 47
160 58 30
160 58 0
0 63 26
160 63 0
0 66 0
0 64 50
160 56 29
160 56 0
0 59 24
146 71 45
14 59 0
0 64 0
160 59 29
160 59 0
0 64 25
146 71 0
14 64 0
0 63 30
160 51 20
160 51 0
0 54 20
160 54 0
0 58 22
160 58 0
0 54 20
160 54 0
0 51 20
160 51 0
0 54 25
160 54 0
0 51 28
160 51 0
0 54 28
160 54 0
0 63 0
0 58 34
160 58 0
0 54 37
160 54 0
0 51 40
160 51 0
0 62 49
160 50 41
160 50 0
0 53 38
160 53 0
0 58 40
160 58 0
0 53 35
160 53 0
0 50 36
160 50 0
0 62 0
0 53 40
160 53 0
0 50 35
160 50 0
0 53 35
160 53 0
0 58 40
160 58 0
0 53 35
160 53 0
0 50 36
160 50 0
0 70 47
160 58 32
160 58 0
0 63 32
160 63 0
0 67 37
160 67 0
0 63 32
160 63 0
0 58 33
160 58 0
0 63 35
160 63 0
0 58 31
160 58 0
0 63 31
160 63 0
0 67 36
160 67 0
0 63 30
160 63 0
0 58 30
160 58 0
0 70 0
0 70 50
160 58 29
160 58 0
0 62 29
160 62 0
0 70 0
0 68 38
160 68 0
0 62 28
160 62 0
0 58 28
160 58 0
0 72 42
160 62 28
160 62 0
0 68 28
160 68 0
0 72 0
0 70 39
160 68 28
160 68 0
0 62 28
160 62 0
0 70 0
0 79 41
160 67 25
160 67 0
0 70 25
160 70 0
0 75 31
160 75 0
0 70 25
160 70 0
0 67 25
160 67 0
0 70 28
160 70 0
0 67 25
160 67 0
0 70 28
160 70 0
0 79 0
0 77 31
160 71 23
160 71 0
0 67 23
160 67 0
0 77 0
0 77 37
160 72 25
160 72 0
0 63 23
160 63 0
0 77 0
0 75 36
160 72 22
160 72 0
0 63 22
160 63 0
0 75 0
0 72 35
160 68 23
160 68 0
0 63 23
160 63 0
0 72 0
0 68 31
160 65 22
160 65 0
0 60 22
160 60 0
0 68 0
0 67 39
160 55 24
160 55 0
0 58 24
160 58 0
0 63 29
160 63 0
0 58 25
160 58 0
0 55 25
160 55 0
0 58 29
160 58 0
0 55 24
160 55 0
0 58 24
160 58 0
0 67 0
0 63 38
0 67 38
160 63 0
0 58 25
160 58 0
0 55 25
160 55 0
0 67 0
0 72 36
160 62 26
160 62 0
0 65 26
160 65 0
0 72 0
0 70 36
160 62 22
160 62 0
0 65 22
160 65 0
0 70 0
0 68 33
160 58 24
160 58 0
0 62 24
160 62 0
0 68 0
0 65 33
160 58 22
160 58 0
0 62 22
160 62 0
0 65 0
0 63 30
160 51 20
160 51 0
0 55 20
160 55 0
0 58 22
160 58 0
0 55 20
160 55 0
0 51 20
160 51 0
0 55 21
160 55 0
0 51 20
160 51 0
0 55 22
160 55 0
0 63 0
0 58 22
160 58 0
0 55 22
160 55 0
0 51 22
160 51 0
0 63 30
160 51 20
160 51 0
0 55 20
160 55 0
0 58 22
160 58 0
0 55 20
160 55 0
0 51 20
160 51 0
0 55 21
160 55 0
0 51 20
160 51 0
0 55 22
160 55 0
0 63 0
0 58 22
160 58 0
0 55 22
160 55 0
0 51 22
160 51 0
0 63 30
160 51 20
160 51 0
0 56 20
160 56 0
0 59 22
160 59 0
0 56 20
160 56 0
0 51 20
160 51 0
0 56 21
160 56 0
0 51 20
160 51 0
0 56 22
160 56 0
0 63 0
0 59 22
160 59 0
0 56 22
160 56 0
0 51 22
160 51 0
0 63 30
160 51 20
160 51 0
0 55 20
160 55 0
0 61 22
160 61 0
0 55 20
160 55 0
0 51 20
160 51 0
0 55 21
160 55 0
0 51 20
160 51 0
0 55 22
160 55 0
0 63 0
0 61 22
160 61 0
0 55 22
160 55 0
0 51 22
160 51 0
0 63 30
160 51 20
160 51 0
0 56 20
160 56 0
0 59 22
160 59 0
0 56 20
160 56 0
0 51 20
160 51 0
0 56 21
160 56 0
0 51 20
160 51 0
0 56 22
160 56 0
0 63 0
0 59 22
160 59 0
0 56 22
160 56 0
0 51 22
160 51 0
0 68 36
160 56 24
160 56 0
0 59 24
160 59 0
0 62 27
160 62 0
0 59 25
160 59 0
0 56 25
160 56 0
0 59 39
160 59 0
0 56 43
160 56 0
0 59 46
160 59 0
0 68 0
0 62 50
160 62 0
0 59 54
160 59 0
0 56 57
160 56 0
0 71 74
160 59 55
160 59 0
0 61 55
160 61 0
0 68 64
160 68 0
0 61 48
160 61 0
0 59 48
160 59 0
0 61 52
160 61 0
0 59 42
160 59 0
0 61 42
160 61 0
0 68 51
160 68 0
0 61 38
160 61 0
0 59 36
160 59 0
0 62 46
160 62 0
0 59 38
160 59 0
0 62 37
160 62 0
0 68 36
160 68 0
0 62 36
160 62 0
0 59 35
160 59 0
0 61 34
160 61 0
0 59 33
160 59 0
0 61 32
160 61 0
0 68 31
160 68 0
0 61 30
160 61 0
0 59 29
160 59 0
0 71 0
0 70 44
160 58 26
160 58 0
0 61 26
160 61 0
0 66 29
160 66 0
0 61 25
160 61 0
0 58 25
160 58 0
0 61 30
160 61 0
0 58 25
160 58 0
0 61 25
160 61 0
0 66 29
160 66 0
0 61 26
160 61 0
0 58 26
160 58 0
0 70 0
0 70 41
160 58 27
160 58 0
0 61 29
160 61 0
0 66 31
160 66 0
0 61 26
160 61 0
0 58 29
160 58 0
0 70 0
0 70 44
160 58 28
160 58 0
0 61 30
160 61 0
0 66 35
160 66 0
0 61 31
160 61 0
0 58 33
160 58 0
0 70 0
0 70 49
160 58 27
160 58 0
0 63 27
160 63 0
0 66 34
160 66 0
0 63 29
160 63 0
0 58 29
160 58 0
0 63 37
160 63 0
0 58 29
160 58 0
0 63 29
160 63 0
0 66 36
160 66 0
0 63 29
160 63 0
0 58 29
160 58 0
0 70 0
0 66 49
160 54 30
160 54 0
0 58 30
160 58 0
0 63 36
160 63 0
0 58 30
160 58 0
0 54 30
160 54 0
0 58 37
160 58 0
0 54 30
160 54 0
0 58 30
160 58 0
0 63 35
160 63 0
0 58 30
160 58 0
0 54 30
160 54 0
0 66 0
0 68 49
160 56 29
160 56 0
0 59 29
160 59 0
0 63 37
160 63 0
0 59 29
160 59 0
0 56 29
160 56 0
0 59 37
160 59 0
0 56 29
160 56 0
0 59 29
160 59 0
0 63 36
160 63 0
0 59 29
160 59 0
0 56 29
160 56 0
0 68 0
0 66 46
160 56 29
160 56 0
0 59 29
160 59 0
0 66 0
0 65 45
160 56 28
160 56 0
0 59 28
160 59 0
0 65 0
0 63 44
160 56 29
160 56 0
0 59 30
160 59 0
0 63 0
0 61 40
160 53 29
160 53 0
0 56 30
160 56 0
0 61 0
0 66 49
160 54 32
160 54 0
0 58 33
160 58 0
0 61 35
160 61 0
0 58 36
160 58 0
0 54 38
160 54 0
0 66 0
0 70 48
160 60 38
160 60 0
0 63 36
160 63 0
0 66 35
160 66 0
0 63 33
160 63 0
0 60 32
160 60 0
0 70 0
0 68 41
160 56 27
160 56 0
0 61 27
160 61 0
0 65 30
160 65 0
0 61 27
160 61 0
0 56 27
160 56 0
0 61 30
160 61 0
0 56 27
160 56 0
0 61 27
160 61 0
0 68 0
0 65 31
0 69 39
160 65 0
0 61 24
160 61 0
0 57 24
160 57 0
0 69 0
0 70 44
160 58 26
160 58 0
0 61 26
160 61 0
0 66 29
160 66 0
0 61 25
160 61 0
0 58 25
160 58 0
0 61 30
160 61 0
0 58 25
160 58 0
0 61 25
160 61 0
0 66 29
160 66 0
0 61 26
160 61 0
0 58 26
160 58 0
0 70 0
0 70 41
160 58 27
160 58 0
0 61 29
160 61 0
0 66 31
160 66 0
0 61 26
160 61 0
0 58 29
160 58 0
0 70 0
0 70 44
160 58 28
160 58 0
0 61 30
160 61 0
0 66 35
160 66 0
0 61 31
160 61 0
0 58 33
160 58 0
0 70 0
0 70 49
160 58 27
160 58 0
0 63 27
160 63 0
0 66 34
160 66 0
0 63 29
160 63 0
0 58 29
160 58 0
0 63 37
160 63 0
0 58 29
160 58 0
0 63 29
160 63 0
0 66 36
160 66 0
0 63 29
160 63 0
0 58 29
160 58 0
0 70 0
0 66 49
160 54 30
160 54 0
0 58 30
160 58 0
0 63 36
160 63 0
0 58 30
160 58 0
0 54 30
160 54 0
0 66 0
0 65 49
160 53 30
160 53 0
0 56 30
160 56 0
0 62 35
160 62 0
0 56 30
160 56 0
0 53 30
160 53 0
0 65 0
0 63 49
160 51 35
160 51 0
0 54 40
160 54 0
0 59 45
160 59 0
0 54 50
160 54 0
0 51 56
160 51 0
0 63 0
0 68 65
160 56 48
160 56 0
0 59 45
160 59 0
0 63 55
160 63 0
0 59 33
160 59 0
0 56 36
160 56 0
0 68 0
0 66 46
160 56 29
160 56 0
0 59 29
160 59 0
0 66 0
0 65 45
160 56 28
160 56 0
0 59 28
160 59 0
0 65 0
0 63 44
160 56 29
160 56 0
0 59 30
160 59 0
0 63 0
0 65 40
160 56 29
160 56 0
0 59 30
160 59 0
0 65 0
0 68 49
160 59 27
160 59 0
0 61 27
160 61 0
0 65 34
160 65 0
0 61 29
160 61 0
0 59 29
160 59 0
0 61 37
160 61 0
0 59 29
160 59 0
0 61 29
160 61 0
0 65 36
160 65 0
0 61 29
160 61 0
0 59 29
160 59 0
0 68 0
0 66 49
160 54 30
160 54 0
0 58 30
160 58 0
0 61 36
160 61 0
0 58 30
160 58 0
0 54 30
160 54 0
0 58 37
160 58 0
0 54 30
160 54 0
0 58 30
160 58 0
0 61 35
160 61 0
0 58 30
160 58 0
0 54 30
160 54 0
0 66 0
0 68 44
160 56 26
160 56 0
0 61 26
160 61 0
0 65 29
160 65 0
0 61 25
160 61 0
0 56 25
160 56 0
0 61 30
160 61 0
0 56 26
160 56 0
0 61 26
160 61 0
0 65 30
160 65 0
0 61 27
160 61 0
0 56 27
160 56 0
0 68 0
0 70 43
160 61 29
160 61 0
0 64 31
160 64 0
0 67 39
160 67 0
0 64 31
160 64 0
0 61 38
160 61 0
0 63 42
160 63 0
0 61 45
160 61 0
0 63 49
160 63 0
0 67 55
160 67 0
0 63 53
160 63 0
0 61 59
160 61 0
0 70 0
0 73 70
160 61 48
160 61 0
0 63 49
153 70 58
7 63 0
153 70 0
7 63 39
160 63 0
0 61 42
160 61 0
0 63 53
160 63 0
0 61 40
160 61 0
0 63 33
160 63 0
0 73 0
0 71 50
0 68 37
160 68 0
0 63 33
160 63 0
0 59 33
160 59 0
0 71 0
0 71 41
160 59 28
160 59 0
0 63 28
160 63 0
0 68 30
160 68 0
0 63 25
160 63 0
0 59 25
160 59 0
0 63 31
160 63 0
0 59 25
160 59 0
0 63 25
160 63 0
0 68 29
160 68 0
0 63 25
160 63 0
0 59 25
160 59 0
0 71 0
0 71 54
160 59 33
160 59 0
0 64 33
160 64 0
0 68 37
160 68 0
0 64 32
160 64 0
0 59 32
160 59 0
0 64 39
160 64 0
0 59 33
160 59 0
0 64 33
160 64 0
0 68 39
160 68 0
0 64 35
160 64 0
0 59 36
160 59 0
0 71 0
0 71 49
160 59 37
160 59 0
0 63 40
160 63 0
0 66 44
160 66 0
0 63 38
160 63 0
0 59 40
160 59 0
0 71 0
0 73 51
160 64 46
160 64 0
0 66 49
160 66 0
0 70 58
160 70 0
0 66 54
160 66 0
0 64 62
160 64 0
0 73 0
0 76 69
160 64 49
160 64 0
0 66 49
160 66 0
0 73 63
160 73 0
0 66 46
160 66 0
0 64 46
160 64 0
0 66 54
160 66 0
0 64 36
160 64 0
0 66 37
160 66 0
0 76 0
0 75 57
0 71 42
160 71 0
0 66 37
160 66 0
0 63 37
160 63 0
0 75 0
0 75 45
160 63 31
160 63 0
0 66 31
160 66 0
0 71 34
160 71 0
0 66 28
160 66 0
0 63 28
160 63 0
0 66 35
160 66 0
0 63 28
160 63 0
0 66 28
160 66 0
0 71 34
160 71 0
0 66 28
160 66 0
0 63 28
160 63 0
0 75 0
0 75 47
160 63 32
160 63 0
0 66 32
160 66 0
0 71 32
160 71 0
0 66 32
160 66 0
0 63 43
160 63 0
0 66 31
160 66 0
0 63 31
160 63 0
0 66 31
160 66 0
0 71 36
160 71 0
0 66 30
160 66 0
0 63 30
160 63 0
0 75 0
0 75 46
160 68 29
160 68 0
0 65 29
160 65 0
0 75 0
0 71 43
160 68 28
160 68 0
0 65 28
160 65 0
0 71 0
0 70 43
160 65 28
160 65 0
0 61 28
160 61 0
0 70 0
0 68 39
160 65 28
160 65 0
0 61 28
160 61 0
0 68 0
0 73 47
160 61 32
160 61 0
0 66 32
160 66 0
0 70 42
160 70 0
0 66 32
160 66 0
0 61 32
160 61 0
0 66 35
160 66 0
0 61 31
160 61 0
0 66 31
160 66 0
0 70 36
160 70 0
0 66 30
160 66 0
0 61 30
160 61 0
0 73 0
0 73 46
160 66 29
160 66 0
0 63 29
160 63 0
0 73 0
0 71 43
160 66 28
160 66 0
0 63 28
160 63 0
0 71 0
0 68 43
160 63 28
160 63 0
0 59 28
160 59 0
0 68 0
0 63 39
160 59 28
160 59 0
0 56 28
160 56 0
0 63 0
0 66 47
160 54 29
160 54 0
0 58 29
160 58 0
0 61 38
160 61 0
0 58 29
160 58 0
0 54 31
160 54 0
0 58 35
160 58 0
0 54 30
160 54 0
0 58 30
160 58 0
0 61 36
160 61 0
0 58 30
160 58 0
0 54 30
160 54 0
0 66 0
0 66 45
160 59 29
160 59 0
0 56 29
160 56 0
0 66 0
0 65 41
160 59 28
160 59 0
0 56 28
160 56 0
0 65 0
0 70 42
160 61 28
160 61 0
0 59 28
160 59 0
0 70 0
0 68 39
160 61 26
160 61 0
0 59 26
160 59 0
0 68 0
0 71 47
160 59 29
160 59 0
0 63 29
160 63 0
0 66 29
160 66 0
0 63 29
160 63 0
0 59 26
160 59 0
0 63 36
160 63 0
0 59 30
160 59 0
0 63 30
160 63 0
0 66 48
160 66 0
0 63 37
160 63 0
0 59 37
160 59 0
0 71 0
0 73 58
160 64 41
160 64 0
0 66 36
160 66 0
0 70 54
160 70 0
0 66 44
160 66 0
0 64 45
160 64 0
0 73 0
0 74 67
160 64 44
160 64 0
0 66 44
160 66 0
0 70 56
160 70 0
0 66 51
160 66 0
0 64 53
160 64 0
0 74 0
0 75 71
160 63 38
160 63 0
0 66 37
160 66 0
0 71 42
160 71 0
0 66 36
160 66 0
0 63 36
160 63 0
0 66 38
160 66 0
0 63 33
160 63 0
0 66 33
160 66 0
0 71 37
160 71 0
0 66 31
160 66 0
0 63 30
160 63 0
0 75 0
0 75 50
160 68 29
160 68 0
0 65 29
160 65 0
0 75 0
0 74 48
160 68 28
160 68 0
0 65 28
160 65 0
0 74 0
0 71 42
160 65 28
160 65 0
0 62 28
160 62 0
0 71 0
0 68 39
160 65 28
160 65 0
0 61 28
160 61 0
0 68 0
0 73 47
160 61 32
160 61 0
0 66 32
160 66 0
0 70 36
160 70 0
0 66 32
160 66 0
0 61 32
160 61 0
0 66 36
160 66 0
0 61 31
160 61 0
0 66 31
160 66 0
0 70 36
160 70 0
0 66 30
160 66 0
0 61 30
160 61 0
0 73 0
0 73 46
160 67 29
160 67 0
0 63 29
160 63 0
0 73 0
0 71 43
160 68 28
160 68 0
0 63 28
160 63 0
0 71 0
0 68 43
160 63 28
160 63 0
0 59 28
160 59 0
0 68 0
0 63 39
160 60 28
160 60 0
0 56 28
160 56 0
0 63 0
0 66 47
160 54 29
160 54 0
0 58 29
160 58 0
0 61 34
160 61 0
0 58 29
160 58 0
0 54 30
160 54 0
0 58 34
160 58 0
0 54 30
160 54 0
0 58 30
160 58 0
0 61 36
160 61 0
0 58 30
160 58 0
0 54 30
160 54 0
0 66 0
0 66 45
160 59 29
160 59 0
0 56 29
160 56 0
0 66 0
0 65 41
160 59 28
160 59 0
0 56 28
160 56 0
0 65 0
0 70 42
160 61 28
160 61 0
0 59 28
160 59 0
0 70 0
0 68 39
160 61 26
160 61 0
0 59 26
160 59 0
0 68 0
0 66 47
160 54 29
160 54 0
0 58 29
160 58 0
0 61 33
160 61 0
0 58 29
160 58 0
0 54 29
160 54 0
0 58 32
160 58 0
0 54 30
160 54 0
0 58 30
160 58 0
0 61 36
160 61 0
0 58 30
160 58 0
0 54 30
160 54 0
0 66 0
0 66 47
160 54 29
160 54 0
0 58 29
160 58 0
0 61 32
160 61 0
0 58 29
160 58 0
0 54 37
160 54 0
0 58 41
160 58 0
0 54 43
160 54 0
0 58 45
160 58 0
0 61 47
160 61 0
0 58 50
160 58 0
0 54 52
160 54 0
0 66 0
0 66 60
160 54 47
160 54 0
0 59 43
160 59 0
0 62 57
160 62 0
0 59 46
160 59 0
0 54 46
160 54 0
0 59 58
160 59 0
0 54 44
160 54 0
0 59 45
160 59 0
0 62 61
160 62 0
0 59 51
160 59 0
0 54 53
160 54 0
0 66 0
0 66 72
160 54 48
160 54 0
0 58 48
160 58 0
0 64 61
160 64 0
0 58 52
160 58 0
0 54 52
160 54 0
0 66 0
0 67 66
0 58 58
160 58 0
0 54 59
160 54 0
0 58 59
160 58 0
0 67 0
0 66 67
0 64 67
160 64 0
0 58 62
160 58 0
0 54 62
160 54 0
0 66 0
0 66 80
160 54 58
160 54 0
0 59 59
160 59 0
0 62 70
160 62 0
0 59 60
160 59 0
0 54 61
160 54 0
0 59 71
160 59 0
0 54 63
160 54 0
0 59 59
160 59 0
0 62 75
160 62 0
0 59 63
160 59 0
0 54 64
160 54 0
0 66 0
0 60 82
160 48 67
160 48 0
0 54 65
160 54 0
0 57 63
160 57 0
0 54 61
160 54 0
0 48 59
160 48 0
0 60 0
0 54 56
160 54 0
0 48 54
160 48 0
0 54 50
160 54 0
0 57 46
160 57 0
0 54 42
160 54 0
0 48 39
160 48 0
0 61 45
160 49 33
160 49 0
0 54 33
160 54 0
0 58 36
160 58 0
0 54 32
160 54 0
0 49 32
160 49 0
0 54 35
160 54 0
0 49 31
160 49 0
0 54 31
160 54 0
0 58 37
160 58 0
0 54 30
160 54 0
0 49 30
160 49 0
0 61 0
0 61 45
160 53 29
160 53 0
0 56 29
160 56 0
0 61 0
0 71 41
160 59 28
160 59 0
0 61 28
160 61 0
0 71 0
0 68 42
160 59 28
160 59 0
0 61 28
160 61 0
0 68 0
0 65 39
160 59 26
160 59 0
0 61 26
160 61 0
0 65 0
0 66 47
160 54 27
160 54 0
0 58 27
160 58 0
0 61 33
160 61 0
0 58 27
160 58 0
0 54 27
160 54 0
0 58 32
160 58 0
0 54 30
160 54 0
0 58 30
160 58 0
0 61 36
160 61 0
0 58 30
160 58 0
0 54 30
160 54 0
0 66 0
0 66 47
160 54 29
160 54 0
0 58 29
160 58 0
0 61 32
160 61 0
0 58 29
160 58 0
0 54 37
160 54 0
0 58 41
160 58 0
0 54 43
160 54 0
0 58 45
160 58 0
0 61 47
160 61 0
0 58 50
160 58 0
0 54 52
160 54 0
0 66 0
0 66 60
160 54 44
160 54 0
0 59 43
160 59 0
0 62 52
160 62 0
0 59 46
160 59 0
0 54 46
160 54 0
0 59 53
160 59 0
0 54 44
160 54 0
0 59 45
160 59 0
0 62 56
160 62 0
0 59 46
160 59 0
0 54 46
160 54 0
0 66 0
0 66 64
160 54 48
160 54 0
0 57 48
160 57 0
0 62 58
160 62 0
0 57 47
160 57 0
0 54 48
160 54 0
0 57 58
160 57 0
0 54 59
160 54 0
0 57 59
160 57 0
0 62 67
160 62 0
0 57 62
160 57 0
0 54 62
160 54 0
0 66 0
0 67 80
160 55 53
160 55 0
0 58 54
160 58 0
0 62 67
160 62 0
0 58 56
160 58 0
0 55 56
160 55 0
0 58 70
160 58 0
0 55 58
160 55 0
0 58 59
160 58 0
0 62 72
160 62 0
0 58 55
160 58 0
0 55 60
160 55 0
0 67 0
0 60 83
160 48 67
160 48 0
0 54 65
160 54 0
0 57 63
160 57 0
0 54 61
160 54 0
0 48 59
160 48 0
0 60 0
0 54 56
160 54 0
0 48 54
160 48 0
0 54 50
160 54 0
0 57 46
160 57 0
0 54 42
160 54 0
0 48 39
160 48 0
0 61 45
160 49 33
160 49 0
0 54 33
160 54 0
0 58 36
160 58 0
0 54 32
160 54 0
0 49 32
160 49 0
0 54 35
160 54 0
0 49 31
160 49 0
0 54 31
160 54 0
0 58 37
160 58 0
0 54 30
160 54 0
0 49 30
160 49 0
0 61 0
0 61 45
160 53 29
160 53 0
0 56 29
160 56 0
0 61 0
0 71 41
160 59 28
160 59 0
0 61 28
160 61 0
0 71 0
0 68 42
160 59 28
160 59 0
0 61 28
160 61 0
0 68 0
0 65 39
160 59 26
160 59 0
0 61 26
160 61 0
0 65 0
0 66 45
160 54 32
160 54 0
0 58 32
160 58 0
0 61 34
160 61 0
0 54 30
160 54 0
0 58 30
160 58 0
0 63 38
160 63 0
0 54 28
160 54 0
0 59 27
160 59 0
0 61 32
160 61 0
0 54 26
160 54 0
0 58 26
160 58 0
0 66 0
0 65 40
160 59 23
160 59 0
0 61 23
160 61 0
0 65 0
0 71 38
160 59 25
160 59 0
0 61 25
160 61 0
0 71 0
0 68 39
160 59 22
160 59 0
0 61 26
160 61 0
0 68 0
0 65 35
160 59 20
160 59 0
0 61 20
160 61 0
0 65 0
0 66 42
160 54 25
160 54 0
0 58 26
160 58 0
0 61 32
160 61 0
0 54 26
160 54 0
0 58 26
160 58 0
0 63 38
160 63 0
0 54 25
160 54 0
0 59 25
160 59 0
0 61 32
160 61 0
0 54 26
160 54 0
0 58 26
160 58 0
0 66 0
0 65 36
160 59 23
160 59 0
0 61 23
160 61 0
0 65 0
0 75 40
160 65 22
160 65 0
0 68 22
160 68 0
0 75 0
0 71 37
160 61 22
160 61 0
0 65 22
160 65 0
0 71 0
0 68 31
160 61 20
160 61 0
0 65 20
160 65 0
0 68 0
0 66 36
160 54 26
160 54 0
0 58 26
160 58 0
0 61 28
160 61 0
0 58 25
160 58 0
0 54 25
160 54 0
0 58 32
160 58 0
0 54 24
160 54 0
0 58 24
160 58 0
0 61 29
160 61 0
0 58 24
160 58 0
0 54 24
160 54 0
0 66 0
0 58 32
0 66 36
160 58 0
0 54 26
160 54 0
0 58 26
160 58 0
0 61 28
160 61 0
0 58 25
160 58 0
0 54 25
160 54 0
0 66 0
0 66 36
0 58 32
160 58 0
0 54 24
160 54 0
0 58 24
160 58 0
0 61 29
160 61 0
0 58 24
160 58 0
0 54 24
160 54 0
0 66 0
0 54 25
0 58 25
0 66 36
1920 66 0
0 58 0
0 54 0
0 54 22
0 58 22
0 66 32
960 66 0
0 58 0
0 54 0
0 54 20
0 58 20
0 66 30
960 66 0
0 58 0
0 54 0
0 54 19
0 58 19
0 66 28
3840 66 0
0 58 0
0 54 0
0 42 29
0 49 35
1920 49 0
0 42 0
0 49 35
0 42 29
960 42 0
0 49 0
0 42 29
0 49 35
960 49 0
0 42 0
0 51 35
0 39 29
3840 39 0
0 51 0
0 35 29
0 47 35
1920 47 0
0 35 0
0 37 29
0 49 35
1440 49 0
0 37 0
0 47 20
0 49 26
480 49 0
0 47 0
0 46 29
0 49 35
960 49 0
0 46 0
0 51 35
0 42 29
840 42 0
0 51 0
0 37 29
120 53 35
1920 53 0
0 37 0
0 49 35
0 42 29
1920 42 0
0 49 0
0 49 35
0 42 29
960 42 0
0 49 0
0 49 35
0 42 29
960 42 0
0 49 0
0 51 35
0 39 29
1920 39 0
0 51 0
0 39 29
0 51 35
960 51 0
0 39 0
0 46 35
0 34 29
960 34 0
0 46 0
0 35 29
0 47 35
960 47 0
0 35 0
0 44 35
0 32 29
960 32 0
0 44 0
0 37 29
0 49 35
1920 49 0
0 37 0
0 42 29
0 49 35
3840 49 0
0 42 0
0 53 35
0 49 29
1920 49 0
0 53 0
0 51 34
0 55 40
0 46 34
1920 46 0
0 55 0
0 51 0
0 56 50
0 44 41
0 51 41
1920 51 0
0 44 0
0 56 0
0 56 35
0 51 29
0 44 29
1920 44 0
0 51 0
0 56 0
0 52 33
0 56 40
1920 56 0
0 52 0
0 54 46
0 51 39
960 51 0
0 54 0
0 58 46
0 49 39
0 54 39
960 54 0
0 49 0
0 58 0
0 47 47
0 54 47
0 59 57
1920 59 0
0 54 0
0 47 0
0 47 33
0 54 33
0 59 40
1920 59 0
0 54 0
0 47 0
0 47 29
0 54 35
1920 54 0
0 47 0
0 56 35
0 47 29
960 56 0
0 53 35
960 53 0
0 47 0
0 46 29
0 54 35
1920 54 0
0 46 0
0 47 29
0 54 35
960 54 0
0 56 35
798 56 0
162 47 0
0 49 35
1800 37 35
120 37 0
0 49 0
0 49 35
960 54 35
480 54 0
0 53 35
480 53 0
0 49 0
0 42 30
0 49 35
1920 49 0
0 42 0
0 49 35
0 46 30
960 46 0
0 49 0
0 46 30
0 49 35
960 49 0
0 46 0
0 49 29
0 53 35
1920 53 0
0 49 0
0 46 34
0 55 40
0 52 34
960 52 0
6 51 55
954 55 0
0 46 0
0 44 41
0 51 41
0 55 50
6 51 0
1434 55 0
0 56 44
480 56 0
0 51 0
0 44 0
0 51 29
0 56 35
0 44 29
1680 44 0
0 42 60
240 42 0
0 56 0
0 51 0
0 40 68
1920 40 0
0 39 55
960 39 0
0 37 56
96 37 0
0 39 38
96 39 0
0 37 45
96 37 0
0 39 39
96 39 0
0 37 42
96 37 0
0 39 44
96 39 0
0 37 55
128 37 0
0 35 46
128 35 0
0 37 56
128 37 0
0 35 67
3840 35 0
0 47 29
0 54 35
1920 54 0
0 47 0
0 47 29
0 56 35
960 56 0
0 53 35
960 53 0
0 47 0
0 54 35
0 46 29
1920 46 0
0 54 0
0 55 35
0 47 29
480 55 0
0 56 35
480 56 0
0 51 35
480 47 0
0 48 29
480 48 0
0 51 0
0 49 35
1800 37 35
120 37 0
0 49 0
0 49 35
960 54 35
480 54 0
0 53 35
480 53 0
0 49 0
0 42 30
0 49 35
2880 49 0
0 42 0
0 50 55
0 41 55
960 41 0
0 50 0
0 39 58
0 51 58
1440 51 0
0 39 0
0 39 57
160 39 0
0 41 61
160 41 0
0 42 65
160 42 0
0 42 69
1440 42 0
0 42 60
160 42 0
0 44 63
160 44 0
0 46 67
160 46 0
0 46 77
480 59 56
480 59 0
0 56 54
480 56 0
0 53 49
480 53 0
0 50 49
1680 50 0
0 48 35
120 48 0
0 50 35
120 50 0
0 46 0
0 51 44
960 51 0
0 44 44
960 44 0
0 46 42
1440 46 0
0 44 59
160 44 0
0 42 62
160 42 0
0 41 66
160 41 0
0 39 69
0 51 69
1440 51 0
0 39 0
0 39 61
160 39 0
0 41 64
160 41 0
0 42 67
160 42 0
0 42 70
1440 42 0
0 42 58
160 42 0
0 44 61
160 44 0
0 46 64
160 46 0
0 46 74
480 59 56
480 59 0
0 56 54
480 56 0
0 53 49
480 53 0
0 50 49
960 50 0
0 50 35
96 50 0
0 51 30
96 51 0
0 50 35
86 50 0
0 51 30
85 51 0
0 50 35
86 50 0
0 51 30
85 51 0
0 50 35
85 51 32
1 50 0
85 51 0
0 50 35
85 50 0
0 48 32
85 50 38
1 48 0
84 50 0
0 46 0
0 51 44
960 51 0
0 44 44
960 44 0
0 46 42
1440 46 0
0 38 35
0 50 40
480 50 0
0 38 0
0 39 31
0 51 37
960 51 0
0 39 0
0 32 31
0 44 37
960 44 0
0 32 0
0 42 35
0 30 29
960 30 0
0 42 0
0 40 35
960 40 0
0 39 35
1920 39 0
0 37 32
1920 37 0
0 35 37
1920 35 0
0 40 33
1920 40 0
0 42 37
1920 42 0
0 49 33
0 42 33
1440 49 0
0 52 33
480 52 0
0 42 0
0 35 29
1920 35 0
0 31 29
1440 31 0
0 31 29
160 31 0
0 33 29
160 33 0
0 35 29
150 35 0
10 35 29
1440 35 0
0 37 49
120 37 0
0 39 51
120 39 0
0 40 54
120 40 0
0 42 58
120 42 0
0 43 61
960 43 0
0 42 38
960 42 0
0 35 29
1920 35 0
0 32 29
1440 32 0
0 32 29
160 32 0
0 34 29
160 34 0
0 35 29
150 35 0
10 35 29
1440 35 0
0 37 50
120 37 0
0 39 53
120 39 0
0 40 57
120 40 0
0 42 61
120 42 0
0 44 65
960 44 0
0 42 38
960 42 0
0 35 29
3840 35 0
0 44 74
1440 44 0
0 44 55
160 44 0
0 46 59
160 46 0
0 47 63
150 47 0
10 47 73
1440 47 0
0 47 56
160 47 0
0 49 61
160 49 0
0 50 64
150 50 0
10 50 73
1440 50 0
0 50 56
160 50 0
0 51 61
160 51 0
0 53 64
150 53 0
10 53 73
1440 53 0
0 41 56
480 41 0
0 42 40
960 42 0
0 38 40
960 38 0
0 39 49
960 39 0
0 32 40
960 32 0
0 34 29
1120 34 0
0 33 25
160 33 0
0 34 25
160 34 0
0 35 29
160 35 0
0 34 25
160 34 0
0 33 25
160 33 0
0 34 29
1440 34 0
0 46 29
0 34 29
480 34 0
0 46 0
0 44 74
0 32 64
1440 32 0
0 44 0
0 44 55
160 44 0
0 46 59
160 46 0
0 47 63
150 47 0
10 35 64
0 47 73
1440 47 0
0 35 0
0 47 56
160 47 0
0 49 61
160 49 0
0 50 64
150 50 0
10 50 73
7 38 64
1433 50 0
0 50 56
7 38 0
153 50 0
0 51 61
160 51 0
0 53 64
150 53 0
10 41 64
0 53 73
1440 53 0
0 41 0
0 41 56
480 41 0
0 42 40
960 42 0
0 38 40
137 38 0
0 39 36
137 38 40
0 39 0
137 38 0
0 39 36
136 38 40
1 39 0
136 38 0
0 36 35
137 36 0
0 38 36
139 38 0
0 39 49
960 39 0
0 32 40
960 32 0
0 34 29
1120 34 0
0 33 25
160 33 0
0 34 25
160 34 0
0 35 29
160 35 0
0 34 25
160 34 0
0 33 25
160 33 0
0 34 29
960 34 0
0 32 29
960 32 0
0 31 29
0 43 35
1920 43 0
0 31 0
0 41 35
1920 41 0
0 39 37
1920 39 0
0 44 33
1920 44 0
0 46 35
1920 46 0
0 53 35
0 46 29
1440 53 0
0 56 35
480 56 0
0 46 0
0 39 29
1920 39 0
0 37 35
1440 37 0
0 40 24
160 40 0
0 39 28
160 39 0
0 37 31
160 37 0
0 35 29
1920 35 0
0 34 35
1120 34 0
0 35 24
160 35 0
0 34 24
160 34 0
0 37 27
160 37 0
0 35 24
160 35 0
0 34 24
160 34 0
0 32 29
1920 32 0
0 30 22
96 30 0
0 32 18
96 32 0
0 30 24
96 30 0
0 32 21
96 32 0
0 30 22
96 30 0
0 32 18
96 32 0
0 30 24
96 30 0
0 32 21
96 32 0
0 30 27
96 30 0
0 32 23
96 32 0
0 30 31
96 30 0
0 32 26
96 32 0
0 30 35
96 30 0
0 32 29
96 32 0
0 30 38
96 30 0
0 32 32
96 32 0
0 30 42
128 30 0
0 29 37
128 29 0
0 30 38
128 30 0
0 41 68
0 29 60
960 29 0
0 41 0
0 41 50
240 44 41
240 44 0
0 47 41
240 47 0
0 49 41
240 49 0
0 41 0
0 41 40
0 50 49
960 50 0
0 41 0
0 49 31
960 49 0
0 42 29
0 49 35
1920 49 0
0 42 0
0 49 35
0 42 29
960 42 0
0 49 0
0 42 29
0 49 35
960 49 0
0 42 0
0 51 35
0 39 29
3840 39 0
0 51 0
4 35 29
3 47 35
1913 37 29
0 49 35
4 35 0
3 47 0
1433 37 0
0 49 0
0 47 20
0 49 26
480 49 0
0 47 0
0 46 29
0 49 35
960 49 0
0 46 0
0 51 35
0 42 29
840 42 0
0 51 0
0 37 29
120 53 35
1920 53 0
0 37 0
0 49 35
0 42 29
1920 42 0
0 49 0
0 49 35
0 42 29
960 42 0
0 49 0
0 49 35
0 42 29
960 42 0
0 49 0
0 39 29
0 51 35
2880 51 0
0 39 0
0 46 35
0 34 29
960 34 0
0 46 0
4 35 29
3 47 35
953 44 40
0 32 33
4 35 0
3 47 0
953 44 0
0 32 0
0 37 29
0 49 35
1920 49 0
0 37 0
0 42 29
0 49 35
3840 49 0
0 42 0
0 53 35
0 49 29
1920 49 0
0 53 0
0 52 34
0 55 40
0 46 34
960 52 0
0 51 41
960 51 0
0 46 0
0 55 0
0 44 41
0 51 41
7 55 50
1440 55 0
7 56 44
466 51 0
0 44 0
0 56 35
0 51 29
0 44 29
14 56 0
1666 44 0
0 42 43
240 42 0
0 51 0
0 56 0
0 40 68
1920 40 0
0 39 55
960 39 0
0 37 44
96 37 0
0 39 44
96 39 0
0 37 56
77 37 0
0 39 39
77 37 56
0 39 0
77 37 0
0 39 39
76 37 42
1 39 0
76 37 0
0 39 44
77 39 0
0 37 55
102 35 46
1 37 0
102 35 0
0 37 56
102 37 0
0 35 67
3840 35 0
0 54 35
4 47 29
1916 54 0
0 47 29
0 56 35
4 47 0
956 56 0
0 53 35
960 53 0
0 47 0
0 54 35
0 46 29
1920 46 0
0 54 0
0 54 35
0 47 29
960 54 0
0 56 35
790 56 0
170 47 0
0 49 35
1800 37 35
120 37 0
0 49 0
0 49 42
960 54 35
480 54 0
0 53 35
480 53 0
0 49 0
0 51 30
0 54 35
1920 54 0
0 51 0
0 54 35
0 58 42
1920 58 0
0 54 0
0 47 46
0 54 46
0 59 57
1920 59 0
0 54 0
0 47 0
0 47 29
0 56 35
960 56 0
0 53 35
960 53 0
0 47 0
0 54 35
0 46 29
1920 46 0
0 54 0
0 55 35
0 47 29
480 55 0
0 56 35
480 56 0
0 51 35
480 47 0
0 48 29
480 48 0
0 51 0
0 49 35
1800 37 35
120 37 0
0 49 0
0 49 35
960 54 35
480 54 0
0 53 35
480 53 0
0 49 0
0 42 35
1920 42 0
0 40 43
1920 40 0
0 38 63
1920 38 0
0 38 44
96 38 0
0 37 41
96 37 0
0 38 44
96 38 0
0 37 42
96 37 0
0 38 44
110 38 0
0 37 45
109 37 0
0 38 47
110 38 0
0 37 48
109 37 0
0 38 50
109 37 51
1 38 0
109 37 0
0 38 52
111 38 0
1 37 54
109 37 0
0 38 55
110 38 0
0 37 56
109 37 0
0 38 58
109 37 59
1 38 0
109 37 0
0 35 60
109 35 0
0 37 62
111 37 0
0 35 84
1920 35 0
0 38 77
1920 38 0
0 37 40
1920 37 0
0 37 35
480 37 0
0 49 35
480 53 31
480 53 0
0 56 31
480 56 0
0 49 0
0 42 35
1920 42 0
0 40 43
1920 40 0
0 38 63
1920 38 0
0 36 37
96 36 0
0 38 33
96 38 0
0 36 37
96 36 0
0 38 33
96 38 0
0 36 38
96 36 0
0 38 39
96 38 0
0 36 41
96 36 0
0 38 44
96 38 0
0 36 45
96 36 0
0 38 47
96 38 0
0 36 50
96 36 0
0 38 51
96 38 0
0 36 54
96 36 0
0 38 55
96 38 0
0 36 58
96 36 0
0 38 60
96 38 0
0 36 62
128 36 0
0 34 65
128 34 0
0 36 68
128 36 0
5 34 84
1915 38 77
5 34 0
1915 38 0
0 37 40
1920 37 0
0 37 35
480 37 0
0 49 35
480 53 31
480 53 0
0 56 31
480 56 0
0 49 0
0 42 40
480 49 27
0 46 27
480 46 0
0 49 0
0 47 26
0 51 30
480 51 0
0 47 0
0 49 24
0 46 24
480 46 0
0 49 0
0 42 0
0 37 28
480 37 0
0 49 28
480 53 24
480 53 0
0 56 24
480 56 0
0 49 0
0 42 40
480 49 24
0 46 24
480 46 0
0 49 0
0 47 23
0 51 27
480 51 0
0 47 0
0 49 21
0 46 21
480 46 0
0 49 0
0 42 0
0 37 28
480 37 0
0 49 28
480 56 24
480 56 0
0 59 24
480 59 0
0 49 0
0 49 32
0 42 28
1920 42 0
0 49 0
0 49 28
0 42 25
960 42 0
0 49 0
0 42 25
0 49 28
960 49 0
0 42 0
160 42 26
160 42 0
0 46 25
160 46 0
0 49 27
160 49 0
0 46 24
160 46 0
0 42 24
160 42 0
0 46 30
160 46 0
0 42 22
160 42 0
0 46 22
160 46 0
0 49 26
160 49 0
0 46 22
160 46 0
0 42 21
160 42 0
0 46 28
160 46 0
0 42 23
160 42 0
0 46 23
160 46 0
0 49 24
160 49 0
0 46 21
160 46 0
0 42 21
160 42 0
0 46 27
160 46 0
0 42 20
160 42 0
0 37 20
160 37 0
0 42 24
160 42 0
0 37 19
160 37 0
0 34 19
160 34 0
0 30 20
0 37 20
0 42 23
3840 42 0
0 37 0
0 30 0
