1680 74 52
120 74 0
120 72 63
240 72 0
0 71 37
120 71 0
120 71 43
120 71 0
120 71 37
120 71 0
120 71 55
240 71 0
0 72 40
120 72 0
360 75 51
120 75 0
120 72 63
240 72 0
0 71 37
120 71 0
120 71 44
120 71 0
120 71 37
120 71 0
120 71 57
240 71 0
0 72 47
120 72 0
360 75 54
240 75 0
0 72 63
240 72 0
0 70 52
120 70 0
120 70 54
120 70 0
120 70 54
120 70 0
120 72 63
240 72 0
0 70 53
120 70 0
120 70 55
120 70 0
120 70 55
120 70 0
120 72 63
120 72 0
0 70 52
120 70 0
0 69 53
120 69 0
0 70 53
120 70 0
0 72 58
120 72 0
120 74 54
120 74 0
120 70 58
240 70 0
1440 86 52
120 86 0
120 84 64
240 84 0
0 83 37
120 83 0
120 83 43
120 83 0
120 83 37
120 83 0
120 83 55
240 83 0
0 84 42
120 84 0
360 87 51
120 87 0
120 84 64
240 84 0
0 83 37
120 83 0
120 83 44
120 83 0
120 83 37
120 83 0
120 83 57
240 83 0
0 84 47
120 84 0
360 87 54
240 87 0
0 84 64
240 84 0
0 82 52
120 82 0
120 82 54
120 82 0
120 82 54
120 82 0
120 84 64
240 84 0
0 82 53
120 82 0
120 82 55
120 82 0
120 82 55
120 82 0
120 84 64
120 84 0
0 82 52
120 82 0
0 81 53
120 81 0
0 82 53
120 82 0
0 84 58
120 84 0
120 86 54
120 86 0
120 82 58
480 82 0
240 74 57
120 74 0
120 79 60
480 79 0
0 75 60
480 75 0
0 72 60
480 72 0
0 74 60
120 74 0
120 75 58
120 75 0
120 77 57
120 77 0
0 79 53
120 79 0
0 77 53
120 77 0
0 75 53
120 75 0
0 74 59
120 74 0
0 75 52
120 75 0
0 74 52
120 74 0
0 72 53
120 72 0
0 70 60
720 70 0
0 70 57
120 70 0
120 75 60
480 75 0
0 72 60
480 72 0
0 69 60
480 69 0
0 74 65
0 62 54
120 62 0
0 74 0
120 60 49
0 72 58
120 72 0
0 60 0
120 60 55
0 72 66
240 72 0
0 60 0
0 58 51
0 70 60
120 70 0
0 58 0
120 69 67
0 57 56
120 57 0
0 69 0
120 55 52
0 67 61
120 67 0
0 55 0
120 70 73
0 58 61
240 58 0
0 70 0
0 69 66
0 57 55
120 57 0
0 69 0
120 55 59
0 67 71
120 67 0
0 55 0
120 66 66
0 54 55
120 54 0
0 66 0
120 55 60
0 67 72
240 67 0
0 55 0
240 74 81
0 62 69
0 69 69
720 69 0
0 62 0
0 74 0
0 63 53
0 75 64
120 75 0
0 63 0
120 74 68
0 62 57
120 62 0
0 74 0
120 72 64
0 60 53
120 60 0
0 72 0
120 60 58
0 72 69
240 72 0
0 60 0
0 70 64
0 58 53
120 58 0
0 70 0
120 57 58
0 69 69
120 69 0
0 57 0
120 55 53
0 67 64
120 67 0
0 55 0
120 68 72
0 56 60
480 56 0
0 68 0
0 54 55
0 66 66
480 66 0
0 54 0
0 55 59
0 67 71
240 67 0
0 55 0
1440 74 52
120 74 0
120 72 63
240 72 0
0 71 37
120 71 0
120 71 43
120 71 0
120 71 37
120 71 0
120 71 55
120 71 0
0 72 49
120 72 0
0 79 59
240 79 0
0 77 50
120 77 0
0 75 45
120 75 0
0 74 45
120 74 0
0 72 45
120 72 0
0 72 63
240 72 0
0 71 37
120 71 0
120 71 44
120 71 0
120 71 37
120 71 0
120 71 57
240 71 0
0 72 47
120 72 0
360 75 54
240 75 0
0 72 63
240 72 0
0 70 52
120 70 0
120 70 54
120 70 0
120 70 54
120 70 0
120 72 63
240 72 0
0 70 53
120 70 0
120 70 55
120 70 0
120 70 55
120 70 0
120 72 63
120 72 0
0 70 52
120 70 0
0 69 53
120 69 0
0 70 53
120 70 0
0 72 58
120 72 0
120 74 54
120 74 0
120 70 58
480 70 0
240 74 57
120 74 0
120 79 60
480 79 0
0 75 60
480 75 0
0 72 60
480 72 0
0 74 60
120 74 0
120 75 58
120 75 0
120 77 57
120 77 0
0 79 53
120 79 0
0 77 53
120 77 0
0 75 53
120 75 0
0 74 59
120 74 0
0 75 52
120 75 0
0 74 52
120 74 0
0 72 53
120 72 0
0 70 60
720 70 0
0 70 46
120 70 0
120 75 48
480 75 0
0 72 48
480 72 0
0 68 48
480 68 0
0 70 48
240 70 0
0 72 46
240 72 0
0 75 48
480 75 0
0 73 48
240 73 0
0 72 48
240 72 0
0 70 48
480 70 0
0 72 48
120 72 0
120 73 46
120 73 0
120 75 46
120 75 0
0 77 42
120 77 0
0 75 42
120 75 0
0 73 42
120 73 0
0 72 47
120 72 0
0 73 42
120 73 0
0 72 42
120 72 0
0 70 42
120 70 0
0 68 48
480 68 0
0 70 48
120 70 0
120 72 44
120 72 0
120 75 48
240 75 0
0 73 48
120 73 0
120 73 48
120 73 0
0 75 44
120 75 0
0 73 44
120 73 0
0 72 44
120 72 0
0 70 48
240 70 0
0 75 49
120 75 0
120 77 53
120 77 0
120 79 56
120 79 0
120 80 59
0 68 50
960 68 0
0 80 0
0 84 60
0 72 51
720 72 0
0 84 0
0 80 55
0 68 47
240 68 0
0 80 0
0 80 59
0 68 50
480 68 0
0 80 0
0 67 47
0 79 55
960 79 0
0 67 0
0 67 48
0 79 57
480 79 0
0 67 0
0 67 52
0 79 63
480 79 0
0 67 0
0 77 58
0 65 49
480 65 0
0 77 0
0 70 57
0 82 67
720 82 0
0 70 0
0 81 61
0 69 51
240 69 0
0 81 0
0 69 51
0 81 61
240 81 0
0 69 0
0 79 54
0 67 46
240 67 0
0 79 0
0 75 59
0 87 71
480 87 0
0 75 0
0 86 63
0 74 52
480 74 0
0 86 0
0 72 45
0 84 53
480 84 0
0 72 0
0 82 53
0 70 44
240 70 0
0 82 0
240 74 46
120 74 0
40 74 48
120 74 0
40 74 50
120 74 0
40 74 51
120 74 0
40 74 49
120 74 0
40 74 47
120 74 0
40 74 51
120 74 0
0 72 46
120 72 0
0 74 47
120 74 0
0 75 47
120 75 0
0 74 53
240 74 0
1440 86 52
120 86 0
120 84 63
240 84 0
0 83 37
120 83 0
120 83 43
120 83 0
120 83 37
120 83 0
120 83 55
120 83 0
0 84 49
120 84 0
0 91 59
240 91 0
0 89 50
120 89 0
0 87 45
120 87 0
0 86 45
120 86 0
0 84 45
120 84 0
0 84 63
240 84 0
0 83 37
120 83 0
120 83 44
120 83 0
120 83 37
120 83 0
120 83 57
240 83 0
0 84 47
120 84 0
360 87 54
240 87 0
0 84 63
240 84 0
0 82 52
120 82 0
120 82 54
120 82 0
120 82 54
120 82 0
120 84 63
240 84 0
0 82 53
120 82 0
120 82 55
120 82 0
120 82 55
120 82 0
120 79 63
120 79 0
0 77 52
120 77 0
0 76 53
120 76 0
0 77 53
120 77 0
0 75 58
120 75 0
120 72 54
120 72 0
120 70 58
120 70 0
120 74 55
120 74 0
120 77 55
120 77 0
120 82 55
120 82 0
120 86 60
240 86 0
0 84 58
120 84 0
120 84 61
120 84 0
120 84 58
120 84 0
120 79 63
120 79 0
0 77 52
120 77 0
0 76 53
120 76 0
0 77 53
120 77 0
0 72 58
120 72 0
120 69 54
120 69 0
120 86 65
240 86 0
0 84 58
120 84 0
120 84 61
120 84 0
120 84 58
120 84 0
120 79 63
120 79 0
0 77 52
120 77 0
0 76 53
120 76 0
0 77 53
120 77 0
0 72 58
120 72 0
120 69 54
120 69 0
120 81 54
240 81 0
0 79 49
120 79 0
120 79 52
120 79 0
120 79 49
120 79 0
120 86 53
120 86 0
0 84 44
120 84 0
0 83 45
120 83 0
0 84 45
120 84 0
0 79 49
120 79 0
120 76 46
120 76 0
120 81 54
240 81 0
0 79 49
120 79 0
120 79 52
120 79 0
120 79 49
120 79 0
120 86 53
120 86 0
0 84 44
120 84 0
0 83 45
120 83 0
0 84 45
120 84 0
0 79 49
120 79 0
120 76 46
120 76 0
120 74 53
120 74 0
0 72 44
120 72 0
0 71 45
120 71 0
0 72 45
120 72 0
0 67 49
120 67 0
120 64 46
120 64 0
2280 67 52
0 64 52
0 72 52
120 72 0
0 64 0
0 67 0
120 64 52
0 72 52
0 69 52
120 69 0
0 72 0
0 64 0
120 64 52
0 70 52
0 72 52
120 72 0
0 70 0
0 64 0
120 72 52
120 69 34
120 69 0
0 65 33
120 65 0
0 69 33
120 69 0
0 72 0
0 77 53
120 69 39
120 69 0
0 65 39
120 65 0
0 69 39
120 69 0
0 77 0
0 72 52
0 76 52
120 72 0
0 69 38
120 69 0
0 64 38
120 64 0
0 69 38
120 69 0
0 76 0
0 70 51
0 74 51
120 70 0
0 65 34
120 65 0
0 62 34
120 62 0
0 65 34
120 65 0
0 74 0
0 69 51
0 74 51
120 69 0
0 65 35
120 65 0
0 62 35
120 62 0
0 65 35
120 65 0
0 74 0
0 69 49
0 72 49
120 69 0
0 65 35
120 65 0
0 60 35
120 60 0
0 65 35
120 65 0
0 72 0
0 69 50
0 72 50
120 69 0
0 64 36
120 64 0
0 60 36
120 60 0
0 64 36
120 64 0
0 72 0
0 67 49
0 70 49
120 67 0
0 64 34
120 64 0
0 58 34
120 58 0
0 64 34
120 64 0
0 70 0
0 67 50
0 70 50
120 67 0
0 62 35
120 62 0
0 58 35
120 58 0
0 62 35
120 62 0
0 70 0
0 65 49
0 69 49
120 65 0
0 62 35
120 62 0
0 57 35
120 57 0
0 62 35
120 62 0
0 69 0
0 64 48
0 69 48
120 64 0
0 61 36
120 61 0
0 57 36
120 57 0
0 61 36
120 61 0
0 69 0
0 67 47
120 64 35
120 64 0
0 57 35
120 57 0
0 64 35
120 64 0
0 67 0
0 67 48
120 64 38
120 64 0
0 57 42
120 57 0
0 64 45
120 64 0
0 67 0
0 65 52
120 62 39
120 62 0
0 57 39
120 57 0
0 62 39
120 62 0
0 65 0
0 64 49
480 64 0
0 62 47
480 62 0
1200 64 52
0 67 52
0 72 52
120 72 0
0 67 0
0 64 0
120 64 52
0 69 52
0 72 52
120 72 0
0 69 0
0 64 0
120 64 52
0 70 52
0 72 52
120 72 0
0 70 0
0 64 0
120 72 52
120 69 37
120 69 0
0 65 37
120 65 0
0 69 37
120 69 0
0 72 0
0 77 53
120 69 40
120 69 0
0 65 40
120 65 0
0 69 42
120 69 0
0 77 0
0 72 52
0 76 52
120 72 0
0 69 38
120 69 0
0 64 38
120 64 0
0 69 38
120 69 0
0 76 0
0 70 51
0 74 51
120 70 0
0 65 34
120 65 0
0 62 34
120 62 0
0 65 34
120 65 0
0 74 0
0 69 48
0 74 48
120 69 0
0 65 37
120 65 0
0 62 37
120 62 0
0 65 37
120 65 0
0 74 0
0 69 49
0 72 49
120 69 0
0 65 35
120 65 0
0 60 35
120 60 0
0 65 35
120 65 0
0 72 0
0 69 49
0 72 49
120 69 0
0 64 36
120 64 0
0 60 36
120 60 0
0 64 37
120 64 0
0 72 0
0 67 49
0 70 49
120 67 0
0 64 35
120 64 0
0 58 35
120 58 0
0 64 35
120 64 0
0 70 0
0 67 50
0 70 50
120 67 0
0 62 36
120 62 0
0 58 36
120 58 0
0 62 36
120 62 0
0 70 0
0 65 49
0 69 49
120 65 0
0 62 36
120 62 0
0 57 36
120 57 0
0 62 36
120 62 0
0 69 0
0 64 48
0 69 48
120 64 0
0 61 36
120 61 0
0 57 36
120 57 0
0 61 36
120 61 0
0 69 0
0 67 47
120 64 37
120 64 0
0 57 37
120 57 0
0 64 37
120 64 0
0 67 0
0 67 48
120 64 38
120 64 0
0 57 42
120 57 0
0 64 45
120 64 0
0 67 0
0 66 52
120 62 43
120 62 0
0 57 44
120 57 0
0 62 44
120 62 0
0 66 0
0 64 49
120 62 40
120 62 0
0 59 38
120 59 0
0 62 36
120 62 0
0 64 0
0 66 45
120 61 33
120 61 0
0 57 33
120 57 0
0 61 33
120 61 0
0 66 0
0 62 43
120 57 35
120 57 0
0 54 35
120 54 0
0 57 35
120 57 0
0 62 0
0 64 49
120 59 35
120 59 0
0 55 35
120 55 0
0 59 35
120 59 0
0 64 0
0 66 49
120 60 35
120 60 0
0 57 36
120 57 0
0 60 36
120 60 0
0 66 0
0 66 52
120 60 38
120 60 0
0 57 38
120 57 0
0 60 39
120 60 0
0 66 0
0 66 56
120 60 39
120 60 0
0 57 39
120 57 0
0 60 38
120 60 0
0 66 0
0 67 52
120 62 37
120 62 0
0 59 36
120 59 0
0 62 35
120 62 0
0 67 0
0 66 49
120 62 35
120 62 0
0 57 35
120 57 0
0 62 35
120 62 0
0 66 0
0 64 49
120 61 35
120 61 0
0 57 35
120 57 0
0 61 35
120 61 0
0 64 0
0 66 47
120 62 35
120 62 0
0 60 35
120 60 0
0 62 35
120 62 0
0 66 0
0 67 49
120 64 35
120 64 0
0 60 35
120 60 0
0 64 35
120 64 0
0 67 0
0 69 49
120 66 35
120 66 0
0 60 36
120 60 0
0 66 36
120 66 0
0 69 0
0 69 52
120 66 38
120 66 0
0 60 38
120 60 0
0 66 39
120 66 0
0 69 0
0 69 56
120 66 39
120 66 0
0 60 39
120 60 0
0 66 38
120 66 0
0 69 0
0 71 52
120 67 37
120 67 0
0 59 36
120 59 0
0 67 35
120 67 0
0 71 0
0 69 49
120 66 35
120 66 0
0 62 35
120 62 0
0 66 35
120 66 0
0 69 0
0 69 49
120 64 35
120 64 0
0 61 35
120 61 0
0 64 35
120 64 0
0 69 0
0 69 42
120 66 31
120 66 0
0 62 31
120 62 0
0 66 31
120 66 0
0 69 0
0 74 39
120 69 31
120 69 0
0 62 31
120 62 0
0 69 31
120 69 0
0 74 0
0 73 44
120 69 31
120 69 0
0 64 32
120 64 0
0 69 32
120 69 0
0 73 0
0 76 40
120 69 34
120 69 0
0 64 33
120 64 0
0 69 33
120 69 0
0 76 0
0 69 39
120 66 32
120 66 0
0 62 32
120 62 0
0 66 32
120 66 0
0 69 0
0 71 39
120 67 31
120 67 0
0 62 31
120 62 0
0 67 31
120 67 0
0 71 0
0 69 40
120 67 31
120 67 0
0 64 31
120 64 0
0 67 31
120 67 0
0 69 0
0 69 38
120 67 31
120 67 0
0 61 31
120 61 0
0 67 31
120 67 0
0 69 0
0 69 42
120 66 31
120 66 0
0 62 31
120 62 0
0 66 31
120 66 0
0 69 0
0 74 39
120 69 31
120 69 0
0 62 31
120 62 0
0 69 31
120 69 0
0 74 0
0 73 44
120 69 31
120 69 0
0 64 32
120 64 0
0 69 32
120 69 0
0 73 0
0 76 40
120 69 34
120 69 0
0 64 33
120 64 0
0 69 33
120 69 0
0 76 0
0 69 40
120 66 32
120 66 0
0 62 32
120 62 0
0 66 32
120 66 0
0 69 0
0 70 39
120 67 31
120 67 0
0 62 31
120 62 0
0 67 31
120 67 0
0 70 0
0 69 39
120 67 31
120 67 0
0 64 31
120 64 0
0 67 31
120 67 0
0 69 0
0 69 38
120 67 31
120 67 0
0 61 31
120 61 0
0 67 31
120 67 0
0 69 0
0 69 44
120 66 31
120 66 0
0 62 31
120 62 0
0 66 31
120 66 0
0 69 0
0 70 37
120 67 29
120 67 0
0 62 28
120 62 0
0 67 28
120 67 0
0 70 0
0 69 36
120 67 28
120 67 0
0 64 28
120 64 0
0 67 28
120 67 0
0 69 0
0 69 34
120 67 28
120 67 0
0 61 28
120 61 0
0 67 28
120 67 0
0 69 0
0 69 36
120 65 28
120 65 0
0 62 28
120 62 0
0 65 28
120 65 0
0 69 0
0 69 34
120 65 28
120 65 0
0 60 28
120 60 0
0 65 28
120 65 0
0 69 0
0 69 36
120 64 28
120 64 0
0 60 28
120 60 0
0 64 28
120 64 0
0 69 0
0 67 34
120 64 28
120 64 0
0 60 28
120 60 0
0 64 28
120 64 0
0 67 0
0 67 36
120 63 28
120 63 0
0 60 28
120 60 0
0 63 28
120 63 0
0 67 0
0 67 34
120 63 28
120 63 0
0 58 28
120 58 0
0 63 28
120 63 0
0 67 0
0 67 36
120 62 28
120 62 0
0 58 28
120 58 0
0 62 28
120 62 0
0 67 0
0 65 34
120 62 28
120 62 0
0 58 28
120 58 0
0 62 28
120 62 0
0 65 0
0 65 42
120 62 32
120 62 0
0 58 32
120 58 0
0 62 32
120 62 0
0 65 0
0 65 39
120 62 33
120 62 0
0 57 33
120 57 0
0 62 33
120 62 0
0 65 0
0 65 44
120 60 34
120 60 0
0 57 34
120 57 0
0 60 34
120 60 0
0 65 0
0 64 43
120 60 35
120 60 0
0 57 35
120 57 0
0 60 35
120 60 0
0 64 0
0 64 46
120 60 34
120 60 0
0 57 36
120 57 0
0 60 38
120 60 0
0 64 0
0 72 50
120 67 38
120 67 0
0 64 38
120 64 0
0 67 38
120 67 0
0 72 0
0 72 51
120 69 38
120 69 0
0 65 37
120 65 0
0 69 34
120 69 0
0 72 0
0 72 43
120 70 35
120 70 0
0 64 35
120 64 0
0 70 35
120 70 0
0 72 0
0 72 52
120 69 38
120 69 0
0 65 38
120 65 0
0 69 38
120 69 0
0 72 0
0 77 53
120 69 43
120 69 0
0 65 44
120 65 0
0 69 44
120 69 0
0 77 0
0 72 52
0 76 52
120 72 0
0 69 38
120 69 0
0 64 38
120 64 0
0 69 38
120 69 0
0 76 0
0 70 51
0 74 51
120 70 0
0 65 34
120 65 0
0 62 34
120 62 0
0 65 34
120 65 0
0 74 0
0 69 50
0 74 50
120 69 0
0 65 36
120 65 0
0 62 36
120 62 0
0 65 36
120 65 0
0 74 0
0 69 49
0 72 49
120 69 0
0 65 35
120 65 0
0 60 35
120 60 0
0 65 35
120 65 0
0 72 0
0 69 50
0 72 50
120 69 0
0 64 36
120 64 0
0 60 36
120 60 0
0 64 36
120 64 0
0 72 0
0 67 49
0 70 49
120 67 0
0 64 35
120 64 0
0 58 35
120 58 0
0 64 35
120 64 0
0 70 0
0 67 50
0 70 50
120 67 0
0 62 36
120 62 0
0 58 36
120 58 0
0 62 36
120 62 0
0 70 0
0 65 49
0 69 49
120 65 0
0 62 36
120 62 0
0 57 36
120 57 0
0 62 36
120 62 0
0 69 0
0 64 48
0 69 48
120 64 0
0 61 36
120 61 0
0 57 36
120 57 0
0 61 36
120 61 0
0 69 0
0 67 47
120 64 37
120 64 0
0 57 37
120 57 0
0 64 37
120 64 0
0 67 0
0 67 48
120 64 38
120 64 0
0 57 42
120 57 0
0 64 45
120 64 0
0 67 0
0 65 52
120 62 43
120 62 0
0 57 44
120 57 0
0 62 44
120 62 0
0 65 0
0 67 49
120 65 35
120 65 0
0 62 35
120 62 0
0 65 35
120 65 0
0 67 0
0 69 45
120 64 33
120 64 0
0 60 33
120 60 0
0 64 33
120 64 0
0 69 0
0 65 47
120 60 35
120 60 0
0 57 35
120 57 0
0 60 35
120 60 0
0 65 0
0 67 49
120 62 35
120 62 0
0 58 35
120 58 0
0 62 35
120 62 0
0 67 0
0 69 49
120 63 35
120 63 0
0 60 36
120 60 0
0 63 36
120 63 0
0 69 0
0 69 52
120 63 38
120 63 0
0 60 38
120 60 0
0 63 39
120 63 0
0 69 0
0 69 53
120 63 37
120 63 0
0 60 36
120 60 0
0 63 36
120 63 0
0 69 0
0 70 49
120 65 37
120 65 0
0 62 36
120 62 0
0 65 35
120 65 0
0 70 0
0 69 49
120 65 35
120 65 0
0 60 35
120 60 0
0 65 35
120 65 0
0 69 0
0 67 49
120 64 35
120 64 0
0 60 35
120 60 0
0 64 35
120 64 0
0 67 0
0 69 47
120 65 35
120 65 0
0 63 35
120 63 0
0 65 35
120 65 0
0 69 0
0 70 49
120 67 35
120 67 0
0 63 35
120 63 0
0 67 35
120 67 0
0 70 0
0 72 49
120 69 35
120 69 0
0 63 36
120 63 0
0 69 36
120 69 0
0 72 0
0 72 52
120 69 38
120 69 0
0 63 38
120 63 0
0 69 39
120 69 0
0 72 0
0 72 56
120 69 39
120 69 0
0 63 39
120 63 0
0 69 38
120 69 0
0 72 0
0 74 52
120 70 37
120 70 0
0 62 36
120 62 0
0 70 35
120 70 0
0 74 0
0 72 49
120 69 34
120 69 0
0 65 34
120 65 0
0 69 34
120 69 0
0 72 0
0 72 47
120 67 34
120 67 0
0 64 33
120 64 0
0 67 32
120 67 0
0 72 0
0 72 42
120 69 31
120 69 0
0 65 31
120 65 0
0 69 31
120 69 0
0 72 0
0 77 39
120 72 31
120 72 0
0 65 31
120 65 0
0 72 31
120 72 0
0 77 0
0 76 44
120 72 31
120 72 0
0 67 32
120 67 0
0 72 32
120 72 0
0 76 0
0 79 40
120 72 34
120 72 0
0 67 33
120 67 0
0 72 33
120 72 0
0 79 0
0 72 44
120 69 32
120 69 0
0 65 32
120 65 0
0 69 32
120 69 0
0 72 0
0 74 39
120 70 31
120 70 0
0 65 31
120 65 0
0 70 31
120 70 0
0 74 0
0 72 40
120 70 31
120 70 0
0 67 31
120 67 0
0 70 31
120 70 0
0 72 0
0 72 38
120 70 31
120 70 0
0 64 31
120 64 0
0 70 31
120 70 0
0 72 0
0 72 42
120 69 31
120 69 0
0 65 31
120 65 0
0 69 31
120 69 0
0 72 0
0 77 39
120 72 31
120 72 0
0 65 31
120 65 0
0 72 31
120 72 0
0 77 0
0 76 44
120 72 31
120 72 0
0 67 32
120 67 0
0 72 32
120 72 0
0 76 0
0 79 40
120 72 34
120 72 0
0 67 33
120 67 0
0 72 33
120 72 0
0 79 0
0 72 44
120 69 32
120 69 0
0 65 32
120 65 0
0 69 32
120 69 0
0 72 0
0 73 39
120 70 31
120 70 0
0 65 31
120 65 0
0 70 31
120 70 0
0 73 0
0 72 39
120 70 31
120 70 0
0 67 31
120 67 0
0 70 31
120 70 0
0 72 0
0 72 38
120 70 31
120 70 0
0 64 31
120 64 0
0 70 31
120 70 0
0 72 0
1920 68 89
0 72 89
0 77 106
840 77 0
0 72 0
0 68 0
0 68 77
0 72 77
0 77 92
114 77 0
0 72 0
0 68 0
6 68 81
0 72 81
0 80 96
360 80 0
0 72 0
0 68 0
0 68 76
0 72 76
0 80 91
114 80 0
0 72 0
0 68 0
6 68 81
0 72 81
0 77 96
360 77 0
0 72 0
0 68 0
0 68 77
0 72 77
0 77 92
114 77 0
0 72 0
0 68 0
6 65 81
0 68 81
0 72 96
360 72 0
0 68 0
0 65 0
0 65 77
0 68 77
0 72 92
114 72 0
0 68 0
0 65 0
6 60 77
0 65 77
0 68 91
360 68 0
0 65 0
0 60 0
0 60 72
0 65 72
0 68 86
114 68 0
0 65 0
0 60 0
6 56 77
0 60 77
0 65 91
360 65 0
0 60 0
0 56 0
0 56 72
0 60 72
0 65 86
114 65 0
0 60 0
0 56 0
6 56 77
0 60 91
360 60 0
0 56 0
0 56 71
0 60 71
0 65 85
120 65 0
0 60 0
0 56 0
0 58 81
0 61 81
0 66 96
120 66 0
0 61 0
0 58 0
120 78 61
120 82 65
20 78 0
100 85 68
20 82 0
100 83 68
20 85 0
100 82 67
20 83 0
100 80 67
20 82 0
100 78 68
20 80 0
100 77 68
20 78 0
100 75 67
20 77 0
100 73 67
20 75 0
100 71 67
20 73 0
100 70 67
20 71 0
100 68 67
20 70 0
100 66 67
20 68 0
100 68 67
20 66 0
100 65 68
20 68 0
100 66 72
20 65 0
100 70 75
20 66 0
100 73 74
20 70 0
100 71 73
20 73 0
100 70 73
20 71 0
100 68 72
20 70 0
100 66 71
20 68 0
100 65 71
20 66 0
100 63 72
20 65 0
100 61 73
20 63 0
100 59 74
20 61 0
100 58 75
20 59 0
100 56 76
20 58 0
100 54 79
20 56 0
100 54 0
0 49 86
0 54 86
240 54 0
0 49 0
0 58 74
0 61 74
0 66 88
480 66 0
0 61 0
0 58 0
0 61 73
0 66 73
0 70 87
480 70 0
0 66 0
0 61 0
0 66 69
0 70 69
0 73 81
120 73 0
0 70 0
0 66 0
120 70 71
0 73 71
0 78 85
120 78 0
0 73 0
0 70 0
120 73 74
0 78 74
0 82 88
120 82 0
0 78 0
0 73 0
120 58 75
0 64 75
0 67 86
240 67 0
0 64 0
0 58 0
0 64 74
0 67 74
0 70 88
480 70 0
0 67 0
0 64 0
0 67 73
0 70 73
0 76 87
480 76 0
0 70 0
0 67 0
0 70 69
0 76 69
0 79 81
120 79 0
0 76 0
0 70 0
120 76 71
0 79 71
0 82 85
120 82 0
0 79 0
0 76 0
120 79 74
0 82 74
0 88 88
120 88 0
0 82 0
0 79 0
120 77 89
0 80 89
0 84 89
0 89 106
840 89 0
0 77 0
0 80 0
0 84 0
0 77 77
0 89 92
120 89 0
0 77 0
0 80 81
0 92 96
360 92 0
0 80 0
0 80 76
0 92 91
120 92 0
0 80 0
0 77 81
0 89 96
360 89 0
0 77 0
0 77 77
0 89 92
120 89 0
0 77 0
0 73 81
0 85 96
360 85 0
0 73 0
0 73 77
0 85 92
120 85 0
0 73 0
0 68 77
0 80 91
360 80 0
0 68 0
0 68 72
0 80 86
120 80 0
0 68 0
0 69 77
0 81 91
360 81 0
0 69 0
0 69 72
0 81 86
120 81 0
0 69 0
0 65 77
0 77 91
360 77 0
0 65 0
0 65 71
0 77 85
120 77 0
0 65 0
0 70 79
0 73 79
0 77 79
0 82 94
840 82 0
0 70 0
0 73 0
0 77 0
0 82 73
0 94 87
120 94 0
0 82 0
0 85 77
0 97 91
360 97 0
0 85 0
0 85 72
0 97 86
120 97 0
0 85 0
0 82 77
0 94 91
360 94 0
0 82 0
0 82 73
0 94 87
120 94 0
0 82 0
0 78 77
0 90 91
360 90 0
0 78 0
0 78 73
0 90 87
120 90 0
0 78 0
0 77 73
0 89 86
360 89 0
0 77 0
0 77 68
0 89 80
120 89 0
0 77 0
0 76 73
0 88 86
360 88 0
0 76 0
0 76 68
0 88 80
120 88 0
0 76 0
0 84 73
0 96 86
360 96 0
0 84 0
0 84 67
0 96 79
120 96 0
0 84 0
0 77 79
0 80 79
0 84 79
0 89 94
840 89 0
0 77 0
0 80 0
0 84 0
0 77 73
0 89 87
120 89 0
0 77 0
0 80 77
0 92 91
360 92 0
0 80 0
0 80 72
0 92 86
120 92 0
0 80 0
0 77 77
0 89 91
360 89 0
0 77 0
0 77 73
0 89 87
120 89 0
0 77 0
0 73 77
0 85 91
360 85 0
0 73 0
0 73 73
0 85 87
120 85 0
0 73 0
0 68 73
0 80 86
360 80 0
0 68 0
0 68 68
0 80 80
120 80 0
0 68 0
0 72 73
0 84 86
360 84 0
0 72 0
0 72 68
0 84 80
120 84 0
0 72 0
0 68 73
0 80 86
360 80 0
0 68 0
0 68 67
0 80 79
120 80 0
0 68 0
0 73 79
0 77 79
0 80 79
0 85 94
840 85 0
0 73 0
0 77 0
0 80 0
0 73 69
0 85 81
120 85 0
0 73 0
0 77 73
0 89 86
360 89 0
0 77 0
0 77 68
0 89 80
120 89 0
0 77 0
0 73 73
0 85 86
360 85 0
0 73 0
0 73 69
0 85 81
120 85 0
0 73 0
0 72 73
0 84 86
360 84 0
0 72 0
0 72 69
0 84 81
120 84 0
0 72 0
0 70 69
0 82 80
360 82 0
0 70 0
0 70 64
0 82 76
120 82 0
0 70 0
0 72 69
0 84 80
360 84 0
0 72 0
0 72 64
0 84 76
120 84 0
0 72 0
0 72 69
0 84 80
360 84 0
0 72 0
0 72 63
0 84 75
120 84 0
0 72 0
0 72 66
0 84 76
360 84 0
0 72 0
0 72 57
0 84 68
120 84 0
0 72 0
0 72 60
0 84 71
360 84 0
0 72 0
0 72 51
0 84 61
120 84 0
0 72 0
0 77 58
480 77 0
360 77 43
120 77 0
0 81 48
360 81 0
0 81 43
120 81 0
0 77 48
360 77 0
0 77 42
120 77 0
0 72 48
360 72 0
0 72 43
120 72 0
0 69 48
360 69 0
0 69 43
120 69 0
0 70 48
360 70 0
0 70 42
120 70 0
0 67 48
360 67 0
0 67 42
120 67 0
0 72 48
360 72 0
0 77 36
120 77 0
0 72 45
240 72 0
120 77 43
120 77 0
0 81 48
360 81 0
0 81 45
120 81 0
0 84 52
360 84 0
0 84 48
120 84 0
0 89 52
360 89 0
0 89 50
120 89 0
0 91 56
360 91 0
0 91 49
120 91 0
0 93 55
360 93 0
0 93 48
120 93 0
0 96 54
360 96 0
0 96 47
120 96 0
0 93 53
240 93 0
600 77 43
120 77 0
0 81 48
360 81 0
0 81 43
120 81 0
0 77 48
360 77 0
0 77 42
120 77 0
0 72 48
360 72 0
0 72 43
120 72 0
0 69 48
360 69 0
0 69 43
120 69 0
0 72 48
360 72 0
0 72 42
120 72 0
0 70 48
360 70 0
0 70 42
120 70 0
0 69 48
360 69 0
0 77 36
120 77 0
0 72 45
240 72 0
120 77 43
120 77 0
0 81 48
360 81 0
0 81 45
120 81 0
0 84 52
360 84 0
0 84 48
120 84 0
0 89 52
360 89 0
0 89 50
120 89 0
0 91 56
360 91 0
0 91 49
120 91 0
0 93 55
360 93 0
0 93 48
120 93 0
0 96 54
360 96 0
0 96 47
120 96 0
0 101 53
240 101 0
600 88 43
120 88 0
0 89 48
360 89 0
0 89 45
120 89 0
0 87 52
360 87 0
0 87 48
120 87 0
0 84 52
360 84 0
0 84 50
120 84 0
0 81 56
360 81 0
0 81 49
120 81 0
0 84 55
360 84 0
0 84 48
120 84 0
0 85 54
360 85 0
0 85 47
120 85 0
0 86 55
360 86 0
0 86 47
120 86 0
0 86 52
360 86 0
0 86 44
120 86 0
0 86 51
360 86 0
0 86 43
120 86 0
0 86 48
360 86 0
0 86 40
120 86 0
0 86 47
240 86 0
600 74 48
90 74 0
30 75 53
240 75 0
0 74 49
240 74 0
0 74 51
120 74 0
120 74 49
120 74 0
120 74 47
240 74 0
600 93 43
120 93 0
0 94 48
360 94 0
0 94 45
120 94 0
0 92 52
360 92 0
0 92 48
120 92 0
0 89 52
360 89 0
0 89 48
120 89 0
0 86 54
360 86 0
0 86 49
120 86 0
0 89 54
360 89 0
0 89 48
120 89 0
0 90 54
360 90 0
0 90 47
120 90 0
0 91 55
360 91 0
0 91 47
120 91 0
0 91 52
360 91 0
0 91 44
120 91 0
0 91 51
360 91 0
0 91 43
120 91 0
0 91 48
360 91 0
0 91 40
120 91 0
0 91 47
240 91 0
600 79 48
90 79 0
30 80 53
240 80 0
0 79 49
120 79 0
120 79 51
120 79 0
120 79 49
120 79 0
120 79 47
240 79 0
600 94 48
90 94 0
30 92 53
240 92 0
0 91 49
120 91 0
120 91 51
120 91 0
120 91 49
120 91 0
120 91 47
240 91 0
600 67 48
90 67 0
30 68 53
240 68 0
0 67 49
120 67 0
120 67 51
120 67 0
120 67 49
120 67 0
120 67 47
240 67 0
600 82 48
90 82 0
30 80 53
240 80 0
0 79 49
120 79 0
120 79 51
120 79 0
120 79 49
120 79 0
120 80 53
240 80 0
0 79 49
120 79 0
120 79 51
120 79 0
120 79 49
120 79 0
120 79 53
240 79 0
1560 74 52
90 74 0
30 72 63
240 72 0
0 71 37
120 71 0
120 71 43
120 71 0
120 71 37
120 71 0
120 71 55
240 71 0
0 72 40
120 72 0
480 75 51
90 75 0
30 72 63
240 72 0
0 71 37
120 71 0
120 71 44
120 71 0
120 71 37
120 71 0
120 71 57
240 71 0
0 72 47
120 72 0
480 75 54
90 75 0
30 72 63
240 72 0
0 70 52
120 70 0
120 70 54
120 70 0
120 70 54
120 70 0
120 72 63
240 72 0
0 70 53
120 70 0
120 70 55
120 70 0
120 70 55
120 70 0
120 72 63
120 72 0
0 70 52
120 70 0
0 69 53
120 69 0
0 70 53
120 70 0
0 72 58
120 72 0
120 74 54
120 74 0
120 70 58
240 70 0
1560 86 52
90 86 0
30 84 64
240 84 0
0 83 37
120 83 0
120 83 43
120 83 0
120 83 37
120 83 0
120 83 55
240 83 0
0 84 42
120 84 0
480 87 51
90 87 0
30 84 64
240 84 0
0 83 37
120 83 0
120 83 44
120 83 0
120 83 37
120 83 0
120 83 57
240 83 0
0 84 47
120 84 0
480 87 54
90 87 0
30 84 64
240 84 0
0 82 52
120 82 0
120 82 54
120 82 0
120 82 54
120 82 0
120 84 64
240 84 0
0 82 53
120 82 0
120 82 55
120 82 0
120 82 55
120 82 0
120 84 64
120 84 0
0 82 52
120 82 0
0 81 53
120 81 0
0 82 53
120 82 0
0 84 58
120 84 0
120 86 54
120 86 0
120 82 58
240 82 0
480 74 57
120 74 0
120 79 60
480 79 0
0 75 60
480 75 0
0 72 60
480 72 0
0 74 60
120 74 0
120 75 58
120 75 0
120 77 57
120 77 0
0 79 53
120 79 0
0 77 53
120 77 0
0 75 53
120 75 0
0 74 59
120 74 0
0 75 52
120 75 0
0 74 52
120 74 0
0 72 53
120 72 0
0 70 60
720 70 0
0 70 57
120 70 0
120 75 60
480 75 0
0 72 60
480 72 0
0 69 60
480 69 0
0 62 54
0 74 65
120 74 0
0 62 0
120 60 49
0 72 58
120 72 0
0 60 0
120 60 55
0 72 66
240 72 0
0 60 0
0 58 51
0 70 60
120 70 0
0 58 0
120 57 56
0 69 67
120 69 0
0 57 0
120 55 52
0 67 61
120 67 0
0 55 0
120 58 61
0 70 73
240 70 0
0 58 0
0 69 66
0 57 55
120 57 0
0 69 0
120 55 59
0 67 71
120 67 0
0 55 0
120 54 55
0 66 66
120 66 0
0 54 0
120 55 60
0 67 72
240 67 0
0 55 0
240 62 69
0 74 81
720 74 0
0 62 0
0 63 53
0 75 64
120 75 0
0 63 0
120 62 57
0 74 68
120 74 0
0 62 0
120 60 53
0 72 64
120 72 0
0 60 0
120 60 58
0 72 69
240 72 0
0 60 0
0 58 53
0 70 64
120 70 0
0 58 0
120 57 58
0 69 69
120 69 0
0 57 0
120 55 53
0 67 64
120 67 0
0 55 0
120 56 60
0 68 72
480 68 0
0 56 0
0 54 55
0 66 66
480 66 0
0 54 0
0 55 59
0 67 71
240 67 0
0 55 0
480 70 64
0 82 76
120 82 0
0 70 0
120 69 71
0 81 84
240 81 0
0 69 0
0 67 54
0 79 65
120 79 0
0 67 0
120 67 59
0 79 71
120 79 0
0 67 0
120 67 53
0 79 64
120 79 0
0 67 0
120 67 70
0 79 82
240 79 0
0 67 0
0 66 64
0 78 76
120 78 0
0 66 0
360 67 64
0 79 76
120 79 0
0 67 0
120 65 71
0 77 84
240 77 0
0 65 0
0 64 54
0 76 65
120 76 0
0 64 0
120 63 59
0 75 71
120 75 0
0 63 0
120 63 53
0 75 64
120 75 0
0 63 0
120 63 70
0 75 82
240 75 0
0 63 0
0 62 64
0 74 76
120 74 0
0 62 0
120 74 66
0 86 78
480 86 0
0 74 0
0 75 65
0 87 77
480 87 0
0 75 0
0 73 57
0 85 69
480 85 0
0 73 0
0 74 57
0 86 69
480 86 0
0 74 0
0 83 81
160 83 0
0 71 69
160 71 0
0 83 69
160 83 0
0 84 78
160 84 0
0 72 69
160 72 0
0 84 69
160 84 0
0 81 76
160 81 0
0 69 69
160 69 0
0 81 69
160 81 0
0 82 77
160 82 0
0 70 70
160 70 0
0 82 70
160 82 0
0 79 61
0 81 77
160 81 0
0 79 0
0 69 70
160 69 0
0 79 55
0 81 70
160 81 0
0 79 0
0 79 61
0 81 77
160 81 0
0 79 0
0 69 70
160 69 0
0 79 55
0 81 70
160 81 0
0 79 0
0 79 61
0 81 77
160 81 0
0 79 0
0 69 70
160 69 0
0 79 57
0 81 72
160 81 0
0 79 0
0 78 73
0 81 77
480 81 0
0 78 0
240 74 69
0 86 81
240 86 0
0 74 0
0 75 68
0 87 80
480 87 0
0 75 0
0 73 61
0 85 75
480 85 0
0 73 0
0 74 61
0 86 75
480 86 0
0 74 0
240 74 44
0 86 52
240 86 0
0 74 0
0 72 53
0 84 64
240 84 0
0 72 0
0 71 35
0 83 42
120 83 0
0 71 0
120 71 40
0 83 48
120 83 0
0 71 0
120 71 35
0 83 43
120 83 0
0 71 0
120 71 47
0 83 55
240 83 0
0 71 0
0 72 35
0 84 42
120 84 0
0 72 0
360 72 69
0 84 81
240 84 0
0 72 0
0 73 68
0 85 80
480 85 0
0 73 0
0 71 59
0 83 72
480 83 0
0 71 0
0 72 59
0 84 72
480 84 0
0 72 0
240 72 44
0 84 52
240 84 0
0 72 0
0 70 53
0 82 64
240 82 0
0 70 0
0 69 35
0 81 42
120 81 0
0 69 0
120 69 40
0 81 48
120 81 0
0 69 0
120 69 35
0 81 43
120 81 0
0 69 0
120 69 47
0 81 55
240 81 0
0 69 0
0 70 35
0 82 42
120 82 0
0 70 0
360 74 44
240 74 0
0 77 47
160 77 0
0 75 40
160 75 0
0 65 40
160 65 0
0 77 47
160 77 0
0 72 39
160 72 0
0 65 40
160 65 0
0 77 47
160 77 0
0 74 42
160 74 0
0 65 40
160 65 0
0 82 47
160 82 0
0 77 38
160 77 0
0 70 38
160 70 0
0 84 47
160 84 0
0 77 39
160 77 0
0 72 39
160 72 0
0 81 47
160 81 0
0 77 38
160 77 0
0 69 38
160 69 0
0 82 47
160 82 0
0 77 39
160 77 0
0 70 40
160 70 0
0 77 44
160 77 0
0 74 37
160 74 0
0 65 37
160 65 0
0 77 47
160 77 0
0 75 40
160 75 0
0 65 40
160 65 0
0 77 47
160 77 0
0 72 39
160 72 0
0 65 40
160 65 0
0 77 47
160 77 0
0 74 42
160 74 0
0 65 40
160 65 0
0 82 47
160 82 0
0 77 38
160 77 0
0 70 38
160 70 0
0 84 47
160 84 0
0 77 39
160 77 0
0 72 39
160 72 0
0 81 47
160 81 0
0 77 38
160 77 0
0 69 38
160 69 0
0 82 47
160 82 0
0 77 39
160 77 0
0 70 40
160 70 0
0 77 75
160 77 0
0 74 66
160 74 0
0 65 65
160 65 0
0 65 73
0 68 73
0 75 87
240 75 0
0 73 76
120 73 0
120 68 0
0 65 0
0 65 67
0 71 80
0 73 80
120 73 0
0 71 0
0 65 0
120 65 59
0 71 71
0 73 71
120 73 0
0 71 0
0 65 0
120 66 65
0 70 65
0 73 77
240 73 0
0 78 71
240 78 0
0 70 0
0 66 0
0 82 80
160 82 0
0 85 60
160 85 0
0 90 60
160 90 0
0 85 65
0 92 77
160 92 0
0 85 0
0 80 61
160 80 0
0 85 51
0 92 61
160 92 0
0 85 0
0 85 66
0 89 78
160 89 0
0 85 0
0 77 58
160 77 0
0 85 48
0 89 57
160 89 0
0 85 0
0 85 63
0 90 74
160 90 0
0 85 0
0 78 59
160 78 0
0 85 50
0 90 59
160 90 0
0 85 0
240 78 75
120 78 0
120 65 73
0 68 73
0 75 87
240 75 0
0 73 76
120 73 0
120 68 0
0 65 0
0 65 67
0 71 80
0 73 80
120 73 0
0 71 0
0 65 0
120 65 59
0 71 71
0 73 71
120 73 0
0 71 0
0 65 0
120 66 65
0 70 65
0 73 77
240 73 0
0 78 71
240 78 0
0 70 0
0 66 0
0 82 80
160 82 0
0 85 60
160 85 0
0 90 60
160 90 0
0 85 65
0 92 77
160 92 0
0 85 0
0 80 61
160 80 0
0 85 51
0 92 61
160 92 0
0 85 0
0 85 66
0 89 78
160 89 0
0 85 0
0 77 58
160 77 0
0 85 48
0 89 57
160 89 0
0 85 0
0 85 65
0 90 77
160 90 0
0 85 0
0 78 61
160 78 0
0 85 51
0 90 61
160 90 0
0 85 0
0 78 66
0 85 78
160 85 0
0 78 0
0 73 58
160 73 0
0 85 57
160 85 0
0 82 65
0 89 77
160 89 0
0 82 0
0 77 61
160 77 0
0 82 51
0 89 61
160 89 0
0 82 0
0 82 66
0 86 78
160 86 0
0 82 0
0 74 58
160 74 0
0 82 48
0 86 57
160 86 0
0 82 0
0 82 65
0 87 77
160 87 0
0 82 0
0 75 61
160 75 0
0 82 51
0 87 61
160 87 0
0 82 0
0 75 66
0 82 78
160 82 0
0 75 0
0 70 58
160 70 0
0 75 53
0 82 57
160 82 0
0 75 0
120 63 72
120 63 0
0 66 73
120 66 0
0 71 75
120 71 0
0 75 76
120 75 0
0 78 77
120 78 0
0 83 79
120 83 0
0 87 80
120 87 0
0 88 89
0 76 75
0 78 75
480 78 0
0 76 0
0 88 0
0 85 81
0 78 69
0 73 69
480 73 0
0 78 0
0 85 0
120 63 72
120 63 0
0 66 73
120 66 0
0 71 75
120 71 0
0 75 76
120 75 0
0 78 77
120 78 0
0 83 79
120 83 0
0 87 80
120 87 0
0 76 75
0 78 75
0 88 89
480 88 0
0 78 0
0 76 0
0 73 69
0 85 81
0 78 69
480 78 0
0 85 0
0 73 0
120 63 72
120 63 0
0 66 73
120 66 0
0 71 75
120 71 0
0 75 76
120 75 0
0 78 77
120 78 0
0 83 79
120 83 0
0 87 80
120 87 0
0 89 89
0 77 64
240 77 0
0 89 0
0 87 66
0 78 66
0 90 78
120 90 0
0 78 0
0 87 0
120 78 66
0 87 66
0 90 78
120 90 0
0 87 0
0 78 0
120 78 66
0 87 66
0 90 78
120 90 0
0 87 0
0 78 0
240 62 72
120 62 0
0 65 73
120 65 0
0 70 74
120 70 0
0 74 75
120 74 0
0 77 75
120 77 0
0 82 77
120 82 0
0 86 77
120 86 0
0 75 72
0 77 72
0 87 86
480 87 0
0 77 0
0 75 0
0 72 65
0 84 77
0 77 65
480 77 0
0 84 0
0 72 0
120 62 67
120 62 0
0 65 67
120 65 0
0 70 69
120 70 0
0 74 69
120 74 0
0 77 70
120 77 0
0 82 71
120 82 0
0 86 72
120 86 0
0 75 67
0 77 67
0 87 78
480 87 0
0 77 0
0 75 0
0 72 59
0 84 70
0 77 59
480 77 0
0 84 0
0 72 0
120 62 60
120 62 0
0 65 61
120 65 0
0 70 63
120 70 0
0 74 64
120 74 0
0 77 64
120 77 0
0 82 66
120 82 0
0 86 66
120 86 0
0 75 61
0 77 61
0 87 72
480 87 0
0 77 0
0 75 0
0 72 54
0 84 65
0 77 54
480 77 0
0 84 0
0 72 0
120 62 55
120 62 0
0 65 55
120 65 0
0 70 57
120 70 0
0 74 57
120 74 0
0 77 58
120 77 0
0 82 59
120 82 0
0 86 59
120 86 0
0 88 65
0 76 47
240 76 0
0 88 0
0 86 47
0 77 47
0 89 56
120 89 0
0 77 0
0 86 0
120 77 47
0 86 47
0 89 56
120 89 0
0 86 0
0 77 0
120 77 46
0 86 46
0 89 55
120 89 0
0 86 0
0 77 0
240 61 50
120 61 0
0 64 51
120 64 0
0 69 52
120 69 0
0 73 53
120 73 0
0 76 53
120 76 0
0 81 55
120 81 0
0 85 55
120 85 0
0 86 61
0 74 44
240 74 0
0 86 0
0 84 46
0 75 46
0 87 54
120 87 0
0 75 0
0 84 0
120 75 46
0 84 46
0 87 54
120 87 0
0 84 0
0 75 0
120 75 46
0 84 46
0 87 54
120 87 0
0 84 0
0 75 0
240 59 50
120 59 0
0 62 51
120 62 0
0 67 52
120 67 0
0 71 53
120 71 0
0 74 53
120 74 0
0 79 55
120 79 0
0 83 55
120 83 0
0 74 52
0 78 52
0 86 61
480 86 0
0 78 0
0 74 0
0 72 48
0 84 56
0 78 48
480 78 0
0 84 0
0 72 0
120 59 49
120 59 0
0 62 48
120 62 0
0 67 48
120 67 0
0 71 47
120 71 0
0 74 46
120 74 0
0 79 47
120 79 0
0 83 45
120 83 0
0 74 42
0 78 42
0 86 49
480 86 0
0 78 0
0 74 0
0 72 37
0 84 45
0 78 37
480 78 0
0 84 0
0 72 0
0 71 37
0 79 37
0 83 45
240 83 0
0 79 0
0 71 0
1440 74 52
120 74 0
120 72 63
240 72 0
0 71 37
120 71 0
120 71 43
120 71 0
120 71 37
120 71 0
120 71 55
120 71 0
0 72 49
120 72 0
0 79 59
240 79 0
0 77 50
120 77 0
0 75 45
120 75 0
0 74 45
120 74 0
0 72 45
120 72 0
0 72 63
240 72 0
0 71 37
120 71 0
120 71 44
120 71 0
120 71 37
120 71 0
120 71 57
240 71 0
0 72 47
120 72 0
360 75 54
240 75 0
0 72 63
240 72 0
0 70 52
120 70 0
120 70 54
120 70 0
120 70 54
120 70 0
120 72 63
240 72 0
0 70 53
120 70 0
120 70 55
120 70 0
120 70 55
120 70 0
120 72 63
120 72 0
0 70 52
120 70 0
0 69 53
120 69 0
0 70 53
120 70 0
0 72 58
120 72 0
120 74 54
120 74 0
120 70 58
240 70 0
480 74 57
120 74 0
120 79 60
480 79 0
0 75 60
480 75 0
0 72 60
480 72 0
0 74 60
120 74 0
120 75 58
120 75 0
120 77 57
120 77 0
0 79 53
120 79 0
0 77 53
120 77 0
0 75 53
120 75 0
0 74 59
120 74 0
0 75 52
120 75 0
0 74 52
120 74 0
0 72 53
120 72 0
0 70 60
720 70 0
0 70 46
120 70 0
120 75 48
480 75 0
0 72 48
480 72 0
0 68 48
480 68 0
0 70 48
120 70 0
120 72 46
120 72 0
120 75 48
480 75 0
0 73 48
240 73 0
0 72 48
240 72 0
0 70 48
480 70 0
0 72 48
120 72 0
120 73 46
120 73 0
120 75 46
120 75 0
0 77 42
120 77 0
0 75 42
120 75 0
0 73 42
120 73 0
0 72 47
120 72 0
0 73 42
120 73 0
0 72 42
120 72 0
0 70 42
120 70 0
0 68 48
480 68 0
0 70 48
120 70 0
120 72 44
120 72 0
120 75 48
240 75 0
0 73 48
120 73 0
120 73 48
120 73 0
0 75 44
120 75 0
0 73 44
120 73 0
0 72 44
120 72 0
0 70 48
240 70 0
0 75 49
120 75 0
120 77 53
120 77 0
120 79 56
120 79 0
120 80 59
0 68 50
960 68 0
0 80 0
0 72 51
0 84 60
720 84 0
0 72 0
0 80 55
0 68 47
240 68 0
0 80 0
0 68 50
0 80 59
480 80 0
0 68 0
0 67 47
0 79 55
960 79 0
0 67 0
0 67 48
0 79 57
480 79 0
0 67 0
0 67 52
0 79 63
240 79 0
0 67 0
0 65 48
0 77 59
240 77 0
0 65 0
0 70 49
0 82 58
960 82 0
0 70 0
0 69 51
0 81 61
480 81 0
0 69 0
0 69 51
0 81 61
240 81 0
0 69 0
0 79 54
0 67 46
240 67 0
0 79 0
0 87 71
0 75 59
480 75 0
0 87 0
0 86 63
0 74 52
480 74 0
0 86 0
0 84 53
0 72 45
480 72 0
0 84 0
0 70 44
0 82 53
240 82 0
0 70 0
240 74 46
120 74 0
40 74 48
120 74 0
40 74 50
120 74 0
40 74 51
120 74 0
40 74 49
120 74 0
40 74 47
120 74 0
40 74 51
120 74 0
0 72 46
120 72 0
0 74 47
120 74 0
0 75 47
120 75 0
0 74 53
240 74 0
1440 86 52
120 86 0
120 84 63
240 84 0
0 83 37
120 83 0
120 83 43
120 83 0
120 83 37
120 83 0
120 83 55
120 83 0
0 84 49
120 84 0
0 91 59
240 91 0
0 89 50
120 89 0
0 87 45
120 87 0
0 86 45
120 86 0
0 84 45
120 84 0
0 84 63
240 84 0
0 83 37
120 83 0
120 83 44
120 83 0
120 83 37
120 83 0
120 83 57
240 83 0
0 84 47
120 84 0
360 87 54
240 87 0
0 84 63
240 84 0
0 82 52
120 82 0
120 82 54
120 82 0
120 82 54
120 82 0
120 84 63
240 84 0
0 82 53
120 82 0
120 82 55
120 82 0
120 82 55
120 82 0
120 79 63
120 79 0
0 77 52
120 77 0
0 76 53
120 76 0
0 77 53
120 77 0
0 75 58
120 75 0
120 72 54
120 72 0
120 70 58
120 70 0
120 74 55
120 74 0
120 77 55
120 77 0
120 82 55
120 82 0
120 86 60
240 86 0
0 84 58
120 84 0
120 84 61
120 84 0
120 84 58
120 84 0
120 79 63
120 79 0
0 77 52
120 77 0
0 76 53
120 76 0
0 77 53
120 77 0
0 72 58
120 72 0
120 69 54
120 69 0
120 86 65
240 86 0
0 84 58
120 84 0
120 84 61
120 84 0
120 84 58
120 84 0
120 79 63
120 79 0
0 77 52
120 77 0
0 76 53
120 76 0
0 77 53
120 77 0
0 72 58
120 72 0
120 69 54
120 69 0
120 65 46
120 65 0
1080 69 52
0 72 52
0 77 52
120 77 0
0 72 0
0 69 0
120 69 52
0 74 52
0 77 52
120 77 0
0 74 0
0 69 0
120 69 52
0 75 52
0 77 52
120 77 0
0 75 0
0 69 0
120 77 52
120 74 34
120 74 0
0 70 33
120 70 0
0 74 33
120 74 0
0 77 0
0 82 53
120 74 39
120 74 0
0 70 39
120 70 0
0 74 39
120 74 0
0 82 0
0 77 52
0 81 52
120 77 0
0 74 38
120 74 0
0 69 38
120 69 0
0 74 38
120 74 0
0 81 0
0 75 51
0 79 51
120 75 0
0 70 34
120 70 0
0 67 34
120 67 0
0 70 34
120 70 0
0 79 0
0 74 51
0 79 51
120 74 0
0 70 35
120 70 0
0 67 35
120 67 0
0 70 35
120 70 0
0 79 0
0 74 49
0 77 49
120 74 0
0 70 35
120 70 0
0 65 35
120 65 0
0 70 35
120 70 0
0 77 0
0 74 50
0 77 50
120 74 0
0 69 36
120 69 0
0 65 36
120 65 0
0 69 36
120 69 0
0 77 0
0 72 49
0 75 49
120 72 0
0 69 34
120 69 0
0 63 34
120 63 0
0 69 34
120 69 0
0 75 0
0 70 50
0 75 50
120 70 0
0 67 35
120 67 0
0 63 35
120 63 0
0 67 35
120 67 0
0 75 0
0 70 49
0 74 49
120 70 0
0 67 35
120 67 0
0 62 35
120 62 0
0 67 35
120 67 0
0 74 0
0 69 48
0 74 48
120 69 0
0 66 36
120 66 0
0 62 36
120 62 0
0 66 36
120 66 0
0 74 0
0 72 47
120 69 35
120 69 0
0 62 35
120 62 0
0 69 35
120 69 0
0 72 0
0 72 48
120 67 38
120 67 0
0 62 42
120 62 0
0 67 45
120 67 0
0 72 0
0 70 52
120 67 39
120 67 0
0 62 39
120 62 0
0 67 39
120 67 0
0 70 0
0 69 49
480 69 0
0 67 47
480 67 0
1200 69 52
0 72 52
0 77 52
120 77 0
0 72 0
0 69 0
120 69 52
0 74 52
0 77 52
120 77 0
0 74 0
0 69 0
120 69 52
0 75 52
0 77 52
120 77 0
0 75 0
0 69 0
120 77 52
120 74 37
120 74 0
0 70 37
120 70 0
0 74 37
120 74 0
0 77 0
0 82 53
120 74 40
120 74 0
0 70 40
120 70 0
0 74 42
120 74 0
0 82 0
0 77 52
0 81 52
120 77 0
0 74 38
120 74 0
0 69 38
120 69 0
0 74 38
120 74 0
0 81 0
0 75 51
0 79 51
120 75 0
0 70 34
120 70 0
0 67 34
120 67 0
0 70 34
120 70 0
0 79 0
0 74 48
0 79 48
120 74 0
0 70 37
120 70 0
0 67 37
120 67 0
0 70 37
120 70 0
0 79 0
0 74 49
0 77 49
120 74 0
0 70 35
120 70 0
0 65 35
120 65 0
0 70 35
120 70 0
0 77 0
0 74 49
0 77 49
120 74 0
0 69 36
120 69 0
0 65 36
120 65 0
0 69 37
120 69 0
0 77 0
0 72 49
0 75 49
120 72 0
0 69 35
120 69 0
0 63 35
120 63 0
0 69 35
120 69 0
0 75 0
0 70 50
0 75 50
120 70 0
0 67 36
120 67 0
0 63 36
120 63 0
0 67 36
120 67 0
0 75 0
0 70 49
0 74 49
120 70 0
0 67 36
120 67 0
0 62 36
120 62 0
0 67 36
120 67 0
0 74 0
0 69 48
0 74 48
120 69 0
0 66 36
120 66 0
0 62 36
120 62 0
0 66 36
120 66 0
0 74 0
0 72 47
120 69 37
120 69 0
0 62 37
120 62 0
0 69 37
120 69 0
0 72 0
0 72 48
120 69 38
120 69 0
0 62 42
120 62 0
0 69 45
120 69 0
0 72 0
0 71 52
120 67 43
120 67 0
0 62 44
120 62 0
0 67 44
120 67 0
0 71 0
0 69 49
120 67 40
120 67 0
0 64 38
120 64 0
0 67 36
120 67 0
0 69 0
0 71 45
120 66 33
120 66 0
0 62 33
120 62 0
0 66 33
120 66 0
0 71 0
0 67 43
120 62 35
120 62 0
0 59 35
120 59 0
0 62 35
120 62 0
0 67 0
0 69 49
120 64 35
120 64 0
0 60 35
120 60 0
0 64 35
120 64 0
0 69 0
0 71 49
120 65 35
120 65 0
0 62 36
120 62 0
0 65 36
120 65 0
0 71 0
0 71 52
120 65 38
120 65 0
0 62 38
120 62 0
0 65 39
120 65 0
0 71 0
0 71 56
120 65 39
120 65 0
0 62 39
120 62 0
0 65 38
120 65 0
0 71 0
0 72 52
120 67 37
120 67 0
0 64 36
120 64 0
0 67 35
120 67 0
0 72 0
0 71 49
120 67 35
120 67 0
0 62 35
120 62 0
0 67 35
120 67 0
0 71 0
0 69 49
120 66 35
120 66 0
0 62 35
120 62 0
0 66 35
120 66 0
0 69 0
0 71 47
120 67 35
120 67 0
0 65 35
120 65 0
0 67 35
120 67 0
0 71 0
0 72 49
120 69 35
120 69 0
0 65 35
120 65 0
0 69 35
120 69 0
0 72 0
0 74 49
120 71 35
120 71 0
0 65 36
120 65 0
0 71 36
120 71 0
0 74 0
0 74 52
120 71 38
120 71 0
0 65 38
120 65 0
0 71 39
120 71 0
0 74 0
0 74 56
120 71 39
120 71 0
0 65 39
120 65 0
0 71 38
120 71 0
0 74 0
0 76 52
120 72 37
120 72 0
0 64 36
120 64 0
0 72 35
120 72 0
0 76 0
0 74 49
120 71 35
120 71 0
0 67 35
120 67 0
0 71 35
120 71 0
0 74 0
0 74 49
120 69 35
120 69 0
0 66 35
120 66 0
0 69 35
120 69 0
0 74 0
0 74 42
120 71 31
120 71 0
0 67 31
120 67 0
0 71 31
120 71 0
0 74 0
0 79 39
120 74 31
120 74 0
0 67 31
120 67 0
0 74 31
120 74 0
0 79 0
0 78 44
120 74 31
120 74 0
0 69 32
120 69 0
0 74 32
120 74 0
0 78 0
0 81 40
120 74 34
120 74 0
0 69 33
120 69 0
0 74 33
120 74 0
0 81 0
0 74 39
120 71 32
120 71 0
0 67 32
120 67 0
0 71 32
120 71 0
0 74 0
0 76 39
120 72 31
120 72 0
0 67 31
120 67 0
0 72 31
120 72 0
0 76 0
0 74 40
120 72 31
120 72 0
0 69 31
120 69 0
0 72 31
120 72 0
0 74 0
0 74 38
120 72 31
120 72 0
0 66 31
120 66 0
0 72 31
120 72 0
0 74 0
0 74 42
120 71 31
120 71 0
0 67 31
120 67 0
0 71 31
120 71 0
0 74 0
0 79 39
120 74 31
120 74 0
0 67 31
120 67 0
0 74 31
120 74 0
0 79 0
0 78 44
120 74 31
120 74 0
0 69 32
120 69 0
0 74 32
120 74 0
0 78 0
0 81 40
120 74 34
120 74 0
0 69 33
120 69 0
0 74 33
120 74 0
0 81 0
0 74 40
120 71 32
120 71 0
0 67 32
120 67 0
0 71 32
120 71 0
0 74 0
0 75 39
120 72 31
120 72 0
0 67 31
120 67 0
0 72 31
120 72 0
0 75 0
0 74 39
120 72 31
120 72 0
0 69 31
120 69 0
0 72 31
120 72 0
0 74 0
0 74 38
120 72 31
120 72 0
0 66 31
120 66 0
0 72 31
120 72 0
0 74 0
0 74 44
120 71 31
120 71 0
0 67 31
120 67 0
0 71 31
120 71 0
0 74 0
0 75 37
120 72 29
120 72 0
0 67 28
120 67 0
0 72 28
120 72 0
0 75 0
0 74 36
120 72 28
120 72 0
0 69 28
120 69 0
0 72 28
120 72 0
0 74 0
0 74 34
120 72 28
120 72 0
0 66 28
120 66 0
0 72 28
120 72 0
0 74 0
0 74 36
120 70 28
120 70 0
0 67 28
120 67 0
0 70 28
120 70 0
0 74 0
0 74 34
120 70 28
120 70 0
0 65 28
120 65 0
0 70 28
120 70 0
0 74 0
0 74 36
120 69 28
120 69 0
0 65 28
120 65 0
0 69 28
120 69 0
0 74 0
0 72 34
120 69 28
120 69 0
0 65 28
120 65 0
0 69 28
120 69 0
0 72 0
0 72 36
120 68 28
120 68 0
0 65 28
120 65 0
0 68 28
120 68 0
0 72 0
0 72 34
120 68 28
120 68 0
0 63 28
120 63 0
0 68 28
120 68 0
0 72 0
0 72 36
120 67 28
120 67 0
0 63 28
120 63 0
0 67 28
120 67 0
0 72 0
0 70 34
120 67 28
120 67 0
0 63 28
120 63 0
0 67 28
120 67 0
0 70 0
0 70 42
120 67 32
120 67 0
0 63 32
120 63 0
0 67 32
120 67 0
0 70 0
0 70 39
120 67 33
120 67 0
0 62 33
120 62 0
0 67 33
120 67 0
0 70 0
0 70 44
120 65 34
120 65 0
0 62 34
120 62 0
0 65 34
120 65 0
0 70 0
0 69 43
120 65 35
120 65 0
0 62 35
120 62 0
0 65 35
120 65 0
0 69 0
0 69 46
120 65 34
120 65 0
0 60 36
120 60 0
0 65 38
120 65 0
0 69 0
0 77 50
120 72 38
120 72 0
0 69 38
120 69 0
0 72 38
120 72 0
0 77 0
0 77 51
120 74 38
120 74 0
0 70 37
120 70 0
0 74 34
120 74 0
0 77 0
0 77 43
120 75 35
120 75 0
0 69 35
120 69 0
0 75 35
120 75 0
0 77 0
0 77 52
120 74 38
120 74 0
0 70 38
120 70 0
0 74 38
120 74 0
0 77 0
0 82 53
120 74 43
120 74 0
0 70 44
120 70 0
0 74 44
120 74 0
0 82 0
0 77 52
0 81 52
120 77 0
0 74 38
120 74 0
0 69 38
120 69 0
0 74 38
120 74 0
0 81 0
0 75 51
0 79 51
120 75 0
0 70 34
120 70 0
0 67 34
120 67 0
0 70 34
120 70 0
0 79 0
0 74 50
0 79 50
120 74 0
0 70 36
120 70 0
0 67 36
120 67 0
0 70 36
120 70 0
0 79 0
0 74 49
0 77 49
120 74 0
0 70 35
120 70 0
0 65 35
120 65 0
0 70 35
120 70 0
0 77 0
0 74 50
0 77 50
120 74 0
0 69 36
120 69 0
0 65 36
120 65 0
0 69 36
120 69 0
0 77 0
0 72 49
0 75 49
120 72 0
0 69 35
120 69 0
0 63 35
120 63 0
0 69 35
120 69 0
0 75 0
0 70 50
0 75 50
120 70 0
0 67 36
120 67 0
0 63 36
120 63 0
0 67 36
120 67 0
0 75 0
0 70 49
0 74 49
120 70 0
0 67 36
120 67 0
0 62 36
120 62 0
0 67 36
120 67 0
0 74 0
0 69 48
0 74 48
120 69 0
0 66 36
120 66 0
0 62 36
120 62 0
0 66 36
120 66 0
0 74 0
0 72 47
120 69 37
120 69 0
0 62 37
120 62 0
0 69 37
120 69 0
0 72 0
0 72 48
120 67 38
120 67 0
0 62 42
120 62 0
0 67 45
120 67 0
0 72 0
0 70 52
120 67 43
120 67 0
0 62 44
120 62 0
0 67 44
120 67 0
0 70 0
0 72 49
120 70 35
120 70 0
0 67 35
120 67 0
0 70 35
120 70 0
0 72 0
0 74 45
120 69 33
120 69 0
0 65 33
120 65 0
0 69 33
120 69 0
0 74 0
0 70 47
120 65 35
120 65 0
0 62 35
120 62 0
0 65 35
120 65 0
0 70 0
0 72 49
120 67 35
120 67 0
0 63 35
120 63 0
0 67 35
120 67 0
0 72 0
0 74 49
120 68 35
120 68 0
0 65 36
120 65 0
0 68 36
120 68 0
0 74 0
0 74 52
120 68 38
120 68 0
0 65 38
120 65 0
0 68 39
120 68 0
0 74 0
0 74 53
120 68 37
120 68 0
0 65 36
120 65 0
0 68 36
120 68 0
0 74 0
0 75 49
120 70 37
120 70 0
0 67 36
120 67 0
0 70 35
120 70 0
0 75 0
0 74 49
120 70 35
120 70 0
0 65 35
120 65 0
0 70 35
120 70 0
0 74 0
0 72 49
120 69 35
120 69 0
0 65 35
120 65 0
0 69 35
120 69 0
0 72 0
0 74 47
120 70 35
120 70 0
0 68 35
120 68 0
0 70 35
120 70 0
0 74 0
0 75 49
120 72 35
120 72 0
0 68 35
120 68 0
0 72 35
120 72 0
0 75 0
0 77 49
120 74 35
120 74 0
0 68 36
120 68 0
0 74 36
120 74 0
0 77 0
0 77 52
120 74 38
120 74 0
0 68 38
120 68 0
0 74 39
120 74 0
0 77 0
0 77 56
120 74 39
120 74 0
0 68 39
120 68 0
0 74 38
120 74 0
0 77 0
0 79 52
120 75 37
120 75 0
0 67 36
120 67 0
0 75 35
120 75 0
0 79 0
0 77 49
120 74 34
120 74 0
0 70 34
120 70 0
0 74 34
120 74 0
0 77 0
0 77 47
120 72 34
120 72 0
0 69 33
120 69 0
0 72 32
120 72 0
0 77 0
0 77 42
120 74 31
120 74 0
0 70 31
120 70 0
0 74 31
120 74 0
0 77 0
0 82 39
120 77 31
120 77 0
0 70 31
120 70 0
0 77 31
120 77 0
0 82 0
0 81 44
120 77 31
120 77 0
0 72 32
120 72 0
0 77 32
120 77 0
0 81 0
0 84 40
120 77 34
120 77 0
0 72 33
120 72 0
0 77 33
120 77 0
0 84 0
0 77 44
120 74 32
120 74 0
0 70 32
120 70 0
0 74 32
120 74 0
0 77 0
0 79 39
120 75 31
120 75 0
0 70 31
120 70 0
0 75 31
120 75 0
0 79 0
0 77 40
120 75 31
120 75 0
0 72 31
120 72 0
0 75 31
120 75 0
0 77 0
0 77 38
120 75 31
120 75 0
0 69 31
120 69 0
0 75 31
120 75 0
0 77 0
0 77 42
120 74 31
120 74 0
0 70 31
120 70 0
0 74 31
120 74 0
0 77 0
0 82 39
120 77 31
120 77 0
0 70 31
120 70 0
0 77 31
120 77 0
0 82 0
0 81 44
120 77 31
120 77 0
0 72 32
120 72 0
0 77 32
120 77 0
0 81 0
0 84 40
120 77 34
120 77 0
0 72 33
120 72 0
0 77 33
120 77 0
0 84 0
0 77 44
120 74 32
120 74 0
0 70 32
120 70 0
0 74 32
120 74 0
0 77 0
0 78 39
120 75 31
120 75 0
0 70 31
120 70 0
0 75 31
120 75 0
0 78 0
0 77 39
120 75 31
120 75 0
0 72 31
120 72 0
0 75 31
120 75 0
0 77 0
0 77 38
120 75 31
120 75 0
0 69 31
120 69 0
0 75 31
120 75 0
0 77 0
1920 73 89
0 77 89
0 82 106
840 82 0
0 77 0
0 73 0
0 73 77
0 77 77
0 82 92
114 82 0
0 77 0
0 73 0
6 73 81
0 77 81
0 85 96
360 85 0
0 77 0
0 73 0
0 73 76
0 77 76
0 85 91
114 85 0
0 77 0
0 73 0
6 73 81
0 77 81
0 82 96
360 82 0
0 77 0
0 73 0
0 73 77
0 77 77
0 82 92
114 82 0
0 77 0
0 73 0
6 70 81
0 73 81
0 77 96
360 77 0
0 73 0
0 70 0
0 70 77
0 73 77
0 77 92
114 77 0
0 73 0
0 70 0
6 65 77
0 70 77
0 73 91
360 73 0
0 70 0
0 65 0
0 65 72
0 70 72
0 73 86
114 73 0
0 70 0
0 65 0
6 61 77
0 65 77
0 70 91
360 70 0
0 65 0
0 61 0
0 61 72
0 65 72
0 70 86
114 70 0
0 65 0
0 61 0
6 61 77
0 65 91
360 65 0
0 61 0
0 61 71
0 65 71
0 70 85
120 70 0
0 65 0
0 61 0
0 63 81
0 66 81
0 71 96
120 71 0
0 66 0
0 63 0
120 83 61
120 87 65
20 83 0
100 90 68
20 87 0
100 88 68
20 90 0
100 87 67
20 88 0
100 85 67
20 87 0
100 83 68
20 85 0
100 82 68
20 83 0
100 80 67
20 82 0
100 78 67
20 80 0
100 76 67
20 78 0
100 75 67
20 76 0
100 73 67
20 75 0
100 71 67
20 73 0
100 73 67
20 71 0
100 70 68
20 73 0
100 71 72
20 70 0
100 75 75
20 71 0
100 78 74
20 75 0
100 76 73
20 78 0
100 75 73
20 76 0
100 73 72
20 75 0
100 71 71
20 73 0
100 70 71
20 71 0
100 68 72
20 70 0
100 66 73
20 68 0
100 64 74
20 66 0
100 63 75
20 64 0
100 61 76
20 63 0
100 59 79
20 61 0
100 59 0
0 54 86
0 59 86
240 59 0
0 54 0
0 54 74
0 59 74
0 63 88
480 63 0
0 59 0
0 54 0
0 59 73
0 63 73
0 66 87
480 66 0
0 63 0
0 59 0
0 63 69
0 66 69
0 71 81
120 71 0
0 66 0
0 63 0
120 66 71
0 71 71
0 75 85
120 75 0
0 71 0
0 66 0
120 71 74
0 75 74
0 78 88
120 78 0
0 75 0
0 71 0
120 63 75
0 69 75
0 72 86
240 72 0
0 69 0
0 63 0
0 69 74
0 72 74
0 75 88
480 75 0
0 72 0
0 69 0
0 72 73
0 75 73
0 81 87
480 81 0
0 75 0
0 72 0
0 75 69
0 81 69
0 84 81
120 84 0
0 81 0
0 75 0
120 81 71
0 84 71
0 87 85
120 87 0
0 84 0
0 81 0
120 84 74
0 87 74
0 93 88
120 93 0
0 87 0
0 84 0
120 82 89
0 85 89
0 89 89
0 94 106
840 94 0
0 82 0
0 85 0
0 89 0
0 82 77
0 94 92
120 94 0
0 82 0
0 85 81
0 97 96
360 97 0
0 85 0
0 85 76
0 97 91
120 97 0
0 85 0
0 82 81
0 94 96
360 94 0
0 82 0
0 82 77
0 94 92
120 94 0
0 82 0
0 78 81
0 90 96
360 90 0
0 78 0
0 78 77
0 90 92
120 90 0
0 78 0
0 73 77
0 85 91
360 85 0
0 73 0
0 73 72
0 85 86
120 85 0
0 73 0
0 74 77
0 86 91
360 86 0
0 74 0
0 74 72
0 86 86
120 86 0
0 74 0
0 70 77
0 82 91
360 82 0
0 70 0
0 70 71
0 82 85
120 82 0
0 70 0
0 75 79
0 78 79
0 82 79
0 87 94
840 87 0
0 75 0
0 78 0
0 82 0
0 75 73
0 87 87
120 87 0
0 75 0
0 78 77
0 90 91
360 90 0
0 78 0
0 78 72
0 90 86
120 90 0
0 78 0
0 75 77
0 87 91
360 87 0
0 75 0
0 75 73
0 87 87
120 87 0
0 75 0
0 71 77
0 83 91
360 83 0
0 71 0
0 71 73
0 83 87
120 83 0
0 71 0
0 70 73
0 82 86
360 82 0
0 70 0
0 70 68
0 82 80
120 82 0
0 70 0
0 69 73
0 81 86
360 81 0
0 69 0
0 69 68
0 81 80
120 81 0
0 69 0
0 77 73
0 89 86
360 89 0
0 77 0
0 77 67
0 89 79
120 89 0
0 77 0
0 70 79
0 73 79
0 77 79
0 82 94
840 82 0
0 70 0
0 73 0
0 77 0
0 82 73
0 94 87
120 94 0
0 82 0
0 85 77
0 97 91
360 97 0
0 85 0
0 85 72
0 97 86
120 97 0
0 85 0
0 82 77
0 94 91
360 94 0
0 82 0
0 82 73
0 94 87
120 94 0
0 82 0
0 78 77
0 90 91
360 90 0
0 78 0
0 78 73
0 90 87
120 90 0
0 78 0
0 73 73
0 85 86
360 85 0
0 73 0
0 73 68
0 85 80
120 85 0
0 73 0
0 77 73
0 89 86
360 89 0
0 77 0
0 77 68
0 89 80
120 89 0
0 77 0
0 73 73
0 85 86
360 85 0
0 73 0
0 73 67
0 85 79
120 85 0
0 73 0
0 78 79
0 82 79
0 85 79
0 90 94
840 90 0
0 78 0
0 82 0
0 85 0
0 78 69
0 90 81
120 90 0
0 78 0
0 82 73
0 94 86
360 94 0
0 82 0
0 82 68
0 94 80
120 94 0
0 82 0
0 78 73
0 90 86
360 90 0
0 78 0
0 78 69
0 90 81
120 90 0
0 78 0
0 77 73
0 89 86
360 89 0
0 77 0
0 77 69
0 89 81
120 89 0
0 77 0
0 75 69
0 87 80
360 87 0
0 75 0
0 75 64
0 87 76
120 87 0
0 75 0
0 77 69
0 89 80
360 89 0
0 77 0
0 77 64
0 89 76
120 89 0
0 77 0
0 77 69
0 89 80
360 89 0
0 77 0
0 77 63
0 89 75
120 89 0
0 77 0
0 77 66
0 89 76
360 89 0
0 77 0
0 77 57
0 89 68
120 89 0
0 77 0
0 77 60
0 89 71
360 89 0
0 77 0
0 77 51
0 89 61
120 89 0
0 77 0
0 82 58
480 82 0
360 82 43
120 82 0
0 86 48
360 86 0
0 86 43
120 86 0
0 82 48
360 82 0
0 82 42
120 82 0
0 77 48
360 77 0
0 77 43
120 77 0
0 74 48
360 74 0
0 74 43
120 74 0
0 75 48
360 75 0
0 75 42
120 75 0
0 72 48
360 72 0
0 72 42
120 72 0
0 77 48
360 77 0
0 82 36
120 82 0
0 77 45
240 77 0
120 82 43
120 82 0
0 86 48
360 86 0
0 86 45
120 86 0
0 89 52
360 89 0
0 89 48
120 89 0
0 94 52
360 94 0
0 94 50
120 94 0
0 96 56
360 96 0
0 96 49
120 96 0
0 98 55
360 98 0
0 98 48
120 98 0
0 101 54
360 101 0
0 101 47
120 101 0
0 98 53
240 98 0
600 82 43
120 82 0
0 86 48
360 86 0
0 86 43
120 86 0
0 82 48
360 82 0
0 82 42
120 82 0
0 77 48
360 77 0
0 77 43
120 77 0
0 74 48
360 74 0
0 74 43
120 74 0
0 77 48
360 77 0
0 77 42
120 77 0
0 75 48
360 75 0
0 75 42
120 75 0
0 74 48
360 74 0
0 82 36
120 82 0
0 77 45
240 77 0
120 82 43
120 82 0
0 86 48
360 86 0
0 86 45
120 86 0
0 89 52
360 89 0
0 89 48
120 89 0
0 94 52
360 94 0
0 94 50
120 94 0
0 96 56
360 96 0
0 96 49
120 96 0
0 98 55
360 98 0
0 98 48
120 98 0
0 101 54
360 101 0
0 101 47
120 101 0
0 94 53
240 94 0
600 93 43
120 93 0
0 94 48
360 94 0
0 94 45
114 94 0
6 92 52
360 92 0
0 92 48
114 92 0
6 89 52
360 89 0
0 89 50
114 89 0
6 86 56
360 86 0
0 86 49
120 86 0
0 89 55
360 89 0
0 89 48
120 89 0
0 90 54
360 90 0
0 90 47
120 90 0
0 91 55
360 91 0
0 91 47
114 91 0
6 91 52
360 91 0
0 91 44
114 91 0
6 91 51
360 91 0
0 91 43
114 91 0
6 91 48
360 91 0
0 91 40
114 91 0
6 91 47
240 91 0
600 79 48
90 79 0
30 80 53
240 80 0
0 79 49
120 79 0
120 79 51
120 79 0
120 79 49
120 79 0
120 79 47
240 79 0
600 94 48
90 94 0
30 92 53
240 92 0
0 91 49
120 91 0
120 91 51
120 91 0
120 91 49
120 91 0
120 91 47
240 91 0
600 67 48
90 67 0
30 68 53
240 68 0
0 67 49
120 67 0
120 67 51
120 67 0
120 67 49
120 67 0
120 67 47
240 67 0
600 82 48
90 82 0
30 80 53
240 80 0
0 79 49
120 79 0
120 79 51
120 79 0
120 79 49
120 79 0
120 80 53
240 80 0
0 79 49
120 79 0
120 79 51
120 79 0
120 79 49
120 79 0
120 79 53
240 79 0
1440 74 47
240 74 0
0 72 56
240 72 0
0 71 33
120 71 0
120 71 37
120 71 0
120 71 33
120 71 0
120 71 49
240 71 0
0 72 36
120 72 0
360 75 46
240 75 0
0 72 56
240 72 0
0 71 33
120 71 0
120 71 38
120 71 0
120 71 33
120 71 0
120 71 51
240 71 0
0 72 42
120 72 0
2280 75 47
240 75 0
0 72 56
240 72 0
0 71 32
120 71 0
120 71 37
120 71 0
120 71 33
120 71 0
120 71 47
240 71 0
0 72 34
120 72 0
360 75 44
240 75 0
0 72 53
240 72 0
0 71 31
120 71 0
120 71 36
120 71 0
120 71 30
120 71 0
120 71 47
240 71 0
0 72 37
120 72 0
2280 75 44
240 75 0
0 72 53
240 72 0
0 71 35
120 71 0
120 71 40
120 71 0
120 71 35
120 71 0
120 71 47
240 71 0
0 72 34
120 72 0
360 75 43
240 75 0
0 72 53
240 72 0
0 71 35
120 71 0
120 71 40
120 71 0
120 71 35
120 71 0
120 71 48
240 71 0
0 72 39
120 72 0
120 72 54
240 72 0
0 79 48
240 79 0
0 79 59
240 79 0
0 77 51
240 77 0
0 77 55
240 77 0
0 74 52
240 74 0
0 71 57
240 71 0
0 72 47
120 72 0
120 72 57
240 72 0
0 79 50
240 79 0
0 79 64
240 79 0
0 77 55
240 77 0
0 77 57
240 77 0
0 74 52
240 74 0
0 71 56
240 71 0
0 72 44
240 72 0
0 75 48
240 75 0
0 69 40
240 69 0
720 86 86
0 74 72
240 74 0
0 86 0
0 84 93
0 72 77
240 72 0
0 84 0
0 82 86
0 70 72
120 70 0
0 82 0
120 82 86
0 70 72
120 70 0
0 82 0
120 70 72
0 82 86
120 82 0
0 70 0
120 67 77
0 79 93
240 79 0
0 67 0
0 65 73
0 77 88
120 77 0
0 65 0
120 65 73
0 77 88
120 77 0
0 65 0
120 65 73
0 77 88
120 77 0
0 65 0
120 65 77
0 75 93
240 75 0
0 65 0
0 62 73
0 74 88
120 74 0
0 62 0
120 62 73
0 74 88
120 74 0
0 62 0
120 62 73
0 74 88
120 74 0
0 62 0
120 60 77
0 72 92
240 72 0
0 60 0
0 58 73
0 70 88
120 70 0
0 58 0
120 58 73
0 70 88
120 70 0
0 58 0
120 58 73
0 70 88
120 70 0
0 58 0
120 57 77
0 69 92
240 69 0
0 57 0
0 55 73
0 67 88
120 67 0
0 55 0
120 55 73
0 67 88
120 67 0
0 55 0
120 55 73
0 67 88
120 67 0
0 55 0
120 69 77
0 81 92
240 81 0
0 69 0
0 67 73
0 79 88
120 79 0
0 67 0
120 67 73
0 79 88
120 79 0
0 67 0
120 67 73
0 79 88
120 79 0
0 67 0
120 81 77
0 93 92
240 93 0
0 81 0
0 79 73
0 91 88
120 91 0
0 79 0
120 79 73
0 91 88
120 91 0
0 79 0
120 79 73
0 91 88
120 91 0
0 79 0
120 78 77
0 90 92
240 90 0
0 78 0
0 79 73
0 91 88
120 91 0
0 79 0
120 79 73
0 91 88
120 91 0
0 79 0
120 79 73
0 91 88
120 91 0
0 79 0
120 79 90
0 82 90
0 87 90
0 91 107
480 91 0
0 79 0
0 82 0
0 87 0
1440 81 90
0 87 90
0 93 107
480 93 0
0 87 0
0 81 0
1440 82 103
0 86 103
0 94 120
480 94 0
0 86 0
0 82 0
240 86 54
0 75 46
240 75 0
0 86 0
0 84 58
0 77 49
240 84 0
0 82 54
120 82 0
120 77 0
0 82 54
0 74 46
120 74 0
0 82 0
120 74 46
0 82 54
120 82 0
0 74 0
120 75 49
0 79 58
240 79 0
0 75 0
0 77 55
120 77 0
120 69 46
0 77 55
120 77 0
0 69 0
120 69 46
0 77 55
120 77 0
0 69 0
120 70 49
0 75 58
240 75 0
0 74 55
120 74 0
120 70 0
0 64 46
0 74 55
120 74 0
0 64 0
120 64 46
0 74 55
120 74 0
0 64 0
120 65 49
0 72 58
240 72 0
0 70 55
120 70 0
120 65 0
0 62 46
0 70 55
120 70 0
0 62 0
120 62 46
0 70 55
120 70 0
0 62 0
120 63 49
0 67 58
240 67 0
0 65 55
120 65 0
120 63 0
0 57 46
0 65 56
120 65 0
0 57 0
120 57 47
0 65 56
120 65 0
0 57 0
120 63 50
0 67 60
240 67 0
0 65 58
120 65 0
120 63 0
0 57 49
0 65 58
120 65 0
0 57 0
120 57 49
0 65 59
120 65 0
0 57 0
120 63 52
0 67 63
240 67 0
0 65 60
120 65 0
120 63 0
0 57 51
0 65 60
120 65 0
0 57 0
120 65 61
0 57 51
120 57 0
0 65 0
120 57 47
0 67 67
0 63 47
240 67 0
0 65 63
120 65 0
120 63 0
0 57 0
0 70 71
0 65 59
0 63 59
240 70 0
0 69 67
120 69 0
120 63 0
0 65 0
0 74 75
0 69 63
0 63 63
240 74 0
0 72 71
120 72 0
120 63 0
0 69 0
0 69 64
0 75 64
0 79 76
240 79 0
0 77 73
120 77 0
120 75 0
0 69 0
0 77 69
0 75 69
0 82 80
240 82 0
0 81 75
120 81 0
120 75 0
0 77 0
0 75 70
0 81 70
0 86 84
240 86 0
0 84 79
120 84 0
120 81 0
0 75 0
0 81 76
0 87 76
0 91 90
240 91 0
0 89 85
120 89 0
120 87 0
0 81 0
0 87 82
0 94 97
0 89 82
240 94 0
0 93 94
120 93 0
120 89 0
0 87 0
0 94 113
0 89 96
0 86 96
480 86 0
0 89 0
0 94 0
480 98 110
0 89 92
0 86 92
0 94 110
480 94 0
0 98 0
0 89 0
0 86 0
480 58 116
480 58 0
0 67 94
0 55 78
1920 55 0
0 67 0
0 55 42
240 55 0
0 67 31
120 67 0
120 62 26
0 65 31
120 65 0
0 62 0
120 67 32
120 67 0
120 55 44
240 55 0
0 67 28
120 67 0
120 60 29
0 63 35
120 63 0
0 60 0
120 67 32
120 67 0
120 55 42
240 55 0
0 67 31
120 67 0
120 62 26
0 65 31
120 65 0
0 62 0
120 67 29
120 67 0
120 55 44
240 55 0
0 67 32
120 67 0
120 60 29
0 63 35
0 54 29
180 54 0
0 63 0
0 60 0
60 66 35
180 66 0
60 53 42
240 53 0
0 65 35
120 65 0
120 62 35
120 62 0
120 65 36
120 65 0
120 55 42
240 55 0
0 64 36
120 64 0
120 60 36
120 60 0
120 64 36
120 64 0
120 62 42
0 53 35
198 53 0
0 62 0
0 65 33
240 65 0
0 63 35
0 53 29
85 53 0
0 63 0
120 65 34
120 65 0
120 62 42
0 58 42
240 58 0
0 62 0
240 55 78
0 67 94
1440 67 0
0 55 0
0 55 42
240 55 0
0 67 31
120 67 0
120 65 31
0 62 26
120 62 0
0 65 0
120 67 32
120 67 0
120 55 44
240 55 0
0 67 31
120 67 0
120 60 29
0 63 35
120 63 0
0 60 0
120 67 32
120 67 0
120 55 42
240 55 0
0 67 31
120 67 0
120 62 26
0 65 31
120 65 0
0 62 0
120 67 29
120 67 0
120 55 44
240 55 0
0 67 32
120 67 0
120 54 29
0 60 29
0 63 35
120 63 0
0 60 0
0 54 0
120 66 35
120 66 0
120 53 42
240 53 0
0 65 35
120 65 0
120 62 35
120 62 0
120 65 36
120 65 0
120 55 42
240 55 0
0 64 36
120 64 0
120 60 36
120 60 0
120 64 36
120 64 0
120 53 35
0 62 42
198 62 0
0 53 0
0 65 33
240 65 0
0 63 35
0 53 29
85 53 0
0 63 0
120 65 34
120 65 0
120 58 42
0 62 42
120 62 0
0 58 0
120 57 38
120 57 0
120 55 37
120 55 0
120 53 36
120 53 0
120 51 42
120 51 0
120 55 36
0 58 36
120 58 0
0 55 0
120 48 36
120 48 0
120 60 36
0 55 36
120 55 0
0 60 0
120 53 42
120 53 0
120 57 35
0 60 35
120 60 0
0 57 0
120 51 36
120 51 0
120 57 36
0 60 36
120 60 0
0 57 0
120 50 39
226 50 0
0 58 34
0 53 29
240 53 0
0 58 0
0 46 34
176 46 0
0 58 34
0 53 29
240 53 0
0 58 0
0 51 40
92 51 0
0 55 29
0 58 34
14 58 0
0 55 0
0 50 34
240 50 0
0 55 29
0 58 34
240 58 0
0 55 0
0 48 42
226 48 0
0 51 30
0 57 36
240 57 0
0 51 0
0 45 36
240 45 0
0 51 30
0 57 36
240 57 0
0 51 0
0 50 42
191 50 0
0 57 35
0 54 29
191 54 0
0 57 0
0 42 42
120 42 0
120 50 30
0 54 36
120 54 0
0 50 0
120 43 47
120 43 0
120 55 39
120 55 0
120 39 49
120 39 0
120 51 44
120 51 0
120 36 51
120 36 0
120 48 46
120 48 0
120 38 54
120 38 0
120 50 45
120 50 0
120 36 44
0 51 52
240 51 0
0 36 0
240 50 51
0 54 60
0 42 51
685 42 0
0 54 0
0 50 0
0 43 50
191 43 0
0 55 45
92 55 0
120 39 45
240 39 0
0 51 45
240 51 0
0 36 50
99 36 0
0 48 45
240 48 0
0 38 45
56 38 0
0 50 45
240 50 0
0 43 50
0 31 42
240 31 0
0 43 0
240 55 78
0 67 94
1440 67 0
0 55 0
0 55 42
240 55 0
0 67 31
120 67 0
120 65 31
0 62 26
120 62 0
0 65 0
120 67 32
120 67 0
120 55 44
240 55 0
0 67 31
240 67 0
0 63 35
0 60 29
240 60 0
0 63 0
0 67 32
240 67 0
0 55 42
240 55 0
0 67 31
120 67 0
120 65 31
0 62 26
120 62 0
0 65 0
120 67 29
120 67 0
120 55 44
240 55 0
0 67 32
120 67 0
120 54 29
0 63 35
0 60 29
120 60 0
0 63 0
0 54 0
120 66 35
240 66 0
0 53 42
240 53 0
0 65 35
120 65 0
120 62 35
120 62 0
120 65 36
120 65 0
120 55 42
240 55 0
0 64 36
120 64 0
120 60 36
120 60 0
120 64 36
120 64 0
120 62 42
0 53 35
198 53 0
0 62 0
0 65 33
240 65 0
0 63 35
0 53 29
98 53 0
0 63 0
120 65 34
120 65 0
120 58 42
0 62 42
120 62 0
0 58 0
120 57 38
120 57 0
120 55 37
120 55 0
120 53 36
120 53 0
120 51 42
120 51 0
120 58 36
0 55 36
120 55 0
0 58 0
120 48 36
120 48 0
120 55 36
0 60 36
120 60 0
0 55 0
120 53 42
120 53 0
120 60 35
0 57 35
120 57 0
0 60 0
120 51 36
120 51 0
120 57 36
0 60 36
120 60 0
0 57 0
120 50 39
226 50 0
0 58 34
0 53 29
240 53 0
0 58 0
0 46 34
176 46 0
0 53 29
0 58 34
240 58 0
0 53 0
0 51 40
92 51 0
0 58 34
0 55 29
240 55 0
0 58 0
0 50 34
231 50 0
0 58 29
0 55 29
240 55 0
0 58 0
0 48 33
148 48 0
0 60 29
0 56 29
240 56 0
0 60 0
0 51 29
240 51 0
0 60 29
0 56 29
240 56 0
0 60 0
0 48 33
126 48 0
0 60 28
0 56 28
240 56 0
0 60 0
0 51 29
240 51 0
0 56 29
0 60 29
240 60 0
0 56 0
0 49 33
126 49 0
0 55 29
0 58 29
240 58 0
0 55 0
0 51 29
126 51 0
0 58 29
0 55 29
240 55 0
0 58 0
0 49 33
189 49 0
0 58 28
0 55 28
240 55 0
0 58 0
0 51 29
114 51 0
120 55 29
0 58 29
120 58 0
0 55 0
120 48 31
120 48 0
120 60 27
0 56 23
120 56 0
0 60 0
120 51 27
120 51 0
120 60 27
0 56 23
120 56 0
0 60 0
120 48 32
120 48 0
92 56 23
0 60 27
120 60 0
0 56 0
14 51 32
120 51 0
120 56 23
0 60 27
120 60 0
0 56 0
0 49 32
240 49 0
0 55 29
0 58 29
120 58 0
0 55 0
120 51 32
154 51 0
0 58 29
0 55 29
240 55 0
0 58 0
0 49 34
134 49 0
0 58 29
0 55 29
49 55 0
0 58 0
120 51 31
120 51 0
120 58 34
0 55 34
120 55 0
0 58 0
120 48 37
240 48 0
0 56 27
0 60 32
240 60 0
0 56 0
0 51 32
240 51 0
0 56 27
0 60 32
240 60 0
0 56 0
0 48 37
103 48 0
0 60 32
0 56 27
240 56 0
0 60 0
0 51 32
240 51 0
0 60 32
0 56 27
240 56 0
0 60 0
0 49 37
114 49 0
0 58 32
0 55 27
240 55 0
0 58 0
0 52 32
137 52 0
0 55 27
0 58 32
240 58 0
0 55 0
0 49 37
240 49 0
0 58 32
0 55 27
240 55 0
0 58 0
0 52 36
240 52 0
0 58 39
0 55 32
240 55 0
0 58 0
0 50 44
141 50 0
0 58 31
0 62 38
240 62 0
0 58 0
0 53 38
99 53 0
0 58 31
0 62 38
240 62 0
0 58 0
0 50 48
127 50 0
0 62 37
0 58 31
240 58 0
0 62 0
0 53 37
240 53 0
0 62 37
0 58 31
240 58 0
0 62 0
0 51 50
113 51 0
0 60 34
0 63 40
240 63 0
0 60 0
0 55 37
113 55 0
0 60 31
0 63 37
240 63 0
0 60 0
0 53 44
127 53 0
0 62 34
0 58 28
240 58 0
0 62 0
0 53 34
113 53 0
0 57 28
0 60 34
240 60 0
0 57 0
0 46 38
191 46 0
0 62 30
0 58 25
240 58 0
0 62 0
0 50 30
152 50 0
0 58 25
0 62 30
240 62 0
0 58 0
0 53 36
240 53 0
0 62 30
0 58 25
240 58 0
0 62 0
0 54 30
184 54 0
0 60 26
0 62 31
240 62 0
0 60 0
0 62 34
0 55 29
0 59 29
240 59 0
0 55 0
0 62 0
240 55 78
0 67 94
1440 67 0
0 55 0
0 55 42
240 55 0
0 67 31
120 67 0
120 65 31
0 62 26
120 62 0
0 65 0
120 67 32
120 67 0
120 55 44
240 55 0
0 67 31
240 67 0
0 63 35
0 60 29
240 60 0
0 63 0
0 67 32
240 67 0
0 55 42
240 55 0
0 67 31
120 67 0
120 65 31
0 62 26
120 62 0
0 65 0
120 67 29
120 67 0
120 55 44
240 55 0
0 67 32
120 67 0
120 54 29
0 63 35
0 60 29
120 60 0
0 63 0
0 54 0
120 66 35
240 66 0
0 53 42
240 53 0
0 65 35
120 65 0
120 62 35
120 62 0
120 65 36
120 65 0
120 55 42
240 55 0
0 64 36
120 64 0
120 60 36
120 60 0
120 64 36
120 64 0
120 53 35
0 62 42
198 62 0
0 53 0
0 65 33
240 65 0
0 53 29
0 57 35
95 57 0
0 53 0
120 63 34
120 63 0
120 58 42
0 62 42
240 62 0
0 58 0
0 65 38
240 65 0
0 62 38
240 62 0
0 58 38
240 58 0
0 55 43
240 55 0
0 64 37
120 64 0
120 58 39
120 58 0
120 64 42
120 64 0
120 53 35
198 53 0
0 65 33
240 65 0
0 57 35
85 57 0
120 65 34
120 65 0
120 55 43
240 55 0
0 64 35
120 64 0
120 58 35
120 58 0
120 64 36
120 64 0
120 53 35
198 53 0
0 65 33
240 65 0
0 57 35
85 57 0
120 65 34
120 65 0
120 50 35
240 50 0
0 59 29
120 59 0
120 53 29
120 53 0
120 59 30
120 59 0
120 48 29
198 48 0
0 60 28
240 60 0
0 52 29
85 52 0
120 60 29
120 60 0
120 50 35
240 50 0
0 59 29
120 59 0
120 53 29
120 53 0
120 59 30
120 59 0
120 52 29
0 48 29
0 60 29
438 60 0
0 48 0
0 52 0
445 62 53
120 62 0
0 60 44
120 60 0
0 59 45
120 59 0
0 60 45
120 60 0
0 55 49
120 55 0
120 52 46
120 52 0
120 48 46
120 48 0
120 43 39
120 43 0
120 40 43
120 40 0
120 38 47
120 38 0
120 36 50
120 36 0
120 34 46
120 34 0
120 33 43
120 33 0
120 31 39
120 31 0
240 29 33
120 29 0
134 41 33
120 41 0
194 45 33
120 45 0
160 46 33
120 46 0
176 50 33
240 50 0
169 53 33
240 53 0
171 57 33
240 57 0
160 36 33
240 36 0
184 38 33
240 38 0
134 41 33
240 41 0
183 45 33
240 45 0
131 49 33
240 49 0
177 50 33
120 50 0
120 52 33
100 52 0
114 53 33
120 53 0
0 55 33
51 60 35
120 60 0
0 55 0
0 55 35
120 55 0
0 60 35
120 60 0
0 43 33
29 59 33
120 59 0
0 43 0
0 53 33
120 53 0
0 59 33
120 59 0
0 52 33
0 36 33
0 48 33
0 60 46
120 60 0
0 52 0
0 36 0
0 48 0
120 55 39
120 55 0
120 52 43
120 52 0
120 50 47
120 50 0
120 48 50
120 48 0
120 46 46
120 46 0
120 45 43
120 45 0
120 43 39
120 43 0
240 29 33
120 29 0
169 41 33
120 41 0
194 45 33
120 45 0
160 46 33
120 46 0
176 50 33
240 50 0
169 53 33
240 53 0
171 57 33
240 57 0
160 36 33
240 36 0
184 38 33
240 38 0
134 41 33
240 41 0
171 45 33
240 45 0
131 49 33
240 49 0
177 50 33
120 50 0
120 52 33
100 52 0
114 54 33
120 54 0
0 43 33
171 43 0
240 45 33
149 45 0
189 50 33
240 50 0
154 43 33
240 43 0
184 38 33
240 38 0
134 38 36
240 38 0
183 31 36
240 31 0
143 31 34
240 31 0
171 33 33
240 33 0
131 33 33
240 33 0
189 38 33
240 38 0
154 50 33
240 50 0
184 50 33
240 50 0
134 50 36
240 50 0
171 43 36
240 43 0
143 43 34
240 43 0
171 45 33
240 45 0
131 45 33
240 45 0
0 50 29
429 54 29
394 54 0
0 57 29
424 57 0
0 55 32
374 55 0
0 54 32
440 54 0
0 50 0
0 43 30
0 50 30
383 50 0
0 43 0
0 49 29
0 45 29
411 49 0
0 52 29
371 52 0
0 45 0
0 50 29
429 54 29
394 54 0
0 57 29
184 57 0
0 58 26
240 58 0
0 57 29
134 57 0
0 55 27
240 55 0
0 54 32
440 54 0
0 50 0
0 43 30
0 50 30
383 50 0
0 43 0
0 49 29
0 45 29
411 49 0
0 52 29
371 52 0
0 45 0
0 50 32
411 43 28
383 43 0
0 50 0
0 49 26
0 45 26
411 49 0
0 52 26
371 52 0
0 45 0
0 38 26
411 38 0
0 41 26
371 41 0
0 45 26
411 45 0
0 48 26
371 48 0
0 36 26
411 36 0
0 39 26
371 39 0
0 43 26
411 43 0
0 46 26
371 46 0
0 34 29
411 34 0
0 38 30
371 38 0
0 41 31
411 41 0
0 45 32
371 45 0
0 33 29
411 33 0
0 34 32
371 34 0
0 33 36
411 33 0
0 31 32
371 31 0
169 29 33
120 29 0
141 41 33
120 41 0
194 45 33
120 45 0
183 46 33
120 46 0
176 50 33
240 50 0
191 53 33
240 53 0
171 57 33
240 57 0
160 36 33
240 36 0
162 38 33
240 38 0
134 41 33
240 41 0
171 45 33
240 45 0
131 49 33
240 49 0
177 50 33
120 50 0
120 52 33
100 52 0
114 53 33
120 53 0
0 46 33
171 46 0
240 48 33
149 48 0
148 53 33
240 53 0
154 46 33
240 46 0
184 41 33
240 41 0
134 41 36
240 41 0
162 34 36
240 34 0
143 34 34
240 34 0
171 36 33
240 36 0
131 36 33
240 36 0
148 41 33
240 41 0
154 53 33
240 53 0
184 53 33
240 53 0
134 53 36
240 53 0
200 46 36
240 46 0
143 46 32
240 46 0
171 48 33
240 48 0
131 48 33
240 48 0
0 53 29
416 57 29
394 57 0
0 60 29
424 60 0
0 58 32
374 58 0
0 57 32
402 57 0
0 53 0
0 46 30
0 53 30
402 53 0
0 46 0
0 52 29
0 48 29
411 52 0
0 55 29
371 55 0
0 48 0
0 53 29
402 57 29
394 57 0
0 60 29
184 60 0
0 61 26
240 61 0
0 60 29
155 60 0
0 58 27
240 58 0
0 57 32
402 57 0
0 53 0
0 46 30
0 53 30
395 53 0
0 46 0
0 52 29
0 48 29
411 52 0
0 55 29
371 55 0
0 48 0
1920 41 76
0 48 76
0 53 92
776 53 0
0 48 0
0 41 0
0 41 66
0 48 66
0 53 77
114 53 0
0 48 0
0 41 0
6 41 70
0 53 84
289 53 0
0 41 0
0 41 67
0 53 80
114 53 0
0 41 0
6 44 70
0 56 84
360 56 0
0 44 0
0 44 66
0 56 77
114 56 0
0 44 0
0 29 70
0 41 84
289 41 0
0 29 0
0 29 66
0 41 77
114 41 0
0 29 0
6 32 66
0 44 79
360 44 0
0 32 0
0 32 61
0 44 73
114 44 0
0 32 0
6 36 66
0 48 79
254 48 0
0 36 0
0 36 61
0 48 73
114 48 0
0 36 0
6 41 66
0 53 79
360 53 0
0 41 0
0 41 59
0 53 71
120 53 0
0 41 0
0 46 70
0 49 70
0 54 84
120 54 0
0 49 0
0 46 0
2040 54 63
120 58 65
20 54 0
100 61 68
20 58 0
100 59 66
20 61 0
100 58 64
20 59 0
100 56 63
20 58 0
100 54 61
20 56 0
100 53 61
20 54 0
100 51 63
20 53 0
100 49 64
20 51 0
100 47 64
20 49 0
100 46 65
20 47 0
100 44 66
20 46 0
100 42 66
20 44 0
100 42 0
0 34 61
0 46 73
137 46 0
0 34 0
240 34 65
0 46 77
240 46 0
0 34 0
240 34 64
0 46 76
240 46 0
0 34 0
0 34 52
0 46 63
63 46 0
0 34 0
120 34 57
0 46 67
120 46 0
0 34 0
120 34 60
0 46 72
120 46 0
0 34 0
0 36 61
0 48 73
240 48 0
0 36 0
240 36 65
0 48 77
240 48 0
0 36 0
240 36 64
0 48 76
240 48 0
0 36 0
0 36 52
0 48 63
63 48 0
0 36 0
120 36 57
0 48 67
120 48 0
0 36 0
120 36 60
0 48 72
120 48 0
0 36 0
120 41 67
86 41 0
0 44 57
120 44 0
0 48 57
120 48 0
0 53 57
120 53 0
0 41 67
120 41 0
0 44 57
120 44 0
0 48 57
120 48 0
0 53 57
120 53 0
0 41 67
34 41 0
0 44 56
120 44 0
0 48 57
120 48 0
0 53 57
120 53 0
0 41 67
120 41 0
0 44 59
120 44 0
0 48 59
120 48 0
0 53 60
120 53 0
0 41 67
45 41 0
0 44 58
120 44 0
0 49 58
120 49 0
0 53 58
120 53 0
0 41 67
40 41 0
0 44 60
120 44 0
0 49 60
120 49 0
0 53 60
120 53 0
0 41 67
14 41 0
0 48 58
120 48 0
0 51 58
120 51 0
0 53 58
120 53 0
0 41 67
28 41 0
0 48 57
120 48 0
0 51 57
120 51 0
0 53 57
120 53 0
0 41 67
34 41 0
0 46 57
120 46 0
0 49 57
120 49 0
0 53 57
120 53 0
0 41 67
120 41 0
0 46 55
120 46 0
0 49 55
120 49 0
0 53 54
120 53 0
0 41 63
34 41 0
0 46 53
120 46 0
0 49 54
120 49 0
0 53 54
120 53 0
0 41 63
120 41 0
0 46 56
120 46 0
0 49 56
120 49 0
0 53 57
120 53 0
0 42 63
40 42 0
0 46 55
120 46 0
0 49 55
120 49 0
0 54 55
120 54 0
0 42 63
34 42 0
0 46 57
120 46 0
0 49 57
120 49 0
0 54 57
120 54 0
0 43 63
80 43 0
0 46 55
92 46 0
0 48 55
120 48 0
0 55 55
120 55 0
0 43 63
98 43 0
0 46 54
120 46 0
0 48 54
120 48 0
0 55 54
120 55 0
0 44 63
40 44 0
0 48 54
120 48 0
0 53 54
120 53 0
0 56 54
120 56 0
0 44 63
120 44 0
0 48 54
120 48 0
0 53 54
120 53 0
0 56 54
120 56 0
0 44 63
74 44 0
0 48 53
120 48 0
0 53 54
120 53 0
0 56 54
120 56 0
0 44 63
120 44 0
0 48 56
120 48 0
0 53 56
120 53 0
0 56 57
120 56 0
0 44 63
63 44 0
0 49 55
120 49 0
0 53 55
120 53 0
0 56 55
120 56 0
0 44 63
51 44 0
0 49 57
120 49 0
0 53 57
120 53 0
0 56 57
120 56 0
0 44 63
74 44 0
0 51 55
120 51 0
0 54 55
120 54 0
0 56 55
120 56 0
0 44 63
56 44 0
0 51 54
120 51 0
0 54 54
120 54 0
0 56 54
120 56 0
0 44 67
63 44 0
0 49 57
120 49 0
0 53 57
120 53 0
0 56 57
120 56 0
0 44 67
120 44 0
0 49 55
120 49 0
0 53 55
120 53 0
0 56 51
120 56 0
0 45 59
57 45 0
0 49 50
120 49 0
0 53 51
120 53 0
0 57 51
120 57 0
0 46 59
120 46 0
0 49 53
120 49 0
0 53 53
120 53 0
0 58 54
120 58 0
0 48 59
63 48 0
0 53 52
120 53 0
0 56 52
120 56 0
0 60 52
120 60 0
0 49 59
45 49 0
0 53 54
120 53 0
0 56 54
120 56 0
0 61 54
120 61 0
0 48 59
63 48 0
0 53 52
120 53 0
0 56 52
120 56 0
0 60 52
120 60 0
0 48 59
23 48 0
0 53 51
120 53 0
0 56 51
120 56 0
0 60 51
120 60 0
0 48 56
63 48 0
0 53 49
120 53 0
0 55 48
120 55 0
0 60 47
120 60 0
0 48 51
56 48 0
0 52 44
120 52 0
0 55 43
120 55 0
0 60 42
7 60 0
0 41 42
68 41 0
0 57 42
160 57 0
0 60 34
160 60 0
0 53 34
160 53 0
0 57 30
160 57 0
0 60 30
160 60 0
0 53 34
54 53 0
0 57 29
160 57 0
0 60 29
160 60 0
0 53 34
160 53 0
0 57 30
160 57 0
0 60 30
160 60 0
0 53 34
19 53 0
0 57 30
160 57 0
0 60 30
160 60 0
0 51 34
47 51 0
0 57 30
160 57 0
0 60 30
160 60 0
0 50 34
80 50 0
0 58 29
160 58 0
0 60 29
160 60 0
0 52 34
57 52 0
0 58 30
160 58 0
0 60 30
160 60 0
0 53 34
89 53 0
0 57 31
160 57 0
0 60 31
160 60 0
0 53 34
54 53 0
0 57 30
160 57 0
0 60 30
160 60 0
0 53 34
54 53 0
0 57 29
160 57 0
0 60 29
160 60 0
0 52 34
74 52 0
0 55 30
160 55 0
0 60 30
160 60 0
0 50 34
63 50 0
0 53 30
160 53 0
0 57 30
160 57 0
0 50 34
47 50 0
0 53 30
160 53 0
0 59 30
160 59 0
0 48 34
91 48 0
0 53 29
160 53 0
0 60 29
160 60 0
0 48 34
68 48 0
0 52 30
160 52 0
0 60 30
160 60 0
0 41 34
89 41 0
0 57 31
160 57 0
0 60 31
160 60 0
0 53 34
54 53 0
0 57 30
160 57 0
0 60 30
160 60 0
0 53 34
54 53 0
0 57 29
160 57 0
0 60 29
160 60 0
0 53 34
160 53 0
0 57 30
160 57 0
0 60 30
160 60 0
0 53 34
19 53 0
0 57 30
160 57 0
0 60 30
160 60 0
0 51 34
47 51 0
0 57 30
160 57 0
0 60 30
160 60 0
0 50 34
80 50 0
0 58 29
160 58 0
0 60 29
160 60 0
0 52 34
80 52 0
0 58 30
160 58 0
0 60 30
160 60 0
0 53 34
89 53 0
0 57 31
160 57 0
0 60 31
160 60 0
0 53 34
82 53 0
0 57 30
160 57 0
0 60 30
160 60 0
0 53 34
54 53 0
0 57 29
160 57 0
0 60 29
160 60 0
0 52 34
80 52 0
0 55 30
160 55 0
0 60 30
160 60 0
0 50 34
19 50 0
0 53 30
160 53 0
0 57 30
160 57 0
0 50 34
47 50 0
0 53 30
160 53 0
0 59 30
160 59 0
0 48 34
80 48 0
0 53 29
160 53 0
0 60 29
160 60 0
0 48 34
80 48 0
0 52 30
160 52 0
0 60 30
160 60 0
0 41 34
89 41 0
0 57 31
160 57 0
0 60 31
160 60 0
0 53 34
82 53 0
0 57 30
160 57 0
0 60 30
160 60 0
0 53 34
54 53 0
0 57 29
160 57 0
0 60 29
160 60 0
0 54 34
80 54 0
0 57 30
160 57 0
0 60 30
160 60 0
0 53 34
19 53 0
0 57 30
160 57 0
0 60 30
160 60 0
0 54 34
47 54 0
0 57 30
160 57 0
0 60 30
160 60 0
0 53 34
85 53 0
0 57 29
160 57 0
0 60 29
160 60 0
0 51 34
114 51 0
0 55 30
160 55 0
0 61 30
160 61 0
0 50 34
74 50 0
0 54 28
160 54 0
0 62 28
160 62 0
0 50 33
80 50 0
0 55 28
160 55 0
0 58 28
160 58 0
0 50 31
85 50 0
0 54 26
160 54 0
0 57 26
160 57 0
0 50 30
63 50 0
0 55 26
160 55 0
0 58 26
160 58 0
0 50 29
80 50 0
0 54 27
160 54 0
0 57 28
160 57 0
0 50 34
80 50 0
0 55 30
160 55 0
0 58 30
51 58 0
0 50 34
160 50 0
0 54 31
160 54 0
0 57 31
160 57 0
0 48 34
40 48 0
0 54 31
160 54 0
0 57 31
160 57 0
0 46 34
0 53 34
0 58 34
24 58 0
0 53 0
0 46 0
80 62 30
160 62 0
0 65 30
160 65 0
0 58 34
68 58 0
0 62 30
160 62 0
0 65 30
160 65 0
0 58 34
54 58 0
0 62 29
160 62 0
0 65 29
160 65 0
0 59 34
68 59 0
0 62 30
160 62 0
0 65 30
160 65 0
0 58 34
19 58 0
0 62 30
160 62 0
0 65 30
160 65 0
0 59 34
97 59 0
0 62 30
160 62 0
0 65 30
160 65 0
0 58 34
74 58 0
0 62 29
160 62 0
0 65 29
160 65 0
0 56 34
74 56 0
0 60 30
160 60 0
0 66 30
160 66 0
0 55 34
80 55 0
0 59 28
160 59 0
0 67 28
160 67 0
0 55 33
80 55 0
0 60 28
160 60 0
0 63 28
160 63 0
0 55 31
80 55 0
0 59 26
160 59 0
0 62 26
160 62 0
0 55 30
68 55 0
0 60 26
160 60 0
0 63 26
160 63 0
0 55 29
68 55 0
0 59 27
160 59 0
0 62 28
160 62 0
0 55 34
68 55 0
0 60 30
160 60 0
0 63 30
51 63 0
0 55 34
160 55 0
0 59 31
160 59 0
0 62 31
160 62 0
0 55 34
40 55 0
0 60 31
160 60 0
0 63 31
160 63 0
0 55 34
104 55 0
0 59 30
160 59 0
0 62 30
160 62 0
0 55 34
114 55 0
0 60 30
160 60 0
0 63 30
51 63 0
0 55 34
160 55 0
0 59 31
160 59 0
0 62 31
160 62 0
0 55 34
40 55 0
0 60 31
160 60 0
0 63 31
160 63 0
0 55 34
104 55 0
0 59 30
160 59 0
0 62 30
160 62 0
0 55 34
57 55 0
0 60 30
160 60 0
0 63 30
51 63 0
0 55 34
160 55 0
0 59 31
160 59 0
0 62 31
160 62 0
0 55 34
40 55 0
0 60 31
160 60 0
0 63 31
160 63 0
0 55 34
104 55 0
0 59 30
160 59 0
0 62 30
160 62 0
0 55 34
68 55 0
0 60 30
160 60 0
0 63 30
51 63 0
0 55 34
160 55 0
0 59 31
160 59 0
0 62 31
160 62 0
0 55 34
40 55 0
0 60 31
160 60 0
0 63 31
160 63 0
0 55 34
80 55 0
0 59 31
160 59 0
0 62 31
160 62 0
0 55 34
40 55 0
0 60 31
160 60 0
0 63 31
160 63 0
0 62 34
0 59 34
0 55 34
240 55 0
0 59 0
0 62 0
240 67 94
0 55 78
1440 55 0
0 67 0
0 55 42
240 55 0
0 67 31
120 67 0
120 65 31
0 62 26
120 62 0
0 65 0
120 67 32
120 67 0
120 55 44
240 55 0
0 67 28
120 67 0
120 60 29
0 63 35
120 63 0
0 60 0
120 67 32
120 67 0
120 55 42
240 55 0
0 67 31
120 67 0
120 65 31
0 62 26
120 62 0
0 65 0
120 67 29
120 67 0
120 55 44
240 55 0
0 67 32
120 67 0
120 54 29
0 60 29
0 63 35
120 63 0
0 60 0
0 54 0
120 66 35
120 66 0
120 53 42
240 53 0
0 65 35
120 65 0
120 62 35
120 62 0
120 65 36
120 65 0
120 55 42
240 55 0
0 64 36
120 64 0
120 60 36
120 60 0
120 64 36
120 64 0
120 62 42
0 53 35
198 53 0
0 62 0
0 65 33
240 65 0
0 63 35
0 53 29
85 53 0
0 63 0
120 65 34
120 65 0
120 62 42
0 58 42
240 58 0
0 62 0
240 67 94
0 55 78
1440 55 0
0 67 0
0 55 42
240 55 0
0 67 31
120 67 0
120 65 31
0 62 26
120 62 0
0 65 0
120 67 32
120 67 0
120 55 44
240 55 0
0 67 31
120 67 0
120 60 29
0 63 35
120 63 0
0 60 0
120 67 32
120 67 0
120 55 42
240 55 0
0 67 31
120 67 0
120 65 31
0 62 26
120 62 0
0 65 0
120 67 29
120 67 0
120 55 44
240 55 0
0 67 32
120 67 0
120 54 29
0 60 29
0 63 35
120 63 0
0 60 0
0 54 0
120 66 35
120 66 0
120 53 42
240 53 0
0 65 35
120 65 0
120 62 35
120 62 0
120 65 36
120 65 0
120 55 42
240 55 0
0 64 36
120 64 0
120 60 36
120 60 0
120 64 36
120 64 0
120 62 42
0 53 35
198 53 0
0 62 0
0 65 33
240 65 0
0 63 35
0 53 29
85 53 0
0 63 0
120 65 34
120 65 0
120 62 42
0 58 42
120 58 0
0 62 0
120 57 38
120 57 0
120 55 37
120 55 0
120 53 36
120 53 0
120 51 42
120 51 0
120 58 36
0 55 36
120 55 0
0 58 0
120 48 36
120 48 0
120 60 36
0 55 36
120 55 0
0 60 0
120 53 42
120 53 0
120 57 35
0 60 35
120 60 0
0 57 0
120 51 36
120 51 0
120 60 36
0 57 36
120 57 0
0 60 0
120 50 39
226 50 0
0 58 34
0 53 29
240 53 0
0 58 0
0 46 34
141 46 0
0 58 34
0 53 29
240 53 0
0 58 0
0 51 40
92 51 0
0 58 34
0 55 29
240 55 0
0 58 0
0 50 34
229 50 0
0 58 34
0 55 29
240 55 0
0 58 0
0 48 42
226 48 0
0 60 36
0 55 30
240 55 0
0 60 0
0 45 36
240 45 0
0 57 36
0 51 30
240 51 0
0 57 0
0 50 42
191 50 0
0 54 29
0 57 35
240 57 0
0 54 0
0 42 42
180 42 0
60 50 30
0 54 36
180 54 0
0 50 0
60 43 47
120 43 0
120 55 39
120 55 0
120 39 49
120 39 0
120 51 44
120 51 0
120 36 51
120 36 0
120 48 46
120 48 0
120 38 54
120 38 0
120 50 45
120 50 0
120 39 44
0 51 52
240 51 0
0 39 0
240 42 51
0 50 51
0 54 60
438 54 0
0 50 0
0 42 0
0 43 50
191 43 0
0 55 45
205 55 0
0 39 45
240 39 0
0 51 45
240 51 0
0 36 56
184 36 0
0 48 49
240 48 0
0 38 49
56 38 0
0 50 49
240 50 0
0 31 52
169 31 0
0 43 55
240 43 0
0 50 55
0 62 66
464 62 0
0 50 0
0 51 54
0 63 65
198 63 0
0 51 0
0 49 48
0 61 57
480 61 0
0 49 0
0 50 48
0 62 57
149 62 0
0 50 0
0 47 61
154 47 0
0 59 52
160 59 0
0 47 52
160 47 0
0 48 63
91 48 0
0 60 55
57 60 0
0 48 54
160 48 0
0 45 59
160 45 0
0 57 52
160 57 0
0 45 52
160 45 0
0 46 57
89 46 0
0 58 52
52 58 0
0 46 52
160 46 0
141 46 59
0 58 72
120 58 0
0 46 0
0 45 67
0 57 79
169 57 0
0 45 0
0 43 54
0 55 65
42 55 0
0 43 0
120 43 59
0 55 71
120 55 0
0 43 0
120 43 53
0 55 64
120 55 0
0 43 0
120 43 66
0 55 78
183 55 0
0 43 0
0 42 59
0 54 72
86 54 0
0 42 0
360 41 59
0 53 72
120 53 0
0 41 0
120 41 67
0 53 79
177 53 0
0 41 0
0 40 51
0 52 60
63 52 0
0 40 0
120 39 56
0 51 67
120 51 0
0 39 0
120 39 50
0 51 59
120 51 0
0 39 0
120 39 66
0 51 78
169 51 0
0 39 0
0 38 59
0 50 72
120 50 0
0 38 0
120 39 78
196 39 0
0 51 70
240 51 0
0 38 78
183 38 0
0 50 71
240 50 0
0 37 78
139 37 0
0 49 68
240 49 0
0 38 78
103 38 0
0 42 69
160 42 0
0 45 69
160 45 0
0 50 76
160 50 0
0 54 67
160 54 0
0 57 67
160 57 0
0 50 73
100 50 0
0 55 61
160 55 0
0 58 61
160 58 0
0 57 67
82 57 0
0 58 55
160 58 0
0 55 55
160 55 0
0 50 64
120 50 0
0 54 56
160 54 0
0 57 56
160 57 0
0 56 47
91 56 0
0 57 36
160 57 0
0 54 36
160 54 0
0 50 42
74 50 0
0 53 33
160 53 0
0 56 33
51 56 0
0 55 43
160 55 0
0 56 35
160 56 0
0 53 35
160 53 0
0 48 43
126 48 0
0 53 36
160 53 0
0 56 36
160 56 0
0 48 76
80 48 0
0 52 67
160 52 0
0 55 67
160 55 0
0 48 73
103 48 0
0 53 61
160 53 0
0 56 61
160 56 0
0 55 67
74 55 0
0 56 55
160 56 0
0 53 55
160 53 0
0 48 64
68 48 0
0 52 56
160 52 0
0 55 56
160 55 0
0 54 47
91 54 0
0 55 36
160 55 0
0 52 36
160 52 0
0 48 42
114 48 0
0 51 33
17 51 0
0 54 33
160 54 0
0 53 43
160 53 0
0 54 35
160 54 0
0 51 35
160 51 0
0 46 43
126 46 0
0 51 36
40 51 0
0 54 36
160 54 0
6 46 51
119 50 44
7 46 0
153 50 0
2 53 44
0 60 60
1 53 0
374 60 0
0 57 50
480 57 0
0 58 59
656 58 0
0 62 45
120 62 0
0 58 51
0 65 53
148 65 0
0 63 46
120 63 0
92 63 46
120 63 0
120 63 46
120 63 0
120 58 0
0 58 51
0 63 53
184 63 0
0 62 46
49 62 0
120 58 0
200 58 53
240 58 0
0 60 59
127 60 0
0 62 50
240 62 0
0 55 55
240 55 0
0 57 50
240 57 0
0 58 59
621 58 0
0 62 45
120 62 0
0 58 53
0 65 53
148 65 0
0 63 46
120 63 0
85 63 46
120 63 0
120 63 46
120 63 0
120 58 0
0 58 53
0 63 53
184 63 0
0 62 46
85 62 0
120 58 0
200 46 57
0 58 68
240 58 0
0 46 0
0 47 65
0 59 77
3 59 0
0 47 0
0 44 59
0 56 71
392 56 0
0 44 0
0 46 65
0 58 77
416 58 0
0 46 0
240 51 55
0 63 66
120 63 0
0 51 0
120 49 66
0 61 78
148 61 0
0 49 0
0 47 54
0 59 65
120 59 0
0 47 0
0 47 54
0 59 65
45 59 0
0 47 0
120 47 53
0 59 64
120 59 0
0 47 0
120 47 64
0 59 76
184 59 0
0 47 0
0 46 54
0 58 65
120 58 0
0 46 0
120 49 68
40 49 0
0 54 61
160 54 0
0 58 61
34 58 0
0 47 65
0 59 77
3 59 0
0 47 0
0 44 59
0 56 71
428 56 0
0 44 0
0 46 65
0 58 77
416 58 0
0 46 0
240 51 55
0 63 66
120 63 0
0 51 0
120 49 66
0 61 78
148 61 0
0 49 0
0 47 54
0 59 65
120 59 0
0 47 0
120 47 54
0 59 65
28 59 0
0 47 0
120 47 53
0 59 64
120 59 0
0 47 0
120 47 66
0 59 78
108 59 0
0 47 0
0 46 54
0 58 65
120 58 0
0 46 0
0 46 54
0 58 65
51 58 0
0 46 0
120 46 53
0 58 64
120 58 0
0 46 0
120 46 66
0 58 78
148 58 0
0 46 0
0 44 54
0 56 65
120 56 0
0 44 0
6 44 54
0 56 65
63 56 0
0 44 0
120 44 53
0 56 64
120 56 0
0 44 0
120 44 66
0 56 78
148 56 0
0 44 0
0 42 54
0 54 65
120 54 0
0 42 0
120 42 54
0 54 65
97 54 0
0 42 0
120 42 53
0 54 64
120 54 0
0 42 0
0 35 88
0 47 103
891 47 0
0 35 0
0 35 75
0 47 89
184 47 0
0 35 0
0 34 64
0 46 75
120 46 0
0 34 0
120 34 64
0 46 75
35 46 0
0 34 0
120 34 64
0 46 75
120 46 0
0 34 0
120 35 88
0 47 103
891 47 0
0 35 0
0 35 75
0 47 89
148 47 0
0 35 0
0 34 64
0 46 75
120 46 0
0 34 0
120 34 64
0 46 75
28 46 0
0 34 0
120 34 64
0 46 75
120 46 0
0 34 0
120 47 103
0 35 88
891 35 0
0 47 0
0 46 89
0 34 75
424 34 0
0 46 0
0 45 75
0 33 64
383 33 0
0 45 0
0 34 88
0 46 103
891 46 0
0 34 0
0 34 72
0 46 86
106 46 0
0 34 0
0 33 60
0 45 72
120 45 0
0 33 0
120 33 59
0 45 71
35 45 0
0 33 0
120 33 59
0 45 70
120 45 0
0 33 0
120 34 81
0 46 96
891 46 0
0 34 0
0 34 67
0 46 78
141 46 0
0 34 0
0 33 55
0 45 66
120 45 0
0 33 0
120 33 55
0 45 65
28 45 0
0 33 0
120 33 54
0 45 64
120 45 0
0 33 0
120 34 74
0 46 88
891 46 0
0 34 0
0 34 61
0 46 72
134 46 0
0 34 0
0 33 51
0 45 60
120 45 0
0 33 0
120 33 50
0 45 59
99 45 0
0 33 0
120 33 50
0 45 58
120 45 0
0 33 0
120 46 80
0 34 68
651 34 0
0 46 0
0 34 66
0 46 77
240 46 0
0 34 0
0 45 65
0 33 55
424 33 0
0 45 0
0 44 53
0 32 45
374 32 0
0 44 0
0 45 68
0 33 57
651 33 0
0 45 0
0 33 56
0 45 56
240 45 0
0 33 0
0 43 58
0 31 49
424 31 0
0 43 0
0 42 49
0 30 40
367 30 0
0 42 0
0 31 57
0 43 68
891 43 0
0 31 0
0 31 49
0 43 58
184 43 0
0 31 0
0 32 40
0 44 49
120 44 0
0 32 0
120 32 40
0 44 49
51 44 0
0 32 0
120 32 40
0 44 49
120 44 0
0 32 0
120 31 57
0 43 68
891 43 0
0 31 0
0 31 38
0 43 46
184 43 0
0 31 0
0 32 32
0 44 38
120 44 0
0 32 0
120 32 32
0 44 38
23 44 0
0 32 0
120 32 32
0 44 38
120 44 0
0 32 0
0 31 38
0 43 46
240 43 0
0 31 0
240 55 78
0 67 94
1440 67 0
0 55 0
0 55 42
240 55 0
0 67 31
120 67 0
120 65 31
0 62 26
120 62 0
0 65 0
120 67 32
120 67 0
120 55 44
240 55 0
0 67 31
240 67 0
0 60 29
0 63 35
240 63 0
0 60 0
0 67 32
240 67 0
0 55 42
240 55 0
0 67 31
120 67 0
120 65 31
0 62 26
120 62 0
0 65 0
120 67 29
120 67 0
120 55 44
240 55 0
0 67 32
120 67 0
120 54 29
0 60 29
0 63 35
120 63 0
0 60 0
0 54 0
120 66 35
240 66 0
0 53 42
240 53 0
0 65 35
120 65 0
120 62 35
120 62 0
120 65 36
120 65 0
120 55 42
240 55 0
0 64 36
120 64 0
120 60 36
120 60 0
120 64 36
120 64 0
120 62 42
0 53 35
198 53 0
0 62 0
0 65 33
240 65 0
0 63 35
0 53 29
85 53 0
0 63 0
120 65 34
120 65 0
120 62 42
0 58 42
120 58 0
0 62 0
120 57 38
120 57 0
120 55 37
120 55 0
120 53 36
120 53 0
120 51 42
120 51 0
120 58 36
0 55 36
120 55 0
0 58 0
120 48 36
120 48 0
120 60 36
0 55 36
120 55 0
0 60 0
120 53 42
120 53 0
120 57 35
0 60 35
120 60 0
0 57 0
120 51 36
120 51 0
120 60 36
0 57 36
120 57 0
0 60 0
120 50 39
106 50 0
120 58 34
0 53 29
120 53 0
0 58 0
120 46 34
21 46 0
120 58 34
0 53 29
120 53 0
0 58 0
0 51 40
120 51 0
92 58 34
0 55 29
120 55 0
0 58 0
14 50 34
120 50 0
120 58 29
0 55 29
120 55 0
0 58 0
0 48 33
120 48 0
120 60 29
0 56 29
120 56 0
0 60 0
120 51 29
120 51 0
120 60 29
0 56 29
120 56 0
0 60 0
0 48 33
6 48 0
120 56 28
0 60 28
120 60 0
0 56 0
120 51 29
120 51 0
120 60 29
0 56 29
120 56 0
0 60 0
0 49 33
126 49 0
0 55 29
0 58 29
240 58 0
0 55 0
0 51 29
126 51 0
0 58 29
0 55 29
240 55 0
0 58 0
0 49 33
189 49 0
0 55 28
0 58 28
240 58 0
0 55 0
0 51 29
174 51 0
60 58 29
0 55 29
180 55 0
0 58 0
60 48 31
240 48 0
0 56 23
0 60 27
240 60 0
0 56 0
0 51 27
240 51 0
0 60 27
0 56 23
240 56 0
0 60 0
0 48 32
92 48 0
0 60 27
0 56 23
14 56 0
0 60 0
0 51 32
120 51 0
120 56 23
0 60 27
120 60 0
0 56 0
0 49 32
240 49 0
0 58 29
0 55 29
120 55 0
0 58 0
120 51 32
171 51 0
0 58 29
0 55 29
240 55 0
0 58 0
0 49 34
141 49 0
0 58 29
0 55 29
49 55 0
0 58 0
120 51 31
120 51 0
120 58 34
0 55 34
120 55 0
0 58 0
0 48 37
240 48 0
0 56 27
0 60 32
240 60 0
0 56 0
0 51 32
240 51 0
0 56 27
0 60 32
240 60 0
0 56 0
0 48 37
103 48 0
0 60 32
0 56 27
240 56 0
0 60 0
0 51 32
240 51 0
0 60 32
0 56 27
240 56 0
0 60 0
0 49 37
91 49 0
0 58 32
0 55 27
240 55 0
0 58 0
0 52 32
137 52 0
0 58 32
0 55 27
240 55 0
0 58 0
0 49 37
240 49 0
0 58 32
0 55 27
240 55 0
0 58 0
0 52 36
240 52 0
0 58 39
0 55 32
240 55 0
0 58 0
0 50 44
141 50 0
0 62 38
0 58 31
240 58 0
0 62 0
0 53 38
99 53 0
0 62 38
0 58 31
240 58 0
0 62 0
0 50 48
127 50 0
0 62 37
0 58 31
240 58 0
0 62 0
0 53 37
240 53 0
0 62 37
0 58 31
240 58 0
0 62 0
0 51 50
113 51 0
0 63 40
0 60 34
240 60 0
0 63 0
0 55 37
113 55 0
0 63 37
0 60 31
240 60 0
0 63 0
0 53 44
127 53 0
0 62 34
0 58 28
240 58 0
0 62 0
0 53 34
113 53 0
0 63 34
0 57 28
240 57 0
0 63 0
0 46 38
191 46 0
0 62 30
0 58 25
240 58 0
0 62 0
0 50 30
176 50 0
0 62 30
0 58 25
240 58 0
0 62 0
0 53 36
240 53 0
0 62 30
0 58 25
240 58 0
0 62 0
0 54 30
184 54 0
0 62 31
0 60 26
240 60 0
0 62 0
0 62 34
0 59 29
0 55 29
240 55 0
0 59 0
0 62 0
240 55 78
0 67 94
1440 67 0
0 55 0
0 55 42
240 55 0
0 67 31
120 67 0
120 65 31
0 62 26
120 62 0
0 65 0
120 67 32
120 67 0
120 55 44
240 55 0
0 67 31
240 67 0
0 60 29
0 63 35
240 63 0
0 60 0
0 67 32
240 67 0
0 55 42
240 55 0
0 67 31
120 67 0
120 65 31
0 62 26
120 62 0
0 65 0
120 67 29
120 67 0
120 55 44
240 55 0
0 67 32
120 67 0
120 54 29
0 60 29
0 63 35
120 63 0
0 60 0
0 54 0
120 66 35
240 66 0
0 53 42
240 53 0
0 65 35
120 65 0
120 62 35
120 62 0
120 65 36
120 65 0
120 55 42
240 55 0
0 64 36
120 64 0
120 60 36
120 60 0
120 64 36
120 64 0
120 62 42
0 53 35
198 53 0
0 62 0
0 65 33
240 65 0
0 57 35
0 53 29
85 53 0
0 57 0
120 63 34
120 63 0
120 62 42
0 58 42
240 58 0
0 62 0
0 65 38
240 65 0
0 62 38
240 62 0
0 58 38
240 58 0
0 55 43
240 55 0
0 64 37
120 64 0
120 58 39
240 58 0
0 64 42
240 64 0
0 53 35
198 53 0
0 65 33
240 65 0
0 57 35
85 57 0
120 65 34
120 65 0
120 55 43
240 55 0
0 64 35
120 64 0
120 58 35
240 58 0
0 64 36
240 64 0
0 53 29
0 57 29
0 65 35
438 65 0
0 57 0
0 53 0
685 60 39
120 60 0
120 57 43
120 57 0
120 55 47
120 55 0
120 53 50
120 53 0
120 51 46
120 51 0
120 50 43
120 50 0
120 48 39
120 48 0
240 34 33
120 34 0
360 46 33
120 46 0
194 50 33
120 50 0
160 51 33
120 51 0
176 55 33
240 55 0
191 58 33
240 58 0
171 62 33
240 62 0
160 41 33
240 41 0
184 43 33
240 43 0
134 46 33
240 46 0
165 50 33
240 50 0
131 54 33
240 54 0
177 55 33
120 55 0
120 57 33
100 57 0
114 58 33
120 58 0
0 60 33
51 65 35
120 65 0
0 60 0
0 60 35
120 60 0
0 65 35
120 65 0
0 48 33
29 64 33
120 64 0
0 48 0
0 58 33
120 58 0
0 64 33
120 64 0
0 57 33
0 41 33
0 53 33
0 65 46
120 65 0
0 57 0
0 41 0
0 53 0
120 60 39
120 60 0
120 57 43
120 57 0
120 55 47
120 55 0
120 53 50
120 53 0
120 51 46
120 51 0
120 50 43
120 50 0
120 48 39
120 48 0
240 34 33
240 34 0
240 46 33
240 46 0
194 50 33
240 50 0
160 51 33
240 51 0
176 55 33
240 55 0
191 58 33
240 58 0
171 62 33
240 62 0
160 41 33
240 41 0
184 43 33
240 43 0
169 46 33
240 46 0
200 50 33
240 50 0
131 54 33
240 54 0
177 55 33
120 55 0
120 57 33
100 57 0
114 59 33
120 59 0
0 48 33
171 48 0
240 50 33
189 50 0
189 55 33
240 55 0
154 48 33
240 48 0
184 43 33
240 43 0
134 43 36
240 43 0
200 36 36
240 36 0
143 36 34
240 36 0
171 38 33
240 38 0
131 38 33
240 38 0
162 43 33
240 43 0
154 55 33
240 55 0
184 55 33
240 55 0
177 55 36
240 55 0
183 48 36
240 48 0
143 48 34
240 48 0
171 50 33
240 50 0
177 50 33
240 50 0
0 55 29
429 59 29
394 59 0
0 62 29
424 62 0
0 60 32
395 60 0
0 59 32
440 59 0
0 55 0
0 48 30
0 55 30
423 55 0
0 48 0
0 54 29
0 50 29
405 54 0
0 57 29
371 57 0
0 50 0
0 55 29
429 59 29
394 59 0
0 62 29
184 62 0
0 63 26
240 63 0
0 62 29
141 62 0
0 60 27
240 60 0
0 59 32
440 59 0
0 55 0
0 48 30
0 55 30
388 55 0
0 48 0
0 54 29
0 50 29
411 54 0
0 57 29
383 57 0
0 50 0
0 55 32
405 48 28
383 48 0
0 55 0
0 54 26
0 50 26
411 54 0
0 57 26
383 57 0
0 50 0
0 43 26
395 43 0
0 46 26
395 46 0
0 50 26
409 50 0
0 53 26
374 53 0
0 41 26
440 41 0
0 44 26
423 44 0
0 48 26
411 48 0
0 51 26
402 51 0
0 39 29
411 39 0
0 43 30
374 43 0
0 46 31
411 46 0
0 50 32
371 50 0
0 41 29
411 41 0
0 39 32
402 39 0
0 38 36
411 38 0
0 36 32
324 36 0
141 34 33
240 34 0
240 46 33
240 46 0
169 50 33
240 50 0
160 51 33
240 51 0
176 55 33
240 55 0
191 58 33
240 58 0
171 62 33
240 62 0
160 41 33
240 41 0
184 43 33
240 43 0
127 46 33
240 46 0
200 50 33
240 50 0
131 54 33
240 54 0
177 55 33
120 55 0
120 57 33
100 57 0
114 58 33
120 58 0
0 51 33
171 51 0
0 53 33
169 53 0
189 58 33
240 58 0
154 51 33
240 51 0
184 46 33
240 46 0
125 46 36
240 46 0
177 39 36
240 39 0
200 39 34
240 39 0
171 41 33
240 41 0
131 41 33
240 41 0
189 46 33
240 46 0
148 58 33
240 58 0
184 58 33
240 58 0
166 58 36
240 58 0
200 51 36
240 51 0
143 51 32
240 51 0
171 53 33
240 53 0
169 53 33
240 53 0
0 58 29
395 62 29
332 62 0
0 65 29
424 65 0
0 63 32
409 63 0
0 62 32
395 62 0
0 58 0
0 51 30
0 58 30
388 58 0
0 51 0
0 57 29
0 53 29
411 57 0
0 60 29
367 60 0
0 53 0
0 58 29
388 62 29
360 62 0
0 65 29
169 65 0
0 66 26
240 66 0
0 65 29
134 65 0
0 63 27
240 63 0
0 62 32
402 62 0
0 58 0
0 51 30
0 58 30
409 58 0
0 51 0
0 57 29
0 53 29
411 57 0
0 60 29
371 60 0
0 53 0
1920 46 76
0 53 76
0 58 92
776 58 0
0 53 0
0 46 0
0 46 66
0 53 66
0 58 77
114 58 0
0 53 0
0 46 0
6 46 70
0 58 84
289 58 0
0 46 0
0 46 67
0 58 80
114 58 0
0 46 0
6 49 70
0 61 84
360 61 0
0 49 0
0 49 66
0 61 77
114 61 0
0 49 0
0 34 70
0 46 84
233 46 0
0 34 0
0 34 66
0 46 77
114 46 0
0 34 0
6 37 66
0 49 79
360 49 0
0 37 0
0 37 61
0 49 73
114 49 0
0 37 0
6 41 66
0 53 79
268 53 0
0 41 0
0 41 61
0 53 73
114 53 0
0 41 0
6 46 66
0 58 79
360 58 0
0 46 0
0 46 59
0 58 71
120 58 0
0 46 0
0 39 70
0 51 84
120 51 0
0 39 0
2040 59 63
120 63 65
20 59 0
100 66 68
20 63 0
100 64 66
20 66 0
100 63 64
20 64 0
100 61 63
20 63 0
100 59 61
20 61 0
100 58 61
20 59 0
100 56 63
20 58 0
100 54 64
20 56 0
100 52 64
20 54 0
100 51 65
20 52 0
100 49 66
20 51 0
100 47 66
20 49 0
100 47 0
0 39 61
0 51 73
137 51 0
0 39 0
240 39 65
0 51 77
240 51 0
0 39 0
240 39 64
0 51 76
228 51 0
0 39 0
12 39 52
0 51 63
63 51 0
0 39 0
120 39 57
0 51 67
120 51 0
0 39 0
120 39 60
0 51 72
120 51 0
0 39 0
0 41 61
0 53 73
56 53 0
0 41 0
240 41 65
0 53 77
240 53 0
0 41 0
240 41 64
0 53 76
228 53 0
0 41 0
12 41 52
0 53 63
63 53 0
0 41 0
120 41 57
0 53 67
120 53 0
0 41 0
120 41 60
0 53 72
120 53 0
0 41 0
120 46 67
86 46 0
0 49 57
120 49 0
0 53 57
120 53 0
0 58 57
120 58 0
0 46 67
120 46 0
0 49 57
120 49 0
0 53 57
120 53 0
0 58 57
120 58 0
0 46 67
34 46 0
0 49 56
120 49 0
0 53 57
120 53 0
0 58 57
120 58 0
0 46 67
120 46 0
0 49 59
120 49 0
0 53 59
120 53 0
0 58 60
120 58 0
0 46 67
45 46 0
0 49 58
120 49 0
0 54 58
120 54 0
0 58 58
120 58 0
0 46 67
51 46 0
0 49 60
120 49 0
0 54 60
120 54 0
0 58 60
120 58 0
0 46 67
51 46 0
0 53 58
120 53 0
0 56 58
120 56 0
0 58 58
120 58 0
0 46 67
23 46 0
0 53 57
120 53 0
0 56 57
120 56 0
0 58 57
120 58 0
0 46 67
40 46 0
0 51 57
120 51 0
0 54 57
120 54 0
0 58 57
120 58 0
0 46 67
120 46 0
0 51 55
120 51 0
0 54 55
120 54 0
0 58 54
120 58 0
0 46 63
34 46 0
0 51 53
120 51 0
0 54 54
120 54 0
0 58 54
120 58 0
0 46 63
120 46 0
0 51 56
120 51 0
0 54 56
120 54 0
0 58 57
120 58 0
0 47 63
80 47 0
0 51 55
120 51 0
0 54 55
120 54 0
0 59 55
120 59 0
0 47 63
57 47 0
0 51 57
120 51 0
0 54 57
120 54 0
0 59 57
120 59 0
0 48 63
14 48 0
0 51 55
120 51 0
0 53 55
120 53 0
0 60 55
120 60 0
0 48 63
56 48 0
0 51 54
120 51 0
0 53 54
120 53 0
0 60 54
120 60 0
0 49 63
51 49 0
0 53 54
120 53 0
0 58 54
120 58 0
0 61 54
120 61 0
0 49 63
120 49 0
0 53 54
120 53 0
0 58 54
120 58 0
0 61 54
120 61 0
0 49 63
57 49 0
0 53 53
120 53 0
0 58 54
120 58 0
0 61 54
120 61 0
0 49 63
120 49 0
0 53 56
120 53 0
0 58 56
120 58 0
0 61 57
120 61 0
0 49 63
57 49 0
0 54 55
120 54 0
0 58 55
120 58 0
0 61 55
120 61 0
0 49 63
51 49 0
0 54 57
120 54 0
0 58 57
120 58 0
0 61 57
120 61 0
0 49 63
28 49 0
0 56 55
120 56 0
0 59 55
120 59 0
0 61 55
120 61 0
0 49 63
23 49 0
0 56 54
120 56 0
0 59 54
120 59 0
0 61 54
120 61 0
0 49 67
63 49 0
0 54 57
120 54 0
0 58 57
120 58 0
0 61 57
120 61 0
0 49 67
120 49 0
0 54 55
120 54 0
0 58 55
120 58 0
0 61 51
120 61 0
0 50 59
40 50 0
0 54 50
120 54 0
0 58 51
120 58 0
0 62 51
120 62 0
0 51 59
120 51 0
0 54 53
120 54 0
0 58 53
120 58 0
0 63 54
120 63 0
0 53 59
80 53 0
0 58 52
120 58 0
0 61 52
120 61 0
0 65 52
120 65 0
0 54 59
57 54 0
0 58 54
120 58 0
0 61 54
120 61 0
0 66 54
120 66 0
0 53 59
28 53 0
0 58 52
120 58 0
0 61 52
120 61 0
0 65 52
120 65 0
0 53 59
56 53 0
0 58 51
120 58 0
0 61 51
120 61 0
0 65 51
120 65 0
0 53 56
63 53 0
0 58 49
120 58 0
0 60 48
120 60 0
0 65 47
120 65 0
0 53 51
56 53 0
0 57 44
120 57 0
0 60 43
120 60 0
0 65 42
7 65 0
0 46 42
45 46 0
80 62 42
160 62 0
0 65 34
7 65 0
0 58 34
104 58 0
0 62 30
160 62 0
0 65 30
160 65 0
0 58 34
111 58 0
0 62 29
160 62 0
0 65 29
160 65 0
0 58 34
160 58 0
0 62 30
160 62 0
0 65 30
160 65 0
0 58 34
91 58 0
0 62 30
160 62 0
0 65 30
160 65 0
0 56 34
91 56 0
0 62 30
160 62 0
0 65 30
160 65 0
0 55 34
82 55 0
0 63 29
160 63 0
0 65 29
160 65 0
0 57 34
82 57 0
0 63 30
160 63 0
0 65 30
160 65 0
0 58 34
68 58 0
0 62 31
160 62 0
0 65 31
160 65 0
0 58 34
82 58 0
0 62 30
160 62 0
0 65 30
160 65 0
0 58 34
54 58 0
0 62 29
160 62 0
0 65 29
160 65 0
0 57 34
68 57 0
0 60 30
160 60 0
0 65 30
160 65 0
0 55 34
103 55 0
0 58 30
160 58 0
0 62 30
160 62 0
0 55 34
114 55 0
0 58 30
160 58 0
0 64 30
160 64 0
0 53 34
126 53 0
0 58 29
160 58 0
0 65 29
160 65 0
0 53 34
114 53 0
0 57 30
160 57 0
0 65 30
160 65 0
0 46 34
9 46 0
80 62 31
160 62 0
0 65 31
160 65 0
0 58 34
104 58 0
0 62 30
160 62 0
0 65 30
160 65 0
0 58 34
75 58 0
0 62 29
160 62 0
0 65 29
160 65 0
0 58 34
160 58 0
0 62 30
160 62 0
0 65 30
160 65 0
0 58 34
120 58 0
0 62 30
160 62 0
0 65 30
160 65 0
0 56 34
74 56 0
0 62 30
160 62 0
0 65 30
160 65 0
0 55 34
89 55 0
0 63 29
160 63 0
0 65 29
160 65 0
0 57 34
68 57 0
0 63 30
160 63 0
0 65 30
160 65 0
0 58 34
89 58 0
0 62 31
160 62 0
0 65 31
160 65 0
0 58 34
82 58 0
0 62 30
160 62 0
0 65 30
160 65 0
0 58 34
100 58 0
0 62 29
160 62 0
0 65 29
160 65 0
0 57 34
61 57 0
0 60 30
160 60 0
0 65 30
160 65 0
0 55 34
85 55 0
0 58 30
160 58 0
0 62 30
160 62 0
0 55 34
47 55 0
0 58 30
160 58 0
0 64 30
160 64 0
0 53 34
75 53 0
0 58 29
160 58 0
0 65 29
160 65 0
0 53 34
61 53 0
0 57 30
160 57 0
0 65 30
160 65 0
0 46 34
9 46 0
80 62 31
160 62 0
0 65 31
160 65 0
0 58 34
82 58 0
0 62 30
160 62 0
0 65 30
160 65 0
0 58 34
54 58 0
0 62 29
160 62 0
0 65 29
160 65 0
0 59 34
80 59 0
0 62 30
160 62 0
0 65 30
160 65 0
0 58 34
91 58 0
0 62 30
160 62 0
0 65 30
160 65 0
0 59 34
114 59 0
0 62 30
160 62 0
0 65 30
160 65 0
0 58 34
126 58 0
0 62 29
160 62 0
0 65 29
160 65 0
0 56 34
114 56 0
0 60 30
160 60 0
0 66 30
160 66 0
0 55 34
74 55 0
0 59 28
160 59 0
0 67 28
160 67 0
0 55 33
80 55 0
0 60 28
160 60 0
0 63 28
160 63 0
0 55 31
91 55 0
0 59 26
160 59 0
0 62 26
160 62 0
0 55 30
63 55 0
0 60 26
160 60 0
0 63 26
160 63 0
0 55 29
91 55 0
0 59 27
160 59 0
0 62 28
160 62 0
0 55 34
68 55 0
0 60 30
160 60 0
0 63 30
51 63 0
0 55 34
160 55 0
0 59 31
160 59 0
0 62 31
160 62 0
0 55 34
40 55 0
0 60 31
160 60 0
0 63 31
160 63 0
0 55 34
104 55 0
0 59 30
160 59 0
0 62 30
160 62 0
0 55 34
114 55 0
0 60 30
160 60 0
0 63 30
51 63 0
0 55 34
160 55 0
0 59 31
160 59 0
0 62 31
160 62 0
0 55 34
40 55 0
0 60 31
160 60 0
0 63 31
160 63 0
0 55 34
104 55 0
0 59 30
160 59 0
0 62 30
160 62 0
0 55 34
114 55 0
0 60 30
160 60 0
0 63 30
51 63 0
0 55 34
160 55 0
0 59 31
160 59 0
0 62 31
160 62 0
0 55 34
40 55 0
0 60 31
160 60 0
0 63 31
160 63 0
0 55 34
104 55 0
0 59 30
160 59 0
0 62 30
160 62 0
0 55 34
80 55 0
0 60 30
160 60 0
0 63 30
51 63 0
0 55 34
160 55 0
0 59 31
160 59 0
0 62 31
160 62 0
0 55 34
40 55 0
0 60 31
160 60 0
0 63 31
160 63 0
0 55 34
160 55 0
0 59 31
160 59 0
0 62 31
160 62 0
0 55 34
40 55 0
0 60 31
160 60 0
0 63 31
160 63 0
0 62 34
0 59 34
0 55 34
240 55 0
0 59 0
0 62 0
240 67 94
0 55 78
1440 55 0
0 67 0
0 55 37
240 55 0
0 67 28
120 67 0
120 65 28
0 62 23
120 62 0
0 65 0
120 67 28
120 67 0
120 55 38
240 55 0
0 67 25
120 67 0
120 60 26
0 63 31
120 63 0
0 60 0
120 67 28
240 67 0
0 55 37
240 55 0
0 67 28
120 67 0
120 65 28
0 62 23
120 62 0
0 65 0
120 67 26
120 67 0
120 55 38
240 55 0
0 67 28
120 67 0
120 60 26
0 63 31
120 63 0
0 60 0
120 67 31
120 67 0
120 66 67
0 54 55
1920 54 0
0 66 0
0 54 37
240 54 0
0 66 27
120 66 0
120 63 27
0 56 22
120 56 0
0 63 0
120 66 28
120 66 0
120 54 37
240 54 0
0 66 24
120 66 0
120 57 24
0 63 29
120 63 0
0 57 0
120 66 27
240 66 0
0 54 35
240 54 0
0 66 26
120 66 0
120 63 25
0 56 21
120 56 0
0 63 0
120 66 24
120 66 0
120 54 36
240 54 0
0 66 26
120 66 0
120 57 23
0 63 28
120 63 0
0 57 0
120 66 28
120 66 0
120 65 59
0 53 50
1920 53 0
0 65 0
0 53 35
240 53 0
0 65 29
120 65 0
120 62 29
0 56 24
120 56 0
0 62 0
120 65 30
120 65 0
120 53 36
240 53 0
0 65 23
120 65 0
120 57 24
0 63 29
120 63 0
0 57 0
120 65 27
240 65 0
0 53 35
240 53 0
0 65 29
120 65 0
120 62 29
0 56 24
120 56 0
0 62 0
120 65 28
120 65 0
120 53 36
240 53 0
0 65 27
120 65 0
0 57 29
0 63 35
240 63 0
0 57 0
0 65 35
240 65 0
0 53 44
127 53 0
0 65 33
240 65 0
0 62 35
0 58 35
240 58 0
0 62 0
0 65 33
240 65 0
0 53 37
184 53 0
0 65 33
7 65 0
0 57 29
0 63 35
240 63 0
0 57 0
0 65 35
240 65 0
0 53 44
127 53 0
0 65 33
240 65 0
0 62 35
0 58 35
240 58 0
0 62 0
0 65 33
240 65 0
0 53 37
137 53 0
0 65 33
240 65 0
0 63 33
0 57 33
125 57 0
0 63 0
0 65 33
240 65 0
720 66 71
0 54 59
240 54 0
0 66 0
0 55 64
0 67 76
395 67 0
0 55 0
0 50 55
0 62 66
437 62 0
0 50 0
0 51 65
0 63 77
424 63 0
0 51 0
0 45 55
0 57 67
85 57 0
0 45 0
120 45 55
0 57 67
120 57 0
0 45 0
120 46 64
0 58 76
409 58 0
0 46 0
0 42 55
0 54 67
459 54 0
0 42 0
0 43 64
0 55 76
409 55 0
0 43 0
0 38 55
0 50 67
77 50 0
0 38 0
120 38 55
0 50 67
120 50 0
0 38 0
120 39 64
0 51 76
409 51 0
0 39 0
0 48 67
56 48 0
120 50 67
120 50 0
120 39 64
0 51 76
409 51 0
0 39 0
0 48 67
56 48 0
120 50 67
120 50 0
120 39 64
0 51 76
409 51 0
0 39 0
0 48 67
56 48 0
120 50 67
120 50 0
120 39 64
0 51 76
169 51 0
0 39 0
0 51 67
120 51 0
120 48 67
56 48 0
120 50 67
120 50 0
120 51 70
0 55 70
0 58 70
0 63 82
320 63 0
0 51 0
0 55 0
0 58 0
0 41 70
0 48 70
0 53 82
480 53 0
0 48 0
0 41 0
0 34 82
160 34 0
0 41 52
160 41 0
0 46 52
160 46 0
0 34 49
75 34 0
0 41 45
160 41 0
0 46 45
160 46 0
0 34 50
104 34 0
0 41 45
160 41 0
0 46 45
160 46 0
0 34 49
40 34 0
0 41 45
160 41 0
0 46 45
160 46 0
0 34 49
104 34 0
0 41 45
160 41 0
0 46 45
160 46 0
0 34 48
47 34 0
0 41 45
160 41 0
0 46 45
160 46 0
0 34 49
86 34 0
0 41 45
160 41 0
0 46 45
160 46 0
0 34 49
80 34 0
0 41 45
160 41 0
0 46 45
160 46 0
0 34 48
61 34 0
0 41 45
160 41 0
0 46 45
160 46 0
0 34 50
75 34 0
0 41 45
160 41 0
0 46 45
160 46 0
0 34 49
89 34 0
0 41 45
160 41 0
0 46 45
160 46 0
0 34 50
82 34 0
0 41 46
160 41 0
0 46 46
160 46 0
0 34 50
89 34 0
0 41 47
160 41 0
0 46 47
160 46 0
0 34 53
82 34 0
0 41 48
160 41 0
0 46 48
160 46 0
0 34 52
89 34 0
0 41 49
160 41 0
0 46 49
160 46 0
0 34 55
82 34 0
0 41 50
160 41 0
0 46 50
160 46 0
0 34 55
89 34 0
0 41 51
160 41 0
0 46 51
160 46 0
0 34 57
54 34 0
0 41 52
160 41 0
0 46 52
160 46 0
0 34 55
89 34 0
0 41 51
160 41 0
0 46 51
160 46 0
0 34 58
5 34 0
0 41 54
160 41 0
0 46 54
160 46 0
0 34 64
89 34 0
0 41 56
160 41 0
0 46 56
160 46 0
0 34 69
5 34 0
0 41 60
160 41 0
0 46 60
160 46 0
0 34 74
89 34 0
0 41 65
160 41 0
0 46 66
160 46 0
0 34 75
5 34 0
0 41 66
160 41 0
0 46 66
160 46 0
0 34 85
293 34 0
160 46 66
0 50 66
0 53 66
0 58 77
400 58 0
0 46 0
0 50 0
0 53 0
320 34 70
0 46 81
373 46 0
0 34 0
