480 71 51
240 78 41
110 71 0
10 78 0
0 71 36
120 71 0
0 71 50
120 79 49
360 79 0
0 71 0
0 71 46
240 78 37
110 71 0
10 78 0
0 71 30
120 71 0
0 71 46
120 79 41
360 79 0
0 71 0
0 71 40
240 78 34
110 71 0
10 78 0
0 71 27
120 71 0
0 71 39
120 76 30
360 76 0
0 71 0
0 71 39
240 78 30
110 71 0
10 78 0
0 71 25
120 71 0
0 71 48
120 83 49
360 83 0
0 71 0
0 71 46
240 78 37
110 71 0
10 78 0
0 71 31
120 71 0
0 71 50
120 79 49
360 79 0
0 71 0
0 71 42
240 78 37
110 71 0
10 78 0
0 71 30
120 71 0
0 71 41
120 79 39
360 79 0
0 71 0
0 71 39
240 78 31
110 71 0
10 78 0
0 71 25
120 71 0
0 71 38
120 76 28
360 76 0
0 71 0
0 71 34
240 78 26
110 71 0
10 78 0
0 71 24
120 71 0
0 80 28
0 71 28
0 76 28
0 83 39
480 83 0
0 80 0
0 71 0
0 76 0
0 71 40
0 83 30
0 78 30
0 75 30
0 69 30
120 71 0
0 80 42
240 80 0
0 78 38
120 78 0
0 75 0
0 83 0
0 78 0
0 69 0
0 68 29
0 71 29
0 76 39
480 76 0
0 71 0
0 68 0
0 59 40
0 57 29
0 63 29
0 66 29
0 71 29
120 59 0
0 68 40
240 68 0
0 66 37
120 66 0
0 66 0
0 57 0
0 63 0
0 71 0
0 56 29
0 59 29
0 64 38
480 64 0
0 59 0
0 56 0
0 63 29
0 59 29
0 54 36
120 54 0
0 56 39
240 56 0
0 54 35
120 54 0
0 59 0
0 63 0
0 52 36
0 58 25
0 61 26
240 61 0
0 63 33
120 63 0
0 61 30
120 61 0
0 58 0
0 52 0
0 51 27
0 59 27
480 59 0
0 51 0
0 71 36
0 80 36
0 76 36
0 83 42
480 83 0
0 71 0
0 80 0
0 76 0
0 71 40
0 83 27
0 78 27
0 75 27
0 69 27
120 71 0
0 80 42
240 80 0
0 78 38
120 78 0
0 75 0
0 83 0
0 78 0
0 69 0
0 68 29
0 71 29
0 76 39
480 76 0
0 71 0
0 68 0
0 59 40
0 57 29
0 63 29
0 66 29
0 71 29
120 59 0
0 68 40
240 68 0
0 66 37
120 66 0
0 66 0
0 57 0
0 63 0
0 71 0
0 56 29
0 59 29
0 64 38
480 64 0
0 59 0
0 56 0
0 63 29
0 59 29
0 54 36
120 54 0
0 56 39
240 56 0
0 54 35
120 54 0
0 59 0
0 63 0
0 52 36
0 58 25
0 61 26
240 61 0
0 63 30
120 63 0
0 61 28
120 61 0
0 58 0
0 52 0
0 51 25
0 59 25
480 59 0
0 51 0
0 62 37
0 59 26
0 54 26
480 62 0
0 61 34
240 57 32
240 61 0
0 54 0
0 64 37
240 57 0
0 56 32
240 56 0
0 59 0
0 57 31
0 61 35
480 61 0
0 57 0
0 64 0
0 61 34
0 66 38
0 69 38
480 69 0
0 68 35
240 66 0
0 64 34
240 68 0
0 68 34
0 70 44
240 68 0
0 66 38
240 61 0
0 70 0
0 64 0
0 63 31
0 71 38
480 71 0
0 63 0
0 66 0
0 71 34
0 64 34
480 64 0
0 71 0
0 64 29
0 69 29
480 69 0
0 64 0
0 66 29
0 60 46
240 60 0
0 62 45
120 62 0
0 60 42
120 60 0
0 66 0
0 67 29
0 59 39
120 59 0
0 64 37
240 64 0
0 62 34
115 62 0
5 67 0
0 71 28
0 64 28
480 64 0
0 71 0
0 64 26
0 69 26
480 69 0
0 64 0
0 66 24
0 60 36
240 60 0
0 62 35
120 62 0
0 60 34
120 60 0
0 66 0
0 71 26
0 59 30
120 59 0
0 67 29
240 67 0
0 66 26
115 66 0
5 71 0
480 71 42
240 78 37
110 71 0
10 78 0
0 71 33
120 71 0
0 71 42
120 79 41
360 79 0
0 71 0
0 71 38
240 78 33
110 71 0
10 78 0
0 71 25
120 71 0
0 71 40
120 83 41
360 83 0
0 71 0
0 72 37
240 83 29
110 72 0
10 83 0
0 72 24
120 72 0
0 72 27
120 81 28
360 81 0
0 72 0
0 71 33
240 81 26
110 71 0
10 81 0
0 71 22
120 71 0
0 71 26
120 79 26
360 79 0
0 71 0
0 69 32
240 79 25
110 69 0
10 79 0
0 69 21
120 69 0
0 69 25
120 78 26
360 78 0
0 69 0
0 69 20
0 76 20
1920 76 0
0 69 0
0 52 38
0 55 38
0 59 55
240 59 0
0 60 50
120 60 0
0 59 50
120 59 0
0 55 0
0 52 0
0 51 33
0 59 53
0 54 33
71 59 0
0 66 44
360 66 0
0 54 0
0 51 0
0 52 36
0 59 50
0 55 36
191 59 0
0 60 50
120 60 0
0 59 50
120 59 0
0 55 0
0 52 0
0 51 29
0 59 48
0 54 29
14 59 0
0 66 39
360 66 0
0 54 0
0 51 0
0 52 30
0 59 41
0 55 30
141 59 0
0 60 41
120 60 0
0 59 41
120 59 0
0 55 0
0 52 0
0 50 26
0 54 26
0 59 39
56 59 0
0 66 35
360 66 0
0 54 0
0 50 0
0 48 23
0 52 22
0 59 37
184 59 0
0 60 33
120 60 0
0 59 34
120 59 0
0 52 0
0 48 0
0 47 19
0 51 19
0 59 36
106 59 0
0 66 31
49 66 0
0 51 0
0 47 0
0 52 31
0 59 47
0 55 34
120 59 0
0 60 45
120 60 0
0 59 45
120 59 0
0 55 0
0 52 0
0 51 29
0 54 29
0 59 48
64 59 0
0 66 39
360 66 0
0 54 0
0 51 0
0 52 35
0 55 35
0 59 48
176 59 0
0 60 50
120 60 0
0 59 50
120 59 0
0 55 0
0 52 0
0 51 27
0 54 27
0 59 45
21 59 0
0 66 39
360 66 0
0 54 0
0 51 0
0 52 29
0 55 29
0 59 39
155 59 0
0 60 37
120 60 0
0 59 36
120 59 0
0 55 0
0 52 0
0 54 25
0 59 36
0 50 25
21 59 0
0 66 33
360 66 0
0 50 0
0 54 0
0 52 19
0 59 34
0 48 20
148 59 0
0 60 29
120 60 0
0 59 30
120 59 0
0 48 0
0 52 0
0 51 16
0 59 30
0 47 16
64 59 0
0 66 28
99 66 0
0 47 0
0 51 0
0 40 34
0 47 34
240 47 0
0 49 40
120 49 0
0 47 38
120 47 0
0 40 0
0 40 33
0 47 38
113 47 0
0 56 40
240 56 0
0 54 36
120 54 0
0 40 0
0 40 33
0 47 38
162 47 0
0 49 37
120 49 0
0 47 37
120 47 0
0 40 0
0 40 33
0 47 38
106 47 0
0 56 38
240 56 0
0 54 35
120 54 0
0 40 0
0 40 33
0 47 38
162 47 0
0 49 35
120 49 0
0 47 35
120 47 0
0 40 0
0 47 33
0 42 34
106 42 0
0 44 36
240 44 0
0 42 33
120 42 0
0 47 0
0 42 27
480 42 0
0 30 33
0 42 33
120 42 0
0 30 0
0 32 33
0 44 33
240 44 0
0 32 0
0 30 27
0 42 27
120 42 0
0 30 0
0 28 36
0 40 36
176 40 0
0 28 0
0 49 38
120 49 0
0 47 36
120 47 0
0 40 33
0 47 34
106 47 0
0 56 40
240 56 0
0 54 36
120 54 0
0 40 0
0 40 33
0 47 38
191 47 0
0 49 37
120 49 0
0 47 36
120 47 0
0 40 0
0 40 33
0 47 38
112 47 0
0 56 38
240 56 0
0 54 35
120 54 0
0 40 0
0 40 33
0 47 38
205 47 0
0 49 35
120 49 0
0 47 35
120 47 0
0 40 0
0 47 33
0 42 34
113 42 0
0 44 36
240 44 0
0 42 33
120 42 0
0 47 0
0 42 27
480 42 0
0 30 30
0 42 30
120 42 0
0 30 0
0 32 30
0 44 30
240 44 0
0 32 0
0 30 23
0 42 23
120 42 0
0 30 0
0 35 42
240 35 0
0 37 35
120 37 0
0 35 35
120 35 0
0 30 34
120 30 0
0 42 34
240 42 0
0 30 33
120 30 0
0 28 34
240 28 0
0 30 34
120 30 0
0 28 34
120 28 0
0 33 37
120 33 0
0 45 40
240 45 0
0 44 37
120 44 0
0 42 35
240 42 0
0 44 34
120 44 0
0 42 34
120 42 0
0 37 30
120 37 0
0 49 33
240 49 0
0 37 26
120 37 0
0 42 33
120 42 0
0 54 37
240 54 0
0 42 34
120 42 0
0 35 37
120 35 0
0 47 41
240 47 0
0 47 41
120 47 0
0 48 31
0 59 48
240 59 0
0 60 46
120 60 0
0 59 45
120 59 0
0 59 48
120 59 0
0 62 50
240 62 0
0 60 44
120 60 0
0 48 0
0 59 34
0 50 29
240 59 0
0 57 29
240 57 0
0 50 0
0 55 33
120 60 37
240 60 0
0 59 34
120 59 0
0 55 0
0 48 29
0 59 39
240 59 0
0 60 33
120 60 0
0 59 33
120 59 0
0 59 36
120 59 0
0 62 38
240 62 0
0 60 33
120 60 0
0 48 0
0 59 29
0 50 24
240 59 0
0 57 26
240 57 0
0 50 0
0 55 26
0 51 29
120 55 0
0 59 29
240 59 0
0 57 26
120 57 0
0 51 0
0 52 31
0 55 31
240 55 0
0 60 40
120 60 0
0 59 40
120 59 0
0 52 0
0 51 27
0 54 27
0 59 42
56 59 0
0 66 37
360 66 0
0 54 0
0 51 0
0 52 30
0 55 30
0 59 42
184 59 0
0 60 42
120 60 0
0 59 42
120 59 0
0 55 0
0 52 0
0 51 24
0 54 24
0 59 40
35 59 0
0 66 33
360 66 0
0 54 0
0 51 0
0 52 28
0 55 28
0 59 38
176 59 0
0 60 38
120 60 0
0 59 37
120 59 0
0 55 0
0 52 0
0 57 23
0 60 37
35 60 0
0 71 32
360 71 0
0 57 0
0 50 23
0 54 23
0 60 32
191 60 0
0 62 29
120 62 0
0 60 29
120 60 0
0 54 0
0 50 0
0 55 22
0 59 31
21 59 0
0 69 31
360 69 0
0 55 0
0 48 22
0 52 22
0 59 31
176 59 0
0 60 28
120 60 0
0 59 28
120 59 0
0 52 0
0 48 0
0 54 22
0 57 30
42 57 0
0 67 28
360 67 0
0 54 0
0 47 21
0 51 21
0 57 27
155 57 0
0 59 25
120 59 0
0 57 24
120 51 0
0 47 0
0 60 20
0 52 20
1320 45 14
480 45 0
0 57 0
0 60 0
0 52 0
