1 60 51
480 60 0
0 65 58
480 53 26
0 60 26
720 65 0
0 64 45
240 64 0
0 65 48
240 65 0
0 69 49
240 69 0
0 60 0
0 53 0
0 72 52
240 72 0
0 77 52
230 77 0
10 65 38
10 77 50
955 76 39
5 77 0
235 76 0
0 74 38
235 72 42
5 74 0
235 72 0
0 77 38
240 77 0
0 65 0
0 64 42
0 67 42
240 67 0
0 69 42
240 69 0
0 70 48
240 70 0
0 74 40
240 74 0
0 64 0
0 60 46
0 65 46
240 65 0
0 64 46
0 67 46
240 67 0
0 64 0
0 65 49
0 69 49
240 69 0
0 65 0
0 72 38
240 72 0
0 60 0
0 60 45
0 64 45
0 67 45
960 67 0
0 64 0
0 60 0
20 60 51
460 60 0
0 65 58
480 53 26
0 60 26
720 65 0
0 64 45
240 64 0
0 65 48
240 65 0
0 69 49
240 69 0
0 60 0
0 53 0
0 72 52
240 72 0
0 81 51
230 81 0
10 69 33
0 81 49
0 67 33
720 81 0
0 79 46
240 79 0
0 77 46
240 77 0
0 76 46
240 76 0
0 67 0
0 77 55
240 77 0
0 81 45
240 81 0
0 74 49
240 74 0
0 69 0
0 68 44
0 77 44
240 77 0
0 68 0
0 67 48
0 76 48
240 67 0
0 72 38
240 72 0
0 64 38
240 64 0
0 76 0
0 66 38
0 75 38
240 75 0
0 66 0
0 65 44
0 74 44
480 74 0
0 76 42
360 76 0
0 72 35
120 72 0
0 65 0
0 64 38
0 72 38
480 64 0
250 60 51
230 60 0
0 72 0
0 65 58
480 53 26
0 60 26
720 65 0
0 64 45
240 64 0
0 65 48
240 65 0
0 69 49
240 69 0
0 60 0
0 53 0
0 72 52
240 72 0
0 77 52
230 77 0
10 65 38
10 77 50
955 76 37
5 77 0
235 76 0
0 74 36
235 74 0
0 72 42
240 72 0
0 77 38
240 77 0
0 65 0
0 64 42
0 67 40
240 67 0
0 69 40
240 69 0
0 70 46
240 70 0
0 74 38
240 74 0
0 64 0
0 60 46
0 65 46
240 65 0
0 64 46
0 67 46
240 67 0
0 64 0
0 65 49
0 69 49
240 69 0
0 65 0
0 72 38
240 72 0
0 60 0
0 60 45
0 64 45
0 67 45
960 67 0
0 64 0
0 60 0
20 60 51
460 60 0
0 65 58
480 53 26
0 60 26
720 65 0
0 64 45
240 64 0
0 65 48
240 65 0
0 69 49
240 69 0
0 60 0
0 53 0
0 72 52
240 72 0
0 81 51
230 81 0
10 69 33
0 81 49
0 67 33
720 81 0
0 79 46
240 79 0
0 77 46
240 77 0
0 76 46
240 76 0
0 67 0
0 77 55
240 77 0
0 81 45
240 81 0
0 74 49
240 74 0
0 69 0
0 68 44
0 77 44
240 77 0
0 68 0
0 67 48
0 76 48
240 67 0
0 72 38
240 72 0
0 64 38
240 64 0
0 76 0
0 66 38
0 75 38
240 75 0
0 66 0
0 65 44
0 74 44
480 74 0
0 76 42
360 76 0
0 72 35
120 72 0
0 65 0
0 64 38
0 72 38
480 64 0
250 60 56
230 60 0
0 72 0
0 65 63
480 53 28
0 60 28
720 65 0
0 64 49
240 64 0
0 65 52
240 65 0
0 69 53
240 69 0
0 60 0
0 53 0
0 72 52
240 72 0
0 70 41
0 75 51
230 75 0
0 70 0
10 69 41
0 75 56
720 66 48
240 66 0
0 75 0
0 69 0
0 69 38
0 74 50
240 74 0
0 72 51
240 72 0
0 69 0
0 70 55
240 70 0
0 74 49
240 74 0
0 67 53
240 67 0
0 63 48
0 69 48
240 69 0
0 63 0
0 62 52
0 70 52
240 62 0
0 67 41
240 67 0
0 58 41
240 58 0
0 70 0
0 60 41
0 69 41
240 69 0
0 60 0
0 67 48
720 67 0
0 60 41
0 62 41
237 62 0
3 60 0
0 58 41
0 62 41
480 62 0
0 58 0
250 65 42
230 65 0
0 70 51
480 58 28
0 65 28
720 70 0
0 69 40
240 69 0
0 70 44
240 70 0
0 74 45
240 74 0
0 65 0
0 58 0
0 77 44
240 82 46
230 82 0
10 77 0
0 76 36
0 82 46
720 73 36
240 73 0
0 82 0
0 76 0
0 76 36
5 81 40
240 81 0
0 79 37
235 79 0
0 76 0
0 77 45
240 77 0
0 81 42
240 81 0
0 74 45
240 74 0
0 70 40
0 76 40
240 76 0
0 70 0
0 69 36
0 77 44
240 69 0
0 74 37
240 74 0
0 65 37
240 65 0
0 77 0
0 67 37
0 76 37
240 76 0
0 67 0
0 65 40
0 74 42
240 65 0
0 69 38
240 69 0
240 74 0
0 67 36
0 69 36
240 67 0
0 65 35
240 69 0
240 65 0
0 64 29
0 67 30
360 67 0
0 64 0
0 60 34
120 60 0
0 65 46
480 53 23
0 60 23
720 65 0
0 64 40
240 64 0
0 65 43
240 65 0
0 69 44
240 69 0
0 60 0
0 53 0
0 72 46
240 72 0
0 77 46
230 77 0
10 65 34
10 77 45
957 76 31
3 77 0
235 74 29
2 76 0
233 74 0
0 72 37
240 72 0
0 77 34
240 77 0
0 65 0
0 64 37
0 67 36
240 67 0
0 69 36
240 69 0
0 70 41
240 70 0
0 74 34
240 74 0
0 64 0
0 60 41
0 65 41
240 65 0
0 64 41
0 67 41
240 67 0
0 64 0
0 65 44
0 69 44
240 69 0
0 65 0
0 72 34
240 72 0
0 60 0
0 60 40
0 64 40
0 67 40
960 67 0
0 64 0
0 60 0
20 60 45
460 60 0
0 65 52
480 53 23
0 60 23
720 65 0
0 64 40
240 64 0
0 65 43
240 65 0
0 69 44
240 69 0
0 60 0
0 53 0
0 72 46
240 72 0
0 81 45
230 81 0
10 74 29
0 65 29
0 81 32
0 67 29
720 81 0
0 79 36
240 79 0
0 77 36
240 77 0
0 74 36
240 74 0
0 67 0
0 65 0
0 74 0
0 72 39
240 72 0
0 77 35
240 77 0
0 64 29
0 67 36
240 67 0
0 69 36
240 69 0
0 70 43
240 70 0
0 74 34
240 74 0
0 64 0
0 62 32
0 67 32
240 67 0
0 69 32
0 66 32
240 66 0
0 69 0
0 70 36
240 70 0
0 74 33
240 74 0
0 62 0
0 58 29
0 62 29
240 62 0
0 60 29
0 64 29
240 64 0
0 58 0
0 57 29
0 65 29
960 65 0
0 57 0
0 60 0
427 41 46
480 48 22
0 57 22
784 46 31
7 53 35
10 46 0
50 57 0
0 41 0
0 48 0
10 62 39
950 60 36
10 62 0
230 60 0
0 58 34
240 58 0
0 53 0
0 48 33
0 57 33
438 57 0
0 48 0
0 58 38
0 48 38
234 58 0
0 57 38
240 57 0
0 55 42
353 55 0
0 48 0
0 45 36
0 53 36
237 53 0
0 45 0
0 48 39
0 55 39
240 55 0
0 48 0
0 53 42
0 57 42
360 57 0
0 53 0
0 48 39
0 55 39
235 48 0
0 50 50
240 50 0
0 48 47
240 48 0
0 46 47
240 46 0
0 55 0
0 43 48
240 43 0
0 45 48
240 45 0
0 41 46
282 48 22
0 57 22
600 49 28
24 57 30
10 49 0
50 57 0
0 41 0
0 48 0
0 64 35
472 64 0
0 50 33
0 62 33
225 62 0
0 50 0
0 57 0
0 60 29
0 53 29
240 53 0
0 55 33
227 55 0
0 60 0
0 57 33
0 60 33
240 60 0
0 57 0
0 59 36
0 55 36
190 59 0
0 67 33
240 67 0
0 57 33
237 57 0
0 59 33
240 59 0
0 55 0
0 48 37
0 60 37
240 60 0
0 48 0
0 50 46
240 50 0
0 46 41
240 46 0
0 43 40
240 43 0
0 41 46
339 48 22
0 57 22
741 46 31
3 53 35
10 46 0
50 57 0
0 41 0
0 48 0
10 62 39
950 60 34
10 62 0
226 60 0
0 58 31
240 58 0
0 53 0
0 48 33
0 57 33
360 57 0
0 48 0
0 58 37
0 48 38
233 58 0
0 57 37
240 57 0
0 55 40
381 55 0
0 48 0
0 45 36
0 53 36
236 53 0
0 45 0
0 48 39
0 55 39
240 55 0
0 48 0
0 53 42
0 57 42
381 57 0
0 53 0
0 48 39
0 55 39
226 48 0
0 50 50
240 50 0
0 48 47
240 48 0
0 46 47
240 46 0
0 55 0
0 43 48
240 43 0
0 45 48
240 45 0
0 41 46
339 48 22
0 57 22
798 49 28
0 57 30
10 49 0
50 57 0
0 41 0
0 48 0
0 64 35
703 64 0
0 50 33
0 62 33
232 62 0
0 50 0
0 57 0
0 60 29
0 53 29
240 53 0
0 55 33
232 55 0
0 60 0
0 57 33
0 60 33
240 60 0
0 57 0
0 59 36
0 55 36
120 59 0
0 67 33
240 67 0
0 57 33
228 57 0
0 59 33
240 59 0
0 55 0
0 48 37
0 60 37
240 60 0
0 48 0
0 50 46
240 50 0
0 46 42
240 46 0
0 43 40
240 43 0
0 41 50
310 48 24
0 57 24
268 57 0
0 48 0
0 41 0
68 48 36
0 55 39
240 55 0
0 48 0
0 54 41
0 50 41
233 54 0
0 57 41
240 57 0
0 62 44
720 50 0
0 54 41
240 54 0
0 55 46
222 55 0
0 62 0
0 54 39
0 48 39
240 48 0
0 54 0
0 50 44
0 55 44
226 55 0
0 50 0
0 51 40
240 51 0
0 58 45
0 50 45
120 58 0
0 62 40
240 62 0
0 55 40
238 55 0
0 50 0
0 50 37
0 57 37
480 57 0
0 50 0
0 55 42
240 55 0
0 43 44
240 43 0
0 45 38
240 45 0
0 34 42
339 34 0
0 53 24
0 62 24
381 62 0
0 53 0
103 55 28
0 62 28
240 62 0
0 55 0
0 61 27
0 57 25
229 61 0
0 64 29
240 64 0
0 69 30
720 57 0
0 61 33
240 61 0
0 62 41
225 62 0
0 69 0
0 61 31
0 55 31
240 55 0
0 61 0
0 57 37
0 62 37
229 62 0
0 57 0
0 58 29
240 58 0
0 57 34
402 62 37
233 62 0
0 61 31
0 64 31
240 64 0
0 61 0
0 57 0
0 62 36
0 57 30
240 57 0
0 58 30
240 62 0
0 60 30
240 60 0
0 58 0
0 48 32
113 48 0
0 41 37
480 48 19
0 57 19
3 46 27
10 53 31
10 46 0
50 57 0
0 41 0
0 48 0
10 62 35
950 60 29
10 62 0
225 60 0
0 58 27
240 58 0
0 53 0
0 48 29
0 57 29
409 57 0
0 48 0
0 58 33
0 48 34
226 58 0
0 57 33
240 57 0
0 55 36
353 55 0
0 48 0
0 45 32
0 53 32
236 53 0
0 45 0
0 48 35
0 55 35
240 55 0
0 48 0
0 53 37
0 57 37
381 57 0
0 53 0
0 48 35
0 55 35
233 48 0
0 50 45
240 50 0
0 48 42
240 48 0
0 46 42
240 46 0
0 55 0
0 43 43
240 43 0
0 45 43
240 45 0
0 41 41
353 48 19
0 57 19
833 57 0
0 48 0
0 41 0
0 43 26
0 47 26
0 59 26
339 59 0
0 47 0
0 43 0
0 57 29
0 48 29
0 60 29
377 60 0
0 48 0
0 57 0
0 58 29
0 60 29
0 48 29
232 58 0
0 57 29
240 57 0
0 55 29
331 55 0
0 48 0
0 60 0
0 46 27
0 55 27
227 55 0
0 46 0
0 50 27
0 57 27
240 57 0
0 50 0
0 58 32
0 55 32
395 55 0
0 58 0
0 48 26
0 55 26
226 36 26
240 36 0
0 55 0
0 41 26
861 41 0
0 48 0
