1 66 55
239 66 0
0 68 52
120 69 48
20 68 0
100 69 0
0 68 55
0 64 36
0 59 30
240 68 0
0 71 45
240 71 0
0 59 0
0 64 0
0 64 55
240 69 52
240 69 0
0 68 52
0 71 62
220 71 0
0 68 0
20 69 56
0 73 66
220 73 0
0 69 0
20 64 0
0 64 46
0 71 49
0 76 59
480 76 0
0 71 0
0 73 57
0 69 49
480 69 0
0 73 0
0 64 0
0 73 69
240 73 0
0 74 68
120 76 66
20 74 0
100 76 0
0 78 66
0 73 55
0 66 46
240 78 0
0 73 59
240 73 0
0 66 0
0 73 0
0 71 42
0 66 35
0 74 57
480 74 0
0 66 0
0 71 0
0 66 58
240 66 0
0 68 55
120 69 51
20 68 0
100 69 0
0 63 46
0 73 50
240 73 0
0 70 45
240 63 0
0 62 40
240 70 0
0 71 42
240 71 0
0 62 0
0 66 55
240 66 0
0 68 54
120 69 50
20 68 0
100 69 0
0 68 55
0 64 37
0 59 37
240 68 0
0 71 45
240 71 0
0 59 0
0 64 0
0 64 55
240 69 55
240 69 0
0 68 52
0 71 62
220 71 0
0 68 0
20 69 57
0 73 67
220 73 0
0 69 0
20 64 0
0 64 45
0 71 49
0 76 61
480 76 0
0 71 0
0 73 63
0 69 54
480 69 0
0 73 0
0 64 0
0 73 75
240 73 0
0 75 72
120 76 68
20 75 0
100 76 0
0 64 53
0 68 73
240 68 0
0 73 59
240 73 0
0 64 0
0 71 62
0 63 43
0 66 43
480 66 0
0 63 0
0 71 0
0 71 58
0 64 58
0 73 76
240 73 0
0 75 75
120 76 70
20 75 0
100 71 0
0 64 0
0 76 0
0 64 53
0 68 73
240 68 0
0 73 58
240 73 0
0 64 0
0 71 62
0 66 43
0 63 43
480 63 0
0 66 0
0 71 0
0 73 77
0 64 59
0 71 59
240 73 0
0 75 75
120 76 71
20 75 0
100 64 0
0 71 0
0 76 0
0 80 75
240 80 0
0 76 64
240 76 0
0 75 68
240 75 0
0 73 62
240 73 0
0 73 55
0 66 44
0 63 44
480 63 0
0 66 0
0 73 0
0 63 44
0 61 58
0 66 52
240 61 0
0 59 56
230 59 0
10 66 0
0 63 0
0 59 39
0 64 45
480 64 0
0 59 0
0 74 54
240 74 0
0 73 50
120 71 47
20 73 0
100 71 0
0 63 43
0 66 51
240 66 0
0 69 40
240 69 0
0 63 0
0 64 39
0 68 46
480 68 0
0 64 0
0 61 41
0 66 50
240 66 0
0 61 0
0 60 31
0 68 39
240 68 0
0 60 0
0 61 41
0 66 50
240 66 0
0 61 0
0 68 38
0 60 30
240 60 0
0 68 0
0 59 37
0 64 42
480 64 0
0 59 0
0 74 54
240 74 0
0 73 50
120 71 47
20 73 0
100 71 0
0 63 43
0 66 51
240 66 0
0 69 40
240 69 0
0 63 0
0 64 39
0 68 46
480 68 0
0 64 0
0 61 41
0 66 50
240 66 0
0 61 0
0 60 31
0 68 39
240 68 0
0 60 0
0 61 41
0 66 50
240 66 0
0 61 0
0 68 38
0 60 30
240 60 0
0 68 0
0 59 37
0 64 42
480 64 0
0 59 0
0 64 46
0 70 56
240 70 0
0 64 0
0 63 42
0 72 50
240 72 0
0 63 0
0 70 56
0 64 46
240 64 0
0 70 0
0 63 41
0 72 50
240 72 0
0 63 0
0 63 42
0 68 51
480 68 0
0 63 0
0 68 51
0 74 59
240 74 0
0 68 0
0 67 46
0 76 56
240 76 0
0 67 0
0 74 62
0 68 53
240 68 0
0 74 0
0 67 47
0 76 57
240 76 0
0 67 0
0 72 52
0 66 44
0 63 37
240 63 0
0 66 0
0 64 30
0 67 38
240 67 0
0 64 0
0 72 0
0 74 59
0 68 55
120 77 47
20 74 0
100 68 0
0 72 44
0 67 44
0 76 59
20 77 0
220 72 0
0 67 0
0 76 0
0 68 56
0 74 59
120 77 49
20 74 0
100 68 0
0 67 44
0 72 45
0 76 59
20 77 0
220 67 0
0 72 0
0 76 0
0 63 41
0 66 49
0 72 59
240 66 0
0 63 0
0 64 33
0 67 42
240 67 0
0 64 0
0 72 0
0 74 67
0 68 56
240 68 0
0 74 0
0 76 63
0 67 49
0 72 49
240 72 0
0 67 0
0 76 0
0 70 59
0 79 71
240 79 0
0 70 0
0 69 52
0 78 64
240 78 0
0 69 0
0 77 71
0 68 59
240 68 0
0 77 0
0 67 52
0 76 64
240 76 0
0 67 0
0 67 59
0 76 71
240 76 0
0 67 0
0 66 52
0 75 64
240 75 0
0 66 0
0 70 65
0 64 63
120 73 52
20 70 0
100 64 0
0 66 42
0 71 55
0 63 42
20 73 0
220 66 0
0 71 0
0 63 0
0 67 57
0 76 69
240 76 0
0 67 0
0 66 52
0 75 63
240 75 0
0 66 0
0 64 58
0 70 55
120 73 52
20 70 0
100 64 0
0 63 33
0 71 42
0 66 33
20 73 0
220 63 0
0 71 0
0 66 0
0 70 56
0 64 56
120 73 48
20 70 0
100 64 0
0 66 30
0 63 30
0 71 41
20 73 0
220 66 0
0 63 0
0 71 0
0 58 34
0 61 41
0 66 48
240 61 0
0 58 0
0 59 36
240 59 0
0 66 0
0 66 54
240 66 0
0 68 51
120 69 47
20 68 0
100 69 0
0 64 36
0 59 36
0 68 55
240 68 0
0 71 44
240 71 0
0 59 0
0 64 0
0 64 55
240 69 56
240 69 0
0 68 52
0 71 62
220 71 0
0 68 0
20 73 66
0 69 56
220 69 0
0 73 0
20 64 0
0 76 59
0 71 49
0 64 49
480 71 0
0 76 0
0 69 49
0 73 57
480 73 0
0 69 0
0 64 0
0 73 69
240 73 0
0 74 68
120 76 66
20 74 0
100 76 0
0 73 55
0 66 46
0 78 66
240 78 0
0 73 59
240 73 0
0 66 0
0 73 0
0 74 57
0 71 46
0 66 46
480 66 0
0 71 0
0 74 0
0 66 57
240 66 0
0 68 52
120 69 46
20 68 0
100 69 0
0 63 49
0 73 54
240 73 0
0 70 44
240 63 0
0 62 40
240 70 0
0 71 42
240 71 0
0 62 0
0 66 55
240 66 0
0 68 54
120 69 47
20 68 0
100 69 0
0 64 36
0 59 36
0 68 55
240 68 0
0 71 45
240 71 0
0 59 0
0 64 0
0 64 55
240 69 55
240 69 0
0 68 52
0 71 62
220 71 0
0 68 0
20 73 67
0 69 57
220 69 0
0 73 0
20 64 0
0 76 61
0 71 51
0 64 47
480 71 0
0 76 0
0 69 54
0 73 63
480 73 0
0 69 0
0 64 0
0 73 72
240 73 0
0 75 70
120 76 66
20 75 0
100 76 0
0 68 74
0 64 50
240 68 0
0 73 60
240 73 0
0 64 0
0 63 47
0 66 47
0 71 66
480 71 0
0 66 0
0 63 0
0 71 60
0 64 60
0 73 78
240 73 0
0 75 70
120 76 64
20 75 0
100 71 0
0 64 0
0 76 0
0 64 50
0 68 74
240 68 0
0 73 62
240 73 0
0 64 0
0 71 66
0 66 47
0 63 47
480 63 0
0 66 0
0 71 0
0 64 48
0 67 48
0 76 61
480 76 0
0 74 52
240 74 0
0 72 44
240 72 0
0 71 50
240 71 0
0 70 42
240 70 0
0 67 0
0 64 0
240 55 38
80 55 0
0 59 34
80 59 0
0 64 36
80 64 0
0 69 39
80 69 0
0 67 34
80 67 0
0 64 34
80 64 0
0 70 38
80 70 0
0 71 34
80 71 0
0 76 34
80 76 0
0 78 38
80 78 0
0 79 34
80 79 0
0 83 34
80 83 0
0 88 40
120 88 0
120 64 48
0 67 48
0 76 61
480 76 0
0 74 55
240 74 0
0 72 46
240 72 0
0 71 50
240 71 0
0 70 41
240 70 0
0 67 0
0 64 0
240 55 38
80 55 0
0 59 34
80 59 0
0 64 36
80 64 0
0 69 39
80 69 0
0 67 34
80 67 0
0 64 34
80 64 0
720 64 48
0 67 48
0 76 61
480 76 0
0 74 53
240 74 0
0 72 45
240 72 0
0 71 51
240 71 0
0 70 44
240 70 0
0 67 0
0 64 0
240 55 38
80 55 0
0 59 34
80 59 0
0 64 36
80 64 0
0 69 39
80 69 0
0 67 34
80 67 0
0 64 34
80 64 0
0 70 38
80 70 0
0 71 34
80 71 0
0 76 34
80 76 0
0 78 38
80 78 0
0 79 34
80 79 0
0 83 34
80 83 0
0 88 40
120 88 0
120 64 48
0 67 48
0 76 61
480 76 0
0 74 57
240 74 0
0 72 52
240 72 0
0 71 57
240 71 0
0 70 51
240 70 0
0 67 0
0 64 0
240 76 58
240 76 0
0 64 45
0 67 59
0 74 65
240 74 0
0 72 60
240 72 0
0 71 69
240 71 0
0 70 69
240 70 0
0 67 0
0 64 0
0 77 72
240 61 62
80 61 0
0 65 57
80 65 0
0 68 57
80 68 0
0 77 0
0 70 74
240 58 62
80 58 0
0 63 55
80 63 0
0 67 55
80 67 0
0 70 0
0 75 74
240 60 62
80 60 0
0 63 57
80 63 0
0 68 57
70 68 0
10 75 0
0 68 74
240 58 62
80 58 0
0 61 57
80 61 0
0 65 57
80 65 0
0 68 0
0 67 66
240 68 58
20 67 0
220 61 41
0 63 41
0 72 58
20 68 0
220 70 42
20 72 0
220 61 0
0 63 0
0 70 0
0 77 71
240 61 62
80 61 0
0 65 57
80 65 0
0 68 57
80 68 0
0 77 0
0 70 73
240 58 62
80 58 0
0 63 55
80 63 0
0 67 55
80 67 0
0 70 0
0 75 75
240 60 62
80 60 0
0 63 57
80 63 0
0 68 57
80 68 0
0 75 0
0 80 76
240 65 62
80 65 0
0 68 57
80 68 0
0 72 57
80 72 0
0 80 0
0 74 74
240 62 62
80 62 0
0 67 55
80 67 0
0 71 55
80 71 0
0 74 0
0 79 75
240 63 62
80 63 0
0 67 57
80 67 0
0 72 57
80 72 0
0 79 0
0 71 71
240 61 58
80 61 0
0 59 55
80 59 0
0 65 55
80 65 0
0 71 0
0 70 68
240 71 64
20 70 0
220 64 45
0 67 58
0 76 58
20 71 0
220 72 47
20 76 0
220 64 0
0 67 0
0 72 0
0 71 71
240 61 58
80 61 0
0 59 55
80 59 0
0 65 55
80 65 0
0 71 0
0 70 68
240 71 58
20 70 0
70 71 0
90 67 64
30 72 64
30 79 69
160 79 0
0 76 63
160 76 0
0 72 63
160 72 0
0 72 0
0 67 0
0 71 71
240 61 58
80 61 0
0 59 55
80 59 0
0 65 55
80 65 0
0 71 0
0 70 69
240 71 64
20 70 0
220 64 51
0 67 57
0 76 65
20 71 0
220 72 49
20 76 0
220 64 0
0 67 0
0 72 0
0 71 73
240 61 58
80 61 0
0 59 55
80 59 0
0 65 55
80 65 0
0 71 0
0 70 70
240 70 0
0 71 58
90 71 0
0 71 53
30 71 0
0 72 58
30 72 0
0 71 52
30 71 0
0 70 58
30 70 0
0 71 52
30 71 0
0 80 69
160 80 0
0 79 63
240 79 0
0 77 63
80 77 0
0 77 79
240 64 58
80 64 0
0 67 55
80 67 0
0 72 55
80 72 0
0 77 0
0 76 73
80 75 64
80 75 0
0 76 53
80 76 0
0 76 0
0 79 53
80 79 0
0 78 52
80 78 0
0 79 46
80 79 0
0 84 52
240 84 0
240 64 48
0 67 48
0 76 61
480 76 0
0 74 53
240 74 0
0 72 45
240 72 0
0 71 52
240 71 0
0 70 40
240 70 0
0 67 0
0 64 0
240 55 38
80 55 0
0 59 34
80 59 0
0 64 36
80 64 0
0 69 39
80 69 0
0 67 34
80 67 0
0 64 34
80 64 0
0 70 38
80 70 0
0 71 34
80 71 0
0 76 34
80 76 0
0 78 38
80 78 0
0 79 34
80 79 0
0 83 34
80 83 0
0 88 40
120 88 0
120 64 48
0 67 48
0 76 61
480 76 0
0 74 53
240 74 0
0 72 44
240 72 0
0 71 51
240 71 0
0 70 42
240 70 0
0 67 0
0 64 0
240 55 38
80 55 0
0 59 34
80 59 0
0 64 36
80 64 0
0 69 39
80 69 0
0 67 34
80 67 0
0 64 34
80 64 0
720 64 48
0 67 48
0 76 61
480 76 0
0 74 56
240 74 0
0 72 45
240 72 0
0 71 50
240 71 0
0 70 44
240 70 0
0 67 0
0 64 0
240 55 38
80 55 0
0 59 34
80 59 0
0 64 36
80 64 0
0 69 39
80 69 0
0 67 34
80 67 0
0 64 34
80 64 0
0 70 38
80 70 0
0 71 34
80 71 0
0 76 34
80 76 0
0 78 38
80 78 0
0 79 34
80 79 0
0 83 34
80 83 0
0 88 40
120 88 0
120 76 64
480 76 0
0 64 35
0 67 42
0 74 57
240 74 0
0 72 48
240 72 0
0 71 53
240 71 0
0 70 51
240 70 0
0 67 0
0 64 0
240 76 58
240 76 0
0 64 37
0 66 44
240 68 65
240 68 0
0 69 67
240 69 0
0 70 71
240 70 0
0 66 0
0 64 0
0 78 73
240 63 62
80 63 0
0 66 57
80 66 0
0 71 57
80 71 0
0 78 0
0 74 73
240 59 62
80 59 0
0 62 55
80 62 0
0 67 55
80 67 0
0 74 0
0 75 74
240 59 62
80 59 0
0 63 57
80 63 0
0 66 57
70 66 0
10 75 0
0 68 71
240 59 62
80 59 0
0 61 57
80 61 0
0 65 57
80 65 0
0 68 0
0 70 70
240 71 64
20 70 0
220 64 37
0 66 43
0 75 69
20 71 0
220 73 54
20 75 0
220 64 0
0 66 0
0 73 0
0 78 71
240 63 62
80 63 0
0 66 57
80 66 0
0 71 57
80 71 0
0 78 0
0 74 74
240 59 62
80 59 0
0 62 55
80 62 0
0 67 55
80 67 0
0 74 0
0 75 75
240 59 62
80 59 0
0 63 57
80 63 0
0 66 57
70 66 0
10 75 0
0 68 71
240 59 62
80 59 0
0 61 57
80 61 0
0 65 57
80 65 0
0 68 0
0 70 68
240 71 57
20 70 0
220 64 37
0 66 43
0 75 69
20 71 0
220 73 54
20 75 0
220 64 0
0 66 0
0 73 0
0 78 74
240 63 62
80 63 0
0 66 57
80 66 0
0 71 57
80 71 0
0 78 0
0 74 74
240 59 62
80 59 0
0 62 55
80 62 0
0 67 55
80 67 0
0 74 0
0 75 75
240 59 62
80 59 0
0 63 57
80 63 0
0 66 57
70 66 0
10 75 0
0 67 73
320 59 57
80 59 0
0 62 57
80 62 0
0 67 0
0 66 74
320 62 55
80 62 0
0 63 55
80 63 0
0 66 0
0 55 75
320 47 57
80 47 0
0 50 57
70 50 0
10 55 0
0 54 76
314 53 68
6 54 0
74 54 64
20 53 0
66 55 71
14 54 0
106 56 62
20 55 0
100 57 65
20 56 0
100 58 57
20 57 0
100 59 62
20 58 0
100 61 63
20 59 0
220 62 59
20 61 0
340 63 62
20 62 0
460 64 46
20 63 0
220 65 42
20 64 0
220 66 38
20 65 0
220 66 0
1440 66 50
240 66 0
0 68 49
120 69 46
20 68 0
100 69 0
0 59 34
0 64 41
0 68 51
240 68 0
0 71 46
240 71 0
0 64 0
0 59 0
0 64 55
240 69 54
240 69 0
0 68 52
0 71 62
220 71 0
0 68 0
20 69 56
0 73 66
220 73 0
0 69 0
20 64 0
0 64 47
0 71 50
0 76 61
480 76 0
0 71 0
0 69 49
0 73 57
480 73 0
0 69 0
0 64 0
0 73 69
240 73 0
0 74 68
120 76 66
20 74 0
100 76 0
0 66 46
0 73 55
0 78 66
240 78 0
0 73 59
240 73 0
0 73 0
0 66 0
0 66 42
0 71 42
0 74 57
480 74 0
0 71 0
0 66 0
0 66 56
240 66 0
0 68 52
120 69 48
20 68 0
100 69 0
0 63 46
0 73 52
240 73 0
0 70 48
240 63 0
0 62 36
240 70 0
0 71 38
240 71 0
0 62 0
0 66 55
240 66 0
0 68 50
120 69 46
20 68 0
100 69 0
0 59 34
0 64 41
0 68 55
240 68 0
0 71 48
240 71 0
0 64 0
0 59 0
0 64 62
240 69 55
240 69 0
0 68 52
0 71 62
220 71 0
0 68 0
20 69 57
0 73 67
220 73 0
0 69 0
20 64 0
0 64 48
0 71 54
0 76 61
480 76 0
0 71 0
0 69 54
0 73 63
480 73 0
0 69 0
0 64 0
0 73 75
240 73 0
0 75 70
120 76 67
20 75 0
100 76 0
0 64 50
0 68 74
240 68 0
0 73 64
240 73 0
0 64 0
0 63 43
0 66 43
0 71 62
480 71 0
0 66 0
0 63 0
0 71 62
0 64 62
0 73 81
240 73 0
0 75 75
120 76 71
20 75 0
100 71 0
0 64 0
0 76 0
0 64 50
0 68 73
240 68 0
0 73 63
240 73 0
0 64 0
0 63 43
0 66 43
0 71 62
480 71 0
0 66 0
0 63 0
0 71 59
0 64 59
0 73 77
240 73 0
0 75 69
120 76 64
20 75 0
100 71 0
0 64 0
0 76 0
0 80 74
240 80 0
0 76 62
240 76 0
0 75 66
240 75 0
0 73 63
240 73 0
0 63 44
0 66 44
0 73 55
480 73 0
0 66 0
0 63 0
0 63 44
0 66 55
0 61 58
240 61 0
0 59 48
240 59 0
0 66 0
0 63 0
0 59 50
0 64 50
480 64 0
0 59 0
0 74 54
240 74 0
0 73 50
120 71 47
20 73 0
100 71 0
0 63 43
0 66 51
240 66 0
0 69 36
240 69 0
0 63 0
0 64 39
0 68 46
480 68 0
0 64 0
0 61 41
0 66 50
240 66 0
0 61 0
0 60 31
0 68 39
240 68 0
0 60 0
0 61 41
0 66 50
240 66 0
0 61 0
0 60 30
0 68 38
240 68 0
0 60 0
0 59 37
0 64 42
480 64 0
0 59 0
0 74 54
240 74 0
0 73 50
120 71 47
20 73 0
100 71 0
0 63 43
0 66 51
240 66 0
0 69 39
240 69 0
0 63 0
0 64 39
0 68 46
480 68 0
0 64 0
0 61 41
0 66 50
240 66 0
0 61 0
0 60 31
0 68 39
240 68 0
0 60 0
0 61 41
0 66 50
240 66 0
0 61 0
0 60 30
0 68 38
240 68 0
0 60 0
0 59 37
0 64 42
480 64 0
0 59 0
0 64 46
0 70 56
240 70 0
0 64 0
0 63 39
0 72 46
240 72 0
0 63 0
0 64 46
0 70 56
240 70 0
0 64 0
0 63 38
0 72 46
240 72 0
0 63 0
0 63 42
0 68 51
480 68 0
0 63 0
0 68 51
0 74 59
240 74 0
0 68 0
0 67 46
0 76 56
240 76 0
0 67 0
0 68 53
0 74 62
240 74 0
0 68 0
0 67 47
0 76 57
240 76 0
0 67 0
0 63 37
0 66 44
0 72 52
240 66 0
0 63 0
0 64 30
0 67 38
240 67 0
0 64 0
0 72 0
0 68 55
0 74 60
120 77 47
20 74 0
100 68 0
0 72 44
0 67 44
0 76 59
20 77 0
220 72 0
0 67 0
0 76 0
0 68 55
0 74 60
120 77 49
20 74 0
100 68 0
0 72 45
0 67 44
0 76 59
20 77 0
220 72 0
0 67 0
0 76 0
0 63 41
0 66 49
0 72 59
240 66 0
0 63 0
0 64 33
0 67 42
240 67 0
0 64 0
0 72 0
0 68 56
0 74 67
240 74 0
0 68 0
0 72 46
0 67 46
0 76 59
240 76 0
0 67 0
0 72 0
0 70 59
0 79 71
240 79 0
0 70 0
0 69 52
0 78 64
240 78 0
0 69 0
0 68 59
0 77 71
240 77 0
0 68 0
0 67 52
0 76 64
240 76 0
0 67 0
0 67 59
0 76 71
240 76 0
0 67 0
0 66 52
0 75 64
240 75 0
0 66 0
0 70 64
0 64 63
120 73 46
20 70 0
100 64 0
0 63 35
0 71 55
0 66 42
20 73 0
220 63 0
0 71 0
0 66 0
0 67 57
0 76 69
240 76 0
0 67 0
0 66 48
0 75 58
240 75 0
0 66 0
0 70 57
0 64 58
120 73 45
20 70 0
100 64 0
0 63 33
0 71 42
0 66 33
20 73 0
220 63 0
0 71 0
0 66 0
0 70 54
0 64 56
120 73 41
20 70 0
100 64 0
0 63 30
0 71 41
0 66 30
20 73 0
220 63 0
0 71 0
0 66 0
0 58 28
0 61 41
0 66 48
240 61 0
0 58 0
0 59 36
240 59 0
0 66 0
0 66 55
240 66 0
0 68 51
120 69 46
20 68 0
100 69 0
0 59 30
0 64 36
0 68 55
240 68 0
0 71 48
240 71 0
0 64 0
0 59 0
0 64 55
240 69 58
240 69 0
0 68 52
0 71 62
220 71 0
0 68 0
20 69 56
0 73 66
220 73 0
0 69 0
20 64 0
0 64 45
0 71 49
0 76 59
480 76 0
0 71 0
0 69 49
0 73 57
480 73 0
0 69 0
0 64 0
0 73 69
240 73 0
0 74 68
120 76 66
20 74 0
100 76 0
0 66 46
0 73 55
0 78 67
240 78 0
0 73 63
240 73 0
0 73 0
0 66 0
0 66 41
0 71 49
0 74 59
480 74 0
0 71 0
0 66 0
0 66 58
240 66 0
0 68 55
120 69 48
20 68 0
100 69 0
0 63 49
0 73 55
240 73 0
0 70 44
240 63 0
0 62 40
240 70 0
0 71 42
240 71 0
0 62 0
0 66 55
240 66 0
0 68 54
120 69 47
20 68 0
100 69 0
0 59 30
0 64 36
0 68 55
240 68 0
0 71 51
240 71 0
0 64 0
0 59 0
0 64 55
240 69 56
240 69 0
0 68 52
0 71 62
220 71 0
0 68 0
20 69 57
0 73 67
220 73 0
0 69 0
20 64 0
0 64 48
0 71 51
0 76 61
480 76 0
0 71 0
0 69 54
0 73 63
480 73 0
0 69 0
0 64 0
0 73 72
240 73 0
0 74 71
120 76 69
20 74 0
100 76 0
0 66 54
0 73 54
0 78 69
240 78 0
0 73 62
240 73 0
0 73 0
0 66 0
0 66 43
0 71 51
0 74 62
480 74 0
0 71 0
0 66 0
0 74 75
240 74 0
0 76 73
120 78 69
20 76 0
100 78 0
0 68 47
0 75 56
0 80 71
240 80 0
0 75 0
0 75 66
240 75 0
0 68 0
0 68 45
0 73 54
0 76 65
480 76 0
0 73 0
0 68 0
0 76 73
240 76 0
0 78 68
120 80 64
20 78 0
100 80 0
0 81 71
220 81 0
20 80 62
220 80 0
20 78 65
220 78 0
20 76 59
220 76 0
20 74 63
220 74 0
20 69 63
480 69 0
0 81 69
480 81 0
0 63 52
0 72 52
0 75 52
240 75 0
0 72 0
0 63 0
0 64 60
0 73 60
0 76 60
240 76 0
0 73 0
0 64 0
0 66 52
120 68 45
20 66 0
100 68 0
0 69 52
220 69 0
20 59 36
0 62 36
0 64 42
720 62 0
0 59 0
0 57 41
0 61 41
240 61 0
0 57 0
0 64 0
0 66 42
120 68 38
20 66 0
100 68 0
0 69 42
220 69 0
20 59 29
0 62 29
0 64 36
720 62 0
0 59 0
0 57 40
0 61 41
240 61 0
0 57 0
0 64 0
0 66 52
120 68 45
20 66 0
100 68 0
0 69 52
220 69 0
20 57 36
0 61 36
480 61 0
0 57 0
0 51 39
0 57 39
0 60 39
480 60 0
0 57 0
0 51 0
0 52 36
0 57 36
0 61 42
240 61 0
0 57 0
0 52 0
0 54 33
0 56 39
0 62 46
720 62 0
0 56 0
0 54 0
0 56 41
0 51 41
240 51 0
0 56 0
240 49 38
80 49 0
0 52 34
80 52 0
0 57 36
80 57 0
0 51 39
80 51 0
0 52 34
80 52 0
0 57 34
80 57 0
0 60 38
80 60 0
0 61 34
80 61 0
0 64 34
80 64 0
0 69 45
480 57 34
480 69 0
0 67 44
240 67 0
0 65 41
240 65 0
0 64 44
240 64 0
0 63 40
240 63 0
0 57 0
240 61 38
80 61 0
0 64 34
80 64 0
0 69 36
80 69 0
0 63 39
80 63 0
0 64 34
80 64 0
0 69 34
80 69 0
0 72 38
80 72 0
0 73 34
80 73 0
0 76 34
80 76 0
0 81 49
480 69 34
480 81 0
0 79 44
240 79 0
0 77 41
240 77 0
0 76 44
240 76 0
0 75 40
240 75 0
0 69 0
320 73 30
80 73 0
0 75 31
80 75 0
0 78 34
80 78 0
0 76 30
80 76 0
0 73 30
80 73 0
0 81 33
80 81 0
0 85 30
80 85 0
0 88 30
80 88 0
0 92 33
80 92 0
0 93 30
80 93 0
0 97 30
80 97 0
0 100 36
240 93 29
0 88 29
460 88 0
0 93 0
20 93 29
0 88 29
460 88 0
0 93 0
20 93 29
0 88 29
460 88 0
0 93 0
20 88 28
0 93 28
1440 93 0
0 88 0
0 100 0
480 50 37
0 52 44
14 50 0
0 49 42
113 49 0
0 47 53
220 47 0
20 45 55
220 45 0
20 52 0
0 44 40
0 52 45
367 44 0
0 45 39
297 45 0
0 52 0
480 46 36
0 61 53
0 54 43
424 54 0
0 61 0
0 46 0
0 47 30
0 59 42
0 54 36
332 54 0
0 59 0
0 47 0
480 57 41
0 47 35
445 47 0
0 57 0
0 52 28
0 56 34
353 56 0
0 52 0
480 52 44
0 50 44
417 50 0
0 49 42
367 49 0
0 47 53
220 47 0
20 45 56
220 45 0
20 52 0
0 52 42
0 44 43
367 44 0
0 45 43
297 45 0
0 52 0
480 47 50
424 57 59
120 57 0
0 59 54
240 59 0
0 56 61
480 56 0
0 47 0
0 47 50
424 57 59
126 57 0
0 59 54
240 59 0
0 56 58
240 56 0
0 47 0
0 54 62
240 54 0
0 56 58
120 57 50
20 56 0
100 57 0
0 47 50
409 47 0
0 57 52
0 52 44
106 57 0
0 56 50
240 56 0
0 52 0
0 40 50
120 52 45
60 52 0
60 40 0
0 54 46
60 54 0
60 56 47
60 56 0
60 57 50
0 52 36
67 57 0
0 59 45
120 59 0
0 60 47
226 60 0
0 59 35
240 59 0
0 52 0
0 45 44
0 52 37
120 45 0
0 44 31
240 44 0
0 45 44
101 45 0
0 44 34
240 44 0
0 52 0
0 57 38
0 52 33
80 57 0
0 56 36
240 56 0
0 52 0
0 40 50
120 52 45
60 52 0
60 40 0
0 54 46
60 54 0
60 56 47
60 56 0
60 57 50
0 52 36
67 57 0
0 59 45
120 59 0
0 60 46
216 60 0
0 59 34
240 59 0
0 52 0
0 45 44
0 52 37
119 45 0
0 44 31
240 44 0
0 45 44
91 45 0
0 44 34
240 44 0
0 52 0
0 57 38
0 52 33
126 57 0
0 56 36
240 56 0
0 52 0
0 49 50
0 56 41
103 49 0
0 48 42
240 48 0
0 49 51
91 49 0
0 48 46
240 48 0
0 56 0
0 61 44
0 56 34
92 61 0
0 60 41
240 60 0
0 56 0
0 53 53
0 60 45
103 53 0
0 52 46
240 52 0
0 53 57
91 53 0
0 52 51
240 52 0
0 60 0
0 60 46
0 56 38
92 56 0
0 60 0
0 48 26
0 55 32
240 55 0
0 48 0
0 60 44
0 53 55
240 53 0
0 55 40
177 55 0
0 53 58
217 53 0
0 55 44
171 55 0
0 60 0
0 56 36
0 60 45
132 60 0
0 56 0
0 55 32
0 48 21
240 48 0
0 55 0
0 60 46
0 53 56
149 53 0
0 48 46
240 48 0
0 60 0
0 61 55
0 57 47
91 57 0
0 61 0
0 62 54
240 62 0
0 59 55
0 55 47
126 55 0
0 59 0
0 60 54
240 60 0
0 58 51
0 54 42
171 54 0
0 58 0
0 59 54
232 59 0
0 55 58
240 55 0
0 47 29
0 54 39
206 54 0
0 47 0
0 58 46
0 54 41
171 54 0
0 58 0
0 59 49
240 59 0
0 55 57
240 55 0
0 54 31
0 47 26
194 47 0
0 54 0
0 55 55
232 55 0
0 47 24
0 54 30
200 54 0
0 47 0
0 52 37
171 52 0
0 51 28
240 51 0
480 50 44
0 52 44
403 50 0
0 49 42
360 49 0
0 47 53
220 47 0
20 45 55
220 45 0
20 52 0
0 44 40
0 52 45
367 44 0
0 45 39
297 45 0
0 52 0
480 54 43
0 61 53
0 46 36
424 46 0
0 61 0
0 54 0
0 47 36
0 54 36
0 59 42
367 59 0
0 54 0
0 47 0
480 47 37
0 57 45
388 57 0
0 47 0
0 56 34
0 52 28
360 52 0
0 56 0
466 50 44
0 52 44
417 50 0
0 49 42
360 49 0
0 47 53
220 47 0
20 45 56
220 45 0
20 52 0
0 44 43
0 52 45
367 44 0
0 45 43
311 45 0
0 52 0
480 47 46
0 57 57
169 57 0
0 59 52
240 59 0
0 56 58
480 56 0
0 47 0
0 47 48
424 57 57
169 57 0
0 59 52
113 59 0
0 47 0
0 48 40
0 55 40
0 60 48
800 60 0
0 55 0
0 48 0
6 40 31
80 40 0
0 47 30
80 47 0
154 48 40
0 55 40
0 60 48
777 60 0
0 55 0
0 48 0
20 40 31
80 40 0
0 47 30
80 47 0
480 60 38
80 60 0
0 59 34
80 59 0
0 55 34
80 55 0
0 48 37
80 48 0
0 47 34
80 47 0
0 43 33
80 43 0
0 40 40
78 40 0
0 48 40
0 55 40
0 60 48
812 60 0
0 55 0
0 48 0
0 40 31
80 40 0
0 47 30
80 47 0
126 48 40
0 55 40
0 60 48
91 60 0
0 55 0
0 48 0
480 48 34
0 55 37
0 60 46
800 60 0
0 55 0
0 48 0
48 49 57
80 56 57
80 56 0
80 49 0
20 49 58
80 51 58
80 51 0
80 49 0
12 48 59
80 51 59
80 51 0
80 48 0
26 46 59
80 53 59
80 53 0
80 46 0
480 51 34
0 55 34
400 55 0
0 51 0
43 49 57
80 56 57
80 56 0
80 49 0
26 49 58
80 51 58
80 51 0
80 49 0
20 48 59
80 51 59
80 51 0
80 48 0
29 53 57
80 60 57
80 60 0
80 53 0
3 53 58
80 55 58
80 55 0
80 53 0
23 51 59
80 55 59
80 55 0
80 51 0
43 49 57
80 49 0
0 55 57
80 55 0
475 48 39
0 55 46
0 60 46
400 60 0
0 55 0
0 48 0
9 49 57
80 49 0
0 55 57
80 55 0
313 48 46
30 55 46
19 64 46
570 64 0
0 55 0
0 48 0
70 49 57
71 49 0
0 55 57
80 55 0
475 48 39
0 55 39
0 60 47
400 60 0
0 55 0
0 48 0
70 49 57
71 49 0
0 55 57
80 55 0
70 48 57
71 55 57
80 55 0
80 48 0
271 48 40
0 55 40
0 60 48
800 60 0
0 55 0
0 48 0
6 40 31
80 40 0
0 47 30
80 47 0
126 48 40
0 55 40
0 60 48
789 60 0
0 55 0
0 48 0
20 40 31
80 40 0
0 47 30
80 47 0
480 60 38
80 60 0
0 59 34
80 59 0
0 55 34
80 55 0
0 48 37
80 48 0
0 47 34
80 47 0
0 43 33
80 43 0
0 40 40
60 40 0
0 48 40
0 55 40
0 60 48
766 60 0
0 55 0
0 48 0
0 40 31
80 40 0
0 47 30
80 47 0
331 48 30
0 55 36
0 60 42
800 60 0
0 55 0
0 48 0
480 48 29
0 54 29
0 60 38
91 60 0
0 54 0
0 48 0
60 47 57
80 54 57
80 54 0
80 47 0
3 47 58
80 55 58
80 55 0
80 47 0
70 47 59
71 54 59
80 54 0
80 47 0
70 47 59
71 53 59
80 53 0
80 47 0
475 47 37
0 54 37
0 58 37
400 58 0
0 54 0
0 47 0
11 47 57
80 54 57
80 54 0
80 47 0
3 47 58
80 55 58
80 55 0
80 47 0
64 47 59
71 54 59
80 54 0
80 47 0
240 47 59
71 53 59
80 53 0
80 47 0
473 47 37
0 54 37
0 58 37
400 58 0
0 54 0
0 47 0
29 47 57
80 54 57
80 54 0
80 47 0
3 47 58
80 55 58
80 55 0
80 47 0
60 47 59
71 54 59
80 54 0
80 47 0
26 47 57
80 53 57
80 53 0
0 55 62
80 55 0
0 47 0
3 47 58
80 54 58
80 54 0
0 59 62
80 59 0
0 47 0
62 35 59
71 41 59
80 41 0
0 43 62
80 43 0
0 35 0
35 35 59
80 42 59
80 42 0
0 51 62
29 51 0
0 35 0
4480 50 39
0 52 50
388 50 0
0 49 48
113 49 0
0 47 53
220 47 0
20 45 55
220 45 0
20 52 0
0 52 45
0 44 43
367 44 0
0 45 39
297 45 0
0 52 0
480 46 36
0 54 43
0 61 53
424 61 0
0 54 0
0 46 0
0 47 36
0 54 36
0 59 42
367 59 0
0 54 0
0 47 0
480 47 32
0 57 47
445 57 0
0 47 0
0 52 28
0 56 34
360 56 0
0 52 0
480 50 42
0 52 50
388 50 0
0 49 48
381 49 0
0 47 53
220 47 0
20 45 56
220 45 0
20 52 0
0 52 45
0 44 45
367 44 0
0 45 43
311 45 0
0 52 0
480 47 50
424 57 59
169 57 0
0 59 54
240 59 0
0 56 61
480 56 0
0 47 0
0 47 50
424 57 59
169 57 0
0 59 54
240 59 0
0 56 58
240 56 0
0 47 0
0 54 62
240 54 0
0 56 58
120 57 52
20 56 0
100 57 0
0 47 46
409 47 0
0 52 46
0 57 58
106 57 0
0 56 56
240 56 0
0 52 0
0 40 50
120 52 45
60 52 0
60 40 0
0 54 46
60 54 0
60 56 47
60 56 0
60 52 36
0 57 50
67 57 0
0 59 45
120 59 0
0 60 47
201 60 0
0 59 35
240 59 0
0 52 0
0 52 37
0 45 44
103 45 0
0 44 31
240 44 0
0 45 44
91 45 0
0 44 34
240 44 0
0 52 0
0 52 33
0 57 38
92 57 0
0 56 36
160 56 0
0 52 0
0 40 50
120 52 45
60 52 0
60 40 0
0 54 46
60 54 0
60 56 47
60 56 0
60 52 36
0 57 50
67 57 0
0 59 45
120 59 0
0 60 46
208 60 0
0 59 34
240 59 0
0 52 0
0 52 37
0 45 44
103 45 0
0 44 31
240 44 0
0 45 44
91 45 0
0 44 34
240 44 0
0 52 0
0 52 33
0 57 38
126 57 0
0 56 36
226 56 0
0 52 0
0 56 41
0 49 50
103 49 0
0 48 39
240 48 0
0 49 51
91 49 0
0 48 42
240 48 0
0 56 0
0 56 38
0 61 44
137 61 0
0 60 41
234 60 0
0 56 0
0 60 45
0 53 53
103 53 0
0 52 46
240 52 0
0 53 57
91 53 0
0 52 51
240 52 0
0 60 0
0 56 38
0 60 46
137 60 0
0 56 0
0 48 26
0 55 32
240 55 0
0 48 0
0 60 44
0 53 55
240 53 0
0 55 40
177 55 0
0 53 58
217 53 0
0 55 44
194 55 0
0 60 0
0 56 36
0 60 45
171 60 0
0 56 0
0 48 21
0 55 32
235 55 0
0 48 0
0 60 46
0 53 56
103 53 0
0 48 43
240 48 0
0 60 0
0 57 47
0 61 55
91 61 0
0 57 0
0 62 54
240 62 0
0 55 47
0 59 55
126 59 0
0 55 0
0 60 54
240 60 0
0 54 47
0 58 55
171 58 0
0 54 0
0 59 54
217 59 0
0 55 58
240 55 0
0 47 24
0 54 39
172 54 0
0 47 0
0 58 46
0 54 41
126 54 0
0 58 0
0 59 45
236 59 0
0 55 57
240 55 0
0 47 26
0 54 31
189 54 0
0 47 0
0 55 55
236 55 0
0 47 24
0 54 30
200 54 0
0 47 0
0 52 31
171 52 0
0 51 28
240 51 0
0 50 37
0 52 44
480 50 0
0 49 42
367 49 0
0 47 53
220 47 0
20 45 55
220 45 0
20 52 0
0 52 45
0 44 40
367 44 0
0 45 39
297 45 0
0 52 0
480 46 36
0 54 43
0 61 53
424 61 0
0 54 0
0 46 0
0 47 32
0 54 38
0 59 46
113 59 0
0 54 0
0 47 0
480 47 41
0 57 50
445 57 0
0 47 0
0 52 31
0 56 39
381 56 0
0 52 0
480 50 37
0 52 44
388 50 0
0 49 42
353 49 0
0 47 53
220 47 0
20 45 56
220 45 0
20 52 0
0 52 51
0 44 43
367 44 0
0 45 43
311 45 0
0 52 0
480 46 36
0 54 43
0 61 51
424 61 0
0 54 0
0 46 0
0 47 33
0 54 39
0 59 48
339 59 0
0 54 0
0 47 0
480 48 37
0 56 44
0 63 54
424 63 0
0 56 0
0 48 0
0 49 34
0 56 40
0 61 50
360 61 0
0 56 0
0 49 0
1440 54 56
0 57 64
240 57 0
0 59 61
120 61 58
20 59 0
100 61 0
0 62 61
149 62 0
20 61 58
220 61 0
20 54 0
0 53 52
0 59 61
135 59 0
20 57 56
226 53 0
0 52 50
240 52 0
0 57 0
169 57 45
220 57 0
20 52 42
0 55 48
86 55 0
20 56 45
240 56 0
0 52 0
0 40 38
240 40 0
169 57 38
220 57 0
20 52 36
0 55 40
159 55 0
20 56 38
240 56 0
0 52 0
0 40 38
240 40 0
169 54 45
120 53 39
20 54 0
100 52 48
10 53 0
146 52 0
20 42 42
120 41 39
20 42 0
0 40 48
20 41 0
281 40 0
0 52 42
480 52 0
0 33 31
6 33 0
0 40 31
80 40 0
0 45 30
80 45 0
389 60 33
0 53 31
789 53 0
0 60 0
0 45 31
43 45 0
0 52 31
80 52 0
0 57 30
80 57 0
380 72 33
0 65 31
800 65 0
0 72 0
6 57 28
80 57 0
0 64 27
80 64 0
0 69 33
80 69 0
163 81 25
0 85 25
460 85 0
0 81 0
20 81 26
0 85 26
460 85 0
0 81 0
20 81 26
0 85 26
460 85 0
0 81 0
20 81 25
0 85 25
1440 85 0
0 81 0
