2160 67 56
60 67 0
60 67 52
40 67 0
0 69 49
40 69 0
0 67 48
40 67 0
0 66 57
360 66 0
0 69 44
120 69 0
0 67 52
120 67 0
0 70 57
120 70 0
0 74 64
120 74 0
0 78 69
120 78 0
0 79 68
360 79 0
0 78 60
120 78 0
0 74 61
240 74 0
0 55 37
0 58 37
0 62 41
240 62 0
0 58 0
0 55 0
240 62 42
0 60 42
0 57 38
240 57 0
0 60 0
0 62 0
240 62 49
0 58 42
240 58 0
0 62 0
240 62 42
0 57 38
0 60 38
240 60 0
0 57 0
0 62 0
240 67 56
60 67 0
60 67 52
40 67 0
0 69 48
40 69 0
0 67 48
40 67 0
0 66 61
360 66 0
0 69 53
120 69 0
0 67 58
120 67 0
0 70 62
120 70 0
0 74 66
120 74 0
0 78 69
120 78 0
0 79 73
360 79 0
0 77 67
120 77 0
0 77 67
240 77 0
0 67 44
0 75 58
0 72 52
240 72 0
0 75 0
0 67 0
0 74 62
240 74 0
0 72 46
0 67 46
240 67 0
0 72 0
0 72 68
90 72 0
30 66 57
90 66 0
30 67 62
90 67 0
30 69 58
90 69 0
30 60 46
0 70 58
6 66 46
354 70 0
0 69 46
120 69 0
0 60 0
0 67 42
0 62 37
0 58 37
6 66 0
234 67 0
0 62 0
0 58 0
0 74 64
190 74 0
0 74 63
25 74 0
0 75 63
25 75 0
0 74 69
360 74 0
0 69 55
120 69 0
0 70 56
60 70 0
60 73 58
60 73 0
60 74 62
60 74 0
60 75 66
60 75 0
60 77 67
60 77 0
60 78 68
60 78 0
60 82 70
60 82 0
60 81 68
60 81 0
40 81 64
20 81 0
0 84 77
360 84 0
0 82 67
90 82 0
10 82 68
20 82 0
0 86 75
60 86 0
60 81 70
60 81 0
40 82 67
20 82 0
0 86 75
60 86 0
60 81 69
60 81 0
40 81 68
20 81 0
0 86 75
120 86 0
0 79 68
240 79 0
0 82 70
240 82 0
0 78 64
240 78 0
0 81 68
240 81 0
0 74 64
240 74 0
0 79 67
70 79 0
0 74 55
25 74 0
0 75 58
25 75 0
0 74 67
360 74 0
0 69 55
120 69 0
0 70 56
60 70 0
60 73 58
60 73 0
60 74 62
60 74 0
60 75 64
60 75 0
60 77 67
60 77 0
60 78 68
60 78 0
60 82 70
60 82 0
60 81 68
60 81 0
40 81 64
20 81 0
0 84 75
360 84 0
0 82 67
90 82 0
10 78 63
20 78 0
0 82 73
60 82 0
60 78 67
60 78 0
40 78 63
20 78 0
0 82 73
60 82 0
60 78 64
60 78 0
40 78 62
20 78 0
0 81 70
120 81 0
0 74 60
240 74 0
0 79 61
90 79 0
10 74 57
20 74 0
0 70 66
60 70 0
60 69 58
60 69 0
40 74 57
20 74 0
0 70 64
60 70 0
60 69 55
60 69 0
40 74 56
20 74 0
0 69 68
120 67 64
120 69 0
120 67 0
0 62 58
70 62 0
0 62 50
25 62 0
0 63 50
25 63 0
0 62 62
360 62 0
0 57 60
120 57 0
0 58 62
60 58 0
60 61 63
60 61 0
60 62 64
60 62 0
60 63 66
60 63 0
60 65 67
60 65 0
60 66 68
60 66 0
60 70 70
60 70 0
60 69 68
60 69 0
40 69 64
20 69 0
0 72 72
360 72 0
0 70 67
90 70 0
10 70 61
20 70 0
0 74 72
60 74 0
60 69 64
60 69 0
40 70 60
20 70 0
0 74 73
60 74 0
60 69 62
60 69 0
40 69 59
20 69 0
0 74 70
120 74 0
0 62 64
240 62 0
0 67 61
90 67 0
10 62 61
20 62 0
0 67 70
60 67 0
60 61 63
60 61 0
40 62 57
20 62 0
0 67 68
60 67 0
60 61 62
60 61 0
40 62 58
20 62 0
0 67 68
120 57 52
240 67 0
0 66 54
120 66 0
0 57 0
120 62 49
40 62 0
0 63 49
40 63 0
0 62 49
40 62 0
0 61 57
180 61 0
0 62 55
60 62 0
0 66 66
30 66 0
30 68 62
30 68 0
30 69 64
30 69 0
30 73 67
30 73 0
30 74 69
240 74 0
120 79 66
60 79 0
0 79 58
20 79 0
0 81 58
20 81 0
0 79 58
20 79 0
0 78 67
180 78 0
0 79 63
60 79 0
0 86 74
120 86 0
0 74 64
240 74 0
0 62 40
120 62 0
120 62 52
40 62 0
0 63 52
40 63 0
0 62 52
40 62 0
0 61 61
180 61 0
0 62 57
60 62 0
0 66 64
30 66 0
30 68 61
30 68 0
30 69 64
30 69 0
30 73 68
30 73 0
30 74 73
240 74 0
120 79 64
60 79 0
0 79 59
20 79 0
0 81 59
20 81 0
0 79 59
20 79 0
0 78 65
180 78 0
0 79 64
60 79 0
0 86 76
120 86 0
0 74 54
240 74 0
0 62 35
120 62 0
120 79 64
60 79 0
0 79 59
20 79 0
0 81 59
20 81 0
0 79 60
20 79 0
0 78 65
180 78 0
0 79 65
60 79 0
0 86 77
120 86 0
0 74 64
240 74 0
0 62 41
120 62 0
120 73 63
240 73 0
0 61 41
120 61 0
120 74 64
240 74 0
0 62 41
120 62 0
120 73 59
240 73 0
0 61 41
120 61 0
120 74 57
240 74 0
0 62 39
120 62 0
120 74 55
240 74 0
0 62 38
118 62 0
242 67 56
60 67 0
60 67 49
40 67 0
0 69 49
40 69 0
0 67 48
40 67 0
0 66 61
360 66 0
0 69 53
120 69 0
0 67 58
120 67 0
0 70 62
120 70 0
0 74 66
120 74 0
0 78 68
120 78 0
0 79 68
360 79 0
0 78 64
120 78 0
0 74 62
240 74 0
0 58 37
0 55 37
0 62 41
240 62 0
0 55 0
0 58 0
240 57 38
0 60 42
0 62 42
240 62 0
0 60 0
0 57 0
240 58 42
0 62 49
240 62 0
0 58 0
240 57 38
0 60 38
0 62 42
240 62 0
0 60 0
0 57 0
240 67 56
60 67 0
60 67 52
40 67 0
0 69 52
40 69 0
0 67 52
40 67 0
0 66 61
360 66 0
0 69 53
120 69 0
0 67 54
120 67 0
0 70 57
120 70 0
0 74 60
120 74 0
0 78 63
120 78 0
0 79 66
360 79 0
0 77 57
120 77 0
0 77 56
240 77 0
0 75 52
0 72 46
0 67 40
240 67 0
0 72 0
0 75 0
0 74 60
240 74 0
0 67 41
0 72 41
240 72 0
0 67 0
0 72 56
90 72 0
30 66 49
90 66 0
30 67 54
90 67 0
30 69 50
90 69 0
30 60 37
0 70 46
6 66 37
354 70 0
0 69 48
120 69 0
0 60 0
0 62 36
0 67 42
0 58 35
6 66 0
234 62 0
0 67 0
0 58 0
0 67 46
60 67 0
60 67 41
40 67 0
0 69 41
40 69 0
0 67 41
40 67 0
0 66 48
360 66 0
0 69 40
120 69 0
0 67 42
120 67 0
0 70 46
120 70 0
0 74 49
120 74 0
0 78 50
120 78 0
0 79 55
360 79 0
0 78 50
120 78 0
0 74 45
240 74 0
0 62 36
0 55 29
0 58 29
120 58 0
0 55 0
0 62 0
360 60 33
0 57 28
0 62 33
120 62 0
0 57 0
0 60 0
360 55 30
0 58 33
0 62 36
120 62 0
0 58 0
0 55 0
360 62 33
0 57 28
0 60 28
120 60 0
0 57 0
0 62 0
360 62 33
0 58 28
120 58 0
0 62 0
360 57 25
0 62 28
0 60 25
120 60 0
0 62 0
0 57 0
360 58 28
0 62 33
120 62 0
0 58 0
360 62 28
0 57 25
0 60 25
120 60 0
0 57 0
0 62 0
360 62 29
0 58 24
0 55 24
480 55 0
0 58 0
0 62 0
0 62 26
0 55 22
0 58 22
480 58 0
0 55 0
0 62 0
0 58 20
0 55 20
0 62 25
480 62 0
0 55 0
0 58 0
0 58 18
0 62 23
0 55 18
240 55 0
0 62 0
0 58 0
1 62 45
0 58 40
226 55 38
240 58 0
0 62 0
0 63 45
0 60 40
141 55 0
0 55 33
240 60 0
0 63 0
0 62 45
0 58 40
141 55 0
0 55 36
240 58 0
0 62 0
0 62 45
0 57 40
0 60 45
113 55 0
0 55 33
240 62 0
0 60 0
0 57 0
0 62 45
0 58 40
202 55 0
0 55 38
240 58 0
0 62 0
0 60 38
0 63 42
167 55 0
0 55 33
240 63 0
0 60 0
0 62 49
0 58 42
183 55 0
0 55 40
240 58 0
0 62 0
0 60 39
0 57 33
0 62 45
120 55 0
0 55 34
240 60 0
0 62 0
0 57 0
0 58 34
0 62 38
200 62 0
0 58 0
2 55 0
0 43 46
60 43 0
60 43 39
40 43 0
0 45 39
40 45 0
0 43 39
40 43 0
0 42 49
275 42 0
0 45 47
120 45 0
0 43 46
69 46 49
20 43 0
100 50 51
20 46 0
100 54 54
20 50 0
100 55 57
9 54 0
240 55 0
0 54 44
120 54 0
0 50 40
161 62 38
0 55 33
0 58 33
240 58 0
0 50 0
0 62 0
0 55 0
0 48 45
167 54 33
0 62 38
0 57 33
240 57 0
0 48 0
0 54 0
0 62 0
0 46 49
177 46 0
0 62 40
0 58 36
0 55 36
240 55 0
0 58 0
0 62 0
0 47 53
166 47 0
0 59 34
0 55 34
0 62 39
240 62 0
0 55 0
0 59 0
0 48 52
117 54 52
120 48 0
0 55 51
20 54 0
52 60 54
20 55 0
100 65 57
9 60 0
137 55 36
0 60 40
120 65 0
0 63 51
120 63 0
0 60 0
0 55 0
0 58 36
0 55 36
0 62 40
240 50 45
195 62 0
0 58 0
0 55 0
160 62 35
240 62 0
0 50 0
0 43 28
0 50 36
196 50 0
0 43 0
232 66 43
0 63 37
202 58 35
240 63 0
0 66 0
0 65 43
0 62 37
240 58 0
0 58 36
240 62 0
0 65 0
0 63 43
0 60 37
240 58 0
0 58 34
240 60 0
0 63 0
0 65 47
0 62 43
194 58 0
0 58 39
240 62 0
0 65 0
0 62 47
0 72 54
0 66 47
226 58 0
0 58 49
240 62 0
0 66 0
0 72 0
0 62 39
0 70 47
0 67 43
240 58 0
0 58 37
208 62 0
0 67 0
0 70 0
0 60 42
0 63 47
166 58 0
0 58 34
240 63 0
0 60 0
0 62 49
183 58 0
0 58 32
240 62 0
0 66 50
0 63 45
171 58 0
0 58 36
240 63 0
0 66 0
0 62 37
0 65 43
240 58 0
0 58 36
240 65 0
0 62 0
0 60 37
0 63 43
240 58 0
0 58 34
240 63 0
0 60 0
0 62 43
0 65 47
194 58 0
0 58 39
240 65 0
0 62 0
0 66 45
0 72 51
0 62 45
231 58 0
0 58 49
240 66 0
0 62 0
0 72 0
0 62 43
0 67 43
0 70 47
194 58 0
0 58 39
238 70 0
2 62 0
0 67 0
0 50 41
0 54 41
0 60 46
235 58 0
0 46 37
240 50 0
0 60 0
0 54 0
0 58 46
0 50 41
0 55 41
218 46 0
0 46 37
240 58 0
0 55 0
0 50 0
0 51 39
0 54 45
158 46 0
0 46 39
76 54 0
0 51 0
0 53 43
0 50 37
240 46 0
0 46 36
240 50 0
0 53 0
0 51 43
0 48 37
240 46 0
0 46 36
240 48 0
0 51 0
0 53 47
0 50 43
194 46 0
0 46 39
240 50 0
0 53 0
0 54 45
0 60 51
0 50 45
237 46 0
0 46 49
240 54 0
0 50 0
0 60 0
0 50 43
0 55 43
0 58 47
194 46 0
0 46 39
240 50 0
0 58 0
0 55 0
0 52 41
0 57 46
229 46 0
0 45 37
240 45 0
0 57 0
0 52 0
0 50 45
237 38 34
240 38 0
0 50 0
0 58 41
0 55 37
180 50 41
19 50 0
0 55 0
0 58 0
0 60 41
0 57 41
240 50 41
209 50 0
0 57 0
0 60 0
0 58 43
0 62 43
191 50 37
211 50 0
0 62 0
0 58 0
0 57 52
0 60 52
187 50 40
240 50 0
0 60 0
0 57 0
0 55 37
0 58 41
180 50 41
19 50 0
0 58 0
0 55 0
0 57 41
0 60 41
240 50 41
209 50 0
0 60 0
0 57 0
0 62 43
0 58 43
169 50 38
211 50 0
0 58 0
0 62 0
0 60 43
0 57 43
164 50 35
240 50 0
0 57 0
0 60 0
0 55 35
0 58 38
180 50 38
183 50 0
0 58 0
0 55 0
0 57 53
0 60 53
126 50 41
240 50 0
0 60 0
0 57 0
0 55 46
0 58 46
149 50 38
240 50 0
0 58 0
0 55 0
0 54 45
0 57 45
154 50 38
240 50 0
0 57 0
0 54 0
0 55 47
0 58 47
166 50 38
240 50 0
0 58 0
0 55 0
0 57 41
0 54 41
141 50 38
240 50 0
0 54 0
0 57 0
0 57 42
0 54 42
240 50 38
240 50 0
0 54 0
0 57 0
0 62 45
0 58 40
202 55 38
240 58 0
0 62 0
0 63 42
0 60 38
167 55 0
0 55 34
240 60 0
0 63 0
0 58 42
0 62 49
171 55 0
0 55 40
240 62 0
0 58 0
0 62 45
0 60 39
0 57 39
143 55 0
0 55 34
240 62 0
0 57 0
0 60 0
0 62 42
0 58 38
200 58 0
0 62 0
2 55 0
0 43 46
60 43 0
60 43 39
40 43 0
0 45 40
40 45 0
0 43 40
40 43 0
0 42 46
291 42 0
0 45 43
120 45 0
0 43 46
57 46 49
20 43 0
100 50 51
20 46 0
100 54 54
20 50 0
100 55 57
8 54 0
240 55 0
0 54 39
120 54 0
0 50 36
202 55 33
0 58 33
0 62 38
240 62 0
0 50 0
0 55 0
0 58 0
0 48 45
167 57 33
0 62 38
0 54 33
240 54 0
0 48 0
0 57 0
0 62 0
0 46 49
171 46 0
0 62 40
0 55 36
0 58 36
240 58 0
0 55 0
0 62 0
0 47 49
149 47 0
0 59 39
0 55 31
0 62 44
240 62 0
0 55 0
0 59 0
0 48 41
120 54 46
120 48 0
0 55 49
20 54 0
75 60 45
20 55 0
100 65 49
13 60 0
120 60 36
0 55 32
120 65 0
0 63 45
120 63 0
0 55 0
0 60 0
0 62 36
0 55 32
0 58 32
240 50 37
223 58 0
0 62 0
0 55 0
160 62 26
238 62 0
2 50 0
0 50 31
0 43 31
148 62 39
0 55 34
0 58 34
120 58 0
0 62 0
120 50 0
0 43 0
167 63 37
0 60 31
120 60 0
0 63 0
166 62 37
0 58 31
120 58 0
0 62 0
160 60 31
0 63 37
120 63 0
0 60 0
120 58 35
0 62 39
162 62 0
0 58 0
2 55 0
0 43 38
60 43 0
60 43 33
40 43 0
0 45 36
40 45 0
0 43 36
40 43 0
0 42 42
281 42 0
0 45 37
120 45 0
0 43 36
40 46 38
20 43 0
100 50 40
20 46 0
100 54 42
20 50 0
100 55 44
12 54 0
240 55 0
0 54 36
120 54 0
0 50 26
0 43 26
103 43 0
0 50 0
240 55 38
240 55 0
0 54 33
120 54 0
0 50 26
0 43 26
171 43 0
0 50 0
240 55 38
240 55 0
0 54 33
120 54 0
0 43 26
0 50 26
1736 50 0
0 43 0
