0 0 7 100
0 0 10 64
0 0 91 127
0 0 91 127
0.5 120 74 57
0.5 120 76 57
0.5 20 74 0
0.5 100 78 57
0.5 20 76 0
0.5 100 69 60
0.5 20 78 0
0.5 100 69 0
0.5 0 78 57
0.5 120 76 57
0.5 20 78 0
0.5 100 74 57
0.5 20 76 0
0.5 100 81 62
0.5 20 74 0
0.5 100 81 0
0.5 0 74 58
0.5 120 76 58
0.5 20 74 0
0.5 100 78 58
0.5 20 76 0
0.5 100 69 61
0.5 20 78 0
0.5 100 69 0
0.5 0 78 57
0.5 120 76 57
0.5 20 78 0
0.5 100 74 57
0.5 20 76 0
0.5 100 79 60
0.5 20 74 0
0.5 100 79 0
0.5 0 76 58
0.5 120 78 58
0.5 20 76 0
0.5 100 79 58
0.5 20 78 0
0.5 100 71 60
0.5 20 79 0
0.5 100 71 0
0.5 0 74 58
0.5 120 73 58
0.5 20 74 0
0.5 100 71 58
0.5 20 73 0
0.5 100 73 61
0.5 20 71 0
0.5 100 73 0
0.5 0 76 58
0.5 120 78 58
0.5 20 76 0
0.5 100 79 58
0.5 20 78 0
0.5 100 69 60
0.5 20 79 0
0.5 100 69 0
0.5 0 79 58
0.5 120 78 58
0.5 20 79 0
0.5 100 76 58
0.5 20 78 0
0.5 100 78 62
0.5 20 76 0
0.5 100 78 0
0.5 0 74 57
0.5 120 76 56
0.5 20 74 0
0.5 100 78 56
0.5 20 76 0
0.5 100 69 61
0.5 20 78 0
0.5 100 69 0
0.5 0 73 56
0.5 120 71 56
0.5 20 73 0
0.5 100 69 56
0.5 20 71 0
0.5 100 71 62
0.5 20 69 0
0.5 100 71 0
0.5 0 74 56
0.5 120 76 56
0.5 20 74 0
0.5 100 78 56
0.5 20 76 0
0.5 100 71 61
0.5 20 78 0
0.5 100 71 0
0.5 0 81 56
0.5 120 80 56
0.5 20 81 0
0.5 100 78 56
0.5 20 80 0
0.5 100 80 61
0.5 20 78 0
0.5 100 80 0
0.5 0 76 56
0.5 120 78 56
0.5 20 76 0
0.5 100 80 56
0.5 20 78 0
0.5 100 71 60
0.5 20 80 0
0.5 100 71 0
0.5 0 74 56
0.5 120 73 56
0.5 20 74 0
0.5 100 71 56
0.5 20 73 0
0.5 100 69 60
0.5 20 71 0
0.5 100 69 0
0.5 0 73 56
0.5 120 74 56
0.5 20 73 0
0.5 100 76 56
0.5 20 74 0
0.5 100 66 60
0.5 20 76 0
0.5 100 66 0
0.5 0 76 56
0.5 120 74 56
0.5 20 76 0
0.5 100 73 56
0.5 20 74 0
0.5 100 74 60
0.5 20 73 0
0.5 100 74 0
0.5 0 71 56
0.5 120 73 56
0.5 20 71 0
0.5 100 74 56
0.5 20 73 0
0.5 100 66 60
0.5 20 74 0
0.5 100 66 0
0.5 0 69 55
0.5 120 68 55
0.5 20 69 0
0.5 100 66 54
0.5 20 68 0
0.5 100 68 59
0.5 20 66 0
0.5 100 68 0
0.5 0 71 54
0.5 120 73 54
0.5 20 71 0
0.5 100 74 54
0.5 20 73 0
0.5 100 64 59
0.5 20 74 0
0.5 100 64 0
0.5 0 74 53
0.5 120 73 53
0.5 20 74 0
0.5 100 71 53
0.5 20 73 0
0.5 100 73 57
0.5 20 71 0
0.5 100 73 0
0.5 0 69 54
0.5 120 71 54
0.5 20 69 0
0.5 100 73 54
0.5 20 71 0
0.5 100 64 56
0.5 20 73 0
0.5 100 64 0
0.5 0 67 53
0.5 120 66 53
0.5 20 67 0
0.5 100 64 53
0.5 20 66 0
0.5 100 66 55
0.5 20 64 0
0.5 100 66 0
0.5 0 69 53
0.5 120 71 52
0.5 20 69 0
0.5 100 73 52
0.5 20 71 0
0.5 100 66 55
0.5 20 73 0
0.5 100 66 0
0.5 0 76 51
0.5 120 75 51
0.5 20 76 0
0.5 100 73 51
0.5 20 75 0
0.5 100 75 54
0.5 20 73 0
0.5 100 75 0
0.5 0 71 51
0.5 120 73 51
0.5 20 71 0
0.5 100 75 51
0.5 20 73 0
0.5 100 66 54
0.5 20 75 0
0.5 100 66 0
0.5 0 69 52
0.5 120 67 52
0.5 20 69 0
0.5 100 66 52
0.5 20 67 0
0.5 100 64 55
0.5 20 66 0
0.5 100 64 0
0.5 0 67 53
0.5 120 69 53
0.5 20 67 0
0.5 100 71 53
0.5 20 69 0
0.5 100 61 57
0.5 20 71 0
0.5 100 61 0
0.5 0 74 54
0.5 120 73 54
0.5 20 74 0
0.5 100 71 54
0.5 20 73 0
0.5 100 70 57
0.5 20 71 0
0.5 100 70 0
0.5 0 64 55
0.5 120 66 55
0.5 20 64 0
0.5 100 67 55
0.5 20 66 0
0.5 100 61 59
0.5 20 67 0
0.5 100 61 0
0.5 0 67 55
0.5 120 66 56
0.5 20 67 0
0.5 100 64 56
0.5 20 66 0
0.5 100 62 61
0.5 20 64 0
0.5 100 62 0
0.5 0 71 57
0.5 120 73 57
0.5 20 71 0
0.5 100 74 57
0.5 20 73 0
0.5 100 66 62
0.5 20 74 0
0.5 100 66 0
0.5 0 69 58
0.5 120 68 58
0.5 20 69 0
0.5 100 66 58
0.5 20 68 0
0.5 100 65 63
0.5 20 66 0
0.5 100 65 0
0.5 0 68 58
0.5 120 69 59
0.5 20 68 0
0.5 100 71 59
0.5 20 69 0
0.5 100 65 63
0.5 20 71 0
0.5 100 65 0
0.5 0 74 59
0.5 120 73 59
0.5 20 74 0
0.5 100 71 60
0.5 20 73 0
0.5 100 80 63
0.5 20 71 0
0.5 100 80 0
0.5 0 77 60
0.5 120 78 60
0.5 20 77 0
0.5 100 80 60
0.5 20 78 0
0.5 100 73 65
0.5 20 80 0
0.5 100 73 0
0.5 0 83 61
0.5 120 81 62
0.5 20 83 0
0.5 100 80 62
0.5 20 81 0
0.5 100 81 67
0.5 20 80 0
0.5 100 81 0
0.5 0 78 62
0.5 120 80 62
0.5 20 78 0
0.5 100 81 62
0.5 20 80 0
0.5 100 73 67
0.5 20 81 0
0.5 100 73 0
0.5 0 76 62
0.5 120 75 62
0.5 20 76 0
0.5 100 73 62
0.5 20 75 0
0.5 100 75 67
0.5 20 73 0
0.5 100 75 0
0.5 0 78 62
0.5 120 79 62
0.5 20 78 0
0.5 100 81 62
0.5 20 79 0
0.5 100 71 67
0.5 20 81 0
0.5 100 71 0
0.5 0 81 62
0.5 120 79 62
0.5 20 81 0
0.5 100 78 62
0.5 20 79 0
0.5 100 79 67
0.5 20 78 0
0.5 100 79 0
0.5 0 76 62
0.5 120 78 62
0.5 20 76 0
0.5 100 79 62
0.5 20 78 0
0.5 100 71 66
0.5 20 79 0
0.5 100 71 0
0.5 0 74 62
0.5 120 72 62
0.5 20 74 0
0.5 100 71 62
0.5 20 72 0
0.5 100 72 66
0.5 20 71 0
0.5 100 72 0
0.5 0 75 62
0.5 120 76 62
0.5 20 75 0
0.5 100 78 62
0.5 20 76 0
0.5 100 69 66
0.5 20 78 0
0.5 100 69 0
0.5 0 72 62
0.5 120 71 62
0.5 20 72 0
0.5 100 69 62
0.5 20 71 0
0.5 100 67 66
0.5 20 69 0
0.5 100 67 0
0.5 0 76 62
0.5 120 78 62
0.5 20 76 0
0.5 100 79 61
0.5 20 78 0
0.5 100 71 66
0.5 20 79 0
0.5 100 71 0
0.5 0 74 62
0.5 120 73 62
0.5 20 74 0
0.5 100 71 62
0.5 20 73 0
0.5 100 73 66
0.5 20 71 0
0.5 100 73 0
0.5 0 76 62
0.5 120 78 62
0.5 20 76 0
0.5 100 79 62
0.5 20 78 0
0.5 100 69 64
0.5 20 79 0
0.5 100 69 0
0.5 0 79 62
0.5 120 78 62
0.5 20 79 0
0.5 100 76 62
0.5 20 78 0
0.5 100 78 67
0.5 20 76 0
0.5 100 78 0
0.5 0 74 62
0.5 120 76 62
0.5 20 74 0
0.5 100 78 62
0.5 20 76 0
0.5 100 69 65
0.5 20 78 0
0.5 100 69 0
0.5 0 72 61
0.5 120 71 60
0.5 20 72 0
0.5 100 69 60
0.5 20 71 0
0.5 100 71 65
0.5 20 69 0
0.5 100 71 0
0.5 0 67 59
0.5 120 69 59
0.5 20 67 0
0.5 100 71 59
0.5 20 69 0
0.5 100 61 64
0.5 20 71 0
0.5 100 61 0
0.5 0 71 58
0.5 120 69 58
0.5 20 71 0
0.5 100 67 58
0.5 20 69 0
0.5 100 66 63
0.5 20 67 0
0.5 100 66 0
0.5 0 62 57
0.5 120 64 57
0.5 20 62 0
0.5 100 66 57
0.5 20 64 0
0.5 100 57 62
0.5 20 66 0
0.5 100 57 0
0.5 0 60 57
0.5 120 59 56
0.5 20 60 0
0.5 100 57 56
0.5 20 59 0
0.5 100 59 61
0.5 20 57 0
0.5 100 59 0
0.5 0 62 56
0.5 120 64 56
0.5 20 62 0
0.5 100 66 55
0.5 20 64 0
0.5 100 59 60
0.5 20 66 0
0.5 100 59 0
0.5 0 69 54
0.5 120 68 54
0.5 20 69 0
0.5 100 66 54
0.5 20 68 0
0.5 100 68 58
0.5 20 66 0
0.5 100 68 0
0.5 0 64 54
0.5 120 66 53
0.5 20 64 0
0.5 100 68 53
0.5 20 66 0
0.5 100 59 57
0.5 20 68 0
0.5 100 59 0
0.5 0 62 53
0.5 120 60 53
0.5 20 62 0
0.5 100 59 52
0.5 20 60 0
0.5 100 57 56
0.5 20 59 0
0.5 100 57 0
0.5 0 60 52
0.5 120 62 52
0.5 20 60 0
0.5 100 64 52
0.5 20 62 0
0.5 100 57 55
0.5 20 64 0
0.5 100 57 0
0.5 0 67 51
0.5 120 66 50
0.5 20 67 0
0.5 100 64 50
0.5 20 66 0
0.5 100 63 54
0.5 20 64 0
0.5 100 63 0
0.5 0 57 50
0.5 120 59 50
0.5 20 57 0
0.5 100 60 50
0.5 20 59 0
0.5 100 57 54
0.5 20 60 0
0.5 100 57 0
0.5 0 60 50
0.5 120 59 50
0.5 20 60 0
0.5 100 57 50
0.5 20 59 0
0.5 100 55 54
0.5 20 57 0
0.5 100 55 0
0.5 0 64 50
0.5 120 66 50
0.5 20 64 0
0.5 100 67 50
0.5 20 66 0
0.5 100 59 54
0.5 20 67 0
0.5 100 59 0
0.5 0 62 50
0.5 120 61 50
0.5 20 62 0
0.5 100 59 50
0.5 20 61 0
0.5 100 58 54
0.5 20 59 0
0.5 100 58 0
0.5 0 61 50
0.5 120 62 50
0.5 20 61 0
0.5 100 64 50
0.5 20 62 0
0.5 100 58 54
0.5 20 64 0
0.5 100 58 0
0.5 0 67 50
0.5 120 66 50
0.5 20 67 0
0.5 100 64 51
0.5 20 66 0
0.5 100 73 55
0.5 20 64 0
0.5 100 73 0
0.5 0 70 51
0.5 120 71 52
0.5 20 70 0
0.5 100 73 52
0.5 20 71 0
0.5 100 66 55
0.5 20 73 0
0.5 100 66 0
0.5 0 76 52
0.5 120 74 52
0.5 20 76 0
0.5 100 73 52
0.5 20 74 0
0.5 100 74 57
0.5 20 73 0
0.5 100 74 0
0.5 0 71 53
0.5 120 73 53
0.5 20 71 0
0.5 100 74 53
0.5 20 73 0
0.5 100 66 58
0.5 20 74 0
0.5 100 66 0
0.5 0 69 53
0.5 120 68 53
0.5 20 69 0
0.5 100 66 54
0.5 20 68 0
0.5 100 68 59
0.5 20 66 0
0.5 100 68 0
0.5 0 71 54
0.5 120 72 54
0.5 20 71 0
0.5 100 74 54
0.5 20 72 0
0.5 100 64 59
0.5 20 74 0
0.5 100 64 0
0.5 0 74 55
0.5 120 72 55
0.5 20 74 0
0.5 100 71 55
0.5 20 72 0
0.5 100 72 61
0.5 20 71 0
0.5 100 72 0
0.5 0 69 55
0.5 120 71 54
0.5 20 69 0
0.5 100 72 53
0.5 20 71 0
0.5 100 64 59
0.5 20 72 0
0.5 100 64 0
0.5 0 67 52
0.5 120 66 52
0.5 20 67 0
0.5 100 64 51
0.5 20 66 0
0.5 100 66 56
0.5 20 64 0
0.5 100 66 0
0.5 0 69 50
0.5 120 71 50
0.5 20 69 0
0.5 100 72 49
0.5 20 71 0
0.5 100 62 54
0.5 20 72 0
0.5 100 62 0
0.5 0 72 48
0.5 120 71 47
0.5 20 72 0
0.5 100 69 47
0.5 20 71 0
0.5 100 71 51
0.5 20 69 0
0.5 100 71 0
0.5 0 67 46
0.5 120 69 46
0.5 20 67 0
0.5 100 71 46
0.5 20 69 0
0.5 100 62 51
0.5 20 71 0
0.5 100 62 0
0.5 0 71 46
0.5 120 69 46
0.5 20 71 0
0.5 100 67 46
0.5 20 69 0
0.5 100 74 51
0.5 20 67 0
0.5 100 74 0
0.5 0 67 46
0.5 120 69 46
0.5 20 67 0
0.5 100 71 46
0.5 20 69 0
0.5 100 62 51
0.5 20 71 0
0.5 100 62 0
0.5 0 71 46
0.5 120 69 46
0.5 20 71 0
0.5 100 67 46
0.5 20 69 0
0.5 100 72 51
0.5 20 67 0
0.5 100 72 0
0.5 0 69 48
0.5 120 71 48
0.5 20 69 0
0.5 100 72 48
0.5 20 71 0
0.5 100 64 51
0.5 20 72 0
0.5 100 64 0
0.5 0 67 48
0.5 120 66 48
0.5 20 67 0
0.5 100 64 48
0.5 20 66 0
0.5 100 66 51
0.5 20 64 0
0.5 100 66 0
0.5 0 69 48
0.5 120 71 48
0.5 20 69 0
0.5 100 72 48
0.5 20 71 0
0.5 100 62 51
0.5 20 72 0
0.5 100 62 0
0.5 0 72 48
0.5 120 71 48
0.5 20 72 0
0.5 100 69 48
0.5 20 71 0
0.5 100 71 51
0.5 20 69 0
0.5 100 71 0
0.5 0 67 48
0.5 120 69 48
0.5 20 67 0
0.5 100 71 48
0.5 20 69 0
0.5 100 62 51
0.5 20 71 0
0.5 100 62 0
0.5 0 66 48
0.5 120 64 48
0.5 20 66 0
0.5 100 62 48
0.5 20 64 0
0.5 100 64 51
0.5 20 62 0
0.5 100 64 0
0.5 0 67 48
0.5 120 69 48
0.5 20 67 0
0.5 100 71 48
0.5 20 69 0
0.5 100 64 51
0.5 20 71 0
0.5 100 64 0
0.5 0 74 48
0.5 120 73 48
0.5 20 74 0
0.5 100 71 48
0.5 20 73 0
0.5 100 73 51
0.5 20 71 0
0.5 100 73 0
0.5 0 69 48
0.5 120 71 48
0.5 20 69 0
0.5 100 73 48
0.5 20 71 0
0.5 100 64 51
0.5 20 73 0
0.5 100 64 0
0.5 0 67 49
0.5 120 66 49
0.5 20 67 0
0.5 100 64 49
0.5 20 66 0
0.5 100 62 52
0.5 20 64 0
0.5 100 62 0
0.5 0 66 49
0.5 120 67 49
0.5 20 66 0
0.5 100 69 49
0.5 20 67 0
0.5 100 59 53
0.5 20 69 0
0.5 100 59 0
0.5 0 69 49
0.5 120 67 49
0.5 20 69 0
0.5 100 66 49
0.5 20 67 0
0.5 100 67 53
0.5 20 66 0
0.5 100 67 0
0.5 0 64 49
0.5 120 66 49
0.5 20 64 0
0.5 100 67 49
0.5 20 66 0
0.5 100 59 54
0.5 20 67 0
0.5 100 59 0
0.5 0 62 49
0.5 120 61 50
0.5 20 62 0
0.5 100 59 50
0.5 20 61 0
0.5 100 61 54
0.5 20 59 0
0.5 100 61 0
0.5 0 64 50
0.5 120 66 50
0.5 20 64 0
0.5 100 67 50
0.5 20 66 0
0.5 100 57 55
0.5 20 67 0
0.5 100 57 0
0.5 0 67 50
0.5 120 66 51
0.5 20 67 0
0.5 100 64 51
0.5 20 66 0
0.5 100 66 55
0.5 20 64 0
0.5 100 66 0
0.5 0 62 51
0.5 120 64 51
0.5 20 62 0
0.5 100 66 52
0.5 20 64 0
0.5 100 57 56
0.5 20 66 0
0.5 100 57 0
0.5 0 66 52
0.5 120 64 52
0.5 20 66 0
0.5 100 62 52
0.5 20 64 0
0.5 100 69 57
0.5 20 62 0
0.5 100 69 0
0.5 0 66 52
0.5 120 67 52
0.5 20 66 0
0.5 100 69 53
0.5 20 67 0
0.5 100 62 57
0.5 20 69 0
0.5 100 62 0
0.5 0 72 53
0.5 120 71 53
0.5 20 72 0
0.5 100 69 53
0.5 20 71 0
0.5 100 71 58
0.5 20 69 0
0.5 100 71 0
0.5 0 67 53
0.5 120 69 53
0.5 20 67 0
0.5 100 71 53
0.5 20 69 0
0.5 100 62 58
0.5 20 71 0
0.5 100 62 0
0.5 0 71 54
0.5 120 69 54
0.5 20 71 0
0.5 100 67 54
0.5 20 69 0
0.5 100 74 59
0.5 20 67 0
0.5 100 74 0
0.5 0 71 54
0.5 120 73 54
0.5 20 71 0
0.5 100 74 54
0.5 20 73 0
0.5 100 68 60
0.5 20 74 0
0.5 100 68 0
0.5 0 77 55
0.5 120 76 55
0.5 20 77 0
0.5 100 74 55
0.5 20 76 0
0.5 100 73 60
0.5 20 74 0
0.5 100 73 0
0.5 0 69 56
0.5 120 71 56
0.5 20 69 0
0.5 100 73 56
0.5 20 71 0
0.5 100 64 60
0.5 20 73 0
0.5 100 64 0
0.5 0 67 56
0.5 120 66 56
0.5 20 67 0
0.5 100 64 56
0.5 20 66 0
0.5 100 69 60
0.5 20 64 0
0.5 100 69 0
0.5 0 74 56
0.5 120 76 56
0.5 20 74 0
0.5 100 78 56
0.5 20 76 0
0.5 100 71 61
0.5 20 78 0
0.5 100 71 0
0.5 0 81 56
0.5 120 79 56
0.5 20 81 0
0.5 100 78 56
0.5 20 79 0
0.5 100 79 61
0.5 20 78 0
0.5 100 79 0
0.5 0 73 56
0.5 120 74 56
0.5 20 73 0
0.5 100 76 56
0.5 20 74 0
0.5 100 69 61
0.5 20 76 0
0.5 100 69 0
0.5 0 79 56
0.5 120 78 56
0.5 20 79 0
0.5 100 76 56
0.5 20 78 0
0.5 100 78 61
0.5 20 76 0
0.5 100 78 0
0.5 0 71 56
0.5 120 73 56
0.5 20 71 0
0.5 100 74 56
0.5 20 73 0
0.5 100 68 61
0.5 20 74 0
0.5 100 68 0
0.5 0 78 56
0.5 120 76 56
0.5 20 78 0
0.5 100 74 56
0.5 20 76 0
0.5 100 73 60
0.5 20 74 0
0.5 100 73 0
0.5 0 67 56
0.5 120 69 56
0.5 20 67 0
0.5 100 70 56
0.5 20 69 0
0.5 100 64 60
0.5 20 70 0
0.5 100 64 0
0.5 0 67 56
0.5 120 65 56
0.5 20 67 0
0.5 100 64 56
0.5 20 65 0
0.5 100 65 60
0.5 20 64 0
0.5 100 65 0
0.5 0 74 56
0.5 120 76 62
0.5 20 74 0
0.5 100 77 58
0.5 20 76 0
0.5 100 73 60
0.5 20 77 0
0.5 100 73 0
0.5 0 76 56
0.5 120 74 56
0.5 20 76 0
0.5 100 73 56
0.5 20 74 0
0.5 100 74 60
0.5 20 73 0
0.5 100 74 0
0.5 0 82 66
0.5 120 81 65
0.5 20 82 0
0.5 100 79 64
0.5 20 81 0
0.5 100 77 62
0.5 20 79 0
0.5 100 77 0
0.5 0 76 61
0.5 120 74 60
0.5 20 76 0
0.5 100 73 58
0.5 20 74 0
0.5 100 74 60
0.5 20 73 0
0.5 100 74 0
0.5 0 77 62
0.5 120 76 61
0.5 20 77 0
0.5 100 74 60
0.5 20 76 0
0.5 100 83 65
0.5 20 74 0
0.5 100 83 0
0.5 0 80 61
0.5 120 81 63
0.5 20 80 0
0.5 100 83 66
0.5 20 81 0
0.5 100 77 68
0.5 20 83 0
0.5 100 77 0
0.5 0 74 61
0.5 120 76 61
0.5 20 74 0
0.5 100 77 61
0.5 20 76 0
0.5 100 71 65
0.5 20 77 0
0.5 100 71 0
0.5 0 68 59
0.5 120 69 59
0.5 20 68 0
0.5 100 71 59
0.5 20 69 0
0.5 100 64 61
0.5 20 71 0
0.5 100 64 0
0.5 0 66 55
0.5 120 68 57
0.5 20 66 0
0.5 100 69 59
0.5 20 68 0
0.5 100 71 60
0.5 20 69 0
0.5 100 73 62
0.5 20 71 0
0.5 100 74 64
0.5 20 73 0
0.5 100 76 65
0.5 20 74 0
0.5 100 77 71
0.5 20 76 0
0.5 100 73 57
0.5 120 73 0
0.5 0 74 57
0.5 120 74 0
0.5 0 69 57
0.5 120 69 0
0.5 0 70 57
0.5 120 70 0
0.5 0 67 57
0.5 120 67 0
0.5 0 77 0
0.5 0 76 71
0.5 120 67 57
0.5 120 67 0
0.5 0 69 57
0.5 120 69 0
0.5 0 65 57
0.5 120 65 0
0.5 0 76 0
0.5 0 74 71
0.5 120 65 56
0.5 120 65 0
0.5 0 67 57
0.5 120 67 0
0.5 0 64 57
0.5 120 64 0
0.5 0 74 0
0.5 0 73 69
0.5 120 64 56
0.5 120 64 0
0.5 0 73 0
0.5 150 62 52
0.5 30 65 57
0.5 30 68 60
0.5 30 71 64
0.5 30 74 68
0.5 210 71 0
0.5 0 68 0
0.5 0 62 0
0.5 0 65 0
0.5 60 74 0
0.5 0 73 53
0.5 60 73 0
0.5 0 71 53
0.5 60 71 0
0.5 0 69 52
0.5 60 69 0
0.5 0 68 52
0.5 60 68 0
0.5 0 66 51
0.5 60 66 0
0.5 0 64 51
0.5 60 64 0
0.5 0 66 50
0.5 60 66 0
0.5 0 68 47
0.5 60 68 0
0.5 0 69 48
0.5 60 69 0
0.5 0 71 49
0.5 60 71 0
0.5 0 73 50
0.5 60 73 0
0.5 0 74 51
0.5 60 74 0
0.5 0 76 51
0.5 60 76 0
0.5 0 77 52
0.5 60 77 0
0.5 0 76 53
0.5 60 76 0
0.5 0 74 54
0.5 60 74 0
0.5 0 73 53
0.5 60 73 0
0.5 0 71 52
0.5 60 71 0
0.5 0 69 52
0.5 60 69 0
0.5 0 68 51
0.5 60 68 0
0.5 0 66 51
0.5 60 66 0
0.5 0 64 50
0.5 60 64 0
0.5 0 62 49
0.5 60 62 0
0.5 120 73 58
0.5 30 76 58
0.5 30 79 58
0.5 30 82 58
0.5 30 82 0
0.5 0 73 0
0.5 0 76 0
0.5 0 79 0
0.5 360 74 63
0.5 30 77 63
0.5 30 80 63
0.5 30 83 63
0.5 30 83 0
0.5 0 74 0
0.5 0 77 0
0.5 0 80 0
0.5 240 69 58
0.5 0 64 58
0.5 0 74 69
0.5 480 74 0
0.5 0 73 65
0.5 480 73 0
0.5 0 64 0
0.5 0 69 0
0.5 0 74 71
0.5 0 69 60
0.5 0 66 60
0.5 1440 66 0
0.5 0 69 0
0.5 0 74 0
1 0 0 0
0 0 7 100
0 0 10 64
0 0 91 127
0.5 0 50 47
0 0 64 0
0.5 180 50 0
0.5 300 62 40
0.5 180 62 0
0.5 300 54 45
0.5 180 54 0
0.5 300 62 40
0.5 180 62 0
0.5 300 52 46
0.5 180 52 0
0.5 300 62 42
0.5 180 62 0
0.5 300 57 45
0.5 180 57 0
0.5 300 61 41
0.5 180 61 0
0.5 300 50 45
0.5 180 50 0
0.5 300 62 40
0.5 180 62 0
0.5 300 50 44
0.5 180 50 0
0.5 300 62 42
0.5 180 62 0
0.5 300 50 45
0.5 180 50 0
0.5 300 56 42
0.5 180 56 0
0.5 300 49 45
0.5 180 49 0
0.5 300 57 42
0.5 180 57 0
0.5 300 47 46
0.5 180 47 0
0.5 300 57 39
0.5 180 57 0
0.5 300 52 44
0.5 180 52 0
0.5 300 56 38
0.5 180 56 0
0.5 300 45 42
0.5 180 45 0
0.5 300 57 39
0.5 180 57 0
0.5 300 45 41
0.5 180 45 0
0.5 300 57 36
0.5 180 57 0
0.5 300 45 39
0.5 180 45 0
0.5 300 51 36
0.5 180 51 0
0.5 300 43 41
0.5 180 43 0
0.5 300 52 38
0.5 180 52 0
0.5 300 42 44
0.5 180 42 0
0.5 300 54 39
0.5 180 54 0
0.5 300 42 46
0.5 180 42 0
0.5 300 54 41
0.5 180 54 0
0.5 300 42 46
0.5 180 42 0
0.5 300 54 42
0.5 180 54 0
0.5 300 42 47
0.5 180 42 0
0.5 300 54 42
0.5 180 54 0
0.5 300 42 49
0.5 180 42 0
0.5 300 54 44
0.5 180 54 0
0.5 300 47 49
0.5 180 47 0
0.5 300 51 45
0.5 180 51 0
0.5 300 40 48
0.5 180 40 0
0.5 300 52 45
0.5 180 52 0
0.5 300 40 48
0.5 180 40 0
0.5 300 51 48
0.5 180 51 0
0.5 300 40 48
0.5 180 40 0
0.5 300 52 45
0.5 180 52 0
0.5 300 45 48
0.5 180 45 0
0.5 300 49 45
0.5 180 49 0
0.5 300 38 48
0.5 180 38 0
0.5 300 50 44
0.5 180 50 0
0.5 300 38 47
0.5 180 38 0
0.5 300 50 40
0.5 180 50 0
0.5 300 38 45
0.5 180 38 0
0.5 300 50 41
0.5 180 50 0
0.5 300 38 44
0.5 180 38 0
0.5 300 50 38
0.5 180 50 0
0.5 300 38 42
0.5 180 38 0
0.5 300 56 38
0.5 180 56 0
0.5 300 48 41
0.5 180 48 0
0.5 300 54 37
0.5 180 54 0
0.5 300 47 40
0.5 180 47 0
0.5 300 51 37
0.5 180 51 0
0.5 300 52 41
0.5 180 52 0
0.5 300 55 36
0.5 180 55 0
0.5 300 47 41
0.5 180 47 0
0.5 300 52 37
0.5 180 52 0
0.5 300 55 42
0.5 180 55 0
0.5 300 58 37
0.5 180 58 0
0.5 300 47 43
0.5 180 47 0
0.5 300 59 38
0.5 180 59 0
0.5 300 52 44
0.5 180 52 0
0.5 300 56 39
0.5 180 56 0
0.5 300 45 46
0.5 180 45 0
0.5 300 57 40
0.5 180 57 0
0.5 300 50 43
0.5 180 50 0
0.5 300 54 36
0.5 180 54 0
0.5 300 43 39
0.5 180 43 0
0.5 300 55 34
0.5 180 55 0
0.5 300 47 39
0.5 180 47 0
0.5 300 55 35
0.5 180 55 0
0.5 300 45 39
0.5 180 45 0
0.5 300 55 34
0.5 180 55 0
0.5 300 50 39
0.5 180 50 0
0.5 300 54 34
0.5 180 54 0
0.5 300 43 39
0.5 180 43 0
0.5 300 55 34
0.5 180 55 0
0.5 300 43 39
0.5 180 43 0
0.5 300 55 34
0.5 180 55 0
0.5 300 43 39
0.5 180 43 0
0.5 300 49 34
0.5 180 49 0
0.5 300 42 39
0.5 180 42 0
0.5 300 50 34
0.5 180 50 0
0.5 300 40 40
0.5 180 40 0
0.5 300 50 35
0.5 180 50 0
0.5 300 45 42
0.5 180 45 0
0.5 300 49 36
0.5 180 49 0
0.5 300 38 43
0.5 180 38 0
0.5 300 50 38
0.5 180 50 0
0.5 300 42 44
0.5 180 42 0
0.5 300 57 39
0.5 180 57 0
0.5 300 43 45
0.5 180 43 0
0.5 300 55 40
0.5 180 55 0
0.5 300 47 46
0.5 180 47 0
0.5 300 62 41
0.5 180 62 0
0.5 300 45 47
0.5 480 55 41
0.5 180 55 0
0.5 300 54 47
0.5 180 54 0
0.5 300 50 41
0.5 180 50 0
0.5 300 52 47
0.5 180 52 0
0.5 300 49 41
0.5 180 49 0
0.5 300 50 47
0.5 180 50 0
0.5 300 47 41
0.5 180 47 0
0.5 420 52 51
0.5 120 54 50
0.5 20 52 0
0.5 100 55 50
0.5 20 54 0
0.5 100 49 54
0.5 20 55 0
0.5 100 49 0
0.5 0 52 50
0.5 120 50 50
0.5 20 52 0
0.5 100 49 50
0.5 20 50 0
0.5 100 50 54
0.5 20 49 0
0.5 100 50 0
0.5 0 53 51
0.5 120 55 53
0.5 20 53 0
0.5 100 57 53
0.5 20 55 0
0.5 100 52 54
0.5 20 57 0
0.5 100 52 0
0.5 0 55 50
0.5 120 53 50
0.5 20 55 0
0.5 100 52 50
0.5 20 53 0
0.5 100 45 0
0.5 0 53 55
0.5 20 52 0
0.5 100 53 0
0.5 0 50 50
0.5 120 52 50
0.5 20 50 0
0.5 100 53 50
0.5 20 52 0
0.5 100 45 51
0.5 20 53 0
0.5 100 45 0
0.5 0 48 52
0.5 120 46 54
0.5 20 48 0
0.5 100 45 56
0.5 20 46 0
0.5 100 44 58
0.5 20 45 0
0.5 2860 44 0
0.5 0 45 60
0.5 240 57 50
0.5 240 57 0
0.5 0 55 50
0.5 240 55 0
0.5 0 49 50
0.5 240 49 0
0.5 0 53 55
0.5 240 53 0
0.5 0 50 50
0.5 240 50 0
0.5 0 52 53
0.5 240 52 0
0.5 0 55 50
0.5 240 55 0
0.5 0 45 0
0.5 0 45 44
0.5 30 50 45
0.5 30 53 48
0.5 30 56 49
0.5 30 59 52
0.5 360 59 0
0.5 0 53 0
0.5 0 45 0
0.5 0 50 0
0.5 0 56 0
0.5 1440 61 58
0.5 30 64 58
0.5 30 67 58
0.5 30 70 58
0.5 150 70 0
0.5 0 61 0
0.5 0 64 0
0.5 0 67 0
0.5 240 62 62
0.5 30 65 62
0.5 30 68 62
0.5 30 71 62
0.5 150 71 0
0.5 0 62 0
0.5 0 65 0
0.5 0 68 0
0.5 240 45 57
0.5 0 52 68
0.5 0 57 68
0.5 480 52 0
0.5 0 55 63
0.5 480 55 0
0.5 0 57 0
0.5 0 45 0
0.5 0 50 57
0.5 0 57 68
0.5 0 54 57
0.5 1440 54 0
0.5 0 57 0
0.5 0 50 0
1 0 0 0
