0 0 7 100
0 0 10 64
0.5 1 60 52
0.5 119 61 48
0.5 10 60 0
0.5 110 57 53
0.5 10 61 0
0.5 110 58 49
0.5 10 57 0
0.5 110 55 58
0.5 10 58 0
0.5 110 58 62
0.5 10 55 0
0.5 110 67 68
0.5 10 58 0
0.5 110 65 70
0.5 10 67 0
0.5 110 65 0
0.5 0 65 73
0.5 240 55 38
0.5 0 58 46
0.5 228 58 0
0.5 0 55 0
0.5 12 55 38
0.5 0 58 46
0.5 228 58 0
0.5 0 55 0
0.5 12 65 0
0.5 0 64 52
0.5 240 64 0
0.5 0 60 52
0.5 120 61 48
0.5 10 60 0
0.5 110 57 53
0.5 10 61 0
0.5 110 58 57
0.5 10 57 0
0.5 110 55 57
0.5 10 58 0
0.5 110 58 61
0.5 10 55 0
0.5 110 67 63
0.5 10 58 0
0.5 110 65 64
0.5 10 67 0
0.5 110 65 0
0.5 0 65 67
0.5 240 55 38
0.5 0 58 46
0.5 228 58 0
0.5 0 55 0
0.5 12 55 38
0.5 0 58 46
0.5 228 58 0
0.5 0 55 0
0.5 12 65 0
0.5 0 64 52
0.5 240 64 0
0.5 0 60 52
0.5 120 60 0
0.5 0 61 48
0.5 120 61 0
0.5 0 57 52
0.5 120 57 0
0.5 0 58 48
0.5 120 58 0
0.5 0 55 49
0.5 120 55 0
0.5 0 58 50
0.5 120 58 0
0.5 0 67 54
0.5 120 67 0
0.5 0 65 55
0.5 120 65 0
0.5 0 63 58
0.5 120 63 0
0.5 0 64 55
0.5 120 64 0
0.5 0 70 59
0.5 120 70 0
0.5 0 68 57
0.5 120 68 0
0.5 0 66 58
0.5 120 66 0
0.5 0 67 62
0.5 120 67 0
0.5 0 73 65
0.5 120 73 0
0.5 0 72 61
0.5 120 72 0
0.5 0 69 67
0.5 120 69 0
0.5 0 70 66
0.5 120 70 0
0.5 0 85 71
0.5 120 79 67
0.5 10 85 0
0.5 110 84 71
0.5 10 79 0
0.5 110 82 70
0.5 10 84 0
0.5 110 80 68
0.5 10 82 0
0.5 110 79 66
0.5 10 80 0
0.5 110 77 65
0.5 10 79 0
0.5 110 76 63
0.5 10 77 0
0.5 110 79 61
0.5 10 76 0
0.5 110 70 60
0.5 10 79 0
0.5 110 71 61
0.5 10 70 0
0.5 86 71 0
0.5 0 72 56
0.5 96 72 0
0.5 0 73 59
0.5 96 73 0
0.5 0 67 56
0.5 96 67 0
0.5 0 72 56
0.5 96 72 0
0.5 0 70 57
0.5 120 69 53
0.5 10 70 0
0.5 110 65 57
0.5 10 69 0
0.5 110 66 59
0.5 10 65 0
0.5 110 62 60
0.5 10 66 0
0.5 110 63 64
0.5 10 62 0
0.5 110 72 69
0.5 10 63 0
0.5 110 70 69
0.5 10 72 0
0.5 110 70 0
0.5 0 70 74
0.5 240 60 42
0.5 0 63 51
0.5 228 63 0
0.5 0 60 0
0.5 12 60 42
0.5 0 63 51
0.5 228 63 0
0.5 0 60 0
0.5 12 70 0
0.5 0 69 57
0.5 240 69 0
0.5 0 65 57
0.5 120 66 53
0.5 10 65 0
0.5 110 62 54
0.5 10 66 0
0.5 110 63 54
0.5 10 62 0
0.5 110 60 57
0.5 10 63 0
0.5 110 63 68
0.5 10 60 0
0.5 110 72 70
0.5 10 63 0
0.5 110 70 73
0.5 10 72 0
0.5 110 70 0
0.5 0 70 76
0.5 240 60 42
0.5 0 63 51
0.5 228 63 0
0.5 0 60 0
0.5 12 60 42
0.5 0 63 51
0.5 228 63 0
0.5 0 60 0
0.5 12 70 0
0.5 0 69 57
0.5 240 69 0
0.5 0 65 57
0.5 120 65 0
0.5 0 66 53
0.5 120 66 0
0.5 0 62 52
0.5 120 62 0
0.5 0 63 50
0.5 120 63 0
0.5 0 60 54
0.5 120 60 0
0.5 0 63 55
0.5 120 63 0
0.5 0 72 57
0.5 120 70 59
0.5 10 72 0
0.5 110 68 63
0.5 10 70 0
0.5 110 69 57
0.5 10 68 0
0.5 110 78 63
0.5 10 69 0
0.5 110 77 58
0.5 10 78 0
0.5 110 74 60
0.5 10 77 0
0.5 110 75 60
0.5 10 74 0
0.5 110 85 66
0.5 10 75 0
0.5 110 84 64
0.5 10 85 0
0.5 110 82 68
0.5 10 84 0
0.5 110 81 68
0.5 10 82 0
0.5 110 87 72
0.5 10 81 0
0.5 110 76 70
0.5 10 87 0
0.5 110 77 71
0.5 10 76 0
0.5 110 78 73
0.5 10 77 0
0.5 110 72 69
0.5 10 78 0
0.5 110 73 74
0.5 10 72 0
0.5 110 77 76
0.5 10 73 0
0.5 110 75 76
0.5 10 77 0
0.5 110 73 75
0.5 10 75 0
0.5 110 72 72
0.5 10 73 0
0.5 110 70 72
0.5 10 72 0
0.5 86 70 0
0.5 0 69 76
0.5 96 69 0
0.5 0 72 79
0.5 96 72 0
0.5 0 64 79
0.5 96 64 0
0.5 0 65 79
0.5 96 65 0
0.5 0 66 83
0.5 96 66 0
0.5 0 60 83
0.5 96 60 0
0.5 0 65 83
0.5 96 65 0
0.5 0 63 85
0.5 96 63 0
0.5 0 61 85
0.5 96 61 0
0.5 0 60 95
0.5 240 60 0
0.5 0 58 89
0.5 240 58 0
0.5 0 53 67
0.5 0 55 68
0.5 0 58 72
0.5 0 61 80
0.5 0 65 85
0.5 240 65 0
0.5 0 58 0
0.5 0 53 0
0.5 0 55 0
0.5 0 61 0
0.5 240 73 66
0.5 120 73 0
0.5 0 67 69
0.5 120 67 0
0.5 0 68 74
0.5 120 68 0
0.5 0 69 76
0.5 120 69 0
0.5 0 72 80
0.5 120 72 0
0.5 0 70 84
0.5 120 70 0
0.5 0 68 88
0.5 120 68 0
0.5 0 67 92
0.5 120 67 0
0.5 0 65 95
0.5 120 65 0
0.5 0 64 93
0.5 120 64 0
0.5 240 55 71
0.5 0 58 76
0.5 0 61 79
0.5 0 64 90
0.5 240 64 0
0.5 0 55 0
0.5 0 58 0
0.5 0 61 0
0.5 240 80 90
0.5 120 80 0
0.5 0 70 82
0.5 120 70 0
0.5 0 80 86
0.5 120 80 0
0.5 0 79 84
0.5 120 79 0
0.5 0 76 81
0.5 120 76 0
0.5 0 73 78
0.5 120 73 0
0.5 0 70 76
0.5 120 70 0
0.5 0 67 74
0.5 120 67 0
0.5 0 64 71
0.5 120 64 0
0.5 0 65 68
0.5 120 65 0
0.5 240 53 76
0.5 0 60 76
0.5 0 65 90
0.5 240 65 0
0.5 0 60 0
0.5 0 53 0
0.5 240 84 88
0.5 120 84 0
0.5 0 77 84
0.5 120 77 0
0.5 0 78 88
0.5 120 78 0
0.5 0 79 86
0.5 120 79 0
0.5 0 82 81
0.5 96 82 0
0.5 0 80 77
0.5 96 80 0
0.5 0 77 75
0.5 96 77 0
0.5 0 73 73
0.5 96 73 0
0.5 0 72 71
0.5 96 72 0
0.5 0 72 70
0.5 120 72 0
0.5 0 71 68
0.5 120 71 0
0.5 240 56 73
0.5 0 59 76
0.5 0 62 77
0.5 0 68 91
0.5 240 68 0
0.5 0 56 0
0.5 0 59 0
0.5 0 62 0
0.5 240 92 85
0.5 60 92 0
0.5 0 86 84
0.5 60 86 0
0.5 0 87 84
0.5 60 87 0
0.5 0 88 83
0.5 60 88 0
0.5 0 91 81
0.5 60 91 0
0.5 0 89 81
0.5 60 89 0
0.5 0 86 80
0.5 60 86 0
0.5 0 83 79
0.5 60 83 0
0.5 0 79 79
0.5 60 79 0
0.5 0 80 77
0.5 60 80 0
0.5 0 77 76
0.5 60 77 0
0.5 0 74 76
0.5 60 74 0
0.5 0 71 76
0.5 48 71 0
0.5 0 67 75
0.5 48 67 0
0.5 0 68 75
0.5 48 68 0
0.5 0 65 74
0.5 48 65 0
0.5 0 62 74
0.5 48 62 0
0.5 0 59 79
0.5 120 59 0
0.5 0 60 71
0.5 120 60 0
0.5 0 65 74
0.5 120 65 0
0.5 0 63 70
0.5 120 63 0
0.5 0 60 64
0.5 0 63 68
0.5 0 68 69
0.5 0 72 81
0.5 240 72 0
0.5 0 60 0
0.5 0 63 0
0.5 0 68 0
0.5 240 74 69
0.5 0 86 83
0.5 160 86 0
0.5 0 74 0
0.5 0 73 57
0.5 0 85 70
0.5 160 85 0
0.5 0 73 0
0.5 0 72 57
0.5 0 84 68
0.5 144 84 0
0.5 0 72 0
0.5 16 72 57
0.5 0 84 67
0.5 144 84 0
0.5 0 72 0
0.5 16 72 55
0.5 0 84 66
0.5 144 84 0
0.5 0 72 0
0.5 16 72 54
0.5 0 84 64
0.5 144 84 0
0.5 0 72 0
0.5 16 59 72
0.5 120 59 0
0.5 0 60 69
0.5 120 60 0
0.5 0 65 72
0.5 120 65 0
0.5 0 64 67
0.5 120 64 0
0.5 0 60 66
0.5 0 64 69
0.5 0 68 69
0.5 0 72 81
0.5 240 72 0
0.5 0 60 0
0.5 0 64 0
0.5 0 68 0
0.5 240 74 73
0.5 0 86 88
0.5 160 86 0
0.5 0 74 0
0.5 0 73 65
0.5 0 85 76
0.5 160 85 0
0.5 0 73 0
0.5 0 72 63
0.5 0 84 75
0.5 144 84 0
0.5 0 72 0
0.5 16 72 58
0.5 0 84 71
0.5 108 84 0
0.5 0 72 0
0.5 12 72 58
0.5 0 84 71
0.5 108 84 0
0.5 0 72 0
0.5 12 72 57
0.5 0 84 69
0.5 108 84 0
0.5 0 72 0
0.5 12 72 57
0.5 0 84 69
0.5 108 84 0
0.5 0 72 0
0.5 12 59 76
0.5 120 59 0
0.5 0 60 73
0.5 120 60 0
0.5 0 67 76
0.5 120 67 0
0.5 0 65 71
0.5 120 65 0
0.5 0 60 72
0.5 0 65 73
0.5 0 68 73
0.5 0 72 86
0.5 240 72 0
0.5 0 60 0
0.5 0 65 0
0.5 0 68 0
0.5 240 59 76
0.5 120 59 0
0.5 0 60 73
0.5 120 60 0
0.5 0 70 76
0.5 120 70 0
0.5 0 68 71
0.5 120 68 0
0.5 0 60 70
0.5 0 63 73
0.5 0 68 73
0.5 0 72 86
0.5 240 72 0
0.5 0 60 0
0.5 0 63 0
0.5 0 68 0
0.5 240 60 65
0.5 0 63 61
0.5 0 68 65
0.5 0 72 77
0.5 180 72 0
0.5 0 60 0
0.5 0 63 0
0.5 0 68 0
0.5 60 72 74
0.5 0 84 88
0.5 240 84 0
0.5 0 72 0
0.5 0 64 65
0.5 0 70 65
0.5 0 73 65
0.5 0 76 77
0.5 180 76 0
0.5 0 64 0
0.5 0 70 0
0.5 0 73 0
0.5 60 85 89
0.5 0 73 76
0.5 240 73 0
0.5 0 85 0
0.5 0 65 65
0.5 0 68 65
0.5 0 73 65
0.5 0 77 77
0.5 180 77 0
0.5 0 65 0
0.5 0 68 0
0.5 0 73 0
0.5 60 92 89
0.5 0 80 76
0.5 240 80 0
0.5 0 92 0
0.5 0 67 65
0.5 0 73 65
0.5 0 77 65
0.5 0 79 77
0.5 180 79 0
0.5 0 67 0
0.5 0 73 0
0.5 0 77 0
0.5 60 91 89
0.5 0 79 76
0.5 240 79 0
0.5 0 91 0
0.5 0 59 77
0.5 0 71 92
0.5 240 71 0
0.5 0 59 0
0.5 240 89 92
0.5 0 77 92
0.5 300 77 0
0.5 0 89 0
0.5 0 87 85
0.5 60 87 0
0.5 0 85 85
0.5 60 85 0
0.5 0 80 84
0.5 60 80 0
0.5 0 77 83
0.5 60 77 0
0.5 0 75 83
0.5 60 75 0
0.5 0 73 82
0.5 60 73 0
0.5 0 68 81
0.5 60 68 0
0.5 0 77 81
0.5 60 77 0
0.5 0 75 80
0.5 60 75 0
0.5 0 73 79
0.5 60 73 0
0.5 0 68 79
0.5 60 68 0
0.5 0 65 78
0.5 60 65 0
0.5 0 63 77
0.5 60 63 0
0.5 0 61 77
0.5 60 61 0
0.5 0 56 76
0.5 60 56 0
0.5 0 53 76
0.5 60 53 0
0.5 0 51 76
0.5 60 51 0
0.5 0 49 75
0.5 60 49 0
0.5 0 44 80
0.5 60 44 0
0.5 0 41 88
0.5 80 43 79
0.5 20 41 0
0.5 60 41 83
0.5 20 43 0
0.5 60 43 76
0.5 20 41 0
0.5 60 41 79
0.5 20 43 0
0.5 60 43 72
0.5 20 41 0
0.5 60 41 79
0.5 20 43 0
0.5 40 43 68
0.5 20 41 0
0.5 40 41 74
0.5 20 43 0
0.5 40 43 68
0.5 20 41 0
0.5 40 41 76
0.5 20 43 0
0.5 40 43 68
0.5 20 41 0
0.5 40 41 75
0.5 20 43 0
0.5 40 43 66
0.5 20 41 0
0.5 40 40 81
0.5 20 43 0
0.5 20 40 0
0.5 40 41 76
0.5 40 41 0
0.5 40 49 77
0.5 40 49 0
0.5 40 48 84
0.5 40 48 0
0.5 40 43 79
0.5 40 43 0
0.5 40 47 81
0.5 40 47 0
0.5 40 42 88
0.5 40 42 0
0.5 40 46 84
0.5 40 46 0
0.5 40 41 85
0.5 40 41 0
0.5 40 45 92
0.5 40 45 0
0.5 40 41 89
0.5 40 41 0
0.5 40 44 90
0.5 40 44 0
0.5 40 36 109
0.5 240 36 0
0.5 2640 48 86
0.5 0 55 92
0.5 0 60 109
0.5 960 60 0
0.5 0 55 0
0.5 0 48 0
0.5 0 48 77
0.5 0 53 81
0.5 0 56 98
0.5 0 60 98
0.5 1920 60 0
0.5 0 48 0
0.5 0 53 0
0.5 0 56 0
1 0 0 0
0 0 7 100
0 0 10 64
0 0 64 0
0 0 91 127
0 983 64 127
0.5 217 36 30
0.5 0 49 35
0.5 228 49 0
0.5 0 36 0
0.5 12 49 35
0.5 0 36 30
0.5 228 36 0
0.5 0 49 0
0 12 64 0
0 1223 64 127
0.5 217 36 30
0.5 0 49 35
0.5 228 49 0
0.5 0 36 0
0.5 12 36 30
0.5 0 49 35
0.5 228 49 0
0.5 0 36 0
0 12 64 0
0.5 1440 58 49
0.5 120 58 0
0.5 0 56 47
0.5 120 56 0
0.5 0 54 48
0.5 120 54 0
0.5 0 55 53
0.5 120 55 0
0.5 0 61 56
0.5 120 61 0
0.5 0 60 53
0.5 120 60 0
0.5 0 57 56
0.5 120 57 0
0.5 0 58 54
0.5 120 58 0
0.5 0 73 57
0.5 120 67 54
0.5 10 73 0
0.5 110 72 53
0.5 10 67 0
0.5 110 70 52
0.5 10 72 0
0.5 110 68 51
0.5 10 70 0
0.5 110 67 50
0.5 10 68 0
0.5 110 65 49
0.5 10 67 0
0.5 110 64 48
0.5 10 65 0
0.5 110 67 47
0.5 10 64 0
0.5 110 58 47
0.5 10 67 0
0.5 110 59 46
0.5 10 58 0
0.5 86 59 0
0.5 0 60 42
0.5 96 60 0
0.5 0 61 45
0.5 96 61 0
0.5 0 55 44
0.5 96 55 0
0.5 0 60 43
0.5 96 60 0
0.5 0 58 47
0.5 120 57 43
0.5 10 58 0
0.5 120 57 0
0 779 64 127
0.5 171 54 38
0.5 0 41 33
0.5 228 41 0
0.5 0 54 0
0.5 12 54 38
0.5 0 41 33
0.5 228 41 0
0.5 0 54 0
0 12 64 0
0 1280 64 127
0.5 160 41 33
0.5 0 54 38
0.5 228 54 0
0.5 0 41 0
0.5 12 54 38
0.5 0 41 33
0.5 228 41 0
0.5 0 54 0
0 12 64 0
0.5 960 60 48
0.5 120 58 50
0.5 10 60 0
0.5 110 56 54
0.5 10 58 0
0.5 110 57 49
0.5 10 56 0
0.5 110 66 53
0.5 10 57 0
0.5 110 65 49
0.5 10 66 0
0.5 110 62 50
0.5 10 65 0
0.5 110 63 54
0.5 10 62 0
0.5 110 73 57
0.5 10 63 0
0.5 110 72 54
0.5 10 73 0
0.5 110 70 57
0.5 10 72 0
0.5 110 69 52
0.5 10 70 0
0.5 110 75 56
0.5 10 69 0
0.5 110 64 53
0.5 10 75 0
0.5 110 65 59
0.5 10 64 0
0.5 110 66 60
0.5 10 65 0
0.5 110 60 57
0.5 10 66 0
0.5 110 61 55
0.5 10 60 0
0.5 110 65 64
0.5 10 61 0
0.5 110 63 62
0.5 10 65 0
0.5 110 61 60
0.5 10 63 0
0.5 110 60 60
0.5 10 61 0
0.5 110 58 68
0.5 10 60 0
0.5 86 58 0
0.5 0 57 63
0.5 96 57 0
0.5 0 60 65
0.5 96 60 0
0.5 0 52 66
0.5 96 52 0
0.5 0 53 67
0.5 96 53 0
0.5 0 54 68
0.5 96 54 0
0.5 0 48 68
0.5 96 48 0
0.5 0 53 69
0.5 96 53 0
0.5 0 51 70
0.5 96 51 0
0.5 0 49 71
0.5 96 49 0
0.5 0 48 85
0.5 240 48 0
0.5 0 46 80
0.5 240 46 0
0.5 0 34 64
0.5 0 46 74
0 29 64 127
0.5 211 46 0
0.5 0 34 0
0 0 64 0
0.5 240 61 54
0 46 64 127
0.5 74 61 0
0.5 0 55 56
0.5 120 55 0
0.5 0 56 59
0.5 120 56 0
0.5 0 57 61
0.5 120 57 0
0.5 0 60 66
0.5 120 60 0
0.5 0 58 70
0.5 120 58 0
0.5 0 56 73
0.5 120 56 0
0.5 0 55 77
0.5 120 55 0
0.5 0 53 81
0.5 120 53 0
0.5 0 52 79
0 63 64 0
0.5 57 52 0
0.5 240 46 78
0.5 0 34 68
0 46 64 127
0.5 194 34 0
0.5 0 46 0
0 23 64 0
0.5 217 68 74
0 52 64 127
0.5 68 68 0
0.5 0 58 65
0.5 120 58 0
0.5 0 68 71
0.5 120 68 0
0.5 0 67 68
0.5 120 67 0
0.5 0 64 66
0.5 120 64 0
0.5 0 61 62
0.5 120 61 0
0.5 0 58 60
0.5 120 58 0
0.5 0 55 58
0.5 120 55 0
0.5 0 52 58
0.5 120 52 0
0.5 0 53 57
0 85 64 0
0.5 35 53 0
0.5 240 44 81
0.5 0 32 68
0 35 64 127
0 131 64 0
0.5 74 32 0
0.5 0 44 0
0.5 240 72 76
0 21 64 127
0.5 99 72 0
0.5 0 65 72
0.5 120 65 0
0.5 0 66 74
0.5 120 66 0
0.5 0 67 72
0.5 120 67 0
0.5 0 70 67
0.5 96 70 0
0.5 0 68 66
0.5 96 68 0
0.5 0 65 63
0.5 96 65 0
0.5 0 61 60
0.5 96 61 0
0.5 0 60 59
0.5 96 60 0
0.5 0 60 58
0.5 120 60 0
0.5 0 59 57
0 109 64 0
0.5 11 59 0
0.5 240 41 75
0.5 0 29 68
0 23 64 127
0 120 64 0
0.5 97 29 0
0.5 0 41 0
0.5 240 80 71
0 49 64 127
0.5 11 80 0
0.5 0 74 70
0.5 60 74 0
0.5 0 75 70
0.5 60 75 0
0.5 0 76 70
0.5 60 76 0
0.5 0 79 69
0.5 60 79 0
0.5 0 77 69
0.5 60 77 0
0.5 0 74 68
0.5 60 74 0
0.5 0 71 66
0.5 60 71 0
0.5 0 67 66
0.5 60 67 0
0.5 0 68 65
0.5 60 68 0
0.5 0 65 64
0.5 60 65 0
0.5 0 62 63
0.5 60 62 0
0.5 0 59 63
0.5 48 59 0
0.5 0 55 63
0.5 48 55 0
0.5 0 56 63
0.5 48 56 0
0.5 0 53 62
0.5 48 53 0
0.5 0 50 62
0.5 48 50 0
0.5 0 47 67
0 3 64 0
0.5 117 47 0
0.5 0 48 59
0.5 120 48 0
0.5 0 53 60
0 15 64 127
0.5 105 53 0
0.5 0 51 58
0.5 120 51 0
0.5 0 44 60
0.5 0 39 60
0.5 0 51 64
0 15 64 0
0 48 64 127
0 77 64 0
0.5 100 51 0
0.5 0 39 0
0.5 0 44 0
0.5 240 50 57
0 0 64 127
0.5 0 62 69
0.5 160 62 0
0.5 0 50 0
0.5 0 61 57
0.5 0 49 49
0.5 160 49 0
0.5 0 61 0
0.5 0 60 57
0.5 0 48 48
0.5 144 48 0
0.5 0 60 0
0.5 16 48 47
0.5 0 60 57
0 15 64 0
0 76 64 127
0.5 53 60 0
0.5 0 48 0
0.5 16 48 47
0.5 0 60 55
0.5 144 60 0
0.5 0 48 0
0.5 16 48 45
0.5 0 60 54
0.5 144 60 0
0.5 0 48 0
0.5 16 47 59
0 0 64 0
0.5 120 47 0
0.5 0 48 57
0.5 120 48 0
0 0 64 127
0.5 0 53 59
0.5 120 53 0
0.5 0 52 56
0.5 120 52 0
0.5 0 40 60
0.5 0 48 60
0.5 0 52 68
0 15 64 0
0 81 64 127
0 89 64 0
0.5 55 52 0
0.5 0 48 0
0.5 0 40 0
0.5 240 50 61
0.5 0 62 73
0 30 64 127
0.5 130 62 0
0.5 0 50 0
0.5 0 61 65
0.5 0 49 54
0.5 160 49 0
0.5 0 61 0
0.5 0 48 53
0.5 0 60 63
0.5 144 60 0
0.5 0 48 0
0.5 16 60 58
0.5 0 48 50
0 5 64 0
0 55 64 127
0.5 48 48 0
0.5 0 60 0
0.5 12 48 50
0.5 0 60 58
0.5 108 60 0
0.5 0 48 0
0.5 12 48 48
0.5 0 60 57
0.5 108 60 0
0.5 0 48 0
0.5 12 60 57
0.5 0 48 48
0.5 108 48 0
0.5 0 60 0
0.5 12 47 63
0 0 64 0
0.5 120 47 0
0.5 0 48 60
0.5 120 48 0
0.5 0 55 63
0 17 64 127
0.5 103 55 0
0.5 0 53 59
0.5 120 53 0
0.5 0 56 74
0.5 0 41 64
0.5 0 48 64
0 11 64 0
0 52 64 127
0 126 64 0
0.5 51 48 0
0.5 0 41 0
0.5 0 56 0
0.5 240 47 63
0.5 120 47 0
0.5 0 48 60
0.5 120 48 0
0.5 0 58 63
0 34 64 127
0.5 86 58 0
0.5 0 56 59
0.5 120 56 0
0.5 0 42 62
0.5 0 54 70
0.5 0 44 64
0 17 64 0
0 86 64 127
0 80 64 0
0.5 57 44 0
0.5 0 54 0
0.5 0 42 0
0.5 240 42 54
0.5 0 54 64
0.5 0 44 54
0 13 64 127
0.5 167 44 0
0.5 0 54 0
0.5 0 42 0
0.5 60 48 57
0.5 0 60 70
0 212 64 0
0.5 28 60 0
0.5 0 48 0
0.5 0 55 64
0.5 0 43 54
0 58 64 127
0.5 122 43 0
0.5 0 55 0
0.5 60 61 71
0.5 0 49 59
0 191 64 0
0.5 49 49 0
0.5 0 61 0
0.5 0 44 54
0.5 0 56 64
0.5 0 49 54
0 19 64 127
0.5 161 49 0
0.5 0 56 0
0.5 0 44 0
0.5 60 56 71
0.5 0 68 71
0 222 64 0
0.5 18 68 0
0.5 0 56 0
0.5 0 49 54
0.5 0 46 54
0.5 0 58 64
0 45 64 127
0.5 135 58 0
0.5 0 46 0
0.5 0 49 0
0.5 60 67 71
0.5 0 55 59
0 191 64 0
0.5 49 55 0
0.5 0 67 0
0.5 0 35 65
0.5 0 47 76
0 57 64 127
0.5 183 47 0
0.5 0 35 0
0.5 60 59 73
0.5 60 61 76
0.5 60 53 77
0.5 60 61 81
0.5 480 61 0
0.5 0 59 0
0.5 0 61 0
0.5 0 53 0
0.5 960 29 69
0 15 64 0
0.5 65 31 55
0.5 20 29 0
0.5 60 29 62
0.5 20 31 0
0.5 60 31 54
0.5 20 29 0
0.5 60 29 60
0.5 20 31 0
0.5 60 31 54
0.5 20 29 0
0.5 60 29 64
0.5 20 31 0
0.5 40 31 56
0.5 20 29 0
0.5 40 29 61
0.5 20 31 0
0.5 40 31 51
0.5 20 29 0
0.5 40 29 57
0.5 20 31 0
0.5 40 31 52
0.5 20 29 0
0.5 40 29 59
0.5 20 31 0
0.5 40 31 50
0.5 20 29 0
0.5 40 28 69
0.5 20 31 0
0.5 20 28 0
0.5 40 29 63
0.5 40 29 0
0.5 40 37 65
0.5 40 37 0
0.5 40 36 71
0.5 40 36 0
0.5 40 31 67
0.5 40 31 0
0.5 40 35 68
0.5 40 35 0
0.5 40 30 75
0.5 40 30 0
0.5 40 34 71
0.5 40 34 0
0.5 40 29 71
0.5 40 29 0
0.5 40 33 77
0.5 40 33 0
0.5 40 29 75
0.5 40 29 0
0.5 40 32 76
0.5 40 32 0
0.5 40 24 88
0 42 64 127
0.5 198 24 0
0 198 64 0
0.5 2442 36 71
0.5 0 43 80
0 240 64 127
0.5 720 43 0
0.5 0 36 0
0.5 0 41 73
0.5 0 29 62
0 5 64 0
0 422 64 127
0.5 1493 29 0
0.5 0 41 0
0 3200 64 0
1 0 0 0
