0.5 0 65 70
0.5 960 65 0
0.5 0 69 66
0.5 360 69 0
0.5 0 65 56
0.5 120 65 0
0.5 0 72 69
0.5 960 72 0
0.5 0 70 70
0.5 120 70 0
0.5 0 69 66
0.5 120 69 0
0.5 0 67 64
0.5 120 67 0
0.5 0 65 61
0.5 120 65 0
0.5 0 64 69
0.5 240 64 0
0.5 0 67 66
0.5 240 67 0
0.5 0 70 70
0.5 240 70 0
0.5 0 74 66
0.5 240 74 0
0.5 0 72 70
0.5 240 72 0
0.5 0 70 66
0.5 240 70 0
0.5 0 64 51
0.5 0 68 61
0.5 480 68 0
0.5 0 64 0
0.5 0 65 53
0.5 0 69 63
0.5 480 69 0
0.5 0 65 0
0.5 480 74 59
0.5 0 77 70
0.5 720 77 0
0.5 0 79 65
0.5 120 79 0
0.5 0 77 61
0.5 120 77 0
0.5 0 74 0
0.5 0 76 65
0.5 0 72 55
0.5 240 72 0
0.5 0 76 0
0.5 0 74 63
0.5 0 70 53
0.5 240 70 0
0.5 0 74 0
0.5 0 69 59
0.5 0 72 70
0.5 720 72 0
0.5 0 74 65
0.5 120 74 0
0.5 0 72 61
0.5 120 72 0
0.5 0 69 0
0.5 0 70 65
0.5 0 67 55
0.5 240 67 0
0.5 0 70 0
0.5 0 69 63
0.5 0 65 53
0.5 240 65 0
0.5 0 69 0
0.5 0 67 58
0.5 120 67 0
0.5 0 69 50
0.5 120 69 0
0.5 0 67 58
0.5 120 67 0
0.5 0 66 53
0.5 120 66 0
0.5 0 67 58
0.5 120 67 0
0.5 0 69 54
0.5 120 69 0
0.5 0 70 58
0.5 120 70 0
0.5 0 72 53
0.5 120 72 0
0.5 0 74 62
0.5 240 74 0
0.5 0 65 57
0.5 240 65 0
0.5 0 65 59
0.5 240 65 0
0.5 0 64 53
0.5 240 64 0
0.5 0 62 51
0.5 60 62 0
0.5 0 64 46
0.5 60 64 0
0.5 0 62 57
0.5 120 62 0
0.5 0 60 53
0.5 240 60 0
0.5 0 62 57
0.5 240 62 0
0.5 0 64 61
0.5 240 64 0
0.5 0 57 63
0.5 0 65 70
0.5 960 65 0
0.5 0 57 0
0.5 0 69 66
0.5 120 69 0
0.5 0 65 56
0.5 120 65 0
0.5 0 69 60
0.5 120 69 0
0.5 0 65 66
0.5 120 65 0
0.5 0 72 69
0.5 960 72 0
0.5 0 70 70
0.5 120 70 0
0.5 0 69 66
0.5 120 69 0
0.5 0 67 64
0.5 120 67 0
0.5 0 65 61
0.5 120 65 0
0.5 0 64 69
0.5 240 64 0
0.5 0 67 66
0.5 240 67 0
0.5 0 70 70
0.5 240 70 0
0.5 0 74 66
0.5 240 74 0
0.5 0 72 70
0.5 240 72 0
0.5 0 70 66
0.5 240 70 0
0.5 0 64 51
0.5 0 68 61
0.5 480 68 0
0.5 0 64 0
0.5 0 65 53
0.5 0 69 63
0.5 480 69 0
0.5 0 65 0
0.5 480 77 46
0.5 720 77 0
0.5 0 81 42
0.5 120 81 0
0.5 0 77 39
0.5 120 77 0
0.5 0 76 42
0.5 240 76 0
0.5 0 79 40
0.5 240 79 0
0.5 0 71 46
0.5 720 71 0
0.5 0 74 42
0.5 120 74 0
0.5 0 71 39
0.5 120 71 0
0.5 0 72 42
0.5 240 72 0
0.5 0 67 40
0.5 240 67 0
0.5 0 77 46
0.5 120 77 0
0.5 0 79 39
0.5 120 79 0
0.5 0 77 47
0.5 120 77 0
0.5 0 76 42
0.5 120 76 0
0.5 0 77 46
0.5 120 77 0
0.5 0 81 40
0.5 120 81 0
0.5 0 79 42
0.5 120 79 0
0.5 0 77 39
0.5 120 77 0
0.5 0 76 43
0.5 120 76 0
0.5 0 79 40
0.5 120 79 0
0.5 0 76 42
0.5 120 76 0
0.5 0 72 40
0.5 120 72 0
0.5 0 71 46
0.5 120 71 0
0.5 0 72 39
0.5 120 72 0
0.5 0 71 47
0.5 120 71 0
0.5 0 69 42
0.5 120 69 0
0.5 0 71 46
0.5 120 71 0
0.5 0 74 40
0.5 120 74 0
0.5 0 72 42
0.5 120 72 0
0.5 0 71 39
0.5 120 71 0
0.5 0 72 43
0.5 120 72 0
0.5 0 76 40
0.5 120 76 0
0.5 0 79 42
0.5 120 79 0
0.5 0 84 40
0.5 120 84 0
0.5 120 81 34
0.5 120 81 0
0.5 0 77 39
0.5 120 77 0
0.5 0 74 34
0.5 120 74 0
0.5 120 79 35
0.5 120 79 0
0.5 0 76 39
0.5 120 76 0
0.5 0 72 35
0.5 120 72 0
0.5 120 77 33
0.5 120 77 0
0.5 0 74 39
0.5 120 74 0
0.5 0 71 34
0.5 120 71 0
0.5 240 72 39
0.5 120 72 0
0.5 0 74 44
0.5 120 74 0
0.5 0 76 45
0.5 90 76 0
0.5 150 72 49
0.5 0 76 40
0.5 90 76 0
0.5 0 72 0
0.5 150 72 53
0.5 0 76 40
0.5 90 76 0
0.5 0 72 0
0.5 150 72 57
0.5 0 76 40
0.5 90 76 0
0.5 0 72 0
0.5 150 79 65
0.5 0 76 55
0.5 480 76 0
0.5 0 79 0
0.5 0 77 59
0.5 0 74 50
0.5 960 74 0
0.5 0 77 0
0.5 240 72 39
0.5 120 72 0
0.5 0 74 44
0.5 120 74 0
0.5 0 76 45
0.5 90 76 0
0.5 150 76 49
0.5 0 72 40
0.5 90 72 0
0.5 0 76 0
0.5 150 76 53
0.5 0 72 40
0.5 90 72 0
0.5 0 76 0
0.5 150 76 57
0.5 0 72 40
0.5 90 72 0
0.5 0 76 0
0.5 150 79 65
0.5 0 76 55
0.5 480 76 0
0.5 0 79 0
0.5 0 77 59
0.5 0 74 50
0.5 960 74 0
0.5 0 77 0
0.5 0 72 50
0.5 0 76 59
0.5 360 76 0
0.5 0 72 0
0.5 0 77 47
0.5 0 74 39
0.5 120 74 0
0.5 0 77 0
0.5 0 76 56
0.5 0 72 47
0.5 480 72 0
0.5 0 76 0
0.5 0 74 47
0.5 0 71 39
0.5 480 71 0
0.5 0 74 0
0.5 240 72 35
0.5 120 72 0
0.5 0 67 39
0.5 120 67 0
0.5 0 64 40
0.5 90 64 0
0.5 150 64 44
0.5 0 60 36
0.5 90 60 0
0.5 0 64 0
0.5 150 64 47
0.5 0 60 36
0.5 90 60 0
0.5 0 64 0
0.5 150 64 51
0.5 0 60 36
0.5 90 60 0
0.5 0 64 0
0.5 150 67 58
0.5 0 64 49
0.5 480 64 0
0.5 0 67 0
0.5 0 65 53
0.5 0 62 45
0.5 960 62 0
0.5 0 65 0
0.5 240 72 35
0.5 120 72 0
0.5 0 67 39
0.5 120 67 0
0.5 0 64 40
0.5 90 64 0
0.5 150 64 44
0.5 0 60 36
0.5 90 60 0
0.5 0 64 0
0.5 150 64 47
0.5 0 60 36
0.5 90 60 0
0.5 0 64 0
0.5 150 64 51
0.5 0 60 36
0.5 90 60 0
0.5 0 64 0
0.5 150 67 58
0.5 0 64 49
0.5 480 64 0
0.5 0 67 0
0.5 0 65 45
0.5 0 62 53
0.5 960 62 0
0.5 0 65 0
0.5 0 64 58
0.5 120 64 0
0.5 0 60 51
0.5 120 60 0
0.5 0 65 58
0.5 120 65 0
0.5 0 62 49
0.5 120 62 0
0.5 0 64 56
0.5 0 60 47
0.5 90 60 0
0.5 0 64 0
0.5 150 64 51
0.5 0 60 43
0.5 90 60 0
0.5 0 64 0
0.5 150 62 62
0.5 0 59 52
0.5 90 59 0
0.5 0 62 0
0.5 150 62 55
0.5 0 59 46
0.5 90 59 0
0.5 0 62 0
0.5 150 60 70
0.5 720 60 0
0.5 0 62 54
0.5 120 62 0
0.5 0 64 56
0.5 120 64 0
0.5 0 65 57
0.5 120 65 0
0.5 0 67 60
0.5 120 67 0
0.5 0 69 61
0.5 120 69 0
0.5 0 71 68
0.5 120 71 0
0.5 0 72 77
0.5 720 72 0
0.5 0 74 59
0.5 120 74 0
0.5 0 76 61
0.5 120 76 0
0.5 0 77 62
0.5 120 77 0
0.5 0 79 66
0.5 120 79 0
0.5 0 81 67
0.5 120 81 0
0.5 0 83 74
0.5 120 83 0
0.5 0 84 85
0.5 240 84 0
0.5 240 64 58
0.5 0 67 58
0.5 0 72 69
0.5 240 72 0
0.5 0 67 0
0.5 0 64 0
0.5 720 65 70
0.5 960 65 0
0.5 0 69 66
0.5 360 69 0
0.5 0 65 56
0.5 120 65 0
0.5 0 72 69
0.5 960 72 0
0.5 0 70 70
0.5 120 70 0
0.5 0 69 66
0.5 120 69 0
0.5 0 67 64
0.5 120 67 0
0.5 0 65 61
0.5 120 65 0
0.5 0 64 69
0.5 240 64 0
0.5 0 67 66
0.5 240 67 0
0.5 0 70 70
0.5 240 70 0
0.5 0 74 66
0.5 240 74 0
0.5 0 72 70
0.5 240 72 0
0.5 0 70 66
0.5 240 70 0
0.5 0 64 51
0.5 0 68 61
0.5 480 68 0
0.5 0 64 0
0.5 0 65 53
0.5 0 69 63
0.5 480 69 0
0.5 0 65 0
0.5 480 74 59
0.5 0 77 70
0.5 720 77 0
0.5 0 79 65
0.5 120 79 0
0.5 0 77 61
0.5 120 77 0
0.5 0 74 0
0.5 0 76 65
0.5 0 72 55
0.5 240 72 0
0.5 0 76 0
0.5 0 74 63
0.5 0 70 53
0.5 240 70 0
0.5 0 74 0
0.5 0 69 59
0.5 0 72 70
0.5 720 72 0
0.5 0 74 65
0.5 120 74 0
0.5 0 72 61
0.5 120 72 0
0.5 0 69 0
0.5 0 70 65
0.5 0 67 55
0.5 240 67 0
0.5 0 70 0
0.5 0 69 63
0.5 0 65 53
0.5 240 65 0
0.5 0 69 0
0.5 0 67 58
0.5 120 67 0
0.5 0 69 50
0.5 120 69 0
0.5 0 67 58
0.5 120 67 0
0.5 0 66 53
0.5 120 66 0
0.5 0 67 58
0.5 120 67 0
0.5 0 69 54
0.5 120 69 0
0.5 0 70 58
0.5 120 70 0
0.5 0 72 53
0.5 120 72 0
0.5 0 74 62
0.5 240 74 0
0.5 0 65 57
0.5 240 65 0
0.5 0 65 59
0.5 240 65 0
0.5 0 64 53
0.5 240 64 0
0.5 0 62 51
0.5 60 62 0
0.5 0 64 46
0.5 60 64 0
0.5 0 62 57
0.5 120 62 0
0.5 0 60 53
0.5 240 60 0
0.5 0 62 57
0.5 240 62 0
0.5 0 64 61
0.5 240 64 0
0.5 0 57 63
0.5 0 65 70
0.5 960 65 0
0.5 0 57 0
0.5 0 69 66
0.5 120 69 0
0.5 0 65 56
0.5 120 65 0
0.5 0 69 60
0.5 120 69 0
0.5 0 65 66
0.5 120 65 0
0.5 0 72 69
0.5 960 72 0
0.5 0 70 70
0.5 120 70 0
0.5 0 69 66
0.5 120 69 0
0.5 0 67 64
0.5 120 67 0
0.5 0 65 61
0.5 120 65 0
0.5 0 64 69
0.5 240 64 0
0.5 0 67 66
0.5 240 67 0
0.5 0 70 70
0.5 240 70 0
0.5 0 74 66
0.5 240 74 0
0.5 0 72 70
0.5 240 72 0
0.5 0 70 66
0.5 240 70 0
0.5 0 64 51
0.5 0 68 61
0.5 480 68 0
0.5 0 64 0
0.5 0 65 53
0.5 0 69 63
0.5 480 69 0
0.5 0 65 0
0.5 480 77 46
0.5 720 77 0
0.5 0 81 42
0.5 120 81 0
0.5 0 77 39
0.5 120 77 0
0.5 0 76 42
0.5 240 76 0
0.5 0 79 40
0.5 240 79 0
0.5 0 71 46
0.5 720 71 0
0.5 0 74 42
0.5 120 74 0
0.5 0 71 39
0.5 120 71 0
0.5 0 72 42
0.5 240 72 0
0.5 0 67 40
0.5 240 67 0
0.5 0 77 46
0.5 120 77 0
0.5 0 79 39
0.5 120 79 0
0.5 0 77 47
0.5 120 77 0
0.5 0 76 42
0.5 120 76 0
0.5 0 77 46
0.5 120 77 0
0.5 0 81 40
0.5 120 81 0
0.5 0 79 42
0.5 120 79 0
0.5 0 77 39
0.5 120 77 0
0.5 0 76 43
0.5 120 76 0
0.5 0 79 40
0.5 120 79 0
0.5 0 76 42
0.5 120 76 0
0.5 0 72 40
0.5 120 72 0
0.5 0 71 46
0.5 120 71 0
0.5 0 72 39
0.5 120 72 0
0.5 0 71 47
0.5 120 71 0
0.5 0 69 42
0.5 120 69 0
0.5 0 71 46
0.5 120 71 0
0.5 0 74 40
0.5 120 74 0
0.5 0 72 42
0.5 120 72 0
0.5 0 71 39
0.5 120 71 0
0.5 0 72 43
0.5 120 72 0
0.5 0 76 40
0.5 120 76 0
0.5 0 79 42
0.5 120 79 0
0.5 0 84 40
0.5 120 84 0
0.5 120 81 34
0.5 120 81 0
0.5 0 77 39
0.5 120 77 0
0.5 0 74 34
0.5 120 74 0
0.5 120 79 35
0.5 120 79 0
0.5 0 76 39
0.5 120 76 0
0.5 0 72 35
0.5 120 72 0
0.5 120 77 33
0.5 120 77 0
0.5 0 74 39
0.5 120 74 0
0.5 0 71 34
0.5 120 71 0
0.5 240 72 39
0.5 120 72 0
0.5 0 74 44
0.5 120 74 0
0.5 0 76 45
0.5 90 76 0
0.5 150 72 49
0.5 0 76 40
0.5 90 76 0
0.5 0 72 0
0.5 150 72 53
0.5 0 76 40
0.5 90 76 0
0.5 0 72 0
0.5 150 72 57
0.5 0 76 40
0.5 90 76 0
0.5 0 72 0
0.5 150 79 65
0.5 0 76 55
0.5 480 76 0
0.5 0 79 0
0.5 0 77 59
0.5 0 74 50
0.5 960 74 0
0.5 0 77 0
0.5 240 72 39
0.5 120 72 0
0.5 0 74 44
0.5 120 74 0
0.5 0 76 45
0.5 90 76 0
0.5 150 72 49
0.5 0 76 40
0.5 90 76 0
0.5 0 72 0
0.5 150 72 53
0.5 0 76 40
0.5 90 76 0
0.5 0 72 0
0.5 150 72 57
0.5 0 76 40
0.5 90 76 0
0.5 0 72 0
0.5 150 79 65
0.5 0 76 55
0.5 480 76 0
0.5 0 79 0
0.5 0 77 59
0.5 0 74 50
0.5 960 74 0
0.5 0 77 0
0.5 0 72 50
0.5 0 76 59
0.5 360 76 0
0.5 0 72 0
0.5 0 77 47
0.5 0 74 39
0.5 120 74 0
0.5 0 77 0
0.5 0 76 56
0.5 0 72 47
0.5 480 72 0
0.5 0 76 0
0.5 0 74 47
0.5 0 71 39
0.5 480 71 0
0.5 0 74 0
0.5 240 72 35
0.5 120 72 0
0.5 0 67 39
0.5 120 67 0
0.5 0 64 40
0.5 90 64 0
0.5 150 64 44
0.5 0 60 36
0.5 90 60 0
0.5 0 64 0
0.5 150 64 47
0.5 0 60 36
0.5 90 60 0
0.5 0 64 0
0.5 150 64 51
0.5 0 60 36
0.5 90 60 0
0.5 0 64 0
0.5 150 67 58
0.5 0 64 49
0.5 480 64 0
0.5 0 67 0
0.5 0 65 53
0.5 0 62 45
0.5 960 62 0
0.5 0 65 0
0.5 240 72 35
0.5 120 72 0
0.5 0 67 39
0.5 120 67 0
0.5 0 64 40
0.5 90 64 0
0.5 150 64 44
0.5 0 60 36
0.5 90 60 0
0.5 0 64 0
0.5 150 64 47
0.5 0 60 36
0.5 90 60 0
0.5 0 64 0
0.5 150 64 51
0.5 0 60 36
0.5 90 60 0
0.5 0 64 0
0.5 150 67 58
0.5 0 64 49
0.5 480 64 0
0.5 0 67 0
0.5 0 65 53
0.5 0 62 45
0.5 960 62 0
0.5 0 65 0
0.5 0 64 58
0.5 120 64 0
0.5 0 60 51
0.5 120 60 0
0.5 0 65 58
0.5 120 65 0
0.5 0 62 49
0.5 120 62 0
0.5 0 64 56
0.5 0 60 47
0.5 90 60 0
0.5 0 64 0
0.5 150 64 51
0.5 0 60 43
0.5 90 60 0
0.5 0 64 0
0.5 150 62 62
0.5 0 59 52
0.5 90 59 0
0.5 0 62 0
0.5 150 62 55
0.5 0 59 46
0.5 90 59 0
0.5 0 62 0
0.5 150 60 70
0.5 720 60 0
0.5 0 62 54
0.5 120 62 0
0.5 0 64 56
0.5 120 64 0
0.5 0 65 57
0.5 120 65 0
0.5 0 67 60
0.5 120 67 0
0.5 0 69 61
0.5 120 69 0
0.5 0 71 68
0.5 120 71 0
0.5 0 72 77
0.5 720 72 0
0.5 0 74 59
0.5 120 74 0
0.5 0 76 61
0.5 120 76 0
0.5 0 77 62
0.5 120 77 0
0.5 0 79 66
0.5 120 79 0
0.5 0 81 67
0.5 120 81 0
0.5 0 83 74
0.5 120 83 0
0.5 0 84 85
0.5 240 84 0
0.5 240 64 58
0.5 0 67 58
0.5 0 72 69
0.5 240 72 0
0.5 0 67 0
0.5 0 64 0
0.5 960 64 42
0.5 120 64 0
0.5 0 67 39
0.5 120 67 0
0.5 0 72 42
0.5 90 72 0
0.5 150 72 40
0.5 90 72 0
0.5 150 72 40
0.5 90 72 0
0.5 150 72 40
0.5 90 72 0
0.5 390 65 43
0.5 120 65 0
0.5 0 71 44
0.5 120 71 0
0.5 0 74 50
0.5 90 74 0
0.5 150 74 43
0.5 90 74 0
0.5 150 74 43
0.5 90 74 0
0.5 150 74 43
0.5 90 74 0
0.5 390 67 47
0.5 120 67 0
0.5 0 70 55
0.5 120 70 0
0.5 0 76 59
0.5 90 76 0
0.5 150 76 50
0.5 90 76 0
0.5 150 76 50
0.5 90 76 0
0.5 150 76 50
0.5 90 76 0
0.5 270 69 57
0.5 120 69 0
0.5 0 73 58
0.5 120 73 0
0.5 0 76 61
0.5 120 76 0
0.5 0 81 65
0.5 120 81 0
0.5 120 81 58
0.5 120 81 0
0.5 120 81 61
0.5 120 81 0
0.5 0 82 57
0.5 120 82 0
0.5 0 81 61
0.5 120 81 0
0.5 0 79 57
0.5 120 79 0
0.5 0 77 62
0.5 120 77 0
0.5 0 81 55
0.5 120 81 0
0.5 0 79 55
0.5 120 79 0
0.5 0 77 51
0.5 120 77 0
0.5 0 76 63
0.5 120 76 0
0.5 0 79 56
0.5 120 79 0
0.5 0 77 56
0.5 120 77 0
0.5 0 76 51
0.5 120 76 0
0.5 0 74 61
0.5 120 74 0
0.5 0 77 56
0.5 120 77 0
0.5 0 76 56
0.5 120 76 0
0.5 0 74 50
0.5 120 74 0
0.5 120 69 57
0.5 120 69 0
0.5 0 73 58
0.5 120 73 0
0.5 0 76 61
0.5 120 76 0
0.5 0 81 65
0.5 120 81 0
0.5 120 81 58
0.5 120 81 0
0.5 120 81 61
0.5 120 81 0
0.5 0 88 57
0.5 120 88 0
0.5 0 85 61
0.5 120 85 0
0.5 0 79 57
0.5 120 79 0
0.5 0 77 62
0.5 120 77 0
0.5 0 81 55
0.5 120 81 0
0.5 0 77 55
0.5 120 77 0
0.5 0 81 51
0.5 120 81 0
0.5 0 76 63
0.5 120 76 0
0.5 0 79 56
0.5 120 79 0
0.5 0 76 56
0.5 120 76 0
0.5 0 79 51
0.5 120 79 0
0.5 0 74 61
0.5 120 74 0
0.5 0 77 56
0.5 120 77 0
0.5 0 74 56
0.5 120 74 0
0.5 0 77 50
0.5 120 77 0
0.5 0 72 42
0.5 120 72 0
0.5 0 75 33
0.5 120 75 0
0.5 0 72 39
0.5 120 72 0
0.5 0 75 35
0.5 120 75 0
0.5 0 72 42
0.5 120 72 0
0.5 0 75 35
0.5 120 75 0
0.5 0 72 39
0.5 120 72 0
0.5 0 75 34
0.5 120 75 0
0.5 0 72 42
0.5 120 72 0
0.5 0 74 35
0.5 120 74 0
0.5 0 72 39
0.5 120 72 0
0.5 0 74 35
0.5 120 74 0
0.5 0 72 42
0.5 120 72 0
0.5 0 74 33
0.5 120 74 0
0.5 0 72 39
0.5 120 72 0
0.5 0 74 35
0.5 120 74 0
0.5 0 69 42
0.5 120 69 0
0.5 0 74 35
0.5 120 74 0
0.5 0 69 39
0.5 120 69 0
0.5 0 74 34
0.5 120 74 0
0.5 0 70 42
0.5 120 70 0
0.5 0 74 35
0.5 120 74 0
0.5 0 70 39
0.5 120 70 0
0.5 0 74 35
0.5 120 74 0
0.5 0 70 42
0.5 120 70 0
0.5 0 73 33
0.5 120 73 0
0.5 0 70 39
0.5 120 70 0
0.5 0 73 35
0.5 120 73 0
0.5 0 70 42
0.5 120 70 0
0.5 0 72 35
0.5 120 72 0
0.5 0 70 39
0.5 120 70 0
0.5 0 72 34
0.5 120 72 0
0.5 0 70 42
0.5 120 70 0
0.5 0 72 35
0.5 120 72 0
0.5 0 70 39
0.5 120 70 0
0.5 0 72 35
0.5 120 72 0
0.5 0 70 42
0.5 120 70 0
0.5 0 72 33
0.5 120 72 0
0.5 0 70 39
0.5 120 70 0
0.5 0 72 35
0.5 120 72 0
0.5 0 67 42
0.5 120 67 0
0.5 0 72 27
0.5 120 72 0
0.5 0 67 36
0.5 120 67 0
0.5 0 72 29
0.5 120 72 0
0.5 0 69 37
0.5 120 69 0
0.5 0 72 29
0.5 120 72 0
0.5 0 69 37
0.5 120 69 0
0.5 0 72 29
0.5 120 72 0
0.5 0 71 62
0.5 120 71 0
0.5 0 77 55
0.5 120 77 0
0.5 0 71 55
0.5 120 71 0
0.5 0 77 51
0.5 120 77 0
0.5 0 71 63
0.5 120 71 0
0.5 0 77 56
0.5 120 77 0
0.5 0 71 56
0.5 120 71 0
0.5 0 77 51
0.5 120 77 0
0.5 0 71 61
0.5 120 71 0
0.5 0 77 56
0.5 120 77 0
0.5 0 71 56
0.5 120 71 0
0.5 0 77 50
0.5 120 77 0
0.5 0 76 62
0.5 120 76 0
0.5 0 72 55
0.5 120 72 0
0.5 0 71 55
0.5 120 71 0
0.5 0 72 51
0.5 120 72 0
0.5 0 74 63
0.5 120 74 0
0.5 0 72 56
0.5 120 72 0
0.5 0 71 56
0.5 120 71 0
0.5 0 72 51
0.5 120 72 0
0.5 0 77 61
0.5 120 77 0
0.5 0 74 56
0.5 120 74 0
0.5 0 72 56
0.5 120 72 0
0.5 0 74 50
0.5 120 74 0
0.5 0 79 68
0.5 120 79 0
0.5 0 76 59
0.5 120 76 0
0.5 0 74 60
0.5 120 74 0
0.5 0 76 56
0.5 120 76 0
0.5 0 77 71
0.5 120 77 0
0.5 0 76 63
0.5 120 76 0
0.5 0 74 63
0.5 120 74 0
0.5 0 76 58
0.5 120 76 0
0.5 0 81 68
0.5 120 81 0
0.5 0 77 64
0.5 120 77 0
0.5 0 76 65
0.5 120 76 0
0.5 0 77 59
0.5 120 77 0
0.5 0 82 77
0.5 120 82 0
0.5 0 81 66
0.5 120 81 0
0.5 0 79 69
0.5 120 79 0
0.5 0 81 65
0.5 120 81 0
0.5 0 82 77
0.5 120 82 0
0.5 0 81 66
0.5 120 81 0
0.5 0 79 69
0.5 120 79 0
0.5 0 81 65
0.5 120 81 0
0.5 0 82 77
0.5 120 82 0
0.5 0 81 66
0.5 120 81 0
0.5 0 79 69
0.5 120 79 0
0.5 0 81 65
0.5 120 81 0
0.5 0 82 72
0.5 120 82 0
0.5 120 81 66
0.5 120 81 0
0.5 120 79 61
0.5 120 79 0
0.5 120 77 57
0.5 120 77 0
0.5 120 76 56
0.5 120 76 0
0.5 120 74 54
0.5 120 74 0
0.5 120 72 49
0.5 120 72 0
0.5 120 71 45
0.5 120 71 0
0.5 120 70 42
0.5 120 70 0
0.5 120 69 38
0.5 120 69 0
0.5 120 68 37
0.5 120 68 0
0.5 120 67 33
0.5 120 67 0
0.5 120 65 44
0.5 960 65 0
0.5 0 69 51
0.5 360 69 0
0.5 0 65 54
0.5 120 65 0
0.5 0 72 63
0.5 960 72 0
0.5 0 70 49
0.5 120 70 0
0.5 0 69 46
0.5 120 69 0
0.5 0 67 44
0.5 120 67 0
0.5 0 65 42
0.5 120 65 0
0.5 0 64 48
0.5 240 64 0
0.5 0 67 46
0.5 240 67 0
0.5 0 70 49
0.5 240 70 0
0.5 0 74 46
0.5 240 74 0
0.5 0 72 49
0.5 240 72 0
0.5 0 70 46
0.5 240 70 0
0.5 0 64 35
0.5 0 68 42
0.5 480 68 0
0.5 0 64 0
0.5 0 65 37
0.5 0 69 44
0.5 480 69 0
0.5 0 65 0
0.5 480 75 70
0.5 720 75 0
0.5 0 79 65
0.5 120 79 0
0.5 0 75 61
0.5 120 75 0
0.5 0 74 65
0.5 240 74 0
0.5 0 77 63
0.5 240 77 0
0.5 0 69 70
0.5 720 69 0
0.5 0 72 65
0.5 120 72 0
0.5 0 69 61
0.5 120 69 0
0.5 0 70 65
0.5 240 70 0
0.5 0 72 63
0.5 120 72 0
0.5 0 74 53
0.5 120 74 0
0.5 0 75 58
0.5 120 75 0
0.5 0 77 50
0.5 120 77 0
0.5 0 75 58
0.5 120 75 0
0.5 0 74 53
0.5 120 74 0
0.5 0 75 58
0.5 120 75 0
0.5 0 79 54
0.5 120 79 0
0.5 0 77 58
0.5 120 77 0
0.5 0 75 53
0.5 120 75 0
0.5 0 74 62
0.5 120 74 0
0.5 360 72 52
0.5 120 72 0
0.5 0 74 45
0.5 120 74 0
0.5 0 72 52
0.5 120 72 0
0.5 0 71 47
0.5 120 71 0
0.5 0 72 52
0.5 120 72 0
0.5 0 75 48
0.5 120 75 0
0.5 0 74 52
0.5 120 74 0
0.5 0 72 47
0.5 120 72 0
0.5 0 70 55
0.5 120 70 0
0.5 480 71 50
0.5 120 71 0
0.5 0 72 58
0.5 120 72 0
0.5 0 71 53
0.5 120 71 0
0.5 0 79 63
0.5 120 79 0
0.5 0 71 54
0.5 120 71 0
0.5 0 72 58
0.5 120 72 0
0.5 0 71 53
0.5 120 71 0
0.5 120 69 45
0.5 120 69 0
0.5 0 72 48
0.5 120 72 0
0.5 0 77 44
0.5 120 77 0
0.5 120 71 50
0.5 120 71 0
0.5 0 72 58
0.5 120 72 0
0.5 0 71 53
0.5 120 71 0
0.5 0 79 63
0.5 120 79 0
0.5 0 71 54
0.5 120 71 0
0.5 0 72 58
0.5 120 72 0
0.5 0 71 53
0.5 120 71 0
0.5 120 69 45
0.5 120 69 0
0.5 0 72 48
0.5 120 72 0
0.5 0 77 44
0.5 120 77 0
0.5 120 74 34
0.5 120 74 0
0.5 0 70 39
0.5 120 70 0
0.5 0 67 34
0.5 120 67 0
0.5 120 72 35
0.5 120 72 0
0.5 0 69 39
0.5 120 69 0
0.5 0 65 35
0.5 120 65 0
0.5 120 70 33
0.5 120 70 0
0.5 0 67 39
0.5 120 67 0
0.5 0 64 34
0.5 120 64 0
0.5 240 65 39
0.5 120 65 0
0.5 0 67 44
0.5 120 67 0
0.5 0 69 45
0.5 90 69 0
0.5 150 69 49
0.5 0 65 40
0.5 90 65 0
0.5 0 69 0
0.5 150 69 53
0.5 0 65 40
0.5 90 65 0
0.5 0 69 0
0.5 150 69 57
0.5 0 65 40
0.5 90 65 0
0.5 0 69 0
0.5 150 72 65
0.5 0 69 55
0.5 480 69 0
0.5 0 72 0
0.5 0 70 59
0.5 0 67 50
0.5 960 67 0
0.5 0 70 0
0.5 240 77 47
0.5 120 77 0
0.5 0 72 47
0.5 120 72 0
0.5 0 69 45
0.5 90 69 0
0.5 150 69 49
0.5 0 65 40
0.5 90 65 0
0.5 0 69 0
0.5 150 69 53
0.5 0 65 40
0.5 90 65 0
0.5 0 69 0
0.5 150 69 57
0.5 0 65 40
0.5 90 65 0
0.5 0 69 0
0.5 150 72 65
0.5 0 69 55
0.5 480 69 0
0.5 0 72 0
0.5 0 70 59
0.5 0 67 50
0.5 960 67 0
0.5 0 70 0
0.5 0 65 50
0.5 0 69 59
0.5 360 69 0
0.5 0 65 0
0.5 0 70 47
0.5 0 67 39
0.5 120 67 0
0.5 0 70 0
0.5 0 69 56
0.5 0 65 47
0.5 480 65 0
0.5 0 69 0
0.5 0 67 47
0.5 0 64 39
0.5 480 64 0
0.5 0 67 0
0.5 240 77 39
0.5 120 77 0
0.5 0 79 44
0.5 120 79 0
0.5 0 81 45
0.5 90 81 0
0.5 150 81 49
0.5 0 77 40
0.5 90 77 0
0.5 0 81 0
0.5 150 81 53
0.5 0 77 40
0.5 90 77 0
0.5 0 81 0
0.5 150 81 57
0.5 0 77 40
0.5 90 77 0
0.5 0 81 0
0.5 150 84 65
0.5 0 81 55
0.5 480 81 0
0.5 0 84 0
0.5 0 82 59
0.5 0 79 50
0.5 960 79 0
0.5 0 82 0
0.5 240 89 49
0.5 120 89 0
0.5 0 84 51
0.5 120 84 0
0.5 0 81 45
0.5 90 81 0
0.5 150 81 49
0.5 0 77 40
0.5 90 77 0
0.5 0 81 0
0.5 150 81 53
0.5 0 77 40
0.5 90 77 0
0.5 0 81 0
0.5 150 81 57
0.5 0 77 40
0.5 90 77 0
0.5 0 81 0
0.5 150 84 65
0.5 0 81 55
0.5 480 81 0
0.5 0 84 0
0.5 0 82 59
0.5 0 79 50
0.5 960 79 0
0.5 0 82 0
0.5 0 81 58
0.5 120 81 0
0.5 0 77 51
0.5 120 77 0
0.5 0 82 58
0.5 120 82 0
0.5 0 79 49
0.5 120 79 0
0.5 0 81 56
0.5 0 77 47
0.5 90 77 0
0.5 0 81 0
0.5 150 81 51
0.5 0 77 43
0.5 90 77 0
0.5 0 81 0
0.5 150 79 62
0.5 0 76 52
0.5 90 76 0
0.5 0 79 0
0.5 150 79 55
0.5 0 76 46
0.5 90 76 0
0.5 0 79 0
0.5 150 77 70
0.5 720 77 0
0.5 0 76 54
0.5 120 76 0
0.5 0 74 56
0.5 120 74 0
0.5 0 72 57
0.5 120 72 0
0.5 0 70 60
0.5 120 70 0
0.5 0 69 61
0.5 120 69 0
0.5 0 67 68
0.5 120 67 0
0.5 0 65 69
0.5 720 65 0
0.5 0 64 53
0.5 120 64 0
0.5 0 62 54
0.5 120 62 0
0.5 0 60 55
0.5 120 60 0
0.5 0 58 59
0.5 120 58 0
0.5 0 57 60
0.5 120 57 0
0.5 0 55 66
0.5 120 55 0
0.5 0 53 76
0.5 240 53 0
0.5 240 57 58
0.5 0 60 58
0.5 0 65 69
0.5 240 65 0
0.5 0 60 0
0.5 0 57 0
0.5 960 64 42
0.5 120 64 0
0.5 0 67 39
0.5 120 67 0
0.5 0 72 42
0.5 90 72 0
0.5 150 72 40
0.5 90 72 0
0.5 150 72 40
0.5 90 72 0
0.5 150 72 40
0.5 90 72 0
0.5 390 65 43
0.5 120 65 0
0.5 0 71 44
0.5 120 71 0
0.5 0 74 50
0.5 90 74 0
0.5 150 74 43
0.5 90 74 0
0.5 150 74 43
0.5 90 74 0
0.5 150 74 43
0.5 90 74 0
0.5 390 67 47
0.5 120 67 0
0.5 0 70 55
0.5 120 70 0
0.5 0 76 59
0.5 90 76 0
0.5 150 76 50
0.5 90 76 0
0.5 150 76 50
0.5 90 76 0
0.5 150 76 50
0.5 90 76 0
0.5 270 69 57
0.5 120 69 0
0.5 0 73 58
0.5 120 73 0
0.5 0 76 61
0.5 120 76 0
0.5 0 81 65
0.5 120 81 0
0.5 120 81 58
0.5 120 81 0
0.5 120 81 61
0.5 120 81 0
0.5 0 82 57
0.5 120 82 0
0.5 0 81 61
0.5 120 81 0
0.5 0 79 57
0.5 120 79 0
0.5 0 77 62
0.5 120 77 0
0.5 0 81 55
0.5 120 81 0
0.5 0 79 55
0.5 120 79 0
0.5 0 77 51
0.5 120 77 0
0.5 0 76 63
0.5 120 76 0
0.5 0 79 56
0.5 120 79 0
0.5 0 77 56
0.5 120 77 0
0.5 0 76 51
0.5 120 76 0
0.5 0 74 61
0.5 120 74 0
0.5 0 77 56
0.5 120 77 0
0.5 0 76 56
0.5 120 76 0
0.5 0 74 50
0.5 120 74 0
0.5 120 69 57
0.5 120 69 0
0.5 0 73 58
0.5 120 73 0
0.5 0 76 61
0.5 120 76 0
0.5 0 81 65
0.5 120 81 0
0.5 120 81 58
0.5 120 81 0
0.5 120 81 61
0.5 120 81 0
0.5 0 88 57
0.5 120 88 0
0.5 0 85 61
0.5 120 85 0
0.5 0 79 57
0.5 120 79 0
0.5 0 77 62
0.5 120 77 0
0.5 0 81 55
0.5 120 81 0
0.5 0 77 55
0.5 120 77 0
0.5 0 81 51
0.5 120 81 0
0.5 0 76 63
0.5 120 76 0
0.5 0 79 56
0.5 120 79 0
0.5 0 76 56
0.5 120 76 0
0.5 0 79 51
0.5 120 79 0
0.5 0 74 61
0.5 120 74 0
0.5 0 77 56
0.5 120 77 0
0.5 0 74 56
0.5 120 74 0
0.5 0 77 50
0.5 120 77 0
0.5 0 72 42
0.5 120 72 0
0.5 0 75 33
0.5 120 75 0
0.5 0 72 39
0.5 120 72 0
0.5 0 75 35
0.5 120 75 0
0.5 0 72 42
0.5 120 72 0
0.5 0 75 35
0.5 120 75 0
0.5 0 72 39
0.5 120 72 0
0.5 0 75 34
0.5 120 75 0
0.5 0 72 42
0.5 120 72 0
0.5 0 74 35
0.5 120 74 0
0.5 0 72 39
0.5 120 72 0
0.5 0 74 35
0.5 120 74 0
0.5 0 72 42
0.5 120 72 0
0.5 0 74 33
0.5 120 74 0
0.5 0 72 39
0.5 120 72 0
0.5 0 74 35
0.5 120 74 0
0.5 0 69 42
0.5 120 69 0
0.5 0 74 35
0.5 120 74 0
0.5 0 69 39
0.5 120 69 0
0.5 0 74 34
0.5 120 74 0
0.5 0 70 42
0.5 120 70 0
0.5 0 74 35
0.5 120 74 0
0.5 0 70 39
0.5 120 70 0
0.5 0 74 35
0.5 120 74 0
0.5 0 70 42
0.5 120 70 0
0.5 0 73 33
0.5 120 73 0
0.5 0 70 39
0.5 120 70 0
0.5 0 73 35
0.5 120 73 0
0.5 0 70 42
0.5 120 70 0
0.5 0 72 35
0.5 120 72 0
0.5 0 70 39
0.5 120 70 0
0.5 0 72 34
0.5 120 72 0
0.5 0 70 42
0.5 120 70 0
0.5 0 72 35
0.5 120 72 0
0.5 0 70 39
0.5 120 70 0
0.5 0 72 35
0.5 120 72 0
0.5 0 70 42
0.5 120 70 0
0.5 0 72 33
0.5 120 72 0
0.5 0 70 39
0.5 120 70 0
0.5 0 72 35
0.5 120 72 0
0.5 0 67 42
0.5 120 67 0
0.5 0 72 27
0.5 120 72 0
0.5 0 67 36
0.5 120 67 0
0.5 0 72 29
0.5 120 72 0
0.5 0 69 37
0.5 120 69 0
0.5 0 72 29
0.5 120 72 0
0.5 0 69 37
0.5 120 69 0
0.5 0 72 29
0.5 120 72 0
0.5 0 71 62
0.5 120 71 0
0.5 0 77 55
0.5 120 77 0
0.5 0 71 55
0.5 120 71 0
0.5 0 77 51
0.5 120 77 0
0.5 0 71 63
0.5 120 71 0
0.5 0 77 56
0.5 120 77 0
0.5 0 71 56
0.5 120 71 0
0.5 0 77 51
0.5 120 77 0
0.5 0 71 61
0.5 120 71 0
0.5 0 77 56
0.5 120 77 0
0.5 0 71 56
0.5 120 71 0
0.5 0 77 50
0.5 120 77 0
0.5 0 76 62
0.5 120 76 0
0.5 0 72 55
0.5 120 72 0
0.5 0 71 55
0.5 120 71 0
0.5 0 72 51
0.5 120 72 0
0.5 0 74 63
0.5 120 74 0
0.5 0 72 56
0.5 120 72 0
0.5 0 71 56
0.5 120 71 0
0.5 0 72 51
0.5 120 72 0
0.5 0 77 61
0.5 120 77 0
0.5 0 74 56
0.5 120 74 0
0.5 0 72 56
0.5 120 72 0
0.5 0 74 50
0.5 120 74 0
0.5 0 79 68
0.5 120 79 0
0.5 0 76 59
0.5 120 76 0
0.5 0 74 60
0.5 120 74 0
0.5 0 76 56
0.5 120 76 0
0.5 0 77 71
0.5 120 77 0
0.5 0 76 63
0.5 120 76 0
0.5 0 74 63
0.5 120 74 0
0.5 0 76 58
0.5 120 76 0
0.5 0 81 68
0.5 120 81 0
0.5 0 77 64
0.5 120 77 0
0.5 0 76 65
0.5 120 76 0
0.5 0 77 59
0.5 120 77 0
0.5 0 82 77
0.5 120 82 0
0.5 0 81 66
0.5 120 81 0
0.5 0 79 69
0.5 120 79 0
0.5 0 81 65
0.5 120 81 0
0.5 0 82 77
0.5 120 82 0
0.5 0 81 66
0.5 120 81 0
0.5 0 79 69
0.5 120 79 0
0.5 0 81 65
0.5 120 81 0
0.5 0 82 77
0.5 120 82 0
0.5 0 81 66
0.5 120 81 0
0.5 0 79 69
0.5 120 79 0
0.5 0 81 65
0.5 120 81 0
0.5 0 82 72
0.5 120 82 0
0.5 120 81 66
0.5 120 81 0
0.5 120 79 61
0.5 120 79 0
0.5 120 77 57
0.5 120 77 0
0.5 120 76 56
0.5 120 76 0
0.5 120 74 54
0.5 120 74 0
0.5 120 72 49
0.5 120 72 0
0.5 120 71 45
0.5 120 71 0
0.5 120 70 42
0.5 120 70 0
0.5 120 69 38
0.5 120 69 0
0.5 120 68 37
0.5 120 68 0
0.5 120 67 33
0.5 120 67 0
0.5 120 65 44
0.5 960 65 0
0.5 0 69 51
0.5 360 69 0
0.5 0 65 54
0.5 120 65 0
0.5 0 72 63
0.5 960 72 0
0.5 0 70 49
0.5 120 70 0
0.5 0 69 46
0.5 120 69 0
0.5 0 67 44
0.5 120 67 0
0.5 0 65 42
0.5 120 65 0
0.5 0 64 48
0.5 240 64 0
0.5 0 67 46
0.5 240 67 0
0.5 0 70 49
0.5 240 70 0
0.5 0 74 46
0.5 240 74 0
0.5 0 72 49
0.5 240 72 0
0.5 0 70 46
0.5 240 70 0
0.5 0 64 35
0.5 0 68 42
0.5 480 68 0
0.5 0 64 0
0.5 0 65 37
0.5 0 69 44
0.5 480 69 0
0.5 0 65 0
0.5 480 75 70
0.5 720 75 0
0.5 0 79 65
0.5 120 79 0
0.5 0 75 61
0.5 120 75 0
0.5 0 74 65
0.5 240 74 0
0.5 0 77 63
0.5 240 77 0
0.5 0 69 70
0.5 720 69 0
0.5 0 72 65
0.5 120 72 0
0.5 0 69 61
0.5 120 69 0
0.5 0 70 65
0.5 240 70 0
0.5 0 72 63
0.5 120 72 0
0.5 0 74 53
0.5 120 74 0
0.5 0 75 58
0.5 120 75 0
0.5 0 77 50
0.5 120 77 0
0.5 0 75 58
0.5 120 75 0
0.5 0 74 53
0.5 120 74 0
0.5 0 75 58
0.5 120 75 0
0.5 0 79 54
0.5 120 79 0
0.5 0 77 58
0.5 120 77 0
0.5 0 75 53
0.5 120 75 0
0.5 0 74 62
0.5 120 74 0
0.5 360 72 52
0.5 120 72 0
0.5 0 74 45
0.5 120 74 0
0.5 0 72 52
0.5 120 72 0
0.5 0 71 47
0.5 120 71 0
0.5 0 72 52
0.5 120 72 0
0.5 0 75 48
0.5 120 75 0
0.5 0 74 52
0.5 120 74 0
0.5 0 72 47
0.5 120 72 0
0.5 0 70 55
0.5 120 70 0
0.5 480 71 50
0.5 120 71 0
0.5 0 72 58
0.5 120 72 0
0.5 0 71 53
0.5 120 71 0
0.5 0 79 63
0.5 120 79 0
0.5 0 71 54
0.5 120 71 0
0.5 0 72 58
0.5 120 72 0
0.5 0 71 53
0.5 120 71 0
0.5 120 69 45
0.5 120 69 0
0.5 0 72 48
0.5 120 72 0
0.5 0 77 44
0.5 120 77 0
0.5 120 71 50
0.5 120 71 0
0.5 0 72 58
0.5 120 72 0
0.5 0 71 53
0.5 120 71 0
0.5 0 79 63
0.5 120 79 0
0.5 0 71 54
0.5 120 71 0
0.5 0 72 58
0.5 120 72 0
0.5 0 71 53
0.5 120 71 0
0.5 120 69 45
0.5 120 69 0
0.5 0 72 48
0.5 120 72 0
0.5 0 77 44
0.5 120 77 0
0.5 120 74 34
0.5 120 74 0
0.5 0 70 39
0.5 120 70 0
0.5 0 67 34
0.5 120 67 0
0.5 120 72 35
0.5 120 72 0
0.5 0 69 39
0.5 120 69 0
0.5 0 65 35
0.5 120 65 0
0.5 120 70 33
0.5 120 70 0
0.5 0 67 39
0.5 120 67 0
0.5 0 64 34
0.5 120 64 0
0.5 240 65 39
0.5 120 65 0
0.5 0 67 44
0.5 120 67 0
0.5 0 69 45
0.5 90 69 0
0.5 150 69 49
0.5 0 65 40
0.5 90 65 0
0.5 0 69 0
0.5 150 69 53
0.5 0 65 40
0.5 90 65 0
0.5 0 69 0
0.5 150 69 57
0.5 0 65 40
0.5 90 65 0
0.5 0 69 0
0.5 150 72 65
0.5 0 69 55
0.5 480 69 0
0.5 0 72 0
0.5 0 70 59
0.5 0 67 50
0.5 960 67 0
0.5 0 70 0
0.5 240 77 47
0.5 120 77 0
0.5 0 72 47
0.5 120 72 0
0.5 0 69 45
0.5 90 69 0
0.5 150 69 49
0.5 0 65 40
0.5 90 65 0
0.5 0 69 0
0.5 150 69 53
0.5 0 65 40
0.5 90 65 0
0.5 0 69 0
0.5 150 69 57
0.5 0 65 40
0.5 90 65 0
0.5 0 69 0
0.5 150 72 65
0.5 0 69 55
0.5 480 69 0
0.5 0 72 0
0.5 0 70 59
0.5 0 67 50
0.5 960 67 0
0.5 0 70 0
0.5 0 65 50
0.5 0 69 59
0.5 360 69 0
0.5 0 65 0
0.5 0 70 47
0.5 0 67 39
0.5 120 67 0
0.5 0 70 0
0.5 0 69 56
0.5 0 65 47
0.5 480 65 0
0.5 0 69 0
0.5 0 67 47
0.5 0 64 39
0.5 480 64 0
0.5 0 67 0
0.5 240 77 39
0.5 120 77 0
0.5 0 79 44
0.5 120 79 0
0.5 0 81 45
0.5 90 81 0
0.5 150 81 49
0.5 0 77 40
0.5 90 77 0
0.5 0 81 0
0.5 150 81 53
0.5 0 77 40
0.5 90 77 0
0.5 0 81 0
0.5 150 81 57
0.5 0 77 40
0.5 90 77 0
0.5 0 81 0
0.5 150 84 65
0.5 0 81 55
0.5 480 81 0
0.5 0 84 0
0.5 0 82 59
0.5 0 79 50
0.5 960 79 0
0.5 0 82 0
0.5 240 89 49
0.5 120 89 0
0.5 0 84 51
0.5 120 84 0
0.5 0 81 45
0.5 90 81 0
0.5 150 81 49
0.5 0 77 40
0.5 90 77 0
0.5 0 81 0
0.5 150 81 53
0.5 0 77 40
0.5 90 77 0
0.5 0 81 0
0.5 150 81 57
0.5 0 77 40
0.5 90 77 0
0.5 0 81 0
0.5 150 84 65
0.5 0 81 55
0.5 480 81 0
0.5 0 84 0
0.5 0 82 59
0.5 0 79 50
0.5 960 79 0
0.5 0 82 0
0.5 0 81 58
0.5 120 81 0
0.5 0 77 51
0.5 120 77 0
0.5 0 82 58
0.5 120 82 0
0.5 0 79 49
0.5 120 79 0
0.5 0 81 56
0.5 0 77 47
0.5 90 77 0
0.5 0 81 0
0.5 150 81 51
0.5 0 77 43
0.5 90 77 0
0.5 0 81 0
0.5 150 79 62
0.5 0 76 52
0.5 90 76 0
0.5 0 79 0
0.5 150 79 55
0.5 0 76 46
0.5 90 76 0
0.5 0 79 0
0.5 150 77 70
0.5 720 77 0
0.5 0 76 54
0.5 120 76 0
0.5 0 74 56
0.5 120 74 0
0.5 0 72 57
0.5 120 72 0
0.5 0 70 60
0.5 120 70 0
0.5 0 69 61
0.5 120 69 0
0.5 0 67 68
0.5 120 67 0
0.5 0 65 69
0.5 720 65 0
0.5 0 64 53
0.5 120 64 0
0.5 0 62 54
0.5 120 62 0
0.5 0 60 55
0.5 120 60 0
0.5 0 58 59
0.5 120 58 0
0.5 0 57 60
0.5 120 57 0
0.5 0 55 66
0.5 120 55 0
0.5 0 53 76
0.5 240 53 0
0.5 240 57 58
0.5 0 60 58
0.5 0 65 69
0.5 240 65 0
0.5 0 60 0
0.5 0 57 0
1 0 0 0
0.5 0 41 40
0.5 240 41 0
0.5 0 53 31
0.5 240 53 0
0.5 0 41 34
0.5 240 41 0
0.5 0 53 31
0.5 240 53 0
0.5 0 41 34
0.5 240 41 0
0.5 0 53 31
0.5 240 53 0
0.5 0 41 40
0.5 240 41 0
0.5 0 53 31
0.5 240 53 0
0.5 0 41 35
0.5 240 41 0
0.5 0 53 31
0.5 240 53 0
0.5 0 41 34
0.5 240 41 0
0.5 0 53 31
0.5 240 53 0
0.5 0 41 40
0.5 240 41 0
0.5 0 53 33
0.5 240 53 0
0.5 0 41 38
0.5 240 41 0
0.5 0 53 33
0.5 240 53 0
0.5 0 41 38
0.5 240 41 0
0.5 0 53 33
0.5 240 53 0
0.5 0 41 40
0.5 240 41 0
0.5 0 53 32
0.5 240 53 0
0.5 0 41 37
0.5 240 41 0
0.5 0 53 32
0.5 240 53 0
0.5 0 41 37
0.5 240 41 0
0.5 0 53 32
0.5 240 53 0
0.5 0 41 40
0.5 240 41 0
0.5 0 53 32
0.5 240 53 0
0.5 0 53 40
0.5 480 53 0
0.5 480 41 40
0.5 240 41 0
0.5 0 53 32
0.5 240 53 0
0.5 0 53 40
0.5 480 53 0
0.5 480 46 40
0.5 960 46 0
0.5 0 47 40
0.5 480 47 0
0.5 0 48 40
0.5 480 48 0
0.5 0 36 40
0.5 480 36 0
0.5 480 41 40
0.5 240 41 0
0.5 0 53 31
0.5 240 53 0
0.5 0 41 34
0.5 240 41 0
0.5 0 53 31
0.5 240 53 0
0.5 0 41 34
0.5 240 41 0
0.5 0 53 31
0.5 240 53 0
0.5 0 41 40
0.5 240 41 0
0.5 0 53 31
0.5 240 53 0
0.5 0 41 35
0.5 240 41 0
0.5 0 53 31
0.5 240 53 0
0.5 0 41 34
0.5 240 41 0
0.5 0 53 31
0.5 240 53 0
0.5 0 41 40
0.5 240 41 0
0.5 0 53 33
0.5 240 53 0
0.5 0 41 38
0.5 240 41 0
0.5 0 53 33
0.5 240 53 0
0.5 0 41 38
0.5 240 41 0
0.5 0 53 33
0.5 240 53 0
0.5 0 41 40
0.5 240 41 0
0.5 0 53 32
0.5 240 53 0
0.5 0 41 37
0.5 240 41 0
0.5 0 53 32
0.5 240 53 0
0.5 0 41 37
0.5 240 41 0
0.5 0 53 32
0.5 240 53 0
0.5 0 59 26
0.5 240 59 0
0.5 0 55 20
0.5 240 55 0
0.5 0 59 26
0.5 240 59 0
0.5 0 55 20
0.5 240 55 0
0.5 0 60 26
0.5 240 60 0
0.5 0 55 20
0.5 240 55 0
0.5 0 65 26
0.5 240 65 0
0.5 0 55 20
0.5 240 55 0
0.5 0 65 26
0.5 240 65 0
0.5 0 55 20
0.5 240 55 0
0.5 0 64 26
0.5 240 64 0
0.5 0 55 20
0.5 240 55 0
0.5 0 59 26
0.5 240 59 0
0.5 0 55 20
0.5 240 55 0
0.5 0 59 26
0.5 240 59 0
0.5 0 55 20
0.5 240 55 0
0.5 0 60 26
0.5 240 60 0
0.5 0 55 20
0.5 240 55 0
0.5 0 65 26
0.5 240 65 0
0.5 0 55 20
0.5 240 55 0
0.5 0 65 26
0.5 240 65 0
0.5 0 55 20
0.5 240 55 0
0.5 0 64 26
0.5 240 64 0
0.5 0 60 20
0.5 240 60 0
0.5 0 65 43
0.5 120 65 0
0.5 360 67 35
0.5 120 67 0
0.5 360 55 33
0.5 120 55 0
0.5 360 60 34
0.5 0 64 40
0.5 480 64 0
0.5 0 60 0
0.5 1200 67 55
0.5 120 67 0
0.5 0 66 48
0.5 120 66 0
0.5 0 67 53
0.5 120 67 0
0.5 120 55 48
0.5 120 55 0
0.5 120 57 46
0.5 120 57 0
0.5 120 59 40
0.5 120 59 0
0.5 120 60 40
0.5 480 60 0
0.5 1200 67 55
0.5 120 67 0
0.5 0 66 48
0.5 120 66 0
0.5 0 67 53
0.5 90 67 0
0.5 150 55 48
0.5 120 55 0
0.5 120 57 46
0.5 120 57 0
0.5 120 59 40
0.5 120 59 0
0.5 120 60 40
0.5 360 60 0
0.5 0 53 33
0.5 120 53 0
0.5 0 55 40
0.5 480 55 0
0.5 0 43 38
0.5 480 43 0
0.5 0 48 40
0.5 480 48 0
0.5 1200 55 49
0.5 120 55 0
0.5 0 54 43
0.5 120 54 0
0.5 0 55 47
0.5 90 55 0
0.5 150 43 43
0.5 120 43 0
0.5 120 45 41
0.5 120 45 0
0.5 120 47 36
0.5 120 47 0
0.5 120 48 40
0.5 480 48 0
0.5 1200 55 49
0.5 120 55 0
0.5 0 54 43
0.5 120 54 0
0.5 0 55 47
0.5 90 55 0
0.5 150 43 43
0.5 120 43 0
0.5 120 45 41
0.5 120 45 0
0.5 120 47 36
0.5 120 47 0
0.5 120 48 36
0.5 240 48 0
0.5 0 41 32
0.5 240 41 0
0.5 0 43 40
0.5 480 43 0
0.5 0 43 39
0.5 480 43 0
0.5 0 36 57
0.5 240 36 0
0.5 0 48 36
0.5 240 48 0
0.5 0 48 47
0.5 480 48 0
0.5 480 36 58
0.5 240 36 0
0.5 0 48 36
0.5 240 48 0
0.5 0 48 50
0.5 480 48 0
0.5 480 48 51
0.5 0 36 43
0.5 240 36 0
0.5 0 48 0
0.5 240 48 39
0.5 0 36 43
0.5 240 36 0
0.5 0 48 0
0.5 720 41 40
0.5 240 41 0
0.5 0 53 31
0.5 240 53 0
0.5 0 41 34
0.5 240 41 0
0.5 0 53 31
0.5 240 53 0
0.5 0 41 34
0.5 240 41 0
0.5 0 53 31
0.5 240 53 0
0.5 0 41 40
0.5 240 41 0
0.5 0 53 31
0.5 240 53 0
0.5 0 41 35
0.5 240 41 0
0.5 0 53 31
0.5 240 53 0
0.5 0 41 34
0.5 240 41 0
0.5 0 53 31
0.5 240 53 0
0.5 0 41 40
0.5 240 41 0
0.5 0 53 33
0.5 240 53 0
0.5 0 41 38
0.5 240 41 0
0.5 0 53 33
0.5 240 53 0
0.5 0 41 38
0.5 240 41 0
0.5 0 53 33
0.5 240 53 0
0.5 0 41 40
0.5 240 41 0
0.5 0 53 32
0.5 240 53 0
0.5 0 41 37
0.5 240 41 0
0.5 0 53 32
0.5 240 53 0
0.5 0 41 37
0.5 240 41 0
0.5 0 53 32
0.5 240 53 0
0.5 0 41 40
0.5 240 41 0
0.5 0 53 32
0.5 240 53 0
0.5 0 53 40
0.5 480 53 0
0.5 480 41 40
0.5 240 41 0
0.5 0 53 32
0.5 240 53 0
0.5 0 53 40
0.5 480 53 0
0.5 480 46 40
0.5 960 46 0
0.5 0 47 40
0.5 480 47 0
0.5 0 48 40
0.5 480 48 0
0.5 0 36 40
0.5 480 36 0
0.5 480 41 40
0.5 240 41 0
0.5 0 53 31
0.5 240 53 0
0.5 0 41 34
0.5 240 41 0
0.5 0 53 31
0.5 240 53 0
0.5 0 41 34
0.5 240 41 0
0.5 0 53 31
0.5 240 53 0
0.5 0 41 40
0.5 240 41 0
0.5 0 53 31
0.5 240 53 0
0.5 0 41 35
0.5 240 41 0
0.5 0 53 31
0.5 240 53 0
0.5 0 41 34
0.5 240 41 0
0.5 0 53 31
0.5 240 53 0
0.5 0 41 40
0.5 240 41 0
0.5 0 53 33
0.5 240 53 0
0.5 0 41 38
0.5 240 41 0
0.5 0 53 33
0.5 240 53 0
0.5 0 41 38
0.5 240 41 0
0.5 0 53 33
0.5 240 53 0
0.5 0 41 40
0.5 240 41 0
0.5 0 53 32
0.5 240 53 0
0.5 0 41 37
0.5 240 41 0
0.5 0 53 32
0.5 240 53 0
0.5 0 41 37
0.5 240 41 0
0.5 0 53 32
0.5 240 53 0
0.5 0 59 26
0.5 240 59 0
0.5 0 55 20
0.5 240 55 0
0.5 0 59 26
0.5 240 59 0
0.5 0 55 20
0.5 240 55 0
0.5 0 60 26
0.5 240 60 0
0.5 0 55 20
0.5 240 55 0
0.5 0 65 26
0.5 240 65 0
0.5 0 55 20
0.5 240 55 0
0.5 0 65 26
0.5 240 65 0
0.5 0 55 20
0.5 240 55 0
0.5 0 64 26
0.5 240 64 0
0.5 0 55 20
0.5 240 55 0
0.5 0 59 26
0.5 240 59 0
0.5 0 55 20
0.5 240 55 0
0.5 0 59 26
0.5 240 59 0
0.5 0 55 20
0.5 240 55 0
0.5 0 60 26
0.5 240 60 0
0.5 0 55 20
0.5 240 55 0
0.5 0 65 26
0.5 240 65 0
0.5 0 55 20
0.5 240 55 0
0.5 0 65 26
0.5 240 65 0
0.5 0 55 20
0.5 240 55 0
0.5 0 64 26
0.5 240 64 0
0.5 0 60 20
0.5 240 60 0
0.5 0 65 43
0.5 120 65 0
0.5 360 67 35
0.5 120 67 0
0.5 360 55 33
0.5 120 55 0
0.5 360 60 34
0.5 0 64 40
0.5 480 64 0
0.5 0 60 0
0.5 1200 67 55
0.5 120 67 0
0.5 0 66 48
0.5 120 66 0
0.5 0 67 53
0.5 90 67 0
0.5 150 55 48
0.5 120 55 0
0.5 120 57 46
0.5 120 57 0
0.5 120 59 40
0.5 120 59 0
0.5 120 60 40
0.5 480 60 0
0.5 1200 67 55
0.5 120 67 0
0.5 0 66 48
0.5 120 66 0
0.5 0 67 53
0.5 90 67 0
0.5 150 55 48
0.5 120 55 0
0.5 120 57 46
0.5 120 57 0
0.5 120 59 40
0.5 120 59 0
0.5 120 60 40
0.5 360 60 0
0.5 0 53 33
0.5 120 53 0
0.5 0 55 40
0.5 480 55 0
0.5 0 43 38
0.5 480 43 0
0.5 0 48 40
0.5 480 48 0
0.5 1200 55 49
0.5 120 55 0
0.5 0 54 43
0.5 120 54 0
0.5 0 55 47
0.5 90 55 0
0.5 150 43 43
0.5 120 43 0
0.5 120 45 41
0.5 120 45 0
0.5 120 47 36
0.5 120 47 0
0.5 120 48 40
0.5 480 48 0
0.5 1200 55 49
0.5 120 55 0
0.5 0 54 43
0.5 120 54 0
0.5 0 55 47
0.5 90 55 0
0.5 150 43 43
0.5 120 43 0
0.5 120 45 41
0.5 120 45 0
0.5 120 47 36
0.5 120 47 0
0.5 120 48 36
0.5 240 48 0
0.5 0 41 32
0.5 240 41 0
0.5 0 43 40
0.5 480 43 0
0.5 0 43 39
0.5 480 43 0
0.5 0 36 57
0.5 240 36 0
0.5 0 48 36
0.5 240 48 0
0.5 0 48 47
0.5 480 48 0
0.5 480 36 58
0.5 240 36 0
0.5 0 48 36
0.5 240 48 0
0.5 0 48 50
0.5 480 48 0
0.5 480 48 51
0.5 0 36 43
0.5 240 36 0
0.5 0 48 0
0.5 240 48 39
0.5 0 36 43
0.5 240 36 0
0.5 0 48 0
0.5 720 60 26
0.5 1440 60 0
0.5 0 60 38
0.5 1440 60 0
0.5 0 60 43
0.5 1440 60 0
0.5 0 61 47
0.5 240 61 0
0.5 0 57 41
0.5 240 57 0
0.5 0 61 47
0.5 240 61 0
0.5 0 57 42
0.5 240 57 0
0.5 0 61 46
0.5 240 61 0
0.5 0 57 40
0.5 240 57 0
0.5 0 62 47
0.5 240 62 0
0.5 0 57 41
0.5 240 57 0
0.5 0 64 47
0.5 240 64 0
0.5 0 57 42
0.5 240 57 0
0.5 0 65 46
0.5 240 65 0
0.5 0 57 40
0.5 240 57 0
0.5 0 61 47
0.5 240 61 0
0.5 0 57 41
0.5 240 57 0
0.5 0 61 47
0.5 240 61 0
0.5 0 57 42
0.5 240 57 0
0.5 0 61 46
0.5 240 61 0
0.5 0 57 40
0.5 240 57 0
0.5 0 62 47
0.5 240 62 0
0.5 0 57 41
0.5 240 57 0
0.5 0 64 47
0.5 240 64 0
0.5 0 57 42
0.5 240 57 0
0.5 0 65 46
0.5 240 65 0
0.5 0 57 40
0.5 240 57 0
0.5 0 66 37
0.5 120 66 0
0.5 120 66 26
0.5 120 66 0
0.5 120 66 32
0.5 480 66 0
0.5 480 67 37
0.5 120 67 0
0.5 120 67 26
0.5 120 67 0
0.5 120 67 32
0.5 480 67 0
0.5 480 64 37
0.5 120 64 0
0.5 120 64 26
0.5 120 64 0
0.5 120 64 32
0.5 480 64 0
0.5 480 65 37
0.5 120 65 0
0.5 120 65 26
0.5 120 65 0
0.5 120 65 32
0.5 480 65 0
0.5 480 55 39
0.5 0 62 47
0.5 240 62 0
0.5 0 55 0
0.5 0 55 34
0.5 0 62 41
0.5 240 62 0
0.5 0 55 0
0.5 0 55 34
0.5 0 62 47
0.5 240 62 0
0.5 0 55 0
0.5 0 55 34
0.5 0 62 42
0.5 240 62 0
0.5 0 55 0
0.5 0 55 34
0.5 0 62 46
0.5 240 62 0
0.5 0 55 0
0.5 0 55 34
0.5 0 62 40
0.5 240 62 0
0.5 0 55 0
0.5 0 48 47
0.5 240 48 0
0.5 0 60 41
0.5 240 60 0
0.5 0 48 47
0.5 240 48 0
0.5 0 60 42
0.5 240 60 0
0.5 0 48 46
0.5 240 48 0
0.5 0 60 40
0.5 240 60 0
0.5 0 48 49
0.5 240 48 0
0.5 0 60 43
0.5 240 60 0
0.5 0 48 50
0.5 240 48 0
0.5 0 60 46
0.5 240 60 0
0.5 0 48 51
0.5 240 48 0
0.5 0 60 45
0.5 240 60 0
0.5 0 48 53
0.5 240 48 0
0.5 0 60 47
0.5 240 60 0
0.5 0 48 53
0.5 240 48 0
0.5 0 60 47
0.5 240 60 0
0.5 0 48 53
0.5 240 48 0
0.5 0 60 47
0.5 240 60 0
0.5 0 48 53
0.5 480 48 0
0.5 2400 41 25
0.5 240 41 0
0.5 0 53 18
0.5 240 53 0
0.5 0 41 20
0.5 240 41 0
0.5 0 53 18
0.5 240 53 0
0.5 0 41 30
0.5 240 41 0
0.5 0 53 26
0.5 240 53 0
0.5 0 41 36
0.5 240 41 0
0.5 0 53 21
0.5 240 53 0
0.5 0 41 24
0.5 240 41 0
0.5 0 53 21
0.5 240 53 0
0.5 0 41 23
0.5 240 41 0
0.5 0 53 21
0.5 240 53 0
0.5 0 41 28
0.5 240 41 0
0.5 0 53 23
0.5 240 53 0
0.5 0 41 26
0.5 240 41 0
0.5 0 53 23
0.5 240 53 0
0.5 0 41 26
0.5 240 41 0
0.5 0 53 23
0.5 240 53 0
0.5 0 41 28
0.5 240 41 0
0.5 0 53 22
0.5 240 53 0
0.5 0 41 25
0.5 240 41 0
0.5 0 53 22
0.5 240 53 0
0.5 0 41 25
0.5 240 41 0
0.5 0 53 22
0.5 240 53 0
0.5 0 57 40
0.5 240 57 0
0.5 0 53 32
0.5 240 53 0
0.5 0 57 37
0.5 240 57 0
0.5 0 53 32
0.5 240 53 0
0.5 0 58 37
0.5 240 58 0
0.5 0 53 32
0.5 240 53 0
0.5 0 63 40
0.5 240 63 0
0.5 0 53 32
0.5 240 53 0
0.5 0 63 37
0.5 240 63 0
0.5 0 53 32
0.5 240 53 0
0.5 0 62 39
0.5 240 62 0
0.5 0 53 32
0.5 240 53 0
0.5 0 57 40
0.5 240 57 0
0.5 0 53 32
0.5 240 53 0
0.5 0 57 38
0.5 240 57 0
0.5 0 53 32
0.5 240 53 0
0.5 0 58 38
0.5 240 58 0
0.5 0 53 32
0.5 240 53 0
0.5 0 54 36
0.5 240 54 0
0.5 0 62 28
0.5 240 62 0
0.5 0 54 34
0.5 240 54 0
0.5 0 62 28
0.5 240 62 0
0.5 0 55 34
0.5 240 55 0
0.5 0 62 28
0.5 240 62 0
0.5 0 52 48
0.5 0 55 48
0.5 0 60 57
0.5 960 60 0
0.5 0 55 0
0.5 0 52 0
0.5 0 53 40
0.5 0 57 40
0.5 0 60 48
0.5 480 60 0
0.5 0 57 0
0.5 0 53 0
0.5 0 52 48
0.5 0 55 48
0.5 0 60 57
0.5 960 60 0
0.5 0 55 0
0.5 0 52 0
0.5 0 57 40
0.5 0 53 40
0.5 0 60 48
0.5 480 60 0
0.5 0 53 0
0.5 0 57 0
0.5 0 58 43
0.5 120 58 0
0.5 360 60 35
0.5 120 60 0
0.5 360 48 33
0.5 120 48 0
0.5 360 53 34
0.5 0 57 40
0.5 480 57 0
0.5 0 53 0
0.5 1200 60 55
0.5 120 60 0
0.5 0 59 48
0.5 120 59 0
0.5 0 60 53
0.5 90 60 0
0.5 150 48 48
0.5 120 48 0
0.5 120 50 46
0.5 120 50 0
0.5 120 52 40
0.5 120 52 0
0.5 120 53 40
0.5 480 53 0
0.5 1200 60 55
0.5 120 60 0
0.5 0 59 48
0.5 120 59 0
0.5 0 60 53
0.5 90 60 0
0.5 150 48 48
0.5 120 48 0
0.5 120 50 46
0.5 120 50 0
0.5 120 52 40
0.5 120 52 0
0.5 120 53 40
0.5 360 53 0
0.5 0 46 33
0.5 120 46 0
0.5 0 48 40
0.5 480 48 0
0.5 0 36 38
0.5 480 36 0
0.5 0 41 40
0.5 480 41 0
0.5 1200 72 55
0.5 120 72 0
0.5 0 71 48
0.5 120 71 0
0.5 0 72 53
0.5 90 72 0
0.5 150 60 48
0.5 120 60 0
0.5 120 62 46
0.5 120 62 0
0.5 120 64 40
0.5 120 64 0
0.5 120 65 40
0.5 480 65 0
0.5 1200 72 55
0.5 120 72 0
0.5 0 71 48
0.5 120 71 0
0.5 0 72 53
0.5 90 72 0
0.5 150 60 48
0.5 120 60 0
0.5 120 62 46
0.5 120 62 0
0.5 120 64 40
0.5 120 64 0
0.5 120 65 36
0.5 240 65 0
0.5 0 58 32
0.5 240 58 0
0.5 0 60 40
0.5 480 60 0
0.5 0 48 39
0.5 480 48 0
0.5 0 53 43
0.5 0 57 51
0.5 240 57 0
0.5 0 53 0
0.5 0 53 27
0.5 0 57 32
0.5 240 57 0
0.5 0 53 0
0.5 0 53 35
0.5 0 57 42
0.5 480 57 0
0.5 0 53 0
0.5 480 53 44
0.5 0 57 52
0.5 240 57 0
0.5 0 53 0
0.5 0 53 27
0.5 0 57 32
0.5 240 57 0
0.5 0 53 0
0.5 0 53 37
0.5 0 57 45
0.5 480 57 0
0.5 0 53 0
0.5 480 41 51
0.5 240 41 0
0.5 240 53 39
0.5 0 41 12
0.5 240 41 0
0.5 0 53 0
0.5 720 60 26
0.5 1440 60 0
0.5 0 60 38
0.5 1440 60 0
0.5 0 60 43
0.5 1440 60 0
0.5 0 61 47
0.5 240 61 0
0.5 0 57 41
0.5 240 57 0
0.5 0 61 47
0.5 240 61 0
0.5 0 57 42
0.5 240 57 0
0.5 0 61 46
0.5 240 61 0
0.5 0 57 40
0.5 240 57 0
0.5 0 62 47
0.5 240 62 0
0.5 0 57 41
0.5 240 57 0
0.5 0 64 47
0.5 240 64 0
0.5 0 57 42
0.5 240 57 0
0.5 0 65 46
0.5 240 65 0
0.5 0 57 40
0.5 240 57 0
0.5 0 61 47
0.5 240 61 0
0.5 0 57 41
0.5 240 57 0
0.5 0 61 47
0.5 240 61 0
0.5 0 57 42
0.5 240 57 0
0.5 0 61 46
0.5 240 61 0
0.5 0 57 40
0.5 240 57 0
0.5 0 62 47
0.5 240 62 0
0.5 0 57 41
0.5 240 57 0
0.5 0 64 47
0.5 240 64 0
0.5 0 57 42
0.5 240 57 0
0.5 0 65 46
0.5 240 65 0
0.5 0 57 40
0.5 240 57 0
0.5 0 66 37
0.5 120 66 0
0.5 120 66 26
0.5 120 66 0
0.5 120 66 32
0.5 480 66 0
0.5 480 67 37
0.5 120 67 0
0.5 120 67 26
0.5 120 67 0
0.5 120 67 32
0.5 480 67 0
0.5 480 64 37
0.5 120 64 0
0.5 120 64 26
0.5 120 64 0
0.5 120 64 32
0.5 480 64 0
0.5 480 65 37
0.5 120 65 0
0.5 120 65 26
0.5 120 65 0
0.5 120 65 32
0.5 480 65 0
0.5 480 55 39
0.5 0 62 47
0.5 240 62 0
0.5 0 55 0
0.5 0 55 34
0.5 0 62 41
0.5 240 62 0
0.5 0 55 0
0.5 0 55 34
0.5 0 62 47
0.5 240 62 0
0.5 0 55 0
0.5 0 55 34
0.5 0 62 42
0.5 240 62 0
0.5 0 55 0
0.5 0 55 34
0.5 0 62 46
0.5 240 62 0
0.5 0 55 0
0.5 0 55 34
0.5 0 62 40
0.5 240 62 0
0.5 0 55 0
0.5 0 48 47
0.5 240 48 0
0.5 0 60 41
0.5 240 60 0
0.5 0 48 47
0.5 240 48 0
0.5 0 60 42
0.5 240 60 0
0.5 0 48 46
0.5 240 48 0
0.5 0 60 40
0.5 240 60 0
0.5 0 48 49
0.5 240 48 0
0.5 0 60 43
0.5 240 60 0
0.5 0 48 50
0.5 240 48 0
0.5 0 60 46
0.5 240 60 0
0.5 0 48 51
0.5 240 48 0
0.5 0 60 45
0.5 240 60 0
0.5 0 48 53
0.5 240 48 0
0.5 0 60 47
0.5 240 60 0
0.5 0 48 53
0.5 240 48 0
0.5 0 60 47
0.5 240 60 0
0.5 0 48 53
0.5 240 48 0
0.5 0 60 47
0.5 240 60 0
0.5 0 48 53
0.5 480 48 0
0.5 2400 41 25
0.5 240 41 0
0.5 0 53 18
0.5 240 53 0
0.5 0 41 20
0.5 240 41 0
0.5 0 53 18
0.5 240 53 0
0.5 0 41 30
0.5 240 41 0
0.5 0 53 26
0.5 240 53 0
0.5 0 41 36
0.5 240 41 0
0.5 0 53 21
0.5 240 53 0
0.5 0 41 24
0.5 240 41 0
0.5 0 53 21
0.5 240 53 0
0.5 0 41 23
0.5 240 41 0
0.5 0 53 21
0.5 240 53 0
0.5 0 41 28
0.5 240 41 0
0.5 0 53 23
0.5 240 53 0
0.5 0 41 26
0.5 240 41 0
0.5 0 53 23
0.5 240 53 0
0.5 0 41 26
0.5 240 41 0
0.5 0 53 23
0.5 240 53 0
0.5 0 41 28
0.5 240 41 0
0.5 0 53 22
0.5 240 53 0
0.5 0 41 25
0.5 240 41 0
0.5 0 53 22
0.5 240 53 0
0.5 0 41 25
0.5 240 41 0
0.5 0 53 22
0.5 240 53 0
0.5 0 57 40
0.5 240 57 0
0.5 0 53 32
0.5 240 53 0
0.5 0 57 37
0.5 240 57 0
0.5 0 53 32
0.5 240 53 0
0.5 0 58 37
0.5 240 58 0
0.5 0 53 32
0.5 240 53 0
0.5 0 63 40
0.5 240 63 0
0.5 0 53 32
0.5 240 53 0
0.5 0 63 37
0.5 240 63 0
0.5 0 53 32
0.5 240 53 0
0.5 0 62 39
0.5 240 62 0
0.5 0 53 32
0.5 240 53 0
0.5 0 57 40
0.5 240 57 0
0.5 0 53 32
0.5 240 53 0
0.5 0 57 38
0.5 240 57 0
0.5 0 53 32
0.5 240 53 0
0.5 0 58 38
0.5 240 58 0
0.5 0 53 32
0.5 240 53 0
0.5 0 54 36
0.5 240 54 0
0.5 0 62 28
0.5 240 62 0
0.5 0 54 34
0.5 240 54 0
0.5 0 62 28
0.5 240 62 0
0.5 0 55 34
0.5 240 55 0
0.5 0 62 28
0.5 240 62 0
0.5 0 60 57
0.5 0 55 48
0.5 0 52 48
0.5 960 52 0
0.5 0 55 0
0.5 0 60 0
0.5 0 60 48
0.5 0 57 40
0.5 0 53 40
0.5 480 53 0
0.5 0 57 0
0.5 0 60 0
0.5 0 55 48
0.5 0 52 48
0.5 0 60 57
0.5 960 60 0
0.5 0 52 0
0.5 0 55 0
0.5 0 57 40
0.5 0 60 48
0.5 0 53 40
0.5 480 53 0
0.5 0 60 0
0.5 0 57 0
0.5 0 58 43
0.5 120 58 0
0.5 360 60 35
0.5 120 60 0
0.5 360 48 33
0.5 120 48 0
0.5 360 57 40
0.5 0 53 34
0.5 480 53 0
0.5 0 57 0
0.5 1200 60 55
0.5 120 60 0
0.5 0 59 48
0.5 120 59 0
0.5 0 60 53
0.5 90 60 0
0.5 150 48 48
0.5 120 48 0
0.5 120 50 46
0.5 120 50 0
0.5 120 52 40
0.5 120 52 0
0.5 120 53 40
0.5 480 53 0
0.5 1200 60 55
0.5 120 60 0
0.5 0 59 48
0.5 120 59 0
0.5 0 60 53
0.5 90 60 0
0.5 150 48 48
0.5 120 48 0
0.5 120 50 46
0.5 120 50 0
0.5 120 52 40
0.5 120 52 0
0.5 120 53 40
0.5 360 53 0
0.5 0 46 33
0.5 120 46 0
0.5 0 48 40
0.5 480 48 0
0.5 0 36 38
0.5 480 36 0
0.5 0 41 40
0.5 480 41 0
0.5 1200 72 55
0.5 120 72 0
0.5 0 71 48
0.5 120 71 0
0.5 0 72 53
0.5 90 72 0
0.5 150 60 48
0.5 120 60 0
0.5 120 62 46
0.5 120 62 0
0.5 120 64 40
0.5 120 64 0
0.5 120 65 40
0.5 480 65 0
0.5 1200 72 55
0.5 120 72 0
0.5 0 71 48
0.5 120 71 0
0.5 0 72 53
0.5 90 72 0
0.5 150 60 48
0.5 120 60 0
0.5 120 62 46
0.5 120 62 0
0.5 120 64 40
0.5 120 64 0
0.5 120 65 36
0.5 240 65 0
0.5 0 58 32
0.5 240 58 0
0.5 0 60 40
0.5 480 60 0
0.5 0 48 39
0.5 480 48 0
0.5 0 57 51
0.5 0 53 43
0.5 240 53 0
0.5 0 57 0
0.5 0 57 32
0.5 0 53 27
0.5 240 53 0
0.5 0 57 0
0.5 0 53 35
0.5 0 57 42
0.5 480 57 0
0.5 0 53 0
0.5 480 53 44
0.5 0 57 52
0.5 240 57 0
0.5 0 53 0
0.5 0 53 27
0.5 0 57 32
0.5 240 57 0
0.5 0 53 0
0.5 0 53 37
0.5 0 57 45
0.5 480 57 0
0.5 0 53 0
0.5 480 41 51
0.5 240 41 0
0.5 240 53 39
0.5 0 41 12
0.5 240 41 0
0.5 0 53 0
1 0 0 0
