0.5 0 57 34
0.5 0 69 42
0.5 360 69 0
0.5 0 67 31
0.5 120 67 0
0.5 0 65 31
0.5 120 65 0
0.5 0 67 31
0.5 120 67 0
0.5 0 57 0
0.5 0 58 30
0.5 0 69 36
0.5 480 69 0
0.5 0 65 36
0.5 240 65 0
0.5 0 58 0
0.5 0 60 34
0.5 0 69 42
0.5 360 69 0
0.5 0 67 32
0.5 120 67 0
0.5 0 65 32
0.5 120 65 0
0.5 0 67 32
0.5 120 67 0
0.5 0 60 0
0.5 0 58 30
0.5 0 69 36
0.5 660 69 0
0.5 0 58 0
0.5 60 65 36
0.5 0 72 45
0.5 360 72 0
0.5 0 74 38
0.5 120 74 0
0.5 0 76 42
0.5 120 76 0
0.5 0 74 38
0.5 120 74 0
0.5 0 65 0
0.5 0 72 47
0.5 0 65 38
0.5 480 65 0
0.5 0 72 0
0.5 0 64 42
0.5 0 68 42
0.5 240 68 0
0.5 0 64 0
0.5 0 72 48
0.5 0 65 40
0.5 720 72 0
0.5 0 77 52
0.5 480 77 0
0.5 0 65 0
0.5 240 60 40
0.5 0 72 50
0.5 360 72 0
0.5 0 71 37
0.5 120 71 0
0.5 0 69 37
0.5 120 69 0
0.5 0 71 37
0.5 120 71 0
0.5 0 60 0
0.5 0 62 36
0.5 0 72 43
0.5 480 72 0
0.5 0 69 43
0.5 240 69 0
0.5 0 62 0
0.5 0 64 40
0.5 0 72 50
0.5 360 72 0
0.5 0 71 38
0.5 120 71 0
0.5 0 69 38
0.5 120 69 0
0.5 0 71 38
0.5 120 71 0
0.5 0 64 0
0.5 0 62 36
0.5 0 72 43
0.5 660 72 0
0.5 0 62 0
0.5 60 69 40
0.5 0 76 50
0.5 360 76 0
0.5 0 77 42
0.5 120 77 0
0.5 0 79 46
0.5 120 79 0
0.5 0 77 42
0.5 120 77 0
0.5 0 69 0
0.5 0 76 51
0.5 0 69 41
0.5 480 69 0
0.5 0 76 0
0.5 0 68 45
0.5 0 72 45
0.5 240 72 0
0.5 0 68 0
0.5 0 76 51
0.5 0 69 42
0.5 720 76 0
0.5 0 81 53
0.5 240 69 0
0.5 0 68 57
0.5 240 68 0
0.5 0 67 61
0.5 240 67 0
0.5 0 66 70
0.5 480 81 0
0.5 0 78 53
0.5 240 78 0
0.5 0 74 53
0.5 240 74 0
0.5 0 75 53
0.5 240 75 0
0.5 0 76 53
0.5 240 76 0
0.5 0 66 0
0.5 0 65 42
0.5 0 77 53
0.5 480 77 0
0.5 0 74 49
0.5 240 74 0
0.5 0 71 41
0.5 480 71 0
0.5 0 65 0
0.5 240 66 64
0.5 240 81 53
0.5 240 81 0
0.5 0 78 47
0.5 240 78 0
0.5 0 74 49
0.5 240 74 0
0.5 0 75 53
0.5 240 75 0
0.5 0 76 54
0.5 240 66 0
0.5 0 65 42
0.5 240 76 0
0.5 0 77 62
0.5 240 77 0
0.5 0 74 53
0.5 240 74 0
0.5 0 69 56
0.5 240 69 0
0.5 0 70 58
0.5 240 70 0
0.5 0 71 63
0.5 150 65 0
0.5 330 71 0
0.5 0 72 58
0.5 240 72 0
0.5 0 69 53
0.5 240 69 0
0.5 0 61 47
0.5 240 61 0
0.5 0 62 43
0.5 240 62 0
0.5 0 64 44
0.5 240 64 0
0.5 0 65 46
0.5 240 65 0
0.5 0 68 42
0.5 240 68 0
0.5 0 69 39
0.5 240 69 0
0.5 0 73 31
0.5 240 73 0
0.5 0 65 25
0.5 0 69 25
0.5 0 74 32
0.5 60 74 0
0.5 0 69 0
0.5 0 65 0
0.5 180 69 26
0.5 0 74 26
0.5 0 77 33
0.5 60 77 0
0.5 0 74 0
0.5 0 69 0
0.5 180 81 40
0.5 0 77 32
0.5 0 74 32
0.5 60 74 0
0.5 0 77 0
0.5 0 81 0
0.5 1380 64 40
0.5 1440 64 0
0.5 0 60 40
0.5 360 60 0
0.5 0 59 30
0.5 120 59 0
0.5 0 60 30
0.5 120 60 0
0.5 0 62 30
0.5 120 62 0
0.5 0 64 34
0.5 720 64 0
0.5 0 60 40
0.5 360 60 0
0.5 0 59 30
0.5 120 59 0
0.5 0 60 30
0.5 120 60 0
0.5 0 62 30
0.5 120 62 0
0.5 0 64 34
0.5 720 64 0
0.5 0 60 29
0.5 0 52 24
0.5 240 52 0
0.5 0 60 0
0.5 477 64 22
0.5 3 72 27
0.5 240 72 0
0.5 2 64 0
0.5 478 84 28
0.5 0 76 23
0.5 1200 76 0
0.5 0 84 0
0.5 240 57 34
0.5 0 69 42
0.5 360 69 0
0.5 0 67 31
0.5 120 67 0
0.5 0 65 31
0.5 120 65 0
0.5 0 67 31
0.5 120 67 0
0.5 0 57 0
0.5 0 58 30
0.5 0 69 36
0.5 480 69 0
0.5 0 65 36
0.5 240 65 0
0.5 0 58 0
0.5 0 60 34
0.5 0 69 42
0.5 360 69 0
0.5 0 67 32
0.5 120 67 0
0.5 0 65 32
0.5 120 65 0
0.5 0 67 32
0.5 120 67 0
0.5 0 60 0
0.5 0 58 30
0.5 0 69 36
0.5 660 69 0
0.5 0 58 0
0.5 60 65 36
0.5 0 72 45
0.5 360 72 0
0.5 0 74 38
0.5 120 74 0
0.5 0 76 42
0.5 120 76 0
0.5 0 74 38
0.5 120 74 0
0.5 0 65 0
0.5 0 72 47
0.5 0 65 38
0.5 480 65 0
0.5 0 72 0
0.5 0 64 42
0.5 0 68 42
0.5 240 68 0
0.5 0 64 0
0.5 0 72 48
0.5 0 65 39
0.5 720 72 0
0.5 0 77 51
0.5 480 77 0
0.5 0 65 0
0.5 240 60 40
0.5 0 72 50
0.5 360 72 0
0.5 0 71 37
0.5 120 71 0
0.5 0 69 37
0.5 120 69 0
0.5 0 71 37
0.5 120 71 0
0.5 0 60 0
0.5 0 62 36
0.5 0 72 43
0.5 480 72 0
0.5 0 69 43
0.5 240 69 0
0.5 0 62 0
0.5 0 64 40
0.5 0 72 50
0.5 360 72 0
0.5 0 71 38
0.5 120 71 0
0.5 0 69 38
0.5 120 69 0
0.5 0 71 38
0.5 120 71 0
0.5 0 64 0
0.5 0 62 36
0.5 0 72 43
0.5 660 72 0
0.5 0 62 0
0.5 60 69 40
0.5 0 76 50
0.5 360 76 0
0.5 0 77 42
0.5 120 77 0
0.5 0 79 46
0.5 120 79 0
0.5 0 77 42
0.5 120 77 0
0.5 0 69 0
0.5 0 76 51
0.5 0 69 41
0.5 480 69 0
0.5 0 76 0
0.5 0 68 45
0.5 0 72 45
0.5 240 72 0
0.5 0 68 0
0.5 0 76 51
0.5 0 69 42
0.5 720 76 0
0.5 0 81 53
0.5 240 69 0
0.5 0 68 57
0.5 240 68 0
0.5 0 67 61
0.5 240 67 0
0.5 0 66 70
0.5 480 81 0
0.5 0 78 53
0.5 240 78 0
0.5 0 74 53
0.5 240 74 0
0.5 0 75 53
0.5 240 75 0
0.5 0 76 53
0.5 240 76 0
0.5 0 66 0
0.5 0 65 42
0.5 0 77 53
0.5 480 77 0
0.5 0 74 50
0.5 240 74 0
0.5 0 71 46
0.5 480 71 0
0.5 0 65 0
0.5 240 66 64
0.5 240 81 53
0.5 240 81 0
0.5 0 78 47
0.5 240 78 0
0.5 0 74 49
0.5 240 74 0
0.5 0 75 53
0.5 240 75 0
0.5 0 76 54
0.5 240 66 0
0.5 0 65 42
0.5 240 76 0
0.5 0 77 60
0.5 240 77 0
0.5 0 74 53
0.5 240 74 0
0.5 0 69 56
0.5 240 69 0
0.5 0 70 58
0.5 240 70 0
0.5 0 71 63
0.5 150 65 0
0.5 330 71 0
0.5 0 72 58
0.5 240 72 0
0.5 0 69 53
0.5 240 69 0
0.5 0 61 47
0.5 240 61 0
0.5 0 62 43
0.5 240 62 0
0.5 0 64 44
0.5 240 64 0
0.5 0 65 46
0.5 240 65 0
0.5 0 68 42
0.5 240 68 0
0.5 0 69 39
0.5 240 69 0
0.5 0 73 31
0.5 240 73 0
0.5 0 65 25
0.5 0 69 25
0.5 0 74 32
0.5 60 74 0
0.5 0 69 0
0.5 0 65 0
0.5 180 69 26
0.5 0 74 26
0.5 0 77 33
0.5 60 77 0
0.5 0 74 0
0.5 0 69 0
0.5 180 81 40
0.5 0 77 32
0.5 0 74 32
0.5 60 74 0
0.5 0 77 0
0.5 0 81 0
0.5 1380 64 40
0.5 1440 64 0
0.5 0 60 40
0.5 360 60 0
0.5 0 59 30
0.5 120 59 0
0.5 0 60 30
0.5 120 60 0
0.5 0 62 30
0.5 120 62 0
0.5 0 64 34
0.5 720 64 0
0.5 0 60 40
0.5 360 60 0
0.5 0 59 30
0.5 120 59 0
0.5 0 60 30
0.5 120 60 0
0.5 0 62 30
0.5 120 62 0
0.5 0 64 34
0.5 720 64 0
0.5 0 60 29
0.5 0 52 24
0.5 240 52 0
0.5 0 60 0
0.5 477 64 22
0.5 3 72 27
0.5 240 72 0
0.5 2 64 0
0.5 478 84 28
0.5 0 76 23
0.5 1200 76 0
0.5 0 84 0
0.5 240 62 34
0.5 0 67 42
0.5 360 67 0
0.5 0 66 31
0.5 120 66 0
0.5 0 67 31
0.5 120 67 0
0.5 0 69 31
0.5 120 69 0
0.5 0 70 36
0.5 480 62 0
0.5 0 64 36
0.5 240 64 0
0.5 0 65 34
0.5 360 70 0
0.5 0 69 36
0.5 120 69 0
0.5 0 70 38
0.5 120 70 0
0.5 0 72 40
0.5 120 72 0
0.5 0 74 44
0.5 480 65 0
0.5 0 66 42
0.5 240 66 0
0.5 240 67 48
0.5 120 67 0
0.5 0 74 0
0.5 0 73 42
0.5 0 70 42
0.5 120 70 0
0.5 0 73 0
0.5 0 67 46
0.5 120 67 0
0.5 0 70 42
0.5 0 74 42
0.5 120 74 0
0.5 0 70 0
0.5 0 70 47
0.5 90 70 0
0.5 30 74 41
0.5 0 78 41
0.5 90 78 0
0.5 0 74 0
0.5 30 70 45
0.5 90 70 0
0.5 30 79 39
0.5 0 74 39
0.5 90 74 0
0.5 0 79 0
0.5 30 74 43
0.5 90 74 0
0.5 30 81 37
0.5 0 79 37
0.5 90 79 0
0.5 0 81 0
0.5 30 74 43
0.5 90 74 0
0.5 30 82 36
0.5 0 79 36
0.5 90 79 0
0.5 0 82 0
0.5 30 79 41
0.5 90 79 0
0.5 30 85 34
0.5 0 82 34
0.5 90 82 0
0.5 0 85 0
0.5 30 79 38
0.5 90 79 0
0.5 30 86 33
0.5 0 82 33
0.5 90 82 0
0.5 0 86 0
0.5 30 91 48
0.5 120 91 0
0.5 600 67 37
0.5 0 72 46
0.5 360 72 0
0.5 0 71 34
0.5 120 71 0
0.5 0 72 35
0.5 120 72 0
0.5 0 74 35
0.5 120 74 0
0.5 0 75 41
0.5 480 67 0
0.5 0 69 42
0.5 240 69 0
0.5 0 70 41
0.5 360 75 0
0.5 0 74 44
0.5 120 74 0
0.5 0 75 47
0.5 120 75 0
0.5 0 77 50
0.5 120 77 0
0.5 0 79 55
0.5 480 70 0
0.5 0 71 42
0.5 240 71 0
0.5 240 72 48
0.5 120 72 0
0.5 0 79 0
0.5 0 78 42
0.5 0 75 42
0.5 120 75 0
0.5 0 78 0
0.5 0 72 46
0.5 120 72 0
0.5 0 75 42
0.5 0 79 42
0.5 120 79 0
0.5 0 75 0
0.5 0 75 47
0.5 90 75 0
0.5 30 79 41
0.5 0 83 41
0.5 90 83 0
0.5 0 79 0
0.5 30 75 45
0.5 90 75 0
0.5 30 84 39
0.5 0 79 39
0.5 90 79 0
0.5 0 84 0
0.5 30 79 43
0.5 90 79 0
0.5 30 86 37
0.5 0 84 37
0.5 90 84 0
0.5 0 86 0
0.5 30 79 43
0.5 90 79 0
0.5 30 87 36
0.5 0 84 36
0.5 90 84 0
0.5 0 87 0
0.5 30 84 41
0.5 90 84 0
0.5 30 90 34
0.5 0 87 34
0.5 90 87 0
0.5 0 90 0
0.5 30 84 38
0.5 90 84 0
0.5 30 91 33
0.5 0 87 33
0.5 90 87 0
0.5 0 91 0
0.5 30 96 48
0.5 120 96 0
0.5 720 82 31
0.5 0 86 31
0.5 120 86 0
0.5 0 82 0
0.5 0 88 35
0.5 120 88 0
0.5 0 82 30
0.5 0 86 30
0.5 120 86 0
0.5 0 82 0
0.5 0 89 35
0.5 120 89 0
0.5 0 86 31
0.5 0 82 31
0.5 120 82 0
0.5 0 86 0
0.5 120 86 30
0.5 0 82 30
0.5 120 82 0
0.5 0 86 0
0.5 0 88 35
0.5 120 88 0
0.5 0 86 32
0.5 0 82 32
0.5 120 82 0
0.5 0 86 0
0.5 0 89 35
0.5 120 89 0
0.5 0 82 31
0.5 0 86 31
0.5 120 86 0
0.5 0 82 0
0.5 120 82 34
0.5 0 86 34
0.5 120 86 0
0.5 0 82 0
0.5 0 88 39
0.5 120 88 0
0.5 0 82 34
0.5 0 86 34
0.5 120 86 0
0.5 0 82 0
0.5 0 89 41
0.5 120 89 0
0.5 0 86 37
0.5 0 82 37
0.5 120 82 0
0.5 0 86 0
0.5 120 86 37
0.5 0 82 37
0.5 120 82 0
0.5 0 86 0
0.5 0 88 45
0.5 120 88 0
0.5 0 86 41
0.5 0 82 41
0.5 120 82 0
0.5 0 86 0
0.5 0 89 46
0.5 120 89 0
0.5 0 82 42
0.5 0 86 42
0.5 120 86 0
0.5 0 82 0
0.5 120 83 42
0.5 0 86 42
0.5 120 86 0
0.5 0 83 0
0.5 0 88 47
0.5 120 88 0
0.5 0 83 39
0.5 0 86 39
0.5 120 86 0
0.5 0 83 0
0.5 0 89 45
0.5 120 89 0
0.5 0 86 39
0.5 0 83 39
0.5 120 83 0
0.5 0 86 0
0.5 120 86 36
0.5 0 83 36
0.5 120 83 0
0.5 0 86 0
0.5 0 88 42
0.5 120 88 0
0.5 0 86 37
0.5 0 83 37
0.5 120 83 0
0.5 0 86 0
0.5 0 89 40
0.5 120 89 0
0.5 0 83 35
0.5 0 86 35
0.5 120 86 0
0.5 0 83 0
0.5 120 83 31
0.5 0 86 31
0.5 120 86 0
0.5 0 83 0
0.5 0 88 35
0.5 120 88 0
0.5 0 83 30
0.5 0 86 30
0.5 120 86 0
0.5 0 83 0
0.5 0 89 35
0.5 120 89 0
0.5 0 86 31
0.5 0 83 31
0.5 120 83 0
0.5 0 86 0
0.5 120 86 30
0.5 0 83 30
0.5 120 83 0
0.5 0 86 0
0.5 0 88 35
0.5 120 88 0
0.5 0 86 32
0.5 0 83 32
0.5 120 83 0
0.5 0 86 0
0.5 0 89 35
0.5 120 89 0
0.5 0 83 31
0.5 0 86 31
0.5 120 86 0
0.5 0 83 0
0.5 120 82 31
0.5 0 85 31
0.5 120 85 0
0.5 0 82 0
0.5 0 88 35
0.5 120 88 0
0.5 0 82 30
0.5 0 85 30
0.5 120 85 0
0.5 0 82 0
0.5 0 89 35
0.5 120 89 0
0.5 0 85 31
0.5 0 82 31
0.5 120 82 0
0.5 0 85 0
0.5 120 85 30
0.5 0 82 30
0.5 120 82 0
0.5 0 85 0
0.5 0 88 36
0.5 120 88 0
0.5 0 85 32
0.5 0 82 32
0.5 120 82 0
0.5 0 85 0
0.5 0 89 36
0.5 120 89 0
0.5 0 82 32
0.5 0 85 32
0.5 120 85 0
0.5 0 82 0
0.5 120 82 35
0.5 0 85 35
0.5 120 85 0
0.5 0 82 0
0.5 0 88 40
0.5 120 88 0
0.5 0 82 36
0.5 0 85 36
0.5 120 85 0
0.5 0 82 0
0.5 0 89 44
0.5 120 89 0
0.5 0 85 40
0.5 0 82 40
0.5 120 82 0
0.5 0 85 0
0.5 120 85 40
0.5 0 82 40
0.5 120 82 0
0.5 0 85 0
0.5 0 88 50
0.5 120 88 0
0.5 0 85 46
0.5 0 82 46
0.5 120 82 0
0.5 0 85 0
0.5 0 89 53
0.5 120 89 0
0.5 0 82 49
0.5 0 85 49
0.5 120 85 0
0.5 0 82 0
0.5 120 82 46
0.5 0 85 46
0.5 120 85 0
0.5 0 82 0
0.5 0 88 52
0.5 120 88 0
0.5 0 82 43
0.5 0 85 43
0.5 120 85 0
0.5 0 82 0
0.5 0 89 50
0.5 120 89 0
0.5 0 85 44
0.5 0 82 44
0.5 120 82 0
0.5 0 85 0
0.5 120 82 43
0.5 0 85 43
0.5 120 85 0
0.5 0 82 0
0.5 0 88 53
0.5 120 88 0
0.5 0 82 46
0.5 0 85 46
0.5 120 85 0
0.5 0 82 0
0.5 0 89 53
0.5 120 89 0
0.5 0 85 46
0.5 0 82 46
0.5 120 82 0
0.5 0 85 0
0.5 120 82 43
0.5 0 85 43
0.5 120 85 0
0.5 0 82 0
0.5 0 88 53
0.5 120 88 0
0.5 0 82 45
0.5 0 85 45
0.5 120 85 0
0.5 0 82 0
0.5 0 89 53
0.5 120 89 0
0.5 0 85 44
0.5 0 82 44
0.5 120 82 0
0.5 0 85 0
0.5 120 85 45
0.5 0 82 45
0.5 120 82 0
0.5 0 85 0
0.5 0 89 49
0.5 120 89 0
0.5 0 82 43
0.5 0 85 43
0.5 120 85 0
0.5 0 82 0
0.5 0 90 49
0.5 120 90 0
0.5 0 85 42
0.5 0 82 42
0.5 120 82 0
0.5 0 85 0
0.5 120 85 56
0.5 0 82 56
0.5 120 82 0
0.5 0 85 0
0.5 0 90 63
0.5 120 90 0
0.5 0 82 53
0.5 0 85 53
0.5 120 85 0
0.5 0 82 0
0.5 0 91 62
0.5 120 91 0
0.5 0 85 52
0.5 0 82 52
0.5 120 82 0
0.5 0 85 0
0.5 120 85 56
0.5 0 82 56
0.5 120 82 0
0.5 0 85 0
0.5 0 90 61
0.5 120 90 0
0.5 0 82 53
0.5 0 85 53
0.5 120 85 0
0.5 0 82 0
0.5 0 91 61
0.5 120 91 0
0.5 0 85 52
0.5 0 82 52
0.5 120 82 0
0.5 0 85 0
0.5 120 85 51
0.5 0 82 51
0.5 120 82 0
0.5 0 85 0
0.5 0 90 58
0.5 120 90 0
0.5 0 82 49
0.5 0 85 49
0.5 120 85 0
0.5 0 82 0
0.5 0 91 57
0.5 120 91 0
0.5 0 85 48
0.5 0 82 48
0.5 120 82 0
0.5 0 85 0
0.5 120 82 51
0.5 0 79 51
0.5 120 79 0
0.5 0 82 0
0.5 0 87 56
0.5 120 87 0
0.5 0 79 49
0.5 0 82 49
0.5 120 82 0
0.5 0 79 0
0.5 0 88 56
0.5 120 88 0
0.5 0 82 48
0.5 0 79 48
0.5 120 79 0
0.5 0 82 0
0.5 120 79 45
0.5 0 76 45
0.5 120 76 0
0.5 0 79 0
0.5 0 84 50
0.5 120 84 0
0.5 0 76 42
0.5 0 79 42
0.5 120 79 0
0.5 0 76 0
0.5 0 85 48
0.5 120 85 0
0.5 0 79 39
0.5 0 76 39
0.5 120 76 0
0.5 0 79 0
0.5 120 76 41
0.5 0 73 41
0.5 120 73 0
0.5 0 76 0
0.5 0 81 44
0.5 120 81 0
0.5 0 73 38
0.5 0 76 38
0.5 120 76 0
0.5 0 73 0
0.5 0 82 43
0.5 120 82 0
0.5 0 76 36
0.5 0 73 36
0.5 120 73 0
0.5 0 76 0
0.5 120 73 38
0.5 0 70 38
0.5 120 70 0
0.5 0 73 0
0.5 0 78 42
0.5 120 78 0
0.5 0 70 35
0.5 0 73 35
0.5 120 73 0
0.5 0 70 0
0.5 0 79 40
0.5 120 79 0
0.5 0 73 33
0.5 0 70 33
0.5 120 70 0
0.5 0 73 0
0.5 120 70 34
0.5 0 67 34
0.5 120 67 0
0.5 0 70 0
0.5 0 75 37
0.5 120 75 0
0.5 0 67 31
0.5 0 70 31
0.5 120 70 0
0.5 0 67 0
0.5 0 76 35
0.5 120 76 0
0.5 0 70 30
0.5 0 67 30
0.5 120 67 0
0.5 0 70 0
0.5 1560 67 29
0.5 0 70 29
0.5 120 70 0
0.5 0 67 0
0.5 0 72 35
0.5 120 72 0
0.5 0 67 30
0.5 0 70 30
0.5 120 70 0
0.5 0 67 0
0.5 0 73 35
0.5 120 73 0
0.5 0 67 31
0.5 0 70 31
0.5 120 70 0
0.5 0 67 0
0.5 120 67 29
0.5 0 70 29
0.5 120 70 0
0.5 0 67 0
0.5 0 72 35
0.5 120 72 0
0.5 0 67 31
0.5 0 70 31
0.5 120 70 0
0.5 0 67 0
0.5 0 73 35
0.5 120 73 0
0.5 0 67 30
0.5 0 70 30
0.5 120 70 0
0.5 0 67 0
0.5 0 78 47
0.5 1440 78 0
0.5 120 64 29
0.5 0 70 29
0.5 120 70 0
0.5 0 64 0
0.5 0 73 37
0.5 120 73 0
0.5 0 64 32
0.5 0 70 32
0.5 120 70 0
0.5 0 64 0
0.5 0 74 38
0.5 120 74 0
0.5 0 64 35
0.5 0 70 35
0.5 120 70 0
0.5 0 64 0
0.5 120 64 34
0.5 0 70 34
0.5 120 70 0
0.5 0 64 0
0.5 0 73 42
0.5 120 73 0
0.5 0 64 37
0.5 0 70 37
0.5 120 70 0
0.5 0 64 0
0.5 0 74 43
0.5 120 74 0
0.5 0 64 38
0.5 0 70 38
0.5 120 70 0
0.5 0 64 0
0.5 0 79 62
0.5 1920 79 0
0.5 0 69 43
0.5 240 69 0
0.5 0 70 50
0.5 480 70 0
0.5 0 72 43
0.5 240 72 0
0.5 0 73 52
0.5 480 73 0
0.5 0 74 43
0.5 240 74 0
0.5 0 66 51
0.5 480 66 0
0.5 0 67 37
0.5 240 67 0
0.5 0 69 48
0.5 480 69 0
0.5 0 70 39
0.5 240 70 0
0.5 0 61 35
0.5 480 61 0
0.5 0 62 26
0.5 240 62 0
0.5 0 64 39
0.5 480 64 0
0.5 0 65 25
0.5 180 65 0
0.5 60 67 34
0.5 480 67 0
0.5 0 68 27
0.5 240 68 0
0.5 0 57 30
0.5 0 69 37
0.5 360 69 0
0.5 0 67 27
0.5 120 67 0
0.5 0 65 27
0.5 120 65 0
0.5 0 67 27
0.5 120 67 0
0.5 0 57 0
0.5 0 58 27
0.5 0 69 32
0.5 480 69 0
0.5 0 65 32
0.5 240 65 0
0.5 0 58 0
0.5 0 60 30
0.5 0 69 37
0.5 360 69 0
0.5 0 67 28
0.5 120 67 0
0.5 0 65 28
0.5 120 65 0
0.5 0 67 28
0.5 120 67 0
0.5 0 60 0
0.5 0 58 27
0.5 0 69 32
0.5 660 69 0
0.5 0 58 0
0.5 60 65 36
0.5 0 72 45
0.5 360 72 0
0.5 0 74 38
0.5 120 74 0
0.5 0 76 42
0.5 120 76 0
0.5 0 74 38
0.5 120 74 0
0.5 0 65 0
0.5 0 72 47
0.5 0 65 38
0.5 480 65 0
0.5 0 72 0
0.5 0 64 42
0.5 0 68 42
0.5 240 68 0
0.5 0 64 0
0.5 0 72 48
0.5 0 65 40
0.5 720 72 0
0.5 0 77 52
0.5 480 77 0
0.5 0 65 0
0.5 240 60 40
0.5 0 72 50
0.5 360 72 0
0.5 0 71 37
0.5 120 71 0
0.5 0 69 37
0.5 120 69 0
0.5 0 71 37
0.5 120 71 0
0.5 0 60 0
0.5 0 62 36
0.5 0 72 43
0.5 480 72 0
0.5 0 69 43
0.5 240 69 0
0.5 0 62 0
0.5 0 64 40
0.5 0 72 50
0.5 360 72 0
0.5 0 71 38
0.5 120 71 0
0.5 0 69 38
0.5 120 69 0
0.5 0 71 38
0.5 120 71 0
0.5 0 64 0
0.5 0 62 36
0.5 0 72 43
0.5 660 72 0
0.5 0 62 0
0.5 60 69 40
0.5 0 76 50
0.5 360 76 0
0.5 0 77 42
0.5 120 77 0
0.5 0 79 46
0.5 120 79 0
0.5 0 77 42
0.5 120 77 0
0.5 0 69 0
0.5 0 76 51
0.5 0 69 41
0.5 480 69 0
0.5 0 76 0
0.5 0 68 45
0.5 0 72 45
0.5 240 72 0
0.5 0 68 0
0.5 0 76 51
0.5 0 69 42
0.5 720 76 0
0.5 0 81 53
0.5 240 69 0
0.5 0 68 57
0.5 240 68 0
0.5 0 67 61
0.5 240 67 0
0.5 0 66 70
0.5 480 81 0
0.5 0 78 53
0.5 240 78 0
0.5 0 74 53
0.5 240 74 0
0.5 0 75 53
0.5 240 75 0
0.5 0 76 53
0.5 240 76 0
0.5 0 66 0
0.5 0 65 42
0.5 0 77 53
0.5 480 77 0
0.5 0 74 50
0.5 240 74 0
0.5 0 71 49
0.5 480 71 0
0.5 0 65 0
0.5 240 66 64
0.5 240 81 53
0.5 240 81 0
0.5 0 78 47
0.5 240 78 0
0.5 0 74 49
0.5 240 74 0
0.5 0 75 53
0.5 240 75 0
0.5 0 76 54
0.5 240 66 0
0.5 0 65 42
0.5 240 76 0
0.5 0 77 62
0.5 240 77 0
0.5 0 74 53
0.5 240 74 0
0.5 0 71 56
0.5 630 71 0
0.5 0 65 0
0.5 90 74 57
0.5 0 86 80
0.5 480 86 0
0.5 0 82 62
0.5 240 82 0
0.5 0 78 53
0.5 240 78 0
0.5 0 79 60
0.5 240 79 0
0.5 0 81 63
0.5 240 81 0
0.5 0 74 0
0.5 0 82 71
0.5 0 70 60
0.5 480 82 0
0.5 0 79 57
0.5 240 79 0
0.5 0 76 53
0.5 720 76 0
0.5 0 70 0
0.5 0 74 68
0.5 240 86 70
0.5 240 86 0
0.5 0 82 62
0.5 240 82 0
0.5 0 78 53
0.5 240 78 0
0.5 0 79 60
0.5 240 79 0
0.5 0 81 63
0.5 240 74 0
0.5 0 70 59
0.5 240 81 0
0.5 0 82 62
0.5 240 82 0
0.5 0 79 57
0.5 240 79 0
0.5 0 73 56
0.5 240 73 0
0.5 0 74 58
0.5 240 74 0
0.5 0 76 63
0.5 240 70 0
0.5 240 76 0
0.5 0 77 58
0.5 240 77 0
0.5 0 74 53
0.5 240 74 0
0.5 0 66 47
0.5 240 66 0
0.5 0 67 43
0.5 240 67 0
0.5 0 69 44
0.5 240 69 0
0.5 0 70 46
0.5 240 70 0
0.5 0 73 42
0.5 240 73 0
0.5 0 74 39
0.5 240 74 0
0.5 0 78 31
0.5 240 78 0
0.5 0 70 25
0.5 0 74 25
0.5 0 79 32
0.5 60 79 0
0.5 0 74 0
0.5 0 70 0
0.5 180 74 26
0.5 0 79 26
0.5 0 82 33
0.5 60 82 0
0.5 0 79 0
0.5 0 74 0
0.5 180 86 40
0.5 0 82 32
0.5 0 79 32
0.5 60 79 0
0.5 0 82 0
0.5 0 86 0
0.5 1380 58 36
0.5 0 64 36
0.5 0 69 40
0.5 1440 69 0
0.5 0 64 0
0.5 0 58 0
0.5 0 57 32
0.5 0 65 40
0.5 360 65 0
0.5 0 64 30
0.5 120 64 0
0.5 0 65 30
0.5 120 65 0
0.5 0 67 30
0.5 120 67 0
0.5 0 57 0
0.5 0 58 30
0.5 0 64 38
0.5 0 69 34
0.5 720 69 0
0.5 0 64 0
0.5 0 58 0
0.5 0 65 40
0.5 360 65 0
0.5 0 64 30
0.5 120 64 0
0.5 0 65 30
0.5 120 65 0
0.5 0 67 30
0.5 120 67 0
0.5 0 64 38
0.5 0 58 30
0.5 0 69 34
0.5 720 69 0
0.5 0 58 0
0.5 0 64 0
0.5 0 65 29
0.5 0 57 24
0.5 240 57 0
0.5 0 65 0
0.5 480 69 22
0.5 0 77 27
0.5 240 77 0
0.5 5 69 0
0.5 475 89 28
0.5 0 81 23
0.5 1200 81 0
0.5 0 89 0
0.5 240 62 34
0.5 0 67 42
0.5 360 67 0
0.5 0 66 31
0.5 120 66 0
0.5 0 67 31
0.5 120 67 0
0.5 0 69 31
0.5 120 69 0
0.5 0 70 36
0.5 480 62 0
0.5 0 64 36
0.5 240 64 0
0.5 0 65 34
0.5 360 70 0
0.5 0 69 36
0.5 120 69 0
0.5 0 70 38
0.5 120 70 0
0.5 0 72 40
0.5 120 72 0
0.5 0 74 44
0.5 480 65 0
0.5 0 66 42
0.5 240 66 0
0.5 240 67 48
0.5 120 67 0
0.5 0 74 0
0.5 0 73 42
0.5 0 70 42
0.5 120 70 0
0.5 0 73 0
0.5 0 67 46
0.5 120 67 0
0.5 0 70 42
0.5 0 74 42
0.5 120 74 0
0.5 0 70 0
0.5 0 70 47
0.5 90 70 0
0.5 30 74 41
0.5 0 78 41
0.5 90 78 0
0.5 0 74 0
0.5 30 70 45
0.5 90 70 0
0.5 30 79 39
0.5 0 74 39
0.5 90 74 0
0.5 0 79 0
0.5 30 74 43
0.5 90 74 0
0.5 30 81 37
0.5 0 79 37
0.5 90 79 0
0.5 0 81 0
0.5 30 74 43
0.5 90 74 0
0.5 30 82 36
0.5 0 79 36
0.5 90 79 0
0.5 0 82 0
0.5 30 79 41
0.5 90 79 0
0.5 30 85 34
0.5 0 82 34
0.5 90 82 0
0.5 0 85 0
0.5 30 79 38
0.5 90 79 0
0.5 30 86 33
0.5 0 82 33
0.5 90 82 0
0.5 0 86 0
0.5 30 91 48
0.5 120 91 0
0.5 600 67 37
0.5 0 72 46
0.5 360 72 0
0.5 0 71 34
0.5 120 71 0
0.5 0 72 35
0.5 120 72 0
0.5 0 74 35
0.5 120 74 0
0.5 0 75 41
0.5 480 67 0
0.5 0 69 42
0.5 240 69 0
0.5 0 70 41
0.5 360 75 0
0.5 0 74 44
0.5 120 74 0
0.5 0 75 47
0.5 120 75 0
0.5 0 77 50
0.5 120 77 0
0.5 0 79 55
0.5 480 70 0
0.5 0 71 42
0.5 240 71 0
0.5 240 72 48
0.5 120 72 0
0.5 0 79 0
0.5 0 78 42
0.5 0 75 42
0.5 120 75 0
0.5 0 78 0
0.5 0 72 46
0.5 120 72 0
0.5 0 75 42
0.5 0 79 42
0.5 120 79 0
0.5 0 75 0
0.5 0 75 47
0.5 90 75 0
0.5 30 79 41
0.5 0 83 41
0.5 90 83 0
0.5 0 79 0
0.5 30 75 45
0.5 90 75 0
0.5 30 84 39
0.5 0 79 39
0.5 90 79 0
0.5 0 84 0
0.5 30 79 43
0.5 90 79 0
0.5 30 86 37
0.5 0 84 37
0.5 90 84 0
0.5 0 86 0
0.5 30 79 43
0.5 90 79 0
0.5 30 87 36
0.5 0 84 36
0.5 90 84 0
0.5 0 87 0
0.5 30 84 41
0.5 90 84 0
0.5 30 90 34
0.5 0 87 34
0.5 90 87 0
0.5 0 90 0
0.5 30 84 38
0.5 90 84 0
0.5 30 91 33
0.5 0 87 33
0.5 90 87 0
0.5 0 91 0
0.5 30 96 48
0.5 120 96 0
0.5 720 82 31
0.5 0 86 31
0.5 120 86 0
0.5 0 82 0
0.5 0 88 35
0.5 120 88 0
0.5 0 82 30
0.5 0 86 30
0.5 120 86 0
0.5 0 82 0
0.5 0 89 35
0.5 120 89 0
0.5 0 86 31
0.5 0 82 31
0.5 120 82 0
0.5 0 86 0
0.5 120 86 30
0.5 0 82 30
0.5 120 82 0
0.5 0 86 0
0.5 0 88 35
0.5 120 88 0
0.5 0 86 32
0.5 0 82 32
0.5 120 82 0
0.5 0 86 0
0.5 0 89 35
0.5 120 89 0
0.5 0 82 31
0.5 0 86 31
0.5 120 86 0
0.5 0 82 0
0.5 120 82 34
0.5 0 86 34
0.5 120 86 0
0.5 0 82 0
0.5 0 88 39
0.5 120 88 0
0.5 0 82 34
0.5 0 86 34
0.5 120 86 0
0.5 0 82 0
0.5 0 89 41
0.5 120 89 0
0.5 0 86 37
0.5 0 82 37
0.5 120 82 0
0.5 0 86 0
0.5 120 86 37
0.5 0 82 37
0.5 120 82 0
0.5 0 86 0
0.5 0 88 45
0.5 120 88 0
0.5 0 86 41
0.5 0 82 41
0.5 120 82 0
0.5 0 86 0
0.5 0 89 46
0.5 120 89 0
0.5 0 82 42
0.5 0 86 42
0.5 120 86 0
0.5 0 82 0
0.5 120 83 42
0.5 0 86 42
0.5 120 86 0
0.5 0 83 0
0.5 0 88 47
0.5 120 88 0
0.5 0 83 39
0.5 0 86 39
0.5 120 86 0
0.5 0 83 0
0.5 0 89 45
0.5 120 89 0
0.5 0 86 39
0.5 0 83 39
0.5 120 83 0
0.5 0 86 0
0.5 120 86 36
0.5 0 83 36
0.5 120 83 0
0.5 0 86 0
0.5 0 88 42
0.5 120 88 0
0.5 0 86 37
0.5 0 83 37
0.5 120 83 0
0.5 0 86 0
0.5 0 89 40
0.5 120 89 0
0.5 0 83 35
0.5 0 86 35
0.5 120 86 0
0.5 0 83 0
0.5 120 83 31
0.5 0 86 31
0.5 120 86 0
0.5 0 83 0
0.5 0 88 35
0.5 120 88 0
0.5 0 83 30
0.5 0 86 30
0.5 120 86 0
0.5 0 83 0
0.5 0 89 35
0.5 120 89 0
0.5 0 86 31
0.5 0 83 31
0.5 120 83 0
0.5 0 86 0
0.5 120 86 30
0.5 0 83 30
0.5 120 83 0
0.5 0 86 0
0.5 0 88 35
0.5 120 88 0
0.5 0 86 32
0.5 0 83 32
0.5 120 83 0
0.5 0 86 0
0.5 0 89 35
0.5 120 89 0
0.5 0 83 31
0.5 0 86 31
0.5 120 86 0
0.5 0 83 0
0.5 120 82 31
0.5 0 85 31
0.5 120 85 0
0.5 0 82 0
0.5 0 88 35
0.5 120 88 0
0.5 0 82 30
0.5 0 85 30
0.5 120 85 0
0.5 0 82 0
0.5 0 89 35
0.5 120 89 0
0.5 0 85 31
0.5 0 82 31
0.5 120 82 0
0.5 0 85 0
0.5 120 85 30
0.5 0 82 30
0.5 120 82 0
0.5 0 85 0
0.5 0 88 36
0.5 120 88 0
0.5 0 85 32
0.5 0 82 32
0.5 120 82 0
0.5 0 85 0
0.5 0 89 36
0.5 120 89 0
0.5 0 82 32
0.5 0 85 32
0.5 120 85 0
0.5 0 82 0
0.5 120 82 35
0.5 0 85 35
0.5 120 85 0
0.5 0 82 0
0.5 0 88 40
0.5 120 88 0
0.5 0 82 36
0.5 0 85 36
0.5 120 85 0
0.5 0 82 0
0.5 0 89 44
0.5 120 89 0
0.5 0 85 40
0.5 0 82 40
0.5 120 82 0
0.5 0 85 0
0.5 120 85 40
0.5 0 82 40
0.5 120 82 0
0.5 0 85 0
0.5 0 88 50
0.5 120 88 0
0.5 0 85 46
0.5 0 82 46
0.5 120 82 0
0.5 0 85 0
0.5 0 89 53
0.5 120 89 0
0.5 0 82 49
0.5 0 85 49
0.5 120 85 0
0.5 0 82 0
0.5 120 82 46
0.5 0 85 46
0.5 120 85 0
0.5 0 82 0
0.5 0 88 52
0.5 120 88 0
0.5 0 82 43
0.5 0 85 43
0.5 120 85 0
0.5 0 82 0
0.5 0 89 50
0.5 120 89 0
0.5 0 85 44
0.5 0 82 44
0.5 120 82 0
0.5 0 85 0
0.5 120 82 43
0.5 0 85 43
0.5 120 85 0
0.5 0 82 0
0.5 0 88 53
0.5 120 88 0
0.5 0 82 46
0.5 0 85 46
0.5 120 85 0
0.5 0 82 0
0.5 0 89 53
0.5 120 89 0
0.5 0 85 46
0.5 0 82 46
0.5 120 82 0
0.5 0 85 0
0.5 120 82 43
0.5 0 85 43
0.5 120 85 0
0.5 0 82 0
0.5 0 88 53
0.5 120 88 0
0.5 0 82 45
0.5 0 85 45
0.5 120 85 0
0.5 0 82 0
0.5 0 89 53
0.5 120 89 0
0.5 0 85 44
0.5 0 82 44
0.5 120 82 0
0.5 0 85 0
0.5 120 85 45
0.5 0 82 45
0.5 120 82 0
0.5 0 85 0
0.5 0 89 49
0.5 120 89 0
0.5 0 82 43
0.5 0 85 43
0.5 120 85 0
0.5 0 82 0
0.5 0 90 49
0.5 120 90 0
0.5 0 85 42
0.5 0 82 42
0.5 120 82 0
0.5 0 85 0
0.5 120 85 56
0.5 0 82 56
0.5 120 82 0
0.5 0 85 0
0.5 0 90 63
0.5 120 90 0
0.5 0 82 53
0.5 0 85 53
0.5 120 85 0
0.5 0 82 0
0.5 0 91 62
0.5 120 91 0
0.5 0 85 52
0.5 0 82 52
0.5 120 82 0
0.5 0 85 0
0.5 120 85 56
0.5 0 82 56
0.5 120 82 0
0.5 0 85 0
0.5 0 90 61
0.5 120 90 0
0.5 0 82 53
0.5 0 85 53
0.5 120 85 0
0.5 0 82 0
0.5 0 91 61
0.5 120 91 0
0.5 0 85 52
0.5 0 82 52
0.5 120 82 0
0.5 0 85 0
0.5 120 85 51
0.5 0 82 51
0.5 120 82 0
0.5 0 85 0
0.5 0 90 58
0.5 120 90 0
0.5 0 82 49
0.5 0 85 49
0.5 120 85 0
0.5 0 82 0
0.5 0 91 57
0.5 120 91 0
0.5 0 85 48
0.5 0 82 48
0.5 120 82 0
0.5 0 85 0
0.5 120 82 51
0.5 0 79 51
0.5 120 79 0
0.5 0 82 0
0.5 0 87 56
0.5 120 87 0
0.5 0 79 49
0.5 0 82 49
0.5 120 82 0
0.5 0 79 0
0.5 0 88 56
0.5 120 88 0
0.5 0 82 48
0.5 0 79 48
0.5 120 79 0
0.5 0 82 0
0.5 120 79 45
0.5 0 76 45
0.5 120 76 0
0.5 0 79 0
0.5 0 84 50
0.5 120 84 0
0.5 0 76 42
0.5 0 79 42
0.5 120 79 0
0.5 0 76 0
0.5 0 85 48
0.5 120 85 0
0.5 0 79 39
0.5 0 76 39
0.5 120 76 0
0.5 0 79 0
0.5 120 76 41
0.5 0 73 41
0.5 120 73 0
0.5 0 76 0
0.5 0 81 44
0.5 120 81 0
0.5 0 73 38
0.5 0 76 38
0.5 120 76 0
0.5 0 73 0
0.5 0 82 43
0.5 120 82 0
0.5 0 76 36
0.5 0 73 36
0.5 120 73 0
0.5 0 76 0
0.5 120 73 38
0.5 0 70 38
0.5 120 70 0
0.5 0 73 0
0.5 0 78 42
0.5 120 78 0
0.5 0 70 35
0.5 0 73 35
0.5 120 73 0
0.5 0 70 0
0.5 0 79 40
0.5 120 79 0
0.5 0 73 33
0.5 0 70 33
0.5 120 70 0
0.5 0 73 0
0.5 120 70 34
0.5 0 67 34
0.5 120 67 0
0.5 0 70 0
0.5 0 75 37
0.5 120 75 0
0.5 0 67 31
0.5 0 70 31
0.5 120 70 0
0.5 0 67 0
0.5 0 76 35
0.5 120 76 0
0.5 0 70 30
0.5 0 67 30
0.5 120 67 0
0.5 0 70 0
0.5 1560 67 29
0.5 0 70 29
0.5 120 70 0
0.5 0 67 0
0.5 0 72 35
0.5 120 72 0
0.5 0 67 30
0.5 0 70 30
0.5 120 70 0
0.5 0 67 0
0.5 0 73 35
0.5 120 73 0
0.5 0 67 31
0.5 0 70 31
0.5 120 70 0
0.5 0 67 0
0.5 120 67 29
0.5 0 70 29
0.5 120 70 0
0.5 0 67 0
0.5 0 72 35
0.5 120 72 0
0.5 0 67 31
0.5 0 70 31
0.5 120 70 0
0.5 0 67 0
0.5 0 73 35
0.5 120 73 0
0.5 0 67 30
0.5 0 70 30
0.5 120 70 0
0.5 0 67 0
0.5 0 78 47
0.5 1440 78 0
0.5 120 64 29
0.5 0 70 29
0.5 120 70 0
0.5 0 64 0
0.5 0 73 37
0.5 120 73 0
0.5 0 64 32
0.5 0 70 32
0.5 120 70 0
0.5 0 64 0
0.5 0 74 38
0.5 120 74 0
0.5 0 64 35
0.5 0 70 35
0.5 120 70 0
0.5 0 64 0
0.5 120 64 34
0.5 0 70 34
0.5 120 70 0
0.5 0 64 0
0.5 0 73 42
0.5 120 73 0
0.5 0 64 37
0.5 0 70 37
0.5 120 70 0
0.5 0 64 0
0.5 0 74 43
0.5 120 74 0
0.5 0 64 38
0.5 0 70 38
0.5 120 70 0
0.5 0 64 0
0.5 0 79 62
0.5 1920 79 0
0.5 0 69 43
0.5 240 69 0
0.5 0 70 50
0.5 480 70 0
0.5 0 72 43
0.5 240 72 0
0.5 0 73 52
0.5 480 73 0
0.5 0 74 43
0.5 240 74 0
0.5 0 66 51
0.5 480 66 0
0.5 0 67 37
0.5 240 67 0
0.5 0 69 48
0.5 480 69 0
0.5 0 70 39
0.5 240 70 0
0.5 0 61 35
0.5 480 61 0
0.5 0 62 26
0.5 240 62 0
0.5 0 64 39
0.5 480 64 0
0.5 0 65 25
0.5 180 65 0
0.5 60 67 34
0.5 480 67 0
0.5 0 68 27
0.5 240 68 0
0.5 0 57 30
0.5 0 69 37
0.5 360 69 0
0.5 0 67 27
0.5 120 67 0
0.5 0 65 27
0.5 120 65 0
0.5 0 67 27
0.5 120 67 0
0.5 0 57 0
0.5 0 58 27
0.5 0 69 32
0.5 480 69 0
0.5 0 65 32
0.5 240 65 0
0.5 0 58 0
0.5 0 60 30
0.5 0 69 37
0.5 360 69 0
0.5 0 67 28
0.5 120 67 0
0.5 0 65 28
0.5 120 65 0
0.5 0 67 28
0.5 120 67 0
0.5 0 60 0
0.5 0 58 27
0.5 0 69 32
0.5 660 69 0
0.5 0 58 0
0.5 60 65 36
0.5 0 72 45
0.5 360 72 0
0.5 0 74 38
0.5 120 74 0
0.5 0 76 42
0.5 120 76 0
0.5 0 74 38
0.5 120 74 0
0.5 0 65 0
0.5 0 72 47
0.5 0 65 38
0.5 480 65 0
0.5 0 72 0
0.5 0 64 42
0.5 0 68 42
0.5 240 68 0
0.5 0 64 0
0.5 0 72 48
0.5 0 65 40
0.5 720 72 0
0.5 0 77 48
0.5 480 77 0
0.5 0 65 0
0.5 240 60 40
0.5 0 72 50
0.5 360 72 0
0.5 0 71 37
0.5 120 71 0
0.5 0 69 37
0.5 120 69 0
0.5 0 71 37
0.5 120 71 0
0.5 0 60 0
0.5 0 62 36
0.5 0 72 43
0.5 480 72 0
0.5 0 69 43
0.5 240 69 0
0.5 0 62 0
0.5 0 64 40
0.5 0 72 50
0.5 360 72 0
0.5 0 71 38
0.5 120 71 0
0.5 0 69 38
0.5 120 69 0
0.5 0 71 38
0.5 120 71 0
0.5 0 64 0
0.5 0 62 36
0.5 0 72 43
0.5 660 72 0
0.5 0 62 0
0.5 60 69 40
0.5 0 76 50
0.5 360 76 0
0.5 0 77 42
0.5 120 77 0
0.5 0 79 46
0.5 120 79 0
0.5 0 77 42
0.5 120 77 0
0.5 0 69 0
0.5 0 76 51
0.5 0 69 41
0.5 480 69 0
0.5 0 76 0
0.5 0 68 45
0.5 0 72 45
0.5 240 72 0
0.5 0 68 0
0.5 0 76 51
0.5 0 69 42
0.5 720 76 0
0.5 0 81 53
0.5 240 69 0
0.5 0 68 57
0.5 240 68 0
0.5 0 67 61
0.5 240 67 0
0.5 0 66 70
0.5 480 81 0
0.5 0 78 53
0.5 240 78 0
0.5 0 74 53
0.5 240 74 0
0.5 0 75 53
0.5 240 75 0
0.5 0 76 53
0.5 240 76 0
0.5 0 66 0
0.5 0 65 44
0.5 0 77 53
0.5 480 77 0
0.5 0 74 50
0.5 240 74 0
0.5 0 71 47
0.5 480 71 0
0.5 0 65 0
0.5 240 66 64
0.5 240 81 53
0.5 240 81 0
0.5 0 78 47
0.5 240 78 0
0.5 0 74 49
0.5 240 74 0
0.5 0 75 53
0.5 240 75 0
0.5 0 76 54
0.5 240 66 0
0.5 0 65 44
0.5 240 76 0
0.5 0 77 62
0.5 240 77 0
0.5 0 74 53
0.5 240 74 0
0.5 0 71 56
0.5 630 71 0
0.5 0 65 0
0.5 90 74 57
0.5 0 86 80
0.5 480 86 0
0.5 0 82 62
0.5 240 82 0
0.5 0 78 53
0.5 240 78 0
0.5 0 79 60
0.5 240 79 0
0.5 0 81 63
0.5 240 81 0
0.5 0 74 0
0.5 0 82 71
0.5 0 70 60
0.5 480 82 0
0.5 0 79 55
0.5 240 79 0
0.5 0 76 50
0.5 720 76 0
0.5 0 70 0
0.5 0 74 68
0.5 240 86 70
0.5 240 86 0
0.5 0 82 62
0.5 240 82 0
0.5 0 78 53
0.5 240 78 0
0.5 0 79 60
0.5 240 79 0
0.5 0 81 63
0.5 240 74 0
0.5 0 70 59
0.5 240 81 0
0.5 0 82 62
0.5 240 82 0
0.5 0 79 57
0.5 240 79 0
0.5 0 73 56
0.5 240 73 0
0.5 0 74 58
0.5 240 74 0
0.5 0 76 63
0.5 240 70 0
0.5 240 76 0
0.5 0 77 58
0.5 240 77 0
0.5 0 74 53
0.5 240 74 0
0.5 0 66 47
0.5 240 66 0
0.5 0 67 43
0.5 240 67 0
0.5 0 69 44
0.5 240 69 0
0.5 0 70 46
0.5 240 70 0
0.5 0 73 42
0.5 240 73 0
0.5 0 74 39
0.5 240 74 0
0.5 0 78 31
0.5 240 78 0
0.5 0 70 25
0.5 0 74 25
0.5 0 79 32
0.5 60 79 0
0.5 0 74 0
0.5 0 70 0
0.5 180 74 26
0.5 0 79 26
0.5 0 82 33
0.5 60 82 0
0.5 0 79 0
0.5 0 74 0
0.5 180 86 40
0.5 0 82 32
0.5 0 79 32
0.5 60 79 0
0.5 0 82 0
0.5 0 86 0
0.5 1380 58 36
0.5 0 64 36
0.5 0 69 40
0.5 1440 69 0
0.5 0 64 0
0.5 0 58 0
0.5 0 57 32
0.5 0 65 40
0.5 360 65 0
0.5 0 64 30
0.5 120 64 0
0.5 0 65 30
0.5 120 65 0
0.5 0 67 30
0.5 120 67 0
0.5 0 57 0
0.5 0 58 30
0.5 0 64 38
0.5 0 69 34
0.5 720 69 0
0.5 0 64 0
0.5 0 58 0
0.5 0 65 40
0.5 360 65 0
0.5 0 64 30
0.5 120 64 0
0.5 0 65 30
0.5 120 65 0
0.5 0 67 30
0.5 120 67 0
0.5 0 64 38
0.5 0 58 30
0.5 0 69 34
0.5 720 69 0
0.5 0 58 0
0.5 0 64 0
0.5 0 57 24
0.5 10 65 29
0.5 230 57 0
0.5 10 65 0
0.5 470 69 19
0.5 0 77 24
0.5 240 77 0
0.5 5 69 0
0.5 475 89 25
0.5 0 81 20
0.5 1200 81 0
0.5 0 89 0
1 0 0 0
0.5 0 41 24
0.5 0 48 28
0.5 720 48 0
0.5 0 50 24
0.5 720 50 0
0.5 0 52 28
0.5 720 52 0
0.5 0 50 24
0.5 660 50 0
0.5 0 41 25
0.5 30 48 29
0.5 30 41 0
0.5 0 57 30
0.5 720 57 0
0.5 0 58 30
0.5 660 41 23
0.5 30 48 0
0.5 0 48 27
0.5 30 41 0
0.5 0 58 0
0.5 0 57 32
0.5 720 57 0
0.5 450 48 0
0.5 30 41 0
0.5 240 45 29
0.5 0 52 34
0.5 720 52 0
0.5 0 53 29
0.5 720 53 0
0.5 0 55 34
0.5 720 55 0
0.5 0 53 29
0.5 660 53 0
0.5 0 45 25
0.5 30 52 29
0.5 30 45 0
0.5 0 60 34
0.5 720 60 0
0.5 0 62 33
0.5 690 52 0
0.5 30 62 0
0.5 0 45 0
0.5 0 45 25
0.5 0 52 29
0.5 0 60 34
0.5 1440 60 0
0.5 0 52 0
0.5 0 45 0
0.5 0 50 29
0.5 0 60 34
0.5 1380 60 0
0.5 0 50 0
0.5 0 43 34
0.5 30 50 34
0.5 30 59 34
0.5 1140 50 0
0.5 60 59 0
0.5 0 43 0
0.5 240 50 29
0.5 0 60 34
0.5 1380 60 0
0.5 0 50 0
0.5 0 43 38
0.5 30 50 40
0.5 30 59 43
0.5 1140 50 0
0.5 60 59 0
0.5 0 43 0
0.5 150 43 40
0.5 30 50 43
0.5 30 57 46
0.5 30 60 48
0.5 1920 60 0
0.5 0 43 0
0.5 0 50 0
0.5 0 57 0
0.5 2400 59 36
0.5 0 53 36
0.5 0 44 44
0.5 1200 44 0
0.5 0 43 32
0.5 240 43 0
0.5 0 53 0
0.5 0 59 0
0.5 0 36 21
0.5 0 52 32
0.5 0 43 27
0.5 720 43 0
0.5 0 52 0
0.5 0 36 0
0.5 0 53 30
0.5 0 59 38
0.5 0 44 38
0.5 0 56 30
0.5 720 56 0
0.5 0 53 0
0.5 0 59 0
0.5 0 44 0
0.5 0 36 21
0.5 0 52 32
0.5 0 43 27
0.5 720 43 0
0.5 0 52 0
0.5 0 36 0
0.5 0 53 30
0.5 0 59 38
0.5 0 44 38
0.5 0 56 30
0.5 720 56 0
0.5 0 53 0
0.5 0 59 0
0.5 0 44 0
0.5 0 36 22
0.5 0 43 26
0.5 240 43 0
0.5 0 36 0
0.5 480 48 22
0.5 0 55 26
0.5 240 55 0
0.5 0 48 0
0.5 480 60 23
0.5 0 67 28
0.5 1200 67 0
0.5 0 60 0
0.5 240 41 24
0.5 0 48 28
0.5 720 48 0
0.5 0 50 24
0.5 720 50 0
0.5 0 52 28
0.5 720 52 0
0.5 0 50 24
0.5 660 50 0
0.5 0 41 22
0.5 30 48 26
0.5 30 41 0
0.5 0 57 30
0.5 720 57 0
0.5 0 58 30
0.5 660 41 23
0.5 30 48 0
0.5 0 48 27
0.5 30 41 0
0.5 0 58 0
0.5 0 57 32
0.5 720 57 0
0.5 450 48 0
0.5 30 41 0
0.5 240 45 29
0.5 0 52 34
0.5 720 52 0
0.5 0 53 29
0.5 720 53 0
0.5 0 55 34
0.5 720 55 0
0.5 0 53 29
0.5 660 53 0
0.5 0 45 25
0.5 30 52 29
0.5 30 45 0
0.5 0 60 34
0.5 720 60 0
0.5 0 62 33
0.5 690 52 0
0.5 30 62 0
0.5 0 45 0
0.5 0 45 25
0.5 0 52 29
0.5 0 60 34
0.5 1440 60 0
0.5 0 52 0
0.5 0 45 0
0.5 0 50 29
0.5 0 60 34
0.5 1380 60 0
0.5 0 50 0
0.5 0 43 34
0.5 30 50 34
0.5 30 59 34
0.5 1140 50 0
0.5 60 59 0
0.5 0 43 0
0.5 240 50 29
0.5 0 60 34
0.5 1380 60 0
0.5 0 50 0
0.5 0 43 38
0.5 30 50 40
0.5 30 59 43
0.5 1140 50 0
0.5 60 59 0
0.5 0 43 0
0.5 150 43 40
0.5 30 50 43
0.5 30 57 46
0.5 30 60 48
0.5 1920 60 0
0.5 0 43 0
0.5 0 50 0
0.5 0 57 0
0.5 2400 59 36
0.5 0 53 36
0.5 0 44 44
0.5 1200 44 0
0.5 0 43 32
0.5 240 43 0
0.5 0 53 0
0.5 0 59 0
0.5 0 36 21
0.5 0 52 32
0.5 0 43 27
0.5 720 43 0
0.5 0 52 0
0.5 0 36 0
0.5 0 53 30
0.5 0 59 38
0.5 0 44 38
0.5 0 56 30
0.5 720 56 0
0.5 0 53 0
0.5 0 59 0
0.5 0 44 0
0.5 0 36 21
0.5 0 52 32
0.5 0 43 27
0.5 720 43 0
0.5 0 52 0
0.5 0 36 0
0.5 0 53 30
0.5 0 59 38
0.5 0 44 38
0.5 0 56 30
0.5 720 56 0
0.5 0 53 0
0.5 0 59 0
0.5 0 44 0
0.5 0 36 22
0.5 0 43 26
0.5 240 43 0
0.5 0 36 0
0.5 480 48 22
0.5 0 55 26
0.5 240 55 0
0.5 0 48 0
0.5 480 60 23
0.5 0 67 28
0.5 1200 67 0
0.5 0 60 0
0.5 240 48 24
0.5 0 58 28
0.5 1200 58 0
0.5 0 60 34
0.5 240 60 0
0.5 0 62 37
0.5 1200 62 0
0.5 0 63 37
0.5 180 63 0
0.5 0 48 37
0.5 30 58 41
0.5 30 48 0
0.5 0 64 47
0.5 240 64 0
0.5 0 58 0
0.5 0 48 0
0.5 2640 53 26
0.5 0 63 30
0.5 1200 63 0
0.5 0 65 40
0.5 240 65 0
0.5 0 67 44
0.5 1200 67 0
0.5 0 68 37
0.5 180 68 0
0.5 0 53 37
0.5 30 63 41
0.5 30 53 0
0.5 0 69 47
0.5 240 69 0
0.5 0 63 0
0.5 0 53 0
0.5 2640 46 58
0.5 480 46 0
0.5 0 53 52
0.5 240 53 0
0.5 0 58 58
0.5 480 58 0
0.5 0 60 53
0.5 240 60 0
0.5 0 62 63
0.5 480 62 0
0.5 0 65 65
0.5 240 65 0
0.5 0 70 74
0.5 480 70 0
0.5 0 69 58
0.5 150 69 0
0.5 0 52 41
0.5 30 59 47
0.5 30 62 53
0.5 30 69 81
0.5 1440 69 0
0.5 0 68 52
0.5 480 68 0
0.5 0 62 0
0.5 0 59 0
0.5 0 52 0
0.5 960 46 58
0.5 480 46 0
0.5 0 53 52
0.5 240 53 0
0.5 0 58 58
0.5 480 58 0
0.5 0 60 53
0.5 240 60 0
0.5 0 61 63
0.5 480 61 0
0.5 0 65 70
0.5 240 65 0
0.5 0 70 76
0.5 480 70 0
0.5 0 68 62
0.5 150 68 0
0.5 0 51 43
0.5 30 58 51
0.5 30 61 57
0.5 30 68 86
0.5 1440 68 0
0.5 0 67 62
0.5 480 67 0
0.5 0 61 0
0.5 0 58 0
0.5 0 51 0
0.5 180 49 60
0.5 60 49 0
0.5 0 66 80
0.5 480 66 0
0.5 0 65 76
0.5 180 48 73
0.5 0 36 73
0.5 60 65 0
0.5 0 55 64
0.5 0 58 64
0.5 0 65 69
0.5 1440 65 0
0.5 0 64 66
0.5 4080 64 0
0.5 0 58 0
0.5 0 48 0
0.5 0 36 0
0.5 0 55 0
0.5 1620 49 29
0.5 60 58 37
0.5 240 58 0
0.5 0 49 0
0.5 480 37 29
0.5 240 37 0
0.5 1860 48 29
0.5 60 58 37
0.5 240 58 0
0.5 0 48 0
0.5 480 36 33
0.5 240 36 0
0.5 6900 36 24
0.5 60 52 31
0.5 480 52 0
0.5 0 50 27
0.5 240 50 0
0.5 0 36 0
0.5 0 41 21
0.5 0 48 25
0.5 720 48 0
0.5 0 50 21
0.5 720 50 0
0.5 0 52 25
0.5 720 52 0
0.5 0 50 21
0.5 660 50 0
0.5 0 41 25
0.5 30 48 29
0.5 30 41 0
0.5 0 57 30
0.5 720 57 0
0.5 0 58 30
0.5 660 41 23
0.5 30 48 0
0.5 0 48 27
0.5 30 41 0
0.5 0 58 0
0.5 0 57 32
0.5 720 57 0
0.5 450 48 0
0.5 30 41 0
0.5 240 45 29
0.5 0 52 34
0.5 720 52 0
0.5 0 53 29
0.5 720 53 0
0.5 0 55 34
0.5 720 55 0
0.5 0 53 29
0.5 660 53 0
0.5 0 45 25
0.5 30 52 29
0.5 30 45 0
0.5 0 60 34
0.5 720 60 0
0.5 0 62 33
0.5 660 45 25
0.5 30 52 0
0.5 0 52 29
0.5 30 45 0
0.5 0 62 0
0.5 0 60 34
0.5 1410 52 0
0.5 30 60 0
0.5 0 45 0
0.5 0 50 29
0.5 0 60 34
0.5 1380 60 0
0.5 0 50 0
0.5 0 43 34
0.5 30 50 34
0.5 30 59 34
0.5 1140 50 0
0.5 60 59 0
0.5 0 43 0
0.5 240 50 29
0.5 0 60 34
0.5 1380 60 0
0.5 0 50 0
0.5 0 43 38
0.5 30 50 40
0.5 30 59 43
0.5 1350 59 0
0.5 0 50 0
0.5 0 43 0
0.5 0 55 38
0.5 30 62 40
0.5 30 65 44
0.5 30 70 57
0.5 1350 70 0
0.5 0 55 0
0.5 0 62 0
0.5 0 65 0
0.5 0 48 40
0.5 30 55 41
0.5 30 58 42
0.5 30 64 54
0.5 1250 55 0
0.5 100 48 0
0.5 0 58 0
0.5 0 64 0
0.5 0 55 38
0.5 30 62 40
0.5 30 65 44
0.5 30 70 57
0.5 1350 70 0
0.5 0 55 0
0.5 0 62 0
0.5 0 65 0
0.5 0 48 40
0.5 30 55 41
0.5 30 58 42
0.5 30 64 57
0.5 1250 55 0
0.5 100 48 0
0.5 0 58 0
0.5 0 64 0
0.5 0 46 40
0.5 30 55 43
0.5 30 62 46
0.5 30 65 48
0.5 1920 65 0
0.5 0 46 0
0.5 0 55 0
0.5 0 62 0
0.5 2400 49 44
0.5 1200 49 0
0.5 0 48 32
0.5 240 48 0
0.5 0 41 21
0.5 0 48 27
0.5 720 48 0
0.5 0 41 0
0.5 0 49 38
0.5 0 61 30
0.5 720 61 0
0.5 0 49 0
0.5 0 41 21
0.5 0 57 32
0.5 0 48 27
0.5 720 48 0
0.5 0 57 0
0.5 0 41 0
0.5 0 49 38
0.5 0 61 30
0.5 720 61 0
0.5 0 49 0
0.5 0 41 22
0.5 0 48 26
0.5 240 48 0
0.5 0 41 0
0.5 480 53 22
0.5 0 60 26
0.5 240 60 0
0.5 0 53 0
0.5 480 65 23
0.5 0 72 28
0.5 1200 72 0
0.5 0 65 0
0.5 240 48 24
0.5 0 58 28
0.5 1200 58 0
0.5 0 60 34
0.5 240 60 0
0.5 0 62 37
0.5 1200 62 0
0.5 0 63 37
0.5 180 63 0
0.5 0 48 37
0.5 30 58 41
0.5 30 48 0
0.5 0 64 47
0.5 240 64 0
0.5 0 58 0
0.5 0 48 0
0.5 2640 53 26
0.5 0 63 30
0.5 1200 63 0
0.5 0 65 40
0.5 240 65 0
0.5 0 67 44
0.5 1200 67 0
0.5 0 68 37
0.5 180 68 0
0.5 0 53 37
0.5 30 63 41
0.5 30 53 0
0.5 0 69 47
0.5 240 69 0
0.5 0 63 0
0.5 0 53 0
0.5 2640 46 58
0.5 480 46 0
0.5 0 53 52
0.5 240 53 0
0.5 0 58 58
0.5 480 58 0
0.5 0 60 53
0.5 240 60 0
0.5 0 62 63
0.5 480 62 0
0.5 0 65 68
0.5 240 65 0
0.5 0 70 73
0.5 480 70 0
0.5 0 69 58
0.5 150 69 0
0.5 0 52 41
0.5 30 59 47
0.5 30 62 53
0.5 30 69 81
0.5 1440 69 0
0.5 0 68 52
0.5 480 68 0
0.5 0 62 0
0.5 0 59 0
0.5 0 52 0
0.5 960 46 58
0.5 480 46 0
0.5 0 53 52
0.5 240 53 0
0.5 0 58 58
0.5 480 58 0
0.5 0 60 53
0.5 240 60 0
0.5 0 61 63
0.5 480 61 0
0.5 0 65 70
0.5 240 65 0
0.5 0 70 77
0.5 480 70 0
0.5 0 68 62
0.5 150 68 0
0.5 0 51 43
0.5 30 58 51
0.5 30 61 57
0.5 30 68 81
0.5 1440 68 0
0.5 0 67 62
0.5 480 67 0
0.5 0 61 0
0.5 0 58 0
0.5 0 51 0
0.5 180 49 60
0.5 60 49 0
0.5 0 66 80
0.5 480 66 0
0.5 0 65 76
0.5 180 48 77
0.5 0 36 77
0.5 60 65 0
0.5 0 55 64
0.5 0 58 64
0.5 0 65 69
0.5 1440 65 0
0.5 0 64 66
0.5 4080 64 0
0.5 0 58 0
0.5 0 48 0
0.5 0 36 0
0.5 0 55 0
0.5 1620 49 29
0.5 60 58 37
0.5 240 58 0
0.5 0 49 0
0.5 480 37 29
0.5 240 37 0
0.5 1860 48 29
0.5 60 58 37
0.5 240 58 0
0.5 0 48 0
0.5 480 36 33
0.5 240 36 0
0.5 6900 36 24
0.5 60 52 31
0.5 480 52 0
0.5 0 50 27
0.5 240 50 0
0.5 0 36 0
0.5 0 41 21
0.5 0 48 25
0.5 720 48 0
0.5 0 50 21
0.5 720 50 0
0.5 0 52 25
0.5 720 52 0
0.5 0 50 21
0.5 660 50 0
0.5 0 41 25
0.5 30 48 29
0.5 30 41 0
0.5 0 57 30
0.5 720 57 0
0.5 0 58 30
0.5 660 41 23
0.5 30 48 0
0.5 0 48 27
0.5 30 41 0
0.5 0 58 0
0.5 0 57 32
0.5 720 57 0
0.5 450 48 0
0.5 30 41 0
0.5 240 45 29
0.5 0 52 34
0.5 720 52 0
0.5 0 53 29
0.5 720 53 0
0.5 0 55 34
0.5 720 55 0
0.5 0 53 29
0.5 660 53 0
0.5 0 45 25
0.5 30 52 29
0.5 30 45 0
0.5 0 60 34
0.5 720 60 0
0.5 0 62 33
0.5 660 45 25
0.5 30 52 0
0.5 0 52 29
0.5 30 45 0
0.5 0 62 0
0.5 0 60 34
0.5 1410 52 0
0.5 30 60 0
0.5 0 45 0
0.5 0 50 29
0.5 0 60 34
0.5 1380 60 0
0.5 0 50 0
0.5 0 43 34
0.5 30 50 34
0.5 30 59 34
0.5 1140 50 0
0.5 60 59 0
0.5 0 43 0
0.5 240 50 29
0.5 0 60 34
0.5 1380 60 0
0.5 0 50 0
0.5 0 43 38
0.5 30 50 40
0.5 30 59 43
0.5 1350 59 0
0.5 0 50 0
0.5 0 43 0
0.5 0 55 38
0.5 30 62 40
0.5 30 65 44
0.5 30 70 57
0.5 1350 70 0
0.5 0 55 0
0.5 0 62 0
0.5 0 65 0
0.5 0 48 40
0.5 30 55 41
0.5 30 58 42
0.5 30 64 57
0.5 1250 55 0
0.5 100 48 0
0.5 0 58 0
0.5 0 64 0
0.5 0 55 38
0.5 30 62 40
0.5 30 65 44
0.5 30 70 57
0.5 1350 70 0
0.5 0 55 0
0.5 0 62 0
0.5 0 65 0
0.5 0 48 40
0.5 30 55 41
0.5 30 58 42
0.5 30 64 57
0.5 1250 55 0
0.5 100 48 0
0.5 0 58 0
0.5 0 64 0
0.5 0 46 40
0.5 30 55 43
0.5 30 62 46
0.5 30 65 48
0.5 1920 65 0
0.5 0 46 0
0.5 0 55 0
0.5 0 62 0
0.5 2400 49 44
0.5 1200 49 0
0.5 0 48 32
0.5 240 48 0
0.5 0 41 21
0.5 0 48 27
0.5 720 48 0
0.5 0 41 0
0.5 0 49 38
0.5 0 61 30
0.5 720 61 0
0.5 0 49 0
0.5 0 41 21
0.5 0 57 32
0.5 0 48 27
0.5 720 48 0
0.5 0 57 0
0.5 0 41 0
0.5 0 49 38
0.5 0 61 30
0.5 720 61 0
0.5 0 49 0
0.5 0 41 22
0.5 0 48 26
0.5 240 48 0
0.5 0 41 0
0.5 480 53 19
0.5 0 60 23
0.5 240 60 0
0.5 0 53 0
0.5 480 65 20
0.5 0 72 25
0.5 1200 72 0
0.5 0 65 0
1 0 0 0
