0 0 7 100
0 0 10 64
0 0 91 127
0 1196 91 127
0.5 4 81 43
0.5 60 81 0
0.5 0 82 38
0.5 60 82 0
0.5 0 81 43
0.5 60 81 0
0.5 0 82 39
0.5 60 82 0
0.5 0 81 49
0.5 120 81 0
0.5 1080 86 44
0.5 60 86 0
0.5 0 88 40
0.5 60 88 0
0.5 0 86 44
0.5 60 86 0
0.5 0 88 42
0.5 60 88 0
0.5 0 86 50
0.5 120 86 0
0.5 1080 81 49
0.5 60 81 0
0.5 0 82 44
0.5 60 82 0
0.5 0 81 49
0.5 60 81 0
0.5 0 82 44
0.5 60 82 0
0.5 0 81 52
0.5 120 81 0
0.5 360 77 48
0.5 60 77 0
0.5 0 79 45
0.5 60 79 0
0.5 0 77 48
0.5 60 77 0
0.5 0 79 45
0.5 60 79 0
0.5 0 77 56
0.5 120 77 0
0.5 360 81 49
0.5 60 81 0
0.5 0 82 44
0.5 60 82 0
0.5 0 81 49
0.5 60 81 0
0.5 0 82 44
0.5 60 82 0
0.5 0 81 54
0.5 120 81 0
0.5 1080 84 48
0.5 60 84 0
0.5 0 86 45
0.5 60 86 0
0.5 0 84 48
0.5 60 84 0
0.5 0 86 45
0.5 60 86 0
0.5 0 84 68
0.5 120 84 0
0.5 1080 88 48
0.5 60 88 0
0.5 0 89 44
0.5 60 89 0
0.5 0 88 48
0.5 60 88 0
0.5 0 89 45
0.5 60 89 0
0.5 0 88 67
0.5 120 88 0
0.5 960 80 54
0.5 120 80 0
0.5 0 76 54
0.5 120 76 0
0.5 120 72 49
0.5 0 68 49
0.5 240 68 0
0.5 0 72 0
0.5 120 80 54
0.5 120 80 0
0.5 0 76 54
0.5 120 76 0
0.5 120 68 50
0.5 0 72 50
0.5 240 72 0
0.5 0 68 0
0.5 120 81 54
0.5 120 81 0
0.5 0 76 54
0.5 120 76 0
0.5 120 69 56
0.5 240 69 0
0.5 240 60 55
0.5 0 69 55
0.5 240 69 0
0.5 0 60 0
0.5 0 69 55
0.5 0 60 55
0.5 240 60 0
0.5 0 69 0
0.5 240 81 43
0.5 60 81 0
0.5 0 82 38
0.5 60 82 0
0.5 0 81 43
0.5 60 81 0
0.5 0 82 39
0.5 60 82 0
0.5 0 81 49
0.5 120 81 0
0.5 1080 86 44
0.5 60 86 0
0.5 0 88 40
0.5 60 88 0
0.5 0 86 44
0.5 60 86 0
0.5 0 88 42
0.5 60 88 0
0.5 0 86 50
0.5 120 86 0
0.5 1080 81 49
0.5 60 81 0
0.5 0 82 44
0.5 60 82 0
0.5 0 81 49
0.5 60 81 0
0.5 0 82 44
0.5 60 82 0
0.5 0 81 52
0.5 120 81 0
0.5 360 77 48
0.5 60 77 0
0.5 0 79 45
0.5 60 79 0
0.5 0 77 48
0.5 60 77 0
0.5 0 79 45
0.5 60 79 0
0.5 0 77 56
0.5 120 77 0
0.5 360 81 49
0.5 60 81 0
0.5 0 82 44
0.5 60 82 0
0.5 0 81 49
0.5 60 81 0
0.5 0 82 44
0.5 60 82 0
0.5 0 81 54
0.5 120 81 0
0.5 1080 84 48
0.5 60 84 0
0.5 0 86 45
0.5 60 86 0
0.5 0 84 48
0.5 60 84 0
0.5 0 86 45
0.5 60 86 0
0.5 0 84 68
0.5 120 84 0
0.5 1080 88 48
0.5 60 88 0
0.5 0 89 44
0.5 60 89 0
0.5 0 88 48
0.5 60 88 0
0.5 0 89 45
0.5 60 89 0
0.5 0 88 67
0.5 120 88 0
0.5 960 80 54
0.5 120 80 0
0.5 0 76 54
0.5 120 76 0
0.5 120 68 49
0.5 0 72 49
0.5 240 72 0
0.5 0 68 0
0.5 120 80 54
0.5 120 80 0
0.5 0 76 54
0.5 120 76 0
0.5 120 68 50
0.5 0 72 50
0.5 240 72 0
0.5 0 68 0
0.5 120 81 54
0.5 120 81 0
0.5 0 76 54
0.5 120 76 0
0.5 120 69 56
0.5 240 69 0
0.5 240 60 57
0.5 0 69 57
0.5 240 69 0
0.5 0 60 0
0.5 0 60 57
0.5 0 69 57
0.5 240 69 0
0.5 0 60 0
0.5 840 52 40
0.5 0 62 40
0.5 120 62 0
0.5 0 52 0
0.5 0 64 43
0.5 120 64 0
0.5 120 64 49
0.5 0 62 49
0.5 0 52 49
0.5 720 52 0
0.5 0 62 0
0.5 0 64 0
0.5 360 62 40
0.5 0 52 40
0.5 120 52 0
0.5 0 62 0
0.5 0 64 45
0.5 120 64 0
0.5 120 62 48
0.5 0 64 48
0.5 0 52 48
0.5 720 52 0
0.5 0 64 0
0.5 0 62 0
0.5 480 64 40
0.5 0 62 40
0.5 0 52 40
0.5 120 52 0
0.5 0 62 0
0.5 0 64 0
0.5 600 64 40
0.5 0 62 40
0.5 0 52 40
0.5 120 52 0
0.5 0 62 0
0.5 0 64 0
0.5 480 61 48
0.5 0 52 48
0.5 120 52 0
0.5 0 61 0
0.5 0 64 48
0.5 120 64 0
0.5 120 52 48
0.5 0 61 48
0.5 0 64 48
0.5 720 64 0
0.5 0 61 0
0.5 0 52 0
0 0 91 127
0.5 480 69 76
0.5 60 69 0
0.5 0 71 69
0.5 60 71 0
0.5 0 69 69
0.5 60 69 0
0.5 0 71 69
0.5 60 71 0
0.5 0 68 68
0.5 120 68 0
0.5 360 67 73
0.5 60 67 0
0.5 0 69 67
0.5 60 69 0
0.5 0 67 67
0.5 60 67 0
0.5 0 69 67
0.5 60 69 0
0.5 0 66 67
0.5 120 66 0
0.5 360 65 70
0.5 60 65 0
0.5 0 67 62
0.5 60 67 0
0.5 0 65 62
0.5 60 65 0
0.5 0 67 62
0.5 60 67 0
0.5 0 64 62
0.5 120 64 0
0.5 360 62 68
0.5 60 62 0
0.5 0 64 60
0.5 60 64 0
0.5 0 62 60
0.5 60 62 0
0.5 0 64 60
0.5 60 64 0
0.5 0 61 60
0.5 120 61 0
0.5 360 60 64
0.5 60 60 0
0.5 0 64 57
0.5 60 64 0
0.5 0 60 58
0.5 60 60 0
0.5 0 64 58
0.5 60 64 0
0.5 0 59 58
0.5 120 59 0
0.5 360 58 62
0.5 60 58 0
0.5 0 64 55
0.5 60 64 0
0.5 0 58 54
0.5 60 58 0
0.5 0 64 54
0.5 60 64 0
0.5 0 57 68
0.5 120 57 0
0.5 1080 70 74
0.5 60 70 0
0.5 0 76 64
0.5 60 76 0
0.5 0 70 64
0.5 60 70 0
0.5 0 76 64
0.5 60 76 0
0.5 0 69 64
0.5 120 69 0
0.5 1080 82 81
0.5 60 82 0
0.5 0 88 74
0.5 60 88 0
0.5 0 82 74
0.5 60 82 0
0.5 0 88 74
0.5 60 88 0
0.5 0 81 74
0.5 120 81 0
0.5 1080 94 86
0.5 60 94 0
0.5 0 100 78
0.5 60 100 0
0.5 0 94 78
0.5 60 94 0
0.5 0 100 78
0.5 60 100 0
0.5 0 93 78
0.5 120 93 0
0.5 360 82 81
0.5 60 82 0
0.5 0 88 68
0.5 60 88 0
0.5 0 82 68
0.5 60 82 0
0.5 0 88 68
0.5 60 88 0
0.5 0 81 68
0.5 120 81 0
0.5 360 70 69
0.5 60 70 0
0.5 0 76 55
0.5 60 76 0
0.5 0 70 55
0.5 60 70 0
0.5 0 76 55
0.5 60 76 0
0.5 0 69 55
0.5 120 69 0
0.5 360 58 56
0.5 60 58 0
0.5 0 64 44
0.5 60 64 0
0.5 0 58 44
0.5 60 58 0
0.5 0 64 46
0.5 60 64 0
0.5 0 57 46
0.5 120 57 0
0.5 360 81 49
0.5 60 81 0
0.5 0 82 43
0.5 60 82 0
0.5 0 81 49
0.5 60 81 0
0.5 0 82 44
0.5 60 82 0
0.5 0 81 57
0.5 120 81 0
0.5 360 82 60
0.5 48 82 0
0.5 0 81 58
0.5 48 81 0
0.5 0 77 55
0.5 48 77 0
0.5 0 74 52
0.5 48 74 0
0.5 0 69 50
0.5 48 69 0
0.5 480 86 50
0.5 60 86 0
0.5 0 88 46
0.5 60 88 0
0.5 0 86 50
0.5 60 86 0
0.5 0 88 48
0.5 60 88 0
0.5 0 86 57
0.5 120 86 0
0.5 360 88 56
0.5 48 88 0
0.5 0 86 55
0.5 48 86 0
0.5 0 83 52
0.5 48 83 0
0.5 0 79 51
0.5 48 79 0
0.5 0 74 49
0.5 48 74 0
0.5 480 81 56
0.5 60 81 0
0.5 0 82 50
0.5 60 82 0
0.5 0 81 56
0.5 60 81 0
0.5 0 82 50
0.5 60 82 0
0.5 0 81 60
0.5 120 81 0
0.5 360 77 55
0.5 60 77 0
0.5 0 79 51
0.5 60 79 0
0.5 0 77 55
0.5 60 77 0
0.5 0 79 51
0.5 60 79 0
0.5 0 77 64
0.5 120 77 0
0.5 360 81 56
0.5 60 81 0
0.5 0 82 50
0.5 60 82 0
0.5 0 81 56
0.5 60 81 0
0.5 0 82 50
0.5 60 82 0
0.5 0 81 61
0.5 120 81 0
0.5 360 82 56
0.5 48 82 0
0.5 0 81 51
0.5 48 81 0
0.5 0 77 49
0.5 48 77 0
0.5 0 74 44
0.5 48 74 0
0.5 0 69 42
0.5 48 69 0
0.5 480 81 55
0.5 60 81 0
0.5 0 82 51
0.5 60 82 0
0.5 0 81 55
0.5 60 81 0
0.5 0 82 51
0.5 60 82 0
0.5 0 81 72
0.5 120 81 0
0.5 360 82 64
0.5 48 82 0
0.5 0 81 61
0.5 48 81 0
0.5 0 77 57
0.5 48 77 0
0.5 0 73 54
0.5 48 73 0
0.5 0 69 51
0.5 48 69 0
0.5 480 84 55
0.5 60 84 0
0.5 0 86 50
0.5 60 86 0
0.5 0 84 55
0.5 60 84 0
0.5 0 86 51
0.5 60 86 0
0.5 0 84 87
0.5 120 84 0
0.5 360 86 70
0.5 40 86 0
0.5 0 84 66
0.5 40 84 0
0.5 0 81 64
0.5 40 81 0
0.5 0 77 62
0.5 40 77 0
0.5 0 72 58
0.5 40 72 0
0.5 0 69 56
0.5 40 69 0
0.5 360 85 61
0.5 120 85 0
0.5 0 81 61
0.5 120 81 0
0.5 120 73 58
0.5 0 77 58
0.5 240 77 0
0.5 0 73 0
0.5 120 85 62
0.5 120 85 0
0.5 0 81 62
0.5 120 81 0
0.5 120 73 58
0.5 0 77 58
0.5 240 77 0
0.5 0 73 0
0.5 120 86 62
0.5 120 86 0
0.5 0 81 62
0.5 120 81 0
0.5 120 74 61
0.5 240 74 0
0.5 240 65 52
0.5 0 74 52
0.5 240 74 0
0.5 0 65 0
0.5 0 65 52
0.5 0 74 52
0.5 240 74 0
0.5 0 65 0
0 240 91 127
0.5 600 52 40
0.5 0 62 40
0.5 120 62 0
0.5 0 52 0
0.5 0 64 43
0.5 120 64 0
0.5 120 64 49
0.5 0 62 49
0.5 0 52 49
0.5 720 52 0
0.5 0 62 0
0.5 0 64 0
0.5 360 62 40
0.5 0 52 40
0.5 120 52 0
0.5 0 62 0
0.5 0 64 45
0.5 120 64 0
0.5 120 62 48
0.5 0 64 48
0.5 0 52 48
0.5 720 52 0
0.5 0 64 0
0.5 0 62 0
0.5 480 64 40
0.5 0 62 40
0.5 0 52 40
0.5 120 52 0
0.5 0 62 0
0.5 0 64 0
0.5 600 64 40
0.5 0 62 40
0.5 0 52 40
0.5 120 52 0
0.5 0 62 0
0.5 0 64 0
0.5 480 61 48
0.5 0 52 48
0.5 120 52 0
0.5 0 61 0
0.5 0 64 48
0.5 120 64 0
0.5 120 52 48
0.5 0 61 48
0.5 0 64 48
0.5 720 64 0
0.5 0 61 0
0.5 0 52 0
0 0 91 127
0.5 480 69 76
0.5 60 69 0
0.5 0 71 69
0.5 60 71 0
0.5 0 69 69
0.5 60 69 0
0.5 0 71 69
0.5 60 71 0
0.5 0 68 68
0.5 120 68 0
0.5 360 67 73
0.5 60 67 0
0.5 0 69 67
0.5 60 69 0
0.5 0 67 67
0.5 60 67 0
0.5 0 69 67
0.5 60 69 0
0.5 0 66 67
0.5 120 66 0
0.5 360 65 70
0.5 60 65 0
0.5 0 67 62
0.5 60 67 0
0.5 0 65 62
0.5 60 65 0
0.5 0 67 62
0.5 60 67 0
0.5 0 64 62
0.5 120 64 0
0.5 360 62 68
0.5 60 62 0
0.5 0 64 60
0.5 60 64 0
0.5 0 62 60
0.5 60 62 0
0.5 0 64 60
0.5 60 64 0
0.5 0 61 60
0.5 120 61 0
0.5 360 60 64
0.5 60 60 0
0.5 0 64 57
0.5 60 64 0
0.5 0 60 58
0.5 60 60 0
0.5 0 64 58
0.5 60 64 0
0.5 0 59 58
0.5 120 59 0
0.5 360 58 62
0.5 60 58 0
0.5 0 64 55
0.5 60 64 0
0.5 0 58 54
0.5 60 58 0
0.5 0 64 54
0.5 60 64 0
0.5 0 57 68
0.5 120 57 0
0.5 1080 70 74
0.5 60 70 0
0.5 0 76 64
0.5 60 76 0
0.5 0 70 64
0.5 60 70 0
0.5 0 76 64
0.5 60 76 0
0.5 0 69 64
0.5 120 69 0
0.5 1080 82 81
0.5 60 82 0
0.5 0 88 74
0.5 60 88 0
0.5 0 82 74
0.5 60 82 0
0.5 0 88 74
0.5 60 88 0
0.5 0 81 74
0.5 120 81 0
0.5 1080 94 86
0.5 60 94 0
0.5 0 100 78
0.5 60 100 0
0.5 0 94 78
0.5 60 94 0
0.5 0 100 78
0.5 60 100 0
0.5 0 93 78
0.5 120 93 0
0.5 360 82 81
0.5 60 82 0
0.5 0 88 68
0.5 60 88 0
0.5 0 82 68
0.5 60 82 0
0.5 0 88 68
0.5 60 88 0
0.5 0 81 68
0.5 120 81 0
0.5 360 70 69
0.5 60 70 0
0.5 0 76 55
0.5 60 76 0
0.5 0 70 55
0.5 60 70 0
0.5 0 76 55
0.5 60 76 0
0.5 0 69 55
0.5 120 69 0
0.5 360 58 56
0.5 60 58 0
0.5 0 64 44
0.5 60 64 0
0.5 0 58 44
0.5 60 58 0
0.5 0 64 46
0.5 60 64 0
0.5 0 57 46
0.5 120 57 0
0.5 360 81 49
0.5 60 81 0
0.5 0 82 43
0.5 60 82 0
0.5 0 81 49
0.5 60 81 0
0.5 0 82 44
0.5 60 82 0
0.5 0 81 57
0.5 120 81 0
0.5 360 82 60
0.5 48 82 0
0.5 0 81 58
0.5 48 81 0
0.5 0 77 55
0.5 48 77 0
0.5 0 74 52
0.5 48 74 0
0.5 0 69 50
0.5 48 69 0
0.5 480 86 50
0.5 60 86 0
0.5 0 88 46
0.5 60 88 0
0.5 0 86 50
0.5 60 86 0
0.5 0 88 48
0.5 60 88 0
0.5 0 86 57
0.5 120 86 0
0.5 360 88 56
0.5 48 88 0
0.5 0 86 55
0.5 48 86 0
0.5 0 83 52
0.5 48 83 0
0.5 0 79 51
0.5 48 79 0
0.5 0 74 49
0.5 48 74 0
0.5 480 81 56
0.5 60 81 0
0.5 0 82 50
0.5 60 82 0
0.5 0 81 56
0.5 60 81 0
0.5 0 82 50
0.5 60 82 0
0.5 0 81 60
0.5 120 81 0
0.5 360 77 55
0.5 60 77 0
0.5 0 79 51
0.5 60 79 0
0.5 0 77 55
0.5 60 77 0
0.5 0 79 51
0.5 60 79 0
0.5 0 77 64
0.5 120 77 0
0.5 360 81 56
0.5 60 81 0
0.5 0 82 50
0.5 60 82 0
0.5 0 81 56
0.5 60 81 0
0.5 0 82 50
0.5 60 82 0
0.5 0 81 61
0.5 120 81 0
0.5 360 82 56
0.5 48 82 0
0.5 0 81 51
0.5 48 81 0
0.5 0 77 49
0.5 48 77 0
0.5 0 74 44
0.5 48 74 0
0.5 0 69 42
0.5 48 69 0
0.5 480 81 55
0.5 60 81 0
0.5 0 82 51
0.5 60 82 0
0.5 0 81 55
0.5 60 81 0
0.5 0 82 51
0.5 60 82 0
0.5 0 81 72
0.5 120 81 0
0.5 360 82 64
0.5 48 82 0
0.5 0 81 61
0.5 48 81 0
0.5 0 77 57
0.5 48 77 0
0.5 0 73 54
0.5 48 73 0
0.5 0 69 51
0.5 48 69 0
0.5 480 84 55
0.5 60 84 0
0.5 0 86 50
0.5 60 86 0
0.5 0 84 55
0.5 60 84 0
0.5 0 86 51
0.5 60 86 0
0.5 0 84 87
0.5 120 84 0
0.5 360 86 70
0.5 40 86 0
0.5 0 84 66
0.5 40 84 0
0.5 0 81 64
0.5 40 81 0
0.5 0 77 62
0.5 40 77 0
0.5 0 72 58
0.5 40 72 0
0.5 0 69 56
0.5 40 69 0
0.5 360 85 61
0.5 120 85 0
0.5 0 81 61
0.5 120 81 0
0.5 120 73 58
0.5 0 77 58
0.5 240 77 0
0.5 0 73 0
0.5 120 85 62
0.5 120 85 0
0.5 0 81 62
0.5 120 81 0
0.5 120 73 58
0.5 0 77 58
0.5 240 77 0
0.5 0 73 0
0.5 120 86 62
0.5 120 86 0
0.5 0 81 62
0.5 120 81 0
0.5 120 74 61
0.5 240 74 0
0.5 240 65 52
0.5 0 74 52
0.5 240 74 0
0.5 0 65 0
0.5 0 65 52
0.5 0 74 52
0.5 240 74 0
0.5 0 65 0
0.5 840 45 38
0.5 0 55 38
0.5 120 55 0
0.5 0 45 0
0.5 0 57 42
0.5 120 57 0
0.5 120 57 45
0.5 0 55 45
0.5 0 45 45
0.5 720 45 0
0.5 0 55 0
0.5 0 57 0
0.5 360 55 37
0.5 0 45 37
0.5 120 45 0
0.5 0 55 0
0.5 0 57 39
0.5 120 57 0
0.5 120 57 44
0.5 0 55 44
0.5 0 45 44
0.5 720 45 0
0.5 0 55 0
0.5 0 57 0
0.5 480 57 40
0.5 0 55 40
0.5 0 45 40
0.5 120 45 0
0.5 0 55 0
0.5 0 57 0
0.5 600 57 38
0.5 0 55 38
0.5 0 45 38
0.5 120 45 0
0.5 0 55 0
0.5 0 57 0
0.5 600 57 33
0.5 0 55 33
0.5 0 45 33
0.5 120 45 0
0.5 0 55 0
0.5 0 57 0
0.5 600 55 33
0.5 0 45 33
0.5 0 57 33
0.5 120 57 0
0.5 0 45 0
0.5 0 55 0
0.5 480 54 36
0.5 120 54 0
0.5 0 57 36
0.5 120 57 0
0.5 120 62 43
0.5 120 62 0
0.5 240 66 40
0.5 120 66 0
0.5 0 69 40
0.5 120 69 0
0.5 120 74 44
0.5 120 74 0
0.5 240 66 42
0.5 120 66 0
0.5 0 69 42
0.5 120 69 0
0.5 120 74 45
0.5 120 74 0
0.5 240 78 42
0.5 120 78 0
0.5 0 81 42
0.5 120 81 0
0.5 120 86 44
0.5 120 86 0
0.5 600 55 39
0.5 0 52 39
0.5 0 62 39
0.5 0 58 39
0.5 120 58 0
0.5 0 55 0
0.5 0 52 0
0.5 0 62 0
0.5 600 62 39
0.5 0 54 39
0.5 0 57 39
0.5 120 57 0
0.5 0 54 0
0.5 0 62 0
1 0 0 0
0 0 7 100
0 0 10 64
0 0 64 0
0 1196 91 127
0.5 4 74 42
0 0 64 0
0.5 60 74 0
0.5 0 77 38
0.5 60 77 0
0.5 0 74 42
0.5 60 74 0
0.5 0 77 38
0.5 60 77 0
0.5 0 74 50
0 34 64 127
0.5 86 74 0
0.5 360 69 30
0.5 0 62 30
0.5 240 62 0
0.5 0 69 0
0.5 0 69 30
0.5 0 62 30
0 48 64 0
0.5 72 62 0
0.5 0 69 0
0.5 360 79 44
0.5 60 79 0
0.5 0 83 40
0.5 60 83 0
0.5 0 79 44
0.5 60 79 0
0.5 0 83 40
0.5 60 83 0
0.5 0 79 50
0 39 64 127
0.5 81 79 0
0.5 360 74 30
0.5 0 67 30
0.5 240 67 0
0.5 0 74 0
0.5 0 74 30
0.5 0 67 30
0 52 64 0
0.5 68 67 0
0.5 0 74 0
0.5 360 74 48
0.5 60 74 0
0.5 0 77 43
0.5 60 77 0
0.5 0 74 48
0.5 60 74 0
0.5 0 77 44
0.5 60 77 0
0.5 0 74 51
0.5 120 74 0
0.5 360 70 48
0.5 60 70 0
0.5 0 74 45
0.5 60 74 0
0.5 0 70 48
0.5 60 70 0
0.5 0 74 44
0.5 60 74 0
0.5 0 70 55
0.5 120 70 0
0.5 360 74 49
0.5 60 74 0
0.5 0 77 44
0.5 60 77 0
0.5 0 74 49
0.5 60 74 0
0.5 0 77 45
0.5 60 77 0
0.5 0 74 56
0 46 64 127
0.5 74 74 0
0.5 360 69 32
0.5 0 62 32
0.5 240 62 0
0.5 0 69 0
0.5 0 62 32
0.5 0 69 32
0 72 64 0
0.5 48 69 0
0.5 0 62 0
0.5 360 77 48
0.5 60 77 0
0.5 0 81 44
0.5 60 81 0
0.5 0 77 48
0.5 60 77 0
0.5 0 81 45
0.5 60 81 0
0.5 0 77 69
0 35 64 127
0.5 85 77 0
0.5 360 65 40
0.5 0 72 40
0.5 240 72 0
0.5 0 65 0
0.5 0 65 40
0.5 0 72 40
0 56 64 0
0.5 64 72 0
0.5 0 65 0
0.5 360 81 49
0.5 60 81 0
0.5 0 84 44
0.5 60 84 0
0.5 0 81 49
0.5 60 81 0
0.5 0 84 45
0.5 60 84 0
0.5 0 81 69
0 51 64 127
0.5 69 81 0
0.5 360 72 45
0.5 0 64 45
0.5 240 64 0
0.5 0 72 0
0.5 0 72 45
0.5 0 64 45
0 76 64 0
0.5 44 64 0
0.5 0 72 0
0.5 600 62 44
0.5 0 52 44
0.5 240 52 0
0.5 0 62 0
0.5 480 52 44
0.5 0 62 44
0.5 240 62 0
0.5 0 52 0
0 480 64 127
0.5 480 52 50
0.5 0 45 50
0.5 240 45 0
0.5 0 52 0
0.5 0 45 50
0.5 0 52 50
0.5 240 52 0
0.5 0 45 0
0 0 64 0
0.5 240 74 42
0.5 60 74 0
0.5 0 77 38
0.5 60 77 0
0.5 0 74 42
0.5 60 74 0
0.5 0 77 38
0.5 60 77 0
0.5 0 74 50
0 40 64 127
0.5 80 74 0
0.5 360 62 30
0.5 0 69 30
0.5 240 69 0
0.5 0 62 0
0.5 0 62 30
0.5 0 69 30
0 48 64 0
0.5 72 69 0
0.5 0 62 0
0.5 360 79 44
0.5 60 79 0
0.5 0 83 40
0.5 60 83 0
0.5 0 79 44
0.5 60 79 0
0.5 0 83 40
0.5 60 83 0
0.5 0 79 50
0 39 64 127
0.5 81 79 0
0.5 360 67 30
0.5 0 74 30
0.5 240 74 0
0.5 0 67 0
0.5 0 67 30
0.5 0 74 30
0 52 64 0
0.5 68 74 0
0.5 0 67 0
0.5 360 74 48
0.5 60 74 0
0.5 0 77 43
0.5 60 77 0
0.5 0 74 48
0.5 60 74 0
0.5 0 77 44
0.5 60 77 0
0.5 0 74 51
0.5 120 74 0
0.5 360 70 48
0.5 60 70 0
0.5 0 74 45
0.5 60 74 0
0.5 0 70 48
0.5 60 70 0
0.5 0 74 44
0.5 60 74 0
0.5 0 70 55
0.5 120 70 0
0.5 360 74 49
0.5 60 74 0
0.5 0 77 44
0.5 60 77 0
0.5 0 74 49
0.5 60 74 0
0.5 0 77 45
0.5 60 77 0
0.5 0 74 56
0 39 64 127
0.5 81 74 0
0.5 360 62 32
0.5 0 69 32
0.5 240 69 0
0.5 0 62 0
0.5 0 62 32
0.5 0 69 32
0 72 64 0
0.5 48 69 0
0.5 0 62 0
0.5 360 77 48
0.5 60 77 0
0.5 0 81 44
0.5 60 81 0
0.5 0 77 48
0.5 60 77 0
0.5 0 81 45
0.5 60 81 0
0.5 0 77 69
0 35 64 127
0.5 85 77 0
0.5 360 65 40
0.5 0 72 40
0.5 240 72 0
0.5 0 65 0
0.5 0 65 40
0.5 0 72 40
0 56 64 0
0.5 64 72 0
0.5 0 65 0
0.5 360 81 49
0.5 60 81 0
0.5 0 84 44
0.5 60 84 0
0.5 0 81 49
0.5 60 81 0
0.5 0 84 45
0.5 60 84 0
0.5 0 81 69
0 74 64 127
0.5 46 81 0
0.5 360 64 45
0.5 0 72 45
0.5 240 72 0
0.5 0 64 0
0.5 0 64 45
0.5 0 72 45
0 76 64 0
0.5 44 72 0
0.5 0 64 0
0.5 600 62 44
0.5 0 52 44
0.5 240 52 0
0.5 0 62 0
0.5 480 62 44
0.5 0 52 44
0.5 240 52 0
0.5 0 62 0
0 480 64 127
0.5 480 52 52
0.5 0 45 52
0.5 240 45 0
0.5 0 52 0
0.5 0 45 52
0.5 0 52 52
0.5 240 52 0
0.5 0 45 0
0 0 64 0
0.5 240 46 43
0.5 60 46 0
0.5 0 48 43
0.5 60 48 0
0.5 0 46 43
0.5 60 46 0
0.5 0 48 43
0.5 60 48 0
0.5 0 46 61
0.5 1200 46 0
0.5 0 46 43
0.5 60 46 0
0.5 0 48 43
0.5 60 48 0
0.5 0 46 43
0.5 60 46 0
0.5 0 48 43
0.5 60 48 0
0.5 0 46 61
0.5 1200 46 0
0.5 0 46 42
0.5 60 46 0
0.5 0 48 42
0.5 60 48 0
0.5 0 46 42
0.5 60 46 0
0.5 0 48 40
0.5 60 48 0
0.5 0 46 64
0.5 240 46 0
0.5 120 46 45
0.5 120 46 0
0.5 0 48 45
0.5 120 48 0
0.5 120 46 63
0.5 240 46 0
0.5 120 46 43
0.5 120 46 0
0.5 0 48 43
0.5 120 48 0
0.5 120 45 60
0.5 960 45 0
0.5 0 42 48
0.5 120 42 0
0.5 120 44 48
0.5 120 44 0
0 120 91 127
0.5 0 40 64
0.5 240 40 0
0.5 240 64 76
0.5 0 61 76
0.5 240 61 0
0.5 0 64 0
0.5 0 63 67
0.5 0 60 67
0.5 120 60 0
0.5 0 63 0
0.5 360 62 73
0.5 0 59 73
0.5 240 59 0
0.5 0 62 0
0.5 0 58 67
0.5 0 61 67
0.5 120 61 0
0.5 0 58 0
0.5 360 60 70
0.5 0 57 70
0.5 240 57 0
0.5 0 60 0
0.5 0 56 62
0.5 0 59 62
0.5 120 59 0
0.5 0 56 0
0.5 360 54 68
0.5 0 57 68
0.5 240 54 0
0.5 0 53 61
0.5 120 53 0
0.5 0 57 0
0.5 360 52 64
0.5 0 57 64
0.5 240 52 0
0.5 0 51 58
0.5 120 51 0
0.5 0 57 0
0.5 360 50 62
0.5 0 52 62
0.5 240 52 0
0.5 0 49 56
0.5 120 49 0
0.5 0 50 0
0.5 240 40 67
0.5 120 40 0
0.5 0 45 75
0.5 120 45 0
0.5 120 33 64
0.5 120 33 0
0.5 360 62 72
0.5 0 64 72
0.5 240 62 0
0.5 0 61 64
0.5 120 61 0
0.5 0 64 0
0.5 240 52 61
0.5 120 52 0
0.5 0 57 72
0.5 120 57 0
0.5 120 45 56
0.5 120 45 0
0.5 360 74 81
0.5 0 76 81
0.5 240 74 0
0.5 0 73 74
0.5 120 73 0
0.5 0 76 0
0.5 240 64 69
0.5 120 64 0
0.5 0 69 76
0.5 120 69 0
0.5 120 57 55
0.5 120 57 0
0.5 360 88 84
0.5 0 86 84
0.5 240 86 0
0.5 0 85 80
0.5 120 85 0
0.5 0 88 0
0.5 360 74 80
0.5 0 76 80
0.5 240 74 0
0.5 0 73 68
0.5 120 73 0
0.5 0 76 0
0.5 360 62 68
0.5 0 64 68
0.5 240 62 0
0.5 0 61 56
0.5 120 61 0
0.5 0 64 0
0.5 360 50 55
0.5 0 52 55
0.5 240 50 0
0.5 0 49 44
0.5 120 49 0
0.5 0 52 0
0.5 360 74 48
0.5 60 74 0
0.5 0 77 43
0.5 60 77 0
0.5 0 74 48
0.5 60 74 0
0.5 0 77 43
0.5 60 77 0
0.5 0 74 55
0 17 64 127
0.5 103 74 0
0.5 600 62 50
0 48 64 0
0.5 72 62 0
0.5 360 79 50
0.5 60 79 0
0.5 0 83 46
0.5 60 83 0
0.5 0 79 50
0.5 60 79 0
0.5 0 83 46
0.5 60 83 0
0.5 0 79 57
0 23 64 127
0.5 97 79 0
0.5 600 67 45
0 52 64 0
0.5 68 67 0
0.5 360 74 55
0.5 60 74 0
0.5 0 77 49
0.5 60 77 0
0.5 0 74 55
0.5 60 74 0
0.5 0 77 50
0.5 60 77 0
0.5 0 74 58
0.5 120 74 0
0.5 360 70 55
0.5 60 70 0
0.5 0 74 51
0.5 60 74 0
0.5 0 70 55
0.5 60 70 0
0.5 0 74 50
0.5 60 74 0
0.5 0 70 62
0.5 120 70 0
0.5 360 74 56
0.5 60 74 0
0.5 0 77 50
0.5 60 77 0
0.5 0 74 56
0.5 60 74 0
0.5 0 77 51
0.5 60 77 0
0.5 0 74 64
0 23 64 127
0.5 97 74 0
0.5 600 62 50
0 72 64 0
0.5 48 62 0
0.5 360 73 55
0.5 60 73 0
0.5 0 77 50
0.5 60 77 0
0.5 0 73 55
0.5 60 73 0
0.5 0 77 51
0.5 60 77 0
0 0 64 127
0.5 0 73 73
0.5 120 73 0
0.5 600 61 52
0 56 64 0
0.5 64 61 0
0.5 360 77 56
0.5 60 77 0
0.5 0 81 50
0.5 60 81 0
0.5 0 77 56
0.5 60 77 0
0.5 0 81 51
0.5 60 81 0
0 0 64 127
0.5 0 81 74
0.5 120 81 0
0.5 600 60 54
0 76 64 0
0.5 44 60 0
0 600 64 127
0.5 0 67 54
0.5 0 57 54
0.5 120 57 0
0.5 0 67 0
0.5 600 67 54
0.5 0 57 54
0.5 120 57 0
0.5 0 67 0
0 189 64 0
0 411 64 127
0.5 480 57 50
0.5 0 50 50
0.5 240 50 0
0.5 0 57 0
0.5 0 50 50
0.5 0 57 50
0.5 240 57 0
0.5 0 50 0
0 0 64 0
0 240 91 127
0.5 0 46 42
0.5 60 46 0
0.5 0 48 42
0.5 60 48 0
0.5 0 46 42
0.5 60 46 0
0.5 0 48 42
0.5 60 48 0
0.5 0 46 61
0.5 1200 46 0
0.5 0 46 43
0.5 60 46 0
0.5 0 48 43
0.5 60 48 0
0.5 0 46 43
0.5 60 46 0
0.5 0 48 43
0.5 60 48 0
0.5 0 46 61
0.5 1200 46 0
0.5 0 46 42
0.5 60 46 0
0.5 0 48 42
0.5 60 48 0
0.5 0 46 42
0.5 60 46 0
0.5 0 48 40
0.5 60 48 0
0.5 0 46 64
0.5 240 46 0
0.5 120 46 45
0.5 120 46 0
0.5 0 48 45
0.5 120 48 0
0.5 120 46 63
0.5 240 46 0
0.5 120 46 43
0.5 120 46 0
0.5 0 48 43
0.5 120 48 0
0.5 120 45 60
0.5 960 45 0
0.5 0 42 48
0.5 120 42 0
0.5 120 44 48
0.5 120 44 0
0.5 120 40 64
0 0 91 127
0.5 240 40 0
0.5 240 61 76
0.5 0 64 76
0.5 240 64 0
0.5 0 61 0
0.5 0 63 67
0.5 0 60 67
0.5 120 60 0
0.5 0 63 0
0.5 360 62 73
0.5 0 59 73
0.5 240 59 0
0.5 0 62 0
0.5 0 58 67
0.5 0 61 67
0.5 120 61 0
0.5 0 58 0
0.5 360 60 70
0.5 0 57 70
0.5 240 57 0
0.5 0 60 0
0.5 0 59 62
0.5 0 56 62
0.5 120 56 0
0.5 0 59 0
0.5 360 54 68
0.5 0 57 68
0.5 240 54 0
0.5 0 53 61
0.5 120 53 0
0.5 0 57 0
0.5 360 57 64
0.5 0 52 64
0.5 240 52 0
0.5 0 51 58
0.5 120 51 0
0.5 0 57 0
0.5 360 50 62
0.5 0 52 62
0.5 240 52 0
0.5 0 49 56
0.5 120 49 0
0.5 0 50 0
0.5 240 40 67
0.5 120 40 0
0.5 0 45 75
0.5 120 45 0
0.5 120 33 64
0.5 120 33 0
0.5 360 64 72
0.5 0 62 72
0.5 240 62 0
0.5 0 61 64
0.5 120 61 0
0.5 0 64 0
0.5 240 52 61
0.5 120 52 0
0.5 0 57 72
0.5 120 57 0
0.5 120 45 56
0.5 120 45 0
0.5 360 74 81
0.5 0 76 81
0.5 240 74 0
0.5 0 73 74
0.5 120 73 0
0.5 0 76 0
0.5 240 64 69
0.5 120 64 0
0.5 0 69 76
0.5 120 69 0
0.5 120 57 55
0.5 120 57 0
0.5 360 88 86
0.5 0 86 86
0.5 240 86 0
0.5 0 85 80
0.5 120 85 0
0.5 0 88 0
0.5 360 74 80
0.5 0 76 80
0.5 240 74 0
0.5 0 73 68
0.5 120 73 0
0.5 0 76 0
0.5 360 64 68
0.5 0 62 68
0.5 240 62 0
0.5 0 61 56
0.5 120 61 0
0.5 0 64 0
0.5 360 52 55
0.5 0 50 55
0.5 240 50 0
0.5 0 49 44
0.5 120 49 0
0.5 0 52 0
0.5 360 74 48
0.5 60 74 0
0.5 0 77 43
0.5 60 77 0
0.5 0 74 48
0.5 60 74 0
0.5 0 77 43
0.5 60 77 0
0.5 0 74 55
0 34 64 127
0.5 86 74 0
0.5 600 62 50
0 48 64 0
0.5 72 62 0
0.5 360 79 50
0.5 60 79 0
0.5 0 83 46
0.5 60 83 0
0.5 0 79 50
0.5 60 79 0
0.5 0 83 46
0.5 60 83 0
0.5 0 79 57
0 20 64 127
0.5 100 79 0
0.5 600 67 45
0 52 64 0
0.5 68 67 0
0.5 360 74 55
0.5 60 74 0
0.5 0 77 49
0.5 60 77 0
0.5 0 74 55
0.5 60 74 0
0.5 0 77 50
0.5 60 77 0
0.5 0 74 58
0.5 120 74 0
0.5 360 70 55
0.5 60 70 0
0.5 0 74 51
0.5 60 74 0
0.5 0 70 55
0.5 60 70 0
0.5 0 74 50
0.5 60 74 0
0.5 0 70 62
0.5 120 70 0
0.5 360 74 56
0.5 60 74 0
0.5 0 77 50
0.5 60 77 0
0.5 0 74 56
0.5 60 74 0
0.5 0 77 51
0.5 60 77 0
0.5 0 74 64
0 23 64 127
0.5 97 74 0
0.5 600 62 50
0 72 64 0
0.5 48 62 0
0.5 360 73 55
0.5 60 73 0
0.5 0 77 50
0.5 60 77 0
0.5 0 73 55
0.5 60 73 0
0.5 0 77 51
0.5 60 77 0
0.5 0 73 73
0 26 64 127
0.5 94 73 0
0.5 600 61 52
0 56 64 0
0.5 64 61 0
0.5 360 77 56
0.5 60 77 0
0.5 0 81 50
0.5 60 81 0
0.5 0 77 56
0.5 60 77 0
0.5 0 81 51
0.5 60 81 0
0 0 64 127
0.5 0 81 74
0.5 120 81 0
0.5 600 60 54
0 76 64 0
0.5 44 60 0
0 600 64 127
0.5 0 57 54
0.5 0 67 54
0.5 120 67 0
0.5 0 57 0
0.5 600 57 54
0.5 0 67 54
0.5 120 67 0
0.5 0 57 0
0 177 64 0
0 423 64 127
0.5 480 57 50
0.5 0 50 50
0.5 240 50 0
0.5 0 57 0
0.5 0 50 50
0.5 0 57 50
0.5 240 57 0
0.5 0 50 0
0 0 64 0
0.5 240 39 45
0.5 60 39 0
0.5 0 41 45
0.5 60 41 0
0.5 0 39 45
0.5 60 39 0
0.5 0 41 45
0.5 60 41 0
0.5 0 39 76
0.5 1200 39 0
0.5 0 39 45
0.5 60 39 0
0.5 0 41 45
0.5 60 41 0
0.5 0 39 45
0.5 60 39 0
0.5 0 41 45
0.5 60 41 0
0.5 0 39 76
0.5 1200 39 0
0.5 0 39 42
0.5 60 39 0
0.5 0 41 42
0.5 60 41 0
0.5 0 39 42
0.5 60 39 0
0.5 0 41 42
0.5 60 41 0
0.5 0 39 75
0.5 240 39 0
0.5 120 39 57
0.5 120 39 0
0.5 0 41 57
0.5 120 41 0
0.5 120 39 74
0.5 240 39 0
0.5 120 39 54
0.5 120 39 0
0.5 0 41 54
0.5 120 41 0
0.5 120 39 64
0.5 240 39 0
0.5 120 39 45
0.5 120 39 0
0.5 0 41 45
0.5 120 41 0
0.5 120 39 55
0.5 240 39 0
0.5 120 39 36
0.5 120 39 0
0.5 0 41 36
0.5 120 41 0
0.5 120 38 49
0 0 64 127
0.5 240 38 0
0.5 120 45 37
0.5 120 45 0
0.5 0 50 37
0.5 120 50 0
0.5 120 54 43
0.5 120 54 0
0.5 240 57 39
0.5 120 57 0
0.5 0 62 39
0.5 120 62 0
0.5 120 66 44
0.5 120 66 0
0.5 240 57 42
0.5 120 57 0
0.5 0 62 42
0.5 120 62 0
0.5 120 66 45
0.5 120 66 0
0.5 240 69 42
0.5 120 69 0
0.5 0 74 42
0.5 120 74 0
0.5 120 78 43
0.5 120 78 0
0 116 64 0
0.5 484 33 38
0.5 0 45 38
0 0 64 127
0.5 120 45 0
0.5 0 33 0
0 148 64 0
0.5 452 26 38
0 0 64 127
0.5 0 38 38
0.5 120 38 0
0.5 0 26 0
0 148 64 0
1 0 0 0
