0.5 0 81 50
0.5 360 81 0
0.5 0 77 46
0.5 60 77 0
0.5 0 74 41
0.5 60 74 0
0.5 0 73 50
0.5 240 73 0
0.5 720 82 50
0.5 360 82 0
0.5 0 79 46
0.5 60 79 0
0.5 0 76 41
0.5 60 76 0
0.5 0 74 50
0.5 240 74 0
0.5 120 85 47
0.5 120 85 0
0.5 0 86 55
0.5 240 86 0
0.5 120 81 43
0.5 120 81 0
0.5 0 82 53
0.5 240 82 0
0.5 120 74 41
0.5 120 74 0
0.5 0 73 50
0.5 240 73 0
0.5 120 76 41
0.5 120 76 0
0.5 0 81 50
0.5 240 81 0
0.5 120 79 41
0.5 120 79 0
0.5 0 79 35
0.5 120 79 0
0.5 0 77 32
0.5 120 77 0
0.5 0 79 38
0.5 30 79 0
0.5 0 77 32
0.5 30 77 0
0.5 0 79 30
0.5 30 79 0
0.5 0 77 31
0.5 30 77 0
0.5 0 79 33
0.5 30 79 0
0.5 0 77 36
0.5 30 77 0
0.5 0 76 37
0.5 30 76 0
0.5 0 77 38
0.5 30 77 0
0.5 0 76 40
0.5 240 76 0
0.5 720 69 45
0.5 240 69 0
0.5 0 67 42
0.5 60 67 0
0.5 0 65 36
0.5 60 65 0
0.5 0 64 41
0.5 60 64 0
0.5 0 62 36
0.5 60 62 0
0.5 0 61 45
0.5 240 61 0
0.5 240 55 45
0.5 80 55 0
0.5 0 58 41
0.5 80 58 0
0.5 0 61 41
0.5 80 61 0
0.5 0 64 45
0.5 80 64 0
0.5 0 67 41
0.5 80 67 0
0.5 0 69 41
0.5 80 69 0
0.5 0 70 57
0.5 240 70 0
0.5 0 69 42
0.5 60 69 0
0.5 0 67 36
0.5 60 67 0
0.5 0 65 41
0.5 60 65 0
0.5 0 64 36
0.5 60 64 0
0.5 0 62 45
0.5 240 62 0
0.5 120 73 43
0.5 120 73 0
0.5 0 74 45
0.5 30 74 0
0.5 0 73 42
0.5 30 73 0
0.5 0 74 53
0.5 180 74 0
0.5 120 76 41
0.5 120 76 0
0.5 0 77 45
0.5 30 77 0
0.5 0 76 42
0.5 30 76 0
0.5 0 77 53
0.5 180 77 0
0.5 120 85 55
0.5 120 85 0
0.5 0 86 64
0.5 240 86 0
0.5 120 88 65
0.5 120 88 0
0.5 0 89 69
0.5 240 89 0
0.5 120 56 34
0.5 110 56 0
0.5 10 56 40
0.5 480 56 0
0.5 0 57 35
0.5 30 57 0
0.5 0 56 32
0.5 30 56 0
0.5 0 57 40
0.5 420 57 0
0.5 560 84 40
0.5 80 84 0
0.5 0 79 40
0.5 80 79 0
0.5 0 81 45
0.5 80 81 0
0.5 0 84 40
0.5 80 84 0
0.5 0 76 40
0.5 80 76 0
0.5 0 77 42
0.5 80 77 0
0.5 0 81 40
0.5 80 81 0
0.5 0 77 35
0.5 80 77 0
0.5 0 76 40
0.5 80 76 0
0.5 0 74 37
0.5 80 74 0
0.5 0 72 37
0.5 80 72 0
0.5 0 70 40
0.5 80 70 0
0.5 0 69 38
0.5 80 69 0
0.5 0 67 38
0.5 80 67 0
0.5 0 65 40
0.5 80 65 0
0.5 0 64 35
0.5 80 64 0
0.5 0 62 33
0.5 80 62 0
0.5 0 60 40
0.5 900 60 0
0.5 0 64 40
0.5 60 64 0
0.5 0 62 40
0.5 360 62 0
0.5 0 60 40
0.5 110 60 0
0.5 10 60 45
0.5 80 60 0
0.5 0 84 40
0.5 80 84 0
0.5 0 79 40
0.5 80 79 0
0.5 0 81 45
0.5 80 81 0
0.5 0 84 40
0.5 80 84 0
0.5 0 76 40
0.5 80 76 0
0.5 0 77 42
0.5 80 77 0
0.5 0 81 40
0.5 80 81 0
0.5 0 77 35
0.5 80 77 0
0.5 0 76 40
0.5 80 76 0
0.5 0 74 37
0.5 80 74 0
0.5 0 72 37
0.5 80 72 0
0.5 0 70 40
0.5 80 70 0
0.5 0 69 38
0.5 80 69 0
0.5 0 67 38
0.5 80 67 0
0.5 0 65 40
0.5 80 65 0
0.5 0 64 35
0.5 80 64 0
0.5 0 62 33
0.5 80 62 0
0.5 0 60 40
0.5 900 60 0
0.5 0 63 40
0.5 60 63 0
0.5 0 62 40
0.5 360 62 0
0.5 0 60 40
0.5 120 60 0
0.5 0 65 40
0.5 360 65 0
0.5 0 62 40
0.5 120 62 0
0.5 0 58 40
0.5 560 58 0
0.5 0 62 41
0.5 40 62 0
0.5 40 64 41
0.5 40 64 0
0.5 40 65 45
0.5 40 65 0
0.5 40 67 41
0.5 40 67 0
0.5 40 69 41
0.5 40 69 0
0.5 40 70 48
0.5 840 70 0
0.5 0 72 46
0.5 60 72 0
0.5 0 70 42
0.5 60 70 0
0.5 0 69 48
0.5 480 69 0
0.5 0 74 50
0.5 480 74 0
0.5 0 79 66
0.5 480 79 0
0.5 0 77 58
0.5 470 77 0
0.5 10 77 50
0.5 120 77 0
0.5 0 76 45
0.5 120 76 0
0.5 0 74 43
0.5 120 74 0
0.5 0 72 43
0.5 120 72 0
0.5 0 70 53
0.5 480 70 0
0.5 0 69 45
0.5 480 69 0
0.5 80 67 40
0.5 80 67 0
0.5 0 70 40
0.5 80 70 0
0.5 0 74 45
0.5 80 74 0
0.5 0 70 35
0.5 80 70 0
0.5 0 67 35
0.5 80 67 0
0.5 0 65 41
0.5 660 65 0
0.5 0 69 35
0.5 60 69 0
0.5 0 67 42
0.5 0 64 36
0.5 240 64 0
0.5 0 67 0
0.5 0 69 50
0.5 80 69 0
0.5 0 72 50
0.5 80 72 0
0.5 0 70 47
0.5 80 70 0
0.5 0 69 50
0.5 80 69 0
0.5 0 77 55
0.5 80 77 0
0.5 0 76 48
0.5 80 76 0
0.5 0 74 50
0.5 80 74 0
0.5 0 82 56
0.5 80 82 0
0.5 0 81 50
0.5 80 81 0
0.5 0 79 58
0.5 80 79 0
0.5 0 86 61
0.5 80 86 0
0.5 0 84 54
0.5 80 84 0
0.5 0 82 55
0.5 80 82 0
0.5 0 81 50
0.5 80 81 0
0.5 0 79 46
0.5 80 79 0
0.5 0 77 54
0.5 80 77 0
0.5 0 76 50
0.5 80 76 0
0.5 0 74 50
0.5 80 74 0
0.5 0 72 50
0.5 480 72 0
0.5 0 70 50
0.5 30 70 0
0.5 0 72 46
0.5 30 72 0
0.5 0 70 53
0.5 420 70 0
0.5 0 69 45
0.5 480 69 0
0.5 80 66 40
0.5 80 66 0
0.5 0 67 40
0.5 80 67 0
0.5 0 74 45
0.5 80 74 0
0.5 0 70 35
0.5 80 70 0
0.5 0 67 35
0.5 80 67 0
0.5 0 65 41
0.5 660 65 0
0.5 0 69 35
0.5 60 69 0
0.5 0 67 42
0.5 0 64 36
0.5 240 64 0
0.5 0 67 0
0.5 0 69 50
0.5 80 69 0
0.5 0 72 50
0.5 80 72 0
0.5 0 70 47
0.5 80 70 0
0.5 0 69 50
0.5 80 69 0
0.5 0 77 55
0.5 80 77 0
0.5 0 76 48
0.5 80 76 0
0.5 0 74 50
0.5 80 74 0
0.5 0 82 56
0.5 80 82 0
0.5 0 81 50
0.5 80 81 0
0.5 0 79 57
0.5 80 79 0
0.5 0 86 62
0.5 80 86 0
0.5 0 84 54
0.5 80 84 0
0.5 0 82 55
0.5 80 82 0
0.5 0 81 50
0.5 80 81 0
0.5 0 79 46
0.5 80 79 0
0.5 0 77 54
0.5 80 77 0
0.5 0 76 50
0.5 80 76 0
0.5 0 74 50
0.5 80 74 0
0.5 0 72 50
0.5 480 72 0
0.5 0 70 42
0.5 30 70 0
0.5 0 72 37
0.5 30 72 0
0.5 0 70 41
0.5 30 70 0
0.5 0 72 38
0.5 30 72 0
0.5 0 70 43
0.5 30 70 0
0.5 0 72 39
0.5 30 72 0
0.5 0 70 43
0.5 30 70 0
0.5 0 72 40
0.5 30 72 0
0.5 0 70 45
0.5 30 70 0
0.5 0 72 42
0.5 30 72 0
0.5 0 70 45
0.5 30 70 0
0.5 0 72 42
0.5 30 72 0
0.5 0 70 45
0.5 30 70 0
0.5 0 72 42
0.5 30 72 0
0.5 0 69 47
0.5 30 69 0
0.5 0 70 42
0.5 30 70 0
0.5 0 69 55
0.5 480 69 0
0.5 0 66 40
0.5 80 66 0
0.5 0 67 35
0.5 80 67 0
0.5 0 70 35
0.5 80 70 0
0.5 0 74 37
0.5 80 74 0
0.5 0 79 40
0.5 80 79 0
0.5 0 82 40
0.5 80 82 0
0.5 0 86 42
0.5 80 86 0
0.5 0 84 38
0.5 80 84 0
0.5 0 82 38
0.5 80 82 0
0.5 0 81 41
0.5 80 81 0
0.5 0 79 35
0.5 80 79 0
0.5 0 77 33
0.5 70 77 0
0.5 10 77 41
0.5 80 77 0
0.5 0 76 35
0.5 80 76 0
0.5 0 79 35
0.5 80 79 0
0.5 0 82 39
0.5 80 82 0
0.5 0 79 35
0.5 80 79 0
0.5 0 76 35
0.5 70 76 0
0.5 10 76 41
0.5 480 76 0
0.5 0 77 41
0.5 480 77 0
0.5 480 81 50
0.5 360 81 0
0.5 0 77 46
0.5 60 77 0
0.5 0 74 41
0.5 60 74 0
0.5 0 73 50
0.5 240 73 0
0.5 720 82 50
0.5 360 82 0
0.5 0 79 46
0.5 60 79 0
0.5 0 76 41
0.5 60 76 0
0.5 0 74 50
0.5 240 74 0
0.5 120 85 47
0.5 120 85 0
0.5 0 86 55
0.5 240 86 0
0.5 120 81 43
0.5 120 81 0
0.5 0 82 53
0.5 240 82 0
0.5 120 74 41
0.5 120 74 0
0.5 0 73 50
0.5 240 73 0
0.5 120 76 41
0.5 120 76 0
0.5 0 81 50
0.5 240 81 0
0.5 120 79 41
0.5 120 79 0
0.5 0 79 35
0.5 120 79 0
0.5 0 77 32
0.5 120 77 0
0.5 0 79 38
0.5 30 79 0
0.5 0 77 32
0.5 30 77 0
0.5 0 79 30
0.5 30 79 0
0.5 0 77 31
0.5 30 77 0
0.5 0 79 33
0.5 30 79 0
0.5 0 77 36
0.5 30 77 0
0.5 0 76 37
0.5 30 76 0
0.5 0 77 38
0.5 30 77 0
0.5 0 76 40
0.5 240 76 0
0.5 720 69 45
0.5 240 69 0
0.5 0 67 42
0.5 60 67 0
0.5 0 65 36
0.5 60 65 0
0.5 0 64 41
0.5 60 64 0
0.5 0 62 36
0.5 60 62 0
0.5 0 61 45
0.5 240 61 0
0.5 240 55 45
0.5 80 55 0
0.5 0 58 41
0.5 80 58 0
0.5 0 61 41
0.5 80 61 0
0.5 0 64 45
0.5 80 64 0
0.5 0 67 41
0.5 80 67 0
0.5 0 69 41
0.5 80 69 0
0.5 0 70 57
0.5 240 70 0
0.5 0 69 42
0.5 60 69 0
0.5 0 67 36
0.5 60 67 0
0.5 0 65 41
0.5 60 65 0
0.5 0 64 36
0.5 60 64 0
0.5 0 62 45
0.5 240 62 0
0.5 120 73 43
0.5 120 73 0
0.5 0 74 45
0.5 30 74 0
0.5 0 73 42
0.5 30 73 0
0.5 0 74 53
0.5 180 74 0
0.5 120 76 41
0.5 120 76 0
0.5 0 77 45
0.5 30 77 0
0.5 0 76 42
0.5 30 76 0
0.5 0 77 53
0.5 180 77 0
0.5 120 85 55
0.5 120 85 0
0.5 0 86 64
0.5 240 86 0
0.5 120 88 65
0.5 120 88 0
0.5 0 89 69
0.5 240 89 0
0.5 120 56 34
0.5 110 56 0
0.5 10 56 40
0.5 480 56 0
0.5 0 57 35
0.5 30 57 0
0.5 0 56 32
0.5 30 56 0
0.5 0 57 40
0.5 420 57 0
0.5 560 84 40
0.5 80 84 0
0.5 0 79 40
0.5 80 79 0
0.5 0 81 45
0.5 80 81 0
0.5 0 84 40
0.5 80 84 0
0.5 0 76 40
0.5 80 76 0
0.5 0 77 42
0.5 80 77 0
0.5 0 81 40
0.5 80 81 0
0.5 0 77 35
0.5 80 77 0
0.5 0 76 40
0.5 80 76 0
0.5 0 74 37
0.5 80 74 0
0.5 0 72 37
0.5 80 72 0
0.5 0 70 40
0.5 80 70 0
0.5 0 69 38
0.5 80 69 0
0.5 0 67 38
0.5 80 67 0
0.5 0 65 40
0.5 80 65 0
0.5 0 64 35
0.5 80 64 0
0.5 0 62 33
0.5 80 62 0
0.5 0 60 40
0.5 900 60 0
0.5 0 64 40
0.5 60 64 0
0.5 0 62 40
0.5 360 62 0
0.5 0 60 40
0.5 110 60 0
0.5 10 60 45
0.5 80 60 0
0.5 0 84 40
0.5 80 84 0
0.5 0 79 40
0.5 80 79 0
0.5 0 81 45
0.5 80 81 0
0.5 0 84 40
0.5 80 84 0
0.5 0 76 40
0.5 80 76 0
0.5 0 77 42
0.5 80 77 0
0.5 0 81 40
0.5 80 81 0
0.5 0 77 35
0.5 80 77 0
0.5 0 76 40
0.5 80 76 0
0.5 0 74 37
0.5 80 74 0
0.5 0 72 37
0.5 80 72 0
0.5 0 70 40
0.5 80 70 0
0.5 0 69 38
0.5 80 69 0
0.5 0 67 38
0.5 80 67 0
0.5 0 65 40
0.5 80 65 0
0.5 0 64 35
0.5 80 64 0
0.5 0 62 33
0.5 80 62 0
0.5 0 60 40
0.5 900 60 0
0.5 0 63 40
0.5 60 63 0
0.5 0 62 40
0.5 360 62 0
0.5 0 60 40
0.5 120 60 0
0.5 0 65 40
0.5 360 65 0
0.5 0 62 40
0.5 120 62 0
0.5 0 58 40
0.5 560 58 0
0.5 0 62 41
0.5 40 62 0
0.5 40 64 41
0.5 40 64 0
0.5 40 65 45
0.5 40 65 0
0.5 40 67 41
0.5 40 67 0
0.5 40 69 41
0.5 40 69 0
0.5 40 70 48
0.5 840 70 0
0.5 0 72 46
0.5 60 72 0
0.5 0 70 42
0.5 60 70 0
0.5 0 69 48
0.5 480 69 0
0.5 0 74 52
0.5 480 74 0
0.5 0 79 66
0.5 480 79 0
0.5 0 77 61
0.5 470 77 0
0.5 10 77 50
0.5 120 77 0
0.5 0 76 45
0.5 120 76 0
0.5 0 74 43
0.5 120 74 0
0.5 0 72 43
0.5 120 72 0
0.5 0 70 53
0.5 480 70 0
0.5 0 69 45
0.5 480 69 0
0.5 80 67 40
0.5 80 67 0
0.5 0 70 40
0.5 80 70 0
0.5 0 74 45
0.5 80 74 0
0.5 0 70 35
0.5 80 70 0
0.5 0 67 35
0.5 80 67 0
0.5 0 65 41
0.5 660 65 0
0.5 0 69 35
0.5 60 69 0
0.5 0 67 42
0.5 0 64 36
0.5 240 64 0
0.5 0 67 0
0.5 0 69 50
0.5 80 69 0
0.5 0 72 50
0.5 80 72 0
0.5 0 70 47
0.5 80 70 0
0.5 0 69 50
0.5 80 69 0
0.5 0 77 55
0.5 80 77 0
0.5 0 76 48
0.5 80 76 0
0.5 0 74 50
0.5 80 74 0
0.5 0 82 56
0.5 80 82 0
0.5 0 81 50
0.5 80 81 0
0.5 0 79 58
0.5 80 79 0
0.5 0 86 61
0.5 80 86 0
0.5 0 84 54
0.5 80 84 0
0.5 0 82 55
0.5 80 82 0
0.5 0 81 50
0.5 80 81 0
0.5 0 79 46
0.5 80 79 0
0.5 0 77 54
0.5 80 77 0
0.5 0 76 50
0.5 80 76 0
0.5 0 74 50
0.5 80 74 0
0.5 0 72 50
0.5 480 72 0
0.5 0 70 50
0.5 30 70 0
0.5 0 72 46
0.5 30 72 0
0.5 0 70 53
0.5 420 70 0
0.5 0 69 45
0.5 480 69 0
0.5 80 66 40
0.5 80 66 0
0.5 0 67 40
0.5 80 67 0
0.5 0 74 45
0.5 80 74 0
0.5 0 70 35
0.5 80 70 0
0.5 0 67 35
0.5 80 67 0
0.5 0 65 41
0.5 660 65 0
0.5 0 69 35
0.5 60 69 0
0.5 0 67 42
0.5 0 64 36
0.5 240 64 0
0.5 0 67 0
0.5 0 69 50
0.5 80 69 0
0.5 0 72 50
0.5 80 72 0
0.5 0 70 47
0.5 80 70 0
0.5 0 69 50
0.5 80 69 0
0.5 0 77 55
0.5 80 77 0
0.5 0 76 48
0.5 80 76 0
0.5 0 74 50
0.5 80 74 0
0.5 0 82 56
0.5 80 82 0
0.5 0 81 50
0.5 80 81 0
0.5 0 79 57
0.5 80 79 0
0.5 0 86 62
0.5 80 86 0
0.5 0 84 54
0.5 80 84 0
0.5 0 82 55
0.5 80 82 0
0.5 0 81 50
0.5 80 81 0
0.5 0 79 46
0.5 80 79 0
0.5 0 77 54
0.5 80 77 0
0.5 0 76 50
0.5 80 76 0
0.5 0 74 50
0.5 80 74 0
0.5 0 72 50
0.5 480 72 0
0.5 0 70 42
0.5 30 70 0
0.5 0 72 37
0.5 30 72 0
0.5 0 70 41
0.5 30 70 0
0.5 0 72 38
0.5 30 72 0
0.5 0 70 43
0.5 30 70 0
0.5 0 72 39
0.5 30 72 0
0.5 0 70 43
0.5 30 70 0
0.5 0 72 40
0.5 30 72 0
0.5 0 70 45
0.5 30 70 0
0.5 0 72 42
0.5 30 72 0
0.5 0 70 45
0.5 30 70 0
0.5 0 72 42
0.5 30 72 0
0.5 0 70 45
0.5 30 70 0
0.5 0 72 42
0.5 30 72 0
0.5 0 69 47
0.5 30 69 0
0.5 0 70 42
0.5 30 70 0
0.5 0 69 55
0.5 480 69 0
0.5 0 66 40
0.5 80 66 0
0.5 0 67 35
0.5 80 67 0
0.5 0 70 35
0.5 80 70 0
0.5 0 74 37
0.5 80 74 0
0.5 0 79 40
0.5 80 79 0
0.5 0 82 40
0.5 80 82 0
0.5 0 86 42
0.5 80 86 0
0.5 0 84 38
0.5 80 84 0
0.5 0 82 38
0.5 80 82 0
0.5 0 81 41
0.5 80 81 0
0.5 0 79 35
0.5 80 79 0
0.5 0 77 33
0.5 70 77 0
0.5 10 77 41
0.5 80 77 0
0.5 0 76 35
0.5 80 76 0
0.5 0 79 35
0.5 80 79 0
0.5 0 82 39
0.5 80 82 0
0.5 0 79 35
0.5 80 79 0
0.5 0 76 35
0.5 70 76 0
0.5 10 76 41
0.5 480 76 0
0.5 0 77 41
0.5 480 77 0
0.5 480 72 50
0.5 360 72 0
0.5 0 69 46
0.5 60 69 0
0.5 0 65 41
0.5 60 65 0
0.5 0 64 50
0.5 240 64 0
0.5 240 55 45
0.5 80 55 0
0.5 0 58 41
0.5 80 58 0
0.5 0 60 41
0.5 80 60 0
0.5 0 64 45
0.5 80 64 0
0.5 0 67 41
0.5 80 67 0
0.5 0 70 41
0.5 80 70 0
0.5 0 74 57
0.5 240 74 0
0.5 0 72 42
0.5 60 72 0
0.5 0 70 36
0.5 60 70 0
0.5 0 69 41
0.5 60 69 0
0.5 0 67 36
0.5 60 67 0
0.5 0 66 45
0.5 240 66 0
0.5 960 70 42
0.5 80 70 0
0.5 0 74 41
0.5 80 74 0
0.5 0 79 41
0.5 80 79 0
0.5 0 82 45
0.5 80 82 0
0.5 0 86 42
0.5 80 86 0
0.5 0 84 40
0.5 80 84 0
0.5 0 82 42
0.5 80 82 0
0.5 0 81 41
0.5 80 81 0
0.5 0 79 41
0.5 80 79 0
0.5 0 86 45
0.5 80 86 0
0.5 0 84 42
0.5 80 84 0
0.5 0 82 42
0.5 80 82 0
0.5 0 81 45
0.5 80 81 0
0.5 0 79 40
0.5 80 79 0
0.5 0 77 38
0.5 70 77 0
0.5 10 77 48
0.5 960 77 0
0.5 0 76 50
0.5 30 76 0
0.5 0 77 46
0.5 30 77 0
0.5 0 76 53
0.5 420 76 0
0.5 80 72 39
0.5 80 72 0
0.5 0 74 39
0.5 80 74 0
0.5 0 76 39
0.5 80 76 0
0.5 0 77 41
0.5 80 77 0
0.5 0 79 42
0.5 80 79 0
0.5 0 81 45
0.5 80 81 0
0.5 0 82 42
0.5 80 82 0
0.5 0 84 40
0.5 80 84 0
0.5 0 82 48
0.5 80 82 0
0.5 0 81 41
0.5 80 81 0
0.5 0 79 41
0.5 80 79 0
0.5 0 77 45
0.5 80 77 0
0.5 0 84 42
0.5 80 84 0
0.5 0 81 42
0.5 80 81 0
0.5 0 79 45
0.5 80 79 0
0.5 0 77 40
0.5 80 77 0
0.5 0 76 38
0.5 70 76 0
0.5 10 76 48
0.5 360 76 0
0.5 0 74 46
0.5 120 74 0
0.5 0 82 50
0.5 480 82 0
0.5 0 74 46
0.5 480 74 0
0.5 0 73 50
0.5 360 73 0
0.5 0 76 49
0.5 120 76 0
0.5 0 79 56
0.5 480 79 0
0.5 0 77 51
0.5 360 77 0
0.5 0 74 48
0.5 120 74 0
0.5 0 81 59
0.5 480 81 0
0.5 1040 69 41
0.5 80 69 0
0.5 0 67 42
0.5 80 67 0
0.5 0 65 48
0.5 80 65 0
0.5 0 64 42
0.5 80 64 0
0.5 0 62 42
0.5 80 62 0
0.5 0 61 49
0.5 480 61 0
0.5 560 82 46
0.5 80 82 0
0.5 0 81 48
0.5 80 81 0
0.5 0 79 53
0.5 80 79 0
0.5 0 77 47
0.5 80 77 0
0.5 0 76 43
0.5 80 76 0
0.5 0 74 53
0.5 80 74 0
0.5 0 81 46
0.5 80 81 0
0.5 0 79 48
0.5 80 79 0
0.5 0 77 53
0.5 80 77 0
0.5 0 76 47
0.5 80 76 0
0.5 0 74 46
0.5 80 74 0
0.5 0 86 68
0.5 180 86 0
0.5 180 84 43
0.5 0 74 43
0.5 120 84 0
0.5 0 82 50
0.5 240 82 0
0.5 0 74 0
0.5 120 74 41
0.5 120 74 0
0.5 0 73 50
0.5 240 73 0
0.5 120 76 41
0.5 120 76 0
0.5 0 81 50
0.5 240 81 0
0.5 120 79 41
0.5 120 79 0
0.5 0 79 35
0.5 120 79 0
0.5 0 77 32
0.5 120 77 0
0.5 0 79 38
0.5 30 79 0
0.5 0 77 32
0.5 30 77 0
0.5 0 79 30
0.5 30 79 0
0.5 0 77 31
0.5 30 77 0
0.5 0 79 33
0.5 30 79 0
0.5 0 77 36
0.5 30 77 0
0.5 0 76 37
0.5 30 76 0
0.5 0 77 38
0.5 30 77 0
0.5 0 76 40
0.5 240 76 0
0.5 720 69 50
0.5 80 69 0
0.5 0 76 50
0.5 80 76 0
0.5 0 74 47
0.5 80 74 0
0.5 0 73 50
0.5 80 73 0
0.5 0 79 55
0.5 80 79 0
0.5 0 77 48
0.5 80 77 0
0.5 0 76 50
0.5 80 76 0
0.5 0 82 56
0.5 80 82 0
0.5 0 81 50
0.5 80 81 0
0.5 0 79 58
0.5 80 79 0
0.5 0 88 63
0.5 80 88 0
0.5 0 86 56
0.5 80 86 0
0.5 0 85 60
0.5 80 85 0
0.5 0 82 57
0.5 80 82 0
0.5 0 81 51
0.5 80 81 0
0.5 0 79 54
0.5 80 79 0
0.5 0 77 50
0.5 80 77 0
0.5 0 76 50
0.5 80 76 0
0.5 0 74 50
0.5 80 74 0
0.5 0 81 50
0.5 80 81 0
0.5 0 79 47
0.5 80 79 0
0.5 0 78 50
0.5 80 78 0
0.5 0 84 55
0.5 80 84 0
0.5 0 82 48
0.5 80 82 0
0.5 0 81 50
0.5 80 81 0
0.5 0 87 59
0.5 80 87 0
0.5 0 86 53
0.5 80 86 0
0.5 0 84 48
0.5 80 84 0
0.5 0 82 50
0.5 80 82 0
0.5 0 81 49
0.5 80 81 0
0.5 0 79 48
0.5 80 79 0
0.5 0 78 51
0.5 80 78 0
0.5 0 79 48
0.5 80 79 0
0.5 0 81 54
0.5 80 81 0
0.5 0 78 50
0.5 80 78 0
0.5 0 72 46
0.5 80 72 0
0.5 0 70 50
0.5 480 70 0
0.5 0 82 62
0.5 480 82 0
0.5 0 74 57
0.5 480 74 0
0.5 0 73 50
0.5 480 73 0
0.5 0 79 62
0.5 480 79 0
0.5 0 77 55
0.5 480 77 0
0.5 80 76 40
0.5 80 76 0
0.5 0 79 40
0.5 80 79 0
0.5 0 82 45
0.5 80 82 0
0.5 0 79 35
0.5 80 79 0
0.5 0 76 35
0.5 80 76 0
0.5 0 74 41
0.5 660 74 0
0.5 0 77 35
0.5 60 77 0
0.5 0 76 42
0.5 0 73 36
0.5 240 73 0
0.5 0 76 0
0.5 0 78 43
0.5 480 78 0
0.5 0 81 54
0.5 560 81 0
0.5 0 87 60
0.5 80 87 0
0.5 0 86 54
0.5 80 86 0
0.5 0 84 58
0.5 80 84 0
0.5 0 82 54
0.5 80 82 0
0.5 0 81 49
0.5 80 81 0
0.5 0 79 54
0.5 480 79 0
0.5 0 82 54
0.5 560 82 0
0.5 0 86 54
0.5 80 86 0
0.5 0 84 49
0.5 80 84 0
0.5 0 82 53
0.5 80 82 0
0.5 0 81 49
0.5 80 81 0
0.5 0 79 49
0.5 80 79 0
0.5 0 78 54
0.5 560 78 0
0.5 0 79 54
0.5 80 79 0
0.5 0 80 51
0.5 80 80 0
0.5 0 81 54
0.5 80 81 0
0.5 0 82 51
0.5 80 82 0
0.5 0 84 49
0.5 80 84 0
0.5 0 86 62
0.5 80 86 0
0.5 0 87 65
0.5 80 87 0
0.5 0 86 58
0.5 80 86 0
0.5 0 84 61
0.5 80 84 0
0.5 0 82 57
0.5 80 82 0
0.5 0 81 54
0.5 80 81 0
0.5 0 82 62
0.5 80 82 0
0.5 0 86 51
0.5 80 86 0
0.5 0 78 45
0.5 80 78 0
0.5 0 79 55
0.5 80 79 0
0.5 0 82 51
0.5 80 82 0
0.5 0 74 47
0.5 80 74 0
0.5 0 82 62
0.5 80 82 0
0.5 0 86 51
0.5 80 86 0
0.5 0 78 45
0.5 80 78 0
0.5 0 79 55
0.5 80 79 0
0.5 0 82 51
0.5 80 82 0
0.5 0 74 47
0.5 80 74 0
0.5 0 75 54
0.5 80 75 0
0.5 0 78 47
0.5 80 78 0
0.5 0 79 47
0.5 80 79 0
0.5 0 74 53
0.5 80 74 0
0.5 0 78 48
0.5 80 78 0
0.5 0 79 48
0.5 80 79 0
0.5 0 73 62
0.5 240 73 0
0.5 320 67 46
0.5 80 67 0
0.5 0 70 46
0.5 80 70 0
0.5 0 73 54
0.5 80 73 0
0.5 0 76 47
0.5 80 76 0
0.5 0 79 47
0.5 80 79 0
0.5 0 82 53
0.5 80 82 0
0.5 0 79 48
0.5 80 79 0
0.5 0 85 54
0.5 80 85 0
0.5 0 86 57
0.5 240 86 0
0.5 80 64 34
0.5 80 64 0
0.5 0 67 34
0.5 80 67 0
0.5 0 70 38
0.5 80 70 0
0.5 0 67 29
0.5 80 67 0
0.5 0 64 29
0.5 80 64 0
0.5 0 62 34
0.5 660 62 0
0.5 0 65 29
0.5 60 65 0
0.5 0 64 35
0.5 0 61 30
0.5 240 61 0
0.5 0 64 0
0.5 0 62 36
0.5 480 62 0
0.5 240 86 38
0.5 0 89 38
0.5 240 89 0
0.5 0 86 0
0.5 0 89 38
0.5 0 86 38
0.5 240 86 0
0.5 0 89 0
0.5 0 86 38
0.5 0 89 38
0.5 240 89 0
0.5 0 86 0
0.5 720 86 38
0.5 0 89 38
0.5 240 89 0
0.5 0 86 0
0.5 0 89 38
0.5 0 86 38
0.5 240 86 0
0.5 0 89 0
0.5 0 86 38
0.5 0 89 38
0.5 240 89 0
0.5 0 86 0
0.5 720 62 27
0.5 0 65 32
0.5 240 65 0
0.5 0 62 0
0.5 0 65 32
0.5 0 62 27
0.5 240 62 0
0.5 0 65 0
0.5 0 56 27
0.5 0 62 32
0.5 240 62 0
0.5 0 56 0
0.5 0 57 33
0.5 80 57 0
0.5 0 61 33
0.5 80 61 0
0.5 0 64 38
0.5 80 64 0
0.5 0 69 32
0.5 80 69 0
0.5 0 64 33
0.5 80 64 0
0.5 0 61 38
0.5 80 61 0
1 0 0 0
0.5 0 65 34
0.5 0 62 28
0.5 480 62 0
0.5 0 65 0
0.5 0 67 32
0.5 0 64 27
0.5 240 64 0
0.5 0 67 0
0.5 720 70 28
0.5 0 67 28
0.5 0 73 34
0.5 0 64 28
0.5 480 64 0
0.5 0 70 0
0.5 0 67 0
0.5 0 73 0
0.5 0 69 27
0.5 0 74 32
0.5 0 65 27
0.5 240 65 0
0.5 0 74 0
0.5 0 69 0
0.5 720 67 26
0.5 240 67 0
0.5 240 69 26
0.5 240 69 0
0.5 240 61 27
0.5 0 69 32
0.5 240 69 0
0.5 0 61 0
0.5 240 62 27
0.5 0 69 32
0.5 240 69 0
0.5 0 62 0
0.5 240 69 27
0.5 0 73 32
0.5 240 73 0
0.5 0 69 0
0.5 720 53 30
0.5 0 50 25
0.5 480 50 0
0.5 0 53 0
0.5 0 55 28
0.5 0 52 24
0.5 240 52 0
0.5 0 55 0
0.5 720 52 25
0.5 0 58 25
0.5 0 61 30
0.5 0 55 25
0.5 480 55 0
0.5 0 52 0
0.5 0 58 0
0.5 0 61 0
0.5 0 57 28
0.5 0 53 24
0.5 240 53 0
0.5 0 57 0
0.5 720 46 26
0.5 0 50 26
0.5 0 56 35
0.5 480 56 0
0.5 0 50 0
0.5 0 46 0
0.5 480 34 28
0.5 240 34 0
0.5 240 33 32
0.5 480 33 0
0.5 960 29 32
0.5 0 41 32
0.5 480 41 0
0.5 0 29 0
0.5 1200 52 21
0.5 0 58 27
0.5 240 58 0
0.5 0 52 0
0.5 0 52 21
0.5 0 58 27
0.5 240 58 0
0.5 0 52 0
0.5 0 52 21
0.5 0 58 27
0.5 240 58 0
0.5 0 52 0
0.5 0 58 29
0.5 0 52 23
0.5 240 52 0
0.5 0 58 0
0.5 0 52 21
0.5 0 58 27
0.5 240 58 0
0.5 0 52 0
0.5 0 53 32
0.5 0 57 32
0.5 480 57 0
0.5 0 53 0
0.5 1200 51 21
0.5 0 57 27
0.5 240 57 0
0.5 0 51 0
0.5 0 51 21
0.5 0 57 27
0.5 240 57 0
0.5 0 51 0
0.5 0 51 21
0.5 0 57 27
0.5 240 57 0
0.5 0 51 0
0.5 0 57 29
0.5 0 51 23
0.5 240 51 0
0.5 0 57 0
0.5 0 51 21
0.5 0 57 27
0.5 240 57 0
0.5 0 51 0
0.5 240 50 21
0.5 0 53 27
0.5 240 53 0
0.5 0 50 0
0.5 0 50 23
0.5 0 53 29
0.5 240 53 0
0.5 0 50 0
0.5 0 50 21
0.5 0 53 27
0.5 240 53 0
0.5 0 50 0
0.5 0 50 23
0.5 0 53 29
0.5 240 53 0
0.5 0 50 0
0.5 240 48 27
0.5 80 48 0
0.5 0 52 25
0.5 80 52 0
0.5 0 55 25
0.5 80 55 0
0.5 0 48 27
0.5 80 48 0
0.5 0 52 25
0.5 80 52 0
0.5 0 55 25
0.5 80 55 0
0.5 0 48 27
0.5 80 48 0
0.5 0 52 25
0.5 80 52 0
0.5 0 55 25
0.5 80 55 0
0.5 0 48 27
0.5 80 48 0
0.5 0 52 25
0.5 80 52 0
0.5 0 55 25
0.5 80 55 0
0.5 0 48 27
0.5 80 48 0
0.5 0 53 25
0.5 80 53 0
0.5 0 57 25
0.5 80 57 0
0.5 0 48 27
0.5 80 48 0
0.5 0 53 25
0.5 80 53 0
0.5 0 57 25
0.5 80 57 0
0.5 0 46 31
0.5 80 46 0
0.5 0 53 25
0.5 80 53 0
0.5 0 57 29
0.5 80 57 0
0.5 0 46 32
0.5 80 46 0
0.5 0 53 35
0.5 80 53 0
0.5 0 57 38
0.5 80 57 0
0.5 0 46 42
0.5 80 46 0
0.5 0 53 37
0.5 80 53 0
0.5 0 55 37
0.5 80 55 0
0.5 0 46 42
0.5 80 46 0
0.5 0 53 35
0.5 80 53 0
0.5 0 55 36
0.5 80 55 0
0.5 0 47 43
0.5 80 47 0
0.5 0 50 35
0.5 80 50 0
0.5 0 55 35
0.5 80 55 0
0.5 0 47 41
0.5 80 47 0
0.5 0 50 34
0.5 80 50 0
0.5 0 55 34
0.5 80 55 0
0.5 0 48 39
0.5 80 48 0
0.5 0 52 31
0.5 80 52 0
0.5 0 55 31
0.5 80 55 0
0.5 0 48 35
0.5 80 48 0
0.5 0 52 31
0.5 80 52 0
0.5 0 55 31
0.5 80 55 0
0.5 0 52 35
0.5 80 52 0
0.5 0 55 32
0.5 80 55 0
0.5 0 60 32
0.5 80 60 0
0.5 0 52 35
0.5 80 52 0
0.5 0 55 29
0.5 80 55 0
0.5 0 60 29
0.5 80 60 0
0.5 0 53 35
0.5 80 53 0
0.5 0 57 27
0.5 80 57 0
0.5 0 60 27
0.5 80 60 0
0.5 0 53 32
0.5 80 53 0
0.5 0 57 27
0.5 80 57 0
0.5 0 60 27
0.5 80 60 0
0.5 0 58 32
0.5 0 62 40
0.5 240 62 0
0.5 0 58 0
0.5 240 57 30
0.5 0 48 24
0.5 480 57 0
0.5 0 58 27
0.5 480 58 0
0.5 0 48 0
0.5 0 53 40
0.5 80 53 0
0.5 0 57 40
0.5 80 57 0
0.5 0 55 37
0.5 80 55 0
0.5 0 53 40
0.5 80 53 0
0.5 0 62 44
0.5 80 62 0
0.5 0 60 38
0.5 80 60 0
0.5 0 58 40
0.5 80 58 0
0.5 0 67 44
0.5 80 67 0
0.5 0 65 40
0.5 80 65 0
0.5 0 64 45
0.5 80 64 0
0.5 0 70 52
0.5 80 70 0
0.5 0 69 43
0.5 80 69 0
0.5 0 67 44
0.5 80 67 0
0.5 0 65 40
0.5 80 65 0
0.5 0 64 36
0.5 80 64 0
0.5 0 62 43
0.5 80 62 0
0.5 0 60 40
0.5 80 60 0
0.5 0 58 40
0.5 80 58 0
0.5 0 57 39
0.5 80 57 0
0.5 0 60 31
0.5 80 60 0
0.5 0 65 31
0.5 80 65 0
0.5 0 57 35
0.5 80 57 0
0.5 0 60 31
0.5 80 60 0
0.5 0 65 31
0.5 80 65 0
0.5 0 55 35
0.5 80 55 0
0.5 0 58 32
0.5 80 58 0
0.5 0 64 32
0.5 80 64 0
0.5 0 55 35
0.5 80 55 0
0.5 0 58 29
0.5 80 58 0
0.5 0 64 29
0.5 80 64 0
0.5 0 53 35
0.5 80 53 0
0.5 0 57 27
0.5 80 57 0
0.5 0 65 27
0.5 80 65 0
0.5 0 53 32
0.5 80 53 0
0.5 0 57 27
0.5 80 57 0
0.5 0 65 27
0.5 80 65 0
0.5 0 58 32
0.5 0 62 40
0.5 480 62 0
0.5 0 58 0
0.5 0 57 30
0.5 0 48 24
0.5 480 57 0
0.5 0 58 27
0.5 480 58 0
0.5 0 48 0
0.5 0 53 40
0.5 80 53 0
0.5 0 57 40
0.5 80 57 0
0.5 0 55 37
0.5 80 55 0
0.5 0 53 40
0.5 80 53 0
0.5 0 62 44
0.5 80 62 0
0.5 0 60 38
0.5 80 60 0
0.5 0 58 40
0.5 80 58 0
0.5 0 67 44
0.5 80 67 0
0.5 0 65 40
0.5 80 65 0
0.5 0 64 46
0.5 80 64 0
0.5 0 70 51
0.5 80 70 0
0.5 0 69 43
0.5 80 69 0
0.5 0 67 44
0.5 80 67 0
0.5 0 65 40
0.5 80 65 0
0.5 0 64 36
0.5 80 64 0
0.5 0 62 43
0.5 80 62 0
0.5 0 60 40
0.5 80 60 0
0.5 0 58 40
0.5 80 58 0
0.5 0 57 39
0.5 80 57 0
0.5 0 60 31
0.5 80 60 0
0.5 0 65 31
0.5 80 65 0
0.5 0 57 35
0.5 80 57 0
0.5 0 60 31
0.5 80 60 0
0.5 0 65 31
0.5 80 65 0
0.5 0 55 35
0.5 80 55 0
0.5 0 58 32
0.5 80 58 0
0.5 0 64 32
0.5 80 64 0
0.5 0 55 35
0.5 80 55 0
0.5 0 58 29
0.5 80 58 0
0.5 0 64 29
0.5 80 64 0
0.5 0 53 35
0.5 80 53 0
0.5 0 57 27
0.5 80 57 0
0.5 0 65 27
0.5 80 65 0
0.5 0 53 32
0.5 80 53 0
0.5 0 57 27
0.5 80 57 0
0.5 0 65 27
0.5 80 65 0
0.5 0 58 26
0.5 0 62 36
0.5 480 62 0
0.5 0 58 0
0.5 480 70 36
0.5 0 60 27
0.5 480 60 0
0.5 0 65 27
0.5 480 70 0
0.5 0 69 27
0.5 480 69 0
0.5 0 65 0
0.5 480 65 34
0.5 0 62 28
0.5 480 62 0
0.5 0 65 0
0.5 0 67 32
0.5 0 64 27
0.5 240 64 0
0.5 0 67 0
0.5 720 70 28
0.5 0 67 28
0.5 0 73 34
0.5 0 64 28
0.5 480 64 0
0.5 0 70 0
0.5 0 67 0
0.5 0 73 0
0.5 0 69 27
0.5 0 74 32
0.5 0 65 27
0.5 240 65 0
0.5 0 74 0
0.5 0 69 0
0.5 720 67 26
0.5 240 67 0
0.5 240 69 26
0.5 240 69 0
0.5 240 61 27
0.5 0 69 32
0.5 240 69 0
0.5 0 61 0
0.5 240 62 27
0.5 0 69 32
0.5 240 69 0
0.5 0 62 0
0.5 240 69 27
0.5 0 73 32
0.5 240 73 0
0.5 0 69 0
0.5 720 53 30
0.5 0 50 25
0.5 480 50 0
0.5 0 53 0
0.5 0 55 28
0.5 0 52 24
0.5 240 52 0
0.5 0 55 0
0.5 720 52 25
0.5 0 58 25
0.5 0 61 30
0.5 0 55 25
0.5 480 55 0
0.5 0 52 0
0.5 0 58 0
0.5 0 61 0
0.5 0 57 28
0.5 0 53 24
0.5 240 53 0
0.5 0 57 0
0.5 720 46 26
0.5 0 50 26
0.5 0 56 35
0.5 480 56 0
0.5 0 50 0
0.5 0 46 0
0.5 480 34 28
0.5 240 34 0
0.5 240 33 32
0.5 480 33 0
0.5 960 29 32
0.5 0 41 32
0.5 480 41 0
0.5 0 29 0
0.5 1200 52 21
0.5 0 58 27
0.5 240 58 0
0.5 0 52 0
0.5 0 52 21
0.5 0 58 27
0.5 240 58 0
0.5 0 52 0
0.5 0 52 21
0.5 0 58 27
0.5 240 58 0
0.5 0 52 0
0.5 0 58 29
0.5 0 52 23
0.5 240 52 0
0.5 0 58 0
0.5 0 52 21
0.5 0 58 27
0.5 240 58 0
0.5 0 52 0
0.5 0 53 32
0.5 0 57 32
0.5 480 57 0
0.5 0 53 0
0.5 1200 51 21
0.5 0 57 27
0.5 240 57 0
0.5 0 51 0
0.5 0 51 21
0.5 0 57 27
0.5 240 57 0
0.5 0 51 0
0.5 0 51 21
0.5 0 57 27
0.5 240 57 0
0.5 0 51 0
0.5 0 57 29
0.5 0 51 23
0.5 240 51 0
0.5 0 57 0
0.5 0 51 21
0.5 0 57 27
0.5 240 57 0
0.5 0 51 0
0.5 240 50 21
0.5 0 53 27
0.5 240 53 0
0.5 0 50 0
0.5 0 50 23
0.5 0 53 29
0.5 240 53 0
0.5 0 50 0
0.5 0 50 21
0.5 0 53 27
0.5 240 53 0
0.5 0 50 0
0.5 0 50 23
0.5 0 53 29
0.5 240 53 0
0.5 0 50 0
0.5 240 48 27
0.5 80 48 0
0.5 0 52 25
0.5 80 52 0
0.5 0 55 25
0.5 80 55 0
0.5 0 48 27
0.5 80 48 0
0.5 0 52 25
0.5 80 52 0
0.5 0 55 25
0.5 80 55 0
0.5 0 48 27
0.5 80 48 0
0.5 0 52 25
0.5 80 52 0
0.5 0 55 25
0.5 80 55 0
0.5 0 48 27
0.5 80 48 0
0.5 0 52 25
0.5 80 52 0
0.5 0 55 25
0.5 80 55 0
0.5 0 48 27
0.5 80 48 0
0.5 0 53 25
0.5 80 53 0
0.5 0 57 25
0.5 80 57 0
0.5 0 48 27
0.5 80 48 0
0.5 0 53 25
0.5 80 53 0
0.5 0 57 25
0.5 80 57 0
0.5 0 46 31
0.5 80 46 0
0.5 0 53 25
0.5 80 53 0
0.5 0 57 29
0.5 80 57 0
0.5 0 46 32
0.5 80 46 0
0.5 0 53 35
0.5 80 53 0
0.5 0 57 38
0.5 80 57 0
0.5 0 46 42
0.5 80 46 0
0.5 0 53 37
0.5 80 53 0
0.5 0 55 37
0.5 80 55 0
0.5 0 46 42
0.5 80 46 0
0.5 0 53 35
0.5 80 53 0
0.5 0 55 36
0.5 80 55 0
0.5 0 47 43
0.5 80 47 0
0.5 0 50 35
0.5 80 50 0
0.5 0 55 35
0.5 80 55 0
0.5 0 47 41
0.5 80 47 0
0.5 0 50 34
0.5 80 50 0
0.5 0 55 34
0.5 80 55 0
0.5 0 48 39
0.5 80 48 0
0.5 0 52 31
0.5 80 52 0
0.5 0 55 31
0.5 80 55 0
0.5 0 48 35
0.5 80 48 0
0.5 0 52 31
0.5 80 52 0
0.5 0 55 31
0.5 80 55 0
0.5 0 52 35
0.5 80 52 0
0.5 0 55 32
0.5 80 55 0
0.5 0 60 32
0.5 80 60 0
0.5 0 52 35
0.5 80 52 0
0.5 0 55 29
0.5 80 55 0
0.5 0 60 29
0.5 80 60 0
0.5 0 53 35
0.5 80 53 0
0.5 0 57 27
0.5 80 57 0
0.5 0 60 27
0.5 80 60 0
0.5 0 53 32
0.5 80 53 0
0.5 0 57 27
0.5 80 57 0
0.5 0 60 27
0.5 80 60 0
0.5 0 58 32
0.5 0 62 40
0.5 240 62 0
0.5 0 58 0
0.5 240 57 30
0.5 0 48 24
0.5 480 57 0
0.5 0 58 27
0.5 480 58 0
0.5 0 48 0
0.5 0 53 40
0.5 80 53 0
0.5 0 57 40
0.5 80 57 0
0.5 0 55 37
0.5 80 55 0
0.5 0 53 40
0.5 80 53 0
0.5 0 62 44
0.5 80 62 0
0.5 0 60 38
0.5 80 60 0
0.5 0 58 40
0.5 80 58 0
0.5 0 67 44
0.5 80 67 0
0.5 0 65 40
0.5 80 65 0
0.5 0 64 45
0.5 80 64 0
0.5 0 70 52
0.5 80 70 0
0.5 0 69 43
0.5 80 69 0
0.5 0 67 44
0.5 80 67 0
0.5 0 65 40
0.5 80 65 0
0.5 0 64 36
0.5 80 64 0
0.5 0 62 43
0.5 80 62 0
0.5 0 60 40
0.5 80 60 0
0.5 0 58 40
0.5 80 58 0
0.5 0 57 39
0.5 80 57 0
0.5 0 60 31
0.5 80 60 0
0.5 0 65 31
0.5 80 65 0
0.5 0 57 35
0.5 80 57 0
0.5 0 60 31
0.5 80 60 0
0.5 0 65 31
0.5 80 65 0
0.5 0 55 35
0.5 80 55 0
0.5 0 58 32
0.5 80 58 0
0.5 0 64 32
0.5 80 64 0
0.5 0 55 35
0.5 80 55 0
0.5 0 58 29
0.5 80 58 0
0.5 0 64 29
0.5 80 64 0
0.5 0 53 35
0.5 80 53 0
0.5 0 57 27
0.5 80 57 0
0.5 0 65 27
0.5 80 65 0
0.5 0 53 32
0.5 80 53 0
0.5 0 57 27
0.5 80 57 0
0.5 0 65 27
0.5 80 65 0
0.5 0 58 32
0.5 0 62 40
0.5 480 62 0
0.5 0 58 0
0.5 0 57 30
0.5 0 48 24
0.5 480 57 0
0.5 0 58 27
0.5 480 58 0
0.5 0 48 0
0.5 0 53 40
0.5 80 53 0
0.5 0 57 40
0.5 80 57 0
0.5 0 55 37
0.5 80 55 0
0.5 0 53 40
0.5 80 53 0
0.5 0 62 44
0.5 80 62 0
0.5 0 60 38
0.5 80 60 0
0.5 0 58 40
0.5 80 58 0
0.5 0 67 44
0.5 80 67 0
0.5 0 65 40
0.5 80 65 0
0.5 0 64 46
0.5 80 64 0
0.5 0 70 51
0.5 80 70 0
0.5 0 69 43
0.5 80 69 0
0.5 0 67 44
0.5 80 67 0
0.5 0 65 40
0.5 80 65 0
0.5 0 64 36
0.5 80 64 0
0.5 0 62 43
0.5 80 62 0
0.5 0 60 40
0.5 80 60 0
0.5 0 58 40
0.5 80 58 0
0.5 0 57 39
0.5 80 57 0
0.5 0 60 31
0.5 80 60 0
0.5 0 65 31
0.5 80 65 0
0.5 0 57 35
0.5 80 57 0
0.5 0 60 31
0.5 80 60 0
0.5 0 65 31
0.5 80 65 0
0.5 0 55 35
0.5 80 55 0
0.5 0 58 32
0.5 80 58 0
0.5 0 64 32
0.5 80 64 0
0.5 0 55 35
0.5 80 55 0
0.5 0 58 29
0.5 80 58 0
0.5 0 64 29
0.5 80 64 0
0.5 0 53 35
0.5 80 53 0
0.5 0 57 27
0.5 80 57 0
0.5 0 65 27
0.5 80 65 0
0.5 0 53 32
0.5 80 53 0
0.5 0 57 27
0.5 80 57 0
0.5 0 65 27
0.5 80 65 0
0.5 0 58 26
0.5 0 62 36
0.5 480 62 0
0.5 0 58 0
0.5 480 70 36
0.5 0 60 27
0.5 480 60 0
0.5 0 65 27
0.5 480 70 0
0.5 0 69 27
0.5 480 69 0
0.5 0 65 0
0.5 480 57 34
0.5 0 53 28
0.5 480 53 0
0.5 0 57 0
0.5 0 58 32
0.5 0 55 27
0.5 240 55 0
0.5 0 58 0
0.5 1200 60 24
0.5 0 63 28
0.5 0 57 24
0.5 240 57 0
0.5 0 63 0
0.5 0 60 0
0.5 720 58 42
0.5 80 58 0
0.5 0 62 39
0.5 80 62 0
0.5 0 67 39
0.5 80 67 0
0.5 1200 60 27
0.5 80 60 0
0.5 0 67 25
0.5 80 67 0
0.5 0 70 25
0.5 80 70 0
0.5 0 60 27
0.5 80 60 0
0.5 0 67 25
0.5 80 67 0
0.5 0 70 25
0.5 80 70 0
0.5 0 60 27
0.5 80 60 0
0.5 0 67 25
0.5 80 67 0
0.5 0 70 25
0.5 80 70 0
0.5 0 60 27
0.5 80 60 0
0.5 0 67 25
0.5 80 67 0
0.5 0 70 25
0.5 80 70 0
0.5 0 60 27
0.5 80 60 0
0.5 0 67 25
0.5 80 67 0
0.5 0 70 25
0.5 80 70 0
0.5 0 60 27
0.5 80 60 0
0.5 0 67 25
0.5 80 67 0
0.5 0 70 25
0.5 70 70 0
0.5 10 65 23
0.5 0 70 36
0.5 480 70 0
0.5 0 69 27
0.5 960 69 0
0.5 0 65 0
0.5 0 58 26
0.5 80 58 0
0.5 0 65 22
0.5 80 65 0
0.5 0 69 22
0.5 80 69 0
0.5 0 58 27
0.5 80 58 0
0.5 0 65 25
0.5 80 65 0
0.5 0 69 25
0.5 80 69 0
0.5 0 58 27
0.5 80 58 0
0.5 0 65 25
0.5 80 65 0
0.5 0 67 25
0.5 80 67 0
0.5 0 58 27
0.5 80 58 0
0.5 0 65 25
0.5 80 65 0
0.5 0 67 25
0.5 80 67 0
0.5 0 58 27
0.5 80 58 0
0.5 0 65 25
0.5 80 65 0
0.5 0 67 25
0.5 80 67 0
0.5 0 58 30
0.5 80 58 0
0.5 0 65 26
0.5 80 65 0
0.5 0 67 29
0.5 70 67 0
0.5 10 57 37
0.5 80 57 0
0.5 0 64 31
0.5 80 64 0
0.5 0 67 31
0.5 80 67 0
0.5 0 57 37
0.5 80 57 0
0.5 0 64 31
0.5 80 64 0
0.5 0 67 31
0.5 80 67 0
0.5 0 61 39
0.5 80 61 0
0.5 0 64 33
0.5 80 64 0
0.5 0 69 33
0.5 80 69 0
0.5 0 61 39
0.5 80 61 0
0.5 0 64 31
0.5 80 64 0
0.5 0 69 30
0.5 80 69 0
0.5 0 62 37
0.5 80 62 0
0.5 0 65 30
0.5 80 65 0
0.5 0 69 30
0.5 80 69 0
0.5 0 62 33
0.5 80 62 0
0.5 0 65 25
0.5 80 65 0
0.5 0 69 25
0.5 70 69 0
0.5 10 57 34
0.5 80 57 0
0.5 0 61 27
0.5 80 61 0
0.5 0 64 27
0.5 80 64 0
0.5 0 69 29
0.5 80 69 0
0.5 0 64 27
0.5 80 64 0
0.5 0 61 27
0.5 80 61 0
0.5 0 57 33
0.5 240 57 0
0.5 240 57 46
0.5 80 57 0
0.5 0 58 39
0.5 80 58 0
0.5 0 57 39
0.5 80 57 0
0.5 0 55 44
0.5 80 55 0
0.5 0 53 35
0.5 80 53 0
0.5 0 52 37
0.5 80 52 0
0.5 0 50 48
0.5 240 50 0
0.5 240 52 34
0.5 0 55 34
0.5 0 58 34
0.5 480 58 0
0.5 0 55 0
0.5 0 52 0
0.5 480 73 40
0.5 0 70 32
0.5 0 67 32
0.5 0 64 32
0.5 480 64 0
0.5 0 73 0
0.5 0 70 0
0.5 0 67 0
0.5 0 74 40
0.5 0 69 32
0.5 0 65 32
0.5 480 65 0
0.5 0 69 0
0.5 0 74 0
0.5 360 66 38
0.5 120 66 0
0.5 0 67 26
0.5 240 67 0
0.5 120 70 37
0.5 120 70 0
0.5 0 69 26
0.5 240 69 0
0.5 120 61 35
0.5 120 61 0
0.5 0 57 32
0.5 240 57 0
0.5 120 61 29
0.5 0 69 37
0.5 120 69 0
0.5 0 61 0
0.5 0 62 27
0.5 0 69 32
0.5 240 69 0
0.5 0 62 0
0.5 240 69 27
0.5 0 73 32
0.5 240 73 0
0.5 0 69 0
0.5 800 61 40
0.5 80 61 0
0.5 0 58 37
0.5 80 58 0
0.5 0 57 40
0.5 80 57 0
0.5 0 64 44
0.5 80 64 0
0.5 0 62 38
0.5 80 62 0
0.5 0 61 40
0.5 80 61 0
0.5 0 67 44
0.5 80 67 0
0.5 0 65 40
0.5 80 65 0
0.5 0 64 45
0.5 240 64 0
0.5 560 66 40
0.5 80 66 0
0.5 0 64 37
0.5 80 64 0
0.5 0 62 40
0.5 80 62 0
0.5 0 69 44
0.5 80 69 0
0.5 0 67 38
0.5 80 67 0
0.5 0 66 40
0.5 80 66 0
0.5 0 72 44
0.5 80 72 0
0.5 0 70 40
0.5 80 70 0
0.5 0 69 39
0.5 240 69 0
0.5 480 55 31
0.5 80 55 0
0.5 0 58 25
0.5 80 58 0
0.5 0 63 29
0.5 80 63 0
0.5 0 55 32
0.5 80 55 0
0.5 0 58 35
0.5 80 58 0
0.5 0 63 38
0.5 80 63 0
0.5 0 55 42
0.5 80 55 0
0.5 0 58 37
0.5 80 58 0
0.5 0 63 37
0.5 80 63 0
0.5 0 55 42
0.5 80 55 0
0.5 0 58 35
0.5 80 58 0
0.5 0 63 36
0.5 80 63 0
0.5 0 56 43
0.5 80 56 0
0.5 0 62 35
0.5 80 62 0
0.5 0 65 35
0.5 80 65 0
0.5 0 56 41
0.5 80 56 0
0.5 0 62 34
0.5 80 62 0
0.5 0 65 34
0.5 80 65 0
0.5 0 57 31
0.5 80 57 0
0.5 0 64 25
0.5 80 64 0
0.5 0 67 29
0.5 80 67 0
0.5 0 57 32
0.5 80 57 0
0.5 0 64 35
0.5 80 64 0
0.5 0 69 38
0.5 80 69 0
0.5 0 61 42
0.5 80 61 0
0.5 0 64 37
0.5 80 64 0
0.5 0 69 37
0.5 80 69 0
0.5 0 61 42
0.5 80 61 0
0.5 0 64 35
0.5 80 64 0
0.5 0 69 36
0.5 80 69 0
0.5 0 62 43
0.5 80 62 0
0.5 0 65 35
0.5 80 65 0
0.5 0 69 35
0.5 80 69 0
0.5 0 62 41
0.5 80 62 0
0.5 0 65 34
0.5 80 65 0
0.5 0 69 34
0.5 80 69 0
0.5 0 58 40
0.5 480 58 0
0.5 0 65 30
0.5 0 57 24
0.5 480 65 0
0.5 0 67 27
0.5 480 67 0
0.5 0 57 0
0.5 0 62 31
0.5 80 62 0
0.5 0 69 25
0.5 80 69 0
0.5 0 72 29
0.5 80 72 0
0.5 0 62 32
0.5 80 62 0
0.5 0 69 35
0.5 80 69 0
0.5 0 72 38
0.5 80 72 0
0.5 0 62 42
0.5 80 62 0
0.5 0 69 37
0.5 80 69 0
0.5 0 72 33
0.5 80 72 0
0.5 0 62 39
0.5 80 62 0
0.5 0 69 34
0.5 80 69 0
0.5 0 72 34
0.5 80 72 0
0.5 0 62 40
0.5 80 62 0
0.5 0 69 32
0.5 80 69 0
0.5 0 72 32
0.5 80 72 0
0.5 0 62 38
0.5 80 62 0
0.5 0 69 32
0.5 80 69 0
0.5 0 72 32
0.5 80 72 0
0.5 0 62 31
0.5 80 62 0
0.5 0 67 25
0.5 80 67 0
0.5 0 70 29
0.5 80 70 0
0.5 0 62 32
0.5 80 62 0
0.5 0 67 35
0.5 80 67 0
0.5 0 70 38
0.5 80 70 0
0.5 0 62 42
0.5 80 62 0
0.5 0 67 37
0.5 80 67 0
0.5 0 70 33
0.5 80 70 0
0.5 0 62 39
0.5 80 62 0
0.5 0 67 34
0.5 80 67 0
0.5 0 70 34
0.5 80 70 0
0.5 0 62 40
0.5 80 62 0
0.5 0 67 32
0.5 80 67 0
0.5 0 70 32
0.5 80 70 0
0.5 0 62 38
0.5 80 62 0
0.5 0 67 32
0.5 80 67 0
0.5 0 70 32
0.5 80 70 0
0.5 0 62 31
0.5 80 62 0
0.5 0 69 25
0.5 80 69 0
0.5 0 72 29
0.5 80 72 0
0.5 0 62 32
0.5 80 62 0
0.5 0 69 35
0.5 80 69 0
0.5 0 72 38
0.5 80 72 0
0.5 0 62 42
0.5 80 62 0
0.5 0 69 37
0.5 80 69 0
0.5 0 72 33
0.5 80 72 0
0.5 0 62 39
0.5 80 62 0
0.5 0 69 34
0.5 80 69 0
0.5 0 72 34
0.5 80 72 0
0.5 0 62 40
0.5 80 62 0
0.5 0 69 32
0.5 80 69 0
0.5 0 72 32
0.5 80 72 0
0.5 0 62 38
0.5 80 62 0
0.5 0 69 32
0.5 80 69 0
0.5 0 72 32
0.5 80 72 0
0.5 1680 55 41
0.5 80 55 0
0.5 0 58 37
0.5 80 58 0
0.5 0 61 37
0.5 80 61 0
0.5 0 64 43
0.5 80 64 0
0.5 640 53 30
0.5 240 53 0
0.5 0 55 34
0.5 0 43 34
0.5 480 43 0
0.5 0 55 0
0.5 0 53 25
0.5 0 45 20
0.5 480 53 0
0.5 0 55 22
0.5 480 55 0
0.5 0 45 0
0.5 0 46 38
0.5 80 46 0
0.5 0 50 33
0.5 80 50 0
0.5 0 56 33
0.5 80 56 0
0.5 0 46 38
0.5 80 46 0
0.5 0 50 35
0.5 80 50 0
0.5 0 56 33
0.5 80 56 0
0.5 0 46 38
0.5 240 46 0
0.5 720 45 38
0.5 80 45 0
0.5 0 50 33
0.5 80 50 0
0.5 3 53 33
0.5 77 45 38
0.5 3 53 0
0.5 77 45 0
0.5 0 50 35
0.5 80 50 0
0.5 0 53 33
0.5 80 53 0
0.5 0 45 38
0.5 240 45 0
0.5 720 44 38
0.5 80 44 0
0.5 0 50 33
0.5 80 50 0
0.5 3 53 33
0.5 77 44 38
0.5 3 53 0
0.5 77 44 0
0.5 0 50 35
0.5 80 50 0
0.5 0 53 33
0.5 80 53 0
0.5 0 44 38
0.5 240 44 0
0.5 1200 57 34
0.5 80 57 0
0.5 0 52 31
0.5 80 52 0
0.5 0 49 31
0.5 80 49 0
0.5 0 45 34
0.5 80 45 0
0.5 0 40 30
0.5 80 40 0
0.5 0 37 29
0.5 80 37 0
0.5 0 33 31
0.5 80 33 0
0.5 0 37 28
0.5 80 37 0
0.5 0 40 28
0.5 80 40 0
0.5 0 45 28
0.5 80 45 0
0.5 0 49 27
0.5 80 49 0
0.5 0 52 27
0.5 80 52 0
0.5 0 45 27
0.5 240 45 0
0.5 240 57 26
0.5 480 57 0
1 0 0 0
