0 0 7 127
0 0 10 64
0 0 91 127
0.5 2880 69 77
0.5 720 69 0
0.5 0 64 68
0.5 480 64 0
0.5 960 57 76
0.5 716 57 0
0.5 4 52 70
0.5 480 52 0
0.5 240 76 44
0.5 0 72 35
0.5 480 72 0
0.5 0 76 0
0.5 0 69 33
0.5 0 72 40
0.5 240 72 0
0.5 0 69 0
0.5 0 64 33
0.5 0 69 40
0.5 480 69 0
0.5 0 64 0
0.5 0 68 34
0.5 0 71 42
0.5 240 71 0
0.5 0 68 0
0.5 0 69 32
0.5 0 72 39
0.5 240 72 0
0.5 0 69 0
0.5 0 71 35
0.5 0 74 44
0.5 240 74 0
0.5 0 71 0
0.5 0 72 36
0.5 0 76 46
0.5 240 76 0
0.5 0 72 0
0.5 0 76 39
0.5 0 79 49
0.5 480 79 0
0.5 0 76 0
0.5 0 74 38
0.5 0 77 48
0.5 480 77 0
0.5 0 74 0
0.5 0 72 33
0.5 0 76 40
0.5 240 76 0
0.5 0 72 0
0.5 0 71 35
0.5 0 74 44
0.5 240 74 0
0.5 0 71 0
0.5 0 72 39
0.5 0 76 49
0.5 480 76 0
0.5 0 72 0
0.5 0 69 38
0.5 0 72 46
0.5 120 72 0
0.5 0 69 0
0.5 0 63 31
0.5 30 66 32
0.5 30 68 33
0.5 30 68 0
0.5 0 71 34
0.5 30 71 0
0.5 0 69 44
0.5 240 69 0
0.5 0 66 0
0.5 0 64 33
0.5 0 68 40
0.5 240 68 0
0.5 0 64 0
0.5 0 66 35
0.5 0 69 44
0.5 240 69 0
0.5 0 66 0
0.5 0 63 0
0.5 0 68 36
0.5 0 71 43
0.5 720 71 0
0.5 0 68 0
0.5 0 76 44
0.5 0 68 35
0.5 480 76 0
0.5 0 72 40
0.5 240 72 0
0.5 0 68 0
0.5 0 64 33
0.5 0 69 40
0.5 480 69 0
0.5 0 64 0
0.5 0 68 34
0.5 0 71 42
0.5 240 71 0
0.5 0 68 0
0.5 0 69 32
0.5 0 72 39
0.5 240 72 0
0.5 0 69 0
0.5 0 71 35
0.5 0 74 44
0.5 240 74 0
0.5 0 71 0
0.5 0 72 36
0.5 0 76 46
0.5 240 76 0
0.5 0 72 0
0.5 0 74 41
0.5 0 79 49
0.5 240 74 0
0.5 0 76 43
0.5 240 76 0
0.5 0 77 40
0.5 240 77 0
0.5 0 76 43
0.5 240 76 0
0.5 0 79 0
0.5 0 74 33
0.5 0 77 40
0.5 360 77 0
0.5 0 74 0
0.5 0 72 35
0.5 0 76 44
0.5 114 76 0
0.5 0 72 0
0.5 6 72 37
0.5 0 76 46
0.5 240 76 0
0.5 0 72 0
0.5 0 71 39
0.5 0 74 47
0.5 360 74 0
0.5 0 71 0
0.5 0 69 38
0.5 0 72 48
0.5 114 72 0
0.5 0 69 0
0.5 6 69 35
0.5 0 72 39
0.5 240 72 0
0.5 0 69 0
0.5 0 68 33
0.5 0 71 40
0.5 360 71 0
0.5 0 68 0
0.5 0 69 37
0.5 114 69 0
0.5 6 69 34
0.5 720 69 0
0.5 0 57 76
0.5 720 57 0
0.5 0 52 70
0.5 480 52 0
0.5 240 76 36
0.5 0 88 48
0.5 0 84 36
0.5 480 84 0
0.5 0 88 0
0.5 0 76 0
0.5 0 72 34
0.5 0 81 34
0.5 0 84 44
0.5 240 84 0
0.5 0 81 0
0.5 0 72 0
0.5 0 69 34
0.5 0 76 34
0.5 0 81 44
0.5 480 81 0
0.5 0 76 0
0.5 0 69 0
0.5 0 71 35
0.5 0 80 35
0.5 0 83 46
0.5 240 83 0
0.5 0 80 0
0.5 0 71 0
0.5 0 72 33
0.5 0 81 33
0.5 0 84 42
0.5 240 84 0
0.5 0 81 0
0.5 0 72 0
0.5 0 74 36
0.5 0 83 36
0.5 0 86 48
0.5 240 86 0
0.5 0 83 0
0.5 0 74 0
0.5 0 76 37
0.5 0 84 37
0.5 0 88 50
0.5 240 88 0
0.5 0 84 0
0.5 0 76 0
0.5 0 79 40
0.5 0 88 40
0.5 0 91 53
0.5 480 91 0
0.5 0 88 0
0.5 0 79 0
0.5 0 77 39
0.5 0 86 39
0.5 0 89 52
0.5 480 89 0
0.5 0 86 0
0.5 0 77 0
0.5 0 76 34
0.5 0 84 34
0.5 0 88 44
0.5 240 88 0
0.5 0 84 0
0.5 0 76 0
0.5 0 74 36
0.5 0 83 36
0.5 0 86 48
0.5 240 86 0
0.5 0 83 0
0.5 0 74 0
0.5 0 76 40
0.5 0 84 40
0.5 0 88 53
0.5 480 88 0
0.5 0 84 0
0.5 0 76 0
0.5 0 72 39
0.5 0 81 39
0.5 0 84 52
0.5 120 84 0
0.5 0 81 0
0.5 0 72 0
0.5 0 69 33
0.5 30 75 35
0.5 30 78 36
0.5 30 83 38
0.5 30 83 0
0.5 0 81 48
0.5 240 81 0
0.5 0 78 0
0.5 0 75 0
0.5 0 68 34
0.5 0 80 44
0.5 240 80 0
0.5 0 68 0
0.5 0 69 36
0.5 0 81 48
0.5 240 81 0
0.5 0 69 0
0.5 0 69 0
0.5 0 71 37
0.5 0 80 37
0.5 0 83 47
0.5 720 83 0
0.5 0 80 0
0.5 0 71 0
0.5 0 76 39
0.5 0 88 52
0.5 0 80 39
0.5 480 80 0
0.5 0 88 0
0.5 0 72 44
0.5 0 84 48
0.5 240 84 0
0.5 0 72 0
0.5 0 76 0
0.5 0 69 37
0.5 0 76 37
0.5 0 81 48
0.5 480 81 0
0.5 0 76 0
0.5 0 69 0
0.5 0 71 38
0.5 0 80 38
0.5 0 83 50
0.5 240 83 0
0.5 0 80 0
0.5 0 71 0
0.5 0 72 36
0.5 0 81 36
0.5 0 84 46
0.5 240 84 0
0.5 0 81 0
0.5 0 72 0
0.5 0 74 39
0.5 0 83 39
0.5 0 86 52
0.5 240 86 0
0.5 0 83 0
0.5 0 74 0
0.5 0 76 40
0.5 0 84 40
0.5 0 88 55
0.5 240 88 0
0.5 0 84 0
0.5 0 76 0
0.5 0 79 47
0.5 0 86 47
0.5 0 91 58
0.5 240 86 0
0.5 0 79 0
0.5 0 77 51
0.5 360 77 0
0.5 0 76 48
0.5 120 76 0
0.5 0 76 51
0.5 240 91 0
0.5 0 86 40
0.5 0 89 52
0.5 360 89 0
0.5 0 86 0
0.5 0 84 39
0.5 0 88 52
0.5 114 88 0
0.5 0 84 0
0.5 6 84 44
0.5 0 88 58
0.5 240 88 0
0.5 0 84 0
0.5 0 76 0
0.5 0 74 40
0.5 0 83 40
0.5 0 86 53
0.5 360 86 0
0.5 0 83 0
0.5 0 74 0
0.5 0 72 39
0.5 0 81 39
0.5 0 84 52
0.5 114 84 0
0.5 0 81 0
0.5 0 72 0
0.5 6 72 36
0.5 0 81 36
0.5 0 84 42
0.5 240 84 0
0.5 0 81 0
0.5 0 72 0
0.5 0 71 34
0.5 0 80 34
0.5 0 83 44
0.5 360 83 0
0.5 0 80 0
0.5 0 71 0
0.5 0 69 34
0.5 0 81 41
0.5 114 81 0
0.5 0 69 0
0.5 6 69 32
0.5 0 81 37
0.5 720 81 0
0.5 0 69 0
0.5 0 63 39
0.5 0 66 46
0.5 240 66 0
0.5 0 63 0
0.5 0 64 40
0.5 0 68 48
0.5 240 68 0
0.5 0 64 0
0.5 0 66 42
0.5 0 69 50
0.5 240 69 0
0.5 0 66 0
0.5 0 68 44
0.5 0 71 52
0.5 240 71 0
0.5 0 68 0
0.5 0 76 50
0.5 240 76 0
0.5 0 68 42
0.5 0 71 50
0.5 180 71 0
0.5 0 68 0
0.5 0 68 35
0.5 0 71 42
0.5 60 71 0
0.5 0 68 0
0.5 0 66 43
0.5 0 69 51
0.5 240 69 0
0.5 0 66 0
0.5 0 64 40
0.5 0 68 48
0.5 240 68 0
0.5 0 64 0
0.5 0 63 40
0.5 0 66 48
0.5 240 66 0
0.5 0 63 0
0.5 0 68 44
0.5 0 71 52
0.5 480 71 0
0.5 0 68 0
0.5 0 64 41
0.5 0 68 49
0.5 240 68 0
0.5 0 64 0
0.5 0 63 39
0.5 0 66 46
0.5 240 66 0
0.5 0 63 0
0.5 0 64 40
0.5 0 68 48
0.5 240 68 0
0.5 0 64 0
0.5 0 66 42
0.5 0 69 50
0.5 240 69 0
0.5 0 66 0
0.5 0 68 44
0.5 0 71 52
0.5 240 71 0
0.5 0 68 0
0.5 0 76 50
0.5 240 76 0
0.5 0 68 42
0.5 0 71 50
0.5 180 71 0
0.5 0 68 0
0.5 0 68 35
0.5 0 71 42
0.5 60 71 0
0.5 0 68 0
0.5 0 66 43
0.5 0 69 51
0.5 240 69 0
0.5 0 66 0
0.5 0 64 40
0.5 0 68 48
0.5 240 68 0
0.5 0 64 0
0.5 0 63 40
0.5 0 66 48
0.5 240 66 0
0.5 0 63 0
0.5 0 68 44
0.5 0 71 52
0.5 1440 71 0
0.5 0 68 0
0.5 0 67 54
0.5 0 73 64
0.5 720 73 0
0.5 0 67 0
0.5 0 66 57
0.5 0 74 68
0.5 720 74 0
0.5 0 66 0
0.5 0 69 62
0.5 0 75 73
0.5 720 75 0
0.5 0 69 0
0.5 0 69 65
0.5 0 72 65
0.5 0 76 77
0.5 720 76 0
0.5 0 72 0
0.5 0 69 0
0.5 0 70 69
0.5 0 76 69
0.5 0 79 82
0.5 720 79 0
0.5 0 76 0
0.5 0 70 0
0.5 0 70 73
0.5 0 74 73
0.5 0 77 86
0.5 720 77 0
0.5 0 74 0
0.5 0 70 0
0.5 0 69 71
0.5 0 72 71
0.5 0 75 77
0.5 0 78 81
0.5 0 81 91
0.5 1440 81 0
0.5 0 75 0
0.5 0 69 0
0.5 0 72 0
0.5 0 78 0
0.5 0 45 88
0.5 720 45 0
0.5 0 39 78
0.5 480 39 0
0.5 960 76 44
0.5 0 72 35
0.5 480 72 0
0.5 0 76 0
0.5 0 69 33
0.5 0 72 40
0.5 240 72 0
0.5 0 69 0
0.5 0 64 31
0.5 0 69 38
0.5 480 69 0
0.5 0 64 0
0.5 0 68 34
0.5 0 71 42
0.5 240 71 0
0.5 0 68 0
0.5 0 69 32
0.5 0 72 39
0.5 240 72 0
0.5 0 69 0
0.5 0 71 35
0.5 0 74 44
0.5 240 74 0
0.5 0 71 0
0.5 0 72 36
0.5 0 76 46
0.5 240 76 0
0.5 0 72 0
0.5 0 64 31
0.5 0 69 38
0.5 480 69 0
0.5 0 64 0
0.5 0 68 34
0.5 0 71 42
0.5 240 71 0
0.5 0 68 0
0.5 0 69 32
0.5 0 72 39
0.5 240 72 0
0.5 0 69 0
0.5 0 71 35
0.5 0 74 44
0.5 240 74 0
0.5 0 71 0
0.5 0 72 36
0.5 0 76 46
0.5 480 76 0
0.5 0 72 0
0.5 0 71 39
0.5 0 74 49
0.5 360 74 0
0.5 0 71 0
0.5 0 69 38
0.5 0 72 48
0.5 120 72 0
0.5 0 69 0
0.5 0 69 35
0.5 0 72 39
0.5 240 72 0
0.5 0 69 0
0.5 0 68 33
0.5 0 71 40
0.5 360 71 0
0.5 0 68 0
0.5 0 69 37
0.5 120 69 0
0.5 0 69 37
0.5 720 69 0
0.5 0 63 35
0.5 0 66 41
0.5 120 64 27
0.5 120 66 0
0.5 0 63 0
0.5 0 68 43
0.5 120 64 0
0.5 0 64 27
0.5 120 68 0
0.5 0 66 37
0.5 0 69 45
0.5 120 64 0
0.5 0 64 27
0.5 120 69 0
0.5 0 66 0
0.5 0 68 39
0.5 0 71 46
0.5 120 64 0
0.5 0 64 31
0.5 120 71 0
0.5 0 68 0
0.5 0 76 45
0.5 120 64 0
0.5 0 64 31
0.5 120 76 0
0.5 0 68 37
0.5 0 71 45
0.5 120 64 0
0.5 0 64 31
0.5 60 71 0
0.5 0 68 0
0.5 0 68 31
0.5 0 71 37
0.5 60 71 0
0.5 0 68 0
0.5 0 66 38
0.5 0 69 45
0.5 120 64 0
0.5 0 64 28
0.5 120 69 0
0.5 0 66 0
0.5 0 68 43
0.5 120 64 0
0.5 0 64 28
0.5 120 68 0
0.5 0 63 36
0.5 0 66 43
0.5 120 64 0
0.5 0 64 28
0.5 120 66 0
0.5 0 63 0
0.5 0 68 39
0.5 0 71 46
0.5 120 64 0
0.5 0 64 28
0.5 240 64 0
0.5 0 64 29
0.5 120 71 0
0.5 0 68 0
0.5 0 68 44
0.5 120 64 0
0.5 0 64 28
0.5 120 68 0
0.5 0 63 35
0.5 0 66 41
0.5 120 64 0
0.5 0 64 28
0.5 120 66 0
0.5 0 63 0
0.5 0 68 43
0.5 120 64 0
0.5 0 64 27
0.5 120 68 0
0.5 0 66 37
0.5 0 69 45
0.5 120 64 0
0.5 0 64 27
0.5 120 69 0
0.5 0 66 0
0.5 0 68 39
0.5 0 71 46
0.5 120 64 0
0.5 0 64 27
0.5 120 71 0
0.5 0 68 0
0.5 0 76 45
0.5 120 64 0
0.5 0 64 27
0.5 120 76 0
0.5 0 68 37
0.5 0 71 45
0.5 120 64 0
0.5 0 64 31
0.5 60 71 0
0.5 0 68 0
0.5 0 68 31
0.5 0 71 37
0.5 60 71 0
0.5 0 68 0
0.5 0 66 38
0.5 0 69 45
0.5 120 64 0
0.5 0 64 30
0.5 120 69 0
0.5 0 66 0
0.5 0 68 43
0.5 120 64 0
0.5 0 64 29
0.5 120 68 0
0.5 0 63 36
0.5 0 66 43
0.5 120 64 0
0.5 0 64 29
0.5 120 66 0
0.5 0 63 0
0.5 0 68 44
0.5 0 71 52
0.5 120 64 0
0.5 0 64 35
0.5 240 64 0
0.5 0 64 36
0.5 240 64 0
0.5 0 64 38
0.5 240 64 0
0.5 0 64 39
0.5 240 64 0
0.5 0 64 41
0.5 240 64 0
0.5 0 64 42
0.5 120 71 0
0.5 0 68 0
0.5 0 67 54
0.5 0 73 64
0.5 120 64 0
0.5 0 64 46
0.5 240 64 0
0.5 0 64 47
0.5 240 64 0
0.5 0 64 48
0.5 120 64 0
0.5 0 73 0
0.5 0 67 0
0.5 0 69 57
0.5 0 74 68
0.5 120 66 48
0.5 240 66 0
0.5 0 66 49
0.5 240 66 0
0.5 0 66 50
0.5 120 74 0
0.5 0 69 0
0.5 0 69 62
0.5 0 75 73
0.5 120 66 0
0.5 0 66 50
0.5 240 66 0
0.5 0 66 52
0.5 240 66 0
0.5 0 66 54
0.5 120 66 0
0.5 0 75 0
0.5 0 69 0
0.5 0 72 65
0.5 0 76 77
0.5 120 69 54
0.5 240 69 0
0.5 0 69 56
0.5 240 69 0
0.5 0 69 57
0.5 120 69 0
0.5 0 76 0
0.5 0 72 0
0.5 0 76 69
0.5 0 79 82
0.5 120 70 59
0.5 240 70 0
0.5 0 70 60
0.5 240 70 0
0.5 0 70 61
0.5 120 79 0
0.5 0 76 0
0.5 0 74 73
0.5 0 77 86
0.5 120 70 0
0.5 0 70 61
0.5 240 70 0
0.5 0 70 63
0.5 240 70 0
0.5 0 70 64
0.5 120 70 0
0.5 0 77 0
0.5 0 74 0
0.5 0 69 71
0.5 0 72 71
0.5 0 75 77
0.5 0 78 78
0.5 0 81 91
0.5 1440 81 0
0.5 0 75 0
0.5 0 69 0
0.5 0 72 0
0.5 0 78 0
0.5 0 45 88
0.5 720 45 0
0.5 0 39 76
0.5 480 39 0
0.5 960 76 46
0.5 0 72 38
0.5 120 64 30
0.5 240 64 0
0.5 0 64 30
0.5 120 72 0
0.5 0 76 0
0.5 0 69 36
0.5 0 72 42
0.5 120 64 0
0.5 0 64 29
0.5 120 72 0
0.5 0 69 0
0.5 0 69 42
0.5 120 64 0
0.5 0 64 30
0.5 240 64 0
0.5 0 64 30
0.5 120 69 0
0.5 0 68 37
0.5 0 71 44
0.5 120 64 0
0.5 0 64 29
0.5 120 71 0
0.5 0 68 0
0.5 0 69 35
0.5 0 72 41
0.5 120 64 0
0.5 0 64 30
0.5 120 72 0
0.5 0 69 0
0.5 0 71 38
0.5 0 74 46
0.5 120 64 0
0.5 0 64 31
0.5 120 74 0
0.5 0 71 0
0.5 0 72 39
0.5 0 76 48
0.5 120 64 0
0.5 0 64 30
0.5 120 76 0
0.5 0 72 0
0.5 0 69 42
0.5 120 64 0
0.5 0 64 31
0.5 240 64 0
0.5 0 64 29
0.5 120 69 0
0.5 0 68 37
0.5 0 71 44
0.5 120 64 0
0.5 0 64 29
0.5 120 71 0
0.5 0 68 0
0.5 0 69 35
0.5 0 72 41
0.5 120 64 0
0.5 0 64 30
0.5 120 72 0
0.5 0 69 0
0.5 0 71 38
0.5 0 74 46
0.5 120 64 0
0.5 0 64 31
0.5 120 74 0
0.5 0 71 0
0.5 0 72 39
0.5 0 76 48
0.5 120 64 0
0.5 0 64 33
0.5 240 64 0
0.5 0 64 34
0.5 120 76 0
0.5 0 72 0
0.5 0 71 42
0.5 0 74 51
0.5 120 64 0
0.5 0 64 31
0.5 240 64 0
0.5 0 74 0
0.5 0 71 0
0.5 0 69 41
0.5 0 72 50
0.5 114 72 0
0.5 0 69 0
0.5 6 69 35
0.5 0 72 38
0.5 240 72 0
0.5 0 69 0
0.5 0 68 33
0.5 0 71 39
0.5 360 71 0
0.5 0 68 0
0.5 0 69 37
0.5 114 69 0
0.5 6 69 34
0.5 720 69 0
0.5 0 68 37
0.5 0 71 46
0.5 240 71 0
0.5 0 68 0
0.5 0 69 38
0.5 0 73 48
0.5 240 73 0
0.5 0 69 0
0.5 0 71 39
0.5 0 74 50
0.5 240 74 0
0.5 0 71 0
0.5 0 73 41
0.5 0 76 52
0.5 240 76 0
0.5 0 73 0
0.5 0 81 50
0.5 240 81 0
0.5 0 73 39
0.5 0 76 50
0.5 180 76 0
0.5 0 73 0
0.5 0 73 33
0.5 0 76 42
0.5 60 76 0
0.5 0 73 0
0.5 0 71 40
0.5 0 74 51
0.5 240 74 0
0.5 0 71 0
0.5 0 69 38
0.5 0 73 48
0.5 240 73 0
0.5 0 69 0
0.5 0 68 36
0.5 0 71 46
0.5 240 71 0
0.5 0 68 0
0.5 0 73 41
0.5 0 76 52
0.5 480 76 0
0.5 0 73 0
0.5 0 69 38
0.5 0 73 49
0.5 240 73 0
0.5 0 69 0
0.5 0 68 37
0.5 0 71 46
0.5 240 71 0
0.5 0 68 0
0.5 0 69 38
0.5 0 73 48
0.5 240 73 0
0.5 0 69 0
0.5 0 71 39
0.5 0 74 50
0.5 240 74 0
0.5 0 71 0
0.5 0 73 41
0.5 0 76 52
0.5 240 76 0
0.5 0 73 0
0.5 0 81 50
0.5 240 81 0
0.5 0 73 39
0.5 0 76 50
0.5 180 76 0
0.5 0 73 0
0.5 0 73 33
0.5 0 76 42
0.5 60 76 0
0.5 0 73 0
0.5 0 71 40
0.5 0 74 51
0.5 240 74 0
0.5 0 71 0
0.5 0 69 38
0.5 0 73 48
0.5 240 73 0
0.5 0 69 0
0.5 0 68 36
0.5 0 71 46
0.5 240 71 0
0.5 0 68 0
0.5 0 73 41
0.5 0 76 47
0.5 840 76 0
0.5 0 73 0
0.5 0 64 47
0.5 120 64 0
0.5 0 69 51
0.5 120 69 0
0.5 0 71 43
0.5 120 71 0
0.5 0 69 50
0.5 120 69 0
0.5 0 71 43
0.5 120 71 0
0.5 0 73 48
0.5 120 73 0
0.5 0 76 43
0.5 120 76 0
0.5 0 73 48
0.5 120 73 0
0.5 0 76 42
0.5 120 76 0
0.5 0 73 47
0.5 120 73 0
0.5 0 74 41
0.5 120 74 0
0.5 0 76 46
0.5 120 76 0
0.5 0 81 41
0.5 120 81 0
0.5 0 76 45
0.5 120 76 0
0.5 0 80 39
0.5 120 80 0
0.5 0 76 45
0.5 120 76 0
0.5 0 80 39
0.5 120 80 0
0.5 0 81 44
0.5 120 81 0
0.5 0 85 38
0.5 120 85 0
0.5 0 81 43
0.5 120 81 0
0.5 0 83 38
0.5 120 83 0
0.5 0 81 42
0.5 120 81 0
0.5 0 83 38
0.5 120 83 0
0.5 0 85 39
0.5 120 85 0
0.5 0 88 38
0.5 120 88 0
0.5 0 93 38
0.5 120 93 0
0.5 0 97 38
0.5 120 97 0
0.5 0 100 38
0.5 120 100 0
0.5 0 97 38
0.5 120 97 0
0.5 0 93 43
0.5 120 93 0
0.5 0 88 38
0.5 120 88 0
0.5 0 85 39
0.5 120 85 0
0.5 0 81 39
0.5 120 81 0
0.5 0 76 39
0.5 120 76 0
0.5 0 81 39
0.5 120 81 0
0.5 0 85 43
0.5 120 85 0
0.5 0 88 43
0.5 120 88 0
0.5 0 85 38
0.5 120 85 0
0.5 0 81 38
0.5 120 81 0
0.5 0 76 38
0.5 120 76 0
0.5 0 73 38
0.5 120 73 0
0.5 0 69 43
0.5 120 69 0
0.5 0 64 36
0.5 120 64 0
0.5 0 69 36
0.5 120 69 0
0.5 0 73 36
0.5 120 73 0
0.5 0 76 35
0.5 120 76 0
0.5 0 73 34
0.5 120 73 0
0.5 0 69 38
0.5 120 69 0
0.5 0 64 32
0.5 120 64 0
0.5 0 61 32
0.5 120 61 0
0.5 0 57 31
0.5 120 57 0
0.5 0 52 31
0.5 120 52 0
0.5 0 49 30
0.5 120 49 0
0.5 720 61 26
0.5 0 64 26
0.5 0 73 31
0.5 240 73 0
0.5 0 64 0
0.5 0 61 0
0.5 480 61 26
0.5 0 64 26
0.5 0 69 31
0.5 240 69 0
0.5 0 64 0
0.5 0 61 0
1 0 0 0
0 0 7 127
0 0 10 64
0 0 64 0
0.5 1200 52 30
0.5 240 52 0
0 0 64 127
0.5 0 60 32
0.5 0 57 27
0.5 240 57 0
0.5 0 60 0
0.5 0 45 29
0.5 240 45 0
0.5 0 52 30
0.5 240 52 0
0.5 0 60 32
0.5 0 57 27
0.5 240 57 0
0.5 0 60 0
0.5 0 45 30
0.5 240 45 0
0.5 0 52 31
0.5 240 52 0
0.5 0 60 32
0.5 0 57 27
0.5 240 57 0
0.5 0 60 0
0.5 0 45 30
0.5 240 45 0
0.5 0 52 30
0.5 240 52 0
0.5 0 57 27
0.5 0 60 32
0.5 240 60 0
0.5 0 57 0
0.5 0 45 31
0.5 240 45 0
0.5 0 52 31
0.5 240 52 0
0.5 0 60 33
0.5 0 57 28
0.5 240 57 0
0.5 0 60 0
0.5 0 45 30
0.5 240 45 0
0.5 0 52 30
0.5 240 52 0
0.5 0 60 33
0.5 240 60 0
0.5 0 45 30
0.5 240 45 0
0.5 0 52 30
0.5 240 52 0
0.5 0 60 33
0.5 0 57 28
0.5 240 57 0
0.5 0 60 0
0.5 0 45 31
0.5 240 45 0
0.5 0 52 31
0.5 240 52 0
0.5 0 60 29
0.5 0 57 25
0.5 240 57 0
0.5 0 60 0
0.5 0 40 27
0.5 240 40 0
0.5 0 52 27
0.5 240 52 0
0.5 0 60 29
0.5 0 57 25
0.5 240 57 0
0.5 0 60 0
0.5 0 33 27
0.5 240 33 0
0.5 0 52 27
0.5 240 52 0
0.5 0 60 29
0.5 0 57 25
0.5 240 57 0
0.5 0 60 0
0.5 0 45 27
0.5 240 45 0
0.5 0 52 27
0.5 240 52 0
0.5 0 62 29
0.5 0 57 25
0 7 64 0
0 100 64 127
0.5 133 57 0
0.5 0 62 0
0.5 0 45 27
0.5 240 45 0
0.5 0 53 27
0.5 240 53 0
0.5 0 62 26
0.5 0 57 22
0.5 240 57 0
0.5 0 62 0
0.5 0 45 27
0.5 240 45 0
0.5 0 53 27
0.5 240 53 0
0.5 0 60 29
0.5 0 57 25
0 7 64 0
0 100 64 127
0.5 133 57 0
0.5 0 60 0
0.5 0 45 27
0.5 240 45 0
0.5 0 52 27
0 125 64 0
0.5 115 52 0
0.5 0 60 29
0.5 0 57 25
0 44 64 127
0.5 196 57 0
0.5 0 60 0
0.5 0 45 27
0.5 240 45 0
0.5 0 52 27
0.5 240 52 0
0.5 0 56 27
0.5 0 59 32
0 4 64 0
0 78 64 127
0.5 158 59 0
0.5 0 56 0
0.5 0 40 27
0.5 240 40 0
0.5 0 52 27
0.5 240 52 0
0.5 0 62 29
0.5 0 59 25
0.5 240 59 0
0.5 0 62 0
0.5 0 40 27
0.5 240 40 0
0.5 0 52 27
0.5 240 52 0
0.5 0 60 29
0.5 0 57 25
0 5 64 0
0 86 64 127
0.5 149 57 0
0.5 0 60 0
0.5 0 45 27
0.5 240 45 0
0.5 0 52 27
0.5 240 52 0
0.5 0 60 29
0.5 0 57 25
0.5 240 57 0
0.5 0 60 0
0.5 0 45 27
0.5 240 45 0
0.5 0 52 27
0.5 240 52 0
0.5 0 62 29
0.5 0 59 25
0 8 64 0
0 99 64 127
0.5 133 59 0
0.5 0 62 0
0.5 0 47 27
0.5 240 47 0
0.5 0 55 27
0.5 240 55 0
0.5 0 64 29
0.5 0 60 25
0 9 64 0
0 47 64 127
0.5 184 60 0
0.5 0 64 0
0.5 0 48 27
0.5 240 48 0
0.5 0 55 27
0.5 240 55 0
0.5 0 65 27
0.5 0 62 23
0 7 64 0
0 100 64 127
0.5 133 62 0
0.5 0 65 0
0.5 0 50 27
0.5 240 50 0
0.5 0 57 27
0.5 240 57 0
0.5 0 64 29
0 6 64 0
0 66 64 127
0.5 168 64 0
0.5 0 52 27
0.5 240 52 0
0.5 0 62 27
0.5 240 62 0
0.5 0 57 27
0.5 0 60 32
0 6 64 0
0 88 64 127
0.5 143 57 0
0.5 3 60 0
0.5 0 45 27
0.5 240 45 0
0.5 0 52 27
0.5 240 52 0
0.5 0 60 29
0.5 240 60 0
0.5 0 45 27
0.5 240 45 0
0.5 0 52 27
0.5 240 52 0
0.5 0 60 29
0.5 0 57 25
0.5 240 57 0
0.5 0 60 0
0.5 0 45 27
0.5 240 45 0
0.5 0 52 27
0.5 240 52 0
0.5 0 60 29
0.5 0 57 25
0.5 240 57 0
0.5 0 60 0
0.5 0 40 27
0.5 240 40 0
0.5 0 52 27
0.5 240 52 0
0.5 0 60 29
0.5 0 57 25
0.5 240 57 0
0.5 0 60 0
0.5 0 33 27
0.5 240 33 0
0.5 0 52 27
0.5 240 52 0
0.5 0 60 29
0.5 0 57 25
0.5 240 57 0
0.5 0 60 0
0.5 0 45 27
0.5 240 45 0
0.5 0 52 27
0.5 240 52 0
0.5 0 62 29
0.5 0 57 25
0 6 64 0
0 101 64 127
0.5 133 57 0
0.5 0 62 0
0.5 0 45 27
0.5 240 45 0
0.5 0 53 27
0.5 240 53 0
0.5 0 62 26
0.5 0 57 22
0.5 240 57 0
0.5 0 62 0
0.5 0 45 27
0.5 240 45 0
0.5 0 53 27
0.5 240 53 0
0.5 0 60 29
0.5 0 57 25
0 7 64 0
0 100 64 127
0.5 133 57 0
0.5 0 60 0
0.5 0 45 27
0.5 240 45 0
0.5 0 52 27
0 125 64 0
0.5 115 52 0
0.5 0 60 29
0.5 0 57 25
0 44 64 127
0.5 196 57 0
0.5 0 60 0
0.5 0 45 27
0.5 240 45 0
0.5 0 52 27
0.5 240 52 0
0.5 0 56 27
0.5 0 59 32
0 7 64 0
0 69 64 127
0.5 164 59 0
0.5 0 56 0
0.5 0 40 27
0.5 240 40 0
0.5 0 52 27
0.5 240 52 0
0.5 0 62 29
0.5 0 59 25
0.5 240 59 0
0.5 0 62 0
0.5 0 40 27
0.5 240 40 0
0.5 0 52 27
0.5 240 52 0
0.5 0 60 29
0.5 0 57 25
0 9 64 0
0 82 64 127
0.5 149 57 0
0.5 0 60 0
0.5 0 45 27
0.5 240 45 0
0.5 0 52 27
0.5 240 52 0
0.5 0 60 29
0.5 0 57 25
0.5 240 57 0
0.5 0 60 0
0.5 0 45 27
0.5 240 45 0
0.5 0 52 27
0.5 240 52 0
0.5 0 62 29
0.5 0 59 25
0 7 64 0
0 100 64 127
0.5 133 59 0
0.5 0 62 0
0.5 0 47 27
0.5 240 47 0
0.5 0 55 27
0.5 240 55 0
0.5 0 64 29
0.5 0 60 25
0 9 64 0
0 47 64 127
0.5 184 60 0
0.5 0 64 0
0.5 0 48 27
0.5 240 48 0
0.5 0 55 27
0.5 240 55 0
0.5 0 65 29
0.5 0 62 25
0 10 64 0
0 97 64 127
0.5 133 62 0
0.5 0 65 0
0.5 0 50 27
0.5 240 50 0
0.5 0 57 27
0.5 240 57 0
0.5 0 64 29
0 6 64 0
0 76 64 127
0.5 158 64 0
0.5 0 52 27
0.5 240 52 0
0.5 0 62 27
0.5 240 62 0
0.5 0 57 27
0.5 0 60 32
0 6 64 0
0 70 64 127
0.5 164 60 0
0.5 0 57 0
0.5 0 45 27
0.5 240 45 0
0.5 0 52 27
0.5 240 52 0
0.5 0 57 29
0.5 0 60 35
0 10 64 0
0 104 64 127
0.5 126 60 0
0.5 0 57 0
0.5 0 45 32
0.5 240 45 0
0.5 0 52 32
0.5 240 52 0
0.5 0 59 36
0.5 0 56 30
0 7 64 0
0 39 64 127
0.5 194 56 0
0.5 0 59 0
0.5 0 40 32
0.5 240 40 0
0.5 0 52 32
0 148 64 0
0.5 92 52 0
0.5 0 60 36
0.5 0 57 30
0 35 64 127
0.5 205 57 0
0.5 0 60 0
0.5 0 40 32
0.5 240 40 0
0.5 0 52 32
0.5 240 52 0
0.5 0 59 36
0.5 0 56 30
0 2 64 0
0 135 64 127
0.5 103 56 0
0.5 0 59 0
0.5 0 40 32
0.5 240 40 0
0.5 0 52 32
0.5 240 52 0
0.5 0 57 29
0.5 0 60 35
0 10 64 0
0 104 64 127
0.5 126 60 0
0.5 0 57 0
0.5 0 45 32
0.5 240 45 0
0.5 0 52 32
0.5 240 52 0
0.5 0 59 36
0.5 0 56 30
0 6 64 0
0 40 64 127
0.5 194 56 0
0.5 0 59 0
0.5 0 40 32
0.5 240 40 0
0.5 0 52 32
0 148 64 0
0.5 92 52 0
0.5 0 60 36
0.5 0 57 30
0 106 64 127
0.5 134 57 0
0.5 0 60 0
0.5 0 40 32
0.5 240 40 0
0.5 0 52 32
0.5 240 52 0
0.5 0 59 40
0.5 0 56 28
0 5 64 0
0 132 64 127
0.5 103 56 0
0.5 0 59 0
0.5 0 40 36
0.5 240 40 0
0.5 0 52 36
0.5 240 52 0
0.5 0 56 28
0.5 0 59 40
0.5 240 59 0
0.5 0 56 0
0.5 0 40 36
0.5 240 40 0
0.5 0 52 36
0.5 240 52 0
0.5 0 57 42
0.5 0 61 50
0 5 64 0
0 75 64 127
0.5 160 61 0
0.5 0 57 0
0.5 0 45 53
0.5 240 45 0
0.5 0 52 53
0.5 240 52 0
0.5 0 57 44
0.5 0 62 52
0 8 64 0
0 106 64 127
0.5 126 62 0
0.5 0 57 0
0.5 0 50 57
0.5 240 50 0
0.5 0 54 57
0.5 240 54 0
0.5 0 63 58
0.5 0 59 49
0 5 64 0
0 110 64 127
0.5 125 59 0
0.5 0 63 0
0.5 0 47 63
0.5 240 47 0
0.5 0 54 62
0.5 240 54 0
0.5 0 64 59
0.5 0 60 50
0 8 64 0
0 118 64 127
0.5 114 60 0
0.5 0 64 0
0.5 0 48 65
0.5 240 48 0
0.5 0 57 65
0.5 240 57 0
0.5 0 64 62
0.5 0 61 53
0 9 64 0
0 94 64 127
0.5 137 61 0
0.5 0 64 0
0.5 0 49 67
0.5 240 49 0
0.5 0 58 68
0.5 240 58 0
0.5 0 65 66
0.5 0 62 56
0 7 64 0
0 119 64 127
0.5 114 62 0
0.5 0 65 0
0.5 0 50 73
0.5 240 50 0
0.5 0 58 74
0.5 240 58 0
0.5 0 63 59
0.5 0 66 70
0 7 64 0
0 142 64 127
0.5 91 66 0
0.5 0 63 0
0.5 0 51 75
0.5 240 51 0
0.5 0 60 76
0.5 240 60 0
0.5 0 66 72
0.5 0 63 61
0.5 240 63 0
0.5 0 66 0
0.5 0 51 72
0.5 240 51 0
0.5 0 60 72
0.5 240 60 0
0.5 0 63 53
0.5 0 66 63
0.5 240 66 0
0.5 0 63 0
0.5 0 51 61
0.5 240 51 0
0.5 0 60 61
0.5 240 60 0
0.5 0 66 56
0.5 0 63 48
0.5 240 63 0
0.5 0 66 0
0.5 0 51 51
0.5 240 51 0
0.5 0 60 48
0.5 240 60 0
0.5 0 63 40
0.5 0 66 47
0.5 240 66 0
0.5 0 63 0
0.5 0 51 40
0.5 240 51 0
0.5 0 60 38
0.5 240 60 0
0 0 64 0
0.5 0 52 29
0 114 64 127
0.5 126 52 0
0.5 0 40 27
0.5 240 40 0
0.5 0 52 27
0.5 240 52 0
0.5 0 60 29
0.5 0 57 25
0.5 240 57 0
0.5 0 60 0
0.5 0 40 27
0.5 240 40 0
0.5 0 52 27
0.5 240 52 0
0.5 0 64 29
0.5 0 57 25
0.5 11 60 25
0.5 229 57 0
0.5 0 64 0
0.5 0 40 27
0.5 11 60 0
0.5 229 40 0
0.5 0 52 27
0.5 240 52 0
0.5 0 60 29
0.5 0 57 25
0 7 64 0
0 96 64 127
0.5 137 57 0
0.5 0 60 0
0.5 0 40 27
0.5 240 40 0
0.5 0 52 27
0.5 240 52 0
0.5 0 64 29
0.5 0 57 25
0.5 11 60 25
0.5 229 57 0
0.5 0 64 0
0.5 0 40 27
0.5 11 60 0
0.5 229 40 0
0.5 0 52 27
0.5 240 52 0
0.5 0 65 29
0 6 64 0
0 101 64 127
0.5 133 52 27
0.5 240 52 0
0.5 0 57 27
0.5 240 57 0
0.5 0 65 0
0.5 0 64 29
0 3 64 0
0 43 64 127
0.5 194 52 27
0.5 240 52 0
0.5 0 64 0
0.5 0 62 27
0.5 240 62 0
0 0 64 0
0.5 0 57 27
0.5 0 60 32
0 106 64 127
0.5 134 60 0
0.5 0 57 0
0.5 0 45 27
0.5 240 45 0
0.5 0 52 27
0.5 240 52 0
0.5 0 57 26
0.5 0 60 31
0 10 64 0
0 104 64 127
0.5 126 60 0
0.5 0 57 0
0.5 0 45 28
0.5 240 45 0
0.5 0 52 28
0.5 240 52 0
0.5 0 59 32
0.5 0 56 27
0 5 64 0
0 41 64 127
0.5 194 56 0
0.5 0 59 0
0.5 0 40 28
0.5 240 40 0
0.5 0 52 28
0 148 64 0
0.5 92 52 0
0.5 0 60 32
0.5 0 57 27
0 85 64 127
0.5 155 57 0
0.5 0 60 0
0.5 0 40 28
0.5 240 40 0
0.5 0 52 28
0.5 240 52 0
0.5 0 59 32
0.5 0 56 27
0 6 64 0
0 131 64 127
0.5 103 56 0
0.5 0 59 0
0.5 0 40 28
0.5 240 40 0
0.5 0 52 28
0.5 240 52 0
0.5 0 57 26
0.5 0 60 31
0 10 64 0
0 104 64 127
0.5 126 60 0
0.5 0 57 0
0.5 0 45 28
0.5 240 45 0
0.5 0 52 28
0.5 240 52 0
0.5 0 59 32
0.5 0 56 27
0 6 64 0
0 40 64 127
0.5 194 56 0
0.5 0 59 0
0.5 0 40 28
0.5 240 40 0
0.5 0 52 28
0 148 64 0
0.5 92 52 0
0.5 0 60 32
0.5 0 57 27
0 35 64 127
0.5 205 57 0
0.5 0 60 0
0.5 0 40 28
0.5 240 40 0
0.5 0 52 28
0.5 240 52 0
0.5 0 59 36
0.5 0 56 25
0 6 64 0
0 131 64 127
0.5 103 56 0
0.5 0 59 0
0.5 0 40 33
0.5 240 40 0
0.5 0 52 34
0.5 240 52 0
0.5 0 56 27
0.5 0 59 39
0.5 240 59 0
0.5 0 56 0
0.5 0 40 36
0.5 240 40 0
0.5 0 52 37
0.5 240 52 0
0.5 0 57 42
0.5 0 61 50
0 6 64 0
0 74 64 127
0.5 160 61 0
0.5 0 57 0
0.5 0 45 54
0.5 240 45 0
0.5 0 52 54
0.5 240 52 0
0.5 0 57 44
0.5 0 62 52
0 9 64 0
0 105 64 127
0.5 126 62 0
0.5 0 57 0
0.5 0 50 58
0.5 240 50 0
0.5 0 54 58
0.5 240 54 0
0.5 0 63 58
0.5 0 59 49
0 5 64 0
0 64 64 127
0.5 171 59 0
0.5 0 63 0
0.5 0 47 64
0.5 240 47 0
0.5 0 54 64
0.5 240 54 0
0.5 0 64 59
0.5 0 60 50
0 7 64 0
0 73 64 127
0.5 160 60 0
0.5 0 64 0
0.5 0 48 67
0.5 240 48 0
0.5 0 57 67
0.5 240 57 0
0.5 0 64 62
0.5 0 61 53
0 4 64 0
0 99 64 127
0.5 137 61 0
0.5 0 64 0
0.5 0 49 70
0.5 240 49 0
0.5 0 58 70
0.5 240 58 0
0.5 0 65 66
0.5 0 62 56
0 7 64 0
0 62 64 127
0.5 171 62 0
0.5 0 65 0
0.5 0 50 74
0.5 240 50 0
0.5 0 58 74
0.5 240 58 0
0.5 0 63 59
0.5 0 66 70
0 4 64 0
0 87 64 127
0.5 149 66 0
0.5 0 63 0
0.5 0 51 79
0.5 240 51 0
0.5 0 60 78
0.5 240 60 0
0.5 0 66 72
0.5 0 63 61
0.5 240 63 0
0.5 0 66 0
0.5 0 51 70
0.5 240 51 0
0.5 0 60 71
0.5 240 60 0
0.5 0 63 53
0.5 0 66 63
0.5 240 66 0
0.5 0 63 0
0.5 0 51 55
0.5 240 51 0
0.5 0 60 53
0.5 240 60 0
0.5 0 66 56
0.5 0 63 48
0.5 240 63 0
0.5 0 66 0
0.5 0 51 51
0.5 240 51 0
0.5 0 60 48
0.5 240 60 0
0.5 0 63 40
0.5 0 66 47
0.5 240 66 0
0.5 0 63 0
0.5 0 51 40
0.5 240 51 0
0.5 0 60 38
0.5 240 60 0
0 0 64 0
0.5 0 52 32
0 113 64 127
0.5 127 52 0
0.5 0 40 29
0.5 240 40 0
0.5 0 52 29
0.5 240 52 0
0.5 0 60 32
0.5 0 57 27
0.5 240 57 0
0.5 0 60 0
0.5 0 40 29
0.5 240 40 0
0.5 0 52 29
0.5 240 52 0
0.5 0 60 32
0.5 0 57 27
0.5 240 57 0
0.5 0 60 0
0.5 0 40 30
0.5 240 40 0
0.5 0 52 30
0.5 240 52 0
0.5 0 60 32
0.5 0 57 27
0 5 64 0
0 98 64 127
0.5 137 57 0
0.5 0 60 0
0.5 0 40 29
0.5 240 40 0
0.5 0 52 29
0.5 240 52 0
0.5 0 60 32
0.5 0 57 27
0.5 240 57 0
0.5 0 60 0
0.5 0 40 30
0.5 240 40 0
0.5 0 52 30
0.5 240 52 0
0.5 0 65 32
0 5 64 0
0 102 64 127
0.5 133 52 29
0.5 240 52 0
0.5 0 57 29
0.5 240 57 0
0.5 0 65 0
0.5 0 64 29
0 3 64 0
0 43 64 127
0.5 194 52 27
0.5 240 52 0
0.5 0 64 0
0.5 0 62 27
0.5 240 62 0
0 0 64 0
0.5 0 57 26
0.5 0 61 32
0 114 64 127
0.5 126 61 0
0.5 0 57 0
0.5 0 45 27
0.5 240 45 0
0.5 0 52 27
0.5 240 52 0
0.5 0 62 29
0.5 0 65 30
0 7 64 0
0 107 64 127
0.5 126 65 0
0.5 0 62 0
0.5 0 45 32
0.5 240 45 0
0.5 0 57 32
0.5 240 57 0
0.5 0 64 36
0.5 0 61 30
0 3 64 0
0 43 64 127
0.5 194 61 0
0.5 0 64 0
0.5 0 45 32
0.5 240 45 0
0.5 0 57 32
0 148 64 0
0.5 92 57 0
0.5 0 65 36
0.5 0 62 30
0 88 64 127
0.5 152 62 0
0.5 0 65 0
0.5 0 38 32
0.5 240 38 0
0.5 0 57 30
0.5 240 57 0
0.5 0 64 36
0.5 0 61 30
0 6 64 0
0 131 64 127
0.5 103 61 0
0.5 0 64 0
0.5 0 45 32
0.5 240 45 0
0.5 0 57 32
0.5 240 57 0
0.5 0 62 29
0.5 0 65 30
0 8 64 0
0 106 64 127
0.5 126 65 0
0.5 0 62 0
0.5 0 45 32
0.5 240 45 0
0.5 0 57 32
0.5 240 57 0
0.5 0 64 36
0.5 0 61 30
0 7 64 0
0 39 64 127
0.5 194 61 0
0.5 0 64 0
0.5 0 45 32
0.5 240 45 0
0.5 0 57 32
0 148 64 0
0.5 92 57 0
0.5 0 65 36
0.5 0 62 30
0 35 64 127
0.5 205 62 0
0.5 0 65 0
0.5 0 38 32
0.5 240 38 0
0.5 0 57 30
0.5 240 57 0
0.5 0 64 36
0.5 0 61 25
0 5 64 0
0 132 64 127
0.5 103 61 0
0.5 0 64 0
0.5 0 45 32
0.5 240 45 0
0.5 0 52 32
0.5 240 52 0
0.5 0 57 28
0.5 0 61 34
0 7 64 0
0 57 64 127
0.5 176 61 0
0.5 0 57 0
0.5 0 45 29
0.5 240 45 0
0.5 0 52 29
0.5 240 52 0
0.5 0 61 34
0.5 0 57 28
0.5 240 57 0
0.5 0 61 0
0.5 0 45 29
0.5 240 45 0
0.5 0 52 29
0.5 240 52 0
0.5 0 61 28
0.5 0 57 23
0.5 240 57 0
0.5 0 61 0
0.5 0 45 28
0.5 240 45 0
0.5 0 52 28
0.5 240 52 0
0.5 0 61 32
0.5 0 57 27
0.5 240 57 0
0.5 0 61 0
0.5 0 45 28
0.5 240 45 0
0.5 0 52 28
0.5 240 52 0
0.5 0 61 32
0.5 0 57 27
0.5 240 57 0
0.5 0 61 0
0.5 480 69 65
0.5 240 69 0
0.5 0 64 60
0.5 960 64 0
0.5 240 57 50
0.5 240 57 0
0.5 0 52 43
0.5 960 52 0
0.5 240 33 20
0.5 0 45 24
0.5 240 45 0
0.5 0 33 0
0.5 480 33 20
0.5 0 45 24
0.5 240 45 0
0.5 0 33 0
0.5 480 33 20
0.5 0 45 24
0.5 240 45 0
0.5 0 33 0
0 1413 64 0
1 0 0 0
