0.5 3360 69 51
0.5 480 69 0
0.5 0 68 57
0.5 480 68 0
0.5 0 66 48
0.5 480 66 0
0.5 0 64 48
0.5 450 64 0
0.5 30 76 69
0.5 480 76 0
0.5 0 75 68
0.5 480 75 0
0.5 0 73 56
0.5 480 73 0
0.5 0 71 52
0.5 450 71 0
0.5 30 73 61
0.5 480 73 0
0.5 0 69 62
0.5 480 69 0
0.5 0 71 52
0.5 240 71 0
0.5 0 66 47
0.5 240 66 0
0.5 0 68 52
0.5 240 68 0
0.5 0 69 50
0.5 60 69 0
0.5 0 68 39
0.5 60 68 0
0.5 0 66 42
0.5 60 66 0
0.5 0 68 34
0.5 60 68 0
0.5 0 71 52
0.5 240 71 0
0.5 0 69 52
0.5 240 69 0
0.5 0 68 52
0.5 960 68 0
0.5 0 66 48
0.5 240 66 0
0.5 240 69 51
0.5 480 69 0
0.5 0 68 57
0.5 480 68 0
0.5 0 66 48
0.5 480 66 0
0.5 0 64 48
0.5 450 64 0
0.5 30 76 70
0.5 480 76 0
0.5 0 75 71
0.5 480 75 0
0.5 0 73 54
0.5 480 73 0
0.5 0 71 64
0.5 450 71 0
0.5 30 80 78
0.5 480 80 0
0.5 0 73 67
0.5 1430 73 0
0.5 10 80 54
0.5 480 80 0
0.5 0 73 47
0.5 1430 73 0
0.5 10 73 61
0.5 470 73 0
0.5 10 73 62
0.5 480 73 0
0.5 0 76 57
0.5 480 76 0
0.5 0 75 50
0.5 480 75 0
0.5 0 73 50
0.5 240 73 0
0.5 0 68 43
0.5 240 68 0
0.5 0 71 49
0.5 960 71 0
0.5 0 70 44
0.5 960 70 0
0.5 0 69 43
0.5 960 69 0
0.5 0 68 36
0.5 240 68 0
0.5 240 68 63
0.5 480 68 0
0.5 0 70 70
0.5 480 70 0
0.5 0 71 81
0.5 480 71 0
0.5 0 75 89
0.5 480 75 0
0.5 0 73 75
0.5 360 73 0
0.5 0 71 67
0.5 110 71 0
0.5 10 71 80
0.5 960 71 0
0.5 480 69 51
0.5 480 69 0
0.5 0 68 57
0.5 480 68 0
0.5 0 66 48
0.5 480 66 0
0.5 0 64 48
0.5 450 64 0
0.5 30 76 66
0.5 480 76 0
0.5 0 75 62
0.5 480 75 0
0.5 0 73 52
0.5 480 73 0
0.5 0 71 52
0.5 450 71 0
0.5 30 73 61
0.5 480 73 0
0.5 0 69 62
0.5 480 69 0
0.5 0 71 52
0.5 240 71 0
0.5 0 66 47
0.5 240 66 0
0.5 0 68 52
0.5 240 68 0
0.5 0 69 50
0.5 60 69 0
0.5 0 68 39
0.5 60 68 0
0.5 0 66 42
0.5 60 66 0
0.5 0 68 34
0.5 60 68 0
0.5 0 71 52
0.5 240 71 0
0.5 0 69 52
0.5 240 69 0
0.5 0 68 52
0.5 960 68 0
0.5 0 66 48
0.5 240 66 0
0.5 240 69 51
0.5 480 69 0
0.5 0 68 57
0.5 480 68 0
0.5 0 66 48
0.5 480 66 0
0.5 0 64 48
0.5 450 64 0
0.5 30 76 70
0.5 480 76 0
0.5 0 75 71
0.5 480 75 0
0.5 0 73 54
0.5 480 73 0
0.5 0 71 64
0.5 450 71 0
0.5 30 80 78
0.5 480 80 0
0.5 0 73 67
0.5 1410 73 0
0.5 30 80 54
0.5 480 80 0
0.5 0 73 47
0.5 1410 73 0
0.5 30 73 56
0.5 470 73 0
0.5 10 73 62
0.5 480 73 0
0.5 0 76 57
0.5 480 76 0
0.5 0 75 51
0.5 480 75 0
0.5 0 73 50
0.5 240 73 0
0.5 0 68 44
0.5 240 68 0
0.5 0 71 50
0.5 960 71 0
0.5 0 70 44
0.5 960 70 0
0.5 0 69 43
0.5 960 69 0
0.5 0 68 36
0.5 240 68 0
0.5 240 68 63
0.5 480 68 0
0.5 0 70 70
0.5 480 70 0
0.5 0 71 81
0.5 480 71 0
0.5 0 75 89
0.5 480 75 0
0.5 0 73 75
0.5 360 73 0
0.5 0 71 67
0.5 110 71 0
0.5 10 71 80
0.5 960 71 0
0.5 480 66 51
0.5 180 66 0
0.5 60 66 51
0.5 180 66 0
0.5 60 67 57
0.5 480 67 0
0.5 0 66 50
0.5 240 66 0
0.5 0 64 51
0.5 240 64 0
0.5 0 69 53
0.5 450 69 0
0.5 30 69 65
0.5 180 69 0
0.5 60 69 64
0.5 180 69 0
0.5 60 71 75
0.5 480 71 0
0.5 0 69 61
0.5 240 69 0
0.5 0 67 63
0.5 240 67 0
0.5 0 72 69
0.5 450 72 0
0.5 30 72 78
0.5 180 72 0
0.5 60 72 72
0.5 180 72 0
0.5 60 74 86
0.5 480 74 0
0.5 0 72 72
0.5 240 72 0
0.5 0 71 74
0.5 240 71 0
0.5 0 79 86
0.5 450 79 0
0.5 30 78 85
0.5 240 78 0
0.5 0 76 70
0.5 240 76 0
0.5 0 74 81
0.5 450 74 0
0.5 30 74 74
0.5 480 74 0
0.5 0 74 68
0.5 120 74 0
0.5 0 78 64
0.5 120 78 0
0.5 0 81 69
0.5 120 81 0
0.5 0 84 69
0.5 120 84 0
0.5 0 83 74
0.5 120 83 0
0.5 0 81 66
0.5 120 81 0
0.5 0 79 70
0.5 120 79 0
0.5 0 78 65
0.5 120 78 0
0.5 0 76 70
0.5 120 76 0
0.5 0 75 64
0.5 120 75 0
0.5 0 78 70
0.5 360 78 0
0.5 0 76 66
0.5 120 76 0
0.5 0 74 64
0.5 120 74 0
0.5 0 72 58
0.5 120 72 0
0.5 0 71 64
0.5 120 71 0
0.5 0 69 57
0.5 120 69 0
0.5 0 68 61
0.5 120 68 0
0.5 0 69 50
0.5 120 69 0
0.5 0 68 46
0.5 120 68 0
0.5 0 69 46
0.5 60 69 0
0.5 60 71 46
0.5 60 71 0
0.5 60 72 41
0.5 60 72 0
0.5 60 74 50
0.5 480 74 0
0.5 0 71 46
0.5 480 71 0
0.5 0 69 46
0.5 450 69 0
0.5 30 76 56
0.5 480 76 0
0.5 0 74 57
0.5 480 74 0
0.5 0 71 48
0.5 480 71 0
0.5 0 69 48
0.5 450 69 0
0.5 30 71 56
0.5 240 71 0
0.5 0 72 49
0.5 240 72 0
0.5 0 71 57
0.5 120 71 0
0.5 120 71 47
0.5 240 71 0
0.5 0 74 54
0.5 240 74 0
0.5 0 71 48
0.5 210 71 0
0.5 30 71 53
0.5 240 71 0
0.5 0 69 48
0.5 240 69 0
0.5 0 67 40
0.5 240 67 0
0.5 0 69 40
0.5 240 69 0
0.5 0 71 47
0.5 2160 71 0
0.5 0 71 35
0.5 240 71 0
0.5 0 74 40
0.5 240 74 0
0.5 0 71 36
0.5 210 71 0
0.5 30 71 39
0.5 240 71 0
0.5 0 69 36
0.5 240 69 0
0.5 0 67 30
0.5 240 67 0
0.5 0 69 30
0.5 240 69 0
0.5 0 71 35
0.5 1440 71 0
0.5 0 70 49
0.5 480 70 0
0.5 0 71 57
0.5 960 71 0
0.5 480 72 54
0.5 480 72 0
0.5 0 71 57
0.5 960 71 0
0.5 480 69 71
0.5 480 69 0
0.5 0 68 79
0.5 480 68 0
0.5 0 66 67
0.5 480 66 0
0.5 0 64 67
0.5 450 64 0
0.5 30 76 78
0.5 480 76 0
0.5 0 75 79
0.5 480 75 0
0.5 0 73 67
0.5 480 73 0
0.5 0 71 67
0.5 450 71 0
0.5 30 73 78
0.5 480 73 0
0.5 0 69 79
0.5 240 69 0
0.5 0 73 75
0.5 240 73 0
0.5 0 71 67
0.5 240 71 0
0.5 0 66 60
0.5 240 66 0
0.5 0 68 67
0.5 210 68 0
0.5 30 68 57
0.5 240 68 0
0.5 0 71 67
0.5 240 71 0
0.5 0 69 57
0.5 240 69 0
0.5 0 68 67
0.5 960 68 0
0.5 0 66 61
0.5 240 66 0
0.5 240 68 51
0.5 240 68 0
0.5 0 69 45
0.5 240 69 0
0.5 0 71 57
0.5 480 71 0
0.5 0 68 48
0.5 480 68 0
0.5 0 66 48
0.5 450 66 0
0.5 30 73 56
0.5 480 73 0
0.5 0 71 57
0.5 480 71 0
0.5 0 68 48
0.5 480 68 0
0.5 0 66 49
0.5 450 66 0
0.5 30 76 64
0.5 480 76 0
0.5 0 76 60
0.5 480 76 0
0.5 0 71 52
0.5 710 71 0
0.5 10 71 56
0.5 240 71 0
0.5 0 73 62
0.5 240 73 0
0.5 0 71 61
0.5 240 71 0
0.5 0 69 55
0.5 960 69 0
0.5 0 68 53
0.5 240 68 0
0.5 0 66 60
0.5 240 66 0
0.5 0 68 61
0.5 240 68 0
0.5 0 69 61
0.5 240 69 0
0.5 0 71 68
0.5 480 71 0
0.5 0 68 59
0.5 480 68 0
0.5 0 66 60
0.5 450 66 0
0.5 30 73 71
0.5 480 73 0
0.5 0 71 73
0.5 480 71 0
0.5 0 68 62
0.5 480 68 0
0.5 0 66 63
0.5 450 66 0
0.5 30 76 75
0.5 480 76 0
0.5 0 75 77
0.5 480 75 0
0.5 0 73 66
0.5 480 73 0
0.5 0 71 69
0.5 240 71 0
0.5 0 75 70
0.5 240 75 0
0.5 0 78 75
0.5 240 78 0
0.5 0 81 77
0.5 240 81 0
0.5 0 80 75
0.5 240 80 0
0.5 0 75 63
0.5 240 75 0
0.5 0 78 71
0.5 240 78 0
0.5 0 76 64
0.5 240 76 0
0.5 0 75 63
0.5 240 75 0
0.5 0 73 54
0.5 240 73 0
0.5 0 69 59
0.5 240 69 0
0.5 0 66 51
0.5 240 66 0
0.5 0 64 63
0.5 960 64 0
0.5 0 63 44
0.5 960 63 0
0.5 0 62 43
0.5 960 62 0
0.5 0 61 36
0.5 240 61 0
0.5 240 61 56
0.5 480 61 0
0.5 0 63 58
0.5 480 63 0
0.5 0 64 65
0.5 480 64 0
0.5 0 68 70
0.5 480 68 0
0.5 0 66 63
0.5 360 66 0
0.5 0 64 53
0.5 110 64 0
0.5 10 64 66
0.5 960 64 0
0.5 480 62 49
0.5 480 62 0
0.5 0 61 55
0.5 960 61 0
0.5 480 60 42
0.5 480 60 0
0.5 0 59 47
0.5 960 59 0
0.5 480 68 36
0.5 240 68 0
0.5 0 66 35
0.5 240 66 0
0.5 0 64 39
0.5 960 64 0
0.5 480 68 34
0.5 480 68 0
0.5 0 64 38
0.5 950 64 0
0.5 10 64 38
0.5 950 64 0
0.5 10 56 19
0.5 0 64 26
0.5 1920 64 0
0.5 0 56 0
1 0 0 0
0.5 0 47 28
0.5 120 47 0
0.5 0 52 20
0.5 120 52 0
0.5 0 56 21
0.5 120 56 0
0.5 0 59 20
0.5 120 59 0
0.5 0 47 26
0.5 120 47 0
0.5 0 52 20
0.5 120 52 0
0.5 0 56 21
0.5 120 56 0
0.5 0 59 19
0.5 120 59 0
0.5 0 47 28
0.5 120 47 0
0.5 0 52 21
0.5 120 52 0
0.5 0 56 21
0.5 120 56 0
0.5 0 59 20
0.5 120 59 0
0.5 0 47 27
0.5 120 47 0
0.5 0 52 23
0.5 120 52 0
0.5 0 56 22
0.5 120 56 0
0.5 0 59 20
0.5 120 59 0
0.5 0 47 31
0.5 120 47 0
0.5 0 51 23
0.5 120 51 0
0.5 0 57 23
0.5 120 57 0
0.5 0 59 23
0.5 120 59 0
0.5 0 47 30
0.5 120 47 0
0.5 0 51 23
0.5 120 51 0
0.5 0 57 23
0.5 120 57 0
0.5 0 59 22
0.5 120 59 0
0.5 0 47 32
0.5 120 47 0
0.5 0 51 25
0.5 120 51 0
0.5 0 54 26
0.5 120 54 0
0.5 0 59 29
0.5 120 59 0
0.5 0 47 31
0.5 120 47 0
0.5 0 51 26
0.5 120 51 0
0.5 0 54 32
0.5 120 54 0
0.5 0 59 34
0.5 120 59 0
0.5 0 47 40
0.5 120 47 0
0.5 0 52 26
0.5 120 52 0
0.5 0 56 26
0.5 120 56 0
0.5 0 59 25
0.5 120 59 0
0.5 0 47 32
0.5 120 47 0
0.5 0 51 25
0.5 120 51 0
0.5 0 57 25
0.5 120 57 0
0.5 0 59 23
0.5 120 59 0
0.5 0 47 33
0.5 120 47 0
0.5 0 52 27
0.5 120 52 0
0.5 0 56 34
0.5 120 56 0
0.5 0 59 44
0.5 120 59 0
0.5 0 54 53
0.5 120 54 0
0.5 0 61 31
0.5 120 61 0
0.5 0 64 39
0.5 120 64 0
0.5 0 66 23
0.5 120 66 0
0.5 0 54 35
0.5 120 54 0
0.5 0 59 26
0.5 120 59 0
0.5 0 63 26
0.5 120 63 0
0.5 0 66 25
0.5 120 66 0
0.5 0 54 32
0.5 120 54 0
0.5 0 58 25
0.5 120 58 0
0.5 0 64 25
0.5 120 64 0
0.5 0 66 23
0.5 120 66 0
0.5 0 54 33
0.5 120 54 0
0.5 0 59 27
0.5 120 59 0
0.5 0 63 33
0.5 120 63 0
0.5 0 66 40
0.5 120 66 0
0.5 0 56 46
0.5 120 56 0
0.5 0 59 26
0.5 120 59 0
0.5 0 61 25
0.5 120 61 0
0.5 0 68 23
0.5 120 68 0
0.5 120 57 26
0.5 120 57 0
0.5 0 61 26
0.5 120 61 0
0.5 0 64 25
0.5 120 64 0
0.5 0 54 32
0.5 120 54 0
0.5 0 57 25
0.5 120 57 0
0.5 0 59 25
0.5 120 59 0
0.5 0 63 23
0.5 120 63 0
0.5 120 56 25
0.5 120 56 0
0.5 0 59 25
0.5 120 59 0
0.5 0 64 24
0.5 120 64 0
0.5 0 52 31
0.5 120 52 0
0.5 0 54 26
0.5 120 54 0
0.5 0 61 25
0.5 120 61 0
0.5 0 64 23
0.5 120 64 0
0.5 0 52 35
0.5 120 52 0
0.5 0 56 26
0.5 120 56 0
0.5 0 59 26
0.5 120 59 0
0.5 0 64 25
0.5 120 64 0
0.5 0 52 32
0.5 120 52 0
0.5 0 56 25
0.5 120 56 0
0.5 0 59 25
0.5 120 59 0
0.5 0 64 23
0.5 120 64 0
0.5 0 51 29
0.5 120 51 0
0.5 0 54 25
0.5 120 54 0
0.5 0 59 25
0.5 120 59 0
0.5 0 63 24
0.5 120 63 0
0.5 0 47 31
0.5 120 47 0
0.5 0 54 27
0.5 120 54 0
0.5 0 57 29
0.5 120 57 0
0.5 0 59 32
0.5 120 59 0
0.5 0 47 40
0.5 120 47 0
0.5 0 52 26
0.5 120 52 0
0.5 0 56 29
0.5 120 56 0
0.5 0 59 31
0.5 120 59 0
0.5 0 47 38
0.5 120 47 0
0.5 0 51 25
0.5 120 51 0
0.5 0 57 30
0.5 120 57 0
0.5 0 59 26
0.5 120 59 0
0.5 0 47 33
0.5 120 47 0
0.5 0 52 29
0.5 120 52 0
0.5 0 56 31
0.5 120 56 0
0.5 0 59 36
0.5 120 59 0
0.5 0 54 42
0.5 120 54 0
0.5 0 61 30
0.5 120 61 0
0.5 0 64 32
0.5 120 64 0
0.5 0 66 29
0.5 120 66 0
0.5 0 54 35
0.5 120 54 0
0.5 0 59 26
0.5 120 59 0
0.5 0 63 26
0.5 120 63 0
0.5 0 66 25
0.5 120 66 0
0.5 0 54 32
0.5 120 54 0
0.5 0 58 25
0.5 120 58 0
0.5 0 64 25
0.5 120 64 0
0.5 0 66 23
0.5 120 66 0
0.5 0 54 33
0.5 120 54 0
0.5 0 59 38
0.5 120 59 0
0.5 0 63 39
0.5 120 63 0
0.5 0 66 48
0.5 120 66 0
0.5 0 59 54
0.5 120 59 0
0.5 0 61 35
0.5 120 61 0
0.5 0 68 40
0.5 120 68 0
0.5 0 71 33
0.5 120 71 0
0.5 0 59 42
0.5 120 59 0
0.5 0 61 29
0.5 120 61 0
0.5 0 68 29
0.5 120 68 0
0.5 0 71 29
0.5 120 71 0
0.5 0 59 38
0.5 120 59 0
0.5 0 61 26
0.5 120 61 0
0.5 0 68 26
0.5 120 68 0
0.5 0 71 26
0.5 120 71 0
0.5 0 59 35
0.5 120 59 0
0.5 0 61 27
0.5 120 61 0
0.5 0 68 27
0.5 120 68 0
0.5 0 71 27
0.5 120 71 0
0.5 0 59 35
0.5 120 59 0
0.5 0 61 18
0.5 120 61 0
0.5 0 68 19
0.5 120 68 0
0.5 0 71 20
0.5 120 71 0
0.5 0 59 29
0.5 120 59 0
0.5 0 61 20
0.5 120 61 0
0.5 0 68 20
0.5 120 68 0
0.5 0 71 20
0.5 120 71 0
0.5 0 59 26
0.5 120 59 0
0.5 0 61 18
0.5 120 61 0
0.5 0 68 18
0.5 120 68 0
0.5 0 71 18
0.5 120 71 0
0.5 0 59 24
0.5 120 59 0
0.5 0 61 18
0.5 120 61 0
0.5 0 68 18
0.5 120 68 0
0.5 0 71 18
0.5 120 71 0
0.5 0 59 31
0.5 120 59 0
0.5 0 61 26
0.5 120 61 0
0.5 0 68 25
0.5 120 68 0
0.5 0 71 23
0.5 120 71 0
0.5 0 58 29
0.5 120 58 0
0.5 0 61 25
0.5 120 61 0
0.5 0 66 29
0.5 120 66 0
0.5 0 70 25
0.5 120 70 0
0.5 0 54 32
0.5 120 54 0
0.5 0 61 25
0.5 120 61 0
0.5 0 64 25
0.5 120 64 0
0.5 0 66 23
0.5 120 66 0
0.5 0 54 29
0.5 120 54 0
0.5 0 59 25
0.5 120 59 0
0.5 0 63 25
0.5 120 63 0
0.5 0 66 24
0.5 120 66 0
0.5 120 56 26
0.5 120 56 0
0.5 0 61 25
0.5 120 61 0
0.5 0 64 23
0.5 120 64 0
0.5 120 59 26
0.5 120 59 0
0.5 0 63 26
0.5 120 63 0
0.5 0 66 25
0.5 120 66 0
0.5 0 54 32
0.5 120 54 0
0.5 0 59 25
0.5 120 59 0
0.5 0 63 25
0.5 120 63 0
0.5 0 66 23
0.5 120 66 0
0.5 0 54 29
0.5 120 54 0
0.5 0 61 31
0.5 120 61 0
0.5 0 64 38
0.5 120 64 0
0.5 0 66 44
0.5 120 66 0
0.5 0 54 49
0.5 120 54 0
0.5 0 61 33
0.5 120 61 0
0.5 0 64 41
0.5 120 64 0
0.5 0 66 31
0.5 120 66 0
0.5 0 54 32
0.5 120 54 0
0.5 0 60 26
0.5 120 60 0
0.5 0 63 30
0.5 120 63 0
0.5 0 66 38
0.5 120 66 0
0.5 0 54 41
0.5 120 54 0
0.5 0 60 25
0.5 120 60 0
0.5 0 63 25
0.5 120 63 0
0.5 0 66 23
0.5 120 66 0
0.5 0 52 29
0.5 120 52 0
0.5 0 56 25
0.5 120 56 0
0.5 0 61 25
0.5 120 61 0
0.5 0 64 24
0.5 110 64 0
0.5 10 52 31
0.5 120 52 0
0.5 0 56 30
0.5 120 56 0
0.5 0 61 33
0.5 120 61 0
0.5 0 64 38
0.5 120 64 0
0.5 0 52 45
0.5 120 52 0
0.5 0 58 30
0.5 120 58 0
0.5 0 64 32
0.5 120 64 0
0.5 0 66 41
0.5 120 66 0
0.5 0 52 46
0.5 120 52 0
0.5 0 59 33
0.5 120 59 0
0.5 0 64 43
0.5 120 64 0
0.5 0 66 53
0.5 120 66 0
0.5 0 54 58
0.5 120 54 0
0.5 0 61 40
0.5 120 61 0
0.5 0 64 46
0.5 120 64 0
0.5 0 66 38
0.5 120 66 0
0.5 0 54 40
0.5 120 54 0
0.5 0 58 32
0.5 120 58 0
0.5 0 64 31
0.5 120 64 0
0.5 0 66 28
0.5 120 66 0
0.5 0 54 36
0.5 120 54 0
0.5 0 59 32
0.5 120 59 0
0.5 0 63 32
0.5 120 63 0
0.5 0 66 31
0.5 120 66 0
0.5 0 54 40
0.5 120 54 0
0.5 0 59 31
0.5 120 59 0
0.5 0 63 31
0.5 120 63 0
0.5 0 66 28
0.5 120 66 0
0.5 0 51 36
0.5 120 51 0
0.5 0 54 31
0.5 120 54 0
0.5 0 59 31
0.5 120 59 0
0.5 0 63 30
0.5 120 63 0
0.5 0 47 31
0.5 120 47 0
0.5 0 51 26
0.5 120 51 0
0.5 0 54 32
0.5 120 54 0
0.5 0 59 34
0.5 120 59 0
0.5 0 47 40
0.5 120 47 0
0.5 0 52 26
0.5 120 52 0
0.5 0 56 26
0.5 120 56 0
0.5 0 59 25
0.5 120 59 0
0.5 0 47 32
0.5 120 47 0
0.5 0 51 25
0.5 120 51 0
0.5 0 57 25
0.5 120 57 0
0.5 0 59 23
0.5 120 59 0
0.5 0 47 33
0.5 120 47 0
0.5 0 52 27
0.5 120 52 0
0.5 0 56 34
0.5 120 56 0
0.5 0 59 44
0.5 120 59 0
0.5 0 54 53
0.5 120 54 0
0.5 0 61 31
0.5 120 61 0
0.5 0 64 39
0.5 120 64 0
0.5 0 66 23
0.5 120 66 0
0.5 0 54 35
0.5 120 54 0
0.5 0 59 26
0.5 120 59 0
0.5 0 63 26
0.5 120 63 0
0.5 0 66 25
0.5 120 66 0
0.5 0 54 32
0.5 120 54 0
0.5 0 58 25
0.5 120 58 0
0.5 0 64 25
0.5 120 64 0
0.5 0 66 23
0.5 120 66 0
0.5 0 54 33
0.5 120 54 0
0.5 0 59 27
0.5 120 59 0
0.5 0 63 33
0.5 120 63 0
0.5 0 66 40
0.5 120 66 0
0.5 0 56 46
0.5 120 56 0
0.5 0 59 26
0.5 120 59 0
0.5 0 61 25
0.5 120 61 0
0.5 0 68 23
0.5 120 68 0
0.5 120 57 26
0.5 120 57 0
0.5 0 61 26
0.5 120 61 0
0.5 0 64 25
0.5 120 64 0
0.5 0 54 32
0.5 120 54 0
0.5 0 57 25
0.5 120 57 0
0.5 0 59 25
0.5 120 59 0
0.5 0 63 23
0.5 120 63 0
0.5 120 56 25
0.5 120 56 0
0.5 0 59 25
0.5 120 59 0
0.5 0 64 24
0.5 120 64 0
0.5 0 52 31
0.5 120 52 0
0.5 0 54 26
0.5 120 54 0
0.5 0 61 25
0.5 120 61 0
0.5 0 64 23
0.5 120 64 0
0.5 0 52 35
0.5 120 52 0
0.5 0 56 26
0.5 120 56 0
0.5 0 59 26
0.5 120 59 0
0.5 0 64 25
0.5 120 64 0
0.5 0 52 32
0.5 120 52 0
0.5 0 56 25
0.5 120 56 0
0.5 0 59 25
0.5 120 59 0
0.5 0 64 23
0.5 120 64 0
0.5 0 51 29
0.5 120 51 0
0.5 0 54 25
0.5 120 54 0
0.5 0 59 25
0.5 120 59 0
0.5 0 63 24
0.5 120 63 0
0.5 0 47 31
0.5 120 47 0
0.5 0 54 27
0.5 120 54 0
0.5 0 57 29
0.5 120 57 0
0.5 0 59 32
0.5 120 59 0
0.5 0 47 40
0.5 120 47 0
0.5 0 52 26
0.5 120 52 0
0.5 0 56 29
0.5 120 56 0
0.5 0 59 31
0.5 120 59 0
0.5 0 47 38
0.5 120 47 0
0.5 0 51 25
0.5 120 51 0
0.5 0 57 30
0.5 120 57 0
0.5 0 59 26
0.5 120 59 0
0.5 0 47 33
0.5 120 47 0
0.5 0 52 29
0.5 120 52 0
0.5 0 56 31
0.5 120 56 0
0.5 0 59 36
0.5 120 59 0
0.5 0 54 42
0.5 120 54 0
0.5 0 61 30
0.5 120 61 0
0.5 0 64 32
0.5 120 64 0
0.5 0 66 29
0.5 120 66 0
0.5 0 54 35
0.5 120 54 0
0.5 0 59 26
0.5 120 59 0
0.5 0 63 26
0.5 120 63 0
0.5 0 66 25
0.5 120 66 0
0.5 0 54 32
0.5 120 54 0
0.5 0 58 25
0.5 120 58 0
0.5 0 64 25
0.5 120 64 0
0.5 0 66 23
0.5 120 66 0
0.5 0 54 33
0.5 120 54 0
0.5 0 59 38
0.5 120 59 0
0.5 0 63 39
0.5 120 63 0
0.5 0 66 48
0.5 120 66 0
0.5 0 59 54
0.5 120 59 0
0.5 0 61 35
0.5 120 61 0
0.5 0 68 40
0.5 120 68 0
0.5 0 71 33
0.5 120 71 0
0.5 0 59 42
0.5 120 59 0
0.5 0 61 29
0.5 120 61 0
0.5 0 68 29
0.5 120 68 0
0.5 0 71 29
0.5 120 71 0
0.5 0 59 38
0.5 120 59 0
0.5 0 61 26
0.5 120 61 0
0.5 0 68 26
0.5 120 68 0
0.5 0 71 26
0.5 120 71 0
0.5 0 59 35
0.5 120 59 0
0.5 0 61 27
0.5 120 61 0
0.5 0 68 27
0.5 120 68 0
0.5 0 71 27
0.5 120 71 0
0.5 0 59 35
0.5 120 59 0
0.5 0 61 18
0.5 120 61 0
0.5 0 68 19
0.5 120 68 0
0.5 0 71 20
0.5 120 71 0
0.5 0 59 29
0.5 120 59 0
0.5 0 61 20
0.5 120 61 0
0.5 0 68 20
0.5 120 68 0
0.5 0 71 20
0.5 120 71 0
0.5 0 59 26
0.5 120 59 0
0.5 0 61 18
0.5 120 61 0
0.5 0 68 18
0.5 120 68 0
0.5 0 71 18
0.5 120 71 0
0.5 0 59 24
0.5 120 59 0
0.5 0 61 18
0.5 120 61 0
0.5 0 68 18
0.5 120 68 0
0.5 0 71 18
0.5 120 71 0
0.5 0 59 31
0.5 120 59 0
0.5 0 61 26
0.5 120 61 0
0.5 0 68 25
0.5 120 68 0
0.5 0 71 23
0.5 120 71 0
0.5 0 58 29
0.5 120 58 0
0.5 0 61 25
0.5 120 61 0
0.5 0 66 29
0.5 120 66 0
0.5 0 70 25
0.5 120 70 0
0.5 0 54 32
0.5 120 54 0
0.5 0 61 25
0.5 120 61 0
0.5 0 64 25
0.5 120 64 0
0.5 0 66 23
0.5 120 66 0
0.5 0 54 29
0.5 120 54 0
0.5 0 59 25
0.5 120 59 0
0.5 0 63 25
0.5 120 63 0
0.5 0 66 24
0.5 120 66 0
0.5 120 56 26
0.5 120 56 0
0.5 0 61 25
0.5 120 61 0
0.5 0 64 23
0.5 120 64 0
0.5 120 59 26
0.5 120 59 0
0.5 0 63 26
0.5 120 63 0
0.5 0 66 25
0.5 120 66 0
0.5 0 54 32
0.5 120 54 0
0.5 0 59 25
0.5 120 59 0
0.5 0 63 25
0.5 120 63 0
0.5 0 66 23
0.5 120 66 0
0.5 0 54 29
0.5 120 54 0
0.5 0 61 31
0.5 120 61 0
0.5 0 64 38
0.5 120 64 0
0.5 0 66 44
0.5 120 66 0
0.5 0 54 49
0.5 120 54 0
0.5 0 61 33
0.5 120 61 0
0.5 0 64 41
0.5 120 64 0
0.5 0 66 31
0.5 120 66 0
0.5 0 54 32
0.5 120 54 0
0.5 0 60 26
0.5 120 60 0
0.5 0 63 30
0.5 120 63 0
0.5 0 66 38
0.5 120 66 0
0.5 0 54 41
0.5 120 54 0
0.5 0 60 25
0.5 120 60 0
0.5 0 63 25
0.5 120 63 0
0.5 0 66 23
0.5 120 66 0
0.5 0 52 29
0.5 120 52 0
0.5 0 56 25
0.5 120 56 0
0.5 0 61 25
0.5 120 61 0
0.5 0 64 24
0.5 110 64 0
0.5 10 52 31
0.5 120 52 0
0.5 0 56 30
0.5 120 56 0
0.5 0 61 33
0.5 120 61 0
0.5 0 64 38
0.5 120 64 0
0.5 0 52 45
0.5 120 52 0
0.5 0 58 30
0.5 120 58 0
0.5 0 64 32
0.5 120 64 0
0.5 0 66 41
0.5 120 66 0
0.5 0 52 46
0.5 120 52 0
0.5 0 59 33
0.5 120 59 0
0.5 0 64 43
0.5 120 64 0
0.5 0 66 53
0.5 120 66 0
0.5 0 54 58
0.5 120 54 0
0.5 0 61 40
0.5 120 61 0
0.5 0 64 46
0.5 120 64 0
0.5 0 66 38
0.5 120 66 0
0.5 0 54 40
0.5 120 54 0
0.5 0 58 32
0.5 120 58 0
0.5 0 64 31
0.5 120 64 0
0.5 0 66 28
0.5 120 66 0
0.5 0 54 36
0.5 120 54 0
0.5 0 59 32
0.5 120 59 0
0.5 0 63 32
0.5 120 63 0
0.5 0 66 31
0.5 120 66 0
0.5 0 54 40
0.5 120 54 0
0.5 0 59 31
0.5 120 59 0
0.5 0 63 31
0.5 120 63 0
0.5 0 66 28
0.5 120 66 0
0.5 0 51 36
0.5 120 51 0
0.5 0 54 31
0.5 120 54 0
0.5 0 59 31
0.5 120 59 0
0.5 0 63 30
0.5 120 63 0
0.5 0 51 31
0.5 120 51 0
0.5 0 54 26
0.5 120 54 0
0.5 0 59 32
0.5 120 59 0
0.5 0 63 34
0.5 120 63 0
0.5 0 47 40
0.5 120 47 0
0.5 0 52 26
0.5 120 52 0
0.5 0 55 26
0.5 120 55 0
0.5 0 59 26
0.5 120 59 0
0.5 0 47 33
0.5 120 47 0
0.5 0 52 26
0.5 120 52 0
0.5 0 55 27
0.5 120 55 0
0.5 0 59 25
0.5 120 59 0
0.5 0 48 36
0.5 120 48 0
0.5 0 50 30
0.5 120 50 0
0.5 0 57 38
0.5 120 57 0
0.5 0 60 51
0.5 120 60 0
0.5 120 54 36
0.5 120 54 0
0.5 0 60 46
0.5 120 60 0
0.5 0 62 27
0.5 120 62 0
0.5 0 50 49
0.5 120 50 0
0.5 0 55 32
0.5 120 55 0
0.5 0 59 32
0.5 120 59 0
0.5 0 62 31
0.5 120 62 0
0.5 0 52 41
0.5 120 52 0
0.5 0 55 32
0.5 120 55 0
0.5 0 59 33
0.5 120 59 0
0.5 0 64 30
0.5 120 64 0
0.5 0 52 44
0.5 120 52 0
0.5 0 57 36
0.5 120 57 0
0.5 0 60 46
0.5 120 60 0
0.5 0 64 42
0.5 120 64 0
0.5 0 51 46
0.5 120 51 0
0.5 0 57 44
0.5 120 57 0
0.5 0 60 55
0.5 120 60 0
0.5 0 66 33
0.5 120 66 0
0.5 0 50 58
0.5 120 50 0
0.5 0 55 38
0.5 120 55 0
0.5 0 62 38
0.5 120 62 0
0.5 0 67 37
0.5 120 67 0
0.5 0 55 48
0.5 120 55 0
0.5 0 59 38
0.5 120 59 0
0.5 0 62 38
0.5 120 62 0
0.5 0 67 35
0.5 120 67 0
0.5 0 55 52
0.5 120 55 0
0.5 0 64 45
0.5 120 64 0
0.5 0 67 54
0.5 120 67 0
0.5 0 72 63
0.5 120 72 0
0.5 0 55 56
0.5 120 55 0
0.5 0 64 52
0.5 120 64 0
0.5 0 67 56
0.5 120 67 0
0.5 0 72 39
0.5 120 72 0
0.5 0 54 52
0.5 120 54 0
0.5 0 60 45
0.5 120 60 0
0.5 0 62 54
0.5 120 62 0
0.5 0 69 50
0.5 120 69 0
0.5 0 55 56
0.5 120 55 0
0.5 0 60 52
0.5 120 60 0
0.5 0 62 56
0.5 120 62 0
0.5 0 67 39
0.5 120 67 0
0.5 0 62 62
0.5 0 60 52
0.5 0 57 52
0.5 0 54 52
0.5 480 54 0
0.5 0 62 0
0.5 0 60 0
0.5 0 57 0
0.5 2520 59 26
0.5 120 59 0
0.5 0 62 26
0.5 120 62 0
0.5 0 67 25
0.5 120 67 0
0.5 0 55 32
0.5 120 55 0
0.5 0 59 25
0.5 120 59 0
0.5 0 62 25
0.5 120 62 0
0.5 0 67 23
0.5 120 67 0
0.5 0 55 33
0.5 120 55 0
0.5 0 57 27
0.5 120 57 0
0.5 0 64 34
0.5 120 64 0
0.5 0 67 44
0.5 120 67 0
0.5 0 55 53
0.5 120 55 0
0.5 0 57 31
0.5 120 57 0
0.5 0 64 39
0.5 120 64 0
0.5 0 67 23
0.5 120 67 0
0.5 0 55 35
0.5 120 55 0
0.5 0 59 26
0.5 120 59 0
0.5 0 62 26
0.5 120 62 0
0.5 0 67 25
0.5 120 67 0
0.5 0 55 32
0.5 120 55 0
0.5 0 59 25
0.5 120 59 0
0.5 0 62 25
0.5 120 62 0
0.5 0 67 23
0.5 120 67 0
0.5 0 55 33
0.5 120 55 0
0.5 0 57 27
0.5 120 57 0
0.5 0 61 33
0.5 120 61 0
0.5 0 67 40
0.5 120 67 0
0.5 0 57 46
0.5 120 57 0
0.5 0 60 26
0.5 120 60 0
0.5 0 62 25
0.5 120 62 0
0.5 0 69 23
0.5 120 69 0
0.5 120 59 26
0.5 120 59 0
0.5 0 62 26
0.5 120 62 0
0.5 0 67 25
0.5 120 67 0
0.5 0 55 32
0.5 120 55 0
0.5 0 59 25
0.5 120 59 0
0.5 0 62 25
0.5 120 62 0
0.5 0 67 23
0.5 120 67 0
0.5 0 52 33
0.5 120 52 0
0.5 0 57 27
0.5 120 57 0
0.5 0 60 33
0.5 120 60 0
0.5 0 64 31
0.5 120 64 0
0.5 0 52 37
0.5 120 52 0
0.5 0 57 26
0.5 120 57 0
0.5 0 60 25
0.5 120 60 0
0.5 0 64 23
0.5 120 64 0
0.5 0 51 32
0.5 120 51 0
0.5 0 54 26
0.5 120 54 0
0.5 0 59 26
0.5 120 59 0
0.5 0 63 25
0.5 120 63 0
0.5 0 51 32
0.5 120 51 0
0.5 0 54 25
0.5 120 54 0
0.5 0 59 25
0.5 120 59 0
0.5 0 63 23
0.5 120 63 0
0.5 0 51 33
0.5 120 51 0
0.5 0 54 27
0.5 120 54 0
0.5 0 59 26
0.5 120 59 0
0.5 0 63 26
0.5 120 63 0
0.5 0 51 30
0.5 120 51 0
0.5 0 54 26
0.5 120 54 0
0.5 0 59 25
0.5 120 59 0
0.5 0 63 22
0.5 120 63 0
0.5 0 50 32
0.5 120 50 0
0.5 0 55 19
0.5 120 55 0
0.5 0 59 19
0.5 120 59 0
0.5 0 67 18
0.5 120 67 0
0.5 0 50 24
0.5 120 50 0
0.5 0 55 18
0.5 120 55 0
0.5 0 59 18
0.5 120 59 0
0.5 0 67 17
0.5 120 67 0
0.5 0 52 24
0.5 120 52 0
0.5 0 57 20
0.5 120 57 0
0.5 0 60 24
0.5 120 60 0
0.5 0 64 23
0.5 120 64 0
0.5 0 52 27
0.5 120 52 0
0.5 0 57 19
0.5 120 57 0
0.5 0 60 18
0.5 120 60 0
0.5 0 64 17
0.5 120 64 0
0.5 0 51 24
0.5 120 51 0
0.5 0 54 19
0.5 120 54 0
0.5 0 59 19
0.5 120 59 0
0.5 0 63 18
0.5 120 63 0
0.5 0 54 25
0.5 120 54 0
0.5 0 57 19
0.5 120 57 0
0.5 0 59 19
0.5 120 59 0
0.5 0 63 27
0.5 120 63 0
0.5 0 52 31
0.5 120 52 0
0.5 0 55 27
0.5 120 55 0
0.5 0 59 30
0.5 120 59 0
0.5 0 64 32
0.5 120 64 0
0.5 0 52 34
0.5 120 52 0
0.5 0 55 30
0.5 120 55 0
0.5 0 59 32
0.5 120 59 0
0.5 0 64 34
0.5 120 64 0
0.5 0 51 35
0.5 120 51 0
0.5 0 54 26
0.5 120 54 0
0.5 0 59 26
0.5 120 59 0
0.5 0 63 25
0.5 120 63 0
0.5 0 54 32
0.5 120 54 0
0.5 0 57 25
0.5 120 57 0
0.5 0 59 25
0.5 120 59 0
0.5 0 63 23
0.5 120 63 0
0.5 0 52 33
0.5 120 52 0
0.5 0 55 27
0.5 120 55 0
0.5 0 59 33
0.5 120 59 0
0.5 0 64 40
0.5 120 64 0
0.5 0 52 34
0.5 120 52 0
0.5 0 55 30
0.5 120 55 0
0.5 0 59 32
0.5 120 59 0
0.5 0 64 34
0.5 120 64 0
0.5 0 51 35
0.5 120 51 0
0.5 0 54 26
0.5 120 54 0
0.5 0 59 26
0.5 120 59 0
0.5 0 63 25
0.5 120 63 0
0.5 0 51 32
0.5 120 51 0
0.5 0 54 25
0.5 120 54 0
0.5 0 59 25
0.5 120 59 0
0.5 0 63 23
0.5 120 63 0
0.5 0 54 33
0.5 120 54 0
0.5 0 57 27
0.5 120 57 0
0.5 0 59 33
0.5 120 59 0
0.5 0 63 40
0.5 120 63 0
0.5 0 51 43
0.5 120 51 0
0.5 0 54 36
0.5 120 54 0
0.5 0 59 44
0.5 120 59 0
0.5 0 63 47
0.5 120 63 0
0.5 0 47 56
0.5 120 47 0
0.5 0 52 37
0.5 120 52 0
0.5 0 56 38
0.5 120 56 0
0.5 0 59 38
0.5 120 59 0
0.5 0 47 50
0.5 120 47 0
0.5 0 51 43
0.5 120 51 0
0.5 0 57 46
0.5 120 57 0
0.5 0 59 48
0.5 120 59 0
0.5 0 47 59
0.5 120 47 0
0.5 0 52 48
0.5 120 52 0
0.5 0 56 63
0.5 120 56 0
0.5 0 59 61
0.5 120 59 0
0.5 0 54 74
0.5 120 54 0
0.5 0 61 43
0.5 120 61 0
0.5 0 64 54
0.5 120 64 0
0.5 0 66 32
0.5 120 66 0
0.5 0 54 49
0.5 120 54 0
0.5 0 59 36
0.5 120 59 0
0.5 0 63 36
0.5 120 63 0
0.5 0 66 35
0.5 120 66 0
0.5 0 54 44
0.5 120 54 0
0.5 0 58 35
0.5 120 58 0
0.5 0 64 35
0.5 120 64 0
0.5 0 66 32
0.5 120 66 0
0.5 0 54 46
0.5 120 54 0
0.5 0 59 37
0.5 120 59 0
0.5 0 63 46
0.5 120 63 0
0.5 0 66 56
0.5 120 66 0
0.5 0 56 64
0.5 120 56 0
0.5 0 59 48
0.5 120 59 0
0.5 0 61 51
0.5 120 61 0
0.5 0 68 38
0.5 120 68 0
0.5 0 57 49
0.5 120 57 0
0.5 0 61 46
0.5 120 61 0
0.5 0 64 49
0.5 120 64 0
0.5 0 66 45
0.5 120 66 0
0.5 0 54 57
0.5 120 54 0
0.5 0 57 45
0.5 120 57 0
0.5 0 59 45
0.5 120 59 0
0.5 0 63 41
0.5 120 63 0
0.5 120 56 45
0.5 120 56 0
0.5 0 59 45
0.5 120 59 0
0.5 0 64 42
0.5 120 64 0
0.5 120 52 46
0.5 120 52 0
0.5 0 57 45
0.5 120 57 0
0.5 0 64 41
0.5 120 64 0
0.5 0 52 63
0.5 120 52 0
0.5 0 56 46
0.5 120 56 0
0.5 0 59 46
0.5 120 59 0
0.5 0 64 45
0.5 120 64 0
0.5 0 52 57
0.5 120 52 0
0.5 0 56 45
0.5 120 56 0
0.5 0 59 45
0.5 120 59 0
0.5 0 64 41
0.5 120 64 0
0.5 0 51 52
0.5 120 51 0
0.5 0 54 46
0.5 120 54 0
0.5 0 59 40
0.5 120 59 0
0.5 0 63 35
0.5 120 63 0
0.5 0 51 30
0.5 120 51 0
0.5 0 54 26
0.5 120 54 0
0.5 0 59 32
0.5 120 59 0
0.5 0 63 34
0.5 120 63 0
0.5 0 52 40
0.5 120 52 0
0.5 0 56 26
0.5 120 56 0
0.5 0 59 26
0.5 120 59 0
0.5 0 64 25
0.5 120 64 0
0.5 0 52 32
0.5 120 52 0
0.5 0 56 25
0.5 120 56 0
0.5 0 59 25
0.5 120 59 0
0.5 0 64 23
0.5 120 64 0
0.5 0 52 33
0.5 120 52 0
0.5 0 54 27
0.5 120 54 0
0.5 0 61 34
0.5 120 61 0
0.5 0 64 44
0.5 120 64 0
0.5 0 52 53
0.5 120 52 0
0.5 0 54 31
0.5 120 54 0
0.5 0 61 39
0.5 120 61 0
0.5 0 64 23
0.5 120 64 0
0.5 0 52 35
0.5 120 52 0
0.5 0 56 26
0.5 120 56 0
0.5 0 59 26
0.5 120 59 0
0.5 0 64 25
0.5 120 64 0
0.5 0 52 32
0.5 120 52 0
0.5 0 56 25
0.5 120 56 0
0.5 0 59 25
0.5 120 59 0
0.5 0 64 23
0.5 120 64 0
0.5 0 52 33
0.5 120 52 0
0.5 0 54 28
0.5 120 54 0
0.5 0 58 34
0.5 120 58 0
0.5 0 64 42
0.5 120 64 0
0.5 0 54 55
0.5 120 54 0
0.5 0 58 32
0.5 120 58 0
0.5 0 64 41
0.5 120 64 0
0.5 0 66 24
0.5 120 66 0
0.5 0 56 37
0.5 120 56 0
0.5 0 59 27
0.5 120 59 0
0.5 0 64 28
0.5 120 64 0
0.5 0 68 27
0.5 120 68 0
0.5 0 56 34
0.5 120 56 0
0.5 0 59 27
0.5 120 59 0
0.5 0 64 27
0.5 120 64 0
0.5 0 68 25
0.5 120 68 0
0.5 0 57 36
0.5 120 57 0
0.5 0 59 29
0.5 120 59 0
0.5 0 64 36
0.5 120 64 0
0.5 0 66 44
0.5 120 66 0
0.5 0 57 36
0.5 120 57 0
0.5 0 59 37
0.5 120 59 0
0.5 0 63 42
0.5 120 63 0
0.5 0 66 37
0.5 120 66 0
0.5 0 54 49
0.5 120 54 0
0.5 0 57 37
0.5 120 57 0
0.5 0 59 43
0.5 120 59 0
0.5 0 63 36
0.5 120 63 0
0.5 0 54 35
0.5 120 54 0
0.5 0 57 44
0.5 120 57 0
0.5 0 59 44
0.5 120 59 0
0.5 0 63 39
0.5 120 63 0
0.5 120 56 46
0.5 120 56 0
0.5 0 59 40
0.5 120 59 0
0.5 0 64 34
0.5 120 64 0
0.5 0 52 36
0.5 120 52 0
0.5 0 56 31
0.5 120 56 0
0.5 0 59 38
0.5 120 59 0
0.5 0 64 41
0.5 120 64 0
0.5 0 52 48
0.5 120 52 0
0.5 0 56 31
0.5 120 56 0
0.5 0 59 31
0.5 120 59 0
0.5 0 64 30
0.5 120 64 0
0.5 0 52 39
0.5 120 52 0
0.5 0 56 31
0.5 120 56 0
0.5 0 59 31
0.5 120 59 0
0.5 0 64 28
0.5 120 64 0
0.5 0 52 41
0.5 120 52 0
0.5 0 54 34
0.5 120 54 0
0.5 0 61 42
0.5 120 61 0
0.5 0 64 55
0.5 120 64 0
0.5 0 51 67
0.5 120 51 0
0.5 0 54 39
0.5 120 54 0
0.5 0 63 49
0.5 120 63 0
0.5 0 66 29
0.5 120 66 0
0.5 0 52 45
0.5 120 52 0
0.5 0 56 33
0.5 120 56 0
0.5 0 59 33
0.5 120 59 0
0.5 0 64 32
0.5 120 64 0
0.5 0 52 41
0.5 120 52 0
0.5 0 56 32
0.5 120 56 0
0.5 0 59 32
0.5 120 59 0
0.5 0 64 30
0.5 120 64 0
0.5 0 52 43
0.5 120 52 0
0.5 0 54 35
0.5 120 54 0
0.5 0 61 43
0.5 120 61 0
0.5 0 64 53
0.5 120 64 0
0.5 0 54 71
0.5 120 54 0
0.5 0 58 41
0.5 120 58 0
0.5 0 64 52
0.5 120 64 0
0.5 0 66 31
0.5 120 66 0
0.5 0 54 47
0.5 120 54 0
0.5 0 59 35
0.5 120 59 0
0.5 0 63 35
0.5 120 63 0
0.5 0 66 34
0.5 120 66 0
0.5 0 58 44
0.5 120 58 0
0.5 0 61 34
0.5 120 61 0
0.5 0 64 34
0.5 120 64 0
0.5 0 67 31
0.5 120 67 0
0.5 0 59 46
0.5 120 59 0
0.5 0 63 37
0.5 120 63 0
0.5 0 66 46
0.5 120 66 0
0.5 0 69 56
0.5 120 69 0
0.5 0 63 46
0.5 120 63 0
0.5 0 66 46
0.5 120 66 0
0.5 0 69 53
0.5 120 69 0
0.5 0 71 46
0.5 120 71 0
0.5 0 59 60
0.5 120 59 0
0.5 0 64 46
0.5 120 64 0
0.5 0 68 53
0.5 120 68 0
0.5 0 71 44
0.5 120 71 0
0.5 0 60 43
0.5 120 60 0
0.5 0 64 46
0.5 120 64 0
0.5 0 68 53
0.5 120 68 0
0.5 0 72 47
0.5 120 72 0
0.5 120 61 54
0.5 120 61 0
0.5 0 64 47
0.5 120 64 0
0.5 0 66 40
0.5 120 66 0
0.5 0 52 43
0.5 120 52 0
0.5 0 54 53
0.5 120 54 0
0.5 0 57 53
0.5 120 57 0
0.5 0 60 47
0.5 120 60 0
0.5 120 52 43
0.5 120 52 0
0.5 0 56 40
0.5 120 56 0
0.5 0 59 34
0.5 120 59 0
0.5 0 47 42
0.5 120 47 0
0.5 0 52 34
0.5 120 52 0
0.5 0 56 40
0.5 120 56 0
0.5 0 59 36
0.5 120 59 0
0.5 0 47 29
0.5 120 47 0
0.5 0 54 31
0.5 120 54 0
0.5 0 57 38
0.5 120 57 0
0.5 0 59 44
0.5 120 59 0
0.5 0 47 49
0.5 120 47 0
0.5 0 54 33
0.5 120 54 0
0.5 0 57 41
0.5 120 57 0
0.5 0 59 31
0.5 120 59 0
0.5 0 47 32
0.5 120 47 0
0.5 0 53 26
0.5 120 53 0
0.5 0 56 30
0.5 120 56 0
0.5 0 59 38
0.5 120 59 0
0.5 0 47 41
0.5 120 47 0
0.5 0 53 25
0.5 120 53 0
0.5 0 56 25
0.5 120 56 0
0.5 0 59 23
0.5 120 59 0
0.5 0 45 29
0.5 120 45 0
0.5 0 49 25
0.5 120 49 0
0.5 0 54 25
0.5 120 54 0
0.5 0 57 24
0.5 110 57 0
0.5 10 45 31
0.5 120 45 0
0.5 0 49 30
0.5 120 49 0
0.5 0 54 33
0.5 120 54 0
0.5 0 57 38
0.5 120 57 0
0.5 0 45 45
0.5 120 45 0
0.5 0 51 30
0.5 120 51 0
0.5 0 57 32
0.5 120 57 0
0.5 0 59 37
0.5 120 59 0
0.5 0 45 41
0.5 120 45 0
0.5 0 52 33
0.5 120 52 0
0.5 0 57 37
0.5 120 57 0
0.5 0 59 41
0.5 120 59 0
0.5 0 47 45
0.5 120 47 0
0.5 0 54 35
0.5 120 54 0
0.5 0 57 46
0.5 120 57 0
0.5 0 59 38
0.5 120 59 0
0.5 0 47 40
0.5 120 47 0
0.5 0 51 32
0.5 120 51 0
0.5 0 57 31
0.5 120 57 0
0.5 0 59 28
0.5 120 59 0
0.5 0 47 36
0.5 120 47 0
0.5 0 52 32
0.5 120 52 0
0.5 0 56 32
0.5 120 56 0
0.5 0 59 31
0.5 120 59 0
0.5 0 47 40
0.5 120 47 0
0.5 0 52 31
0.5 120 52 0
0.5 0 56 31
0.5 120 56 0
0.5 0 59 28
0.5 120 59 0
0.5 0 47 36
0.5 120 47 0
0.5 0 52 31
0.5 120 52 0
0.5 0 56 31
0.5 120 56 0
0.5 0 59 30
0.5 120 59 0
0.5 0 47 34
0.5 120 47 0
0.5 0 52 30
0.5 120 52 0
0.5 0 56 31
0.5 120 56 0
0.5 0 59 33
0.5 120 59 0
0.5 0 45 33
0.5 120 45 0
0.5 0 49 24
0.5 120 49 0
0.5 0 52 24
0.5 120 52 0
0.5 0 57 23
0.5 120 57 0
0.5 0 45 30
0.5 120 45 0
0.5 0 49 23
0.5 120 49 0
0.5 0 52 23
0.5 120 52 0
0.5 0 57 20
0.5 120 57 0
0.5 0 45 29
0.5 120 45 0
0.5 0 49 24
0.5 120 49 0
0.5 0 52 29
0.5 120 52 0
0.5 0 57 35
0.5 120 57 0
0.5 0 45 29
0.5 120 45 0
0.5 0 48 25
0.5 120 48 0
0.5 0 52 27
0.5 120 52 0
0.5 0 57 28
0.5 120 57 0
0.5 0 42 29
0.5 120 42 0
0.5 0 47 21
0.5 120 47 0
0.5 0 51 21
0.5 120 51 0
0.5 0 57 20
0.5 120 57 0
0.5 0 42 25
0.5 120 42 0
0.5 0 47 20
0.5 120 47 0
0.5 0 51 19
0.5 120 51 0
0.5 0 57 17
0.5 120 57 0
0.5 0 42 25
0.5 120 42 0
0.5 0 47 20
0.5 120 47 0
0.5 0 51 24
0.5 120 51 0
0.5 0 57 30
0.5 120 57 0
0.5 0 47 25
0.5 120 47 0
0.5 0 51 21
0.5 120 51 0
0.5 0 57 23
0.5 120 57 0
0.5 0 59 24
0.5 120 59 0
0.5 0 47 24
0.5 120 47 0
0.5 0 52 18
0.5 120 52 0
0.5 0 56 18
0.5 120 56 0
0.5 0 59 17
0.5 120 59 0
0.5 0 47 22
0.5 120 47 0
0.5 0 52 17
0.5 120 52 0
0.5 0 56 17
0.5 120 56 0
0.5 0 59 16
0.5 120 59 0
0.5 0 47 23
0.5 120 47 0
0.5 0 52 15
0.5 120 52 0
0.5 0 56 19
0.5 120 56 0
0.5 0 59 22
0.5 120 59 0
0.5 0 47 24
0.5 120 47 0
0.5 0 52 18
0.5 120 52 0
0.5 0 56 20
0.5 120 56 0
0.5 0 59 20
0.5 120 59 0
0.5 0 47 24
0.5 120 47 0
0.5 0 52 17
0.5 120 52 0
0.5 0 56 17
0.5 120 56 0
0.5 0 59 17
0.5 120 59 0
0.5 0 47 21
0.5 120 47 0
0.5 0 52 17
0.5 120 52 0
0.5 0 56 16
0.5 120 56 0
0.5 0 59 14
0.5 120 59 0
0.5 0 47 24
0.5 120 47 0
0.5 0 52 17
0.5 120 52 0
0.5 0 56 17
0.5 120 56 0
0.5 0 59 17
0.5 120 59 0
0.5 0 47 21
0.5 120 47 0
0.5 0 52 17
0.5 120 52 0
0.5 0 56 16
0.5 120 56 0
0.5 0 59 14
0.5 120 59 0
1 0 0 0
