0 0 7 100
0 0 10 64
0 0 91 127
0.5 480 71 51
0.5 240 78 41
0.5 110 71 0
0.5 10 78 0
0.5 0 71 36
0.5 120 71 0
0.5 0 71 50
0.5 120 79 49
0.5 360 79 0
0.5 0 71 0
0.5 0 71 46
0.5 240 78 37
0.5 110 71 0
0.5 10 78 0
0.5 0 71 30
0.5 120 71 0
0.5 0 71 46
0.5 120 79 41
0.5 360 79 0
0.5 0 71 0
0.5 0 71 40
0.5 240 78 34
0.5 110 71 0
0.5 10 78 0
0.5 0 71 27
0.5 120 71 0
0.5 0 71 39
0.5 120 76 30
0.5 360 76 0
0.5 0 71 0
0.5 0 71 39
0.5 240 78 30
0.5 110 71 0
0.5 10 78 0
0.5 0 71 25
0.5 120 71 0
0 0 91 127
0.5 0 71 48
0.5 120 83 49
0.5 360 83 0
0.5 0 71 0
0.5 0 71 46
0.5 240 78 37
0.5 110 71 0
0.5 10 78 0
0.5 0 71 31
0.5 120 71 0
0.5 0 71 50
0.5 120 79 49
0.5 360 79 0
0.5 0 71 0
0.5 0 71 42
0.5 240 78 37
0.5 110 71 0
0.5 10 78 0
0.5 0 71 30
0.5 120 71 0
0.5 0 71 41
0.5 120 79 39
0.5 360 79 0
0.5 0 71 0
0.5 0 71 39
0.5 240 78 31
0.5 110 71 0
0.5 10 78 0
0.5 0 71 25
0.5 120 71 0
0.5 0 71 38
0.5 120 76 28
0.5 360 76 0
0.5 0 71 0
0.5 0 71 34
0.5 240 78 26
0.5 110 71 0
0.5 10 78 0
0.5 0 71 24
0.5 120 71 0
0.5 0 80 28
0.5 0 71 28
0.5 0 76 28
0.5 0 83 39
0.5 480 83 0
0.5 0 80 0
0.5 0 71 0
0.5 0 76 0
0.5 0 71 40
0.5 0 83 30
0.5 0 78 30
0.5 0 75 30
0.5 0 69 30
0.5 120 71 0
0.5 0 80 42
0.5 240 80 0
0.5 0 78 38
0.5 120 78 0
0.5 0 75 0
0.5 0 83 0
0.5 0 78 0
0.5 0 69 0
0.5 0 68 29
0.5 0 71 29
0.5 0 76 39
0.5 480 76 0
0.5 0 71 0
0.5 0 68 0
0.5 0 59 40
0.5 0 57 29
0.5 0 63 29
0.5 0 66 29
0.5 0 71 29
0.5 120 59 0
0.5 0 68 40
0.5 240 68 0
0.5 0 66 37
0.5 120 66 0
0.5 0 66 0
0.5 0 57 0
0.5 0 63 0
0.5 0 71 0
0.5 0 56 29
0.5 0 59 29
0.5 0 64 38
0.5 480 64 0
0.5 0 59 0
0.5 0 56 0
0.5 0 63 29
0.5 0 59 29
0.5 0 54 36
0.5 120 54 0
0.5 0 56 39
0.5 240 56 0
0.5 0 54 35
0.5 120 54 0
0.5 0 59 0
0.5 0 63 0
0.5 0 52 36
0.5 0 58 25
0.5 0 61 26
0.5 240 61 0
0.5 0 63 33
0.5 120 63 0
0.5 0 61 30
0.5 120 61 0
0.5 0 58 0
0.5 0 52 0
0.5 0 51 27
0.5 0 59 27
0.5 480 59 0
0.5 0 51 0
0.5 0 71 36
0.5 0 80 36
0.5 0 76 36
0.5 0 83 42
0.5 480 83 0
0.5 0 71 0
0.5 0 80 0
0.5 0 76 0
0.5 0 71 40
0.5 0 83 27
0.5 0 78 27
0.5 0 75 27
0.5 0 69 27
0.5 120 71 0
0.5 0 80 42
0.5 240 80 0
0.5 0 78 38
0.5 120 78 0
0.5 0 75 0
0.5 0 83 0
0.5 0 78 0
0.5 0 69 0
0.5 0 68 29
0.5 0 71 29
0.5 0 76 39
0.5 480 76 0
0.5 0 71 0
0.5 0 68 0
0.5 0 59 40
0.5 0 57 29
0.5 0 63 29
0.5 0 66 29
0.5 0 71 29
0.5 120 59 0
0.5 0 68 40
0.5 240 68 0
0.5 0 66 37
0.5 120 66 0
0.5 0 66 0
0.5 0 57 0
0.5 0 63 0
0.5 0 71 0
0.5 0 56 29
0.5 0 59 29
0.5 0 64 38
0.5 480 64 0
0.5 0 59 0
0.5 0 56 0
0.5 0 63 29
0.5 0 59 29
0.5 0 54 36
0.5 120 54 0
0.5 0 56 39
0.5 240 56 0
0.5 0 54 35
0.5 120 54 0
0.5 0 59 0
0.5 0 63 0
0.5 0 52 36
0.5 0 58 25
0.5 0 61 26
0.5 240 61 0
0.5 0 63 30
0.5 120 63 0
0.5 0 61 28
0.5 120 61 0
0.5 0 58 0
0.5 0 52 0
0.5 0 51 25
0.5 0 59 25
0.5 480 59 0
0.5 0 51 0
0 0 91 127
0.5 0 62 37
0.5 0 59 26
0.5 0 54 26
0.5 480 62 0
0.5 0 61 34
0.5 240 57 32
0.5 240 61 0
0.5 0 54 0
0.5 0 64 37
0.5 240 57 0
0.5 0 56 32
0.5 240 56 0
0.5 0 59 0
0.5 0 57 31
0.5 0 61 35
0.5 480 61 0
0.5 0 57 0
0.5 0 64 0
0.5 0 61 34
0.5 0 66 38
0.5 0 69 38
0.5 480 69 0
0.5 0 68 35
0.5 240 66 0
0.5 0 64 34
0.5 240 68 0
0.5 0 68 34
0.5 0 70 44
0.5 240 68 0
0.5 0 66 38
0.5 240 61 0
0.5 0 70 0
0.5 0 64 0
0.5 0 63 31
0.5 0 71 38
0.5 480 71 0
0.5 0 63 0
0.5 0 66 0
0.5 0 71 34
0.5 0 64 34
0.5 480 64 0
0.5 0 71 0
0.5 0 64 29
0.5 0 69 29
0.5 480 69 0
0.5 0 64 0
0.5 0 66 29
0.5 0 60 46
0.5 240 60 0
0.5 0 62 45
0.5 120 62 0
0.5 0 60 42
0.5 120 60 0
0.5 0 66 0
0.5 0 67 29
0.5 0 59 39
0.5 120 59 0
0.5 0 64 37
0.5 240 64 0
0.5 0 62 34
0.5 115 62 0
0.5 5 67 0
0.5 0 71 28
0.5 0 64 28
0.5 480 64 0
0.5 0 71 0
0.5 0 64 26
0.5 0 69 26
0.5 480 69 0
0.5 0 64 0
0.5 0 66 24
0.5 0 60 36
0.5 240 60 0
0.5 0 62 35
0.5 120 62 0
0.5 0 60 34
0.5 120 60 0
0.5 0 66 0
0.5 0 71 26
0.5 0 59 30
0.5 120 59 0
0.5 0 67 29
0.5 240 67 0
0.5 0 66 26
0.5 115 66 0
0.5 5 71 0
0 0 91 127
0.5 480 71 42
0.5 240 78 37
0.5 110 71 0
0.5 10 78 0
0.5 0 71 33
0.5 120 71 0
0.5 0 71 42
0.5 120 79 41
0.5 360 79 0
0.5 0 71 0
0.5 0 71 38
0.5 240 78 33
0.5 110 71 0
0.5 10 78 0
0.5 0 71 25
0.5 120 71 0
0.5 0 71 40
0.5 120 83 41
0.5 360 83 0
0.5 0 71 0
0.5 0 72 37
0.5 240 83 29
0.5 110 72 0
0.5 10 83 0
0.5 0 72 24
0.5 120 72 0
0.5 0 72 27
0.5 120 81 28
0.5 360 81 0
0.5 0 72 0
0.5 0 71 33
0.5 240 81 26
0.5 110 71 0
0.5 10 81 0
0.5 0 71 22
0.5 120 71 0
0.5 0 71 26
0.5 120 79 26
0.5 360 79 0
0.5 0 71 0
0.5 0 69 32
0.5 240 79 25
0.5 110 69 0
0.5 10 79 0
0.5 0 69 21
0.5 120 69 0
0.5 0 69 25
0.5 120 78 26
0.5 360 78 0
0.5 0 69 0
0.5 0 69 20
0.5 0 76 20
0.5 1920 76 0
0.5 0 69 0
1 0 0 0
0 0 7 100
0 0 10 64
0 0 91 127
0.5 0 52 38
0.5 0 55 38
0.5 0 59 55
0 0 64 0
0.5 240 59 0
0.5 0 60 50
0.5 120 60 0
0.5 0 59 50
0.5 120 59 0
0.5 0 55 0
0.5 0 52 0
0.5 0 51 33
0.5 0 59 53
0.5 0 54 33
0 49 64 127
0.5 71 59 0
0.5 0 66 44
0.5 360 66 0
0.5 0 54 0
0.5 0 51 0
0 0 64 0
0.5 0 52 36
0.5 0 59 50
0.5 0 55 36
0 49 64 127
0.5 191 59 0
0.5 0 60 50
0.5 120 60 0
0.5 0 59 50
0.5 120 59 0
0.5 0 55 0
0.5 0 52 0
0.5 0 51 29
0.5 0 59 48
0.5 0 54 29
0 8 64 0
0 98 64 127
0.5 14 59 0
0.5 0 66 39
0.5 360 66 0
0.5 0 54 0
0.5 0 51 0
0 0 64 0
0.5 0 52 30
0.5 0 59 41
0.5 0 55 30
0 99 64 127
0.5 141 59 0
0.5 0 60 41
0.5 120 60 0
0.5 0 59 41
0.5 120 59 0
0.5 0 55 0
0.5 0 52 0
0.5 0 50 26
0.5 0 54 26
0.5 0 59 39
0 9 64 0
0 55 64 127
0.5 56 59 0
0.5 0 66 35
0.5 360 66 0
0.5 0 54 0
0.5 0 50 0
0 0 64 0
0.5 0 48 23
0.5 0 52 22
0.5 0 59 37
0 56 64 127
0.5 184 59 0
0.5 0 60 33
0.5 120 60 0
0.5 0 59 34
0.5 120 59 0
0.5 0 52 0
0.5 0 48 0
0.5 0 47 19
0.5 0 51 19
0.5 0 59 36
0 14 64 0
0.5 106 59 0
0 0 64 127
0.5 0 66 31
0 311 64 0
0.5 49 66 0
0.5 0 51 0
0.5 0 47 0
0 0 91 127
0.5 0 52 31
0.5 0 59 47
0.5 0 55 34
0 120 64 127
0.5 120 59 0
0.5 0 60 45
0.5 120 60 0
0.5 0 59 45
0.5 120 59 0
0.5 0 55 0
0.5 0 52 0
0.5 0 51 29
0.5 0 54 29
0.5 0 59 48
0 6 64 0
0 50 64 127
0.5 64 59 0
0.5 0 66 39
0.5 360 66 0
0.5 0 54 0
0.5 0 51 0
0 0 64 0
0.5 0 52 35
0.5 0 55 35
0.5 0 59 48
0 64 64 127
0.5 176 59 0
0.5 0 60 50
0.5 120 60 0
0.5 0 59 50
0.5 120 59 0
0.5 0 55 0
0.5 0 52 0
0.5 0 51 27
0.5 0 54 27
0.5 0 59 45
0 6 64 0
0 93 64 127
0.5 21 59 0
0.5 0 66 39
0.5 360 66 0
0.5 0 54 0
0.5 0 51 0
0 0 64 0
0.5 0 52 29
0.5 0 55 29
0.5 0 59 39
0 85 64 127
0.5 155 59 0
0.5 0 60 37
0.5 120 60 0
0.5 0 59 36
0.5 120 59 0
0.5 0 55 0
0.5 0 52 0
0.5 0 54 25
0.5 0 59 36
0.5 0 50 25
0 6 64 0
0 93 64 127
0.5 21 59 0
0.5 0 66 33
0.5 360 66 0
0.5 0 50 0
0.5 0 54 0
0 0 64 0
0.5 0 52 19
0.5 0 59 34
0.5 0 48 20
0 92 64 127
0.5 148 59 0
0.5 0 60 29
0.5 120 60 0
0.5 0 59 30
0.5 120 59 0
0.5 0 48 0
0.5 0 52 0
0.5 0 51 16
0.5 0 59 30
0.5 0 47 16
0 6 64 0
0 50 64 127
0.5 64 59 0
0.5 0 66 28
0 261 64 0
0.5 99 66 0
0.5 0 47 0
0.5 0 51 0
0.5 0 40 34
0.5 0 47 34
0 0 64 127
0.5 240 47 0
0.5 0 49 40
0.5 120 49 0
0.5 0 47 38
0.5 120 47 0
0.5 0 40 0
0.5 0 40 33
0.5 0 47 38
0 7 64 0
0.5 113 47 0
0.5 0 56 40
0.5 240 56 0
0.5 0 54 36
0.5 120 54 0
0.5 0 40 0
0.5 0 40 33
0.5 0 47 38
0 78 64 127
0.5 162 47 0
0.5 0 49 37
0.5 120 49 0
0.5 0 47 37
0.5 120 47 0
0.5 0 40 0
0.5 0 40 33
0.5 0 47 38
0 14 64 0
0.5 106 47 0
0.5 0 56 38
0.5 240 56 0
0.5 0 54 35
0.5 120 54 0
0.5 0 40 0
0.5 0 40 33
0.5 0 47 38
0 78 64 127
0.5 162 47 0
0.5 0 49 35
0.5 120 49 0
0.5 0 47 35
0.5 120 47 0
0.5 0 40 0
0.5 0 47 33
0.5 0 42 34
0 14 64 0
0.5 106 42 0
0.5 0 44 36
0.5 240 44 0
0.5 0 42 33
0.5 120 42 0
0.5 0 47 0
0.5 0 42 27
0.5 480 42 0
0.5 0 30 33
0.5 0 42 33
0.5 120 42 0
0.5 0 30 0
0.5 0 32 33
0.5 0 44 33
0.5 240 44 0
0.5 0 32 0
0.5 0 30 27
0.5 0 42 27
0.5 120 42 0
0.5 0 30 0
0.5 0 28 36
0.5 0 40 36
0 64 64 127
0.5 176 40 0
0.5 0 28 0
0.5 0 49 38
0.5 120 49 0
0.5 0 47 36
0.5 120 47 0
0.5 0 40 33
0.5 0 47 34
0 14 64 0
0.5 106 47 0
0.5 0 56 40
0.5 240 56 0
0.5 0 54 36
0.5 120 54 0
0.5 0 40 0
0.5 0 40 33
0.5 0 47 38
0 49 64 127
0.5 191 47 0
0.5 0 49 37
0.5 120 49 0
0.5 0 47 36
0.5 120 47 0
0.5 0 40 0
0.5 0 40 33
0.5 0 47 38
0 8 64 0
0.5 112 47 0
0.5 0 56 38
0.5 240 56 0
0.5 0 54 35
0.5 120 54 0
0.5 0 40 0
0.5 0 40 33
0.5 0 47 38
0 35 64 127
0.5 205 47 0
0.5 0 49 35
0.5 120 49 0
0.5 0 47 35
0.5 120 47 0
0.5 0 40 0
0.5 0 47 33
0.5 0 42 34
0 7 64 0
0.5 113 42 0
0.5 0 44 36
0.5 240 44 0
0.5 0 42 33
0.5 120 42 0
0.5 0 47 0
0.5 0 42 27
0.5 480 42 0
0.5 0 30 30
0.5 0 42 30
0.5 120 42 0
0.5 0 30 0
0.5 0 32 30
0.5 0 44 30
0.5 240 44 0
0.5 0 32 0
0.5 0 30 23
0.5 0 42 23
0.5 120 42 0
0.5 0 30 0
0.5 0 35 42
0 0 91 127
0.5 240 35 0
0.5 0 37 35
0.5 120 37 0
0.5 0 35 35
0.5 120 35 0
0.5 0 30 34
0.5 120 30 0
0.5 0 42 34
0.5 240 42 0
0.5 0 30 33
0.5 120 30 0
0.5 0 28 34
0.5 240 28 0
0.5 0 30 34
0.5 120 30 0
0.5 0 28 34
0.5 120 28 0
0.5 0 33 37
0.5 120 33 0
0.5 0 45 40
0.5 240 45 0
0.5 0 44 37
0.5 120 44 0
0.5 0 42 35
0.5 240 42 0
0.5 0 44 34
0.5 120 44 0
0.5 0 42 34
0.5 120 42 0
0.5 0 37 30
0.5 120 37 0
0.5 0 49 33
0.5 240 49 0
0.5 0 37 26
0.5 120 37 0
0.5 0 42 33
0.5 120 42 0
0.5 0 54 37
0.5 240 54 0
0.5 0 42 34
0.5 120 42 0
0.5 0 35 37
0.5 120 35 0
0.5 0 47 41
0.5 240 47 0
0.5 0 47 41
0.5 120 47 0
0.5 0 48 31
0.5 0 59 48
0.5 240 59 0
0.5 0 60 46
0.5 120 60 0
0.5 0 59 45
0.5 120 59 0
0.5 0 59 48
0.5 120 59 0
0.5 0 62 50
0.5 240 62 0
0.5 0 60 44
0.5 120 60 0
0.5 0 48 0
0.5 0 59 34
0.5 0 50 29
0.5 240 59 0
0.5 0 57 29
0.5 240 57 0
0.5 0 50 0
0.5 0 55 33
0.5 120 60 37
0.5 240 60 0
0.5 0 59 34
0.5 120 59 0
0.5 0 55 0
0.5 0 48 29
0.5 0 59 39
0.5 240 59 0
0.5 0 60 33
0.5 120 60 0
0.5 0 59 33
0.5 120 59 0
0.5 0 59 36
0.5 120 59 0
0.5 0 62 38
0.5 240 62 0
0.5 0 60 33
0.5 120 60 0
0.5 0 48 0
0.5 0 59 29
0.5 0 50 24
0.5 240 59 0
0.5 0 57 26
0.5 240 57 0
0.5 0 50 0
0.5 0 55 26
0.5 0 51 29
0.5 120 55 0
0.5 0 59 29
0.5 240 59 0
0.5 0 57 26
0.5 120 57 0
0.5 0 51 0
0 0 91 127
0.5 0 52 31
0.5 0 55 31
0.5 240 55 0
0.5 0 60 40
0.5 120 60 0
0.5 0 59 40
0.5 120 59 0
0.5 0 52 0
0.5 0 51 27
0.5 0 54 27
0.5 0 59 42
0 64 64 127
0.5 56 59 0
0.5 0 66 37
0.5 360 66 0
0.5 0 54 0
0.5 0 51 0
0 0 64 0
0.5 0 52 30
0.5 0 55 30
0.5 0 59 42
0 56 64 127
0.5 184 59 0
0.5 0 60 42
0.5 120 60 0
0.5 0 59 42
0.5 120 59 0
0.5 0 55 0
0.5 0 52 0
0.5 0 51 24
0.5 0 54 24
0.5 0 59 40
0 14 64 0
0 71 64 127
0.5 35 59 0
0.5 0 66 33
0.5 360 66 0
0.5 0 54 0
0.5 0 51 0
0 0 64 0
0.5 0 52 28
0.5 0 55 28
0.5 0 59 38
0 64 64 127
0.5 176 59 0
0.5 0 60 38
0.5 120 60 0
0.5 0 59 37
0.5 120 59 0
0.5 0 55 0
0.5 0 52 0
0.5 0 57 23
0.5 0 60 37
0 6 64 0
0 79 64 127
0.5 35 60 0
0.5 0 71 32
0.5 360 71 0
0.5 0 57 0
0 0 64 0
0.5 0 50 23
0.5 0 54 23
0.5 0 60 32
0 49 64 127
0.5 191 60 0
0.5 0 62 29
0.5 120 62 0
0.5 0 60 29
0.5 120 60 0
0.5 0 54 0
0.5 0 50 0
0.5 0 55 22
0.5 0 59 31
0 21 64 0
0 78 64 127
0.5 21 59 0
0.5 0 69 31
0.5 360 69 0
0.5 0 55 0
0 0 64 0
0.5 0 48 22
0.5 0 52 22
0.5 0 59 31
0 64 64 127
0.5 176 59 0
0.5 0 60 28
0.5 120 60 0
0.5 0 59 28
0.5 120 59 0
0.5 0 52 0
0.5 0 48 0
0.5 0 54 22
0.5 0 57 30
0 7 64 0
0 71 64 127
0.5 42 57 0
0.5 0 67 28
0.5 360 67 0
0.5 0 54 0
0 0 64 0
0.5 0 47 21
0.5 0 51 21
0.5 0 57 27
0 85 64 127
0.5 155 57 0
0.5 0 59 25
0.5 120 59 0
0.5 0 57 24
0.5 120 51 0
0.5 0 47 0
0.5 0 60 20
0.5 0 52 20
0 7 64 0
0 113 64 127
0.5 1320 45 14
0.5 480 45 0
0.5 0 57 0
0.5 0 60 0
0.5 0 52 0
0 1014 64 0
1 0 0 0
