0 0 7 100
0 0 10 64
0 359 91 127
0.5 1 63 47
0.5 240 63 0
0.5 0 68 53
0.5 120 59 26
0.5 120 68 0
0.5 0 71 45
0.5 120 59 0
0.5 120 71 0
0.5 0 70 50
0.5 120 61 27
0.5 120 70 0
0.5 0 67 46
0.5 120 61 0
0.5 120 67 0
0.5 0 68 50
0.5 120 59 28
0.5 120 68 0
0.5 0 70 51
0.5 120 59 0
0.5 120 70 0
0.5 0 71 53
0.5 120 59 30
0.5 120 71 0
0.5 0 73 51
0.5 120 59 0
0.5 120 73 0
0.5 0 75 44
0.5 120 63 28
0.5 120 75 0
0.5 0 76 38
0.5 120 63 0
0.5 120 76 0
0.5 0 73 41
0.5 120 64 26
0.5 120 73 0
0.5 0 75 37
0.5 120 64 0
0.5 120 75 0
0.5 0 71 36
0.5 120 63 29
0.5 120 71 0
0.5 360 63 0
0.5 120 66 47
0.5 240 66 0
0.5 0 71 53
0.5 120 63 26
0.5 120 71 0
0.5 0 75 45
0.5 120 63 0
0.5 120 75 0
0.5 0 73 50
0.5 120 64 27
0.5 120 73 0
0.5 0 70 46
0.5 120 64 0
0.5 120 70 0
0.5 0 71 50
0.5 120 63 28
0.5 120 71 0
0.5 0 73 51
0.5 120 63 0
0.5 120 73 0
0.5 0 75 53
0.5 120 63 30
0.5 120 75 0
0.5 0 77 57
0.5 120 63 0
0.5 120 77 0
0.5 0 78 61
0.5 120 66 35
0.5 120 78 0
0.5 0 80 52
0.5 120 66 0
0.5 120 80 0
0.5 0 77 55
0.5 120 68 26
0.5 120 77 0
0.5 0 78 44
0.5 120 68 0
0.5 120 78 0
0.5 0 75 34
0.5 120 66 26
0.5 480 66 0
0.5 0 75 0
0.5 120 75 48
0.5 240 75 0
0.5 0 76 51
0.5 120 67 27
0.5 120 76 0
0.5 0 73 45
0.5 120 67 0
0.5 120 73 0
0.5 0 75 48
0.5 120 68 28
0.5 120 75 0
0.5 0 71 45
0.5 120 68 0
0.5 120 71 0
0.5 0 71 44
0.5 120 62 27
0.5 120 71 0
0.5 0 68 39
0.5 120 62 0
0.5 120 68 0
0.5 0 67 35
0.5 120 63 26
0.5 120 67 0
0.5 0 70 25
0.5 360 70 0
0.5 0 63 0
0.5 120 63 45
0.5 237 63 0
0.5 3 68 51
0.5 120 59 28
0.5 120 68 0
0.5 0 70 53
0.5 120 59 0
0.5 120 70 0
0.5 0 71 55
0.5 120 61 28
0.5 120 71 0
0.5 0 73 52
0.5 120 61 0
0.5 120 73 0
0.5 0 75 55
0.5 120 61 33
0.5 120 75 0
0.5 0 73 53
0.5 120 61 0
0.5 120 73 0
0.5 0 71 50
0.5 120 71 0
0.5 0 59 27
0.5 120 71 46
0.5 120 59 0
0.5 120 71 0
0.5 0 71 49
0.5 120 61 42
0.5 120 71 0
0.5 0 70 46
0.5 60 61 0
0.5 0 63 37
0.5 180 63 0
0.5 0 70 0
0.5 0 68 46
0.5 120 59 26
0.5 120 68 0
0.5 0 71 44
0.5 120 59 0
0.5 120 71 0
0.5 0 70 46
0.5 120 61 27
0.5 120 70 0
0.5 0 67 46
0.5 120 61 0
0.5 120 67 0
0.5 0 68 50
0.5 120 59 28
0.5 120 68 0
0.5 0 70 51
0.5 120 59 0
0.5 120 70 0
0.5 0 71 53
0.5 120 59 30
0.5 120 71 0
0.5 0 73 51
0.5 120 59 0
0.5 120 73 0
0.5 0 75 44
0.5 120 63 28
0.5 120 75 0
0.5 0 76 38
0.5 120 63 0
0.5 120 76 0
0.5 0 73 41
0.5 120 64 26
0.5 120 73 0
0.5 0 75 37
0.5 120 64 0
0.5 120 75 0
0.5 0 71 36
0.5 120 63 29
0.5 480 63 0
0.5 0 71 0
0.5 120 66 51
0.5 240 66 0
0.5 0 71 53
0.5 120 63 26
0.5 120 71 0
0.5 0 75 45
0.5 120 63 0
0.5 120 75 0
0.5 0 73 50
0.5 120 64 27
0.5 120 73 0
0.5 0 70 46
0.5 120 64 0
0.5 120 70 0
0.5 0 71 50
0.5 120 63 28
0.5 120 71 0
0.5 0 73 51
0.5 120 63 0
0.5 120 73 0
0.5 0 75 53
0.5 120 63 30
0.5 120 75 0
0.5 0 77 57
0.5 120 63 0
0.5 120 77 0
0.5 0 78 61
0.5 120 66 35
0.5 120 78 0
0.5 0 80 52
0.5 120 66 0
0.5 120 80 0
0.5 0 77 55
0.5 120 68 26
0.5 120 77 0
0.5 0 78 44
0.5 120 68 0
0.5 120 78 0
0.5 0 75 34
0.5 120 66 26
0.5 480 66 0
0.5 0 75 0
0.5 120 75 48
0.5 240 75 0
0.5 0 76 51
0.5 120 67 27
0.5 120 76 0
0.5 0 73 45
0.5 120 67 0
0.5 120 73 0
0.5 0 75 48
0.5 120 68 28
0.5 120 75 0
0.5 0 71 45
0.5 120 68 0
0.5 120 71 0
0.5 0 71 44
0.5 120 62 27
0.5 120 71 0
0.5 0 68 39
0.5 120 62 0
0.5 120 68 0
0.5 0 67 38
0.5 120 63 26
0.5 120 67 0
0.5 0 70 25
0.5 360 70 0
0.5 0 63 0
0.5 120 63 45
0.5 237 63 0
0.5 3 68 51
0.5 120 59 28
0.5 120 68 0
0.5 0 70 53
0.5 120 59 0
0.5 120 70 0
0.5 0 71 55
0.5 120 61 28
0.5 120 71 0
0.5 0 73 52
0.5 120 61 0
0.5 120 73 0
0.5 0 75 55
0.5 120 61 33
0.5 120 75 0
0.5 0 73 53
0.5 120 61 0
0.5 120 73 0
0.5 0 71 50
0.5 120 71 0
0.5 0 59 27
0.5 120 71 46
0.5 120 59 0
0.5 120 71 0
0.5 0 71 49
0.5 120 61 42
0.5 120 71 0
0.5 0 70 46
0.5 60 61 0
0.5 0 63 41
0.5 180 63 0
0.5 0 70 0
0.5 0 68 46
0.5 120 59 29
0.5 120 68 0
0.5 0 70 50
0.5 120 59 0
0.5 120 70 0
0.5 0 71 52
0.5 120 59 34
0.5 120 71 0
0.5 0 75 56
0.5 120 59 0
0.5 120 75 0
0.5 0 80 61
0.5 240 80 0
0.5 0 58 47
0.5 240 58 0
0.5 0 59 38
0.5 240 59 0
0.5 0 63 36
0.5 120 68 29
0.5 480 68 0
0.5 0 63 0
1 0 0 0
0 0 7 100
0 0 10 64
0 359 64 0
0 0 91 127
0.5 121 44 29
0.5 120 44 0
0.5 0 63 35
0 0 64 127
0.5 120 63 0
0.5 0 56 23
0.5 120 56 0
0.5 0 51 29
0.5 120 51 0
0.5 0 44 33
0.5 120 44 0
0.5 0 63 27
0 7 64 0
0 45 64 127
0.5 68 63 0
0.5 0 55 26
0.5 120 55 0
0.5 0 51 30
0.5 120 51 0
0.5 0 44 30
0.5 120 44 0
0.5 0 63 36
0 4 64 0
0 76 64 127
0.5 40 63 0
0.5 0 56 26
0.5 120 56 0
0.5 0 51 28
0.5 120 51 0
0.5 0 43 30
0.5 120 43 0
0.5 0 64 35
0 3 64 0
0 43 64 127
0.5 74 64 0
0.5 0 61 26
0.5 120 61 0
0.5 0 52 33
0.5 120 52 0
0.5 0 42 35
0.5 120 42 0
0.5 0 66 38
0 7 64 0
0 49 64 127
0.5 64 66 0
0.5 0 59 24
0.5 120 59 0
0.5 0 54 29
0.5 120 54 0
0.5 0 42 33
0.5 120 42 0
0.5 0 66 27
0 6 64 0
0 50 64 127
0.5 64 66 0
0.5 0 58 27
0.5 120 58 0
0.5 0 54 27
0.5 120 54 0
0.5 0 47 28
0.5 120 47 0
0.5 0 66 30
0 10 64 0
0 68 64 127
0.5 42 59 28
0.5 120 54 26
0 332 64 0
0.5 28 54 0
0.5 0 59 0
0.5 0 66 0
0.5 240 47 29
0.5 120 47 0
0 0 64 127
0.5 0 66 34
0.5 120 66 0
0.5 0 59 23
0.5 120 59 0
0.5 0 54 29
0.5 120 54 0
0.5 0 47 33
0.5 120 47 0
0.5 0 67 27
0 11 64 0
0 102 64 127
0.5 7 61 26
0.5 120 61 0
0.5 0 54 30
0.5 120 54 0
0.5 0 67 0
0.5 0 47 30
0.5 120 47 0
0.5 0 66 34
0 3 64 0
0 46 64 127
0.5 71 66 0
0.5 0 59 26
0.5 120 59 0
0.5 0 54 28
0.5 120 54 0
0.5 0 44 30
0.5 120 44 0
0.5 0 65 35
0 6 64 0
0 80 64 127
0.5 34 65 0
0.5 0 59 26
0.5 120 59 0
0.5 0 53 33
0.5 120 53 0
0.5 0 46 35
0.5 120 46 0
0.5 0 70 38
0 11 64 0
0 75 64 127
0.5 34 70 0
0.5 0 63 24
0.5 120 63 0
0.5 0 58 29
0.5 120 58 0
0.5 0 46 33
0.5 120 46 0
0.5 0 71 27
0 4 64 0
0 47 64 127
0.5 69 62 27
0.5 120 62 0
0.5 0 58 27
0.5 120 58 0
0.5 0 71 0
0.5 0 51 28
0.5 120 51 0
0.5 0 70 27
0 6 64 0
0 86 64 127
0.5 28 63 26
0.5 120 58 26
0.5 360 58 0
0.5 0 63 0
0.5 0 70 0
0 0 64 0
0.5 240 51 28
0.5 120 51 0
0 0 64 127
0.5 0 70 31
0.5 120 70 0
0.5 0 64 24
0.5 120 64 0
0.5 0 61 30
0.5 120 61 0
0.5 0 51 27
0.5 120 51 0
0.5 0 71 30
0 7 64 0
0 99 64 127
0.5 14 71 0
0.5 0 63 25
0.5 120 63 0
0.5 0 59 28
0.5 120 59 0
0.5 0 51 28
0.5 120 51 0
0.5 0 65 29
0 11 64 0
0 35 64 127
0.5 74 65 0
0.5 0 59 24
0.5 120 59 0
0.5 0 56 28
0.5 120 56 0
0.5 0 39 33
0.5 120 39 0
0.5 0 67 28
0 6 64 0
0 50 64 127
0.5 64 58 23
0 282 64 0
0.5 198 58 0
0.5 0 67 0
0.5 240 44 27
0.5 120 44 0
0 0 64 127
0.5 0 63 27
0.5 120 63 0
0.5 0 56 22
0.5 120 56 0
0.5 0 51 27
0.5 120 51 0
0.5 0 40 34
0.5 120 40 0
0.5 0 64 29
0 9 64 0
0 94 64 127
0.5 17 56 22
0.5 0 59 22
0.5 120 56 0
0.5 0 55 27
0.5 120 55 0
0.5 0 59 0
0.5 0 64 0
0.5 0 42 30
0.5 120 42 0
0.5 0 64 31
0 14 64 0
0 92 64 127
0.5 14 54 22
0.5 0 58 22
0.5 120 54 0
0.5 0 52 27
0.5 120 52 0
0.5 0 58 0
0.5 0 64 0
0.5 0 35 42
0.5 120 35 0
0.5 0 63 27
0 7 64 0
0 92 64 127
0.5 21 63 0
0.5 0 54 25
0.5 120 54 0
0.5 0 51 27
0.5 120 51 0
0.5 0 39 44
0.5 120 39 0
0.5 0 63 27
0 11 64 0
0 28 64 127
0.5 81 63 0
0.5 0 55 27
0.5 120 55 0
0.5 0 51 27
0.5 120 51 0
0.5 0 44 33
0.5 120 44 0
0.5 0 63 33
0 12 64 0
0 59 64 127
0.5 49 63 0
0.5 0 56 23
0.5 120 56 0
0.5 0 51 29
0.5 120 51 0
0.5 0 44 33
0.5 120 44 0
0.5 0 63 27
0 8 64 0
0 32 64 127
0.5 80 63 0
0.5 0 55 26
0.5 120 55 0
0.5 0 51 30
0.5 120 51 0
0.5 0 44 30
0.5 120 44 0
0.5 0 63 36
0 11 64 0
0 46 64 127
0.5 63 63 0
0.5 0 56 26
0.5 120 56 0
0.5 0 51 28
0.5 120 51 0
0.5 0 43 30
0.5 120 43 0
0.5 0 64 35
0 6 64 0
0 45 64 127
0.5 69 64 0
0.5 0 61 26
0.5 120 61 0
0.5 0 52 33
0.5 120 52 0
0.5 0 42 40
0.5 120 42 0
0.5 0 66 38
0 15 64 0
0 70 64 127
0.5 35 66 0
0.5 0 59 24
0.5 120 59 0
0.5 0 54 29
0.5 120 54 0
0.5 0 42 36
0.5 120 42 0
0.5 0 66 27
0 14 64 0
0 71 64 127
0.5 35 66 0
0.5 0 58 27
0.5 120 58 0
0.5 0 54 27
0.5 120 54 0
0.5 0 47 28
0.5 120 47 0
0.5 0 66 30
0 7 64 0
0 57 64 127
0.5 56 59 28
0.5 120 54 26
0 332 64 0
0.5 28 54 0
0.5 0 59 0
0.5 0 66 0
0.5 240 47 29
0.5 120 47 0
0 0 64 127
0.5 0 66 34
0.5 120 66 0
0.5 0 59 23
0.5 120 59 0
0.5 0 54 29
0.5 120 54 0
0.5 0 47 33
0.5 120 47 0
0.5 0 67 27
0 15 64 0
0 56 64 127
0.5 49 61 26
0.5 120 61 0
0.5 0 54 30
0.5 120 54 0
0.5 0 67 0
0.5 0 47 30
0.5 120 47 0
0.5 0 66 34
0 11 64 0
0 67 64 127
0.5 42 66 0
0.5 0 59 26
0.5 120 59 0
0.5 0 54 28
0.5 120 54 0
0.5 0 44 30
0.5 120 44 0
0.5 0 65 35
0 6 64 0
0 40 64 127
0.5 74 65 0
0.5 0 59 26
0.5 120 59 0
0.5 0 53 33
0.5 120 53 0
0.5 0 46 35
0.5 120 46 0
0.5 0 70 38
0 11 64 0
0 40 64 127
0.5 69 70 0
0.5 0 63 24
0.5 120 63 0
0.5 0 58 29
0.5 120 58 0
0.5 0 46 33
0.5 120 46 0
0.5 0 71 27
0 17 64 0
0 46 64 127
0.5 57 62 27
0.5 120 62 0
0.5 0 58 27
0.5 120 58 0
0.5 0 71 0
0.5 0 51 28
0.5 120 51 0
0.5 0 70 27
0 3 64 0
0 82 64 127
0.5 35 63 26
0.5 120 58 26
0 339 64 0
0.5 21 58 0
0.5 0 63 0
0.5 0 70 0
0.5 240 51 28
0.5 120 51 0
0 0 64 127
0.5 0 70 31
0.5 120 70 0
0.5 0 64 24
0.5 120 64 0
0.5 0 61 30
0.5 120 61 0
0.5 0 51 27
0.5 120 51 0
0.5 0 71 30
0 7 64 0
0 42 64 127
0.5 71 71 0
0.5 0 63 25
0.5 120 63 0
0.5 0 59 28
0.5 120 59 0
0.5 0 51 28
0.5 120 51 0
0.5 0 65 29
0 3 64 0
0 37 64 127
0.5 80 65 0
0.5 0 59 24
0.5 120 59 0
0.5 0 56 28
0.5 120 56 0
0.5 0 39 33
0.5 120 39 0
0.5 0 67 28
0 12 64 0
0 73 64 127
0.5 35 58 23
0.5 480 58 0
0.5 0 67 0
0 21 64 0
0.5 219 44 27
0.5 120 44 0
0.5 0 63 27
0 0 64 127
0.5 120 63 0
0.5 0 56 22
0.5 120 56 0
0.5 0 51 27
0.5 120 51 0
0.5 0 40 34
0.5 120 40 0
0.5 0 64 29
0 7 64 0
0 84 64 127
0.5 29 59 22
0.5 0 56 22
0.5 120 56 0
0.5 0 55 27
0.5 120 55 0
0.5 0 59 0
0.5 0 64 0
0.5 0 42 30
0.5 120 42 0
0.5 0 64 31
0 8 64 0
0 70 64 127
0.5 42 58 22
0.5 0 54 22
0.5 120 54 0
0.5 0 52 27
0.5 120 52 0
0.5 0 58 0
0.5 0 64 0
0.5 0 35 44
0.5 120 35 0
0.5 0 63 27
0 7 64 0
0 64 64 127
0.5 49 63 0
0.5 0 54 25
0.5 120 54 0
0.5 0 51 27
0.5 120 51 0
0.5 0 39 44
0.5 120 39 0
0.5 0 63 27
0 7 64 0
0 28 64 127
0.5 85 63 0
0.5 0 55 27
0.5 120 55 0
0.5 0 51 27
0.5 120 51 0
0.5 0 44 33
0.5 120 44 0
0.5 0 63 33
0 2 64 0
0 47 64 127
0.5 71 63 0
0.5 0 56 23
0.5 120 56 0
0.5 0 51 29
0.5 120 51 0
0.5 0 44 33
0.5 120 44 0
0.5 0 63 35
0 3 64 0
0 39 64 127
0.5 78 63 0
0.5 0 56 28
0.5 120 56 0
0.5 0 51 31
0.5 120 51 0
0.5 0 44 33
0.5 120 44 0
0.5 0 63 40
0 6 64 0
0 79 64 127
0.5 35 63 0
0.5 0 56 33
0.5 120 56 0
0.5 0 51 31
0.5 120 51 0
0.5 0 44 30
0.5 120 44 0
0.5 0 63 33
0 10 64 0
0 82 64 127
0.5 28 63 0
0.5 0 56 30
0.5 120 56 0
0.5 0 51 29
0.5 120 51 0
0.5 0 32 30
0.5 480 32 0
0 360 64 0
1 0 0 0
