0.5 0 45 77
0.5 120 45 0
0.5 0 47 69
0.5 120 47 0
0.5 0 45 74
0.5 120 45 0
0.5 0 47 69
0.5 120 47 0
0.5 0 48 78
0.5 120 48 0
0.5 0 47 69
0.5 120 47 0
0.5 0 48 77
0.5 120 48 0
0.5 0 47 69
0.5 120 47 0
0.5 0 45 80
0.5 240 45 0
0.5 0 47 69
0.5 120 47 0
0.5 120 48 79
0.5 240 48 0
0.5 0 52 69
0.5 120 52 0
0.5 120 57 79
0.5 240 57 0
0.5 0 59 69
0.5 120 59 0
0.5 120 60 79
0.5 240 60 0
0.5 0 64 69
0.5 120 64 0
0.5 120 64 62
0.5 0 68 62
0.5 0 71 74
0.5 228 71 0
0.5 0 68 0
0.5 0 64 0
0.5 12 64 59
0.5 0 68 59
0.5 0 71 70
0.5 228 71 0
0.5 0 68 0
0.5 0 64 0
0.5 12 64 68
0.5 0 69 68
0.5 0 72 80
0.5 480 72 0
0.5 0 69 0
0.5 0 64 0
0.5 0 45 77
0.5 120 45 0
0.5 0 47 69
0.5 120 47 0
0.5 0 45 74
0.5 120 45 0
0.5 0 47 69
0.5 120 47 0
0.5 0 48 78
0.5 120 48 0
0.5 0 47 69
0.5 120 47 0
0.5 0 48 77
0.5 120 48 0
0.5 0 47 69
0.5 120 47 0
0.5 0 45 80
0.5 240 45 0
0.5 0 47 69
0.5 120 47 0
0.5 120 48 79
0.5 233 52 69
0.5 7 48 0
0.5 113 52 0
0.5 127 57 79
0.5 240 57 0
0.5 0 59 69
0.5 120 59 0
0.5 120 60 79
0.5 240 60 0
0.5 0 64 69
0.5 120 64 0
0.5 120 64 62
0.5 0 68 62
0.5 0 71 74
0.5 228 71 0
0.5 0 68 0
0.5 0 64 0
0.5 12 64 59
0.5 0 68 59
0.5 0 71 70
0.5 228 71 0
0.5 0 68 0
0.5 0 64 0
0.5 12 69 82
0.5 480 69 0
0.5 0 58 77
0.5 120 58 0
0.5 0 57 69
0.5 120 57 0
0.5 0 58 74
0.5 120 58 0
0.5 0 57 69
0.5 120 57 0
0.5 0 55 78
0.5 120 55 0
0.5 0 57 69
0.5 120 57 0
0.5 0 55 77
0.5 120 55 0
0.5 0 57 69
0.5 120 57 0
0.5 0 58 80
0.5 240 58 0
0.5 0 55 69
0.5 120 55 0
0.5 120 55 79
0.5 240 55 0
0.5 0 52 69
0.5 120 52 0
0.5 120 67 67
0.5 0 70 79
0.5 240 70 0
0.5 0 67 0
0.5 0 64 58
0.5 0 67 69
0.5 120 67 0
0.5 0 64 0
0.5 120 64 67
0.5 0 67 79
0.5 240 67 0
0.5 0 64 0
0.5 0 64 69
0.5 0 61 58
0.5 120 61 0
0.5 0 64 0
0.5 120 64 74
0.5 0 61 62
0.5 0 57 62
0.5 228 57 0
0.5 0 61 0
0.5 0 64 0
0.5 12 64 70
0.5 0 61 59
0.5 0 57 59
0.5 228 57 0
0.5 0 61 0
0.5 0 64 0
0.5 12 65 80
0.5 0 62 68
0.5 0 57 68
0.5 480 57 0
0.5 0 62 0
0.5 0 65 0
0.5 0 60 77
0.5 120 60 0
0.5 0 59 69
0.5 120 59 0
0.5 0 60 74
0.5 120 60 0
0.5 0 59 69
0.5 120 59 0
0.5 0 57 78
0.5 120 57 0
0.5 0 59 69
0.5 120 59 0
0.5 0 57 77
0.5 120 57 0
0.5 0 59 69
0.5 120 59 0
0.5 0 60 80
0.5 240 60 0
0.5 0 57 69
0.5 120 57 0
0.5 120 57 79
0.5 240 57 0
0.5 0 54 69
0.5 120 54 0
0.5 120 69 67
0.5 0 72 79
0.5 240 72 0
0.5 0 69 0
0.5 0 66 58
0.5 0 69 69
0.5 120 69 0
0.5 0 66 0
0.5 120 66 67
0.5 0 69 79
0.5 240 69 0
0.5 0 66 0
0.5 0 66 69
0.5 0 63 58
0.5 120 63 0
0.5 0 66 0
0.5 120 66 74
0.5 0 63 74
0.5 240 63 0
0.5 0 66 0
0.5 0 66 70
0.5 0 63 70
0.5 240 63 0
0.5 0 66 0
0.5 0 68 80
0.5 0 64 68
0.5 0 59 68
0.5 480 59 0
0.5 0 64 0
0.5 0 68 0
0.5 0 57 84
0.5 120 57 0
0.5 0 59 75
0.5 120 59 0
0.5 0 57 81
0.5 120 57 0
0.5 0 59 75
0.5 120 59 0
0.5 0 60 85
0.5 120 60 0
0.5 0 59 75
0.5 120 59 0
0.5 0 60 84
0.5 120 60 0
0.5 0 59 75
0.5 120 59 0
0.5 0 57 88
0.5 240 57 0
0.5 0 59 75
0.5 120 59 0
0.5 120 60 86
0.5 240 60 0
0.5 0 64 75
0.5 120 64 0
0.5 120 69 86
0.5 240 69 0
0.5 0 71 75
0.5 120 71 0
0.5 120 72 86
0.5 240 72 0
0.5 0 76 75
0.5 120 76 0
0.5 120 64 73
0.5 0 68 73
0.5 0 71 86
0.5 228 71 0
0.5 0 68 0
0.5 0 64 0
0.5 12 64 68
0.5 0 68 68
0.5 0 71 81
0.5 228 71 0
0.5 0 68 0
0.5 0 64 0
0.5 12 64 68
0.5 0 69 68
0.5 0 72 81
0.5 228 72 0
0.5 0 69 0
0.5 0 64 0
0.5 12 64 72
0.5 0 67 72
0.5 0 69 72
0.5 0 73 85
0.5 228 73 0
0.5 0 64 0
0.5 0 67 0
0.5 0 69 0
0.5 12 65 77
0.5 0 69 77
0.5 0 74 91
0.5 480 74 0
0.5 0 69 0
0.5 0 65 0
0.5 0 65 81
0.5 120 65 0
0.5 0 64 72
0.5 120 64 0
0.5 0 65 80
0.5 120 65 0
0.5 0 64 72
0.5 120 64 0
0.5 0 62 84
0.5 240 62 0
0.5 0 64 72
0.5 120 64 0
0.5 120 65 82
0.5 240 65 0
0.5 0 69 72
0.5 120 69 0
0.5 120 74 82
0.5 240 74 0
0.5 0 76 72
0.5 120 76 0
0.5 120 77 82
0.5 240 77 0
0.5 0 81 72
0.5 120 81 0
0.5 120 71 71
0.5 0 76 71
0.5 0 80 85
0.5 228 80 0
0.5 0 76 0
0.5 0 71 0
0.5 12 71 67
0.5 0 76 67
0.5 0 80 80
0.5 228 80 0
0.5 0 76 0
0.5 0 71 0
0.5 12 72 77
0.5 0 76 77
0.5 0 81 92
0.5 480 81 0
0.5 0 76 0
0.5 0 72 0
0.5 0 58 77
0.5 120 58 0
0.5 0 57 69
0.5 120 57 0
0.5 0 58 74
0.5 120 58 0
0.5 0 57 69
0.5 120 57 0
0.5 0 55 78
0.5 120 55 0
0.5 0 57 69
0.5 120 57 0
0.5 0 55 77
0.5 120 55 0
0.5 0 57 69
0.5 120 57 0
0.5 0 58 80
0.5 240 58 0
0.5 0 55 69
0.5 120 55 0
0.5 120 55 79
0.5 240 55 0
0.5 0 52 69
0.5 120 52 0
0.5 120 67 67
0.5 0 70 79
0.5 240 70 0
0.5 0 67 0
0.5 0 64 58
0.5 0 67 69
0.5 120 67 0
0.5 0 64 0
0.5 120 64 67
0.5 0 67 79
0.5 240 67 0
0.5 0 64 0
0.5 0 64 69
0.5 0 61 58
0.5 120 61 0
0.5 0 64 0
0.5 120 64 74
0.5 0 61 62
0.5 0 57 62
0.5 228 57 0
0.5 0 61 0
0.5 0 64 0
0.5 12 64 70
0.5 0 61 59
0.5 0 57 59
0.5 228 57 0
0.5 0 61 0
0.5 0 64 0
0.5 12 65 80
0.5 0 62 68
0.5 0 57 68
0.5 480 57 0
0.5 0 62 0
0.5 0 65 0
0.5 0 60 77
0.5 120 60 0
0.5 0 59 69
0.5 120 59 0
0.5 0 60 74
0.5 120 60 0
0.5 0 59 69
0.5 120 59 0
0.5 0 57 78
0.5 120 57 0
0.5 0 59 69
0.5 120 59 0
0.5 0 57 77
0.5 120 57 0
0.5 0 59 69
0.5 120 59 0
0.5 0 60 80
0.5 240 60 0
0.5 0 57 69
0.5 120 57 0
0.5 120 57 79
0.5 240 57 0
0.5 0 54 69
0.5 120 54 0
0.5 120 69 67
0.5 0 72 79
0.5 240 72 0
0.5 0 69 0
0.5 0 66 58
0.5 0 69 69
0.5 120 69 0
0.5 0 66 0
0.5 120 66 67
0.5 0 69 79
0.5 240 69 0
0.5 0 66 0
0.5 0 66 69
0.5 0 63 58
0.5 120 63 0
0.5 0 66 0
0.5 120 66 74
0.5 0 63 74
0.5 228 63 0
0.5 0 66 0
0.5 12 66 70
0.5 0 63 70
0.5 228 63 0
0.5 0 66 0
0.5 12 68 80
0.5 0 64 68
0.5 0 59 68
0.5 480 59 0
0.5 0 64 0
0.5 0 68 0
0.5 0 57 84
0.5 120 57 0
0.5 0 59 75
0.5 120 59 0
0.5 0 57 81
0.5 120 57 0
0.5 0 59 75
0.5 120 59 0
0.5 0 60 85
0.5 120 60 0
0.5 0 59 75
0.5 120 59 0
0.5 0 60 84
0.5 120 60 0
0.5 0 59 75
0.5 120 59 0
0.5 0 57 88
0.5 240 57 0
0.5 0 59 75
0.5 120 59 0
0.5 120 60 86
0.5 240 60 0
0.5 0 64 75
0.5 120 64 0
0.5 120 69 86
0.5 240 69 0
0.5 0 71 75
0.5 120 71 0
0.5 120 72 86
0.5 240 72 0
0.5 0 76 75
0.5 120 76 0
0.5 120 64 73
0.5 0 68 73
0.5 0 71 86
0.5 228 71 0
0.5 0 68 0
0.5 0 64 0
0.5 12 64 68
0.5 0 68 68
0.5 0 71 81
0.5 228 71 0
0.5 0 68 0
0.5 0 64 0
0.5 12 64 68
0.5 0 69 68
0.5 0 72 81
0.5 228 72 0
0.5 0 69 0
0.5 0 64 0
0.5 12 64 72
0.5 0 67 72
0.5 0 69 72
0.5 0 73 85
0.5 228 73 0
0.5 0 64 0
0.5 0 67 0
0.5 0 69 0
0.5 12 65 77
0.5 0 69 77
0.5 0 74 91
0.5 480 74 0
0.5 0 69 0
0.5 0 65 0
0.5 0 65 81
0.5 120 65 0
0.5 0 64 72
0.5 120 64 0
0.5 0 65 80
0.5 120 65 0
0.5 0 64 72
0.5 120 64 0
0.5 0 62 84
0.5 240 62 0
0.5 0 64 72
0.5 120 64 0
0.5 120 65 82
0.5 240 65 0
0.5 0 69 72
0.5 120 69 0
0.5 120 74 82
0.5 240 74 0
0.5 0 76 72
0.5 120 76 0
0.5 120 77 82
0.5 240 77 0
0.5 0 81 72
0.5 120 81 0
0.5 120 71 71
0.5 0 76 71
0.5 0 80 85
0.5 228 80 0
0.5 0 76 0
0.5 0 71 0
0.5 12 71 67
0.5 0 76 67
0.5 0 80 80
0.5 228 80 0
0.5 0 76 0
0.5 0 71 0
0.5 12 72 77
0.5 0 76 77
0.5 0 81 92
0.5 480 81 0
0.5 0 76 0
0.5 0 72 0
0.5 0 69 37
0.5 120 69 0
0.5 0 65 29
0.5 120 65 0
0.5 0 69 40
0.5 120 69 0
0.5 0 65 33
0.5 120 65 0
0.5 0 69 41
0.5 120 69 0
0.5 0 65 35
0.5 120 65 0
0.5 0 67 44
0.5 120 67 0
0.5 0 64 39
0.5 120 64 0
0.5 0 69 47
0.5 120 69 0
0.5 0 65 42
0.5 120 65 0
0.5 0 70 45
0.5 120 70 0
0.5 0 67 48
0.5 120 67 0
0.5 0 72 51
0.5 120 72 0
0.5 0 69 48
0.5 120 69 0
0.5 0 67 46
0.5 120 67 0
0.5 0 64 44
0.5 120 64 0
0.5 0 69 37
0.5 120 69 0
0.5 0 65 30
0.5 120 65 0
0.5 0 69 40
0.5 120 69 0
0.5 0 65 35
0.5 120 65 0
0.5 0 69 41
0.5 120 69 0
0.5 0 65 37
0.5 120 65 0
0.5 0 67 44
0.5 120 67 0
0.5 0 64 39
0.5 120 64 0
0.5 0 69 47
0.5 120 69 0
0.5 0 65 42
0.5 120 65 0
0.5 0 70 45
0.5 120 70 0
0.5 0 67 48
0.5 120 67 0
0.5 0 72 51
0.5 120 72 0
0.5 0 69 52
0.5 120 69 0
0.5 0 74 57
0.5 120 74 0
0.5 0 71 51
0.5 120 71 0
0.5 0 76 58
0.5 120 76 0
0.5 0 72 47
0.5 120 72 0
0.5 0 76 55
0.5 120 76 0
0.5 0 72 47
0.5 120 72 0
0.5 0 76 52
0.5 120 76 0
0.5 0 72 40
0.5 120 72 0
0.5 0 74 46
0.5 120 74 0
0.5 0 71 40
0.5 120 71 0
0.5 0 76 47
0.5 120 76 0
0.5 0 72 42
0.5 120 72 0
0.5 0 77 45
0.5 120 77 0
0.5 0 74 48
0.5 120 74 0
0.5 0 79 51
0.5 120 79 0
0.5 0 76 48
0.5 120 76 0
0.5 0 74 46
0.5 120 74 0
0.5 0 71 44
0.5 120 71 0
0.5 0 76 51
0.5 120 76 0
0.5 0 72 43
0.5 120 72 0
0.5 0 76 49
0.5 120 76 0
0.5 0 72 40
0.5 120 72 0
0.5 0 76 49
0.5 120 76 0
0.5 0 72 40
0.5 120 72 0
0.5 0 74 46
0.5 120 74 0
0.5 0 71 40
0.5 120 71 0
0.5 0 76 47
0.5 120 76 0
0.5 0 72 42
0.5 120 72 0
0.5 0 74 45
0.5 120 74 0
0.5 0 71 41
0.5 120 71 0
0.5 0 72 48
0.5 120 72 0
0.5 0 67 40
0.5 120 67 0
0.5 0 70 40
0.5 120 70 0
0.5 0 67 36
0.5 120 67 0
0.5 0 69 37
0.5 120 69 0
0.5 0 65 32
0.5 120 65 0
0.5 0 69 40
0.5 120 69 0
0.5 0 65 34
0.5 120 65 0
0.5 0 69 41
0.5 120 69 0
0.5 0 65 37
0.5 120 65 0
0.5 0 67 44
0.5 120 67 0
0.5 0 64 39
0.5 120 64 0
0.5 0 69 47
0.5 120 69 0
0.5 0 65 42
0.5 120 65 0
0.5 0 70 45
0.5 120 70 0
0.5 0 67 48
0.5 120 67 0
0.5 0 72 51
0.5 120 72 0
0.5 0 69 48
0.5 120 69 0
0.5 0 67 45
0.5 120 67 0
0.5 0 64 42
0.5 120 64 0
0.5 0 69 37
0.5 120 69 0
0.5 0 65 34
0.5 120 65 0
0.5 0 69 40
0.5 120 69 0
0.5 0 65 36
0.5 120 65 0
0.5 0 69 41
0.5 120 69 0
0.5 0 65 37
0.5 120 65 0
0.5 0 67 44
0.5 120 67 0
0.5 0 64 39
0.5 120 64 0
0.5 0 69 47
0.5 120 69 0
0.5 0 65 42
0.5 120 65 0
0.5 0 70 45
0.5 120 70 0
0.5 0 67 48
0.5 120 67 0
0.5 0 72 51
0.5 120 72 0
0.5 0 69 52
0.5 120 69 0
0.5 0 74 57
0.5 120 74 0
0.5 0 71 51
0.5 120 71 0
0.5 0 76 58
0.5 120 76 0
0.5 0 72 47
0.5 120 72 0
0.5 0 76 55
0.5 120 76 0
0.5 0 72 47
0.5 120 72 0
0.5 0 76 52
0.5 120 76 0
0.5 0 72 40
0.5 120 72 0
0.5 0 74 46
0.5 120 74 0
0.5 0 71 40
0.5 120 71 0
0.5 0 76 47
0.5 120 76 0
0.5 0 72 42
0.5 120 72 0
0.5 0 77 45
0.5 120 77 0
0.5 0 74 48
0.5 120 74 0
0.5 0 79 55
0.5 120 79 0
0.5 0 76 48
0.5 120 76 0
0.5 0 74 46
0.5 120 74 0
0.5 0 71 44
0.5 120 71 0
0.5 0 76 51
0.5 120 76 0
0.5 0 72 43
0.5 120 72 0
0.5 0 76 49
0.5 120 76 0
0.5 0 72 40
0.5 120 72 0
0.5 0 76 45
0.5 120 76 0
0.5 0 72 42
0.5 120 72 0
0.5 0 74 46
0.5 120 74 0
0.5 0 71 40
0.5 120 71 0
0.5 0 76 47
0.5 120 76 0
0.5 0 72 42
0.5 120 72 0
0.5 0 74 45
0.5 120 74 0
0.5 0 71 41
0.5 120 71 0
0.5 0 72 48
0.5 120 72 0
0.5 0 67 40
0.5 120 67 0
0.5 0 70 40
0.5 120 70 0
0.5 0 67 40
0.5 120 67 0
0.5 0 70 47
0.5 120 70 0
0.5 0 67 40
0.5 120 67 0
0.5 0 70 47
0.5 120 70 0
0.5 0 67 40
0.5 120 67 0
0.5 0 70 47
0.5 120 70 0
0.5 0 67 41
0.5 120 67 0
0.5 0 70 47
0.5 120 70 0
0.5 0 67 42
0.5 120 67 0
0.5 0 70 47
0.5 120 70 0
0.5 0 67 41
0.5 120 67 0
0.5 0 70 47
0.5 120 70 0
0.5 0 67 42
0.5 120 67 0
0.5 0 70 47
0.5 120 70 0
0.5 0 67 41
0.5 120 67 0
0.5 0 70 47
0.5 120 70 0
0.5 0 67 42
0.5 120 67 0
0.5 0 68 47
0.5 120 68 0
0.5 0 65 40
0.5 120 65 0
0.5 0 68 47
0.5 120 68 0
0.5 0 65 40
0.5 120 65 0
0.5 0 68 49
0.5 120 68 0
0.5 0 65 43
0.5 120 65 0
0.5 0 68 52
0.5 120 68 0
0.5 0 65 48
0.5 120 65 0
0.5 0 68 57
0.5 120 68 0
0.5 0 65 49
0.5 120 65 0
0.5 0 68 54
0.5 120 68 0
0.5 0 65 42
0.5 120 65 0
0.5 0 68 47
0.5 120 68 0
0.5 0 65 41
0.5 120 65 0
0.5 0 68 47
0.5 120 68 0
0.5 0 65 37
0.5 120 65 0
0.5 0 65 45
0.5 0 61 41
0.5 120 61 0
0.5 0 56 33
0.5 120 56 0
0.5 0 61 41
0.5 120 61 0
0.5 0 56 34
0.5 120 56 0
0.5 0 61 41
0.5 120 61 0
0.5 0 56 33
0.5 120 56 0
0.5 0 65 0
0.5 0 63 42
0.5 0 60 41
0.5 120 60 0
0.5 0 56 34
0.5 120 56 0
0.5 0 63 0
0.5 0 61 41
0.5 0 65 42
0.5 120 61 0
0.5 0 56 34
0.5 120 56 0
0.5 0 65 0
0.5 0 66 42
0.5 120 56 34
0.5 120 56 0
0.5 0 66 0
0.5 0 68 42
0.5 120 56 34
0.5 120 56 0
0.5 0 68 0
0.5 0 60 41
0.5 0 63 42
0.5 120 60 0
0.5 0 56 34
0.5 120 56 0
0.5 0 63 0
0.5 0 65 42
0.5 120 61 34
0.5 120 61 0
0.5 0 65 0
0.5 0 67 46
0.5 120 64 38
0.5 120 64 0
0.5 0 67 0
0.5 0 68 48
0.5 120 65 40
0.5 120 65 0
0.5 0 68 0
0.5 0 70 53
0.5 120 65 46
0.5 120 65 0
0.5 0 70 0
0.5 0 72 55
0.5 120 72 0
0.5 0 64 44
0.5 120 64 0
0.5 0 70 50
0.5 120 70 0
0.5 0 67 42
0.5 120 67 0
0.5 0 64 47
0.5 120 64 0
0.5 360 69 37
0.5 120 69 0
0.5 0 65 27
0.5 120 65 0
0.5 0 69 40
0.5 120 69 0
0.5 0 65 32
0.5 120 65 0
0.5 0 69 41
0.5 120 69 0
0.5 0 65 37
0.5 120 65 0
0.5 0 67 44
0.5 120 67 0
0.5 0 64 39
0.5 120 64 0
0.5 0 69 47
0.5 120 69 0
0.5 0 65 42
0.5 120 65 0
0.5 0 70 45
0.5 120 70 0
0.5 0 67 48
0.5 120 67 0
0.5 0 72 51
0.5 120 72 0
0.5 0 69 48
0.5 120 69 0
0.5 0 67 44
0.5 120 67 0
0.5 0 64 42
0.5 120 64 0
0.5 0 69 37
0.5 120 69 0
0.5 0 65 32
0.5 120 65 0
0.5 0 69 40
0.5 120 69 0
0.5 0 65 34
0.5 120 65 0
0.5 0 69 41
0.5 120 69 0
0.5 0 65 37
0.5 120 65 0
0.5 0 67 44
0.5 120 67 0
0.5 0 64 39
0.5 120 64 0
0.5 0 69 47
0.5 120 69 0
0.5 0 65 42
0.5 120 65 0
0.5 0 70 45
0.5 120 70 0
0.5 0 67 48
0.5 120 67 0
0.5 0 72 51
0.5 120 72 0
0.5 0 69 48
0.5 120 69 0
0.5 0 64 46
0.5 120 64 0
0.5 0 65 44
0.5 120 65 0
0.5 0 74 57
0.5 0 70 41
0.5 120 70 0
0.5 0 65 33
0.5 120 65 0
0.5 0 70 41
0.5 120 70 0
0.5 0 65 34
0.5 120 65 0
0.5 0 70 41
0.5 120 70 0
0.5 0 65 33
0.5 120 65 0
0.5 0 74 0
0.5 0 72 42
0.5 0 69 41
0.5 120 69 0
0.5 0 65 34
0.5 120 65 0
0.5 0 72 0
0.5 0 70 47
0.5 0 74 47
0.5 120 70 0
0.5 0 65 40
0.5 120 65 0
0.5 0 74 0
0.5 0 76 53
0.5 120 65 44
0.5 120 65 0
0.5 0 76 0
0.5 0 77 56
0.5 120 65 46
0.5 120 65 0
0.5 0 77 0
0.5 0 74 51
0.5 120 65 38
0.5 120 65 0
0.5 0 74 0
0.5 0 72 49
0.5 120 65 34
0.5 120 65 0
0.5 0 72 0
0.5 0 69 42
0.5 120 64 34
0.5 120 64 0
0.5 0 69 0
0.5 0 65 49
0.5 240 65 0
0.5 0 62 42
0.5 0 70 42
0.5 120 70 0
0.5 0 62 0
0.5 120 58 49
0.5 0 64 53
0.5 480 64 0
0.5 0 58 0
0.5 0 57 41
0.5 0 65 45
0.5 240 65 0
0.5 0 57 0
0.5 240 70 47
0.5 120 70 0
0.5 0 67 40
0.5 120 67 0
0.5 0 70 47
0.5 120 70 0
0.5 0 67 40
0.5 120 67 0
0.5 0 70 47
0.5 120 70 0
0.5 0 67 41
0.5 120 67 0
0.5 0 70 47
0.5 120 70 0
0.5 0 67 42
0.5 120 67 0
0.5 0 70 47
0.5 120 70 0
0.5 0 67 41
0.5 120 67 0
0.5 0 70 47
0.5 120 70 0
0.5 0 67 42
0.5 120 67 0
0.5 0 70 47
0.5 120 70 0
0.5 0 67 41
0.5 120 67 0
0.5 0 70 47
0.5 120 70 0
0.5 0 67 42
0.5 120 67 0
0.5 0 68 47
0.5 120 68 0
0.5 0 65 40
0.5 120 65 0
0.5 0 68 47
0.5 120 68 0
0.5 0 65 40
0.5 120 65 0
0.5 0 68 49
0.5 120 68 0
0.5 0 65 43
0.5 120 65 0
0.5 0 68 52
0.5 120 68 0
0.5 0 65 48
0.5 120 65 0
0.5 0 68 57
0.5 120 68 0
0.5 0 65 49
0.5 120 65 0
0.5 0 68 54
0.5 120 68 0
0.5 0 65 42
0.5 120 65 0
0.5 0 68 47
0.5 120 68 0
0.5 0 65 41
0.5 120 65 0
0.5 0 68 47
0.5 120 68 0
0.5 0 65 37
0.5 120 65 0
0.5 0 65 45
0.5 0 61 41
0.5 120 61 0
0.5 0 56 33
0.5 120 56 0
0.5 0 61 41
0.5 120 61 0
0.5 0 56 34
0.5 120 56 0
0.5 0 61 41
0.5 120 61 0
0.5 0 56 33
0.5 120 56 0
0.5 0 65 0
0.5 0 63 42
0.5 0 60 41
0.5 120 60 0
0.5 0 56 34
0.5 120 56 0
0.5 0 63 0
0.5 0 61 41
0.5 0 65 42
0.5 120 61 0
0.5 0 56 34
0.5 120 56 0
0.5 0 65 0
0.5 0 66 42
0.5 120 56 34
0.5 120 56 0
0.5 0 66 0
0.5 0 68 42
0.5 120 56 34
0.5 120 56 0
0.5 0 68 0
0.5 0 60 41
0.5 0 63 42
0.5 120 60 0
0.5 0 56 34
0.5 120 56 0
0.5 0 63 0
0.5 0 65 42
0.5 120 61 34
0.5 120 61 0
0.5 0 65 0
0.5 0 67 46
0.5 120 64 38
0.5 120 64 0
0.5 0 67 0
0.5 0 68 48
0.5 120 65 40
0.5 120 65 0
0.5 0 68 0
0.5 0 70 53
0.5 120 65 46
0.5 120 65 0
0.5 0 70 0
0.5 0 72 55
0.5 120 72 0
0.5 0 64 44
0.5 120 64 0
0.5 0 70 50
0.5 120 70 0
0.5 0 67 42
0.5 120 67 0
0.5 0 64 47
0.5 120 64 0
0.5 360 69 37
0.5 120 69 0
0.5 0 65 27
0.5 120 65 0
0.5 0 69 40
0.5 120 69 0
0.5 0 65 32
0.5 120 65 0
0.5 0 69 41
0.5 120 69 0
0.5 0 65 37
0.5 120 65 0
0.5 0 67 44
0.5 120 67 0
0.5 0 64 39
0.5 120 64 0
0.5 0 69 47
0.5 120 69 0
0.5 0 65 42
0.5 120 65 0
0.5 0 70 45
0.5 120 70 0
0.5 0 67 48
0.5 120 67 0
0.5 0 72 51
0.5 120 72 0
0.5 0 69 48
0.5 120 69 0
0.5 0 67 44
0.5 120 67 0
0.5 0 64 42
0.5 120 64 0
0.5 0 69 37
0.5 120 69 0
0.5 0 65 32
0.5 120 65 0
0.5 0 69 40
0.5 120 69 0
0.5 0 65 34
0.5 120 65 0
0.5 0 69 41
0.5 120 69 0
0.5 0 65 37
0.5 120 65 0
0.5 0 67 44
0.5 120 67 0
0.5 0 64 39
0.5 120 64 0
0.5 0 69 47
0.5 120 69 0
0.5 0 65 42
0.5 120 65 0
0.5 0 70 45
0.5 120 70 0
0.5 0 67 48
0.5 120 67 0
0.5 0 72 51
0.5 120 72 0
0.5 0 69 48
0.5 120 69 0
0.5 0 64 46
0.5 120 64 0
0.5 0 65 44
0.5 120 65 0
0.5 0 74 57
0.5 0 70 41
0.5 120 70 0
0.5 0 65 33
0.5 120 65 0
0.5 0 70 41
0.5 120 70 0
0.5 0 65 34
0.5 120 65 0
0.5 0 70 41
0.5 120 70 0
0.5 0 65 33
0.5 120 65 0
0.5 0 74 0
0.5 0 72 42
0.5 0 69 41
0.5 120 69 0
0.5 0 65 34
0.5 120 65 0
0.5 0 72 0
0.5 0 70 47
0.5 0 74 47
0.5 120 70 0
0.5 0 65 40
0.5 120 65 0
0.5 0 74 0
0.5 0 76 53
0.5 120 65 44
0.5 120 65 0
0.5 0 76 0
0.5 0 77 56
0.5 120 65 46
0.5 120 65 0
0.5 0 77 0
0.5 0 74 51
0.5 120 65 38
0.5 120 65 0
0.5 0 74 0
0.5 0 72 49
0.5 120 65 34
0.5 120 65 0
0.5 0 72 0
0.5 0 69 42
0.5 120 64 34
0.5 120 64 0
0.5 0 69 0
0.5 0 65 49
0.5 240 65 0
0.5 0 62 42
0.5 0 70 42
0.5 120 70 0
0.5 0 62 0
0.5 120 58 49
0.5 0 64 53
0.5 480 64 0
0.5 0 58 0
0.5 0 57 41
0.5 0 65 45
0.5 240 65 0
0.5 0 57 0
0.5 240 45 77
0.5 120 45 0
0.5 0 47 69
0.5 120 47 0
0.5 0 45 74
0.5 120 45 0
0.5 0 47 69
0.5 120 47 0
0.5 0 48 78
0.5 120 48 0
0.5 0 47 69
0.5 120 47 0
0.5 0 48 77
0.5 120 48 0
0.5 0 47 69
0.5 120 47 0
0.5 0 45 80
0.5 240 45 0
0.5 0 47 69
0.5 120 47 0
0.5 120 48 79
0.5 240 48 0
0.5 0 52 69
0.5 120 52 0
0.5 120 57 79
0.5 240 57 0
0.5 0 59 69
0.5 120 59 0
0.5 120 60 79
0.5 240 60 0
0.5 0 64 69
0.5 120 64 0
0.5 120 64 62
0.5 0 68 62
0.5 0 71 74
0.5 240 71 0
0.5 0 68 0
0.5 0 64 0
0.5 0 64 59
0.5 0 68 59
0.5 0 71 70
0.5 240 71 0
0.5 0 68 0
0.5 0 64 0
0.5 0 64 68
0.5 0 69 68
0.5 0 72 80
0.5 480 72 0
0.5 0 69 0
0.5 0 64 0
0.5 0 45 77
0.5 120 45 0
0.5 0 47 69
0.5 120 47 0
0.5 0 45 74
0.5 120 45 0
0.5 0 47 69
0.5 120 47 0
0.5 0 48 78
0.5 120 48 0
0.5 0 47 69
0.5 120 47 0
0.5 0 48 77
0.5 120 48 0
0.5 0 47 69
0.5 120 47 0
0.5 0 45 80
0.5 240 45 0
0.5 0 47 69
0.5 120 47 0
0.5 120 48 79
0.5 240 48 0
0.5 0 52 69
0.5 120 52 0
0.5 120 57 79
0.5 240 57 0
0.5 0 59 69
0.5 120 59 0
0.5 120 60 79
0.5 240 60 0
0.5 0 64 69
0.5 120 64 0
0.5 120 64 62
0.5 0 68 62
0.5 0 71 74
0.5 240 71 0
0.5 0 68 0
0.5 0 64 0
0.5 0 64 59
0.5 0 68 59
0.5 0 71 70
0.5 240 71 0
0.5 0 68 0
0.5 0 64 0
0.5 0 69 82
0.5 480 69 0
0.5 0 58 77
0.5 120 58 0
0.5 0 57 69
0.5 120 57 0
0.5 0 58 74
0.5 120 58 0
0.5 0 57 69
0.5 120 57 0
0.5 0 55 78
0.5 120 55 0
0.5 0 57 69
0.5 120 57 0
0.5 0 55 77
0.5 120 55 0
0.5 0 57 69
0.5 120 57 0
0.5 0 58 80
0.5 240 58 0
0.5 0 55 69
0.5 120 55 0
0.5 120 55 79
0.5 240 55 0
0.5 0 52 69
0.5 120 52 0
0.5 120 67 67
0.5 0 70 79
0.5 240 70 0
0.5 0 67 0
0.5 0 64 58
0.5 0 67 69
0.5 120 67 0
0.5 0 64 0
0.5 120 64 67
0.5 0 67 79
0.5 240 67 0
0.5 0 64 0
0.5 0 64 69
0.5 0 61 58
0.5 120 61 0
0.5 0 64 0
0.5 120 64 74
0.5 0 61 62
0.5 0 57 62
0.5 240 57 0
0.5 0 61 0
0.5 0 64 0
0.5 0 64 70
0.5 0 61 59
0.5 0 57 59
0.5 240 57 0
0.5 0 61 0
0.5 0 64 0
0.5 0 65 80
0.5 0 62 68
0.5 0 57 68
0.5 480 57 0
0.5 0 62 0
0.5 0 65 0
0.5 0 60 77
0.5 120 60 0
0.5 0 59 69
0.5 120 59 0
0.5 0 60 74
0.5 120 60 0
0.5 0 59 69
0.5 120 59 0
0.5 0 57 78
0.5 120 57 0
0.5 0 59 69
0.5 120 59 0
0.5 0 57 77
0.5 120 57 0
0.5 0 59 69
0.5 120 59 0
0.5 0 60 80
0.5 240 60 0
0.5 0 57 69
0.5 120 57 0
0.5 120 57 79
0.5 240 57 0
0.5 0 54 69
0.5 120 54 0
0.5 120 69 67
0.5 0 72 79
0.5 240 72 0
0.5 0 69 0
0.5 0 66 58
0.5 0 69 69
0.5 120 69 0
0.5 0 66 0
0.5 120 66 67
0.5 0 69 79
0.5 240 69 0
0.5 0 66 0
0.5 0 66 69
0.5 0 63 58
0.5 120 63 0
0.5 0 66 0
0.5 120 66 74
0.5 0 63 74
0.5 240 63 0
0.5 0 66 0
0.5 0 66 70
0.5 0 63 70
0.5 240 63 0
0.5 0 66 0
0.5 0 68 80
0.5 0 64 68
0.5 0 59 68
0.5 480 59 0
0.5 0 64 0
0.5 0 68 0
0.5 0 57 84
0.5 120 57 0
0.5 0 59 75
0.5 120 59 0
0.5 0 57 81
0.5 120 57 0
0.5 0 59 75
0.5 120 59 0
0.5 0 60 85
0.5 120 60 0
0.5 0 59 75
0.5 120 59 0
0.5 0 60 84
0.5 120 60 0
0.5 0 59 75
0.5 120 59 0
0.5 0 57 88
0.5 240 57 0
0.5 0 59 75
0.5 120 59 0
0.5 120 60 86
0.5 240 60 0
0.5 0 64 75
0.5 120 64 0
0.5 120 69 86
0.5 240 69 0
0.5 0 71 75
0.5 120 71 0
0.5 120 72 86
0.5 240 72 0
0.5 0 76 75
0.5 120 76 0
0.5 120 64 73
0.5 0 68 73
0.5 0 71 86
0.5 240 71 0
0.5 0 68 0
0.5 0 64 0
0.5 0 64 68
0.5 0 68 68
0.5 0 71 81
0.5 240 71 0
0.5 0 68 0
0.5 0 64 0
0.5 0 64 68
0.5 0 69 68
0.5 0 72 81
0.5 240 72 0
0.5 0 69 0
0.5 0 64 0
0.5 0 64 72
0.5 0 67 72
0.5 0 69 72
0.5 0 73 85
0.5 240 73 0
0.5 0 64 0
0.5 0 67 0
0.5 0 69 0
0.5 0 65 77
0.5 0 69 77
0.5 0 74 91
0.5 480 74 0
0.5 0 69 0
0.5 0 65 0
0.5 0 65 81
0.5 120 65 0
0.5 0 64 72
0.5 120 64 0
0.5 0 65 80
0.5 120 65 0
0.5 0 64 72
0.5 120 64 0
0.5 0 62 84
0.5 240 62 0
0.5 0 64 72
0.5 120 64 0
0.5 120 65 82
0.5 240 65 0
0.5 0 69 72
0.5 120 69 0
0.5 120 74 82
0.5 240 74 0
0.5 0 76 72
0.5 120 76 0
0.5 120 77 82
0.5 240 77 0
0.5 0 81 72
0.5 120 81 0
0.5 120 71 71
0.5 0 76 71
0.5 0 80 85
0.5 240 80 0
0.5 0 76 0
0.5 0 71 0
0.5 0 71 67
0.5 0 76 67
0.5 0 80 80
0.5 240 80 0
0.5 0 76 0
0.5 0 71 0
0.5 0 72 77
0.5 0 76 77
0.5 0 81 92
0.5 480 81 0
0.5 0 76 0
0.5 0 72 0
1 0 0 0
0.5 0 33 67
0.5 120 33 0
0.5 0 35 60
0.5 120 35 0
0.5 0 33 65
0.5 120 33 0
0.5 0 35 60
0.5 120 35 0
0.5 0 36 68
0.5 120 36 0
0.5 0 35 60
0.5 120 35 0
0.5 0 36 67
0.5 120 36 0
0.5 0 35 60
0.5 120 35 0
0.5 0 33 70
0.5 240 33 0
0.5 0 35 60
0.5 120 35 0
0.5 120 36 69
0.5 240 36 0
0.5 0 40 60
0.5 120 40 0
0.5 120 45 69
0.5 240 45 0
0.5 0 47 60
0.5 120 47 0
0.5 120 48 69
0.5 240 48 0
0.5 0 52 60
0.5 120 52 0
0.5 120 52 67
0.5 228 52 0
0.5 12 52 60
0.5 228 52 0
0.5 12 57 70
0.5 480 57 0
0.5 0 33 67
0.5 120 33 0
0.5 0 35 60
0.5 120 35 0
0.5 0 33 65
0.5 120 33 0
0.5 0 35 60
0.5 120 35 0
0.5 0 36 68
0.5 120 36 0
0.5 0 35 60
0.5 120 35 0
0.5 0 36 67
0.5 120 36 0
0.5 0 35 60
0.5 120 35 0
0.5 0 33 70
0.5 240 33 0
0.5 0 35 60
0.5 120 35 0
0.5 120 36 69
0.5 240 36 0
0.5 0 40 60
0.5 120 40 0
0.5 120 45 69
0.5 240 45 0
0.5 0 47 60
0.5 120 47 0
0.5 120 48 69
0.5 240 48 0
0.5 0 52 60
0.5 120 52 0
0.5 120 52 67
0.5 228 52 0
0.5 12 52 60
0.5 228 52 0
0.5 12 57 70
0.5 480 57 0
0.5 0 46 67
0.5 120 46 0
0.5 0 45 60
0.5 120 45 0
0.5 0 46 65
0.5 120 46 0
0.5 0 45 60
0.5 120 45 0
0.5 0 43 68
0.5 120 43 0
0.5 0 45 60
0.5 120 45 0
0.5 0 43 67
0.5 120 43 0
0.5 0 45 60
0.5 120 45 0
0.5 0 46 70
0.5 240 46 0
0.5 0 43 60
0.5 120 43 0
0.5 120 43 69
0.5 240 43 0
0.5 0 40 60
0.5 120 40 0
0.5 120 37 69
0.5 240 37 0
0.5 0 40 60
0.5 120 40 0
0.5 120 40 69
0.5 240 40 0
0.5 0 43 60
0.5 120 43 0
0.5 120 45 67
0.5 228 45 0
0.5 12 45 60
0.5 228 45 0
0.5 12 50 70
0.5 480 50 0
0.5 0 48 67
0.5 120 48 0
0.5 0 47 60
0.5 120 47 0
0.5 0 48 65
0.5 120 48 0
0.5 0 47 60
0.5 120 47 0
0.5 0 45 68
0.5 120 45 0
0.5 0 47 60
0.5 120 47 0
0.5 0 45 67
0.5 120 45 0
0.5 0 47 60
0.5 120 47 0
0.5 0 48 70
0.5 240 48 0
0.5 0 45 60
0.5 120 45 0
0.5 120 45 69
0.5 240 45 0
0.5 0 42 60
0.5 120 42 0
0.5 120 39 69
0.5 240 39 0
0.5 0 42 60
0.5 120 42 0
0.5 120 42 69
0.5 240 42 0
0.5 0 45 60
0.5 120 45 0
0.5 120 47 67
0.5 240 47 0
0.5 0 47 60
0.5 240 47 0
0.5 0 52 70
0.5 480 52 0
0.5 0 45 73
0.5 120 45 0
0.5 0 47 66
0.5 120 47 0
0.5 0 45 71
0.5 120 45 0
0.5 0 47 66
0.5 120 47 0
0.5 0 48 74
0.5 120 48 0
0.5 0 47 66
0.5 120 47 0
0.5 0 48 73
0.5 120 48 0
0.5 0 47 66
0.5 120 47 0
0.5 0 45 77
0.5 240 45 0
0.5 0 47 66
0.5 120 47 0
0.5 120 48 75
0.5 240 48 0
0.5 0 52 66
0.5 120 52 0
0.5 120 57 75
0.5 240 57 0
0.5 0 59 66
0.5 120 59 0
0.5 120 60 75
0.5 240 60 0
0.5 0 64 66
0.5 120 64 0
0.5 120 52 79
0.5 228 52 0
0.5 12 52 69
0.5 228 52 0
0.5 12 57 80
0.5 228 57 0
0.5 12 45 72
0.5 228 45 0
0.5 12 50 86
0.5 120 50 0
0.5 0 52 73
0.5 120 52 0
0.5 0 50 78
0.5 120 50 0
0.5 0 52 69
0.5 120 52 0
0.5 0 53 71
0.5 120 53 0
0.5 0 52 63
0.5 120 52 0
0.5 0 53 70
0.5 120 53 0
0.5 0 52 63
0.5 120 52 0
0.5 0 50 73
0.5 240 50 0
0.5 0 52 63
0.5 120 52 0
0.5 120 53 72
0.5 240 53 0
0.5 0 57 63
0.5 120 57 0
0.5 120 62 72
0.5 240 62 0
0.5 0 64 63
0.5 120 64 0
0.5 120 65 72
0.5 240 65 0
0.5 0 69 63
0.5 120 69 0
0.5 120 64 70
0.5 228 64 0
0.5 12 64 63
0.5 228 64 0
0.5 12 69 73
0.5 480 69 0
0.5 0 46 67
0.5 120 46 0
0.5 0 45 60
0.5 120 45 0
0.5 0 46 65
0.5 120 46 0
0.5 0 45 60
0.5 120 45 0
0.5 0 43 68
0.5 120 43 0
0.5 0 45 60
0.5 120 45 0
0.5 0 43 67
0.5 120 43 0
0.5 0 45 60
0.5 120 45 0
0.5 0 46 70
0.5 240 46 0
0.5 0 43 60
0.5 120 43 0
0.5 120 43 69
0.5 240 43 0
0.5 0 40 60
0.5 120 40 0
0.5 120 37 69
0.5 240 37 0
0.5 0 40 60
0.5 120 40 0
0.5 120 40 69
0.5 240 40 0
0.5 0 43 60
0.5 120 43 0
0.5 120 45 67
0.5 228 45 0
0.5 12 45 60
0.5 228 45 0
0.5 12 50 70
0.5 480 50 0
0.5 0 48 67
0.5 120 48 0
0.5 0 47 60
0.5 120 47 0
0.5 0 48 65
0.5 120 48 0
0.5 0 47 60
0.5 120 47 0
0.5 0 45 68
0.5 120 45 0
0.5 0 47 60
0.5 120 47 0
0.5 0 45 67
0.5 120 45 0
0.5 0 47 60
0.5 120 47 0
0.5 0 48 70
0.5 240 48 0
0.5 0 45 60
0.5 120 45 0
0.5 120 45 69
0.5 240 45 0
0.5 0 42 60
0.5 120 42 0
0.5 120 39 69
0.5 240 39 0
0.5 0 42 60
0.5 120 42 0
0.5 120 42 69
0.5 240 42 0
0.5 0 45 60
0.5 120 45 0
0.5 120 47 67
0.5 228 47 0
0.5 12 47 60
0.5 228 47 0
0.5 12 52 70
0.5 480 52 0
0.5 0 45 73
0.5 120 45 0
0.5 0 47 66
0.5 120 47 0
0.5 0 45 71
0.5 120 45 0
0.5 0 47 66
0.5 120 47 0
0.5 0 48 74
0.5 120 48 0
0.5 0 47 66
0.5 120 47 0
0.5 0 48 73
0.5 120 48 0
0.5 0 47 66
0.5 120 47 0
0.5 0 45 77
0.5 240 45 0
0.5 0 47 66
0.5 120 47 0
0.5 120 48 75
0.5 240 48 0
0.5 0 52 66
0.5 120 52 0
0.5 120 57 75
0.5 240 57 0
0.5 0 59 66
0.5 120 59 0
0.5 120 60 75
0.5 240 60 0
0.5 0 64 66
0.5 120 64 0
0.5 120 52 79
0.5 228 52 0
0.5 12 52 69
0.5 228 52 0
0.5 12 57 80
0.5 228 57 0
0.5 12 45 72
0.5 228 45 0
0.5 12 50 86
0.5 120 50 0
0.5 0 52 73
0.5 120 52 0
0.5 0 50 78
0.5 120 50 0
0.5 0 52 69
0.5 120 52 0
0.5 0 53 71
0.5 120 53 0
0.5 0 52 63
0.5 120 52 0
0.5 0 53 70
0.5 120 53 0
0.5 0 52 63
0.5 120 52 0
0.5 0 50 73
0.5 240 50 0
0.5 0 52 63
0.5 120 52 0
0.5 120 53 72
0.5 240 53 0
0.5 0 57 63
0.5 120 57 0
0.5 120 62 72
0.5 240 62 0
0.5 0 64 63
0.5 120 64 0
0.5 120 65 72
0.5 240 65 0
0.5 0 69 63
0.5 120 69 0
0.5 120 64 70
0.5 228 64 0
0.5 12 64 63
0.5 228 64 0
0.5 12 69 73
0.5 480 69 0
0.5 0 53 34
0.5 120 53 0
0.5 0 57 27
0.5 120 57 0
0.5 0 53 35
0.5 120 53 0
0.5 0 57 27
0.5 120 57 0
0.5 0 53 36
0.5 120 53 0
0.5 0 57 32
0.5 120 57 0
0.5 0 48 38
0.5 120 48 0
0.5 0 55 31
0.5 120 55 0
0.5 0 53 40
0.5 120 53 0
0.5 0 57 36
0.5 120 57 0
0.5 0 55 40
0.5 120 55 0
0.5 0 58 35
0.5 120 58 0
0.5 0 57 44
0.5 120 57 0
0.5 0 60 40
0.5 120 60 0
0.5 0 48 36
0.5 120 48 0
0.5 0 55 36
0.5 120 55 0
0.5 0 53 34
0.5 120 53 0
0.5 0 57 28
0.5 120 57 0
0.5 0 53 35
0.5 120 53 0
0.5 0 57 29
0.5 120 57 0
0.5 0 53 36
0.5 120 53 0
0.5 0 57 31
0.5 120 57 0
0.5 0 48 38
0.5 120 48 0
0.5 0 55 31
0.5 120 55 0
0.5 0 53 40
0.5 120 53 0
0.5 0 57 36
0.5 120 57 0
0.5 0 55 40
0.5 120 55 0
0.5 0 58 35
0.5 120 58 0
0.5 0 57 44
0.5 120 57 0
0.5 0 60 40
0.5 120 60 0
0.5 0 55 48
0.5 120 55 0
0.5 0 59 43
0.5 120 59 0
0.5 0 60 50
0.5 120 60 0
0.5 0 64 41
0.5 120 64 0
0.5 0 60 40
0.5 120 60 0
0.5 0 64 33
0.5 120 64 0
0.5 0 60 40
0.5 120 60 0
0.5 0 64 35
0.5 120 64 0
0.5 0 55 40
0.5 120 55 0
0.5 0 62 32
0.5 120 62 0
0.5 0 60 40
0.5 120 60 0
0.5 0 64 36
0.5 120 64 0
0.5 0 62 40
0.5 120 62 0
0.5 0 65 35
0.5 120 65 0
0.5 0 64 44
0.5 120 64 0
0.5 0 67 37
0.5 120 67 0
0.5 0 55 38
0.5 120 55 0
0.5 0 62 40
0.5 120 62 0
0.5 0 60 44
0.5 120 60 0
0.5 0 64 33
0.5 120 64 0
0.5 0 60 39
0.5 120 60 0
0.5 0 64 33
0.5 120 64 0
0.5 0 60 40
0.5 120 60 0
0.5 0 64 35
0.5 120 64 0
0.5 0 55 40
0.5 120 55 0
0.5 0 62 32
0.5 120 62 0
0.5 0 60 40
0.5 120 60 0
0.5 0 64 36
0.5 120 64 0
0.5 0 62 40
0.5 120 62 0
0.5 0 65 35
0.5 120 65 0
0.5 0 64 44
0.5 240 64 0
0.5 240 53 34
0.5 120 53 0
0.5 0 57 29
0.5 120 57 0
0.5 0 53 35
0.5 120 53 0
0.5 0 57 29
0.5 120 57 0
0.5 0 53 36
0.5 120 53 0
0.5 0 57 32
0.5 120 57 0
0.5 0 48 38
0.5 120 48 0
0.5 0 55 31
0.5 120 55 0
0.5 0 53 40
0.5 120 53 0
0.5 0 57 36
0.5 120 57 0
0.5 0 55 40
0.5 120 55 0
0.5 0 58 35
0.5 120 58 0
0.5 0 57 44
0.5 120 57 0
0.5 0 60 40
0.5 120 60 0
0.5 0 48 38
0.5 120 48 0
0.5 0 55 36
0.5 120 55 0
0.5 0 53 34
0.5 120 53 0
0.5 0 57 29
0.5 120 57 0
0.5 0 53 35
0.5 120 53 0
0.5 0 57 29
0.5 120 57 0
0.5 0 53 36
0.5 120 53 0
0.5 0 57 32
0.5 120 57 0
0.5 0 48 38
0.5 120 48 0
0.5 0 55 31
0.5 120 55 0
0.5 0 53 40
0.5 120 53 0
0.5 0 57 36
0.5 120 57 0
0.5 0 55 40
0.5 120 55 0
0.5 0 58 35
0.5 120 58 0
0.5 0 57 44
0.5 120 57 0
0.5 0 60 40
0.5 120 60 0
0.5 0 55 48
0.5 120 55 0
0.5 0 59 43
0.5 120 59 0
0.5 0 60 50
0.5 120 60 0
0.5 0 64 41
0.5 120 64 0
0.5 0 60 40
0.5 120 60 0
0.5 0 64 33
0.5 120 64 0
0.5 0 60 40
0.5 120 60 0
0.5 0 64 35
0.5 120 64 0
0.5 0 55 40
0.5 120 55 0
0.5 0 62 32
0.5 120 62 0
0.5 0 60 40
0.5 120 60 0
0.5 0 64 36
0.5 120 64 0
0.5 0 62 40
0.5 120 62 0
0.5 0 65 35
0.5 120 65 0
0.5 0 64 44
0.5 120 64 0
0.5 0 67 37
0.5 120 67 0
0.5 0 55 38
0.5 120 55 0
0.5 0 62 40
0.5 120 62 0
0.5 0 60 44
0.5 120 60 0
0.5 0 64 33
0.5 120 64 0
0.5 0 60 39
0.5 120 60 0
0.5 0 64 33
0.5 120 64 0
0.5 0 60 40
0.5 120 60 0
0.5 0 64 35
0.5 120 64 0
0.5 0 55 40
0.5 120 55 0
0.5 0 62 32
0.5 120 62 0
0.5 0 60 40
0.5 120 60 0
0.5 0 64 36
0.5 120 64 0
0.5 0 62 40
0.5 120 62 0
0.5 0 65 35
0.5 120 65 0
0.5 0 64 44
0.5 240 64 0
0.5 240 36 78
0.5 720 36 0
0.5 0 37 58
0.5 240 37 0
0.5 0 36 70
0.5 240 36 0
0.5 0 44 61
0.5 240 44 0
0.5 0 43 66
0.5 480 43 0
0.5 0 36 80
0.5 720 36 0
0.5 0 37 66
0.5 240 37 0
0.5 0 36 78
0.5 240 36 0
0.5 0 46 66
0.5 240 46 0
0.5 0 44 76
0.5 480 44 0
0.5 0 49 46
0.5 720 49 0
0.5 0 44 43
0.5 240 44 0
0.5 0 49 46
0.5 240 49 0
0.5 0 51 42
0.5 240 51 0
0.5 0 53 46
0.5 240 53 0
0.5 0 44 43
0.5 240 44 0
0.5 0 49 46
0.5 240 49 0
0.5 0 49 47
0.5 0 52 47
0.5 240 52 0
0.5 0 49 0
0.5 0 49 53
0.5 0 53 53
0.5 228 53 0
0.5 0 49 0
0.5 12 49 59
0.5 0 53 59
0.5 228 53 0
0.5 0 49 0
0.5 12 48 65
0.5 0 55 65
0.5 240 55 0
0.5 0 48 0
0.5 360 60 47
0.5 120 60 0
0.5 0 58 46
0.5 120 58 0
0.5 0 55 45
0.5 120 55 0
0.5 0 53 34
0.5 120 53 0
0.5 0 57 29
0.5 120 57 0
0.5 0 53 35
0.5 120 53 0
0.5 0 57 29
0.5 120 57 0
0.5 0 53 36
0.5 120 53 0
0.5 0 57 32
0.5 120 57 0
0.5 0 48 38
0.5 120 48 0
0.5 0 55 31
0.5 120 55 0
0.5 0 53 40
0.5 120 53 0
0.5 0 57 36
0.5 120 57 0
0.5 0 55 40
0.5 120 55 0
0.5 0 58 35
0.5 120 58 0
0.5 0 57 44
0.5 120 57 0
0.5 0 60 40
0.5 120 60 0
0.5 0 48 39
0.5 120 48 0
0.5 0 55 39
0.5 120 55 0
0.5 0 53 34
0.5 120 53 0
0.5 0 57 29
0.5 120 57 0
0.5 0 53 35
0.5 120 53 0
0.5 0 57 29
0.5 120 57 0
0.5 0 53 36
0.5 120 53 0
0.5 0 57 32
0.5 120 57 0
0.5 0 48 38
0.5 120 48 0
0.5 0 55 31
0.5 120 55 0
0.5 0 53 40
0.5 120 53 0
0.5 0 57 36
0.5 120 57 0
0.5 0 55 40
0.5 120 55 0
0.5 0 58 35
0.5 120 58 0
0.5 0 57 44
0.5 120 57 0
0.5 0 60 40
0.5 120 60 0
0.5 0 53 39
0.5 120 53 0
0.5 0 57 39
0.5 120 57 0
0.5 0 58 50
0.5 720 58 0
0.5 0 53 43
0.5 240 53 0
0.5 0 58 46
0.5 240 58 0
0.5 0 60 47
0.5 240 60 0
0.5 0 62 51
0.5 240 62 0
0.5 0 58 47
0.5 240 58 0
0.5 0 57 46
0.5 240 57 0
0.5 0 60 41
0.5 240 60 0
0.5 0 62 44
0.5 240 62 0
0.5 0 55 38
0.5 120 55 0
0.5 120 48 40
0.5 480 48 0
0.5 0 53 37
0.5 240 53 0
0.5 240 36 78
0.5 720 36 0
0.5 0 37 58
0.5 240 37 0
0.5 0 36 70
0.5 240 36 0
0.5 0 44 61
0.5 240 44 0
0.5 0 43 66
0.5 480 43 0
0.5 0 36 80
0.5 720 36 0
0.5 0 37 66
0.5 240 37 0
0.5 0 36 78
0.5 240 36 0
0.5 0 46 66
0.5 240 46 0
0.5 0 44 76
0.5 480 44 0
0.5 0 49 46
0.5 720 49 0
0.5 0 44 43
0.5 240 44 0
0.5 0 49 46
0.5 240 49 0
0.5 0 51 42
0.5 240 51 0
0.5 0 53 46
0.5 240 53 0
0.5 0 44 43
0.5 240 44 0
0.5 0 49 46
0.5 240 49 0
0.5 0 49 47
0.5 0 52 47
0.5 240 52 0
0.5 0 49 0
0.5 0 49 53
0.5 0 53 53
0.5 228 53 0
0.5 0 49 0
0.5 12 49 59
0.5 0 53 59
0.5 228 53 0
0.5 0 49 0
0.5 12 48 65
0.5 0 55 65
0.5 240 55 0
0.5 0 48 0
0.5 360 60 47
0.5 120 60 0
0.5 0 58 46
0.5 120 58 0
0.5 0 55 45
0.5 120 55 0
0.5 0 53 34
0.5 120 53 0
0.5 0 57 29
0.5 120 57 0
0.5 0 53 35
0.5 120 53 0
0.5 0 57 29
0.5 120 57 0
0.5 0 53 36
0.5 120 53 0
0.5 0 57 32
0.5 120 57 0
0.5 0 48 38
0.5 120 48 0
0.5 0 55 31
0.5 120 55 0
0.5 0 53 40
0.5 120 53 0
0.5 0 57 36
0.5 120 57 0
0.5 0 55 40
0.5 120 55 0
0.5 0 58 35
0.5 120 58 0
0.5 0 57 44
0.5 120 57 0
0.5 0 60 40
0.5 120 60 0
0.5 0 48 39
0.5 120 48 0
0.5 0 55 39
0.5 120 55 0
0.5 0 53 34
0.5 120 53 0
0.5 0 57 29
0.5 120 57 0
0.5 0 53 35
0.5 120 53 0
0.5 0 57 29
0.5 120 57 0
0.5 0 53 36
0.5 120 53 0
0.5 0 57 32
0.5 120 57 0
0.5 0 48 38
0.5 120 48 0
0.5 0 55 31
0.5 120 55 0
0.5 0 53 40
0.5 120 53 0
0.5 0 57 36
0.5 120 57 0
0.5 0 55 40
0.5 120 55 0
0.5 0 58 35
0.5 120 58 0
0.5 0 57 44
0.5 120 57 0
0.5 0 60 40
0.5 120 60 0
0.5 0 53 39
0.5 120 53 0
0.5 0 57 39
0.5 120 57 0
0.5 0 58 50
0.5 720 58 0
0.5 0 53 43
0.5 240 53 0
0.5 0 58 46
0.5 240 58 0
0.5 0 60 47
0.5 240 60 0
0.5 0 62 51
0.5 240 62 0
0.5 0 58 47
0.5 240 58 0
0.5 0 57 46
0.5 240 57 0
0.5 0 60 41
0.5 240 60 0
0.5 0 62 44
0.5 240 62 0
0.5 0 55 38
0.5 120 55 0
0.5 120 48 40
0.5 480 48 0
0.5 0 53 37
0.5 240 53 0
0.5 240 33 67
0.5 120 33 0
0.5 0 35 60
0.5 120 35 0
0.5 0 33 65
0.5 120 33 0
0.5 0 35 60
0.5 120 35 0
0.5 0 36 68
0.5 120 36 0
0.5 0 35 60
0.5 120 35 0
0.5 0 36 67
0.5 120 36 0
0.5 0 35 60
0.5 120 35 0
0.5 0 33 70
0.5 240 33 0
0.5 0 35 60
0.5 120 35 0
0.5 120 36 69
0.5 240 36 0
0.5 0 40 60
0.5 120 40 0
0.5 120 45 69
0.5 240 45 0
0.5 0 47 60
0.5 120 47 0
0.5 120 48 69
0.5 240 48 0
0.5 0 52 60
0.5 120 52 0
0.5 120 52 67
0.5 240 52 0
0.5 0 52 60
0.5 240 52 0
0.5 0 57 70
0.5 480 57 0
0.5 0 33 67
0.5 120 33 0
0.5 0 35 60
0.5 120 35 0
0.5 0 33 65
0.5 120 33 0
0.5 0 35 60
0.5 120 35 0
0.5 0 36 68
0.5 120 36 0
0.5 0 35 60
0.5 120 35 0
0.5 0 36 67
0.5 120 36 0
0.5 0 35 60
0.5 120 35 0
0.5 0 33 70
0.5 240 33 0
0.5 0 35 60
0.5 120 35 0
0.5 120 36 69
0.5 240 36 0
0.5 0 40 60
0.5 120 40 0
0.5 120 45 69
0.5 240 45 0
0.5 0 47 60
0.5 120 47 0
0.5 120 48 69
0.5 240 48 0
0.5 0 52 60
0.5 120 52 0
0.5 120 52 67
0.5 240 52 0
0.5 0 52 60
0.5 240 52 0
0.5 0 57 70
0.5 480 57 0
0.5 0 46 67
0.5 120 46 0
0.5 0 45 60
0.5 120 45 0
0.5 0 46 65
0.5 120 46 0
0.5 0 45 60
0.5 120 45 0
0.5 0 43 68
0.5 120 43 0
0.5 0 45 60
0.5 120 45 0
0.5 0 43 67
0.5 120 43 0
0.5 0 45 60
0.5 120 45 0
0.5 0 46 70
0.5 240 46 0
0.5 0 43 60
0.5 120 43 0
0.5 120 43 69
0.5 240 43 0
0.5 0 40 60
0.5 120 40 0
0.5 120 37 69
0.5 240 37 0
0.5 0 40 60
0.5 120 40 0
0.5 120 40 69
0.5 240 40 0
0.5 0 43 60
0.5 120 43 0
0.5 120 45 67
0.5 240 45 0
0.5 0 45 60
0.5 240 45 0
0.5 0 50 70
0.5 480 50 0
0.5 0 48 67
0.5 120 48 0
0.5 0 47 60
0.5 120 47 0
0.5 0 48 65
0.5 120 48 0
0.5 0 47 60
0.5 120 47 0
0.5 0 45 68
0.5 120 45 0
0.5 0 47 60
0.5 120 47 0
0.5 0 45 67
0.5 120 45 0
0.5 0 47 60
0.5 120 47 0
0.5 0 48 70
0.5 240 48 0
0.5 0 45 60
0.5 120 45 0
0.5 120 45 69
0.5 240 45 0
0.5 0 42 60
0.5 120 42 0
0.5 120 39 69
0.5 240 39 0
0.5 0 42 60
0.5 120 42 0
0.5 120 42 69
0.5 240 42 0
0.5 0 45 60
0.5 120 45 0
0.5 120 47 67
0.5 240 47 0
0.5 0 47 60
0.5 240 47 0
0.5 0 52 70
0.5 480 52 0
0.5 0 45 73
0.5 120 45 0
0.5 0 47 66
0.5 120 47 0
0.5 0 45 71
0.5 120 45 0
0.5 0 47 66
0.5 120 47 0
0.5 0 48 74
0.5 120 48 0
0.5 0 47 66
0.5 120 47 0
0.5 0 48 73
0.5 120 48 0
0.5 0 47 66
0.5 120 47 0
0.5 0 45 77
0.5 240 45 0
0.5 0 47 66
0.5 120 47 0
0.5 120 48 75
0.5 240 48 0
0.5 0 52 66
0.5 120 52 0
0.5 120 57 75
0.5 240 57 0
0.5 0 59 66
0.5 120 59 0
0.5 120 60 75
0.5 240 60 0
0.5 0 64 66
0.5 120 64 0
0.5 120 52 79
0.5 240 52 0
0.5 0 52 69
0.5 240 52 0
0.5 0 57 80
0.5 240 57 0
0.5 0 45 72
0.5 240 45 0
0.5 0 50 86
0.5 120 50 0
0.5 0 52 73
0.5 120 52 0
0.5 0 50 78
0.5 120 50 0
0.5 0 52 69
0.5 120 52 0
0.5 0 53 71
0.5 120 53 0
0.5 0 52 63
0.5 120 52 0
0.5 0 53 70
0.5 120 53 0
0.5 0 52 63
0.5 120 52 0
0.5 0 50 73
0.5 240 50 0
0.5 0 52 63
0.5 120 52 0
0.5 120 53 72
0.5 240 53 0
0.5 0 57 63
0.5 120 57 0
0.5 120 62 72
0.5 240 62 0
0.5 0 64 63
0.5 120 64 0
0.5 120 65 72
0.5 240 65 0
0.5 0 69 63
0.5 120 69 0
0.5 120 64 70
0.5 240 64 0
0.5 0 64 63
0.5 240 64 0
0.5 0 69 73
0.5 480 69 0
1 0 0 0
