0 0 7 100
0 0 10 64
0.5 1200 71 39
0.5 0 59 31
0.5 0 67 31
0.5 240 67 0
0.5 0 59 0
0.5 0 71 0
0.5 0 72 33
0.5 90 72 0
0.5 390 79 40
0.5 0 71 32
0.5 0 76 32
0.5 240 76 0
0.5 0 71 0
0.5 0 79 0
0.5 0 70 33
0.5 90 70 0
0.5 390 71 39
0.5 0 59 31
0.5 0 67 31
0.5 240 67 0
0.5 0 59 0
0.5 0 71 0
0.5 0 72 33
0.5 90 72 0
0.5 390 79 40
0.5 0 71 32
0.5 0 76 32
0.5 240 76 0
0.5 0 71 0
0.5 0 79 0
0.5 0 64 33
0.5 90 64 0
0.5 390 72 42
0.5 0 60 34
0.5 0 69 34
0.5 240 69 0
0.5 0 60 0
0.5 0 72 0
0.5 0 74 36
0.5 90 74 0
0.5 390 81 42
0.5 0 72 33
0.5 0 78 33
0.5 240 78 0
0.5 0 72 0
0.5 0 81 0
0.5 0 71 34
0.5 90 71 0
0.5 390 72 39
0.5 0 60 31
0.5 0 69 31
0.5 240 69 0
0.5 0 60 0
0.5 0 72 0
0.5 0 74 33
0.5 90 74 0
0.5 390 81 40
0.5 0 72 32
0.5 0 78 32
0.5 240 78 0
0.5 0 72 0
0.5 0 81 0
0.5 0 66 33
0.5 90 66 0
0.5 390 74 46
0.5 0 62 37
0.5 0 71 37
0.5 240 71 0
0.5 0 62 0
0.5 0 74 0
0.5 0 76 39
0.5 120 76 0
0.5 360 83 52
0.5 0 74 42
0.5 0 80 42
0.5 240 80 0
0.5 0 74 0
0.5 0 83 0
0.5 0 68 58
0.5 120 68 0
0.5 360 76 55
0.5 0 64 45
0.5 0 72 45
0.5 240 72 0
0.5 0 64 0
0.5 0 76 0
0.5 0 77 58
0.5 120 77 0
0.5 360 85 60
0.5 0 76 47
0.5 0 82 47
0.5 240 82 0
0.5 0 76 0
0.5 0 85 0
0.5 0 70 64
0.5 120 70 0
0.5 360 77 50
0.5 0 65 40
0.5 0 74 40
0.5 240 74 0
0.5 0 65 0
0.5 0 77 0
0.5 0 79 50
0.5 180 79 0
0.5 300 85 46
0.5 0 78 36
0.5 240 85 0
0.5 0 67 35
0.5 180 67 0
0.5 0 78 0
0.5 300 83 43
0.5 0 76 34
0.5 240 83 0
0.5 0 66 33
0.5 180 66 0
0.5 0 76 0
0.5 300 82 41
0.5 0 74 32
0.5 480 74 0
0.5 0 73 34
0.5 120 73 0
0.5 0 82 0
0.5 120 78 52
0.5 0 66 42
0.5 0 74 42
0.5 240 74 0
0.5 0 66 0
0.5 0 78 0
0.5 0 83 44
0.5 120 83 0
0.5 360 88 60
0.5 0 81 46
0.5 0 85 46
0.5 240 85 0
0.5 0 88 0
0.5 0 73 48
0.5 120 73 0
0.5 0 81 0
0.5 360 86 50
0.5 0 79 39
0.5 0 83 39
0.5 240 83 0
0.5 0 86 0
0.5 0 71 40
0.5 120 71 0
0.5 0 79 0
0.5 360 85 40
0.5 0 78 32
0.5 0 82 32
0.5 240 82 0
0.5 0 85 0
0.5 0 70 33
0.5 240 70 0
0.5 0 78 0
0.5 0 76 33
0.5 240 76 0
0.5 0 64 32
0.5 0 70 32
0.5 240 70 0
0.5 0 73 39
0.5 1200 64 0
0.5 0 63 36
0.5 240 73 0
0.5 0 69 39
0.5 0 72 39
0.5 900 72 0
0.5 0 69 0
0.5 180 63 0
0.5 120 71 39
0.5 0 59 31
0.5 0 67 31
0.5 240 67 0
0.5 0 59 0
0.5 0 71 0
0.5 0 72 33
0.5 90 72 0
0.5 390 79 40
0.5 0 71 32
0.5 0 76 32
0.5 240 76 0
0.5 0 71 0
0.5 0 79 0
0.5 0 70 33
0.5 90 70 0
0.5 390 71 39
0.5 0 59 31
0.5 0 67 31
0.5 240 67 0
0.5 0 59 0
0.5 0 71 0
0.5 0 72 33
0.5 90 72 0
0.5 390 79 40
0.5 0 71 32
0.5 0 76 32
0.5 240 76 0
0.5 0 71 0
0.5 0 79 0
0.5 0 64 33
0.5 90 64 0
0.5 390 72 42
0.5 0 60 34
0.5 0 69 34
0.5 240 69 0
0.5 0 60 0
0.5 0 72 0
0.5 0 74 36
0.5 90 74 0
0.5 390 81 42
0.5 0 72 33
0.5 0 78 33
0.5 240 78 0
0.5 0 72 0
0.5 0 81 0
0.5 0 71 34
0.5 90 71 0
0.5 390 72 39
0.5 0 60 31
0.5 0 69 31
0.5 240 69 0
0.5 0 60 0
0.5 0 72 0
0.5 0 74 33
0.5 90 74 0
0.5 390 81 40
0.5 0 72 32
0.5 0 78 32
0.5 240 78 0
0.5 0 72 0
0.5 0 81 0
0.5 0 66 33
0.5 90 66 0
0.5 390 74 46
0.5 0 62 37
0.5 0 71 37
0.5 240 71 0
0.5 0 62 0
0.5 0 74 0
0.5 0 76 39
0.5 120 76 0
0.5 360 83 52
0.5 0 74 42
0.5 0 80 42
0.5 240 80 0
0.5 0 74 0
0.5 0 83 0
0.5 0 68 58
0.5 120 68 0
0.5 360 76 55
0.5 0 64 45
0.5 0 72 45
0.5 240 72 0
0.5 0 64 0
0.5 0 76 0
0.5 0 77 58
0.5 120 77 0
0.5 360 85 60
0.5 0 76 47
0.5 0 82 47
0.5 240 82 0
0.5 0 76 0
0.5 0 85 0
0.5 0 70 64
0.5 120 70 0
0.5 360 77 50
0.5 0 65 40
0.5 0 74 40
0.5 240 74 0
0.5 0 65 0
0.5 0 77 0
0.5 0 79 50
0.5 180 79 0
0.5 300 85 46
0.5 0 78 36
0.5 240 85 0
0.5 0 67 35
0.5 180 67 0
0.5 0 78 0
0.5 300 83 43
0.5 0 76 34
0.5 240 83 0
0.5 0 66 33
0.5 180 66 0
0.5 0 76 0
0.5 300 82 41
0.5 0 74 32
0.5 480 74 0
0.5 0 73 34
0.5 120 73 0
0.5 0 82 0
0.5 120 78 52
0.5 0 66 42
0.5 0 74 42
0.5 240 74 0
0.5 0 66 0
0.5 0 78 0
0.5 0 83 44
0.5 120 83 0
0.5 360 88 60
0.5 0 81 46
0.5 0 85 46
0.5 240 85 0
0.5 0 88 0
0.5 0 73 48
0.5 120 73 0
0.5 0 81 0
0.5 360 86 50
0.5 0 79 39
0.5 0 83 39
0.5 240 83 0
0.5 0 86 0
0.5 0 71 40
0.5 120 71 0
0.5 0 79 0
0.5 360 85 40
0.5 0 78 32
0.5 0 82 32
0.5 240 82 0
0.5 0 85 0
0.5 0 70 33
0.5 240 70 0
0.5 0 78 0
0.5 0 76 33
0.5 240 76 0
0.5 0 64 32
0.5 0 70 32
0.5 240 70 0
0.5 0 73 39
0.5 480 64 0
0.5 0 63 39
0.5 240 63 0
0.5 0 66 43
0.5 480 73 0
0.5 0 71 36
0.5 240 71 0
0.5 0 75 39
0.5 480 66 0
0.5 0 64 41
0.5 240 64 0
0.5 0 75 0
0.5 0 68 45
0.5 480 60 40
0.5 240 60 0
0.5 0 68 0
0.5 0 63 44
0.5 480 53 41
0.5 240 53 0
0.5 0 56 45
0.5 480 63 0
0.5 0 61 36
0.5 240 61 0
0.5 0 59 44
0.5 480 56 0
0.5 0 54 36
0.5 240 54 0
0.5 0 59 0
0.5 240 58 42
0.5 240 58 0
0.5 0 70 45
0.5 240 70 0
0.5 0 73 49
0.5 720 73 0
0.5 0 66 41
0.5 240 59 40
0.5 240 59 0
0.5 0 71 47
0.5 240 71 0
0.5 0 66 0
0.5 0 75 50
0.5 720 75 0
0.5 0 68 41
0.5 240 60 48
0.5 240 60 0
0.5 0 72 56
0.5 240 72 0
0.5 0 68 0
0.5 0 75 60
0.5 720 75 0
0.5 0 68 49
0.5 240 61 55
0.5 240 61 0
0.5 0 73 63
0.5 240 73 0
0.5 0 68 0
0.5 0 80 71
0.5 720 80 0
0.5 0 70 66
0.5 240 66 68
0.5 240 66 0
0.5 0 78 74
0.5 240 78 0
0.5 0 70 0
0.5 0 76 80
0.5 720 76 0
0.5 0 69 66
0.5 240 63 68
0.5 240 63 0
0.5 0 75 73
0.5 240 75 0
0.5 0 69 0
0.5 0 72 80
0.5 720 72 0
0.5 0 63 66
0.5 240 57 68
0.5 240 57 0
0.5 0 69 73
0.5 240 69 0
0.5 0 63 0
0.5 0 66 81
0.5 720 66 0
0.5 0 63 66
0.5 240 57 68
0.5 240 57 0
0.5 0 69 73
0.5 240 69 0
0.5 0 63 0
0.5 0 72 81
0.5 720 72 0
0.5 0 63 66
0.5 240 57 68
0.5 240 57 0
0.5 0 69 73
0.5 240 69 0
0.5 0 63 0
0.5 0 66 81
0.5 720 66 0
0.5 0 63 66
0.5 240 57 68
0.5 240 57 0
0.5 0 69 73
0.5 240 69 0
0.5 0 63 0
0.5 0 72 81
0.5 1680 72 0
0.5 240 71 44
0.5 0 69 37
0.5 0 63 37
0.5 240 63 0
0.5 0 69 0
0.5 0 71 0
0.5 0 66 37
0.5 240 66 0
0.5 240 71 43
0.5 0 69 36
0.5 0 64 36
0.5 240 64 0
0.5 0 69 0
0.5 0 71 0
0.5 0 72 36
0.5 240 72 0
0.5 240 71 42
0.5 0 69 35
0.5 0 63 35
0.5 240 63 0
0.5 0 69 0
0.5 0 71 0
0.5 0 66 37
0.5 240 66 0
0.5 240 75 40
0.5 0 72 34
0.5 0 67 34
0.5 240 67 0
0.5 0 72 0
0.5 0 75 0
0.5 0 76 35
0.5 240 76 0
0.5 240 75 37
0.5 0 72 31
0.5 0 66 31
0.5 240 66 0
0.5 0 72 0
0.5 0 75 0
0.5 0 69 32
0.5 240 69 0
0.5 240 75 34
0.5 0 72 29
0.5 0 67 29
0.5 240 67 0
0.5 0 72 0
0.5 0 75 0
0.5 0 76 29
0.5 240 76 0
0.5 240 75 30
0.5 0 72 26
0.5 0 66 26
0.5 240 66 0
0.5 0 72 0
0.5 0 75 0
0.5 0 69 26
0.5 240 69 0
0.5 240 76 31
0.5 0 64 24
0.5 0 72 24
0.5 240 72 0
0.5 0 64 0
0.5 0 76 0
0.5 0 77 26
0.5 120 77 0
0.5 360 84 32
0.5 0 76 25
0.5 0 81 25
0.5 240 81 0
0.5 0 76 0
0.5 0 84 0
0.5 0 75 26
0.5 120 75 0
0.5 360 76 31
0.5 0 64 24
0.5 0 72 24
0.5 240 72 0
0.5 0 64 0
0.5 0 76 0
0.5 0 77 26
0.5 120 77 0
0.5 360 84 32
0.5 0 75 25
0.5 0 81 25
0.5 240 81 0
0.5 0 75 0
0.5 0 84 0
0.5 0 69 26
0.5 120 69 0
0.5 360 74 33
0.5 0 62 27
0.5 0 71 27
0.5 240 71 0
0.5 0 62 0
0.5 0 74 0
0.5 0 75 28
0.5 120 75 0
0.5 360 83 33
0.5 0 74 26
0.5 0 79 26
0.5 240 79 0
0.5 0 74 0
0.5 0 83 0
0.5 0 73 27
0.5 120 73 0
0.5 360 74 31
0.5 0 62 24
0.5 0 71 24
0.5 240 71 0
0.5 0 62 0
0.5 0 74 0
0.5 0 75 26
0.5 120 75 0
0.5 360 82 35
0.5 0 73 27
0.5 0 79 27
0.5 240 79 0
0.5 0 73 0
0.5 0 82 0
0.5 0 67 28
0.5 120 67 0
0.5 360 72 60
0.5 0 60 46
0.5 0 69 46
0.5 240 69 0
0.5 0 60 0
0.5 0 72 0
0.5 0 73 54
0.5 180 73 0
0.5 300 72 62
0.5 0 65 49
0.5 0 69 49
0.5 240 69 0
0.5 0 65 0
0.5 0 72 0
0.5 0 74 55
0.5 180 74 0
0.5 300 81 72
0.5 0 72 57
0.5 0 77 57
0.5 240 77 0
0.5 0 72 0
0.5 0 81 0
0.5 0 71 66
0.5 180 71 0
0.5 300 77 74
0.5 0 69 58
0.5 0 72 58
0.5 240 72 0
0.5 0 69 0
0.5 0 77 0
0.5 0 67 67
0.5 180 67 0
0.5 300 69 53
0.5 0 65 63
0.5 0 72 60
0.5 240 65 0
0.5 0 64 69
0.5 720 64 0
0.5 0 63 66
0.5 480 72 0
0.5 0 69 0
0.5 0 72 50
0.5 240 72 0
0.5 0 71 50
0.5 720 71 0
0.5 0 63 0
0.5 0 64 38
0.5 0 70 45
0.5 480 70 0
0.5 0 64 0
0.5 0 70 36
0.5 240 70 0
0.5 0 73 39
0.5 480 63 39
0.5 240 63 0
0.5 0 66 43
0.5 480 73 0
0.5 0 71 36
0.5 240 71 0
0.5 0 75 39
0.5 480 66 0
0.5 0 64 41
0.5 240 64 0
0.5 0 75 0
0.5 0 68 45
0.5 480 60 40
0.5 240 60 0
0.5 0 68 0
0.5 0 63 44
0.5 480 53 41
0.5 240 53 0
0.5 0 56 45
0.5 480 63 0
0.5 0 61 36
0.5 240 61 0
0.5 0 59 44
0.5 480 56 0
0.5 0 54 36
0.5 240 54 0
0.5 0 59 0
0.5 240 58 42
0.5 240 58 0
0.5 0 70 45
0.5 240 70 0
0.5 0 73 49
0.5 720 73 0
0.5 0 66 41
0.5 240 59 40
0.5 240 59 0
0.5 0 71 47
0.5 240 71 0
0.5 0 66 0
0.5 0 75 50
0.5 720 75 0
0.5 0 68 41
0.5 240 60 48
0.5 240 60 0
0.5 0 72 56
0.5 240 72 0
0.5 0 68 0
0.5 0 75 60
0.5 720 75 0
0.5 0 68 49
0.5 240 61 55
0.5 240 61 0
0.5 0 73 63
0.5 240 73 0
0.5 0 68 0
0.5 0 80 73
0.5 720 80 0
0.5 0 70 66
0.5 240 66 68
0.5 240 66 0
0.5 0 78 73
0.5 240 78 0
0.5 0 70 0
0.5 0 76 80
0.5 720 76 0
0.5 0 69 66
0.5 240 63 68
0.5 240 63 0
0.5 0 75 73
0.5 240 75 0
0.5 0 69 0
0.5 0 72 80
0.5 720 72 0
0.5 0 63 66
0.5 240 57 68
0.5 240 57 0
0.5 0 69 73
0.5 240 69 0
0.5 0 63 0
0.5 0 66 81
0.5 720 66 0
0.5 0 63 66
0.5 240 57 68
0.5 240 57 0
0.5 0 69 73
0.5 240 69 0
0.5 0 63 0
0.5 0 72 81
0.5 720 72 0
0.5 0 63 66
0.5 240 57 68
0.5 240 57 0
0.5 0 69 73
0.5 240 69 0
0.5 0 63 0
0.5 0 66 81
0.5 720 66 0
0.5 0 63 66
0.5 240 57 68
0.5 240 57 0
0.5 0 69 73
0.5 240 69 0
0.5 0 63 0
0.5 0 72 81
0.5 1680 72 0
0.5 240 71 44
0.5 0 69 37
0.5 0 63 37
0.5 240 63 0
0.5 0 69 0
0.5 0 71 0
0.5 0 66 37
0.5 240 66 0
0.5 240 69 36
0.5 0 64 36
0.5 0 71 43
0.5 240 71 0
0.5 0 64 0
0.5 0 69 0
0.5 0 72 36
0.5 240 72 0
0.5 240 71 42
0.5 0 69 35
0.5 0 63 35
0.5 240 63 0
0.5 0 69 0
0.5 0 71 0
0.5 0 66 37
0.5 240 66 0
0.5 240 72 34
0.5 0 67 34
0.5 0 75 40
0.5 240 75 0
0.5 0 67 0
0.5 0 72 0
0.5 0 76 35
0.5 240 76 0
0.5 240 75 37
0.5 0 72 31
0.5 0 66 31
0.5 240 66 0
0.5 0 72 0
0.5 0 75 0
0.5 0 69 32
0.5 240 69 0
0.5 240 75 34
0.5 0 72 29
0.5 0 67 29
0.5 240 67 0
0.5 0 72 0
0.5 0 75 0
0.5 0 76 29
0.5 240 76 0
0.5 240 75 30
0.5 0 66 26
0.5 0 72 26
0.5 240 72 0
0.5 0 66 0
0.5 0 75 0
0.5 0 69 26
0.5 240 69 0
0.5 240 76 31
0.5 0 64 24
0.5 0 72 24
0.5 240 72 0
0.5 0 64 0
0.5 0 76 0
0.5 0 77 26
0.5 120 77 0
0.5 360 76 25
0.5 0 81 25
0.5 0 84 32
0.5 240 84 0
0.5 0 81 0
0.5 0 76 0
0.5 0 75 26
0.5 120 75 0
0.5 360 76 31
0.5 0 64 24
0.5 0 72 24
0.5 240 72 0
0.5 0 64 0
0.5 0 76 0
0.5 0 77 26
0.5 120 77 0
0.5 360 75 25
0.5 0 81 25
0.5 0 84 32
0.5 240 84 0
0.5 0 81 0
0.5 0 75 0
0.5 0 69 26
0.5 120 69 0
0.5 360 74 33
0.5 0 62 27
0.5 0 71 27
0.5 240 71 0
0.5 0 62 0
0.5 0 74 0
0.5 0 75 28
0.5 120 75 0
0.5 360 83 33
0.5 0 74 26
0.5 0 79 26
0.5 240 79 0
0.5 0 74 0
0.5 0 83 0
0.5 0 73 27
0.5 120 73 0
0.5 360 74 31
0.5 0 71 24
0.5 0 62 24
0.5 240 62 0
0.5 0 71 0
0.5 0 74 0
0.5 0 75 26
0.5 120 75 0
0.5 360 82 35
0.5 0 73 27
0.5 0 79 27
0.5 240 79 0
0.5 0 73 0
0.5 0 82 0
0.5 0 67 28
0.5 120 67 0
0.5 360 60 46
0.5 0 69 46
0.5 0 72 60
0.5 240 72 0
0.5 0 69 0
0.5 0 60 0
0.5 0 73 54
0.5 180 73 0
0.5 300 72 62
0.5 0 65 49
0.5 0 69 49
0.5 240 69 0
0.5 0 65 0
0.5 0 72 0
0.5 0 74 55
0.5 180 74 0
0.5 300 72 57
0.5 0 77 57
0.5 0 81 72
0.5 240 81 0
0.5 0 77 0
0.5 0 72 0
0.5 0 71 66
0.5 180 71 0
0.5 300 77 74
0.5 0 69 58
0.5 0 72 58
0.5 240 72 0
0.5 0 69 0
0.5 0 77 0
0.5 0 67 67
0.5 180 67 0
0.5 300 69 52
0.5 0 65 63
0.5 0 72 60
0.5 240 65 0
0.5 0 64 69
0.5 2160 64 0
0.5 0 72 0
0.5 0 69 0
0.5 0 57 40
0.5 0 71 50
0.5 0 63 40
0.5 720 63 0
0.5 0 69 43
0.5 720 69 0
0.5 0 71 0
0.5 0 57 0
0.5 0 59 49
0.5 0 68 47
0.5 0 71 53
0.5 720 68 0
0.5 0 59 0
0.5 0 57 48
0.5 0 66 55
0.5 0 63 49
0.5 1440 63 0
0.5 0 66 0
0.5 0 57 0
0.5 0 56 39
0.5 0 64 39
0.5 480 64 0
0.5 0 56 0
0.5 0 71 0
1 0 0 0
0 0 7 100
0 0 10 64
0.5 1200 64 24
0.5 0 52 19
0.5 0 55 19
0.5 240 55 0
0.5 0 52 0
0.5 0 64 0
0.5 0 51 25
0.5 90 51 0
0.5 390 52 24
0.5 0 43 19
0.5 0 47 19
0.5 240 47 0
0.5 0 43 0
0.5 0 52 0
0.5 0 54 26
0.5 90 54 0
0.5 390 64 24
0.5 0 52 19
0.5 0 55 19
0.5 240 55 0
0.5 0 52 0
0.5 0 64 0
0.5 0 51 25
0.5 90 51 0
0.5 390 52 24
0.5 0 43 19
0.5 0 47 19
0.5 240 47 0
0.5 0 43 0
0.5 0 52 0
0.5 0 55 26
0.5 90 55 0
0.5 390 66 27
0.5 0 54 20
0.5 0 57 20
0.5 240 57 0
0.5 0 54 0
0.5 0 66 0
0.5 0 53 27
0.5 90 53 0
0.5 390 54 25
0.5 0 45 20
0.5 0 48 20
0.5 240 48 0
0.5 0 45 0
0.5 0 54 0
0.5 0 55 27
0.5 90 55 0
0.5 390 66 24
0.5 0 54 19
0.5 0 57 19
0.5 240 57 0
0.5 0 54 0
0.5 0 66 0
0.5 0 53 25
0.5 90 53 0
0.5 390 54 24
0.5 0 45 19
0.5 0 48 19
0.5 240 48 0
0.5 0 45 0
0.5 0 54 0
0.5 0 57 26
0.5 90 57 0
0.5 390 67 37
0.5 0 55 28
0.5 0 59 28
0.5 240 59 0
0.5 0 55 0
0.5 0 67 0
0.5 0 54 29
0.5 120 54 0
0.5 360 56 41
0.5 0 47 33
0.5 0 50 33
0.5 240 50 0
0.5 0 47 0
0.5 0 56 0
0.5 0 62 42
0.5 120 62 0
0.5 360 69 45
0.5 0 57 35
0.5 0 60 35
0.5 240 60 0
0.5 0 57 0
0.5 0 69 0
0.5 0 56 50
0.5 120 56 0
0.5 360 58 46
0.5 0 49 35
0.5 0 52 35
0.5 240 52 0
0.5 0 49 0
0.5 0 58 0
0.5 0 64 49
0.5 120 64 0
0.5 360 71 40
0.5 0 59 30
0.5 0 62 30
0.5 240 62 0
0.5 0 59 0
0.5 0 71 0
0.5 0 50 31
0.5 180 50 0
0.5 300 61 35
0.5 0 52 27
0.5 0 55 27
0.5 240 55 0
0.5 0 52 0
0.5 0 61 0
0.5 0 66 26
0.5 180 66 0
0.5 300 59 33
0.5 0 54 26
0.5 240 54 0
0.5 0 59 0
0.5 0 64 25
0.5 180 64 0
0.5 300 58 31
0.5 0 54 24
0.5 240 66 26
0.5 240 66 0
0.5 0 64 25
0.5 120 64 0
0.5 0 54 0
0.5 0 58 0
0.5 120 71 42
0.5 0 59 32
0.5 0 62 32
0.5 240 62 0
0.5 0 59 0
0.5 0 71 0
0.5 0 50 33
0.5 120 50 0
0.5 360 61 45
0.5 0 52 34
0.5 0 57 34
0.5 240 57 0
0.5 0 52 0
0.5 0 61 0
0.5 0 69 38
0.5 120 69 0
0.5 360 62 38
0.5 0 54 30
0.5 0 59 30
0.5 240 59 0
0.5 0 54 0
0.5 0 62 0
0.5 0 67 32
0.5 120 67 0
0.5 360 64 31
0.5 0 54 24
0.5 0 61 24
0.5 240 61 0
0.5 0 54 0
0.5 0 64 0
0.5 0 66 26
0.5 240 66 0
0.5 240 35 37
0.5 240 35 0
0.5 0 47 44
0.5 480 52 39
0.5 240 52 0
0.5 0 55 43
0.5 480 55 0
0.5 0 54 37
0.5 240 54 0
0.5 0 57 38
0.5 900 57 0
0.5 0 47 0
0.5 300 64 24
0.5 0 52 19
0.5 0 55 19
0.5 240 55 0
0.5 0 52 0
0.5 0 64 0
0.5 0 51 25
0.5 90 51 0
0.5 390 52 24
0.5 0 43 19
0.5 0 47 19
0.5 240 47 0
0.5 0 43 0
0.5 0 52 0
0.5 0 54 26
0.5 90 54 0
0.5 390 64 24
0.5 0 52 19
0.5 0 55 19
0.5 240 55 0
0.5 0 52 0
0.5 0 64 0
0.5 0 51 25
0.5 90 51 0
0.5 390 52 24
0.5 0 43 19
0.5 0 47 19
0.5 240 47 0
0.5 0 43 0
0.5 0 52 0
0.5 0 55 26
0.5 90 55 0
0.5 390 66 27
0.5 0 54 20
0.5 0 57 20
0.5 240 57 0
0.5 0 54 0
0.5 0 66 0
0.5 0 53 27
0.5 90 53 0
0.5 390 54 25
0.5 0 45 20
0.5 0 48 20
0.5 240 48 0
0.5 0 45 0
0.5 0 54 0
0.5 0 55 27
0.5 90 55 0
0.5 390 66 24
0.5 0 54 19
0.5 0 57 19
0.5 240 57 0
0.5 0 54 0
0.5 0 66 0
0.5 0 53 25
0.5 90 53 0
0.5 390 54 24
0.5 0 45 19
0.5 0 48 19
0.5 240 48 0
0.5 0 45 0
0.5 0 54 0
0.5 0 57 26
0.5 90 57 0
0.5 390 67 37
0.5 0 55 28
0.5 0 59 28
0.5 240 59 0
0.5 0 55 0
0.5 0 67 0
0.5 0 54 29
0.5 120 54 0
0.5 360 56 41
0.5 0 47 33
0.5 0 50 33
0.5 240 50 0
0.5 0 47 0
0.5 0 56 0
0.5 0 62 42
0.5 120 62 0
0.5 360 69 45
0.5 0 57 35
0.5 0 60 35
0.5 240 60 0
0.5 0 57 0
0.5 0 69 0
0.5 0 56 50
0.5 120 56 0
0.5 360 58 46
0.5 0 49 35
0.5 0 52 35
0.5 240 52 0
0.5 0 49 0
0.5 0 58 0
0.5 0 64 49
0.5 120 64 0
0.5 360 71 40
0.5 0 59 30
0.5 0 62 30
0.5 240 62 0
0.5 0 59 0
0.5 0 71 0
0.5 0 50 31
0.5 180 50 0
0.5 300 61 35
0.5 0 52 27
0.5 0 55 27
0.5 240 55 0
0.5 0 52 0
0.5 0 61 0
0.5 0 66 26
0.5 180 66 0
0.5 300 59 33
0.5 0 54 26
0.5 240 54 0
0.5 0 59 0
0.5 0 64 25
0.5 180 64 0
0.5 300 58 31
0.5 0 54 24
0.5 240 66 26
0.5 240 66 0
0.5 0 64 25
0.5 120 64 0
0.5 0 54 0
0.5 0 58 0
0.5 120 71 42
0.5 0 59 32
0.5 0 62 32
0.5 240 62 0
0.5 0 59 0
0.5 0 71 0
0.5 0 50 33
0.5 120 50 0
0.5 360 61 45
0.5 0 52 34
0.5 0 57 34
0.5 240 57 0
0.5 0 52 0
0.5 0 61 0
0.5 0 69 38
0.5 120 69 0
0.5 360 62 38
0.5 0 54 30
0.5 0 59 30
0.5 240 59 0
0.5 0 54 0
0.5 0 62 0
0.5 0 67 32
0.5 120 67 0
0.5 360 64 31
0.5 0 54 24
0.5 0 61 24
0.5 240 61 0
0.5 0 54 0
0.5 0 64 0
0.5 0 66 26
0.5 240 66 0
0.5 240 35 37
0.5 240 35 0
0.5 0 42 44
0.5 480 42 0
0.5 0 47 39
0.5 240 47 0
0.5 0 51 43
0.5 480 51 0
0.5 0 35 40
0.5 240 35 0
0.5 0 44 47
0.5 480 44 0
0.5 0 47 39
0.5 240 47 0
0.5 0 52 43
0.5 480 52 0
0.5 0 35 40
0.5 240 35 0
0.5 0 41 47
0.5 480 41 0
0.5 0 44 39
0.5 240 44 0
0.5 0 47 43
0.5 480 47 0
0.5 0 35 40
0.5 240 35 0
0.5 0 40 47
0.5 480 40 0
0.5 0 43 33
0.5 240 43 0
0.5 0 47 27
0.5 0 49 27
0.5 0 52 33
0.5 720 52 0
0.5 0 49 0
0.5 0 47 0
0.5 0 47 42
0.5 240 47 0
0.5 0 51 36
0.5 240 51 0
0.5 0 63 36
0.5 240 63 0
0.5 480 35 34
0.5 120 35 0
0.5 120 47 43
0.5 240 47 0
0.5 0 52 36
0.5 240 52 0
0.5 0 64 36
0.5 240 64 0
0.5 480 35 40
0.5 120 35 0
0.5 120 47 51
0.5 240 47 0
0.5 0 53 43
0.5 240 53 0
0.5 0 65 43
0.5 240 65 0
0.5 480 35 50
0.5 120 35 0
0.5 120 47 62
0.5 240 47 0
0.5 0 52 52
0.5 240 52 0
0.5 0 64 52
0.5 240 64 0
0.5 480 35 46
0.5 120 35 0
0.5 120 47 66
0.5 240 47 0
0.5 0 54 57
0.5 240 54 0
0.5 0 66 57
0.5 240 66 0
0.5 0 35 46
0.5 720 35 0
0.5 0 47 66
0.5 240 47 0
0.5 0 54 57
0.5 240 54 0
0.5 0 64 57
0.5 240 64 0
0.5 0 35 46
0.5 720 35 0
0.5 0 48 66
0.5 240 57 57
0.5 240 57 0
0.5 0 48 0
0.5 0 64 57
0.5 240 64 0
0.5 0 47 46
0.5 480 47 0
0.5 240 45 66
0.5 240 54 57
0.5 240 54 0
0.5 0 45 0
0.5 0 64 57
0.5 240 64 0
0.5 0 47 46
0.5 480 47 0
0.5 240 48 66
0.5 240 57 57
0.5 240 57 0
0.5 0 48 0
0.5 0 64 57
0.5 240 64 0
0.5 0 47 46
0.5 480 47 0
0.5 240 45 66
0.5 240 54 57
0.5 240 54 0
0.5 0 45 0
0.5 0 64 57
0.5 120 64 0
0.5 120 42 66
0.5 240 57 57
0.5 240 57 0
0.5 0 42 0
0.5 0 64 57
0.5 120 64 0
0.5 120 47 48
0.5 240 47 0
0.5 0 57 39
0.5 240 57 0
0.5 480 59 27
0.5 240 59 0
0.5 480 57 27
0.5 0 47 23
0.5 240 47 0
0.5 0 57 0
0.5 480 59 26
0.5 240 59 0
0.5 480 47 15
0.5 0 57 21
0.5 240 57 0
0.5 0 47 0
0.5 480 59 21
0.5 240 59 0
0.5 480 47 13
0.5 0 57 17
0.5 240 57 0
0.5 0 47 0
0.5 480 59 22
0.5 240 59 0
0.5 0 69 24
0.5 0 57 19
0.5 0 60 19
0.5 240 60 0
0.5 0 57 0
0.5 0 69 0
0.5 0 56 20
0.5 120 56 0
0.5 360 57 24
0.5 0 48 19
0.5 0 52 19
0.5 240 52 0
0.5 0 48 0
0.5 0 57 0
0.5 0 59 20
0.5 120 59 0
0.5 360 69 24
0.5 0 57 19
0.5 0 60 19
0.5 240 60 0
0.5 0 57 0
0.5 0 69 0
0.5 0 56 20
0.5 120 56 0
0.5 360 57 24
0.5 0 48 19
0.5 0 54 19
0.5 240 54 0
0.5 0 48 0
0.5 0 57 0
0.5 0 63 20
0.5 120 63 0
0.5 360 67 27
0.5 0 55 20
0.5 0 59 20
0.5 240 59 0
0.5 0 55 0
0.5 0 67 0
0.5 0 54 21
0.5 120 54 0
0.5 360 55 25
0.5 0 47 20
0.5 0 50 20
0.5 240 50 0
0.5 0 47 0
0.5 0 55 0
0.5 0 57 21
0.5 120 57 0
0.5 360 67 24
0.5 0 55 19
0.5 0 59 19
0.5 240 59 0
0.5 0 55 0
0.5 0 67 0
0.5 0 54 20
0.5 120 54 0
0.5 360 55 26
0.5 0 46 20
0.5 0 52 20
0.5 240 52 0
0.5 0 46 0
0.5 0 55 0
0.5 0 61 22
0.5 120 61 0
0.5 360 65 43
0.5 0 53 33
0.5 0 57 33
0.5 240 57 0
0.5 0 53 0
0.5 0 65 0
0.5 0 52 37
0.5 180 52 0
0.5 300 60 54
0.5 0 53 42
0.5 0 57 42
0.5 240 57 0
0.5 0 53 0
0.5 0 60 0
0.5 0 52 44
0.5 180 52 0
0.5 300 53 58
0.5 0 45 46
0.5 0 48 46
0.5 240 48 0
0.5 0 45 0
0.5 0 53 0
0.5 0 56 52
0.5 180 56 0
0.5 300 57 62
0.5 0 48 49
0.5 0 53 49
0.5 240 53 0
0.5 0 48 0
0.5 0 57 0
0.5 0 59 56
0.5 180 59 0
0.5 300 53 48
0.5 0 57 47
0.5 0 60 52
0.5 960 53 0
0.5 0 54 48
0.5 480 60 0
0.5 0 57 0
0.5 0 57 42
0.5 240 57 0
0.5 0 59 42
0.5 720 59 0
0.5 0 61 37
0.5 480 61 0
0.5 0 54 0
0.5 0 35 40
0.5 240 35 0
0.5 0 42 44
0.5 480 42 0
0.5 0 47 39
0.5 240 47 0
0.5 0 51 43
0.5 480 51 0
0.5 0 35 40
0.5 240 35 0
0.5 0 44 47
0.5 480 44 0
0.5 0 47 39
0.5 240 47 0
0.5 0 52 43
0.5 480 52 0
0.5 0 35 40
0.5 240 35 0
0.5 0 41 47
0.5 480 41 0
0.5 0 44 39
0.5 240 44 0
0.5 0 47 43
0.5 480 47 0
0.5 0 35 40
0.5 240 35 0
0.5 0 40 47
0.5 480 40 0
0.5 0 43 33
0.5 240 43 0
0.5 0 49 27
0.5 0 52 33
0.5 0 47 27
0.5 720 47 0
0.5 0 52 0
0.5 0 49 0
0.5 0 47 42
0.5 240 47 0
0.5 0 51 36
0.5 240 51 0
0.5 0 63 36
0.5 240 63 0
0.5 480 35 34
0.5 120 35 0
0.5 120 47 43
0.5 240 47 0
0.5 0 52 36
0.5 240 52 0
0.5 0 64 36
0.5 240 64 0
0.5 480 35 40
0.5 120 35 0
0.5 120 47 51
0.5 240 47 0
0.5 0 53 43
0.5 240 53 0
0.5 0 65 43
0.5 240 65 0
0.5 480 35 50
0.5 120 35 0
0.5 120 47 62
0.5 240 47 0
0.5 0 52 52
0.5 240 52 0
0.5 0 64 52
0.5 240 64 0
0.5 480 35 46
0.5 120 35 0
0.5 120 47 66
0.5 240 47 0
0.5 0 54 57
0.5 240 54 0
0.5 0 66 57
0.5 240 66 0
0.5 0 35 46
0.5 720 35 0
0.5 0 47 66
0.5 240 47 0
0.5 0 54 57
0.5 240 54 0
0.5 0 64 57
0.5 240 64 0
0.5 0 35 46
0.5 720 35 0
0.5 0 48 66
0.5 240 57 57
0.5 240 57 0
0.5 0 48 0
0.5 0 64 57
0.5 240 64 0
0.5 0 47 46
0.5 480 47 0
0.5 240 45 66
0.5 240 54 57
0.5 240 54 0
0.5 0 45 0
0.5 0 64 57
0.5 240 64 0
0.5 0 47 46
0.5 480 47 0
0.5 240 48 66
0.5 240 57 57
0.5 240 57 0
0.5 0 48 0
0.5 0 64 57
0.5 240 64 0
0.5 0 47 46
0.5 480 47 0
0.5 240 45 66
0.5 240 54 57
0.5 240 54 0
0.5 0 45 0
0.5 0 64 57
0.5 120 64 0
0.5 120 42 66
0.5 240 57 57
0.5 240 57 0
0.5 0 42 0
0.5 0 64 57
0.5 120 64 0
0.5 120 47 48
0.5 240 47 0
0.5 0 57 39
0.5 240 57 0
0.5 480 59 27
0.5 240 59 0
0.5 480 57 27
0.5 0 47 23
0.5 240 47 0
0.5 0 57 0
0.5 480 59 26
0.5 240 59 0
0.5 480 47 15
0.5 0 57 21
0.5 240 57 0
0.5 0 47 0
0.5 480 59 21
0.5 240 59 0
0.5 480 57 17
0.5 0 47 13
0.5 240 47 0
0.5 0 57 0
0.5 480 59 17
0.5 230 59 0
0.5 10 57 19
0.5 0 60 19
0.5 0 69 24
0.5 240 69 0
0.5 0 60 0
0.5 0 57 0
0.5 0 56 20
0.5 120 56 0
0.5 360 57 24
0.5 0 48 19
0.5 0 52 19
0.5 240 52 0
0.5 0 48 0
0.5 0 57 0
0.5 0 59 20
0.5 120 59 0
0.5 360 69 24
0.5 0 60 19
0.5 0 57 19
0.5 240 57 0
0.5 0 60 0
0.5 0 69 0
0.5 0 56 20
0.5 120 56 0
0.5 360 57 24
0.5 0 54 19
0.5 0 48 19
0.5 240 48 0
0.5 0 54 0
0.5 0 57 0
0.5 0 63 20
0.5 120 63 0
0.5 360 55 20
0.5 0 59 20
0.5 0 67 27
0.5 240 67 0
0.5 0 59 0
0.5 0 55 0
0.5 0 54 21
0.5 120 54 0
0.5 360 55 25
0.5 0 47 20
0.5 0 50 20
0.5 240 50 0
0.5 0 47 0
0.5 0 55 0
0.5 0 57 21
0.5 120 57 0
0.5 360 67 24
0.5 0 55 19
0.5 0 59 19
0.5 240 59 0
0.5 0 55 0
0.5 0 67 0
0.5 0 54 20
0.5 120 54 0
0.5 360 55 26
0.5 0 52 20
0.5 0 46 20
0.5 240 46 0
0.5 0 52 0
0.5 0 55 0
0.5 0 61 22
0.5 120 61 0
0.5 360 65 43
0.5 0 53 33
0.5 0 57 33
0.5 240 57 0
0.5 0 53 0
0.5 0 65 0
0.5 0 52 37
0.5 180 52 0
0.5 300 53 42
0.5 0 57 42
0.5 0 60 54
0.5 240 60 0
0.5 0 57 0
0.5 0 53 0
0.5 0 52 44
0.5 180 52 0
0.5 300 53 58
0.5 0 45 46
0.5 0 48 46
0.5 240 48 0
0.5 0 45 0
0.5 0 53 0
0.5 0 56 52
0.5 180 56 0
0.5 300 57 62
0.5 0 48 49
0.5 0 53 49
0.5 240 53 0
0.5 0 48 0
0.5 0 57 0
0.5 0 59 56
0.5 180 59 0
0.5 300 57 47
0.5 0 60 52
0.5 0 53 48
0.5 2400 53 0
0.5 0 60 0
0.5 0 57 0
0.5 0 42 30
0.5 0 54 35
0.5 0 47 30
0.5 1440 47 0
0.5 0 54 0
0.5 0 42 0
0.5 0 35 30
0.5 0 47 38
0.5 1440 47 0
0.5 0 35 0
0.5 0 28 30
0.5 0 40 35
0.5 1440 40 0
0.5 0 28 0
0 1107 64 127
0 384 64 0
0 475 64 127
0 254 64 0
0 437 64 127
0 283 64 0
0 472 64 127
0 248 64 0
0 472 64 127
0 248 64 0
0 432 64 127
0 288 64 0
0 477 64 127
0 243 64 0
0 477 64 127
0 243 64 0
0 489 64 127
0 206 64 0
0 485 64 127
0 263 64 0
0 486 64 127
0 246 64 0
0 462 64 127
0 286 64 0
0 440 64 127
0 283 64 0
0 487 64 127
0 212 64 0
0 473 64 127
0 254 64 0
0 434 64 127
0 480 64 0
0 223 64 127
0 320 64 0
0 428 64 127
0 292 64 0
0 423 64 127
0 258 64 0
0 438 64 127
0 720 64 0
0 219 64 127
0 733 64 0
0 152 64 127
0 554 64 0
0 181 64 127
0 812 64 0
0 281 64 127
0 211 64 0
0 475 64 127
0 254 64 0
0 437 64 127
0 283 64 0
0 472 64 127
0 248 64 0
0 472 64 127
0 248 64 0
0 432 64 127
0 288 64 0
0 477 64 127
0 243 64 0
0 477 64 127
0 243 64 0
0 489 64 127
0 206 64 0
0 485 64 127
0 263 64 0
0 486 64 127
0 246 64 0
0 462 64 127
0 286 64 0
0 440 64 127
0 283 64 0
0 487 64 127
0 212 64 0
0 473 64 127
0 254 64 0
0 434 64 127
0 480 64 0
0 223 64 127
0 320 64 0
0 428 64 127
0 292 64 0
0 423 64 127
0 258 64 0
0 438 64 127
0 713 64 0
0 78 64 127
0 1357 64 0
0 99 64 127
0 1344 64 0
0 101 64 127
0 1328 64 0
0 112 64 127
0 856 64 0
0 304 64 127
0 405 64 0
0 80 64 127
0 655 64 0
0 93 64 127
0 607 64 0
0 127 64 127
0 613 64 0
0 93 64 127
0 607 64 0
0 99 64 127
0 641 64 0
0 93 64 127
0 609 64 0
0 83 64 127
0 655 64 0
0 93 64 127
0 607 64 0
0 126 64 127
0 614 64 0
0 93 64 127
0 611 64 0
0 196 64 127
0 540 64 0
0 207 64 127
0 501 64 0
0 192 64 127
0 540 64 0
0 180 64 127
0 526 64 0
0 194 64 127
0 540 64 0
0 127 64 127
0 580 64 0
0 193 64 127
0 540 64 0
0 167 64 127
0 542 64 0
0 139 64 127
0 1307 64 0
0 118 64 127
0 843 64 0
0 166 64 127
0 563 64 0
0 149 64 127
0 558 64 0
0 112 64 127
0 613 64 0
0 99 64 127
0 618 64 0
0 69 64 127
0 650 64 0
0 136 64 127
0 580 64 0
0 522 64 0
0 475 64 127
0 286 64 0
0 405 64 127
0 292 64 0
0 463 64 127
0 263 64 0
0 457 64 127
0 263 64 0
0 417 64 127
0 314 64 0
0 451 64 127
0 275 64 0
0 445 64 127
0 252 64 0
0 480 64 127
0 206 64 0
0 514 64 127
0 206 64 0
0 502 64 127
0 252 64 0
0 468 64 127
0 252 64 0
0 447 64 127
0 220 64 0
0 144 64 127
0 570 64 0
0 230 64 127
0 489 64 0
0 125 64 127
0 601 64 0
0 159 64 127
0 316 64 0
0 105 64 127
0 1341 64 0
0 99 64 127
0 1344 64 0
0 101 64 127
0 1328 64 0
0 104 64 127
0 867 64 0
0 267 64 127
0 434 64 0
0 85 64 127
0 655 64 0
0 93 64 127
0 617 64 0
0 117 64 127
0 613 64 0
0 93 64 127
0 613 64 0
0 86 64 127
0 648 64 0
0 93 64 127
0 614 64 0
0 127 64 127
0 606 64 0
0 93 64 127
0 615 64 0
0 129 64 127
0 600 64 0
0 132 64 127
0 574 64 0
0 104 64 127
0 633 64 0
0 167 64 127
0 540 64 0
0 113 64 127
0 620 64 0
0 93 64 127
0 614 64 0
0 140 64 127
0 593 64 0
0 127 64 127
0 580 64 0
0 193 64 127
0 540 64 0
0 140 64 127
0 567 64 0
0 92 64 127
0 1356 64 0
0 76 64 127
0 887 64 0
0 131 64 127
0 588 64 0
0 91 64 127
0 631 64 0
0 81 64 127
0 632 64 0
0 104 64 127
0 616 64 0
0 129 64 127
0 594 64 0
0 118 64 127
0 609 64 0
0 127 64 127
0 349 64 0
0 508 64 127
0 286 64 0
0 405 64 127
0 292 64 0
0 463 64 127
0 263 64 0
0 457 64 127
0 263 64 0
0 417 64 127
0 314 64 0
0 451 64 127
0 275 64 0
0 445 64 127
0 252 64 0
0 480 64 127
0 206 64 0
0 514 64 127
0 206 64 0
0 502 64 127
0 252 64 0
0 468 64 127
0 252 64 0
0 401 64 127
0 2431 64 0
0 313 64 127
0 1122 64 0
0 331 64 127
0 388 64 0
0 159 64 127
0 566 64 0
0 194 64 127
0 513 64 0
0 180 64 127
0 2333 64 0
1 0 0 0
