0 0 7 100
0 0 10 64
0 0 91 127
0.5 660 72 29
0.5 20 77 29
0.5 20 81 29
0.5 20 84 36
0.5 240 84 0
0.5 0 72 0
0.5 0 77 0
0.5 0 81 0
0.5 0 81 27
0.5 0 84 34
0.5 0 77 27
0.5 0 72 27
0.5 240 72 0
0.5 0 81 0
0.5 0 84 0
0.5 0 77 0
0.5 0 84 34
0.5 0 72 27
0.5 0 81 27
0.5 0 77 27
0.5 180 77 0
0.5 0 84 0
0.5 0 72 0
0.5 0 81 0
0.5 0 72 29
0.5 20 77 29
0.5 20 81 29
0.5 20 84 36
0.5 240 84 0
0.5 0 72 0
0.5 0 77 0
0.5 0 81 0
0.5 0 77 27
0.5 0 72 27
0.5 0 84 34
0.5 0 81 27
0.5 240 81 0
0.5 0 77 0
0.5 0 72 0
0.5 0 84 0
0.5 0 77 27
0.5 0 84 34
0.5 0 81 27
0.5 0 72 27
0.5 180 72 0
0.5 0 77 0
0.5 0 84 0
0.5 0 81 0
0.5 0 72 29
0.5 20 77 29
0.5 20 81 29
0.5 20 84 36
0.5 240 84 0
0.5 0 72 0
0.5 0 77 0
0.5 0 81 0
0.5 0 81 27
0.5 0 84 34
0.5 0 72 27
0.5 0 77 27
0.5 240 77 0
0.5 0 81 0
0.5 0 84 0
0.5 0 72 0
0.5 0 81 27
0.5 0 77 27
0.5 0 84 34
0.5 0 72 27
0.5 180 72 0
0.5 0 81 0
0.5 0 77 0
0.5 0 84 0
0.5 0 72 29
0.5 20 77 29
0.5 20 81 29
0.5 20 84 36
0.5 240 84 0
0.5 0 72 0
0.5 0 77 0
0.5 0 81 0
0.5 0 81 27
0.5 0 84 34
0.5 0 77 27
0.5 0 72 27
0.5 240 72 0
0.5 0 81 0
0.5 0 84 0
0.5 0 77 0
0.5 0 84 34
0.5 0 72 27
0.5 0 81 27
0.5 0 77 27
0.5 180 77 0
0.5 0 84 0
0.5 0 72 0
0.5 0 81 0
0.5 0 72 29
0.5 20 77 29
0.5 20 81 29
0.5 20 84 36
0.5 240 84 0
0.5 0 72 0
0.5 0 77 0
0.5 0 81 0
0.5 0 77 27
0.5 0 72 27
0.5 0 84 34
0.5 0 81 27
0.5 240 81 0
0.5 0 77 0
0.5 0 72 0
0.5 0 84 0
0.5 0 77 27
0.5 0 84 34
0.5 0 81 27
0.5 0 72 27
0.5 180 72 0
0.5 0 77 0
0.5 0 84 0
0.5 0 81 0
0.5 0 72 29
0.5 20 77 29
0.5 20 81 29
0.5 20 84 36
0.5 240 84 0
0.5 0 72 0
0.5 0 77 0
0.5 0 81 0
0.5 0 84 34
0.5 0 72 27
0.5 0 81 27
0.5 0 77 27
0.5 240 77 0
0.5 0 84 0
0.5 0 72 0
0.5 0 81 0
0.5 0 77 27
0.5 0 72 27
0.5 0 84 34
0.5 0 81 27
0.5 180 81 0
0.5 0 77 0
0.5 0 72 0
0.5 0 84 0
0.5 0 72 29
0.5 20 77 29
0.5 20 81 29
0.5 20 84 36
0.5 240 84 0
0.5 0 72 0
0.5 0 77 0
0.5 0 81 0
0.5 0 81 27
0.5 0 77 27
0.5 0 84 34
0.5 0 72 27
0.5 240 72 0
0.5 0 81 0
0.5 0 77 0
0.5 0 84 0
0.5 0 81 27
0.5 0 84 34
0.5 0 72 27
0.5 0 77 27
0.5 180 77 0
0.5 0 81 0
0.5 0 84 0
0.5 0 72 0
0.5 0 72 29
0.5 20 77 29
0.5 20 81 29
0.5 20 84 36
0.5 240 84 0
0.5 0 72 0
0.5 0 77 0
0.5 0 81 0
0.5 0 84 34
0.5 0 72 27
0.5 0 77 27
0.5 0 81 27
0.5 240 81 0
0.5 0 84 0
0.5 0 72 0
0.5 0 77 0
0.5 0 81 27
0.5 0 84 34
0.5 0 77 27
0.5 0 72 27
0.5 180 72 0
0.5 0 81 0
0.5 0 84 0
0.5 0 77 0
0.5 0 76 29
0.5 0 72 29
0.5 60 84 36
0.5 0 82 29
0.5 220 76 0
0.5 20 72 0
0.5 0 84 0
0.5 0 84 34
0.5 0 72 27
0.5 0 82 27
0.5 0 76 27
0.5 20 82 0
0.5 220 82 0
0.5 0 84 0
0.5 0 72 0
0.5 0 76 0
0.5 0 76 27
0.5 0 72 27
0.5 0 84 34
0.5 0 82 27
0.5 180 82 0
0.5 0 76 0
0.5 0 72 0
0.5 0 84 0
0.5 0 76 29
0.5 0 72 29
0.5 60 82 29
0.5 0 84 36
0.5 220 76 0
0.5 20 72 0
0.5 0 84 0
0.5 0 82 27
0.5 0 76 27
0.5 0 84 34
0.5 0 72 27
0.5 20 82 0
0.5 220 84 0
0.5 0 82 0
0.5 0 76 0
0.5 0 72 0
0.5 0 82 27
0.5 0 84 34
0.5 0 72 27
0.5 0 76 27
0.5 180 76 0
0.5 0 82 0
0.5 0 84 0
0.5 0 72 0
0.5 0 76 29
0.5 0 72 29
0.5 60 84 36
0.5 0 82 29
0.5 220 76 0
0.5 20 72 0
0.5 0 84 0
0.5 0 84 34
0.5 0 72 27
0.5 0 82 27
0.5 0 76 27
0.5 20 82 0
0.5 220 82 0
0.5 0 84 0
0.5 0 72 0
0.5 0 76 0
0.5 0 76 27
0.5 0 72 27
0.5 0 84 34
0.5 0 82 27
0.5 180 82 0
0.5 0 76 0
0.5 0 72 0
0.5 0 84 0
0.5 0 76 29
0.5 0 72 29
0.5 60 82 29
0.5 0 84 36
0.5 220 76 0
0.5 20 72 0
0.5 0 84 0
0.5 0 82 27
0.5 0 76 27
0.5 0 84 34
0.5 0 72 27
0.5 20 82 0
0.5 220 84 0
0.5 0 82 0
0.5 0 76 0
0.5 0 72 0
0.5 0 82 27
0.5 0 84 34
0.5 0 72 27
0.5 0 76 27
0.5 180 76 0
0.5 0 82 0
0.5 0 84 0
0.5 0 72 0
0.5 0 72 29
0.5 0 76 29
0.5 60 82 29
0.5 0 84 36
0.5 220 76 0
0.5 20 72 0
0.5 0 84 0
0.5 0 84 34
0.5 0 72 27
0.5 0 76 27
0.5 0 82 27
0.5 20 82 0
0.5 220 76 0
0.5 0 84 0
0.5 0 72 0
0.5 0 82 0
0.5 0 82 28
0.5 0 84 36
0.5 0 76 28
0.5 0 72 28
0.5 180 72 0
0.5 0 82 0
0.5 0 84 0
0.5 0 76 0
0.5 0 76 31
0.5 0 72 31
0.5 60 84 39
0.5 0 82 31
0.5 220 76 0
0.5 20 72 0
0.5 0 84 0
0.5 0 84 37
0.5 0 72 29
0.5 0 82 29
0.5 0 76 29
0.5 20 82 0
0.5 220 82 0
0.5 0 84 0
0.5 0 72 0
0.5 0 76 0
0.5 0 76 29
0.5 0 72 29
0.5 0 84 37
0.5 0 82 29
0.5 180 82 0
0.5 0 76 0
0.5 0 72 0
0.5 0 84 0
0.5 0 76 31
0.5 0 72 31
0.5 60 82 29
0.5 0 84 36
0.5 220 76 0
0.5 20 72 0
0.5 0 84 0
0.5 0 82 27
0.5 0 76 27
0.5 0 84 34
0.5 0 72 27
0.5 20 82 0
0.5 220 84 0
0.5 0 82 0
0.5 0 76 0
0.5 0 72 0
0.5 0 82 27
0.5 0 84 34
0.5 0 72 27
0.5 0 76 27
0.5 180 76 0
0.5 0 82 0
0.5 0 84 0
0.5 0 72 0
0.5 0 76 29
0.5 0 72 29
0.5 60 84 36
0.5 0 82 29
0.5 220 76 0
0.5 20 72 0
0.5 0 84 0
0.5 0 76 27
0.5 0 84 34
0.5 0 82 27
0.5 0 72 27
0.5 20 82 0
0.5 220 82 0
0.5 0 76 0
0.5 0 84 0
0.5 0 72 0
0.5 0 82 27
0.5 0 76 27
0.5 0 84 34
0.5 0 72 27
0.5 180 72 0
0.5 0 82 0
0.5 0 76 0
0.5 0 84 0
0.5 0 72 29
0.5 20 77 29
0.5 20 81 29
0.5 20 84 36
0.5 240 84 0
0.5 0 72 0
0.5 0 77 0
0.5 0 81 0
0.5 0 81 27
0.5 0 84 34
0.5 0 77 27
0.5 0 72 27
0.5 240 72 0
0.5 0 81 0
0.5 0 84 0
0.5 0 77 0
0.5 0 84 34
0.5 0 72 27
0.5 0 81 27
0.5 0 77 27
0.5 180 77 0
0.5 0 84 0
0.5 0 72 0
0.5 0 81 0
0.5 0 72 29
0.5 20 77 29
0.5 20 81 29
0.5 20 84 36
0.5 240 84 0
0.5 0 72 0
0.5 0 77 0
0.5 0 81 0
0.5 0 77 27
0.5 0 72 27
0.5 0 84 34
0.5 0 81 27
0.5 240 81 0
0.5 0 77 0
0.5 0 72 0
0.5 0 84 0
0.5 0 84 34
0.5 0 72 27
0.5 0 81 27
0.5 0 77 27
0.5 180 77 0
0.5 0 84 0
0.5 0 72 0
0.5 0 81 0
0.5 0 72 29
0.5 20 77 29
0.5 20 81 29
0.5 20 84 36
0.5 240 84 0
0.5 0 72 0
0.5 0 77 0
0.5 0 81 0
0.5 0 77 27
0.5 0 84 34
0.5 0 81 27
0.5 0 72 27
0.5 240 72 0
0.5 0 77 0
0.5 0 84 0
0.5 0 81 0
0.5 0 81 27
0.5 0 77 27
0.5 0 84 34
0.5 0 72 27
0.5 180 72 0
0.5 0 81 0
0.5 0 77 0
0.5 0 84 0
0.5 0 72 29
0.5 20 77 29
0.5 20 81 29
0.5 20 84 36
0.5 240 84 0
0.5 0 72 0
0.5 0 77 0
0.5 0 81 0
0.5 0 81 27
0.5 0 84 34
0.5 0 77 27
0.5 0 72 27
0.5 240 72 0
0.5 0 81 0
0.5 0 84 0
0.5 0 77 0
0.5 0 84 34
0.5 0 72 27
0.5 0 77 27
0.5 0 81 27
0.5 180 81 0
0.5 0 84 0
0.5 0 72 0
0.5 0 77 0
0.5 0 72 29
0.5 20 75 29
0.5 20 80 29
0.5 20 84 36
0.5 240 84 0
0.5 0 72 0
0.5 0 75 0
0.5 0 80 0
0.5 0 75 27
0.5 0 84 33
0.5 0 80 27
0.5 0 72 27
0.5 240 72 0
0.5 0 75 0
0.5 0 84 0
0.5 0 80 0
0.5 0 80 27
0.5 0 75 27
0.5 0 84 33
0.5 0 72 27
0.5 180 72 0
0.5 0 80 0
0.5 0 75 0
0.5 0 84 0
0.5 0 72 29
0.5 20 75 29
0.5 20 80 29
0.5 20 84 36
0.5 240 84 0
0.5 0 72 0
0.5 0 75 0
0.5 0 80 0
0.5 0 80 27
0.5 0 84 33
0.5 0 75 27
0.5 0 72 27
0.5 240 72 0
0.5 0 80 0
0.5 0 84 0
0.5 0 75 0
0.5 0 84 33
0.5 0 72 27
0.5 0 80 27
0.5 0 75 27
0.5 180 75 0
0.5 0 84 0
0.5 0 72 0
0.5 0 80 0
0.5 0 72 29
0.5 20 75 29
0.5 20 80 29
0.5 20 84 36
0.5 240 84 0
0.5 0 72 0
0.5 0 75 0
0.5 0 80 0
0.5 0 75 27
0.5 0 72 27
0.5 0 84 33
0.5 0 80 27
0.5 240 80 0
0.5 0 75 0
0.5 0 72 0
0.5 0 84 0
0.5 0 84 33
0.5 0 72 27
0.5 0 80 27
0.5 0 75 27
0.5 180 75 0
0.5 0 84 0
0.5 0 72 0
0.5 0 80 0
0.5 0 72 29
0.5 20 75 29
0.5 20 80 29
0.5 20 84 36
0.5 240 84 0
0.5 0 72 0
0.5 0 75 0
0.5 0 80 0
0.5 0 75 27
0.5 0 84 33
0.5 0 80 27
0.5 0 72 27
0.5 240 72 0
0.5 0 75 0
0.5 0 84 0
0.5 0 80 0
0.5 0 80 27
0.5 0 75 27
0.5 0 84 33
0.5 0 72 27
0.5 240 72 0
0.5 0 80 0
0.5 0 75 0
0.5 0 84 0
0.5 0 76 29
0.5 0 72 29
0.5 0 84 36
0.5 0 82 29
0.5 240 82 0
0.5 0 76 0
0.5 0 72 0
0.5 0 84 0
0.5 0 82 27
0.5 0 84 34
0.5 0 76 27
0.5 0 72 27
0.5 240 72 0
0.5 0 82 0
0.5 0 84 0
0.5 0 76 0
0.5 0 84 34
0.5 0 72 27
0.5 0 76 27
0.5 0 82 27
0.5 240 82 0
0.5 0 84 0
0.5 0 72 0
0.5 0 76 0
0.5 0 76 29
0.5 0 82 29
0.5 0 72 29
0.5 0 84 36
0.5 240 84 0
0.5 0 76 0
0.5 0 82 0
0.5 0 72 0
0.5 0 82 28
0.5 0 84 35
0.5 0 72 28
0.5 0 76 28
0.5 240 76 0
0.5 0 82 0
0.5 0 84 0
0.5 0 72 0
0.5 0 82 30
0.5 0 84 37
0.5 0 76 30
0.5 0 72 30
0.5 240 72 0
0.5 0 82 0
0.5 0 84 0
0.5 0 76 0
0.5 0 72 34
0.5 0 84 40
0.5 0 77 34
0.5 0 81 34
0.5 240 81 0
0.5 0 72 0
0.5 0 84 0
0.5 0 77 0
0.5 0 84 38
0.5 0 72 30
0.5 0 81 30
0.5 0 77 30
0.5 240 77 0
0.5 0 84 0
0.5 0 72 0
0.5 0 81 0
0.5 0 77 30
0.5 0 72 30
0.5 0 84 38
0.5 0 81 30
0.5 240 81 0
0.5 0 77 0
0.5 0 72 0
0.5 0 84 0
0.5 0 78 34
0.5 0 72 34
0.5 0 74 34
0.5 0 86 40
0.5 0 81 34
0.5 240 81 0
0.5 0 74 0
0.5 0 78 0
0.5 0 72 0
0.5 0 86 0
0.5 0 86 38
0.5 0 81 30
0.5 0 74 30
0.5 0 78 30
0.5 0 72 30
0.5 240 72 0
0.5 0 74 0
0.5 0 86 0
0.5 0 81 0
0.5 0 78 0
0.5 0 72 30
0.5 0 78 30
0.5 0 74 30
0.5 0 86 38
0.5 0 81 30
0.5 240 81 0
0.5 0 74 0
0.5 0 72 0
0.5 0 78 0
0.5 0 86 0
0.5 0 79 34
0.5 0 70 34
0.5 0 74 34
0.5 0 82 40
0.5 240 82 0
0.5 0 79 0
0.5 0 70 0
0.5 0 74 0
0.5 0 79 30
0.5 0 74 30
0.5 0 82 38
0.5 0 70 30
0.5 240 70 0
0.5 0 79 0
0.5 0 74 0
0.5 0 82 0
0.5 0 79 30
0.5 0 82 38
0.5 0 70 30
0.5 0 74 30
0.5 240 74 0
0.5 0 79 0
0.5 0 82 0
0.5 0 70 0
0.5 0 72 34
0.5 0 70 34
0.5 0 76 34
0.5 0 82 40
0.5 240 82 0
0.5 0 72 0
0.5 0 70 0
0.5 0 76 0
0.5 0 82 38
0.5 0 70 30
0.5 0 72 30
0.5 0 76 30
0.5 240 76 0
0.5 0 82 0
0.5 0 70 0
0.5 0 72 0
0.5 0 72 30
0.5 0 70 30
0.5 0 76 30
0.5 0 82 38
0.5 240 82 0
0.5 0 72 0
0.5 0 70 0
0.5 0 76 0
0.5 0 77 34
0.5 0 69 28
0.5 0 72 28
0.5 0 81 40
0.5 240 81 0
0.5 0 77 0
0.5 0 69 0
0.5 0 72 0
0.5 0 77 27
0.5 0 72 23
0.5 0 81 34
0.5 0 69 23
0.5 240 69 0
0.5 0 77 0
0.5 0 72 0
0.5 0 81 0
0.5 0 77 27
0.5 0 81 34
0.5 0 69 23
0.5 0 72 23
0.5 240 72 0
0.5 0 77 0
0.5 0 81 0
0.5 0 69 0
0.5 0 72 26
0.5 0 69 26
0.5 0 77 31
0.5 0 81 31
0.5 240 81 0
0.5 0 72 0
0.5 0 69 0
0.5 0 77 0
0.5 0 81 29
0.5 0 69 24
0.5 0 77 29
0.5 0 72 24
0.5 240 72 0
0.5 0 81 0
0.5 0 69 0
0.5 0 77 0
0.5 0 81 29
0.5 0 69 24
0.5 0 77 29
0.5 0 72 24
0.5 240 72 0
0.5 0 81 0
0.5 0 69 0
0.5 0 77 0
0.5 0 77 29
0.5 0 81 36
0.5 0 69 25
0.5 0 73 25
0.5 240 73 0
0.5 0 77 0
0.5 0 81 0
0.5 0 69 0
0.5 0 81 29
0.5 0 69 19
0.5 0 77 24
0.5 0 73 19
0.5 240 73 0
0.5 0 81 0
0.5 0 69 0
0.5 0 77 0
0.5 0 73 19
0.5 0 69 19
0.5 0 81 29
0.5 0 77 24
0.5 240 77 0
0.5 0 73 0
0.5 0 69 0
0.5 0 81 0
0.5 0 77 28
0.5 0 69 23
0.5 0 73 23
0.5 0 81 28
0.5 240 81 0
0.5 0 77 0
0.5 0 69 0
0.5 0 73 0
0.5 0 77 26
0.5 0 73 20
0.5 0 81 26
0.5 0 69 20
0.5 240 69 0
0.5 0 77 0
0.5 0 73 0
0.5 0 81 0
0.5 0 77 26
0.5 0 81 26
0.5 0 69 20
0.5 0 73 20
0.5 240 73 0
0.5 0 77 0
0.5 0 81 0
0.5 0 69 0
0.5 0 72 27
0.5 0 69 27
0.5 0 77 33
0.5 0 81 38
0.5 240 81 0
0.5 0 72 0
0.5 0 69 0
0.5 0 77 0
0.5 0 81 33
0.5 0 69 22
0.5 0 72 22
0.5 0 77 26
0.5 240 77 0
0.5 0 81 0
0.5 0 69 0
0.5 0 72 0
0.5 0 77 26
0.5 0 72 22
0.5 0 81 33
0.5 0 69 22
0.5 240 69 0
0.5 0 77 0
0.5 0 72 0
0.5 0 81 0
0.5 0 72 26
0.5 0 69 26
0.5 0 81 31
0.5 0 77 31
0.5 240 77 0
0.5 0 72 0
0.5 0 69 0
0.5 0 81 0
0.5 0 77 29
0.5 0 81 29
0.5 0 72 24
0.5 0 69 24
0.5 240 69 0
0.5 0 77 0
0.5 0 81 0
0.5 0 72 0
0.5 0 81 29
0.5 0 69 24
0.5 0 77 29
0.5 0 72 24
0.5 240 72 0
0.5 0 81 0
0.5 0 69 0
0.5 0 77 0
0.5 0 69 25
0.5 0 81 36
0.5 0 73 25
0.5 0 77 29
0.5 240 77 0
0.5 0 69 0
0.5 0 81 0
0.5 0 73 0
0.5 0 73 19
0.5 0 69 19
0.5 0 81 29
0.5 0 77 24
0.5 240 77 0
0.5 0 73 0
0.5 0 69 0
0.5 0 81 0
0.5 0 73 19
0.5 0 81 29
0.5 0 77 24
0.5 0 69 19
0.5 240 69 0
0.5 0 73 0
0.5 0 81 0
0.5 0 77 0
0.5 0 77 28
0.5 0 81 28
0.5 0 73 23
0.5 0 69 23
0.5 240 69 0
0.5 0 77 0
0.5 0 81 0
0.5 0 73 0
0.5 0 73 20
0.5 0 81 26
0.5 0 77 26
0.5 0 69 20
0.5 240 69 0
0.5 0 73 0
0.5 0 81 0
0.5 0 77 0
0.5 0 77 26
0.5 0 73 20
0.5 0 81 26
0.5 0 69 20
0.5 240 69 0
0.5 0 77 0
0.5 0 73 0
0.5 0 81 0
0.5 0 72 29
0.5 0 69 29
0.5 0 81 29
0.5 0 77 29
0.5 240 77 0
0.5 0 72 0
0.5 0 69 0
0.5 0 81 0
0.5 0 77 27
0.5 0 81 27
0.5 0 72 27
0.5 0 69 27
0.5 240 69 0
0.5 0 77 0
0.5 0 81 0
0.5 0 72 0
0.5 0 81 27
0.5 0 69 27
0.5 0 77 27
0.5 0 72 27
0.5 240 72 0
0.5 0 81 0
0.5 0 69 0
0.5 0 77 0
0.5 0 69 26
0.5 0 81 26
0.5 0 72 26
0.5 0 77 26
0.5 240 77 0
0.5 0 69 0
0.5 0 81 0
0.5 0 72 0
0.5 3360 77 57
0.5 720 77 0
0.5 0 76 55
0.5 480 76 0
0.5 0 72 52
0.5 240 72 0
0.5 5 84 58
0.5 715 84 0
0.5 120 79 53
0.5 120 79 0
0.5 0 80 56
0.5 120 80 0
0.5 0 82 50
0.5 60 82 0
0.5 0 80 41
0.5 30 80 0
0.5 0 82 41
0.5 30 82 0
0.5 0 80 49
0.5 120 80 0
0.5 0 79 50
0.5 120 79 0
0.5 0 84 53
0.5 120 84 0
0.5 0 77 53
0.5 120 77 0
0.5 0 79 56
0.5 120 79 0
0.5 0 80 50
0.5 60 80 0
0.5 0 79 44
0.5 30 79 0
0.5 0 80 41
0.5 30 80 0
0.5 0 79 52
0.5 120 79 0
0.5 0 77 50
0.5 120 77 0
0.5 0 76 53
0.5 120 76 0
0.5 0 72 53
0.5 120 72 0
0.5 0 71 56
0.5 120 71 0
0.5 0 72 50
0.5 120 72 0
0.5 0 75 52
0.5 120 75 0
0.5 0 73 50
0.5 120 73 0
0.5 0 72 49
0.5 120 72 0
0.5 0 65 49
0.5 120 65 0
0.5 0 67 51
0.5 120 67 0
0.5 0 68 46
0.5 60 68 0
0.5 0 67 40
0.5 30 67 0
0.5 0 68 38
0.5 30 68 0
0.5 0 67 48
0.5 120 67 0
0.5 0 65 46
0.5 120 65 0
0.5 0 64 49
0.5 120 64 0
0.5 0 61 49
0.5 120 61 0
0.5 0 60 49
0.5 120 60 0
0.5 0 58 39
0.5 120 58 0
0.5 0 56 44
0.5 120 56 0
0.5 0 55 38
0.5 120 55 0
0.5 0 77 50
0.5 720 77 0
0.5 0 76 49
0.5 480 76 0
0.5 0 72 47
0.5 240 72 0
0.5 0 84 51
0.5 720 84 0
0.5 120 79 48
0.5 120 79 0
0.5 0 81 49
0.5 120 81 0
0.5 0 82 45
0.5 60 82 0
0.5 0 81 37
0.5 30 81 0
0.5 0 82 37
0.5 30 82 0
0.5 0 81 44
0.5 120 81 0
0.5 0 79 45
0.5 120 79 0
0.5 0 84 48
0.5 120 84 0
0.5 0 77 48
0.5 120 77 0
0.5 0 79 49
0.5 120 79 0
0.5 0 81 45
0.5 60 81 0
0.5 0 79 39
0.5 30 79 0
0.5 0 81 37
0.5 30 81 0
0.5 0 79 47
0.5 120 79 0
0.5 0 77 45
0.5 120 77 0
0.5 0 82 48
0.5 0 76 48
0.5 120 76 0
0.5 0 74 48
0.5 120 74 0
0.5 0 76 49
0.5 120 76 0
0.5 0 72 45
0.5 120 72 0
0.5 0 82 0
0.5 0 81 45
0.5 0 70 47
0.5 120 70 0
0.5 0 72 45
0.5 120 72 0
0.5 0 81 0
0.5 0 69 44
0.5 0 77 44
0.5 1440 77 0
0.5 0 69 0
0.5 0 65 57
0.5 720 65 0
0.5 0 63 55
0.5 238 63 0
0.5 242 57 52
0.5 180 57 0
0.5 0 56 51
0.5 60 68 58
0.5 20 56 0
0.5 700 68 0
0.5 120 66 53
0.5 120 66 0
0.5 0 68 53
0.5 120 68 0
0.5 0 69 50
0.5 60 69 0
0.5 0 68 41
0.5 30 68 0
0.5 0 69 41
0.5 30 69 0
0.5 0 68 49
0.5 120 68 0
0.5 0 66 50
0.5 120 66 0
0.5 0 65 53
0.5 120 65 0
0.5 0 66 53
0.5 120 66 0
0.5 0 68 56
0.5 120 68 0
0.5 0 66 50
0.5 120 66 0
0.5 0 65 52
0.5 120 65 0
0.5 0 68 50
0.5 60 68 0
0.5 0 66 46
0.5 30 66 0
0.5 0 68 46
0.5 30 68 0
0.5 0 66 55
0.5 120 66 0
0.5 0 65 51
0.5 120 65 0
0.5 0 63 55
0.5 120 65 50
0.5 120 65 0
0.5 0 66 52
0.5 120 66 0
0.5 0 63 0
0.5 0 63 50
0.5 120 63 0
0.5 0 65 49
0.5 360 65 0
0.5 0 56 46
0.5 120 56 0
0.5 0 61 48
0.5 240 61 0
0.5 120 59 41
0.5 120 59 0
0.5 0 57 49
0.5 120 57 0
0.5 0 56 40
0.5 120 56 0
0.5 0 57 47
0.5 120 57 0
0.5 0 59 40
0.5 60 59 0
0.5 0 56 53
0.5 60 65 57
0.5 20 56 0
0.5 700 65 0
0.5 0 63 55
0.5 238 63 0
0.5 242 57 52
0.5 180 57 0
0.5 0 56 51
0.5 60 68 58
0.5 20 56 0
0.5 700 68 0
0.5 120 66 53
0.5 120 66 0
0.5 0 68 53
0.5 120 68 0
0.5 0 69 56
0.5 120 69 0
0.5 0 71 59
0.5 120 71 0
0.5 0 73 61
0.5 60 73 0
0.5 0 71 53
0.5 30 71 0
0.5 0 73 53
0.5 30 73 0
0.5 0 71 62
0.5 120 71 0
0.5 0 69 57
0.5 120 69 0
0.5 0 68 62
0.5 120 68 0
0.5 0 66 58
0.5 120 66 0
0.5 0 68 60
0.5 120 68 0
0.5 0 69 56
0.5 60 69 0
0.5 0 66 51
0.5 30 66 0
0.5 0 68 52
0.5 30 68 0
0.5 0 66 58
0.5 120 66 0
0.5 0 65 52
0.5 120 65 0
0.5 0 63 51
0.5 120 65 44
0.5 120 65 0
0.5 0 66 49
0.5 120 66 0
0.5 0 68 44
0.5 120 68 0
0.5 0 63 0
0.5 0 73 26
0.5 0 68 26
0.5 0 65 26
0.5 0 77 31
0.5 240 77 0
0.5 0 73 0
0.5 0 68 0
0.5 0 65 0
0.5 0 77 29
0.5 0 73 24
0.5 0 68 24
0.5 0 65 24
0.5 240 65 0
0.5 0 77 0
0.5 0 73 0
0.5 0 68 0
0.5 0 77 29
0.5 0 73 24
0.5 0 68 24
0.5 0 65 24
0.5 240 65 0
0.5 0 77 0
0.5 0 73 0
0.5 0 68 0
0.5 0 73 26
0.5 0 68 26
0.5 0 65 26
0.5 0 77 31
0.5 240 77 0
0.5 0 73 0
0.5 0 68 0
0.5 0 65 0
0.5 0 77 29
0.5 0 73 24
0.5 0 68 24
0.5 0 65 24
0.5 240 65 0
0.5 0 77 0
0.5 0 73 0
0.5 0 68 0
0.5 0 77 29
0.5 0 73 24
0.5 0 68 24
0.5 0 65 24
0.5 240 65 0
0.5 0 77 0
0.5 0 73 0
0.5 0 68 0
0.5 0 73 26
0.5 0 68 26
0.5 0 65 26
0.5 0 77 31
0.5 240 77 0
0.5 0 73 0
0.5 0 68 0
0.5 0 65 0
0.5 0 77 29
0.5 0 73 24
0.5 0 68 24
0.5 0 65 24
0.5 240 65 0
0.5 0 77 0
0.5 0 73 0
0.5 0 68 0
0.5 0 77 29
0.5 0 73 24
0.5 0 68 24
0.5 0 65 24
0.5 240 65 0
0.5 0 77 0
0.5 0 73 0
0.5 0 68 0
0.5 0 73 26
0.5 0 68 26
0.5 0 65 26
0.5 0 77 31
0.5 240 77 0
0.5 0 73 0
0.5 0 68 0
0.5 0 65 0
0.5 0 77 29
0.5 0 73 24
0.5 0 68 24
0.5 0 65 24
0.5 240 65 0
0.5 0 77 0
0.5 0 73 0
0.5 0 68 0
0.5 0 77 29
0.5 0 73 24
0.5 0 68 24
0.5 0 65 24
0.5 240 65 0
0.5 0 77 0
0.5 0 73 0
0.5 0 68 0
0.5 0 73 26
0.5 0 68 26
0.5 0 65 26
0.5 0 77 31
0.5 240 77 0
0.5 0 73 0
0.5 0 68 0
0.5 0 65 0
0.5 0 77 29
0.5 0 73 24
0.5 0 68 24
0.5 0 65 24
0.5 240 65 0
0.5 0 77 0
0.5 0 73 0
0.5 0 68 0
0.5 0 77 29
0.5 0 73 24
0.5 0 68 24
0.5 0 65 24
0.5 240 65 0
0.5 0 77 0
0.5 0 73 0
0.5 0 68 0
0.5 0 73 26
0.5 0 68 26
0.5 0 65 26
0.5 0 77 31
0.5 240 77 0
0.5 0 73 0
0.5 0 68 0
0.5 0 65 0
0.5 0 77 29
0.5 0 73 24
0.5 0 68 24
0.5 0 65 24
0.5 240 65 0
0.5 0 77 0
0.5 0 73 0
0.5 0 68 0
0.5 0 77 29
0.5 0 73 24
0.5 0 68 24
0.5 0 65 24
0.5 240 65 0
0.5 0 77 0
0.5 0 73 0
0.5 0 68 0
0.5 0 73 26
0.5 0 68 26
0.5 0 65 26
0.5 0 77 31
0.5 240 77 0
0.5 0 73 0
0.5 0 68 0
0.5 0 65 0
0.5 0 77 29
0.5 0 73 24
0.5 0 68 24
0.5 0 65 24
0.5 240 65 0
0.5 0 77 0
0.5 0 73 0
0.5 0 68 0
0.5 0 77 29
0.5 0 73 24
0.5 0 68 24
0.5 0 65 24
0.5 240 65 0
0.5 0 77 0
0.5 0 73 0
0.5 0 68 0
0.5 0 73 26
0.5 0 68 26
0.5 0 65 26
0.5 0 77 31
0.5 240 77 0
0.5 0 73 0
0.5 0 68 0
0.5 0 65 0
0.5 0 77 29
0.5 0 73 24
0.5 0 68 24
0.5 0 65 24
0.5 240 65 0
0.5 0 77 0
0.5 0 73 0
0.5 0 68 0
0.5 0 77 29
0.5 0 73 24
0.5 0 68 24
0.5 0 65 24
0.5 240 65 0
0.5 0 77 0
0.5 0 73 0
0.5 0 68 0
0.5 0 73 26
0.5 0 67 26
0.5 0 65 26
0.5 0 77 31
0.5 240 77 0
0.5 0 73 0
0.5 0 67 0
0.5 0 65 0
0.5 0 77 29
0.5 0 73 24
0.5 0 67 24
0.5 0 65 24
0.5 240 65 0
0.5 0 77 0
0.5 0 73 0
0.5 0 67 0
0.5 0 77 29
0.5 0 73 24
0.5 0 67 24
0.5 0 65 24
0.5 240 65 0
0.5 0 77 0
0.5 0 73 0
0.5 0 67 0
0.5 0 73 26
0.5 0 67 26
0.5 0 65 26
0.5 0 77 31
0.5 240 77 0
0.5 0 73 0
0.5 0 67 0
0.5 0 65 0
0.5 0 77 29
0.5 0 73 24
0.5 0 67 24
0.5 0 65 24
0.5 240 65 0
0.5 0 77 0
0.5 0 73 0
0.5 0 67 0
0.5 0 77 29
0.5 0 73 24
0.5 0 67 24
0.5 0 65 24
0.5 240 65 0
0.5 0 77 0
0.5 0 73 0
0.5 0 67 0
0.5 0 73 26
0.5 0 67 26
0.5 0 65 26
0.5 0 77 31
0.5 240 77 0
0.5 0 73 0
0.5 0 67 0
0.5 0 65 0
0.5 0 77 29
0.5 0 73 24
0.5 0 67 24
0.5 0 65 24
0.5 240 65 0
0.5 0 77 0
0.5 0 73 0
0.5 0 67 0
0.5 0 77 29
0.5 0 73 24
0.5 0 67 24
0.5 0 65 24
0.5 240 65 0
0.5 0 77 0
0.5 0 73 0
0.5 0 67 0
0.5 0 73 26
0.5 0 67 26
0.5 0 70 26
0.5 0 76 31
0.5 240 76 0
0.5 0 73 0
0.5 0 67 0
0.5 0 70 0
0.5 0 76 29
0.5 0 73 24
0.5 0 67 24
0.5 0 70 24
0.5 240 70 0
0.5 0 76 0
0.5 0 73 0
0.5 0 67 0
0.5 0 76 29
0.5 0 73 24
0.5 0 67 24
0.5 0 70 24
0.5 240 70 0
0.5 0 76 0
0.5 0 73 0
0.5 0 67 0
0.5 0 77 57
0.5 720 77 0
0.5 0 76 55
0.5 480 76 0
0.5 0 72 52
0.5 240 72 0
0.5 5 84 58
0.5 715 84 0
0.5 120 79 53
0.5 120 79 0
0.5 0 80 56
0.5 120 80 0
0.5 0 82 50
0.5 60 82 0
0.5 0 80 41
0.5 30 80 0
0.5 0 82 41
0.5 30 82 0
0.5 0 80 49
0.5 120 80 0
0.5 0 79 50
0.5 120 79 0
0.5 0 84 53
0.5 120 84 0
0.5 0 77 53
0.5 120 77 0
0.5 0 79 56
0.5 120 79 0
0.5 0 80 50
0.5 60 80 0
0.5 0 79 44
0.5 30 79 0
0.5 0 80 41
0.5 30 80 0
0.5 0 79 52
0.5 120 79 0
0.5 0 77 50
0.5 120 77 0
0.5 0 76 53
0.5 120 76 0
0.5 0 72 53
0.5 120 72 0
0.5 0 71 56
0.5 120 71 0
0.5 0 72 50
0.5 120 72 0
0.5 0 75 52
0.5 120 75 0
0.5 0 73 50
0.5 120 73 0
0.5 0 72 49
0.5 120 65 49
0.5 120 65 0
0.5 0 67 51
0.5 120 67 0
0.5 0 68 46
0.5 60 68 0
0.5 0 67 40
0.5 30 67 0
0.5 0 68 38
0.5 30 68 0
0.5 0 67 48
0.5 120 67 0
0.5 0 65 46
0.5 120 65 0
0.5 0 64 49
0.5 120 64 0
0.5 0 61 49
0.5 120 61 0
0.5 0 60 49
0.5 120 60 0
0.5 0 58 39
0.5 120 58 0
0.5 0 56 44
0.5 120 56 0
0.5 0 55 38
0.5 120 55 0
0.5 0 72 0
0.5 0 77 50
0.5 720 77 0
0.5 0 76 49
0.5 480 76 0
0.5 0 72 47
0.5 240 72 0
0.5 0 84 51
0.5 720 84 0
0.5 120 79 48
0.5 120 79 0
0.5 0 81 49
0.5 120 81 0
0.5 0 82 45
0.5 60 82 0
0.5 0 81 37
0.5 30 81 0
0.5 0 82 37
0.5 30 82 0
0.5 0 81 44
0.5 120 81 0
0.5 0 79 45
0.5 120 79 0
0.5 0 84 48
0.5 120 84 0
0.5 0 77 48
0.5 120 77 0
0.5 0 79 49
0.5 120 79 0
0.5 0 81 45
0.5 60 81 0
0.5 0 79 39
0.5 30 79 0
0.5 0 81 37
0.5 30 81 0
0.5 0 79 47
0.5 120 79 0
0.5 0 77 45
0.5 120 77 0
0.5 0 82 48
0.5 0 76 48
0.5 120 76 0
0.5 0 74 48
0.5 120 74 0
0.5 0 76 49
0.5 120 76 0
0.5 0 72 45
0.5 120 72 0
0.5 0 82 0
0.5 0 81 45
0.5 0 70 47
0.5 120 70 0
0.5 0 72 45
0.5 120 72 0
0.5 0 81 0
0.5 0 69 44
0.5 0 77 44
0.5 959 69 0
0.5 481 77 0
0.5 0 57 46
0.5 0 61 46
0.5 0 69 56
0.5 120 69 0
0.5 0 67 52
0.5 120 67 0
0.5 0 65 51
0.5 480 61 0
0.5 0 57 0
0.5 720 65 0
0.5 0 57 46
0.5 0 60 46
0.5 0 69 56
0.5 120 69 0
0.5 0 67 52
0.5 120 67 0
0.5 0 65 51
0.5 480 60 0
0.5 0 57 0
0.5 720 65 0
0.5 0 57 42
0.5 0 61 42
0.5 0 69 51
0.5 120 69 0
0.5 0 67 48
0.5 120 67 0
0.5 0 65 47
0.5 480 61 0
0.5 0 57 0
0.5 720 65 0
0.5 0 57 42
0.5 0 60 42
0.5 0 69 51
0.5 120 69 0
0.5 0 67 48
0.5 120 67 0
0.5 0 65 47
0.5 480 60 0
0.5 0 57 0
0.5 720 65 0
0.5 0 61 56
0.5 0 65 56
0.5 120 65 0
0.5 0 61 0
0.5 0 63 52
0.5 120 63 0
0.5 0 61 51
0.5 480 61 0
0.5 0 61 51
0.5 0 65 51
0.5 120 65 0
0.5 0 61 0
0.5 0 63 48
0.5 120 63 0
0.5 0 61 47
0.5 480 61 0
0.5 480 55 41
0.5 0 60 41
0.5 0 64 41
0.5 0 67 52
0.5 480 67 0
0.5 0 55 0
0.5 0 60 0
0.5 0 64 0
0.5 0 55 33
0.5 0 61 33
0.5 0 65 33
0.5 0 67 42
0.5 480 67 0
0.5 0 55 0
0.5 0 61 0
0.5 0 65 0
0.5 480 55 41
0.5 0 60 41
0.5 0 64 41
0.5 0 67 52
0.5 480 67 0
0.5 0 55 0
0.5 0 60 0
0.5 0 64 0
0.5 0 55 33
0.5 0 61 33
0.5 0 65 33
0.5 0 67 42
0.5 480 67 0
0.5 0 55 0
0.5 0 61 0
0.5 0 65 0
0.5 240 53 40
0.5 120 53 0
0.5 0 55 37
0.5 120 55 0
0.5 0 58 43
0.5 120 58 0
0.5 0 61 40
0.5 120 61 0
0.5 0 55 43
0.5 0 52 43
0.5 120 52 0
0.5 0 55 0
0.5 0 60 39
0.5 120 60 0
0.5 0 65 49
0.5 120 65 0
0.5 0 67 46
0.5 120 67 0
0.5 0 70 50
0.5 120 70 0
0.5 0 73 48
0.5 120 73 0
0.5 0 67 52
0.5 0 64 52
0.5 120 64 0
0.5 0 67 0
0.5 0 72 48
0.5 120 72 0
0.5 0 77 53
0.5 120 77 0
0.5 0 79 50
0.5 120 79 0
0.5 0 82 56
0.5 120 82 0
0.5 0 85 52
0.5 120 85 0
0.5 0 84 55
0.5 0 76 55
0.5 120 76 0
0.5 0 84 0
0.5 0 79 50
0.5 120 79 0
0.5 0 74 52
0.5 0 82 52
0.5 120 82 0
0.5 0 74 0
0.5 0 76 42
0.5 120 76 0
0.5 0 70 48
0.5 0 81 48
0.5 120 81 0
0.5 0 70 0
0.5 0 72 37
0.5 60 72 26
0.5 20 77 26
0.5 20 81 26
0.5 20 72 0
0.5 0 84 31
0.5 240 84 0
0.5 0 81 0
0.5 0 77 0
0.5 0 72 0
0.5 0 84 29
0.5 0 81 24
0.5 0 77 24
0.5 0 72 24
0.5 240 72 0
0.5 0 84 0
0.5 0 81 0
0.5 0 77 0
0.5 0 84 29
0.5 0 81 24
0.5 0 77 24
0.5 0 72 24
0.5 180 72 0
0.5 0 84 0
0.5 0 81 0
0.5 0 77 0
0.5 0 72 26
0.5 20 77 26
0.5 20 81 26
0.5 20 84 31
0.5 240 84 0
0.5 0 72 0
0.5 0 77 0
0.5 0 81 0
0.5 0 84 29
0.5 0 81 24
0.5 0 77 24
0.5 0 72 24
0.5 240 72 0
0.5 0 84 0
0.5 0 81 0
0.5 0 77 0
0.5 0 84 29
0.5 0 81 24
0.5 0 77 24
0.5 0 72 24
0.5 180 72 0
0.5 0 84 0
0.5 0 81 0
0.5 0 77 0
0.5 0 72 26
0.5 20 77 26
0.5 20 81 26
0.5 20 84 31
0.5 240 84 0
0.5 0 72 0
0.5 0 77 0
0.5 0 81 0
0.5 0 84 29
0.5 0 81 24
0.5 0 77 24
0.5 0 72 24
0.5 240 72 0
0.5 0 84 0
0.5 0 81 0
0.5 0 77 0
0.5 0 84 29
0.5 0 81 24
0.5 0 77 24
0.5 0 72 24
0.5 180 72 0
0.5 0 84 0
0.5 0 81 0
0.5 0 77 0
0.5 0 72 26
0.5 20 77 26
0.5 20 81 26
0.5 20 84 31
0.5 240 84 0
0.5 0 72 0
0.5 0 77 0
0.5 0 81 0
0.5 0 84 29
0.5 0 81 24
0.5 0 77 24
0.5 0 72 24
0.5 240 72 0
0.5 0 84 0
0.5 0 81 0
0.5 0 77 0
0.5 0 84 29
0.5 0 81 24
0.5 0 77 24
0.5 0 72 24
0.5 180 72 0
0.5 0 84 0
0.5 0 81 0
0.5 0 77 0
0.5 0 72 26
0.5 20 77 26
0.5 20 81 26
0.5 20 84 31
0.5 240 84 0
0.5 0 72 0
0.5 0 77 0
0.5 0 81 0
0.5 0 84 29
0.5 0 81 24
0.5 0 77 24
0.5 0 72 24
0.5 240 72 0
0.5 0 84 0
0.5 0 81 0
0.5 0 77 0
0.5 0 84 29
0.5 0 81 24
0.5 0 77 24
0.5 0 72 24
0.5 180 72 0
0.5 0 84 0
0.5 0 81 0
0.5 0 77 0
0.5 0 72 26
0.5 20 77 26
0.5 20 81 26
0.5 20 84 31
0.5 240 84 0
0.5 0 72 0
0.5 0 77 0
0.5 0 81 0
0.5 0 84 29
0.5 0 81 24
0.5 0 77 24
0.5 0 72 24
0.5 240 72 0
0.5 0 84 0
0.5 0 81 0
0.5 0 77 0
0.5 0 84 29
0.5 0 81 24
0.5 0 77 24
0.5 0 72 24
0.5 180 72 0
0.5 0 84 0
0.5 0 81 0
0.5 0 77 0
0.5 0 72 26
0.5 20 77 26
0.5 20 81 26
0.5 20 84 31
0.5 240 84 0
0.5 0 72 0
0.5 0 77 0
0.5 0 81 0
0.5 0 84 29
0.5 0 81 24
0.5 0 77 24
0.5 0 72 24
0.5 240 72 0
0.5 0 84 0
0.5 0 81 0
0.5 0 77 0
0.5 0 84 29
0.5 0 81 24
0.5 0 77 24
0.5 0 72 24
0.5 180 72 0
0.5 0 84 0
0.5 0 81 0
0.5 0 77 0
0.5 0 72 26
0.5 20 77 26
0.5 20 81 26
0.5 20 84 31
0.5 240 84 0
0.5 0 72 0
0.5 0 77 0
0.5 0 81 0
0.5 0 84 29
0.5 0 81 24
0.5 0 77 24
0.5 0 72 24
0.5 240 72 0
0.5 0 84 0
0.5 0 81 0
0.5 0 77 0
0.5 0 84 29
0.5 0 81 24
0.5 0 77 24
0.5 0 72 24
0.5 180 72 0
0.5 0 84 0
0.5 0 81 0
0.5 0 77 0
0.5 0 76 26
0.5 0 72 26
0.5 60 82 26
0.5 0 84 31
0.5 220 76 0
0.5 20 72 0
0.5 0 84 0
0.5 0 84 29
0.5 0 82 24
0.5 0 76 24
0.5 0 72 24
0.5 20 82 0
0.5 220 76 0
0.5 0 84 0
0.5 0 82 0
0.5 0 72 0
0.5 0 84 29
0.5 0 82 24
0.5 0 76 24
0.5 0 72 24
0.5 180 72 0
0.5 0 84 0
0.5 0 82 0
0.5 0 76 0
0.5 0 76 26
0.5 0 72 26
0.5 60 82 26
0.5 0 84 31
0.5 220 76 0
0.5 20 72 0
0.5 0 84 0
0.5 0 84 29
0.5 0 82 24
0.5 0 76 24
0.5 0 72 24
0.5 20 82 0
0.5 220 76 0
0.5 0 84 0
0.5 0 82 0
0.5 0 72 0
0.5 0 84 29
0.5 0 82 24
0.5 0 76 24
0.5 0 72 24
0.5 180 72 0
0.5 0 84 0
0.5 0 82 0
0.5 0 76 0
0.5 0 76 26
0.5 0 72 26
0.5 60 82 26
0.5 0 84 31
0.5 220 76 0
0.5 20 72 0
0.5 0 84 0
0.5 0 84 29
0.5 0 82 24
0.5 0 76 24
0.5 0 72 24
0.5 20 82 0
0.5 220 76 0
0.5 0 84 0
0.5 0 82 0
0.5 0 72 0
0.5 0 84 29
0.5 0 82 24
0.5 0 76 24
0.5 0 72 24
0.5 180 72 0
0.5 0 84 0
0.5 0 82 0
0.5 0 76 0
0.5 0 76 26
0.5 0 72 26
0.5 60 82 26
0.5 0 84 31
0.5 220 76 0
0.5 20 72 0
0.5 0 84 0
0.5 0 84 29
0.5 0 82 24
0.5 0 76 24
0.5 0 72 24
0.5 20 82 0
0.5 220 76 0
0.5 0 84 0
0.5 0 82 0
0.5 0 72 0
0.5 0 84 29
0.5 0 82 24
0.5 0 76 24
0.5 0 72 24
0.5 180 72 0
0.5 0 84 0
0.5 0 82 0
0.5 0 76 0
0.5 0 76 26
0.5 0 72 26
0.5 60 82 26
0.5 0 84 31
0.5 220 76 0
0.5 20 72 0
0.5 0 84 0
0.5 0 84 29
0.5 0 82 24
0.5 0 76 24
0.5 0 72 24
0.5 20 82 0
0.5 220 76 0
0.5 0 84 0
0.5 0 82 0
0.5 0 72 0
0.5 0 84 31
0.5 0 82 25
0.5 0 76 25
0.5 0 72 25
0.5 180 72 0
0.5 0 84 0
0.5 0 82 0
0.5 0 76 0
0.5 0 76 28
0.5 0 72 28
0.5 60 82 28
0.5 0 84 35
0.5 220 76 0
0.5 20 72 0
0.5 0 84 0
0.5 0 84 33
0.5 0 82 26
0.5 0 76 26
0.5 0 72 26
0.5 20 82 0
0.5 220 76 0
0.5 0 84 0
0.5 0 82 0
0.5 0 72 0
0.5 0 84 33
0.5 0 82 26
0.5 0 76 26
0.5 0 72 26
0.5 180 72 0
0.5 0 84 0
0.5 0 82 0
0.5 0 76 0
0.5 0 76 28
0.5 0 72 28
0.5 60 82 26
0.5 0 84 31
0.5 220 76 0
0.5 20 72 0
0.5 0 84 0
0.5 0 84 29
0.5 0 82 24
0.5 0 76 24
0.5 0 72 24
0.5 20 82 0
0.5 220 76 0
0.5 0 84 0
0.5 0 82 0
0.5 0 72 0
0.5 0 84 29
0.5 0 82 24
0.5 0 76 24
0.5 0 72 24
0.5 180 72 0
0.5 0 84 0
0.5 0 82 0
0.5 0 76 0
0.5 0 76 26
0.5 0 72 26
0.5 60 82 26
0.5 0 84 31
0.5 220 76 0
0.5 20 72 0
0.5 0 84 0
0.5 0 84 33
0.5 0 82 26
0.5 0 76 26
0.5 0 72 26
0.5 20 82 0
0.5 220 76 0
0.5 0 84 0
0.5 0 82 0
0.5 0 72 0
0.5 0 84 35
0.5 0 82 28
0.5 0 76 28
0.5 0 72 28
0.5 180 72 0
0.5 0 84 0
0.5 0 82 0
0.5 0 76 0
0.5 0 72 31
0.5 20 77 31
0.5 20 81 31
0.5 20 84 39
0.5 240 84 0
0.5 0 72 0
0.5 0 77 0
0.5 0 81 0
0.5 0 84 37
0.5 0 81 29
0.5 0 77 29
0.5 0 72 29
0.5 240 72 0
0.5 0 84 0
0.5 0 81 0
0.5 0 77 0
0.5 0 84 37
0.5 0 81 29
0.5 0 77 29
0.5 0 72 29
0.5 180 72 0
0.5 0 84 0
0.5 0 81 0
0.5 0 77 0
0.5 0 72 31
0.5 20 77 31
0.5 20 81 31
0.5 20 84 39
0.5 240 84 0
0.5 0 72 0
0.5 0 77 0
0.5 0 81 0
0.5 0 84 37
0.5 0 81 29
0.5 0 77 29
0.5 0 72 29
0.5 240 72 0
0.5 0 84 0
0.5 0 81 0
0.5 0 77 0
0.5 0 84 37
0.5 0 81 29
0.5 0 77 29
0.5 0 72 29
0.5 180 72 0
0.5 0 84 0
0.5 0 81 0
0.5 0 77 0
0.5 0 72 31
0.5 20 77 31
0.5 20 81 31
0.5 20 84 39
0.5 240 84 0
0.5 0 72 0
0.5 0 77 0
0.5 0 81 0
0.5 0 84 37
0.5 0 81 29
0.5 0 77 29
0.5 0 72 29
0.5 240 72 0
0.5 0 84 0
0.5 0 81 0
0.5 0 77 0
0.5 0 84 37
0.5 0 81 29
0.5 0 77 29
0.5 0 72 29
0.5 180 72 0
0.5 0 84 0
0.5 0 81 0
0.5 0 77 0
0.5 0 72 31
0.5 20 77 31
0.5 20 81 31
0.5 20 84 42
0.5 240 84 0
0.5 0 72 0
0.5 0 77 0
0.5 0 81 0
0.5 0 84 36
0.5 0 81 28
0.5 0 77 28
0.5 0 72 28
0.5 240 72 0
0.5 0 84 0
0.5 0 81 0
0.5 0 77 0
0.5 0 84 34
0.5 0 81 27
0.5 0 77 27
0.5 0 72 27
0.5 180 72 0
0.5 0 84 0
0.5 0 81 0
0.5 0 77 0
0.5 0 72 29
0.5 20 75 29
0.5 20 80 29
0.5 20 84 36
0.5 240 84 0
0.5 0 72 0
0.5 0 75 0
0.5 0 80 0
0.5 0 84 33
0.5 0 80 27
0.5 0 75 27
0.5 0 72 27
0.5 240 72 0
0.5 0 84 0
0.5 0 80 0
0.5 0 75 0
0.5 0 84 33
0.5 0 80 27
0.5 0 75 27
0.5 0 72 27
0.5 180 72 0
0.5 0 84 0
0.5 0 80 0
0.5 0 75 0
0.5 0 72 29
0.5 20 75 29
0.5 20 80 29
0.5 20 84 36
0.5 240 84 0
0.5 0 72 0
0.5 0 75 0
0.5 0 80 0
0.5 0 84 33
0.5 0 80 27
0.5 0 75 27
0.5 0 72 27
0.5 240 72 0
0.5 0 84 0
0.5 0 80 0
0.5 0 75 0
0.5 0 84 33
0.5 0 80 27
0.5 0 75 27
0.5 0 72 27
0.5 180 72 0
0.5 0 84 0
0.5 0 80 0
0.5 0 75 0
0.5 0 72 29
0.5 20 75 29
0.5 20 80 29
0.5 20 84 36
0.5 240 84 0
0.5 0 72 0
0.5 0 75 0
0.5 0 80 0
0.5 0 84 33
0.5 0 80 27
0.5 0 75 27
0.5 0 72 27
0.5 240 72 0
0.5 0 84 0
0.5 0 80 0
0.5 0 75 0
0.5 0 84 33
0.5 0 80 27
0.5 0 75 27
0.5 0 72 27
0.5 180 72 0
0.5 0 84 0
0.5 0 80 0
0.5 0 75 0
0.5 0 72 29
0.5 20 75 29
0.5 20 80 29
0.5 20 84 36
0.5 240 84 0
0.5 0 72 0
0.5 0 75 0
0.5 0 80 0
0.5 0 84 33
0.5 0 80 27
0.5 0 75 27
0.5 0 72 27
0.5 240 72 0
0.5 0 84 0
0.5 0 80 0
0.5 0 75 0
0.5 0 84 33
0.5 0 80 27
0.5 0 75 27
0.5 0 72 27
0.5 240 72 0
0.5 0 84 0
0.5 0 80 0
0.5 0 75 0
0.5 0 72 29
0.5 0 76 29
0.5 0 82 29
0.5 0 84 36
0.5 240 84 0
0.5 0 72 0
0.5 0 76 0
0.5 0 82 0
0.5 0 84 34
0.5 0 82 27
0.5 0 76 27
0.5 0 72 27
0.5 240 72 0
0.5 0 84 0
0.5 0 82 0
0.5 0 76 0
0.5 0 84 34
0.5 0 82 27
0.5 0 76 27
0.5 0 72 27
0.5 240 72 0
0.5 0 84 0
0.5 0 82 0
0.5 0 76 0
0.5 0 72 29
0.5 0 76 29
0.5 0 82 29
0.5 0 84 36
0.5 240 84 0
0.5 0 72 0
0.5 0 76 0
0.5 0 82 0
0.5 0 84 35
0.5 0 82 28
0.5 0 76 28
0.5 0 72 28
0.5 240 72 0
0.5 0 84 0
0.5 0 82 0
0.5 0 76 0
0.5 0 84 37
0.5 0 82 30
0.5 0 76 30
0.5 0 72 30
0.5 240 72 0
0.5 0 84 0
0.5 0 82 0
0.5 0 76 0
0.5 0 72 34
0.5 0 77 34
0.5 0 81 34
0.5 0 84 40
0.5 240 84 0
0.5 0 72 0
0.5 0 77 0
0.5 0 81 0
0.5 0 84 38
0.5 0 81 30
0.5 0 77 30
0.5 0 72 30
0.5 240 72 0
0.5 0 84 0
0.5 0 81 0
0.5 0 77 0
0.5 0 84 38
0.5 0 81 30
0.5 0 77 30
0.5 0 72 30
0.5 240 72 0
0.5 0 84 0
0.5 0 81 0
0.5 0 77 0
0.5 0 72 34
0.5 0 74 34
0.5 0 78 34
0.5 0 81 34
0.5 0 86 40
0.5 240 86 0
0.5 0 78 0
0.5 0 72 0
0.5 0 74 0
0.5 0 81 0
0.5 0 72 30
0.5 0 86 38
0.5 0 81 30
0.5 0 78 30
0.5 0 74 30
0.5 240 74 0
0.5 0 81 0
0.5 0 72 0
0.5 0 86 0
0.5 0 78 0
0.5 0 72 30
0.5 0 86 38
0.5 0 81 30
0.5 0 78 30
0.5 0 74 30
0.5 240 74 0
0.5 0 81 0
0.5 0 72 0
0.5 0 86 0
0.5 0 78 0
0.5 0 70 34
0.5 0 74 34
0.5 0 79 34
0.5 0 82 40
0.5 240 82 0
0.5 0 70 0
0.5 0 74 0
0.5 0 79 0
0.5 0 82 38
0.5 0 79 30
0.5 0 74 30
0.5 0 70 30
0.5 240 70 0
0.5 0 82 0
0.5 0 79 0
0.5 0 74 0
0.5 0 82 38
0.5 0 79 30
0.5 0 74 30
0.5 0 70 30
0.5 240 70 0
0.5 0 82 0
0.5 0 79 0
0.5 0 74 0
0.5 0 70 34
0.5 0 72 34
0.5 0 76 34
0.5 0 82 40
0.5 240 82 0
0.5 0 70 0
0.5 0 72 0
0.5 0 76 0
0.5 0 82 38
0.5 0 76 30
0.5 0 72 30
0.5 0 70 30
0.5 240 70 0
0.5 0 82 0
0.5 0 76 0
0.5 0 72 0
0.5 0 82 38
0.5 0 76 30
0.5 0 72 30
0.5 0 70 30
0.5 240 70 0
0.5 0 82 0
0.5 0 76 0
0.5 0 72 0
0.5 0 69 28
0.5 0 72 28
0.5 0 77 34
0.5 0 81 40
0.5 240 81 0
0.5 0 69 0
0.5 0 72 0
0.5 0 77 0
0.5 0 81 34
0.5 0 77 27
0.5 0 72 23
0.5 0 69 23
0.5 240 69 0
0.5 0 81 0
0.5 0 77 0
0.5 0 72 0
0.5 0 81 34
0.5 0 77 27
0.5 0 72 23
0.5 0 69 23
0.5 240 69 0
0.5 0 81 0
0.5 0 77 0
0.5 0 72 0
0.5 0 69 26
0.5 0 72 26
0.5 0 77 31
0.5 0 81 31
0.5 240 81 0
0.5 0 69 0
0.5 0 72 0
0.5 0 77 0
0.5 0 81 29
0.5 0 77 29
0.5 0 72 24
0.5 0 69 24
0.5 240 69 0
0.5 0 81 0
0.5 0 77 0
0.5 0 72 0
0.5 0 81 29
0.5 0 77 29
0.5 0 72 24
0.5 0 69 24
0.5 240 69 0
0.5 0 81 0
0.5 0 77 0
0.5 0 72 0
0.5 0 69 25
0.5 0 73 25
0.5 0 77 29
0.5 0 81 36
0.5 240 81 0
0.5 0 69 0
0.5 0 73 0
0.5 0 77 0
0.5 0 81 29
0.5 0 77 24
0.5 0 73 19
0.5 0 69 19
0.5 240 69 0
0.5 0 81 0
0.5 0 77 0
0.5 0 73 0
0.5 0 81 29
0.5 0 77 24
0.5 0 73 19
0.5 0 69 19
0.5 240 69 0
0.5 0 81 0
0.5 0 77 0
0.5 0 73 0
0.5 0 69 23
0.5 0 73 23
0.5 0 77 28
0.5 0 81 28
0.5 240 81 0
0.5 0 69 0
0.5 0 73 0
0.5 0 77 0
0.5 0 81 26
0.5 0 77 26
0.5 0 73 20
0.5 0 69 20
0.5 240 69 0
0.5 0 81 0
0.5 0 77 0
0.5 0 73 0
0.5 0 81 26
0.5 0 77 26
0.5 0 73 20
0.5 0 69 20
0.5 240 69 0
0.5 0 81 0
0.5 0 77 0
0.5 0 73 0
0.5 0 69 25
0.5 0 72 25
0.5 0 77 30
0.5 0 81 36
0.5 240 81 0
0.5 0 69 0
0.5 0 72 0
0.5 0 77 0
0.5 0 81 30
0.5 0 77 24
0.5 0 72 20
0.5 0 69 20
0.5 240 69 0
0.5 0 81 0
0.5 0 77 0
0.5 0 72 0
0.5 0 81 30
0.5 0 77 24
0.5 0 72 20
0.5 0 69 20
0.5 240 69 0
0.5 0 81 0
0.5 0 77 0
0.5 0 72 0
0.5 0 69 24
0.5 0 72 24
0.5 0 77 29
0.5 0 81 29
0.5 240 81 0
0.5 0 69 0
0.5 0 72 0
0.5 0 77 0
0.5 0 81 27
0.5 0 77 27
0.5 0 72 22
0.5 0 69 22
0.5 240 69 0
0.5 0 81 0
0.5 0 77 0
0.5 0 72 0
0.5 0 81 27
0.5 0 77 27
0.5 0 72 22
0.5 0 69 22
0.5 240 69 0
0.5 0 81 0
0.5 0 77 0
0.5 0 72 0
0.5 0 69 23
0.5 0 73 23
0.5 0 77 27
0.5 0 81 34
0.5 240 81 0
0.5 0 69 0
0.5 0 73 0
0.5 0 77 0
0.5 0 81 27
0.5 0 77 22
0.5 0 73 18
0.5 0 69 18
0.5 240 69 0
0.5 0 81 0
0.5 0 77 0
0.5 0 73 0
0.5 0 81 27
0.5 0 77 22
0.5 0 73 18
0.5 0 69 18
0.5 240 69 0
0.5 0 81 0
0.5 0 77 0
0.5 0 73 0
0.5 0 69 20
0.5 0 73 20
0.5 0 77 26
0.5 0 81 26
0.5 240 81 0
0.5 0 69 0
0.5 0 73 0
0.5 0 77 0
0.5 0 81 24
0.5 0 77 24
0.5 0 73 19
0.5 0 69 19
0.5 240 69 0
0.5 0 81 0
0.5 0 77 0
0.5 0 73 0
0.5 0 81 24
0.5 0 77 24
0.5 0 73 19
0.5 0 69 19
0.5 240 69 0
0.5 0 81 0
0.5 0 77 0
0.5 0 73 0
0.5 0 69 27
0.5 0 72 27
0.5 0 77 27
0.5 0 81 27
0.5 240 81 0
0.5 0 69 0
0.5 0 72 0
0.5 0 77 0
0.5 0 81 25
0.5 0 77 25
0.5 0 72 25
0.5 0 69 25
0.5 240 69 0
0.5 0 81 0
0.5 0 77 0
0.5 0 72 0
0.5 0 81 25
0.5 0 77 25
0.5 0 72 25
0.5 0 69 25
0.5 240 69 0
0.5 0 81 0
0.5 0 77 0
0.5 0 72 0
0.5 0 69 24
0.5 0 72 24
0.5 0 77 24
0.5 0 81 24
0.5 240 81 0
0.5 0 69 0
0.5 0 72 0
0.5 0 77 0
0.5 600 57 34
0.5 120 57 0
0.5 0 60 35
0.5 120 60 0
0.5 0 65 37
0.5 120 65 0
0.5 0 69 38
0.5 120 69 0
0.5 0 72 39
0.5 120 72 0
0.5 0 77 46
0.5 120 77 0
0.5 0 69 33
0.5 120 69 0
0.5 0 72 35
0.5 120 72 0
0.5 0 77 38
0.5 120 77 0
0.5 0 81 40
0.5 120 81 0
0.5 0 84 44
0.5 120 84 0
0.5 0 89 46
0.5 720 89 0
0.5 0 57 27
0.5 0 60 27
0.5 0 65 33
0.5 0 69 33
0.5 720 69 0
0.5 0 57 0
0.5 0 60 0
0.5 0 65 0
1 0 0 0
0 0 7 100
0 0 10 64
0 0 64 0
0.5 630 41 35
0 19 64 127
0.5 11 48 37
0.5 30 57 39
0.5 30 65 50
0 670 64 0
0 27 64 127
0.5 23 65 0
0.5 0 41 0
0.5 0 48 0
0.5 0 57 0
0.5 120 64 44
0.5 120 64 0
0.5 0 62 49
0.5 120 62 0
0.5 0 60 44
0.5 120 60 0
0.5 0 62 49
0 11 64 0
0 35 64 127
0.5 74 62 0
0.5 0 64 44
0 75 64 0
0.5 45 64 0
0.5 0 53 39
0.5 0 62 45
0 35 64 127
0.5 45 62 0
0.5 0 64 41
0.5 80 64 0
0.5 0 62 41
0.5 80 62 0
0.5 0 60 46
0 16 64 0
0 90 64 127
0.5 374 53 0
0.5 630 60 0
0.5 0 41 34
0.5 30 48 37
0 10 64 0
0.5 20 57 39
0 13 64 127
0.5 17 65 50
0 674 64 0
0 16 64 127
0.5 30 65 0
0.5 0 41 0
0.5 0 48 0
0.5 0 57 0
0.5 120 64 44
0.5 120 64 0
0.5 0 62 49
0.5 120 62 0
0.5 0 60 44
0.5 120 60 0
0.5 0 62 49
0 7 64 0
0 36 64 127
0.5 77 62 0
0.5 0 64 44
0 72 64 0
0.5 48 64 0
0.5 0 62 48
0.5 0 53 40
0 31 64 127
0.5 49 62 0
0.5 0 64 41
0.5 80 64 0
0.5 0 62 41
0.5 80 62 0
0.5 0 60 46
0 18 64 0
0 67 64 127
0.5 395 53 0
0.5 630 60 0
0.5 30 41 40
0 8 64 0
0.5 22 48 40
0 12 64 127
0.5 18 55 47
0.5 120 55 0
0.5 0 57 51
0.5 120 57 0
0.5 0 48 0
0.5 0 41 0
0.5 0 58 53
0.5 240 58 0
0.5 0 58 51
0 21 64 0
0 92 64 127
0.5 7 58 0
0.5 0 60 53
0.5 120 60 0
0.5 0 62 58
0.5 360 62 0
0.5 0 64 58
0.5 120 64 0
0.5 0 67 62
0.5 120 67 0
0.5 0 64 57
0 78 64 0
0.5 42 64 0
0.5 0 62 58
0 28 64 127
0.5 52 62 0
0.5 0 64 53
0.5 80 64 0
0.5 0 62 49
0.5 80 62 0
0.5 0 60 49
0 14 64 0
0 74 64 127
0.5 1022 60 0
0.5 30 41 40
0 10 64 0
0 20 64 127
0.5 0 48 40
0.5 30 55 47
0.5 120 55 0
0.5 0 57 51
0.5 120 57 0
0.5 0 48 0
0.5 0 41 0
0.5 0 58 53
0.5 240 58 0
0.5 0 58 51
0 18 64 0
0 81 64 127
0.5 21 58 0
0.5 0 60 53
0.5 120 60 0
0.5 0 62 58
0.5 240 62 0
0.5 0 64 62
0.5 120 64 0
0.5 0 69 56
0.5 120 69 0
0.5 0 67 62
0.5 120 67 0
0.5 0 64 57
0 78 64 0
0.5 42 64 0
0 0 64 127
0.5 0 62 58
0.5 80 62 0
0.5 0 64 53
0.5 80 64 0
0.5 0 62 49
0.5 80 62 0
0.5 0 60 49
0 14 64 0
0 71 64 127
0.5 1025 60 0
0.5 0 41 35
0.5 30 48 37
0 10 64 0
0.5 20 57 39
0 12 64 127
0.5 18 65 50
0 674 64 0
0 27 64 127
0.5 19 65 0
0.5 0 41 0
0.5 0 48 0
0.5 0 57 0
0.5 120 64 44
0.5 120 64 0
0.5 0 62 49
0.5 120 62 0
0.5 0 60 44
0.5 120 60 0
0.5 0 62 49
0.5 120 62 0
0.5 0 64 44
0.5 120 64 0
0.5 0 53 41
0.5 0 62 51
0 10 64 0
0 32 64 127
0.5 38 62 0
0.5 0 64 41
0.5 80 64 0
0.5 0 62 44
0.5 80 62 0
0.5 0 60 44
0 23 64 0
0 83 64 127
0.5 374 53 0
0.5 630 60 0
0.5 30 51 37
0 11 64 0
0.5 19 60 38
0 15 64 127
0.5 15 68 49
0 673 64 0
0 28 64 127
0.5 19 68 0
0.5 0 60 0
0.5 0 51 0
0.5 120 67 44
0.5 120 67 0
0.5 0 65 49
0.5 120 65 0
0.5 0 63 44
0.5 120 63 0
0.5 0 65 49
0.5 120 65 0
0.5 0 67 44
0.5 120 67 0
0.5 0 65 50
0.5 80 65 0
0.5 0 67 44
0.5 80 67 0
0.5 0 65 44
0.5 80 65 0
0.5 0 63 49
0 16 64 0
0 90 64 127
0.5 1094 63 0
0.5 0 48 40
0.5 0 55 47
0 11 64 0
0.5 109 55 0
0 0 64 127
0.5 0 57 51
0.5 120 57 0
0.5 0 48 0
0.5 0 58 53
0 16 64 0
0 69 64 127
0.5 155 58 0
0.5 0 60 55
0 14 64 0
0.5 106 60 0
0.5 0 62 57
0 7 64 127
0.5 113 62 0
0.5 0 67 61
0 21 64 0
0 156 64 127
0.5 303 67 0
0.5 0 64 61
0.5 240 64 0
0.5 0 62 57
0.5 0 53 41
0 3 64 0
0 43 64 127
0.5 34 62 0
0.5 0 64 55
0.5 80 64 0
0.5 0 62 51
0.5 80 62 0
0.5 0 60 51
0 14 64 0
0 74 64 127
0.5 392 60 0
0.5 0 53 0
0 0 64 0
0.5 0 50 66
0 78 64 127
0.5 162 57 61
0.5 240 57 0
0.5 0 62 61
0.5 240 62 0
0.5 0 50 0
0.5 0 55 50
0.5 0 62 56
0 9 64 0
0 41 64 127
0.5 70 62 0
0.5 0 55 0
0.5 0 64 61
0.5 120 64 0
0.5 0 65 64
0 11 64 0
0 53 64 127
0.5 176 65 0
0.5 0 62 62
0.5 120 62 0
0.5 0 55 56
0.5 80 55 0
0.5 0 48 49
0 10 64 0
0.5 10 55 49
0 12 64 127
0.5 8 62 59
0.5 60 55 0
0.5 20 62 0
0.5 0 48 0
0.5 0 64 51
0.5 80 64 0
0.5 0 62 53
0.5 80 62 0
0.5 0 60 50
0 14 64 0
0 60 64 127
0.5 166 60 0
0.5 0 48 44
0.5 200 41 41
0 10 64 0
0.5 10 48 41
0.5 20 48 0
0 0 64 127
0.5 0 57 51
0.5 100 48 0
0.5 20 57 0
0.5 0 41 0
0.5 0 55 49
0.5 120 55 0
0.5 0 53 45
0 12 64 0
0 158 64 127
0.5 990 41 37
0 11 64 0
0.5 9 49 38
0.5 20 53 0
0 0 64 127
0.5 0 57 46
0.5 100 49 0
0.5 20 57 0
0.5 0 41 0
0.5 0 55 44
0.5 120 55 0
0.5 0 53 39
0 8 64 0
0 83 64 127
0.5 1069 41 39
0 10 64 0
0.5 10 48 40
0.5 20 53 0
0 0 64 127
0.5 0 57 49
0.5 100 48 0
0.5 20 57 0
0.5 0 41 0
0.5 0 55 47
0.5 120 55 0
0.5 0 53 42
0 12 64 0
0 80 64 127
0.5 1068 41 37
0 10 64 0
0.5 10 49 38
0.5 20 53 0
0 0 64 127
0.5 0 57 46
0.5 100 49 0
0.5 20 57 0
0.5 0 41 0
0.5 0 55 44
0.5 120 55 0
0.5 0 53 39
0 14 64 0
0 66 64 127
0.5 1080 41 33
0 10 64 0
0.5 10 48 33
0.5 20 53 0
0 0 64 127
0.5 0 57 39
0.5 100 48 0
0.5 20 57 0
0.5 0 41 0
0.5 0 55 37
0.5 120 55 0
0.5 0 53 35
0 14 64 0
0 92 64 127
0.5 614 53 0
0 27 64 0
0.5 213 48 34
0 107 64 127
0.5 133 48 0
0.5 0 41 40
0.5 240 41 0
0.5 0 48 36
0.5 240 48 0
0.5 0 60 36
0.5 0 56 36
0.5 240 56 0
0.5 0 60 0
0.5 0 61 41
0.5 0 58 35
0 7 64 0
0 153 64 127
0.5 80 58 0
0.5 0 61 0
0.5 0 67 33
0.5 480 67 0
0 0 64 0
0.5 0 41 36
0 120 64 127
0.5 120 41 0
0.5 0 48 36
0.5 240 48 0
0.5 0 60 36
0.5 0 56 36
0.5 240 56 0
0.5 0 60 0
0.5 0 61 41
0.5 0 58 35
0 19 64 0
0 128 64 127
0.5 93 58 0
0.5 0 61 0
0.5 0 67 34
0.5 480 67 0
0.5 0 41 36
0 12 64 0
0 108 64 127
0.5 120 41 0
0.5 0 48 36
0.5 240 48 0
0.5 0 60 34
0.5 0 56 34
0.5 240 56 0
0.5 0 60 0
0.5 0 60 39
0.5 0 58 33
0 13 64 0
0 114 64 127
0.5 113 58 0
0.5 0 60 0
0.5 0 67 29
0.5 480 67 0
0.5 0 41 36
0 10 64 0
0 97 64 127
0.5 133 41 0
0.5 0 48 34
0.5 240 48 0
0.5 0 60 31
0.5 0 56 31
0.5 240 56 0
0.5 0 60 0
0.5 0 60 39
0.5 0 58 33
0 8 64 0
0 65 64 127
0.5 167 58 0
0.5 0 60 0
0.5 0 64 29
0.5 480 64 0
0.5 0 41 36
0 19 64 0
0 34 64 127
0.5 187 41 0
0.5 0 48 36
0.5 240 48 0
0.5 0 60 36
0.5 0 56 36
0.5 240 56 0
0.5 0 60 0
0.5 0 60 39
0.5 0 58 33
0 13 64 0
0 73 64 127
0.5 154 58 0
0.5 0 60 0
0.5 0 67 29
0.5 480 67 0
0.5 0 41 36
0 18 64 0
0 35 64 127
0.5 187 41 0
0.5 0 48 36
0.5 240 48 0
0.5 0 60 34
0.5 0 56 34
0.5 240 56 0
0.5 0 60 0
0.5 0 60 39
0.5 0 58 33
0 7 64 0
0 57 64 127
0.5 176 58 0
0.5 0 60 0
0.5 0 67 29
0.5 420 67 0
0.5 0 53 36
0.5 60 41 31
0 10 64 0
0.5 10 53 0
0 106 64 127
0.5 114 41 0
0.5 0 48 31
0.5 240 48 0
0.5 0 60 29
0.5 0 56 29
0.5 240 56 0
0.5 0 60 0
0.5 0 60 35
0.5 0 58 29
0 13 64 0
0 114 64 127
0.5 113 58 0
0.5 0 60 0
0.5 0 67 26
0.5 480 67 0
0.5 0 41 31
0 13 64 0
0 107 64 127
0.5 120 41 0
0.5 0 48 29
0.5 240 48 0
0.5 0 60 29
0.5 0 57 29
0.5 240 57 0
0.5 0 60 0
0.5 0 60 35
0.5 0 58 29
0 9 64 0
0 67 64 127
0.5 164 58 0
0.5 0 60 0
0.5 0 64 26
0.5 480 64 0
0.5 0 41 31
0 18 64 0
0 35 64 127
0.5 187 41 0
0.5 0 48 31
0.5 240 48 0
0.5 0 60 30
0.5 0 57 30
0.5 240 57 0
0.5 0 60 0
0.5 0 60 35
0.5 0 58 29
0 9 64 0
0 104 64 127
0.5 127 58 0
0.5 0 60 0
0.5 0 67 26
0.5 480 67 0
0.5 0 41 31
0 16 64 0
0 104 64 127
0.5 120 41 0
0.5 0 48 31
0.5 240 48 0
0.5 0 60 29
0.5 0 57 29
0.5 240 60 0
0.5 0 65 33
0 3 64 0
0 157 64 127
0.5 80 65 0
0.5 0 69 26
0.5 480 69 0
0.5 0 57 0
0 0 64 0
0.5 0 37 36
0 174 64 127
0.5 66 37 0
0.5 0 44 36
0.5 240 44 0
0.5 0 53 34
0.5 240 53 0
0 0 64 0
0.5 0 57 39
0.5 0 49 33
0 63 64 127
0.5 177 49 0
0.5 0 57 0
0.5 0 54 29
0.5 0 63 29
0.5 480 63 0
0.5 0 54 0
0.5 0 37 36
0 3 64 0
0 171 64 127
0.5 66 37 0
0.5 0 44 34
0.5 240 44 0
0.5 0 53 31
0.5 240 53 0
0.5 0 57 39
0.5 0 49 33
0 11 64 0
0 24 64 127
0.5 205 49 0
0.5 0 57 0
0.5 0 54 29
0.5 0 61 29
0.5 480 61 0
0.5 0 54 0
0.5 0 37 36
0 20 64 0
0 33 64 127
0.5 187 37 0
0.5 0 44 34
0.5 240 44 0
0.5 0 53 34
0.5 240 53 0
0.5 0 57 39
0.5 0 49 33
0 14 64 0
0 32 64 127
0.5 194 49 0
0.5 0 57 0
0.5 0 54 29
0.5 480 54 0
0.5 0 37 36
0 19 64 0
0 101 64 127
0.5 120 37 0
0.5 0 44 36
0.5 240 44 0
0.5 0 53 34
0.5 240 53 0
0.5 0 57 39
0.5 0 49 33
0 11 64 0
0 49 64 127
0.5 180 49 0
0.5 0 57 0
0.5 0 54 29
0.5 0 63 29
0.5 480 63 0
0.5 0 54 0
0.5 0 37 36
0 12 64 0
0 148 64 127
0.5 80 37 0
0.5 0 44 36
0.5 240 44 0
0.5 0 53 34
0.5 240 53 0
0.5 0 57 39
0.5 0 49 33
0 13 64 0
0 50 64 127
0.5 177 49 0
0.5 0 57 0
0.5 0 54 29
0.5 0 63 29
0.5 480 63 0
0.5 0 54 0
0.5 0 37 36
0 10 64 0
0 164 64 127
0.5 66 37 0
0.5 0 44 34
0.5 240 44 0
0.5 0 53 31
0.5 240 53 0
0.5 0 57 39
0.5 0 49 33
0 10 64 0
0 61 64 127
0.5 169 49 0
0.5 0 57 0
0.5 0 54 29
0.5 0 63 29
0.5 480 63 0
0.5 0 54 0
0.5 0 37 45
0 17 64 0
0 36 64 127
0.5 187 37 0
0.5 0 44 39
0.5 240 44 0
0.5 0 53 38
0.5 240 53 0
0.5 0 57 44
0 12 64 0
0 29 64 127
0.5 199 57 0
0.5 0 54 29
0.5 420 37 33
0.5 60 54 0
0.5 0 53 37
0.5 0 61 48
0 9 64 0
0 125 64 127
0.5 586 61 0
0.5 0 53 0
0.5 0 37 0
0 13 64 0
0 93 64 127
0.5 14 60 41
0.5 120 60 0
0.5 0 58 47
0.5 120 58 0
0.5 0 56 41
0.5 120 56 0
0.5 0 58 47
0.5 120 58 0
0.5 0 60 41
0.5 120 60 0
0.5 0 58 42
0 16 64 0
0 16 64 127
0.5 48 58 0
0.5 0 60 39
0.5 80 60 0
0.5 0 58 39
0.5 80 58 0
0.5 0 56 44
0 15 64 0
0 49 64 127
0.5 1076 56 0
0.5 0 37 33
0 60 64 0
0.5 0 53 37
0.5 0 61 48
0 134 64 127
0.5 586 61 0
0.5 0 53 0
0.5 0 37 0
0 21 64 0
0 64 64 127
0.5 35 60 41
0.5 120 60 0
0.5 0 58 47
0.5 120 58 0
0.5 0 56 41
0.5 120 56 0
0.5 0 58 47
0.5 120 58 0
0.5 0 60 41
0.5 120 60 0
0.5 0 58 42
0 15 64 0
0 24 64 127
0.5 41 58 0
0.5 0 60 39
0.5 80 60 0
0.5 0 58 39
0.5 80 58 0
0.5 0 56 44
0 18 64 0
0 88 64 127
0.5 1034 56 0
0.5 0 46 42
0.5 30 55 42
0 30 64 0
0.5 0 61 42
0 63 64 127
0.5 17 61 0
0.5 0 55 0
0.5 0 63 39
0.5 80 63 0
0.5 0 61 39
0.5 80 61 0
0.5 0 55 44
0 18 64 0
0 88 64 127
0.5 374 46 0
0.5 720 55 0
0.5 0 48 42
0.5 0 58 42
0 8 64 0
0 42 64 127
0.5 30 58 0
0.5 0 60 39
0.5 80 60 0
0.5 0 58 39
0.5 80 58 0
0.5 0 55 44
0 16 64 0
0 90 64 127
0.5 374 55 0
0.5 0 48 0
0.5 0 60 44
0 13 64 0
0 144 64 127
0.5 563 60 0
0.5 0 41 36
0 10 64 0
0 164 64 127
0.5 66 41 0
0.5 0 48 36
0.5 240 48 0
0.5 0 60 34
0.5 0 56 34
0.5 240 56 0
0.5 0 60 0
0.5 0 60 39
0.5 0 58 33
0 20 64 0
0 182 64 127
0.5 38 58 0
0.5 0 60 0
0.5 0 67 29
0.5 480 67 0
0.5 0 41 36
0 12 64 0
0 148 64 127
0.5 80 41 0
0.5 0 48 34
0.5 240 48 0
0.5 0 60 31
0.5 0 56 31
0.5 240 56 0
0.5 0 60 0
0.5 0 60 39
0.5 0 58 33
0 13 64 0
0 88 64 127
0.5 139 58 0
0.5 0 60 0
0.5 0 64 29
0.5 480 64 0
0.5 0 41 36
0 20 64 0
0 33 64 127
0.5 187 41 0
0.5 0 48 36
0.5 240 48 0
0.5 0 60 36
0.5 0 56 36
0.5 240 56 0
0.5 0 60 0
0.5 0 60 39
0.5 0 58 33
0 12 64 0
0 57 64 127
0.5 171 58 0
0.5 0 60 0
0.5 0 67 29
0.5 480 67 0
0.5 0 41 36
0 20 64 0
0 33 64 127
0.5 187 41 0
0.5 0 48 36
0.5 240 48 0
0.5 0 60 34
0.5 0 56 34
0.5 240 56 0
0.5 0 60 0
0.5 0 60 39
0.5 0 58 33
0 5 64 0
0 30 64 127
0.5 205 58 0
0.5 0 60 0
0.5 0 67 29
0.5 420 67 0
0.5 0 53 36
0.5 60 41 31
0 4 64 0
0.5 16 53 0
0 106 64 127
0.5 114 41 0
0.5 0 48 31
0.5 240 48 0
0.5 0 60 29
0.5 0 56 29
0.5 240 56 0
0.5 0 60 0
0.5 0 60 35
0.5 0 58 29
0 8 64 0
0 106 64 127
0.5 126 58 0
0.5 0 60 0
0.5 0 67 26
0.5 480 67 0
0.5 0 41 31
0 11 64 0
0 109 64 127
0.5 120 41 0
0.5 0 48 29
0.5 240 48 0
0.5 0 60 29
0.5 0 57 29
0.5 240 57 0
0.5 0 60 0
0.5 0 60 35
0.5 0 58 29
0 7 64 0
0 60 64 127
0.5 173 58 0
0.5 0 60 0
0.5 0 64 26
0.5 480 64 0
0.5 0 41 31
0 20 64 0
0 33 64 127
0.5 187 41 0
0.5 0 48 31
0.5 240 48 0
0.5 0 60 30
0.5 0 57 30
0.5 240 57 0
0.5 0 60 0
0 0 64 0
0.5 0 60 35
0.5 0 58 29
0 113 64 127
0.5 127 58 0
0.5 0 60 0
0.5 0 67 26
0.5 480 67 0
0.5 0 41 31
0 16 64 0
0 91 64 127
0.5 133 41 0
0.5 0 48 31
0.5 240 48 0
0.5 0 60 29
0.5 0 57 29
0.5 240 60 0
0.5 0 65 33
0.5 240 65 0
0.5 0 69 26
0.5 478 69 0
0.5 2 57 0
0.5 0 41 44
0 14 64 0
0 92 64 127
0.5 134 41 0
0.5 0 49 39
0.5 240 49 0
0.5 0 53 39
0.5 240 53 0
0.5 0 57 42
0.5 240 57 0
0.5 0 61 36
0.5 480 61 0
0.5 0 41 44
0 1 64 0
0 119 64 127
0.5 120 41 0
0.5 0 48 39
0.5 240 48 0
0.5 0 53 39
0.5 240 53 0
0.5 0 57 42
0.5 240 57 0
0.5 0 60 36
0.5 480 60 0
0.5 0 41 40
0 13 64 0
0 107 64 127
0.5 120 41 0
0.5 0 49 36
0.5 240 49 0
0.5 0 53 36
0.5 240 53 0
0.5 0 57 39
0.5 240 57 0
0.5 0 61 33
0.5 480 61 0
0.5 0 41 40
0 14 64 0
0 142 64 127
0.5 84 41 0
0.5 0 48 36
0.5 240 48 0
0.5 0 53 36
0.5 240 53 0
0.5 0 57 39
0.5 240 57 0
0.5 0 60 33
0.5 480 60 0
0.5 0 49 44
0.5 0 53 44
0.5 0 56 44
0 12 64 0
0 57 64 127
0.5 651 56 0
0.5 0 53 0
0.5 0 49 0
0.5 0 46 40
0.5 0 53 40
0.5 0 55 40
0 14 64 0
0 60 64 127
0.5 646 55 0
0.5 0 53 0
0.5 0 46 0
0 0 64 0
0.5 0 36 44
0 133 64 127
0.5 107 36 0
0.5 0 43 48
0.5 480 43 0
0.5 120 46 45
0.5 120 46 0
0.5 0 44 48
0 15 64 0
0 71 64 127
0.5 34 44 0
0.5 0 43 44
0.5 120 43 0
0.5 0 44 49
0.5 120 44 0
0.5 0 46 44
0.5 120 46 0
0.5 0 36 44
0 9 64 0
0 178 64 127
0.5 53 36 0
0.5 0 43 48
0.5 480 43 0
0.5 120 46 45
0.5 120 46 0
0.5 0 44 48
0 12 64 0
0 85 64 127
0.5 23 44 0
0.5 0 43 44
0.5 120 43 0
0.5 0 44 49
0.5 120 44 0
0.5 0 46 44
0.5 120 46 0
0 0 64 0
0.5 0 36 44
0 86 64 127
0 148 64 0
0.5 6 36 0
0.5 0 49 55
0 40 64 127
0.5 200 49 0
0.5 0 46 48
0.5 240 46 0
0.5 0 48 44
0 17 64 0
0 69 64 127
0.5 154 48 0
0.5 0 61 56
0 13 64 0
0 73 64 127
0.5 154 61 0
0.5 0 58 50
0.5 240 58 0
0.5 0 60 48
0 14 64 0
0 61 64 127
0.5 165 60 0
0.5 0 73 61
0 16 64 0
0 76 64 127
0.5 148 73 0
0.5 0 70 56
0.5 240 70 0
0.5 0 72 41
0 10 64 0
0 71 64 127
0 177 64 0
0 53 64 127
0.5 169 72 0
0.5 0 60 41
0 10 64 0
0 18 64 127
0.5 122 41 30
0 30 64 0
0.5 0 48 33
0.5 30 57 35
0.5 30 60 0
0 0 64 127
0.5 0 65 45
0 678 64 0
0.5 42 65 0
0.5 0 57 0
0.5 0 48 0
0.5 0 41 0
0 14 64 127
0.5 106 64 39
0.5 120 64 0
0.5 0 62 44
0.5 120 62 0
0.5 0 60 39
0.5 120 60 0
0.5 0 62 44
0 11 64 0
0 28 64 127
0.5 81 62 0
0.5 0 64 39
0 77 64 0
0.5 43 64 0
0 0 64 127
0.5 0 62 39
0.5 0 53 35
0.5 80 62 0
0.5 0 64 37
0.5 80 64 0
0.5 0 62 37
0.5 80 62 0
0.5 0 60 40
0 19 64 0
0 87 64 127
0.5 374 53 0
0.5 630 60 0
0.5 0 41 29
0.5 30 48 33
0 11 64 0
0.5 19 57 35
0.5 30 65 45
0 32 64 127
0 639 64 0
0.5 49 65 0
0.5 0 41 0
0.5 0 48 0
0.5 0 57 0
0 0 64 127
0.5 120 64 39
0.5 120 64 0
0.5 0 62 44
0.5 120 62 0
0.5 0 60 39
0.5 120 60 0
0.5 0 62 44
0 14 64 0
0 43 64 127
0.5 63 62 0
0.5 0 64 39
0 76 64 0
0.5 44 64 0
0 0 64 127
0.5 0 62 42
0.5 0 53 36
0.5 80 62 0
0.5 0 64 37
0.5 80 64 0
0.5 0 62 37
0.5 80 62 0
0.5 0 60 40
0 19 64 0
0 66 64 127
0.5 395 53 0
0.5 630 60 0
0.5 30 41 36
0 10 64 0
0.5 20 48 36
0 30 64 127
0.5 0 55 41
0.5 120 55 0
0.5 0 57 46
0.5 120 57 0
0.5 0 48 0
0.5 0 41 0
0.5 0 58 48
0.5 240 58 0
0.5 0 58 46
0.5 120 58 0
0.5 0 60 48
0 67 64 0
0.5 53 60 0
0 0 64 127
0.5 0 62 51
0.5 360 62 0
0.5 0 64 51
0.5 120 64 0
0.5 0 67 56
0.5 120 67 0
0.5 0 64 50
0 67 64 0
0.5 53 64 0
0.5 0 62 51
0 11 64 127
0.5 69 62 0
0.5 0 64 48
0.5 80 64 0
0.5 0 62 44
0.5 80 62 0
0.5 0 60 44
0 17 64 0
0 78 64 127
0.5 1015 60 0
0.5 30 41 36
0 12 64 0
0.5 18 48 36
0.5 30 55 41
0 4 64 127
0.5 116 55 0
0.5 0 57 46
0.5 120 57 0
0.5 0 48 0
0.5 0 41 0
0.5 0 58 48
0.5 240 58 0
0.5 0 58 46
0.5 120 58 0
0.5 0 60 48
0.5 120 60 0
0 0 64 0
0.5 0 62 51
0 57 64 127
0.5 183 62 0
0.5 0 64 56
0.5 120 64 0
0.5 0 69 49
0.5 120 69 0
0.5 0 67 56
0.5 120 67 0
0.5 0 64 50
0 77 64 0
0.5 43 64 0
0.5 0 62 51
0 32 64 127
0.5 48 62 0
0.5 0 64 48
0.5 80 64 0
0.5 0 62 44
0.5 80 62 0
0.5 0 60 44
0 14 64 0
0 64 64 127
0.5 1032 60 0
0.5 0 41 38
0.5 30 48 40
0 7 64 0
0.5 23 57 42
0.5 30 65 55
0 25 64 127
0 645 64 0
0.5 50 65 0
0.5 0 41 0
0.5 0 48 0
0.5 0 57 0
0 53 64 127
0.5 67 64 48
0.5 120 64 0
0.5 0 62 53
0.5 120 62 0
0.5 0 60 48
0.5 120 60 0
0.5 0 62 53
0.5 120 62 0
0.5 0 64 48
0.5 120 64 0
0.5 0 62 56
0.5 0 53 45
0 6 64 0
0 26 64 127
0.5 48 62 0
0.5 0 64 45
0.5 80 64 0
0.5 0 62 48
0.5 80 62 0
0.5 0 60 48
0 14 64 0
0 92 64 127
0.5 374 53 0
0.5 630 60 0
0.5 30 51 37
0 14 64 0
0.5 16 60 38
0.5 30 68 49
0 43 64 127
0 630 64 0
0.5 47 68 0
0.5 0 60 0
0.5 0 51 0
0 0 64 127
0.5 120 67 44
0.5 120 67 0
0.5 0 65 49
0.5 120 65 0
0.5 0 63 44
0.5 120 63 0
0.5 0 65 49
0.5 120 65 0
0.5 0 67 44
0.5 120 67 0
0.5 0 65 50
0.5 80 65 0
0.5 0 67 44
0.5 80 67 0
0.5 0 65 44
0.5 80 65 0
0.5 0 63 49
0 17 64 0
0 89 64 127
0.5 1094 63 0
0.5 0 48 40
0.5 0 55 47
0 11 64 0
0 74 64 127
0.5 35 55 0
0.5 0 57 51
0.5 120 57 0
0.5 0 48 0
0.5 0 58 53
0.5 240 58 0
0.5 0 60 55
0 24 64 0
0 89 64 127
0.5 7 60 0
0.5 0 62 57
0.5 120 62 0
0.5 0 67 61
0.5 480 67 0
0.5 0 64 61
0.5 240 64 0
0.5 0 53 41
0.5 0 62 57
0 10 64 0
0 40 64 127
0.5 30 62 0
0.5 0 64 55
0.5 80 64 0
0.5 0 62 51
0.5 80 62 0
0.5 0 60 51
0 15 64 0
0 84 64 127
0.5 381 60 0
0.5 0 53 0
0.5 0 50 66
0 3 64 0
0 75 64 127
0.5 162 57 61
0.5 240 57 0
0.5 0 62 61
0.5 240 62 0
0.5 0 50 0
0.5 0 55 49
0.5 0 62 56
0 10 64 0
0 54 64 127
0.5 56 62 0
0.5 0 55 0
0.5 0 64 61
0.5 120 64 0
0.5 0 65 64
0 9 64 0
0 55 64 127
0.5 176 65 0
0.5 0 62 62
0.5 120 62 0
0.5 0 55 56
0.5 80 55 0
0.5 0 48 49
0.5 20 55 49
0 20 64 0
0.5 0 62 59
0.5 60 55 0
0 0 64 127
0.5 20 62 0
0.5 0 48 0
0.5 0 64 51
0.5 80 64 0
0.5 0 62 53
0.5 80 62 0
0.5 0 60 50
0 14 64 0
0 57 64 127
0.5 169 60 0
0.5 0 48 44
0.5 200 41 41
0.5 20 48 41
0.5 20 48 0
0 0 64 0
0.5 0 57 51
0 50 64 127
0.5 50 48 0
0.5 20 57 0
0.5 0 41 0
0.5 0 55 49
0.5 120 55 0
0.5 0 53 45
0 19 64 0
0 80 64 127
0.5 1061 41 37
0.5 20 49 38
0.5 20 53 0
0 0 64 0
0.5 0 57 46
0 69 64 127
0.5 31 49 0
0.5 20 57 0
0.5 0 41 0
0.5 0 55 44
0.5 120 55 0
0.5 0 53 39
0 12 64 0
0 85 64 127
0.5 1063 41 37
0.5 20 48 38
0.5 20 53 0
0 0 64 0
0.5 0 57 46
0 71 64 127
0.5 29 48 0
0.5 20 57 0
0.5 0 41 0
0.5 0 55 44
0.5 120 55 0
0.5 0 53 40
0 21 64 0
0 142 64 127
0.5 997 41 35
0.5 20 49 36
0.5 20 53 0
0 0 64 0
0.5 0 57 42
0 69 64 127
0.5 31 49 0
0.5 20 57 0
0.5 0 41 0
0.5 0 55 41
0.5 120 55 0
0.5 0 53 37
0 12 64 0
0 114 64 127
0.5 1034 41 30
0.5 20 48 30
0.5 20 53 0
0 0 64 0
0.5 0 57 37
0 85 64 127
0.5 15 48 0
0.5 20 57 0
0.5 0 41 0
0.5 0 55 35
0.5 120 55 0
0.5 0 53 33
0 16 64 0
0 97 64 127
0.5 607 53 0
0 80 64 0
0.5 160 48 34
0 134 64 127
0.5 106 48 0
0.5 0 41 28
0.5 120 41 0
0.5 0 48 29
0.5 120 48 0
0.5 0 53 30
0.5 120 53 0
0.5 0 57 31
0.5 120 57 0
0.5 0 60 31
0.5 120 60 0
0.5 0 65 33
0.5 120 65 0
0.5 0 69 34
0.5 120 69 0
0.5 0 60 27
0.5 120 60 0
0.5 0 65 29
0.5 120 65 0
0.5 0 69 30
0.5 120 69 0
0.5 0 72 33
0.5 120 72 0
0.5 0 77 35
0.5 120 77 0
0.5 0 81 36
0.5 720 81 0
0.5 0 41 22
0.5 0 48 22
0.5 0 53 26
0.5 720 53 0
0.5 0 48 0
0.5 0 41 0
0 640 64 0
1 0 0 0
