0.5 0 63 69
0.5 0 67 69
0.5 0 72 82
0.5 720 72 0
0.5 0 67 0
0.5 0 63 0
0.5 120 67 70
0.5 120 67 0
0.5 0 75 78
0.5 360 75 0
0.5 0 72 70
0.5 120 72 0
0.5 0 79 79
0.5 360 79 0
0.5 0 75 70
0.5 120 75 0
0.5 0 84 79
0.5 360 84 0
0.5 0 79 70
0.5 120 79 0
0.5 0 87 84
0.5 120 87 0
0.5 360 87 84
0.5 120 87 0
0.5 840 67 39
0.5 0 72 46
0.5 240 72 0
0.5 0 67 0
0.5 240 67 42
0.5 0 72 50
0.5 960 72 0
0.5 0 67 0
0.5 0 67 39
0.5 10 71 46
0.5 460 67 0
0.5 10 71 0
0.5 0 68 69
0.5 0 65 69
0.5 0 71 82
0.5 720 71 0
0.5 0 65 0
0.5 0 68 0
0.5 120 71 70
0.5 120 71 0
0.5 0 77 78
0.5 360 77 0
0.5 0 74 70
0.5 120 74 0
0.5 0 83 79
0.5 360 83 0
0.5 0 77 70
0.5 120 77 0
0.5 0 86 79
0.5 360 86 0
0.5 0 83 70
0.5 120 83 0
0.5 0 89 84
0.5 120 89 0
0.5 360 89 84
0.5 120 89 0
0.5 840 71 39
0.5 0 74 46
0.5 240 74 0
0.5 0 71 0
0.5 240 71 42
0.5 0 74 50
0.5 960 74 0
0.5 0 71 0
0.5 0 72 46
0.5 360 72 0
0.5 0 72 45
0.5 60 72 0
0.5 0 75 48
0.5 60 75 0
0.5 0 79 53
0.5 720 79 0
0.5 0 77 41
0.5 240 77 0
0.5 0 75 51
0.5 480 75 0
0.5 0 74 47
0.5 960 74 0
0.5 0 72 39
0.5 360 72 0
0.5 0 67 27
0.5 40 67 0
0.5 0 72 45
0.5 40 72 0
0.5 0 75 48
0.5 40 75 0
0.5 0 79 53
0.5 720 79 0
0.5 0 77 41
0.5 240 77 0
0.5 0 72 43
0.5 0 75 51
0.5 480 75 0
0.5 0 72 0
0.5 0 71 39
0.5 0 74 47
0.5 960 74 0
0.5 0 71 0
0.5 0 72 39
0.5 360 72 0
0.5 0 67 60
0.5 40 67 0
0.5 0 72 63
0.5 40 72 0
0.5 0 75 69
0.5 40 75 0
0.5 0 67 69
0.5 0 79 81
0.5 720 79 0
0.5 0 67 0
0.5 0 77 61
0.5 0 65 51
0.5 240 65 0
0.5 0 77 0
0.5 0 75 73
0.5 0 63 62
0.5 960 63 0
0.5 0 75 0
0.5 0 74 72
0.5 0 62 61
0.5 120 62 0
0.5 0 74 0
0.5 360 72 75
0.5 0 60 63
0.5 960 60 0
0.5 0 72 0
0.5 0 59 63
0.5 0 71 75
0.5 120 71 0
0.5 0 59 0
0.5 360 56 62
0.5 0 68 74
0.5 960 68 0
0.5 0 56 0
0.5 0 55 57
0.5 0 67 67
0.5 240 67 0
0.5 0 55 0
0.5 1200 59 42
0.5 160 59 0
0.5 0 62 35
0.5 160 62 0
0.5 0 65 35
0.5 160 65 0
0.5 0 68 43
0.5 160 68 0
0.5 0 67 36
0.5 160 67 0
0.5 0 65 36
0.5 160 65 0
0.5 0 63 43
0.5 120 63 0
0.5 1800 53 42
0.5 160 53 0
0.5 0 56 35
0.5 160 56 0
0.5 0 62 35
0.5 160 62 0
0.5 0 65 43
0.5 160 65 0
0.5 0 63 36
0.5 160 63 0
0.5 0 62 36
0.5 160 62 0
0.5 0 60 43
0.5 120 60 0
0.5 1800 55 66
0.5 160 55 0
0.5 0 59 69
0.5 160 59 0
0.5 0 62 72
0.5 160 62 0
0.5 0 65 75
0.5 160 65 0
0.5 0 62 67
0.5 160 62 0
0.5 0 59 67
0.5 160 59 0
0.5 0 55 79
0.5 0 51 79
0.5 0 60 94
0.5 720 60 0
0.5 0 51 0
0.5 0 55 0
0.5 120 60 70
0.5 120 60 0
0.5 0 67 78
0.5 360 67 0
0.5 0 63 70
0.5 120 63 0
0.5 0 72 85
0.5 360 72 0
0.5 0 67 72
0.5 120 67 0
0.5 0 75 80
0.5 360 75 0
0.5 0 72 83
0.5 120 72 0
0.5 0 79 96
0.5 0 67 81
0.5 120 67 0
0.5 0 79 0
0.5 360 79 96
0.5 0 67 81
0.5 120 67 0
0.5 0 79 0
0.5 720 59 70
0.5 120 59 0
0.5 0 67 78
0.5 360 67 0
0.5 0 62 70
0.5 120 62 0
0.5 0 71 85
0.5 360 71 0
0.5 0 67 74
0.5 120 67 0
0.5 0 74 86
0.5 360 74 0
0.5 0 71 83
0.5 120 71 0
0.5 0 79 96
0.5 0 67 81
0.5 120 67 0
0.5 0 79 0
0.5 360 79 96
0.5 0 67 81
0.5 120 67 0
0.5 0 79 0
0.5 720 63 70
0.5 120 63 0
0.5 0 67 78
0.5 360 67 0
0.5 0 63 70
0.5 120 63 0
0.5 0 72 85
0.5 360 72 0
0.5 0 67 74
0.5 120 67 0
0.5 0 75 86
0.5 360 75 0
0.5 0 72 83
0.5 120 72 0
0.5 0 79 90
0.5 360 79 0
0.5 0 75 83
0.5 120 75 0
0.5 0 74 96
0.5 120 74 0
0.5 360 89 96
0.5 120 89 0
0.5 840 71 96
0.5 120 71 0
0.5 360 86 96
0.5 120 86 0
0.5 840 72 96
0.5 120 72 0
0.5 360 84 96
0.5 120 84 0
0.5 4200 67 50
0.5 480 75 45
0.5 480 75 0
0.5 0 67 0
0.5 0 68 42
0.5 0 75 50
0.5 960 75 0
0.5 0 75 45
0.5 480 68 0
0.5 0 67 42
0.5 480 75 0
0.5 0 77 45
0.5 480 77 0
0.5 0 73 44
0.5 480 67 0
0.5 0 68 42
0.5 480 73 0
0.5 0 71 45
0.5 480 71 0
0.5 0 72 45
0.5 480 72 0
0.5 0 68 0
0.5 480 76 50
0.5 480 84 45
0.5 480 84 0
0.5 0 76 0
0.5 0 77 42
0.5 0 84 50
0.5 960 84 0
0.5 0 84 45
0.5 480 77 0
0.5 0 76 42
0.5 480 84 0
0.5 0 85 45
0.5 480 85 0
0.5 0 82 44
0.5 480 76 0
0.5 0 72 42
0.5 480 82 0
0.5 0 79 45
0.5 480 79 0
0.5 0 80 45
0.5 480 80 0
0.5 0 72 0
0.5 480 72 50
0.5 480 80 45
0.5 480 80 0
0.5 0 72 0
0.5 0 73 42
0.5 0 80 50
0.5 960 80 0
0.5 0 80 45
0.5 480 73 0
0.5 0 72 42
0.5 480 80 0
0.5 0 82 45
0.5 480 82 0
0.5 0 78 44
0.5 480 72 0
0.5 0 68 49
0.5 480 78 0
0.5 0 76 52
0.5 480 76 0
0.5 0 77 52
0.5 480 68 0
0.5 0 69 50
0.5 480 77 0
0.5 0 78 55
0.5 480 78 0
0.5 0 75 50
0.5 480 69 0
0.5 0 65 42
0.5 480 75 0
0.5 0 75 45
0.5 480 75 0
0.5 0 74 45
0.5 480 65 0
0.5 0 66 42
0.5 480 74 0
0.5 0 75 45
0.5 480 75 0
0.5 0 66 0
0.5 0 63 28
0.5 0 66 33
0.5 480 66 0
0.5 0 63 0
0.5 0 62 32
0.5 0 65 38
0.5 480 65 0
0.5 0 62 0
0.5 1440 72 38
0.5 240 72 0
0.5 240 72 38
0.5 240 72 0
0.5 240 72 46
0.5 480 72 0
0.5 0 70 38
0.5 480 70 0
0.5 960 68 38
0.5 240 68 0
0.5 240 68 38
0.5 240 68 0
0.5 240 68 43
0.5 480 68 0
0.5 0 67 38
0.5 480 67 0
0.5 720 72 37
0.5 240 72 0
0.5 0 71 38
0.5 240 71 0
0.5 0 72 34
0.5 240 72 0
0.5 0 74 43
0.5 240 74 0
0.5 0 72 38
0.5 240 72 0
0.5 240 70 36
0.5 240 70 0
0.5 0 69 38
0.5 240 69 0
0.5 0 70 36
0.5 240 70 0
0.5 0 72 44
0.5 240 72 0
0.5 0 70 38
0.5 240 70 0
0.5 240 68 36
0.5 240 68 0
0.5 0 67 38
0.5 240 67 0
0.5 0 68 35
0.5 240 68 0
0.5 0 70 44
0.5 240 70 0
0.5 0 68 37
0.5 240 68 0
0.5 0 67 46
0.5 2160 67 0
0.5 0 70 56
0.5 240 70 0
0.5 0 75 62
0.5 470 75 0
0.5 10 75 63
0.5 1440 75 0
0.5 0 74 57
0.5 480 74 0
0.5 960 70 51
0.5 1440 70 0
0.5 0 70 61
0.5 240 70 0
0.5 0 72 57
0.5 80 72 0
0.5 0 70 52
0.5 80 70 0
0.5 0 69 52
0.5 80 69 0
0.5 0 70 61
0.5 240 70 0
0.5 0 77 65
0.5 240 77 0
0.5 0 80 73
0.5 480 80 0
0.5 0 80 74
0.5 1440 80 0
0.5 0 79 69
0.5 480 79 0
0.5 960 67 56
0.5 120 67 0
0.5 120 68 58
0.5 120 68 0
0.5 120 70 60
0.5 120 70 0
0.5 120 72 62
0.5 120 72 0
0.5 120 74 64
0.5 120 74 0
0.5 120 75 65
0.5 120 75 0
0.5 120 77 70
0.5 120 77 0
0.5 120 79 73
0.5 120 79 0
0.5 120 80 76
0.5 120 80 0
0.5 120 82 78
0.5 120 82 0
0.5 120 84 81
0.5 120 84 0
0.5 120 86 84
0.5 120 86 0
0.5 120 87 91
0.5 1440 87 0
0.5 0 86 71
0.5 480 86 0
0.5 960 58 56
0.5 120 58 0
0.5 120 60 58
0.5 120 60 0
0.5 120 62 60
0.5 120 62 0
0.5 120 63 62
0.5 120 63 0
0.5 120 65 64
0.5 120 65 0
0.5 120 67 65
0.5 120 67 0
0.5 120 68 67
0.5 120 68 0
0.5 120 70 72
0.5 120 70 0
0.5 120 72 74
0.5 120 72 0
0.5 120 74 76
0.5 120 74 0
0.5 120 75 78
0.5 120 75 0
0.5 120 77 80
0.5 120 77 0
0.5 120 79 94
0.5 1440 79 0
0.5 0 87 100
0.5 960 87 0
0.5 0 55 77
0.5 480 55 0
0.5 0 56 82
0.5 1440 56 0
0.5 0 57 84
0.5 1440 57 0
0.5 0 58 84
0.5 1440 58 0
0.5 0 56 84
0.5 120 56 0
0.5 0 58 57
0.5 120 58 0
0.5 0 56 61
0.5 80 56 0
0.5 0 58 57
0.5 80 58 0
0.5 0 56 64
0.5 80 56 0
0.5 0 58 56
0.5 80 58 0
0.5 0 56 64
0.5 80 56 0
0.5 0 58 56
0.5 80 58 0
0.5 0 56 64
0.5 80 56 0
0.5 0 58 55
0.5 80 58 0
0.5 0 56 64
0.5 80 56 0
0.5 0 58 54
0.5 120 58 0
0.5 0 56 59
0.5 120 56 0
0.5 0 55 55
0.5 120 55 0
0.5 0 56 57
0.5 120 56 0
0.5 0 55 74
0.5 240 55 0
0.5 0 58 60
0.5 240 58 0
0.5 0 63 68
0.5 240 63 0
0.5 0 58 61
0.5 240 58 0
0.5 0 63 69
0.5 240 63 0
0.5 0 67 63
0.5 240 67 0
0.5 0 70 69
0.5 240 70 0
0.5 0 67 60
0.5 240 67 0
0.5 0 70 69
0.5 240 70 0
0.5 0 75 62
0.5 240 75 0
0.5 0 79 73
0.5 240 79 0
0.5 0 82 65
0.5 240 82 0
0.5 0 87 89
0.5 240 87 0
0.5 720 63 84
0.5 1440 63 0
0.5 0 55 81
0.5 480 55 0
0.5 0 56 84
0.5 960 56 0
0.5 0 63 84
0.5 480 63 0
0.5 0 57 92
0.5 960 57 0
0.5 0 63 84
0.5 480 63 0
0.5 0 58 77
0.5 240 58 0
0.5 0 63 59
0.5 240 63 0
0.5 0 62 68
0.5 240 62 0
0.5 0 63 55
0.5 240 63 0
0.5 0 59 65
0.5 240 59 0
0.5 0 63 59
0.5 240 63 0
0.5 0 60 82
0.5 240 60 0
0.5 0 63 62
0.5 240 63 0
0.5 0 62 71
0.5 240 62 0
0.5 0 63 59
0.5 240 63 0
0.5 0 57 66
0.5 240 57 0
0.5 0 63 56
0.5 240 63 0
0.5 0 58 88
0.5 240 58 0
0.5 0 63 58
0.5 240 63 0
0.5 0 61 72
0.5 240 61 0
0.5 0 63 62
0.5 240 63 0
0.5 0 59 72
0.5 240 59 0
0.5 0 63 64
0.5 240 63 0
0.5 0 60 88
0.5 240 60 0
0.5 0 63 65
0.5 240 63 0
0.5 0 62 75
0.5 240 62 0
0.5 0 63 65
0.5 240 63 0
0.5 0 57 80
0.5 240 57 0
0.5 0 63 72
0.5 240 63 0
0.5 0 58 93
0.5 480 58 0
0.5 360 63 81
0.5 120 63 0
0.5 0 70 87
0.5 360 70 0
0.5 0 67 84
0.5 120 67 0
0.5 0 75 93
0.5 120 75 0
0.5 720 63 81
0.5 120 63 0
0.5 0 69 87
0.5 360 69 0
0.5 0 66 84
0.5 120 66 0
0.5 0 75 93
0.5 120 75 0
0.5 720 63 81
0.5 120 63 0
0.5 0 70 87
0.5 360 70 0
0.5 0 67 84
0.5 120 67 0
0.5 0 75 93
0.5 120 75 0
0.5 720 72 81
0.5 120 72 0
0.5 0 78 87
0.5 360 78 0
0.5 0 75 84
0.5 120 75 0
0.5 0 79 95
0.5 720 79 0
0.5 0 75 85
0.5 240 75 0
0.5 0 75 93
0.5 240 75 0
0.5 0 70 79
0.5 180 70 0
0.5 60 70 88
0.5 240 70 0
0.5 0 67 78
0.5 180 67 0
0.5 60 67 85
0.5 240 67 0
0.5 0 63 77
0.5 180 63 0
0.5 60 63 81
0.5 240 63 0
0.5 0 58 77
0.5 180 58 0
0.5 2460 58 66
0.5 0 62 78
0.5 480 62 0
0.5 0 58 0
0.5 0 58 70
0.5 0 63 83
0.5 480 63 0
0.5 0 58 0
0.5 1440 70 53
0.5 0 65 42
0.5 0 68 42
0.5 0 62 42
0.5 480 62 0
0.5 0 70 0
0.5 0 65 0
0.5 0 68 0
0.5 0 62 38
0.5 0 65 38
0.5 0 68 38
0.5 0 70 48
0.5 480 70 0
0.5 0 62 0
0.5 0 65 0
0.5 0 68 0
0.5 0 63 42
0.5 0 67 42
0.5 0 72 53
0.5 480 72 0
0.5 0 70 49
0.5 480 70 0
0.5 0 67 0
0.5 0 63 0
0.5 960 65 42
0.5 0 68 42
0.5 0 74 53
0.5 480 74 0
0.5 0 68 0
0.5 0 65 0
0.5 0 65 38
0.5 0 68 38
0.5 0 74 48
0.5 480 74 0
0.5 0 68 0
0.5 0 65 0
0.5 0 67 42
0.5 0 70 42
0.5 0 77 53
0.5 480 77 0
0.5 0 75 49
0.5 480 75 0
0.5 0 70 0
0.5 0 67 0
0.5 960 62 42
0.5 0 65 42
0.5 0 68 42
0.5 0 70 53
0.5 480 70 0
0.5 0 62 0
0.5 0 65 0
0.5 0 68 0
0.5 0 70 48
0.5 0 65 38
0.5 0 68 38
0.5 0 62 38
0.5 480 62 0
0.5 0 70 0
0.5 0 65 0
0.5 0 68 0
0.5 0 63 42
0.5 0 67 42
0.5 0 72 53
0.5 480 72 0
0.5 0 70 49
0.5 480 70 0
0.5 0 67 0
0.5 0 63 0
0.5 960 53 42
0.5 0 56 42
0.5 0 62 53
0.5 480 62 0
0.5 0 56 0
0.5 0 53 0
0.5 0 53 38
0.5 0 56 38
0.5 0 62 48
0.5 480 62 0
0.5 0 56 0
0.5 0 53 0
0.5 0 55 42
0.5 0 58 42
0.5 0 65 53
0.5 480 65 0
0.5 0 63 49
0.5 480 63 0
0.5 0 58 0
0.5 0 55 0
0.5 960 53 42
0.5 0 56 42
0.5 0 62 53
0.5 480 62 0
0.5 0 56 0
0.5 0 53 0
0.5 0 53 38
0.5 0 56 38
0.5 0 62 48
0.5 480 62 0
0.5 0 56 0
0.5 0 53 0
0.5 0 56 42
0.5 0 62 42
0.5 0 65 53
0.5 1440 65 0
0.5 0 62 0
0.5 0 56 0
0.5 0 58 44
0.5 0 63 49
0.5 480 63 0
0.5 0 58 0
0.5 960 63 69
0.5 0 67 69
0.5 0 72 82
0.5 720 72 0
0.5 0 67 0
0.5 0 63 0
0.5 120 67 70
0.5 120 67 0
0.5 0 75 78
0.5 360 75 0
0.5 0 72 70
0.5 120 72 0
0.5 0 79 79
0.5 360 79 0
0.5 0 75 70
0.5 120 75 0
0.5 0 84 79
0.5 360 84 0
0.5 0 79 70
0.5 120 79 0
0.5 0 87 84
0.5 120 87 0
0.5 360 87 84
0.5 120 87 0
0.5 840 67 39
0.5 0 72 46
0.5 240 72 0
0.5 0 67 0
0.5 240 67 42
0.5 0 72 50
0.5 960 72 0
0.5 0 67 0
0.5 0 67 39
0.5 10 71 46
0.5 460 67 0
0.5 10 71 0
0.5 0 68 69
0.5 0 65 69
0.5 0 71 82
0.5 720 71 0
0.5 0 65 0
0.5 0 68 0
0.5 120 71 70
0.5 120 71 0
0.5 0 77 78
0.5 360 77 0
0.5 0 74 70
0.5 120 74 0
0.5 0 83 79
0.5 360 83 0
0.5 0 77 70
0.5 120 77 0
0.5 0 86 79
0.5 360 86 0
0.5 0 83 70
0.5 120 83 0
0.5 0 89 84
0.5 120 89 0
0.5 360 89 84
0.5 120 89 0
0.5 840 71 39
0.5 0 74 46
0.5 240 74 0
0.5 0 71 0
0.5 240 71 42
0.5 0 74 50
0.5 960 74 0
0.5 0 71 0
0.5 0 72 46
0.5 360 72 0
0.5 0 72 45
0.5 60 72 0
0.5 0 75 48
0.5 60 75 0
0.5 0 79 53
0.5 720 79 0
0.5 0 77 41
0.5 240 77 0
0.5 0 75 51
0.5 480 75 0
0.5 0 74 47
0.5 960 74 0
0.5 0 72 39
0.5 360 72 0
0.5 0 67 27
0.5 40 67 0
0.5 0 72 45
0.5 40 72 0
0.5 0 75 48
0.5 40 75 0
0.5 0 79 53
0.5 720 79 0
0.5 0 77 41
0.5 240 77 0
0.5 0 72 43
0.5 0 75 51
0.5 480 75 0
0.5 0 72 0
0.5 0 71 39
0.5 0 74 47
0.5 960 74 0
0.5 0 71 0
0.5 0 72 39
0.5 360 72 0
0.5 0 67 60
0.5 40 67 0
0.5 0 72 63
0.5 40 72 0
0.5 0 75 69
0.5 40 75 0
0.5 0 67 69
0.5 0 79 81
0.5 720 79 0
0.5 0 67 0
0.5 0 77 61
0.5 0 65 51
0.5 240 65 0
0.5 0 77 0
0.5 0 75 73
0.5 0 63 62
0.5 960 63 0
0.5 0 75 0
0.5 0 74 72
0.5 0 62 61
0.5 120 62 0
0.5 0 74 0
0.5 360 72 75
0.5 0 60 63
0.5 960 60 0
0.5 0 72 0
0.5 0 59 63
0.5 0 71 75
0.5 120 71 0
0.5 0 59 0
0.5 360 56 62
0.5 0 68 74
0.5 960 68 0
0.5 0 56 0
0.5 0 55 58
0.5 0 67 68
0.5 240 67 0
0.5 0 55 0
0.5 1200 59 42
0.5 160 59 0
0.5 0 62 35
0.5 160 62 0
0.5 0 65 35
0.5 160 65 0
0.5 0 68 43
0.5 160 68 0
0.5 0 67 36
0.5 160 67 0
0.5 0 65 36
0.5 160 65 0
0.5 0 63 43
0.5 120 63 0
0.5 1800 53 42
0.5 160 53 0
0.5 0 56 35
0.5 160 56 0
0.5 0 62 35
0.5 160 62 0
0.5 0 65 43
0.5 160 65 0
0.5 0 63 36
0.5 160 63 0
0.5 0 62 36
0.5 160 62 0
0.5 0 60 43
0.5 120 60 0
0.5 1800 55 66
0.5 160 55 0
0.5 0 59 69
0.5 160 59 0
0.5 0 62 72
0.5 160 62 0
0.5 0 65 75
0.5 160 65 0
0.5 0 62 67
0.5 160 62 0
0.5 0 59 67
0.5 160 59 0
0.5 0 55 79
0.5 0 51 79
0.5 0 60 94
0.5 720 60 0
0.5 0 51 0
0.5 0 55 0
0.5 120 60 70
0.5 120 60 0
0.5 0 67 78
0.5 360 67 0
0.5 0 63 70
0.5 120 63 0
0.5 0 72 85
0.5 360 72 0
0.5 0 67 72
0.5 120 67 0
0.5 0 75 80
0.5 360 75 0
0.5 0 72 83
0.5 120 72 0
0.5 0 79 96
0.5 0 67 81
0.5 120 67 0
0.5 0 79 0
0.5 360 79 96
0.5 0 67 81
0.5 120 67 0
0.5 0 79 0
0.5 720 59 70
0.5 120 59 0
0.5 0 67 78
0.5 360 67 0
0.5 0 62 70
0.5 120 62 0
0.5 0 71 85
0.5 360 71 0
0.5 0 67 74
0.5 120 67 0
0.5 0 74 86
0.5 360 74 0
0.5 0 71 83
0.5 120 71 0
0.5 0 79 96
0.5 0 67 81
0.5 120 67 0
0.5 0 79 0
0.5 360 79 96
0.5 0 67 81
0.5 120 67 0
0.5 0 79 0
0.5 720 63 70
0.5 120 63 0
0.5 0 67 78
0.5 360 67 0
0.5 0 63 70
0.5 120 63 0
0.5 0 72 85
0.5 360 72 0
0.5 0 67 74
0.5 120 67 0
0.5 0 75 86
0.5 360 75 0
0.5 0 72 83
0.5 120 72 0
0.5 0 79 90
0.5 360 79 0
0.5 0 75 83
0.5 120 75 0
0.5 0 74 96
0.5 120 74 0
0.5 360 89 96
0.5 120 89 0
0.5 840 71 96
0.5 120 71 0
0.5 360 86 96
0.5 120 86 0
0.5 840 72 96
0.5 120 72 0
0.5 360 84 96
0.5 120 84 0
0.5 4200 67 50
0.5 480 75 45
0.5 480 75 0
0.5 0 67 0
0.5 0 68 42
0.5 0 75 50
0.5 960 75 0
0.5 0 75 45
0.5 480 68 0
0.5 0 67 42
0.5 480 75 0
0.5 0 77 45
0.5 480 77 0
0.5 0 73 44
0.5 480 67 0
0.5 0 68 42
0.5 480 73 0
0.5 0 71 45
0.5 480 71 0
0.5 0 72 45
0.5 480 72 0
0.5 0 68 0
0.5 480 76 50
0.5 480 84 45
0.5 480 84 0
0.5 0 76 0
0.5 0 77 42
0.5 0 84 50
0.5 960 84 0
0.5 0 84 45
0.5 480 77 0
0.5 0 76 42
0.5 480 84 0
0.5 0 85 45
0.5 480 85 0
0.5 0 82 44
0.5 480 76 0
0.5 0 72 42
0.5 480 82 0
0.5 0 79 45
0.5 480 79 0
0.5 0 80 45
0.5 480 80 0
0.5 0 72 0
0.5 480 72 50
0.5 480 80 45
0.5 480 80 0
0.5 0 72 0
0.5 0 73 42
0.5 0 80 50
0.5 960 80 0
0.5 0 80 45
0.5 480 73 0
0.5 0 72 42
0.5 480 80 0
0.5 0 82 45
0.5 480 82 0
0.5 0 78 44
0.5 480 72 0
0.5 0 68 49
0.5 480 78 0
0.5 0 76 52
0.5 480 76 0
0.5 0 77 52
0.5 480 68 0
0.5 0 69 50
0.5 480 77 0
0.5 0 78 55
0.5 480 78 0
0.5 0 75 50
0.5 480 69 0
0.5 0 65 42
0.5 480 75 0
0.5 0 75 45
0.5 480 75 0
0.5 0 74 45
0.5 480 65 0
0.5 0 66 42
0.5 480 74 0
0.5 0 75 45
0.5 480 75 0
0.5 0 66 0
0.5 0 63 28
0.5 0 66 33
0.5 480 66 0
0.5 0 63 0
0.5 0 62 32
0.5 0 65 38
0.5 480 65 0
0.5 0 62 0
0.5 1440 72 38
0.5 240 72 0
0.5 240 72 38
0.5 240 72 0
0.5 240 72 46
0.5 480 72 0
0.5 0 70 38
0.5 480 70 0
0.5 960 68 38
0.5 240 68 0
0.5 240 68 38
0.5 240 68 0
0.5 240 68 43
0.5 480 68 0
0.5 0 67 38
0.5 480 67 0
0.5 720 72 37
0.5 240 72 0
0.5 0 71 38
0.5 240 71 0
0.5 0 72 34
0.5 240 72 0
0.5 0 74 43
0.5 240 74 0
0.5 0 72 38
0.5 240 72 0
0.5 240 70 36
0.5 240 70 0
0.5 0 69 38
0.5 240 69 0
0.5 0 70 36
0.5 240 70 0
0.5 0 72 44
0.5 240 72 0
0.5 0 70 38
0.5 240 70 0
0.5 240 68 36
0.5 240 68 0
0.5 0 67 38
0.5 240 67 0
0.5 0 68 35
0.5 240 68 0
0.5 0 70 44
0.5 240 70 0
0.5 0 68 37
0.5 240 68 0
0.5 0 67 46
0.5 2160 67 0
0.5 0 70 56
0.5 240 70 0
0.5 0 75 62
0.5 470 75 0
0.5 10 75 63
0.5 1440 75 0
0.5 0 74 57
0.5 480 74 0
0.5 960 70 51
0.5 1440 70 0
0.5 0 70 61
0.5 240 70 0
0.5 0 72 57
0.5 80 72 0
0.5 0 70 52
0.5 80 70 0
0.5 0 69 52
0.5 80 69 0
0.5 0 70 61
0.5 240 70 0
0.5 0 77 65
0.5 240 77 0
0.5 0 80 75
0.5 480 80 0
0.5 0 80 78
0.5 1440 80 0
0.5 0 79 69
0.5 480 79 0
0.5 960 67 56
0.5 120 67 0
0.5 120 68 58
0.5 120 68 0
0.5 120 70 60
0.5 120 70 0
0.5 120 72 62
0.5 120 72 0
0.5 120 74 64
0.5 120 74 0
0.5 120 75 65
0.5 120 75 0
0.5 120 77 68
0.5 120 77 0
0.5 120 79 70
0.5 120 79 0
0.5 120 80 73
0.5 120 80 0
0.5 120 82 76
0.5 120 82 0
0.5 120 84 79
0.5 120 84 0
0.5 120 86 81
0.5 120 86 0
0.5 120 87 88
0.5 1440 87 0
0.5 0 86 81
0.5 480 86 0
0.5 960 58 56
0.5 120 58 0
0.5 120 60 58
0.5 120 60 0
0.5 120 62 60
0.5 120 62 0
0.5 120 63 62
0.5 120 63 0
0.5 120 65 64
0.5 120 65 0
0.5 120 67 65
0.5 120 67 0
0.5 120 68 67
0.5 120 68 0
0.5 120 70 70
0.5 120 70 0
0.5 120 72 73
0.5 120 72 0
0.5 120 74 76
0.5 120 74 0
0.5 120 75 79
0.5 120 75 0
0.5 120 77 82
0.5 120 77 0
0.5 120 79 89
0.5 1440 79 0
0.5 0 87 100
0.5 960 87 0
0.5 0 55 77
0.5 480 55 0
0.5 0 56 82
0.5 1440 56 0
0.5 0 57 84
0.5 1440 57 0
0.5 0 58 84
0.5 1440 58 0
0.5 0 56 84
0.5 120 56 0
0.5 0 58 57
0.5 120 58 0
0.5 0 56 61
0.5 80 56 0
0.5 0 58 57
0.5 80 58 0
0.5 0 56 64
0.5 80 56 0
0.5 0 58 56
0.5 80 58 0
0.5 0 56 64
0.5 80 56 0
0.5 0 58 56
0.5 80 58 0
0.5 0 56 64
0.5 80 56 0
0.5 0 58 55
0.5 80 58 0
0.5 0 56 64
0.5 80 56 0
0.5 0 58 54
0.5 120 58 0
0.5 0 56 59
0.5 120 56 0
0.5 0 55 55
0.5 120 55 0
0.5 0 56 57
0.5 120 56 0
0.5 0 55 74
0.5 240 55 0
0.5 0 58 60
0.5 240 58 0
0.5 0 63 68
0.5 240 63 0
0.5 0 58 61
0.5 240 58 0
0.5 0 63 69
0.5 240 63 0
0.5 0 67 63
0.5 240 67 0
0.5 0 70 69
0.5 240 70 0
0.5 0 67 60
0.5 240 67 0
0.5 0 70 69
0.5 240 70 0
0.5 0 75 62
0.5 240 75 0
0.5 0 79 78
0.5 240 79 0
0.5 0 82 73
0.5 240 82 0
0.5 0 87 89
0.5 240 87 0
0.5 720 63 84
0.5 1440 63 0
0.5 0 55 81
0.5 480 55 0
0.5 0 56 84
0.5 960 56 0
0.5 0 63 84
0.5 480 63 0
0.5 0 57 92
0.5 960 57 0
0.5 0 63 84
0.5 480 63 0
0.5 0 58 77
0.5 240 58 0
0.5 0 63 60
0.5 240 63 0
0.5 0 62 69
0.5 240 62 0
0.5 0 63 55
0.5 240 63 0
0.5 0 59 68
0.5 240 59 0
0.5 0 63 61
0.5 240 63 0
0.5 0 60 82
0.5 240 60 0
0.5 0 63 63
0.5 240 63 0
0.5 0 62 70
0.5 240 62 0
0.5 0 63 62
0.5 240 63 0
0.5 0 57 70
0.5 240 57 0
0.5 0 63 61
0.5 240 63 0
0.5 0 58 88
0.5 240 58 0
0.5 0 63 66
0.5 240 63 0
0.5 0 61 75
0.5 240 61 0
0.5 0 63 62
0.5 240 63 0
0.5 0 59 74
0.5 240 59 0
0.5 0 63 65
0.5 240 63 0
0.5 0 60 88
0.5 240 60 0
0.5 0 63 65
0.5 240 63 0
0.5 0 62 71
0.5 240 62 0
0.5 0 63 65
0.5 240 63 0
0.5 0 57 80
0.5 240 57 0
0.5 0 63 72
0.5 240 63 0
0.5 0 58 93
0.5 480 58 0
0.5 360 63 81
0.5 120 63 0
0.5 0 70 87
0.5 360 70 0
0.5 0 67 84
0.5 120 67 0
0.5 0 75 93
0.5 120 75 0
0.5 720 63 81
0.5 120 63 0
0.5 0 69 87
0.5 360 69 0
0.5 0 66 84
0.5 120 66 0
0.5 0 75 93
0.5 120 75 0
0.5 720 63 81
0.5 120 63 0
0.5 0 70 87
0.5 360 70 0
0.5 0 67 84
0.5 120 67 0
0.5 0 75 93
0.5 120 75 0
0.5 720 72 81
0.5 120 72 0
0.5 0 78 87
0.5 360 78 0
0.5 0 75 84
0.5 120 75 0
0.5 0 79 95
0.5 720 79 0
0.5 0 75 85
0.5 240 75 0
0.5 0 75 93
0.5 240 75 0
0.5 0 70 79
0.5 180 70 0
0.5 60 70 88
0.5 240 70 0
0.5 0 67 78
0.5 180 67 0
0.5 60 67 85
0.5 240 67 0
0.5 0 63 77
0.5 180 63 0
0.5 60 63 81
0.5 240 63 0
0.5 0 58 77
0.5 180 58 0
0.5 2460 58 66
0.5 0 62 78
0.5 480 62 0
0.5 0 58 0
0.5 0 58 70
0.5 0 63 83
0.5 480 63 0
0.5 0 58 0
0.5 1440 70 53
0.5 0 65 42
0.5 0 68 42
0.5 0 62 42
0.5 480 62 0
0.5 0 70 0
0.5 0 65 0
0.5 0 68 0
0.5 0 62 38
0.5 0 65 38
0.5 0 68 38
0.5 0 70 48
0.5 480 70 0
0.5 0 62 0
0.5 0 65 0
0.5 0 68 0
0.5 0 63 42
0.5 0 67 42
0.5 0 72 53
0.5 480 72 0
0.5 0 70 49
0.5 480 70 0
0.5 0 67 0
0.5 0 63 0
0.5 960 65 42
0.5 0 68 42
0.5 0 74 53
0.5 480 74 0
0.5 0 68 0
0.5 0 65 0
0.5 0 65 38
0.5 0 68 38
0.5 0 74 48
0.5 480 74 0
0.5 0 68 0
0.5 0 65 0
0.5 0 67 42
0.5 0 70 42
0.5 0 77 53
0.5 480 77 0
0.5 0 75 49
0.5 480 75 0
0.5 0 70 0
0.5 0 67 0
0.5 960 62 42
0.5 0 65 42
0.5 0 68 42
0.5 0 70 53
0.5 480 70 0
0.5 0 62 0
0.5 0 65 0
0.5 0 68 0
0.5 0 70 48
0.5 0 65 38
0.5 0 68 38
0.5 0 62 38
0.5 480 62 0
0.5 0 70 0
0.5 0 65 0
0.5 0 68 0
0.5 0 63 42
0.5 0 67 42
0.5 0 72 53
0.5 480 72 0
0.5 0 70 49
0.5 480 70 0
0.5 0 67 0
0.5 0 63 0
0.5 960 53 42
0.5 0 56 42
0.5 0 62 53
0.5 480 62 0
0.5 0 56 0
0.5 0 53 0
0.5 0 53 38
0.5 0 56 38
0.5 0 62 48
0.5 480 62 0
0.5 0 56 0
0.5 0 53 0
0.5 0 55 42
0.5 0 58 42
0.5 0 65 53
0.5 480 65 0
0.5 0 63 49
0.5 480 63 0
0.5 0 58 0
0.5 0 55 0
0.5 960 53 42
0.5 0 56 42
0.5 0 62 53
0.5 480 62 0
0.5 0 56 0
0.5 0 53 0
0.5 0 53 38
0.5 0 56 38
0.5 0 62 48
0.5 480 62 0
0.5 0 56 0
0.5 0 53 0
0.5 0 56 42
0.5 0 62 42
0.5 0 65 53
0.5 1440 65 0
0.5 0 62 0
0.5 0 56 0
0.5 0 58 44
0.5 0 63 49
0.5 480 63 0
0.5 0 58 0
0.5 960 64 69
0.5 0 67 69
0.5 0 72 82
0.5 720 72 0
0.5 0 67 0
0.5 0 64 0
0.5 120 67 70
0.5 120 67 0
0.5 0 76 78
0.5 360 76 0
0.5 0 72 70
0.5 120 72 0
0.5 0 79 79
0.5 360 79 0
0.5 0 76 70
0.5 120 76 0
0.5 0 84 79
0.5 360 84 0
0.5 0 79 70
0.5 120 79 0
0.5 0 88 84
0.5 120 88 0
0.5 360 88 84
0.5 120 88 0
0.5 840 72 39
0.5 0 76 46
0.5 240 76 0
0.5 0 72 0
0.5 240 72 42
0.5 0 76 50
0.5 960 76 0
0.5 0 72 0
0.5 0 74 46
0.5 0 71 39
0.5 470 71 0
0.5 0 74 0
0.5 10 71 42
0.5 0 74 50
0.5 720 74 0
0.5 0 71 0
0.5 120 71 70
0.5 120 71 0
0.5 0 77 78
0.5 360 77 0
0.5 0 74 70
0.5 120 74 0
0.5 0 83 79
0.5 360 83 0
0.5 0 77 70
0.5 120 77 0
0.5 0 86 79
0.5 360 86 0
0.5 0 83 70
0.5 120 83 0
0.5 0 89 84
0.5 120 89 0
0.5 360 89 84
0.5 120 89 0
0.5 840 74 39
0.5 0 77 46
0.5 240 77 0
0.5 0 74 0
0.5 240 74 42
0.5 0 77 50
0.5 960 77 0
0.5 0 74 0
0.5 0 76 46
0.5 0 73 39
0.5 470 73 0
0.5 0 76 0
0.5 10 73 42
0.5 0 76 50
0.5 720 76 0
0.5 0 73 0
0.5 120 70 70
0.5 120 70 0
0.5 0 76 78
0.5 360 76 0
0.5 0 73 70
0.5 120 73 0
0.5 0 79 84
0.5 360 79 0
0.5 0 76 70
0.5 120 76 0
0.5 0 82 85
0.5 360 82 0
0.5 0 79 70
0.5 120 79 0
0.5 0 85 89
0.5 120 85 0
0.5 360 67 87
0.5 120 67 0
0.5 360 82 86
0.5 120 82 0
0.5 840 64 85
0.5 120 64 0
0.5 360 79 79
0.5 120 79 0
0.5 840 65 42
0.5 0 77 50
0.5 1440 77 0
0.5 0 65 0
0.5 0 84 53
0.5 0 72 45
0.5 950 72 0
0.5 0 84 0
0.5 10 84 50
0.5 0 72 42
0.5 470 72 0
0.5 0 84 0
0.5 10 84 54
0.5 0 72 45
0.5 480 72 0
0.5 0 84 0
0.5 0 83 50
0.5 0 71 42
0.5 480 71 0
0.5 0 83 0
0.5 0 85 50
0.5 0 73 42
0.5 480 73 0
0.5 0 85 0
0.5 0 72 42
0.5 0 84 50
0.5 480 84 0
0.5 0 72 0
0.5 0 82 50
0.5 0 70 42
0.5 480 70 0
0.5 0 82 0
0.5 0 79 50
0.5 0 67 42
0.5 480 67 0
0.5 0 79 0
0.5 0 76 56
0.5 0 64 47
0.5 960 64 0
0.5 0 76 0
0.5 0 67 50
0.5 0 79 59
0.5 480 79 0
0.5 0 67 0
0.5 0 84 65
0.5 0 72 55
0.5 960 72 0
0.5 0 84 0
0.5 0 79 59
0.5 0 67 50
0.5 480 67 0
0.5 0 79 0
0.5 0 70 54
0.5 0 82 64
0.5 1440 82 0
0.5 0 70 0
0.5 0 80 58
0.5 0 68 49
0.5 480 68 0
0.5 0 80 0
0.5 480 69 48
0.5 0 81 57
0.5 480 81 0
0.5 0 69 0
0.5 0 70 52
0.5 0 82 62
0.5 1440 82 0
0.5 0 70 0
0.5 0 89 66
0.5 0 77 56
0.5 950 77 0
0.5 0 89 0
0.5 10 89 62
0.5 0 77 52
0.5 470 77 0
0.5 0 89 0
0.5 10 89 68
0.5 0 77 57
0.5 480 77 0
0.5 0 89 0
0.5 0 88 62
0.5 0 76 52
0.5 480 76 0
0.5 0 88 0
0.5 0 90 62
0.5 0 78 52
0.5 480 78 0
0.5 0 90 0
0.5 0 77 52
0.5 0 89 62
0.5 480 89 0
0.5 0 77 0
0.5 0 87 62
0.5 0 75 52
0.5 480 75 0
0.5 0 87 0
0.5 0 84 62
0.5 0 72 52
0.5 480 72 0
0.5 0 84 0
0.5 0 81 70
0.5 0 69 59
0.5 960 69 0
0.5 0 81 0
0.5 0 72 61
0.5 0 84 73
0.5 480 84 0
0.5 0 72 0
0.5 0 89 81
0.5 0 77 68
0.5 960 77 0
0.5 0 89 0
0.5 0 84 73
0.5 0 72 61
0.5 480 72 0
0.5 0 84 0
0.5 0 75 68
0.5 0 87 80
0.5 1440 87 0
0.5 0 75 0
0.5 0 85 72
0.5 0 73 61
0.5 480 73 0
0.5 0 85 0
0.5 480 73 61
0.5 480 73 0
0.5 0 72 67
0.5 960 72 0
0.5 0 75 61
0.5 120 75 0
0.5 0 77 57
0.5 80 77 0
0.5 0 75 61
0.5 80 75 0
0.5 0 74 65
0.5 80 74 0
0.5 0 75 69
0.5 120 75 0
0.5 0 80 74
0.5 960 80 0
0.5 0 75 66
0.5 480 75 0
0.5 0 77 70
0.5 480 77 0
0.5 0 76 61
0.5 480 76 0
0.5 0 78 61
0.5 480 78 0
0.5 0 77 70
0.5 480 77 0
0.5 0 75 61
0.5 480 75 0
0.5 0 72 61
0.5 480 72 0
0.5 0 80 70
0.5 480 80 0
0.5 0 79 61
0.5 480 79 0
0.5 0 82 61
0.5 480 82 0
0.5 0 80 70
0.5 480 80 0
0.5 0 78 61
0.5 480 78 0
0.5 0 75 61
0.5 480 75 0
0.5 0 77 70
0.5 480 77 0
0.5 0 76 61
0.5 480 76 0
0.5 0 78 61
0.5 480 78 0
0.5 0 77 70
0.5 480 77 0
0.5 0 75 61
0.5 480 75 0
0.5 0 72 61
0.5 480 72 0
0.5 0 73 66
0.5 1440 73 0
0.5 0 82 71
0.5 0 73 57
0.5 950 73 0
0.5 0 82 0
0.5 10 82 74
0.5 0 73 60
0.5 470 73 0
0.5 0 82 0
0.5 10 82 78
0.5 0 72 63
0.5 2400 72 0
0.5 0 82 0
0.5 0 67 61
0.5 0 70 72
0.5 480 70 0
0.5 0 67 0
0.5 0 65 58
0.5 0 68 69
0.5 1440 68 0
0.5 0 65 0
0.5 0 80 78
0.5 0 77 62
0.5 950 77 0
0.5 0 80 0
0.5 10 77 66
0.5 0 80 81
0.5 480 80 0
0.5 0 77 0
0.5 0 79 85
0.5 0 77 69
0.5 2400 77 0
0.5 0 79 0
0.5 0 62 61
0.5 0 65 72
0.5 480 65 0
0.5 0 62 0
0.5 0 60 58
0.5 0 63 69
0.5 480 63 0
0.5 0 60 0
0.5 960 72 72
0.5 0 84 85
0.5 0 75 72
0.5 950 75 0
0.5 0 84 0
0.5 0 72 0
0.5 10 72 71
0.5 0 75 71
0.5 0 84 84
0.5 470 84 0
0.5 0 75 0
0.5 0 72 0
0.5 10 72 76
0.5 0 84 90
0.5 0 80 76
0.5 1440 80 0
0.5 0 84 0
0.5 0 72 0
0.5 0 77 82
0.5 0 89 97
0.5 0 80 82
0.5 950 80 0
0.5 0 89 0
0.5 0 77 0
0.5 10 77 81
0.5 0 80 81
0.5 0 89 96
0.5 470 89 0
0.5 0 80 0
0.5 0 77 0
0.5 10 79 87
0.5 0 77 87
0.5 0 89 103
0.5 0 86 87
0.5 2400 86 0
0.5 0 79 0
0.5 0 77 0
0.5 0 89 0
0.5 0 74 67
0.5 0 77 79
0.5 480 77 0
0.5 0 74 0
0.5 0 72 72
0.5 0 75 85
0.5 960 75 0
0.5 0 72 0
0.5 0 67 64
0.5 0 75 76
0.5 480 68 80
0.5 480 75 0
0.5 0 67 0
0.5 0 65 62
0.5 0 74 74
0.5 480 74 0
0.5 0 65 0
0.5 0 68 0
0.5 0 63 60
0.5 0 69 60
0.5 0 72 71
0.5 480 72 0
0.5 0 69 0
0.5 0 63 0
0.5 0 62 64
0.5 0 67 64
0.5 0 71 76
0.5 480 71 0
0.5 0 67 0
0.5 0 62 0
0.5 480 71 48
0.5 0 74 48
0.5 0 79 57
0.5 480 79 0
0.5 0 74 0
0.5 0 71 0
0.5 0 68 51
0.5 0 72 51
0.5 0 77 60
0.5 480 77 0
0.5 0 72 0
0.5 0 68 0
0.5 480 67 47
0.5 0 70 47
0.5 0 75 56
0.5 480 75 0
0.5 0 70 0
0.5 0 67 0
0.5 0 65 51
0.5 0 68 51
0.5 0 74 60
0.5 480 74 0
0.5 0 68 0
0.5 0 65 0
0.5 480 63 48
0.5 0 67 48
0.5 0 72 57
0.5 480 72 0
0.5 0 67 0
0.5 0 63 0
0.5 0 62 51
0.5 0 65 51
0.5 0 71 60
0.5 480 71 0
0.5 0 65 0
0.5 0 62 0
0.5 480 60 45
0.5 0 63 45
0.5 0 68 54
0.5 480 68 0
0.5 0 63 0
0.5 0 60 0
0.5 0 59 51
0.5 0 62 51
0.5 0 67 60
0.5 480 67 0
0.5 0 62 0
0.5 0 59 0
0.5 480 71 43
0.5 0 74 43
0.5 0 79 51
0.5 480 79 0
0.5 0 74 0
0.5 0 71 0
0.5 0 68 45
0.5 0 72 45
0.5 0 77 53
0.5 480 77 0
0.5 0 72 0
0.5 0 68 0
0.5 480 67 40
0.5 0 70 40
0.5 0 75 48
0.5 480 75 0
0.5 0 70 0
0.5 0 67 0
0.5 0 65 43
0.5 0 68 43
0.5 0 74 51
0.5 480 74 0
0.5 0 68 0
0.5 0 65 0
0.5 480 63 39
0.5 0 67 39
0.5 0 72 47
0.5 480 72 0
0.5 0 67 0
0.5 0 63 0
0.5 0 62 41
0.5 0 65 41
0.5 0 71 49
0.5 480 71 0
0.5 0 65 0
0.5 0 62 0
0.5 480 60 35
0.5 0 63 35
0.5 0 68 42
0.5 480 68 0
0.5 0 63 0
0.5 0 60 0
0.5 0 59 39
0.5 0 62 39
0.5 0 67 46
0.5 480 67 0
0.5 0 62 0
0.5 0 59 0
0.5 480 60 34
0.5 0 56 34
0.5 0 65 41
0.5 480 65 0
0.5 0 56 0
0.5 0 60 0
0.5 0 55 36
0.5 0 60 36
0.5 0 63 43
0.5 480 63 0
0.5 0 60 0
0.5 0 55 0
0.5 480 53 32
0.5 0 59 32
0.5 0 62 38
0.5 480 62 0
0.5 0 59 0
0.5 0 53 0
0.5 0 51 69
0.5 0 55 69
0.5 0 60 82
0.5 720 60 0
0.5 0 55 0
0.5 0 51 0
0.5 120 67 70
0.5 120 67 0
0.5 0 75 78
0.5 360 75 0
0.5 0 72 70
0.5 120 72 0
0.5 0 79 79
0.5 360 79 0
0.5 0 75 70
0.5 120 75 0
0.5 0 84 79
0.5 360 84 0
0.5 0 79 70
0.5 120 79 0
0.5 0 87 84
0.5 120 87 0
0.5 360 87 84
0.5 120 87 0
0.5 840 67 39
0.5 0 72 46
0.5 240 72 0
0.5 0 67 0
0.5 240 67 42
0.5 0 72 50
0.5 960 72 0
0.5 0 67 0
0.5 0 67 39
0.5 10 71 46
0.5 460 67 0
0.5 10 71 0
0.5 0 68 69
0.5 0 65 69
0.5 0 71 82
0.5 720 71 0
0.5 0 65 0
0.5 0 68 0
0.5 120 71 70
0.5 120 71 0
0.5 0 77 78
0.5 360 77 0
0.5 0 74 70
0.5 120 74 0
0.5 0 83 79
0.5 360 83 0
0.5 0 77 70
0.5 120 77 0
0.5 0 86 79
0.5 360 86 0
0.5 0 83 70
0.5 120 83 0
0.5 0 89 84
0.5 120 89 0
0.5 360 89 84
0.5 120 89 0
0.5 840 71 39
0.5 0 74 46
0.5 240 74 0
0.5 0 71 0
0.5 240 71 42
0.5 0 74 50
0.5 960 74 0
0.5 0 71 0
0.5 0 72 46
0.5 360 72 0
0.5 0 72 45
0.5 60 72 0
0.5 0 75 48
0.5 60 75 0
0.5 0 79 53
0.5 720 79 0
0.5 0 77 41
0.5 240 77 0
0.5 0 75 51
0.5 480 75 0
0.5 0 74 47
0.5 960 74 0
0.5 0 72 39
0.5 360 72 0
0.5 0 67 27
0.5 40 67 0
0.5 0 72 45
0.5 40 72 0
0.5 0 75 48
0.5 40 75 0
0.5 0 79 53
0.5 720 79 0
0.5 0 77 41
0.5 240 77 0
0.5 0 72 43
0.5 0 75 51
0.5 480 75 0
0.5 0 72 0
0.5 0 71 39
0.5 0 74 47
0.5 960 74 0
0.5 0 71 0
0.5 0 72 39
0.5 360 72 0
0.5 0 67 60
0.5 40 67 0
0.5 0 72 63
0.5 40 72 0
0.5 0 75 69
0.5 40 75 0
0.5 0 67 69
0.5 0 79 81
0.5 720 79 0
0.5 0 67 0
0.5 0 77 61
0.5 0 65 51
0.5 240 65 0
0.5 0 77 0
0.5 0 75 73
0.5 0 63 62
0.5 960 63 0
0.5 0 75 0
0.5 0 74 72
0.5 0 62 61
0.5 120 62 0
0.5 0 74 0
0.5 360 72 75
0.5 0 60 63
0.5 960 60 0
0.5 0 72 0
0.5 0 59 63
0.5 0 71 75
0.5 120 71 0
0.5 0 59 0
0.5 360 56 62
0.5 0 68 74
0.5 960 68 0
0.5 0 56 0
0.5 0 55 57
0.5 0 67 67
0.5 240 67 0
0.5 0 55 0
0.5 1200 59 42
0.5 160 59 0
0.5 0 62 35
0.5 160 62 0
0.5 0 65 35
0.5 160 65 0
0.5 0 68 43
0.5 160 68 0
0.5 0 67 36
0.5 160 67 0
0.5 0 65 36
0.5 160 65 0
0.5 0 63 43
0.5 120 63 0
0.5 1800 53 42
0.5 160 53 0
0.5 0 56 35
0.5 160 56 0
0.5 0 62 35
0.5 160 62 0
0.5 0 65 43
0.5 160 65 0
0.5 0 63 36
0.5 160 63 0
0.5 0 62 36
0.5 160 62 0
0.5 0 60 43
0.5 120 60 0
0.5 1800 55 66
0.5 160 55 0
0.5 0 59 69
0.5 160 59 0
0.5 0 62 72
0.5 160 62 0
0.5 0 65 75
0.5 160 65 0
0.5 0 62 67
0.5 160 62 0
0.5 0 59 71
0.5 160 59 0
0.5 0 60 94
0.5 240 60 0
0.5 4560 65 50
0.5 480 73 45
0.5 480 73 0
0.5 0 65 0
0.5 0 66 42
0.5 0 73 50
0.5 960 73 0
0.5 0 73 45
0.5 480 66 0
0.5 0 65 42
0.5 480 73 0
0.5 0 75 45
0.5 480 75 0
0.5 0 71 44
0.5 480 65 0
0.5 0 66 42
0.5 480 71 0
0.5 0 69 45
0.5 480 69 0
0.5 0 70 45
0.5 480 70 0
0.5 0 66 0
0.5 480 77 50
0.5 480 85 45
0.5 480 85 0
0.5 0 77 0
0.5 0 78 42
0.5 0 85 50
0.5 960 85 0
0.5 0 85 45
0.5 480 78 0
0.5 0 77 42
0.5 480 85 0
0.5 0 87 45
0.5 480 87 0
0.5 0 83 44
0.5 480 77 0
0.5 0 78 42
0.5 480 83 0
0.5 0 81 45
0.5 480 81 0
0.5 0 82 45
0.5 480 82 0
0.5 0 78 0
0.5 480 74 50
0.5 480 82 45
0.5 480 82 0
0.5 0 74 0
0.5 0 75 42
0.5 0 82 50
0.5 960 82 0
0.5 0 82 45
0.5 480 75 0
0.5 0 74 42
0.5 480 82 0
0.5 0 83 45
0.5 480 83 0
0.5 0 80 44
0.5 480 74 0
0.5 0 70 49
0.5 480 80 0
0.5 0 77 52
0.5 480 77 0
0.5 0 78 52
0.5 480 70 0
0.5 0 71 50
0.5 480 78 0
0.5 0 80 55
0.5 480 80 0
0.5 0 77 50
0.5 480 71 0
0.5 0 72 42
0.5 480 77 0
0.5 0 77 45
0.5 480 77 0
0.5 0 76 45
0.5 480 72 0
0.5 0 68 42
0.5 480 76 0
0.5 0 77 45
0.5 480 77 0
0.5 0 68 0
0.5 0 65 28
0.5 0 68 33
0.5 480 68 0
0.5 0 65 0
0.5 0 64 32
0.5 0 67 38
0.5 480 67 0
0.5 0 64 0
0.5 1440 73 38
0.5 240 73 0
0.5 240 73 38
0.5 240 73 0
0.5 240 73 46
0.5 480 73 0
0.5 0 72 38
0.5 480 72 0
0.5 960 70 38
0.5 240 70 0
0.5 240 70 38
0.5 240 70 0
0.5 240 70 43
0.5 480 70 0
0.5 0 69 38
0.5 480 69 0
0.5 720 74 37
0.5 240 74 0
0.5 0 73 38
0.5 240 73 0
0.5 0 74 34
0.5 240 74 0
0.5 0 76 43
0.5 240 76 0
0.5 0 74 38
0.5 240 74 0
0.5 240 72 36
0.5 240 72 0
0.5 0 71 38
0.5 240 71 0
0.5 0 72 36
0.5 240 72 0
0.5 0 74 44
0.5 240 74 0
0.5 0 72 38
0.5 240 72 0
0.5 240 70 36
0.5 240 70 0
0.5 0 69 38
0.5 240 69 0
0.5 0 70 35
0.5 240 70 0
0.5 0 72 44
0.5 240 72 0
0.5 0 70 37
0.5 240 70 0
0.5 0 69 46
0.5 2160 69 0
0.5 0 72 56
0.5 240 72 0
0.5 0 77 62
0.5 480 77 0
0.5 0 77 63
0.5 1440 77 0
0.5 0 76 57
0.5 480 76 0
0.5 960 72 51
0.5 1440 72 0
0.5 0 72 61
0.5 240 72 0
0.5 0 74 57
0.5 80 74 0
0.5 0 72 52
0.5 80 72 0
0.5 0 71 52
0.5 80 71 0
0.5 0 72 61
0.5 240 72 0
0.5 0 79 71
0.5 240 79 0
0.5 0 82 76
0.5 480 82 0
0.5 0 82 78
0.5 1440 82 0
0.5 0 81 69
0.5 480 81 0
0.5 960 69 56
0.5 120 69 0
0.5 120 70 58
0.5 120 70 0
0.5 120 72 60
0.5 120 72 0
0.5 120 74 62
0.5 120 74 0
0.5 120 76 64
0.5 120 76 0
0.5 120 77 65
0.5 120 77 0
0.5 120 79 67
0.5 120 79 0
0.5 120 81 71
0.5 120 81 0
0.5 120 82 74
0.5 120 82 0
0.5 120 84 77
0.5 120 84 0
0.5 120 86 80
0.5 120 86 0
0.5 120 88 83
0.5 120 88 0
0.5 120 89 90
0.5 1440 89 0
0.5 0 88 71
0.5 480 88 0
0.5 960 60 56
0.5 120 60 0
0.5 120 62 58
0.5 120 62 0
0.5 120 64 60
0.5 120 64 0
0.5 120 65 62
0.5 120 65 0
0.5 120 67 64
0.5 120 67 0
0.5 120 69 65
0.5 120 69 0
0.5 120 70 71
0.5 120 70 0
0.5 120 72 71
0.5 120 72 0
0.5 120 74 73
0.5 120 74 0
0.5 120 76 75
0.5 120 76 0
0.5 120 77 82
0.5 120 77 0
0.5 120 79 84
0.5 120 79 0
0.5 120 80 92
0.5 1920 80 0
0.5 0 79 77
0.5 480 79 0
0.5 0 77 77
0.5 480 77 0
0.5 0 75 84
0.5 1080 75 0
0.5 0 77 57
0.5 80 77 0
0.5 0 75 61
0.5 80 75 0
0.5 0 74 65
0.5 80 74 0
0.5 0 75 69
0.5 120 75 0
0.5 0 79 84
0.5 480 79 0
0.5 0 77 78
0.5 480 77 0
0.5 0 74 78
0.5 480 74 0
0.5 0 63 66
0.5 0 75 89
0.5 2160 75 0
0.5 0 63 0
0.5 0 67 63
0.5 0 79 84
0.5 240 79 0
0.5 0 67 0
0.5 0 72 72
0.5 0 84 97
0.5 480 84 0
0.5 0 72 0
0.5 0 72 73
0.5 0 84 98
0.5 1440 84 0
0.5 0 72 0
0.5 0 71 63
0.5 0 83 85
0.5 480 83 0
0.5 0 71 0
0.5 960 67 66
0.5 0 79 89
0.5 2160 79 0
0.5 0 67 0
0.5 0 74 63
0.5 0 86 84
0.5 240 86 0
0.5 0 74 0
0.5 0 77 72
0.5 0 89 97
0.5 470 89 0
0.5 0 77 0
0.5 10 77 73
0.5 0 89 98
0.5 1440 89 0
0.5 0 77 0
0.5 0 75 66
0.5 0 87 88
0.5 480 87 0
0.5 0 75 0
0.5 960 63 89
0.5 240 63 0
0.5 0 67 75
0.5 240 67 0
0.5 0 72 79
0.5 240 72 0
0.5 0 67 79
0.5 240 67 0
0.5 0 72 83
0.5 240 72 0
0.5 0 75 89
0.5 240 75 0
0.5 0 72 89
0.5 240 72 0
0.5 0 75 77
0.5 240 75 0
0.5 0 79 83
0.5 240 79 0
0.5 0 75 89
0.5 240 75 0
0.5 0 79 83
0.5 240 79 0
0.5 0 84 89
0.5 230 84 0
0.5 10 84 98
0.5 1440 84 0
0.5 0 83 92
0.5 480 83 0
0.5 960 55 80
0.5 240 55 0
0.5 0 59 67
0.5 240 59 0
0.5 0 62 71
0.5 240 62 0
0.5 0 59 71
0.5 240 59 0
0.5 0 62 74
0.5 240 62 0
0.5 0 67 80
0.5 240 67 0
0.5 0 62 80
0.5 240 62 0
0.5 0 67 69
0.5 240 67 0
0.5 0 71 74
0.5 240 71 0
0.5 0 67 80
0.5 240 67 0
0.5 0 71 74
0.5 240 71 0
0.5 0 74 80
0.5 240 74 0
0.5 0 75 86
0.5 480 75 0
0.5 480 84 100
0.5 1440 84 0
0.5 0 52 77
0.5 480 52 0
0.5 0 53 82
0.5 1440 53 0
0.5 0 54 84
0.5 1440 54 0
0.5 0 55 84
0.5 1440 55 0
0.5 0 53 84
0.5 120 53 0
0.5 0 55 57
0.5 120 55 0
0.5 0 53 61
0.5 80 53 0
0.5 0 55 57
0.5 80 55 0
0.5 0 53 64
0.5 80 53 0
0.5 0 55 56
0.5 80 55 0
0.5 0 53 64
0.5 80 53 0
0.5 0 55 56
0.5 80 55 0
0.5 0 53 64
0.5 80 53 0
0.5 0 55 55
0.5 80 55 0
0.5 0 53 64
0.5 80 53 0
0.5 0 55 54
0.5 120 55 0
0.5 0 53 59
0.5 120 53 0
0.5 0 52 55
0.5 120 52 0
0.5 0 53 57
0.5 120 53 0
0.5 0 51 74
0.5 240 51 0
0.5 0 55 60
0.5 240 55 0
0.5 0 60 68
0.5 240 60 0
0.5 0 55 61
0.5 240 55 0
0.5 0 60 69
0.5 240 60 0
0.5 0 63 63
0.5 240 63 0
0.5 0 67 69
0.5 240 67 0
0.5 0 63 60
0.5 240 63 0
0.5 0 67 73
0.5 240 67 0
0.5 0 72 68
0.5 240 72 0
0.5 0 75 80
0.5 240 75 0
0.5 0 79 73
0.5 240 79 0
0.5 0 84 89
0.5 240 84 0
0.5 720 60 84
0.5 1440 60 0
0.5 0 52 81
0.5 480 52 0
0.5 0 53 84
0.5 960 53 0
0.5 0 60 84
0.5 480 60 0
0.5 0 54 92
0.5 960 54 0
0.5 0 60 84
0.5 480 60 0
0.5 0 55 88
0.5 240 55 0
0.5 0 60 62
0.5 240 60 0
0.5 0 59 74
0.5 240 59 0
0.5 0 60 62
0.5 240 60 0
0.5 0 55 72
0.5 240 55 0
0.5 0 60 62
0.5 240 60 0
0.5 0 56 82
0.5 240 56 0
0.5 0 60 62
0.5 240 60 0
0.5 0 59 73
0.5 240 59 0
0.5 0 60 64
0.5 240 60 0
0.5 0 54 73
0.5 240 54 0
0.5 0 60 62
0.5 240 60 0
0.5 0 55 88
0.5 240 55 0
0.5 0 60 63
0.5 240 60 0
0.5 0 59 73
0.5 240 59 0
0.5 0 60 62
0.5 240 60 0
0.5 0 52 74
0.5 240 52 0
0.5 0 60 65
0.5 240 60 0
0.5 0 53 88
0.5 240 53 0
0.5 0 60 64
0.5 240 60 0
0.5 0 56 71
0.5 240 56 0
0.5 0 60 65
0.5 240 60 0
0.5 0 54 80
0.5 240 54 0
0.5 0 60 72
0.5 240 60 0
0.5 0 55 93
0.5 480 55 0
0.5 360 67 81
0.5 120 67 0
0.5 0 75 87
0.5 360 75 0
0.5 0 72 84
0.5 120 72 0
0.5 0 78 93
0.5 120 78 0
0.5 720 66 81
0.5 120 66 0
0.5 0 75 87
0.5 360 75 0
0.5 0 72 84
0.5 120 72 0
0.5 0 79 93
0.5 120 79 0
0.5 720 67 81
0.5 120 67 0
0.5 0 75 87
0.5 360 75 0
0.5 0 72 84
0.5 120 72 0
0.5 0 81 93
0.5 120 81 0
0.5 720 69 81
0.5 120 69 0
0.5 0 75 87
0.5 360 75 0
0.5 0 72 84
0.5 120 72 0
0.5 0 79 95
0.5 720 79 0
0.5 0 75 85
0.5 240 75 0
0.5 0 75 93
0.5 240 75 0
0.5 0 72 79
0.5 180 72 0
0.5 60 72 88
0.5 240 72 0
0.5 0 67 78
0.5 180 67 0
0.5 60 67 85
0.5 240 67 0
0.5 0 63 77
0.5 180 63 0
0.5 60 63 81
0.5 240 63 0
0.5 0 60 77
0.5 180 60 0
0.5 2460 55 66
0.5 0 59 78
0.5 480 59 0
0.5 0 55 0
0.5 0 55 70
0.5 0 60 83
0.5 480 60 0
0.5 0 55 0
0.5 1440 67 53
0.5 0 62 42
0.5 0 65 42
0.5 0 59 42
0.5 480 59 0
0.5 0 67 0
0.5 0 62 0
0.5 0 65 0
0.5 0 59 38
0.5 0 62 38
0.5 0 65 38
0.5 0 67 48
0.5 480 67 0
0.5 0 59 0
0.5 0 62 0
0.5 0 65 0
0.5 0 60 42
0.5 0 63 42
0.5 0 68 53
0.5 480 68 0
0.5 0 67 49
0.5 480 67 0
0.5 0 63 0
0.5 0 60 0
0.5 960 62 42
0.5 0 65 42
0.5 0 71 53
0.5 480 71 0
0.5 0 65 0
0.5 0 62 0
0.5 0 62 38
0.5 0 65 38
0.5 0 71 48
0.5 480 71 0
0.5 0 65 0
0.5 0 62 0
0.5 0 63 42
0.5 0 67 42
0.5 0 74 53
0.5 480 74 0
0.5 0 72 49
0.5 480 72 0
0.5 0 67 0
0.5 0 63 0
0.5 960 59 42
0.5 0 62 42
0.5 0 65 42
0.5 0 67 53
0.5 480 67 0
0.5 0 59 0
0.5 0 62 0
0.5 0 65 0
0.5 0 67 48
0.5 0 62 38
0.5 0 65 38
0.5 0 59 38
0.5 480 59 0
0.5 0 67 0
0.5 0 62 0
0.5 0 65 0
0.5 0 60 42
0.5 0 63 42
0.5 0 68 53
0.5 480 68 0
0.5 0 67 49
0.5 480 67 0
0.5 0 63 0
0.5 0 60 0
0.5 960 50 42
0.5 0 53 42
0.5 0 59 53
0.5 480 59 0
0.5 0 53 0
0.5 0 50 0
0.5 0 50 38
0.5 0 53 38
0.5 0 59 48
0.5 480 59 0
0.5 0 53 0
0.5 0 50 0
0.5 0 51 42
0.5 0 55 42
0.5 0 62 53
0.5 480 62 0
0.5 0 60 49
0.5 480 60 0
0.5 0 55 0
0.5 0 51 0
0.5 960 50 42
0.5 0 53 42
0.5 0 59 53
0.5 480 59 0
0.5 0 53 0
0.5 0 50 0
0.5 0 50 38
0.5 0 53 38
0.5 0 59 48
0.5 480 59 0
0.5 0 53 0
0.5 0 50 0
0.5 0 51 42
0.5 0 55 42
0.5 0 60 53
0.5 480 60 0
0.5 0 55 0
0.5 0 51 0
0.5 960 67 82
0.5 0 71 82
0.5 0 74 82
0.5 0 79 97
0.5 480 79 0
0.5 0 67 0
0.5 0 71 0
0.5 0 74 0
0.5 960 60 82
0.5 0 63 82
0.5 0 67 82
0.5 0 72 97
0.5 480 72 0
0.5 0 60 0
0.5 0 63 0
0.5 0 67 0
1 0 0 0
0.5 0 60 70
0.5 0 55 59
0.5 0 51 59
0.5 0 48 59
0.5 720 48 0
0.5 0 60 0
0.5 0 55 0
0.5 0 51 0
0.5 3120 60 34
0.5 0 63 41
0.5 240 63 0
0.5 0 60 0
0.5 240 63 41
0.5 0 60 34
0.5 960 60 0
0.5 0 63 0
0.5 0 62 32
0.5 0 65 38
0.5 470 65 0
0.5 0 62 0
0.5 10 53 59
0.5 0 59 59
0.5 0 56 59
0.5 0 62 70
0.5 0 50 59
0.5 720 50 0
0.5 0 56 0
0.5 0 53 0
0.5 0 59 0
0.5 0 62 0
0.5 3120 62 34
0.5 0 68 41
0.5 0 65 34
0.5 240 65 0
0.5 0 68 0
0.5 0 62 0
0.5 240 68 41
0.5 0 65 34
0.5 0 62 34
0.5 960 62 0
0.5 0 65 0
0.5 0 68 0
0.5 0 67 38
0.5 0 63 32
0.5 480 63 0
0.5 0 67 0
0.5 960 60 35
0.5 0 55 29
0.5 0 51 29
0.5 480 51 0
0.5 0 55 0
0.5 0 60 0
0.5 0 53 33
0.5 0 56 33
0.5 0 59 39
0.5 960 59 0
0.5 0 56 0
0.5 0 53 0
0.5 0 60 34
0.5 0 55 28
0.5 0 51 28
0.5 480 51 0
0.5 0 55 0
0.5 0 60 0
0.5 960 63 29
0.5 0 67 35
0.5 480 67 0
0.5 0 63 0
0.5 0 68 39
0.5 0 65 33
0.5 960 65 0
0.5 0 68 0
0.5 0 63 28
0.5 0 67 34
0.5 480 67 0
0.5 0 63 0
0.5 960 55 39
0.5 0 60 47
0.5 0 51 39
0.5 480 51 0
0.5 0 60 0
0.5 0 55 0
0.5 0 59 53
0.5 0 53 45
0.5 0 56 45
0.5 960 56 0
0.5 0 53 0
0.5 0 59 0
0.5 0 55 46
0.5 0 51 39
0.5 480 51 0
0.5 0 55 0
0.5 0 50 46
0.5 0 53 56
0.5 960 53 0
0.5 0 50 0
0.5 0 51 49
0.5 0 48 41
0.5 480 48 0
0.5 0 51 0
0.5 0 50 47
0.5 0 47 55
0.5 480 47 0
0.5 0 50 0
0.5 1920 56 34
0.5 0 53 28
0.5 0 50 28
0.5 0 47 28
0.5 480 47 0
0.5 0 56 0
0.5 0 53 0
0.5 0 50 0
0.5 0 55 34
0.5 0 51 28
0.5 0 48 28
0.5 120 48 0
0.5 0 51 0
0.5 0 55 0
0.5 2280 50 34
0.5 0 44 28
0.5 0 41 28
0.5 480 41 0
0.5 0 44 0
0.5 0 50 0
0.5 0 48 28
0.5 0 43 28
0.5 0 51 34
0.5 120 51 0
0.5 0 43 0
0.5 0 48 0
0.5 2280 43 73
0.5 0 31 73
0.5 240 31 0
0.5 0 43 0
0.5 240 43 67
0.5 0 36 67
0.5 0 48 80
0.5 0 39 67
0.5 720 39 0
0.5 0 43 0
0.5 0 36 0
0.5 0 48 0
0.5 1680 48 58
0.5 0 55 69
0.5 0 51 58
0.5 120 51 0
0.5 0 55 0
0.5 0 48 0
0.5 360 47 58
0.5 0 50 58
0.5 0 55 69
0.5 120 55 0
0.5 0 50 0
0.5 0 47 0
0.5 2280 55 69
0.5 0 47 58
0.5 0 50 58
0.5 120 50 0
0.5 0 47 0
0.5 0 55 0
0.5 360 55 69
0.5 0 48 58
0.5 0 51 58
0.5 120 51 0
0.5 0 48 0
0.5 0 55 0
0.5 2280 51 58
0.5 0 60 69
0.5 0 55 58
0.5 120 55 0
0.5 0 60 0
0.5 0 51 0
0.5 360 56 58
0.5 0 62 69
0.5 0 53 58
0.5 120 53 0
0.5 0 62 0
0.5 0 56 0
0.5 1320 62 69
0.5 0 59 58
0.5 0 55 58
0.5 120 55 0
0.5 0 59 0
0.5 0 62 0
0.5 1320 55 58
0.5 0 48 58
0.5 0 60 69
0.5 0 51 58
0.5 120 51 0
0.5 0 55 0
0.5 0 48 0
0.5 0 60 0
0.5 2760 63 69
0.5 1440 61 50
0.5 1440 61 0
0.5 0 60 49
0.5 1440 60 0
0.5 0 63 0
0.5 0 61 34
0.5 0 58 28
0.5 1440 58 0
0.5 0 61 0
0.5 0 56 28
0.5 0 63 33
0.5 1440 63 0
0.5 0 56 0
0.5 0 70 50
0.5 0 72 60
0.5 1440 70 0
0.5 0 68 49
0.5 1440 68 0
0.5 0 72 0
0.5 0 67 28
0.5 0 70 34
0.5 1440 70 0
0.5 0 67 0
0.5 0 65 28
0.5 0 68 33
0.5 1440 68 0
0.5 0 65 0
0.5 0 66 50
0.5 0 68 60
0.5 1440 66 0
0.5 0 65 49
0.5 1440 65 0
0.5 0 68 0
0.5 0 63 44
0.5 0 66 44
0.5 1440 66 0
0.5 0 63 0
0.5 0 61 28
0.5 0 65 33
0.5 1440 65 0
0.5 0 61 0
0.5 0 59 42
0.5 0 63 48
0.5 1440 63 0
0.5 0 59 0
0.5 0 58 33
0.5 1440 58 0
0.5 0 57 33
0.5 1440 57 0
0.5 0 46 33
0.5 480 53 33
0.5 480 53 0
0.5 0 55 37
0.5 480 55 0
0.5 0 56 41
0.5 480 56 0
0.5 0 52 33
0.5 480 52 0
0.5 0 53 35
0.5 480 53 0
0.5 0 46 0
0.5 0 46 42
0.5 0 55 42
0.5 480 55 0
0.5 0 50 33
0.5 480 50 0
0.5 0 51 33
0.5 480 51 0
0.5 0 53 40
0.5 480 53 0
0.5 0 48 33
0.5 480 48 0
0.5 0 50 33
0.5 480 50 0
0.5 0 46 0
0.5 0 46 39
0.5 0 51 39
0.5 480 51 0
0.5 0 53 33
0.5 480 53 0
0.5 0 55 36
0.5 480 55 0
0.5 0 56 40
0.5 480 56 0
0.5 0 52 33
0.5 480 52 0
0.5 0 53 33
0.5 480 53 0
0.5 0 46 0
0.5 0 55 42
0.5 0 46 42
0.5 480 55 0
0.5 0 50 33
0.5 480 50 0
0.5 0 51 33
0.5 480 51 0
0.5 0 53 40
0.5 480 53 0
0.5 0 48 33
0.5 480 48 0
0.5 0 50 33
0.5 480 50 0
0.5 0 46 0
0.5 0 51 40
0.5 240 51 0
0.5 0 58 28
0.5 240 58 0
0.5 0 55 33
0.5 240 55 0
0.5 0 58 27
0.5 240 58 0
0.5 14 53 33
0.5 226 58 30
0.5 14 53 0
0.5 226 58 0
0.5 0 51 38
0.5 240 51 0
0.5 0 58 28
0.5 240 58 0
0.5 0 53 42
0.5 240 53 0
0.5 0 58 35
0.5 240 58 0
0.5 0 55 46
0.5 240 55 0
0.5 0 58 40
0.5 240 58 0
0.5 0 53 51
0.5 240 53 0
0.5 0 58 44
0.5 240 58 0
0.5 0 55 52
0.5 240 55 0
0.5 0 58 43
0.5 240 58 0
0.5 0 56 55
0.5 240 56 0
0.5 0 58 47
0.5 240 58 0
0.5 0 53 60
0.5 240 53 0
0.5 0 58 39
0.5 240 58 0
0.5 0 55 46
0.5 240 55 0
0.5 0 58 33
0.5 240 58 0
0.5 0 56 41
0.5 240 56 0
0.5 0 58 33
0.5 240 58 0
0.5 0 50 40
0.5 240 50 0
0.5 0 58 28
0.5 240 58 0
0.5 0 53 33
0.5 240 53 0
0.5 0 58 27
0.5 240 58 0
0.5 0 51 33
0.5 240 51 0
0.5 0 58 30
0.5 240 58 0
0.5 0 50 38
0.5 240 50 0
0.5 0 58 31
0.5 240 58 0
0.5 0 51 46
0.5 240 51 0
0.5 0 58 38
0.5 240 58 0
0.5 0 53 50
0.5 240 53 0
0.5 0 58 43
0.5 240 58 0
0.5 0 51 56
0.5 240 51 0
0.5 0 58 42
0.5 240 58 0
0.5 0 53 54
0.5 240 53 0
0.5 0 58 44
0.5 240 58 0
0.5 0 55 46
0.5 240 55 0
0.5 0 58 33
0.5 240 58 0
0.5 0 51 48
0.5 240 51 0
0.5 0 58 39
0.5 240 58 0
0.5 0 53 41
0.5 240 53 0
0.5 0 58 33
0.5 240 58 0
0.5 0 55 41
0.5 240 55 0
0.5 0 58 33
0.5 240 58 0
0.5 0 51 40
0.5 240 51 0
0.5 0 58 28
0.5 240 58 0
0.5 0 55 33
0.5 240 55 0
0.5 0 58 27
0.5 240 58 0
0.5 0 51 35
0.5 240 51 0
0.5 0 58 32
0.5 240 58 0
0.5 0 51 41
0.5 240 51 0
0.5 0 58 38
0.5 240 58 0
0.5 0 55 48
0.5 240 55 0
0.5 0 58 41
0.5 240 58 0
0.5 0 51 54
0.5 240 51 0
0.5 0 58 51
0.5 240 58 0
0.5 0 53 52
0.5 240 53 0
0.5 0 58 48
0.5 240 58 0
0.5 0 56 52
0.5 240 56 0
0.5 0 58 44
0.5 240 58 0
0.5 0 53 46
0.5 240 53 0
0.5 0 58 43
0.5 240 58 0
0.5 0 53 43
0.5 240 53 0
0.5 0 58 31
0.5 240 58 0
0.5 0 56 39
0.5 240 56 0
0.5 0 58 31
0.5 240 58 0
0.5 0 53 39
0.5 240 53 0
0.5 0 58 31
0.5 238 58 0
0.5 2 50 40
0.5 240 50 0
0.5 0 58 32
0.5 240 58 0
0.5 0 53 39
0.5 240 53 0
0.5 0 58 29
0.5 240 58 0
0.5 0 50 46
0.5 240 50 0
0.5 0 58 37
0.5 240 58 0
0.5 0 50 52
0.5 240 50 0
0.5 0 58 43
0.5 240 58 0
0.5 0 53 57
0.5 240 53 0
0.5 0 58 49
0.5 240 58 0
0.5 0 50 62
0.5 240 50 0
0.5 0 58 51
0.5 240 58 0
0.5 240 51 43
0.5 240 51 0
0.5 0 50 50
0.5 240 50 0
0.5 0 51 44
0.5 240 51 0
0.5 0 50 53
0.5 240 50 0
0.5 0 51 44
0.5 240 51 0
0.5 0 43 67
0.5 240 43 0
0.5 0 51 45
0.5 240 51 0
0.5 0 44 59
0.5 240 44 0
0.5 0 51 47
0.5 240 51 0
0.5 0 46 61
0.5 240 46 0
0.5 0 51 44
0.5 240 51 0
0.5 0 44 65
0.5 240 44 0
0.5 0 51 45
0.5 240 51 0
0.5 0 46 57
0.5 240 46 0
0.5 0 51 42
0.5 240 51 0
0.5 0 48 55
0.5 240 48 0
0.5 0 51 45
0.5 240 51 0
0.5 0 45 67
0.5 240 45 0
0.5 0 51 45
0.5 240 51 0
0.5 0 46 56
0.5 240 46 0
0.5 0 51 47
0.5 240 51 0
0.5 0 48 55
0.5 240 48 0
0.5 0 51 44
0.5 240 51 0
0.5 0 46 64
0.5 240 46 0
0.5 0 55 46
0.5 240 55 0
0.5 0 51 56
0.5 240 51 0
0.5 0 55 45
0.5 240 55 0
0.5 0 46 57
0.5 240 46 0
0.5 0 55 46
0.5 240 55 0
0.5 0 46 64
0.5 240 46 0
0.5 0 53 46
0.5 240 53 0
0.5 0 50 55
0.5 240 50 0
0.5 0 53 45
0.5 240 53 0
0.5 0 46 55
0.5 240 46 0
0.5 0 53 46
0.5 240 53 0
0.5 0 39 64
0.5 0 51 64
0.5 480 51 0
0.5 0 39 0
0.5 2400 43 67
0.5 240 43 0
0.5 0 51 45
0.5 240 51 0
0.5 0 44 59
0.5 240 44 0
0.5 0 51 47
0.5 240 51 0
0.5 0 46 61
0.5 240 46 0
0.5 0 51 44
0.5 240 51 0
0.5 0 43 67
0.5 240 43 0
0.5 0 51 45
0.5 240 51 0
0.5 0 44 57
0.5 240 44 0
0.5 0 51 52
0.5 240 51 0
0.5 0 46 61
0.5 240 46 0
0.5 0 51 44
0.5 240 51 0
0.5 0 44 65
0.5 240 44 0
0.5 0 51 45
0.5 240 51 0
0.5 0 46 58
0.5 240 46 0
0.5 0 51 42
0.5 240 51 0
0.5 0 48 57
0.5 240 48 0
0.5 0 51 45
0.5 240 51 0
0.5 0 45 67
0.5 240 45 0
0.5 0 51 45
0.5 240 51 0
0.5 0 46 56
0.5 240 46 0
0.5 0 51 47
0.5 240 51 0
0.5 0 48 58
0.5 240 48 0
0.5 0 51 44
0.5 240 51 0
0.5 0 46 67
0.5 240 46 0
0.5 0 51 52
0.5 240 51 0
0.5 0 50 61
0.5 240 50 0
0.5 0 51 48
0.5 240 51 0
0.5 0 47 62
0.5 240 47 0
0.5 0 51 53
0.5 240 51 0
0.5 0 48 71
0.5 240 48 0
0.5 0 51 54
0.5 240 51 0
0.5 0 50 65
0.5 240 50 0
0.5 0 51 52
0.5 240 51 0
0.5 0 45 64
0.5 240 45 0
0.5 0 51 49
0.5 240 51 0
0.5 0 46 77
0.5 240 46 0
0.5 0 51 58
0.5 240 51 0
0.5 0 49 65
0.5 240 49 0
0.5 0 51 56
0.5 240 51 0
0.5 0 47 70
0.5 240 47 0
0.5 0 51 54
0.5 240 51 0
0.5 0 48 77
0.5 240 48 0
0.5 0 51 57
0.5 240 51 0
0.5 0 50 63
0.5 240 50 0
0.5 0 51 58
0.5 240 51 0
0.5 0 45 71
0.5 240 45 0
0.5 0 51 65
0.5 240 51 0
0.5 0 46 82
0.5 480 46 0
0.5 0 46 77
0.5 0 51 77
0.5 0 55 87
0.5 120 55 0
0.5 0 51 0
0.5 0 46 0
0.5 1320 51 77
0.5 0 48 77
0.5 0 54 87
0.5 120 54 0
0.5 0 48 0
0.5 0 51 0
0.5 1320 55 87
0.5 0 46 77
0.5 0 51 77
0.5 120 51 0
0.5 0 46 0
0.5 0 55 0
0.5 1320 57 87
0.5 0 51 77
0.5 0 54 77
0.5 0 45 77
0.5 120 45 0
0.5 0 57 0
0.5 0 51 0
0.5 0 54 0
0.5 1320 46 77
0.5 0 58 87
0.5 0 55 77
0.5 0 51 77
0.5 120 51 0
0.5 0 46 0
0.5 0 58 0
0.5 0 55 0
0.5 2280 58 81
0.5 240 58 0
0.5 0 55 77
0.5 180 55 0
0.5 60 55 82
0.5 240 55 0
0.5 0 51 77
0.5 180 51 0
0.5 60 51 83
0.5 240 51 0
0.5 0 46 77
0.5 180 46 0
0.5 60 46 92
0.5 0 34 78
0.5 960 56 70
0.5 0 53 59
0.5 480 53 0
0.5 0 46 0
0.5 0 34 0
0.5 0 56 0
0.5 0 55 79
0.5 0 39 67
0.5 480 39 0
0.5 0 55 0
0.5 0 46 51
0.5 480 45 51
0.5 480 45 0
0.5 0 44 51
0.5 480 44 0
0.5 0 43 49
0.5 480 43 0
0.5 0 41 49
0.5 480 41 0
0.5 0 46 0
0.5 0 39 51
0.5 480 39 0
0.5 0 43 47
0.5 480 43 0
0.5 0 46 47
0.5 480 46 0
0.5 0 34 51
0.5 480 34 0
0.5 0 41 48
0.5 480 41 0
0.5 0 46 48
0.5 480 46 0
0.5 0 39 67
0.5 480 39 0
0.5 0 46 51
0.5 480 45 51
0.5 480 45 0
0.5 0 44 51
0.5 480 44 0
0.5 0 43 49
0.5 480 43 0
0.5 0 41 49
0.5 480 41 0
0.5 0 46 0
0.5 0 39 51
0.5 480 39 0
0.5 0 43 47
0.5 480 43 0
0.5 0 46 47
0.5 480 46 0
0.5 0 34 51
0.5 480 34 0
0.5 0 41 48
0.5 480 41 0
0.5 0 46 48
0.5 480 46 0
0.5 0 39 51
0.5 480 39 0
0.5 0 43 47
0.5 480 43 0
0.5 0 46 47
0.5 480 46 0
0.5 0 34 51
0.5 480 34 0
0.5 0 41 48
0.5 480 41 0
0.5 0 46 48
0.5 480 46 0
0.5 0 39 51
0.5 480 39 0
0.5 0 43 47
0.5 480 43 0
0.5 0 46 47
0.5 480 46 0
0.5 0 51 40
0.5 0 55 44
0.5 480 55 0
0.5 0 51 0
0.5 960 60 70
0.5 0 55 59
0.5 0 51 59
0.5 0 48 59
0.5 720 48 0
0.5 0 60 0
0.5 0 55 0
0.5 0 51 0
0.5 3120 60 34
0.5 0 63 41
0.5 240 63 0
0.5 0 60 0
0.5 240 63 41
0.5 0 60 34
0.5 960 60 0
0.5 0 63 0
0.5 0 62 32
0.5 0 65 38
0.5 470 65 0
0.5 0 62 0
0.5 10 53 59
0.5 0 59 59
0.5 0 56 59
0.5 0 62 70
0.5 0 50 59
0.5 720 50 0
0.5 0 56 0
0.5 0 53 0
0.5 0 59 0
0.5 0 62 0
0.5 3120 62 34
0.5 0 68 41
0.5 0 65 34
0.5 240 65 0
0.5 0 68 0
0.5 0 62 0
0.5 240 68 41
0.5 0 65 34
0.5 0 62 34
0.5 960 62 0
0.5 0 65 0
0.5 0 68 0
0.5 0 67 38
0.5 0 63 32
0.5 480 63 0
0.5 0 67 0
0.5 960 60 35
0.5 0 55 29
0.5 0 51 29
0.5 480 51 0
0.5 0 55 0
0.5 0 60 0
0.5 0 53 33
0.5 0 56 33
0.5 0 59 39
0.5 960 59 0
0.5 0 56 0
0.5 0 53 0
0.5 0 60 34
0.5 0 55 28
0.5 0 51 28
0.5 480 51 0
0.5 0 55 0
0.5 0 60 0
0.5 960 63 29
0.5 0 67 35
0.5 480 67 0
0.5 0 63 0
0.5 0 68 39
0.5 0 65 33
0.5 960 65 0
0.5 0 68 0
0.5 0 63 28
0.5 0 67 34
0.5 480 67 0
0.5 0 63 0
0.5 960 55 39
0.5 0 60 47
0.5 0 51 39
0.5 480 51 0
0.5 0 60 0
0.5 0 55 0
0.5 0 59 53
0.5 0 53 45
0.5 0 56 45
0.5 960 56 0
0.5 0 53 0
0.5 0 59 0
0.5 0 55 46
0.5 0 51 39
0.5 480 51 0
0.5 0 55 0
0.5 0 50 46
0.5 0 53 56
0.5 960 53 0
0.5 0 50 0
0.5 0 51 49
0.5 0 48 41
0.5 480 48 0
0.5 0 51 0
0.5 0 50 47
0.5 0 47 56
0.5 480 47 0
0.5 0 50 0
0.5 1920 56 34
0.5 0 53 28
0.5 0 50 28
0.5 0 47 28
0.5 480 47 0
0.5 0 56 0
0.5 0 53 0
0.5 0 50 0
0.5 0 55 34
0.5 0 51 28
0.5 0 48 28
0.5 120 48 0
0.5 0 51 0
0.5 0 55 0
0.5 2280 50 34
0.5 0 44 28
0.5 0 41 28
0.5 480 41 0
0.5 0 44 0
0.5 0 50 0
0.5 0 48 28
0.5 0 43 28
0.5 0 51 34
0.5 120 51 0
0.5 0 43 0
0.5 0 48 0
0.5 2280 43 73
0.5 0 31 73
0.5 240 31 0
0.5 0 43 0
0.5 240 43 67
0.5 0 36 67
0.5 0 48 80
0.5 0 39 67
0.5 720 39 0
0.5 0 43 0
0.5 0 36 0
0.5 0 48 0
0.5 1680 48 58
0.5 0 55 69
0.5 0 51 58
0.5 120 51 0
0.5 0 55 0
0.5 0 48 0
0.5 360 47 58
0.5 0 50 58
0.5 0 55 69
0.5 120 55 0
0.5 0 50 0
0.5 0 47 0
0.5 2280 55 69
0.5 0 47 58
0.5 0 50 58
0.5 120 50 0
0.5 0 47 0
0.5 0 55 0
0.5 360 55 69
0.5 0 48 58
0.5 0 51 58
0.5 120 51 0
0.5 0 48 0
0.5 0 55 0
0.5 2280 51 58
0.5 0 60 69
0.5 0 55 58
0.5 120 55 0
0.5 0 60 0
0.5 0 51 0
0.5 360 56 58
0.5 0 62 69
0.5 0 53 58
0.5 120 53 0
0.5 0 62 0
0.5 0 56 0
0.5 1320 62 69
0.5 0 59 58
0.5 0 55 58
0.5 120 55 0
0.5 0 59 0
0.5 0 62 0
0.5 1320 55 58
0.5 0 48 58
0.5 0 60 69
0.5 0 51 58
0.5 120 51 0
0.5 0 55 0
0.5 0 48 0
0.5 0 60 0
0.5 2760 63 69
0.5 1440 61 50
0.5 1440 61 0
0.5 0 60 49
0.5 1440 60 0
0.5 0 63 0
0.5 0 61 34
0.5 0 58 28
0.5 1440 58 0
0.5 0 61 0
0.5 0 56 28
0.5 0 63 33
0.5 1440 63 0
0.5 0 56 0
0.5 0 70 50
0.5 0 72 60
0.5 1440 70 0
0.5 0 68 49
0.5 1440 68 0
0.5 0 72 0
0.5 0 67 28
0.5 0 70 34
0.5 1440 70 0
0.5 0 67 0
0.5 0 65 28
0.5 0 68 33
0.5 1440 68 0
0.5 0 65 0
0.5 0 66 50
0.5 0 68 60
0.5 1440 66 0
0.5 0 65 49
0.5 1440 65 0
0.5 0 68 0
0.5 0 63 44
0.5 0 66 44
0.5 1440 66 0
0.5 0 63 0
0.5 0 61 28
0.5 0 65 33
0.5 1440 65 0
0.5 0 61 0
0.5 0 59 42
0.5 0 63 48
0.5 1440 63 0
0.5 0 59 0
0.5 0 58 33
0.5 1440 58 0
0.5 0 57 33
0.5 1440 57 0
0.5 0 46 33
0.5 480 53 33
0.5 480 53 0
0.5 0 55 37
0.5 480 55 0
0.5 0 56 41
0.5 480 56 0
0.5 0 52 33
0.5 480 52 0
0.5 0 53 35
0.5 480 53 0
0.5 0 46 0
0.5 0 46 42
0.5 0 55 42
0.5 480 55 0
0.5 0 50 33
0.5 480 50 0
0.5 0 51 33
0.5 480 51 0
0.5 0 53 40
0.5 480 53 0
0.5 0 48 33
0.5 480 48 0
0.5 0 50 33
0.5 480 50 0
0.5 0 46 0
0.5 0 46 39
0.5 0 51 39
0.5 480 51 0
0.5 0 53 33
0.5 480 53 0
0.5 0 55 36
0.5 480 55 0
0.5 0 56 40
0.5 480 56 0
0.5 0 52 33
0.5 480 52 0
0.5 0 53 33
0.5 480 53 0
0.5 0 46 0
0.5 0 55 42
0.5 0 46 42
0.5 480 55 0
0.5 0 50 33
0.5 480 50 0
0.5 0 51 33
0.5 480 51 0
0.5 0 53 40
0.5 480 53 0
0.5 0 48 33
0.5 480 48 0
0.5 0 50 33
0.5 480 50 0
0.5 0 46 0
0.5 0 51 40
0.5 240 51 0
0.5 0 58 28
0.5 240 58 0
0.5 0 55 33
0.5 240 55 0
0.5 0 58 27
0.5 240 58 0
0.5 14 53 33
0.5 226 58 30
0.5 14 53 0
0.5 226 58 0
0.5 0 51 38
0.5 240 51 0
0.5 0 58 33
0.5 240 58 0
0.5 0 53 45
0.5 240 53 0
0.5 0 58 37
0.5 240 58 0
0.5 0 55 48
0.5 240 55 0
0.5 0 58 43
0.5 240 58 0
0.5 0 53 55
0.5 240 53 0
0.5 0 58 40
0.5 240 58 0
0.5 0 55 48
0.5 240 55 0
0.5 0 58 30
0.5 240 58 0
0.5 0 56 40
0.5 240 56 0
0.5 0 58 33
0.5 240 58 0
0.5 0 53 39
0.5 240 53 0
0.5 0 58 33
0.5 240 58 0
0.5 0 55 41
0.5 240 55 0
0.5 0 58 33
0.5 240 58 0
0.5 0 56 41
0.5 240 56 0
0.5 0 58 33
0.5 240 58 0
0.5 0 50 40
0.5 240 50 0
0.5 0 58 28
0.5 240 58 0
0.5 0 53 33
0.5 240 53 0
0.5 0 58 27
0.5 240 58 0
0.5 0 51 38
0.5 240 51 0
0.5 0 58 34
0.5 240 58 0
0.5 0 50 38
0.5 240 50 0
0.5 0 58 34
0.5 240 58 0
0.5 0 51 46
0.5 240 51 0
0.5 0 58 39
0.5 240 58 0
0.5 0 53 48
0.5 240 53 0
0.5 0 58 44
0.5 240 58 0
0.5 0 51 55
0.5 240 51 0
0.5 0 58 43
0.5 240 58 0
0.5 0 53 52
0.5 240 53 0
0.5 0 58 37
0.5 240 58 0
0.5 0 55 46
0.5 240 55 0
0.5 0 58 33
0.5 240 58 0
0.5 0 51 44
0.5 240 51 0
0.5 0 58 39
0.5 240 58 0
0.5 0 53 41
0.5 240 53 0
0.5 0 58 33
0.5 240 58 0
0.5 0 55 41
0.5 240 55 0
0.5 0 58 33
0.5 240 58 0
0.5 0 51 40
0.5 240 51 0
0.5 0 58 28
0.5 240 58 0
0.5 0 55 33
0.5 240 55 0
0.5 0 58 27
0.5 240 58 0
0.5 0 51 40
0.5 240 51 0
0.5 0 58 31
0.5 240 58 0
0.5 0 51 43
0.5 240 51 0
0.5 0 58 38
0.5 240 58 0
0.5 0 55 52
0.5 240 55 0
0.5 0 58 45
0.5 240 58 0
0.5 0 51 54
0.5 240 51 0
0.5 0 58 47
0.5 240 58 0
0.5 0 53 52
0.5 240 53 0
0.5 0 58 43
0.5 240 58 0
0.5 0 56 51
0.5 240 56 0
0.5 0 58 40
0.5 240 58 0
0.5 0 53 46
0.5 240 53 0
0.5 0 58 37
0.5 240 58 0
0.5 0 53 37
0.5 240 53 0
0.5 0 58 31
0.5 240 58 0
0.5 0 56 39
0.5 240 56 0
0.5 0 58 31
0.5 240 58 0
0.5 0 53 39
0.5 240 53 0
0.5 0 58 31
0.5 238 58 0
0.5 2 50 40
0.5 240 50 0
0.5 0 58 32
0.5 240 58 0
0.5 0 53 39
0.5 240 53 0
0.5 0 58 29
0.5 240 58 0
0.5 0 50 45
0.5 240 50 0
0.5 0 58 36
0.5 240 58 0
0.5 0 50 48
0.5 240 50 0
0.5 0 58 40
0.5 240 58 0
0.5 0 53 53
0.5 240 53 0
0.5 0 58 45
0.5 240 58 0
0.5 0 50 60
0.5 240 50 0
0.5 0 58 50
0.5 240 58 0
0.5 240 51 43
0.5 240 51 0
0.5 0 50 61
0.5 240 50 0
0.5 0 51 48
0.5 240 51 0
0.5 0 50 60
0.5 240 50 0
0.5 0 51 50
0.5 240 51 0
0.5 0 43 67
0.5 240 43 0
0.5 0 51 45
0.5 240 51 0
0.5 0 44 59
0.5 240 44 0
0.5 0 51 51
0.5 240 51 0
0.5 0 46 60
0.5 240 46 0
0.5 0 51 44
0.5 240 51 0
0.5 0 44 65
0.5 240 44 0
0.5 0 51 49
0.5 240 51 0
0.5 0 46 60
0.5 240 46 0
0.5 0 51 47
0.5 240 51 0
0.5 0 48 59
0.5 240 48 0
0.5 0 51 48
0.5 240 51 0
0.5 0 45 67
0.5 240 45 0
0.5 0 51 49
0.5 240 51 0
0.5 0 46 59
0.5 240 46 0
0.5 0 51 47
0.5 240 51 0
0.5 0 48 57
0.5 240 48 0
0.5 0 51 44
0.5 240 51 0
0.5 0 46 64
0.5 240 46 0
0.5 0 55 46
0.5 240 55 0
0.5 0 51 57
0.5 240 51 0
0.5 0 55 45
0.5 240 55 0
0.5 0 46 56
0.5 240 46 0
0.5 0 55 56
0.5 240 55 0
0.5 0 46 64
0.5 240 46 0
0.5 0 53 46
0.5 240 53 0
0.5 0 50 56
0.5 240 50 0
0.5 0 53 45
0.5 240 53 0
0.5 0 46 58
0.5 240 46 0
0.5 0 53 53
0.5 240 53 0
0.5 0 39 64
0.5 0 51 64
0.5 480 51 0
0.5 0 39 0
0.5 2400 43 67
0.5 240 43 0
0.5 0 51 45
0.5 240 51 0
0.5 0 44 50
0.5 240 44 0
0.5 0 51 47
0.5 240 51 0
0.5 0 46 54
0.5 240 46 0
0.5 0 51 44
0.5 240 51 0
0.5 0 43 67
0.5 240 43 0
0.5 0 51 45
0.5 240 51 0
0.5 0 44 50
0.5 240 44 0
0.5 0 51 47
0.5 240 51 0
0.5 0 46 54
0.5 240 46 0
0.5 0 51 44
0.5 240 51 0
0.5 0 44 65
0.5 240 44 0
0.5 0 51 45
0.5 240 51 0
0.5 0 46 59
0.5 240 46 0
0.5 0 51 42
0.5 240 51 0
0.5 0 48 58
0.5 240 48 0
0.5 0 51 45
0.5 240 51 0
0.5 0 45 67
0.5 240 45 0
0.5 0 51 45
0.5 240 51 0
0.5 0 46 60
0.5 240 46 0
0.5 0 51 47
0.5 240 51 0
0.5 0 48 58
0.5 240 48 0
0.5 0 51 44
0.5 240 51 0
0.5 0 46 67
0.5 240 46 0
0.5 0 51 53
0.5 240 51 0
0.5 0 50 61
0.5 240 50 0
0.5 0 51 48
0.5 240 51 0
0.5 0 47 61
0.5 240 47 0
0.5 0 51 49
0.5 240 51 0
0.5 0 48 71
0.5 240 48 0
0.5 0 51 52
0.5 240 51 0
0.5 0 50 63
0.5 240 50 0
0.5 0 51 55
0.5 240 51 0
0.5 0 45 66
0.5 240 45 0
0.5 0 51 49
0.5 240 51 0
0.5 0 46 77
0.5 240 46 0
0.5 0 51 56
0.5 240 51 0
0.5 0 49 66
0.5 240 49 0
0.5 0 51 54
0.5 240 51 0
0.5 0 47 67
0.5 240 47 0
0.5 0 51 56
0.5 240 51 0
0.5 0 48 77
0.5 240 48 0
0.5 0 51 58
0.5 240 51 0
0.5 0 50 63
0.5 240 50 0
0.5 0 51 58
0.5 240 51 0
0.5 0 45 71
0.5 240 45 0
0.5 0 51 65
0.5 240 51 0
0.5 0 46 82
0.5 480 46 0
0.5 0 46 77
0.5 0 51 77
0.5 0 55 87
0.5 120 55 0
0.5 0 51 0
0.5 0 46 0
0.5 1320 51 77
0.5 0 48 77
0.5 0 54 87
0.5 120 54 0
0.5 0 48 0
0.5 0 51 0
0.5 1320 55 87
0.5 0 46 77
0.5 0 51 77
0.5 120 51 0
0.5 0 46 0
0.5 0 55 0
0.5 1320 57 87
0.5 0 51 77
0.5 0 54 77
0.5 0 45 77
0.5 120 45 0
0.5 0 57 0
0.5 0 51 0
0.5 0 54 0
0.5 1320 46 77
0.5 0 58 87
0.5 0 55 77
0.5 0 51 77
0.5 120 51 0
0.5 0 46 0
0.5 0 58 0
0.5 0 55 0
0.5 2280 58 81
0.5 240 58 0
0.5 0 55 77
0.5 180 55 0
0.5 60 55 82
0.5 240 55 0
0.5 0 51 77
0.5 180 51 0
0.5 60 51 83
0.5 240 51 0
0.5 0 46 77
0.5 180 46 0
0.5 60 46 92
0.5 0 34 78
0.5 960 56 70
0.5 0 53 59
0.5 480 53 0
0.5 0 46 0
0.5 0 34 0
0.5 0 56 0
0.5 0 55 79
0.5 0 39 67
0.5 480 39 0
0.5 0 55 0
0.5 0 46 51
0.5 480 45 51
0.5 480 45 0
0.5 0 44 51
0.5 480 44 0
0.5 0 43 49
0.5 480 43 0
0.5 0 41 49
0.5 480 41 0
0.5 0 46 0
0.5 0 39 51
0.5 480 39 0
0.5 0 43 47
0.5 480 43 0
0.5 0 46 47
0.5 480 46 0
0.5 0 34 51
0.5 480 34 0
0.5 0 41 48
0.5 480 41 0
0.5 0 46 48
0.5 480 46 0
0.5 0 39 67
0.5 480 39 0
0.5 0 46 51
0.5 480 45 51
0.5 480 45 0
0.5 0 44 51
0.5 480 44 0
0.5 0 43 49
0.5 480 43 0
0.5 0 41 49
0.5 480 41 0
0.5 0 46 0
0.5 0 39 51
0.5 480 39 0
0.5 0 43 47
0.5 480 43 0
0.5 0 46 47
0.5 480 46 0
0.5 0 34 51
0.5 480 34 0
0.5 0 41 48
0.5 480 41 0
0.5 0 46 48
0.5 480 46 0
0.5 0 39 51
0.5 480 39 0
0.5 0 43 47
0.5 480 43 0
0.5 0 46 47
0.5 480 46 0
0.5 0 34 51
0.5 480 34 0
0.5 0 41 48
0.5 480 41 0
0.5 0 46 48
0.5 480 46 0
0.5 0 39 51
0.5 480 39 0
0.5 0 43 47
0.5 480 43 0
0.5 0 46 47
0.5 480 46 0
0.5 0 51 40
0.5 0 55 44
0.5 480 55 0
0.5 0 51 0
0.5 960 60 70
0.5 0 55 59
0.5 0 52 59
0.5 0 48 59
0.5 720 48 0
0.5 0 60 0
0.5 0 55 0
0.5 0 52 0
0.5 3120 64 34
0.5 0 67 41
0.5 240 67 0
0.5 0 64 0
0.5 240 67 41
0.5 0 64 34
0.5 960 64 0
0.5 0 67 0
0.5 0 65 32
0.5 0 68 38
0.5 470 68 0
0.5 0 65 0
0.5 10 65 34
0.5 0 68 41
0.5 720 68 0
0.5 0 65 0
0.5 3120 65 34
0.5 0 68 41
0.5 240 68 0
0.5 0 65 0
0.5 240 68 41
0.5 0 65 34
0.5 960 65 0
0.5 0 68 0
0.5 0 67 32
0.5 0 70 38
0.5 470 70 0
0.5 0 67 0
0.5 10 67 34
0.5 0 70 41
0.5 720 70 0
0.5 0 67 0
0.5 5040 53 40
0.5 240 53 0
0.5 0 60 32
0.5 240 60 0
0.5 0 56 34
0.5 240 56 0
0.5 0 60 32
0.5 240 60 0
0.5 0 53 34
0.5 240 53 0
0.5 0 60 32
0.5 240 60 0
0.5 0 53 40
0.5 240 53 0
0.5 0 60 33
0.5 240 60 0
0.5 0 56 34
0.5 240 56 0
0.5 0 60 32
0.5 240 60 0
0.5 0 53 35
0.5 240 53 0
0.5 0 60 32
0.5 240 60 0
0.5 0 55 40
0.5 240 55 0
0.5 0 60 32
0.5 240 60 0
0.5 0 58 34
0.5 240 58 0
0.5 0 60 32
0.5 240 60 0
0.5 0 55 37
0.5 240 55 0
0.5 0 60 32
0.5 240 60 0
0.5 0 52 32
0.5 240 52 0
0.5 0 60 32
0.5 240 60 0
0.5 0 55 35
0.5 240 55 0
0.5 0 60 32
0.5 240 60 0
0.5 0 52 37
0.5 240 52 0
0.5 0 60 32
0.5 240 60 0
0.5 0 48 40
0.5 240 48 0
0.5 0 60 31
0.5 240 60 0
0.5 0 52 36
0.5 240 52 0
0.5 0 60 32
0.5 240 60 0
0.5 0 55 38
0.5 240 55 0
0.5 0 60 33
0.5 240 60 0
0.5 0 52 45
0.5 240 52 0
0.5 0 60 35
0.5 240 60 0
0.5 0 55 38
0.5 240 55 0
0.5 0 60 31
0.5 240 60 0
0.5 0 58 37
0.5 240 58 0
0.5 0 60 31
0.5 240 60 0
0.5 0 53 45
0.5 240 53 0
0.5 0 60 31
0.5 240 60 0
0.5 0 56 36
0.5 240 56 0
0.5 0 60 31
0.5 240 60 0
0.5 0 53 36
0.5 240 53 0
0.5 0 60 31
0.5 240 60 0
0.5 0 53 40
0.5 240 53 0
0.5 0 60 30
0.5 240 60 0
0.5 0 52 42
0.5 240 52 0
0.5 0 53 40
0.5 240 53 0
0.5 0 51 49
0.5 240 51 0
0.5 0 53 43
0.5 240 53 0
0.5 0 49 52
0.5 240 49 0
0.5 0 53 38
0.5 240 53 0
0.5 0 48 43
0.5 240 48 0
0.5 0 53 32
0.5 240 53 0
0.5 0 49 38
0.5 240 49 0
0.5 0 53 32
0.5 240 53 0
0.5 0 46 45
0.5 240 46 0
0.5 0 53 33
0.5 240 53 0
0.5 0 48 34
0.5 240 48 0
0.5 0 53 32
0.5 240 53 0
0.5 0 49 35
0.5 240 49 0
0.5 0 53 32
0.5 240 53 0
0.5 0 48 46
0.5 240 48 0
0.5 0 53 32
0.5 240 53 0
0.5 0 51 34
0.5 240 51 0
0.5 0 53 32
0.5 240 53 0
0.5 0 48 37
0.5 240 48 0
0.5 0 53 32
0.5 240 53 0
0.5 0 45 40
0.5 240 45 0
0.5 0 53 32
0.5 240 53 0
0.5 0 48 35
0.5 240 48 0
0.5 0 53 32
0.5 240 53 0
0.5 0 45 37
0.5 240 45 0
0.5 0 53 32
0.5 240 53 0
0.5 0 41 40
0.5 240 41 0
0.5 0 53 31
0.5 240 53 0
0.5 0 45 45
0.5 240 45 0
0.5 0 53 37
0.5 240 53 0
0.5 0 48 46
0.5 240 48 0
0.5 0 53 39
0.5 240 53 0
0.5 0 45 51
0.5 240 45 0
0.5 0 53 44
0.5 240 53 0
0.5 0 48 38
0.5 240 48 0
0.5 0 53 31
0.5 240 53 0
0.5 0 51 37
0.5 240 51 0
0.5 0 53 31
0.5 240 53 0
0.5 0 46 45
0.5 240 46 0
0.5 0 53 31
0.5 240 53 0
0.5 0 49 36
0.5 240 49 0
0.5 0 53 31
0.5 240 53 0
0.5 0 46 36
0.5 240 46 0
0.5 0 53 31
0.5 240 53 0
0.5 0 46 40
0.5 240 46 0
0.5 0 53 30
0.5 240 53 0
0.5 0 49 33
0.5 240 49 0
0.5 0 53 30
0.5 240 53 0
0.5 0 46 33
0.5 240 46 0
0.5 0 53 30
0.5 240 53 0
0.5 0 44 40
0.5 240 44 0
0.5 0 54 32
0.5 240 54 0
0.5 0 51 48
0.5 240 51 0
0.5 0 54 40
0.5 240 54 0
0.5 0 44 51
0.5 240 44 0
0.5 0 54 46
0.5 240 54 0
0.5 0 44 52
0.5 240 44 0
0.5 0 54 40
0.5 240 54 0
0.5 0 48 40
0.5 240 48 0
0.5 0 54 35
0.5 240 54 0
0.5 0 44 40
0.5 240 44 0
0.5 0 54 34
0.5 240 54 0
0.5 0 49 40
0.5 0 53 40
0.5 480 53 0
0.5 0 49 0
0.5 960 68 45
0.5 480 68 0
0.5 0 66 38
0.5 480 66 0
0.5 0 63 38
0.5 480 63 0
0.5 0 65 45
0.5 480 65 0
0.5 0 64 38
0.5 480 64 0
0.5 0 66 38
0.5 480 66 0
0.5 0 65 45
0.5 480 65 0
0.5 0 63 38
0.5 480 63 0
0.5 0 60 38
0.5 480 60 0
0.5 0 61 45
0.5 480 61 0
0.5 0 60 38
0.5 480 60 0
0.5 0 63 38
0.5 480 63 0
0.5 0 61 45
0.5 480 61 0
0.5 0 60 38
0.5 480 60 0
0.5 0 57 38
0.5 480 57 0
0.5 0 58 45
0.5 480 58 0
0.5 0 61 37
0.5 480 61 0
0.5 0 56 37
0.5 480 56 0
0.5 0 55 45
0.5 480 55 0
0.5 0 58 43
0.5 480 58 0
0.5 0 53 48
0.5 480 53 0
0.5 0 52 53
0.5 480 52 0
0.5 0 55 44
0.5 480 55 0
0.5 0 50 44
0.5 480 50 0
0.5 0 48 52
0.5 480 48 0
0.5 0 50 44
0.5 480 50 0
0.5 0 52 44
0.5 480 52 0
0.5 0 53 53
0.5 480 53 0
0.5 0 56 45
0.5 480 56 0
0.5 0 51 45
0.5 480 51 0
0.5 0 50 45
0.5 480 50 0
0.5 0 53 43
0.5 480 53 0
0.5 0 48 48
0.5 480 48 0
0.5 0 47 56
0.5 480 47 0
0.5 0 50 46
0.5 480 50 0
0.5 0 45 46
0.5 480 45 0
0.5 0 43 55
0.5 480 43 0
0.5 0 45 48
0.5 480 45 0
0.5 0 47 48
0.5 480 47 0
0.5 0 48 62
0.5 480 48 0
0.5 0 51 52
0.5 480 51 0
0.5 0 46 52
0.5 480 46 0
0.5 0 44 61
0.5 480 44 0
0.5 0 48 53
0.5 480 48 0
0.5 0 43 53
0.5 480 43 0
0.5 0 41 61
0.5 480 41 0
0.5 0 44 53
0.5 480 44 0
0.5 0 39 53
0.5 480 39 0
0.5 0 38 70
0.5 480 38 0
0.5 0 41 60
0.5 480 41 0
0.5 0 36 60
0.5 480 36 0
0.5 0 35 70
0.5 480 35 0
0.5 0 38 60
0.5 480 38 0
0.5 0 33 60
0.5 480 33 0
0.5 0 31 66
0.5 480 31 0
0.5 0 33 57
0.5 480 33 0
0.5 0 35 57
0.5 480 35 0
0.5 0 36 62
0.5 480 36 0
0.5 0 38 57
0.5 480 38 0
0.5 0 39 62
0.5 480 39 0
0.5 0 41 57
0.5 960 41 0
0.5 0 42 50
0.5 480 42 0
0.5 0 43 57
0.5 240 43 0
0.5 240 55 54
0.5 480 55 0
0.5 960 55 45
0.5 480 55 0
0.5 960 55 46
0.5 480 55 0
0.5 960 55 47
0.5 480 55 0
0.5 960 43 47
0.5 480 43 0
0.5 960 43 39
0.5 480 43 0
0.5 960 43 38
0.5 480 43 0
0.5 960 43 37
0.5 480 43 0
0.5 960 31 36
0.5 0 43 36
0.5 480 43 0
0.5 0 31 0
0.5 960 31 28
0.5 0 43 33
0.5 480 43 0
0.5 0 31 0
0.5 480 48 70
0.5 0 43 59
0.5 0 39 59
0.5 0 36 59
0.5 720 36 0
0.5 0 48 0
0.5 0 43 0
0.5 0 39 0
0.5 3120 60 34
0.5 0 63 41
0.5 240 63 0
0.5 0 60 0
0.5 240 63 41
0.5 0 60 34
0.5 960 60 0
0.5 0 63 0
0.5 0 62 32
0.5 0 65 38
0.5 470 65 0
0.5 0 62 0
0.5 10 53 59
0.5 0 59 59
0.5 0 56 59
0.5 0 62 70
0.5 0 50 59
0.5 720 50 0
0.5 0 56 0
0.5 0 53 0
0.5 0 59 0
0.5 0 62 0
0.5 3120 62 34
0.5 0 68 41
0.5 0 65 34
0.5 240 65 0
0.5 0 68 0
0.5 0 62 0
0.5 240 68 41
0.5 0 65 34
0.5 0 62 34
0.5 960 62 0
0.5 0 65 0
0.5 0 68 0
0.5 0 67 38
0.5 0 63 32
0.5 480 63 0
0.5 0 67 0
0.5 960 60 35
0.5 0 55 29
0.5 0 51 29
0.5 480 51 0
0.5 0 55 0
0.5 0 60 0
0.5 0 53 33
0.5 0 56 33
0.5 0 59 39
0.5 960 59 0
0.5 0 56 0
0.5 0 53 0
0.5 0 60 34
0.5 0 55 28
0.5 0 51 28
0.5 480 51 0
0.5 0 55 0
0.5 0 60 0
0.5 960 63 29
0.5 0 67 35
0.5 480 67 0
0.5 0 63 0
0.5 0 68 39
0.5 0 65 33
0.5 960 65 0
0.5 0 68 0
0.5 0 63 28
0.5 0 67 34
0.5 480 67 0
0.5 0 63 0
0.5 960 55 39
0.5 0 60 47
0.5 0 51 39
0.5 480 51 0
0.5 0 60 0
0.5 0 55 0
0.5 0 59 53
0.5 0 53 45
0.5 0 56 45
0.5 960 56 0
0.5 0 53 0
0.5 0 59 0
0.5 0 55 46
0.5 0 51 39
0.5 480 51 0
0.5 0 55 0
0.5 0 50 46
0.5 0 53 56
0.5 960 53 0
0.5 0 50 0
0.5 0 51 49
0.5 0 48 41
0.5 480 48 0
0.5 0 51 0
0.5 0 50 47
0.5 0 47 56
0.5 480 47 0
0.5 0 50 0
0.5 1920 56 34
0.5 0 53 28
0.5 0 50 28
0.5 0 47 28
0.5 480 47 0
0.5 0 56 0
0.5 0 53 0
0.5 0 50 0
0.5 0 55 34
0.5 0 51 28
0.5 0 48 28
0.5 120 48 0
0.5 0 51 0
0.5 0 55 0
0.5 2280 50 34
0.5 0 44 28
0.5 0 41 28
0.5 480 41 0
0.5 0 44 0
0.5 0 50 0
0.5 0 48 28
0.5 0 43 28
0.5 0 51 34
0.5 120 51 0
0.5 0 43 0
0.5 0 48 0
0.5 2280 43 73
0.5 0 31 73
0.5 240 31 0
0.5 0 43 0
0.5 240 36 67
0.5 0 48 80
0.5 240 48 0
0.5 0 36 0
0.5 2640 61 69
0.5 1440 59 50
0.5 1440 59 0
0.5 0 58 49
0.5 1440 58 0
0.5 0 61 0
0.5 0 59 34
0.5 0 56 28
0.5 1440 56 0
0.5 0 59 0
0.5 0 54 28
0.5 0 61 33
0.5 1440 61 0
0.5 0 54 0
0.5 0 71 50
0.5 0 73 60
0.5 1440 71 0
0.5 0 70 49
0.5 1440 70 0
0.5 0 73 0
0.5 0 68 28
0.5 0 71 34
0.5 1440 71 0
0.5 0 68 0
0.5 0 66 28
0.5 0 73 33
0.5 1440 73 0
0.5 0 66 0
0.5 0 68 50
0.5 0 70 60
0.5 1440 68 0
0.5 0 66 49
0.5 1440 66 0
0.5 0 70 0
0.5 0 65 44
0.5 0 68 44
0.5 1440 68 0
0.5 0 65 0
0.5 0 63 28
0.5 0 66 33
0.5 1440 66 0
0.5 0 63 0
0.5 0 61 42
0.5 0 65 48
0.5 1440 65 0
0.5 0 61 0
0.5 0 67 33
0.5 0 60 28
0.5 1440 60 0
0.5 0 67 0
0.5 0 59 33
0.5 1440 59 0
0.5 0 60 42
0.5 0 48 33
0.5 480 60 0
0.5 0 55 33
0.5 480 55 0
0.5 0 56 37
0.5 480 56 0
0.5 0 58 41
0.5 480 58 0
0.5 0 53 33
0.5 480 53 0
0.5 0 55 35
0.5 480 55 0
0.5 0 48 0
0.5 0 48 42
0.5 0 56 42
0.5 480 56 0
0.5 0 52 33
0.5 480 52 0
0.5 0 53 33
0.5 480 53 0
0.5 0 55 40
0.5 480 55 0
0.5 0 50 33
0.5 480 50 0
0.5 0 52 33
0.5 480 52 0
0.5 0 48 0
0.5 0 48 39
0.5 0 53 39
0.5 480 53 0
0.5 0 55 33
0.5 480 55 0
0.5 0 57 36
0.5 480 57 0
0.5 0 58 40
0.5 480 58 0
0.5 0 54 33
0.5 480 54 0
0.5 0 55 33
0.5 480 55 0
0.5 0 48 0
0.5 0 57 42
0.5 0 48 42
0.5 480 57 0
0.5 0 52 33
0.5 480 52 0
0.5 0 53 33
0.5 480 53 0
0.5 0 55 40
0.5 480 55 0
0.5 0 50 33
0.5 480 50 0
0.5 0 52 33
0.5 480 52 0
0.5 0 48 0
0.5 0 53 40
0.5 240 53 0
0.5 0 60 28
0.5 240 60 0
0.5 0 57 33
0.5 240 57 0
0.5 0 60 27
0.5 240 60 0
0.5 14 55 33
0.5 226 60 30
0.5 14 55 0
0.5 226 60 0
0.5 0 53 38
0.5 240 53 0
0.5 0 60 28
0.5 240 60 0
0.5 0 55 43
0.5 240 55 0
0.5 0 60 38
0.5 240 60 0
0.5 0 57 51
0.5 240 57 0
0.5 0 60 41
0.5 240 60 0
0.5 0 55 53
0.5 240 55 0
0.5 0 60 40
0.5 240 60 0
0.5 0 57 45
0.5 240 57 0
0.5 0 60 35
0.5 240 60 0
0.5 0 58 40
0.5 240 58 0
0.5 0 60 33
0.5 240 60 0
0.5 0 55 39
0.5 240 55 0
0.5 0 60 33
0.5 240 60 0
0.5 0 57 41
0.5 240 57 0
0.5 0 60 33
0.5 240 60 0
0.5 0 58 41
0.5 240 58 0
0.5 0 60 33
0.5 240 60 0
0.5 0 52 40
0.5 240 52 0
0.5 0 60 28
0.5 240 60 0
0.5 0 55 33
0.5 240 55 0
0.5 0 60 27
0.5 240 60 0
0.5 0 53 33
0.5 240 53 0
0.5 0 60 30
0.5 240 60 0
0.5 0 52 38
0.5 240 52 0
0.5 0 60 28
0.5 240 60 0
0.5 0 53 47
0.5 240 53 0
0.5 0 60 41
0.5 240 60 0
0.5 0 55 49
0.5 240 55 0
0.5 0 60 40
0.5 240 60 0
0.5 0 53 54
0.5 240 53 0
0.5 0 60 43
0.5 240 60 0
0.5 0 55 45
0.5 240 55 0
0.5 0 60 37
0.5 240 60 0
0.5 0 57 46
0.5 240 57 0
0.5 0 60 33
0.5 240 60 0
0.5 0 53 44
0.5 240 53 0
0.5 0 60 39
0.5 240 60 0
0.5 14 55 41
0.5 226 60 33
0.5 14 55 0
0.5 226 60 0
0.5 0 57 41
0.5 240 57 0
0.5 0 60 33
0.5 240 60 0
0.5 0 53 40
0.5 240 53 0
0.5 0 60 28
0.5 240 60 0
0.5 0 57 33
0.5 240 57 0
0.5 0 60 27
0.5 240 60 0
0.5 0 53 34
0.5 240 53 0
0.5 0 60 31
0.5 240 60 0
0.5 0 53 40
0.5 240 53 0
0.5 0 60 36
0.5 240 60 0
0.5 0 57 48
0.5 240 57 0
0.5 0 60 40
0.5 240 60 0
0.5 0 53 51
0.5 240 53 0
0.5 0 60 42
0.5 240 60 0
0.5 0 55 59
0.5 240 55 0
0.5 0 60 47
0.5 240 60 0
0.5 0 58 46
0.5 240 58 0
0.5 0 60 38
0.5 240 60 0
0.5 0 55 46
0.5 240 55 0
0.5 0 60 37
0.5 240 60 0
0.5 0 55 44
0.5 240 55 0
0.5 0 60 37
0.5 240 60 0
0.5 0 58 47
0.5 240 58 0
0.5 0 60 37
0.5 240 60 0
0.5 0 55 47
0.5 240 55 0
0.5 0 60 37
0.5 238 60 0
0.5 2 52 40
0.5 240 52 0
0.5 0 60 32
0.5 240 60 0
0.5 0 55 39
0.5 240 55 0
0.5 0 60 29
0.5 240 60 0
0.5 0 52 40
0.5 240 52 0
0.5 0 60 31
0.5 240 60 0
0.5 0 52 46
0.5 240 52 0
0.5 0 60 41
0.5 240 60 0
0.5 0 55 52
0.5 240 55 0
0.5 0 60 40
0.5 240 60 0
0.5 0 52 57
0.5 240 52 0
0.5 0 60 44
0.5 240 60 0
0.5 0 53 45
0.5 240 53 0
0.5 0 60 36
0.5 240 60 0
0.5 0 55 49
0.5 240 55 0
0.5 0 60 42
0.5 240 60 0
0.5 0 56 51
0.5 240 56 0
0.5 0 60 44
0.5 240 60 0
0.5 0 53 47
0.5 240 53 0
0.5 0 60 37
0.5 240 60 0
0.5 0 55 41
0.5 240 55 0
0.5 0 60 37
0.5 240 60 0
0.5 0 56 41
0.5 240 56 0
0.5 0 60 37
0.5 240 60 0
0.5 0 55 51
0.5 240 55 0
0.5 0 63 36
0.5 240 63 0
0.5 0 60 41
0.5 240 60 0
0.5 0 63 36
0.5 240 63 0
0.5 0 55 41
0.5 240 55 0
0.5 0 63 36
0.5 240 63 0
0.5 0 55 47
0.5 240 55 0
0.5 0 62 36
0.5 240 62 0
0.5 0 59 42
0.5 240 59 0
0.5 0 62 34
0.5 240 62 0
0.5 0 55 40
0.5 240 55 0
0.5 0 62 35
0.5 240 62 0
0.5 0 48 60
0.5 240 48 0
0.5 0 55 37
0.5 240 55 0
0.5 0 51 52
0.5 240 51 0
0.5 0 55 36
0.5 240 55 0
0.5 14 50 52
0.5 226 55 46
0.5 14 50 0
0.5 226 55 0
0.5 0 48 57
0.5 240 48 0
0.5 0 55 46
0.5 240 55 0
0.5 0 50 57
0.5 240 50 0
0.5 0 55 50
0.5 240 55 0
0.5 0 51 61
0.5 240 51 0
0.5 0 55 56
0.5 240 55 0
0.5 0 50 66
0.5 240 50 0
0.5 0 55 43
0.5 240 55 0
0.5 0 51 59
0.5 240 51 0
0.5 0 55 51
0.5 240 55 0
0.5 0 53 60
0.5 240 53 0
0.5 0 55 53
0.5 240 55 0
0.5 0 50 63
0.5 240 50 0
0.5 0 55 44
0.5 240 55 0
0.5 0 51 54
0.5 240 51 0
0.5 0 55 44
0.5 240 55 0
0.5 0 53 54
0.5 240 53 0
0.5 0 55 44
0.5 240 55 0
0.5 0 47 54
0.5 240 47 0
0.5 0 55 37
0.5 240 55 0
0.5 0 50 44
0.5 240 50 0
0.5 0 55 36
0.5 240 55 0
0.5 0 48 44
0.5 240 48 0
0.5 0 55 40
0.5 240 55 0
0.5 0 47 51
0.5 240 47 0
0.5 0 55 44
0.5 240 55 0
0.5 0 48 57
0.5 240 48 0
0.5 0 55 52
0.5 240 55 0
0.5 0 50 61
0.5 240 50 0
0.5 0 55 46
0.5 240 55 0
0.5 0 48 69
0.5 240 48 0
0.5 0 55 53
0.5 240 55 0
0.5 0 50 60
0.5 240 50 0
0.5 0 55 44
0.5 240 55 0
0.5 0 51 54
0.5 240 51 0
0.5 0 55 44
0.5 240 55 0
0.5 0 48 52
0.5 240 48 0
0.5 0 55 44
0.5 240 55 0
0.5 0 50 54
0.5 240 50 0
0.5 0 55 44
0.5 240 55 0
0.5 0 51 54
0.5 240 51 0
0.5 0 55 44
0.5 240 55 0
0.5 0 48 54
0.5 240 48 0
0.5 0 55 37
0.5 240 55 0
0.5 0 51 44
0.5 240 51 0
0.5 0 55 36
0.5 240 55 0
0.5 0 48 44
0.5 240 48 0
0.5 0 55 40
0.5 240 55 0
0.5 0 48 51
0.5 240 48 0
0.5 0 55 42
0.5 240 55 0
0.5 0 51 51
0.5 240 51 0
0.5 0 55 42
0.5 240 55 0
0.5 0 48 60
0.5 240 48 0
0.5 0 55 53
0.5 240 55 0
0.5 0 50 66
0.5 240 50 0
0.5 0 55 43
0.5 240 55 0
0.5 0 53 54
0.5 240 53 0
0.5 0 55 45
0.5 240 55 0
0.5 0 50 54
0.5 240 50 0
0.5 0 55 44
0.5 240 55 0
0.5 0 50 52
0.5 240 50 0
0.5 0 55 44
0.5 240 55 0
0.5 0 53 54
0.5 240 53 0
0.5 0 55 44
0.5 240 55 0
0.5 0 50 54
0.5 240 50 0
0.5 0 55 44
0.5 238 55 0
0.5 2 47 54
0.5 240 47 0
0.5 0 55 37
0.5 240 55 0
0.5 0 50 49
0.5 240 50 0
0.5 0 55 36
0.5 240 55 0
0.5 0 47 50
0.5 240 47 0
0.5 0 55 40
0.5 240 55 0
0.5 0 47 58
0.5 240 47 0
0.5 0 55 45
0.5 240 55 0
0.5 0 50 51
0.5 240 50 0
0.5 0 55 45
0.5 240 55 0
0.5 0 47 56
0.5 240 47 0
0.5 0 55 37
0.5 240 55 0
0.5 240 48 43
0.5 240 48 0
0.5 0 47 61
0.5 240 47 0
0.5 0 48 44
0.5 240 48 0
0.5 0 47 63
0.5 240 47 0
0.5 0 48 50
0.5 240 48 0
0.5 0 40 67
0.5 240 40 0
0.5 0 48 52
0.5 240 48 0
0.5 0 41 57
0.5 240 41 0
0.5 0 48 47
0.5 240 48 0
0.5 0 43 61
0.5 240 43 0
0.5 0 48 44
0.5 240 48 0
0.5 0 41 65
0.5 240 41 0
0.5 0 48 45
0.5 240 48 0
0.5 0 43 57
0.5 240 43 0
0.5 0 48 48
0.5 240 48 0
0.5 0 44 56
0.5 240 44 0
0.5 0 48 50
0.5 240 48 0
0.5 0 42 67
0.5 240 42 0
0.5 0 48 51
0.5 240 48 0
0.5 0 43 58
0.5 240 43 0
0.5 0 48 49
0.5 240 48 0
0.5 0 45 60
0.5 240 45 0
0.5 0 48 44
0.5 240 48 0
0.5 0 43 64
0.5 240 43 0
0.5 0 51 51
0.5 240 51 0
0.5 0 48 59
0.5 240 48 0
0.5 0 51 50
0.5 240 51 0
0.5 0 43 57
0.5 240 43 0
0.5 0 51 46
0.5 240 51 0
0.5 0 43 64
0.5 240 43 0
0.5 0 50 46
0.5 240 50 0
0.5 0 47 58
0.5 240 47 0
0.5 0 50 47
0.5 240 50 0
0.5 0 43 56
0.5 240 43 0
0.5 0 50 46
0.5 240 50 0
0.5 0 36 64
0.5 0 48 64
0.5 480 48 0
0.5 0 36 0
0.5 2400 39 67
0.5 240 39 0
0.5 0 48 45
0.5 240 48 0
0.5 0 41 50
0.5 240 41 0
0.5 0 48 47
0.5 240 48 0
0.5 0 43 56
0.5 240 43 0
0.5 0 48 50
0.5 240 48 0
0.5 0 40 67
0.5 240 40 0
0.5 0 48 45
0.5 240 48 0
0.5 0 41 61
0.5 240 41 0
0.5 0 48 47
0.5 240 48 0
0.5 0 43 60
0.5 240 43 0
0.5 0 48 44
0.5 240 48 0
0.5 0 41 65
0.5 240 41 0
0.5 0 48 45
0.5 240 48 0
0.5 0 43 57
0.5 240 43 0
0.5 0 48 42
0.5 240 48 0
0.5 0 44 58
0.5 240 44 0
0.5 0 48 45
0.5 240 48 0
0.5 0 42 67
0.5 240 42 0
0.5 0 48 51
0.5 240 48 0
0.5 0 43 58
0.5 240 43 0
0.5 0 48 47
0.5 240 48 0
0.5 0 45 58
0.5 240 45 0
0.5 0 48 44
0.5 240 48 0
0.5 0 43 67
0.5 240 43 0
0.5 0 48 51
0.5 240 48 0
0.5 0 47 57
0.5 240 47 0
0.5 0 48 48
0.5 240 48 0
0.5 0 43 61
0.5 240 43 0
0.5 0 48 50
0.5 240 48 0
0.5 0 44 71
0.5 240 44 0
0.5 0 48 56
0.5 240 48 0
0.5 0 47 64
0.5 240 47 0
0.5 0 48 55
0.5 240 48 0
0.5 0 42 65
0.5 240 42 0
0.5 0 48 54
0.5 240 48 0
0.5 0 43 77
0.5 240 43 0
0.5 0 48 58
0.5 240 48 0
0.5 0 47 68
0.5 240 47 0
0.5 0 48 54
0.5 240 48 0
0.5 0 40 65
0.5 240 40 0
0.5 0 48 50
0.5 240 48 0
0.5 0 41 77
0.5 240 41 0
0.5 0 48 51
0.5 240 48 0
0.5 0 44 63
0.5 240 44 0
0.5 0 48 58
0.5 240 48 0
0.5 0 42 71
0.5 240 42 0
0.5 0 48 65
0.5 240 48 0
0.5 0 43 82
0.5 480 43 0
0.5 0 55 77
0.5 0 60 77
0.5 0 63 87
0.5 120 63 0
0.5 0 60 0
0.5 0 55 0
0.5 1320 60 77
0.5 0 56 77
0.5 0 63 87
0.5 120 63 0
0.5 0 56 0
0.5 0 60 0
0.5 1320 63 87
0.5 0 55 77
0.5 0 60 77
0.5 120 60 0
0.5 0 55 0
0.5 0 63 0
0.5 1320 63 87
0.5 0 60 77
0.5 0 54 77
0.5 120 54 0
0.5 0 60 0
0.5 0 63 0
0.5 1320 55 77
0.5 0 63 87
0.5 0 60 77
0.5 120 60 0
0.5 0 63 0
0.5 0 55 0
0.5 2280 60 81
0.5 240 60 0
0.5 0 55 77
0.5 180 55 0
0.5 60 55 82
0.5 240 55 0
0.5 0 51 77
0.5 180 51 0
0.5 60 51 83
0.5 240 51 0
0.5 0 48 77
0.5 180 48 0
0.5 60 43 92
0.5 0 31 78
0.5 960 53 70
0.5 0 50 59
0.5 480 50 0
0.5 0 43 0
0.5 0 31 0
0.5 0 53 0
0.5 0 51 79
0.5 0 36 67
0.5 480 36 0
0.5 0 51 0
0.5 0 43 51
0.5 480 42 51
0.5 480 42 0
0.5 0 41 51
0.5 480 41 0
0.5 0 39 49
0.5 480 39 0
0.5 0 38 49
0.5 480 38 0
0.5 0 43 0
0.5 0 36 51
0.5 480 36 0
0.5 0 39 47
0.5 480 39 0
0.5 0 43 47
0.5 480 43 0
0.5 0 31 51
0.5 480 31 0
0.5 0 38 48
0.5 480 38 0
0.5 0 43 48
0.5 480 43 0
0.5 0 36 67
0.5 480 36 0
0.5 0 43 51
0.5 480 42 51
0.5 480 42 0
0.5 0 41 51
0.5 480 41 0
0.5 0 39 49
0.5 480 39 0
0.5 0 38 49
0.5 480 38 0
0.5 0 43 0
0.5 0 36 51
0.5 480 36 0
0.5 0 39 47
0.5 480 39 0
0.5 0 43 47
0.5 480 43 0
0.5 0 31 51
0.5 480 31 0
0.5 0 38 48
0.5 480 38 0
0.5 0 43 48
0.5 480 43 0
0.5 0 36 51
0.5 480 36 0
0.5 0 39 47
0.5 480 39 0
0.5 0 43 47
0.5 480 43 0
0.5 0 31 51
0.5 480 31 0
0.5 0 38 48
0.5 480 38 0
0.5 0 43 48
0.5 480 43 0
0.5 0 36 51
0.5 480 36 0
0.5 960 31 60
0.5 0 35 60
0.5 0 38 60
0.5 0 43 71
0.5 480 43 0
0.5 0 31 0
0.5 0 35 0
0.5 0 38 0
0.5 960 36 60
0.5 0 39 60
0.5 0 43 60
0.5 0 48 71
0.5 480 48 0
0.5 0 36 0
0.5 0 39 0
0.5 0 43 0
0 156 64 127
0 2265 64 0
0 1391 64 127
0 1478 64 0
0 626 64 127
0 2265 64 0
0 1391 64 127
0 1537 64 0
0 471 64 127
0 920 64 0
0 192 64 127
0 268 64 0
0 240 64 127
0 730 64 0
0 530 64 127
0 920 64 0
0 192 64 127
0 268 64 0
0 240 64 127
0 730 64 0
0 530 64 127
0 906 64 0
0 178 64 127
0 296 64 0
0 320 64 127
0 190 64 0
0 744 64 127
0 190 64 0
0 316 64 127
0 180 64 0
0 620 64 127
0 320 64 0
0 170 64 127
0 327 64 0
0 7206 64 127
0 960 64 0
0 133 64 127
0 2265 64 0
0 1316 64 127
0 1564 64 0
0 1316 64 127
0 2023 64 0
0 5814 64 127
0 2832 64 0
0 314 64 127
0 1127 64 0
0 268 64 127
0 1165 64 0
0 297 64 127
0 680 64 0
0 1909 64 0
0 314 64 127
0 1127 64 0
0 268 64 127
0 1165 64 0
0 297 64 127
0 680 64 0
0 1909 64 0
0 314 64 127
0 1127 64 0
0 268 64 127
0 1165 64 0
0 297 64 127
0 680 64 0
0 470 64 0
0 268 64 127
0 1165 64 0
0 297 64 127
0 680 64 0
0 590 64 127
0 849 64 0
0 8201 64 127
0 435 64 0
0 183 64 127
0 285 64 0
0 697 64 127
0 275 64 0
0 148 64 127
0 320 64 0
0 734 64 127
0 325 64 0
0 113 64 127
0 268 64 0
0 212 64 127
0 764 64 0
0 140 64 127
0 324 64 0
0 170 64 127
0 328 64 0
0 166 64 127
0 310 64 0
0 113 64 127
0 353 64 0
0 141 64 127
0 354 64 0
0 84 64 127
0 387 64 0
0 135 64 127
0 339 64 0
0 127 64 127
0 365 64 0
0 144 64 127
0 338 64 0
0 113 64 127
0 353 64 0
0 99 64 127
0 881 64 0
0 107 64 127
0 353 64 0
0 60 64 127
0 438 64 0
0 51 64 127
0 425 64 0
0 113 64 127
0 353 64 0
0 141 64 127
0 354 64 0
0 84 64 127
0 387 64 0
0 135 64 127
0 339 64 0
0 127 64 127
0 365 64 0
0 144 64 127
0 338 64 0
0 113 64 127
0 353 64 0
0 2880 64 0
0 141 64 127
0 354 64 0
0 84 64 127
0 387 64 0
0 135 64 127
0 345 64 0
0 121 64 127
0 365 64 0
0 144 64 127
0 338 64 0
0 113 64 127
0 353 64 0
0 4419 64 127
0 393 64 0
0 158 64 127
0 326 64 0
0 125 64 127
0 339 64 0
0 184 64 127
0 306 64 0
0 131 64 127
0 349 64 0
0 117 64 127
0 353 64 0
0 103 64 127
0 390 64 0
0 147 64 127
0 333 64 0
0 102 64 127
0 365 64 0
0 184 64 127
0 1313 64 0
0 63 64 127
0 1374 64 0
0 229 64 127
0 2597 64 0
0 99 64 127
0 393 64 0
0 158 64 127
0 326 64 0
0 125 64 127
0 438 64 127
0 393 64 0
0 158 64 127
0 326 64 0
0 125 64 127
0 339 64 0
0 184 64 127
0 306 64 0
0 131 64 127
0 349 64 0
0 117 64 127
0 353 64 0
0 103 64 127
0 390 64 0
0 147 64 127
0 333 64 0
0 102 64 127
0 365 64 0
0 103 64 127
0 390 64 0
0 147 64 127
0 333 64 0
0 102 64 127
0 365 64 0
0 103 64 127
0 390 64 0
0 147 64 127
0 333 64 0
0 102 64 127
0 365 64 0
0 103 64 127
0 390 64 0
0 147 64 127
0 333 64 0
0 102 64 127
0 365 64 0
0 103 64 127
0 390 64 0
0 147 64 127
0 333 64 0
0 102 64 127
0 365 64 0
0 860 64 127
0 580 64 0
0 860 64 127
0 580 64 0
0 860 64 127
0 580 64 0
0 860 64 127
0 580 64 0
0 960 64 127
0 3360 64 0
0 4507 64 127
0 308 64 0
0 1585 64 127
0 800 64 0
0 343 64 127
0 157 64 0
0 2620 64 127
0 260 64 0
0 1634 64 127
0 746 64 0
0 240 64 127
0 260 64 0
0 1500 64 127
0 880 64 0
0 374 64 127
0 1066 64 0
0 1596 64 127
0 2265 64 0
0 1391 64 127
0 1480 64 0
0 624 64 127
0 2265 64 0
0 1391 64 127
0 1537 64 0
0 471 64 127
0 920 64 0
0 192 64 127
0 268 64 0
0 240 64 127
0 730 64 0
0 530 64 127
0 920 64 0
0 192 64 127
0 268 64 0
0 240 64 127
0 730 64 0
0 530 64 127
0 906 64 0
0 178 64 127
0 296 64 0
0 320 64 127
0 190 64 0
0 744 64 127
0 190 64 0
0 316 64 127
0 180 64 0
0 620 64 127
0 320 64 0
0 170 64 127
0 327 64 0
0 7206 64 127
0 960 64 0
0 133 64 127
0 2265 64 0
0 1316 64 127
0 1564 64 0
0 1316 64 127
0 2023 64 0
0 5814 64 127
0 2832 64 0
0 314 64 127
0 1127 64 0
0 268 64 127
0 1165 64 0
0 297 64 127
0 680 64 0
0 1909 64 0
0 314 64 127
0 1127 64 0
0 268 64 127
0 1165 64 0
0 297 64 127
0 680 64 0
0 1909 64 0
0 314 64 127
0 1127 64 0
0 268 64 127
0 1165 64 0
0 297 64 127
0 680 64 0
0 470 64 0
0 268 64 127
0 1165 64 0
0 297 64 127
0 680 64 0
0 9640 64 127
0 435 64 0
0 183 64 127
0 285 64 0
0 697 64 127
0 275 64 0
0 148 64 127
0 320 64 0
0 734 64 127
0 325 64 0
0 113 64 127
0 268 64 0
0 212 64 127
0 764 64 0
0 140 64 127
0 324 64 0
0 170 64 127
0 328 64 0
0 166 64 127
0 310 64 0
0 113 64 127
0 353 64 0
0 141 64 127
0 354 64 0
0 84 64 127
0 387 64 0
0 135 64 127
0 339 64 0
0 127 64 127
0 365 64 0
0 144 64 127
0 338 64 0
0 113 64 127
0 353 64 0
0 99 64 127
0 881 64 0
0 107 64 127
0 353 64 0
0 60 64 127
0 438 64 0
0 51 64 127
0 425 64 0
0 113 64 127
0 353 64 0
0 141 64 127
0 354 64 0
0 84 64 127
0 387 64 0
0 135 64 127
0 339 64 0
0 127 64 127
0 365 64 0
0 144 64 127
0 338 64 0
0 113 64 127
0 353 64 0
0 2880 64 0
0 141 64 127
0 354 64 0
0 84 64 127
0 387 64 0
0 135 64 127
0 346 64 0
0 120 64 127
0 365 64 0
0 144 64 127
0 338 64 0
0 113 64 127
0 353 64 0
0 4419 64 127
0 393 64 0
0 158 64 127
0 326 64 0
0 125 64 127
0 339 64 0
0 184 64 127
0 306 64 0
0 131 64 127
0 349 64 0
0 117 64 127
0 353 64 0
0 103 64 127
0 390 64 0
0 147 64 127
0 333 64 0
0 102 64 127
0 365 64 0
0 184 64 127
0 1313 64 0
0 63 64 127
0 1374 64 0
0 229 64 127
0 2597 64 0
0 99 64 127
0 393 64 0
0 158 64 127
0 326 64 0
0 125 64 127
0 438 64 127
0 393 64 0
0 158 64 127
0 326 64 0
0 125 64 127
0 339 64 0
0 184 64 127
0 306 64 0
0 131 64 127
0 349 64 0
0 117 64 127
0 353 64 0
0 103 64 127
0 390 64 0
0 147 64 127
0 333 64 0
0 102 64 127
0 365 64 0
0 103 64 127
0 390 64 0
0 147 64 127
0 333 64 0
0 102 64 127
0 365 64 0
0 103 64 127
0 390 64 0
0 147 64 127
0 333 64 0
0 102 64 127
0 365 64 0
0 103 64 127
0 390 64 0
0 147 64 127
0 333 64 0
0 102 64 127
0 365 64 0
0 103 64 127
0 390 64 0
0 147 64 127
0 333 64 0
0 102 64 127
0 365 64 0
0 860 64 127
0 580 64 0
0 860 64 127
0 580 64 0
0 860 64 127
0 580 64 0
0 860 64 127
0 580 64 0
0 960 64 127
0 3360 64 0
0 4507 64 127
0 308 64 0
0 1585 64 127
0 800 64 0
0 343 64 127
0 157 64 0
0 2620 64 127
0 260 64 0
0 1634 64 127
0 746 64 0
0 240 64 127
0 260 64 0
0 1500 64 127
0 880 64 0
0 374 64 127
0 1066 64 0
0 1596 64 127
0 2265 64 0
0 1391 64 127
0 1480 64 0
0 624 64 127
0 2265 64 0
0 1596 64 127
0 1273 64 0
0 626 64 127
0 2265 64 0
0 459 64 0
0 3092 64 127
0 1228 64 0
0 141 64 127
0 1299 64 0
0 156 64 127
0 333 64 0
0 147 64 127
0 333 64 0
0 118 64 127
0 353 64 0
0 149 64 127
0 1291 64 0
0 137 64 127
0 1303 64 0
0 217 64 127
0 1223 64 0
0 156 64 127
0 1284 64 0
0 183 64 127
0 312 64 0
0 111 64 127
0 368 64 0
0 123 64 127
0 343 64 0
0 212 64 127
0 276 64 0
0 152 64 127
0 329 64 0
0 163 64 127
0 308 64 0
0 141 64 127
0 347 64 0
0 95 64 127
0 381 64 0
0 111 64 127
0 365 64 0
0 156 64 127
0 333 64 0
0 147 64 127
0 333 64 0
0 118 64 127
0 353 64 0
0 149 64 127
0 1291 64 0
0 137 64 127
0 1303 64 0
0 217 64 127
0 1223 64 0
0 156 64 127
0 1284 64 0
0 183 64 127
0 312 64 0
0 111 64 127
0 834 64 0
0 96 64 127
0 1344 64 0
0 160 64 127
0 1349 64 0
0 8891 64 127
0 1120 64 0
0 400 64 127
0 572 64 0
0 720 64 127
0 720 64 0
0 2148 64 127
0 725 64 0
0 475 64 0
0 400 64 127
0 572 64 0
0 720 64 127
0 720 64 0
0 2148 64 127
0 725 64 0
0 475 64 0
0 400 64 127
0 572 64 0
0 720 64 127
0 720 64 0
0 468 64 0
0 400 64 127
0 572 64 0
0 720 64 127
0 720 64 0
0 19344 64 127
0 2265 64 0
0 1391 64 127
0 1481 64 0
0 623 64 127
0 2265 64 0
0 1391 64 127
0 1537 64 0
0 471 64 127
0 920 64 0
0 192 64 127
0 268 64 0
0 240 64 127
0 730 64 0
0 530 64 127
0 920 64 0
0 192 64 127
0 268 64 0
0 240 64 127
0 730 64 0
0 530 64 127
0 906 64 0
0 178 64 127
0 296 64 0
0 320 64 127
0 190 64 0
0 744 64 127
0 190 64 0
0 316 64 127
0 180 64 0
0 620 64 127
0 320 64 0
0 170 64 127
0 327 64 0
0 7206 64 127
0 960 64 0
0 2911 64 127
0 2832 64 0
0 314 64 127
0 1127 64 0
0 268 64 127
0 1165 64 0
0 297 64 127
0 680 64 0
0 1909 64 0
0 314 64 127
0 1127 64 0
0 268 64 127
0 1165 64 0
0 297 64 127
0 680 64 0
0 1909 64 0
0 314 64 127
0 1127 64 0
0 268 64 127
0 1165 64 0
0 297 64 127
0 680 64 0
0 470 64 0
0 268 64 127
0 1165 64 0
0 297 64 127
0 680 64 0
0 9640 64 127
0 435 64 0
0 183 64 127
0 285 64 0
0 697 64 127
0 275 64 0
0 148 64 127
0 320 64 0
0 734 64 127
0 325 64 0
0 113 64 127
0 268 64 0
0 212 64 127
0 764 64 0
0 140 64 127
0 324 64 0
0 170 64 127
0 328 64 0
0 166 64 127
0 310 64 0
0 113 64 127
0 353 64 0
0 141 64 127
0 354 64 0
0 84 64 127
0 387 64 0
0 135 64 127
0 339 64 0
0 127 64 127
0 365 64 0
0 144 64 127
0 338 64 0
0 113 64 127
0 353 64 0
0 99 64 127
0 881 64 0
0 107 64 127
0 353 64 0
0 60 64 127
0 438 64 0
0 51 64 127
0 425 64 0
0 113 64 127
0 353 64 0
0 141 64 127
0 354 64 0
0 84 64 127
0 387 64 0
0 135 64 127
0 339 64 0
0 127 64 127
0 365 64 0
0 144 64 127
0 338 64 0
0 113 64 127
0 353 64 0
0 2880 64 0
0 141 64 127
0 354 64 0
0 84 64 127
0 387 64 0
0 135 64 127
0 339 64 0
0 127 64 127
0 365 64 0
0 144 64 127
0 338 64 0
0 113 64 127
0 353 64 0
0 2880 64 127
0 493 64 0
0 199 64 127
0 280 64 0
0 186 64 127
0 282 64 0
0 240 64 127
0 255 64 0
0 155 64 127
0 325 64 0
0 126 64 127
0 339 64 0
0 170 64 127
0 1270 64 0
0 172 64 127
0 1268 64 0
0 0 64 0
0 212 64 127
0 764 64 0
0 140 64 127
0 324 64 0
0 170 64 127
0 328 64 0
0 166 64 127
0 310 64 0
0 113 64 127
0 353 64 0
0 141 64 127
0 354 64 0
0 84 64 127
0 387 64 0
0 135 64 127
0 339 64 0
0 127 64 127
0 365 64 0
0 144 64 127
0 338 64 0
0 113 64 127
0 353 64 0
0 0 64 0
0 212 64 127
0 764 64 0
0 140 64 127
0 324 64 0
0 170 64 127
0 328 64 0
0 166 64 127
0 310 64 0
0 113 64 127
0 353 64 0
0 141 64 127
0 354 64 0
0 84 64 127
0 387 64 0
0 135 64 127
0 339 64 0
0 127 64 127
0 365 64 0
0 144 64 127
0 338 64 0
0 113 64 127
0 353 64 0
0 0 64 0
0 212 64 127
0 2668 64 0
0 141 64 127
0 1299 64 0
0 127 64 127
0 365 64 0
0 144 64 127
0 804 64 0
0 0 64 0
0 212 64 127
0 2668 64 0
0 1539 64 127
0 393 64 0
0 158 64 127
0 326 64 0
0 125 64 127
0 339 64 0
0 184 64 127
0 306 64 0
0 131 64 127
0 349 64 0
0 117 64 127
0 353 64 0
0 103 64 127
0 390 64 0
0 147 64 127
0 333 64 0
0 102 64 127
0 365 64 0
0 184 64 127
0 1313 64 0
0 63 64 127
0 1374 64 0
0 229 64 127
0 2597 64 0
0 99 64 127
0 393 64 0
0 158 64 127
0 326 64 0
0 125 64 127
0 438 64 127
0 393 64 0
0 158 64 127
0 326 64 0
0 125 64 127
0 339 64 0
0 184 64 127
0 306 64 0
0 131 64 127
0 349 64 0
0 117 64 127
0 353 64 0
0 103 64 127
0 390 64 0
0 147 64 127
0 333 64 0
0 102 64 127
0 365 64 0
0 103 64 127
0 390 64 0
0 147 64 127
0 333 64 0
0 102 64 127
0 365 64 0
0 103 64 127
0 390 64 0
0 147 64 127
0 333 64 0
0 102 64 127
0 365 64 0
0 103 64 127
0 390 64 0
0 147 64 127
0 333 64 0
0 102 64 127
0 365 64 0
0 103 64 127
0 390 64 0
0 147 64 127
0 333 64 0
0 102 64 127
0 365 64 0
0 860 64 127
0 580 64 0
0 860 64 127
0 580 64 0
0 860 64 127
0 580 64 0
0 860 64 127
0 580 64 0
0 960 64 127
0 3360 64 0
0 4507 64 127
0 308 64 0
0 1585 64 127
0 800 64 0
0 343 64 127
0 157 64 0
0 2620 64 127
0 260 64 0
0 1634 64 127
0 746 64 0
0 240 64 127
0 260 64 0
0 1500 64 127
0 880 64 0
0 374 64 127
0 453 64 0
0 636 64 127
0 617 64 0
0 960 64 127
0 526 64 0
1 0 0 0
