0.5 1440 67 38
0.5 180 67 0
0.5 0 68 36
0.5 60 68 0
0.5 0 67 39
0.5 120 67 0
0.5 0 65 36
0.5 120 65 0
0.5 0 67 40
0.5 120 67 0
0.5 0 68 36
0.5 120 68 0
0.5 0 69 44
0.5 720 69 0
0.5 0 70 51
0.5 900 70 0
0.5 0 72 39
0.5 60 72 0
0.5 0 70 49
0.5 120 70 0
0.5 0 69 42
0.5 120 69 0
0.5 0 70 51
0.5 120 70 0
0.5 0 71 46
0.5 120 71 0
0.5 0 71 50
0.5 360 72 39
0.5 30 72 0
0.5 0 71 33
0.5 30 71 0
0.5 0 71 0
0.5 0 69 41
0.5 30 69 0
0.5 0 71 37
0.5 30 71 0
0.5 0 74 53
0.5 180 74 0
0.5 0 72 44
0.5 60 72 0
0.5 0 65 55
0.5 900 65 0
0.5 0 67 39
0.5 60 67 0
0.5 0 65 46
0.5 120 65 0
0.5 0 64 42
0.5 120 64 0
0.5 0 65 49
0.5 120 65 0
0.5 0 67 46
0.5 120 67 0
0.5 0 68 55
0.5 840 68 0
0.5 0 67 47
0.5 120 67 0
0.5 0 65 48
0.5 120 65 0
0.5 0 64 44
0.5 120 64 0
0.5 0 65 49
0.5 120 65 0
0.5 0 67 44
0.5 120 67 0
0.5 0 68 50
0.5 120 68 0
0.5 0 70 45
0.5 120 70 0
0.5 0 72 54
0.5 120 72 0
0.5 0 71 45
0.5 120 71 0
0.5 0 72 48
0.5 120 72 0
0.5 0 68 39
0.5 120 68 0
0.5 0 66 58
0.5 720 66 0
0.5 0 67 55
0.5 840 67 0
0.5 0 63 55
0.5 120 63 0
0.5 0 67 59
0.5 120 67 0
0.5 0 70 62
0.5 120 70 0
0.5 0 75 66
0.5 120 75 0
0.5 0 79 69
0.5 120 79 0
0.5 0 82 72
0.5 960 82 0
0.5 0 79 69
0.5 240 79 0
0.5 0 75 65
0.5 240 75 0
0.5 0 70 65
0.5 240 70 0
0.5 0 67 68
0.5 240 67 0
0.5 0 63 66
0.5 240 63 0
0.5 0 60 72
0.5 720 60 0
0.5 0 84 72
0.5 960 84 0
0.5 0 82 67
0.5 120 82 0
0.5 0 80 61
0.5 120 80 0
0.5 0 79 67
0.5 120 79 0
0.5 0 77 60
0.5 110 77 0
0.5 10 77 67
0.5 240 77 0
0.5 0 75 60
0.5 720 75 0
0.5 0 75 56
0.5 240 75 0
0.5 0 75 54
0.5 240 75 0
0.5 0 75 53
0.5 30 75 0
0.5 0 77 43
0.5 30 77 0
0.5 0 75 54
0.5 30 75 0
0.5 0 77 46
0.5 30 77 0
0.5 0 75 52
0.5 30 75 0
0.5 0 77 44
0.5 30 77 0
0.5 0 75 51
0.5 20 75 0
0.5 0 74 43
0.5 20 74 0
0.5 0 75 43
0.5 20 75 0
0.5 0 77 54
0.5 240 77 0
0.5 0 74 47
0.5 240 74 0
0.5 0 75 47
0.5 240 75 0
0.5 0 70 43
0.5 216 70 0
0.5 24 70 43
0.5 216 70 0
0.5 24 70 49
0.5 240 70 0
0.5 0 72 41
0.5 240 72 0
0.5 0 68 32
0.5 240 68 0
0.5 0 63 36
0.5 0 67 43
0.5 240 67 0
0.5 0 68 37
0.5 240 68 0
0.5 0 63 0
0.5 0 62 27
0.5 0 65 32
0.5 240 65 0
0.5 0 62 0
0.5 0 63 47
0.5 240 63 0
0.5 0 58 38
0.5 216 58 0
0.5 24 58 38
0.5 216 58 0
0.5 24 58 34
0.5 30 58 0
0.5 0 60 27
0.5 30 60 0
0.5 0 58 34
0.5 30 58 0
0.5 0 60 29
0.5 30 60 0
0.5 0 58 33
0.5 30 58 0
0.5 0 60 27
0.5 30 60 0
0.5 0 58 32
0.5 20 58 0
0.5 0 57 27
0.5 20 57 0
0.5 0 58 27
0.5 20 58 0
0.5 0 60 34
0.5 240 60 0
0.5 0 56 28
0.5 240 56 0
0.5 0 51 28
0.5 0 55 34
0.5 30 55 0
0.5 0 56 27
0.5 30 56 0
0.5 0 55 34
0.5 30 55 0
0.5 0 56 29
0.5 30 56 0
0.5 0 55 33
0.5 30 55 0
0.5 0 56 27
0.5 30 56 0
0.5 0 55 32
0.5 20 55 0
0.5 0 53 27
0.5 20 53 0
0.5 0 55 27
0.5 20 55 0
0.5 0 56 34
0.5 235 53 28
0.5 5 56 0
0.5 0 51 0
0.5 235 53 0
0.5 5 51 28
0.5 480 51 0
0.5 0 50 33
0.5 0 53 39
0.5 240 53 0
0.5 0 50 0
0.5 0 51 28
0.5 480 51 0
0.5 0 50 34
0.5 0 53 40
0.5 240 53 0
0.5 0 50 0
0.5 0 51 28
0.5 480 51 0
0.5 0 50 36
0.5 0 53 36
0.5 0 58 43
0.5 220 58 0
0.5 0 53 0
0.5 0 50 0
0.5 20 50 23
0.5 0 53 23
0.5 0 58 28
0.5 720 58 0
0.5 0 53 0
0.5 0 50 0
0.5 0 51 25
0.5 480 51 0
0.5 240 55 32
0.5 240 55 0
0.5 0 58 37
0.5 240 58 0
0.5 0 63 42
0.5 230 63 0
0.5 10 55 38
0.5 0 58 38
0.5 0 63 38
0.5 0 67 45
0.5 950 67 0
0.5 0 55 0
0.5 0 58 0
0.5 0 63 0
0.5 10 58 36
0.5 0 63 36
0.5 0 67 43
0.5 230 67 0
0.5 0 63 0
0.5 0 58 0
0.5 10 63 35
0.5 0 67 42
0.5 230 67 0
0.5 0 63 0
0.5 10 63 23
0.5 0 67 34
0.5 30 67 0
0.5 0 68 27
0.5 30 68 0
0.5 0 67 34
0.5 30 67 0
0.5 0 68 29
0.5 30 68 0
0.5 0 67 33
0.5 30 67 0
0.5 0 68 27
0.5 30 68 0
0.5 0 67 32
0.5 20 67 0
0.5 0 65 27
0.5 20 65 0
0.5 0 67 27
0.5 20 67 0
0.5 0 65 38
0.5 0 68 45
0.5 240 68 0
0.5 0 65 0
0.5 0 63 0
0.5 0 58 32
0.5 0 62 32
0.5 0 65 38
0.5 230 65 0
0.5 0 62 0
0.5 0 58 0
0.5 10 58 28
0.5 0 62 28
0.5 0 65 34
0.5 720 65 0
0.5 0 62 0
0.5 0 63 32
0.5 240 63 0
0.5 0 58 0
0.5 480 55 36
0.5 0 58 43
0.5 240 58 0
0.5 0 55 0
0.5 0 58 40
0.5 0 63 48
0.5 240 63 0
0.5 0 58 0
0.5 0 63 45
0.5 0 67 54
0.5 230 67 0
0.5 10 63 0
0.5 0 67 51
0.5 0 70 60
0.5 960 75 70
0.5 219 75 0
0.5 21 75 64
0.5 219 75 0
0.5 21 75 67
0.5 228 75 0
0.5 12 70 0
0.5 0 67 0
0.5 0 66 44
0.5 0 69 44
0.5 0 75 57
0.5 228 75 0
0.5 12 69 0
0.5 0 66 0
0.5 0 75 64
0.5 0 66 50
0.5 0 70 50
0.5 228 75 0
0.5 2 70 0
0.5 0 66 0
0.5 10 66 45
0.5 0 72 45
0.5 0 75 68
0.5 480 66 0
0.5 0 65 38
0.5 240 65 0
0.5 0 75 0
0.5 0 72 0
0.5 240 66 34
0.5 0 72 34
0.5 0 75 40
0.5 240 66 0
0.5 0 65 29
0.5 240 65 0
0.5 0 75 0
0.5 0 72 0
0.5 240 66 34
0.5 0 70 34
0.5 0 73 40
0.5 240 66 0
0.5 0 65 27
0.5 240 65 0
0.5 0 73 0
0.5 0 70 0
0.5 240 73 34
0.5 0 63 34
0.5 0 66 40
0.5 240 73 0
0.5 0 71 34
0.5 240 71 0
0.5 0 66 0
0.5 0 63 0
0.5 240 71 34
0.5 0 61 34
0.5 0 67 40
0.5 240 71 0
0.5 0 70 34
0.5 240 70 0
0.5 0 67 0
0.5 0 61 0
0.5 240 70 34
0.5 0 60 34
0.5 0 63 40
0.5 240 70 0
0.5 0 69 34
0.5 240 69 0
0.5 0 63 0
0.5 0 60 0
0.5 0 62 34
0.5 0 70 34
0.5 480 70 0
0.5 0 62 0
0.5 960 74 57
0.5 480 74 0
0.5 0 72 48
0.5 120 72 0
0.5 0 70 47
0.5 120 70 0
0.5 0 60 30
0.5 0 63 35
0.5 0 70 54
0.5 240 70 0
0.5 0 69 47
0.5 230 63 0
0.5 10 69 0
0.5 0 60 0
0.5 0 58 43
0.5 0 63 37
0.5 0 67 51
0.5 120 67 0
0.5 0 58 0
0.5 0 57 36
0.5 0 65 43
0.5 110 65 0
0.5 0 57 0
0.5 0 63 0
0.5 10 57 48
0.5 0 63 35
0.5 0 65 50
0.5 480 57 0
0.5 0 55 45
0.5 120 55 0
0.5 0 53 38
0.5 110 53 0
0.5 10 53 51
0.5 240 65 0
0.5 0 67 44
0.5 120 53 0
0.5 0 51 38
0.5 120 51 0
0.5 0 67 0
0.5 0 50 38
0.5 0 69 46
0.5 120 50 0
0.5 0 51 38
0.5 120 51 0
0.5 0 69 0
0.5 0 63 0
0.5 0 70 51
0.5 0 50 51
0.5 120 70 0
0.5 0 72 44
0.5 40 72 0
0.5 0 70 38
0.5 40 70 0
0.5 0 69 38
0.5 40 69 0
0.5 0 70 51
0.5 120 70 0
0.5 0 72 47
0.5 120 72 0
0.5 0 50 0
0.5 0 74 49
0.5 120 74 0
0.5 0 75 50
0.5 90 75 0
0.5 0 74 48
0.5 30 74 0
0.5 0 77 57
0.5 720 77 0
0.5 0 76 47
0.5 120 76 0
0.5 0 77 52
0.5 120 77 0
0.5 0 79 53
0.5 120 79 0
0.5 0 77 51
0.5 120 77 0
0.5 0 75 53
0.5 120 75 0
0.5 0 74 51
0.5 110 74 0
0.5 10 63 30
0.5 0 67 35
0.5 0 74 57
0.5 240 74 0
0.5 0 72 47
0.5 230 67 0
0.5 10 72 0
0.5 0 63 0
0.5 0 62 36
0.5 0 70 51
0.5 0 65 43
0.5 120 65 0
0.5 0 70 0
0.5 0 62 0
0.5 0 60 30
0.5 0 69 43
0.5 0 63 36
0.5 110 63 0
0.5 0 69 0
0.5 0 60 0
0.5 10 60 40
0.5 0 69 50
0.5 0 63 35
0.5 470 63 0
0.5 10 69 0
0.5 0 60 0
0.5 0 63 35
0.5 0 58 45
0.5 0 67 51
0.5 120 67 0
0.5 0 58 0
0.5 0 65 43
0.5 0 57 38
0.5 110 57 0
0.5 0 63 0
0.5 10 65 0
0.5 0 63 35
0.5 0 65 54
0.5 0 57 51
0.5 120 57 0
0.5 0 55 38
0.5 120 55 0
0.5 0 65 0
0.5 0 53 38
0.5 0 67 44
0.5 120 53 0
0.5 0 51 38
0.5 120 51 0
0.5 0 67 0
0.5 0 50 38
0.5 0 69 46
0.5 120 50 0
0.5 0 48 38
0.5 120 48 0
0.5 0 69 0
0.5 0 63 0
0.5 0 62 54
0.5 0 70 54
0.5 240 70 0
0.5 0 62 0
0.5 0 73 40
0.5 240 73 0
0.5 0 74 44
0.5 240 74 0
0.5 240 76 41
0.5 240 76 0
0.5 0 77 44
0.5 240 77 0
0.5 240 81 40
0.5 240 81 0
0.5 0 82 44
0.5 240 82 0
0.5 240 78 41
0.5 240 78 0
0.5 0 79 44
0.5 240 79 0
0.5 240 74 40
0.5 240 74 0
0.5 0 75 42
0.5 240 75 0
0.5 240 71 38
0.5 240 71 0
0.5 0 72 42
0.5 240 72 0
0.5 240 77 59
0.5 600 77 0
0.5 0 79 60
0.5 60 79 0
0.5 0 81 62
0.5 60 81 0
0.5 0 82 64
0.5 60 82 0
0.5 0 84 66
0.5 60 84 0
0.5 0 86 68
0.5 60 86 0
0.5 0 87 70
0.5 60 87 0
0.5 0 89 72
0.5 480 89 0
0.5 0 87 70
0.5 240 87 0
0.5 0 84 66
0.5 240 84 0
0.5 0 82 58
0.5 300 82 0
0.5 0 81 50
0.5 60 81 0
0.5 0 86 57
0.5 60 84 54
0.5 6 86 0
0.5 54 82 53
0.5 6 84 0
0.5 54 81 51
0.5 6 82 0
0.5 54 79 49
0.5 6 81 0
0.5 54 77 47
0.5 6 79 0
0.5 54 76 53
0.5 6 77 0
0.5 54 77 51
0.5 6 76 0
0.5 54 82 59
0.5 6 77 0
0.5 54 81 54
0.5 6 82 0
0.5 54 79 54
0.5 6 81 0
0.5 54 77 52
0.5 6 79 0
0.5 54 75 50
0.5 6 77 0
0.5 54 74 50
0.5 6 75 0
0.5 54 73 52
0.5 6 74 0
0.5 54 74 46
0.5 6 73 0
0.5 54 79 56
0.5 6 74 0
0.5 54 77 55
0.5 6 79 0
0.5 54 75 54
0.5 6 77 0
0.5 54 74 52
0.5 6 75 0
0.5 54 72 50
0.5 6 74 0
0.5 54 70 48
0.5 6 72 0
0.5 54 69 46
0.5 6 70 0
0.5 54 70 45
0.5 6 69 0
0.5 54 75 52
0.5 6 70 0
0.5 54 74 51
0.5 6 75 0
0.5 54 72 49
0.5 6 74 0
0.5 54 70 47
0.5 6 72 0
0.5 54 69 44
0.5 6 70 0
0.5 54 67 42
0.5 6 69 0
0.5 54 64 39
0.5 6 67 0
0.5 54 64 0
0.5 0 65 39
0.5 60 65 0
0.5 0 66 40
0.5 60 66 0
0.5 0 67 41
0.5 60 67 0
0.5 0 68 42
0.5 60 68 0
0.5 0 69 42
0.5 60 69 0
0.5 0 70 43
0.5 60 70 0
0.5 0 71 44
0.5 60 71 0
0.5 0 72 45
0.5 60 72 0
0.5 0 73 45
0.5 60 73 0
0.5 0 74 46
0.5 60 74 0
0.5 0 75 47
0.5 60 75 0
0.5 0 76 49
0.5 60 76 0
0.5 0 77 50
0.5 60 77 0
0.5 0 78 52
0.5 60 78 0
0.5 0 79 54
0.5 60 79 0
0.5 0 80 56
0.5 60 80 0
0.5 0 81 58
0.5 60 81 0
0.5 0 82 60
0.5 60 82 0
0.5 0 83 61
0.5 60 83 0
0.5 0 84 64
0.5 48 84 0
0.5 0 85 65
0.5 48 85 0
0.5 0 86 67
0.5 48 86 0
0.5 0 87 69
0.5 48 87 0
0.5 0 88 70
0.5 48 88 0
0.5 0 89 80
0.5 300 89 0
0.5 0 87 69
0.5 60 87 0
0.5 0 84 66
0.5 60 84 0
0.5 0 81 63
0.5 60 81 0
0.5 0 77 60
0.5 60 77 0
0.5 0 75 57
0.5 60 75 0
0.5 0 72 54
0.5 60 72 0
0.5 0 69 51
0.5 60 69 0
0.5 0 70 56
0.5 480 70 0
0.5 720 70 56
0.5 0 73 67
0.5 480 73 0
0.5 0 74 54
0.5 240 74 0
0.5 0 70 0
0.5 0 69 50
0.5 0 75 59
0.5 180 75 0
0.5 0 72 53
0.5 60 72 0
0.5 0 69 0
0.5 0 62 46
0.5 0 70 56
0.5 480 70 0
0.5 0 62 0
0.5 720 61 60
0.5 0 58 50
0.5 480 61 0
0.5 0 62 48
0.5 240 62 0
0.5 0 58 0
0.5 0 63 53
0.5 0 57 45
0.5 180 63 0
0.5 0 60 43
0.5 60 60 0
0.5 0 57 0
0.5 0 58 48
0.5 240 58 0
0.5 0 57 43
0.5 0 63 51
0.5 360 63 0
0.5 0 60 44
0.5 120 60 0
0.5 0 57 0
0.5 0 58 48
0.5 240 58 0
0.5 0 57 43
0.5 0 63 51
0.5 360 63 0
0.5 0 60 44
0.5 120 60 0
0.5 0 57 0
0.5 0 58 48
0.5 240 58 0
0.5 0 63 59
0.5 0 57 50
0.5 120 63 0
0.5 0 62 55
0.5 120 62 0
0.5 0 57 0
0.5 0 63 69
0.5 0 57 51
0.5 120 63 0
0.5 0 60 62
0.5 120 60 0
0.5 0 57 0
0.5 0 59 39
0.5 40 59 0
0.5 0 60 38
0.5 40 60 0
0.5 0 62 32
0.5 40 62 0
0.5 0 60 42
0.5 0 57 35
0.5 600 57 0
0.5 0 60 0
0.5 0 58 39
0.5 480 58 0
0.5 2400 59 33
0.5 180 59 0
0.5 0 60 28
0.5 60 60 0
0.5 0 59 34
0.5 120 59 0
0.5 0 57 29
0.5 120 57 0
0.5 0 59 38
0.5 120 59 0
0.5 0 60 37
0.5 120 60 0
0.5 0 53 25
0.5 0 61 34
0.5 0 56 25
0.5 0 59 25
0.5 720 61 0
0.5 0 62 34
0.5 480 62 0
0.5 0 59 0
0.5 0 56 0
0.5 0 53 0
0.5 420 63 28
0.5 60 63 0
0.5 0 62 38
0.5 120 62 0
0.5 0 61 33
0.5 120 61 0
0.5 0 62 39
0.5 120 62 0
0.5 0 63 41
0.5 120 63 0
0.5 0 62 25
0.5 0 64 34
0.5 0 56 25
0.5 0 59 25
0.5 720 64 0
0.5 0 65 34
0.5 480 65 0
0.5 0 59 0
0.5 0 56 0
0.5 0 62 0
0.5 420 72 45
0.5 0 60 38
0.5 60 60 0
0.5 0 72 0
0.5 0 59 44
0.5 0 71 52
0.5 120 71 0
0.5 0 59 0
0.5 0 57 43
0.5 0 69 51
0.5 120 69 0
0.5 0 57 0
0.5 0 59 50
0.5 0 71 59
0.5 120 71 0
0.5 0 59 0
0.5 0 72 61
0.5 0 60 51
0.5 120 60 0
0.5 0 72 0
0.5 0 73 70
0.5 0 61 59
0.5 720 61 0
0.5 0 73 0
0.5 0 62 41
0.5 0 74 49
0.5 180 74 0
0.5 0 62 0
0.5 0 75 52
0.5 60 75 0
0.5 0 74 57
0.5 120 74 0
0.5 0 73 52
0.5 120 73 0
0.5 0 74 52
0.5 120 74 0
0.5 0 75 52
0.5 120 75 0
0.5 0 77 58
0.5 120 77 0
0.5 0 79 55
0.5 120 79 0
0.5 0 80 62
0.5 120 80 0
0.5 0 79 55
0.5 120 79 0
0.5 0 80 66
0.5 120 80 0
0.5 0 77 60
0.5 120 77 0
0.5 0 77 70
0.5 720 77 0
0.5 0 67 41
0.5 0 76 49
0.5 180 76 0
0.5 0 67 0
0.5 0 68 48
0.5 60 68 0
0.5 0 67 52
0.5 120 67 0
0.5 0 66 48
0.5 120 66 0
0.5 0 67 48
0.5 120 67 0
0.5 0 69 48
0.5 120 69 0
0.5 0 70 55
0.5 120 70 0
0.5 0 72 50
0.5 120 72 0
0.5 0 73 64
0.5 120 73 0
0.5 0 72 60
0.5 120 72 0
0.5 0 73 68
0.5 120 73 0
0.5 0 70 64
0.5 120 70 0
0.5 0 70 70
0.5 720 70 0
0.5 0 72 49
0.5 0 69 41
0.5 180 69 0
0.5 0 72 0
0.5 0 73 48
0.5 60 73 0
0.5 0 72 52
0.5 120 72 0
0.5 0 71 48
0.5 120 71 0
0.5 0 72 48
0.5 120 72 0
0.5 0 74 48
0.5 120 74 0
0.5 0 75 60
0.5 120 75 0
0.5 0 77 56
0.5 120 77 0
0.5 0 78 64
0.5 120 78 0
0.5 0 77 58
0.5 120 77 0
0.5 0 78 67
0.5 120 78 0
0.5 0 75 64
0.5 120 75 0
0.5 0 75 70
0.5 720 75 0
0.5 0 65 41
0.5 0 74 49
0.5 180 74 0
0.5 0 65 0
0.5 0 66 48
0.5 60 66 0
0.5 0 65 52
0.5 120 65 0
0.5 0 64 48
0.5 120 64 0
0.5 0 65 48
0.5 120 65 0
0.5 0 67 48
0.5 120 67 0
0.5 0 68 60
0.5 120 68 0
0.5 0 70 54
0.5 120 70 0
0.5 0 71 64
0.5 120 71 0
0.5 0 70 56
0.5 120 70 0
0.5 0 71 67
0.5 120 71 0
0.5 0 68 59
0.5 120 68 0
0.5 0 68 70
0.5 720 68 0
0.5 0 67 41
0.5 0 70 49
0.5 180 70 0
0.5 0 71 48
0.5 60 71 0
0.5 0 70 53
0.5 120 70 0
0.5 0 69 49
0.5 120 69 0
0.5 0 70 50
0.5 120 70 0
0.5 0 71 50
0.5 120 71 0
0.5 0 73 64
0.5 120 73 0
0.5 0 75 60
0.5 110 67 0
0.5 10 75 0
0.5 0 76 70
0.5 0 67 45
0.5 120 76 0
0.5 0 75 64
0.5 96 67 0
0.5 24 75 0
0.5 0 67 45
0.5 0 76 75
0.5 120 76 0
0.5 0 73 69
0.5 120 73 0
0.5 0 67 0
0.5 0 68 49
0.5 0 71 49
0.5 120 71 0
0.5 0 73 46
0.5 120 73 0
0.5 0 75 52
0.5 120 75 0
0.5 0 73 45
0.5 120 73 0
0.5 0 68 0
0.5 0 75 51
0.5 120 75 0
0.5 0 71 48
0.5 120 71 0
0.5 0 70 49
0.5 120 70 0
0.5 0 71 44
0.5 120 71 0
0.5 0 73 52
0.5 120 73 0
0.5 0 71 46
0.5 120 71 0
0.5 0 73 49
0.5 120 73 0
0.5 0 70 42
0.5 120 70 0
0.5 0 68 49
0.5 120 68 0
0.5 0 70 45
0.5 120 70 0
0.5 0 71 49
0.5 0 75 60
0.5 120 71 0
0.5 0 70 45
0.5 110 75 0
0.5 10 70 0
0.5 0 71 49
0.5 0 75 60
0.5 120 71 0
0.5 0 68 45
0.5 120 68 0
0.5 0 75 0
0.5 0 76 65
0.5 0 67 44
0.5 120 67 0
0.5 0 68 41
0.5 120 68 0
0.5 0 70 46
0.5 120 70 0
0.5 0 68 40
0.5 120 68 0
0.5 0 76 0
0.5 0 70 45
0.5 0 75 60
0.5 120 70 0
0.5 0 67 43
0.5 120 67 0
0.5 0 75 0
0.5 0 68 44
0.5 120 68 0
0.5 0 70 39
0.5 120 70 0
0.5 0 71 46
0.5 120 71 0
0.5 0 70 41
0.5 120 70 0
0.5 0 71 44
0.5 120 71 0
0.5 0 68 37
0.5 120 68 0
0.5 0 65 44
0.5 120 65 0
0.5 0 66 40
0.5 120 66 0
0.5 0 74 60
0.5 0 68 44
0.5 120 68 0
0.5 0 66 40
0.5 110 74 0
0.5 10 66 0
0.5 0 74 60
0.5 0 68 44
0.5 120 68 0
0.5 0 65 40
0.5 120 65 0
0.5 0 74 0
0.5 0 75 65
0.5 0 63 44
0.5 120 63 0
0.5 0 65 41
0.5 120 65 0
0.5 0 66 46
0.5 120 66 0
0.5 0 65 40
0.5 120 65 0
0.5 0 75 0
0.5 0 70 60
0.5 0 66 45
0.5 120 66 0
0.5 0 63 43
0.5 120 63 0
0.5 0 70 0
0.5 0 62 44
0.5 120 62 0
0.5 0 63 39
0.5 120 63 0
0.5 0 65 46
0.5 120 65 0
0.5 0 63 41
0.5 120 63 0
0.5 0 65 44
0.5 120 65 0
0.5 0 62 37
0.5 120 62 0
0.5 0 63 44
0.5 120 63 0
0.5 0 65 40
0.5 120 65 0
0.5 0 66 44
0.5 0 70 60
0.5 120 66 0
0.5 0 65 40
0.5 110 70 0
0.5 10 65 0
0.5 0 70 60
0.5 0 66 44
0.5 120 66 0
0.5 0 63 40
0.5 120 63 0
0.5 0 70 0
0.5 0 71 65
0.5 0 65 44
0.5 120 65 0
0.5 0 66 41
0.5 120 66 0
0.5 0 68 46
0.5 120 68 0
0.5 0 66 40
0.5 120 66 0
0.5 0 71 0
0.5 0 70 60
0.5 0 68 45
0.5 120 68 0
0.5 0 65 43
0.5 120 65 0
0.5 0 70 0
0.5 0 66 44
0.5 120 66 0
0.5 0 68 39
0.5 120 68 0
0.5 0 70 46
0.5 120 70 0
0.5 0 68 41
0.5 120 68 0
0.5 0 70 44
0.5 120 70 0
0.5 0 66 37
0.5 120 66 0
0.5 0 63 44
0.5 120 63 0
0.5 0 65 40
0.5 120 65 0
0.5 0 66 44
0.5 0 69 60
0.5 120 66 0
0.5 0 65 40
0.5 110 69 0
0.5 10 65 0
0.5 0 66 44
0.5 0 69 60
0.5 120 66 0
0.5 0 63 40
0.5 120 63 0
0.5 0 69 0
0.5 0 70 65
0.5 0 62 44
0.5 120 62 0
0.5 0 63 41
0.5 120 63 0
0.5 0 65 46
0.5 120 65 0
0.5 0 63 40
0.5 120 63 0
0.5 0 62 45
0.5 120 62 0
0.5 0 63 43
0.5 120 63 0
0.5 0 65 44
0.5 120 65 0
0.5 0 66 39
0.5 120 66 0
0.5 0 68 46
0.5 120 68 0
0.5 0 66 41
0.5 120 66 0
0.5 0 65 44
0.5 120 65 0
0.5 0 68 37
0.5 120 68 0
0.5 0 66 44
0.5 120 66 0
0.5 0 65 40
0.5 120 65 0
0.5 0 70 0
0.5 0 69 60
0.5 0 63 44
0.5 120 63 0
0.5 0 65 40
0.5 110 69 0
0.5 10 65 0
0.5 0 69 60
0.5 0 66 44
0.5 120 66 0
0.5 0 63 40
0.5 120 63 0
0.5 0 69 0
0.5 0 58 44
0.5 0 70 65
0.5 120 58 0
0.5 0 60 41
0.5 120 60 0
0.5 0 62 46
0.5 120 62 0
0.5 0 60 40
0.5 120 60 0
0.5 0 58 45
0.5 120 58 0
0.5 0 60 43
0.5 120 60 0
0.5 0 62 44
0.5 120 62 0
0.5 0 63 39
0.5 120 63 0
0.5 0 65 46
0.5 120 65 0
0.5 0 63 41
0.5 120 63 0
0.5 0 62 44
0.5 120 62 0
0.5 0 65 37
0.5 120 65 0
0.5 0 63 44
0.5 120 63 0
0.5 0 62 40
0.5 120 62 0
0.5 0 70 0
0.5 0 69 60
0.5 0 60 44
0.5 120 60 0
0.5 0 62 40
0.5 110 69 0
0.5 10 62 0
0.5 0 63 44
0.5 0 69 60
0.5 120 63 0
0.5 0 60 40
0.5 120 60 0
0.5 0 69 0
0.5 0 58 44
0.5 120 58 0
0.5 0 60 37
0.5 120 60 0
0.5 0 62 44
0.5 120 62 0
0.5 0 61 38
0.5 120 61 0
0.5 0 62 41
0.5 120 62 0
0.5 0 58 34
0.5 120 58 0
0.5 0 62 44
0.5 120 64 39
0.5 12 62 0
0.5 108 65 40
0.5 12 64 0
0.5 108 64 33
0.5 12 65 0
0.5 108 65 39
0.5 12 64 0
0.5 108 62 34
0.5 12 65 0
0.5 108 65 47
0.5 12 62 0
0.5 108 67 43
0.5 12 65 0
0.5 108 68 50
0.5 12 67 0
0.5 108 67 42
0.5 12 68 0
0.5 108 68 53
0.5 12 67 0
0.5 108 65 37
0.5 12 68 0
0.5 108 68 41
0.5 12 65 0
0.5 108 71 36
0.5 12 68 0
0.5 108 72 41
0.5 12 71 0
0.5 108 71 37
0.5 12 72 0
0.5 108 74 41
0.5 12 71 0
0.5 108 72 36
0.5 12 74 0
0.5 108 70 41
0.5 12 72 0
0.5 108 68 36
0.5 12 70 0
0.5 108 67 41
0.5 12 68 0
0.5 108 65 35
0.5 12 67 0
0.5 108 64 35
0.5 12 65 0
0.5 108 65 29
0.5 12 64 0
0.5 108 67 41
0.5 12 65 0
0.5 108 65 36
0.5 12 67 0
0.5 108 68 41
0.5 12 65 0
0.5 108 65 32
0.5 12 68 0
0.5 108 60 38
0.5 12 65 0
0.5 108 62 32
0.5 12 60 0
0.5 108 62 0
0.5 0 63 38
0.5 480 63 0
0.5 960 67 38
0.5 180 67 0
0.5 0 68 36
0.5 60 68 0
0.5 0 67 39
0.5 120 67 0
0.5 0 65 36
0.5 120 65 0
0.5 0 67 40
0.5 120 67 0
0.5 0 68 36
0.5 120 68 0
0.5 0 69 44
0.5 720 69 0
0.5 0 70 51
0.5 900 70 0
0.5 0 72 39
0.5 60 72 0
0.5 0 70 49
0.5 120 70 0
0.5 0 69 42
0.5 120 69 0
0.5 0 70 51
0.5 120 70 0
0.5 0 71 46
0.5 120 71 0
0.5 0 71 50
0.5 360 72 39
0.5 30 72 0
0.5 0 71 33
0.5 30 71 0
0.5 0 71 0
0.5 0 69 41
0.5 30 69 0
0.5 0 71 37
0.5 30 71 0
0.5 0 74 53
0.5 180 74 0
0.5 0 72 44
0.5 60 72 0
0.5 0 65 55
0.5 900 65 0
0.5 0 67 39
0.5 60 67 0
0.5 0 65 46
0.5 120 65 0
0.5 0 64 42
0.5 120 64 0
0.5 0 65 49
0.5 120 65 0
0.5 0 67 46
0.5 120 67 0
0.5 0 68 55
0.5 780 68 0
0.5 0 67 47
0.5 60 67 0
0.5 0 65 48
0.5 60 65 0
0.5 0 64 48
0.5 60 64 0
0.5 0 65 49
0.5 60 65 0
0.5 0 67 50
0.5 60 67 0
0.5 0 68 50
0.5 60 68 0
0.5 0 70 51
0.5 60 70 0
0.5 0 72 52
0.5 60 72 0
0.5 0 74 51
0.5 60 74 0
0.5 0 75 53
0.5 60 75 0
0.5 0 76 54
0.5 60 76 0
0.5 0 77 56
0.5 60 77 0
0.5 0 79 57
0.5 60 79 0
0.5 0 80 59
0.5 60 80 0
0.5 0 82 60
0.5 60 82 0
0.5 0 84 63
0.5 60 84 0
0.5 0 83 59
0.5 60 83 0
0.5 0 86 63
0.5 60 86 0
0.5 0 84 61
0.5 60 84 0
0.5 0 82 60
0.5 60 82 0
0.5 0 80 58
0.5 60 80 0
0.5 0 79 56
0.5 60 79 0
0.5 0 77 53
0.5 60 77 0
0.5 0 78 58
0.5 720 78 0
0.5 0 79 55
0.5 840 79 0
0.5 0 63 55
0.5 120 63 0
0.5 0 67 59
0.5 120 67 0
0.5 0 70 62
0.5 120 70 0
0.5 0 75 66
0.5 120 75 0
0.5 0 79 69
0.5 120 79 0
0.5 0 82 72
0.5 840 82 0
0.5 0 78 55
0.5 120 78 0
0.5 0 79 62
0.5 120 79 0
0.5 0 74 57
0.5 120 74 0
0.5 0 75 64
0.5 120 75 0
0.5 0 69 57
0.5 120 69 0
0.5 0 70 66
0.5 120 70 0
0.5 0 66 57
0.5 120 66 0
0.5 0 67 68
0.5 120 67 0
0.5 0 62 59
0.5 120 62 0
0.5 0 63 69
0.5 120 63 0
0.5 0 67 57
0.5 120 67 0
0.5 0 67 69
0.5 240 67 0
0.5 0 60 63
0.5 720 60 0
0.5 0 72 69
0.5 720 72 0
0.5 0 84 69
0.5 60 84 0
0.5 0 83 62
0.5 60 83 0
0.5 0 86 69
0.5 60 86 0
0.5 0 84 68
0.5 60 84 0
0.5 0 82 67
0.5 60 82 0
0.5 0 80 65
0.5 60 80 0
0.5 0 79 64
0.5 60 79 0
0.5 0 77 62
0.5 50 77 0
0.5 10 77 67
0.5 240 77 0
0.5 0 75 60
0.5 720 75 0
0.5 0 75 56
0.5 240 75 0
0.5 0 75 54
0.5 240 75 0
0.5 0 75 53
0.5 30 75 0
0.5 0 77 43
0.5 30 77 0
0.5 0 75 54
0.5 30 75 0
0.5 0 77 46
0.5 30 77 0
0.5 0 75 52
0.5 30 75 0
0.5 0 77 44
0.5 30 77 0
0.5 0 75 51
0.5 20 75 0
0.5 0 74 43
0.5 20 74 0
0.5 0 75 43
0.5 20 75 0
0.5 0 77 54
0.5 240 77 0
0.5 0 74 47
0.5 240 74 0
0.5 0 75 47
0.5 240 75 0
0.5 0 70 43
0.5 216 70 0
0.5 24 70 43
0.5 216 70 0
0.5 24 70 49
0.5 240 70 0
0.5 0 72 41
0.5 240 72 0
0.5 0 68 32
0.5 240 68 0
0.5 0 67 43
0.5 0 63 36
0.5 240 67 0
0.5 0 68 37
0.5 240 68 0
0.5 0 63 0
0.5 0 65 32
0.5 0 62 27
0.5 240 62 0
0.5 0 65 0
0.5 0 63 47
0.5 240 63 0
0.5 0 58 38
0.5 216 58 0
0.5 24 58 38
0.5 216 58 0
0.5 24 58 34
0.5 30 58 0
0.5 0 60 27
0.5 30 60 0
0.5 0 58 34
0.5 30 58 0
0.5 0 60 29
0.5 30 60 0
0.5 0 58 33
0.5 30 58 0
0.5 0 60 27
0.5 30 60 0
0.5 0 58 32
0.5 20 58 0
0.5 0 57 27
0.5 20 57 0
0.5 0 58 27
0.5 20 58 0
0.5 0 60 34
0.5 240 60 0
0.5 0 56 28
0.5 240 56 0
0.5 0 51 28
0.5 0 55 34
0.5 30 55 0
0.5 0 56 27
0.5 30 56 0
0.5 0 55 34
0.5 30 55 0
0.5 0 56 29
0.5 30 56 0
0.5 0 55 33
0.5 30 55 0
0.5 0 56 27
0.5 30 56 0
0.5 0 55 32
0.5 20 55 0
0.5 0 53 27
0.5 20 53 0
0.5 0 55 27
0.5 20 55 0
0.5 0 56 34
0.5 235 53 28
0.5 5 56 0
0.5 0 51 0
0.5 235 53 0
0.5 5 51 30
0.5 240 51 0
0.5 0 55 28
0.5 240 55 0
0.5 0 58 29
0.5 240 58 0
0.5 0 55 34
0.5 240 55 0
0.5 0 58 31
0.5 240 58 0
0.5 0 63 31
0.5 240 63 0
0.5 0 58 32
0.5 240 58 0
0.5 0 63 37
0.5 240 63 0
0.5 0 67 42
0.5 230 67 0
0.5 10 67 45
0.5 0 58 38
0.5 0 63 38
0.5 0 55 38
0.5 950 55 0
0.5 0 67 0
0.5 0 58 0
0.5 0 63 0
0.5 10 67 43
0.5 0 63 36
0.5 0 58 36
0.5 230 58 0
0.5 0 63 0
0.5 0 67 0
0.5 10 63 35
0.5 0 67 42
0.5 230 67 0
0.5 0 63 0
0.5 10 63 23
0.5 0 67 34
0.5 30 67 0
0.5 0 68 27
0.5 30 68 0
0.5 0 67 34
0.5 30 67 0
0.5 0 68 29
0.5 30 68 0
0.5 0 67 33
0.5 30 67 0
0.5 0 68 27
0.5 30 68 0
0.5 0 67 32
0.5 20 67 0
0.5 0 65 27
0.5 20 65 0
0.5 0 67 27
0.5 20 67 0
0.5 0 65 38
0.5 0 68 45
0.5 240 68 0
0.5 0 65 0
0.5 0 63 0
0.5 0 62 32
0.5 0 65 38
0.5 0 58 32
0.5 230 58 0
0.5 0 65 0
0.5 0 62 0
0.5 10 62 28
0.5 0 65 34
0.5 0 58 28
0.5 720 65 0
0.5 0 62 0
0.5 0 63 32
0.5 240 63 0
0.5 0 58 0
0.5 480 58 43
0.5 0 54 36
0.5 240 54 0
0.5 0 58 0
0.5 0 58 40
0.5 0 63 48
0.5 240 63 0
0.5 0 58 0
0.5 0 66 54
0.5 0 63 45
0.5 230 66 0
0.5 10 63 0
0.5 0 66 51
0.5 0 70 60
0.5 960 75 70
0.5 219 75 0
0.5 21 75 64
0.5 219 75 0
0.5 21 75 67
0.5 228 75 0
0.5 12 70 0
0.5 0 66 0
0.5 0 68 44
0.5 0 75 57
0.5 228 75 0
0.5 12 68 0
0.5 0 70 50
0.5 0 66 50
0.5 0 75 64
0.5 228 75 0
0.5 2 66 0
0.5 0 70 0
0.5 10 75 68
0.5 0 71 45
0.5 0 65 45
0.5 480 75 0
0.5 0 73 38
0.5 240 73 0
0.5 0 65 0
0.5 0 71 0
0.5 240 68 34
0.5 0 75 40
0.5 0 71 34
0.5 240 75 0
0.5 0 73 29
0.5 240 73 0
0.5 0 71 0
0.5 0 68 0
0.5 240 75 40
0.5 0 66 34
0.5 0 70 34
0.5 240 75 0
0.5 0 73 27
0.5 240 73 0
0.5 0 70 0
0.5 0 66 0
0.5 240 73 40
0.5 0 68 34
0.5 0 63 34
0.5 240 73 0
0.5 0 71 27
0.5 240 71 0
0.5 0 63 0
0.5 0 68 0
0.5 240 61 34
0.5 0 71 40
0.5 0 66 34
0.5 240 71 0
0.5 0 70 27
0.5 240 70 0
0.5 0 66 0
0.5 0 61 0
0.5 240 70 40
0.5 0 65 34
0.5 0 59 34
0.5 240 70 0
0.5 0 68 27
0.5 230 65 0
0.5 10 68 0
0.5 0 59 0
0.5 0 68 45
0.5 0 59 68
0.5 0 65 45
0.5 480 59 0
0.5 0 58 38
0.5 240 58 0
0.5 0 65 0
0.5 0 68 0
0.5 240 68 34
0.5 0 59 40
0.5 0 65 34
0.5 240 59 0
0.5 0 58 29
0.5 240 58 0
0.5 0 65 0
0.5 0 68 0
0.5 240 66 34
0.5 0 59 40
0.5 0 63 34
0.5 240 59 0
0.5 0 58 27
0.5 240 58 0
0.5 0 63 0
0.5 0 66 0
0.5 240 66 40
0.5 0 56 34
0.5 0 59 34
0.5 240 66 0
0.5 0 64 27
0.5 240 64 0
0.5 0 59 0
0.5 0 56 0
0.5 240 54 34
0.5 0 64 40
0.5 0 60 34
0.5 240 64 0
0.5 0 63 27
0.5 240 63 0
0.5 0 60 0
0.5 0 54 0
0.5 240 53 34
0.5 0 63 40
0.5 0 56 34
0.5 240 63 0
0.5 0 62 27
0.5 240 62 0
0.5 0 56 0
0.5 0 53 0
0.5 0 63 34
0.5 0 55 34
0.5 480 55 0
0.5 0 63 0
0.5 960 79 57
0.5 480 79 0
0.5 0 77 48
0.5 120 77 0
0.5 0 75 47
0.5 120 75 0
0.5 0 65 30
0.5 0 75 54
0.5 0 68 35
0.5 240 75 0
0.5 0 74 47
0.5 230 68 0
0.5 10 74 0
0.5 0 65 0
0.5 0 72 51
0.5 0 68 37
0.5 0 63 43
0.5 120 63 0
0.5 0 72 0
0.5 0 70 43
0.5 0 62 36
0.5 110 62 0
0.5 0 70 0
0.5 0 68 0
0.5 10 68 35
0.5 0 70 50
0.5 0 62 48
0.5 480 62 0
0.5 0 60 45
0.5 120 60 0
0.5 0 58 38
0.5 110 58 0
0.5 10 58 51
0.5 240 70 0
0.5 0 72 44
0.5 120 58 0
0.5 0 56 38
0.5 120 56 0
0.5 0 72 0
0.5 0 55 38
0.5 0 74 46
0.5 120 55 0
0.5 0 56 38
0.5 120 56 0
0.5 0 74 0
0.5 0 68 0
0.5 0 55 51
0.5 0 75 51
0.5 120 75 0
0.5 0 77 44
0.5 40 77 0
0.5 0 75 38
0.5 40 75 0
0.5 0 74 38
0.5 40 74 0
0.5 0 75 51
0.5 120 75 0
0.5 0 77 47
0.5 120 77 0
0.5 0 55 0
0.5 0 79 49
0.5 120 79 0
0.5 0 80 50
0.5 90 80 0
0.5 0 79 48
0.5 30 79 0
0.5 0 82 57
0.5 720 82 0
0.5 0 81 47
0.5 120 81 0
0.5 0 82 52
0.5 120 82 0
0.5 0 84 53
0.5 120 84 0
0.5 0 82 51
0.5 120 82 0
0.5 0 80 53
0.5 120 80 0
0.5 0 79 51
0.5 110 79 0
0.5 10 68 30
0.5 0 72 35
0.5 0 79 57
0.5 240 79 0
0.5 0 77 47
0.5 230 72 0
0.5 10 77 0
0.5 0 68 0
0.5 0 70 43
0.5 0 75 51
0.5 0 67 36
0.5 120 67 0
0.5 0 75 0
0.5 0 70 0
0.5 0 74 43
0.5 0 65 30
0.5 0 68 36
0.5 110 68 0
0.5 10 65 0
0.5 0 74 0
0.5 0 65 40
0.5 0 74 50
0.5 0 68 35
0.5 470 68 0
0.5 10 74 0
0.5 0 65 0
0.5 0 63 45
0.5 0 72 51
0.5 0 68 35
0.5 120 72 0
0.5 0 63 0
0.5 0 70 43
0.5 0 62 38
0.5 110 62 0
0.5 0 68 0
0.5 10 70 0
0.5 0 68 35
0.5 0 62 51
0.5 0 70 54
0.5 120 62 0
0.5 0 60 38
0.5 120 60 0
0.5 0 70 0
0.5 0 58 38
0.5 0 72 44
0.5 120 58 0
0.5 0 56 38
0.5 120 56 0
0.5 0 72 0
0.5 0 74 46
0.5 0 55 38
0.5 120 55 0
0.5 0 53 38
0.5 120 53 0
0.5 0 74 0
0.5 0 68 0
0.5 0 75 54
0.5 0 67 54
0.5 240 67 0
0.5 0 75 0
0.5 0 78 40
0.5 240 78 0
0.5 0 79 44
0.5 240 79 0
0.5 240 81 41
0.5 240 81 0
0.5 0 82 44
0.5 240 82 0
0.5 240 86 40
0.5 240 86 0
0.5 0 87 44
0.5 240 87 0
0.5 240 83 41
0.5 240 83 0
0.5 0 84 44
0.5 240 84 0
0.5 240 71 40
0.5 240 71 0
0.5 0 72 42
0.5 240 72 0
0.5 240 64 38
0.5 240 64 0
0.5 0 65 42
0.5 240 65 0
0.5 240 70 59
0.5 600 70 0
0.5 0 72 60
0.5 60 72 0
0.5 0 74 62
0.5 60 74 0
0.5 0 75 64
0.5 60 75 0
0.5 0 77 66
0.5 60 77 0
0.5 0 79 68
0.5 60 79 0
0.5 0 80 70
0.5 60 80 0
0.5 0 82 72
0.5 480 82 0
0.5 0 80 70
0.5 240 80 0
0.5 0 77 66
0.5 240 77 0
0.5 0 75 58
0.5 300 75 0
0.5 0 74 50
0.5 60 74 0
0.5 0 79 57
0.5 60 77 54
0.5 6 79 0
0.5 54 75 53
0.5 6 77 0
0.5 54 74 51
0.5 6 75 0
0.5 54 72 49
0.5 6 74 0
0.5 54 70 47
0.5 6 72 0
0.5 54 69 53
0.5 6 70 0
0.5 54 70 51
0.5 6 69 0
0.5 54 75 59
0.5 6 70 0
0.5 54 74 54
0.5 6 75 0
0.5 54 72 54
0.5 6 74 0
0.5 54 70 52
0.5 6 72 0
0.5 54 68 50
0.5 6 70 0
0.5 54 67 50
0.5 6 68 0
0.5 54 66 52
0.5 6 67 0
0.5 54 67 46
0.5 6 66 0
0.5 54 72 56
0.5 6 67 0
0.5 54 70 55
0.5 6 72 0
0.5 54 68 54
0.5 6 70 0
0.5 54 67 52
0.5 6 68 0
0.5 54 65 50
0.5 6 67 0
0.5 54 63 48
0.5 6 65 0
0.5 54 62 46
0.5 6 63 0
0.5 54 63 45
0.5 6 62 0
0.5 54 68 52
0.5 6 63 0
0.5 54 67 51
0.5 6 68 0
0.5 54 65 49
0.5 6 67 0
0.5 54 63 47
0.5 6 65 0
0.5 54 62 44
0.5 6 63 0
0.5 54 60 42
0.5 6 62 0
0.5 54 57 39
0.5 6 60 0
0.5 54 57 0
0.5 0 58 39
0.5 60 58 0
0.5 0 59 40
0.5 60 59 0
0.5 0 60 41
0.5 60 60 0
0.5 0 61 42
0.5 60 61 0
0.5 0 62 42
0.5 60 62 0
0.5 0 63 43
0.5 60 63 0
0.5 0 64 44
0.5 60 64 0
0.5 0 65 45
0.5 60 65 0
0.5 0 66 45
0.5 60 66 0
0.5 0 67 46
0.5 60 67 0
0.5 0 68 47
0.5 60 68 0
0.5 0 69 49
0.5 60 69 0
0.5 0 70 50
0.5 60 70 0
0.5 0 71 52
0.5 60 71 0
0.5 0 72 54
0.5 60 72 0
0.5 0 73 56
0.5 60 73 0
0.5 0 74 58
0.5 60 74 0
0.5 0 75 60
0.5 60 75 0
0.5 0 76 61
0.5 60 76 0
0.5 0 77 64
0.5 48 77 0
0.5 0 78 65
0.5 48 78 0
0.5 0 79 67
0.5 48 79 0
0.5 0 80 69
0.5 48 80 0
0.5 0 81 70
0.5 48 81 0
0.5 0 82 80
0.5 300 82 0
0.5 0 80 69
0.5 60 80 0
0.5 0 77 66
0.5 60 77 0
0.5 0 74 63
0.5 60 74 0
0.5 0 70 60
0.5 60 70 0
0.5 0 68 57
0.5 60 68 0
0.5 0 65 54
0.5 60 65 0
0.5 0 62 51
0.5 60 62 0
0.5 0 63 56
0.5 480 63 0
0.5 720 75 56
0.5 0 78 67
0.5 480 78 0
0.5 0 79 54
0.5 240 79 0
0.5 0 75 0
0.5 0 80 59
0.5 0 74 50
0.5 180 80 0
0.5 0 77 53
0.5 60 77 0
0.5 0 74 0
0.5 0 67 48
0.5 0 75 56
0.5 480 75 0
0.5 0 67 0
0.5 720 66 60
0.5 0 63 50
0.5 480 66 0
0.5 0 67 48
0.5 240 67 0
0.5 0 63 0
0.5 0 68 53
0.5 0 62 45
0.5 180 68 0
0.5 0 65 43
0.5 60 65 0
0.5 0 62 0
0.5 0 63 48
0.5 240 63 0
0.5 0 68 51
0.5 0 62 43
0.5 360 68 0
0.5 0 65 44
0.5 120 65 0
0.5 0 62 0
0.5 0 63 48
0.5 240 63 0
0.5 0 68 51
0.5 0 62 43
0.5 360 68 0
0.5 0 65 44
0.5 120 65 0
0.5 0 62 0
0.5 0 63 48
0.5 240 63 0
0.5 0 68 60
0.5 0 56 50
0.5 120 68 0
0.5 0 67 56
0.5 110 56 0
0.5 10 67 0
0.5 0 56 49
0.5 0 68 66
0.5 120 68 0
0.5 0 65 61
0.5 110 56 0
0.5 10 65 0
0.5 0 64 35
0.5 40 64 0
0.5 0 65 34
0.5 40 65 0
0.5 0 67 28
0.5 40 67 0
0.5 0 56 31
0.5 0 65 37
0.5 600 65 0
0.5 0 56 0
0.5 0 55 27
0.5 0 63 27
0.5 480 63 0
0.5 0 55 0
1 0 0 0
0.5 0 51 18
0.5 0 55 18
0.5 0 58 22
0.5 216 58 0
0.5 0 55 0
0.5 0 51 0
0.5 24 51 15
0.5 0 55 15
0.5 0 58 18
0.5 216 58 0
0.5 0 55 0
0.5 0 51 0
0.5 24 51 15
0.5 0 55 15
0.5 0 58 18
0.5 216 58 0
0.5 0 55 0
0.5 0 51 0
0.5 24 51 17
0.5 0 55 17
0.5 0 58 20
0.5 216 58 0
0.5 0 55 0
0.5 0 51 0
0.5 24 51 15
0.5 0 55 15
0.5 0 58 18
0.5 216 58 0
0.5 0 55 0
0.5 0 51 0
0.5 24 51 15
0.5 0 55 15
0.5 0 58 18
0.5 216 58 0
0.5 0 55 0
0.5 0 51 0
0.5 24 51 18
0.5 0 55 18
0.5 0 58 21
0.5 216 58 0
0.5 0 55 0
0.5 0 51 0
0.5 24 51 15
0.5 0 55 15
0.5 0 58 18
0.5 216 58 0
0.5 0 55 0
0.5 0 51 0
0.5 24 51 15
0.5 0 55 15
0.5 0 58 18
0.5 216 58 0
0.5 0 55 0
0.5 0 51 0
0.5 24 51 18
0.5 0 55 18
0.5 0 58 22
0.5 216 58 0
0.5 0 55 0
0.5 0 51 0
0.5 24 51 15
0.5 0 55 15
0.5 0 58 18
0.5 216 58 0
0.5 0 55 0
0.5 0 51 0
0.5 24 51 15
0.5 0 55 15
0.5 0 58 18
0.5 216 58 0
0.5 0 55 0
0.5 0 51 0
0.5 24 51 17
0.5 0 55 17
0.5 0 58 20
0.5 216 58 0
0.5 0 55 0
0.5 0 51 0
0.5 24 51 15
0.5 0 55 15
0.5 0 58 18
0.5 216 58 0
0.5 0 55 0
0.5 0 51 0
0.5 24 51 15
0.5 0 55 15
0.5 0 58 18
0.5 216 58 0
0.5 0 55 0
0.5 0 51 0
0.5 24 51 18
0.5 0 55 18
0.5 0 58 21
0.5 216 58 0
0.5 0 55 0
0.5 0 51 0
0.5 24 51 15
0.5 0 55 15
0.5 0 58 18
0.5 216 58 0
0.5 0 55 0
0.5 0 51 0
0.5 24 51 15
0.5 0 55 15
0.5 0 58 18
0.5 216 58 0
0.5 0 55 0
0.5 0 51 0
0.5 24 50 18
0.5 0 56 18
0.5 0 58 22
0.5 216 58 0
0.5 0 56 0
0.5 0 50 0
0.5 24 50 15
0.5 0 56 15
0.5 0 58 18
0.5 216 58 0
0.5 0 56 0
0.5 0 50 0
0.5 24 50 15
0.5 0 56 15
0.5 0 58 18
0.5 216 58 0
0.5 0 56 0
0.5 0 50 0
0.5 24 50 17
0.5 0 56 17
0.5 0 58 20
0.5 216 58 0
0.5 0 56 0
0.5 0 50 0
0.5 24 50 15
0.5 0 56 15
0.5 0 58 18
0.5 216 58 0
0.5 0 56 0
0.5 0 50 0
0.5 24 50 15
0.5 0 56 15
0.5 0 58 18
0.5 216 58 0
0.5 0 56 0
0.5 0 50 0
0.5 24 50 18
0.5 0 56 18
0.5 0 58 21
0.5 216 58 0
0.5 0 56 0
0.5 0 50 0
0.5 24 50 15
0.5 0 56 15
0.5 0 58 18
0.5 216 58 0
0.5 0 56 0
0.5 0 50 0
0.5 24 50 15
0.5 0 56 15
0.5 0 58 18
0.5 216 58 0
0.5 0 56 0
0.5 0 50 0
0.5 24 53 18
0.5 0 50 18
0.5 0 56 18
0.5 0 58 22
0.5 216 58 0
0.5 0 53 0
0.5 0 50 0
0.5 0 56 0
0.5 24 53 15
0.5 0 50 15
0.5 0 56 15
0.5 0 58 18
0.5 216 58 0
0.5 0 53 0
0.5 0 50 0
0.5 0 56 0
0.5 24 53 15
0.5 0 50 15
0.5 0 56 15
0.5 0 58 18
0.5 216 58 0
0.5 0 53 0
0.5 0 50 0
0.5 0 56 0
0.5 24 53 17
0.5 0 50 17
0.5 0 56 17
0.5 0 58 20
0.5 216 58 0
0.5 0 53 0
0.5 0 50 0
0.5 0 56 0
0.5 24 53 15
0.5 0 50 15
0.5 0 56 15
0.5 0 58 18
0.5 216 58 0
0.5 0 53 0
0.5 0 50 0
0.5 0 56 0
0.5 24 53 15
0.5 0 50 15
0.5 0 56 15
0.5 0 58 18
0.5 216 58 0
0.5 0 53 0
0.5 0 50 0
0.5 0 56 0
0.5 24 53 18
0.5 0 50 18
0.5 0 56 18
0.5 0 58 21
0.5 216 58 0
0.5 0 53 0
0.5 0 50 0
0.5 0 56 0
0.5 24 53 15
0.5 0 50 15
0.5 0 56 15
0.5 0 58 18
0.5 216 58 0
0.5 0 53 0
0.5 0 50 0
0.5 0 56 0
0.5 24 53 15
0.5 0 50 15
0.5 0 56 15
0.5 0 58 18
0.5 216 58 0
0.5 0 53 0
0.5 0 50 0
0.5 0 56 0
0.5 24 51 18
0.5 0 56 18
0.5 0 58 22
0.5 216 58 0
0.5 0 56 0
0.5 0 51 0
0.5 24 51 15
0.5 0 56 15
0.5 0 58 18
0.5 216 58 0
0.5 0 56 0
0.5 0 51 0
0.5 24 51 15
0.5 0 56 15
0.5 0 58 18
0.5 216 58 0
0.5 0 56 0
0.5 0 51 0
0.5 24 51 17
0.5 0 55 17
0.5 0 58 20
0.5 216 58 0
0.5 0 55 0
0.5 0 51 0
0.5 24 51 15
0.5 0 55 15
0.5 0 58 18
0.5 216 58 0
0.5 0 55 0
0.5 0 51 0
0.5 24 51 15
0.5 0 55 15
0.5 0 58 18
0.5 216 58 0
0.5 0 55 0
0.5 0 51 0
0.5 24 51 36
0.5 240 51 0
0.5 0 46 40
0.5 240 46 0
0.5 0 44 43
0.5 240 44 0
0.5 0 43 48
0.5 240 43 0
0.5 0 43 29
0.5 0 46 29
0.5 0 51 35
0.5 216 51 0
0.5 0 46 0
0.5 0 43 0
0.5 24 43 29
0.5 0 46 29
0.5 0 51 35
0.5 216 51 0
0.5 0 46 0
0.5 0 43 0
0.5 24 43 29
0.5 0 46 29
0.5 0 51 35
0.5 216 51 0
0.5 0 46 0
0.5 0 43 0
0.5 24 43 27
0.5 0 46 27
0.5 0 51 32
0.5 216 51 0
0.5 0 46 0
0.5 0 43 0
0.5 24 43 27
0.5 0 46 27
0.5 0 51 32
0.5 216 51 0
0.5 0 46 0
0.5 0 43 0
0.5 24 43 29
0.5 0 46 29
0.5 0 51 35
0.5 216 51 0
0.5 0 46 0
0.5 0 43 0
0.5 24 43 25
0.5 0 46 25
0.5 0 51 30
0.5 216 51 0
0.5 0 46 0
0.5 0 43 0
0.5 24 43 25
0.5 0 46 25
0.5 0 51 30
0.5 216 51 0
0.5 0 46 0
0.5 0 43 0
0.5 24 44 31
0.5 0 48 31
0.5 0 51 38
0.5 216 51 0
0.5 0 48 0
0.5 0 44 0
0.5 24 44 27
0.5 0 48 27
0.5 0 51 33
0.5 216 51 0
0.5 0 48 0
0.5 0 44 0
0.5 24 44 27
0.5 0 48 27
0.5 0 51 33
0.5 216 51 0
0.5 0 48 0
0.5 0 44 0
0.5 24 44 31
0.5 0 48 31
0.5 0 52 38
0.5 216 52 0
0.5 0 48 0
0.5 0 44 0
0.5 24 44 27
0.5 0 48 27
0.5 0 52 33
0.5 216 52 0
0.5 0 48 0
0.5 0 44 0
0.5 24 44 27
0.5 0 48 27
0.5 0 52 33
0.5 216 52 0
0.5 0 48 0
0.5 0 44 0
0.5 24 44 31
0.5 0 48 31
0.5 0 53 38
0.5 216 53 0
0.5 0 48 0
0.5 0 44 0
0.5 24 44 25
0.5 0 48 25
0.5 0 53 30
0.5 216 53 0
0.5 0 48 0
0.5 0 44 0
0.5 24 44 25
0.5 0 48 25
0.5 0 53 30
0.5 216 53 0
0.5 0 48 0
0.5 0 44 0
0.5 24 46 29
0.5 0 51 29
0.5 0 55 35
0.5 216 55 0
0.5 0 51 0
0.5 0 46 0
0.5 24 46 23
0.5 0 51 23
0.5 0 55 28
0.5 216 55 0
0.5 0 51 0
0.5 0 46 0
0.5 24 46 23
0.5 0 51 23
0.5 0 55 28
0.5 216 55 0
0.5 0 51 0
0.5 0 46 0
0.5 24 46 20
0.5 0 51 20
0.5 0 55 25
0.5 216 55 0
0.5 0 51 0
0.5 0 46 0
0.5 24 46 18
0.5 0 51 18
0.5 0 55 21
0.5 216 55 0
0.5 0 51 0
0.5 0 46 0
0.5 24 46 17
0.5 0 51 17
0.5 0 55 21
0.5 216 55 0
0.5 0 51 0
0.5 0 46 0
0.5 24 46 20
0.5 0 53 20
0.5 0 56 24
0.5 216 56 0
0.5 0 53 0
0.5 0 46 0
0.5 24 46 17
0.5 0 53 17
0.5 0 56 20
0.5 216 56 0
0.5 0 53 0
0.5 0 46 0
0.5 24 46 16
0.5 0 53 16
0.5 0 56 20
0.5 216 56 0
0.5 0 53 0
0.5 0 46 0
0.5 24 51 26
0.5 0 55 31
0.5 480 55 0
0.5 0 51 0
0.5 960 46 26
0.5 0 58 31
0.5 480 58 0
0.5 0 56 29
0.5 240 56 0
0.5 0 46 0
0.5 0 51 26
0.5 0 55 31
0.5 480 55 0
0.5 0 51 0
0.5 960 46 31
0.5 0 34 26
0.5 480 46 0
0.5 0 44 22
0.5 0 53 27
0.5 240 53 0
0.5 0 44 0
0.5 0 34 0
0.5 0 39 20
0.5 0 43 24
0.5 480 43 0
0.5 0 39 0
0.5 0 34 27
0.5 0 44 32
0.5 240 44 0
0.5 0 34 0
0.5 0 39 22
0.5 0 43 26
0.5 480 43 0
0.5 0 39 0
0.5 0 34 28
0.5 0 44 34
0.5 240 44 0
0.5 0 34 0
0.5 0 39 21
0.5 0 43 25
0.5 480 43 0
0.5 0 39 0
0.5 0 34 29
0.5 0 44 35
0.5 220 44 0
0.5 0 34 0
0.5 20 39 21
0.5 0 44 25
0.5 710 39 0
0.5 10 44 0
0.5 0 39 19
0.5 0 43 23
0.5 480 43 0
0.5 0 39 0
0.5 960 39 32
0.5 240 39 0
0.5 0 43 32
0.5 240 43 0
0.5 0 46 32
0.5 240 46 0
0.5 0 51 36
0.5 240 51 0
0.5 0 55 38
0.5 240 55 0
0.5 0 58 40
0.5 230 58 0
0.5 10 46 36
0.5 0 58 43
0.5 480 58 0
0.5 0 46 0
0.5 0 46 33
0.5 0 56 39
0.5 230 56 0
0.5 0 46 0
0.5 10 51 32
0.5 0 56 38
0.5 720 56 0
0.5 0 55 30
0.5 240 55 0
0.5 0 51 0
0.5 1200 39 37
0.5 240 39 0
0.5 0 43 40
0.5 240 43 0
0.5 0 46 44
0.5 240 46 0
0.5 0 51 49
0.5 240 51 0
0.5 0 55 53
0.5 240 55 0
0.5 0 58 57
0.5 230 58 0
0.5 10 63 62
0.5 240 63 0
0.5 0 60 58
0.5 240 60 0
0.5 0 58 54
0.5 230 58 0
0.5 10 57 53
0.5 720 57 0
0.5 0 56 43
0.5 720 56 0
0.5 0 58 40
0.5 720 58 0
0.5 0 51 35
0.5 720 51 0
0.5 0 52 35
0.5 720 52 0
0.5 0 53 35
0.5 720 53 0
0.5 0 34 35
0.5 240 46 29
0.5 216 46 0
0.5 24 46 29
0.5 216 46 0
0.5 24 46 32
0.5 216 46 0
0.5 24 46 29
0.5 216 46 0
0.5 24 46 29
0.5 216 46 0
0.5 24 46 32
0.5 216 46 0
0.5 24 46 27
0.5 216 46 0
0.5 24 46 27
0.5 216 46 0
0.5 24 34 0
0.5 0 46 32
0.5 216 46 0
0.5 24 46 28
0.5 216 46 0
0.5 24 46 28
0.5 216 46 0
0.5 24 46 32
0.5 216 46 0
0.5 24 46 28
0.5 216 46 0
0.5 24 46 28
0.5 216 46 0
0.5 24 46 32
0.5 216 46 0
0.5 24 46 28
0.5 216 46 0
0.5 24 46 28
0.5 216 46 0
0.5 24 46 32
0.5 216 46 0
0.5 24 46 28
0.5 216 46 0
0.5 24 46 28
0.5 216 46 0
0.5 24 46 32
0.5 216 46 0
0.5 24 46 28
0.5 216 46 0
0.5 24 46 28
0.5 216 46 0
0.5 24 46 32
0.5 216 46 0
0.5 24 46 28
0.5 216 46 0
0.5 24 46 28
0.5 216 46 0
0.5 24 46 32
0.5 216 46 0
0.5 24 46 28
0.5 216 46 0
0.5 24 46 28
0.5 216 46 0
0.5 24 46 32
0.5 216 46 0
0.5 24 46 28
0.5 216 46 0
0.5 24 46 28
0.5 216 46 0
0.5 24 46 32
0.5 216 46 0
0.5 24 46 28
0.5 216 46 0
0.5 24 46 28
0.5 216 46 0
0.5 24 46 32
0.5 480 46 0
0.5 240 58 28
0.5 0 53 23
0.5 0 50 23
0.5 480 50 0
0.5 0 53 0
0.5 0 58 0
0.5 240 62 23
0.5 0 65 23
0.5 0 70 28
0.5 480 70 0
0.5 0 65 0
0.5 0 62 0
0.5 240 63 23
0.5 0 67 23
0.5 0 70 28
0.5 480 70 0
0.5 0 67 0
0.5 0 63 0
0.5 240 63 28
0.5 0 58 23
0.5 0 55 23
0.5 480 55 0
0.5 0 58 0
0.5 0 63 0
0.5 240 52 23
0.5 0 60 28
0.5 0 58 23
0.5 480 58 0
0.5 0 60 0
0.5 0 52 0
0.5 240 53 35
0.5 240 62 29
0.5 0 58 24
0.5 240 58 0
0.5 0 62 0
0.5 0 62 31
0.5 0 58 25
0.5 240 58 0
0.5 0 62 0
0.5 0 58 32
0.5 0 62 39
0.5 240 62 0
0.5 0 58 0
0.5 0 58 35
0.5 0 62 42
0.5 240 62 0
0.5 0 58 0
0.5 0 58 39
0.5 0 62 46
0.5 230 53 0
0.5 10 62 0
0.5 0 58 0
0.5 0 53 37
0.5 0 63 44
0.5 0 57 37
0.5 240 57 0
0.5 0 63 0
0.5 0 57 33
0.5 0 63 39
0.5 240 63 0
0.5 0 57 0
0.5 0 57 32
0.5 0 63 38
0.5 240 63 0
0.5 0 57 0
0.5 0 53 0
0.5 0 62 40
0.5 0 58 38
0.5 480 58 0
0.5 0 62 0
0.5 1680 41 35
0.5 240 50 29
0.5 0 46 24
0.5 240 46 0
0.5 0 50 0
0.5 0 50 30
0.5 0 46 25
0.5 240 46 0
0.5 0 50 0
0.5 0 46 31
0.5 0 50 38
0.5 240 50 0
0.5 0 46 0
0.5 0 46 34
0.5 0 50 41
0.5 240 50 0
0.5 0 46 0
0.5 0 46 38
0.5 0 50 45
0.5 230 41 0
0.5 10 50 0
0.5 0 46 0
0.5 0 41 45
0.5 0 51 54
0.5 0 45 45
0.5 240 45 0
0.5 0 51 0
0.5 0 48 33
0.5 0 51 39
0.5 240 51 0
0.5 0 48 0
0.5 0 48 32
0.5 0 51 38
0.5 240 51 0
0.5 0 48 0
0.5 0 41 0
0.5 0 46 44
0.5 240 46 0
0.5 0 50 39
0.5 240 50 0
0.5 0 53 39
0.5 240 53 0
0.5 0 58 44
0.5 240 58 0
0.5 0 62 38
0.5 240 62 0
0.5 0 64 38
0.5 240 64 0
0.5 0 65 44
0.5 480 65 0
0.5 0 60 44
0.5 0 53 37
0.5 180 60 0
0.5 0 63 40
0.5 60 63 0
0.5 0 53 0
0.5 0 34 44
0.5 240 34 0
0.5 0 38 39
0.5 240 38 0
0.5 0 41 39
0.5 240 41 0
0.5 0 46 44
0.5 240 46 0
0.5 0 50 38
0.5 240 50 0
0.5 0 52 34
0.5 240 52 0
0.5 0 53 39
0.5 480 53 0
0.5 0 48 39
0.5 0 41 33
0.5 180 48 0
0.5 0 51 36
0.5 60 51 0
0.5 0 41 0
0.5 0 46 34
0.5 0 50 40
0.5 240 50 0
0.5 0 46 0
0.5 0 41 33
0.5 0 48 39
0.5 360 48 0
0.5 0 51 34
0.5 120 51 0
0.5 0 41 0
0.5 0 46 34
0.5 0 50 40
0.5 240 50 0
0.5 0 46 0
0.5 0 41 33
0.5 0 48 39
0.5 360 48 0
0.5 0 51 34
0.5 120 51 0
0.5 0 41 0
0.5 0 46 34
0.5 0 50 40
0.5 240 50 0
0.5 0 46 0
0.5 0 41 38
0.5 0 48 45
0.5 120 48 0
0.5 0 47 42
0.5 120 47 0
0.5 0 41 0
0.5 0 41 39
0.5 0 48 52
0.5 120 48 0
0.5 0 51 48
0.5 120 51 0
0.5 0 41 0
0.5 120 46 29
0.5 0 51 35
0.5 600 51 0
0.5 0 50 35
0.5 480 50 0
0.5 0 46 0
0.5 960 43 25
0.5 0 31 21
0.5 216 31 0
0.5 0 43 0
0.5 24 31 17
0.5 0 43 21
0.5 216 43 0
0.5 0 31 0
0.5 24 31 17
0.5 0 43 21
0.5 216 43 0
0.5 0 31 0
0.5 24 31 17
0.5 0 43 21
0.5 216 43 0
0.5 0 31 0
0.5 24 31 17
0.5 0 43 21
0.5 216 43 0
0.5 0 31 0
0.5 24 31 17
0.5 0 43 21
0.5 216 43 0
0.5 0 31 0
0.5 24 31 17
0.5 0 43 21
0.5 216 43 0
0.5 0 31 0
0.5 24 31 17
0.5 0 43 21
0.5 216 43 0
0.5 0 31 0
0.5 24 31 17
0.5 0 43 21
0.5 216 43 0
0.5 0 31 0
0.5 24 43 25
0.5 0 31 21
0.5 216 31 0
0.5 0 43 0
0.5 24 31 17
0.5 0 43 21
0.5 216 43 0
0.5 0 31 0
0.5 24 31 17
0.5 0 43 21
0.5 216 43 0
0.5 0 31 0
0.5 24 31 17
0.5 0 43 21
0.5 216 43 0
0.5 0 31 0
0.5 24 31 17
0.5 0 43 21
0.5 216 43 0
0.5 0 31 0
0.5 24 31 17
0.5 0 43 21
0.5 216 43 0
0.5 0 31 0
0.5 24 31 17
0.5 0 43 21
0.5 216 43 0
0.5 0 31 0
0.5 24 31 17
0.5 0 43 21
0.5 216 43 0
0.5 0 31 0
0.5 24 31 17
0.5 0 43 21
0.5 216 43 0
0.5 0 31 0
0.5 24 43 25
0.5 0 31 21
0.5 216 31 0
0.5 0 43 0
0.5 24 31 17
0.5 0 43 21
0.5 216 43 0
0.5 0 31 0
0.5 24 31 17
0.5 0 43 21
0.5 216 43 0
0.5 0 31 0
0.5 24 31 17
0.5 0 43 21
0.5 216 43 0
0.5 0 31 0
0.5 24 31 17
0.5 0 43 21
0.5 216 43 0
0.5 0 31 0
0.5 24 31 17
0.5 0 43 21
0.5 216 43 0
0.5 0 31 0
0.5 24 31 17
0.5 0 43 21
0.5 216 43 0
0.5 0 31 0
0.5 24 31 17
0.5 0 43 21
0.5 216 43 0
0.5 0 31 0
0.5 24 31 17
0.5 0 43 21
0.5 216 43 0
0.5 0 31 0
0.5 24 31 48
0.5 0 43 60
0.5 240 43 0
0.5 0 31 0
0.5 0 43 20
0.5 0 47 20
0.5 0 50 20
0.5 0 53 26
0.5 216 53 0
0.5 0 43 0
0.5 0 47 0
0.5 0 50 0
0.5 24 43 20
0.5 0 47 20
0.5 0 50 20
0.5 0 53 26
0.5 216 53 0
0.5 0 43 0
0.5 0 47 0
0.5 0 50 0
0.5 24 43 23
0.5 0 47 23
0.5 0 50 23
0.5 0 53 29
0.5 216 53 0
0.5 0 43 0
0.5 0 47 0
0.5 0 50 0
0.5 24 43 20
0.5 0 47 20
0.5 0 50 20
0.5 0 53 26
0.5 216 53 0
0.5 0 43 0
0.5 0 47 0
0.5 0 50 0
0.5 24 43 20
0.5 0 47 20
0.5 0 50 20
0.5 0 53 26
0.5 216 53 0
0.5 0 43 0
0.5 0 47 0
0.5 0 50 0
0.5 24 43 24
0.5 0 47 24
0.5 0 50 24
0.5 0 53 30
0.5 216 53 0
0.5 0 43 0
0.5 0 47 0
0.5 0 50 0
0.5 24 43 23
0.5 0 47 23
0.5 0 50 23
0.5 0 53 30
0.5 216 53 0
0.5 0 43 0
0.5 0 47 0
0.5 0 50 0
0.5 24 43 24
0.5 0 47 24
0.5 0 50 24
0.5 0 53 31
0.5 216 53 0
0.5 0 43 0
0.5 0 47 0
0.5 0 50 0
0.5 24 36 48
0.5 0 48 60
0.5 240 48 0
0.5 0 36 0
0.5 0 48 20
0.5 0 55 20
0.5 0 58 26
0.5 216 58 0
0.5 0 55 0
0.5 0 48 0
0.5 24 48 20
0.5 0 55 20
0.5 0 58 26
0.5 216 58 0
0.5 0 55 0
0.5 0 48 0
0.5 24 48 23
0.5 0 55 23
0.5 0 58 29
0.5 216 58 0
0.5 0 55 0
0.5 0 48 0
0.5 24 48 20
0.5 0 55 20
0.5 0 58 26
0.5 216 58 0
0.5 0 55 0
0.5 0 48 0
0.5 24 48 20
0.5 0 55 20
0.5 0 58 26
0.5 216 58 0
0.5 0 55 0
0.5 0 48 0
0.5 24 48 24
0.5 0 55 24
0.5 0 58 30
0.5 216 58 0
0.5 0 55 0
0.5 0 48 0
0.5 24 48 23
0.5 0 55 23
0.5 0 58 30
0.5 216 58 0
0.5 0 55 0
0.5 0 48 0
0.5 24 48 24
0.5 0 55 24
0.5 0 58 31
0.5 216 58 0
0.5 0 55 0
0.5 0 48 0
0.5 24 41 48
0.5 0 53 60
0.5 240 53 0
0.5 0 41 0
0.5 0 53 20
0.5 0 60 20
0.5 0 63 26
0.5 216 63 0
0.5 0 60 0
0.5 0 53 0
0.5 24 53 20
0.5 0 60 20
0.5 0 63 26
0.5 216 63 0
0.5 0 60 0
0.5 0 53 0
0.5 24 53 23
0.5 0 60 23
0.5 0 63 29
0.5 216 63 0
0.5 0 60 0
0.5 0 53 0
0.5 24 53 20
0.5 0 60 20
0.5 0 63 26
0.5 216 63 0
0.5 0 60 0
0.5 0 53 0
0.5 24 53 20
0.5 0 60 20
0.5 0 63 26
0.5 216 63 0
0.5 0 60 0
0.5 0 53 0
0.5 24 53 24
0.5 0 60 24
0.5 0 63 30
0.5 216 63 0
0.5 0 60 0
0.5 0 53 0
0.5 24 53 24
0.5 0 60 24
0.5 0 63 31
0.5 216 63 0
0.5 0 60 0
0.5 0 53 0
0.5 24 53 26
0.5 0 60 26
0.5 0 63 33
0.5 216 63 0
0.5 0 60 0
0.5 0 53 0
0.5 24 34 48
0.5 0 46 60
0.5 240 46 0
0.5 0 34 0
0.5 0 46 20
0.5 0 53 20
0.5 0 56 26
0.5 216 56 0
0.5 0 53 0
0.5 0 46 0
0.5 24 46 20
0.5 0 53 20
0.5 0 56 26
0.5 216 56 0
0.5 0 53 0
0.5 0 46 0
0.5 24 46 23
0.5 0 53 23
0.5 0 56 29
0.5 216 56 0
0.5 0 53 0
0.5 0 46 0
0.5 24 46 20
0.5 0 53 20
0.5 0 56 26
0.5 216 56 0
0.5 0 53 0
0.5 0 46 0
0.5 24 46 20
0.5 0 53 20
0.5 0 56 26
0.5 216 56 0
0.5 0 53 0
0.5 0 46 0
0.5 24 46 24
0.5 0 53 24
0.5 0 56 30
0.5 216 56 0
0.5 0 53 0
0.5 0 46 0
0.5 24 46 23
0.5 0 53 23
0.5 0 56 30
0.5 216 56 0
0.5 0 53 0
0.5 0 46 0
0.5 24 46 24
0.5 0 53 24
0.5 0 56 31
0.5 216 56 0
0.5 0 53 0
0.5 0 46 0
0.5 24 39 48
0.5 0 51 60
0.5 240 51 0
0.5 0 39 0
0.5 0 51 20
0.5 0 58 20
0.5 0 61 26
0.5 216 61 0
0.5 0 58 0
0.5 0 51 0
0.5 24 51 20
0.5 0 58 20
0.5 0 61 26
0.5 216 61 0
0.5 0 58 0
0.5 0 51 0
0.5 24 51 23
0.5 0 58 23
0.5 0 61 29
0.5 216 61 0
0.5 0 58 0
0.5 0 51 0
0.5 24 51 20
0.5 0 58 20
0.5 0 61 26
0.5 216 61 0
0.5 0 58 0
0.5 0 51 0
0.5 24 51 21
0.5 0 58 21
0.5 0 61 27
0.5 216 61 0
0.5 0 58 0
0.5 0 51 0
0.5 24 51 26
0.5 0 58 26
0.5 0 61 33
0.5 216 61 0
0.5 0 58 0
0.5 0 51 0
0.5 24 51 27
0.5 0 58 27
0.5 0 61 35
0.5 216 61 0
0.5 0 58 0
0.5 0 51 0
0.5 24 51 29
0.5 0 58 29
0.5 0 61 39
0.5 216 61 0
0.5 0 58 0
0.5 0 51 0
0.5 24 51 24
0.5 0 59 24
0.5 0 63 29
0.5 480 63 0
0.5 0 59 0
0.5 0 51 0
0.5 240 61 41
0.5 120 61 0
0.5 0 63 34
0.5 120 63 0
0.5 0 64 41
0.5 120 64 0
0.5 0 63 36
0.5 120 63 0
0.5 0 64 41
0.5 120 64 0
0.5 0 61 37
0.5 120 61 0
0.5 0 59 41
0.5 120 59 0
0.5 0 61 38
0.5 120 61 0
0.5 0 63 41
0.5 120 63 0
0.5 0 61 35
0.5 120 61 0
0.5 0 63 41
0.5 120 63 0
0.5 0 59 35
0.5 120 59 0
0.5 0 58 41
0.5 120 58 0
0.5 0 59 34
0.5 120 59 0
0.5 0 61 41
0.5 120 61 0
0.5 0 59 36
0.5 120 59 0
0.5 0 61 41
0.5 120 61 0
0.5 0 58 37
0.5 120 58 0
0.5 0 59 41
0.5 120 59 0
0.5 0 61 34
0.5 120 61 0
0.5 0 63 41
0.5 120 63 0
0.5 0 61 36
0.5 120 61 0
0.5 0 63 41
0.5 120 63 0
0.5 0 59 37
0.5 120 59 0
0.5 0 56 41
0.5 120 56 0
0.5 0 58 38
0.5 120 58 0
0.5 0 59 41
0.5 120 59 0
0.5 0 58 35
0.5 120 58 0
0.5 0 59 41
0.5 120 59 0
0.5 0 56 35
0.5 120 56 0
0.5 0 54 41
0.5 120 54 0
0.5 0 56 34
0.5 120 56 0
0.5 0 58 41
0.5 120 58 0
0.5 0 56 36
0.5 120 56 0
0.5 0 58 41
0.5 120 58 0
0.5 0 54 37
0.5 120 54 0
0.5 0 53 41
0.5 120 53 0
0.5 0 54 34
0.5 120 54 0
0.5 0 56 41
0.5 120 56 0
0.5 0 54 36
0.5 120 54 0
0.5 0 56 41
0.5 120 56 0
0.5 0 53 37
0.5 120 53 0
0.5 0 54 41
0.5 120 54 0
0.5 0 56 38
0.5 120 56 0
0.5 0 58 41
0.5 120 58 0
0.5 0 56 35
0.5 120 56 0
0.5 0 58 41
0.5 120 58 0
0.5 0 54 35
0.5 120 54 0
0.5 0 50 41
0.5 120 50 0
0.5 0 51 34
0.5 120 51 0
0.5 0 53 41
0.5 120 53 0
0.5 0 51 36
0.5 120 51 0
0.5 0 53 41
0.5 120 53 0
0.5 0 50 37
0.5 120 50 0
0.5 0 51 41
0.5 120 51 0
0.5 0 53 34
0.5 120 53 0
0.5 0 54 41
0.5 120 54 0
0.5 0 53 36
0.5 120 53 0
0.5 0 54 41
0.5 120 54 0
0.5 0 51 37
0.5 120 51 0
0.5 0 48 41
0.5 120 48 0
0.5 0 50 38
0.5 120 50 0
0.5 0 51 41
0.5 120 51 0
0.5 0 50 35
0.5 120 50 0
0.5 0 51 41
0.5 120 51 0
0.5 0 47 35
0.5 120 47 0
0.5 0 46 41
0.5 120 48 34
0.5 120 48 0
0.5 0 50 41
0.5 120 50 0
0.5 0 48 36
0.5 120 48 0
0.5 0 46 41
0.5 120 46 0
0.5 0 48 37
0.5 120 48 0
0.5 0 50 41
0.5 120 50 0
0.5 0 51 34
0.5 120 51 0
0.5 0 53 41
0.5 120 53 0
0.5 0 51 36
0.5 120 51 0
0.5 0 50 41
0.5 120 50 0
0.5 0 53 37
0.5 120 53 0
0.5 0 51 41
0.5 120 51 0
0.5 0 50 38
0.5 110 46 0
0.5 10 50 0
0.5 0 46 39
0.5 0 48 41
0.5 120 48 0
0.5 0 50 35
0.5 110 46 0
0.5 10 50 0
0.5 0 46 39
0.5 0 51 41
0.5 120 51 0
0.5 0 48 35
0.5 110 46 0
0.5 10 48 0
0.5 0 50 41
0.5 0 46 41
0.5 120 50 0
0.5 0 51 34
0.5 120 51 0
0.5 0 53 41
0.5 120 53 0
0.5 0 51 36
0.5 120 51 0
0.5 0 50 41
0.5 120 50 0
0.5 0 51 37
0.5 120 51 0
0.5 0 53 41
0.5 120 53 0
0.5 0 54 34
0.5 120 54 0
0.5 0 56 41
0.5 120 56 0
0.5 0 54 36
0.5 120 54 0
0.5 0 53 41
0.5 120 53 0
0.5 0 56 37
0.5 120 56 0
0.5 0 54 41
0.5 120 54 0
0.5 0 53 38
0.5 110 46 0
0.5 10 53 0
0.5 0 46 39
0.5 0 51 41
0.5 120 51 0
0.5 0 53 35
0.5 110 46 0
0.5 10 53 0
0.5 0 46 39
0.5 0 54 41
0.5 120 54 0
0.5 0 51 35
0.5 110 46 0
0.5 10 51 0
0.5 0 46 39
0.5 0 50 39
0.5 0 53 39
0.5 480 53 0
0.5 0 50 0
0.5 0 46 0
0.5 3840 39 25
0.5 216 39 0
0.5 24 58 20
0.5 0 55 17
0.5 0 51 17
0.5 216 51 0
0.5 0 55 0
0.5 0 58 0
0.5 24 51 17
0.5 0 55 17
0.5 0 58 20
0.5 216 58 0
0.5 0 55 0
0.5 0 51 0
0.5 24 51 19
0.5 0 55 19
0.5 0 58 23
0.5 216 58 0
0.5 0 55 0
0.5 0 51 0
0.5 24 55 17
0.5 0 51 17
0.5 0 58 20
0.5 216 58 0
0.5 0 51 0
0.5 0 55 0
0.5 24 51 17
0.5 0 55 17
0.5 0 58 20
0.5 216 58 0
0.5 0 55 0
0.5 0 51 0
0.5 24 58 24
0.5 0 55 20
0.5 0 51 20
0.5 216 51 0
0.5 0 55 0
0.5 0 58 0
0.5 24 51 17
0.5 0 55 17
0.5 0 58 21
0.5 216 58 0
0.5 0 55 0
0.5 0 51 0
0.5 24 51 17
0.5 0 55 17
0.5 0 58 21
0.5 216 58 0
0.5 0 55 0
0.5 0 51 0
0.5 24 55 21
0.5 0 51 21
0.5 0 58 25
0.5 216 58 0
0.5 0 51 0
0.5 0 55 0
0.5 24 51 17
0.5 0 55 17
0.5 0 58 20
0.5 216 58 0
0.5 0 55 0
0.5 0 51 0
0.5 24 58 20
0.5 0 55 17
0.5 0 51 17
0.5 216 51 0
0.5 0 55 0
0.5 0 58 0
0.5 24 51 19
0.5 0 55 19
0.5 0 58 23
0.5 216 58 0
0.5 0 55 0
0.5 0 51 0
0.5 24 51 17
0.5 0 55 17
0.5 0 58 20
0.5 216 58 0
0.5 0 55 0
0.5 0 51 0
0.5 24 55 17
0.5 0 51 17
0.5 0 58 20
0.5 216 58 0
0.5 0 51 0
0.5 0 55 0
0.5 24 51 20
0.5 0 55 20
0.5 0 58 24
0.5 216 58 0
0.5 0 55 0
0.5 0 51 0
0.5 24 58 21
0.5 0 55 17
0.5 0 51 17
0.5 216 51 0
0.5 0 55 0
0.5 0 58 0
0.5 24 51 17
0.5 0 55 17
0.5 0 58 21
0.5 216 58 0
0.5 0 55 0
0.5 0 51 0
0.5 24 50 21
0.5 0 56 21
0.5 0 58 25
0.5 216 58 0
0.5 0 56 0
0.5 0 50 0
0.5 24 56 17
0.5 0 50 17
0.5 0 58 20
0.5 216 58 0
0.5 0 50 0
0.5 0 56 0
0.5 24 50 17
0.5 0 56 17
0.5 0 58 20
0.5 216 58 0
0.5 0 56 0
0.5 0 50 0
0.5 24 58 23
0.5 0 56 19
0.5 0 50 19
0.5 216 50 0
0.5 0 56 0
0.5 0 58 0
0.5 24 50 17
0.5 0 56 17
0.5 0 58 20
0.5 216 58 0
0.5 0 56 0
0.5 0 50 0
0.5 24 50 17
0.5 0 56 17
0.5 0 58 20
0.5 216 58 0
0.5 0 56 0
0.5 0 50 0
0.5 24 56 20
0.5 0 50 20
0.5 0 58 24
0.5 216 58 0
0.5 0 50 0
0.5 0 56 0
0.5 24 50 17
0.5 0 56 17
0.5 0 58 21
0.5 216 58 0
0.5 0 56 0
0.5 0 50 0
0.5 24 58 21
0.5 0 56 17
0.5 0 50 17
0.5 216 50 0
0.5 0 56 0
0.5 0 58 0
0.5 24 53 21
0.5 0 50 21
0.5 0 56 21
0.5 0 58 25
0.5 216 58 0
0.5 0 53 0
0.5 0 50 0
0.5 0 56 0
0.5 24 58 20
0.5 0 53 17
0.5 0 50 17
0.5 0 56 17
0.5 216 56 0
0.5 0 58 0
0.5 0 53 0
0.5 0 50 0
0.5 24 53 17
0.5 0 50 17
0.5 0 56 17
0.5 0 58 20
0.5 216 58 0
0.5 0 53 0
0.5 0 50 0
0.5 0 56 0
0.5 24 56 20
0.5 0 58 25
0.5 0 53 20
0.5 0 50 20
0.5 216 50 0
0.5 0 56 0
0.5 0 58 0
0.5 0 53 0
0.5 24 53 19
0.5 0 50 19
0.5 0 56 19
0.5 0 58 23
0.5 216 58 0
0.5 0 53 0
0.5 0 50 0
0.5 0 56 0
0.5 24 56 20
0.5 0 53 20
0.5 0 50 20
0.5 0 58 24
0.5 216 58 0
0.5 0 56 0
0.5 0 53 0
0.5 0 50 0
0.5 24 53 25
0.5 0 50 25
0.5 0 58 30
0.5 0 56 25
0.5 216 56 0
0.5 0 53 0
0.5 0 50 0
0.5 0 58 0
0.5 24 56 22
0.5 0 50 22
0.5 0 53 22
0.5 0 58 27
0.5 216 58 0
0.5 0 56 0
0.5 0 50 0
0.5 0 53 0
0.5 24 53 22
0.5 0 50 22
0.5 0 56 22
0.5 0 58 28
0.5 216 58 0
0.5 0 53 0
0.5 0 50 0
0.5 0 56 0
0.5 24 56 21
0.5 0 51 21
0.5 0 58 25
0.5 216 58 0
0.5 0 51 0
0.5 0 56 0
0.5 24 51 17
0.5 0 56 17
0.5 0 58 20
0.5 216 58 0
0.5 0 56 0
0.5 0 51 0
0.5 24 58 20
0.5 0 56 17
0.5 0 51 17
0.5 216 51 0
0.5 0 56 0
0.5 0 58 0
0.5 24 51 19
0.5 0 55 19
0.5 0 58 23
0.5 216 58 0
0.5 0 55 0
0.5 0 51 0
0.5 24 51 17
0.5 0 55 17
0.5 0 58 20
0.5 216 58 0
0.5 0 55 0
0.5 0 51 0
0.5 24 55 17
0.5 0 51 17
0.5 0 58 20
0.5 216 58 0
0.5 0 51 0
0.5 0 55 0
0.5 24 51 36
0.5 240 51 0
0.5 0 46 40
0.5 240 46 0
0.5 0 44 43
0.5 240 44 0
0.5 0 43 48
0.5 240 43 0
0.5 0 51 35
0.5 0 46 29
0.5 0 43 29
0.5 216 43 0
0.5 0 46 0
0.5 0 51 0
0.5 24 43 29
0.5 0 46 29
0.5 0 51 35
0.5 216 51 0
0.5 0 46 0
0.5 0 43 0
0.5 24 51 35
0.5 0 43 29
0.5 0 46 29
0.5 216 46 0
0.5 0 43 0
0.5 0 51 0
0.5 24 43 27
0.5 0 46 27
0.5 0 51 32
0.5 216 51 0
0.5 0 46 0
0.5 0 43 0
0.5 24 43 27
0.5 0 51 32
0.5 0 46 27
0.5 216 46 0
0.5 0 51 0
0.5 0 43 0
0.5 24 51 35
0.5 0 46 29
0.5 0 43 29
0.5 216 43 0
0.5 0 46 0
0.5 0 51 0
0.5 24 43 25
0.5 0 46 25
0.5 0 51 30
0.5 216 51 0
0.5 0 46 0
0.5 0 43 0
0.5 24 51 30
0.5 0 43 25
0.5 0 46 25
0.5 216 46 0
0.5 0 43 0
0.5 0 51 0
0.5 24 44 32
0.5 0 48 34
0.5 0 51 48
0.5 240 51 0
0.5 0 48 0
0.5 0 44 0
0.5 0 44 29
0.5 0 51 35
0.5 0 48 29
0.5 216 48 0
0.5 0 51 0
0.5 0 44 0
0.5 24 51 35
0.5 0 48 29
0.5 0 44 29
0.5 216 44 0
0.5 0 48 0
0.5 0 51 0
0.5 24 44 34
0.5 0 48 34
0.5 0 52 41
0.5 216 52 0
0.5 0 48 0
0.5 0 44 0
0.5 24 52 35
0.5 0 44 29
0.5 0 48 29
0.5 216 48 0
0.5 0 44 0
0.5 0 52 0
0.5 24 44 33
0.5 0 48 33
0.5 0 52 39
0.5 216 52 0
0.5 0 48 0
0.5 0 44 0
0.5 24 44 37
0.5 0 53 44
0.5 0 48 37
0.5 216 48 0
0.5 0 53 0
0.5 0 44 0
0.5 24 53 36
0.5 0 48 30
0.5 0 44 30
0.5 216 44 0
0.5 0 48 0
0.5 0 53 0
0.5 24 44 30
0.5 0 48 30
0.5 0 53 36
0.5 216 53 0
0.5 0 48 0
0.5 0 44 0
0.5 24 55 35
0.5 0 46 29
0.5 0 51 29
0.5 216 51 0
0.5 0 46 0
0.5 0 55 0
0.5 24 46 23
0.5 0 51 23
0.5 0 55 28
0.5 216 55 0
0.5 0 51 0
0.5 0 46 0
0.5 24 46 23
0.5 0 55 28
0.5 0 51 23
0.5 216 51 0
0.5 0 55 0
0.5 0 46 0
0.5 24 55 32
0.5 0 51 26
0.5 0 46 26
0.5 216 46 0
0.5 0 51 0
0.5 0 55 0
0.5 24 46 23
0.5 0 51 23
0.5 0 55 27
0.5 216 55 0
0.5 0 51 0
0.5 0 46 0
0.5 24 55 27
0.5 0 46 22
0.5 0 51 22
0.5 216 51 0
0.5 0 46 0
0.5 0 55 0
0.5 24 46 25
0.5 0 53 25
0.5 0 56 31
0.5 216 56 0
0.5 0 53 0
0.5 0 46 0
0.5 24 46 22
0.5 0 56 26
0.5 0 53 22
0.5 216 53 0
0.5 0 56 0
0.5 0 46 0
0.5 24 56 26
0.5 0 53 21
0.5 0 46 21
0.5 216 46 0
0.5 0 53 0
0.5 0 56 0
0.5 24 51 26
0.5 0 55 31
0.5 480 55 0
0.5 0 51 0
0.5 960 46 26
0.5 0 58 31
0.5 480 58 0
0.5 0 56 29
0.5 240 56 0
0.5 0 46 0
0.5 0 55 31
0.5 0 51 26
0.5 480 51 0
0.5 0 55 0
0.5 960 46 31
0.5 0 34 26
0.5 480 46 0
0.5 0 44 22
0.5 0 53 27
0.5 240 53 0
0.5 0 44 0
0.5 0 34 0
0.5 0 39 27
0.5 0 43 27
0.5 480 43 0
0.5 0 39 0
0.5 1680 39 32
0.5 240 39 0
0.5 0 43 32
0.5 240 43 0
0.5 0 46 32
0.5 240 46 0
0.5 0 51 36
0.5 240 51 0
0.5 0 55 38
0.5 240 55 0
0.5 0 58 40
0.5 230 58 0
0.5 10 46 36
0.5 0 58 43
0.5 480 58 0
0.5 0 46 0
0.5 0 46 33
0.5 0 56 39
0.5 230 56 0
0.5 0 46 0
0.5 10 56 38
0.5 0 51 32
0.5 720 56 0
0.5 0 55 30
0.5 240 55 0
0.5 0 51 0
0.5 1200 39 37
0.5 240 39 0
0.5 0 42 40
0.5 240 42 0
0.5 0 46 44
0.5 240 46 0
0.5 0 51 49
0.5 240 51 0
0.5 0 54 53
0.5 240 54 0
0.5 0 58 57
0.5 230 58 0
0.5 10 63 62
0.5 240 63 0
0.5 0 59 58
0.5 240 59 0
0.5 0 58 54
0.5 230 58 0
0.5 10 56 53
0.5 720 56 0
0.5 0 53 43
0.5 720 53 0
0.5 0 54 40
0.5 720 54 0
0.5 0 47 32
0.5 720 47 0
0.5 0 49 32
0.5 720 49 0
0.5 0 37 32
0.5 720 37 0
0.5 0 38 53
0.5 720 38 0
0.5 0 50 43
0.5 720 50 0
0.5 0 51 40
0.5 720 51 0
0.5 0 44 32
0.5 720 44 0
0.5 0 45 32
0.5 720 45 0
0.5 0 46 32
0.5 720 46 0
0.5 0 39 35
0.5 240 51 29
0.5 216 51 0
0.5 24 51 29
0.5 216 51 0
0.5 24 51 32
0.5 216 51 0
0.5 24 51 29
0.5 216 51 0
0.5 24 51 29
0.5 216 51 0
0.5 24 51 32
0.5 216 51 0
0.5 24 51 27
0.5 216 51 0
0.5 24 51 27
0.5 216 51 0
0.5 24 39 0
0.5 0 51 32
0.5 216 51 0
0.5 24 51 28
0.5 216 51 0
0.5 24 51 28
0.5 216 51 0
0.5 24 51 32
0.5 216 51 0
0.5 24 51 28
0.5 216 51 0
0.5 24 51 28
0.5 216 51 0
0.5 24 51 32
0.5 216 51 0
0.5 24 51 28
0.5 216 51 0
0.5 24 51 28
0.5 216 51 0
0.5 24 51 32
0.5 216 51 0
0.5 24 51 28
0.5 216 51 0
0.5 24 51 28
0.5 216 51 0
0.5 24 51 32
0.5 216 51 0
0.5 24 51 28
0.5 216 51 0
0.5 24 51 28
0.5 216 51 0
0.5 24 51 32
0.5 216 51 0
0.5 24 51 28
0.5 216 51 0
0.5 24 51 28
0.5 216 51 0
0.5 24 51 32
0.5 216 51 0
0.5 24 51 28
0.5 216 51 0
0.5 24 51 28
0.5 216 51 0
0.5 24 51 32
0.5 216 51 0
0.5 24 51 28
0.5 216 51 0
0.5 24 51 28
0.5 216 51 0
0.5 24 51 32
0.5 216 51 0
0.5 24 51 28
0.5 216 51 0
0.5 24 51 28
0.5 216 51 0
0.5 24 51 32
0.5 480 51 0
0.5 240 63 28
0.5 0 58 23
0.5 0 55 23
0.5 480 55 0
0.5 0 58 0
0.5 0 63 0
0.5 240 67 23
0.5 0 70 23
0.5 0 75 28
0.5 480 75 0
0.5 0 70 0
0.5 0 67 0
0.5 240 68 23
0.5 0 72 23
0.5 0 75 28
0.5 480 75 0
0.5 0 72 0
0.5 0 68 0
0.5 240 63 28
0.5 0 60 23
0.5 0 56 23
0.5 480 56 0
0.5 0 60 0
0.5 0 63 0
0.5 240 57 23
0.5 0 63 28
0.5 0 60 23
0.5 480 60 0
0.5 0 63 0
0.5 0 57 0
0.5 240 58 35
0.5 240 67 29
0.5 0 63 24
0.5 240 63 0
0.5 0 67 0
0.5 0 67 30
0.5 0 63 25
0.5 240 63 0
0.5 0 67 0
0.5 0 63 31
0.5 0 67 38
0.5 240 67 0
0.5 0 63 0
0.5 0 63 35
0.5 0 67 42
0.5 240 67 0
0.5 0 63 0
0.5 0 63 39
0.5 0 67 46
0.5 230 58 0
0.5 10 67 0
0.5 0 63 0
0.5 0 58 37
0.5 0 68 44
0.5 0 62 37
0.5 240 62 0
0.5 0 68 0
0.5 0 62 33
0.5 0 68 39
0.5 240 68 0
0.5 0 62 0
0.5 0 62 32
0.5 0 68 38
0.5 240 68 0
0.5 0 62 0
0.5 0 58 0
0.5 0 67 40
0.5 0 63 38
0.5 480 63 0
0.5 0 67 0
0.5 1680 46 35
0.5 240 55 29
0.5 0 51 24
0.5 240 51 0
0.5 0 55 0
0.5 0 55 32
0.5 0 51 27
0.5 240 51 0
0.5 0 55 0
0.5 0 51 35
0.5 0 55 43
0.5 240 55 0
0.5 0 51 0
0.5 0 51 41
0.5 0 55 49
0.5 240 55 0
0.5 0 51 0
0.5 0 51 47
0.5 0 55 55
0.5 230 46 0
0.5 10 55 0
0.5 0 51 0
0.5 0 46 45
0.5 0 56 62
0.5 0 50 52
0.5 240 50 0
0.5 0 56 0
0.5 0 50 33
0.5 0 56 39
0.5 240 56 0
0.5 0 50 0
0.5 0 50 32
0.5 0 56 38
0.5 240 56 0
0.5 0 50 0
0.5 0 46 0
0.5 0 51 44
0.5 240 51 0
0.5 0 55 39
0.5 240 55 0
0.5 0 58 39
0.5 240 58 0
0.5 0 63 44
0.5 240 63 0
0.5 0 67 38
0.5 240 67 0
0.5 0 69 38
0.5 240 69 0
0.5 0 70 44
0.5 480 70 0
0.5 0 65 44
0.5 0 58 37
0.5 180 65 0
0.5 0 68 40
0.5 60 68 0
0.5 0 58 0
0.5 0 39 44
0.5 240 39 0
0.5 0 43 39
0.5 240 43 0
0.5 0 46 39
0.5 240 46 0
0.5 0 51 44
0.5 240 51 0
0.5 0 55 38
0.5 240 55 0
0.5 0 57 34
0.5 240 57 0
0.5 0 58 39
0.5 480 58 0
0.5 0 53 39
0.5 0 46 33
0.5 180 53 0
0.5 0 56 36
0.5 60 56 0
0.5 0 46 0
0.5 0 51 34
0.5 0 55 40
0.5 240 55 0
0.5 0 51 0
0.5 0 46 33
0.5 0 53 39
0.5 360 53 0
0.5 0 56 34
0.5 120 56 0
0.5 0 46 0
0.5 0 51 34
0.5 0 55 40
0.5 240 55 0
0.5 0 51 0
0.5 0 46 33
0.5 0 53 39
0.5 360 53 0
0.5 0 56 34
0.5 120 56 0
0.5 0 46 0
0.5 0 51 34
0.5 0 55 40
0.5 240 55 0
0.5 0 51 0
0.5 0 46 38
0.5 0 53 46
0.5 120 53 0
0.5 0 52 43
0.5 120 52 0
0.5 0 46 0
0.5 0 46 38
0.5 0 53 51
0.5 120 53 0
0.5 0 50 47
0.5 120 50 0
0.5 0 46 0
0.5 120 39 26
0.5 0 50 31
0.5 0 46 26
0.5 600 50 0
0.5 0 51 25
0.5 480 51 0
0.5 0 46 0
0.5 0 39 0
0 2217 64 127
0 699 64 0
0 52 64 127
0 653 64 0
0 735 64 127
0 449 64 0
0 31 64 127
0 221 64 0
0 55 64 127
0 663 64 0
0 785 64 127
0 658 64 0
0 1500 64 127
0 657 64 0
0 105 64 127
0 615 64 0
0 98 64 127
0 607 64 0
0 198 64 127
0 1968 64 0
0 86 64 127
0 643 64 0
0 119 64 127
0 602 64 0
0 118 64 127
0 586 64 0
0 288 64 127
0 1187 64 0
0 54 64 127
0 189 64 0
0 541 64 127
0 636 64 0
0 1524 64 127
0 636 64 0
0 23 64 127
0 209 64 0
0 483 64 0
0 23 64 127
0 209 64 0
0 563 64 127
0 403 64 0
0 119 64 127
0 123 64 0
0 146 64 127
0 336 64 0
0 129 64 127
0 109 64 0
0 117 64 127
0 367 64 0
0 85 64 127
0 141 64 0
0 156 64 127
0 578 64 0
0 127 64 127
0 353 64 0
0 466 64 127
0 1933 64 0
0 47 64 127
0 190 64 0
0 38 64 127
0 202 64 0
0 44 64 127
0 186 64 0
0 254 64 127
0 481 64 0
0 945 64 127
0 1933 64 0
0 47 64 127
0 190 64 0
0 38 64 127
0 202 64 0
0 44 64 127
0 186 64 0
0 254 64 127
0 481 64 0
0 155 64 127
0 553 64 0
0 110 64 127
0 614 64 0
0 142 64 127
0 585 64 0
0 135 64 127
0 586 64 0
0 122 64 127
0 583 64 0
0 113 64 127
0 628 64 0
0 99 64 127
0 1085 64 0
0 73 64 127
0 168 64 0
0 74 64 127
0 170 64 0
0 53 64 127
0 196 64 0
0 61 64 127
0 50 64 0
0 185 64 127
0 412 64 0
0 56 64 127
0 194 64 0
0 80 64 127
0 158 64 0
0 491 64 127
0 224 64 0
0 45 64 127
0 196 64 0
0 32 64 127
0 211 64 0
0 55 64 127
0 656 64 0
0 30 64 127
0 223 64 0
0 45 64 127
0 185 64 0
0 44 64 127
0 208 64 0
0 49 64 127
0 185 64 0
0 66 64 127
0 185 64 0
0 295 64 127
0 420 64 0
0 1055 64 127
0 380 64 0
0 340 64 127
0 380 64 0
0 328 64 127
0 394 64 0
0 269 64 127
0 452 64 0
0 371 64 127
0 348 64 0
0 429 64 127
0 288 64 0
0 255 64 127
0 720 64 0
0 34 64 127
0 668 64 0
0 58 64 127
0 651 64 0
0 2188 64 127
0 701 64 0
0 22 64 127
0 698 64 0
0 25 64 127
0 686 64 0
0 103 64 127
0 386 64 0
0 57 64 127
0 660 64 0
0 54 64 127
0 187 64 0
0 510 64 127
0 203 64 0
0 103 64 127
0 386 64 0
0 57 64 127
0 660 64 0
0 54 64 127
0 187 64 0
0 510 64 127
0 224 64 0
0 351 64 127
0 366 64 0
0 331 64 127
0 390 64 0
0 307 64 127
0 169 64 0
0 42 64 127
0 183 64 0
0 149 64 127
0 582 64 0
0 30 64 127
0 452 64 0
0 7441 64 127
0 734 64 0
0 50 64 127
0 176 64 0
0 43 64 127
0 192 64 0
0 44 64 127
0 204 64 0
0 50 64 127
0 188 64 0
0 49 64 127
0 197 64 0
0 43 64 127
0 176 64 0
0 57 64 127
0 670 64 0
0 53 64 127
0 189 64 0
0 62 64 127
0 181 64 0
0 41 64 127
0 206 64 0
0 38 64 127
0 198 64 0
0 49 64 127
0 188 64 0
0 48 64 127
0 195 64 0
0 34 64 127
0 685 64 0
0 32 64 127
0 205 64 0
0 41 64 127
0 205 64 0
0 29 64 127
0 209 64 0
0 31 64 127
0 213 64 0
0 33 64 127
0 199 64 0
0 41 64 127
0 188 64 0
0 37 64 127
0 694 64 0
0 29 64 127
0 209 64 0
0 31 64 127
0 209 64 0
0 46 64 127
0 199 64 0
0 52 64 127
0 182 64 0
0 35 64 127
0 205 64 0
0 38 64 127
0 209 64 0
0 34 64 127
0 685 64 0
0 32 64 127
0 205 64 0
0 41 64 127
0 205 64 0
0 29 64 127
0 209 64 0
0 31 64 127
0 213 64 0
0 33 64 127
0 199 64 0
0 41 64 127
0 188 64 0
0 75 64 127
0 413 64 0
0 55 64 127
0 184 64 0
0 50 64 127
0 191 64 0
0 61 64 127
0 185 64 0
0 72 64 127
0 172 64 0
0 45 64 127
0 188 64 0
0 52 64 127
0 184 64 0
0 62 64 127
0 171 64 0
0 75 64 127
0 173 64 0
0 49 64 127
0 191 64 0
0 55 64 127
0 184 64 0
0 50 64 127
0 191 64 0
0 61 64 127
0 185 64 0
0 72 64 127
0 172 64 0
0 45 64 127
0 188 64 0
0 52 64 127
0 184 64 0
0 62 64 127
0 171 64 0
0 75 64 127
0 173 64 0
0 49 64 127
0 191 64 0
0 55 64 127
0 184 64 0
0 50 64 127
0 191 64 0
0 61 64 127
0 185 64 0
0 72 64 127
0 172 64 0
0 45 64 127
0 188 64 0
0 52 64 127
0 184 64 0
0 62 64 127
0 171 64 0
0 75 64 127
0 173 64 0
0 49 64 127
0 191 64 0
0 55 64 127
0 184 64 0
0 50 64 127
0 191 64 0
0 61 64 127
0 185 64 0
0 72 64 127
0 172 64 0
0 45 64 127
0 188 64 0
0 52 64 127
0 184 64 0
0 62 64 127
0 171 64 0
0 75 64 127
0 173 64 0
0 49 64 127
0 191 64 0
0 55 64 127
0 184 64 0
0 50 64 127
0 191 64 0
0 61 64 127
0 185 64 0
0 72 64 127
0 172 64 0
0 45 64 127
0 188 64 0
0 52 64 127
0 184 64 0
0 62 64 127
0 171 64 0
0 75 64 127
0 173 64 0
0 49 64 127
0 191 64 0
0 55 64 127
0 184 64 0
0 50 64 127
0 191 64 0
0 61 64 127
0 185 64 0
0 72 64 127
0 172 64 0
0 45 64 127
0 188 64 0
0 52 64 127
0 184 64 0
0 62 64 127
0 171 64 0
0 57 64 127
0 198 64 0
0 60 64 127
0 180 64 0
0 60 64 127
0 125 64 0
0 5857 64 127
0 699 64 0
0 52 64 127
0 653 64 0
0 735 64 127
0 449 64 0
0 31 64 127
0 221 64 0
0 55 64 127
0 663 64 0
0 785 64 127
0 658 64 0
0 34 64 127
0 676 64 0
0 41 64 127
0 671 64 0
0 134 64 127
0 601 64 0
0 105 64 127
0 615 64 0
0 98 64 127
0 607 64 0
0 198 64 127
0 1962 64 0
0 57 64 127
0 663 64 0
0 77 64 127
0 659 64 0
0 50 64 127
0 660 64 0
0 282 64 127
0 1187 64 0
0 54 64 127
0 189 64 0
0 541 64 127
0 636 64 0
0 1524 64 127
0 636 64 0
0 23 64 127
0 209 64 0
0 483 64 0
0 23 64 127
0 209 64 0
0 718 64 127
0 3373 64 0
0 47 64 127
0 190 64 0
0 38 64 127
0 202 64 0
0 44 64 127
0 186 64 0
0 254 64 127
0 481 64 0
0 945 64 127
0 1933 64 0
0 47 64 127
0 190 64 0
0 38 64 127
0 202 64 0
0 44 64 127
0 186 64 0
0 254 64 127
0 481 64 0
0 155 64 127
0 553 64 0
0 110 64 127
0 610 64 0
0 110 64 127
0 610 64 0
0 110 64 127
0 610 64 0
0 110 64 127
0 607 64 0
0 254 64 127
0 241 64 0
0 395 64 127
0 553 64 0
0 110 64 127
0 610 64 0
0 110 64 127
0 610 64 0
0 110 64 127
0 610 64 0
0 110 64 127
0 607 64 0
0 113 64 127
0 628 64 0
0 99 64 127
0 1085 64 0
0 73 64 127
0 168 64 0
0 74 64 127
0 170 64 0
0 53 64 127
0 196 64 0
0 61 64 127
0 50 64 0
0 185 64 127
0 412 64 0
0 56 64 127
0 194 64 0
0 80 64 127
0 158 64 0
0 491 64 127
0 224 64 0
0 45 64 127
0 196 64 0
0 32 64 127
0 211 64 0
0 55 64 127
0 656 64 0
0 30 64 127
0 223 64 0
0 45 64 127
0 185 64 0
0 44 64 127
0 208 64 0
0 49 64 127
0 185 64 0
0 66 64 127
0 185 64 0
0 295 64 127
0 420 64 0
0 1055 64 127
0 380 64 0
0 340 64 127
0 380 64 0
0 328 64 127
0 394 64 0
0 269 64 127
0 452 64 0
0 371 64 127
0 348 64 0
0 429 64 127
0 288 64 0
0 255 64 127
0 720 64 0
0 34 64 127
0 668 64 0
0 58 64 127
0 651 64 0
0 2172 64 127
0 717 64 0
0 22 64 127
0 698 64 0
0 25 64 127
0 686 64 0
0 95 64 127
0 394 64 0
0 57 64 127
0 660 64 0
0 54 64 127
0 187 64 0
0 510 64 127
0 203 64 0
0 100 64 127
0 389 64 0
0 57 64 127
0 660 64 0
0 54 64 127
0 187 64 0
0 510 64 127
0 224 64 0
0 351 64 127
0 366 64 0
0 331 64 127
0 390 64 0
0 307 64 127
0 169 64 0
0 42 64 127
0 183 64 0
0 149 64 127
0 582 64 0
0 30 64 127
0 452 64 0
1 0 0 0
