0 0 7 100
0 0 91 127
0.5 1 78 44
0.5 0 87 44
0.5 0 92 49
0.5 0 60 55
0.5 240 60 0
0.5 0 78 0
0.5 0 87 0
0.5 0 92 0
0.5 1679 61 55
0.5 0 88 49
0.5 0 81 44
0.5 0 76 44
0.5 240 76 0
0.5 0 61 0
0.5 0 88 0
0.5 0 81 0
0.5 1680 63 55
0.5 0 69 44
0.5 0 78 49
0.5 0 83 49
0.5 240 83 0
0.5 0 63 0
0.5 0 69 0
0.5 0 78 0
0.5 1680 80 49
0.5 0 73 44
0.5 0 68 44
0.5 0 64 55
0.5 240 64 0
0.5 0 80 0
0.5 0 73 0
0.5 0 68 0
0.5 1680 80 49
0.5 0 75 44
0.5 0 66 49
0.5 240 66 0
0.5 0 75 0
0.5 0 80 0
0.5 1680 64 49
0.5 0 69 44
0.5 0 76 49
0.5 240 76 0
0.5 0 69 0
0.5 0 64 0
0.5 1680 57 49
0.5 0 66 44
0.5 0 71 49
0.5 240 71 0
0.5 0 66 0
0.5 0 57 0
0.5 1680 56 49
0.5 0 61 44
0.5 0 68 49
0.5 240 68 0
0.5 0 61 0
0.5 0 56 0
0.5 1680 57 61
0.5 0 62 61
0.5 0 66 69
0.5 240 66 0
0.5 0 62 0
0.5 0 57 0
0.5 3600 54 44
0.5 0 57 44
0.5 0 63 49
0.5 240 63 0
0.5 0 57 0
0.5 0 54 0
0.5 3600 56 44
0.5 0 61 49
0.5 240 61 0
0.5 0 56 0
0.5 1680 54 59
0.5 0 59 67
0.5 240 59 0
0.5 0 54 0
0.5 1680 56 44
0.5 0 61 49
0.5 240 61 0
0.5 0 56 0
0.5 1680 54 60
0.5 0 59 68
0.5 240 59 0
0.5 0 54 0
0.5 1680 56 44
0.5 0 61 49
0.5 240 61 0
0.5 0 56 0
0.5 5040 68 51
0.5 480 73 55
0.5 20 68 0
0.5 460 75 53
0.5 20 73 0
0.5 460 76 56
0.5 20 75 0
0.5 460 76 0
0.5 0 75 58
0.5 240 73 52
0.5 20 75 0
0.5 220 71 56
0.5 20 73 0
0.5 460 71 0
0.5 0 68 50
0.5 480 69 50
0.5 20 68 0
0.5 460 71 47
0.5 20 69 0
0.5 460 73 55
0.5 20 71 0
0.5 1900 73 0
0.5 0 80 55
0.5 1920 80 0
0.5 0 69 44
0.5 0 78 56
0.5 480 80 57
0.5 20 78 0
0.5 460 81 59
0.5 20 80 0
0.5 940 81 0
0.5 0 69 0
0.5 0 80 56
0.5 0 71 44
0.5 480 78 48
0.5 20 80 0
0.5 460 76 51
0.5 20 78 0
0.5 460 76 0
0.5 0 80 42
0.5 480 80 0
0.5 0 71 0
0.5 0 72 46
0.5 0 78 55
0.5 480 80 47
0.5 20 78 0
0.5 460 78 49
0.5 20 80 0
0.5 460 76 44
0.5 20 78 0
0.5 460 75 52
0.5 20 76 0
0.5 460 75 0
0.5 0 72 0
0.5 0 73 52
0.5 480 72 46
0.5 0 75 56
0.5 20 73 0
0.5 460 76 50
0.5 20 75 0
0.5 460 76 0
0.5 0 72 0
0.5 0 73 57
0.5 2400 73 0
0.5 0 73 52
0.5 480 72 46
0.5 0 75 56
0.5 20 73 0
0.5 460 76 51
0.5 20 75 0
0.5 460 76 0
0.5 0 72 0
0.5 0 73 56
0.5 2880 73 0
0.5 0 72 49
0.5 960 72 0
0.5 0 71 50
0.5 960 71 0
0.5 0 69 47
0.5 960 69 0
0.5 0 63 40
0.5 0 68 40
0.5 1920 68 0
0.5 0 63 0
0.5 0 49 49
0.5 0 61 57
0.5 1920 61 0
0.5 0 49 0
0.5 0 68 63
0.5 0 56 57
0.5 1920 56 0
0.5 0 68 0
0.5 0 57 58
0.5 0 69 66
0.5 1920 69 0
0.5 0 57 0
0.5 0 68 62
0.5 0 76 72
0.5 0 64 62
0.5 1920 64 0
0.5 0 76 0
0.5 0 68 0
0.5 0 73 75
0.5 0 66 66
0.5 0 63 66
0.5 0 75 75
0.5 1920 75 0
0.5 0 73 0
0.5 0 66 0
0.5 0 63 0
0.5 0 73 69
0.5 0 80 80
0.5 0 68 69
0.5 1920 68 0
0.5 0 80 0
0.5 0 73 0
0.5 0 78 81
0.5 0 73 73
0.5 0 69 73
0.5 0 81 81
0.5 960 81 0
0.5 0 78 0
0.5 0 73 0
0.5 0 69 0
0.5 0 73 79
0.5 0 78 79
0.5 0 81 88
0.5 0 85 88
0.5 480 85 0
0.5 0 73 0
0.5 0 78 0
0.5 0 81 0
0.5 0 87 88
0.5 0 85 88
0.5 0 78 78
0.5 0 75 78
0.5 480 75 0
0.5 0 87 0
0.5 0 85 0
0.5 0 78 0
0.5 0 76 80
0.5 0 80 80
0.5 0 85 91
0.5 0 88 91
0.5 960 88 0
0.5 0 76 0
0.5 0 80 0
0.5 0 85 0
0.5 0 92 92
0.5 0 85 92
0.5 0 80 82
0.5 960 80 0
0.5 0 85 0
0.5 0 92 0
0.5 0 93 92
0.5 0 88 82
0.5 0 81 82
0.5 480 81 0
0.5 0 88 0
0.5 0 93 0
0.5 0 88 75
0.5 0 92 84
0.5 0 80 75
0.5 480 80 0
0.5 0 92 0
0.5 0 88 0
0.5 0 90 84
0.5 0 88 75
0.5 0 78 75
0.5 480 78 0
0.5 0 88 0
0.5 0 90 0
0.5 0 88 84
0.5 0 76 75
0.5 240 76 0
0.5 0 88 0
0.5 0 90 84
0.5 0 78 75
0.5 180 78 0
0.5 0 90 0
0.5 60 92 92
0.5 0 88 82
0.5 0 80 82
0.5 960 80 0
0.5 0 88 0
0.5 0 92 0
0.5 0 85 91
0.5 0 80 81
0.5 0 73 81
0.5 960 73 0
0.5 0 80 0
0.5 0 85 0
0.5 0 90 92
0.5 0 85 82
0.5 0 78 82
0.5 480 78 0
0.5 0 85 0
0.5 0 90 0
0.5 0 85 80
0.5 0 88 89
0.5 0 76 80
0.5 480 76 0
0.5 0 88 0
0.5 0 85 0
0.5 0 87 92
0.5 0 85 82
0.5 0 75 82
0.5 480 75 0
0.5 0 85 0
0.5 0 87 0
0.5 0 88 84
0.5 0 84 75
0.5 0 76 75
0.5 480 76 0
0.5 0 84 0
0.5 0 88 0
0.5 0 85 92
0.5 0 81 82
0.5 0 73 82
0.5 1920 73 0
0.5 0 81 0
0.5 0 85 0
0.5 0 77 77
0.5 0 83 94
0.5 0 71 88
0.5 480 71 0
0.5 0 83 0
0.5 0 85 89
0.5 0 73 80
0.5 480 73 0
0.5 0 85 0
0.5 0 77 0
0.5 0 80 77
0.5 0 77 77
0.5 0 86 96
0.5 0 74 90
0.5 480 74 0
0.5 0 86 0
0.5 0 85 91
0.5 0 73 82
0.5 240 73 0
0.5 0 85 0
0.5 0 83 85
0.5 0 71 79
0.5 180 71 0
0.5 0 83 0
0.5 60 77 0
0.5 0 80 0
0.5 0 73 77
0.5 0 78 77
0.5 0 81 94
0.5 0 69 86
0.5 480 69 0
0.5 0 81 0
0.5 0 78 89
0.5 0 66 81
0.5 480 66 0
0.5 0 78 0
0.5 0 80 88
0.5 0 68 78
0.5 480 68 0
0.5 0 80 0
0.5 0 81 88
0.5 0 69 78
0.5 420 69 0
0.5 0 81 0
0.5 60 78 0
0.5 0 73 0
0.5 0 69 74
0.5 0 78 91
0.5 0 66 83
0.5 14 75 74
0.5 466 66 0
0.5 0 78 0
0.5 0 80 88
0.5 0 68 79
0.5 480 68 0
0.5 0 80 0
0.5 0 81 92
0.5 0 69 86
0.5 480 69 0
0.5 0 81 0
0.5 0 80 90
0.5 0 68 81
0.5 240 68 0
0.5 0 80 0
0.5 0 78 90
0.5 0 66 81
0.5 180 66 0
0.5 0 78 0
0.5 60 69 0
0.5 0 68 72
0.5 0 73 72
0.5 0 76 88
0.5 0 64 81
0.5 14 75 0
0.5 466 76 0
0.5 0 64 0
0.5 0 73 86
0.5 0 61 79
0.5 480 61 0
0.5 0 73 0
0.5 0 75 83
0.5 0 63 75
0.5 480 63 0
0.5 0 75 0
0.5 0 76 83
0.5 0 64 75
0.5 420 64 0
0.5 0 76 0
0.5 60 73 0
0.5 0 68 0
0.5 0 64 81
0.5 0 70 81
0.5 0 73 91
0.5 0 76 100
0.5 960 76 0
0.5 0 64 0
0.5 0 70 0
0.5 0 73 0
0.5 0 63 66
0.5 0 75 66
0.5 480 75 0
0.5 0 63 0
0.5 0 61 59
0.5 0 73 59
0.5 420 73 0
0.5 0 61 0
0.5 60 63 49
0.5 0 68 52
0.5 0 73 62
0.5 480 73 0
0.5 0 72 58
0.5 240 72 0
0.5 0 70 53
0.5 240 70 0
0.5 0 68 0
0.5 0 63 0
0.5 0 63 49
0.5 0 68 49
0.5 0 72 63
0.5 720 72 0
0.5 0 73 61
0.5 240 73 0
0.5 0 68 0
0.5 0 63 0
0.5 0 61 44
0.5 0 68 44
0.5 0 73 49
0.5 960 73 0
0.5 0 68 0
0.5 0 61 0
0.5 480 68 44
0.5 480 73 48
0.5 20 68 0
0.5 460 75 47
0.5 20 73 0
0.5 460 76 49
0.5 20 75 0
0.5 460 76 0
0.5 0 75 51
0.5 240 73 46
0.5 20 75 0
0.5 220 71 49
0.5 20 73 0
0.5 460 71 0
0.5 0 68 44
0.5 480 69 44
0.5 20 68 0
0.5 460 71 40
0.5 20 69 0
0.5 460 73 48
0.5 20 71 0
0.5 1900 73 0
0.5 0 80 48
0.5 1920 80 0
0.5 0 69 38
0.5 0 78 49
0.5 480 80 50
0.5 20 78 0
0.5 460 81 51
0.5 20 80 0
0.5 940 81 0
0.5 0 69 0
0.5 0 80 49
0.5 0 71 38
0.5 480 78 41
0.5 20 80 0
0.5 460 76 44
0.5 20 78 0
0.5 460 76 0
0.5 0 80 37
0.5 480 80 0
0.5 0 71 0
0.5 0 72 39
0.5 0 78 48
0.5 480 80 40
0.5 20 78 0
0.5 460 78 42
0.5 20 80 0
0.5 460 76 38
0.5 20 78 0
0.5 460 75 46
0.5 20 76 0
0.5 460 75 0
0.5 0 72 0
0.5 0 73 46
0.5 480 72 39
0.5 0 75 49
0.5 20 73 0
0.5 460 76 44
0.5 20 75 0
0.5 460 76 0
0.5 0 72 0
0.5 0 73 50
0.5 2400 73 0
0.5 0 73 46
0.5 480 72 39
0.5 0 75 49
0.5 20 73 0
0.5 460 76 44
0.5 20 75 0
0.5 460 76 0
0.5 0 72 0
0.5 0 73 49
0.5 2880 73 0
0.5 0 72 42
0.5 960 72 0
0.5 0 71 44
0.5 960 71 0
0.5 0 69 40
0.5 960 69 0
0.5 0 61 35
0.5 0 63 38
0.5 0 68 38
0.5 960 60 31
0.5 480 60 0
0.5 0 58 31
0.5 480 58 0
0.5 0 63 0
0.5 0 60 37
0.5 1440 60 0
0.5 0 61 0
0.5 0 61 30
0.5 480 61 0
0.5 0 68 0
0.5 0 61 34
0.5 1200 61 0
0.5 720 60 51
0.5 0 92 46
0.5 0 87 41
0.5 0 78 41
0.5 240 78 0
0.5 0 60 0
0.5 0 92 0
0.5 0 87 0
0.5 1680 61 51
0.5 0 88 46
0.5 0 81 41
0.5 0 76 41
0.5 240 76 0
0.5 0 61 0
0.5 0 88 0
0.5 0 81 0
0.5 1680 63 51
0.5 0 69 41
0.5 0 78 41
0.5 0 83 46
0.5 240 83 0
0.5 0 63 0
0.5 0 69 0
0.5 0 78 0
0.5 1680 80 46
0.5 0 73 41
0.5 0 68 41
0.5 0 64 51
0.5 240 64 0
0.5 0 80 0
0.5 0 73 0
0.5 0 68 0
0.5 1680 80 46
0.5 0 75 41
0.5 0 66 46
0.5 240 66 0
0.5 0 75 0
0.5 0 80 0
0.5 1680 64 41
0.5 0 69 41
0.5 0 76 46
0.5 240 76 0
0.5 0 69 0
0.5 0 64 0
0.5 1680 57 41
0.5 0 66 41
0.5 0 71 46
0.5 240 71 0
0.5 0 66 0
0.5 0 57 0
0.5 1680 56 41
0.5 0 61 41
0.5 0 68 46
0.5 240 68 0
0.5 0 61 0
0.5 0 56 0
0.5 1680 57 58
0.5 0 62 58
0.5 0 66 64
0.5 240 66 0
0.5 0 62 0
0.5 0 57 0
0.5 3600 54 41
0.5 0 57 41
0.5 0 63 46
0.5 240 63 0
0.5 0 57 0
0.5 0 54 0
0.5 3600 56 41
0.5 0 61 46
0.5 240 61 0
0.5 0 56 0
0.5 1680 54 56
0.5 0 59 62
0.5 240 59 0
0.5 0 54 0
0.5 1680 56 41
0.5 0 61 46
0.5 240 61 0
0.5 0 56 0
0.5 1680 54 57
0.5 0 59 63
0.5 240 59 0
0.5 0 54 0
0.5 1680 56 41
0.5 0 61 46
0.5 240 61 0
0.5 0 56 0
1 0 0 0
0 0 7 100
0 0 91 127
0 0 91 127
0 1 64 127
0.5 959 25 29
0.5 240 25 0
0 434 64 0
0 470 64 127
0.5 776 25 29
0.5 240 25 0
0 424 64 0
0 395 64 127
0.5 861 25 29
0.5 240 25 0
0 551 64 0
0 338 64 127
0.5 791 25 28
0.5 240 25 0
0 409 64 0
0.5 311 48 55
0 11 64 127
0.5 229 48 0
0.5 720 25 28
0.5 240 25 0
0 446 64 0
0.5 274 49 55
0 141 64 127
0.5 99 49 0
0.5 720 25 29
0.5 240 25 0
0 480 64 0
0.5 240 51 57
0 56 64 127
0.5 184 51 0
0.5 720 25 28
0.5 240 25 0
0 536 64 0
0.5 184 52 56
0 141 64 127
0.5 99 52 0
0.5 720 25 27
0.5 240 25 0
0 551 64 0
0.5 169 54 72
0 46 64 127
0.5 194 54 0
0.5 720 25 31
0.5 240 25 0
0.5 1680 25 30
0.5 240 25 0
0 381 64 0
0.5 339 48 56
0 69 64 127
0.5 171 48 0
0.5 720 25 31
0.5 240 25 0
0.5 1680 25 30
0.5 240 25 0
0 438 64 0
0.5 282 52 56
0 99 64 127
0.5 141 52 0
0.5 720 25 29
0.5 240 25 0
0 480 64 0
0.5 240 51 72
0 71 64 127
0.5 169 51 0
0.5 720 25 28
0.5 240 25 0
0 452 64 0
0.5 268 52 52
0 198 64 127
0.5 42 52 0
0.5 720 25 28
0.5 240 25 0
0 438 64 0
0.5 282 51 72
0 184 64 127
0.5 56 51 0
0.5 720 25 29
0.5 240 25 0
0 311 64 0
0.5 409 52 56
0 14 64 127
0.5 226 52 0
0.5 720 25 28
0.5 240 25 0
0.5 1680 25 19
0.5 240 25 0
0 1093 64 0
0.5 5387 66 51
0.5 480 68 49
0.5 20 66 0
0.5 460 69 52
0.5 20 68 0
0.5 460 68 50
0.5 20 69 0
0.5 220 66 50
0.5 20 68 0
0.5 220 64 53
0.5 20 66 0
0.5 460 64 0
0.5 0 61 47
0.5 480 63 49
0.5 20 61 0
0.5 460 64 47
0.5 20 63 0
0.5 460 64 0
0.5 0 63 50
0.5 0 61 38
0 69 64 127
0.5 411 64 51
0.5 20 63 0
0.5 460 66 52
0.5 20 64 0
0 231 64 0
0.5 229 61 0
0.5 0 60 36
0.5 480 60 0
0.5 0 66 0
0.5 0 59 38
0.5 0 64 50
0 53 64 127
0.5 427 63 41
0.5 20 64 0
0.5 460 61 41
0.5 20 63 0
0 247 64 0
0.5 213 61 0
0.5 0 64 36
0.5 480 64 0
0.5 0 59 0
0.5 0 63 50
0.5 0 57 39
0 240 64 127
0.5 240 64 41
0.5 20 63 0
0.5 460 63 46
0.5 20 64 0
0.5 460 64 38
0.5 20 63 0
0.5 460 66 42
0.5 20 64 0
0 254 64 0
0.5 686 57 0
0.5 0 56 42
0 69 64 127
0 640 64 0
0.5 251 56 0
0.5 0 66 0
0.5 0 57 39
0.5 0 64 47
0 91 64 127
0.5 389 64 0
0.5 0 63 44
0.5 480 64 47
0.5 20 63 0
0.5 460 65 41
0.5 20 64 0
0 323 64 0
0.5 137 66 52
0.5 20 65 0
0.5 940 57 0
0.5 0 56 47
0 80 64 127
0 640 64 0
0.5 240 56 0
0.5 0 66 0
0.5 0 64 50
0.5 0 57 38
0 137 64 127
0.5 343 64 0
0.5 0 63 46
0.5 480 64 48
0.5 20 63 0
0.5 460 65 44
0.5 20 64 0
0 254 64 0
0.5 206 66 53
0.5 20 65 0
0.5 1420 66 0
0.5 0 64 37
0.5 480 64 0
0.5 0 63 41
0.5 480 57 0
0.5 0 56 38
0.5 480 56 0
0.5 0 54 33
0 27 64 127
0.5 453 63 0
0.5 0 61 30
0 160 64 0
0.5 320 61 0
0.5 0 54 0
0.5 0 56 27
0.5 0 61 35
0 267 64 127
0 533 64 0
0.5 160 61 0
0.5 0 60 27
0.5 960 60 0
0.5 0 56 0
0.5 0 37 48
0 0 64 127
0.5 0 49 52
0.5 480 49 0
0.5 0 37 0
0.5 0 39 44
0.5 0 51 49
0.5 480 51 0
0.5 0 39 0
0.5 0 52 52
0.5 0 40 48
0 42 64 0
0 71 64 127
0.5 367 40 0
0.5 0 52 0
0.5 0 51 49
0.5 0 39 44
0.5 240 39 0
0.5 0 51 0
0.5 0 49 49
0.5 0 37 44
0.5 240 37 0
0.5 0 49 0
0.5 0 35 50
0 0 64 0
0.5 0 47 55
0.5 480 47 0
0.5 0 35 0
0.5 0 32 45
0.5 0 44 49
0 187 64 127
0.5 293 44 0
0.5 0 32 0
0.5 0 45 49
0.5 0 33 42
0.5 480 33 0
0.5 0 45 0
0.5 0 47 42
0.5 0 35 39
0 80 64 0
0.5 400 35 0
0.5 0 47 0
0.5 0 37 51
0.5 0 49 56
0 120 64 127
0.5 360 49 0
0.5 0 37 0
0.5 0 51 53
0.5 0 39 48
0.5 480 39 0
0.5 0 51 0
0.5 0 52 56
0.5 0 40 52
0 42 64 0
0 71 64 127
0.5 367 40 0
0.5 0 52 0
0.5 0 51 56
0.5 0 39 52
0.5 240 39 0
0.5 0 51 0
0.5 0 49 56
0.5 0 37 52
0.5 240 37 0
0.5 0 49 0
0.5 0 35 56
0 0 64 0
0.5 0 47 59
0.5 480 47 0
0.5 0 35 0
0.5 0 32 52
0.5 0 44 56
0 187 64 127
0.5 293 44 0
0.5 0 32 0
0.5 0 45 56
0.5 0 33 50
0.5 480 33 0
0.5 0 45 0
0.5 0 47 56
0.5 0 35 50
0 80 64 0
0 248 64 127
0.5 32 35 0
0.5 0 47 0
0.5 0 37 55
0.5 60 42 62
0.5 60 54 69
0.5 480 54 0
0.5 0 42 0
0.5 0 44 60
0.5 0 56 63
0.5 480 56 0
0.5 0 44 0
0.5 0 45 62
0.5 0 57 70
0 42 64 0
0 71 64 127
0.5 367 57 0
0.5 0 45 0
0.5 0 44 62
0.5 0 56 70
0.5 240 56 0
0.5 0 44 0
0.5 0 42 62
0.5 0 54 70
0.5 240 54 0
0.5 0 42 0
0.5 0 37 0
0 0 64 0
0.5 0 52 72
0.5 0 40 66
0.5 480 40 0
0.5 0 52 0
0.5 0 49 72
0.5 0 37 66
0 187 64 127
0.5 293 37 0
0.5 0 49 0
0.5 0 39 62
0.5 0 51 69
0.5 480 51 0
0.5 0 39 0
0.5 0 40 62
0.5 0 52 69
0 80 64 0
0.5 280 52 0
0.5 0 40 0
0.5 0 37 62
0.5 60 42 67
0.5 60 54 73
0 120 64 127
0.5 360 54 0
0.5 0 42 0
0.5 0 56 68
0.5 0 44 63
0.5 480 44 0
0.5 0 56 0
0.5 0 57 70
0.5 0 45 62
0 42 64 0
0 71 64 127
0.5 367 45 0
0.5 0 57 0
0.5 0 56 74
0.5 0 44 67
0.5 240 44 0
0.5 0 56 0
0.5 0 54 74
0.5 0 42 67
0.5 240 42 0
0.5 0 54 0
0.5 0 37 0
0.5 0 40 70
0 0 64 0
0.5 0 52 77
0.5 480 52 0
0.5 0 40 0
0.5 0 37 66
0.5 0 49 72
0 187 64 127
0.5 293 49 0
0.5 0 37 0
0.5 0 51 73
0.5 0 39 67
0.5 480 39 0
0.5 0 51 0
0.5 0 52 73
0.5 0 40 67
0 80 64 0
0 329 64 127
0.5 11 40 0
0.5 0 52 0
0.5 0 48 75
0.5 0 36 68
0.5 60 66 85
0.5 0 54 78
0.5 480 54 0
0.5 0 66 0
0.5 0 68 82
0.5 0 56 72
0.5 480 56 0
0.5 0 68 0
0.5 0 69 88
0.5 0 57 78
0 42 64 0
0 71 64 127
0.5 367 57 0
0.5 0 69 0
0.5 0 68 88
0.5 0 56 78
0.5 240 56 0
0.5 0 68 0
0.5 0 66 80
0.5 0 54 71
0 152 64 0
0.5 28 54 0
0.5 0 66 0
0.5 0 35 70
0.5 0 47 78
0 21 64 127
0.5 39 36 0
0.5 0 48 0
0.5 0 64 90
0.5 0 52 80
0.5 480 52 0
0.5 0 64 0
0.5 0 61 84
0.5 0 49 75
0.5 480 49 0
0.5 0 61 0
0.5 0 63 82
0.5 0 51 72
0.5 480 51 0
0.5 0 63 0
0.5 0 64 78
0.5 0 52 70
0 80 64 0
0.5 280 52 0
0.5 0 64 0
0 53 64 127
0.5 7 45 78
0.5 0 33 69
0.5 60 35 0
0.5 0 47 0
0.5 0 66 85
0.5 0 54 78
0 374 64 0
0 28 64 127
0.5 18 45 0
0.5 0 33 0
0.5 0 44 72
0.5 0 32 63
0.5 60 66 0
0.5 0 54 0
0.5 0 56 72
0.5 0 68 82
0 381 64 0
0.5 39 44 0
0.5 0 32 0
0.5 0 42 78
0.5 0 30 69
0 42 64 127
0.5 18 56 0
0.5 0 68 0
0.5 0 57 78
0.5 0 69 88
0 367 64 0
0.5 53 42 0
0.5 0 30 0
0.5 0 32 69
0 0 64 127
0.5 0 44 78
0.5 60 57 0
0.5 0 69 0
0.5 0 56 73
0.5 0 68 83
0.5 240 68 0
0.5 0 56 0
0.5 0 54 73
0.5 0 66 83
0 152 64 0
0.5 28 66 0
0.5 0 44 0
0.5 0 32 0
0.5 0 54 0
0.5 0 45 80
0.5 0 33 71
0.5 60 52 80
0 0 64 127
0.5 0 64 90
0.5 480 64 0
0.5 0 52 0
0.5 0 49 69
0.5 0 61 78
0.5 480 61 0
0.5 0 49 0
0.5 0 51 67
0.5 0 63 75
0.5 480 63 0
0.5 0 51 0
0.5 0 52 66
0.5 0 64 74
0 80 64 0
0.5 280 64 0
0.5 0 52 0
0.5 60 33 0
0.5 0 45 0
0.5 0 44 62
0.5 0 32 62
0.5 60 65 62
0 0 64 127
0.5 0 59 71
0.5 0 53 62
0.5 480 59 0
0.5 0 61 66
0 282 64 0
0.5 138 32 0
0.5 0 44 0
0.5 0 37 62
0.5 0 25 62
0 46 64 127
0.5 14 53 0
0.5 0 61 0
0.5 0 65 0
0.5 0 53 62
0.5 0 62 71
0.5 0 56 62
0.5 480 62 0
0.5 0 61 67
0.5 240 61 0
0.5 0 59 64
0 56 64 0
0.5 124 59 0
0.5 0 37 0
0.5 0 25 0
0.5 0 30 64
0.5 0 42 64
0.5 60 53 0
0.5 0 56 0
0.5 0 49 64
0.5 0 57 72
0.5 0 61 64
0 107 64 127
0.5 373 57 0
0.5 0 54 67
0.5 480 54 0
0.5 0 56 63
0.5 480 56 0
0.5 0 57 63
0 107 64 0
0.5 313 57 0
0.5 0 42 0
0.5 0 30 0
0.5 0 24 61
0.5 0 36 61
0.5 60 49 0
0.5 0 61 0
0.5 0 51 61
0.5 0 42 61
0 0 64 127
0.5 0 54 69
0.5 480 54 0
0.5 0 42 0
0.5 0 44 56
0.5 0 56 64
0 282 64 0
0.5 198 56 0
0.5 0 51 0
0.5 0 44 0
0.5 0 57 69
0.5 0 45 61
0 56 64 127
0.5 424 45 0
0.5 0 57 0
0.5 0 44 61
0.5 0 56 69
0.5 240 56 0
0.5 0 44 0
0.5 0 42 61
0.5 0 54 69
0 56 64 0
0.5 124 54 0
0.5 0 36 0
0.5 0 24 0
0.5 0 42 0
0.5 0 37 58
0.5 0 25 58
0.5 60 44 58
0.5 0 40 58
0.5 0 52 64
0.5 480 52 0
0.5 0 40 0
0.5 0 37 57
0.5 0 49 64
0 107 64 127
0.5 373 49 0
0.5 0 37 0
0.5 0 51 62
0.5 0 39 52
0.5 480 39 0
0.5 0 51 0
0.5 0 52 62
0.5 0 40 52
0 107 64 0
0.5 313 40 0
0.5 0 37 0
0.5 0 25 0
0.5 0 52 0
0.5 0 31 59
0.5 0 43 59
0.5 60 44 0
0.5 0 49 66
0.5 0 58 74
0.5 0 52 66
0.5 0 61 74
0 160 64 127
0 560 64 0
0.5 240 61 0
0.5 0 58 0
0.5 0 49 0
0.5 0 52 0
0.5 0 51 57
0.5 480 51 0
0.5 0 49 53
0.5 420 49 0
0.5 0 31 0
0.5 0 43 0
0.5 0 32 45
0.5 0 44 46
0.5 60 56 49
0 171 64 127
0 778 64 0
0.5 11 56 0
0.5 0 44 0
0.5 0 32 0
0.5 0 56 47
0.5 0 44 46
0 103 64 127
0.5 377 56 0
0.5 0 54 41
0 297 64 0
0.5 183 54 0
0.5 0 44 0
0.5 0 49 39
0.5 0 52 39
0 267 64 127
0.5 693 52 0
0.5 0 49 0
0.5 0 37 24
0.5 0 25 19
0 2358 64 0
0 84 64 127
0 960 64 0
0 198 64 127
0.5 1200 66 44
0 0 64 0
0 85 64 127
0.5 395 68 42
0.5 20 66 0
0.5 460 69 46
0.5 20 68 0
0.5 460 68 44
0.5 20 69 0
0 178 64 0
0.5 42 66 44
0.5 20 68 0
0.5 220 37 0
0.5 0 25 0
0.5 0 64 47
0.5 20 66 0
0 353 64 127
0.5 107 64 0
0.5 0 61 42
0.5 480 63 42
0.5 20 61 0
0.5 460 64 40
0.5 20 63 0
0 60 64 0
0.5 400 64 0
0.5 0 61 33
0.5 0 63 44
0 69 64 127
0.5 411 64 44
0.5 20 63 0
0.5 460 66 47
0.5 20 64 0
0 231 64 0
0.5 229 61 0
0.5 0 60 31
0.5 480 60 0
0.5 0 66 0
0.5 0 64 44
0.5 0 59 33
0 53 64 127
0.5 427 63 36
0.5 20 64 0
0.5 460 61 36
0.5 20 63 0
0 247 64 0
0.5 213 61 0
0.5 0 64 31
0.5 480 64 0
0.5 0 59 0
0.5 0 57 34
0.5 0 63 44
0 240 64 127
0.5 240 64 36
0.5 20 63 0
0.5 460 63 39
0.5 20 64 0
0.5 460 64 33
0.5 20 63 0
0.5 460 66 37
0.5 20 64 0
0 254 64 0
0.5 686 57 0
0.5 0 56 37
0 69 64 127
0 640 64 0
0.5 251 56 0
0.5 0 66 0
0.5 0 64 40
0.5 0 57 34
0 91 64 127
0.5 389 64 0
0.5 0 63 38
0.5 480 64 40
0.5 20 63 0
0.5 460 65 36
0.5 20 64 0
0 323 64 0
0.5 137 66 46
0.5 20 65 0
0.5 940 57 0
0.5 0 56 40
0 80 64 127
0 640 64 0
0.5 240 56 0
0.5 0 66 0
0.5 0 57 33
0.5 0 64 44
0 137 64 127
0.5 343 64 0
0.5 0 63 39
0.5 480 64 41
0.5 20 63 0
0.5 460 65 38
0.5 20 64 0
0 254 64 0
0.5 206 66 47
0.5 20 65 0
0.5 1420 66 0
0.5 0 64 31
0.5 480 64 0
0.5 0 63 36
0.5 480 57 0
0.5 0 56 33
0.5 480 56 0
0.5 0 54 31
0 27 64 127
0.5 453 63 0
0.5 0 61 30
0 160 64 0
0.5 320 61 0
0.5 0 54 0
0.5 0 56 31
0 267 64 127
0 533 64 0
0.5 1120 56 0
0.5 0 56 30
0.5 0 44 24
0 240 64 127
0.5 720 56 0
0.5 0 54 25
0 0 64 0
0 160 64 127
0 613 64 0
0.5 187 54 0
0.5 0 44 0
0.5 0 52 29
0.5 0 49 26
0 198 64 127
0.5 762 25 23
0.5 240 25 0
0.5 0 49 0
0.5 0 52 0
0 409 64 0
0 311 64 127
0.5 960 25 27
0.5 240 25 0
0 434 64 0
0 470 64 127
0.5 776 25 27
0.5 240 25 0
0 424 64 0
0 395 64 127
0.5 861 25 27
0.5 240 25 0
0 466 64 0
0 423 64 127
0.5 791 25 26
0.5 240 25 0
0 409 64 0
0.5 311 48 51
0 11 64 127
0.5 229 48 0
0.5 720 25 26
0.5 240 25 0
0 469 64 0
0.5 251 49 51
0 141 64 127
0.5 99 49 0
0.5 720 25 27
0.5 240 25 0
0 325 64 0
0.5 395 51 53
0 56 64 127
0.5 184 51 0
0.5 720 25 26
0.5 240 25 0
0 353 64 0
0.5 367 52 52
0 141 64 127
0.5 99 52 0
0.5 720 25 25
0.5 240 25 0
0 452 64 0
0.5 268 54 68
0 46 64 127
0.5 194 54 0
0.5 720 25 29
0.5 240 25 0
0.5 1680 25 28
0.5 240 25 0
0 381 64 0
0.5 339 48 52
0 69 64 127
0.5 171 48 0
0.5 720 25 29
0.5 240 25 0
0.5 1680 25 28
0.5 240 25 0
0 438 64 0
0.5 282 52 52
0 99 64 127
0.5 141 52 0
0.5 720 25 27
0.5 240 25 0
0 381 64 0
0.5 339 51 68
0 71 64 127
0.5 169 51 0
0.5 720 25 26
0.5 240 25 0
0 452 64 0
0.5 268 52 49
0 198 64 127
0.5 42 52 0
0.5 720 25 26
0.5 240 25 0
0 438 64 0
0.5 282 51 68
0 184 64 127
0.5 56 51 0
0.5 720 25 27
0.5 240 25 0
0 508 64 0
0.5 212 52 52
0 14 64 127
0.5 226 52 0
0.5 720 25 26
0.5 240 25 0
0.5 1680 25 18
0.5 240 25 0
0 367 64 0
1 0 0 0
