0 0 7 127
0 0 10 64
0.5 1440 69 50
0.5 360 69 0
0.5 0 71 42
0.5 120 71 0
0.5 0 69 50
0.5 80 74 38
0.5 80 74 0
0.5 0 78 38
0.5 80 78 0
0.5 0 79 47
0.5 80 79 0
0.5 0 78 38
0.5 80 78 0
0.5 0 74 38
0.5 77 69 0
0.5 3 74 0
0.5 0 69 50
0.5 80 74 37
0.5 80 74 0
0.5 0 78 37
0.5 80 78 0
0.5 0 79 49
0.5 80 79 0
0.5 0 78 41
0.5 80 78 0
0.5 0 74 41
0.5 80 74 0
0.5 0 69 0
0.5 0 71 55
0.5 80 74 45
0.5 80 74 0
0.5 0 79 45
0.5 80 79 0
0.5 0 81 52
0.5 80 81 0
0.5 0 79 42
0.5 80 79 0
0.5 0 74 42
0.5 70 71 0
0.5 10 74 0
0.5 0 71 55
0.5 80 74 45
0.5 80 74 0
0.5 0 79 45
0.5 80 79 0
0.5 0 81 52
0.5 80 81 0
0.5 0 79 42
0.5 80 79 0
0.5 0 74 42
0.5 80 74 0
0.5 0 71 0
0.5 0 69 50
0.5 80 74 41
0.5 80 74 0
0.5 0 78 41
0.5 80 78 0
0.5 0 79 48
0.5 80 79 0
0.5 0 78 39
0.5 80 78 0
0.5 0 74 39
0.5 80 74 0
0.5 0 69 0
0.5 0 74 50
0.5 80 78 41
0.5 80 78 0
0.5 0 81 41
0.5 80 81 0
0.5 0 83 48
0.5 80 83 0
0.5 0 81 39
0.5 80 81 0
0.5 0 78 39
0.5 80 78 0
0.5 0 74 0
0.5 0 78 48
0.5 80 78 0
0.5 0 79 42
0.5 80 79 0
0.5 0 81 42
0.5 80 81 0
0.5 0 83 55
0.5 80 83 0
0.5 0 85 48
0.5 80 85 0
0.5 0 86 48
0.5 80 86 0
0.5 0 88 62
0.5 80 88 0
0.5 0 90 50
0.5 80 90 0
0.5 0 91 51
0.5 80 91 0
0.5 0 92 67
0.5 80 92 0
0.5 0 95 59
0.5 80 95 0
0.5 0 93 53
0.5 80 93 0
0.5 0 91 72
0.5 80 91 0
0.5 0 93 60
0.5 80 93 0
0.5 0 91 60
0.5 80 91 0
0.5 0 90 70
0.5 80 90 0
0.5 0 91 58
0.5 80 91 0
0.5 0 90 58
0.5 80 90 0
0.5 0 88 69
0.5 80 88 0
0.5 0 90 61
0.5 80 90 0
0.5 0 88 59
0.5 80 88 0
0.5 0 86 69
0.5 80 86 0
0.5 0 88 58
0.5 80 88 0
0.5 0 86 58
0.5 80 86 0
0.5 0 85 68
0.5 80 85 0
0.5 0 86 56
0.5 80 86 0
0.5 0 85 56
0.5 80 85 0
0.5 0 83 65
0.5 80 83 0
0.5 0 85 55
0.5 80 85 0
0.5 0 83 55
0.5 80 83 0
0.5 0 81 64
0.5 80 81 0
0.5 0 83 55
0.5 80 83 0
0.5 0 81 55
0.5 80 81 0
0.5 0 79 64
0.5 80 79 0
0.5 0 81 54
0.5 80 81 0
0.5 0 79 54
0.5 80 79 0
0.5 0 78 70
0.5 80 78 0
0.5 0 79 55
0.5 80 79 0
0.5 0 78 55
0.5 80 78 0
0.5 0 76 63
0.5 80 76 0
0.5 0 78 50
0.5 80 78 0
0.5 0 76 50
0.5 80 76 0
0.5 0 74 60
0.5 80 74 0
0.5 0 76 49
0.5 80 76 0
0.5 0 74 49
0.5 80 74 0
0.5 0 73 60
0.5 80 73 0
0.5 0 74 47
0.5 80 74 0
0.5 0 73 47
0.5 80 73 0
0.5 0 71 55
0.5 80 71 0
0.5 0 73 46
0.5 80 73 0
0.5 0 71 46
0.5 80 71 0
0.5 0 69 54
0.5 80 69 0
0.5 0 71 43
0.5 80 71 0
0.5 0 69 43
0.5 80 69 0
0.5 0 68 47
0.5 80 68 0
0.5 0 71 36
0.5 80 71 0
0.5 0 73 36
0.5 80 73 0
0.5 0 74 46
0.5 80 74 0
0.5 0 71 37
0.5 80 71 0
0.5 0 68 37
0.5 80 68 0
0.5 0 69 50
0.5 80 74 38
0.5 80 74 0
0.5 0 78 38
0.5 80 78 0
0.5 0 79 47
0.5 80 79 0
0.5 0 78 38
0.5 80 78 0
0.5 0 74 38
0.5 70 69 0
0.5 10 74 0
0.5 0 69 50
0.5 80 74 37
0.5 80 74 0
0.5 0 78 37
0.5 80 78 0
0.5 0 79 49
0.5 80 79 0
0.5 0 78 41
0.5 80 78 0
0.5 0 74 41
0.5 80 74 0
0.5 0 69 0
0.5 0 71 55
0.5 80 74 45
0.5 80 74 0
0.5 0 79 45
0.5 80 79 0
0.5 0 81 52
0.5 80 81 0
0.5 0 79 42
0.5 80 79 0
0.5 0 74 42
0.5 74 71 0
0.5 6 74 0
0.5 0 71 55
0.5 80 74 45
0.5 80 74 0
0.5 0 79 45
0.5 80 79 0
0.5 0 81 52
0.5 80 81 0
0.5 0 79 42
0.5 80 79 0
0.5 0 74 42
0.5 80 74 0
0.5 0 71 0
0.5 0 69 50
0.5 80 74 41
0.5 80 74 0
0.5 0 78 41
0.5 80 78 0
0.5 0 79 48
0.5 80 79 0
0.5 0 78 39
0.5 80 78 0
0.5 0 74 39
0.5 80 74 0
0.5 0 69 0
0.5 0 74 50
0.5 80 78 41
0.5 80 78 0
0.5 0 81 41
0.5 80 81 0
0.5 0 83 48
0.5 80 83 0
0.5 0 81 39
0.5 80 81 0
0.5 0 78 39
0.5 80 78 0
0.5 0 74 0
0.5 0 78 48
0.5 80 78 0
0.5 0 79 42
0.5 80 79 0
0.5 0 81 42
0.5 80 81 0
0.5 0 83 55
0.5 80 83 0
0.5 0 85 48
0.5 80 85 0
0.5 0 86 48
0.5 80 86 0
0.5 0 88 62
0.5 80 88 0
0.5 0 90 50
0.5 80 90 0
0.5 0 91 51
0.5 80 91 0
0.5 0 92 67
0.5 80 92 0
0.5 0 95 59
0.5 80 95 0
0.5 0 93 53
0.5 80 93 0
0.5 0 86 77
0.5 80 86 0
0.5 0 98 73
0.5 80 98 0
0.5 0 97 63
0.5 80 97 0
0.5 0 95 70
0.5 80 95 0
0.5 0 93 61
0.5 80 93 0
0.5 0 91 59
0.5 80 91 0
0.5 0 90 71
0.5 80 90 0
0.5 0 88 58
0.5 80 88 0
0.5 0 86 58
0.5 80 86 0
0.5 0 85 70
0.5 80 85 0
0.5 0 86 57
0.5 80 86 0
0.5 0 83 57
0.5 80 83 0
0.5 0 81 70
0.5 80 81 0
0.5 0 91 63
0.5 80 91 0
0.5 0 90 56
0.5 80 90 0
0.5 0 88 65
0.5 80 88 0
0.5 0 86 52
0.5 80 86 0
0.5 0 85 52
0.5 80 85 0
0.5 0 83 65
0.5 80 83 0
0.5 0 81 55
0.5 80 81 0
0.5 0 79 55
0.5 80 79 0
0.5 0 78 63
0.5 80 78 0
0.5 0 79 56
0.5 80 79 0
0.5 0 76 56
0.5 80 76 0
0.5 0 74 71
0.5 80 74 0
0.5 0 78 56
0.5 80 78 0
0.5 0 81 57
0.5 80 81 0
0.5 0 83 63
0.5 80 83 0
0.5 0 81 54
0.5 80 81 0
0.5 0 78 54
0.5 80 78 0
0.5 0 74 67
0.5 80 74 0
0.5 0 78 62
0.5 80 78 0
0.5 0 81 62
0.5 80 81 0
0.5 0 86 74
0.5 80 86 0
0.5 0 90 77
0.5 80 90 0
0.5 0 93 81
0.5 80 93 0
0.5 0 98 93
0.5 120 98 0
0.5 360 69 50
0.5 360 69 0
0.5 0 71 42
0.5 120 71 0
0.5 0 69 50
0.5 80 74 38
0.5 80 74 0
0.5 0 78 38
0.5 80 78 0
0.5 0 79 47
0.5 80 79 0
0.5 0 78 38
0.5 80 78 0
0.5 0 74 38
0.5 70 69 0
0.5 10 74 0
0.5 0 69 50
0.5 80 74 37
0.5 80 74 0
0.5 0 78 37
0.5 80 78 0
0.5 0 79 49
0.5 80 79 0
0.5 0 78 41
0.5 80 78 0
0.5 0 74 41
0.5 80 74 0
0.5 0 69 0
0.5 0 71 55
0.5 80 74 45
0.5 80 74 0
0.5 0 79 45
0.5 80 79 0
0.5 0 81 52
0.5 80 81 0
0.5 0 79 42
0.5 80 79 0
0.5 0 74 42
0.5 70 71 0
0.5 10 74 0
0.5 0 71 55
0.5 80 74 45
0.5 80 74 0
0.5 0 79 45
0.5 80 79 0
0.5 0 81 52
0.5 80 81 0
0.5 0 79 42
0.5 80 79 0
0.5 0 74 42
0.5 80 74 0
0.5 0 71 0
0.5 0 69 50
0.5 80 74 41
0.5 80 74 0
0.5 0 78 41
0.5 80 78 0
0.5 0 79 48
0.5 80 79 0
0.5 0 78 39
0.5 80 78 0
0.5 0 74 39
0.5 80 74 0
0.5 0 69 0
0.5 0 74 50
0.5 80 78 41
0.5 80 78 0
0.5 0 81 41
0.5 80 81 0
0.5 0 83 48
0.5 80 83 0
0.5 0 81 39
0.5 80 81 0
0.5 0 78 39
0.5 80 78 0
0.5 0 74 0
0.5 0 78 48
0.5 80 78 0
0.5 0 79 42
0.5 80 79 0
0.5 0 81 42
0.5 80 81 0
0.5 0 83 55
0.5 80 83 0
0.5 0 85 48
0.5 80 85 0
0.5 0 86 48
0.5 80 86 0
0.5 0 88 62
0.5 80 88 0
0.5 0 90 50
0.5 80 90 0
0.5 0 91 51
0.5 80 91 0
0.5 0 92 67
0.5 80 92 0
0.5 0 95 59
0.5 80 95 0
0.5 0 93 53
0.5 80 93 0
0.5 0 91 72
0.5 80 91 0
0.5 0 93 60
0.5 80 93 0
0.5 0 91 60
0.5 80 91 0
0.5 0 90 70
0.5 80 90 0
0.5 0 91 58
0.5 80 91 0
0.5 0 90 58
0.5 80 90 0
0.5 0 88 71
0.5 80 88 0
0.5 0 90 61
0.5 80 90 0
0.5 0 88 59
0.5 80 88 0
0.5 0 86 69
0.5 80 86 0
0.5 0 88 58
0.5 80 88 0
0.5 0 86 58
0.5 80 86 0
0.5 0 85 68
0.5 80 85 0
0.5 0 86 56
0.5 80 86 0
0.5 0 85 56
0.5 80 85 0
0.5 0 83 65
0.5 80 83 0
0.5 0 85 55
0.5 80 85 0
0.5 0 83 55
0.5 80 83 0
0.5 0 81 64
0.5 80 81 0
0.5 0 83 55
0.5 80 83 0
0.5 0 81 55
0.5 80 81 0
0.5 0 79 64
0.5 80 79 0
0.5 0 81 54
0.5 80 81 0
0.5 0 79 54
0.5 80 79 0
0.5 0 78 70
0.5 80 78 0
0.5 0 79 55
0.5 80 79 0
0.5 0 78 55
0.5 80 78 0
0.5 0 76 63
0.5 80 76 0
0.5 0 78 50
0.5 80 78 0
0.5 0 76 50
0.5 80 76 0
0.5 0 74 60
0.5 80 74 0
0.5 0 76 49
0.5 80 76 0
0.5 0 74 49
0.5 80 74 0
0.5 0 73 60
0.5 80 73 0
0.5 0 74 47
0.5 80 74 0
0.5 0 73 47
0.5 80 73 0
0.5 0 71 55
0.5 80 71 0
0.5 0 73 46
0.5 80 73 0
0.5 0 71 46
0.5 80 71 0
0.5 0 69 54
0.5 80 69 0
0.5 0 71 43
0.5 80 71 0
0.5 0 69 43
0.5 80 69 0
0.5 0 68 47
0.5 80 68 0
0.5 0 71 36
0.5 80 71 0
0.5 0 73 36
0.5 80 73 0
0.5 0 74 46
0.5 80 74 0
0.5 0 71 37
0.5 80 71 0
0.5 0 68 37
0.5 80 68 0
0.5 0 69 50
0.5 80 74 38
0.5 80 74 0
0.5 0 78 38
0.5 80 78 0
0.5 0 79 47
0.5 80 79 0
0.5 0 78 38
0.5 80 78 0
0.5 0 74 38
0.5 70 69 0
0.5 10 74 0
0.5 0 69 50
0.5 80 74 37
0.5 80 74 0
0.5 0 78 37
0.5 80 78 0
0.5 0 79 49
0.5 80 79 0
0.5 0 78 41
0.5 80 78 0
0.5 0 74 41
0.5 80 74 0
0.5 0 69 0
0.5 0 71 55
0.5 80 74 45
0.5 80 74 0
0.5 0 79 45
0.5 80 79 0
0.5 0 81 52
0.5 80 81 0
0.5 0 79 42
0.5 80 79 0
0.5 0 74 42
0.5 70 71 0
0.5 10 74 0
0.5 0 71 55
0.5 80 74 45
0.5 80 74 0
0.5 0 79 45
0.5 80 79 0
0.5 0 81 52
0.5 80 81 0
0.5 0 79 42
0.5 80 79 0
0.5 0 74 42
0.5 80 74 0
0.5 0 71 0
0.5 0 69 50
0.5 80 74 41
0.5 80 74 0
0.5 0 78 41
0.5 80 78 0
0.5 0 79 48
0.5 80 79 0
0.5 0 78 39
0.5 80 78 0
0.5 0 74 39
0.5 80 74 0
0.5 0 69 0
0.5 0 74 50
0.5 80 78 41
0.5 80 78 0
0.5 0 81 41
0.5 80 81 0
0.5 0 83 48
0.5 80 83 0
0.5 0 81 39
0.5 80 81 0
0.5 0 78 39
0.5 80 78 0
0.5 0 74 0
0.5 0 78 48
0.5 80 78 0
0.5 0 79 42
0.5 80 79 0
0.5 0 81 42
0.5 80 81 0
0.5 0 83 55
0.5 80 83 0
0.5 0 85 48
0.5 80 85 0
0.5 0 86 48
0.5 80 86 0
0.5 0 88 62
0.5 80 88 0
0.5 0 90 50
0.5 80 90 0
0.5 0 91 51
0.5 80 91 0
0.5 0 92 67
0.5 80 92 0
0.5 0 95 59
0.5 80 95 0
0.5 0 93 53
0.5 80 93 0
0.5 0 86 77
0.5 80 86 0
0.5 0 98 73
0.5 80 98 0
0.5 0 97 63
0.5 80 97 0
0.5 0 95 70
0.5 80 95 0
0.5 0 93 61
0.5 80 93 0
0.5 0 91 59
0.5 80 91 0
0.5 0 90 70
0.5 80 90 0
0.5 0 88 59
0.5 80 88 0
0.5 0 86 59
0.5 80 86 0
0.5 0 85 67
0.5 80 85 0
0.5 0 86 58
0.5 80 86 0
0.5 0 83 58
0.5 80 83 0
0.5 0 81 70
0.5 80 81 0
0.5 0 91 63
0.5 80 91 0
0.5 0 90 56
0.5 80 90 0
0.5 0 88 62
0.5 80 88 0
0.5 0 86 52
0.5 80 86 0
0.5 0 85 52
0.5 80 85 0
0.5 0 83 67
0.5 80 83 0
0.5 0 81 55
0.5 80 81 0
0.5 0 79 55
0.5 80 79 0
0.5 0 78 62
0.5 80 78 0
0.5 0 79 55
0.5 80 79 0
0.5 0 76 55
0.5 80 76 0
0.5 0 74 71
0.5 80 74 0
0.5 0 78 56
0.5 80 78 0
0.5 0 81 57
0.5 80 81 0
0.5 0 83 63
0.5 80 83 0
0.5 0 81 54
0.5 80 81 0
0.5 0 78 54
0.5 80 78 0
0.5 0 74 67
0.5 80 74 0
0.5 0 78 62
0.5 80 78 0
0.5 0 81 62
0.5 80 81 0
0.5 0 86 74
0.5 80 86 0
0.5 0 90 77
0.5 80 90 0
0.5 0 93 81
0.5 80 93 0
0.5 0 98 93
0.5 120 98 0
0.5 920 71 38
0.5 80 71 0
0.5 0 73 38
0.5 80 73 0
0.5 0 74 47
0.5 80 74 0
0.5 0 73 38
0.5 80 73 0
0.5 0 71 38
0.5 80 71 0
0.5 80 74 37
0.5 80 74 0
0.5 0 76 37
0.5 80 76 0
0.5 0 78 49
0.5 80 78 0
0.5 0 76 41
0.5 80 76 0
0.5 0 74 41
0.5 80 74 0
0.5 80 70 45
0.5 80 70 0
0.5 0 78 46
0.5 80 78 0
0.5 80 71 45
0.5 80 71 0
0.5 0 78 46
0.5 80 78 0
0.5 80 73 51
0.5 80 73 0
0.5 0 78 52
0.5 80 78 0
0.5 80 76 50
0.5 80 76 0
0.5 0 78 51
0.5 80 78 0
0.5 80 74 57
0.5 80 74 0
0.5 0 78 62
0.5 80 78 0
0.5 0 83 66
0.5 80 83 0
0.5 0 78 56
0.5 80 78 0
0.5 0 74 56
0.5 80 74 0
0.5 80 74 52
0.5 80 74 0
0.5 0 78 58
0.5 80 78 0
0.5 0 83 63
0.5 80 83 0
0.5 0 78 56
0.5 80 78 0
0.5 0 74 56
0.5 80 74 0
0.5 80 71 50
0.5 80 71 0
0.5 0 74 55
0.5 80 74 0
0.5 0 83 63
0.5 80 83 0
0.5 0 74 51
0.5 80 74 0
0.5 0 71 51
0.5 80 71 0
0.5 80 71 55
0.5 80 71 0
0.5 0 74 55
0.5 80 74 0
0.5 0 83 63
0.5 80 83 0
0.5 0 74 62
0.5 80 74 0
0.5 0 71 68
0.5 80 71 0
0.5 0 83 77
0.5 80 74 61
0.5 80 74 0
0.5 0 79 61
0.5 74 83 0
0.5 6 79 0
0.5 0 83 66
0.5 80 83 0
0.5 0 79 62
0.5 80 79 0
0.5 0 74 55
0.5 80 74 0
0.5 0 86 78
0.5 80 79 61
0.5 80 79 0
0.5 0 83 61
0.5 75 86 0
0.5 5 83 0
0.5 0 86 68
0.5 80 86 0
0.5 0 83 59
0.5 80 83 0
0.5 0 79 59
0.5 80 79 0
0.5 0 91 76
0.5 80 83 61
0.5 80 83 0
0.5 0 86 58
0.5 71 91 0
0.5 9 86 0
0.5 0 91 67
0.5 80 91 0
0.5 0 86 61
0.5 80 86 0
0.5 0 83 61
0.5 80 83 0
0.5 0 95 78
0.5 80 86 58
0.5 80 86 0
0.5 0 91 58
0.5 75 95 0
0.5 5 91 0
0.5 0 95 67
0.5 80 95 0
0.5 0 91 54
0.5 80 91 0
0.5 0 86 54
0.5 80 86 0
0.5 0 93 77
0.5 80 86 61
0.5 80 86 0
0.5 0 88 63
0.5 80 88 0
0.5 0 90 67
0.5 80 90 0
0.5 0 88 63
0.5 80 88 0
0.5 0 86 63
0.5 80 86 0
0.5 80 86 63
0.5 80 86 0
0.5 0 88 65
0.5 80 88 0
0.5 0 90 68
0.5 80 90 0
0.5 0 88 64
0.5 80 88 0
0.5 0 86 59
0.5 80 86 0
0.5 80 86 57
0.5 80 86 0
0.5 0 88 61
0.5 80 88 0
0.5 0 90 62
0.5 80 90 0
0.5 0 88 59
0.5 80 88 0
0.5 0 86 58
0.5 80 86 0
0.5 0 93 0
0.5 0 93 78
0.5 80 86 58
0.5 80 86 0
0.5 0 88 61
0.5 80 88 0
0.5 0 90 64
0.5 80 90 0
0.5 0 88 61
0.5 80 88 0
0.5 0 86 55
0.5 80 86 0
0.5 0 93 0
0.5 0 93 79
0.5 80 81 62
0.5 80 81 0
0.5 0 86 62
0.5 80 86 0
0.5 0 88 70
0.5 80 88 0
0.5 0 86 63
0.5 80 86 0
0.5 0 81 63
0.5 70 93 0
0.5 10 81 0
0.5 0 93 82
0.5 80 81 63
0.5 80 81 0
0.5 0 86 63
0.5 80 86 0
0.5 0 88 72
0.5 80 88 0
0.5 0 86 63
0.5 80 86 0
0.5 0 81 63
0.5 80 81 0
0.5 0 93 0
0.5 80 81 66
0.5 80 81 0
0.5 0 85 66
0.5 80 85 0
0.5 0 93 80
0.5 80 85 70
0.5 80 85 0
0.5 0 81 70
0.5 80 81 0
0.5 0 93 0
0.5 80 79 66
0.5 80 79 0
0.5 0 85 66
0.5 80 85 0
0.5 0 91 80
0.5 80 85 66
0.5 80 85 0
0.5 0 79 66
0.5 80 79 0
0.5 0 91 0
0.5 80 78 72
0.5 80 78 0
0.5 0 85 72
0.5 80 85 0
0.5 0 90 87
0.5 80 85 77
0.5 80 85 0
0.5 0 78 77
0.5 80 78 0
0.5 0 90 0
0.5 80 85 72
0.5 80 85 0
0.5 0 90 72
0.5 80 90 0
0.5 0 97 85
0.5 80 90 68
0.5 80 90 0
0.5 0 85 68
0.5 80 85 0
0.5 0 97 0
0.5 80 86 75
0.5 80 86 0
0.5 0 90 82
0.5 80 90 0
0.5 0 98 86
0.5 80 90 68
0.5 80 90 0
0.5 0 86 68
0.5 80 86 0
0.5 0 98 0
0.5 80 86 70
0.5 80 86 0
0.5 0 89 70
0.5 80 89 0
0.5 0 95 82
0.5 80 89 73
0.5 80 89 0
0.5 0 86 78
0.5 80 86 0
0.5 0 95 0
0.5 0 93 92
0.5 80 93 0
0.5 0 98 88
0.5 80 98 0
0.5 0 97 75
0.5 80 97 0
0.5 0 95 84
0.5 80 95 0
0.5 0 93 73
0.5 80 93 0
0.5 0 91 70
0.5 80 91 0
0.5 0 90 85
0.5 80 90 0
0.5 0 88 66
0.5 80 88 0
0.5 0 86 66
0.5 80 86 0
0.5 0 85 84
0.5 80 85 0
0.5 0 86 67
0.5 80 86 0
0.5 0 83 67
0.5 80 83 0
0.5 0 81 89
0.5 80 81 0
0.5 0 91 75
0.5 80 91 0
0.5 0 90 67
0.5 80 90 0
0.5 0 88 83
0.5 80 88 0
0.5 0 86 67
0.5 80 86 0
0.5 0 85 67
0.5 80 85 0
0.5 0 83 81
0.5 80 83 0
0.5 0 81 64
0.5 80 81 0
0.5 0 79 62
0.5 80 79 0
0.5 0 78 75
0.5 80 78 0
0.5 0 79 63
0.5 80 79 0
0.5 0 76 63
0.5 80 76 0
0.5 0 74 85
0.5 80 74 0
0.5 0 78 67
0.5 80 78 0
0.5 0 81 67
0.5 80 81 0
0.5 0 83 74
0.5 80 83 0
0.5 0 81 62
0.5 80 81 0
0.5 0 78 62
0.5 80 78 0
0.5 0 74 77
0.5 80 74 0
0.5 0 78 69
0.5 80 78 0
0.5 0 81 69
0.5 80 81 0
0.5 0 86 81
0.5 80 86 0
0.5 0 90 84
0.5 80 90 0
0.5 0 93 88
0.5 80 93 0
0.5 0 98 100
0.5 120 98 0
0.5 920 71 38
0.5 80 71 0
0.5 0 73 38
0.5 80 73 0
0.5 0 74 47
0.5 80 74 0
0.5 0 73 38
0.5 80 73 0
0.5 0 71 38
0.5 80 71 0
0.5 80 74 37
0.5 80 74 0
0.5 0 76 37
0.5 80 76 0
0.5 0 78 49
0.5 80 78 0
0.5 0 76 41
0.5 80 76 0
0.5 0 74 41
0.5 80 74 0
0.5 80 70 45
0.5 80 70 0
0.5 0 78 46
0.5 80 78 0
0.5 80 71 45
0.5 80 71 0
0.5 0 78 46
0.5 80 78 0
0.5 80 73 51
0.5 80 73 0
0.5 0 78 52
0.5 80 78 0
0.5 80 76 50
0.5 80 76 0
0.5 0 78 51
0.5 80 78 0
0.5 80 74 57
0.5 80 74 0
0.5 0 78 62
0.5 80 78 0
0.5 0 83 66
0.5 80 83 0
0.5 0 78 56
0.5 80 78 0
0.5 0 74 56
0.5 80 74 0
0.5 80 74 52
0.5 80 74 0
0.5 0 78 58
0.5 80 78 0
0.5 0 83 63
0.5 80 83 0
0.5 0 78 56
0.5 80 78 0
0.5 0 74 56
0.5 80 74 0
0.5 80 71 50
0.5 80 71 0
0.5 0 74 55
0.5 80 74 0
0.5 0 83 63
0.5 80 83 0
0.5 0 74 51
0.5 80 74 0
0.5 0 71 51
0.5 80 71 0
0.5 80 71 55
0.5 80 71 0
0.5 0 74 55
0.5 80 74 0
0.5 0 83 63
0.5 80 83 0
0.5 0 74 62
0.5 80 74 0
0.5 0 71 68
0.5 80 71 0
0.5 0 83 77
0.5 80 74 61
0.5 80 74 0
0.5 0 79 61
0.5 74 83 0
0.5 6 79 0
0.5 0 83 66
0.5 80 83 0
0.5 0 79 62
0.5 80 79 0
0.5 0 74 55
0.5 80 74 0
0.5 0 86 78
0.5 80 79 61
0.5 80 79 0
0.5 0 83 61
0.5 75 86 0
0.5 5 83 0
0.5 0 86 68
0.5 80 86 0
0.5 0 83 59
0.5 80 83 0
0.5 0 79 59
0.5 80 79 0
0.5 0 91 76
0.5 80 83 61
0.5 80 83 0
0.5 0 86 58
0.5 71 91 0
0.5 9 86 0
0.5 0 91 67
0.5 80 91 0
0.5 0 86 61
0.5 80 86 0
0.5 0 83 61
0.5 80 83 0
0.5 0 95 78
0.5 80 86 58
0.5 80 86 0
0.5 0 91 58
0.5 75 95 0
0.5 5 91 0
0.5 0 95 67
0.5 80 95 0
0.5 0 91 54
0.5 80 91 0
0.5 0 86 54
0.5 80 86 0
0.5 0 93 77
0.5 80 86 61
0.5 80 86 0
0.5 0 88 63
0.5 80 88 0
0.5 0 90 67
0.5 80 90 0
0.5 0 88 63
0.5 80 88 0
0.5 0 86 63
0.5 80 86 0
0.5 80 86 63
0.5 80 86 0
0.5 0 88 65
0.5 80 88 0
0.5 0 90 68
0.5 80 90 0
0.5 0 88 64
0.5 80 88 0
0.5 0 86 59
0.5 80 86 0
0.5 80 86 57
0.5 80 86 0
0.5 0 88 61
0.5 80 88 0
0.5 0 90 62
0.5 80 90 0
0.5 0 88 59
0.5 80 88 0
0.5 0 86 58
0.5 80 86 0
0.5 0 93 0
0.5 0 93 78
0.5 80 86 58
0.5 80 86 0
0.5 0 88 61
0.5 80 88 0
0.5 0 90 64
0.5 80 90 0
0.5 0 88 61
0.5 80 88 0
0.5 0 86 55
0.5 80 86 0
0.5 0 93 0
0.5 0 93 79
0.5 80 81 62
0.5 80 81 0
0.5 0 86 62
0.5 80 86 0
0.5 0 88 70
0.5 80 88 0
0.5 0 86 63
0.5 80 86 0
0.5 0 81 63
0.5 70 93 0
0.5 10 81 0
0.5 0 93 82
0.5 80 81 63
0.5 80 81 0
0.5 0 86 63
0.5 80 86 0
0.5 0 88 72
0.5 80 88 0
0.5 0 86 63
0.5 80 86 0
0.5 0 81 63
0.5 80 81 0
0.5 0 93 0
0.5 80 81 66
0.5 80 81 0
0.5 0 85 66
0.5 80 85 0
0.5 0 93 80
0.5 80 85 70
0.5 80 85 0
0.5 0 81 70
0.5 80 81 0
0.5 0 93 0
0.5 80 79 66
0.5 80 79 0
0.5 0 85 66
0.5 80 85 0
0.5 0 91 80
0.5 80 85 66
0.5 80 85 0
0.5 0 79 66
0.5 80 79 0
0.5 0 91 0
0.5 80 78 72
0.5 80 78 0
0.5 0 85 72
0.5 80 85 0
0.5 0 90 90
0.5 80 85 77
0.5 80 85 0
0.5 0 78 77
0.5 80 78 0
0.5 0 90 0
0.5 80 85 72
0.5 80 85 0
0.5 0 90 72
0.5 80 90 0
0.5 0 97 85
0.5 80 90 68
0.5 80 90 0
0.5 0 85 68
0.5 80 85 0
0.5 0 97 0
0.5 80 86 75
0.5 80 86 0
0.5 0 90 82
0.5 80 90 0
0.5 0 98 86
0.5 80 90 68
0.5 80 90 0
0.5 0 86 68
0.5 80 86 0
0.5 0 98 0
0.5 80 86 70
0.5 80 86 0
0.5 0 89 70
0.5 80 89 0
0.5 0 95 82
0.5 80 89 73
0.5 80 89 0
0.5 0 86 78
0.5 80 86 0
0.5 0 95 0
0.5 0 93 92
0.5 80 93 0
0.5 0 98 88
0.5 80 98 0
0.5 0 97 75
0.5 80 97 0
0.5 0 95 84
0.5 80 95 0
0.5 0 93 73
0.5 80 93 0
0.5 0 91 70
0.5 80 91 0
0.5 0 90 80
0.5 80 90 0
0.5 0 88 66
0.5 80 88 0
0.5 0 86 66
0.5 80 86 0
0.5 0 85 79
0.5 80 85 0
0.5 0 86 67
0.5 80 86 0
0.5 0 83 67
0.5 80 83 0
0.5 0 81 89
0.5 80 81 0
0.5 0 91 75
0.5 80 91 0
0.5 0 90 67
0.5 80 90 0
0.5 0 88 85
0.5 80 88 0
0.5 0 86 67
0.5 80 86 0
0.5 0 85 67
0.5 80 85 0
0.5 0 83 76
0.5 80 83 0
0.5 0 81 59
0.5 80 81 0
0.5 0 79 57
0.5 80 79 0
0.5 0 78 69
0.5 80 78 0
0.5 0 79 58
0.5 80 79 0
0.5 0 76 58
0.5 80 76 0
0.5 0 74 78
0.5 80 74 0
0.5 0 78 61
0.5 80 78 0
0.5 0 81 61
0.5 80 81 0
0.5 0 83 68
0.5 80 83 0
0.5 0 81 57
0.5 80 81 0
0.5 0 78 49
0.5 80 78 0
0.5 0 74 64
0.5 80 74 0
0.5 0 78 49
0.5 80 78 0
0.5 0 81 49
0.5 80 81 0
0.5 0 83 59
0.5 80 83 0
0.5 0 81 47
0.5 80 81 0
0.5 0 78 47
0.5 80 78 0
0.5 0 74 59
0.5 80 74 0
0.5 0 81 50
0.5 80 81 0
0.5 0 84 49
0.5 80 84 0
0.5 0 86 56
0.5 80 86 0
0.5 0 84 45
0.5 80 84 0
0.5 0 81 45
0.5 80 81 0
0.5 0 74 54
0.5 80 74 0
0.5 0 81 42
0.5 80 81 0
0.5 0 84 42
0.5 80 84 0
0.5 0 86 56
0.5 80 86 0
0.5 0 84 45
0.5 80 84 0
0.5 0 81 45
0.5 80 81 0
0.5 0 74 63
0.5 80 74 0
0.5 0 79 58
0.5 80 79 0
0.5 0 83 61
0.5 80 83 0
0.5 0 86 72
0.5 80 86 0
0.5 0 91 69
0.5 80 91 0
0.5 0 95 76
0.5 80 95 0
0.5 0 98 86
0.5 80 98 0
0.5 0 95 69
0.5 80 95 0
0.5 0 91 64
0.5 80 91 0
0.5 0 86 69
0.5 80 86 0
0.5 0 83 59
0.5 80 83 0
0.5 0 79 56
0.5 80 79 0
0.5 0 74 59
0.5 80 74 0
0.5 0 79 50
0.5 80 79 0
0.5 0 81 49
0.5 80 81 0
0.5 0 82 56
0.5 80 82 0
0.5 0 81 45
0.5 80 81 0
0.5 0 79 45
0.5 80 79 0
0.5 0 74 54
0.5 80 74 0
0.5 0 79 42
0.5 80 79 0
0.5 0 81 42
0.5 80 81 0
0.5 0 82 56
0.5 80 82 0
0.5 0 81 45
0.5 80 81 0
0.5 0 79 45
0.5 80 79 0
0.5 0 74 63
0.5 80 74 0
0.5 0 78 58
0.5 80 78 0
0.5 0 81 61
0.5 80 81 0
0.5 0 86 72
0.5 80 86 0
0.5 0 90 69
0.5 80 90 0
0.5 0 93 76
0.5 80 93 0
0.5 0 98 87
0.5 80 98 0
0.5 0 93 71
0.5 80 93 0
0.5 0 90 69
0.5 80 90 0
0.5 0 86 72
0.5 80 86 0
0.5 0 81 52
0.5 80 81 0
0.5 0 78 50
0.5 80 78 0
0.5 0 74 51
0.5 60 74 0
0.5 20 74 48
0.5 80 74 0
0.5 0 76 50
0.5 80 76 0
0.5 0 77 52
0.5 80 77 0
0.5 0 76 47
0.5 80 76 0
0.5 0 74 48
0.5 80 74 0
0.5 80 74 49
0.5 80 74 0
0.5 0 76 56
0.5 80 76 0
0.5 0 77 55
0.5 80 77 0
0.5 0 76 51
0.5 80 76 0
0.5 0 74 51
0.5 80 74 0
0.5 80 73 55
0.5 80 73 0
0.5 0 74 58
0.5 80 74 0
0.5 0 76 59
0.5 80 76 0
0.5 0 74 55
0.5 80 74 0
0.5 0 73 56
0.5 80 73 0
0.5 80 67 57
0.5 80 67 0
0.5 0 69 64
0.5 80 69 0
0.5 0 70 62
0.5 80 70 0
0.5 0 69 58
0.5 80 69 0
0.5 0 67 58
0.5 80 67 0
0.5 80 61 60
0.5 80 61 0
0.5 0 62 68
0.5 80 62 0
0.5 0 64 66
0.5 80 64 0
0.5 0 62 62
0.5 80 62 0
0.5 0 61 62
0.5 80 61 0
0.5 80 55 73
0.5 80 57 75
0.5 16 55 0
0.5 64 58 79
0.5 16 57 0
0.5 64 57 78
0.5 16 58 0
0.5 64 55 66
0.5 16 57 0
0.5 64 55 0
0.5 86 54 51
0.5 80 55 57
0.5 16 54 0
0.5 58 57 55
0.5 22 55 0
0.5 59 55 51
0.5 15 57 0
0.5 63 54 46
0.5 18 55 0
0.5 62 54 0
0.5 81 55 73
0.5 80 57 75
0.5 16 55 0
0.5 64 58 79
0.5 16 57 0
0.5 64 57 78
0.5 16 58 0
0.5 64 55 66
0.5 16 57 0
0.5 64 55 0
0.5 80 54 51
0.5 86 55 57
0.5 10 54 0
0.5 64 57 55
0.5 22 55 0
0.5 58 55 51
0.5 16 57 0
0.5 64 54 46
0.5 16 55 0
0.5 64 54 0
0.5 80 55 73
0.5 80 57 75
0.5 16 55 0
0.5 64 58 79
0.5 16 57 0
0.5 64 57 78
0.5 16 58 0
0.5 64 55 66
0.5 16 57 0
0.5 64 55 0
0.5 80 54 51
0.5 80 55 57
0.5 16 54 0
0.5 64 57 55
0.5 16 55 0
0.5 64 55 51
0.5 16 57 0
0.5 64 54 46
0.5 16 55 0
0.5 64 54 0
0.5 80 50 51
0.5 80 52 58
0.5 16 50 0
0.5 64 55 57
0.5 16 52 0
0.5 64 52 54
0.5 16 55 0
0.5 64 50 49
0.5 16 52 0
0.5 64 50 0
0.5 80 50 56
0.5 80 58 64
0.5 16 50 0
0.5 64 62 63
0.5 16 58 0
0.5 64 58 59
0.5 16 62 0
0.5 64 50 54
0.5 16 58 0
0.5 64 50 0
0.5 80 50 64
0.5 80 52 70
0.5 16 50 0
0.5 64 55 68
0.5 16 52 0
0.5 64 52 64
0.5 16 55 0
0.5 64 50 58
0.5 16 52 0
0.5 64 50 0
0.5 80 54 62
0.5 80 55 63
0.5 16 54 0
0.5 64 57 64
0.5 16 55 0
0.5 64 59 65
0.5 16 57 0
0.5 64 61 65
0.5 16 59 0
0.5 64 62 67
0.5 16 61 0
0.5 64 64 67
0.5 16 62 0
0.5 64 66 67
0.5 16 64 0
0.5 64 67 67
0.5 16 66 0
0.5 64 69 68
0.5 16 67 0
0.5 64 71 69
0.5 16 69 0
0.5 64 73 71
0.5 16 71 0
0.5 64 74 71
0.5 16 73 0
0.5 64 76 71
0.5 16 74 0
0.5 64 78 71
0.5 16 76 0
0.5 64 79 72
0.5 16 78 0
0.5 64 81 72
0.5 16 79 0
0.5 64 83 74
0.5 16 81 0
0.5 38 83 0
0.5 0 85 74
0.5 53 85 0
0.5 0 86 77
0.5 54 86 0
0.5 0 88 80
0.5 54 88 0
0.5 0 90 81
0.5 53 90 0
0.5 0 91 84
0.5 54 91 0
0.5 0 93 86
0.5 53 93 0
0.5 0 95 87
0.5 54 95 0
0.5 0 97 93
0.5 51 97 0
0.5 0 98 101
0.5 480 98 0
0.5 480 78 98
0.5 0 74 83
0.5 0 69 83
0.5 0 66 83
0.5 480 66 0
0.5 0 78 0
0.5 0 74 0
0.5 0 69 0
0.5 480 62 88
0.5 0 57 74
0.5 0 54 74
0.5 0 50 74
0.5 960 50 0
0.5 0 62 0
0.5 0 57 0
0.5 0 54 0
1 0 0 0
0 0 7 127
0 0 10 64
0.5 1920 50 37
0.5 0 38 31
0.5 240 38 0
0.5 0 50 0
0.5 240 62 28
0.5 0 66 33
0.5 240 66 0
0.5 0 62 0
0.5 240 50 40
0.5 240 50 0
0.5 240 67 36
0.5 0 62 30
0.5 240 62 0
0.5 0 67 0
0.5 240 50 37
0.5 240 50 0
0.5 240 62 28
0.5 0 66 33
0.5 0 57 28
0.5 240 57 0
0.5 0 66 0
0.5 0 62 0
0.5 240 50 41
0.5 240 50 0
0.5 240 57 34
0.5 0 62 34
0.5 0 66 40
0.5 240 66 0
0.5 0 62 0
0.5 0 57 0
0.5 240 45 51
0.5 240 45 0
0.5 240 61 40
0.5 0 67 47
0.5 0 57 40
0.5 240 57 0
0.5 0 67 0
0.5 0 61 0
0.5 240 45 52
0.5 240 45 0
0.5 240 57 40
0.5 0 61 40
0.5 0 67 47
0.5 240 67 0
0.5 0 61 0
0.5 0 57 0
0.5 240 50 49
0.5 240 50 0
0.5 240 62 35
0.5 0 66 42
0.5 0 57 35
0.5 240 57 0
0.5 0 66 0
0.5 0 62 0
0.5 240 50 45
0.5 240 50 0
0.5 240 59 27
0.5 0 62 27
0.5 0 65 32
0.5 240 65 0
0.5 0 62 0
0.5 0 59 0
0.5 240 50 37
0.5 0 38 31
0.5 240 38 0
0.5 0 50 0
0.5 240 62 28
0.5 0 66 33
0.5 240 66 0
0.5 0 62 0
0.5 240 50 40
0.5 240 50 0
0.5 240 67 36
0.5 0 62 30
0.5 240 62 0
0.5 0 67 0
0.5 240 50 37
0.5 240 50 0
0.5 240 62 28
0.5 0 66 33
0.5 0 57 28
0.5 240 57 0
0.5 0 66 0
0.5 0 62 0
0.5 240 50 41
0.5 240 50 0
0.5 240 57 34
0.5 0 62 34
0.5 0 66 40
0.5 240 66 0
0.5 0 62 0
0.5 0 57 0
0.5 240 45 58
0.5 0 57 69
0.5 240 57 0
0.5 0 45 0
0.5 240 57 51
0.5 0 66 62
0.5 0 62 51
0.5 240 62 0
0.5 0 66 0
0.5 0 57 0
0.5 240 45 56
0.5 0 57 67
0.5 240 57 0
0.5 0 45 0
0.5 240 67 62
0.5 0 61 52
0.5 0 57 52
0.5 240 57 0
0.5 0 61 0
0.5 0 67 0
0.5 240 50 67
0.5 240 50 0
0.5 240 66 63
0.5 0 62 53
0.5 0 57 53
0.5 240 57 0
0.5 0 62 0
0.5 0 66 0
0.5 240 50 82
0.5 0 38 68
0.5 120 38 0
0.5 0 50 0
0.5 840 50 37
0.5 0 38 31
0.5 240 38 0
0.5 0 50 0
0.5 240 62 28
0.5 0 66 33
0.5 240 66 0
0.5 0 62 0
0.5 240 50 40
0.5 240 50 0
0.5 240 67 36
0.5 0 62 30
0.5 240 62 0
0.5 0 67 0
0.5 240 50 37
0.5 240 50 0
0.5 240 62 28
0.5 0 66 33
0.5 0 57 28
0.5 240 57 0
0.5 0 66 0
0.5 0 62 0
0.5 240 50 41
0.5 240 50 0
0.5 240 57 34
0.5 0 62 34
0.5 0 66 40
0.5 240 66 0
0.5 0 62 0
0.5 0 57 0
0.5 240 45 51
0.5 240 45 0
0.5 240 61 40
0.5 0 67 47
0.5 0 57 40
0.5 240 57 0
0.5 0 67 0
0.5 0 61 0
0.5 240 45 52
0.5 240 45 0
0.5 240 57 40
0.5 0 61 40
0.5 0 67 47
0.5 240 67 0
0.5 0 61 0
0.5 0 57 0
0.5 240 50 49
0.5 240 50 0
0.5 240 62 35
0.5 0 66 42
0.5 0 57 35
0.5 240 57 0
0.5 0 66 0
0.5 0 62 0
0.5 240 50 45
0.5 240 50 0
0.5 240 59 27
0.5 0 62 27
0.5 0 65 32
0.5 240 65 0
0.5 0 62 0
0.5 0 59 0
0.5 240 50 37
0.5 0 38 31
0.5 240 38 0
0.5 0 50 0
0.5 240 62 28
0.5 0 66 33
0.5 240 66 0
0.5 0 62 0
0.5 240 50 40
0.5 240 50 0
0.5 240 67 36
0.5 0 62 30
0.5 240 62 0
0.5 0 67 0
0.5 240 50 37
0.5 240 50 0
0.5 240 62 28
0.5 0 66 33
0.5 0 57 28
0.5 240 57 0
0.5 0 66 0
0.5 0 62 0
0.5 240 50 41
0.5 240 50 0
0.5 240 57 34
0.5 0 62 34
0.5 0 66 40
0.5 240 66 0
0.5 0 62 0
0.5 0 57 0
0.5 240 45 58
0.5 0 57 69
0.5 240 57 0
0.5 0 45 0
0.5 240 57 51
0.5 0 66 62
0.5 0 62 51
0.5 240 62 0
0.5 0 66 0
0.5 0 57 0
0.5 240 45 56
0.5 0 57 67
0.5 240 57 0
0.5 0 45 0
0.5 240 67 62
0.5 0 61 52
0.5 0 57 52
0.5 240 57 0
0.5 0 61 0
0.5 0 67 0
0.5 240 50 67
0.5 240 50 0
0.5 240 66 63
0.5 0 62 53
0.5 0 57 53
0.5 240 57 0
0.5 0 62 0
0.5 0 66 0
0.5 240 50 82
0.5 0 38 68
0.5 120 38 0
0.5 0 50 0
0.5 360 62 50
0.5 360 62 0
0.5 0 64 42
0.5 120 64 0
0.5 0 66 50
0.5 480 66 0
0.5 0 59 50
0.5 480 59 0
0.5 0 61 50
0.5 240 61 0
0.5 0 62 48
0.5 240 62 0
0.5 0 64 61
0.5 240 64 0
0.5 0 67 62
0.5 240 67 0
0.5 0 66 67
0.5 480 66 0
0.5 0 62 64
0.5 480 62 0
0.5 0 59 68
0.5 480 59 0
0.5 0 57 69
0.5 480 57 0
0.5 0 43 86
0.5 0 55 86
0.5 240 55 0
0.5 0 43 0
0.5 240 59 68
0.5 0 55 68
0.5 0 50 68
0.5 240 50 0
0.5 0 55 0
0.5 0 59 0
0.5 240 55 82
0.5 0 43 82
0.5 240 43 0
0.5 0 55 0
0.5 240 55 72
0.5 0 59 72
0.5 0 50 72
0.5 240 50 0
0.5 0 59 0
0.5 0 55 0
0.5 240 50 85
0.5 0 38 85
0.5 240 38 0
0.5 0 50 0
0.5 240 57 71
0.5 480 66 77
0.5 480 66 0
0.5 4 62 68
0.5 476 57 0
0.5 0 45 81
0.5 0 33 68
0.5 4 62 0
0.5 236 33 0
0.5 0 45 0
0.5 240 57 57
0.5 0 62 57
0.5 0 64 68
0.5 240 64 0
0.5 0 62 0
0.5 0 57 0
0.5 240 45 80
0.5 0 33 67
0.5 240 33 0
0.5 0 45 0
0.5 240 61 67
0.5 0 64 79
0.5 0 57 67
0.5 240 57 0
0.5 0 64 0
0.5 0 61 0
0.5 240 34 72
0.5 0 46 85
0.5 240 46 0
0.5 0 34 0
0.5 240 54 63
0.5 0 64 75
0.5 480 64 0
0.5 0 54 0
0.5 0 59 67
0.5 0 62 80
0.5 480 62 0
0.5 0 59 0
0.5 0 62 63
0.5 0 65 75
0.5 0 56 63
0.5 480 56 0
0.5 0 65 0
0.5 0 62 0
0.5 0 45 63
0.5 0 57 75
0.5 240 57 0
0.5 0 45 0
0.5 240 57 56
0.5 0 66 68
0.5 0 62 56
0.5 240 62 0
0.5 0 66 0
0.5 0 57 0
0.5 240 45 61
0.5 0 57 73
0.5 240 57 0
0.5 0 45 0
0.5 240 67 72
0.5 0 61 60
0.5 0 57 60
0.5 240 57 0
0.5 0 61 0
0.5 0 67 0
0.5 240 50 73
0.5 240 50 0
0.5 240 66 66
0.5 0 62 55
0.5 0 57 55
0.5 240 57 0
0.5 0 62 0
0.5 0 66 0
0.5 240 50 80
0.5 0 38 67
0.5 120 38 0
0.5 0 50 0
0.5 360 62 50
0.5 360 62 0
0.5 0 64 42
0.5 120 64 0
0.5 0 66 50
0.5 480 66 0
0.5 0 59 50
0.5 480 59 0
0.5 0 61 50
0.5 240 61 0
0.5 0 62 48
0.5 240 62 0
0.5 0 64 61
0.5 240 64 0
0.5 0 67 62
0.5 240 67 0
0.5 0 66 67
0.5 480 66 0
0.5 0 62 64
0.5 480 62 0
0.5 0 59 68
0.5 480 59 0
0.5 0 57 69
0.5 480 57 0
0.5 0 43 86
0.5 0 55 86
0.5 240 55 0
0.5 0 43 0
0.5 240 59 68
0.5 0 55 68
0.5 0 50 68
0.5 240 50 0
0.5 0 55 0
0.5 0 59 0
0.5 240 55 82
0.5 0 43 82
0.5 240 43 0
0.5 0 55 0
0.5 240 55 72
0.5 0 59 72
0.5 0 50 72
0.5 240 50 0
0.5 0 59 0
0.5 0 55 0
0.5 240 50 85
0.5 0 38 85
0.5 240 38 0
0.5 0 50 0
0.5 240 57 71
0.5 480 66 77
0.5 480 66 0
0.5 4 62 68
0.5 476 57 0
0.5 0 45 81
0.5 0 33 68
0.5 4 62 0
0.5 236 33 0
0.5 0 45 0
0.5 240 57 57
0.5 0 62 57
0.5 0 64 68
0.5 240 64 0
0.5 0 62 0
0.5 0 57 0
0.5 240 45 80
0.5 0 33 67
0.5 240 33 0
0.5 0 45 0
0.5 240 61 67
0.5 0 64 79
0.5 0 57 67
0.5 240 57 0
0.5 0 64 0
0.5 0 61 0
0.5 240 34 72
0.5 0 46 85
0.5 240 46 0
0.5 0 34 0
0.5 240 54 63
0.5 0 64 75
0.5 480 64 0
0.5 0 54 0
0.5 0 59 67
0.5 0 62 80
0.5 480 62 0
0.5 0 59 0
0.5 0 62 63
0.5 0 65 75
0.5 0 56 63
0.5 480 56 0
0.5 0 65 0
0.5 0 62 0
0.5 0 45 63
0.5 0 57 75
0.5 240 57 0
0.5 0 45 0
0.5 240 57 56
0.5 0 66 68
0.5 0 62 56
0.5 240 62 0
0.5 0 66 0
0.5 0 57 0
0.5 240 45 61
0.5 0 57 73
0.5 240 57 0
0.5 0 45 0
0.5 240 67 72
0.5 0 61 60
0.5 0 57 60
0.5 240 57 0
0.5 0 61 0
0.5 0 67 0
0.5 240 50 45
0.5 240 50 0
0.5 240 57 28
0.5 0 62 28
0.5 0 66 34
0.5 240 66 0
0.5 0 62 0
0.5 0 57 0
0.5 240 50 45
0.5 240 50 0
0.5 240 72 38
0.5 0 69 32
0.5 0 62 32
0.5 240 62 0
0.5 0 69 0
0.5 0 72 0
0.5 240 50 45
0.5 240 50 0
0.5 240 62 35
0.5 0 67 35
0.5 0 71 42
0.5 240 71 0
0.5 0 67 0
0.5 0 62 0
0.5 240 50 45
0.5 240 50 0
0.5 240 70 38
0.5 0 67 32
0.5 0 62 32
0.5 240 62 0
0.5 0 67 0
0.5 0 70 0
0.5 240 50 45
0.5 240 50 0
0.5 240 62 35
0.5 0 66 35
0.5 0 69 42
0.5 240 69 0
0.5 0 66 0
0.5 0 62 0
0.5 240 50 40
0.5 240 50 0
0.5 240 56 33
0.5 0 59 33
0.5 0 65 40
0.5 240 65 0
0.5 0 59 0
0.5 0 56 0
0.5 240 50 46
0.5 240 50 0
0.5 240 61 38
0.5 0 64 46
0.5 240 64 0
0.5 0 61 0
0.5 240 55 41
0.5 0 58 49
0.5 240 58 0
0.5 0 55 0
0.5 240 49 55
0.5 0 52 67
0.5 480 52 0
0.5 0 49 0
0.5 0 50 42
0.5 240 50 0
0.5 240 49 55
0.5 0 52 67
0.5 480 52 0
0.5 0 49 0
0.5 0 50 42
0.5 240 50 0
0.5 240 49 55
0.5 0 52 67
0.5 480 52 0
0.5 0 49 0
0.5 0 50 42
0.5 480 50 0
0.5 0 46 47
0.5 480 46 0
0.5 0 43 53
0.5 480 43 0
0.5 0 46 59
0.5 480 46 0
0.5 0 38 57
0.5 0 50 68
0.5 120 50 0
0.5 0 38 0
0.5 120 37 51
0.5 0 49 60
0.5 120 49 0
0.5 0 37 0
0.5 120 35 52
0.5 0 47 62
0.5 120 47 0
0.5 0 35 0
0.5 120 33 54
0.5 0 45 64
0.5 120 45 0
0.5 0 33 0
0.5 120 31 55
0.5 0 43 65
0.5 120 43 0
0.5 0 31 0
0.5 120 30 56
0.5 0 42 67
0.5 120 42 0
0.5 0 30 0
0.5 120 28 62
0.5 0 40 73
0.5 480 40 0
0.5 0 28 0
0.5 0 38 78
0.5 0 26 66
0.5 480 26 0
0.5 0 38 0
0.5 480 62 74
0.5 0 57 62
0.5 0 50 62
0.5 480 50 0
0.5 0 57 0
0.5 0 62 0
0.5 480 38 71
0.5 0 33 60
0.5 0 26 60
0.5 960 26 0
0.5 0 33 0
0.5 0 38 0
0 1994 64 127
0 893 64 0
0 43 64 127
0 920 64 0
0 47 64 127
0 960 64 0
0 43 64 127
0 868 64 0
0 35 64 127
0 1877 64 0
0 40 64 127
0 1411 64 0
0 35 64 127
0 442 64 0
0 66 64 127
0 893 64 0
0 43 64 127
0 920 64 0
0 47 64 127
0 960 64 0
0 43 64 127
0 868 64 0
0 35 64 127
0 931 64 0
0 53 64 127
0 907 64 0
0 53 64 127
0 1063 64 0
0 864 64 127
0 893 64 0
0 43 64 127
0 920 64 0
0 47 64 127
0 960 64 0
0 43 64 127
0 868 64 0
0 35 64 127
0 1877 64 0
0 40 64 127
0 1411 64 0
0 35 64 127
0 442 64 0
0 66 64 127
0 893 64 0
0 43 64 127
0 920 64 0
0 47 64 127
0 960 64 0
0 43 64 127
0 868 64 0
0 35 64 127
0 931 64 0
0 53 64 127
0 907 64 0
0 53 64 127
0 1063 64 0
0 818 64 127
0 461 64 0
0 55 64 127
0 416 64 0
0 50 64 127
0 198 64 0
0 45 64 127
0 197 64 0
0 40 64 127
0 205 64 0
0 45 64 127
0 198 64 0
0 18 64 127
0 1884 64 0
0 74 64 127
0 1846 64 0
0 53 64 127
0 1867 64 0
0 74 64 127
0 903 64 0
0 89 64 127
0 871 64 0
0 89 64 127
0 854 64 0
0 37 64 127
0 455 64 0
0 37 64 127
0 439 64 0
0 35 64 127
0 931 64 0
0 53 64 127
0 907 64 0
0 53 64 127
0 1063 64 0
0 818 64 127
0 461 64 0
0 55 64 127
0 416 64 0
0 50 64 127
0 198 64 0
0 45 64 127
0 197 64 0
0 40 64 127
0 205 64 0
0 45 64 127
0 198 64 0
0 18 64 127
0 1884 64 0
0 74 64 127
0 1846 64 0
0 53 64 127
0 1867 64 0
0 74 64 127
0 903 64 0
0 89 64 127
0 871 64 0
0 89 64 127
0 854 64 0
0 37 64 127
0 455 64 0
0 37 64 127
0 439 64 0
0 35 64 127
0 931 64 0
0 53 64 127
0 907 64 0
0 53 64 127
0 907 64 0
0 53 64 127
0 907 64 0
0 53 64 127
0 907 64 0
0 53 64 127
0 907 64 0
0 53 64 127
0 907 64 0
0 53 64 127
0 907 64 0
0 53 64 127
0 1405 64 0
0 34 64 127
0 182 64 0
0 824 64 127
0 136 64 0
0 809 64 127
0 149 64 0
0 1240 64 127
0 914 64 0
0 1500 64 127
0 420 64 0
0 1440 64 127
0 2400 64 0
1 0 0 0
