0 0 7 127
0 0 10 64
0.5 0 71 49
0 0 91 127
0.5 60 74 37
0.5 60 74 0
0.5 0 62 31
0.5 60 62 0
0.5 0 74 38
0.5 60 74 0
0.5 0 71 0
0.5 0 71 44
0.5 60 74 37
0.5 60 74 0
0.5 0 62 31
0.5 60 62 0
0.5 0 74 37
0.5 60 74 0
0.5 0 71 0
0.5 0 69 44
0.5 60 74 36
0.5 60 74 0
0.5 0 62 30
0.5 60 62 0
0.5 0 74 36
0.5 60 74 0
0.5 0 69 0
0.5 0 67 44
0.5 60 74 37
0.5 60 74 0
0.5 0 62 33
0.5 60 62 0
0.5 0 74 37
0.5 60 74 0
0.5 0 67 0
0.5 0 66 48
0.5 60 74 37
0.5 60 74 0
0.5 0 62 33
0.5 60 62 0
0.5 0 74 37
0.5 60 74 0
0.5 0 66 0
0.5 0 67 47
0.5 60 74 37
0.5 60 74 0
0.5 0 62 30
0.5 60 62 0
0.5 0 74 37
0.5 60 74 0
0.5 0 67 0
0.5 0 72 51
0.5 60 74 38
0.5 60 74 0
0.5 0 62 34
0.5 60 62 0
0.5 0 74 38
0.5 60 74 0
0.5 0 72 0
0.5 0 71 47
0.5 60 74 36
0.5 60 74 0
0.5 0 62 31
0.5 60 62 0
0.5 0 74 36
0.5 60 74 0
0.5 0 71 0
0.5 0 71 49
0.5 60 74 37
0.5 60 74 0
0.5 0 62 33
0.5 60 62 0
0.5 0 74 38
0.5 60 74 0
0.5 0 71 0
0.5 0 69 53
0.5 60 74 39
0.5 60 74 0
0.5 0 62 36
0.5 60 62 0
0.5 0 74 41
0.5 60 74 0
0.5 0 69 0
0.5 0 67 55
0.5 60 74 42
0.5 60 74 0
0.5 0 62 38
0.5 60 62 0
0.5 0 74 45
0.5 60 74 0
0.5 0 67 0
0.5 0 69 57
0.5 60 74 47
0.5 60 74 0
0.5 0 62 42
0.5 60 62 0
0.5 0 74 50
0.5 60 74 0
0.5 0 69 0
0.5 0 71 66
0.5 60 74 52
0.5 60 74 0
0.5 0 71 0
0.5 0 62 58
0.5 60 74 49
0.5 60 74 0
0.5 0 62 0
0.5 0 63 57
0.5 60 74 47
0.5 60 74 0
0.5 0 63 0
0.5 0 64 57
0.5 60 74 47
0.5 60 74 0
0.5 0 64 0
0.5 0 65 56
0.5 60 74 47
0.5 60 74 0
0.5 0 65 0
0.5 0 66 55
0.5 60 74 47
0.5 60 74 0
0.5 0 66 0
0.5 0 67 53
0.5 60 74 45
0.5 60 74 0
0.5 0 67 0
0.5 0 69 53
0.5 60 74 42
0.5 60 74 0
0.5 0 69 0
0.5 0 71 53
0.5 60 74 39
0.5 60 74 0
0.5 0 76 46
0.5 60 76 0
0.5 0 74 38
0.5 60 74 0
0.5 0 71 0
0.5 0 71 55
0.5 60 74 40
0.5 60 74 0
0.5 0 76 48
0.5 60 76 0
0.5 0 74 39
0.5 60 74 0
0.5 0 71 0
0.5 0 69 60
0.5 60 74 46
0.5 60 74 0
0.5 0 76 53
0.5 60 76 0
0.5 0 74 47
0.5 60 74 0
0.5 0 69 0
0.5 0 71 63
0.5 60 79 50
0.5 60 79 0
0.5 0 81 59
0.5 60 81 0
0.5 0 79 52
0.5 60 79 0
0.5 0 71 0
0.5 0 74 69
0.5 60 79 52
0.5 60 79 0
0.5 0 81 58
0.5 60 81 0
0.5 0 79 51
0.5 60 79 0
0.5 0 74 0
0.5 0 72 62
0.5 60 79 48
0.5 60 79 0
0.5 0 81 52
0.5 60 81 0
0.5 0 79 46
0.5 60 79 0
0.5 0 72 0
0.5 0 71 61
0.5 60 79 49
0.5 60 79 0
0.5 0 81 53
0.5 60 81 0
0.5 0 79 48
0.5 60 79 0
0.5 0 71 0
0.5 0 70 60
0.5 60 79 49
0.5 60 79 0
0.5 0 78 51
0.5 60 78 0
0.5 0 76 49
0.5 60 76 0
0.5 0 70 0
0.5 0 71 51
0.5 60 74 40
0.5 60 74 0
0.5 0 76 44
0.5 60 76 0
0.5 0 74 38
0.5 60 74 0
0.5 0 71 0
0.5 0 67 47
0.5 60 74 37
0.5 60 74 0
0.5 0 76 41
0.5 60 76 0
0.5 0 74 34
0.5 60 74 0
0.5 0 67 0
0.5 0 66 50
0.5 60 74 44
0.5 60 74 0
0.5 0 66 0
0.5 0 69 48
0.5 60 74 41
0.5 60 74 0
0.5 0 69 0
0.5 0 72 51
0.5 60 74 40
0.5 60 74 0
0.5 0 72 0
0.5 0 71 50
0.5 60 74 39
0.5 60 74 0
0.5 0 71 0
0.5 0 69 49
0.5 60 74 39
0.5 60 74 0
0.5 0 73 42
0.5 60 73 0
0.5 0 74 37
0.5 60 74 0
0.5 0 76 42
0.5 60 76 0
0.5 0 74 36
0.5 60 74 0
0.5 0 73 41
0.5 60 73 0
0.5 0 74 36
0.5 60 74 0
0.5 0 69 0
0.5 0 67 52
0.5 0 79 52
0.5 120 79 0
0.5 0 67 0
0.5 0 66 36
0.5 60 66 0
0.5 0 67 39
0.5 60 67 0
0.5 0 69 42
0.5 60 69 0
0.5 0 67 38
0.5 60 67 0
0.5 0 66 41
0.5 60 66 0
0.5 0 67 37
0.5 60 67 0
0.5 0 71 44
0.5 60 74 37
0.5 60 74 0
0.5 0 62 31
0.5 60 62 0
0.5 0 74 38
0.5 60 74 0
0.5 0 71 0
0.5 0 71 44
0.5 60 74 37
0.5 60 74 0
0.5 0 62 31
0.5 60 62 0
0.5 0 74 37
0.5 60 74 0
0.5 0 71 0
0.5 0 69 44
0.5 60 74 36
0.5 60 74 0
0.5 0 62 30
0.5 60 62 0
0.5 0 74 36
0.5 60 74 0
0.5 0 69 0
0.5 0 67 44
0.5 60 74 37
0.5 60 74 0
0.5 0 62 33
0.5 60 62 0
0.5 0 74 37
0.5 60 74 0
0.5 0 67 0
0.5 0 66 48
0.5 60 74 37
0.5 60 74 0
0.5 0 62 33
0.5 60 62 0
0.5 0 74 37
0.5 60 74 0
0.5 0 66 0
0.5 0 67 47
0.5 60 74 37
0.5 60 74 0
0.5 0 62 30
0.5 60 62 0
0.5 0 74 37
0.5 60 74 0
0.5 0 67 0
0.5 0 72 51
0.5 60 74 38
0.5 60 74 0
0.5 0 62 34
0.5 60 62 0
0.5 0 74 38
0.5 60 74 0
0.5 0 72 0
0.5 0 71 47
0.5 60 74 36
0.5 60 74 0
0.5 0 62 31
0.5 60 62 0
0.5 0 74 36
0.5 60 74 0
0.5 0 71 0
0.5 0 71 49
0.5 60 74 37
0.5 60 74 0
0.5 0 62 33
0.5 60 62 0
0.5 0 74 38
0.5 60 74 0
0.5 0 71 0
0.5 0 69 53
0.5 60 74 39
0.5 60 74 0
0.5 0 62 36
0.5 60 62 0
0.5 0 74 41
0.5 60 74 0
0.5 0 69 0
0.5 0 67 55
0.5 60 74 42
0.5 60 74 0
0.5 0 62 38
0.5 60 62 0
0.5 0 74 45
0.5 60 74 0
0.5 0 67 0
0.5 0 69 57
0.5 60 74 47
0.5 60 74 0
0.5 0 62 42
0.5 60 62 0
0.5 0 74 50
0.5 60 74 0
0.5 0 69 0
0.5 0 71 66
0.5 60 74 52
0.5 60 74 0
0.5 0 71 0
0.5 0 62 58
0.5 60 74 49
0.5 60 74 0
0.5 0 62 0
0.5 0 63 57
0.5 60 74 47
0.5 60 74 0
0.5 0 63 0
0.5 0 64 57
0.5 60 74 47
0.5 60 74 0
0.5 0 64 0
0.5 0 65 56
0.5 60 74 47
0.5 60 74 0
0.5 0 65 0
0.5 0 66 55
0.5 60 74 47
0.5 60 74 0
0.5 0 66 0
0.5 0 67 53
0.5 60 74 45
0.5 60 74 0
0.5 0 67 0
0.5 0 69 53
0.5 60 74 42
0.5 60 74 0
0.5 0 69 0
0.5 0 71 53
0.5 60 74 39
0.5 60 74 0
0.5 0 76 46
0.5 60 76 0
0.5 0 74 38
0.5 60 74 0
0.5 0 71 0
0.5 0 71 55
0.5 60 74 40
0.5 60 74 0
0.5 0 76 48
0.5 60 76 0
0.5 0 74 39
0.5 60 74 0
0.5 0 71 0
0.5 0 69 60
0.5 60 74 46
0.5 60 74 0
0.5 0 76 53
0.5 60 76 0
0.5 0 74 47
0.5 60 74 0
0.5 0 69 0
0.5 0 71 63
0.5 60 79 50
0.5 60 79 0
0.5 0 81 59
0.5 60 81 0
0.5 0 79 52
0.5 60 79 0
0.5 0 71 0
0.5 0 74 69
0.5 60 79 52
0.5 60 79 0
0.5 0 81 58
0.5 60 81 0
0.5 0 79 51
0.5 60 79 0
0.5 0 74 0
0.5 0 72 62
0.5 60 79 48
0.5 60 79 0
0.5 0 81 52
0.5 60 81 0
0.5 0 79 46
0.5 60 79 0
0.5 0 72 0
0.5 0 71 61
0.5 60 79 49
0.5 60 79 0
0.5 0 81 53
0.5 60 81 0
0.5 0 79 48
0.5 60 79 0
0.5 0 71 0
0.5 0 70 60
0.5 60 79 49
0.5 60 79 0
0.5 0 78 51
0.5 60 78 0
0.5 0 76 49
0.5 60 76 0
0.5 0 70 0
0.5 0 71 51
0.5 60 74 40
0.5 60 74 0
0.5 0 76 44
0.5 60 76 0
0.5 0 74 38
0.5 60 74 0
0.5 0 71 0
0.5 0 67 47
0.5 60 74 37
0.5 60 74 0
0.5 0 76 41
0.5 60 76 0
0.5 0 74 34
0.5 60 74 0
0.5 0 67 0
0.5 0 66 50
0.5 60 74 44
0.5 60 74 0
0.5 0 66 0
0.5 0 69 48
0.5 60 74 41
0.5 60 74 0
0.5 0 69 0
0.5 0 72 51
0.5 60 74 40
0.5 60 74 0
0.5 0 72 0
0.5 0 71 50
0.5 60 74 39
0.5 60 74 0
0.5 0 71 0
0.5 0 69 49
0.5 60 74 39
0.5 60 74 0
0.5 0 73 42
0.5 60 73 0
0.5 0 74 37
0.5 60 74 0
0.5 0 76 42
0.5 60 76 0
0.5 0 74 36
0.5 60 74 0
0.5 0 73 41
0.5 60 73 0
0.5 0 74 36
0.5 60 74 0
0.5 0 69 0
0.5 0 79 52
0.5 0 67 52
0.5 120 67 0
0.5 0 79 0
0.5 0 66 45
0.5 60 66 0
0.5 0 67 49
0.5 60 67 0
0.5 0 69 53
0.5 60 69 0
0.5 0 67 49
0.5 60 67 0
0.5 0 66 56
0.5 60 66 0
0.5 0 67 50
0.5 60 67 0
0.5 0 79 75
0.5 60 67 51
0.5 60 67 0
0.5 0 72 57
0.5 60 72 0
0.5 0 67 51
0.5 60 67 0
0.5 0 79 0
0.5 0 76 68
0.5 60 67 51
0.5 60 67 0
0.5 0 72 55
0.5 60 72 0
0.5 0 67 50
0.5 60 67 0
0.5 0 76 0
0.5 0 79 73
0.5 60 67 51
0.5 60 67 0
0.5 0 72 57
0.5 60 72 0
0.5 0 67 52
0.5 60 67 0
0.5 0 79 0
0.5 0 76 67
0.5 60 67 50
0.5 60 67 0
0.5 0 72 53
0.5 60 72 0
0.5 0 67 50
0.5 60 67 0
0.5 0 76 0
0.5 0 76 70
0.5 60 67 51
0.5 60 67 0
0.5 0 66 56
0.5 60 66 0
0.5 0 67 51
0.5 60 67 0
0.5 0 76 0
0.5 0 74 68
0.5 60 62 45
0.5 60 62 0
0.5 0 67 48
0.5 60 67 0
0.5 0 62 45
0.5 60 62 0
0.5 0 74 0
0.5 0 72 67
0.5 60 62 40
0.5 60 62 0
0.5 0 66 48
0.5 60 66 0
0.5 0 62 40
0.5 60 62 0
0.5 0 72 0
0.5 0 71 66
0.5 60 62 39
0.5 60 62 0
0.5 0 67 45
0.5 60 67 0
0.5 0 62 39
0.5 60 62 0
0.5 0 71 0
0.5 0 71 64
0.5 60 62 40
0.5 60 62 0
0.5 0 65 45
0.5 60 65 0
0.5 0 62 40
0.5 60 62 0
0.5 0 71 0
0.5 0 72 66
0.5 60 62 41
0.5 60 62 0
0.5 0 66 45
0.5 60 66 0
0.5 0 62 39
0.5 60 62 0
0.5 0 72 0
0.5 0 76 67
0.5 60 62 44
0.5 60 62 0
0.5 0 66 48
0.5 60 66 0
0.5 0 62 42
0.5 60 62 0
0.5 0 76 0
0.5 0 72 62
0.5 60 62 39
0.5 60 62 0
0.5 0 66 45
0.5 60 66 0
0.5 0 62 39
0.5 60 62 0
0.5 0 72 0
0.5 0 71 57
0.5 60 62 39
0.5 60 62 0
0.5 0 67 45
0.5 60 67 0
0.5 0 62 39
0.5 60 62 0
0.5 0 71 0
0.5 60 67 42
0.5 60 67 0
0.5 0 66 47
0.5 60 66 0
0.5 0 67 41
0.5 60 67 0
0.5 0 79 70
0.5 60 79 0
0.5 0 67 47
0.5 60 67 0
0.5 0 66 53
0.5 60 66 0
0.5 0 67 50
0.5 60 67 0
0.5 0 79 75
0.5 60 79 0
0.5 0 67 55
0.5 60 67 0
0.5 0 66 59
0.5 60 66 0
0.5 0 67 53
0.5 60 67 0
0.5 0 79 81
0.5 60 67 56
0.5 60 67 0
0.5 0 70 60
0.5 60 70 0
0.5 0 67 55
0.5 60 67 0
0.5 0 79 0
0.5 0 75 82
0.5 60 67 59
0.5 60 67 0
0.5 0 70 63
0.5 60 70 0
0.5 0 67 58
0.5 60 67 0
0.5 0 75 0
0.5 0 74 80
0.5 60 67 58
0.5 60 67 0
0.5 0 70 61
0.5 60 70 0
0.5 0 67 56
0.5 60 67 0
0.5 0 74 0
0.5 0 73 80
0.5 60 67 56
0.5 60 67 0
0.5 0 70 59
0.5 60 70 0
0.5 0 67 55
0.5 60 67 0
0.5 0 73 0
0.5 0 76 79
0.5 60 67 56
0.5 60 67 0
0.5 0 71 60
0.5 60 71 0
0.5 0 67 55
0.5 60 67 0
0.5 0 76 0
0.5 0 74 78
0.5 60 62 56
0.5 60 62 0
0.5 0 67 60
0.5 60 67 0
0.5 0 62 58
0.5 60 62 0
0.5 0 74 0
0.5 0 72 75
0.5 60 62 53
0.5 60 62 0
0.5 0 66 58
0.5 60 66 0
0.5 0 62 53
0.5 60 62 0
0.5 0 72 0
0.5 0 71 73
0.5 60 62 56
0.5 60 62 0
0.5 0 67 59
0.5 60 67 0
0.5 0 62 55
0.5 60 62 0
0.5 0 71 0
0.5 0 71 72
0.5 60 61 47
0.5 60 61 0
0.5 0 67 51
0.5 60 67 0
0.5 0 61 46
0.5 60 61 0
0.5 0 71 0
0.5 0 69 59
0.5 60 61 42
0.5 60 61 0
0.5 0 67 49
0.5 60 67 0
0.5 0 61 41
0.5 60 61 0
0.5 0 69 0
0.5 0 71 64
0.5 60 60 41
0.5 60 60 0
0.5 0 66 47
0.5 60 66 0
0.5 0 60 40
0.5 60 60 0
0.5 0 71 0
0.5 0 69 61
0.5 60 60 40
0.5 60 60 0
0.5 0 66 47
0.5 60 66 0
0.5 0 60 40
0.5 60 60 0
0.5 0 69 0
0.5 0 71 61
0.5 60 59 36
0.5 60 59 0
0.5 0 62 40
0.5 60 62 0
0.5 0 69 36
0.5 60 69 0
0.5 0 71 0
0.5 0 67 53
0.5 60 67 0
0.5 0 59 35
0.5 60 59 0
0.5 0 62 40
0.5 60 62 0
0.5 0 69 35
0.5 60 69 0
0.5 0 67 49
0.5 60 67 0
0.5 0 59 31
0.5 60 59 0
0.5 0 62 36
0.5 60 62 0
0.5 0 69 30
0.5 60 69 0
0.5 0 67 46
0.5 60 67 0
0.5 0 62 31
0.5 60 62 0
0.5 0 67 34
0.5 60 67 0
0.5 0 69 33
0.5 60 69 0
0.5 0 71 49
0.5 60 74 37
0.5 60 74 0
0.5 0 62 31
0.5 60 62 0
0.5 0 74 38
0.5 60 74 0
0.5 0 71 0
0.5 0 71 44
0.5 60 74 37
0.5 60 74 0
0.5 0 62 31
0.5 60 62 0
0.5 0 74 37
0.5 60 74 0
0.5 0 71 0
0.5 0 69 44
0.5 60 74 36
0.5 60 74 0
0.5 0 62 30
0.5 60 62 0
0.5 0 74 36
0.5 60 74 0
0.5 0 69 0
0.5 0 67 44
0.5 60 74 37
0.5 60 74 0
0.5 0 62 33
0.5 60 62 0
0.5 0 74 37
0.5 60 74 0
0.5 0 67 0
0.5 0 66 48
0.5 60 74 37
0.5 60 74 0
0.5 0 62 33
0.5 60 62 0
0.5 0 74 37
0.5 60 74 0
0.5 0 66 0
0.5 0 67 47
0.5 60 74 37
0.5 60 74 0
0.5 0 62 30
0.5 60 62 0
0.5 0 74 37
0.5 60 74 0
0.5 0 67 0
0.5 0 72 51
0.5 60 74 38
0.5 60 74 0
0.5 0 62 34
0.5 60 62 0
0.5 0 74 38
0.5 60 74 0
0.5 0 72 0
0.5 0 71 47
0.5 60 74 36
0.5 60 74 0
0.5 0 62 31
0.5 60 62 0
0.5 0 74 36
0.5 60 74 0
0.5 0 71 0
0.5 0 71 49
0.5 60 74 37
0.5 60 74 0
0.5 0 62 33
0.5 60 62 0
0.5 0 74 38
0.5 60 74 0
0.5 0 71 0
0.5 0 69 53
0.5 60 74 39
0.5 60 74 0
0.5 0 62 36
0.5 60 62 0
0.5 0 74 41
0.5 60 74 0
0.5 0 69 0
0.5 0 67 55
0.5 60 74 42
0.5 60 74 0
0.5 0 62 38
0.5 60 62 0
0.5 0 74 45
0.5 60 74 0
0.5 0 67 0
0.5 0 69 57
0.5 60 74 47
0.5 60 74 0
0.5 0 62 42
0.5 60 62 0
0.5 0 74 50
0.5 60 74 0
0.5 0 69 0
0.5 0 71 66
0.5 60 74 52
0.5 60 74 0
0.5 0 71 0
0.5 0 62 58
0.5 60 74 49
0.5 60 74 0
0.5 0 62 0
0.5 0 63 57
0.5 60 74 47
0.5 60 74 0
0.5 0 63 0
0.5 0 64 57
0.5 60 74 47
0.5 60 74 0
0.5 0 64 0
0.5 0 65 56
0.5 60 74 47
0.5 60 74 0
0.5 0 65 0
0.5 0 66 55
0.5 60 74 47
0.5 60 74 0
0.5 0 66 0
0.5 0 67 53
0.5 60 74 45
0.5 60 74 0
0.5 0 67 0
0.5 0 69 53
0.5 60 74 42
0.5 60 74 0
0.5 0 69 0
0.5 0 71 53
0.5 60 74 39
0.5 60 74 0
0.5 0 76 46
0.5 60 76 0
0.5 0 74 38
0.5 60 74 0
0.5 0 71 0
0.5 0 71 55
0.5 60 74 40
0.5 60 74 0
0.5 0 76 48
0.5 60 76 0
0.5 0 74 39
0.5 60 74 0
0.5 0 71 0
0.5 0 69 60
0.5 60 74 46
0.5 60 74 0
0.5 0 76 53
0.5 60 76 0
0.5 0 74 47
0.5 60 74 0
0.5 0 69 0
0.5 0 71 63
0.5 60 79 50
0.5 60 79 0
0.5 0 81 59
0.5 60 81 0
0.5 0 79 52
0.5 60 79 0
0.5 0 71 0
0.5 0 74 69
0.5 60 79 52
0.5 60 79 0
0.5 0 81 58
0.5 60 81 0
0.5 0 79 51
0.5 60 79 0
0.5 0 74 0
0.5 0 72 62
0.5 60 79 48
0.5 60 79 0
0.5 0 81 52
0.5 60 81 0
0.5 0 79 46
0.5 60 79 0
0.5 0 72 0
0.5 0 71 61
0.5 60 79 49
0.5 60 79 0
0.5 0 81 53
0.5 60 81 0
0.5 0 79 48
0.5 60 79 0
0.5 0 71 0
0.5 0 70 60
0.5 60 79 49
0.5 60 79 0
0.5 0 78 51
0.5 60 78 0
0.5 0 76 49
0.5 60 76 0
0.5 0 70 0
0.5 0 71 51
0.5 60 74 40
0.5 60 74 0
0.5 0 76 44
0.5 60 76 0
0.5 0 74 38
0.5 60 74 0
0.5 0 71 0
0.5 0 67 47
0.5 60 74 37
0.5 60 74 0
0.5 0 76 41
0.5 60 76 0
0.5 0 74 34
0.5 60 74 0
0.5 0 67 0
0.5 0 66 50
0.5 60 74 44
0.5 60 74 0
0.5 0 66 0
0.5 0 69 48
0.5 60 74 41
0.5 60 74 0
0.5 0 69 0
0.5 0 72 51
0.5 60 74 40
0.5 60 74 0
0.5 0 72 0
0.5 0 71 50
0.5 60 74 39
0.5 60 74 0
0.5 0 71 0
0.5 0 69 49
0.5 60 74 39
0.5 60 74 0
0.5 0 73 42
0.5 60 73 0
0.5 0 74 37
0.5 60 74 0
0.5 0 76 42
0.5 60 76 0
0.5 0 74 36
0.5 60 74 0
0.5 0 73 41
0.5 60 73 0
0.5 0 74 36
0.5 60 74 0
0.5 0 69 0
0.5 0 67 52
0.5 0 79 52
0.5 120 79 0
0.5 0 67 0
0.5 0 66 45
0.5 60 66 0
0.5 0 67 49
0.5 60 67 0
0.5 0 69 53
0.5 60 69 0
0.5 0 67 49
0.5 60 67 0
0.5 0 66 56
0.5 60 66 0
0.5 0 67 50
0.5 60 67 0
0.5 0 79 75
0.5 60 67 51
0.5 60 67 0
0.5 0 72 57
0.5 60 72 0
0.5 0 67 51
0.5 60 67 0
0.5 0 79 0
0.5 0 76 68
0.5 60 67 51
0.5 60 67 0
0.5 0 72 55
0.5 60 72 0
0.5 0 67 50
0.5 60 67 0
0.5 0 76 0
0.5 0 79 73
0.5 60 67 51
0.5 60 67 0
0.5 0 72 57
0.5 60 72 0
0.5 0 67 52
0.5 60 67 0
0.5 0 79 0
0.5 0 76 67
0.5 60 67 50
0.5 60 67 0
0.5 0 72 53
0.5 60 72 0
0.5 0 67 50
0.5 60 67 0
0.5 0 76 0
0.5 0 76 70
0.5 60 67 51
0.5 60 67 0
0.5 0 66 56
0.5 60 66 0
0.5 0 67 51
0.5 60 67 0
0.5 0 76 0
0.5 0 74 68
0.5 60 62 45
0.5 60 62 0
0.5 0 67 48
0.5 60 67 0
0.5 0 62 45
0.5 60 62 0
0.5 0 74 0
0.5 0 72 67
0.5 60 62 40
0.5 60 62 0
0.5 0 66 48
0.5 60 66 0
0.5 0 62 40
0.5 60 62 0
0.5 0 72 0
0.5 0 71 66
0.5 60 62 39
0.5 60 62 0
0.5 0 67 45
0.5 60 67 0
0.5 0 62 39
0.5 60 62 0
0.5 0 71 0
0.5 0 71 64
0.5 60 62 40
0.5 60 62 0
0.5 0 65 45
0.5 60 65 0
0.5 0 62 40
0.5 60 62 0
0.5 0 71 0
0.5 0 72 66
0.5 60 62 41
0.5 60 62 0
0.5 0 66 45
0.5 60 66 0
0.5 0 62 39
0.5 60 62 0
0.5 0 72 0
0.5 0 76 67
0.5 60 62 44
0.5 60 62 0
0.5 0 66 48
0.5 60 66 0
0.5 0 62 42
0.5 60 62 0
0.5 0 76 0
0.5 0 72 62
0.5 60 62 39
0.5 60 62 0
0.5 0 66 45
0.5 60 66 0
0.5 0 62 39
0.5 60 62 0
0.5 0 72 0
0.5 0 71 57
0.5 60 62 39
0.5 60 62 0
0.5 0 67 45
0.5 60 67 0
0.5 0 62 39
0.5 60 62 0
0.5 0 71 0
0.5 60 67 42
0.5 60 67 0
0.5 0 66 47
0.5 60 66 0
0.5 0 67 41
0.5 60 67 0
0.5 0 79 70
0.5 60 79 0
0.5 0 67 47
0.5 60 67 0
0.5 0 66 53
0.5 60 66 0
0.5 0 67 50
0.5 60 67 0
0.5 0 79 75
0.5 60 79 0
0.5 0 67 55
0.5 60 67 0
0.5 0 66 59
0.5 60 66 0
0.5 0 67 53
0.5 60 67 0
0.5 0 79 81
0.5 60 67 56
0.5 60 67 0
0.5 0 70 60
0.5 60 70 0
0.5 0 67 55
0.5 60 67 0
0.5 0 79 0
0.5 0 75 82
0.5 60 67 59
0.5 60 67 0
0.5 0 70 63
0.5 60 70 0
0.5 0 67 58
0.5 60 67 0
0.5 0 75 0
0.5 0 74 80
0.5 60 67 58
0.5 60 67 0
0.5 0 70 61
0.5 60 70 0
0.5 0 67 56
0.5 60 67 0
0.5 0 74 0
0.5 0 73 80
0.5 60 67 56
0.5 60 67 0
0.5 0 70 59
0.5 60 70 0
0.5 0 67 55
0.5 60 67 0
0.5 0 73 0
0.5 0 76 79
0.5 60 67 56
0.5 60 67 0
0.5 0 71 60
0.5 60 71 0
0.5 0 67 55
0.5 60 67 0
0.5 0 76 0
0.5 0 74 78
0.5 60 62 56
0.5 60 62 0
0.5 0 67 60
0.5 60 67 0
0.5 0 62 58
0.5 60 62 0
0.5 0 74 0
0.5 0 72 75
0.5 60 62 53
0.5 60 62 0
0.5 0 66 58
0.5 60 66 0
0.5 0 62 53
0.5 60 62 0
0.5 0 72 0
0.5 0 71 73
0.5 60 62 56
0.5 60 62 0
0.5 0 67 59
0.5 60 67 0
0.5 0 62 55
0.5 60 62 0
0.5 0 71 0
0.5 0 71 72
0.5 60 61 47
0.5 60 61 0
0.5 0 67 51
0.5 60 67 0
0.5 0 61 46
0.5 60 61 0
0.5 0 71 0
0.5 0 69 59
0.5 60 61 42
0.5 60 61 0
0.5 0 67 49
0.5 60 67 0
0.5 0 61 41
0.5 60 61 0
0.5 0 69 0
0.5 0 71 64
0.5 60 60 41
0.5 60 60 0
0.5 0 66 47
0.5 60 66 0
0.5 0 60 40
0.5 60 60 0
0.5 0 71 0
0.5 0 69 61
0.5 60 60 40
0.5 60 60 0
0.5 0 66 47
0.5 60 66 0
0.5 0 60 40
0.5 60 60 0
0.5 0 69 0
0.5 0 71 61
0.5 60 59 36
0.5 60 59 0
0.5 0 62 40
0.5 60 62 0
0.5 0 69 36
0.5 60 69 0
0.5 0 71 0
0.5 0 67 53
0.5 60 67 0
0.5 0 59 35
0.5 60 59 0
0.5 0 62 39
0.5 60 62 0
0.5 0 69 35
0.5 60 69 0
0.5 0 67 50
0.5 60 67 0
0.5 0 59 31
0.5 60 59 0
0.5 0 62 36
0.5 60 62 0
0.5 0 69 30
0.5 60 69 0
0.5 0 67 48
0.5 60 67 0
0.5 0 62 34
0.5 60 62 0
0.5 0 67 36
0.5 60 67 0
0.5 0 69 33
0.5 60 69 0
0.5 0 71 49
0.5 60 74 37
0.5 60 74 0
0.5 0 62 31
0.5 60 62 0
0.5 0 74 38
0.5 60 74 0
0.5 0 71 0
0.5 0 71 44
0.5 60 74 37
0.5 60 74 0
0.5 0 62 31
0.5 60 62 0
0.5 0 74 37
0.5 60 74 0
0.5 0 71 0
0.5 0 69 44
0.5 60 74 36
0.5 60 74 0
0.5 0 62 30
0.5 60 62 0
0.5 0 74 36
0.5 60 74 0
0.5 0 69 0
0.5 0 67 44
0.5 60 74 37
0.5 60 74 0
0.5 0 62 33
0.5 60 62 0
0.5 0 74 37
0.5 60 74 0
0.5 0 67 0
0.5 0 66 48
0.5 60 74 37
0.5 60 74 0
0.5 0 62 33
0.5 60 62 0
0.5 0 74 37
0.5 60 74 0
0.5 0 66 0
0.5 0 67 47
0.5 60 74 37
0.5 60 74 0
0.5 0 62 30
0.5 60 62 0
0.5 0 74 37
0.5 60 74 0
0.5 0 67 0
0.5 0 72 51
0.5 60 74 38
0.5 60 74 0
0.5 0 62 34
0.5 60 62 0
0.5 0 74 38
0.5 60 74 0
0.5 0 72 0
0.5 0 71 47
0.5 60 74 36
0.5 60 74 0
0.5 0 62 31
0.5 60 62 0
0.5 0 74 36
0.5 60 74 0
0.5 0 71 0
0.5 0 71 49
0.5 60 74 37
0.5 60 74 0
0.5 0 62 33
0.5 60 62 0
0.5 0 74 38
0.5 60 74 0
0.5 0 71 0
0.5 0 69 53
0.5 60 74 39
0.5 60 74 0
0.5 0 62 36
0.5 60 62 0
0.5 0 74 41
0.5 60 74 0
0.5 0 69 0
0.5 0 67 55
0.5 60 74 42
0.5 60 74 0
0.5 0 62 38
0.5 60 62 0
0.5 0 74 45
0.5 60 74 0
0.5 0 67 0
0.5 0 69 57
0.5 60 74 47
0.5 60 74 0
0.5 0 62 42
0.5 60 62 0
0.5 0 74 50
0.5 60 74 0
0.5 0 69 0
0.5 0 71 66
0.5 60 74 52
0.5 60 74 0
0.5 0 71 0
0.5 0 62 58
0.5 60 74 49
0.5 60 74 0
0.5 0 62 0
0.5 0 63 57
0.5 60 74 47
0.5 60 74 0
0.5 0 63 0
0.5 0 64 57
0.5 60 74 47
0.5 60 74 0
0.5 0 64 0
0.5 0 65 56
0.5 60 74 47
0.5 60 74 0
0.5 0 65 0
0.5 0 66 55
0.5 60 74 47
0.5 60 74 0
0.5 0 66 0
0.5 0 67 53
0.5 60 74 45
0.5 60 74 0
0.5 0 67 0
0.5 0 69 53
0.5 60 74 42
0.5 60 74 0
0.5 0 69 0
0.5 0 71 53
0.5 60 74 39
0.5 60 74 0
0.5 0 76 46
0.5 60 76 0
0.5 0 74 38
0.5 60 74 0
0.5 0 71 0
0.5 0 71 55
0.5 60 74 40
0.5 60 74 0
0.5 0 76 48
0.5 60 76 0
0.5 0 74 39
0.5 60 74 0
0.5 0 71 0
0.5 0 69 60
0.5 60 74 46
0.5 60 74 0
0.5 0 76 53
0.5 60 76 0
0.5 0 74 47
0.5 60 74 0
0.5 0 69 0
0.5 0 71 63
0.5 60 79 50
0.5 60 79 0
0.5 0 81 59
0.5 60 81 0
0.5 0 79 52
0.5 60 79 0
0.5 0 71 0
0.5 0 74 69
0.5 60 79 52
0.5 60 79 0
0.5 0 81 58
0.5 60 81 0
0.5 0 79 51
0.5 60 79 0
0.5 0 74 0
0.5 0 72 62
0.5 60 79 48
0.5 60 79 0
0.5 0 81 52
0.5 60 81 0
0.5 0 79 46
0.5 60 79 0
0.5 0 72 0
0.5 0 71 61
0.5 60 79 49
0.5 60 79 0
0.5 0 81 53
0.5 60 81 0
0.5 0 79 48
0.5 60 79 0
0.5 0 71 0
0.5 0 70 60
0.5 60 79 49
0.5 60 79 0
0.5 0 78 51
0.5 60 78 0
0.5 0 76 49
0.5 60 76 0
0.5 0 70 0
0.5 0 71 51
0.5 60 74 40
0.5 60 74 0
0.5 0 76 44
0.5 60 76 0
0.5 0 74 38
0.5 60 74 0
0.5 0 71 0
0.5 0 67 47
0.5 60 74 37
0.5 60 74 0
0.5 0 76 41
0.5 60 76 0
0.5 0 74 34
0.5 60 74 0
0.5 0 67 0
0.5 0 66 50
0.5 60 74 44
0.5 60 74 0
0.5 0 66 0
0.5 0 69 48
0.5 60 74 41
0.5 60 74 0
0.5 0 69 0
0.5 0 72 51
0.5 60 74 40
0.5 60 74 0
0.5 0 72 0
0.5 0 71 50
0.5 60 74 39
0.5 60 74 0
0.5 0 71 0
0.5 0 71 51
0.5 60 74 40
0.5 60 74 0
0.5 0 62 34
0.5 60 62 0
0.5 0 74 41
0.5 60 74 0
0.5 0 71 0
0.5 0 71 48
0.5 60 74 40
0.5 60 74 0
0.5 0 62 34
0.5 60 62 0
0.5 0 74 40
0.5 60 74 0
0.5 0 71 0
0.5 0 72 53
0.5 60 76 41
0.5 60 76 0
0.5 0 64 36
0.5 60 64 0
0.5 0 76 41
0.5 60 76 0
0.5 0 72 0
0.5 0 71 48
0.5 60 74 40
0.5 60 74 0
0.5 0 62 36
0.5 60 62 0
0.5 0 74 40
0.5 60 74 0
0.5 0 71 0
0.5 0 71 53
0.5 60 74 40
0.5 60 74 0
0.5 0 62 34
0.5 60 62 0
0.5 0 74 41
0.5 60 74 0
0.5 0 71 0
0.5 0 70 51
0.5 60 74 40
0.5 60 74 0
0.5 0 62 34
0.5 60 62 0
0.5 0 74 39
0.5 60 74 0
0.5 0 70 0
0.5 0 69 49
0.5 60 74 39
0.5 60 74 0
0.5 0 62 35
0.5 60 62 0
0.5 0 74 39
0.5 60 74 0
0.5 0 69 0
0.5 0 66 48
0.5 60 74 40
0.5 60 74 0
0.5 0 62 33
0.5 60 62 0
0.5 0 74 38
0.5 60 74 0
0.5 0 66 0
0.5 0 71 51
0.5 60 74 40
0.5 60 74 0
0.5 0 62 34
0.5 60 62 0
0.5 0 74 41
0.5 60 74 0
0.5 0 71 0
0.5 0 71 48
0.5 60 74 40
0.5 60 74 0
0.5 0 62 34
0.5 60 62 0
0.5 0 74 40
0.5 60 74 0
0.5 0 71 0
0.5 0 72 53
0.5 60 76 41
0.5 60 76 0
0.5 0 64 36
0.5 60 64 0
0.5 0 76 41
0.5 60 76 0
0.5 0 72 0
0.5 0 71 48
0.5 60 74 40
0.5 60 74 0
0.5 0 62 36
0.5 60 62 0
0.5 0 74 40
0.5 60 74 0
0.5 0 71 0
0.5 0 71 53
0.5 60 74 40
0.5 60 74 0
0.5 0 62 34
0.5 60 62 0
0.5 0 74 41
0.5 60 74 0
0.5 0 71 0
0.5 0 70 51
0.5 60 74 40
0.5 60 74 0
0.5 0 62 34
0.5 60 62 0
0.5 0 74 39
0.5 60 74 0
0.5 0 70 0
0.5 0 69 49
0.5 60 74 39
0.5 60 74 0
0.5 0 62 35
0.5 60 62 0
0.5 0 74 39
0.5 60 74 0
0.5 0 69 0
0.5 0 66 48
0.5 60 74 40
0.5 60 74 0
0.5 0 62 33
0.5 60 62 0
0.5 0 74 38
0.5 60 74 0
0.5 0 66 0
0.5 0 71 51
0.5 60 74 40
0.5 60 74 0
0.5 0 62 34
0.5 60 62 0
0.5 0 74 41
0.5 60 74 0
0.5 0 71 0
0.5 0 59 48
0.5 60 59 0
0.5 0 67 37
0.5 60 67 0
0.5 0 62 31
0.5 60 62 0
0.5 0 67 37
0.5 60 67 0
0.5 0 62 47
0.5 60 62 0
0.5 0 71 35
0.5 60 71 0
0.5 0 67 33
0.5 60 67 0
0.5 0 71 35
0.5 60 71 0
0.5 0 67 47
0.5 60 67 0
0.5 0 74 33
0.5 60 74 0
0.5 0 71 28
0.5 60 71 0
0.5 0 74 33
0.5 60 74 0
0.5 0 71 46
0.5 60 71 0
0.5 0 79 31
0.5 60 79 0
0.5 0 74 29
0.5 60 74 0
0.5 0 79 33
0.5 60 79 0
0.5 0 74 44
0.5 60 74 0
0.5 0 83 30
0.5 60 83 0
0.5 0 79 27
0.5 60 79 0
0.5 0 83 30
0.5 60 83 0
0.5 0 79 41
0.5 60 79 0
0.5 0 86 30
0.5 60 86 0
0.5 0 83 26
0.5 60 83 0
0.5 0 86 30
0.5 60 86 0
0.5 0 83 41
0.5 60 83 0
0.5 0 91 30
0.5 60 91 0
0.5 0 86 26
0.5 60 86 0
0.5 0 91 30
0.5 60 91 0
0.5 0 86 41
0.5 0 79 41
0.5 0 95 41
0.5 120 95 0
0.5 0 79 0
0.5 0 86 0
0.5 270 71 38
0.5 30 74 38
0.5 30 79 38
0.5 30 83 38
0.5 120 83 0
0.5 0 71 0
0.5 0 74 0
0.5 0 79 0
0.5 360 59 32
0.5 0 67 38
0.5 480 67 0
0.5 0 59 0
1 0 0 0
0 0 7 127
0 0 10 64
0.5 0 43 39
0 25 64 127
0.5 95 43 0
0.5 120 50 36
0.5 240 50 0
0.5 0 60 37
0 10 64 0
0 25 64 127
0.5 205 60 0
0.5 0 59 34
0 5 64 0
0 38 64 127
0.5 197 59 0
0.5 0 43 38
0 8 64 0
0 27 64 127
0.5 85 43 0
0 120 64 0
0.5 0 50 39
0 39 64 127
0.5 201 50 0
0.5 0 57 40
0 7 64 0
0 32 64 127
0.5 201 57 0
0 0 64 0
0.5 0 55 36
0 39 64 127
0.5 201 55 0
0 0 64 0
0.5 0 38 41
0 46 64 127
0.5 74 38 0
0.5 120 54 38
0 6 64 0
0 37 64 127
0.5 197 54 0
0.5 0 52 41
0 12 64 0
0 34 64 127
0.5 194 52 0
0.5 0 54 44
0.5 240 54 0
0.5 0 43 41
0 7 64 0
0 35 64 127
0.5 78 43 0
0.5 120 50 36
0 7 64 0
0 46 64 127
0.5 187 50 0
0.5 0 55 39
0.5 0 59 39
0 10 64 0
0 36 64 127
0.5 194 59 0
0.5 0 55 0
0.5 0 50 37
0 10 64 0
0 25 64 127
0.5 205 50 0
0 0 64 0
0.5 0 43 51
0 60 64 127
0.5 60 43 0
0.5 120 55 49
0.5 0 67 49
0.5 240 67 0
0.5 0 66 52
0 11 64 0
0 31 64 127
0.5 198 66 0
0.5 0 65 56
0.5 240 65 0
0.5 0 55 0
0.5 0 55 49
0.5 0 64 56
0 7 64 0
0 39 64 127
0.5 194 64 0
0.5 0 63 49
0 13 64 0
0 47 64 127
0.5 180 63 0
0.5 0 62 48
0 7 64 0
0 42 64 127
0.5 191 62 0
0.5 0 61 48
0 11 64 0
0 60 64 127
0.5 169 61 0
0.5 0 55 0
0.5 0 50 49
0.5 0 62 49
0 7 64 0
0 32 64 127
0.5 201 62 0
0.5 0 59 38
0.5 240 59 0
0.5 0 57 42
0 7 64 0
0 28 64 127
0.5 85 57 0
0.5 0 60 39
0.5 120 60 0
0.5 0 50 0
0.5 0 64 42
0 11 64 0
0 38 64 127
0.5 71 64 0
0.5 0 62 42
0.5 120 62 0
0.5 0 60 40
0.5 0 55 40
0 10 64 0
0.5 470 60 0
0.5 0 59 36
0 14 64 0
0.5 106 59 0
0.5 0 55 0
0.5 360 43 39
0 6 64 0
0 54 64 127
0.5 60 43 0
0.5 120 50 36
0.5 240 50 0
0.5 0 60 37
0 9 64 0
0 55 64 127
0.5 176 60 0
0.5 0 59 34
0 6 64 0
0 47 64 127
0.5 187 59 0
0.5 0 43 38
0 11 64 0
0 38 64 127
0.5 71 43 0
0.5 120 50 39
0 11 64 0
0 46 64 127
0.5 183 50 0
0.5 0 57 40
0 10 64 0
0 46 64 127
0.5 184 57 0
0.5 0 55 36
0 6 64 0
0 54 64 127
0.5 180 55 0
0.5 0 38 41
0 6 64 0
0 50 64 127
0.5 64 38 0
0.5 120 54 38
0 13 64 0
0 47 64 127
0.5 180 54 0
0.5 0 52 41
0 11 64 0
0 38 64 127
0.5 191 52 0
0.5 0 54 44
0.5 240 54 0
0.5 0 43 41
0 7 64 0
0 35 64 127
0.5 78 43 0
0.5 120 50 36
0 10 64 0
0 25 64 127
0.5 205 50 0
0.5 0 55 39
0.5 0 59 39
0 9 64 0
0 30 64 127
0.5 201 59 0
0.5 0 55 0
0.5 0 50 37
0 5 64 0
0 23 64 127
0.5 212 50 0
0.5 0 43 51
0 8 64 0
0 41 64 127
0.5 71 43 0
0.5 120 55 49
0.5 0 67 49
0.5 240 67 0
0.5 0 66 52
0 11 64 0
0 42 64 127
0.5 187 66 0
0.5 0 65 56
0 5 64 0
0 45 64 127
0.5 190 65 0
0.5 0 55 0
0.5 0 55 49
0.5 0 64 56
0 11 64 0
0 28 64 127
0.5 201 64 0
0.5 0 63 49
0 11 64 0
0 53 64 127
0.5 176 63 0
0.5 0 62 48
0 11 64 0
0 42 64 127
0.5 187 62 0
0.5 0 61 48
0 7 64 0
0 64 64 127
0.5 169 61 0
0.5 0 55 0
0.5 0 50 49
0.5 0 62 49
0 10 64 0
0 29 64 127
0.5 201 62 0
0.5 0 59 38
0.5 240 59 0
0.5 0 57 42
0 9 64 0
0 37 64 127
0.5 74 57 0
0.5 0 60 39
0.5 120 60 0
0.5 0 50 0
0.5 0 64 42
0 12 64 0
0 37 64 127
0.5 71 64 0
0.5 0 62 42
0.5 120 62 0
0.5 0 60 40
0.5 0 55 40
0 10 64 0
0 450 64 0
0.5 20 60 0
0.5 0 59 36
0.5 120 59 0
0.5 0 55 0
0 360 64 0
0.5 0 36 57
0.5 0 48 57
0 56 64 127
0.5 184 48 0
0.5 0 36 0
0.5 0 60 51
0.5 240 60 0
0.5 0 64 56
0 7 64 0
0 28 64 127
0.5 205 64 0
0.5 0 60 50
0.5 240 60 0
0.5 0 55 51
0.5 0 60 51
0 7 64 0
0 32 64 127
0.5 201 60 0
0.5 0 59 45
0 11 64 0
0 28 64 127
0.5 201 59 0
0.5 0 57 52
0 11 64 0
0 35 64 127
0.5 194 57 0
0.5 0 55 0
0.5 0 55 44
0 6 64 0
0 44 64 127
0.5 190 55 0
0.5 0 50 46
0.5 0 56 46
0 12 64 0
0 34 64 127
0.5 194 56 0
0.5 0 57 38
0 3 64 0
0 43 64 127
0.5 194 57 0
0.5 0 60 46
0 11 64 0
0 23 64 127
0.5 206 60 0
0.5 0 57 39
0.5 240 57 0
0.5 0 50 0
0 0 64 0
0.5 0 43 41
0.5 0 55 41
0.5 240 55 0
0.5 0 43 0
0.5 0 59 53
0.5 0 55 53
0.5 240 55 0
0.5 0 59 0
0.5 0 60 59
0.5 0 57 59
0.5 240 57 0
0.5 0 60 0
0.5 0 62 63
0.5 0 59 63
0.5 240 59 0
0.5 0 62 0
0.5 0 39 78
0.5 0 51 78
0 35 64 127
0.5 85 51 0
0.5 0 39 0
0.5 120 58 72
0.5 0 63 72
0.5 240 63 0
0.5 0 62 74
0 11 64 0
0 40 64 127
0.5 189 62 0
0.5 0 61 69
0 3 64 0
0 46 64 127
0.5 191 61 0
0.5 0 58 0
0.5 0 38 69
0.5 0 50 69
0 6 64 0
0 47 64 127
0.5 67 50 0
0.5 0 38 0
0.5 120 50 59
0.5 0 59 59
0 13 64 0
0 47 64 127
0.5 180 59 0
0.5 0 57 62
0 10 64 0
0 43 64 127
0.5 187 57 0
0.5 0 55 53
0 11 64 0
0 63 64 127
0.5 166 55 0
0.5 0 50 0
0.5 0 50 59
0.5 0 52 59
0 6 64 0
0 31 64 127
0.5 203 52 0
0.5 0 57 50
0.5 240 57 0
0.5 0 50 0
0.5 0 38 55
0 11 64 0
0 35 64 127
0.5 194 38 0
0.5 0 50 47
0.5 240 50 0
0.5 0 43 50
0 5 64 0
0 44 64 127
0.5 191 50 35
0 10 64 0
0 57 64 127
0.5 653 50 0
0.5 0 43 0
0.5 0 43 39
0 4 64 0
0 52 64 127
0.5 64 43 0
0.5 120 50 36
0.5 240 50 0
0.5 0 60 37
0 13 64 0
0 51 64 127
0.5 176 60 0
0.5 0 59 34
0 7 64 0
0 43 64 127
0.5 190 59 0
0.5 0 43 38
0 10 64 0
0 22 64 127
0.5 88 43 0
0.5 120 50 39
0.5 240 50 0
0.5 0 57 40
0 14 64 0
0 50 64 127
0.5 176 57 0
0.5 0 55 36
0 5 64 0
0 31 64 127
0.5 204 55 0
0.5 0 38 41
0 6 64 0
0 58 64 127
0.5 56 38 0
0.5 120 54 38
0 11 64 0
0 49 64 127
0.5 180 54 0
0.5 0 52 41
0 12 64 0
0 30 64 127
0.5 198 52 0
0.5 0 54 44
0.5 240 54 0
0 0 64 0
0.5 0 43 41
0 49 64 127
0.5 71 43 0
0.5 120 50 36
0 10 64 0
0 43 64 127
0.5 187 50 0
0.5 0 55 39
0.5 0 59 39
0 10 64 0
0 36 64 127
0.5 194 59 0
0.5 0 55 0
0.5 0 50 37
0 7 64 0
0 35 64 127
0.5 198 50 0
0.5 0 43 51
0 8 64 0
0 27 64 127
0.5 85 43 0
0.5 120 55 49
0.5 0 67 49
0.5 240 67 0
0.5 0 66 52
0 13 64 0
0 43 64 127
0.5 184 66 0
0.5 0 65 56
0.5 240 65 0
0.5 0 55 0
0.5 0 55 49
0.5 0 64 56
0 10 64 0
0 32 64 127
0.5 198 64 0
0.5 0 63 49
0 7 64 0
0 39 64 127
0.5 194 63 0
0.5 0 62 48
0 11 64 0
0 49 64 127
0.5 180 62 0
0.5 0 61 48
0 7 64 0
0 39 64 127
0.5 194 61 0
0.5 0 55 0
0.5 0 50 49
0.5 0 62 49
0 9 64 0
0 33 64 127
0.5 198 62 0
0.5 0 59 38
0.5 240 59 0
0.5 0 57 42
0 10 64 0
0 50 64 127
0.5 60 57 0
0.5 0 60 39
0.5 120 60 0
0.5 0 50 0
0.5 0 64 42
0 10 64 0
0 46 64 127
0.5 64 64 0
0.5 0 62 42
0.5 120 62 0
0.5 0 60 40
0.5 0 55 40
0 10 64 0
0.5 470 60 0
0.5 0 59 36
0.5 120 59 0
0.5 0 55 0
0.5 360 48 57
0.5 0 36 57
0 81 64 127
0.5 159 36 0
0.5 0 48 0
0.5 0 60 51
0.5 240 60 0
0.5 0 64 56
0 11 64 0
0 38 64 127
0.5 191 64 0
0.5 0 60 50
0.5 240 60 0
0.5 0 55 51
0.5 0 60 51
0 7 64 0
0 49 64 127
0.5 184 60 0
0.5 0 59 45
0 14 64 0
0 43 64 127
0.5 183 59 0
0.5 0 57 52
0 13 64 0
0 33 64 127
0.5 194 57 0
0.5 0 55 0
0.5 0 55 44
0 7 64 0
0 32 64 127
0.5 201 55 0
0.5 0 56 46
0.5 0 50 46
0 11 64 0
0 29 64 127
0.5 200 56 0
0.5 0 57 38
0 5 64 0
0 47 64 127
0.5 188 57 0
0.5 0 60 46
0 9 64 0
0 34 64 127
0.5 197 60 0
0.5 0 57 39
0.5 240 57 0
0.5 0 50 0
0 0 64 0
0.5 0 55 41
0.5 0 43 41
0.5 240 43 0
0.5 0 55 0
0.5 0 59 53
0.5 0 55 53
0.5 240 55 0
0.5 0 59 0
0.5 0 57 59
0.5 0 60 59
0.5 240 60 0
0.5 0 57 0
0.5 0 62 63
0.5 0 59 63
0.5 240 59 0
0.5 0 62 0
0.5 0 51 78
0.5 0 39 78
0 40 64 127
0.5 80 39 0
0.5 0 51 0
0.5 120 58 72
0.5 0 63 72
0.5 240 63 0
0.5 0 62 74
0 11 64 0
0 29 64 127
0.5 200 62 0
0.5 0 61 69
0 3 64 0
0 54 64 127
0.5 183 61 0
0.5 0 58 0
0.5 0 38 69
0.5 0 50 69
0 11 64 0
0 42 64 127
0.5 67 50 0
0.5 0 38 0
0.5 120 59 59
0.5 0 50 59
0 7 64 0
0 36 64 127
0.5 197 59 0
0.5 0 57 62
0 11 64 0
0 38 64 127
0.5 191 57 0
0.5 0 55 53
0 14 64 0
0 53 64 127
0.5 173 55 0
0.5 0 50 0
0.5 0 50 59
0.5 0 52 59
0 7 64 0
0 36 64 127
0.5 197 52 0
0.5 0 57 50
0.5 240 57 0
0.5 0 50 0
0.5 0 38 55
0 11 64 0
0 38 64 127
0.5 191 38 0
0.5 0 50 47
0.5 240 50 0
0.5 0 43 50
0 5 64 0
0 34 64 127
0.5 201 50 35
0 10 64 0
0 64 64 127
0.5 646 50 0
0.5 0 43 0
0.5 0 43 39
0 10 64 0
0 71 64 127
0.5 39 43 0
0.5 120 50 36
0.5 240 50 0
0.5 0 60 37
0 11 64 0
0 35 64 127
0.5 194 60 0
0.5 0 59 34
0 10 64 0
0 33 64 127
0.5 197 59 0
0.5 0 43 38
0 9 64 0
0 44 64 127
0.5 67 43 0
0.5 120 50 39
0.5 240 50 0
0.5 0 57 40
0 12 64 0
0 48 64 127
0.5 180 57 0
0.5 0 55 36
0 6 64 0
0 47 64 127
0.5 187 55 0
0.5 0 38 41
0 6 64 0
0 54 64 127
0.5 60 38 0
0.5 120 54 38
0 8 64 0
0 42 64 127
0.5 190 54 0
0.5 0 52 41
0 10 64 0
0 25 64 127
0.5 205 52 0
0.5 0 54 44
0.5 240 54 0
0.5 0 43 41
0 7 64 0
0 25 64 127
0.5 88 43 0
0.5 120 50 36
0 10 64 0
0 39 64 127
0.5 191 50 0
0.5 0 55 39
0.5 0 59 39
0 11 64 0
0 38 64 127
0.5 191 59 0
0.5 0 55 0
0.5 0 50 37
0 7 64 0
0 42 64 127
0.5 191 50 0
0.5 0 43 51
0 5 64 0
0 44 64 127
0.5 71 43 0
0.5 120 55 49
0.5 0 67 49
0.5 240 67 0
0.5 0 66 52
0 11 64 0
0 42 64 127
0.5 187 66 0
0.5 0 65 56
0.5 240 65 0
0.5 0 55 0
0.5 0 55 49
0.5 0 64 56
0 7 64 0
0 39 64 127
0.5 194 64 0
0.5 0 63 49
0 4 64 0
0 46 64 127
0.5 190 63 0
0.5 0 62 48
0 10 64 0
0 57 64 127
0.5 173 62 0
0.5 0 61 48
0 10 64 0
0 33 64 127
0.5 197 61 0
0.5 0 55 0
0.5 0 62 49
0.5 0 50 49
0 7 64 0
0 35 64 127
0.5 198 62 0
0.5 0 59 38
0.5 240 59 0
0.5 0 57 42
0 10 64 0
0 39 64 127
0.5 71 57 0
0.5 0 60 39
0.5 120 60 0
0.5 0 50 0
0.5 0 64 42
0 14 64 0
0 42 64 127
0.5 64 64 0
0.5 0 62 42
0.5 120 62 0
0.5 0 55 42
0.5 0 59 42
0 5 64 0
0 34 64 127
0.5 81 59 0
0.5 0 55 0
0.5 120 55 39
0.5 240 55 0
0.5 0 43 48
0 6 64 0
0 36 64 127
0.5 198 43 0
0.5 0 55 37
0.5 240 55 0
0.5 0 38 42
0 6 64 0
0 65 64 127
0.5 49 38 0
0.5 120 50 35
0.5 0 61 35
0 7 64 0
0 53 64 127
0.5 120 61 0
0.5 0 50 0
0.5 60 50 35
0.5 0 60 35
0 7 64 0
0 39 64 127
0.5 134 60 0
0.5 0 50 0
0.5 60 50 34
0.5 0 57 34
0.5 180 57 0
0.5 0 50 0
0.5 60 55 42
0.5 0 59 42
0 8 64 0
0 34 64 127
0.5 78 59 0
0.5 0 55 0
0.5 120 55 39
0.5 240 55 0
0.5 0 43 48
0 10 64 0
0 39 64 127
0.5 191 43 0
0.5 0 55 37
0.5 240 55 0
0.5 0 38 42
0 9 64 0
0 37 64 127
0.5 74 38 0
0.5 120 61 35
0.5 0 50 35
0 4 64 0
0 32 64 127
0.5 144 50 0
0.5 0 61 0
0.5 60 50 35
0.5 0 60 35
0 11 64 0
0 24 64 127
0.5 145 60 0
0.5 0 50 0
0.5 60 50 34
0.5 0 57 34
0 4 64 0
0 49 64 127
0.5 127 57 0
0.5 0 50 0
0.5 60 55 42
0.5 0 59 42
0 10 64 0
0 50 64 127
0.5 60 59 0
0.5 0 55 0
0.5 2100 55 31
0.5 30 62 31
0.5 30 67 31
0.5 240 67 0
0.5 0 62 0
0.5 0 55 0
0.5 360 43 26
0.5 0 50 31
0.5 480 50 0
0.5 0 43 0
0 1707 64 0
1 0 0 0
