0 0 7 127
0 0 10 64
0.5 0 72 40
0.5 120 72 0
0.5 0 74 42
0.5 120 74 0
0.5 0 76 46
0.5 120 76 0
0.5 0 77 49
0.5 120 77 0
0.5 0 78 52
0.5 120 78 0
0.5 0 79 54
0.5 120 79 0
0.5 0 81 55
0.5 120 81 0
0.5 0 79 51
0.5 120 79 0
0.5 0 78 53
0.5 120 78 0
0.5 0 79 50
0.5 120 79 0
0.5 0 81 53
0.5 120 81 0
0.5 0 83 49
0.5 120 83 0
0.5 0 84 46
0.5 120 84 0
0.5 0 86 48
0.5 120 86 0
0.5 0 88 52
0.5 120 88 0
0.5 0 89 56
0.5 120 89 0
0.5 0 90 59
0.5 120 90 0
0.5 0 91 62
0.5 120 91 0
0.5 0 93 63
0.5 120 93 0
0.5 0 91 58
0.5 120 91 0
0.5 0 90 60
0.5 120 90 0
0.5 0 91 57
0.5 120 91 0
0.5 0 93 60
0.5 120 93 0
0.5 0 95 56
0.5 120 95 0
0.5 0 96 65
0.5 120 96 0
0.5 0 100 67
0.5 120 100 0
0.5 0 103 69
0.5 120 103 0
0.5 0 101 64
0.5 120 101 0
0.5 0 100 69
0.5 120 100 0
0.5 0 98 64
0.5 120 98 0
0.5 0 96 68
0.5 120 96 0
0.5 0 95 59
0.5 120 95 0
0.5 0 93 68
0.5 120 93 0
0.5 0 91 61
0.5 120 91 0
0.5 0 89 66
0.5 120 89 0
0.5 0 88 61
0.5 120 88 0
0.5 0 86 63
0.5 120 86 0
0.5 0 88 65
0.5 120 88 0
0.5 0 89 65
0.5 120 89 0
0.5 0 88 62
0.5 120 88 0
0.5 0 86 61
0.5 120 86 0
0.5 0 84 59
0.5 120 84 0
0.5 0 83 57
0.5 120 83 0
0.5 0 81 51
0.5 120 81 0
0.5 0 79 53
0.5 120 79 0
0.5 0 77 48
0.5 120 77 0
0.5 0 76 54
0.5 120 76 0
0.5 0 74 46
0.5 120 74 0
0.5 0 72 40
0.5 120 72 0
0.5 0 74 42
0.5 120 74 0
0.5 0 76 46
0.5 120 76 0
0.5 0 77 49
0.5 120 77 0
0.5 0 78 52
0.5 120 78 0
0.5 0 79 54
0.5 120 79 0
0.5 0 81 55
0.5 120 81 0
0.5 0 79 51
0.5 120 79 0
0.5 0 78 53
0.5 120 78 0
0.5 0 79 50
0.5 120 79 0
0.5 0 81 53
0.5 120 81 0
0.5 0 83 49
0.5 120 83 0
0.5 0 84 46
0.5 120 84 0
0.5 0 86 48
0.5 120 86 0
0.5 0 88 52
0.5 120 88 0
0.5 0 89 54
0.5 120 89 0
0.5 0 90 59
0.5 120 90 0
0.5 0 91 62
0.5 120 91 0
0.5 0 93 63
0.5 120 93 0
0.5 0 91 58
0.5 120 91 0
0.5 0 90 60
0.5 120 90 0
0.5 0 91 57
0.5 120 91 0
0.5 0 93 60
0.5 120 93 0
0.5 0 95 56
0.5 120 95 0
0.5 0 96 65
0.5 120 96 0
0.5 0 98 67
0.5 120 98 0
0.5 0 100 69
0.5 120 100 0
0.5 0 98 64
0.5 120 98 0
0.5 0 96 69
0.5 120 96 0
0.5 0 95 64
0.5 120 95 0
0.5 0 93 68
0.5 120 93 0
0.5 0 95 59
0.5 120 95 0
0.5 0 96 68
0.5 120 96 0
0.5 0 95 61
0.5 120 95 0
0.5 0 93 66
0.5 120 93 0
0.5 0 91 61
0.5 120 91 0
0.5 0 90 63
0.5 120 90 0
0.5 0 88 64
0.5 120 88 0
0.5 0 86 62
0.5 120 86 0
0.5 0 84 62
0.5 120 84 0
0.5 0 83 61
0.5 120 83 0
0.5 0 81 59
0.5 120 81 0
0.5 0 79 51
0.5 120 79 0
0.5 0 78 40
0.5 120 78 0
0.5 0 81 48
0.5 120 81 0
0.5 0 79 37
0.5 120 79 0
0.5 0 77 42
0.5 120 77 0
0.5 0 74 35
0.5 120 74 0
0.5 0 72 40
0.5 120 72 0
0.5 0 74 42
0.5 120 74 0
0.5 0 76 46
0.5 120 76 0
0.5 0 77 49
0.5 120 77 0
0.5 0 78 52
0.5 120 78 0
0.5 0 79 54
0.5 120 79 0
0.5 0 81 55
0.5 120 81 0
0.5 0 79 51
0.5 120 79 0
0.5 0 78 53
0.5 120 78 0
0.5 0 79 50
0.5 120 79 0
0.5 0 81 53
0.5 120 81 0
0.5 0 83 49
0.5 120 83 0
0.5 0 84 46
0.5 120 84 0
0.5 0 86 48
0.5 120 86 0
0.5 0 88 52
0.5 120 88 0
0.5 0 89 56
0.5 120 89 0
0.5 0 90 59
0.5 120 90 0
0.5 0 91 62
0.5 120 91 0
0.5 0 93 63
0.5 120 93 0
0.5 0 91 58
0.5 120 91 0
0.5 0 90 60
0.5 120 90 0
0.5 0 91 57
0.5 120 91 0
0.5 0 93 60
0.5 120 93 0
0.5 0 95 56
0.5 120 95 0
0.5 0 96 65
0.5 120 96 0
0.5 0 100 67
0.5 120 100 0
0.5 0 103 69
0.5 120 103 0
0.5 0 101 64
0.5 120 101 0
0.5 0 100 69
0.5 120 100 0
0.5 0 98 64
0.5 120 98 0
0.5 0 96 68
0.5 120 96 0
0.5 0 95 59
0.5 120 95 0
0.5 0 93 68
0.5 120 93 0
0.5 0 91 61
0.5 120 91 0
0.5 0 89 66
0.5 120 89 0
0.5 0 88 61
0.5 120 88 0
0.5 0 86 63
0.5 120 86 0
0.5 0 88 65
0.5 120 88 0
0.5 0 89 65
0.5 120 89 0
0.5 0 88 62
0.5 120 88 0
0.5 0 86 61
0.5 120 86 0
0.5 0 84 59
0.5 120 84 0
0.5 0 83 57
0.5 120 83 0
0.5 0 81 51
0.5 120 81 0
0.5 0 79 53
0.5 120 79 0
0.5 0 77 48
0.5 120 77 0
0.5 0 76 54
0.5 120 76 0
0.5 0 74 46
0.5 120 74 0
0.5 0 72 40
0.5 120 72 0
0.5 0 74 42
0.5 120 74 0
0.5 0 76 46
0.5 120 76 0
0.5 0 77 49
0.5 120 77 0
0.5 0 78 52
0.5 120 78 0
0.5 0 79 54
0.5 120 79 0
0.5 0 81 55
0.5 120 81 0
0.5 0 79 51
0.5 120 79 0
0.5 0 78 53
0.5 120 78 0
0.5 0 79 50
0.5 120 79 0
0.5 0 81 53
0.5 120 81 0
0.5 0 83 49
0.5 120 83 0
0.5 0 84 46
0.5 120 84 0
0.5 0 86 48
0.5 120 86 0
0.5 0 88 52
0.5 120 88 0
0.5 0 89 54
0.5 120 89 0
0.5 0 90 59
0.5 120 90 0
0.5 0 91 62
0.5 120 91 0
0.5 0 93 63
0.5 120 93 0
0.5 0 91 58
0.5 120 91 0
0.5 0 90 60
0.5 120 90 0
0.5 0 91 57
0.5 120 91 0
0.5 0 93 60
0.5 120 93 0
0.5 0 95 56
0.5 120 95 0
0.5 0 96 65
0.5 120 96 0
0.5 0 98 67
0.5 120 98 0
0.5 0 100 69
0.5 120 100 0
0.5 0 98 64
0.5 120 98 0
0.5 0 96 69
0.5 120 96 0
0.5 0 95 64
0.5 120 95 0
0.5 0 93 68
0.5 120 93 0
0.5 0 95 59
0.5 120 95 0
0.5 0 96 68
0.5 120 96 0
0.5 0 95 61
0.5 120 95 0
0.5 0 93 66
0.5 120 93 0
0.5 0 91 61
0.5 120 91 0
0.5 0 90 63
0.5 120 90 0
0.5 0 88 64
0.5 120 88 0
0.5 0 86 62
0.5 120 86 0
0.5 0 84 62
0.5 120 84 0
0.5 0 83 61
0.5 120 83 0
0.5 0 81 59
0.5 120 81 0
0.5 0 79 53
0.5 120 79 0
0.5 600 77 63
0.5 120 77 0
0.5 0 79 65
0.5 120 79 0
0.5 0 81 68
0.5 120 81 0
0.5 0 79 70
0.5 120 79 0
0.5 0 77 68
0.5 120 77 0
0.5 0 76 62
0.5 120 76 0
0.5 0 74 64
0.5 120 74 0
0.5 0 76 65
0.5 120 76 0
0.5 0 77 67
0.5 120 77 0
0.5 0 76 68
0.5 120 76 0
0.5 0 74 65
0.5 120 74 0
0.5 0 72 61
0.5 120 72 0
0.5 0 71 65
0.5 120 71 0
0.5 0 72 57
0.5 120 72 0
0.5 0 71 62
0.5 120 71 0
0.5 0 70 58
0.5 120 70 0
0.5 0 71 53
0.5 120 71 0
0.5 0 81 69
0.5 120 79 59
0.5 20 81 0
0.5 100 79 0
0.5 600 42 63
0.5 120 43 65
0.5 24 42 0
0.5 96 45 68
0.5 24 43 0
0.5 96 43 70
0.5 24 45 0
0.5 96 42 68
0.5 24 43 0
0.5 96 43 62
0.5 24 42 0
0.5 96 47 64
0.5 24 43 0
0.5 96 48 65
0.5 24 47 0
0.5 96 50 67
0.5 24 48 0
0.5 96 48 68
0.5 24 50 0
0.5 96 47 65
0.5 24 48 0
0.5 96 48 61
0.5 24 47 0
0.5 96 51 72
0.5 24 48 0
0.5 96 52 67
0.5 24 51 0
0.5 96 53 73
0.5 24 52 0
0.5 96 52 70
0.5 24 53 0
0.5 96 51 68
0.5 24 52 0
0.5 96 52 72
0.5 24 51 0
0.5 96 55 78
0.5 24 52 0
0.5 96 55 0
0.5 600 77 63
0.5 120 77 0
0.5 0 79 65
0.5 120 79 0
0.5 0 80 68
0.5 120 80 0
0.5 0 79 70
0.5 120 79 0
0.5 0 77 68
0.5 120 77 0
0.5 0 75 62
0.5 120 75 0
0.5 0 74 64
0.5 120 74 0
0.5 0 75 65
0.5 120 75 0
0.5 0 77 67
0.5 120 77 0
0.5 0 75 68
0.5 120 75 0
0.5 0 74 65
0.5 120 74 0
0.5 0 72 61
0.5 120 72 0
0.5 0 71 65
0.5 120 71 0
0.5 0 72 57
0.5 120 72 0
0.5 0 71 62
0.5 120 71 0
0.5 0 70 58
0.5 120 70 0
0.5 0 71 53
0.5 120 71 0
0.5 0 80 68
0.5 120 79 59
0.5 20 80 0
0.5 100 79 0
0.5 600 42 63
0.5 120 43 65
0.5 24 42 0
0.5 96 44 68
0.5 24 43 0
0.5 96 43 70
0.5 24 44 0
0.5 96 42 68
0.5 24 43 0
0.5 96 43 62
0.5 24 42 0
0.5 96 47 64
0.5 24 43 0
0.5 96 48 65
0.5 24 47 0
0.5 96 50 67
0.5 24 48 0
0.5 96 48 68
0.5 24 50 0
0.5 96 47 65
0.5 24 48 0
0.5 96 48 61
0.5 24 47 0
0.5 96 50 72
0.5 24 48 0
0.5 96 51 67
0.5 24 50 0
0.5 96 53 73
0.5 24 51 0
0.5 96 51 70
0.5 24 53 0
0.5 96 50 68
0.5 24 51 0
0.5 96 51 72
0.5 24 50 0
0.5 96 55 78
0.5 24 51 0
0.5 96 55 0
0.5 600 75 45
0.5 120 75 0
0.5 0 77 47
0.5 120 77 0
0.5 0 75 50
0.5 120 75 0
0.5 0 72 45
0.5 120 72 0
0.5 0 84 51
0.5 120 84 0
0.5 360 85 68
0.5 240 85 0
0.5 0 75 61
0.5 240 75 0
0.5 0 75 45
0.5 120 75 0
0.5 0 77 47
0.5 120 77 0
0.5 0 75 50
0.5 120 75 0
0.5 0 72 45
0.5 120 72 0
0.5 0 84 51
0.5 120 84 0
0.5 360 85 68
0.5 240 85 0
0.5 0 75 61
0.5 240 75 0
0.5 0 75 47
0.5 120 75 0
0.5 0 77 50
0.5 120 77 0
0.5 0 75 53
0.5 120 75 0
0.5 0 72 47
0.5 120 72 0
0.5 0 84 54
0.5 120 84 0
0.5 120 76 53
0.5 120 76 0
0.5 0 77 56
0.5 120 77 0
0.5 0 76 59
0.5 120 76 0
0.5 0 72 53
0.5 120 72 0
0.5 0 84 61
0.5 120 84 0
0.5 120 77 60
0.5 120 77 0
0.5 0 79 64
0.5 120 79 0
0.5 0 77 67
0.5 120 77 0
0.5 0 72 60
0.5 120 72 0
0.5 0 84 70
0.5 120 84 0
0.5 120 78 68
0.5 120 78 0
0.5 0 79 72
0.5 120 79 0
0.5 0 78 76
0.5 120 78 0
0.5 0 72 68
0.5 120 72 0
0.5 0 84 79
0.5 120 84 0
0.5 120 79 81
0.5 120 79 0
0.5 0 81 69
0.5 120 81 0
0.5 0 83 65
0.5 120 83 0
0.5 0 84 65
0.5 90 84 0
0.5 30 76 79
0.5 120 76 0
0.5 0 77 68
0.5 120 77 0
0.5 0 78 65
0.5 120 78 0
0.5 0 79 65
0.5 120 79 0
0.5 0 72 77
0.5 120 72 0
0.5 0 74 68
0.5 120 74 0
0.5 0 75 64
0.5 120 75 0
0.5 0 76 64
0.5 90 76 0
0.5 30 67 73
0.5 120 69 58
0.5 24 67 0
0.5 96 71 55
0.5 24 69 0
0.5 96 72 55
0.5 24 71 0
0.5 66 72 0
0.5 30 64 67
0.5 120 65 57
0.5 24 64 0
0.5 96 66 55
0.5 24 65 0
0.5 96 67 55
0.5 24 66 0
0.5 66 67 0
0.5 30 60 65
0.5 120 62 57
0.5 24 60 0
0.5 96 63 54
0.5 24 62 0
0.5 96 64 54
0.5 24 63 0
0.5 66 64 0
0.5 30 55 63
0.5 480 55 0
0.5 240 64 57
0.5 0 67 57
0.5 720 67 0
0.5 0 64 0
0.5 0 63 47
0.5 0 66 47
0.5 0 69 47
0.5 720 69 0
0.5 0 66 0
0.5 0 63 0
0.5 0 71 39
0.5 0 65 39
0.5 0 62 39
0.5 720 62 0
0.5 0 65 0
0.5 0 71 0
0.5 0 72 40
0.5 120 72 0
0.5 0 74 42
0.5 120 74 0
0.5 0 76 46
0.5 120 76 0
0.5 0 77 49
0.5 120 77 0
0.5 0 78 52
0.5 120 78 0
0.5 0 79 54
0.5 120 79 0
0.5 0 81 55
0.5 120 81 0
0.5 0 79 51
0.5 120 79 0
0.5 0 78 53
0.5 120 78 0
0.5 0 79 50
0.5 120 79 0
0.5 0 81 53
0.5 120 81 0
0.5 0 83 49
0.5 120 83 0
0.5 0 84 46
0.5 120 84 0
0.5 0 86 48
0.5 120 86 0
0.5 0 88 52
0.5 120 88 0
0.5 0 89 56
0.5 120 89 0
0.5 0 90 59
0.5 120 90 0
0.5 0 91 62
0.5 120 91 0
0.5 0 93 63
0.5 120 93 0
0.5 0 91 58
0.5 120 91 0
0.5 0 90 60
0.5 120 90 0
0.5 0 91 57
0.5 120 91 0
0.5 0 93 60
0.5 120 93 0
0.5 0 95 56
0.5 120 95 0
0.5 0 96 65
0.5 120 96 0
0.5 0 100 67
0.5 120 100 0
0.5 0 103 69
0.5 120 103 0
0.5 0 101 64
0.5 120 101 0
0.5 0 100 69
0.5 120 100 0
0.5 0 98 64
0.5 120 98 0
0.5 0 96 68
0.5 120 96 0
0.5 0 95 59
0.5 120 95 0
0.5 0 93 68
0.5 120 93 0
0.5 0 91 61
0.5 120 91 0
0.5 0 89 66
0.5 120 89 0
0.5 0 88 61
0.5 120 88 0
0.5 0 86 63
0.5 120 86 0
0.5 0 88 65
0.5 120 88 0
0.5 0 89 65
0.5 120 89 0
0.5 0 88 62
0.5 120 88 0
0.5 0 86 61
0.5 120 86 0
0.5 0 84 59
0.5 120 84 0
0.5 0 83 57
0.5 120 83 0
0.5 0 81 51
0.5 120 81 0
0.5 0 79 53
0.5 120 79 0
0.5 0 77 48
0.5 120 77 0
0.5 0 76 54
0.5 120 76 0
0.5 0 74 46
0.5 120 74 0
0.5 0 72 48
0.5 120 72 0
0.5 0 74 50
0.5 120 74 0
0.5 0 76 53
0.5 120 76 0
0.5 0 77 55
0.5 120 77 0
0.5 0 78 58
0.5 120 78 0
0.5 0 79 62
0.5 120 79 0
0.5 0 81 77
0.5 120 81 0
0.5 0 79 66
0.5 120 79 0
0.5 0 78 66
0.5 120 78 0
0.5 0 79 57
0.5 120 79 0
0.5 0 81 60
0.5 120 81 0
0.5 0 79 56
0.5 90 79 0
0.5 30 79 76
0.5 120 79 0
0.5 0 77 54
0.5 120 77 0
0.5 0 76 52
0.5 120 76 0
0.5 0 77 49
0.5 120 77 0
0.5 0 79 57
0.5 120 79 0
0.5 0 77 51
0.5 90 77 0
0.5 30 77 72
0.5 120 77 0
0.5 0 76 49
0.5 120 76 0
0.5 0 75 55
0.5 120 75 0
0.5 0 76 47
0.5 120 76 0
0.5 0 77 55
0.5 120 77 0
0.5 0 76 49
0.5 90 76 0
0.5 30 76 74
0.5 120 76 0
0.5 0 74 48
0.5 120 74 0
0.5 0 73 52
0.5 120 73 0
0.5 0 74 56
0.5 120 74 0
0.5 0 73 59
0.5 120 73 0
0.5 0 74 62
0.5 90 74 0
0.5 30 75 70
0.5 120 75 0
0.5 0 72 62
0.5 120 72 0
0.5 0 71 70
0.5 120 71 0
0.5 0 72 63
0.5 120 72 0
0.5 0 71 67
0.5 120 71 0
0.5 0 72 56
0.5 120 72 0
0.5 0 67 59
0.5 120 67 0
0.5 0 79 66
0.5 120 79 0
0.5 0 77 63
0.5 120 77 0
0.5 0 76 63
0.5 120 76 0
0.5 0 74 62
0.5 120 74 0
0.5 0 72 62
0.5 120 72 0
0.5 0 71 61
0.5 120 71 0
0.5 0 69 55
0.5 120 69 0
0.5 0 67 54
0.5 120 67 0
0.5 0 65 51
0.5 120 65 0
0.5 0 64 49
0.5 120 64 0
0.5 0 62 46
0.5 120 62 0
0.5 0 60 48
0.5 120 62 55
0.5 24 60 0
0.5 96 63 57
0.5 24 62 0
0.5 96 64 60
0.5 24 63 0
0.5 96 64 0
0.5 240 59 59
0.5 120 60 58
0.5 24 59 0
0.5 96 61 53
0.5 24 60 0
0.5 96 62 50
0.5 24 61 0
0.5 96 62 0
0.5 240 60 48
0.5 120 62 55
0.5 24 60 0
0.5 96 63 57
0.5 24 62 0
0.5 96 64 60
0.5 24 63 0
0.5 96 64 0
0.5 240 59 59
0.5 120 60 58
0.5 24 59 0
0.5 96 61 53
0.5 24 60 0
0.5 96 62 50
0.5 24 61 0
0.5 96 62 0
0.5 240 60 52
0.5 120 62 61
0.5 24 60 0
0.5 96 63 63
0.5 24 62 0
0.5 96 64 67
0.5 24 63 0
0.5 96 64 0
0.5 240 55 64
0.5 120 57 59
0.5 24 55 0
0.5 96 59 60
0.5 24 57 0
0.5 96 60 60
0.5 24 59 0
0.5 96 60 0
0.5 240 52 68
0.5 120 53 62
0.5 24 52 0
0.5 96 54 63
0.5 24 53 0
0.5 96 55 63
0.5 24 54 0
0.5 96 55 0
0.5 240 48 71
0.5 120 50 65
0.5 24 48 0
0.5 96 51 66
0.5 24 50 0
0.5 96 52 66
0.5 24 51 0
0.5 96 52 0
0.5 240 56 92
0.5 180 56 0
0.5 540 66 69
0.5 0 74 81
0.5 0 72 69
0.5 180 72 0
0.5 0 74 0
0.5 0 66 0
0.5 540 55 88
0.5 180 55 0
0.5 540 79 80
0.5 0 71 68
0.5 0 67 68
0.5 180 67 0
0.5 0 71 0
0.5 0 79 0
0.5 540 60 96
0.5 180 60 0
0.5 540 72 76
0.5 0 76 76
0.5 0 84 90
0.5 180 84 0
0.5 0 76 0
0.5 0 72 0
1 0 0 0
0 0 7 127
0 0 10 64
0.5 0 64 30
0.5 0 60 25
0.5 120 60 0
0.5 0 64 0
0.5 120 55 29
0.5 120 55 0
0.5 120 55 29
0.5 120 55 0
0.5 120 59 22
0.5 0 65 26
0.5 120 65 0
0.5 0 59 0
0.5 120 55 33
0.5 120 55 0
0.5 120 55 24
0.5 120 55 0
0.5 120 64 30
0.5 0 60 25
0.5 120 60 0
0.5 0 64 0
0.5 120 55 29
0.5 120 55 0
0.5 120 55 29
0.5 120 55 0
0.5 120 65 35
0.5 0 59 29
0.5 120 59 0
0.5 0 65 0
0.5 120 55 45
0.5 120 55 0
0.5 120 55 41
0.5 120 55 0
0.5 120 60 54
0.5 0 64 64
0.5 120 64 0
0.5 0 60 0
0.5 120 60 46
0.5 0 64 56
0.5 120 64 0
0.5 0 60 0
0.5 360 52 49
0.5 0 55 49
0.5 0 60 58
0.5 120 60 0
0.5 0 55 0
0.5 0 52 0
0.5 120 52 44
0.5 0 60 52
0.5 0 55 44
0.5 120 55 0
0.5 0 60 0
0.5 0 52 0
0.5 360 62 56
0.5 0 57 47
0.5 0 53 47
0.5 120 53 0
0.5 0 57 0
0.5 0 62 0
0.5 120 62 48
0.5 0 57 40
0.5 0 53 40
0.5 120 53 0
0.5 0 57 0
0.5 0 62 0
0.5 360 55 34
0.5 0 59 34
0.5 0 65 41
0.5 120 65 0
0.5 0 59 0
0.5 0 55 0
0.5 120 55 26
0.5 0 59 26
0.5 0 65 31
0.5 120 65 0
0.5 0 59 0
0.5 0 55 0
0.5 360 64 30
0.5 0 60 25
0.5 120 60 0
0.5 0 64 0
0.5 120 55 29
0.5 120 55 0
0.5 120 55 29
0.5 120 55 0
0.5 120 59 22
0.5 0 65 26
0.5 120 65 0
0.5 0 59 0
0.5 120 55 33
0.5 120 55 0
0.5 120 55 24
0.5 120 55 0
0.5 120 64 30
0.5 0 60 25
0.5 120 60 0
0.5 0 64 0
0.5 120 55 29
0.5 120 55 0
0.5 120 55 29
0.5 120 55 0
0.5 120 65 35
0.5 0 59 29
0.5 120 59 0
0.5 0 65 0
0.5 120 55 45
0.5 120 55 0
0.5 120 55 41
0.5 120 55 0
0.5 120 60 54
0.5 0 64 64
0.5 120 64 0
0.5 0 60 0
0.5 120 60 46
0.5 0 64 56
0.5 120 64 0
0.5 0 60 0
0.5 360 48 49
0.5 0 52 49
0.5 0 57 58
0.5 120 57 0
0.5 0 52 0
0.5 0 48 0
0.5 120 48 44
0.5 0 57 52
0.5 0 52 44
0.5 120 52 0
0.5 0 57 0
0.5 0 48 0
0.5 360 60 56
0.5 0 54 47
0.5 0 50 47
0.5 120 50 0
0.5 0 54 0
0.5 0 60 0
0.5 120 60 47
0.5 0 54 39
0.5 0 50 39
0.5 120 50 0
0.5 0 54 0
0.5 0 60 0
0.5 360 55 34
0.5 0 59 40
0.5 120 59 0
0.5 0 55 0
0.5 600 64 30
0.5 0 60 25
0.5 120 60 0
0.5 0 64 0
0.5 120 55 29
0.5 120 55 0
0.5 120 55 29
0.5 120 55 0
0.5 120 59 22
0.5 0 65 26
0.5 120 65 0
0.5 0 59 0
0.5 120 55 33
0.5 120 55 0
0.5 120 55 24
0.5 120 55 0
0.5 120 64 30
0.5 0 60 25
0.5 120 60 0
0.5 0 64 0
0.5 120 55 29
0.5 120 55 0
0.5 120 55 29
0.5 120 55 0
0.5 120 65 35
0.5 0 59 29
0.5 120 59 0
0.5 0 65 0
0.5 120 55 45
0.5 120 55 0
0.5 120 55 41
0.5 120 55 0
0.5 120 60 54
0.5 0 64 64
0.5 120 64 0
0.5 0 60 0
0.5 120 60 46
0.5 0 64 56
0.5 120 64 0
0.5 0 60 0
0.5 360 52 49
0.5 0 55 49
0.5 0 60 58
0.5 120 60 0
0.5 0 55 0
0.5 0 52 0
0.5 120 52 44
0.5 0 60 52
0.5 0 55 44
0.5 120 55 0
0.5 0 60 0
0.5 0 52 0
0.5 360 62 57
0.5 0 57 48
0.5 0 53 48
0.5 120 53 0
0.5 0 57 0
0.5 0 62 0
0.5 120 62 48
0.5 0 57 40
0.5 0 53 40
0.5 120 53 0
0.5 0 57 0
0.5 0 62 0
0.5 360 55 34
0.5 0 59 34
0.5 0 65 41
0.5 120 65 0
0.5 0 59 0
0.5 0 55 0
0.5 120 55 26
0.5 0 59 26
0.5 0 65 31
0.5 120 65 0
0.5 0 59 0
0.5 0 55 0
0.5 360 64 30
0.5 0 60 25
0.5 120 60 0
0.5 0 64 0
0.5 120 55 29
0.5 120 55 0
0.5 120 55 29
0.5 120 55 0
0.5 120 59 22
0.5 0 65 26
0.5 120 65 0
0.5 0 59 0
0.5 120 55 33
0.5 120 55 0
0.5 120 55 24
0.5 120 55 0
0.5 120 64 30
0.5 0 60 25
0.5 120 60 0
0.5 0 64 0
0.5 120 55 29
0.5 120 55 0
0.5 120 55 29
0.5 120 55 0
0.5 120 65 35
0.5 0 59 29
0.5 120 59 0
0.5 0 65 0
0.5 120 55 45
0.5 120 55 0
0.5 120 55 41
0.5 120 55 0
0.5 120 60 54
0.5 0 64 64
0.5 120 64 0
0.5 0 60 0
0.5 120 60 46
0.5 0 64 56
0.5 120 64 0
0.5 0 60 0
0.5 360 48 49
0.5 0 52 49
0.5 0 57 58
0.5 120 57 0
0.5 0 52 0
0.5 0 48 0
0.5 120 48 44
0.5 0 57 52
0.5 0 52 44
0.5 120 52 0
0.5 0 57 0
0.5 0 48 0
0.5 360 60 56
0.5 0 54 46
0.5 0 50 46
0.5 120 50 0
0.5 0 54 0
0.5 0 60 0
0.5 120 60 46
0.5 0 54 38
0.5 0 50 38
0.5 120 50 0
0.5 0 54 0
0.5 0 60 0
0.5 360 55 32
0.5 0 59 38
0.5 120 59 0
0.5 0 55 0
0.5 120 55 38
0.5 120 55 0
0.5 120 55 38
0.5 120 55 0
0.5 120 59 32
0.5 0 65 38
0.5 0 55 32
0.5 120 55 0
0.5 0 65 0
0.5 0 59 0
0.5 120 65 32
0.5 0 59 27
0.5 0 55 27
0.5 120 55 0
0.5 0 59 0
0.5 0 65 0
0.5 120 65 32
0.5 0 59 27
0.5 0 55 27
0.5 120 55 0
0.5 0 59 0
0.5 0 65 0
0.5 120 65 38
0.5 0 59 32
0.5 0 55 32
0.5 120 55 0
0.5 0 59 0
0.5 0 65 0
0.5 120 65 33
0.5 0 59 28
0.5 0 55 28
0.5 120 55 0
0.5 0 59 0
0.5 0 65 0
0.5 120 65 32
0.5 0 59 27
0.5 0 55 27
0.5 120 55 0
0.5 0 59 0
0.5 0 65 0
0.5 120 55 34
0.5 0 65 40
0.5 0 59 34
0.5 120 59 0
0.5 0 65 0
0.5 0 55 0
0.5 120 65 32
0.5 0 59 27
0.5 0 55 27
0.5 120 55 0
0.5 0 59 0
0.5 0 65 0
0.5 120 55 22
0.5 0 59 22
0.5 0 65 27
0.5 120 65 0
0.5 0 59 0
0.5 0 55 0
0.5 120 59 29
0.5 0 65 35
0.5 0 55 29
0.5 120 55 0
0.5 0 65 0
0.5 0 59 0
0.5 120 65 24
0.5 0 59 20
0.5 0 55 20
0.5 120 55 0
0.5 0 59 0
0.5 0 65 0
0.5 120 65 22
0.5 0 59 18
0.5 0 55 18
0.5 120 55 0
0.5 0 59 0
0.5 0 65 0
0.5 120 60 40
0.5 0 64 47
0.5 120 64 0
0.5 0 60 0
0.5 120 64 40
0.5 0 60 33
0.5 120 60 0
0.5 0 64 0
0.5 120 64 40
0.5 0 60 33
0.5 120 60 0
0.5 0 64 0
0.5 120 64 47
0.5 0 60 40
0.5 120 60 0
0.5 0 64 0
0.5 120 64 41
0.5 0 60 35
0.5 120 60 0
0.5 0 64 0
0.5 120 64 40
0.5 0 60 33
0.5 120 60 0
0.5 0 64 0
0.5 120 60 50
0.5 0 64 60
0.5 120 64 0
0.5 0 60 0
0.5 120 64 56
0.5 0 60 47
0.5 120 60 0
0.5 0 64 0
0.5 120 60 43
0.5 0 64 52
0.5 120 64 0
0.5 0 60 0
0.5 120 64 60
0.5 0 60 50
0.5 120 60 0
0.5 0 64 0
0.5 120 60 45
0.5 0 64 53
0.5 120 64 0
0.5 0 60 0
0.5 120 60 45
0.5 0 64 53
0.5 120 64 0
0.5 0 60 0
0.5 120 59 32
0.5 0 65 38
0.5 0 55 32
0.5 120 55 0
0.5 0 65 0
0.5 0 59 0
0.5 120 65 32
0.5 0 59 27
0.5 0 55 27
0.5 120 55 0
0.5 0 59 0
0.5 0 65 0
0.5 120 65 32
0.5 0 59 27
0.5 0 55 27
0.5 120 55 0
0.5 0 59 0
0.5 0 65 0
0.5 120 65 38
0.5 0 59 32
0.5 0 55 32
0.5 120 55 0
0.5 0 59 0
0.5 0 65 0
0.5 120 65 33
0.5 0 59 28
0.5 0 55 28
0.5 120 55 0
0.5 0 59 0
0.5 0 65 0
0.5 120 65 32
0.5 0 59 27
0.5 0 55 27
0.5 120 55 0
0.5 0 59 0
0.5 0 65 0
0.5 120 55 34
0.5 0 65 40
0.5 0 59 34
0.5 120 59 0
0.5 0 65 0
0.5 0 55 0
0.5 120 65 32
0.5 0 59 27
0.5 0 55 27
0.5 120 55 0
0.5 0 59 0
0.5 0 65 0
0.5 120 55 22
0.5 0 59 22
0.5 0 65 27
0.5 120 65 0
0.5 0 59 0
0.5 0 55 0
0.5 120 59 29
0.5 0 65 35
0.5 0 55 29
0.5 120 55 0
0.5 0 65 0
0.5 0 59 0
0.5 120 65 24
0.5 0 59 20
0.5 0 55 20
0.5 120 55 0
0.5 0 59 0
0.5 0 65 0
0.5 120 65 22
0.5 0 59 18
0.5 0 55 18
0.5 120 55 0
0.5 0 59 0
0.5 0 65 0
0.5 120 60 40
0.5 0 63 47
0.5 120 63 0
0.5 0 60 0
0.5 120 63 40
0.5 0 60 33
0.5 120 60 0
0.5 0 63 0
0.5 120 63 40
0.5 0 60 33
0.5 120 60 0
0.5 0 63 0
0.5 120 63 47
0.5 0 60 40
0.5 120 60 0
0.5 0 63 0
0.5 120 63 41
0.5 0 60 35
0.5 120 60 0
0.5 0 63 0
0.5 120 63 40
0.5 0 60 33
0.5 120 60 0
0.5 0 63 0
0.5 120 60 50
0.5 0 63 60
0.5 120 63 0
0.5 0 60 0
0.5 120 63 56
0.5 0 60 47
0.5 120 60 0
0.5 0 63 0
0.5 120 60 43
0.5 0 63 52
0.5 120 63 0
0.5 0 60 0
0.5 120 63 60
0.5 0 60 50
0.5 120 60 0
0.5 0 63 0
0.5 120 60 38
0.5 0 63 45
0.5 120 63 0
0.5 0 60 0
0.5 120 60 38
0.5 0 63 45
0.5 120 63 0
0.5 0 60 0
0.5 120 60 27
0.5 0 63 32
0.5 0 56 27
0.5 120 56 0
0.5 0 63 0
0.5 0 60 0
0.5 120 63 27
0.5 0 60 22
0.5 0 56 22
0.5 120 56 0
0.5 0 60 0
0.5 0 63 0
0.5 120 63 27
0.5 0 60 22
0.5 0 56 22
0.5 120 56 0
0.5 0 60 0
0.5 0 63 0
0.5 120 55 37
0.5 0 58 37
0.5 0 63 44
0.5 120 63 0
0.5 0 58 0
0.5 0 55 0
0.5 120 55 39
0.5 0 58 39
0.5 0 63 46
0.5 120 63 0
0.5 0 58 0
0.5 0 55 0
0.5 120 63 32
0.5 0 58 27
0.5 0 55 27
0.5 120 55 0
0.5 0 58 0
0.5 0 63 0
0.5 120 60 27
0.5 0 63 32
0.5 0 56 27
0.5 120 56 0
0.5 0 63 0
0.5 0 60 0
0.5 120 63 27
0.5 0 60 22
0.5 0 56 22
0.5 120 56 0
0.5 0 60 0
0.5 0 63 0
0.5 120 63 27
0.5 0 60 22
0.5 0 56 22
0.5 120 56 0
0.5 0 60 0
0.5 0 63 0
0.5 120 55 37
0.5 0 58 37
0.5 0 63 44
0.5 120 63 0
0.5 0 58 0
0.5 0 55 0
0.5 120 55 39
0.5 0 58 39
0.5 0 63 46
0.5 120 63 0
0.5 0 58 0
0.5 0 55 0
0.5 120 63 32
0.5 0 58 27
0.5 0 55 27
0.5 120 55 0
0.5 0 58 0
0.5 0 63 0
0.5 120 60 28
0.5 0 63 34
0.5 0 56 28
0.5 120 56 0
0.5 0 63 0
0.5 0 60 0
0.5 120 63 28
0.5 0 60 24
0.5 0 56 24
0.5 120 56 0
0.5 0 60 0
0.5 0 63 0
0.5 120 63 28
0.5 0 60 24
0.5 0 56 24
0.5 120 56 0
0.5 0 60 0
0.5 0 63 0
0.5 120 60 33
0.5 0 64 39
0.5 0 56 33
0.5 120 56 0
0.5 0 64 0
0.5 0 60 0
0.5 120 64 33
0.5 0 60 28
0.5 0 56 28
0.5 120 56 0
0.5 0 60 0
0.5 0 64 0
0.5 120 64 34
0.5 0 60 29
0.5 0 56 29
0.5 120 56 0
0.5 0 60 0
0.5 0 64 0
0.5 120 60 39
0.5 0 65 47
0.5 0 56 39
0.5 120 56 0
0.5 0 65 0
0.5 0 60 0
0.5 120 65 39
0.5 0 60 34
0.5 0 56 34
0.5 120 56 0
0.5 0 60 0
0.5 0 65 0
0.5 120 65 40
0.5 0 60 35
0.5 0 56 35
0.5 120 56 0
0.5 0 60 0
0.5 0 65 0
0.5 120 60 46
0.5 0 63 55
0.5 0 56 46
0.5 120 56 0
0.5 0 63 0
0.5 0 60 0
0.5 120 63 47
0.5 0 60 40
0.5 0 56 40
0.5 120 56 0
0.5 0 60 0
0.5 0 63 0
0.5 120 63 48
0.5 0 60 41
0.5 0 56 41
0.5 120 56 0
0.5 0 60 0
0.5 0 63 0
0.5 120 64 78
0.5 0 60 66
0.5 0 55 66
0.5 1440 55 0
0.5 0 60 0
0.5 0 64 0
0.5 0 55 58
0.5 120 57 46
0.5 24 55 0
0.5 96 59 44
0.5 24 57 0
0.5 96 60 44
0.5 24 59 0
0.5 66 60 0
0.5 30 52 53
0.5 120 53 45
0.5 24 52 0
0.5 96 54 44
0.5 24 53 0
0.5 96 55 44
0.5 24 54 0
0.5 66 55 0
0.5 30 48 52
0.5 120 50 45
0.5 24 48 0
0.5 96 51 43
0.5 24 50 0
0.5 96 52 43
0.5 24 51 0
0.5 66 52 0
0.5 30 43 43
0.5 120 43 0
0.5 120 43 37
0.5 120 43 0
0.5 120 43 37
0.5 120 43 0
0.5 360 43 30
0.5 0 55 36
0.5 120 55 0
0.5 0 43 0
0.5 120 43 30
0.5 0 55 36
0.5 120 55 0
0.5 0 43 0
0.5 360 55 34
0.5 0 43 28
0.5 120 43 0
0.5 0 55 0
0.5 120 55 34
0.5 0 43 28
0.5 120 43 0
0.5 0 55 0
0.5 360 55 32
0.5 0 43 27
0.5 120 43 0
0.5 0 55 0
0.5 120 55 32
0.5 0 43 27
0.5 120 43 0
0.5 0 55 0
0.5 120 64 30
0.5 0 60 25
0.5 120 60 0
0.5 0 64 0
0.5 120 55 29
0.5 120 55 0
0.5 120 55 29
0.5 120 55 0
0.5 120 59 22
0.5 0 65 26
0.5 120 65 0
0.5 0 59 0
0.5 120 55 33
0.5 120 55 0
0.5 120 55 24
0.5 120 55 0
0.5 120 64 30
0.5 0 60 25
0.5 120 60 0
0.5 0 64 0
0.5 120 55 29
0.5 120 55 0
0.5 120 55 29
0.5 120 55 0
0.5 120 65 35
0.5 0 59 29
0.5 120 59 0
0.5 0 65 0
0.5 120 55 45
0.5 120 55 0
0.5 120 55 41
0.5 120 55 0
0.5 120 60 54
0.5 0 64 64
0.5 120 64 0
0.5 0 60 0
0.5 120 60 46
0.5 0 64 56
0.5 120 64 0
0.5 0 60 0
0.5 360 52 49
0.5 0 55 49
0.5 0 60 58
0.5 120 60 0
0.5 0 55 0
0.5 0 52 0
0.5 120 52 44
0.5 0 60 52
0.5 0 55 44
0.5 120 55 0
0.5 0 60 0
0.5 0 52 0
0.5 360 62 57
0.5 0 57 47
0.5 0 53 47
0.5 120 53 0
0.5 0 57 0
0.5 0 62 0
0.5 120 62 48
0.5 0 57 40
0.5 0 53 40
0.5 120 53 0
0.5 0 57 0
0.5 0 62 0
0.5 360 55 34
0.5 0 59 34
0.5 0 65 41
0.5 120 65 0
0.5 0 59 0
0.5 0 55 0
0.5 120 55 26
0.5 0 59 26
0.5 0 65 31
0.5 120 65 0
0.5 0 59 0
0.5 0 55 0
0.5 360 64 44
0.5 0 60 37
0.5 120 60 0
0.5 0 64 0
0.5 120 55 35
0.5 120 55 0
0.5 120 55 39
0.5 120 55 0
0.5 120 58 70
0.5 240 64 48
0.5 0 60 48
0.5 120 60 0
0.5 0 64 0
0.5 120 64 48
0.5 0 60 48
0.5 120 60 0
0.5 0 64 0
0.5 120 58 0
0.5 0 57 71
0.5 240 65 47
0.5 0 60 39
0.5 216 60 0
0.5 0 65 0
0.5 24 65 47
0.5 0 60 39
0.5 216 60 0
0.5 0 65 0
0.5 24 57 0
0.5 0 55 75
0.5 240 64 49
0.5 0 60 41
0.5 216 60 0
0.5 0 64 0
0.5 24 60 41
0.5 0 64 49
0.5 216 64 0
0.5 0 60 0
0.5 24 55 0
0.5 0 53 76
0.5 240 57 41
0.5 0 62 49
0.5 216 62 0
0.5 0 57 0
0.5 24 62 50
0.5 0 57 42
0.5 216 57 0
0.5 0 62 0
0.5 24 53 0
0.5 0 54 80
0.5 240 63 50
0.5 0 57 42
0.5 216 57 0
0.5 0 63 0
0.5 24 63 52
0.5 0 57 44
0.5 216 57 0
0.5 0 63 0
0.5 24 54 0
0.5 0 64 73
0.5 0 60 62
0.5 0 55 62
0.5 120 55 0
0.5 0 60 0
0.5 0 64 0
0.5 600 55 35
0.5 0 62 35
0.5 0 65 42
0.5 120 65 0
0.5 0 62 0
0.5 0 55 0
0.5 600 48 56
0.5 0 52 66
0.5 480 52 0
0.5 0 48 0
0.5 0 55 66
0.5 240 55 0
0.5 0 48 53
0.5 0 53 63
0.5 480 53 0
0.5 0 48 0
0.5 0 55 70
0.5 240 55 0
0.5 0 48 56
0.5 0 52 66
0.5 480 52 0
0.5 0 48 0
0.5 0 55 66
0.5 240 55 0
0.5 0 48 53
0.5 0 53 63
0.5 480 53 0
0.5 0 48 0
0.5 0 55 70
0.5 240 55 0
0.5 0 48 61
0.5 0 52 72
0.5 480 52 0
0.5 0 48 0
0.5 0 55 74
0.5 240 55 0
0.5 480 52 73
0.5 120 52 0
0.5 600 48 78
0.5 120 48 0
0.5 600 43 84
0.5 120 43 0
0.5 120 44 79
0.5 180 44 0
0.5 540 56 65
0.5 0 60 65
0.5 0 62 78
0.5 180 62 0
0.5 0 60 0
0.5 0 56 0
0.5 540 43 77
0.5 180 43 0
0.5 540 55 56
0.5 0 62 56
0.5 0 65 67
0.5 180 65 0
0.5 0 62 0
0.5 0 55 0
0.5 540 48 80
0.5 0 36 80
0.5 180 36 0
0.5 0 48 0
0.5 540 60 60
0.5 0 64 60
0.5 0 67 71
0.5 180 67 0
0.5 0 64 0
0.5 0 60 0
0 75 64 127
0 653 64 0
0 67 64 127
0 648 64 0
0 54 64 127
0 680 64 0
0 58 64 127
0 651 64 0
0 65 64 127
0 1369 64 0
0 92 64 127
0 645 64 0
0 89 64 127
0 614 64 0
0 75 64 127
0 653 64 0
0 67 64 127
0 648 64 0
0 54 64 127
0 680 64 0
0 58 64 127
0 651 64 0
0 65 64 127
0 1369 64 0
0 92 64 127
0 645 64 0
0 778 64 127
0 653 64 0
0 67 64 127
0 648 64 0
0 54 64 127
0 680 64 0
0 58 64 127
0 651 64 0
0 65 64 127
0 1369 64 0
0 92 64 127
0 645 64 0
0 89 64 127
0 614 64 0
0 75 64 127
0 653 64 0
0 67 64 127
0 648 64 0
0 54 64 127
0 680 64 0
0 58 64 127
0 651 64 0
0 65 64 127
0 1369 64 0
0 92 64 127
0 645 64 0
0 778 64 127
0 653 64 0
0 67 64 127
0 648 64 0
0 54 64 127
0 566 64 0
0 217 64 127
0 600 64 0
0 2955 64 127
0 653 64 0
0 67 64 127
0 648 64 0
0 54 64 127
0 554 64 0
0 229 64 127
0 600 64 0
0 2955 64 127
0 653 64 0
0 112 64 127
0 614 64 0
0 61 64 127
0 653 64 0
0 112 64 127
0 614 64 0
0 61 64 127
0 659 64 0
0 61 64 127
0 659 64 0
0 61 64 127
0 659 64 0
0 61 64 127
0 657 64 0
0 108 64 127
0 375 64 0
0 105 64 127
0 370 64 0
0 110 64 127
0 378 64 0
0 1528 64 127
0 1338 64 0
0 116 64 127
0 619 64 0
0 59 64 127
0 642 64 0
0 75 64 127
0 653 64 0
0 67 64 127
0 648 64 0
0 54 64 127
0 680 64 0
0 58 64 127
0 651 64 0
0 65 64 127
0 1369 64 0
0 92 64 127
0 645 64 0
0 89 64 127
0 614 64 0
0 75 64 127
0 653 64 0
0 67 64 127
0 645 64 0
0 75 64 127
0 653 64 0
0 67 64 127
0 645 64 0
0 75 64 127
0 653 64 0
0 67 64 127
0 660 64 0
0 133 64 127
0 584 64 0
0 115 64 127
0 593 64 0
0 5851 64 127
0 1349 64 0
0 96 64 127
0 1344 64 0
0 81 64 127
0 2559 64 0
1 0 0 0
