0 0 7 100
0 0 10 64
0.5 0 77 52
0 0 64 0
0 0 91 127
0.5 1440 77 0
0.5 0 74 52
0.5 880 74 0
0.5 0 77 53
0.5 80 75 59
0.5 20 77 0
0.5 460 75 0
0.5 0 74 55
0.5 1440 74 0
0.5 0 67 52
0.5 960 67 0
0.5 480 69 57
0.5 480 69 0
0.5 0 75 58
0.5 480 75 0
0.5 0 75 56
0.5 480 75 0
0.5 0 75 58
0.5 360 75 49
0.5 40 77 51
0.5 20 75 0
0.5 0 75 0
0.5 20 75 54
0.5 20 77 0
0.5 20 74 55
0.5 20 75 0
0.5 460 74 0
0.5 0 75 56
0.5 480 75 0
0.5 0 79 57
0.5 1320 79 0
0.5 0 77 48
0.5 120 77 0
0.5 0 74 52
0.5 960 74 0
0.5 480 82 70
0.5 1440 82 0
0.5 0 70 61
0.5 1320 70 0
0.5 0 70 54
0.5 120 70 0
0.5 0 79 66
0.5 1440 79 0
0.5 0 67 60
0.5 234 67 0
0.5 6 67 49
0.5 48 67 0
0.5 0 69 49
0.5 48 69 0
0.5 0 67 49
0.5 48 67 0
0.5 0 66 49
0.5 48 66 0
0.5 0 67 51
0.5 48 67 0
0.5 0 75 57
0.5 480 75 0
0.5 0 72 55
0.5 480 72 0
0.5 0 69 55
0.5 240 69 0
0.5 0 77 50
0.5 0 86 63
0.5 240 86 0
0.5 0 77 0
0.5 0 79 60
0.5 0 76 48
0.5 240 76 0
0.5 0 79 0
0.5 0 81 58
0.5 0 75 46
0.5 240 75 0
0.5 0 81 0
0.5 0 74 44
0.5 0 82 55
0.5 240 82 0
0.5 0 74 0
0.5 0 73 41
0.5 0 77 52
0.5 240 77 0
0.5 0 73 0
0.5 0 80 60
0.5 0 72 48
0.5 240 72 0
0.5 0 80 0
0.5 0 70 46
0.5 0 78 58
0.5 240 78 0
0.5 0 70 0
0.5 0 72 57
0.5 0 69 45
0.5 240 69 0
0.5 0 72 0
0.5 0 68 43
0.5 0 74 55
0.5 240 74 0
0.5 0 68 0
0.5 0 67 42
0.5 0 75 54
0.5 240 75 0
0.5 0 67 0
0.5 0 70 52
0.5 0 66 41
0.5 240 66 0
0.5 0 70 0
0.5 240 65 43
0.5 0 74 55
0.5 240 74 0
0.5 0 65 0
0.5 0 67 54
0.5 0 64 43
0.5 240 64 0
0.5 0 67 0
0.5 0 63 41
0.5 0 69 52
0.5 240 69 0
0.5 0 63 0
0.5 0 62 40
0.5 0 70 50
0.5 240 70 0
0.5 0 62 0
0.5 0 65 47
0.5 240 65 0
0.5 0 58 51
0.5 240 58 0
0.5 1200 70 77
0.5 0 73 77
0.5 0 82 90
0.5 1440 82 0
0.5 0 73 0
0.5 0 70 0
0.5 0 70 71
0.5 0 66 71
0.5 0 78 84
0.5 960 78 0
0.5 0 66 0
0.5 0 70 0
0.5 0 71 66
0.5 0 83 78
0.5 0 75 66
0.5 480 75 0
0.5 0 83 0
0.5 0 71 0
0.5 0 70 71
0.5 0 73 71
0.5 0 82 84
0.5 1440 82 0
0.5 0 73 0
0.5 0 70 0
0.5 0 70 68
0.5 0 78 80
0.5 0 66 68
0.5 1440 66 0
0.5 0 78 0
0.5 0 70 0
0.5 0 73 76
0.5 0 85 90
0.5 0 82 76
0.5 960 82 0
0.5 0 85 0
0.5 0 73 0
0.5 0 82 87
0.5 0 70 73
0.5 0 78 73
0.5 480 78 0
0.5 0 70 0
0.5 0 82 0
0.5 0 90 93
0.5 0 78 78
0.5 0 82 78
0.5 960 82 0
0.5 0 78 0
0.5 0 90 0
0.5 0 85 84
0.5 0 82 73
0.5 0 73 69
0.5 360 73 0
0.5 0 82 0
0.5 0 85 0
0.5 0 80 68
0.5 0 83 79
0.5 0 71 68
0.5 120 71 0
0.5 0 83 0
0.5 0 80 0
0.5 0 71 67
0.5 0 80 67
0.5 0 83 79
0.5 480 83 0
0.5 0 80 0
0.5 0 71 0
0.5 0 78 61
0.5 0 70 61
0.5 0 82 71
0.5 480 82 0
0.5 0 70 0
0.5 0 78 0
0.5 1920 70 43
0.5 0 82 51
0.5 0 73 43
0.5 1440 73 0
0.5 0 82 0
0.5 0 70 0
0.5 0 66 39
0.5 0 70 39
0.5 0 78 48
0.5 960 78 0
0.5 0 70 0
0.5 0 66 0
0.5 0 75 37
0.5 0 83 44
0.5 0 71 37
0.5 480 71 0
0.5 0 83 0
0.5 0 75 0
0.5 0 70 39
0.5 0 73 39
0.5 0 82 48
0.5 1440 82 0
0.5 0 73 0
0.5 0 70 0
0.5 0 70 38
0.5 0 66 38
0.5 0 78 46
0.5 1440 78 0
0.5 0 66 0
0.5 0 70 0
0.5 0 73 43
0.5 0 82 43
0.5 0 85 51
0.5 960 85 0
0.5 0 82 0
0.5 0 73 0
0.5 0 70 40
0.5 0 82 49
0.5 0 78 40
0.5 480 78 0
0.5 0 82 0
0.5 0 70 0
0.5 0 82 44
0.5 0 78 44
0.5 0 90 52
0.5 960 90 0
0.5 0 78 0
0.5 0 82 0
0.5 0 85 48
0.5 0 82 40
0.5 0 73 38
0.5 360 73 0
0.5 0 82 0
0.5 0 85 0
0.5 0 80 38
0.5 0 71 38
0.5 0 83 46
0.5 120 83 0
0.5 0 71 0
0.5 0 80 0
0.5 0 71 38
0.5 0 83 46
0.5 0 80 38
0.5 480 80 0
0.5 0 83 0
0.5 0 71 0
0.5 0 70 38
0.5 0 78 38
0.5 0 82 44
0.5 480 82 0
0.5 0 78 0
0.5 0 70 0
0.5 1920 77 62
0.5 240 65 46
0.5 240 65 0
0.5 0 77 0
0.5 0 64 36
0.5 0 67 46
0.5 240 67 0
0.5 0 64 0
0.5 0 63 37
0.5 0 69 48
0.5 240 69 0
0.5 0 63 0
0.5 0 70 52
0.5 0 62 41
0.5 240 62 0
0.5 0 70 0
0.5 0 72 50
0.5 0 60 45
0.5 240 60 0
0.5 0 72 0
0.5 0 74 60
0.5 240 74 0
0.5 0 65 49
0.5 240 65 0
0.5 0 64 38
0.5 0 67 49
0.5 240 67 0
0.5 0 64 0
0.5 0 63 39
0.5 0 69 51
0.5 240 69 0
0.5 0 63 0
0.5 0 70 55
0.5 0 62 44
0.5 240 62 0
0.5 0 70 0
0.5 0 74 53
0.5 240 74 0
0.5 0 79 64
0.5 240 67 52
0.5 240 67 0
0.5 0 79 0
0.5 0 69 52
0.5 0 66 41
0.5 240 66 0
0.5 0 69 0
0.5 0 71 54
0.5 0 65 41
0.5 240 65 0
0.5 0 71 0
0.5 0 72 58
0.5 0 63 46
0.5 240 63 0
0.5 0 72 0
0.5 0 74 56
0.5 0 62 50
0.5 240 62 0
0.5 0 74 0
0.5 0 75 74
0.5 240 67 60
0.5 240 67 0
0.5 0 75 0
0.5 0 69 62
0.5 0 66 47
0.5 240 66 0
0.5 0 69 0
0.5 0 65 49
0.5 0 71 63
0.5 240 71 0
0.5 0 65 0
0.5 0 63 55
0.5 0 72 70
0.5 240 72 0
0.5 0 63 0
0.5 0 75 68
0.5 240 75 0
0.5 0 81 81
0.5 240 69 66
0.5 240 69 0
0.5 0 81 0
0.5 0 68 53
0.5 0 71 67
0.5 240 71 0
0.5 0 68 0
0.5 0 73 71
0.5 0 67 53
0.5 240 67 0
0.5 0 73 0
0.5 0 65 61
0.5 0 74 76
0.5 240 74 0
0.5 0 65 0
0.5 0 77 74
0.5 240 77 0
0.5 0 82 90
0.5 240 70 73
0.5 240 70 0
0.5 0 82 0
0.5 0 69 58
0.5 0 72 75
0.5 240 72 0
0.5 0 69 0
0.5 0 74 76
0.5 0 68 58
0.5 240 68 0
0.5 0 74 0
0.5 0 67 66
0.5 0 75 83
0.5 240 75 0
0.5 0 67 0
0.5 0 66 73
0.5 0 78 81
0.5 240 78 0
0.5 0 66 0
0.5 240 77 84
0.5 240 77 0
0.5 0 82 79
0.5 0 78 79
0.5 0 87 92
0.5 240 87 0
0.5 0 78 0
0.5 0 82 0
0.5 0 77 85
0.5 240 77 0
0.5 0 82 77
0.5 0 78 77
0.5 0 87 91
0.5 240 87 0
0.5 0 78 0
0.5 0 82 0
0.5 0 77 86
0.5 240 77 0
0.5 0 78 82
0.5 0 87 96
0.5 0 82 82
0.5 240 82 0
0.5 0 87 0
0.5 0 78 0
0.5 0 77 89
0.5 240 77 0
0.5 0 78 80
0.5 0 87 95
0.5 0 82 80
0.5 240 82 0
0.5 0 87 0
0.5 0 78 0
0.5 0 77 91
0.5 240 77 0
0.5 0 82 85
0.5 0 78 85
0.5 0 87 101
0.5 240 87 0
0.5 0 78 0
0.5 0 82 0
0.5 0 77 93
0.5 240 77 0
0.5 0 78 79
0.5 0 87 100
0.5 240 87 0
0.5 0 78 0
0.5 0 86 92
0.5 0 77 73
0.5 240 77 0
0.5 0 86 0
0.5 0 79 89
0.5 0 76 70
0.5 240 76 0
0.5 0 79 0
0.5 0 75 60
0.5 0 81 78
0.5 240 81 0
0.5 0 75 0
0.5 0 82 85
0.5 0 74 67
0.5 240 74 0
0.5 0 82 0
0.5 0 73 59
0.5 0 77 76
0.5 240 77 0
0.5 0 73 0
0.5 0 72 63
0.5 0 80 80
0.5 240 80 0
0.5 0 72 0
0.5 0 78 76
0.5 0 70 59
0.5 240 70 0
0.5 0 78 0
0.5 0 69 59
0.5 0 72 75
0.5 240 72 0
0.5 0 69 0
0.5 0 74 72
0.5 0 68 57
0.5 240 68 0
0.5 0 74 0
0.5 0 67 60
0.5 0 75 76
0.5 240 75 0
0.5 0 67 0
0.5 0 66 55
0.5 0 70 69
0.5 240 70 0
0.5 0 66 0
0.5 0 73 78
0.5 0 65 62
0.5 240 65 0
0.5 0 73 0
0.5 0 64 55
0.5 0 72 70
0.5 240 72 0
0.5 0 64 0
0.5 0 67 70
0.5 0 63 54
0.5 240 63 0
0.5 0 67 0
0.5 0 62 53
0.5 0 68 66
0.5 240 68 0
0.5 0 62 0
0.5 0 61 55
0.5 0 69 70
0.5 240 69 0
0.5 0 61 0
0.5 0 63 65
0.5 0 60 52
0.5 240 60 0
0.5 0 63 0
0.5 0 58 57
0.5 0 66 73
0.5 240 66 0
0.5 0 58 0
0.5 0 65 65
0.5 0 57 52
0.5 240 57 0
0.5 0 65 0
0.5 0 56 55
0.5 0 60 70
0.5 240 60 0
0.5 0 56 0
0.5 0 55 47
0.5 0 62 60
0.5 240 62 0
0.5 0 55 0
0.5 0 63 69
0.5 0 54 52
0.5 240 54 0
0.5 0 53 50
0.5 0 57 62
0.5 240 57 0
0.5 0 53 0
0.5 0 63 0
0.5 0 58 57
0.5 0 62 73
0.5 0 53 57
0.5 240 53 0
0.5 0 62 0
0.5 0 58 0
0.5 1440 66 44
0.5 0 75 56
0.5 240 75 0
0.5 0 66 0
0.5 0 69 54
0.5 0 65 43
0.5 240 65 0
0.5 0 69 0
0.5 0 64 39
0.5 0 70 50
0.5 240 70 0
0.5 0 64 0
0.5 0 63 40
0.5 0 72 50
0.5 240 66 47
0.5 240 66 0
0.5 0 72 0
0.5 0 63 0
0.5 0 62 45
0.5 0 65 45
0.5 0 70 45
0.5 0 74 58
0.5 480 74 0
0.5 0 62 0
0.5 0 65 0
0.5 0 70 0
0.5 1200 75 56
0.5 0 66 44
0.5 240 66 0
0.5 0 75 0
0.5 0 65 43
0.5 0 69 54
0.5 240 69 0
0.5 0 65 0
0.5 0 70 50
0.5 0 64 39
0.5 240 64 0
0.5 0 70 0
0.5 0 63 40
0.5 0 72 50
0.5 240 66 47
0.5 240 66 0
0.5 0 72 0
0.5 0 63 0
0.5 0 65 45
0.5 0 70 45
0.5 0 62 45
0.5 0 74 58
0.5 480 74 0
0.5 0 65 0
0.5 0 70 0
0.5 0 62 0
0.5 960 67 58
0.5 0 62 58
0.5 0 55 49
0.5 0 58 49
0.5 720 58 0
0.5 0 62 0
0.5 0 60 54
0.5 240 60 0
0.5 0 63 58
0.5 240 63 0
0.5 0 62 51
0.5 240 62 0
0.5 0 55 0
0.5 0 67 0
0.5 0 58 48
0.5 0 53 48
0.5 0 62 57
0.5 0 65 57
0.5 960 62 0
0.5 480 58 0
0.5 0 53 0
0.5 0 65 0
0.5 0 58 49
0.5 0 62 58
0.5 0 55 49
0.5 0 67 58
0.5 720 62 0
0.5 0 58 0
0.5 0 60 54
0.5 240 60 0
0.5 0 63 58
0.5 240 63 0
0.5 0 62 51
0.5 240 62 0
0.5 0 55 0
0.5 0 67 0
0.5 0 53 48
0.5 0 58 48
0.5 0 62 57
0.5 0 65 57
0.5 4320 65 0
0.5 0 53 0
0.5 0 58 0
0.5 0 62 0
0.5 2880 60 60
0.5 0 53 60
0.5 0 63 71
0.5 0 65 71
0.5 1440 65 0
0.5 0 60 0
0.5 0 53 0
0.5 0 63 0
0.5 0 65 71
0.5 0 58 61
0.5 0 62 72
0.5 0 53 61
0.5 1440 53 0
0.5 0 65 0
0.5 0 58 0
0.5 0 62 0
1 0 0 0
0 0 7 100
0 0 10 64
0.5 0 34 50
0 103 64 127
0.5 137 34 0
0.5 0 53 40
0.5 240 53 0
0.5 0 52 32
0.5 0 55 40
0 14 64 0
0 135 64 127
0.5 91 55 0
0.5 0 52 0
0.5 0 51 32
0.5 0 57 41
0.5 240 57 0
0.5 0 51 0
0.5 0 50 35
0.5 0 58 44
0 8 64 0
0 129 64 127
0.5 103 58 0
0.5 0 50 0
0.5 0 48 35
0.5 0 60 45
0.5 240 60 0
0.5 0 48 0
0.5 0 46 50
0 10 64 0
0 68 64 127
0.5 162 46 0
0.5 0 53 28
0.5 0 62 36
0.5 240 62 0
0.5 0 53 0
0.5 0 52 35
0.5 0 55 44
0 14 64 0
0 71 64 127
0.5 155 55 0
0.5 0 52 0
0.5 0 51 37
0.5 0 57 47
0.5 240 57 0
0.5 0 51 0
0.5 0 50 40
0.5 0 58 50
0 9 64 0
0 69 64 127
0.5 162 58 0
0.5 0 50 0
0.5 0 46 40
0.5 240 46 0
0.5 0 39 50
0 7 64 0
0 130 64 127
0.5 103 39 0
0.5 0 55 39
0.5 240 55 0
0.5 0 57 40
0.5 0 54 32
0 14 64 0
0 123 64 127
0.5 103 54 0
0.5 0 57 0
0.5 0 53 31
0.5 0 59 39
0.5 240 59 0
0.5 0 53 0
0.5 0 51 35
0.5 0 60 44
0 10 64 0
0 150 64 127
0.5 80 60 0
0.5 0 51 0
0.5 0 50 36
0.5 0 62 47
0.5 240 62 0
0.5 0 50 0
0.5 0 48 50
0 11 64 0
0 126 64 127
0.5 103 48 0
0.5 0 63 41
0.5 0 55 32
0.5 240 55 0
0.5 0 63 0
0.5 0 54 35
0.5 0 57 44
0 19 64 0
0 95 64 127
0.5 126 57 0
0.5 0 54 0
0.5 0 53 37
0.5 0 59 47
0.5 240 59 0
0.5 0 53 0
0.5 0 51 40
0.5 0 60 50
0 16 64 0
0 110 64 127
0.5 114 60 0
0.5 0 51 0
0.5 0 63 52
0.5 0 48 41
0.5 240 48 0
0.5 0 63 0
0.5 0 41 50
0 7 64 0
0 153 64 127
0.5 80 41 0
0.5 0 66 42
0.5 0 58 33
0.5 240 58 0
0.5 0 66 0
0.5 0 65 43
0.5 0 57 34
0 14 64 0
0 123 64 127
0.5 103 57 0
0.5 0 65 0
0.5 0 56 31
0.5 0 60 39
0.5 240 60 0
0.5 0 56 0
0.5 0 63 40
0.5 0 55 32
0 8 64 0
0 141 64 127
0.5 91 55 0
0.5 0 63 0
0.5 0 58 37
0.5 0 54 29
0.5 240 54 0
0.5 0 58 0
0.5 0 41 50
0 8 64 0
0 84 64 127
0.5 148 41 0
0.5 0 63 41
0.5 0 54 32
0.5 240 54 0
0.5 0 63 0
0.5 0 62 45
0.5 0 53 36
0 10 64 0
0 44 64 127
0.5 186 53 0
0.5 0 62 0
0.5 0 52 31
0.5 0 55 39
0.5 240 55 0
0.5 0 52 0
0.5 0 51 31
0.5 0 57 39
0 13 64 0
0 104 64 127
0.5 123 57 0
0.5 0 51 0
0.5 0 53 36
0.5 240 53 0
0.5 0 46 50
0 7 64 0
0 92 64 127
0.5 141 46 0
0.5 0 53 41
0.5 240 53 0
0.5 0 52 32
0.5 0 55 41
0 10 64 0
0 68 64 127
0.5 162 55 0
0.5 0 52 0
0.5 0 51 28
0.5 0 57 36
0.5 240 57 0
0.5 0 51 0
0.5 0 50 32
0.5 0 58 41
0 9 64 0
0 90 64 127
0.5 141 58 0
0.5 0 50 0
0.5 0 48 28
0.5 0 60 36
0.5 240 60 0
0.5 0 48 0
0.5 0 46 50
0 10 64 0
0 116 64 127
0.5 114 46 0
0.5 0 53 28
0.5 0 62 36
0.5 240 62 0
0.5 0 53 0
0.5 0 52 32
0.5 0 55 41
0 10 64 0
0 139 64 127
0.5 91 55 0
0.5 0 52 0
0.5 0 51 28
0.5 0 57 36
0.5 240 57 0
0.5 0 51 0
0.5 0 50 32
0.5 0 58 41
0 12 64 0
0 103 64 127
0.5 125 58 0
0.5 0 50 0
0.5 0 48 29
0.5 0 60 37
0.5 240 60 0
0.5 0 48 0
0.5 0 43 50
0 7 64 0
0 153 64 127
0.5 80 43 0
0.5 0 62 42
0.5 240 62 0
0.5 0 61 33
0.5 0 64 42
0 16 64 0
0 87 64 127
0.5 137 64 0
0.5 0 61 0
0.5 0 60 33
0.5 0 66 43
0.5 240 66 0
0.5 0 60 0
0.5 0 58 36
0.5 0 67 46
0 10 64 0
0 93 64 127
0.5 137 67 0
0.5 0 58 0
0.5 0 57 37
0.5 0 69 48
0.5 240 69 0
0.5 0 57 0
0.5 0 46 50
0 8 64 0
0 105 64 127
0.5 127 46 0
0.5 0 58 40
0.5 240 58 0
0.5 0 57 32
0.5 0 60 40
0 16 64 0
0 118 64 127
0.5 106 60 0
0.5 0 57 0
0.5 0 56 32
0.5 0 62 41
0.5 240 62 0
0.5 0 56 0
0.5 0 55 35
0.5 0 63 44
0 8 64 0
0 63 64 127
0.5 169 63 0
0.5 0 55 0
0.5 0 53 38
0.5 0 65 48
0.5 240 65 0
0.5 0 53 0
0 0 64 0
0.5 0 39 50
0 103 64 127
0.5 137 39 0
0.5 0 55 40
0.5 240 55 0
0.5 0 54 32
0.5 0 57 40
0 12 64 0
0 91 64 127
0.5 137 57 0
0.5 0 54 0
0.5 0 53 32
0.5 0 59 41
0.5 240 59 0
0.5 0 53 0
0.5 0 51 35
0.5 0 60 44
0 10 64 0
0 105 64 127
0.5 125 60 0
0.5 0 51 0
0.5 0 50 36
0.5 0 62 46
0.5 240 62 0
0.5 0 50 0
0 0 64 0
0.5 0 48 50
0 91 64 127
0.5 149 48 0
0.5 0 55 32
0.5 0 63 40
0.5 240 63 0
0.5 0 55 0
0.5 0 54 32
0.5 0 57 40
0 8 64 0
0 129 64 127
0.5 103 57 0
0.5 0 54 0
0.5 0 53 32
0.5 0 59 41
0.5 240 59 0
0.5 0 53 0
0.5 0 51 35
0.5 0 60 44
0 9 64 0
0 37 64 127
0.5 194 60 0
0.5 0 51 0
0.5 0 48 35
0.5 0 63 45
0.5 240 63 0
0.5 0 48 0
0.5 0 41 50
0 8 64 0
0 83 64 127
0.5 149 41 0
0.5 0 74 50
0.5 0 65 40
0.5 240 65 0
0.5 0 74 0
0.5 0 67 48
0.5 0 64 38
0 11 64 0
0 115 64 127
0.5 114 64 0
0.5 0 67 0
0.5 0 69 46
0.5 0 63 36
0.5 240 63 0
0.5 0 69 0
0.5 0 62 35
0.5 0 70 44
0 12 64 0
0 137 64 127
0.5 91 70 0
0.5 0 62 0
0.5 0 65 41
0.5 0 61 32
0.5 240 61 0
0.5 0 65 0
0.5 0 60 38
0.5 0 68 48
0 15 64 0
0 122 64 127
0.5 103 68 0
0.5 0 60 0
0.5 0 66 46
0.5 0 58 36
0.5 240 58 0
0.5 0 66 0
0.5 0 57 36
0.5 0 60 45
0 8 64 0
0 83 64 127
0.5 149 60 0
0.5 0 57 0
0.5 0 56 34
0.5 0 62 44
0.5 240 62 0
0.5 0 56 0
0.5 0 63 43
0.5 0 55 33
0 8 64 0
0 129 64 127
0.5 103 55 0
0.5 0 63 0
0.5 0 54 32
0.5 0 58 41
0.5 240 58 0
0.5 0 54 0
0 0 64 0
0.5 0 46 50
0 126 64 127
0.5 114 46 0
0.5 0 53 34
0.5 0 62 43
0.5 240 62 0
0.5 0 53 0
0.5 0 52 34
0.5 0 55 43
0 9 64 0
0 105 64 127
0.5 126 55 0
0.5 0 52 0
0.5 0 51 32
0.5 0 57 41
0.5 240 57 0
0.5 0 51 0
0.5 0 50 32
0.5 0 58 40
0 6 64 0
0 97 64 127
0.5 137 58 0
0.5 0 50 0
0.5 0 53 37
0.5 240 53 0
0.5 0 46 50
0 16 64 0
0 99 64 127
0.5 125 46 0
0.5 0 53 35
0.5 0 62 44
0.5 240 62 0
0.5 0 53 0
0.5 0 52 32
0.5 0 55 41
0 18 64 0
0 108 64 127
0.5 114 55 0
0.5 0 52 0
0.5 0 51 30
0.5 0 57 38
0.5 240 57 0
0.5 0 51 0
0.5 0 50 29
0.5 0 58 36
0 7 64 0
0 108 64 127
0.5 125 58 0
0.5 0 50 0
0.5 0 46 32
0.5 240 46 0
0.5 0 30 64
0 14 64 0
0 123 64 127
0.5 103 30 0
0.5 0 49 41
0.5 0 58 49
0.5 240 58 0
0.5 0 49 0
0.5 0 61 53
0.5 0 54 44
0.5 240 54 0
0.5 0 61 0
0.5 0 63 48
0.5 0 58 40
0.5 240 58 0
0.5 0 63 0
0.5 0 54 46
0.5 0 61 55
0.5 240 61 0
0.5 0 54 0
0.5 0 49 42
0.5 0 58 50
0.5 240 58 0
0.5 0 49 0
0 0 64 0
0.5 0 54 44
0.5 0 61 53
0 114 64 127
0.5 126 61 0
0.5 0 54 0
0.5 0 58 41
0.5 0 63 49
0.5 240 63 0
0.5 0 58 0
0.5 0 61 53
0.5 0 54 44
0.5 240 54 0
0.5 0 61 0
0.5 0 58 48
0.5 0 49 40
0.5 240 49 0
0.5 0 58 0
0.5 0 54 46
0.5 0 61 55
0.5 240 61 0
0.5 0 54 0
0.5 0 58 42
0.5 0 63 50
0.5 240 63 0
0.5 0 58 0
0.5 0 54 44
0.5 0 61 53
0 12 64 0
0 125 64 127
0.5 103 61 0
0.5 0 54 0
0.5 0 49 41
0.5 0 58 49
0.5 240 58 0
0.5 0 49 0
0.5 0 61 53
0.5 0 54 44
0.5 240 54 0
0.5 0 61 0
0.5 0 63 48
0.5 0 58 40
0.5 240 58 0
0.5 0 63 0
0.5 0 54 46
0.5 0 61 55
0.5 240 61 0
0.5 0 54 0
0.5 0 49 42
0.5 0 58 50
0.5 240 58 0
0.5 0 49 0
0.5 0 61 53
0.5 0 54 44
0 10 64 0
0 139 64 127
0.5 91 54 0
0.5 0 61 0
0.5 0 63 49
0.5 0 58 41
0.5 240 58 0
0.5 0 63 0
0.5 0 61 53
0.5 0 54 44
0.5 240 54 0
0.5 0 61 0
0.5 0 58 48
0.5 0 49 40
0.5 240 49 0
0.5 0 58 0
0.5 0 54 46
0.5 0 61 55
0.5 240 61 0
0.5 0 54 0
0.5 0 58 42
0.5 0 63 50
0.5 240 63 0
0.5 0 58 0
0.5 0 54 44
0.5 0 61 53
0 11 64 0
0 92 64 127
0.5 137 61 0
0.5 0 54 0
0.5 0 49 41
0.5 0 58 49
0.5 240 58 0
0.5 0 49 0
0.5 0 61 53
0.5 0 54 44
0.5 240 54 0
0.5 0 61 0
0.5 0 58 40
0.5 0 63 48
0.5 240 63 0
0.5 0 58 0
0.5 0 54 46
0.5 0 61 55
0.5 240 61 0
0.5 0 54 0
0.5 0 49 42
0.5 0 58 50
0.5 240 58 0
0.5 0 49 0
0.5 0 54 44
0.5 0 61 53
0 9 64 0
0 83 64 127
0.5 148 61 0
0.5 0 54 0
0.5 0 63 49
0.5 0 58 41
0.5 240 58 0
0.5 0 63 0
0.5 0 61 53
0.5 0 54 44
0.5 240 54 0
0.5 0 61 0
0.5 0 58 48
0.5 0 49 40
0.5 240 49 0
0.5 0 58 0
0.5 0 61 55
0.5 0 54 46
0.5 240 54 0
0.5 0 61 0
0.5 0 58 40
0.5 0 63 48
0.5 240 63 0
0.5 0 58 0
0.5 0 54 43
0.5 0 61 51
0 8 64 0
0 106 64 127
0.5 126 61 0
0.5 0 54 0
0.5 0 49 37
0.5 0 58 46
0.5 240 58 0
0.5 0 49 0
0.5 0 54 39
0.5 0 61 48
0 14 64 0
0 112 64 127
0.5 114 61 0
0.5 0 54 0
0.5 0 58 34
0.5 0 63 42
0.5 240 63 0
0.5 0 58 0
0.5 0 54 36
0.5 0 61 44
0.5 240 61 0
0.5 0 54 0
0.5 0 58 42
0.5 0 49 34
0.5 240 49 0
0.5 0 58 0
0.5 0 54 36
0.5 0 61 44
0 10 64 0
0 150 64 127
0.5 80 61 0
0.5 0 54 0
0.5 0 58 33
0.5 0 63 40
0.5 240 63 0
0.5 0 58 0
0.5 0 61 44
0.5 0 54 36
0.5 240 54 0
0.5 0 61 0
0.5 0 58 39
0.5 0 49 33
0.5 240 49 0
0.5 0 58 0
0.5 0 54 37
0.5 0 61 46
0.5 240 61 0
0.5 0 54 0
0.5 0 58 34
0.5 0 63 42
0.5 240 63 0
0.5 0 58 0
0.5 0 54 25
0.5 0 64 27
0 17 64 0
0 98 64 127
0.5 125 64 0
0.5 0 54 0
0.5 0 58 23
0.5 0 61 27
0.5 240 61 0
0.5 0 58 0
0.5 0 66 29
0.5 0 54 25
0.5 240 54 0
0.5 0 66 0
0.5 0 63 27
0.5 0 58 23
0.5 240 58 0
0.5 0 63 0
0.5 0 54 26
0.5 0 64 30
0.5 240 64 0
0.5 0 54 0
0.5 0 58 24
0.5 0 61 28
0.5 240 61 0
0.5 0 58 0
0.5 0 54 29
0 6 64 0
0 108 64 127
0.5 126 54 0
0.5 0 58 23
0.5 0 63 27
0.5 240 63 0
0.5 0 58 0
0.5 0 64 29
0.5 0 54 25
0.5 240 54 0
0.5 0 64 0
0.5 0 61 27
0.5 0 58 23
0.5 240 58 0
0.5 0 61 0
0.5 0 54 26
0.5 0 66 30
0.5 240 66 0
0.5 0 54 0
0.5 0 58 24
0.5 0 63 28
0.5 240 63 0
0.5 0 58 0
0.5 0 54 25
0.5 0 64 27
0 9 64 0
0 94 64 127
0.5 137 64 0
0.5 0 54 0
0.5 0 58 23
0.5 0 61 27
0.5 240 61 0
0.5 0 58 0
0.5 0 66 29
0.5 0 54 25
0.5 240 54 0
0.5 0 66 0
0.5 0 63 27
0.5 0 58 23
0.5 240 58 0
0.5 0 63 0
0.5 0 54 26
0.5 0 64 30
0.5 240 64 0
0.5 0 54 0
0.5 0 58 24
0.5 0 61 28
0.5 240 61 0
0.5 0 58 0
0.5 0 54 29
0 9 64 0
0 105 64 127
0.5 126 54 0
0.5 0 58 23
0.5 0 63 27
0.5 240 63 0
0.5 0 58 0
0.5 0 64 29
0.5 0 54 25
0.5 240 54 0
0.5 0 64 0
0.5 0 61 27
0.5 0 58 23
0.5 240 58 0
0.5 0 61 0
0.5 0 54 26
0.5 0 66 30
0.5 240 66 0
0.5 0 54 0
0.5 0 58 24
0.5 0 63 28
0.5 240 63 0
0.5 0 58 0
0.5 0 54 25
0.5 0 64 27
0 7 64 0
0 142 64 127
0.5 91 64 0
0.5 0 54 0
0.5 0 58 23
0.5 0 61 27
0.5 240 61 0
0.5 0 58 0
0.5 0 66 29
0.5 0 54 25
0.5 240 54 0
0.5 0 66 0
0.5 0 63 27
0.5 0 58 23
0.5 240 58 0
0.5 0 63 0
0.5 0 54 26
0.5 0 64 30
0.5 240 64 0
0.5 0 54 0
0.5 0 58 24
0.5 0 61 28
0.5 240 61 0
0.5 0 58 0
0.5 0 66 29
0.5 0 54 25
0 15 64 0
0 71 64 127
0.5 154 54 0
0.5 0 66 0
0.5 0 58 23
0.5 0 63 27
0.5 240 63 0
0.5 0 58 0
0.5 0 64 29
0.5 0 54 25
0.5 240 54 0
0.5 0 64 0
0.5 0 61 27
0.5 0 58 23
0.5 240 58 0
0.5 0 61 0
0.5 0 54 26
0.5 0 66 30
0.5 240 66 0
0.5 0 54 0
0.5 0 58 24
0.5 0 63 28
0.5 240 63 0
0.5 0 58 0
0.5 0 54 25
0.5 0 64 27
0 7 64 0
0 130 64 127
0.5 103 64 0
0.5 0 54 0
0.5 0 58 23
0.5 0 61 27
0.5 240 61 0
0.5 0 58 0
0.5 0 66 29
0.5 0 54 25
0 13 64 0
0 136 64 127
0.5 91 54 0
0.5 0 66 0
0.5 0 63 27
0.5 0 58 23
0.5 240 58 0
0.5 0 63 0
0.5 0 54 26
0.5 0 64 30
0.5 240 64 0
0.5 0 54 0
0.5 0 58 24
0.5 0 61 28
0.5 240 61 0
0.5 0 58 0
0.5 0 66 34
0.5 0 54 29
0 5 64 0
0 109 64 127
0.5 126 54 0
0.5 0 66 0
0.5 0 58 29
0.5 0 63 33
0.5 240 63 0
0.5 0 58 0
0.5 0 64 40
0.5 0 54 33
0.5 240 54 0
0.5 0 64 0
0.5 0 61 39
0.5 0 58 32
0.5 240 58 0
0.5 0 61 0
0.5 0 54 38
0.5 0 64 46
0.5 240 64 0
0.5 0 54 0
0.5 0 58 37
0.5 0 60 45
0.5 240 60 0
0.5 0 58 0
0.5 0 29 57
0 14 64 0
0 100 64 127
0.5 126 29 0
0.5 0 53 40
0.5 240 53 0
0.5 0 52 32
0.5 0 55 40
0 16 64 0
0 110 64 127
0.5 114 55 0
0.5 0 52 0
0.5 0 51 32
0.5 0 57 42
0.5 240 57 0
0.5 0 51 0
0.5 0 50 36
0.5 0 58 45
0 8 64 0
0 95 64 127
0.5 137 58 0
0.5 0 50 0
0.5 0 48 39
0.5 240 48 0
0.5 0 41 53
0 13 64 0
0 101 64 127
0.5 126 41 0
0.5 0 53 42
0.5 240 53 0
0.5 0 52 34
0.5 0 55 43
0 8 64 0
0 141 64 127
0.5 91 55 0
0.5 0 52 0
0.5 0 51 35
0.5 0 57 45
0.5 240 57 0
0.5 0 51 0
0.5 0 50 38
0.5 0 58 48
0 12 64 0
0 103 64 127
0.5 125 58 0
0.5 0 50 0
0.5 0 53 42
0.5 240 53 0
0.5 0 41 56
0 14 64 0
0 100 64 127
0.5 126 41 0
0.5 0 55 45
0.5 240 55 0
0.5 0 54 36
0.5 0 57 46
0 12 64 0
0 102 64 127
0.5 126 57 0
0.5 0 54 0
0.5 0 53 37
0.5 0 59 47
0.5 240 59 0
0.5 0 53 0
0.5 0 51 40
0.5 0 60 51
0 11 64 0
0 92 64 127
0.5 137 60 0
0.5 0 51 0
0.5 0 50 44
0.5 240 50 0
0.5 0 41 66
0 14 64 0
0 100 64 127
0.5 126 41 0
0.5 0 55 52
0.5 240 55 0
0.5 0 54 43
0.5 0 57 53
0 10 64 0
0 104 64 127
0.5 126 57 0
0.5 0 54 0
0.5 0 53 43
0.5 0 59 56
0.5 240 59 0
0.5 0 53 0
0.5 0 51 48
0.5 0 60 61
0 11 64 0
0 92 64 127
0.5 137 60 0
0.5 0 51 0
0.5 0 55 53
0.5 240 55 0
0.5 0 41 72
0 14 64 0
0 146 64 127
0.5 80 41 0
0.5 0 57 57
0.5 240 57 0
0.5 0 56 46
0.5 0 59 59
0 15 64 0
0 99 64 127
0.5 126 59 0
0.5 0 56 0
0.5 0 55 47
0.5 0 61 62
0.5 240 61 0
0.5 0 55 0
0.5 0 53 53
0.5 0 62 67
0 9 64 0
0 106 64 127
0.5 125 62 0
0.5 0 53 0
0.5 0 57 59
0.5 240 57 0
0.5 0 41 79
0 14 64 0
0 135 64 127
0.5 91 41 0
0.5 0 58 63
0.5 240 58 0
0.5 0 57 52
0.5 0 60 65
0 11 64 0
0 103 64 127
0.5 126 60 0
0.5 0 57 0
0.5 0 56 52
0.5 0 62 67
0.5 240 62 0
0.5 0 56 0
0.5 0 55 57
0.5 0 63 73
0 9 64 0
0 106 64 127
0.5 125 63 0
0.5 0 55 0
0.5 0 54 64
0.5 240 54 0
0.5 0 29 85
0.5 0 41 101
0 5 64 0
0 110 64 127
0.5 125 41 0
0.5 0 29 0
0.5 0 65 67
0.5 240 65 0
0.5 0 70 62
0.5 0 66 62
0.5 0 75 73
0 10 64 0
0 116 64 127
0.5 114 75 0
0.5 0 66 0
0.5 0 70 0
0.5 0 65 67
0.5 240 65 0
0.5 0 66 61
0.5 0 70 61
0.5 0 75 72
0.5 240 75 0
0.5 0 70 0
0.5 0 66 0
0.5 0 65 69
0.5 240 65 0
0.5 0 70 66
0.5 0 66 66
0.5 0 75 77
0.5 240 75 0
0.5 0 66 0
0.5 0 70 0
0.5 0 65 70
0.5 240 65 0
0.5 0 66 63
0.5 0 70 63
0.5 0 75 75
0.5 240 75 0
0.5 0 70 0
0.5 0 66 0
0.5 0 65 71
0.5 240 65 0
0.5 0 70 68
0.5 0 66 68
0.5 0 75 80
0.5 240 75 0
0.5 0 66 0
0.5 0 70 0
0.5 0 65 73
0.5 240 65 0
0.5 0 69 55
0.5 0 66 55
0.5 0 75 69
0 5 64 0
0 121 64 127
0.5 114 75 0
0.5 0 66 0
0.5 0 69 0
0.5 0 74 63
0.5 0 65 50
0.5 240 65 0
0.5 0 74 0
0.5 0 64 49
0.5 0 67 62
0 6 64 0
0 85 64 127
0.5 149 67 0
0.5 0 64 0
0.5 0 63 41
0.5 0 69 55
0.5 240 69 0
0.5 0 63 0
0.5 0 62 46
0.5 0 70 59
0 7 64 0
0 78 64 127
0.5 155 70 0
0.5 0 62 0
0.5 0 61 40
0.5 0 65 53
0.5 240 65 0
0.5 0 61 0
0.5 0 60 43
0.5 0 68 56
0 15 64 0
0 134 64 127
0.5 91 68 0
0.5 0 60 0
0.5 0 58 40
0.5 0 66 53
0.5 240 66 0
0.5 0 58 0
0.5 0 57 40
0.5 0 60 52
0 9 64 0
0 128 64 127
0.5 103 60 0
0.5 0 57 0
0.5 0 56 38
0.5 0 62 50
0.5 240 62 0
0.5 0 56 0
0.5 0 55 41
0.5 0 63 54
0 8 64 0
0 95 64 127
0.5 137 63 0
0.5 0 55 0
0.5 0 54 38
0.5 0 58 47
0.5 240 58 0
0.5 0 54 0
0.5 0 53 43
0.5 0 61 54
0 14 64 0
0 101 64 127
0.5 125 61 0
0.5 0 53 0
0.5 0 52 32
0.5 0 60 50
0.5 240 60 0
0.5 0 52 0
0.5 0 51 36
0.5 0 55 49
0 16 64 0
0 98 64 127
0.5 126 55 0
0.5 0 51 0
0.5 0 50 36
0.5 0 56 45
0.5 240 56 0
0.5 0 50 0
0.5 0 49 36
0.5 0 57 48
0 12 64 0
0 91 64 127
0.5 137 57 0
0.5 0 49 0
0.5 0 48 36
0.5 0 51 45
0.5 240 51 0
0.5 0 48 0
0.5 0 46 37
0.5 0 54 49
0 17 64 0
0 86 64 127
0.5 137 54 0
0.5 0 46 0
0.5 0 45 36
0.5 0 53 45
0.5 240 53 0
0.5 0 45 0
0.5 0 44 37
0.5 0 48 48
0 14 64 0
0 112 64 127
0.5 114 48 0
0.5 0 44 0
0.5 0 43 32
0.5 0 50 40
0.5 240 50 0
0.5 0 43 0
0.5 0 42 37
0.5 0 51 45
0 15 64 0
0 168 64 127
0.5 57 51 0
0.5 0 42 0
0.5 0 41 35
0.5 240 41 0
0.5 0 34 50
0 16 64 0
0 99 64 127
0.5 125 34 0
0.5 0 52 43
0.5 240 52 0
0.5 0 53 47
0 17 64 0
0.5 223 53 0
0.5 0 58 43
0.5 240 58 0
0.5 0 57 43
0.5 240 57 0
0.5 0 55 43
0.5 240 55 0
0.5 0 41 55
0 80 64 127
0.5 160 41 0
0.5 0 54 35
0.5 0 63 44
0.5 240 63 0
0.5 0 54 0
0.5 0 53 34
0.5 0 57 43
0 8 64 0
0 106 64 127
0.5 126 57 0
0.5 0 53 0
0.5 0 52 31
0.5 0 58 39
0.5 240 58 0
0.5 0 52 0
0.5 0 51 32
0.5 0 60 40
0 11 64 0
0 81 64 127
0.5 148 60 0
0.5 0 51 0
0.5 0 54 37
0.5 240 54 0
0 0 64 0
0.5 0 46 50
0 126 64 127
0.5 114 46 0
0.5 0 52 43
0 12 64 0
0.5 228 52 0
0.5 0 53 46
0.5 240 53 0
0.5 0 58 39
0.5 240 58 0
0.5 0 57 43
0.5 240 57 0
0.5 0 55 37
0.5 240 55 0
0.5 0 41 54
0 80 64 127
0.5 160 41 0
0.5 0 54 35
0.5 0 63 44
0.5 240 63 0
0.5 0 54 0
0.5 0 53 34
0.5 0 57 43
0 12 64 0
0 125 64 127
0.5 103 57 0
0.5 0 53 0
0.5 0 52 31
0.5 0 58 39
0.5 240 58 0
0.5 0 52 0
0.5 0 51 32
0.5 0 60 40
0 9 64 0
0 117 64 127
0.5 114 60 0
0.5 0 51 0
0.5 0 54 37
0.5 240 54 0
0.5 0 34 50
0 34 64 0
0 92 64 127
0.5 114 34 0
0.5 0 40 43
0 15 64 0
0.5 225 40 0
0.5 0 41 46
0.5 240 41 0
0.5 0 46 39
0.5 240 46 0
0.5 0 45 43
0.5 240 45 0
0.5 0 43 37
0.5 240 43 0
0.5 0 31 47
0 127 64 127
0.5 833 31 0
0.5 0 33 44
0 14 64 0
0.5 466 33 0
0.5 0 34 50
0 126 64 127
0.5 114 34 0
0.5 0 40 43
0 26 64 0
0.5 214 40 0
0.5 0 41 46
0.5 240 41 0
0.5 0 46 39
0.5 240 46 0
0.5 0 45 43
0.5 240 45 0
0.5 0 43 37
0.5 240 43 0
0.5 0 31 47
0 184 64 127
0.5 776 31 0
0.5 0 33 44
0 14 64 0
0.5 466 33 0
0.5 0 34 50
0 126 64 127
0.5 114 34 0
0.5 0 40 43
0 26 64 0
0.5 214 40 0
0.5 0 41 46
0.5 240 41 0
0.5 0 46 39
0.5 240 46 0
0.5 0 45 43
0.5 240 45 0
0.5 0 43 37
0.5 240 43 0
0.5 0 34 50
0 126 64 127
0.5 114 34 0
0.5 0 40 43
0 15 64 0
0.5 225 40 0
0.5 0 41 50
0.5 240 41 0
0.5 0 46 43
0.5 240 46 0
0.5 0 45 51
0.5 240 45 0
0.5 0 43 48
0.5 240 43 0
0.5 0 34 50
0 126 64 127
0.5 114 34 0
0.5 0 40 43
0 20 64 0
0.5 220 40 0
0.5 0 41 50
0.5 229 48 43
0.5 11 41 0
0.5 229 48 0
0.5 11 45 51
0.5 240 45 0
0.5 0 46 48
0.5 240 46 0
0.5 0 51 56
0 80 64 127
0.5 160 51 0
0.5 0 49 53
0 10 64 0
0.5 230 49 0
0.5 0 50 61
0.5 240 50 0
0.5 0 55 55
0.5 240 55 0
0.5 0 52 62
0.5 240 52 0
0.5 0 53 58
0.5 240 53 0
0.5 0 62 69
0 107 64 127
0.5 373 62 0
0 27 64 0
0.5 933 41 53
0.5 0 29 45
0 187 64 127
0.5 1253 29 0
0.5 0 41 0
0.5 0 34 46
0 0 64 0
0.5 0 46 55
0 400 64 127
0.5 1040 46 0
0.5 0 34 0
0 960 64 0
0 57600 64 0
1 0 0 0
