0 0 7 100
0 0 10 64
0 0 64 0
0 0 91 127
0.5 1920 72 40
0.5 120 72 0
0.5 0 69 32
0.5 120 69 0
0.5 0 65 32
0.5 120 65 0
0.5 0 62 33
0.5 120 62 0
0.5 0 60 40
0.5 120 60 0
0.5 0 65 36
0.5 120 65 0
0.5 0 77 40
0.5 120 77 0
0.5 0 74 36
0.5 120 74 0
0.5 0 72 40
0.5 120 72 0
0.5 0 69 32
0.5 120 69 0
0.5 0 65 32
0.5 120 65 0
0.5 0 62 32
0.5 120 62 0
0.5 0 60 40
0.5 120 60 0
0.5 0 65 37
0.5 120 65 0
0.5 0 77 40
0.5 120 77 0
0.5 0 74 36
0.5 120 74 0
0.5 0 72 40
0.5 120 72 0
0.5 0 69 35
0.5 120 69 0
0.5 0 65 34
0.5 120 65 0
0.5 0 62 34
0.5 120 62 0
0.5 0 60 40
0.5 120 60 0
0.5 0 65 35
0.5 120 65 0
0.5 0 77 40
0.5 120 77 0
0.5 0 74 36
0.5 120 74 0
0.5 0 72 40
0.5 120 72 0
0.5 0 69 35
0.5 120 69 0
0.5 0 65 35
0.5 120 65 0
0.5 0 62 35
0.5 120 62 0
0.5 0 60 40
0.5 120 60 0
0.5 0 64 38
0.5 120 64 0
0.5 0 70 40
0.5 120 70 0
0.5 0 67 37
0.5 120 67 0
0.5 0 69 40
0.5 120 69 0
0.5 0 65 37
0.5 120 65 0
0.5 0 60 33
0.5 120 60 0
0.5 0 57 33
0.5 117 57 0
0.5 3 60 37
0.5 120 60 0
0.5 0 65 34
0.5 120 65 0
0.5 0 64 31
0.5 0 70 37
0.5 120 70 0
0.5 0 64 0
0.5 0 67 37
0.5 120 67 0
0.5 0 69 40
0.5 120 69 0
0.5 0 65 38
0.5 120 65 0
0.5 0 60 35
0.5 120 60 0
0.5 0 57 35
0.5 117 57 0
0.5 3 60 37
0.5 120 60 0
0.5 0 65 34
0.5 120 65 0
0.5 0 70 37
0.5 0 64 31
0.5 120 64 0
0.5 0 70 0
0.5 0 67 36
0.5 120 67 0
0.5 0 69 40
0.5 120 69 0
0.5 0 65 37
0.5 120 65 0
0.5 0 60 33
0.5 120 60 0
0.5 0 57 33
0.5 114 57 0
0.5 6 60 37
0.5 120 60 0
0.5 0 65 32
0.5 120 65 0
0.5 0 70 45
0.5 120 70 0
0.5 0 68 41
0.5 120 68 0
0.5 0 69 45
0.5 120 69 0
0.5 0 70 40
0.5 120 70 0
0.5 0 74 45
0.5 120 74 0
0.5 0 71 41
0.5 120 71 0
0.5 0 72 48
0.5 120 72 0
0.5 0 76 46
0.5 120 76 0
0.5 0 77 50
0.5 120 77 0
0.5 0 81 52
0.5 120 81 0
0.5 0 79 52
0.5 120 79 0
0.5 0 76 40
0.5 120 76 0
0.5 0 72 45
0.5 120 72 0
0.5 0 69 41
0.5 120 69 0
0.5 0 67 45
0.5 120 67 0
0.5 0 72 40
0.5 120 72 0
0.5 0 84 48
0.5 120 84 0
0.5 0 81 42
0.5 120 81 0
0.5 0 79 45
0.5 120 79 0
0.5 0 76 41
0.5 120 76 0
0.5 0 72 41
0.5 120 72 0
0.5 0 69 41
0.5 120 69 0
0.5 0 67 45
0.5 120 67 0
0.5 0 72 42
0.5 120 72 0
0.5 0 84 48
0.5 120 84 0
0.5 0 81 41
0.5 120 81 0
0.5 0 79 45
0.5 120 79 0
0.5 0 76 42
0.5 120 76 0
0.5 0 72 42
0.5 120 72 0
0.5 0 69 42
0.5 120 69 0
0.5 0 67 45
0.5 120 67 0
0.5 0 72 41
0.5 120 72 0
0.5 0 84 49
0.5 120 84 0
0.5 0 81 42
0.5 120 81 0
0.5 0 79 45
0.5 120 79 0
0.5 0 76 41
0.5 120 76 0
0.5 0 72 41
0.5 120 72 0
0.5 0 69 41
0.5 120 69 0
0.5 0 67 45
0.5 120 67 0
0.5 0 71 43
0.5 120 71 0
0.5 0 77 45
0.5 120 77 0
0.5 0 74 42
0.5 120 74 0
0.5 0 76 45
0.5 120 76 0
0.5 0 72 42
0.5 120 72 0
0.5 0 67 37
0.5 120 67 0
0.5 0 64 37
0.5 116 64 0
0.5 4 67 42
0.5 120 67 0
0.5 0 72 38
0.5 120 72 0
0.5 0 71 44
0.5 0 77 44
0.5 120 77 0
0.5 0 71 0
0.5 0 74 42
0.5 120 74 0
0.5 0 76 45
0.5 120 76 0
0.5 0 72 43
0.5 120 72 0
0.5 0 67 39
0.5 120 67 0
0.5 0 64 39
0.5 116 64 0
0.5 4 67 42
0.5 120 67 0
0.5 0 72 38
0.5 120 72 0
0.5 0 71 29
0.5 0 77 42
0.5 120 77 0
0.5 0 71 0
0.5 0 74 41
0.5 120 74 0
0.5 0 76 45
0.5 120 76 0
0.5 0 72 42
0.5 120 72 0
0.5 0 67 37
0.5 120 67 0
0.5 0 64 37
0.5 114 64 0
0.5 6 67 42
0.5 120 67 0
0.5 0 72 36
0.5 120 72 0
0.5 0 76 51
0.5 120 76 0
0.5 0 79 49
0.5 120 79 0
0.5 0 84 51
0.5 120 84 0
0.5 0 88 49
0.5 120 88 0
0.5 0 86 51
0.5 120 86 0
0.5 0 79 47
0.5 120 79 0
0.5 0 74 51
0.5 120 74 0
0.5 0 79 47
0.5 120 79 0
0.5 0 74 49
0.5 120 74 0
0.5 0 76 48
0.5 120 76 0
0.5 0 84 52
0.5 120 84 0
0.5 0 81 42
0.5 120 81 0
0.5 0 77 42
0.5 120 77 0
0.5 0 74 43
0.5 120 74 0
0.5 0 72 46
0.5 120 72 0
0.5 0 77 42
0.5 120 77 0
0.5 0 89 51
0.5 120 89 0
0.5 0 86 46
0.5 120 86 0
0.5 0 84 51
0.5 120 84 0
0.5 0 81 46
0.5 120 81 0
0.5 0 77 46
0.5 120 77 0
0.5 0 74 46
0.5 120 74 0
0.5 0 72 51
0.5 120 72 0
0.5 0 77 47
0.5 120 77 0
0.5 0 89 51
0.5 120 89 0
0.5 0 86 46
0.5 120 86 0
0.5 0 84 53
0.5 120 84 0
0.5 0 81 44
0.5 120 81 0
0.5 0 77 44
0.5 120 77 0
0.5 0 74 44
0.5 120 74 0
0.5 0 72 46
0.5 120 72 0
0.5 0 77 43
0.5 120 77 0
0.5 0 89 51
0.5 120 89 0
0.5 0 86 47
0.5 120 86 0
0.5 0 84 51
0.5 120 84 0
0.5 0 81 46
0.5 120 81 0
0.5 0 77 46
0.5 120 77 0
0.5 0 74 46
0.5 120 74 0
0.5 0 72 51
0.5 120 72 0
0.5 0 76 49
0.5 120 76 0
0.5 0 82 51
0.5 120 82 0
0.5 0 79 47
0.5 120 79 0
0.5 0 81 51
0.5 120 81 0
0.5 0 77 44
0.5 120 77 0
0.5 0 72 39
0.5 120 72 0
0.5 0 69 39
0.5 117 69 0
0.5 3 72 44
0.5 120 72 0
0.5 0 77 40
0.5 120 77 0
0.5 0 82 44
0.5 0 76 34
0.5 120 76 0
0.5 0 82 0
0.5 0 79 44
0.5 120 79 0
0.5 0 81 46
0.5 120 81 0
0.5 0 77 45
0.5 120 77 0
0.5 0 72 41
0.5 120 72 0
0.5 0 69 41
0.5 117 69 0
0.5 3 72 44
0.5 120 72 0
0.5 0 77 40
0.5 120 77 0
0.5 0 82 44
0.5 0 76 34
0.5 120 76 0
0.5 0 82 0
0.5 0 79 43
0.5 120 79 0
0.5 0 81 46
0.5 120 81 0
0.5 0 77 44
0.5 120 77 0
0.5 0 72 39
0.5 120 72 0
0.5 0 69 39
0.5 113 69 0
0.5 7 72 47
0.5 120 72 0
0.5 0 77 41
0.5 120 77 0
0.5 0 81 48
0.5 120 81 0
0.5 0 84 46
0.5 120 84 0
0.5 0 89 51
0.5 120 89 0
0.5 0 93 46
0.5 120 93 0
0.5 0 91 48
0.5 120 91 0
0.5 0 84 45
0.5 120 84 0
0.5 0 79 52
0.5 120 79 0
0.5 0 84 46
0.5 120 84 0
0.5 0 79 51
0.5 120 79 0
0.5 0 81 48
0.5 120 81 0
0.5 0 89 48
0.5 120 89 0
0.5 0 86 45
0.5 120 86 0
0.5 0 82 42
0.5 120 82 0
0.5 0 79 42
0.5 120 79 0
0.5 0 77 46
0.5 120 77 0
0.5 0 82 42
0.5 120 82 0
0.5 0 94 48
0.5 120 94 0
0.5 0 91 46
0.5 120 91 0
0.5 0 89 51
0.5 120 89 0
0.5 0 86 46
0.5 120 86 0
0.5 0 82 48
0.5 120 82 0
0.5 0 79 44
0.5 120 79 0
0.5 0 77 47
0.5 120 77 0
0.5 0 82 44
0.5 120 82 0
0.5 0 94 51
0.5 120 94 0
0.5 0 91 48
0.5 120 91 0
0.5 0 89 48
0.5 120 89 0
0.5 0 86 46
0.5 120 86 0
0.5 0 83 43
0.5 120 83 0
0.5 0 79 43
0.5 120 79 0
0.5 0 77 48
0.5 120 77 0
0.5 0 79 43
0.5 120 79 0
0.5 0 95 48
0.5 120 95 0
0.5 0 91 46
0.5 120 91 0
0.5 0 89 51
0.5 120 89 0
0.5 0 86 46
0.5 120 86 0
0.5 0 83 48
0.5 120 83 0
0.5 0 79 45
0.5 120 79 0
0.5 0 77 48
0.5 120 77 0
0.5 0 79 44
0.5 120 79 0
0.5 0 95 51
0.5 120 95 0
0.5 0 91 48
0.5 120 91 0
0.5 0 89 48
0.5 120 89 0
0.5 0 86 46
0.5 120 86 0
0.5 0 84 42
0.5 120 84 0
0.5 0 81 43
0.5 120 81 0
0.5 0 79 48
0.5 120 79 0
0.5 0 84 45
0.5 120 84 0
0.5 0 96 48
0.5 120 96 0
0.5 0 93 46
0.5 120 93 0
0.5 0 89 51
0.5 120 89 0
0.5 0 86 46
0.5 120 86 0
0.5 0 84 48
0.5 120 84 0
0.5 0 81 48
0.5 120 81 0
0.5 0 79 52
0.5 120 79 0
0.5 0 84 46
0.5 120 84 0
0.5 0 96 51
0.5 120 96 0
0.5 0 93 48
0.5 120 93 0
0.5 0 89 51
0.5 120 89 0
0.5 0 86 47
0.5 120 86 0
0.5 0 84 44
0.5 120 84 0
0.5 0 81 44
0.5 117 81 0
0.5 3 79 47
0.5 120 79 0
0.5 0 84 42
0.5 120 84 0
0.5 0 96 51
0.5 120 96 0
0.5 0 93 45
0.5 120 93 0
0.5 0 91 53
0.5 120 91 0
0.5 0 88 45
0.5 120 88 0
0.5 0 84 45
0.5 120 84 0
0.5 0 81 45
0.5 120 81 0
0.5 0 79 51
0.5 120 79 0
0.5 0 84 40
0.5 120 84 0
0.5 0 96 45
0.5 120 96 0
0.5 0 91 37
0.5 120 91 0
0.5 0 96 45
0.5 120 96 0
0.5 0 93 41
0.5 120 93 0
0.5 0 89 41
0.5 120 89 0
0.5 0 86 42
0.5 120 86 0
0.5 0 84 45
0.5 120 84 0
0.5 0 89 41
0.5 120 89 0
0.5 0 101 45
0.5 120 101 0
0.5 0 98 42
0.5 120 98 0
0.5 0 96 45
0.5 120 96 0
0.5 0 93 42
0.5 120 93 0
0.5 0 89 42
0.5 120 89 0
0.5 0 86 42
0.5 120 86 0
0.5 0 84 45
0.5 120 84 0
0.5 0 89 43
0.5 120 89 0
0.5 0 101 45
0.5 120 101 0
0.5 0 98 42
0.5 120 98 0
0.5 0 96 46
0.5 120 96 0
0.5 0 93 43
0.5 120 93 0
0.5 0 89 43
0.5 120 89 0
0.5 0 86 43
0.5 120 86 0
0.5 0 84 45
0.5 120 84 0
0.5 0 89 42
0.5 120 89 0
0.5 0 101 45
0.5 120 101 0
0.5 0 98 43
0.5 120 98 0
0.5 0 96 45
0.5 120 96 0
0.5 0 93 42
0.5 120 93 0
0.5 0 89 42
0.5 120 89 0
0.5 0 86 42
0.5 120 86 0
0.5 0 84 45
0.5 120 84 0
0.5 0 88 44
0.5 120 88 0
0.5 0 94 45
0.5 120 94 0
0.5 0 91 43
0.5 120 91 0
0.5 0 93 45
0.5 120 93 0
0.5 0 89 43
0.5 120 89 0
0.5 0 84 37
0.5 120 84 0
0.5 0 81 37
0.5 120 81 0
0.5 0 77 43
0.5 120 77 0
0.5 0 72 39
0.5 120 72 0
0.5 0 76 33
0.5 0 82 42
0.5 120 82 0
0.5 0 76 0
0.5 0 79 43
0.5 120 79 0
0.5 0 81 45
0.5 120 81 0
0.5 0 77 44
0.5 120 77 0
0.5 0 72 40
0.5 120 72 0
0.5 0 69 40
0.5 120 69 0
0.5 0 65 43
0.5 120 65 0
0.5 0 60 39
0.5 120 60 0
0.5 0 70 42
0.5 0 64 33
0.5 120 64 0
0.5 0 70 0
0.5 0 67 42
0.5 120 67 0
0.5 0 69 45
0.5 120 69 0
0.5 0 65 44
0.5 120 65 0
0.5 0 60 39
0.5 120 60 0
0.5 0 57 39
0.5 117 57 0
0.5 3 60 41
0.5 120 60 0
0.5 0 65 36
0.5 120 65 0
0.5 0 70 39
0.5 0 64 30
0.5 120 64 0
0.5 0 70 0
0.5 0 67 39
0.5 120 67 0
0.5 0 69 42
0.5 120 69 0
0.5 0 65 41
0.5 120 65 0
0.5 0 60 34
0.5 120 60 0
0.5 0 57 34
0.5 117 57 0
0.5 3 60 38
0.5 120 60 0
0.5 0 65 34
0.5 120 65 0
0.5 0 70 35
0.5 0 64 28
0.5 120 64 0
0.5 0 70 0
0.5 0 67 35
0.5 120 67 0
0.5 0 69 38
0.5 120 69 0
0.5 0 65 38
0.5 120 65 0
0.5 0 60 34
0.5 120 60 0
0.5 0 57 34
0.5 120 57 0
0.5 0 60 34
0.5 120 60 0
0.5 0 65 32
0.5 120 65 0
0.5 0 69 36
0.5 120 69 0
0.5 0 72 33
0.5 120 72 0
0.5 0 77 39
0.5 120 77 0
0.5 0 81 34
0.5 120 81 0
0.5 0 84 30
0.5 120 84 0
0.5 0 89 26
0.5 120 89 0
0.5 0 93 33
0.5 120 93 0
0.5 0 84 31
0.5 120 84 0
0.5 0 89 29
0.5 120 89 0
0.5 0 81 26
0.5 120 81 0
0.5 0 101 42
0.5 480 101 0
1 0 0 0
0 0 7 100
0 0 10 64
0 1761 64 127
0.5 39 41 30
0.5 60 48 37
0.5 60 57 44
0.5 960 57 0
0.5 0 48 0
0.5 0 41 0
0.5 960 36 47
0 7 64 0
0 39 64 127
0.5 314 47 33
0.5 60 47 0
0.5 0 48 33
0.5 60 48 0
0.5 0 36 0
0.5 0 50 38
0.5 60 50 0
0.5 0 48 38
0.5 60 48 0
0.5 0 50 39
0.5 60 50 0
0.5 0 48 40
0.5 60 48 0
0.5 0 50 40
0.5 60 50 0
0.5 0 48 41
0.5 60 48 0
0.5 0 47 42
0.5 60 47 0
0.5 0 48 42
0.5 60 48 0
0.5 0 48 36
0.5 0 57 47
0 11 64 0
0 83 64 127
0.5 386 57 0
0.5 0 55 45
0 14 64 0
0 55 64 127
0.5 411 55 0
0.5 0 48 0
0.5 0 41 47
0 8 64 0
0 56 64 127
0.5 176 41 0
0.5 0 48 37
0.5 120 48 0
0.5 0 53 33
0.5 120 53 0
0.5 0 57 41
0.5 240 57 0
0.5 0 48 35
0.5 0 55 41
0 15 64 0
0 77 64 127
0.5 148 55 0
0.5 0 48 0
0.5 0 41 48
0 15 64 0
0 84 64 127
0.5 141 41 0
0.5 0 48 41
0.5 120 48 0
0.5 0 53 36
0.5 120 53 0
0.5 0 57 42
0.5 240 57 0
0.5 0 48 40
0.5 0 55 40
0 15 64 0
0 84 64 127
0.5 141 55 0
0.5 0 48 0
0.5 0 41 47
0 9 64 0
0 60 64 127
0.5 171 41 0
0.5 0 48 45
0.5 120 48 0
0.5 0 53 39
0.5 120 53 0
0.5 0 57 45
0.5 120 57 0
0.5 0 53 40
0.5 120 53 0
0.5 0 62 40
0 11 64 0
0.5 109 62 0
0.5 0 59 35
0.5 120 59 0
0.5 0 60 43
0.5 240 60 0
0.5 0 70 39
0.5 120 70 0
0.5 0 68 36
0.5 120 68 0
0.5 0 69 39
0.5 240 69 0
0.5 120 48 30
0.5 60 55 37
0.5 60 64 45
0 46 64 127
0.5 914 64 0
0.5 0 55 0
0.5 0 48 0
0.5 960 43 47
0 8 64 0
0 38 64 127
0.5 314 54 33
0.5 60 54 0
0.5 0 55 33
0.5 60 55 0
0.5 0 43 0
0.5 0 57 38
0.5 60 57 0
0.5 0 55 38
0.5 60 55 0
0.5 0 57 39
0.5 60 57 0
0.5 0 55 40
0.5 60 55 0
0.5 0 57 40
0.5 60 57 0
0.5 0 55 41
0.5 60 55 0
0.5 0 54 42
0.5 60 54 0
0.5 0 55 42
0.5 60 55 0
0.5 0 55 36
0.5 0 64 47
0 14 64 0
0 66 64 127
0.5 400 64 0
0.5 0 62 45
0 15 64 0
0 54 64 127
0.5 411 62 0
0.5 0 55 0
0.5 0 48 47
0 8 64 0
0 56 64 127
0.5 176 48 0
0.5 0 55 43
0.5 120 55 0
0.5 0 60 39
0.5 120 60 0
0.5 0 64 44
0.5 240 64 0
0.5 0 55 30
0.5 0 62 41
0 10 64 0
0 87 64 127
0.5 143 62 0
0.5 0 55 0
0.5 0 48 48
0 16 64 0
0 64 64 127
0.5 160 48 0
0.5 0 55 42
0.5 120 55 0
0.5 0 60 37
0.5 120 60 0
0.5 0 64 45
0.5 240 64 0
0.5 0 55 29
0.5 0 62 42
0 14 64 0
0 77 64 127
0.5 149 62 0
0.5 0 55 0
0.5 0 48 47
0 11 64 0
0 63 64 127
0.5 86 48 0
0.5 0 55 45
0.5 160 55 0
0.5 0 60 39
0.5 160 60 0
0.5 0 64 47
0.5 160 64 0
0.5 0 70 44
0.5 160 70 0
0.5 1000 53 30
0.5 60 60 37
0.5 60 69 46
0 0 64 0
0 85 64 127
0.5 875 69 0
0.5 0 60 0
0.5 0 53 0
0.5 960 48 47
0 10 64 0
0 36 64 127
0.5 314 59 33
0.5 60 59 0
0.5 0 60 33
0.5 60 60 0
0.5 0 48 0
0.5 0 62 38
0.5 60 62 0
0.5 0 60 38
0.5 60 60 0
0.5 0 62 39
0.5 60 62 0
0.5 0 60 40
0.5 60 60 0
0.5 0 62 40
0.5 60 62 0
0.5 0 60 41
0.5 60 60 0
0.5 0 59 42
0.5 60 59 0
0.5 0 60 42
0.5 60 60 0
0.5 0 60 36
0.5 0 69 47
0 14 64 0
0 66 64 127
0.5 400 69 0
0.5 0 67 45
0 14 64 0
0 55 64 127
0.5 411 67 0
0.5 0 60 0
0.5 0 53 47
0 11 64 0
0 53 64 127
0.5 176 53 0
0.5 0 60 44
0.5 120 60 0
0.5 0 65 40
0.5 120 65 0
0.5 0 69 46
0.5 240 69 0
0.5 0 60 32
0.5 0 67 41
0 16 64 0
0 76 64 127
0.5 148 67 0
0.5 0 60 0
0.5 0 53 48
0 14 64 0
0 127 64 127
0.5 99 53 0
0.5 0 60 43
0.5 120 60 0
0.5 0 65 41
0.5 120 65 0
0.5 0 69 45
0.5 240 69 0
0.5 0 60 32
0.5 0 67 42
0 11 64 0
0 67 64 127
0.5 162 67 0
0.5 0 60 0
0.5 0 53 47
0 9 64 0
0 94 64 127
0.5 57 53 0
0.5 0 60 45
0.5 160 60 0
0.5 0 65 39
0.5 160 65 0
0.5 0 69 47
0.5 160 69 0
0.5 0 75 50
0.5 160 75 0
0.5 1120 58 55
0 10 64 0
0 93 64 127
0.5 57 58 0
0.5 0 65 20
0.5 160 65 0
0.5 0 74 45
0.5 160 74 0
0.5 1440 55 54
0 10 64 0
0 93 64 127
0.5 57 55 0
0.5 0 65 47
0.5 160 65 0
0.5 0 74 43
0.5 160 74 0
0.5 1440 60 57
0 12 64 0
0 91 64 127
0.5 57 60 0
0.5 0 67 47
0.5 160 72 43
0.5 160 72 0
0.5 0 77 52
0.5 1320 60 42
0.5 60 67 48
0.5 60 77 0
0.5 0 67 0
0.5 0 70 61
0 11 64 0
0 92 64 127
0.5 377 60 0
0.5 0 76 49
0.5 480 67 0
0.5 0 81 52
0.5 240 81 0
0.5 600 53 35
0.5 60 60 40
0.5 60 76 0
0.5 0 70 0
0.5 0 69 44
0 10 64 0
0 89 64 127
0.5 861 69 0
0.5 0 53 0
0.5 0 60 0
0.5 960 48 38
0 6 64 0
0 40 64 127
0.5 314 59 29
0.5 60 59 0
0.5 0 60 29
0.5 60 60 0
0.5 0 48 0
0.5 0 62 34
0.5 60 62 0
0.5 0 60 34
0.5 60 60 0
0.5 0 62 35
0.5 60 62 0
0.5 0 60 36
0.5 60 60 0
0.5 0 62 36
0.5 60 62 0
0.5 0 60 36
0.5 60 60 0
0.5 0 59 37
0.5 60 59 0
0.5 0 60 37
0.5 60 60 0
0.5 0 60 32
0.5 0 69 42
0 15 64 0
0 40 64 127
0.5 425 69 0
0.5 0 67 40
0 15 64 0
0 37 64 127
0.5 428 67 0
0.5 0 60 0
0.5 0 53 42
0 8 64 0
0 56 64 127
0.5 176 53 0
0.5 0 60 40
0.5 120 60 0
0.5 0 65 38
0.5 120 65 0
0.5 0 69 42
0.5 240 69 0
0.5 0 60 28
0.5 0 67 36
0 14 64 0
0 78 64 127
0.5 148 67 0
0.5 0 60 0
0.5 0 41 43
0 7 64 0
0 64 64 127
0.5 169 41 0
0.5 0 48 40
0.5 120 48 0
0.5 0 53 36
0.5 120 53 0
0.5 0 57 40
0.5 240 57 0
0.5 0 48 28
0.5 0 55 37
0 14 64 0
0 64 64 127
0.5 162 55 0
0.5 0 48 0
0.5 0 41 43
0 14 64 0
0 57 64 127
0.5 169 41 0
0.5 0 48 39
0.5 120 48 0
0.5 0 53 36
0.5 120 53 0
0.5 0 57 40
0.5 240 57 0
0.5 0 48 26
0.5 0 55 35
0 11 64 0
0 67 64 127
0.5 162 55 0
0.5 0 48 0
0.5 0 41 40
0 15 64 0
0 77 64 127
0.5 148 41 0
0.5 0 48 35
0.5 120 48 0
0.5 0 53 32
0.5 120 53 0
0.5 0 57 37
0.5 240 57 0
0.5 0 48 24
0.5 0 55 33
0 14 64 0
0 64 64 127
0.5 162 55 0
0.5 0 48 0
0.5 0 41 37
0 16 64 0
0 47 64 127
0.5 297 41 0
0.5 0 48 31
0.5 120 48 0
0.5 0 53 31
0.5 120 53 0
0.5 0 57 28
0.5 120 57 0
0.5 0 60 28
0.5 120 60 0
0.5 0 65 27
0.5 120 65 0
0.5 0 69 29
0.5 120 69 0
0.5 0 75 32
0.5 120 75 0
0.5 0 69 29
0.5 120 69 0
0.5 0 65 23
0.5 120 65 0
0.5 0 60 27
0.5 120 60 0
0.5 0 57 24
0.5 120 57 0
0.5 0 53 22
0.5 120 53 0
0.5 0 48 20
0.5 120 48 0
0.5 0 41 21
0.5 480 41 0
0 1227 64 0
1 0 0 0
