0 0 7 100
0 0 10 64
0 0 91 127
0 0 91 127
0.5 60 73 53
0.5 60 73 0
0.5 0 68 61
0.5 60 68 0
0.5 0 71 51
0.5 60 71 0
0.5 0 69 55
0.5 60 69 0
0.5 0 66 46
0.5 60 66 0
0.5 60 74 48
0.5 60 74 0
0.5 60 73 50
0.5 60 73 0
0.5 0 68 63
0.5 60 68 0
0.5 0 71 53
0.5 60 71 0
0.5 0 69 57
0.5 60 69 0
0.5 0 68 44
0.5 60 68 0
0.5 60 78 53
0.5 60 78 0
0.5 60 78 53
0.5 60 78 0
0.5 0 70 64
0.5 60 70 0
0.5 0 73 52
0.5 60 73 0
0.5 0 71 58
0.5 60 71 0
0.5 0 68 46
0.5 60 68 0
0.5 60 77 50
0.5 60 77 0
0.5 60 81 45
0.5 60 81 0
0.5 0 72 60
0.5 60 72 0
0.5 0 74 45
0.5 60 74 0
0.5 0 73 52
0.5 60 73 0
0.5 0 71 44
0.5 60 71 0
0.5 60 80 48
0.5 60 80 0
0.5 60 73 56
0.5 60 73 0
0.5 0 68 65
0.5 60 68 0
0.5 0 71 44
0.5 60 71 0
0.5 0 69 56
0.5 60 69 0
0.5 0 66 45
0.5 60 66 0
0.5 60 74 48
0.5 60 74 0
0.5 60 73 53
0.5 60 73 0
0.5 0 68 65
0.5 60 68 0
0.5 0 71 52
0.5 60 71 0
0.5 0 69 59
0.5 60 69 0
0.5 0 68 52
0.5 60 68 0
0.5 60 78 52
0.5 60 78 0
0.5 60 78 60
0.5 60 78 0
0.5 0 70 69
0.5 60 70 0
0.5 0 73 48
0.5 60 73 0
0.5 0 71 62
0.5 60 71 0
0.5 0 68 46
0.5 60 68 0
0.5 60 77 55
0.5 60 77 0
0.5 60 81 55
0.5 60 81 0
0.5 0 72 65
0.5 60 72 0
0.5 0 74 53
0.5 60 74 0
0.5 0 73 60
0.5 60 73 0
0.5 0 71 46
0.5 60 71 0
0.5 60 80 52
0.5 60 80 0
0.5 60 85 55
0.5 60 85 0
0.5 0 80 63
0.5 60 80 0
0.5 0 83 53
0.5 60 83 0
0.5 0 81 62
0.5 60 81 0
0.5 0 78 53
0.5 60 78 0
0.5 60 87 57
0.5 60 87 0
0.5 60 85 51
0.5 60 85 0
0.5 0 77 60
0.5 60 77 0
0.5 0 80 52
0.5 60 80 0
0.5 0 78 59
0.5 60 78 0
0.5 0 74 48
0.5 60 74 0
0.5 60 84 55
0.5 60 84 0
0.5 60 83 46
0.5 60 83 0
0.5 0 78 60
0.5 60 78 0
0.5 0 81 47
0.5 60 81 0
0.5 0 79 56
0.5 60 79 0
0.5 0 76 47
0.5 60 76 0
0.5 60 85 55
0.5 60 85 0
0.5 60 83 45
0.5 60 83 0
0.5 0 75 51
0.5 60 75 0
0.5 0 78 45
0.5 60 78 0
0.5 0 76 52
0.5 60 76 0
0.5 0 73 47
0.5 60 73 0
0.5 60 82 50
0.5 60 82 0
0.5 60 81 51
0.5 60 81 0
0.5 0 74 60
0.5 60 74 0
0.5 0 77 44
0.5 60 77 0
0.5 0 75 51
0.5 60 75 0
0.5 0 72 44
0.5 60 72 0
0.5 60 83 48
0.5 60 83 0
0.5 60 81 45
0.5 60 81 0
0.5 0 73 50
0.5 60 73 0
0.5 0 76 42
0.5 60 76 0
0.5 0 74 48
0.5 60 74 0
0.5 0 71 42
0.5 60 71 0
0.5 60 80 47
0.5 60 80 0
0.5 60 78 42
0.5 60 78 0
0.5 0 70 48
0.5 60 70 0
0.5 0 73 42
0.5 60 73 0
0.5 0 71 47
0.5 60 71 0
0.5 0 68 38
0.5 60 68 0
0.5 60 77 45
0.5 60 77 0
0.5 60 74 37
0.5 60 74 0
0.5 0 67 47
0.5 60 67 0
0.5 0 69 37
0.5 60 69 0
0.5 0 68 46
0.5 60 68 0
0.5 0 65 36
0.5 60 65 0
0.5 60 73 42
0.5 60 73 0
0.5 60 73 54
0.5 60 73 0
0.5 0 68 62
0.5 60 68 0
0.5 0 71 46
0.5 60 71 0
0.5 0 69 53
0.5 60 69 0
0.5 0 66 37
0.5 60 66 0
0.5 60 74 40
0.5 60 74 0
0.5 60 73 46
0.5 60 73 0
0.5 0 68 57
0.5 60 68 0
0.5 0 71 38
0.5 60 71 0
0.5 0 69 47
0.5 60 69 0
0.5 0 68 38
0.5 60 68 0
0.5 60 78 46
0.5 60 78 0
0.5 60 78 55
0.5 60 78 0
0.5 0 70 64
0.5 60 70 0
0.5 0 73 44
0.5 60 73 0
0.5 0 71 51
0.5 60 71 0
0.5 0 68 42
0.5 60 68 0
0.5 60 77 48
0.5 60 77 0
0.5 60 81 49
0.5 60 81 0
0.5 0 72 56
0.5 60 72 0
0.5 0 74 44
0.5 60 74 0
0.5 0 73 48
0.5 60 73 0
0.5 0 71 38
0.5 60 71 0
0.5 60 80 45
0.5 60 80 0
0.5 60 73 52
0.5 60 73 0
0.5 0 68 59
0.5 60 68 0
0.5 0 71 37
0.5 60 71 0
0.5 0 69 53
0.5 60 69 0
0.5 0 66 40
0.5 60 66 0
0.5 60 74 45
0.5 60 74 0
0.5 60 73 42
0.5 60 73 0
0.5 0 68 48
0.5 60 68 0
0.5 0 71 42
0.5 60 71 0
0.5 0 69 48
0.5 60 69 0
0.5 0 68 42
0.5 60 68 0
0.5 60 81 48
0.5 60 81 0
0.5 60 81 50
0.5 60 81 0
0.5 0 73 59
0.5 60 73 0
0.5 0 76 46
0.5 60 76 0
0.5 0 74 51
0.5 60 74 0
0.5 0 71 42
0.5 60 71 0
0.5 60 80 48
0.5 60 80 0
0.5 60 85 46
0.5 60 85 0
0.5 0 75 55
0.5 60 75 0
0.5 0 78 47
0.5 60 78 0
0.5 0 76 55
0.5 60 76 0
0.5 0 74 47
0.5 60 74 0
0.5 60 83 51
0.5 60 83 0
0.5 60 88 56
0.5 60 88 0
0.5 0 83 62
0.5 60 83 0
0.5 0 86 47
0.5 60 86 0
0.5 0 84 55
0.5 60 84 0
0.5 0 81 47
0.5 60 81 0
0.5 60 90 51
0.5 60 90 0
0.5 60 88 51
0.5 60 88 0
0.5 0 80 57
0.5 60 80 0
0.5 0 83 44
0.5 60 83 0
0.5 0 81 52
0.5 60 81 0
0.5 0 78 46
0.5 60 78 0
0.5 60 87 50
0.5 60 87 0
0.5 60 86 44
0.5 60 86 0
0.5 0 79 53
0.5 60 79 0
0.5 0 82 48
0.5 60 82 0
0.5 0 80 50
0.5 60 80 0
0.5 0 77 47
0.5 60 77 0
0.5 60 88 47
0.5 60 88 0
0.5 60 86 42
0.5 60 86 0
0.5 0 78 47
0.5 60 78 0
0.5 0 81 42
0.5 60 81 0
0.5 0 79 47
0.5 60 79 0
0.5 0 76 40
0.5 60 76 0
0.5 60 85 45
0.5 60 85 0
0.5 60 84 44
0.5 60 84 0
0.5 0 77 52
0.5 60 77 0
0.5 0 80 42
0.5 60 80 0
0.5 0 78 48
0.5 60 78 0
0.5 0 75 40
0.5 60 75 0
0.5 60 86 40
0.5 60 86 0
0.5 60 84 42
0.5 60 84 0
0.5 0 76 47
0.5 60 76 0
0.5 0 79 40
0.5 60 79 0
0.5 0 77 47
0.5 60 77 0
0.5 0 74 40
0.5 60 74 0
0.5 60 83 40
0.5 60 83 0
0.5 60 83 37
0.5 60 83 0
0.5 0 75 46
0.5 60 75 0
0.5 0 78 36
0.5 60 78 0
0.5 0 76 45
0.5 60 76 0
0.5 0 73 37
0.5 60 73 0
0.5 60 82 42
0.5 60 82 0
0.5 60 82 37
0.5 60 82 0
0.5 0 75 44
0.5 60 75 0
0.5 0 78 37
0.5 60 78 0
0.5 0 76 44
0.5 60 76 0
0.5 0 73 37
0.5 60 73 0
0.5 60 82 42
0.5 60 82 0
0.5 60 83 54
0.5 60 83 0
0.5 0 76 59
0.5 60 76 0
0.5 0 79 38
0.5 60 79 0
0.5 0 77 54
0.5 60 77 0
0.5 0 74 44
0.5 60 74 0
0.5 60 81 44
0.5 60 81 0
0.5 60 81 46
0.5 60 81 0
0.5 0 73 56
0.5 60 73 0
0.5 0 76 37
0.5 60 76 0
0.5 0 74 50
0.5 60 74 0
0.5 0 71 44
0.5 60 71 0
0.5 60 80 44
0.5 60 80 0
0.5 60 80 38
0.5 60 80 0
0.5 0 73 50
0.5 60 73 0
0.5 0 75 38
0.5 60 75 0
0.5 0 74 45
0.5 60 74 0
0.5 0 71 40
0.5 60 71 0
0.5 60 79 46
0.5 60 79 0
0.5 60 79 42
0.5 60 79 0
0.5 0 74 46
0.5 60 74 0
0.5 0 76 42
0.5 60 76 0
0.5 0 75 47
0.5 60 75 0
0.5 0 74 46
0.5 60 74 0
0.5 60 84 46
0.5 60 84 0
0.5 60 84 53
0.5 60 84 0
0.5 0 78 61
0.5 60 78 0
0.5 0 80 42
0.5 60 80 0
0.5 0 79 48
0.5 60 79 0
0.5 0 75 44
0.5 60 75 0
0.5 60 83 48
0.5 60 83 0
0.5 60 83 51
0.5 60 83 0
0.5 0 75 62
0.5 60 75 0
0.5 0 78 45
0.5 60 78 0
0.5 0 76 52
0.5 60 76 0
0.5 0 73 45
0.5 60 73 0
0.5 60 82 50
0.5 60 82 0
0.5 60 82 46
0.5 60 82 0
0.5 0 75 55
0.5 60 75 0
0.5 0 77 48
0.5 60 77 0
0.5 0 76 55
0.5 60 76 0
0.5 0 73 47
0.5 60 73 0
0.5 60 81 51
0.5 60 81 0
0.5 60 81 47
0.5 60 81 0
0.5 0 76 59
0.5 60 76 0
0.5 0 79 50
0.5 60 79 0
0.5 0 77 56
0.5 60 77 0
0.5 0 76 48
0.5 60 76 0
0.5 60 86 52
0.5 60 86 0
0.5 60 86 58
0.5 60 86 0
0.5 0 76 68
0.5 60 76 0
0.5 0 79 47
0.5 60 79 0
0.5 0 77 56
0.5 60 77 0
0.5 0 75 47
0.5 60 75 0
0.5 60 84 55
0.5 60 84 0
0.5 60 84 55
0.5 60 84 0
0.5 0 76 66
0.5 60 76 0
0.5 0 79 50
0.5 60 79 0
0.5 0 77 56
0.5 60 77 0
0.5 0 74 47
0.5 60 74 0
0.5 60 82 55
0.5 60 82 0
0.5 60 82 50
0.5 60 82 0
0.5 0 73 60
0.5 60 73 0
0.5 0 75 48
0.5 60 75 0
0.5 0 74 57
0.5 60 74 0
0.5 0 72 46
0.5 60 72 0
0.5 60 81 55
0.5 60 81 0
0.5 60 81 50
0.5 60 81 0
0.5 0 73 59
0.5 60 73 0
0.5 0 75 50
0.5 60 75 0
0.5 0 74 60
0.5 60 74 0
0.5 0 71 50
0.5 60 71 0
0.5 60 79 57
0.5 60 79 0
0.5 60 79 51
0.5 60 79 0
0.5 0 69 68
0.5 60 69 0
0.5 0 72 51
0.5 60 72 0
0.5 0 70 60
0.5 60 70 0
0.5 0 68 51
0.5 60 68 0
0.5 60 77 59
0.5 60 77 0
0.5 60 76 50
0.5 60 76 0
0.5 0 69 67
0.5 60 69 0
0.5 0 72 52
0.5 60 72 0
0.5 0 70 61
0.5 60 70 0
0.5 0 68 52
0.5 60 68 0
0.5 60 77 60
0.5 60 77 0
0.5 60 77 55
0.5 60 77 0
0.5 0 69 62
0.5 60 69 0
0.5 0 71 52
0.5 60 71 0
0.5 0 70 63
0.5 60 70 0
0.5 0 68 52
0.5 60 68 0
0.5 60 77 61
0.5 60 77 0
0.5 60 78 56
0.5 60 78 0
0.5 0 74 64
0.5 60 74 0
0.5 0 77 57
0.5 60 77 0
0.5 0 75 64
0.5 60 75 0
0.5 0 70 55
0.5 60 70 0
0.5 60 78 62
0.5 60 78 0
0.5 60 78 62
0.5 60 78 0
0.5 0 67 79
0.5 60 67 0
0.5 0 70 66
0.5 60 70 0
0.5 0 68 73
0.5 60 68 0
0.5 0 66 71
0.5 60 66 0
0.5 60 76 64
0.5 60 76 0
0.5 60 76 59
0.5 60 76 0
0.5 0 67 66
0.5 60 67 0
0.5 0 70 61
0.5 60 70 0
0.5 0 68 70
0.5 60 68 0
0.5 0 64 62
0.5 60 64 0
0.5 60 68 64
0.5 60 68 0
0.5 60 71 61
0.5 60 71 0
0.5 0 65 66
0.5 60 65 0
0.5 0 68 63
0.5 60 68 0
0.5 0 66 71
0.5 60 66 0
0.5 0 63 62
0.5 60 63 0
0.5 60 71 66
0.5 60 71 0
0.5 60 70 62
0.5 60 70 0
0.5 0 65 69
0.5 60 65 0
0.5 0 68 61
0.5 60 68 0
0.5 0 66 71
0.5 60 66 0
0.5 0 63 63
0.5 60 63 0
0.5 60 71 69
0.5 60 71 0
0.5 60 72 66
0.5 60 72 0
0.5 0 65 73
0.5 60 65 0
0.5 0 68 70
0.5 60 68 0
0.5 0 66 78
0.5 60 66 0
0.5 0 64 77
0.5 60 64 0
0.5 60 72 70
0.5 60 72 0
0.5 60 73 64
0.5 60 73 0
0.5 0 65 73
0.5 60 65 0
0.5 0 68 64
0.5 60 68 0
0.5 0 66 72
0.5 60 66 0
0.5 0 64 63
0.5 60 64 0
0.5 60 74 71
0.5 60 74 0
0.5 60 74 69
0.5 60 74 0
0.5 0 65 77
0.5 60 65 0
0.5 0 68 71
0.5 60 68 0
0.5 0 66 77
0.5 60 66 0
0.5 0 64 69
0.5 60 64 0
0.5 60 74 72
0.5 60 74 0
0.5 60 75 69
0.5 60 75 0
0.5 0 70 77
0.5 60 70 0
0.5 0 73 71
0.5 60 73 0
0.5 0 71 77
0.5 60 71 0
0.5 0 66 72
0.5 60 66 0
0.5 60 75 73
0.5 60 75 0
0.5 60 75 66
0.5 60 75 0
0.5 0 68 73
0.5 60 68 0
0.5 0 73 70
0.5 60 73 0
0.5 0 71 77
0.5 60 71 0
0.5 0 68 66
0.5 60 68 0
0.5 60 75 70
0.5 60 75 0
0.5 60 74 66
0.5 60 74 0
0.5 0 68 75
0.5 60 68 0
0.5 0 73 71
0.5 60 73 0
0.5 0 71 77
0.5 60 71 0
0.5 0 68 71
0.5 60 68 0
0.5 60 75 72
0.5 60 75 0
0.5 60 77 72
0.5 60 77 0
0.5 0 70 80
0.5 60 70 0
0.5 0 75 70
0.5 60 75 0
0.5 0 74 77
0.5 60 74 0
0.5 0 70 71
0.5 60 70 0
0.5 60 77 75
0.5 60 77 0
0.5 60 78 69
0.5 60 78 0
0.5 0 70 73
0.5 60 70 0
0.5 0 75 66
0.5 60 75 0
0.5 0 74 72
0.5 60 74 0
0.5 0 70 66
0.5 60 70 0
0.5 60 77 71
0.5 60 77 0
0.5 60 75 71
0.5 60 75 0
0.5 0 68 80
0.5 60 68 0
0.5 0 73 64
0.5 60 73 0
0.5 0 71 71
0.5 60 71 0
0.5 0 68 63
0.5 60 68 0
0.5 60 75 70
0.5 60 75 0
0.5 60 74 64
0.5 60 74 0
0.5 0 68 71
0.5 60 68 0
0.5 0 73 63
0.5 60 73 0
0.5 0 71 71
0.5 60 71 0
0.5 0 68 66
0.5 60 68 0
0.5 60 75 71
0.5 60 75 0
0.5 60 77 69
0.5 60 77 0
0.5 0 70 73
0.5 60 70 0
0.5 0 75 66
0.5 60 75 0
0.5 0 74 75
0.5 60 74 0
0.5 0 70 69
0.5 60 70 0
0.5 60 77 72
0.5 60 77 0
0.5 60 82 57
0.5 60 82 0
0.5 0 76 64
0.5 60 76 0
0.5 0 78 60
0.5 60 78 0
0.5 0 77 57
0.5 60 77 0
0.5 0 74 52
0.5 60 74 0
0.5 60 82 45
0.5 60 82 0
0.5 60 75 38
0.5 60 75 0
0.5 0 68 47
0.5 60 68 0
0.5 0 73 40
0.5 60 73 0
0.5 0 71 47
0.5 60 71 0
0.5 0 68 40
0.5 60 68 0
0.5 60 75 44
0.5 60 75 0
0.5 60 74 40
0.5 60 74 0
0.5 0 68 48
0.5 60 68 0
0.5 0 73 40
0.5 60 73 0
0.5 0 71 46
0.5 60 71 0
0.5 0 68 37
0.5 60 68 0
0.5 60 75 44
0.5 60 75 0
0.5 60 77 38
0.5 60 77 0
0.5 0 70 45
0.5 60 70 0
0.5 0 75 38
0.5 60 75 0
0.5 0 74 47
0.5 60 74 0
0.5 0 70 38
0.5 60 70 0
0.5 60 77 44
0.5 60 77 0
0.5 60 78 38
0.5 60 78 0
0.5 0 70 47
0.5 60 70 0
0.5 0 75 38
0.5 60 75 0
0.5 0 74 46
0.5 60 74 0
0.5 0 70 38
0.5 60 70 0
0.5 60 77 44
0.5 60 77 0
0.5 60 75 40
0.5 60 75 0
0.5 0 68 46
0.5 60 68 0
0.5 0 73 40
0.5 60 73 0
0.5 0 71 47
0.5 60 71 0
0.5 0 68 40
0.5 60 68 0
0.5 60 75 46
0.5 60 75 0
0.5 60 74 40
0.5 60 74 0
0.5 0 68 46
0.5 60 68 0
0.5 0 73 40
0.5 60 73 0
0.5 0 71 48
0.5 60 71 0
0.5 0 68 40
0.5 60 68 0
0.5 60 75 47
0.5 60 75 0
0.5 60 77 44
0.5 60 77 0
0.5 0 70 48
0.5 60 70 0
0.5 0 75 45
0.5 60 75 0
0.5 0 74 50
0.5 60 74 0
0.5 0 70 45
0.5 60 70 0
0.5 60 77 48
0.5 60 77 0
0.5 60 77 44
0.5 60 77 0
0.5 0 72 51
0.5 60 72 0
0.5 0 74 45
0.5 60 74 0
0.5 0 73 51
0.5 60 73 0
0.5 0 71 45
0.5 60 71 0
0.5 60 73 46
0.5 60 73 0
0.5 60 73 47
0.5 60 73 0
0.5 0 68 57
0.5 60 68 0
0.5 0 71 50
0.5 60 71 0
0.5 0 69 59
0.5 60 69 0
0.5 0 66 50
0.5 60 66 0
0.5 60 74 55
0.5 60 74 0
0.5 60 73 47
0.5 60 73 0
0.5 0 68 56
0.5 60 68 0
0.5 0 71 48
0.5 60 71 0
0.5 0 69 57
0.5 60 69 0
0.5 0 68 47
0.5 60 68 0
0.5 60 78 56
0.5 60 78 0
0.5 60 78 48
0.5 60 78 0
0.5 0 70 60
0.5 60 70 0
0.5 0 73 48
0.5 60 73 0
0.5 0 71 61
0.5 60 71 0
0.5 0 68 51
0.5 60 68 0
0.5 60 77 59
0.5 60 77 0
0.5 60 81 51
0.5 60 81 0
0.5 0 72 63
0.5 60 72 0
0.5 0 74 55
0.5 60 74 0
0.5 0 73 63
0.5 60 73 0
0.5 0 71 60
0.5 60 71 0
0.5 60 80 60
0.5 60 80 0
0.5 60 73 52
0.5 60 73 0
0.5 0 68 60
0.5 60 68 0
0.5 0 71 51
0.5 60 71 0
0.5 0 69 61
0.5 60 69 0
0.5 0 66 51
0.5 60 66 0
0.5 60 74 60
0.5 60 74 0
0.5 60 73 55
0.5 60 73 0
0.5 0 68 63
0.5 60 68 0
0.5 0 71 52
0.5 60 71 0
0.5 0 69 63
0.5 60 69 0
0.5 0 68 52
0.5 60 68 0
0.5 60 81 62
0.5 60 81 0
0.5 60 81 56
0.5 60 81 0
0.5 0 73 64
0.5 60 73 0
0.5 0 76 52
0.5 60 76 0
0.5 0 74 64
0.5 60 74 0
0.5 0 71 55
0.5 60 71 0
0.5 60 80 62
0.5 60 80 0
0.5 60 85 56
0.5 60 85 0
0.5 0 75 66
0.5 60 75 0
0.5 0 78 59
0.5 60 78 0
0.5 0 76 69
0.5 60 76 0
0.5 0 74 59
0.5 60 74 0
0.5 60 83 69
0.5 60 83 0
0.5 60 83 61
0.5 60 83 0
0.5 0 75 70
0.5 60 75 0
0.5 0 78 60
0.5 60 78 0
0.5 0 76 70
0.5 60 76 0
0.5 0 73 60
0.5 60 73 0
0.5 60 82 71
0.5 60 82 0
0.5 60 86 62
0.5 60 86 0
0.5 0 77 71
0.5 60 77 0
0.5 0 79 63
0.5 60 79 0
0.5 0 78 71
0.5 60 78 0
0.5 0 76 63
0.5 60 76 0
0.5 60 85 72
0.5 60 85 0
0.5 60 85 63
0.5 60 85 0
0.5 0 77 73
0.5 60 77 0
0.5 0 80 66
0.5 60 80 0
0.5 0 78 73
0.5 60 78 0
0.5 0 75 63
0.5 60 75 0
0.5 60 84 73
0.5 60 84 0
0.5 60 89 64
0.5 60 89 0
0.5 0 80 75
0.5 60 80 0
0.5 0 83 69
0.5 60 83 0
0.5 0 81 75
0.5 60 81 0
0.5 0 80 69
0.5 60 80 0
0.5 60 90 77
0.5 60 90 0
0.5 60 92 70
0.5 60 92 0
0.5 0 86 81
0.5 60 86 0
0.5 0 89 71
0.5 60 89 0
0.5 0 87 78
0.5 60 87 0
0.5 0 84 72
0.5 60 84 0
0.5 60 93 77
0.5 60 93 0
0.5 60 92 71
0.5 60 92 0
0.5 0 86 77
0.5 60 86 0
0.5 0 89 75
0.5 60 89 0
0.5 0 87 71
0.5 60 87 0
0.5 0 84 69
0.5 60 84 0
0.5 60 93 77
0.5 60 93 0
0.5 60 92 70
0.5 60 92 0
0.5 0 85 77
0.5 60 85 0
0.5 0 88 72
0.5 60 88 0
0.5 0 86 78
0.5 60 86 0
0.5 0 84 71
0.5 60 84 0
0.5 60 93 77
0.5 60 93 0
0.5 60 92 75
0.5 60 92 0
0.5 0 85 82
0.5 60 85 0
0.5 0 88 75
0.5 60 88 0
0.5 0 86 78
0.5 60 86 0
0.5 0 84 71
0.5 60 84 0
0.5 60 93 77
0.5 60 93 0
0.5 60 93 70
0.5 60 93 0
0.5 0 89 77
0.5 60 89 0
0.5 0 92 70
0.5 60 92 0
0.5 0 90 77
0.5 60 90 0
0.5 0 85 66
0.5 60 85 0
0.5 60 93 70
0.5 60 93 0
0.5 60 92 69
0.5 60 92 0
0.5 0 87 78
0.5 60 87 0
0.5 0 90 71
0.5 60 90 0
0.5 0 88 77
0.5 60 88 0
0.5 0 85 69
0.5 60 85 0
0.5 60 92 72
0.5 60 92 0
0.5 60 88 64
0.5 60 88 0
0.5 0 83 73
0.5 60 83 0
0.5 0 86 66
0.5 60 86 0
0.5 0 85 71
0.5 60 85 0
0.5 0 81 63
0.5 60 81 0
0.5 60 88 71
0.5 60 88 0
0.5 60 85 64
0.5 60 85 0
0.5 0 80 71
0.5 60 80 0
0.5 0 83 64
0.5 60 83 0
0.5 0 81 70
0.5 60 81 0
0.5 0 78 62
0.5 60 78 0
0.5 60 85 63
0.5 60 85 0
0.5 60 80 59
0.5 60 80 0
0.5 0 75 69
0.5 60 75 0
0.5 0 78 61
0.5 60 78 0
0.5 0 76 66
0.5 60 76 0
0.5 0 73 62
0.5 60 73 0
0.5 60 80 62
0.5 60 80 0
0.5 60 78 57
0.5 60 78 0
0.5 0 73 64
0.5 60 73 0
0.5 0 76 57
0.5 60 76 0
0.5 0 74 64
0.5 60 74 0
0.5 0 69 52
0.5 60 69 0
0.5 60 78 61
0.5 60 78 0
0.5 60 76 55
0.5 60 76 0
0.5 0 71 64
0.5 60 71 0
0.5 0 74 59
0.5 60 74 0
0.5 0 73 63
0.5 60 73 0
0.5 0 69 56
0.5 60 69 0
0.5 60 76 60
0.5 60 76 0
0.5 60 74 52
0.5 60 74 0
0.5 0 69 62
0.5 60 69 0
0.5 0 73 52
0.5 60 73 0
0.5 0 71 61
0.5 60 71 0
0.5 0 67 55
0.5 60 67 0
0.5 60 74 60
0.5 60 74 0
0.5 60 73 60
0.5 60 73 0
0.5 0 68 70
0.5 60 68 0
0.5 0 71 59
0.5 60 71 0
0.5 0 69 64
0.5 60 69 0
0.5 0 66 61
0.5 60 66 0
0.5 60 73 60
0.5 60 73 0
0.5 60 73 51
0.5 60 73 0
0.5 0 68 60
0.5 60 68 0
0.5 0 71 51
0.5 60 71 0
0.5 0 69 59
0.5 60 69 0
0.5 0 66 51
0.5 60 66 0
0.5 60 73 57
0.5 60 73 0
0.5 60 73 52
0.5 60 73 0
0.5 0 68 62
0.5 60 68 0
0.5 0 71 52
0.5 60 71 0
0.5 0 69 60
0.5 60 69 0
0.5 0 66 52
0.5 60 66 0
0.5 60 73 56
0.5 60 73 0
0.5 60 73 51
0.5 60 73 0
0.5 0 68 60
0.5 60 68 0
0.5 0 71 52
0.5 60 71 0
0.5 0 69 59
0.5 60 69 0
0.5 0 66 48
0.5 60 66 0
0.5 60 73 55
0.5 60 73 0
0.5 60 73 48
0.5 60 73 0
0.5 0 67 60
0.5 60 67 0
0.5 0 69 47
0.5 60 69 0
0.5 0 68 55
0.5 60 68 0
0.5 0 66 47
0.5 60 66 0
0.5 60 73 51
0.5 60 73 0
0.5 60 73 50
0.5 60 73 0
0.5 0 67 57
0.5 60 67 0
0.5 0 69 48
0.5 60 69 0
0.5 0 68 55
0.5 60 68 0
0.5 0 66 46
0.5 60 66 0
0.5 60 73 50
0.5 60 73 0
0.5 60 73 45
0.5 60 73 0
0.5 0 67 50
0.5 60 67 0
0.5 0 69 42
0.5 60 69 0
0.5 0 68 48
0.5 60 68 0
0.5 0 65 42
0.5 60 65 0
0.5 60 73 46
0.5 60 73 0
0.5 60 73 38
0.5 60 73 0
0.5 0 67 44
0.5 60 67 0
0.5 0 69 36
0.5 60 69 0
0.5 0 68 44
0.5 60 68 0
0.5 0 65 38
0.5 60 65 0
0.5 60 73 38
0.5 60 73 0
0.5 60 73 35
0.5 60 73 0
0.5 0 68 40
0.5 60 68 0
0.5 0 71 35
0.5 60 71 0
0.5 0 69 40
0.5 60 69 0
0.5 0 66 35
0.5 60 66 0
0.5 60 73 38
0.5 60 73 0
0.5 60 73 34
0.5 60 73 0
0.5 0 68 37
0.5 60 68 0
0.5 0 71 31
0.5 60 71 0
0.5 0 69 37
0.5 60 69 0
0.5 0 66 30
0.5 60 66 0
0.5 60 73 37
0.5 60 73 0
0.5 60 73 31
0.5 60 73 0
0.5 0 68 37
0.5 60 68 0
0.5 0 71 31
0.5 60 71 0
0.5 0 69 37
0.5 60 69 0
0.5 0 66 36
0.5 60 66 0
0.5 60 73 38
0.5 60 73 0
0.5 60 73 34
0.5 60 73 0
0.5 0 68 38
0.5 60 68 0
0.5 0 71 34
0.5 60 71 0
0.5 0 69 38
0.5 60 69 0
0.5 0 66 34
0.5 60 66 0
0.5 60 73 38
0.5 60 73 0
0.5 60 74 34
0.5 60 74 0
0.5 0 70 37
0.5 60 70 0
0.5 0 73 31
0.5 60 73 0
0.5 0 71 37
0.5 60 71 0
0.5 0 66 31
0.5 60 66 0
0.5 60 74 38
0.5 60 74 0
0.5 60 74 34
0.5 60 74 0
0.5 0 70 38
0.5 60 70 0
0.5 0 73 34
0.5 60 73 0
0.5 0 71 40
0.5 60 71 0
0.5 0 66 35
0.5 60 66 0
0.5 60 74 42
0.5 60 74 0
0.5 60 74 37
0.5 60 74 0
0.5 0 70 44
0.5 60 70 0
0.5 0 73 36
0.5 60 73 0
0.5 0 71 44
0.5 60 71 0
0.5 0 66 35
0.5 60 66 0
0.5 60 74 44
0.5 60 74 0
0.5 60 78 46
0.5 60 78 0
0.5 0 70 51
0.5 60 70 0
0.5 0 73 45
0.5 60 73 0
0.5 0 71 48
0.5 60 71 0
0.5 0 66 42
0.5 60 66 0
0.5 60 74 36
0.5 60 74 0
0.5 60 73 28
0.5 60 73 0
0.5 0 68 36
0.5 60 68 0
0.5 0 71 29
0.5 60 71 0
0.5 0 70 35
0.5 60 70 0
0.5 0 66 30
0.5 60 66 0
0.5 60 73 35
0.5 60 73 0
0.5 60 73 27
0.5 60 73 0
0.5 0 68 34
0.5 60 68 0
0.5 0 71 27
0.5 60 71 0
0.5 0 70 34
0.5 60 70 0
0.5 0 66 28
0.5 60 66 0
0.5 60 73 34
0.5 60 73 0
0.5 60 73 28
0.5 60 73 0
0.5 0 68 34
0.5 60 68 0
0.5 0 71 28
0.5 60 71 0
0.5 0 70 34
0.5 60 70 0
0.5 0 66 28
0.5 60 66 0
0.5 60 73 31
0.5 60 73 0
0.5 60 73 28
0.5 60 73 0
0.5 0 68 31
0.5 60 68 0
0.5 0 71 27
0.5 60 71 0
0.5 0 70 31
0.5 60 70 0
0.5 0 66 25
0.5 60 66 0
0.5 60 73 31
0.5 60 73 0
0.5 60 75 22
0.5 60 75 0
0.5 0 70 28
0.5 60 70 0
0.5 0 73 22
0.5 60 73 0
0.5 0 71 29
0.5 60 71 0
0.5 0 66 23
0.5 60 66 0
0.5 60 75 29
0.5 60 75 0
0.5 60 75 23
0.5 60 75 0
0.5 0 70 29
0.5 60 70 0
0.5 0 73 23
0.5 60 73 0
0.5 0 71 30
0.5 60 71 0
0.5 0 66 23
0.5 60 66 0
0.5 60 75 30
0.5 60 75 0
0.5 60 75 27
0.5 60 75 0
0.5 0 70 31
0.5 60 70 0
0.5 0 73 27
0.5 60 73 0
0.5 0 71 31
0.5 60 71 0
0.5 0 66 30
0.5 60 66 0
0.5 60 75 34
0.5 60 75 0
0.5 60 78 37
0.5 60 78 0
0.5 0 70 38
0.5 60 70 0
0.5 0 73 36
0.5 60 73 0
0.5 0 71 36
0.5 60 71 0
0.5 0 66 34
0.5 60 66 0
0.5 60 75 27
0.5 60 75 0
0.5 60 73 20
0.5 60 73 0
0.5 0 68 27
0.5 60 68 0
0.5 0 71 22
0.5 60 71 0
0.5 0 70 27
0.5 60 70 0
0.5 0 66 23
0.5 60 66 0
0.5 60 73 27
0.5 60 73 0
0.5 60 73 23
0.5 60 73 0
0.5 0 68 28
0.5 60 68 0
0.5 0 71 23
0.5 60 71 0
0.5 0 70 28
0.5 60 70 0
0.5 0 66 22
0.5 60 66 0
0.5 60 73 29
0.5 60 73 0
0.5 60 73 25
0.5 60 73 0
0.5 0 68 29
0.5 60 68 0
0.5 0 71 23
0.5 60 71 0
0.5 0 70 29
0.5 60 70 0
0.5 0 66 23
0.5 60 66 0
0.5 60 73 29
0.5 60 73 0
0.5 60 73 23
0.5 60 73 0
0.5 0 68 30
0.5 60 68 0
0.5 0 71 23
0.5 60 71 0
0.5 0 70 30
0.5 60 70 0
0.5 0 66 23
0.5 60 66 0
0.5 60 73 29
0.5 60 73 0
0.5 60 73 23
0.5 60 73 0
0.5 0 68 29
0.5 60 68 0
0.5 0 71 23
0.5 60 71 0
0.5 0 69 29
0.5 60 69 0
0.5 0 66 25
0.5 60 66 0
0.5 60 73 29
0.5 60 73 0
0.5 60 73 22
0.5 60 73 0
0.5 0 68 29
0.5 60 68 0
0.5 0 71 23
0.5 60 71 0
0.5 0 69 28
0.5 60 69 0
0.5 0 66 23
0.5 60 66 0
0.5 60 73 28
0.5 60 73 0
0.5 60 73 22
0.5 60 73 0
0.5 0 68 28
0.5 60 68 0
0.5 0 71 23
0.5 60 71 0
0.5 0 69 27
0.5 60 69 0
0.5 0 66 22
0.5 60 66 0
0.5 60 73 27
0.5 60 73 0
0.5 60 73 22
0.5 60 73 0
0.5 0 68 27
0.5 60 68 0
0.5 0 71 22
0.5 60 71 0
0.5 0 69 27
0.5 60 69 0
0.5 0 66 23
0.5 60 66 0
0.5 60 73 27
0.5 60 73 0
1 0 0 0
0 0 7 100
0 0 10 64
0 0 91 127
0.5 0 61 77
0.5 360 61 0
0.5 0 62 59
0.5 120 62 0
0.5 0 61 73
0.5 360 61 0
0.5 0 66 74
0.5 120 66 0
0.5 0 66 89
0.5 360 66 0
0.5 0 65 62
0.5 120 65 0
0.5 0 69 82
0.5 360 69 0
0.5 0 68 52
0.5 120 68 0
0.5 0 61 80
0.5 360 61 0
0.5 0 62 52
0.5 120 62 0
0.5 0 61 75
0.5 360 61 0
0.5 0 66 73
0.5 120 66 0
0.5 0 66 83
0.5 360 66 0
0.5 0 65 73
0.5 120 65 0
0.5 0 69 83
0.5 360 69 0
0.5 0 68 55
0.5 120 68 0
0.5 0 73 83
0.5 360 73 0
0.5 0 75 62
0.5 120 75 0
0.5 0 73 80
0.5 360 73 0
0.5 0 72 60
0.5 120 72 0
0.5 0 71 77
0.5 360 71 0
0.5 0 73 57
0.5 120 73 0
0.5 0 71 73
0.5 360 71 0
0.5 0 70 57
0.5 120 70 0
0.5 0 69 75
0.5 360 69 0
0.5 0 71 59
0.5 120 71 0
0.5 0 69 73
0.5 360 69 0
0.5 0 68 59
0.5 120 68 0
0.5 0 66 74
0.5 360 66 0
0.5 0 65 57
0.5 120 65 0
0.5 0 62 72
0.5 360 62 0
0.5 0 61 63
0.5 120 61 0
0.5 0 61 84
0.5 360 61 0
0.5 0 62 63
0.5 120 62 0
0.5 0 61 75
0.5 360 61 0
0.5 0 66 71
0.5 120 66 0
0.5 0 66 84
0.5 360 66 0
0.5 0 65 59
0.5 120 65 0
0.5 0 69 77
0.5 360 69 0
0.5 0 68 56
0.5 120 68 0
0.5 0 61 81
0.5 360 61 0
0.5 0 62 58
0.5 120 62 0
0.5 0 61 75
0.5 360 61 0
0.5 0 66 71
0.5 120 66 0
0.5 0 69 85
0.5 360 69 0
0.5 0 68 58
0.5 120 68 0
0.5 0 73 83
0.5 360 73 0
0.5 0 71 66
0.5 120 71 0
0.5 0 76 79
0.5 360 76 0
0.5 0 78 59
0.5 120 78 0
0.5 0 76 75
0.5 360 76 0
0.5 0 75 60
0.5 120 75 0
0.5 0 74 75
0.5 360 74 0
0.5 0 76 55
0.5 120 76 0
0.5 0 74 73
0.5 360 74 0
0.5 0 73 55
0.5 120 73 0
0.5 0 72 76
0.5 360 72 0
0.5 0 74 55
0.5 120 74 0
0.5 0 72 73
0.5 360 72 0
0.5 0 71 55
0.5 120 71 0
0.5 0 71 73
0.5 360 71 0
0.5 0 70 53
0.5 120 70 0
0.5 0 70 67
0.5 360 70 0
0.5 0 70 58
0.5 120 70 0
0.5 0 70 81
0.5 360 70 0
0.5 0 69 58
0.5 120 69 0
0.5 0 69 78
0.5 360 69 0
0.5 0 68 58
0.5 120 68 0
0.5 0 68 83
0.5 360 68 0
0.5 0 67 62
0.5 120 67 0
0.5 0 67 80
0.5 360 67 0
0.5 0 72 62
0.5 120 72 0
0.5 0 72 85
0.5 360 72 0
0.5 0 71 66
0.5 120 71 0
0.5 0 71 82
0.5 360 71 0
0.5 0 70 61
0.5 120 70 0
0.5 0 70 84
0.5 360 70 0
0.5 0 69 62
0.5 120 69 0
0.5 0 69 82
0.5 360 69 0
0.5 0 74 70
0.5 120 74 0
0.5 0 74 90
0.5 360 74 0
0.5 0 72 70
0.5 120 72 0
0.5 0 72 83
0.5 360 72 0
0.5 0 70 66
0.5 120 70 0
0.5 0 70 93
0.5 360 70 0
0.5 0 69 70
0.5 120 69 0
0.5 0 69 88
0.5 360 69 0
0.5 0 67 72
0.5 120 67 0
0.5 0 67 93
0.5 360 67 0
0.5 0 65 77
0.5 120 65 0
0.5 0 64 90
0.5 360 64 0
0.5 0 65 78
0.5 120 65 0
0.5 0 65 97
0.5 360 65 0
0.5 0 65 78
0.5 120 65 0
0.5 0 66 93
0.5 360 66 0
0.5 0 66 77
0.5 120 66 0
0.5 0 66 99
0.5 360 66 0
0.5 0 64 78
0.5 120 64 0
0.5 0 64 93
0.5 360 64 0
0.5 0 56 78
0.5 120 56 0
0.5 0 59 94
0.5 360 59 0
0.5 0 59 73
0.5 120 59 0
0.5 0 58 92
0.5 360 58 0
0.5 0 59 72
0.5 120 59 0
0.5 0 60 96
0.5 360 60 0
0.5 0 60 78
0.5 120 60 0
0.5 0 61 92
0.5 360 61 0
0.5 0 62 84
0.5 120 62 0
0.5 0 62 96
0.5 360 62 0
0.5 0 62 82
0.5 120 62 0
0.5 0 63 98
0.5 360 63 0
0.5 0 63 80
0.5 120 63 0
0.5 0 63 103
0.5 360 63 0
0.5 0 63 85
0.5 120 63 0
0.5 0 62 97
0.5 360 62 0
0.5 0 63 78
0.5 120 63 0
0.5 0 65 100
0.5 360 65 0
0.5 0 65 82
0.5 120 65 0
0.5 0 66 95
0.5 360 66 0
0.5 0 65 80
0.5 120 65 0
0.5 0 63 102
0.5 360 63 0
0.5 0 63 83
0.5 120 63 0
0.5 0 62 96
0.5 360 62 0
0.5 0 63 84
0.5 120 63 0
0.5 0 65 97
0.5 360 65 0
0.5 0 65 79
0.5 120 65 0
0.5 0 70 93
0.5 360 70 0
0.5 0 70 81
0.5 120 70 0
0.5 0 63 80
0.5 360 63 0
0.5 0 63 62
0.5 120 63 0
0.5 0 62 77
0.5 360 62 0
0.5 0 63 64
0.5 120 63 0
0.5 0 65 81
0.5 360 65 0
0.5 0 65 67
0.5 120 65 0
0.5 0 66 85
0.5 360 66 0
0.5 0 65 62
0.5 120 65 0
0.5 0 63 81
0.5 360 63 0
0.5 0 63 66
0.5 120 63 0
0.5 0 62 78
0.5 360 62 0
0.5 0 63 66
0.5 120 63 0
0.5 0 65 84
0.5 360 65 0
0.5 0 65 67
0.5 120 65 0
0.5 0 65 86
0.5 360 65 0
0.5 0 61 77
0.5 120 61 0
0.5 0 61 92
0.5 360 61 0
0.5 0 62 71
0.5 120 62 0
0.5 0 61 83
0.5 360 61 0
0.5 0 66 75
0.5 120 66 0
0.5 0 66 93
0.5 360 66 0
0.5 0 65 70
0.5 120 65 0
0.5 0 69 84
0.5 360 69 0
0.5 0 68 67
0.5 120 68 0
0.5 0 61 93
0.5 360 61 0
0.5 0 62 70
0.5 120 62 0
0.5 0 61 86
0.5 360 61 0
0.5 0 66 79
0.5 120 66 0
0.5 0 69 91
0.5 360 69 0
0.5 0 68 75
0.5 120 68 0
0.5 0 73 100
0.5 360 73 0
0.5 0 71 78
0.5 120 71 0
0.5 0 71 101
0.5 360 71 0
0.5 0 70 84
0.5 120 70 0
0.5 0 74 98
0.5 360 74 0
0.5 0 73 79
0.5 120 73 0
0.5 0 73 107
0.5 360 73 0
0.5 0 72 84
0.5 120 72 0
0.5 0 77 105
0.5 360 77 0
0.5 0 78 84
0.5 120 78 0
0.5 0 80 108
0.5 360 80 0
0.5 0 81 95
0.5 120 81 0
0.5 0 80 106
0.5 360 80 0
0.5 0 81 89
0.5 120 81 0
0.5 0 80 109
0.5 360 80 0
0.5 0 81 92
0.5 120 81 0
0.5 0 80 104
0.5 360 80 0
0.5 0 81 86
0.5 120 81 0
0.5 0 81 109
0.5 360 81 0
0.5 0 81 90
0.5 120 81 0
0.5 0 80 105
0.5 360 80 0
0.5 0 80 86
0.5 120 80 0
0.5 0 76 106
0.5 360 76 0
0.5 0 76 94
0.5 120 76 0
0.5 0 73 100
0.5 360 73 0
0.5 0 73 86
0.5 120 73 0
0.5 0 68 100
0.5 360 68 0
0.5 0 68 84
0.5 120 68 0
0.5 0 66 96
0.5 360 66 0
0.5 0 66 83
0.5 120 66 0
0.5 0 64 100
0.5 360 64 0
0.5 0 64 79
0.5 120 64 0
0.5 0 62 90
0.5 360 62 0
0.5 0 62 76
0.5 120 62 0
0.5 0 61 89
0.5 360 61 0
0.5 0 61 73
0.5 120 61 0
0.5 0 61 87
0.5 360 61 0
0.5 0 61 73
0.5 120 61 0
0.5 0 61 89
0.5 360 61 0
0.5 0 61 72
0.5 120 61 0
0.5 0 61 85
0.5 360 61 0
0.5 0 61 61
0.5 120 61 0
0.5 0 61 89
0.5 360 61 0
0.5 0 61 58
0.5 120 61 0
0.5 0 61 79
0.5 360 61 0
0.5 0 61 58
0.5 120 61 0
0.5 0 61 79
0.5 360 61 0
0.5 0 61 55
0.5 120 61 0
0.5 0 61 73
0.5 360 61 0
0.5 0 61 50
0.5 120 61 0
0.5 0 61 69
0.5 360 61 0
0.5 0 61 52
0.5 120 61 0
0.5 0 61 68
0.5 360 61 0
0.5 0 61 50
0.5 120 61 0
0.5 0 61 69
0.5 360 61 0
0.5 0 61 49
0.5 120 61 0
0.5 0 61 71
0.5 360 61 0
0.5 0 61 49
0.5 120 61 0
0.5 0 62 66
0.5 360 62 0
0.5 0 62 49
0.5 120 62 0
0.5 0 62 63
0.5 360 62 0
0.5 0 62 49
0.5 120 62 0
0.5 0 62 69
0.5 360 62 0
0.5 0 62 50
0.5 120 62 0
0.5 0 66 71
0.5 360 66 0
0.5 0 62 47
0.5 120 62 0
0.5 0 61 59
0.5 360 61 0
0.5 0 61 41
0.5 120 61 0
0.5 0 61 58
0.5 360 61 0
0.5 0 61 41
0.5 120 61 0
0.5 0 61 58
0.5 360 61 0
0.5 0 61 40
0.5 120 61 0
0.5 0 61 58
0.5 360 61 0
0.5 0 61 36
0.5 120 61 0
0.5 0 63 56
0.5 360 63 0
0.5 0 63 38
0.5 120 63 0
0.5 0 63 58
0.5 360 63 0
0.5 0 63 40
0.5 120 63 0
0.5 0 63 61
0.5 360 63 0
0.5 0 63 41
0.5 120 63 0
0.5 0 66 63
0.5 360 66 0
0.5 0 63 37
0.5 120 63 0
0.5 0 61 57
0.5 360 61 0
0.5 0 61 37
0.5 120 61 0
0.5 0 61 56
0.5 360 61 0
0.5 0 61 37
0.5 120 61 0
0.5 0 61 57
0.5 360 61 0
0.5 0 61 41
0.5 120 61 0
0.5 0 61 61
0.5 360 61 0
0.5 0 61 38
0.5 120 61 0
0.5 0 61 58
0.5 360 61 0
0.5 0 61 38
0.5 120 61 0
0.5 0 61 55
0.5 360 61 0
0.5 0 61 34
0.5 120 61 0
0.5 0 61 49
0.5 360 61 0
0.5 0 61 34
0.5 120 61 0
0.5 0 61 44
0.5 360 61 0
0.5 0 61 36
0.5 120 61 0
0.5 0 73 46
0.5 0 64 39
0.5 0 61 39
0.5 960 61 0
0.5 0 64 0
0.5 0 73 0
0.5 0 62 36
0.5 0 67 36
0.5 0 71 43
0.5 480 71 0
0.5 0 67 0
0.5 0 62 0
0.5 0 59 33
0.5 0 61 33
0.5 0 65 39
0.5 480 65 0
0.5 0 61 0
0.5 0 59 0
0.5 0 65 29
0.5 120 65 0
0.5 360 61 25
0.5 120 66 22
0.5 1320 66 0
0.5 0 61 0
1 0 0 0
