0 0 7 100
0 0 10 64
0.5 1 63 81
0.5 59 69 81
0.5 60 78 96
0.5 200 69 0
0.5 0 63 0
0.5 0 69 68
0.5 0 77 80
0.5 0 63 62
0.5 20 78 0
0.5 300 69 0
0.5 0 63 0
0.5 0 63 64
0.5 0 69 67
0.5 0 76 80
0.5 20 77 0
0.5 300 63 0
0.5 0 69 0
0.5 0 69 69
0.5 0 63 63
0.5 0 75 81
0.5 20 76 0
0.5 300 69 0
0.5 0 63 0
0.5 0 73 83
0.5 0 63 62
0.5 0 69 69
0.5 20 75 0
0.5 300 69 0
0.5 0 63 0
0.5 0 69 65
0.5 0 63 58
0.5 0 72 78
0.5 20 73 0
0.5 280 69 0
0.5 0 63 0
0.5 0 72 0
0.5 20 77 39
0.5 120 75 40
0.5 20 77 0
0.5 100 72 41
0.5 20 75 0
0.5 100 73 42
0.5 20 72 0
0.5 100 65 43
0.5 20 73 0
0.5 100 69 45
0.5 20 65 0
0.5 100 70 45
0.5 20 69 0
0.5 100 72 46
0.5 20 70 0
0.5 100 73 48
0.5 20 72 0
0.5 100 75 49
0.5 20 73 0
0.5 100 77 51
0.5 20 75 0
0.5 100 79 51
0.5 20 77 0
0.5 100 81 52
0.5 20 79 0
0.5 100 82 53
0.5 20 81 0
0.5 100 84 54
0.5 20 82 0
0.5 100 85 56
0.5 20 84 0
0.5 100 87 56
0.5 20 85 0
0.5 100 89 57
0.5 20 87 0
0.5 100 91 58
0.5 20 89 0
0.5 100 93 59
0.5 20 91 0
0.5 100 94 61
0.5 20 93 0
0.5 100 96 62
0.5 20 94 0
0.5 100 97 64
0.5 20 96 0
0.5 100 99 65
0.5 20 97 0
0.5 100 100 67
0.5 20 99 0
0.5 100 101 65
0.5 20 100 0
0.5 100 99 65
0.5 20 101 0
0.5 100 97 63
0.5 20 99 0
0.5 100 96 62
0.5 20 97 0
0.5 100 94 61
0.5 20 96 0
0.5 100 93 60
0.5 20 94 0
0.5 100 94 59
0.5 20 93 0
0.5 100 94 0
0.5 0 92 58
0.5 120 90 57
0.5 20 92 0
0.5 100 89 56
0.5 20 90 0
0.5 100 88 56
0.5 20 89 0
0.5 100 89 55
0.5 20 88 0
0.5 100 87 54
0.5 20 89 0
0.5 100 85 53
0.5 20 87 0
0.5 100 84 52
0.5 20 85 0
0.5 100 82 51
0.5 20 84 0
0.5 100 81 50
0.5 20 82 0
0.5 100 82 49
0.5 20 81 0
0.5 100 80 49
0.5 20 82 0
0.5 100 78 48
0.5 20 80 0
0.5 100 77 48
0.5 20 78 0
0.5 100 75 46
0.5 20 77 0
0.5 100 73 45
0.5 20 75 0
0.5 100 72 45
0.5 20 73 0
0.5 100 73 45
0.5 20 72 0
0.5 100 75 45
0.5 20 73 0
0.5 100 77 46
0.5 20 75 0
0.5 100 78 47
0.5 20 77 0
0.5 100 80 47
0.5 20 78 0
0.5 100 82 48
0.5 20 80 0
0.5 100 84 49
0.5 20 82 0
0.5 100 82 48
0.5 20 84 0
0.5 100 80 48
0.5 20 82 0
0.5 100 78 49
0.5 20 80 0
0.5 100 77 49
0.5 20 78 0
0.5 100 75 50
0.5 20 77 0
0.5 100 73 51
0.5 20 75 0
0.5 100 72 51
0.5 20 73 0
0.5 100 75 51
0.5 20 72 0
0.5 100 78 51
0.5 20 75 0
0.5 100 74 48
0.5 20 78 0
0.5 100 77 51
0.5 20 74 0
0.5 100 75 45
0.5 20 77 0
0.5 100 72 45
0.5 20 75 0
0.5 100 66 43
0.5 20 72 0
0.5 100 71 44
0.5 20 66 0
0.5 100 72 45
0.5 20 71 0
0.5 100 73 45
0.5 20 72 0
0.5 100 72 46
0.5 20 73 0
0.5 100 74 48
0.5 20 72 0
0.5 100 75 48
0.5 20 74 0
0.5 100 77 48
0.5 20 75 0
0.5 100 75 50
0.5 20 77 0
0.5 100 76 51
0.5 20 75 0
0.5 100 77 51
0.5 20 76 0
0.5 100 77 0
0.5 0 80 52
0.5 120 78 53
0.5 20 80 0
0.5 100 81 55
0.5 20 78 0
0.5 100 82 56
0.5 20 81 0
0.5 100 85 56
0.5 20 82 0
0.5 100 84 58
0.5 20 85 0
0.5 100 85 59
0.5 20 84 0
0.5 100 86 60
0.5 20 85 0
0.5 100 89 61
0.5 20 86 0
0.5 100 87 62
0.5 20 89 0
0.5 100 88 62
0.5 20 87 0
0.5 100 89 63
0.5 20 88 0
0.5 100 93 64
0.5 20 89 0
0.5 100 94 65
0.5 20 93 0
0.5 100 92 67
0.5 20 94 0
0.5 100 91 68
0.5 20 92 0
0.5 100 90 67
0.5 20 91 0
0.5 100 101 66
0.5 20 90 0
0.5 100 99 66
0.5 20 101 0
0.5 100 87 65
0.5 20 99 0
0.5 100 97 63
0.5 20 87 0
0.5 100 96 62
0.5 20 97 0
0.5 100 84 62
0.5 20 96 0
0.5 100 94 61
0.5 20 84 0
0.5 100 93 60
0.5 20 94 0
0.5 100 81 59
0.5 20 93 0
0.5 100 92 57
0.5 20 81 0
0.5 100 90 57
0.5 20 92 0
0.5 100 78 56
0.5 20 90 0
0.5 100 89 56
0.5 20 78 0
0.5 100 87 55
0.5 20 89 0
0.5 100 78 54
0.5 20 87 0
0.5 100 77 54
0.5 20 78 0
0.5 100 87 52
0.5 20 77 0
0.5 100 85 51
0.5 20 87 0
0.5 100 77 51
0.5 20 85 0
0.5 100 85 50
0.5 20 77 0
0.5 100 84 50
0.5 20 85 0
0.5 100 75 49
0.5 20 84 0
0.5 100 84 47
0.5 20 75 0
0.5 100 73 46
0.5 20 84 0
0.5 100 82 46
0.5 20 73 0
0.5 100 80 45
0.5 20 82 0
0.5 100 72 45
0.5 20 80 0
0.5 100 80 44
0.5 20 72 0
0.5 100 78 42
0.5 20 80 0
0.5 100 70 42
0.5 20 78 0
0.5 100 78 42
0.5 20 70 0
0.5 100 78 0
0.5 0 69 40
0.5 120 70 42
0.5 20 69 0
0.5 100 72 42
0.5 20 70 0
0.5 100 73 44
0.5 20 72 0
0.5 100 75 45
0.5 20 73 0
0.5 100 76 46
0.5 20 75 0
0.5 100 77 47
0.5 20 76 0
0.5 100 78 48
0.5 20 77 0
0.5 100 76 51
0.5 20 78 0
0.5 100 77 49
0.5 20 76 0
0.5 100 74 47
0.5 20 77 0
0.5 100 75 46
0.5 20 74 0
0.5 100 72 45
0.5 20 75 0
0.5 100 73 44
0.5 20 72 0
0.5 100 72 43
0.5 20 73 0
0.5 100 70 41
0.5 20 72 0
0.5 100 70 0
0.5 0 69 39
0.5 120 70 41
0.5 20 69 0
0.5 100 72 42
0.5 20 70 0
0.5 100 73 44
0.5 20 72 0
0.5 100 75 45
0.5 20 73 0
0.5 100 76 47
0.5 20 75 0
0.5 100 77 49
0.5 20 76 0
0.5 100 78 50
0.5 20 77 0
0.5 100 76 51
0.5 20 78 0
0.5 100 77 50
0.5 20 76 0
0.5 100 74 48
0.5 20 77 0
0.5 100 75 48
0.5 20 74 0
0.5 100 72 46
0.5 20 75 0
0.5 100 73 45
0.5 20 72 0
0.5 100 72 45
0.5 20 73 0
0.5 100 70 43
0.5 20 72 0
0.5 100 70 0
0.5 0 71 41
0.5 120 72 42
0.5 20 71 0
0.5 100 74 44
0.5 20 72 0
0.5 100 75 45
0.5 20 74 0
0.5 100 76 48
0.5 20 75 0
0.5 100 77 50
0.5 20 76 0
0.5 100 79 51
0.5 20 77 0
0.5 100 80 53
0.5 20 79 0
0.5 100 78 54
0.5 20 80 0
0.5 100 79 52
0.5 20 78 0
0.5 100 76 51
0.5 20 79 0
0.5 100 77 48
0.5 20 76 0
0.5 100 74 48
0.5 20 77 0
0.5 100 75 48
0.5 20 74 0
0.5 100 74 46
0.5 20 75 0
0.5 100 72 45
0.5 20 74 0
0.5 100 72 0
0.5 0 71 43
0.5 120 72 44
0.5 20 71 0
0.5 100 74 45
0.5 20 72 0
0.5 100 75 47
0.5 20 74 0
0.5 100 76 49
0.5 20 75 0
0.5 100 77 51
0.5 20 76 0
0.5 100 79 53
0.5 20 77 0
0.5 100 80 54
0.5 20 79 0
0.5 100 78 57
0.5 20 80 0
0.5 100 79 56
0.5 20 78 0
0.5 100 76 54
0.5 20 79 0
0.5 100 77 51
0.5 20 76 0
0.5 100 74 51
0.5 20 77 0
0.5 100 75 51
0.5 20 74 0
0.5 100 74 49
0.5 20 75 0
0.5 100 72 48
0.5 20 74 0
0.5 100 72 0
0.5 0 73 46
0.5 120 75 45
0.5 20 73 0
0.5 100 77 47
0.5 20 75 0
0.5 100 78 49
0.5 20 77 0
0.5 100 80 50
0.5 20 78 0
0.5 100 82 51
0.5 20 80 0
0.5 100 83 53
0.5 20 82 0
0.5 100 84 55
0.5 20 83 0
0.5 100 85 56
0.5 20 84 0
0.5 100 86 57
0.5 20 85 0
0.5 100 89 58
0.5 20 86 0
0.5 100 87 56
0.5 20 89 0
0.5 100 84 56
0.5 20 87 0
0.5 100 81 54
0.5 20 84 0
0.5 100 78 53
0.5 20 81 0
0.5 100 75 51
0.5 20 78 0
0.5 100 75 0
0.5 0 73 48
0.5 120 75 51
0.5 20 73 0
0.5 100 77 51
0.5 20 75 0
0.5 100 78 53
0.5 20 77 0
0.5 100 80 55
0.5 20 78 0
0.5 100 82 56
0.5 20 80 0
0.5 100 83 58
0.5 20 82 0
0.5 100 84 58
0.5 20 83 0
0.5 100 85 60
0.5 20 84 0
0.5 100 84 62
0.5 20 85 0
0.5 100 87 63
0.5 20 84 0
0.5 100 85 60
0.5 20 87 0
0.5 100 82 58
0.5 20 85 0
0.5 100 79 56
0.5 20 82 0
0.5 100 76 55
0.5 20 79 0
0.5 100 73 52
0.5 20 76 0
0.5 100 73 0
0.5 0 72 56
0.5 120 73 56
0.5 20 72 0
0.5 100 74 57
0.5 20 73 0
0.5 100 75 59
0.5 20 74 0
0.5 100 76 60
0.5 20 75 0
0.5 100 77 61
0.5 20 76 0
0.5 100 78 61
0.5 20 77 0
0.5 100 79 62
0.5 20 78 0
0.5 100 80 62
0.5 20 79 0
0.5 100 81 62
0.5 20 80 0
0.5 100 84 61
0.5 20 81 0
0.5 100 82 61
0.5 20 84 0
0.5 100 78 59
0.5 20 82 0
0.5 100 77 58
0.5 20 78 0
0.5 100 75 57
0.5 20 77 0
0.5 100 73 56
0.5 20 75 0
0.5 100 73 0
0.5 0 72 66
0.5 120 70 65
0.5 20 72 0
0.5 100 69 65
0.5 20 70 0
0.5 100 72 65
0.5 20 69 0
0.5 100 66 64
0.5 20 72 0
0.5 100 65 65
0.5 20 66 0
0.5 100 64 67
0.5 20 65 0
0.5 100 65 69
0.5 20 64 0
0.5 100 66 70
0.5 20 65 0
0.5 100 65 68
0.5 20 66 0
0.5 100 70 72
0.5 20 65 0
0.5 100 69 71
0.5 20 70 0
0.5 100 73 74
0.5 20 69 0
0.5 100 72 71
0.5 20 73 0
0.5 100 80 74
0.5 20 72 0
0.5 100 78 75
0.5 20 80 0
0.5 100 78 0
0.5 0 77 77
0.5 120 72 77
0.5 20 77 0
0.5 100 75 78
0.5 20 72 0
0.5 100 73 79
0.5 20 75 0
0.5 100 65 79
0.5 20 73 0
0.5 100 69 80
0.5 20 65 0
0.5 100 70 81
0.5 20 69 0
0.5 100 72 81
0.5 20 70 0
0.5 100 73 82
0.5 20 72 0
0.5 100 75 83
0.5 20 73 0
0.5 100 77 84
0.5 20 75 0
0.5 100 79 84
0.5 20 77 0
0.5 100 81 85
0.5 20 79 0
0.5 100 82 86
0.5 20 81 0
0.5 100 84 86
0.5 20 82 0
0.5 100 85 87
0.5 20 84 0
0.5 100 87 88
0.5 20 85 0
0.5 100 89 89
0.5 20 87 0
0.5 100 91 89
0.5 20 89 0
0.5 100 93 90
0.5 20 91 0
0.5 100 94 91
0.5 20 93 0
0.5 100 96 91
0.5 20 94 0
0.5 100 97 92
0.5 20 96 0
0.5 100 99 93
0.5 20 97 0
0.5 100 100 94
0.5 20 99 0
0.5 100 101 92
0.5 20 100 0
0.5 100 99 92
0.5 20 101 0
0.5 100 97 91
0.5 20 99 0
0.5 100 96 90
0.5 20 97 0
0.5 100 94 88
0.5 20 96 0
0.5 100 93 87
0.5 20 94 0
0.5 100 94 86
0.5 20 93 0
0.5 100 92 86
0.5 20 94 0
0.5 100 90 85
0.5 20 92 0
0.5 100 89 83
0.5 20 90 0
0.5 100 88 82
0.5 20 89 0
0.5 100 89 79
0.5 20 88 0
0.5 100 87 77
0.5 20 89 0
0.5 100 85 76
0.5 20 87 0
0.5 100 84 74
0.5 20 85 0
0.5 100 82 72
0.5 20 84 0
0.5 100 81 69
0.5 20 82 0
0.5 100 82 68
0.5 20 81 0
0.5 100 80 67
0.5 20 82 0
0.5 100 78 66
0.5 20 80 0
0.5 100 77 65
0.5 20 78 0
0.5 100 75 63
0.5 20 77 0
0.5 100 73 61
0.5 20 75 0
0.5 100 73 0
0.5 0 72 61
0.5 120 73 61
0.5 20 72 0
0.5 100 75 62
0.5 20 73 0
0.5 100 77 64
0.5 20 75 0
0.5 100 78 66
0.5 20 77 0
0.5 100 80 66
0.5 20 78 0
0.5 100 82 68
0.5 20 80 0
0.5 100 84 70
0.5 20 82 0
0.5 100 82 70
0.5 20 84 0
0.5 100 80 71
0.5 20 82 0
0.5 100 78 73
0.5 20 80 0
0.5 100 77 75
0.5 20 78 0
0.5 100 75 75
0.5 20 77 0
0.5 100 73 73
0.5 20 75 0
0.5 100 72 72
0.5 20 73 0
0.5 100 75 73
0.5 20 72 0
0.5 100 78 77
0.5 20 75 0
0.5 100 74 68
0.5 20 78 0
0.5 100 76 74
0.5 20 74 0
0.5 100 75 66
0.5 20 76 0
0.5 100 72 72
0.5 20 75 0
0.5 100 66 68
0.5 20 72 0
0.5 100 71 69
0.5 20 66 0
0.5 100 72 70
0.5 20 71 0
0.5 100 73 72
0.5 20 72 0
0.5 100 72 73
0.5 20 73 0
0.5 100 74 74
0.5 20 72 0
0.5 100 75 74
0.5 20 74 0
0.5 100 76 75
0.5 20 75 0
0.5 100 75 76
0.5 20 76 0
0.5 100 76 78
0.5 20 75 0
0.5 100 77 79
0.5 20 76 0
0.5 100 77 0
0.5 0 80 80
0.5 120 78 81
0.5 20 80 0
0.5 100 83 82
0.5 20 78 0
0.5 100 84 84
0.5 20 83 0
0.5 100 85 85
0.5 20 84 0
0.5 100 84 86
0.5 20 85 0
0.5 100 86 87
0.5 20 84 0
0.5 100 87 88
0.5 20 86 0
0.5 100 88 90
0.5 20 87 0
0.5 100 87 91
0.5 20 88 0
0.5 100 88 92
0.5 20 87 0
0.5 100 89 92
0.5 20 88 0
0.5 100 92 93
0.5 20 89 0
0.5 100 94 94
0.5 20 92 0
0.5 100 92 96
0.5 20 94 0
0.5 100 91 97
0.5 20 92 0
0.5 100 90 95
0.5 20 91 0
0.5 100 101 95
0.5 20 90 0
0.5 100 99 93
0.5 20 101 0
0.5 100 90 91
0.5 20 99 0
0.5 100 99 89
0.5 20 90 0
0.5 100 97 87
0.5 20 99 0
0.5 100 89 85
0.5 20 97 0
0.5 100 97 83
0.5 20 89 0
0.5 100 96 81
0.5 20 97 0
0.5 100 87 80
0.5 20 96 0
0.5 100 96 78
0.5 20 87 0
0.5 100 94 76
0.5 20 96 0
0.5 100 85 74
0.5 20 94 0
0.5 100 94 73
0.5 20 85 0
0.5 100 92 71
0.5 20 94 0
0.5 100 84 69
0.5 20 92 0
0.5 100 84 0
0.5 0 92 68
0.5 120 90 67
0.5 20 92 0
0.5 100 82 65
0.5 20 90 0
0.5 100 90 64
0.5 20 82 0
0.5 100 89 62
0.5 20 90 0
0.5 100 80 61
0.5 20 89 0
0.5 100 89 60
0.5 20 80 0
0.5 100 87 59
0.5 20 89 0
0.5 100 78 57
0.5 20 87 0
0.5 100 87 56
0.5 20 78 0
0.5 100 85 55
0.5 20 87 0
0.5 100 77 54
0.5 20 85 0
0.5 100 82 53
0.5 20 77 0
0.5 100 80 51
0.5 20 82 0
0.5 100 77 51
0.5 20 80 0
0.5 100 73 50
0.5 20 77 0
0.5 100 73 0
0.5 0 72 48
0.5 120 73 49
0.5 20 72 0
0.5 100 75 50
0.5 20 73 0
0.5 100 76 51
0.5 20 75 0
0.5 100 77 52
0.5 20 76 0
0.5 100 78 53
0.5 20 77 0
0.5 100 80 53
0.5 20 78 0
0.5 100 81 55
0.5 20 80 0
0.5 100 79 54
0.5 20 81 0
0.5 100 80 53
0.5 20 79 0
0.5 100 75 53
0.5 20 80 0
0.5 100 76 51
0.5 20 75 0
0.5 100 68 51
0.5 20 76 0
0.5 100 76 50
0.5 20 68 0
0.5 100 75 48
0.5 20 76 0
0.5 100 73 47
0.5 20 75 0
0.5 100 73 0
0.5 0 72 45
0.5 120 73 47
0.5 20 72 0
0.5 100 75 48
0.5 20 73 0
0.5 100 76 50
0.5 20 75 0
0.5 100 77 51
0.5 20 76 0
0.5 100 78 52
0.5 20 77 0
0.5 100 80 53
0.5 20 78 0
0.5 100 81 53
0.5 20 80 0
0.5 100 79 55
0.5 20 81 0
0.5 100 80 53
0.5 20 79 0
0.5 100 75 53
0.5 20 80 0
0.5 100 76 52
0.5 20 75 0
0.5 100 68 51
0.5 20 76 0
0.5 100 76 51
0.5 20 68 0
0.5 100 73 50
0.5 20 76 0
0.5 100 71 48
0.5 20 73 0
0.5 100 71 0
0.5 0 70 47
0.5 120 71 48
0.5 20 70 0
0.5 100 73 50
0.5 20 71 0
0.5 100 74 51
0.5 20 73 0
0.5 100 75 51
0.5 20 74 0
0.5 100 76 53
0.5 20 75 0
0.5 100 78 53
0.5 20 76 0
0.5 100 79 54
0.5 20 78 0
0.5 100 77 55
0.5 20 79 0
0.5 100 78 54
0.5 20 77 0
0.5 100 75 53
0.5 20 78 0
0.5 100 76 53
0.5 20 75 0
0.5 100 73 52
0.5 20 76 0
0.5 100 74 51
0.5 20 73 0
0.5 100 71 50
0.5 20 74 0
0.5 100 69 49
0.5 20 71 0
0.5 100 69 0
0.5 0 68 48
0.5 120 69 49
0.5 20 68 0
0.5 100 71 50
0.5 20 69 0
0.5 100 72 51
0.5 20 71 0
0.5 100 73 52
0.5 20 72 0
0.5 100 74 53
0.5 20 73 0
0.5 100 76 53
0.5 20 74 0
0.5 100 77 55
0.5 20 76 0
0.5 100 75 56
0.5 20 77 0
0.5 100 76 53
0.5 20 75 0
0.5 100 73 54
0.5 20 76 0
0.5 100 74 52
0.5 20 73 0
0.5 100 71 53
0.5 20 74 0
0.5 100 72 51
0.5 20 71 0
0.5 100 71 51
0.5 20 72 0
0.5 100 69 50
0.5 20 71 0
0.5 100 69 0
0.5 0 68 59
0.5 120 69 57
0.5 20 68 0
0.5 100 73 63
0.5 20 69 0
0.5 100 72 58
0.5 20 73 0
0.5 100 70 61
0.5 20 72 0
0.5 100 69 59
0.5 20 70 0
0.5 100 78 63
0.5 20 69 0
0.5 100 77 61
0.5 20 78 0
0.5 100 75 61
0.5 20 77 0
0.5 100 73 63
0.5 20 75 0
0.5 100 73 0
0.5 0 84 68
0.5 120 82 66
0.5 20 84 0
0.5 100 80 65
0.5 20 82 0
0.5 100 78 64
0.5 20 80 0
0.5 100 77 63
0.5 20 78 0
0.5 100 75 63
0.5 20 77 0
0.5 100 73 63
0.5 20 75 0
0.5 100 72 57
0.5 20 73 0
0.5 100 72 0
0.5 0 82 61
0.5 120 80 60
0.5 20 82 0
0.5 100 78 59
0.5 20 80 0
0.5 100 77 58
0.5 20 78 0
0.5 100 75 57
0.5 20 77 0
0.5 100 73 61
0.5 20 75 0
0.5 100 72 61
0.5 20 73 0
0.5 100 70 58
0.5 20 72 0
0.5 100 70 0
0.5 0 80 62
0.5 120 78 61
0.5 20 80 0
0.5 100 77 60
0.5 20 78 0
0.5 100 75 59
0.5 20 77 0
0.5 100 73 58
0.5 20 75 0
0.5 100 72 57
0.5 20 73 0
0.5 100 70 64
0.5 20 72 0
0.5 100 69 62
0.5 20 70 0
0.5 100 68 59
0.5 20 69 0
0.5 100 67 57
0.5 20 68 0
0.5 100 67 0
0.5 0 68 64
0.5 120 67 61
0.5 20 68 0
0.5 100 66 58
0.5 20 67 0
0.5 100 65 56
0.5 20 66 0
0.5 100 65 0
0.5 0 67 63
0.5 120 66 60
0.5 20 67 0
0.5 100 65 58
0.5 20 66 0
0.5 100 64 55
0.5 20 65 0
0.5 100 64 0
0.5 0 66 63
0.5 120 65 60
0.5 20 66 0
0.5 100 64 57
0.5 20 65 0
0.5 100 63 55
0.5 20 64 0
0.5 100 63 0
0.5 0 65 64
0.5 120 64 62
0.5 20 65 0
0.5 100 63 58
0.5 20 64 0
0.5 100 62 56
0.5 20 63 0
0.5 100 62 0
0.5 0 64 62
0.5 120 63 59
0.5 20 64 0
0.5 100 62 56
0.5 20 63 0
0.5 100 61 53
0.5 20 62 0
0.5 100 61 0
0.5 0 63 59
0.5 120 62 57
0.5 20 63 0
0.5 100 61 54
0.5 20 62 0
0.5 100 60 51
0.5 20 61 0
0.5 100 60 0
0.5 0 63 58
0.5 120 61 55
0.5 20 63 0
0.5 100 60 52
0.5 20 61 0
0.5 100 58 50
0.5 20 60 0
0.5 100 58 0
0.5 0 57 40
0.5 120 58 42
0.5 20 57 0
0.5 100 60 42
0.5 20 58 0
0.5 100 61 44
0.5 20 60 0
0.5 100 63 45
0.5 20 61 0
0.5 100 64 46
0.5 20 63 0
0.5 100 65 47
0.5 20 64 0
0.5 100 66 48
0.5 20 65 0
0.5 100 64 51
0.5 20 66 0
0.5 100 65 49
0.5 20 64 0
0.5 100 62 47
0.5 20 65 0
0.5 100 63 46
0.5 20 62 0
0.5 100 60 45
0.5 20 63 0
0.5 100 61 44
0.5 20 60 0
0.5 100 60 43
0.5 20 61 0
0.5 100 58 41
0.5 20 60 0
0.5 100 58 0
0.5 0 57 39
0.5 120 58 41
0.5 20 57 0
0.5 100 60 42
0.5 20 58 0
0.5 100 61 44
0.5 20 60 0
0.5 100 63 45
0.5 20 61 0
0.5 100 64 47
0.5 20 63 0
0.5 100 65 49
0.5 20 64 0
0.5 100 66 51
0.5 20 65 0
0.5 100 64 51
0.5 20 66 0
0.5 100 65 50
0.5 20 64 0
0.5 100 62 48
0.5 20 65 0
0.5 100 63 48
0.5 20 62 0
0.5 100 60 46
0.5 20 63 0
0.5 100 61 45
0.5 20 60 0
0.5 100 60 45
0.5 20 61 0
0.5 100 58 43
0.5 20 60 0
0.5 100 58 0
0.5 0 60 39
0.5 120 61 41
0.5 20 60 0
0.5 100 63 42
0.5 20 61 0
0.5 100 65 44
0.5 20 63 0
0.5 100 66 45
0.5 20 65 0
0.5 100 72 47
0.5 20 66 0
0.5 100 70 45
0.5 20 72 0
0.5 100 60 47
0.5 20 70 0
0.5 100 58 39
0.5 20 60 0
0.5 100 60 41
0.5 20 58 0
0.5 100 61 43
0.5 20 60 0
0.5 100 63 45
0.5 20 61 0
0.5 100 65 47
0.5 20 63 0
0.5 100 72 49
0.5 20 65 0
0.5 100 70 47
0.5 20 72 0
0.5 100 66 48
0.5 20 70 0
0.5 100 66 0
0.5 0 64 39
0.5 120 65 41
0.5 20 64 0
0.5 100 66 42
0.5 20 65 0
0.5 100 65 44
0.5 20 66 0
0.5 100 70 47
0.5 20 65 0
0.5 100 69 45
0.5 20 70 0
0.5 100 78 54
0.5 20 69 0
0.5 100 77 52
0.5 20 78 0
0.5 100 75 56
0.5 20 77 0
0.5 100 73 53
0.5 20 75 0
0.5 100 70 51
0.5 20 73 0
0.5 100 65 47
0.5 20 70 0
0.5 100 63 47
0.5 20 65 0
0.5 100 61 45
0.5 20 63 0
0.5 100 58 44
0.5 20 61 0
0.5 100 53 42
0.5 20 58 0
0.5 100 53 0
0.5 0 57 40
0.5 120 58 42
0.5 20 57 0
0.5 100 60 42
0.5 20 58 0
0.5 100 61 44
0.5 20 60 0
0.5 100 63 45
0.5 20 61 0
0.5 100 64 46
0.5 20 63 0
0.5 100 65 47
0.5 20 64 0
0.5 100 66 48
0.5 20 65 0
0.5 100 64 51
0.5 20 66 0
0.5 100 65 49
0.5 20 64 0
0.5 100 62 47
0.5 20 65 0
0.5 100 63 46
0.5 20 62 0
0.5 100 60 45
0.5 20 63 0
0.5 100 61 44
0.5 20 60 0
0.5 100 60 43
0.5 20 61 0
0.5 100 58 41
0.5 20 60 0
0.5 100 58 0
0.5 0 57 47
0.5 120 58 49
0.5 20 57 0
0.5 100 60 50
0.5 20 58 0
0.5 100 61 52
0.5 20 60 0
0.5 100 63 54
0.5 20 61 0
0.5 100 64 56
0.5 20 63 0
0.5 100 65 58
0.5 20 64 0
0.5 100 66 60
0.5 20 65 0
0.5 100 64 60
0.5 20 66 0
0.5 100 65 59
0.5 20 64 0
0.5 100 62 57
0.5 20 65 0
0.5 100 63 57
0.5 20 62 0
0.5 100 60 55
0.5 20 63 0
0.5 100 61 53
0.5 20 60 0
0.5 100 60 53
0.5 20 61 0
0.5 100 58 51
0.5 20 60 0
0.5 100 58 0
0.5 0 59 52
0.5 120 61 53
0.5 20 59 0
0.5 100 63 55
0.5 20 61 0
0.5 100 64 56
0.5 20 63 0
0.5 100 66 58
0.5 20 64 0
0.5 100 68 60
0.5 20 66 0
0.5 100 70 62
0.5 20 68 0
0.5 100 71 63
0.5 20 70 0
0.5 100 73 66
0.5 20 71 0
0.5 100 75 68
0.5 20 73 0
0.5 100 76 70
0.5 20 75 0
0.5 100 78 72
0.5 20 76 0
0.5 100 80 73
0.5 20 78 0
0.5 100 82 76
0.5 20 80 0
0.5 100 83 77
0.5 20 82 0
0.5 100 85 80
0.5 20 83 0
0.5 100 88 81
0.5 20 85 0
0.5 100 87 78
0.5 20 88 0
0.5 100 83 78
0.5 20 87 0
0.5 100 80 77
0.5 20 83 0
0.5 100 78 74
0.5 20 80 0
0.5 100 75 72
0.5 20 78 0
0.5 100 71 72
0.5 20 75 0
0.5 100 68 70
0.5 20 71 0
0.5 100 66 68
0.5 20 68 0
0.5 100 63 64
0.5 20 66 0
0.5 100 59 61
0.5 20 63 0
0.5 100 56 61
0.5 20 59 0
0.5 100 54 59
0.5 20 56 0
0.5 100 51 59
0.5 20 54 0
0.5 100 47 57
0.5 20 51 0
0.5 100 44 56
0.5 20 47 0
0.5 100 44 0
0.5 0 40 62
0.5 120 41 63
0.5 20 40 0
0.5 100 46 64
0.5 20 41 0
0.5 100 45 64
0.5 20 46 0
0.5 100 42 65
0.5 20 45 0
0.5 100 41 65
0.5 20 42 0
0.5 100 49 65
0.5 20 41 0
0.5 100 48 65
0.5 20 49 0
0.5 100 46 67
0.5 20 48 0
0.5 100 45 67
0.5 20 46 0
0.5 100 54 69
0.5 20 45 0
0.5 100 53 70
0.5 20 54 0
0.5 100 49 70
0.5 20 53 0
0.5 100 48 70
0.5 20 49 0
0.5 100 58 71
0.5 20 48 0
0.5 100 57 71
0.5 20 58 0
0.5 100 54 71
0.5 20 57 0
0.5 100 53 72
0.5 20 54 0
0.5 100 61 72
0.5 20 53 0
0.5 100 60 72
0.5 20 61 0
0.5 100 58 73
0.5 20 60 0
0.5 100 57 73
0.5 20 58 0
0.5 100 66 73
0.5 20 57 0
0.5 100 65 74
0.5 20 66 0
0.5 100 61 74
0.5 20 65 0
0.5 100 60 75
0.5 20 61 0
0.5 100 70 75
0.5 20 60 0
0.5 100 69 75
0.5 20 70 0
0.5 100 66 76
0.5 20 69 0
0.5 100 65 76
0.5 20 66 0
0.5 100 73 76
0.5 20 65 0
0.5 100 72 77
0.5 20 73 0
0.5 100 72 0
0.5 0 70 77
0.5 120 69 77
0.5 20 70 0
0.5 100 78 78
0.5 20 69 0
0.5 100 77 78
0.5 20 78 0
0.5 100 73 79
0.5 20 77 0
0.5 100 72 79
0.5 20 73 0
0.5 100 82 79
0.5 20 72 0
0.5 100 81 80
0.5 20 82 0
0.5 100 78 80
0.5 20 81 0
0.5 100 77 80
0.5 20 78 0
0.5 100 85 81
0.5 20 77 0
0.5 100 84 81
0.5 20 85 0
0.5 100 82 81
0.5 20 84 0
0.5 100 81 82
0.5 20 82 0
0.5 100 90 82
0.5 20 81 0
0.5 100 89 82
0.5 20 90 0
0.5 100 85 83
0.5 20 89 0
0.5 100 84 83
0.5 20 85 0
0.5 100 94 84
0.5 20 84 0
0.5 100 93 84
0.5 20 94 0
0.5 100 90 84
0.5 20 93 0
0.5 100 89 85
0.5 20 90 0
0.5 100 97 85
0.5 20 89 0
0.5 100 96 85
0.5 20 97 0
0.5 100 101 93
0.5 20 96 0
0.5 120 101 0
0.5 340 63 85
0.5 0 69 85
0.5 0 77 100
0.5 120 77 0
0.5 0 69 0
0.5 0 63 0
0.5 360 82 113
0.5 0 70 100
0.5 480 70 0
0.5 0 82 0
1 0 0 0
0 0 7 100
0 0 10 64
0 0 64 0
0 0 64 127
0 0 91 127
0 0 91 127
0.5 120 29 70
0.5 0 41 84
0.5 200 41 0
0.5 0 29 0
0.5 0 48 47
0.5 0 53 53
0.5 0 60 71
0.5 320 60 0
0.5 0 53 0
0.5 0 48 0
0.5 0 48 46
0.5 0 53 52
0.5 0 60 70
0.5 320 60 0
0.5 0 53 0
0.5 0 48 0
0.5 0 48 47
0.5 0 53 53
0.5 0 60 72
0.5 320 60 0
0.5 0 53 0
0.5 0 48 0
0.5 0 48 48
0.5 0 53 55
0.5 0 60 74
0.5 320 60 0
0.5 0 53 0
0.5 0 48 0
0.5 0 48 46
0.5 0 53 52
0.5 0 60 70
0.5 300 60 0
0.5 0 53 0
0.5 0 48 0
0 20 64 0
0.5 0 46 53
0 63 64 127
0.5 177 46 0
0.5 0 61 29
0.5 0 53 23
0.5 120 53 0
0.5 0 61 0
0 3 64 0
0.5 357 41 40
0.5 240 41 0
0.5 0 46 57
0 51 64 127
0.5 189 46 0
0.5 0 61 34
0.5 0 53 27
0.5 120 53 0
0.5 0 61 0
0 10 64 0
0.5 350 41 47
0.5 240 41 0
0.5 0 46 65
0 6 64 127
0.5 234 46 0
0.5 0 61 35
0.5 0 53 28
0.5 120 53 0
0.5 0 61 0
0 3 64 0
0.5 357 41 50
0.5 240 41 0
0.5 0 46 68
0 40 64 127
0.5 200 46 0
0.5 0 61 41
0.5 0 53 34
0.5 120 53 0
0.5 0 61 0
0 15 64 0
0.5 345 41 46
0.5 240 41 0
0.5 0 46 60
0 11 64 127
0.5 229 46 0
0.5 0 61 38
0.5 0 53 32
0.5 120 53 0
0.5 0 61 0
0 13 64 0
0.5 347 41 42
0.5 240 41 0
0 0 64 127
0.5 0 46 54
0.5 240 46 0
0.5 0 61 34
0.5 0 53 28
0.5 120 53 0
0.5 0 61 0
0 14 64 0
0.5 346 41 39
0.5 240 41 0
0 0 64 127
0.5 0 46 51
0.5 240 46 0
0.5 0 63 28
0.5 0 54 22
0.5 0 51 22
0.5 120 51 0
0.5 0 54 0
0.5 0 63 0
0 129 64 0
0.5 231 34 43
0.5 240 34 0
0.5 0 46 59
0 42 64 127
0.5 198 46 0
0.5 0 63 35
0.5 0 54 29
0.5 0 51 29
0.5 120 51 0
0.5 0 54 0
0.5 0 63 0
0 127 64 0
0.5 233 34 39
0.5 240 34 0
0.5 0 46 56
0 6 64 127
0.5 234 46 0
0.5 0 63 31
0.5 0 54 26
0.5 0 51 26
0.5 120 51 0
0.5 0 54 0
0.5 0 63 0
0 132 64 0
0.5 228 34 37
0.5 240 34 0
0.5 0 46 51
0 29 64 127
0.5 211 46 0
0.5 0 63 29
0.5 0 54 24
0.5 0 51 24
0.5 120 51 0
0.5 0 54 0
0.5 0 63 0
0 128 64 0
0.5 232 34 43
0.5 240 34 0
0.5 0 46 59
0 29 64 127
0.5 211 46 0
0.5 0 63 33
0.5 0 54 28
0.5 0 51 28
0.5 120 51 0
0.5 0 54 0
0.5 0 63 0
0 136 64 0
0.5 224 34 56
0.5 240 34 0
0.5 0 46 68
0 23 64 127
0.5 217 46 0
0.5 0 63 36
0.5 0 54 29
0.5 0 51 29
0.5 120 51 0
0.5 0 54 0
0.5 0 63 0
0 137 64 0
0.5 223 46 59
0.5 240 46 0
0.5 0 45 73
0 17 64 127
0.5 223 45 0
0.5 0 63 43
0.5 0 54 36
0.5 120 54 0
0.5 0 63 0
0 133 64 0
0.5 227 33 46
0.5 240 33 0
0.5 0 45 60
0 29 64 127
0.5 211 45 0
0.5 0 63 37
0.5 0 54 31
0.5 120 54 0
0.5 0 63 0
0 137 64 0
0.5 223 44 40
0.5 240 44 0
0.5 0 46 55
0 49 64 127
0.5 191 46 0
0.5 0 61 34
0.5 0 53 28
0.5 120 53 0
0.5 0 61 0
0 6 64 0
0.5 354 46 39
0.5 240 46 0
0.5 0 49 49
0 49 64 127
0.5 191 49 0
0.5 0 65 29
0.5 0 58 25
0.5 0 53 25
0.5 120 53 0
0.5 0 58 0
0.5 0 65 0
0 14 64 0
0.5 346 49 33
0.5 240 49 0
0.5 0 51 41
0 17 64 127
0.5 223 51 0
0.5 0 66 25
0.5 0 57 20
0.5 120 57 0
0.5 0 66 0
0 132 64 0
0.5 228 51 35
0.5 240 51 0
0.5 0 49 49
0 17 64 127
0.5 223 49 0
0.5 0 65 28
0.5 0 58 18
0.5 0 53 18
0.5 120 53 0
0.5 0 58 0
0.5 0 65 0
0 137 64 0
0.5 223 49 40
0.5 240 49 0
0.5 0 51 50
0 34 64 127
0.5 206 51 0
0.5 0 66 27
0.5 0 57 22
0.5 120 57 0
0.5 0 66 0
0 130 64 0
0.5 230 51 36
0.5 240 51 0
0.5 0 49 51
0 23 64 127
0.5 217 49 0
0.5 0 65 29
0.5 0 58 24
0.5 0 53 24
0.5 120 53 0
0.5 0 58 0
0.5 0 65 0
0 134 64 0
0.5 226 49 36
0.5 240 49 0
0.5 0 53 42
0 17 64 127
0.5 223 53 0
0.5 0 68 28
0.5 0 59 23
0.5 120 59 0
0.5 0 68 0
0 126 64 0
0.5 234 53 39
0.5 240 53 0
0.5 0 51 54
0 34 64 127
0.5 206 51 0
0.5 0 67 32
0.5 0 60 26
0.5 0 55 26
0.5 120 55 0
0.5 0 60 0
0.5 0 67 0
0 134 64 0
0.5 226 51 35
0.5 240 51 0
0 0 64 127
0.5 0 53 42
0.5 240 53 0
0.5 0 68 28
0.5 0 59 23
0.5 120 59 0
0.5 0 68 0
0 131 64 0
0.5 229 53 38
0 211 64 127
0.5 29 53 0
0.5 0 51 52
0.5 240 51 0
0.5 0 67 32
0.5 0 60 26
0.5 0 55 26
0.5 120 55 0
0.5 0 60 0
0.5 0 67 0
0 129 64 0
0.5 231 51 45
0.5 240 51 0
0.5 0 53 55
0 11 64 127
0.5 229 53 0
0.5 0 68 28
0.5 0 61 23
0.5 0 56 23
0.5 120 56 0
0.5 0 61 0
0.5 0 68 0
0 135 64 0
0.5 225 53 40
0.5 240 53 0
0.5 0 54 55
0 29 64 127
0.5 211 54 0
0.5 0 69 34
0.5 0 60 28
0.5 0 57 28
0.5 120 57 0
0.5 0 60 0
0.5 0 69 0
0 134 64 0
0.5 226 54 39
0.5 240 54 0
0.5 0 53 51
0 23 64 127
0.5 217 53 0
0.5 0 68 30
0.5 0 61 27
0.5 0 56 27
0.5 120 56 0
0.5 0 61 0
0.5 0 68 0
0 135 64 0
0.5 225 53 45
0.5 240 53 0
0.5 0 52 59
0 23 64 127
0.5 217 52 0
0.5 0 67 34
0.5 0 61 29
0.5 0 58 29
0.5 120 58 0
0.5 0 61 0
0.5 0 67 0
0 134 64 0
0.5 226 52 49
0.5 240 52 0
0.5 0 51 64
0 40 64 127
0.5 200 51 0
0.5 0 60 30
0.5 0 66 37
0.5 0 57 30
0.5 120 57 0
0.5 0 66 0
0.5 0 60 0
0 131 64 0
0.5 229 51 55
0.5 240 51 0
0.5 0 49 66
0 6 64 127
0.5 234 49 0
0.5 0 65 37
0.5 0 58 30
0.5 0 53 30
0.5 120 53 0
0.5 0 58 0
0.5 0 65 0
0 128 64 0
0.5 472 41 91
0 17 64 127
0.5 223 41 0
0.5 150 48 68
0.5 30 53 68
0.5 30 57 68
0.5 30 63 81
0.5 480 63 0
0.5 0 48 0
0.5 0 53 0
0.5 0 57 0
0.5 960 34 77
0 0 64 0
0.5 0 46 96
0 63 64 127
0.5 177 46 0
0.5 0 34 0
0.5 0 49 43
0.5 0 61 62
0.5 0 53 51
0.5 120 53 0
0.5 0 61 0
0.5 0 49 0
0 136 64 0
0.5 224 29 60
0.5 0 41 79
0.5 240 41 0
0.5 0 29 0
0.5 0 34 78
0.5 0 46 98
0 51 64 127
0.5 189 46 0
0.5 0 34 0
0.5 0 49 42
0.5 0 61 62
0.5 0 53 50
0.5 120 53 0
0.5 0 61 0
0.5 0 49 0
0 130 64 0
0.5 230 29 61
0.5 0 41 77
0.5 240 41 0
0.5 0 29 0
0.5 0 34 73
0.5 0 46 93
0 46 64 127
0.5 194 46 0
0.5 0 34 0
0.5 0 49 44
0.5 0 61 63
0.5 0 53 52
0.5 120 53 0
0.5 0 61 0
0.5 0 49 0
0 134 64 0
0.5 226 29 62
0.5 0 41 79
0.5 240 41 0
0.5 0 29 0
0.5 0 34 79
0.5 0 46 96
0 40 64 127
0.5 200 46 0
0.5 0 34 0
0.5 0 49 51
0.5 0 61 72
0.5 0 53 60
0.5 120 53 0
0.5 0 61 0
0.5 0 49 0
0.5 360 29 56
0.5 0 41 74
0.5 240 41 0
0.5 0 29 0
0.5 0 34 70
0.5 0 46 92
0 52 64 127
0.5 188 46 0
0.5 0 34 0
0.5 0 49 49
0.5 0 61 68
0.5 0 53 58
0.5 120 53 0
0.5 0 61 0
0.5 0 49 0
0 131 64 0
0.5 229 29 49
0.5 0 41 65
0.5 240 41 0
0.5 0 29 0
0.5 0 34 62
0.5 0 46 77
0 40 64 127
0.5 200 46 0
0.5 0 34 0
0.5 0 49 40
0.5 0 61 57
0.5 0 53 48
0.5 120 53 0
0.5 0 61 0
0.5 0 49 0
0 128 64 0
0.5 232 29 45
0.5 0 41 59
0.5 240 41 0
0.5 0 29 0
0.5 0 34 56
0.5 0 46 67
0 57 64 127
0.5 183 46 0
0.5 0 34 0
0.5 0 63 47
0.5 0 54 39
0.5 0 51 33
0.5 120 51 0
0.5 0 54 0
0.5 0 63 0
0 134 64 0
0.5 226 29 47
0.5 0 41 62
0.5 240 41 0
0.5 0 29 0
0.5 0 34 64
0.5 0 46 76
0 85 64 127
0.5 155 46 0
0.5 0 34 0
0.5 0 63 57
0.5 0 54 47
0.5 0 51 39
0.5 120 51 0
0.5 0 54 0
0.5 0 63 0
0 136 64 0
0.5 224 29 51
0.5 0 41 67
0.5 240 41 0
0.5 0 29 0
0.5 0 33 69
0.5 0 45 89
0 40 64 127
0.5 200 45 0
0.5 0 33 0
0.5 0 63 61
0.5 0 54 50
0.5 0 51 42
0.5 120 51 0
0.5 0 54 0
0.5 0 63 0
0 134 64 0
0.5 226 27 48
0.5 0 39 63
0.5 240 39 0
0.5 0 27 0
0.5 0 33 61
0.5 0 45 81
0 63 64 127
0.5 177 45 0
0.5 0 33 0
0.5 0 63 57
0.5 0 54 47
0.5 0 51 39
0.5 120 51 0
0.5 0 54 0
0.5 0 63 0
0 135 64 0
0.5 225 27 64
0.5 0 39 82
0.5 240 39 0
0.5 0 27 0
0.5 0 33 78
0.5 0 45 98
0 63 64 127
0.5 177 45 0
0.5 0 33 0
0.5 0 63 61
0.5 0 54 50
0.5 0 51 42
0.5 120 51 0
0.5 0 54 0
0.5 0 63 0
0 136 64 0
0.5 224 27 57
0.5 0 39 77
0.5 240 39 0
0.5 0 27 0
0.5 0 33 74
0.5 0 45 93
0 86 64 127
0.5 154 45 0
0.5 0 33 0
0.5 0 63 66
0.5 0 54 55
0.5 0 51 46
0.5 120 51 0
0.5 0 54 0
0.5 0 63 0
0 136 64 0
0.5 224 27 62
0.5 0 39 82
0.5 240 39 0
0.5 0 27 0
0.5 0 32 76
0.5 0 44 99
0 64 64 127
0.5 176 44 0
0.5 0 32 0
0.5 0 51 51
0.5 0 66 73
0.5 0 60 61
0.5 120 60 0
0.5 0 66 0
0.5 0 51 0
0 133 64 0
0.5 227 27 53
0.5 0 39 69
0.5 240 39 0
0.5 0 27 0
0.5 0 32 63
0.5 0 44 82
0 64 64 127
0.5 176 44 0
0.5 0 32 0
0.5 0 51 43
0.5 0 66 61
0.5 0 60 51
0.5 120 60 0
0.5 0 66 0
0.5 0 51 0
0 137 64 0
0.5 223 32 58
0.5 240 32 0
0.5 0 44 73
0 49 64 127
0.5 191 44 0
0.5 0 53 43
0.5 0 65 52
0.5 0 61 43
0.5 120 61 0
0.5 0 65 0
0.5 0 53 0
0 131 64 0
0.5 229 32 51
0.5 240 32 0
0.5 0 44 58
0 49 64 127
0.5 191 44 0
0.5 0 61 45
0.5 0 53 38
0.5 120 53 0
0.5 0 61 0
0 137 64 0
0.5 223 32 42
0.5 240 32 0
0.5 0 44 49
0 48 64 127
0.5 192 44 0
0.5 0 51 30
0.5 0 60 37
0.5 0 54 30
0.5 120 54 0
0.5 0 60 0
0.5 0 51 0
0 133 64 0
0.5 227 32 42
0.5 240 32 0
0.5 0 44 51
0 77 64 127
0.5 163 44 0
0.5 0 61 38
0.5 0 52 24
0.5 120 52 0
0.5 0 61 0
0 135 64 0
0.5 225 32 45
0.5 240 32 0
0.5 0 44 49
0 58 64 127
0.5 182 44 0
0.5 0 51 30
0.5 0 60 37
0.5 0 54 30
0.5 120 54 0
0.5 0 60 0
0.5 0 51 0
0 132 64 0
0.5 228 44 42
0.5 240 44 0
0.5 0 49 51
0 43 64 127
0.5 197 49 0
0.5 0 61 38
0.5 0 52 24
0.5 120 52 0
0.5 0 61 0
0 135 64 0
0.5 225 43 45
0.5 240 43 0
0.5 0 42 49
0 35 64 127
0.5 205 42 0
0.5 0 54 30
0.5 0 64 37
0.5 0 58 30
0.5 120 58 0
0.5 0 64 0
0.5 0 54 0
0 135 64 0
0.5 225 30 42
0.5 240 30 0
0.5 0 42 51
0 63 64 127
0.5 177 42 0
0.5 0 59 24
0.5 0 62 38
0.5 0 54 24
0.5 120 54 0
0.5 0 62 0
0.5 0 59 0
0 130 64 0
0.5 230 41 45
0.5 240 41 0
0.5 0 40 49
0 52 64 127
0.5 188 40 0
0.5 0 52 30
0.5 0 62 37
0.5 0 56 30
0.5 120 56 0
0.5 0 62 0
0.5 0 52 0
0 134 64 0
0.5 226 28 42
0.5 240 28 0
0.5 0 40 51
0 52 64 127
0.5 188 40 0
0.5 0 57 24
0.5 0 60 38
0.5 0 52 24
0.5 120 52 0
0.5 0 60 0
0.5 0 57 0
0 132 64 0
0.5 228 28 38
0.5 0 40 45
0.5 240 40 0
0.5 0 28 0
0.5 0 29 48
0.5 0 41 57
0 43 64 127
0.5 197 41 0
0.5 0 29 0
0.5 120 48 41
0.5 60 53 41
0.5 60 63 49
0 12 64 0
0 41 64 127
0.5 307 63 0
0.5 0 53 0
0.5 0 48 0
0.5 0 46 44
0.5 60 53 44
0.5 60 61 52
0 16 64 0
0 30 64 127
0.5 314 61 0
0.5 0 53 0
0.5 0 46 0
0.5 0 51 40
0.5 60 58 40
0.5 60 66 47
0 14 64 0
0 66 64 127
0.5 280 66 0
0.5 0 58 0
0.5 0 51 0
0.5 0 44 48
0.5 60 54 48
0.5 60 60 57
0 10 64 0
0 64 64 127
0.5 286 60 0
0.5 0 54 0
0.5 0 44 0
0.5 0 49 41
0.5 60 56 41
0.5 60 65 49
0 10 64 0
0 54 64 127
0.5 296 65 0
0.5 0 56 0
0.5 0 49 0
0.5 0 42 44
0.5 60 49 44
0.5 60 58 52
0 19 64 0
0 50 64 127
0.5 291 58 0
0.5 0 49 0
0.5 0 42 0
0.5 0 48 40
0.5 60 54 40
0.5 60 63 47
0 10 64 0
0 36 64 127
0.5 314 63 0
0.5 0 54 0
0.5 0 48 0
0.5 120 58 40
0.5 0 53 40
0.5 0 49 40
0.5 0 61 47
0 11 64 0
0.5 469 61 0
0.5 0 58 0
0.5 0 53 0
0.5 0 49 0
0.5 0 51 40
0.5 0 54 40
0.5 0 58 40
0.5 0 60 47
0.5 480 60 0
0.5 0 51 0
0.5 0 54 0
0.5 0 58 0
0.5 480 54 53
0.5 120 54 0
0.5 0 53 51
0.5 120 53 0
0.5 0 52 48
0.5 120 52 0
0.5 0 51 46
0.5 120 51 0
0.5 0 53 54
0.5 120 53 0
0.5 0 52 52
0.5 120 52 0
0.5 0 51 49
0.5 120 51 0
0.5 0 50 47
0.5 120 50 0
0.5 0 52 52
0.5 120 52 0
0.5 0 51 49
0.5 120 51 0
0.5 0 50 47
0.5 120 50 0
0.5 0 49 45
0.5 120 49 0
0.5 0 51 50
0.5 120 51 0
0.5 0 50 48
0.5 120 50 0
0.5 0 49 46
0.5 120 49 0
0.5 0 48 43
0.5 120 48 0
0.5 0 51 49
0.5 120 51 0
0.5 0 49 46
0.5 120 49 0
0.5 0 48 44
0.5 120 48 0
0.5 0 46 41
0.5 120 46 0
0.5 0 39 39
0.5 240 39 0
0.5 0 54 28
0.5 0 45 23
0.5 120 45 0
0.5 0 54 0
0.5 360 39 42
0.5 240 39 0
0.5 0 37 54
0.5 240 37 0
0.5 0 53 32
0.5 0 46 21
0.5 120 46 0
0.5 0 53 0
0.5 360 37 34
0.5 240 37 0
0.5 0 39 41
0.5 240 39 0
0.5 0 54 29
0.5 0 45 25
0.5 120 45 0
0.5 0 54 0
0.5 360 39 42
0.5 240 39 0
0.5 0 37 56
0.5 240 37 0
0.5 0 53 33
0.5 0 46 28
0.5 120 46 0
0.5 0 53 0
0.5 360 37 36
0.5 240 37 0
0.5 0 39 39
0.5 240 39 0
0.5 0 54 29
0.5 0 46 25
0.5 120 46 0
0.5 0 54 0
0.5 360 39 41
0.5 240 39 0
0.5 0 41 49
0.5 240 41 0
0.5 0 58 30
0.5 0 49 26
0.5 120 49 0
0.5 0 58 0
0.5 360 29 38
0.5 240 29 0
0.5 0 41 39
0.5 240 41 0
0.5 0 57 29
0.5 0 51 25
0.5 120 51 0
0.5 0 57 0
0.5 360 41 40
0.5 240 41 0
0.5 0 46 57
0.5 240 46 0
0.5 0 61 33
0.5 0 53 28
0.5 120 53 0
0.5 0 61 0
0.5 360 37 36
0.5 240 37 0
0.5 0 39 43
0.5 240 39 0
0.5 0 54 28
0.5 0 45 23
0.5 120 45 0
0.5 0 54 0
0.5 360 39 42
0.5 240 39 0
0.5 0 37 56
0.5 240 37 0
0.5 0 53 32
0.5 0 46 21
0.5 120 46 0
0.5 0 53 0
0.5 360 37 34
0.5 240 37 0
0.5 0 39 48
0.5 240 39 0
0.5 0 54 35
0.5 0 45 30
0.5 120 45 0
0.5 0 54 0
0.5 360 39 43
0.5 240 39 0
0.5 0 37 63
0.5 240 37 0
0.5 0 53 39
0.5 0 46 33
0.5 120 46 0
0.5 0 53 0
0.5 360 37 43
0.5 240 37 0
0.5 0 39 48
0.5 0 47 48
0.5 0 54 57
0 40 64 127
0.5 440 54 0
0.5 0 47 0
0.5 0 39 0
0 9 64 0
0 77 64 127
0.5 394 51 52
0.5 0 54 52
0.5 0 59 52
0.5 0 66 61
0 14 64 0
0 49 64 127
0.5 417 66 0
0.5 0 51 0
0.5 0 54 0
0.5 0 59 0
0.5 0 49 46
0.5 0 54 46
0.5 0 58 46
0.5 0 64 55
0 10 64 0
0 70 64 127
0.5 400 64 0
0.5 0 49 0
0.5 0 54 0
0.5 0 58 0
0.5 0 63 65
0.5 0 47 55
0.5 0 54 55
0 9 64 0
0 88 64 127
0.5 383 54 0
0.5 0 47 0
0.5 480 63 0
0 489 64 0
0.5 471 28 52
0.5 120 29 52
0.5 20 28 0
0.5 100 34 52
0.5 20 29 0
0.5 100 33 53
0.5 20 34 0
0.5 100 30 53
0.5 20 33 0
0.5 100 29 53
0.5 20 30 0
0.5 100 37 54
0.5 20 29 0
0.5 100 36 54
0.5 20 37 0
0.5 100 34 54
0.5 20 36 0
0.5 100 33 55
0.5 20 34 0
0.5 100 42 55
0.5 20 33 0
0.5 100 41 56
0.5 20 42 0
0.5 100 37 56
0.5 20 41 0
0.5 100 36 56
0.5 20 37 0
0.5 100 46 56
0.5 20 36 0
0.5 100 45 56
0.5 20 46 0
0.5 100 42 56
0.5 20 45 0
0.5 100 41 57
0.5 20 42 0
0.5 100 49 57
0.5 20 41 0
0.5 100 48 57
0.5 20 49 0
0.5 100 46 58
0.5 20 48 0
0.5 100 45 58
0.5 20 46 0
0.5 100 54 58
0.5 20 45 0
0.5 100 53 59
0.5 20 54 0
0.5 100 49 59
0.5 20 53 0
0.5 100 48 60
0.5 20 49 0
0.5 100 58 60
0.5 20 48 0
0.5 100 57 60
0.5 20 58 0
0.5 100 54 60
0.5 20 57 0
0.5 100 53 60
0.5 20 54 0
0.5 100 61 60
0.5 20 53 0
0.5 100 60 61
0.5 20 61 0
0.5 100 60 0
0.5 0 58 61
0.5 120 57 61
0.5 20 58 0
0.5 100 66 62
0.5 20 57 0
0.5 100 65 62
0.5 20 66 0
0.5 100 61 63
0.5 20 65 0
0.5 100 60 63
0.5 20 61 0
0.5 100 70 63
0.5 20 60 0
0.5 100 69 64
0.5 20 70 0
0.5 100 66 64
0.5 20 69 0
0.5 100 65 64
0.5 20 66 0
0.5 100 73 64
0.5 20 65 0
0.5 100 72 64
0.5 20 73 0
0.5 100 70 64
0.5 20 72 0
0.5 100 69 65
0.5 20 70 0
0.5 100 78 65
0.5 20 69 0
0.5 100 77 65
0.5 20 78 0
0.5 100 73 66
0.5 20 77 0
0.5 100 72 66
0.5 20 73 0
0.5 100 82 67
0.5 20 72 0
0.5 100 81 67
0.5 20 82 0
0.5 100 78 67
0.5 20 81 0
0.5 100 77 68
0.5 20 78 0
0.5 100 85 68
0.5 20 77 0
0.5 100 84 68
0.5 20 85 0
0.5 100 89 74
0.5 20 84 0
0.5 120 89 0
0.5 340 41 64
0.5 0 53 75
0 29 64 127
0.5 91 53 0
0.5 0 41 0
0 80 64 0
0 160 64 127
0.5 0 34 91
0.5 120 34 0
0.5 0 46 72
0.5 0 53 72
0.5 0 61 86
0.5 480 61 0
0.5 0 53 0
0.5 0 46 0
0 1574 64 0
1 0 0 0
