0 0 7 100
0 0 10 64
0 0 91 127
0.5 1440 59 55
0.5 360 59 0
0.5 0 71 52
0.5 120 71 0
0.5 0 71 62
0.5 1440 71 0
0.5 10 72 58
0.5 480 72 0
0.5 0 71 62
0.5 1440 71 0
0.5 0 72 58
0.5 480 72 0
0.5 0 71 62
0.5 1430 71 0
0.5 0 72 59
0.5 480 72 0
0.5 0 71 64
0.5 1440 71 0
0.5 5 70 58
0.5 480 70 0
0.5 0 69 62
0.5 1440 69 0
0.5 0 71 63
0.5 480 71 0
0.5 0 69 66
0.5 1440 69 0
0.5 0 71 67
0.5 480 71 0
0.5 0 69 67
0.5 1435 71 66
0.5 5 69 0
0.5 355 71 0
0.5 0 69 57
0.5 120 69 0
0.5 10 69 62
0.5 1430 69 0
0.5 0 68 62
0.5 960 68 0
0.5 0 69 65
0.5 240 69 0
0.5 0 71 69
0.5 240 71 0
0.5 0 74 74
0.5 240 74 0
0.5 0 72 65
0.5 240 72 0
0.5 0 64 68
0.5 240 64 0
0.5 0 69 62
0.5 240 69 0
0.5 0 66 62
0.5 1440 66 0
0.5 0 69 57
0.5 480 69 0
0.5 0 66 62
0.5 1380 66 0
0.5 0 71 52
0.5 60 71 0
0.5 0 69 62
0.5 480 69 0
0.5 0 67 62
0.5 240 67 0
0.5 0 66 46
0.5 240 66 0
0.5 0 60 54
0.5 240 60 0
0.5 0 59 42
0.5 240 59 0
0.5 0 63 64
0.5 240 63 0
0.5 0 66 59
0.5 240 66 0
0.5 0 74 65
0.5 160 74 0
0.5 0 72 62
0.5 160 72 0
0.5 0 71 57
0.5 160 71 0
0.5 0 71 62
0.5 1440 71 0
0.5 10 72 68
0.5 480 72 0
0.5 0 71 71
0.5 1435 72 74
0.5 5 71 0
0.5 475 72 0
0.5 0 71 76
0.5 1435 71 0
0.5 0 72 77
0.5 480 72 0
0.5 0 71 84
0.5 360 71 0
0.5 0 70 78
0.5 120 70 0
0.5 0 70 85
0.5 240 70 0
0.5 0 71 70
0.5 60 71 0
0.5 0 70 73
0.5 60 70 0
0.5 0 69 76
0.5 60 69 0
0.5 0 70 79
0.5 60 70 0
0.5 0 79 88
0.5 480 79 0
0.5 0 78 91
0.5 360 78 0
0.5 0 76 77
0.5 120 76 0
0.5 0 76 89
0.5 240 76 0
0.5 0 75 86
0.5 240 75 0
0.5 0 84 92
0.5 240 84 0
0.5 0 75 85
0.5 240 75 0
0.5 0 75 88
0.5 240 75 0
0.5 0 76 82
0.5 240 76 0
0.5 0 79 85
0.5 240 79 0
0.5 0 71 77
0.5 240 71 0
0.5 0 74 80
0.5 240 74 0
0.5 0 72 69
0.5 240 72 0
0.5 0 76 77
0.5 160 76 0
0.5 0 64 67
0.5 160 64 0
0.5 0 69 67
0.5 160 69 0
0.5 0 66 73
0.5 720 66 0
0.5 0 69 69
0.5 240 69 0
0.5 0 66 64
0.5 1380 66 0
0.5 0 71 47
0.5 60 71 0
0.5 0 69 57
0.5 480 69 0
0.5 0 66 57
0.5 1800 66 0
0.5 0 64 52
0.5 120 64 0
0.5 0 64 57
0.5 1440 64 0
0.5 0 66 52
0.5 480 66 0
0.5 0 64 52
0.5 1440 64 0
0.5 0 66 47
0.5 480 66 0
0.5 0 64 47
0.5 960 64 0
0.5 960 52 28
0.5 0 64 33
0.5 0 54 28
0.5 0 59 28
0.5 960 59 0
0.5 0 52 0
0.5 0 64 0
0.5 0 54 0
0.5 0 54 28
0.5 0 59 28
0.5 0 51 28
0.5 0 63 33
0.5 960 63 0
0.5 0 54 0
0.5 0 59 0
0.5 0 51 0
0.5 0 64 33
0.5 0 59 28
0.5 0 52 28
0.5 0 55 28
0.5 1920 55 0
0.5 0 64 0
0.5 0 59 0
0.5 0 52 0
1 0 0 0
0 0 7 100
0 0 10 64
0 0 64 0
0 1920 64 127
0.5 0 55 21
0.5 0 59 25
0.5 0 64 31
0.5 216 64 0
0.5 0 59 0
0.5 0 55 0
0.5 24 55 18
0.5 0 59 22
0.5 0 64 27
0.5 216 64 0
0.5 0 59 0
0.5 0 55 0
0.5 24 55 18
0.5 0 59 22
0.5 0 64 27
0.5 216 64 0
0.5 0 59 0
0.5 0 55 0
0.5 24 55 18
0.5 0 59 22
0.5 0 64 27
0.5 216 64 0
0.5 0 59 0
0.5 0 55 0
0.5 24 55 18
0.5 0 59 22
0.5 0 64 27
0.5 216 64 0
0.5 0 59 0
0.5 0 55 0
0.5 24 55 18
0.5 0 59 22
0.5 0 64 27
0.5 216 64 0
0.5 0 59 0
0.5 0 55 0
0.5 24 55 16
0.5 0 59 19
0.5 0 64 24
0 12 64 0
0 101 64 127
0.5 103 64 0
0.5 0 59 0
0.5 0 55 0
0.5 24 55 16
0.5 0 59 19
0.5 0 64 24
0.5 216 64 0
0.5 0 59 0
0.5 0 55 0
0.5 24 54 21
0.5 0 64 31
0.5 0 57 25
0 9 64 0
0 82 64 127
0.5 125 57 0
0.5 0 64 0
0.5 0 54 0
0.5 24 54 18
0.5 0 57 22
0.5 0 64 27
0.5 216 64 0
0.5 0 57 0
0.5 0 54 0
0.5 24 54 18
0.5 0 64 27
0.5 0 57 22
0.5 216 57 0
0.5 0 64 0
0.5 0 54 0
0.5 24 57 22
0.5 0 54 18
0.5 0 64 27
0.5 216 64 0
0.5 0 54 0
0.5 0 57 0
0.5 24 57 22
0.5 0 54 18
0.5 0 63 27
0 17 64 0
0 86 64 127
0.5 113 63 0
0.5 0 54 0
0.5 0 57 0
0.5 24 63 27
0.5 0 57 22
0.5 0 54 18
0.5 216 54 0
0.5 0 57 0
0.5 0 63 0
0.5 24 54 16
0.5 0 57 19
0.5 0 63 24
0 16 64 0
0 110 64 127
0.5 90 63 0
0.5 0 57 0
0.5 0 54 0
0.5 24 54 16
0.5 0 57 19
0.5 0 63 24
0.5 216 63 0
0.5 0 57 0
0.5 0 54 0
0.5 24 53 21
0.5 0 57 25
0.5 0 63 31
0 10 64 0
0 114 64 127
0.5 92 63 0
0.5 0 57 0
0.5 0 53 0
0.5 24 53 18
0.5 0 63 27
0.5 0 57 22
0.5 216 57 0
0.5 0 63 0
0.5 0 53 0
0.5 24 63 27
0.5 0 57 22
0.5 0 53 18
0.5 216 53 0
0.5 0 57 0
0.5 0 63 0
0.5 24 53 18
0.5 0 57 22
0.5 0 63 27
0.5 216 63 0
0.5 0 57 0
0.5 0 53 0
0.5 24 57 22
0.5 0 62 27
0.5 0 53 18
0 13 64 0
0 95 64 127
0.5 108 53 0
0.5 0 62 0
0.5 0 57 0
0.5 24 53 18
0.5 0 62 27
0.5 0 57 22
0.5 216 57 0
0.5 0 62 0
0.5 0 53 0
0.5 24 53 16
0.5 0 62 24
0.5 0 56 19
0 13 64 0
0 78 64 127
0.5 125 56 0
0.5 0 62 0
0.5 0 53 0
0.5 24 53 16
0.5 0 56 19
0.5 0 62 24
0.5 216 62 0
0.5 0 56 0
0.5 0 53 0
0.5 24 52 21
0.5 0 56 25
0.5 0 62 31
0 9 64 0
0 71 64 127
0.5 136 62 0
0.5 0 56 0
0.5 0 52 0
0.5 24 56 22
0.5 0 62 27
0.5 0 52 18
0.5 216 52 0
0.5 0 62 0
0.5 0 56 0
0.5 24 56 22
0.5 0 62 27
0.5 0 52 18
0.5 216 52 0
0.5 0 62 0
0.5 0 56 0
0.5 24 62 27
0.5 0 56 22
0.5 0 52 18
0.5 216 52 0
0.5 0 56 0
0.5 0 62 0
0.5 24 62 27
0.5 0 55 22
0.5 0 52 18
0 11 64 0
0 80 64 127
0.5 125 52 0
0.5 0 55 0
0.5 0 62 0
0.5 24 52 18
0.5 0 55 22
0.5 0 62 27
0.5 216 62 0
0.5 0 55 0
0.5 0 52 0
0.5 24 61 24
0.5 0 52 16
0.5 0 55 19
0 14 64 0
0 89 64 127
0.5 113 55 0
0.5 0 52 0
0.5 0 61 0
0.5 24 52 16
0.5 0 55 19
0.5 0 61 24
0.5 216 61 0
0.5 0 55 0
0.5 0 52 0
0.5 24 52 21
0.5 0 60 31
0.5 0 55 25
0 8 64 0
0 93 64 127
0.5 115 55 0
0.5 0 60 0
0.5 0 52 0
0.5 24 55 22
0.5 0 52 18
0.5 0 60 27
0.5 216 60 0
0.5 0 52 0
0.5 0 55 0
0.5 24 55 23
0.5 0 52 18
0.5 0 60 28
0.5 216 60 0
0.5 0 52 0
0.5 0 55 0
0.5 24 55 23
0.5 0 60 28
0.5 0 52 19
0.5 216 52 0
0.5 0 60 0
0.5 0 55 0
0.5 24 60 31
0.5 0 52 20
0.5 0 54 26
0 13 64 0
0 101 64 127
0.5 102 54 0
0.5 0 52 0
0.5 0 60 0
0.5 24 60 34
0.5 0 52 22
0.5 0 54 26
0.5 216 54 0
0.5 0 52 0
0.5 0 60 0
0.5 24 54 23
0.5 0 52 19
0.5 0 60 31
0 15 64 0
0 99 64 127
0.5 102 60 0
0.5 0 52 0
0.5 0 54 0
0.5 24 52 19
0.5 0 54 25
0.5 0 60 32
0.5 216 60 0
0.5 0 54 0
0.5 0 52 0
0.5 24 54 34
0.5 0 60 39
0.5 0 52 27
0 10 64 0
0 104 64 127
0.5 102 52 0
0.5 0 60 0
0.5 0 54 0
0.5 24 54 27
0.5 0 60 35
0.5 0 52 23
0.5 216 52 0
0.5 0 60 0
0.5 0 54 0
0.5 24 54 27
0.5 0 60 35
0.5 0 52 22
0.5 216 52 0
0.5 0 60 0
0.5 0 54 0
0.5 24 52 22
0.5 0 60 34
0.5 0 54 26
0.5 216 54 0
0.5 0 60 0
0.5 0 52 0
0.5 24 51 26
0.5 0 60 32
0.5 0 54 26
0 16 64 0
0 110 64 127
0.5 90 54 0
0.5 0 60 0
0.5 0 51 0
0.5 24 51 25
0.5 0 54 25
0.5 0 60 32
0.5 216 60 0
0.5 0 54 0
0.5 0 51 0
0.5 24 51 20
0.5 0 54 20
0.5 0 60 27
0 13 64 0
0 124 64 127
0.5 79 60 0
0.5 0 54 0
0.5 0 51 0
0.5 24 54 20
0.5 0 60 26
0.5 0 51 20
0.5 216 51 0
0.5 0 60 0
0.5 0 54 0
0.5 24 54 29
0.5 0 50 25
0.5 0 60 37
0 10 64 0
0 89 64 127
0.5 117 60 0
0.5 0 50 0
0.5 0 54 0
0.5 24 50 20
0.5 0 54 26
0.5 0 60 32
0.5 216 60 0
0.5 0 54 0
0.5 0 50 0
0.5 24 54 26
0.5 0 60 32
0.5 0 50 20
0.5 216 50 0
0.5 0 60 0
0.5 0 54 0
0.5 24 60 32
0.5 0 50 20
0.5 0 54 26
0.5 216 54 0
0.5 0 50 0
0.5 0 60 0
0.5 24 60 32
0.5 0 50 20
0.5 0 54 26
0.5 216 54 0
0.5 0 50 0
0.5 0 60 0
0.5 24 50 20
0.5 0 54 26
0.5 0 60 32
0.5 216 60 0
0.5 0 54 0
0.5 0 50 0
0.5 24 50 17
0.5 0 60 26
0.5 0 54 20
0.5 216 54 0
0.5 0 60 0
0.5 0 50 0
0.5 24 54 20
0.5 0 50 17
0.5 0 60 26
0.5 216 60 0
0.5 0 50 0
0.5 0 54 0
0.5 24 53 25
0.5 0 50 21
0.5 0 60 31
0 11 64 0
0 92 64 127
0.5 113 60 0
0.5 0 50 0
0.5 0 53 0
0.5 24 60 27
0.5 0 53 22
0.5 0 50 18
0.5 216 50 0
0.5 0 53 0
0.5 0 60 0
0.5 24 50 18
0.5 0 53 22
0.5 0 60 27
0.5 216 60 0
0.5 0 53 0
0.5 0 50 0
0.5 24 50 18
0.5 0 60 27
0.5 0 53 22
0.5 216 53 0
0.5 0 60 0
0.5 0 50 0
0.5 24 50 18
0.5 0 53 22
0.5 0 59 27
0 11 64 0
0 92 64 127
0.5 113 59 0
0.5 0 53 0
0.5 0 50 0
0.5 24 50 18
0.5 0 53 22
0.5 0 59 27
0.5 216 59 0
0.5 0 53 0
0.5 0 50 0
0.5 24 53 19
0.5 0 59 24
0.5 0 50 16
0 11 64 0
0 104 64 127
0.5 101 50 0
0.5 0 59 0
0.5 0 53 0
0.5 24 53 19
0.5 0 59 24
0.5 0 50 16
0.5 216 50 0
0.5 0 59 0
0.5 0 53 0
0.5 24 52 29
0.5 0 59 29
0.5 0 48 24
0 11 64 0
0 130 64 127
0.5 75 48 0
0.5 0 59 0
0.5 0 52 0
0.5 24 48 23
0.5 0 59 28
0.5 0 52 28
0.5 216 52 0
0.5 0 59 0
0.5 0 48 0
0.5 24 48 26
0.5 0 57 32
0.5 0 52 32
0 14 64 0
0 127 64 127
0.5 75 52 0
0.5 0 57 0
0.5 0 48 0
0.5 24 57 35
0.5 0 48 27
0.5 0 52 35
0.5 216 52 0
0.5 0 48 0
0.5 0 57 0
0.5 24 48 27
0.5 0 52 35
0.5 0 57 35
0 9 64 0
0 132 64 127
0.5 75 57 0
0.5 0 52 0
0.5 0 48 0
0.5 24 48 26
0.5 0 57 32
0.5 0 52 32
0.5 216 52 0
0.5 0 57 0
0.5 0 48 0
0.5 24 52 26
0.5 0 48 20
0.5 0 57 26
0 14 64 0
0 184 64 127
0.5 18 57 0
0.5 0 48 0
0.5 0 52 0
0.5 24 52 25
0.5 0 48 20
0.5 0 57 25
0.5 216 57 0
0.5 0 48 0
0.5 0 52 0
0.5 24 52 29
0.5 0 57 29
0.5 0 47 24
0 13 64 0
0 78 64 127
0.5 125 47 0
0.5 0 57 0
0.5 0 52 0
0.5 24 57 27
0.5 0 47 22
0.5 0 52 27
0.5 216 52 0
0.5 0 47 0
0.5 0 57 0
0.5 24 57 27
0.5 0 47 22
0.5 0 51 27
0 11 64 0
0 80 64 127
0.5 125 51 0
0.5 0 47 0
0.5 0 57 0
0.5 24 47 22
0.5 0 51 27
0.5 0 57 27
0.5 216 57 0
0.5 0 51 0
0.5 0 47 0
0.5 24 48 22
0.5 0 57 27
0.5 0 52 27
0 17 64 0
0 109 64 127
0.5 90 52 0
0.5 0 57 0
0.5 0 48 0
0.5 24 48 22
0.5 0 52 27
0.5 0 57 27
0.5 216 57 0
0.5 0 52 0
0.5 0 48 0
0.5 24 48 19
0.5 0 52 23
0.5 0 57 23
0.5 216 57 0
0.5 0 52 0
0.5 0 48 0
0.5 24 48 19
0.5 0 52 23
0.5 0 57 23
0.5 216 57 0
0.5 0 52 0
0.5 0 48 0
0.5 24 47 24
0.5 0 51 29
0.5 0 57 29
0 14 64 0
0 42 64 127
0.5 160 57 0
0.5 0 51 0
0.5 0 47 0
0.5 24 47 22
0.5 0 51 27
0.5 0 57 27
0.5 216 57 0
0.5 0 51 0
0.5 0 47 0
0.5 24 47 22
0.5 0 51 27
0.5 0 57 27
0.5 216 57 0
0.5 0 51 0
0.5 0 47 0
0.5 24 47 22
0.5 0 51 27
0.5 0 57 27
0.5 216 57 0
0.5 0 51 0
0.5 0 47 0
0.5 24 48 22
0.5 0 52 27
0.5 0 57 27
0 14 64 0
0 96 64 127
0.5 106 57 0
0.5 0 52 0
0.5 0 48 0
0.5 24 48 22
0.5 0 52 27
0.5 0 57 27
0.5 216 57 0
0.5 0 52 0
0.5 0 48 0
0.5 24 48 19
0.5 0 52 23
0.5 0 57 23
0.5 216 57 0
0.5 0 52 0
0.5 0 48 0
0.5 24 48 19
0.5 0 52 23
0.5 0 57 23
0.5 216 57 0
0.5 0 52 0
0.5 0 48 0
0.5 24 47 24
0.5 0 51 29
0.5 0 57 29
0 10 64 0
0.5 470 57 0
0.5 0 51 0
0.5 0 47 0
0 1440 64 127
0.5 0 55 21
0.5 0 59 25
0.5 0 64 31
0.5 216 64 0
0.5 0 59 0
0.5 0 55 0
0.5 24 55 18
0.5 0 59 22
0.5 0 64 27
0.5 216 64 0
0.5 0 59 0
0.5 0 55 0
0.5 24 55 18
0.5 0 59 22
0.5 0 64 29
0.5 216 64 0
0.5 0 59 0
0.5 0 55 0
0.5 24 55 19
0.5 0 59 24
0.5 0 64 29
0.5 216 64 0
0.5 0 59 0
0.5 0 55 0
0.5 24 55 19
0.5 0 59 25
0.5 0 64 31
0.5 216 64 0
0.5 0 59 0
0.5 0 55 0
0.5 24 55 20
0.5 0 59 26
0.5 0 64 32
0.5 216 64 0
0.5 0 59 0
0.5 0 55 0
0.5 24 55 20
0.5 0 59 24
0.5 0 64 32
0 11 64 0
0 130 64 127
0.5 75 64 0
0.5 0 59 0
0.5 0 55 0
0.5 24 55 20
0.5 0 59 26
0.5 0 64 33
0.5 216 64 0
0.5 0 59 0
0.5 0 55 0
0.5 24 54 23
0.5 0 64 35
0.5 0 57 28
0 10 64 0
0 81 64 127
0.5 125 57 0
0.5 0 64 0
0.5 0 54 0
0.5 24 54 20
0.5 0 57 25
0.5 0 64 32
0.5 216 64 0
0.5 0 57 0
0.5 0 54 0
0.5 24 54 21
0.5 0 64 33
0.5 0 57 26
0.5 216 57 0
0.5 0 64 0
0.5 0 54 0
0.5 24 57 27
0.5 0 54 22
0.5 0 64 35
0.5 216 64 0
0.5 0 54 0
0.5 0 57 0
0.5 24 57 28
0.5 0 53 22
0.5 0 63 35
0 17 64 0
0 86 64 127
0.5 113 63 0
0.5 0 53 0
0.5 0 57 0
0.5 24 63 38
0.5 0 57 29
0.5 0 53 24
0.5 216 53 0
0.5 0 57 0
0.5 0 63 0
0.5 24 53 24
0.5 0 57 27
0.5 0 63 38
0 16 64 0
0 110 64 127
0.5 90 63 0
0.5 0 57 0
0.5 0 53 0
0.5 24 53 25
0.5 0 57 30
0.5 0 63 38
0.5 216 63 0
0.5 0 57 0
0.5 0 53 0
0.5 24 53 30
0.5 0 56 37
0.5 0 63 45
0 8 64 0
0 107 64 127
0.5 101 63 0
0.5 0 56 0
0.5 0 53 0
0.5 24 53 26
0.5 0 63 40
0.5 0 56 33
0.5 216 56 0
0.5 0 63 0
0.5 0 53 0
0.5 24 62 41
0.5 0 56 34
0.5 0 53 27
0 15 64 0
0 134 64 127
0.5 67 53 0
0.5 0 56 0
0.5 0 62 0
0.5 24 53 27
0.5 0 56 36
0.5 0 62 41
0.5 216 62 0
0.5 0 56 0
0.5 0 53 0
0.5 24 56 36
0.5 0 62 44
0.5 0 52 29
0 15 64 0
0 88 64 127
0.5 113 52 0
0.5 0 62 0
0.5 0 56 0
0.5 24 52 29
0.5 0 62 45
0.5 0 56 37
0.5 216 56 0
0.5 0 62 0
0.5 0 52 0
0.5 24 52 27
0.5 0 62 40
0.5 0 56 31
0 16 64 0
0 144 64 127
0.5 56 56 0
0.5 0 62 0
0.5 0 52 0
0.5 24 52 27
0.5 0 56 31
0.5 0 62 41
0.5 216 62 0
0.5 0 56 0
0.5 0 52 0
0.5 24 52 42
0.5 0 55 42
0.5 0 62 50
0 9 64 0
0 42 64 127
0.5 165 62 0
0.5 0 55 0
0.5 0 52 0
0.5 24 52 36
0.5 0 55 36
0.5 0 62 42
0.5 216 62 0
0.5 0 55 0
0.5 0 52 0
0.5 24 52 38
0.5 0 55 38
0.5 0 61 45
0 10 64 0
0 62 64 127
0.5 144 61 0
0.5 0 55 0
0.5 0 52 0
0.5 24 52 46
0.5 0 55 46
0.5 0 61 55
0.5 216 61 0
0.5 0 55 0
0.5 0 52 0
0.5 24 49 46
0.5 0 52 46
0.5 0 58 56
0 8 64 0
0 64 64 127
0.5 144 58 0
0.5 0 52 0
0.5 0 49 0
0.5 24 49 43
0.5 0 52 43
0.5 0 58 52
0.5 216 58 0
0.5 0 52 0
0.5 0 49 0
0.5 24 48 43
0.5 0 52 43
0.5 0 57 52
0 14 64 0
0 43 64 127
0.5 159 57 0
0.5 0 52 0
0.5 0 48 0
0.5 24 48 45
0.5 0 52 45
0.5 0 57 54
0.5 216 57 0
0.5 0 52 0
0.5 0 48 0
0.5 24 35 57
0.5 0 47 69
0 11 64 0
0 138 64 127
0.5 67 47 0
0.5 0 35 0
0.5 24 69 54
0.5 0 66 54
0.5 0 60 45
0.5 0 57 45
0.5 216 57 0
0.5 0 69 0
0.5 0 66 0
0.5 0 60 0
0.5 24 57 45
0.5 0 60 45
0.5 0 66 54
0.5 0 69 54
0.5 216 69 0
0.5 0 57 0
0.5 0 60 0
0.5 0 66 0
0.5 24 57 45
0.5 0 60 45
0.5 0 66 54
0.5 0 69 54
0.5 216 69 0
0.5 0 57 0
0.5 0 60 0
0.5 0 66 0
0.5 24 66 57
0.5 0 63 57
0.5 0 59 47
0.5 0 55 47
0 9 64 0
0 82 64 127
0.5 125 55 0
0.5 0 66 0
0.5 0 63 0
0.5 0 59 0
0.5 24 64 49
0.5 0 59 41
0.5 0 55 41
0 14 64 0
0 77 64 127
0.5 125 55 0
0.5 0 59 0
0.5 0 64 0
0.5 24 55 41
0.5 0 59 41
0.5 0 64 49
0 11 64 0
0 92 64 127
0.5 113 64 0
0.5 0 59 0
0.5 0 55 0
0.5 24 55 41
0.5 0 59 41
0.5 0 64 49
0.5 216 64 0
0.5 0 59 0
0.5 0 55 0
0.5 24 64 53
0.5 0 60 44
0.5 0 57 44
0 9 64 0
0 83 64 127
0.5 124 57 0
0.5 0 60 0
0.5 0 64 0
0.5 24 57 38
0.5 0 60 38
0.5 0 64 46
0.5 216 64 0
0.5 0 60 0
0.5 0 57 0
0.5 24 45 44
0 14 64 0
0 113 64 127
0.5 89 45 0
0.5 24 60 44
0.5 0 54 37
0.5 0 52 37
0.5 216 52 0
0.5 0 54 0
0.5 0 60 0
0.5 24 47 38
0.5 0 52 38
0.5 0 59 46
0 14 64 0
0 78 64 127
0.5 124 59 0
0.5 0 52 0
0.5 0 47 0
0.5 24 47 33
0.5 0 52 33
0.5 0 59 38
0.5 216 59 0
0.5 0 52 0
0.5 0 47 0
0.5 24 48 33
0.5 0 52 33
0.5 0 57 38
0 15 64 0
0 70 64 127
0.5 131 57 0
0.5 0 52 0
0.5 0 48 0
0.5 24 48 29
0.5 0 52 29
0.5 0 57 36
0.5 216 57 0
0.5 0 52 0
0.5 0 48 0
0.5 24 47 24
0.5 0 52 29
0.5 0 59 29
0 10 64 0
0 46 64 127
0.5 160 59 0
0.5 0 52 0
0.5 0 47 0
0.5 24 47 22
0.5 0 52 27
0.5 0 59 27
0.5 216 59 0
0.5 0 52 0
0.5 0 47 0
0.5 24 47 22
0.5 0 59 27
0.5 4 52 27
0.5 212 59 0
0.5 0 47 0
0.5 4 52 0
0.5 20 47 22
0.5 0 52 27
0.5 0 59 27
0.5 216 59 0
0.5 0 52 0
0.5 0 47 0
0.5 24 48 22
0.5 0 52 27
0.5 0 57 27
0 15 64 0
0 84 64 127
0.5 117 57 0
0.5 0 52 0
0.5 0 48 0
0.5 24 48 22
0.5 0 52 27
0.5 0 57 27
0.5 216 57 0
0.5 0 52 0
0.5 0 48 0
0.5 24 48 19
0.5 0 52 23
0.5 0 57 23
0.5 216 57 0
0.5 0 52 0
0.5 0 48 0
0.5 24 48 19
0.5 0 52 23
0.5 0 57 23
0.5 216 57 0
0.5 0 52 0
0.5 0 48 0
0.5 24 47 24
0.5 0 52 29
0.5 0 59 29
0 13 64 0
0 121 64 127
0.5 82 59 0
0.5 0 52 0
0.5 0 47 0
0.5 24 47 22
0.5 0 52 27
0.5 0 59 27
0.5 216 59 0
0.5 0 52 0
0.5 0 47 0
0.5 24 47 22
0.5 0 59 27
0.5 4 52 27
0.5 212 59 0
0.5 0 47 0
0.5 4 52 0
0.5 20 47 22
0.5 0 52 27
0.5 0 59 27
0.5 216 59 0
0.5 0 52 0
0.5 0 47 0
0.5 24 47 22
0.5 0 51 27
0.5 0 59 27
0 14 64 0
0 92 64 127
0.5 110 59 0
0.5 0 51 0
0.5 0 47 0
0.5 24 47 22
0.5 0 51 27
0.5 0 59 27
0.5 216 59 0
0.5 0 51 0
0.5 0 47 0
0.5 24 47 19
0.5 0 51 23
0.5 0 57 23
0.5 216 57 0
0.5 0 51 0
0.5 0 47 0
0.5 24 47 19
0.5 0 51 23
0.5 0 57 23
0.5 216 57 0
0.5 0 51 0
0.5 0 47 0
0.5 24 48 32
0.5 0 55 32
0 15 64 0
0 100 64 127
0.5 101 55 0
0.5 0 48 0
0.5 24 48 29
0.5 0 55 29
0.5 216 55 0
0.5 0 48 0
0.5 24 48 29
0.5 0 55 29
0.5 216 55 0
0.5 0 48 0
0.5 24 48 28
0.5 0 55 28
0.5 216 55 0
0.5 0 48 0
0.5 24 48 28
0.5 0 58 28
0 12 64 0
0 148 64 127
0.5 56 58 0
0.5 0 48 0
0.5 24 48 28
0.5 0 58 28
0.5 216 58 0
0.5 0 48 0
0.5 24 48 19
0.5 0 52 23
0.5 0 57 23
0 14 64 0
0 101 64 127
0.5 101 57 0
0.5 0 52 0
0.5 0 48 0
0.5 24 48 19
0.5 0 52 23
0.5 0 57 23
0.5 216 57 0
0.5 0 52 0
0.5 0 48 0
0.5 24 47 24
0.5 0 52 29
0.5 0 57 29
0 9 64 0
0 128 64 127
0.5 79 57 0
0.5 0 52 0
0.5 0 47 0
0.5 24 47 22
0.5 0 52 27
0.5 0 57 27
0.5 216 57 0
0.5 0 52 0
0.5 0 47 0
0.5 24 47 22
0.5 0 56 27
0.5 4 52 27
0 4 64 0
0 107 64 127
0.5 101 56 0
0.5 0 47 0
0.5 4 52 0
0.5 20 47 22
0.5 0 52 27
0.5 0 56 27
0.5 216 56 0
0.5 0 52 0
0.5 0 47 0
0.5 24 47 22
0.5 0 52 27
0.5 0 55 27
0 16 64 0
0 133 64 127
0.5 67 55 0
0.5 0 52 0
0.5 0 47 0
0.5 24 47 22
0.5 0 52 27
0.5 0 55 27
0.5 216 55 0
0.5 0 52 0
0.5 0 47 0
0.5 24 47 19
0.5 0 52 23
0.5 0 55 23
0 10 64 0
0 139 64 127
0.5 67 55 0
0.5 0 52 0
0.5 0 47 0
0.5 24 47 19
0.5 0 52 23
0.5 0 55 23
0.5 216 55 0
0.5 0 52 0
0.5 0 47 0
0.5 24 46 24
0.5 0 48 29
0.5 0 55 29
0 8 64 0
0 433 64 127
0.5 519 55 0
0.5 0 48 0
0.5 0 46 0
0 2 64 0
0.5 958 35 19
0.5 0 47 23
0 294 64 127
0.5 666 47 0
0.5 0 35 0
0.5 0 35 19
0.5 0 42 23
0.5 0 47 23
0 13 64 0
0 360 64 127
0.5 587 47 0
0.5 0 42 0
0.5 0 35 0
0.5 0 28 19
0.5 0 40 23
0 9 64 0
0 365 64 127
0.5 1546 40 0
0.5 0 28 0
0 1253 64 0
0 0 0 7
0 0 10 64
0 0 7 127
0 0 10 64
