0 0 7 100
0 0 10 64
0 0 91 127
0.5 3840 76 52
0.5 960 76 0
0.5 0 77 51
0.5 480 77 0
0.5 0 77 54
0.5 480 77 0
0.5 0 77 56
0.5 960 77 0
0.5 0 78 55
0.5 1440 78 0
0.5 0 76 55
0.5 360 76 0
0.5 0 74 51
0.5 120 74 0
0.5 0 73 51
0.5 480 73 0
0.5 0 72 51
0.5 480 72 0
0.5 0 73 53
0.5 480 73 0
0.5 0 80 56
0.5 960 80 0
0.5 0 80 54
0.5 160 80 0
0.5 0 78 51
0.5 240 78 0
0.5 0 76 49
0.5 80 76 0
0.5 0 76 53
0.5 960 76 0
0.5 0 76 52
0.5 480 76 0
0.5 0 76 56
0.5 480 76 0
0.5 0 77 63
0.5 960 77 0
0.5 0 78 63
0.5 1440 78 0
0.5 0 76 48
0.5 360 76 0
0.5 0 74 45
0.5 120 74 0
0.5 0 73 43
0.5 480 73 0
0.5 0 72 42
0.5 480 72 0
0.5 1920 73 57
0.5 0 85 57
0.5 480 85 0
0.5 0 73 0
0.5 0 80 60
0.5 480 80 0
0.5 0 78 59
0.5 160 78 0
0.5 0 80 52
0.5 160 80 0
0.5 0 78 52
0.5 160 78 0
0.5 0 76 56
0.5 360 76 0
0.5 0 75 54
0.5 120 75 0
0.5 0 73 62
0.5 960 73 0
0.5 0 75 57
0.5 960 75 0
0.5 0 76 62
0.5 360 76 0
0.5 0 78 63
0.5 120 78 0
0.5 0 80 65
0.5 480 80 0
0.5 0 78 58
0.5 480 78 0
0.5 0 74 56
0.5 480 74 0
0.5 0 73 59
0.5 960 73 0
0.5 0 68 51
0.5 480 68 0
0.5 0 80 59
0.5 480 80 0
0.5 0 85 60
0.5 480 85 0
0.5 0 80 59
0.5 480 80 0
0.5 0 78 58
0.5 160 78 0
0.5 0 80 52
0.5 160 80 0
0.5 0 78 52
0.5 160 78 0
0.5 0 76 56
0.5 360 76 0
0.5 0 75 54
0.5 120 75 0
0.5 0 73 62
0.5 960 73 0
0.5 0 75 57
0.5 960 75 0
0.5 0 76 62
0.5 360 76 0
0.5 0 78 63
0.5 120 78 0
0.5 0 80 65
0.5 480 80 0
0.5 0 78 58
0.5 480 78 0
0.5 0 74 56
0.5 480 74 0
0.5 0 73 62
0.5 1920 73 0
0.5 0 76 54
0.5 960 76 0
0.5 0 76 51
0.5 480 76 0
0.5 0 76 54
0.5 480 76 0
0.5 0 71 48
0.5 0 77 56
0.5 480 71 0
0.5 0 73 53
0.5 360 73 0
0.5 0 71 49
0.5 120 71 0
0.5 0 77 0
0.5 0 71 50
0.5 0 78 55
0.5 480 71 0
0.5 0 69 51
0.5 360 69 0
0.5 0 68 48
0.5 120 68 0
0.5 0 66 50
0.5 480 78 0
0.5 0 76 56
0.5 360 76 0
0.5 0 74 55
0.5 120 74 0
0.5 0 73 54
0.5 480 73 0
0.5 0 72 51
0.5 480 72 0
0.5 0 66 0
0.5 0 64 45
0.5 0 73 54
0.5 480 73 0
0.5 0 64 0
0.5 0 80 60
0.5 480 69 41
0.5 80 69 0
0.5 16 71 39
0.5 80 71 0
0.5 16 69 39
0.5 80 69 0
0.5 16 68 41
0.5 80 68 0
0.5 16 69 39
0.5 80 69 0
0.5 16 80 0
0.5 0 78 54
0.5 0 71 42
0.5 360 71 0
0.5 0 66 40
0.5 120 66 0
0.5 0 78 0
0.5 0 68 46
0.5 0 76 54
0.5 960 76 0
0.5 0 76 54
0.5 480 76 0
0.5 0 76 58
0.5 480 76 0
0.5 0 68 0
0.5 0 71 55
0.5 0 77 62
0.5 480 71 0
0.5 0 73 56
0.5 360 73 0
0.5 0 71 51
0.5 120 71 0
0.5 0 77 0
0.5 0 71 54
0.5 0 78 60
0.5 480 71 0
0.5 0 69 57
0.5 360 69 0
0.5 0 68 52
0.5 120 68 0
0.5 0 66 53
0.5 480 78 0
0.5 0 76 56
0.5 360 76 0
0.5 0 74 55
0.5 120 74 0
0.5 0 73 54
0.5 480 73 0
0.5 0 72 52
0.5 480 66 0
0.5 0 66 41
0.5 480 66 0
0.5 0 64 45
0.5 360 64 0
0.5 0 62 34
0.5 120 62 0
0.5 0 72 0
0.5 0 61 40
0.5 480 61 0
0.5 0 60 36
0.5 480 60 0
0.5 3840 56 32
0.5 0 63 32
0.5 0 66 32
0.5 0 68 38
0.5 720 68 0
0.5 0 56 0
0.5 0 56 33
0.5 0 68 38
0.5 240 68 0
0.5 0 56 0
0.5 0 56 34
0.5 0 68 41
0.5 480 68 0
0.5 0 63 0
0.5 0 66 0
0.5 0 56 0
0.5 0 56 34
0.5 0 61 41
0.5 0 68 41
0.5 720 61 0
0.5 0 64 38
0.5 240 64 0
0.5 0 61 39
0.5 480 61 0
0.5 0 68 0
0.5 0 56 0
0.5 0 56 39
0.5 0 60 39
0.5 0 68 47
0.5 720 68 0
0.5 0 56 0
0.5 0 56 38
0.5 0 68 45
0.5 240 68 0
0.5 0 56 0
0.5 0 56 40
0.5 0 68 48
0.5 480 68 0
0.5 0 56 0
0.5 0 60 0
0.5 0 56 40
0.5 0 61 48
0.5 0 68 48
0.5 720 61 0
0.5 0 64 45
0.5 240 64 0
0.5 0 61 45
0.5 480 61 0
0.5 0 68 0
0.5 0 56 0
0.5 0 61 45
0.5 0 68 45
0.5 0 71 45
0.5 0 73 55
0.5 720 73 0
0.5 0 61 0
0.5 0 61 45
0.5 0 73 53
0.5 240 73 0
0.5 0 61 0
0.5 0 61 46
0.5 0 73 55
0.5 480 73 0
0.5 0 68 0
0.5 0 71 0
0.5 0 61 0
0.5 0 61 46
0.5 0 66 57
0.5 0 73 57
0.5 720 66 0
0.5 0 69 56
0.5 240 69 0
0.5 0 66 57
0.5 480 66 0
0.5 0 73 0
0.5 0 61 0
0.5 0 61 56
0.5 0 65 56
0.5 0 73 66
0.5 720 73 0
0.5 0 61 0
0.5 0 61 54
0.5 0 73 65
0.5 240 73 0
0.5 0 61 0
0.5 0 61 57
0.5 0 73 67
0.5 480 73 0
0.5 0 61 0
0.5 0 65 0
0.5 0 61 58
0.5 0 66 69
0.5 0 73 69
0.5 720 66 0
0.5 0 69 71
0.5 240 69 0
0.5 0 66 73
0.5 480 66 0
0.5 0 73 0
0.5 0 61 0
0.5 0 68 66
0.5 0 75 66
0.5 0 78 66
0.5 0 80 78
0.5 840 80 0
0.5 0 68 0
0.5 0 68 61
0.5 0 80 74
0.5 120 80 0
0.5 0 68 0
0.5 0 68 66
0.5 0 80 78
0.5 480 80 0
0.5 0 75 0
0.5 0 78 0
0.5 0 68 0
0.5 0 68 66
0.5 0 73 66
0.5 0 80 78
0.5 840 73 0
0.5 0 76 79
0.5 120 76 0
0.5 0 73 79
0.5 480 73 0
0.5 0 80 0
0.5 0 68 0
0.5 0 68 66
0.5 0 72 66
0.5 0 80 78
0.5 840 80 0
0.5 0 68 0
0.5 0 68 61
0.5 0 80 74
0.5 120 80 0
0.5 0 68 0
0.5 0 68 66
0.5 0 80 78
0.5 480 80 0
0.5 0 68 0
0.5 0 72 0
0.5 0 68 66
0.5 0 73 78
0.5 0 80 78
0.5 840 73 0
0.5 0 76 79
0.5 120 76 0
0.5 0 73 79
0.5 480 73 0
0.5 0 80 0
0.5 0 68 0
0.5 0 73 69
0.5 0 80 69
0.5 0 83 69
0.5 0 85 80
0.5 840 85 0
0.5 0 73 0
0.5 0 73 53
0.5 0 85 78
0.5 120 85 0
0.5 0 73 0
0.5 0 73 59
0.5 0 85 71
0.5 140 85 0
0.5 0 73 0
0.5 20 73 62
0.5 0 85 73
0.5 140 85 0
0.5 0 73 0
0.5 20 73 68
0.5 0 85 80
0.5 140 85 0
0.5 0 73 0
0.5 20 83 0
0.5 0 80 0
0.5 0 73 71
0.5 0 78 75
0.5 0 85 82
0.5 840 78 0
0.5 0 81 84
0.5 120 81 0
0.5 0 78 84
0.5 480 78 0
0.5 0 85 0
0.5 0 73 0
0.5 0 73 79
0.5 0 77 79
0.5 0 85 93
0.5 640 85 0
0.5 0 73 0
0.5 0 73 59
0.5 0 85 71
0.5 80 85 0
0.5 0 73 0
0.5 80 73 61
0.5 0 85 71
0.5 80 85 0
0.5 0 73 0
0.5 80 73 63
0.5 0 85 73
0.5 80 85 0
0.5 0 73 0
0.5 80 73 63
0.5 0 85 75
0.5 80 85 0
0.5 0 73 0
0.5 80 73 64
0.5 0 85 78
0.5 80 85 0
0.5 0 73 0
0.5 80 77 0
0.5 0 73 79
0.5 0 78 93
0.5 0 85 93
0.5 840 78 0
0.5 0 81 90
0.5 120 81 0
0.5 0 78 90
0.5 480 78 0
0.5 0 85 0
0.5 0 73 0
0.5 0 79 88
0.5 0 76 88
0.5 0 85 88
0.5 0 88 103
0.5 840 88 0
0.5 0 79 0
0.5 0 76 0
0.5 0 85 0
0.5 0 76 81
0.5 0 79 81
0.5 0 85 84
0.5 0 88 99
0.5 120 88 0
0.5 0 76 0
0.5 0 79 0
0.5 0 85 0
0.5 0 76 87
0.5 0 79 87
0.5 0 85 87
0.5 0 88 102
0.5 480 88 0
0.5 0 76 0
0.5 0 79 0
0.5 0 85 0
0.5 0 76 80
0.5 0 80 95
0.5 0 88 95
0.5 480 88 0
0.5 0 80 0
0.5 0 76 0
0.5 0 83 91
0.5 0 80 91
0.5 0 76 76
0.5 480 76 0
0.5 0 80 0
0.5 0 83 0
0.5 0 71 73
0.5 0 76 86
0.5 0 80 86
0.5 420 80 0
0.5 0 76 0
0.5 0 71 0
0.5 0 80 79
0.5 60 80 0
0.5 0 69 74
0.5 0 71 74
0.5 0 75 87
0.5 0 78 87
0.5 480 78 0
0.5 0 69 0
0.5 0 71 0
0.5 0 75 0
0.5 0 71 75
0.5 0 69 75
0.5 0 73 75
0.5 0 76 88
0.5 480 76 0
0.5 0 71 0
0.5 0 69 0
0.5 0 73 0
0.5 0 69 75
0.5 0 71 75
0.5 0 75 89
0.5 0 78 89
0.5 480 78 0
0.5 0 69 0
0.5 0 71 0
0.5 0 75 0
0.5 0 76 90
0.5 0 68 75
0.5 0 80 90
0.5 720 76 0
0.5 0 75 91
0.5 240 75 0
0.5 0 74 94
0.5 480 74 0
0.5 0 80 0
0.5 0 68 0
0.5 0 72 88
0.5 0 68 88
0.5 0 75 88
0.5 0 80 103
0.5 840 80 0
0.5 0 72 0
0.5 0 68 0
0.5 0 75 0
0.5 0 68 81
0.5 0 72 81
0.5 0 75 84
0.5 0 80 99
0.5 120 80 0
0.5 0 68 0
0.5 0 72 0
0.5 0 75 0
0.5 0 68 87
0.5 0 72 87
0.5 0 75 87
0.5 0 80 102
0.5 480 80 0
0.5 0 68 0
0.5 0 72 0
0.5 0 75 0
0.5 0 72 85
0.5 0 75 85
0.5 0 80 100
0.5 720 80 0
0.5 0 75 0
0.5 0 72 0
0.5 0 68 72
0.5 0 72 86
0.5 0 75 86
0.5 240 75 0
0.5 0 72 0
0.5 0 68 0
0.5 0 63 69
0.5 0 68 81
0.5 0 72 81
0.5 480 72 0
0.5 0 68 0
0.5 0 63 0
0.5 0 72 85
0.5 0 61 72
0.5 0 63 72
0.5 0 67 85
0.5 0 75 85
0.5 720 72 0
0.5 0 70 76
0.5 240 70 0
0.5 0 75 0
0.5 0 61 0
0.5 0 63 0
0.5 0 67 0
0.5 0 67 63
0.5 0 61 63
0.5 0 73 75
0.5 360 73 0
0.5 0 72 71
0.5 120 72 0
0.5 0 61 0
0.5 0 67 0
0.5 0 68 59
0.5 0 60 50
0.5 1440 60 0
0.5 0 68 0
0.5 0 61 44
0.5 0 69 54
0.5 720 69 0
0.5 0 69 53
0.5 240 69 0
0.5 0 69 53
0.5 480 69 0
0.5 0 61 0
0.5 0 60 45
0.5 0 69 56
0.5 720 69 0
0.5 0 68 55
0.5 240 68 0
0.5 0 63 56
0.5 480 63 0
0.5 0 60 0
0.5 0 62 48
0.5 0 71 59
0.5 720 71 0
0.5 0 71 58
0.5 240 71 0
0.5 0 71 58
0.5 480 71 0
0.5 0 62 0
0.5 0 63 50
0.5 0 71 61
0.5 720 71 0
0.5 0 70 60
0.5 240 70 0
0.5 0 75 61
0.5 480 75 0
0.5 0 63 0
0.5 0 62 52
0.5 0 71 65
0.5 720 71 0
0.5 0 71 63
0.5 240 71 0
0.5 0 71 63
0.5 480 71 0
0.5 0 62 0
0.5 0 63 56
0.5 0 71 69
0.5 720 71 0
0.5 0 70 67
0.5 240 70 0
0.5 0 63 0
0.5 0 63 67
0.5 480 63 0
0.5 0 64 57
0.5 0 73 71
0.5 720 73 0
0.5 0 73 69
0.5 240 73 0
0.5 0 73 70
0.5 480 73 0
0.5 0 64 0
0.5 0 65 60
0.5 0 73 74
0.5 720 73 0
0.5 0 72 73
0.5 240 72 0
0.5 0 77 73
0.5 480 77 0
0.5 0 65 0
0.5 0 64 62
0.5 0 73 77
0.5 720 73 0
0.5 0 73 75
0.5 240 73 0
0.5 0 73 76
0.5 480 73 0
0.5 0 64 0
0.5 0 65 64
0.5 0 73 80
0.5 720 73 0
0.5 0 72 78
0.5 240 72 0
0.5 0 65 0
0.5 0 65 79
0.5 480 65 0
0.5 0 66 67
0.5 0 72 67
0.5 0 75 80
0.5 480 75 0
0.5 0 72 0
0.5 0 66 0
0.5 0 66 67
0.5 0 72 67
0.5 0 75 80
0.5 480 75 0
0.5 0 72 0
0.5 0 66 0
0.5 0 66 68
0.5 0 72 68
0.5 0 75 82
0.5 480 75 0
0.5 0 72 0
0.5 0 66 0
0.5 0 66 70
0.5 0 72 70
0.5 0 75 83
0.5 475 75 0
0.5 0 72 0
0.5 0 66 0
0.5 5 66 73
0.5 0 72 73
0.5 0 75 86
0.5 475 75 0
0.5 0 72 0
0.5 0 66 0
0.5 5 66 76
0.5 0 72 76
0.5 0 76 91
0.5 480 76 0
0.5 0 72 0
0.5 0 66 0
0.5 0 68 73
0.5 0 73 78
0.5 0 77 92
0.5 475 77 0
0.5 0 73 0
0.5 0 68 0
0.5 5 65 71
0.5 0 73 85
0.5 475 73 0
0.5 0 65 0
0.5 5 65 68
0.5 0 68 80
0.5 475 68 0
0.5 0 65 0
0.5 5 66 71
0.5 0 70 85
0.5 1440 70 0
0.5 0 66 0
0.5 0 65 59
0.5 0 68 66
0.5 60 68 0
0.5 0 70 66
0.5 60 70 0
0.5 0 68 65
0.5 120 68 0
0.5 0 67 69
0.5 240 67 0
0.5 0 65 0
0.5 0 65 58
0.5 0 68 70
0.5 120 68 0
0.5 0 65 0
0.5 120 65 60
0.5 0 70 73
0.5 120 70 0
0.5 0 65 0
0.5 120 65 62
0.5 0 72 74
0.5 120 72 0
0.5 0 65 0
0.5 120 65 64
0.5 0 73 76
0.5 120 73 0
0.5 0 65 0
0.5 120 66 67
0.5 0 74 80
0.5 480 74 0
0.5 0 66 0
0.5 0 66 70
0.5 0 75 83
0.5 480 75 0
0.5 0 66 0
0.5 0 66 73
0.5 0 76 87
0.5 480 76 0
0.5 0 66 0
0.5 0 68 76
0.5 0 73 76
0.5 0 77 89
0.5 475 77 0
0.5 0 73 0
0.5 0 68 0
0.5 5 65 71
0.5 0 73 85
0.5 475 73 0
0.5 0 65 0
0.5 5 65 68
0.5 0 68 80
0.5 475 68 0
0.5 0 65 0
0.5 5 66 71
0.5 0 70 85
0.5 1440 70 0
0.5 0 66 0
0.5 0 65 59
0.5 0 68 66
0.5 60 68 0
0.5 0 70 66
0.5 60 70 0
0.5 0 68 65
0.5 120 68 0
0.5 0 67 61
0.5 240 67 0
0.5 0 65 0
0.5 0 65 58
0.5 0 68 70
0.5 120 68 0
0.5 0 65 0
0.5 120 65 60
0.5 0 70 73
0.5 120 70 0
0.5 0 65 0
0.5 120 65 62
0.5 0 72 74
0.5 120 72 0
0.5 0 65 0
0.5 120 65 64
0.5 0 73 76
0.5 120 73 0
0.5 0 65 0
0.5 120 65 55
0.5 0 71 67
0.5 480 71 0
0.5 0 65 0
0.5 0 64 58
0.5 0 72 69
0.5 480 72 0
0.5 0 64 0
0.5 0 65 53
0.5 0 74 63
0.5 480 74 0
0.5 0 65 0
0.5 0 64 35
0.5 0 76 42
0.5 475 76 0
0.5 0 64 0
0.5 5 64 33
0.5 0 72 39
0.5 475 72 0
0.5 0 64 0
0.5 5 64 31
0.5 0 67 37
0.5 475 67 0
0.5 0 64 0
0.5 5 65 33
0.5 0 69 39
0.5 1440 69 0
0.5 0 65 0
0.5 0 64 35
0.5 0 67 39
0.5 60 67 0
0.5 0 69 39
0.5 60 69 0
0.5 0 67 38
0.5 120 67 0
0.5 0 66 37
0.5 240 66 0
0.5 0 64 0
0.5 0 64 35
0.5 0 67 42
0.5 120 67 0
0.5 0 64 0
0.5 120 64 36
0.5 0 69 44
0.5 120 69 0
0.5 0 64 0
0.5 120 64 37
0.5 0 71 44
0.5 120 71 0
0.5 0 64 0
0.5 120 64 39
0.5 0 72 46
0.5 120 72 0
0.5 0 64 0
0.5 120 65 39
0.5 0 73 47
0.5 480 73 0
0.5 0 65 0
0.5 0 65 42
0.5 0 74 50
0.5 480 74 0
0.5 0 65 0
0.5 0 65 45
0.5 0 75 54
0.5 480 75 0
0.5 0 65 0
0.5 0 64 48
0.5 0 76 57
0.5 475 76 0
0.5 0 64 0
0.5 5 64 46
0.5 0 72 55
0.5 475 72 0
0.5 0 64 0
0.5 5 64 42
0.5 0 67 51
0.5 475 67 0
0.5 0 64 0
0.5 5 65 48
0.5 0 74 59
0.5 480 74 0
0.5 0 65 0
0.5 0 66 52
0.5 0 75 63
0.5 480 75 0
0.5 0 66 0
0.5 0 68 57
0.5 0 77 68
0.5 480 77 0
0.5 0 68 0
0.5 0 69 61
0.5 0 78 72
0.5 475 78 0
0.5 0 69 0
0.5 5 69 59
0.5 0 75 72
0.5 475 75 0
0.5 0 69 0
0.5 5 69 77
0.5 475 69 0
0.5 5 68 66
0.5 0 77 78
0.5 480 77 0
0.5 0 68 0
0.5 0 69 69
0.5 0 78 82
0.5 480 78 0
0.5 0 69 0
0.5 0 71 73
0.5 0 80 86
0.5 480 80 0
0.5 0 71 0
0.5 0 72 74
0.5 0 81 87
0.5 475 81 0
0.5 0 72 0
0.5 5 69 75
0.5 0 72 75
0.5 0 81 89
0.5 475 81 0
0.5 0 72 0
0.5 0 69 0
0.5 5 69 76
0.5 0 72 76
0.5 0 81 91
0.5 475 81 0
0.5 0 72 0
0.5 0 69 0
0.5 5 69 78
0.5 0 72 78
0.5 0 81 93
0.5 475 81 0
0.5 0 72 0
0.5 0 69 0
0.5 5 69 80
0.5 0 72 80
0.5 0 81 95
0.5 475 81 0
0.5 0 72 0
0.5 0 69 0
0.5 5 69 81
0.5 0 73 81
0.5 0 81 96
0.5 475 81 0
0.5 0 73 0
0.5 0 69 0
0.5 5 76 84
0.5 0 69 84
0.5 0 81 99
0.5 480 76 0
0.5 0 75 89
0.5 480 81 0
0.5 0 69 0
0.5 0 68 59
0.5 0 78 85
0.5 0 80 85
0.5 480 80 0
0.5 0 75 0
0.5 0 68 0
0.5 0 78 0
0 0 91 127
0.5 3840 76 52
0.5 960 76 0
0.5 0 77 51
0.5 480 77 0
0.5 0 77 54
0.5 480 77 0
0.5 0 77 56
0.5 960 77 0
0.5 0 78 55
0.5 1440 78 0
0.5 0 76 55
0.5 360 76 0
0.5 0 74 51
0.5 120 74 0
0.5 0 73 51
0.5 480 73 0
0.5 0 72 51
0.5 480 72 0
0.5 0 73 54
0.5 480 73 0
0.5 0 80 60
0.5 360 69 36
0.5 120 69 0
0.5 0 69 41
0.5 80 69 0
0.5 16 71 39
0.5 80 71 0
0.5 16 69 39
0.5 80 69 0
0.5 16 68 41
0.5 80 68 0
0.5 16 69 39
0.5 80 69 0
0.5 16 80 0
0.5 0 78 54
0.5 0 71 40
0.5 360 71 0
0.5 0 66 40
0.5 120 66 0
0.5 0 78 0
0.5 0 68 46
0.5 0 76 54
0.5 960 76 0
0.5 0 76 54
0.5 480 76 0
0.5 0 76 58
0.5 480 76 0
0.5 0 68 0
0.5 0 71 55
0.5 0 77 62
0.5 480 71 0
0.5 0 73 56
0.5 360 73 0
0.5 0 71 51
0.5 120 71 0
0.5 0 77 0
0.5 0 71 55
0.5 0 78 60
0.5 480 71 0
0.5 0 69 57
0.5 360 69 0
0.5 0 68 52
0.5 120 68 0
0.5 0 66 53
0.5 480 78 0
0.5 0 76 56
0.5 360 76 0
0.5 0 74 55
0.5 120 74 0
0.5 0 73 54
0.5 480 73 0
0.5 0 72 52
0.5 480 66 0
0.5 0 66 60
0.5 480 66 0
0.5 0 64 58
0.5 360 64 0
0.5 0 62 47
0.5 120 62 0
0.5 0 72 0
0.5 0 61 57
0.5 480 61 0
0.5 0 60 56
0.5 480 60 0
0.5 0 61 61
0.5 480 61 0
0.5 0 73 45
0.5 0 77 54
0.5 480 77 0
0.5 0 73 0
0.5 0 66 40
0.5 0 70 48
0.5 480 70 0
0.5 0 66 0
0.5 0 72 54
0.5 0 75 54
0.5 360 72 0
0.5 0 70 47
0.5 120 70 0
0.5 0 75 0
0.5 0 65 42
0.5 0 68 50
0.5 480 68 0
0.5 0 65 0
0.5 0 70 43
0.5 0 73 51
0.5 480 73 0
0.5 0 70 0
0.5 0 63 40
0.5 0 66 48
0.5 480 66 0
0.5 0 63 0
0.5 0 68 42
0.5 0 72 50
0.5 360 72 0
0.5 0 68 0
0.5 0 66 35
0.5 0 70 42
0.5 120 70 0
0.5 0 66 0
0.5 0 65 40
0.5 0 68 47
0.5 480 73 40
0.5 0 77 47
0.5 480 68 0
0.5 0 65 0
0.5 0 66 36
0.5 0 70 44
0.5 480 73 0
0.5 0 77 0
0.5 0 72 38
0.5 0 75 45
0.5 480 66 0
0.5 0 70 0
0.5 0 65 36
0.5 0 68 43
0.5 480 72 0
0.5 0 75 0
0.5 0 70 37
0.5 0 73 45
0.5 480 65 0
0.5 0 68 0
0.5 0 66 42
0.5 0 63 35
0.5 480 66 0
0.5 0 73 0
0.5 0 70 0
0.5 0 68 36
0.5 0 72 43
0.5 360 72 0
0.5 0 68 0
0.5 0 66 34
0.5 0 70 40
0.5 120 70 0
0.5 0 66 0
0.5 0 63 0
0.5 0 65 35
0.5 0 68 42
0.5 1920 68 0
0.5 0 65 0
0.5 0 61 50
0.5 0 68 50
0.5 0 70 59
0.5 960 70 0
0.5 0 68 0
0.5 0 61 0
0.5 0 61 56
0.5 0 66 56
0.5 0 70 66
0.5 960 70 0
0.5 0 66 0
0.5 0 61 0
0.5 0 66 56
0.5 0 68 56
0.5 0 73 66
0.5 960 66 0
0.5 0 65 58
0.5 480 65 0
0.5 0 73 0
0.5 0 68 0
0.5 480 65 33
0.5 0 61 27
0.5 1920 61 0
0.5 0 65 0
1 0 0 0
0 0 7 100
0 0 10 64
0.5 0 37 20
0 0 64 127
0.5 160 37 0
0.5 0 44 21
0.5 160 44 0
0.5 0 56 22
0.5 160 56 0
0.5 0 49 23
0.5 160 49 0
0.5 0 44 24
0.5 160 44 0
0.5 0 37 26
0.5 160 37 0
0.5 0 44 27
0.5 160 44 0
0.5 0 49 28
0.5 160 49 0
0.5 0 56 29
0.5 160 56 0
0.5 0 49 31
0.5 160 49 0
0.5 0 44 32
0.5 160 44 0
0.5 0 37 33
0.5 160 37 0
0.5 0 44 34
0.5 160 44 0
0.5 0 49 34
0.5 160 49 0
0.5 0 56 33
0.5 160 56 0
0.5 0 49 32
0.5 160 49 0
0.5 0 44 31
0.5 160 44 0
0.5 0 37 30
0.5 160 37 0
0.5 0 44 30
0.5 160 44 0
0.5 0 49 29
0.5 160 49 0
0.5 0 56 28
0.5 160 56 0
0.5 0 49 27
0.5 160 49 0
0.5 0 44 26
0.5 160 44 0
0.5 0 37 25
0.5 160 37 0
0.5 0 44 26
0 14 64 0
0 78 64 127
0.5 68 44 0
0.5 0 49 25
0.5 160 49 0
0.5 0 56 26
0.5 160 56 0
0.5 0 49 27
0.5 160 49 0
0.5 0 44 28
0.5 160 44 0
0.5 0 37 29
0.5 160 37 0
0.5 0 44 28
0 16 64 0
0 62 64 127
0.5 82 44 0
0.5 0 49 29
0.5 160 49 0
0.5 0 59 30
0.5 160 59 0
0.5 0 49 30
0.5 160 49 0
0.5 0 44 31
0.5 160 44 0
0.5 0 37 32
0.5 160 37 0
0.5 0 44 33
0 14 64 0
0 50 64 127
0.5 96 44 0
0.5 0 49 31
0.5 160 49 0
0.5 0 59 30
0.5 160 59 0
0.5 0 49 30
0.5 160 49 0
0.5 0 44 29
0.5 160 44 0
0.5 0 37 28
0.5 160 37 0
0.5 0 45 28
0 13 64 0
0 79 64 127
0.5 68 45 0
0.5 0 49 28
0.5 160 49 0
0.5 0 57 28
0.5 160 57 0
0.5 0 49 28
0.5 160 49 0
0.5 0 45 28
0.5 160 45 0
0.5 0 37 28
0.5 160 37 0
0.5 0 45 32
0 11 64 0
0 46 64 127
0.5 103 45 0
0.5 0 50 29
0.5 160 50 0
0.5 0 57 29
0.5 160 57 0
0.5 0 50 28
0.5 160 50 0
0.5 0 45 27
0.5 160 45 0
0.5 0 37 26
0.5 160 37 0
0.5 0 45 25
0 12 64 0
0 68 64 127
0.5 80 45 0
0.5 0 50 24
0.5 160 50 0
0.5 0 57 24
0.5 160 57 0
0.5 0 50 24
0.5 160 50 0
0.5 0 45 24
0.5 160 45 0
0.5 0 37 24
0.5 160 37 0
0.5 0 44 26
0 15 64 0
0 52 64 127
0.5 93 44 0
0.5 0 52 24
0.5 160 52 0
0.5 0 61 23
0.5 160 61 0
0.5 0 52 23
0.5 160 52 0
0.5 0 44 23
0.5 160 44 0
0.5 0 37 23
0.5 160 37 0
0.5 0 35 26
0 15 64 0
0 66 64 127
0.5 79 35 0
0.5 0 47 24
0.5 160 47 0
0.5 0 63 24
0.5 160 63 0
0.5 0 57 24
0.5 160 57 0
0.5 0 47 24
0.5 160 47 0
0.5 0 35 24
0.5 160 35 0
0.5 0 40 26
0 14 64 0
0 92 64 127
0.5 54 40 0
0.5 0 47 27
0.5 160 47 0
0.5 0 64 28
0.5 160 64 0
0.5 0 56 28
0.5 160 56 0
0.5 0 47 29
0.5 160 47 0
0.5 0 39 30
0.5 160 39 0
0.5 0 37 31
0 16 64 0
0 62 64 127
0.5 82 37 0
0.5 0 44 32
0.5 160 44 0
0.5 0 56 33
0.5 160 56 0
0.5 0 49 34
0.5 160 49 0
0.5 0 44 35
0.5 160 44 0
0.5 0 37 36
0.5 160 37 0
0.5 0 44 39
0 14 64 0
0 50 64 127
0.5 96 44 0
0.5 0 49 39
0.5 160 49 0
0.5 0 59 38
0.5 160 59 0
0.5 0 49 38
0.5 160 49 0
0.5 0 44 37
0.5 160 44 0
0.5 0 37 37
0.5 160 37 0
0.5 0 45 36
0 18 64 0
0 74 64 127
0.5 68 45 0
0.5 0 49 36
0.5 160 49 0
0.5 0 57 35
0.5 160 57 0
0.5 0 49 34
0.5 160 49 0
0.5 0 45 34
0.5 160 45 0
0.5 0 37 33
0.5 160 37 0
0.5 0 45 30
0 15 64 0
0 42 64 127
0.5 103 45 0
0.5 0 50 28
0.5 160 50 0
0.5 0 57 26
0.5 160 57 0
0.5 0 50 27
0.5 160 50 0
0.5 0 45 25
0.5 160 45 0
0.5 0 37 25
0.5 160 37 0
0.5 0 45 25
0 12 64 0
0 63 64 127
0.5 85 45 0
0.5 0 50 24
0.5 160 50 0
0.5 0 57 24
0.5 160 57 0
0.5 0 50 24
0.5 160 50 0
0.5 0 45 24
0.5 160 45 0
0.5 0 37 24
0.5 160 37 0
0.5 0 45 26
0.5 160 45 0
0.5 0 50 24
0.5 160 50 0
0.5 0 57 23
0.5 160 57 0
0.5 0 50 23
0.5 160 50 0
0.5 0 45 23
0.5 160 45 0
0.5 0 37 23
0.5 160 37 0
0.5 0 45 26
0.5 160 45 0
0.5 0 50 24
0.5 160 50 0
0.5 0 57 24
0.5 160 57 0
0.5 0 50 24
0.5 160 50 0
0.5 0 45 24
0.5 160 45 0
0.5 0 37 24
0.5 160 37 0
0.5 0 44 34
0 14 64 0
0 49 64 127
0.5 97 44 0
0.5 0 56 28
0.5 160 56 0
0.5 0 61 28
0.5 160 61 0
0.5 0 52 28
0.5 160 52 0
0.5 0 44 29
0.5 160 44 0
0.5 0 37 29
0.5 160 37 0
0.5 0 37 31
0 21 64 0
0 57 64 127
0.5 82 37 0
0.5 0 44 24
0.5 160 44 0
0.5 0 60 24
0.5 160 60 0
0.5 0 54 24
0.5 160 54 0
0.5 0 44 24
0.5 160 44 0
0.5 0 37 24
0.5 160 37 0
0.5 0 37 27
0 14 64 0
0 92 64 127
0.5 54 37 0
0.5 0 44 27
0.5 160 44 0
0.5 0 61 28
0.5 160 61 0
0.5 0 52 29
0.5 160 52 0
0.5 0 44 29
0.5 160 44 0
0.5 0 37 30
0.5 160 37 0
0.5 0 37 30
0 19 64 0
0 59 64 127
0.5 82 37 0
0.5 0 44 31
0.5 160 44 0
0.5 0 60 32
0.5 160 60 0
0.5 0 54 32
0.5 160 54 0
0.5 0 44 33
0.5 160 44 0
0.5 0 37 33
0.5 160 37 0
0.5 0 37 34
0 14 64 0
0 92 64 127
0.5 54 37 0
0.5 0 44 29
0.5 160 44 0
0.5 0 61 30
0.5 160 61 0
0.5 0 52 30
0.5 160 52 0
0.5 0 44 30
0.5 160 44 0
0.5 0 37 30
0.5 160 37 0
0.5 0 32 26
0 18 64 0
0 60 64 127
0.5 82 32 0
0.5 0 44 24
0.5 160 44 0
0.5 0 60 24
0.5 160 60 0
0.5 0 54 24
0.5 160 54 0
0.5 0 44 24
0.5 160 44 0
0.5 0 32 24
0.5 160 32 0
0.5 0 37 26
0 14 64 0
0 92 64 127
0.5 54 37 0
0.5 0 44 23
0.5 160 44 0
0.5 0 61 24
0.5 160 61 0
0.5 0 52 24
0.5 160 52 0
0.5 0 44 24
0.5 160 44 0
0.5 0 37 24
0.5 160 37 0
0.5 0 37 26
0 18 64 0
0 60 64 127
0.5 82 37 0
0.5 0 44 24
0.5 160 44 0
0.5 0 60 24
0.5 160 60 0
0.5 0 54 24
0.5 160 54 0
0.5 0 44 24
0.5 160 44 0
0.5 0 37 24
0.5 160 37 0
0.5 0 37 34
0 14 64 0
0 92 64 127
0.5 54 37 0
0.5 0 44 32
0.5 160 44 0
0.5 0 61 32
0.5 160 61 0
0.5 0 52 32
0.5 160 52 0
0.5 0 44 31
0.5 160 44 0
0.5 0 37 31
0.5 160 37 0
0.5 0 37 26
0 18 64 0
0 60 64 127
0.5 82 37 0
0.5 0 44 24
0.5 160 44 0
0.5 0 60 24
0.5 160 60 0
0.5 0 54 24
0.5 160 54 0
0.5 0 44 24
0.5 160 44 0
0.5 0 37 24
0.5 160 37 0
0.5 0 37 26
0 14 64 0
0 92 64 127
0.5 54 37 0
0.5 0 44 26
0.5 160 44 0
0.5 0 61 27
0.5 160 61 0
0.5 0 52 27
0.5 160 52 0
0.5 0 44 28
0.5 160 44 0
0.5 0 37 29
0.5 160 37 0
0.5 0 32 29
0 18 64 0
0 60 64 127
0.5 82 32 0
0.5 0 44 30
0.5 160 44 0
0.5 0 60 30
0.5 160 60 0
0.5 0 54 31
0.5 160 54 0
0.5 0 44 32
0.5 160 44 0
0.5 0 32 32
0.5 160 32 0
0.5 0 37 35
0 14 64 0
0 55 64 127
0.5 91 37 0
0.5 0 44 34
0.5 160 44 0
0.5 0 61 33
0.5 160 61 0
0.5 0 52 32
0.5 160 52 0
0.5 0 44 31
0.5 160 44 0
0.5 0 37 29
0.5 160 37 0
0.5 0 42 26
0 17 64 0
0 61 64 127
0.5 82 42 0
0.5 0 50 24
0.5 160 50 0
0.5 0 57 24
0.5 160 57 0
0.5 0 44 24
0.5 160 44 0
0.5 0 54 24
0.5 160 54 0
0.5 0 60 24
0.5 160 60 0
0.5 0 37 26
0 14 64 0
0 92 64 127
0.5 54 37 0
0.5 0 44 23
0.5 160 44 0
0.5 0 61 24
0.5 160 61 0
0.5 0 52 24
0.5 160 52 0
0.5 0 44 24
0.5 160 44 0
0.5 0 37 24
0.5 157 37 0
0.5 3 37 26
0 18 64 0
0 81 64 127
0.5 61 37 0
0.5 0 44 24
0.5 160 44 0
0.5 0 56 24
0.5 160 56 0
0.5 0 49 24
0.5 160 49 0
0.5 0 44 24
0.5 160 44 0
0.5 0 37 24
0.5 160 37 0
0.5 0 44 26
0 14 64 0
0 134 64 127
0.5 12 44 0
0.5 0 49 26
0.5 160 49 0
0.5 0 56 26
0.5 160 56 0
0.5 0 49 27
0.5 160 49 0
0.5 0 44 28
0.5 160 44 0
0.5 0 37 28
0.5 160 37 0
0.5 0 44 29
0 18 64 0
0 60 64 127
0.5 82 44 0
0.5 0 49 29
0.5 160 49 0
0.5 0 56 30
0.5 160 56 0
0.5 0 49 30
0.5 160 49 0
0.5 0 44 31
0.5 160 44 0
0.5 0 37 32
0.5 160 37 0
0.5 0 44 32
0 14 64 0
0 92 64 127
0.5 54 44 0
0.5 0 49 32
0.5 160 49 0
0.5 0 56 31
0.5 160 56 0
0.5 0 49 30
0.5 160 49 0
0.5 0 44 30
0.5 160 44 0
0.5 0 37 29
0.5 160 37 0
0.5 0 42 28
0 10 64 0
0 82 64 127
0.5 68 42 0
0.5 0 49 27
0.5 160 49 0
0.5 0 61 27
0.5 160 61 0
0.5 0 54 26
0.5 160 54 0
0.5 0 49 25
0.5 160 49 0
0.5 0 42 23
0.5 160 42 0
0.5 0 30 26
0 10 64 0
0 87 64 127
0.5 63 30 0
0.5 0 42 24
0.5 160 42 0
0.5 0 57 24
0.5 160 57 0
0.5 0 50 24
0.5 160 50 0
0.5 0 42 24
0.5 160 42 0
0.5 0 30 24
0.5 160 30 0
0.5 0 32 26
0 13 64 0
0 50 64 127
0.5 97 32 0
0.5 0 44 24
0.5 160 44 0
0.5 0 56 24
0.5 160 56 0
0.5 0 51 24
0.5 160 51 0
0.5 0 44 24
0.5 160 44 0
0.5 0 32 24
0.5 160 32 0
0.5 4 37 26
0 11 64 0
0 52 64 127
0.5 95 44 24
0.5 2 37 0
0.5 156 61 23
0.5 2 44 0
0.5 158 61 0
0.5 0 52 23
0.5 160 52 0
0.5 0 44 23
0.5 160 44 0
0.5 0 37 23
0.5 160 37 0
0.5 0 35 26
0 15 64 0
0 34 64 127
0.5 111 35 0
0.5 0 47 24
0.5 160 47 0
0.5 0 63 24
0.5 160 63 0
0.5 0 57 24
0.5 160 57 0
0.5 0 47 24
0.5 160 47 0
0.5 0 35 24
0.5 160 35 0
0.5 0 40 30
0 14 64 0
0 92 64 127
0.5 54 40 0
0.5 0 47 31
0.5 160 47 0
0.5 0 64 31
0.5 160 64 0
0.5 0 56 32
0.5 160 56 0
0.5 0 47 32
0.5 160 47 0
0.5 0 39 33
0.5 160 39 0
0.5 0 37 34
0 17 64 0
0 61 64 127
0.5 82 37 0
0.5 0 44 34
0.5 160 44 0
0.5 0 56 35
0.5 160 56 0
0.5 0 49 35
0.5 160 49 0
0.5 0 44 36
0.5 160 44 0
0.5 0 37 36
0.5 160 37 0
0.5 0 37 37
0 14 64 0
0 50 64 127
0.5 96 37 0
0.5 0 44 37
0.5 160 44 0
0.5 0 61 36
0.5 160 61 0
0.5 0 53 35
0.5 160 53 0
0.5 0 44 34
0.5 160 44 0
0.5 0 37 33
0.5 160 37 0
0.5 0 37 32
0 17 64 0
0 80 64 127
0.5 63 37 0
0.5 0 45 31
0.5 160 45 0
0.5 0 61 30
0.5 160 61 0
0.5 0 54 29
0.5 160 54 0
0.5 0 45 29
0.5 160 45 0
0.5 0 37 28
0.5 160 37 0
0.5 0 37 26
0 9 64 0
0 48 64 127
0.5 103 37 0
0.5 0 45 24
0.5 160 45 0
0.5 0 57 24
0.5 160 57 0
0.5 0 50 24
0.5 160 50 0
0.5 0 45 24
0.5 160 45 0
0.5 0 37 24
0.5 160 37 0
0.5 0 37 26
0 18 64 0
0 57 64 127
0.5 85 37 0
0.5 0 45 24
0.5 160 45 0
0.5 0 57 24
0.5 160 57 0
0.5 0 50 24
0.5 160 50 0
0.5 0 45 24
0.5 160 45 0
0.5 0 37 24
0.5 160 37 0
0.5 0 37 26
0 17 64 0
0 63 64 127
0.5 80 37 0
0.5 0 45 22
0.5 160 45 0
0.5 0 57 24
0.5 160 57 0
0.5 0 50 27
0.5 160 50 0
0.5 0 45 23
0.5 160 45 0
0.5 0 37 23
0.5 160 37 0
0.5 0 37 26
0 17 64 0
0 74 64 127
0.5 69 37 0
0.5 0 45 24
0.5 160 45 0
0.5 0 57 24
0.5 160 57 0
0.5 0 50 24
0.5 160 50 0
0.5 0 45 24
0.5 160 45 0
0.5 0 37 24
0.5 160 37 0
0.5 0 45 26
0 17 64 0
0 58 64 127
0.5 85 45 0
0.5 0 50 22
0.5 160 50 0
0.5 0 57 24
0.5 160 57 0
0.5 0 62 27
0.5 160 62 0
0.5 0 57 23
0.5 160 57 0
0.5 0 50 23
0.5 160 50 0
0.5 0 45 26
0.5 160 45 0
0.5 0 50 24
0.5 160 50 0
0.5 0 57 25
0.5 160 57 0
0.5 0 50 24
0.5 160 50 0
0.5 0 45 24
0.5 160 45 0
0.5 0 37 24
0.5 160 37 0
0.5 0 50 26
0.5 160 50 0
0.5 0 57 23
0.5 160 57 0
0.5 0 62 25
0.5 160 62 0
0.5 0 66 27
0.5 160 66 0
0.5 0 62 23
0.5 160 62 0
0.5 0 57 23
0.5 160 57 0
0.5 0 45 26
0.5 160 45 0
0.5 0 50 24
0.5 160 50 0
0.5 0 57 24
0.5 160 57 0
0.5 0 50 26
0.5 160 50 0
0.5 0 45 24
0.5 160 45 0
0.5 0 37 24
0.5 160 37 0
0.5 0 36 31
0 3 64 0
0.5 157 43 26
0.5 160 44 26
0.5 10 43 0
0.5 150 45 26
0.5 10 44 0
0.5 150 44 26
0.5 10 45 0
0.5 150 45 26
0.5 10 44 0
0.5 150 44 26
0.5 10 45 0
0.5 150 45 26
0.5 10 44 0
0.5 150 44 26
0.5 10 45 0
0.5 150 44 0
0.5 0 36 0
0.5 0 37 30
0.5 160 43 26
0.5 160 44 27
0.5 10 43 0
0.5 150 45 27
0.5 10 44 0
0.5 150 44 27
0.5 10 45 0
0.5 150 45 27
0.5 10 44 0
0.5 150 44 27
0.5 10 45 0
0.5 150 45 27
0.5 10 44 0
0.5 150 44 27
0.5 10 45 0
0.5 150 44 0
0.5 0 37 0
0.5 0 39 33
0.5 160 43 33
0.5 160 44 29
0.5 10 43 0
0.5 150 45 29
0.5 10 44 0
0.5 150 44 29
0.5 10 45 0
0.5 150 45 29
0.5 10 44 0
0.5 150 44 30
0.5 10 45 0
0.5 150 45 30
0.5 10 44 0
0.5 150 44 29
0.5 10 45 0
0.5 150 44 0
0.5 0 39 0
0.5 0 40 34
0.5 160 43 30
0.5 160 44 30
0.5 10 43 0
0.5 150 45 30
0.5 10 44 0
0.5 150 44 30
0.5 10 45 0
0.5 150 45 30
0.5 10 44 0
0.5 150 44 30
0.5 10 45 0
0.5 150 45 30
0.5 10 44 0
0.5 150 44 30
0.5 10 45 0
0.5 150 44 0
0.5 0 40 0
0.5 0 41 45
0.5 160 48 45
0.5 160 49 40
0.5 10 48 0
0.5 150 50 41
0.5 10 49 0
0.5 150 49 41
0.5 10 50 0
0.5 150 50 41
0.5 10 49 0
0.5 150 49 41
0.5 10 50 0
0.5 150 50 41
0.5 10 49 0
0.5 150 49 40
0.5 10 50 0
0.5 150 49 0
0.5 0 41 0
0.5 0 42 46
0.5 160 48 41
0.5 160 49 43
0.5 10 48 0
0.5 150 50 44
0.5 10 49 0
0.5 150 49 44
0.5 10 50 0
0.5 150 50 44
0.5 10 49 0
0.5 150 49 44
0.5 10 50 0
0.5 150 50 44
0.5 10 49 0
0.5 150 49 44
0.5 10 50 0
0.5 150 49 0
0.5 0 42 0
0.5 0 44 55
0.5 160 48 55
0.5 160 49 49
0.5 10 48 0
0.5 150 50 49
0.5 10 49 0
0.5 150 49 50
0.5 10 50 0
0.5 150 50 50
0.5 10 49 0
0.5 150 49 50
0.5 10 50 0
0.5 150 50 50
0.5 10 49 0
0.5 150 49 50
0.5 10 50 0
0.5 150 49 0
0.5 0 44 0
0.5 0 45 58
0.5 160 48 51
0.5 160 49 52
0.5 10 48 0
0.5 150 50 52
0.5 10 49 0
0.5 150 49 52
0.5 10 50 0
0.5 150 50 53
0.5 10 49 0
0.5 150 49 54
0.5 10 50 0
0.5 150 50 54
0.5 10 49 0
0.5 150 49 54
0.5 10 50 0
0.5 150 49 0
0.5 0 45 0
0.5 0 36 65
0.5 0 48 65
0 51 64 127
0.5 109 48 0
0.5 0 36 0
0.5 0 55 65
0.5 160 55 0
0.5 0 56 58
0.5 160 56 0
0.5 0 57 58
0.5 160 57 0
0.5 0 56 58
0.5 160 56 0
0.5 0 57 58
0.5 160 57 0
0.5 0 56 58
0.5 160 56 0
0.5 0 63 58
0.5 160 63 0
0.5 0 56 56
0.5 160 56 0
0.5 0 37 66
0.5 0 49 66
0 7 64 0
0 84 64 127
0.5 69 49 0
0.5 0 37 0
0.5 0 55 58
0.5 160 55 0
0.5 0 56 59
0.5 160 56 0
0.5 0 57 59
0.5 160 57 0
0.5 0 56 59
0.5 160 56 0
0.5 0 57 59
0.5 160 57 0
0.5 0 56 59
0.5 160 56 0
0.5 0 64 59
0.5 160 64 0
0.5 0 56 59
0.5 160 56 0
0.5 0 39 65
0.5 0 51 65
0 10 64 0
0 76 64 127
0.5 74 51 0
0.5 0 39 0
0.5 0 55 65
0.5 160 55 0
0.5 0 56 58
0.5 160 56 0
0.5 0 57 58
0.5 160 57 0
0.5 0 56 58
0.5 160 56 0
0.5 0 57 58
0.5 160 57 0
0.5 0 56 58
0.5 160 56 0
0.5 0 66 58
0.5 160 66 0
0.5 0 56 56
0.5 160 56 0
0.5 0 40 66
0.5 0 52 66
0 15 64 0
0 48 64 127
0.5 97 52 0
0.5 0 40 0
0.5 0 55 58
0.5 160 55 0
0.5 0 56 59
0.5 160 56 0
0.5 0 57 59
0.5 160 57 0
0.5 0 56 59
0.5 160 56 0
0.5 0 57 59
0.5 160 57 0
0.5 0 56 59
0.5 160 56 0
0.5 0 68 59
0.5 160 68 0
0.5 0 56 59
0.5 160 56 0
0.5 0 41 68
0.5 0 53 68
0 10 64 0
0 41 64 127
0.5 109 53 0
0.5 0 41 0
0.5 0 60 68
0.5 160 60 0
0.5 0 61 59
0.5 160 61 0
0.5 0 62 59
0.5 160 62 0
0.5 0 61 60
0.5 160 61 0
0.5 0 62 60
0.5 160 62 0
0.5 0 61 60
0.5 160 61 0
0.5 0 71 60
0.5 160 71 0
0.5 0 61 59
0.5 160 61 0
0.5 0 42 72
0.5 0 54 72
0 10 64 0
0 81 64 127
0.5 69 54 0
0.5 0 42 0
0.5 0 60 61
0.5 160 60 0
0.5 0 61 65
0.5 160 61 0
0.5 0 62 65
0.5 160 62 0
0.5 0 61 65
0.5 160 61 0
0.5 0 62 65
0.5 160 62 0
0.5 0 61 66
0.5 160 61 0
0.5 0 69 66
0.5 160 69 0
0.5 0 61 66
0.5 160 61 0
0.5 0 44 74
0.5 0 56 74
0 9 64 0
0 30 64 127
0.5 121 56 0
0.5 0 44 0
0.5 0 60 74
0.5 160 60 0
0.5 0 61 66
0.5 160 61 0
0.5 0 62 66
0.5 160 62 0
0.5 0 61 68
0.5 160 61 0
0.5 0 62 68
0.5 160 62 0
0.5 0 61 69
0.5 160 61 0
0.5 0 68 69
0.5 160 68 0
0.5 0 61 66
0.5 160 61 0
0.5 0 45 79
0.5 0 57 79
0 16 64 0
0 104 64 127
0.5 40 57 0
0.5 0 45 0
0.5 0 60 70
0.5 160 60 0
0.5 0 61 71
0.5 160 61 0
0.5 0 62 71
0.5 160 62 0
0.5 0 61 72
0.5 160 61 0
0.5 0 62 72
0.5 160 62 0
0.5 0 61 72
0.5 160 61 0
0.5 0 73 72
0.5 160 73 0
0.5 0 61 73
0.5 160 61 0
0.5 0 34 79
0 9 64 0
0.5 71 34 0
0 2 64 127
0.5 78 49 69
0.5 80 49 0
0.5 80 37 69
0.5 80 37 0
0.5 80 52 69
0.5 80 52 0
0.5 100 40 69
0.5 80 40 0
0.5 60 55 69
0.5 80 55 0
0.5 80 43 70
0.5 80 43 0
0.5 80 58 69
0.5 80 58 0
0.5 80 46 69
0.5 80 46 0
0.5 80 47 72
0 7 64 0
0 64 64 127
0.5 9 47 0
0.5 80 59 70
0.5 160 59 0
0.5 0 56 69
0.5 160 56 0
0.5 0 64 68
0.5 160 64 0
0.5 0 59 66
0.5 160 59 0
0.5 0 68 65
0.5 160 68 0
0.5 0 64 63
0.5 160 64 0
0.5 0 59 60
0.5 160 59 0
0.5 0 56 59
0.5 160 56 0
0.5 0 35 60
0 15 64 0
0 41 64 127
0.5 24 35 0
0.5 80 47 61
0.5 160 47 0
0.5 0 54 63
0.5 160 54 0
0.5 0 59 65
0.5 160 59 0
0.5 0 54 66
0.5 160 54 0
0.5 0 63 67
0.5 160 63 0
0.5 0 59 68
0.5 160 59 0
0.5 0 54 69
0.5 160 54 0
0.5 0 47 70
0.5 160 47 0
0.5 0 40 71
0 11 64 0
0 74 64 127
0.5 75 40 0
0.5 0 52 66
0.5 160 52 0
0.5 0 47 66
0.5 160 47 0
0.5 0 40 74
0.5 160 40 0
0.5 0 56 68
0.5 160 56 0
0.5 0 47 70
0.5 160 47 0
0.5 0 40 78
0 18 64 0
0.5 142 40 0
0.5 0 59 71
0 52 64 127
0.5 108 59 0
0.5 0 47 73
0.5 160 47 0
0.5 0 39 79
0 0 64 0
0.5 80 39 0
0 2 64 127
0.5 78 51 69
0.5 80 51 0
0.5 80 39 69
0.5 80 39 0
0.5 80 56 69
0.5 80 56 0
0.5 80 39 69
0.5 80 39 0
0.5 80 60 69
0.5 80 60 0
0.5 80 39 70
0.5 80 39 0
0.5 80 63 69
0.5 80 63 0
0.5 80 39 69
0.5 80 39 0
0.5 80 68 72
0.5 80 68 0
0.5 80 63 70
0.5 80 63 0
0.5 80 72 69
0.5 80 72 0
0.5 80 68 68
0.5 80 68 0
0.5 80 63 66
0.5 80 63 0
0.5 80 60 65
0.5 80 60 0
0.5 80 56 63
0.5 80 56 0
0.5 80 51 60
0.5 80 51 0
0.5 80 39 59
0.5 160 39 0
0.5 0 27 57
0 15 64 0
0 137 64 127
0.5 8 27 0
0.5 0 39 56
0.5 160 39 0
0.5 0 46 56
0.5 160 46 0
0.5 0 55 56
0.5 160 55 0
0.5 0 51 56
0.5 160 51 0
0.5 0 46 55
0.5 160 46 0
0.5 0 39 54
0.5 160 39 0
0.5 0 51 54
0.5 160 51 0
0.5 0 63 53
0.5 160 63 0
0.5 0 32 52
0 11 64 0
0 102 64 127
0.5 47 32 0
0.5 0 51 47
0.5 160 51 0
0.5 0 44 46
0.5 160 44 0
0.5 0 51 45
0.5 160 51 0
0.5 0 44 44
0.5 160 44 0
0.5 0 51 42
0.5 160 51 0
0.5 0 44 46
0.5 160 44 0
0.5 0 51 40
0.5 160 51 0
0.5 0 44 39
0.5 160 44 0
0.5 0 52 52
0 11 64 0
0 69 64 127
0.5 80 52 0
0.5 0 44 35
0.5 160 44 0
0.5 0 52 35
0.5 160 52 0
0.5 0 44 35
0.5 160 44 0
0.5 0 52 35
0.5 160 52 0
0.5 0 44 35
0.5 160 44 0
0.5 0 52 36
0.5 160 52 0
0.5 0 44 36
0.5 160 44 0
0.5 0 52 36
0.5 160 52 0
0.5 0 44 44
0 8 64 0
0 91 64 127
0.5 61 44 0
0.5 0 51 48
0.5 160 51 0
0.5 0 44 37
0.5 160 44 0
0.5 0 51 37
0.5 160 51 0
0.5 0 44 37
0.5 160 44 0
0.5 0 51 37
0.5 160 51 0
0.5 0 44 37
0.5 160 44 0
0.5 0 51 37
0.5 160 51 0
0.5 0 44 38
0.5 160 44 0
0.5 0 53 56
0 6 64 0
0 86 64 127
0.5 68 53 0
0.5 0 44 38
0.5 160 44 0
0.5 0 53 38
0.5 160 53 0
0.5 0 44 38
0.5 160 44 0
0.5 0 53 39
0.5 160 53 0
0.5 0 44 39
0.5 160 44 0
0.5 0 53 39
0.5 160 53 0
0.5 0 44 39
0.5 160 44 0
0.5 0 53 39
0.5 160 53 0
0.5 0 44 48
0 14 64 0
0 61 64 127
0.5 85 44 0
0.5 0 54 50
0.5 160 54 0
0.5 0 44 40
0.5 160 44 0
0.5 0 54 40
0.5 160 54 0
0.5 0 44 40
0.5 160 44 0
0.5 0 54 40
0.5 160 54 0
0.5 0 44 41
0.5 160 44 0
0.5 0 54 41
0.5 160 54 0
0.5 0 44 41
0.5 160 44 0
0.5 0 53 55
0 9 64 0
0 76 64 127
0.5 75 53 0
0.5 0 44 42
0.5 160 44 0
0.5 0 53 42
0.5 160 53 0
0.5 0 44 42
0.5 160 44 0
0.5 0 53 42
0.5 160 53 0
0.5 0 44 42
0.5 160 44 0
0.5 0 53 43
0.5 160 53 0
0.5 0 44 43
0.5 160 44 0
0.5 0 53 43
0.5 160 53 0
0.5 0 44 46
0 8 64 0
0 49 64 127
0.5 103 44 0
0.5 0 54 55
0.5 160 54 0
0.5 0 44 44
0.5 160 44 0
0.5 0 54 44
0.5 160 54 0
0.5 0 44 44
0.5 160 44 0
0.5 0 54 44
0.5 160 54 0
0.5 0 44 44
0.5 160 44 0
0.5 0 54 44
0.5 160 54 0
0.5 0 44 45
0.5 160 44 0
0.5 0 55 59
0 12 64 0
0 66 64 127
0.5 82 55 0
0.5 0 44 45
0.5 160 44 0
0.5 0 55 45
0.5 160 55 0
0.5 0 44 45
0.5 160 44 0
0.5 0 55 46
0.5 160 55 0
0.5 0 44 46
0.5 160 44 0
0.5 0 55 46
0.5 160 55 0
0.5 0 44 46
0.5 160 44 0
0.5 0 55 46
0.5 160 55 0
0.5 0 44 51
0 9 64 0
0 62 64 127
0.5 89 44 0
0.5 0 56 62
0.5 160 56 0
0.5 0 44 49
0.5 160 44 0
0.5 0 56 48
0.5 160 56 0
0.5 0 44 48
0.5 160 44 0
0.5 0 56 48
0.5 160 56 0
0.5 0 44 49
0.5 160 44 0
0.5 0 56 49
0.5 160 56 0
0.5 0 44 49
0.5 160 44 0
0.5 0 55 67
0 9 64 0
0 62 64 127
0.5 89 55 0
0.5 0 44 50
0.5 160 44 0
0.5 0 55 50
0.5 160 55 0
0.5 0 44 50
0.5 160 44 0
0.5 0 55 50
0.5 160 55 0
0.5 0 44 50
0.5 160 44 0
0.5 0 55 51
0.5 160 55 0
0.5 0 44 51
0.5 160 44 0
0.5 0 55 51
0.5 160 55 0
0.5 0 44 58
0 9 64 0
0 62 64 127
0.5 89 44 0
0.5 0 56 69
0.5 160 56 0
0.5 0 44 52
0.5 160 44 0
0.5 0 56 52
0.5 160 56 0
0.5 0 44 52
0.5 160 44 0
0.5 0 56 52
0.5 160 56 0
0.5 0 44 53
0.5 160 44 0
0.5 0 56 53
0.5 160 56 0
0.5 0 44 54
0.5 160 44 0
0.5 0 57 64
0 13 64 0
0 57 64 127
0.5 90 57 0
0.5 0 44 60
0.5 160 44 0
0.5 0 57 60
0.5 160 57 0
0.5 0 44 60
0.5 160 44 0
0.5 0 57 61
0.5 160 57 0
0.5 0 44 61
0.5 160 44 0
0.5 0 57 61
0.5 160 57 0
0.5 0 44 61
0.5 160 44 0
0.5 0 57 62
0.5 160 57 0
0.5 0 44 56
0.5 0 57 67
0.5 475 57 0
0.5 0 44 0
0.5 5 44 58
0.5 0 57 68
0.5 475 57 0
0.5 0 44 0
0.5 5 44 60
0.5 0 56 71
0.5 480 56 0
0.5 0 44 0
0.5 0 49 59
0.5 0 56 59
0.5 0 61 72
0 8 64 0
0 312 64 127
0.5 155 61 0
0.5 0 56 0
0.5 0 49 0
0.5 5 49 47
0.5 0 56 47
0.5 0 61 57
0.5 475 61 0
0.5 0 56 0
0.5 0 49 0
0.5 5 49 47
0.5 0 56 47
0.5 0 61 57
0.5 475 61 0
0.5 0 56 0
0.5 0 49 0
0.5 5 54 54
0.5 0 61 64
0 16 64 0
0 178 64 127
0.5 286 42 62
0.5 240 42 0
0.5 240 30 62
0.5 240 30 0
0 183 64 0
0.5 57 61 0
0.5 0 54 0
0.5 0 37 62
0 57 64 127
0.5 183 37 0
0.5 240 49 46
0.5 0 56 46
0.5 0 61 55
0.5 120 61 0
0.5 0 56 0
0.5 0 49 0
0.5 120 49 46
0.5 0 56 46
0.5 0 61 55
0.5 120 61 0
0.5 0 56 0
0.5 0 49 0
0.5 120 49 46
0.5 0 56 46
0.5 0 61 56
0.5 120 61 0
0.5 0 56 0
0.5 0 49 0
0.5 120 49 47
0.5 0 56 47
0.5 0 61 57
0.5 120 61 0
0.5 0 56 0
0.5 0 49 0
0 53 64 0
0.5 67 49 49
0.5 0 57 49
0.5 0 60 59
0.5 480 60 0
0.5 0 57 0
0.5 0 49 0
0.5 0 49 51
0.5 0 57 51
0.5 0 60 61
0.5 480 60 0
0.5 0 57 0
0.5 0 49 0
0.5 0 49 52
0.5 0 56 52
0.5 0 60 62
0.5 480 60 0
0.5 0 56 0
0.5 0 49 0
0.5 0 49 57
0.5 0 56 57
0.5 0 61 69
0 9 64 0
0 311 64 127
0.5 155 61 0
0.5 0 56 0
0.5 0 49 0
0.5 5 49 47
0.5 0 56 47
0.5 0 61 57
0.5 475 61 0
0.5 0 56 0
0.5 0 49 0
0.5 5 49 47
0.5 0 56 47
0.5 0 61 57
0.5 475 61 0
0.5 0 56 0
0.5 0 49 0
0.5 5 54 54
0.5 0 61 64
0 16 64 0
0 178 64 127
0.5 286 42 62
0.5 240 42 0
0.5 240 30 62
0.5 240 30 0
0 183 64 0
0.5 57 61 0
0.5 0 54 0
0.5 0 37 62
0 50 64 127
0.5 190 37 0
0.5 240 49 46
0.5 0 56 46
0.5 0 61 55
0.5 120 61 0
0.5 0 56 0
0.5 0 49 0
0.5 120 49 46
0.5 0 56 46
0.5 0 61 55
0.5 120 61 0
0.5 0 56 0
0.5 0 49 0
0.5 120 49 46
0.5 0 56 46
0.5 0 61 56
0.5 120 61 0
0.5 0 56 0
0.5 0 49 0
0.5 120 49 47
0.5 0 56 47
0.5 0 61 57
0.5 120 61 0
0.5 0 56 0
0.5 0 49 0
0 53 64 0
0.5 67 49 39
0.5 0 55 49
0.5 480 55 0
0.5 0 49 0
0.5 0 48 41
0.5 0 55 50
0.5 480 55 0
0.5 0 48 0
0.5 0 48 37
0.5 0 55 37
0.5 0 59 45
0.5 480 59 0
0.5 0 55 0
0.5 0 48 0
0.5 0 48 26
0.5 0 55 26
0.5 0 60 32
0 8 64 0
0 312 64 127
0.5 155 60 0
0.5 0 55 0
0.5 0 48 0
0.5 5 48 22
0.5 0 55 22
0.5 0 60 26
0.5 475 60 0
0.5 0 55 0
0.5 0 48 0
0.5 5 48 22
0.5 0 55 22
0.5 0 60 26
0.5 475 60 0
0.5 0 55 0
0.5 0 48 0
0.5 5 53 25
0.5 0 60 30
0 16 64 0
0 178 64 127
0.5 286 41 28
0.5 240 41 0
0.5 240 29 28
0.5 240 29 0
0 183 64 0
0.5 57 60 0
0.5 0 53 0
0.5 0 36 37
0 43 64 127
0.5 197 36 0
0.5 240 48 27
0.5 0 55 27
0.5 0 60 32
0.5 120 60 0
0.5 0 55 0
0.5 0 48 0
0.5 120 48 28
0.5 0 55 28
0.5 0 60 33
0.5 120 60 0
0.5 0 55 0
0.5 0 48 0
0.5 120 48 28
0.5 0 55 28
0.5 0 60 33
0.5 120 60 0
0.5 0 55 0
0.5 0 48 0
0.5 120 48 29
0.5 0 55 29
0.5 0 60 34
0.5 120 60 0
0.5 0 55 0
0.5 0 48 0
0 53 64 0
0.5 67 48 28
0.5 0 56 28
0.5 0 59 35
0.5 480 59 0
0.5 0 56 0
0.5 0 48 0
0.5 0 48 30
0.5 0 56 30
0.5 0 59 37
0.5 480 59 0
0.5 0 56 0
0.5 0 48 0
0.5 0 48 31
0.5 0 55 31
0.5 0 59 39
0.5 480 59 0
0.5 0 55 0
0.5 0 48 0
0.5 0 48 36
0.5 0 55 36
0.5 0 60 44
0.5 475 60 0
0.5 0 55 0
0.5 0 48 0
0.5 5 48 30
0.5 0 55 30
0.5 0 60 36
0.5 475 60 0
0.5 0 55 0
0.5 0 48 0
0.5 5 48 30
0.5 0 55 30
0.5 0 60 36
0.5 475 60 0
0.5 0 55 0
0.5 0 48 0
0.5 5 56 36
0.5 0 59 44
0.5 480 59 0
0.5 0 56 0
0.5 0 57 38
0.5 0 60 46
0.5 480 60 0
0.5 0 57 0
0.5 0 59 40
0.5 0 62 49
0.5 480 62 0
0.5 0 59 0
0.5 0 60 45
0.5 0 63 55
0.5 475 63 0
0.5 0 60 0
0.5 5 60 39
0.5 0 63 47
0.5 475 63 0
0.5 0 60 0
0.5 5 60 41
0.5 0 63 49
0.5 475 63 0
0.5 0 60 0
0.5 5 59 46
0.5 0 62 55
0.5 480 62 0
0.5 0 59 0
0.5 0 60 48
0.5 0 63 57
0.5 480 63 0
0.5 0 60 0
0.5 0 62 51
0.5 0 65 60
0.5 480 65 0
0.5 0 62 0
0.5 0 63 48
0.5 0 66 57
0.5 475 66 0
0.5 0 63 0
0.5 5 63 51
0.5 0 66 60
0.5 475 66 0
0.5 0 63 0
0.5 5 63 53
0.5 0 66 63
0.5 475 66 0
0.5 0 63 0
0.5 5 63 56
0.5 0 66 66
0.5 475 66 0
0.5 0 63 0
0.5 5 63 58
0.5 0 66 69
0.5 475 66 0
0.5 0 63 0
0.5 5 61 61
0.5 0 66 73
0.5 475 66 0
0.5 0 61 0
0.5 5 60 64
0.5 0 66 76
0.5 1440 66 0
0.5 0 60 0
0.5 0 48 73
0.5 0 60 86
0 40 64 127
0.5 440 60 0
0.5 0 48 0
0.5 0 49 77
0.5 0 61 91
0.5 480 61 0
0.5 0 49 0
0.5 0 50 81
0.5 0 62 96
0.5 480 62 0
0.5 0 50 0
0.5 0 52 84
0.5 0 64 99
0 20 64 0
0.5 700 64 0
0.5 0 52 0
0.5 0 51 79
0.5 0 63 94
0.5 240 63 0
0.5 0 51 0
0.5 0 49 79
0.5 0 61 93
0.5 240 61 0
0.5 0 49 0
0.5 0 48 78
0.5 0 60 92
0.5 240 60 0
0.5 0 48 0
0.5 0 45 77
0.5 0 57 91
0 34 64 127
0.5 206 57 0
0.5 0 45 0
0.5 0 44 77
0.5 0 56 91
0.5 240 56 0
0.5 0 44 0
0.5 0 43 76
0.5 0 55 90
0.5 240 55 0
0.5 0 43 0
0.5 0 44 71
0.5 0 56 84
0.5 240 56 0
0.5 0 44 0
0.5 0 47 74
0.5 0 59 88
0 34 64 0
0.5 86 59 0
0.5 0 47 0
0.5 120 45 74
0.5 0 57 88
0.5 120 57 0
0.5 0 45 0
0.5 120 44 74
0.5 0 56 88
0.5 120 56 0
0.5 0 44 0
0.5 120 42 73
0.5 0 54 87
0.5 120 54 0
0.5 0 42 0
0.5 120 40 73
0.5 0 52 87
0.5 120 52 0
0.5 0 40 0
0.5 120 39 73
0.5 0 51 87
0.5 120 51 0
0.5 0 39 0
0.5 120 37 73
0.5 0 49 86
0.5 120 49 0
0.5 0 37 0
0.5 120 36 73
0.5 0 48 86
0.5 120 48 0
0.5 0 36 0
0.5 120 39 73
0.5 0 51 86
0.5 120 51 0
0.5 0 39 0
0.5 120 33 86
0.5 0 45 102
0.5 960 45 0
0.5 0 33 0
0.5 0 32 78
0.5 0 44 92
0.5 480 44 0
0.5 0 32 0
0.5 0 31 82
0.5 0 43 97
0.5 480 43 0
0.5 0 31 0
0.5 0 32 82
0.5 0 44 97
0.5 480 44 0
0.5 0 32 0
0.5 0 27 83
0.5 0 39 98
0.5 480 39 0
0.5 0 27 0
0.5 0 30 79
0.5 0 42 94
0.5 720 42 0
0.5 0 30 0
0.5 0 28 76
0.5 0 40 90
0.5 240 40 0
0.5 0 28 0
0.5 0 37 102
0 85 64 127
0.5 75 37 0
0.5 0 44 38
0.5 160 44 0
0.5 0 56 39
0.5 160 56 0
0.5 0 49 41
0.5 160 49 0
0.5 0 44 43
0.5 160 44 0
0.5 0 37 45
0.5 160 37 0
0.5 0 44 47
0.5 160 44 0
0.5 0 49 46
0.5 160 49 0
0.5 0 56 44
0.5 160 56 0
0.5 0 49 43
0.5 160 49 0
0.5 0 44 42
0.5 160 44 0
0.5 0 37 40
0.5 160 37 0
0.5 0 44 42
0.5 160 44 0
0.5 0 49 40
0.5 160 49 0
0.5 0 56 38
0.5 160 56 0
0.5 0 49 36
0.5 160 49 0
0.5 0 44 34
0.5 160 44 0
0.5 0 37 31
0.5 160 37 0
0.5 0 44 30
0.5 160 44 0
0.5 0 49 29
0.5 160 49 0
0.5 0 56 28
0.5 160 56 0
0.5 0 49 27
0.5 160 49 0
0.5 0 44 26
0.5 160 44 0
0.5 0 37 25
0.5 160 37 0
0.5 0 44 26
0 14 64 0
0 92 64 127
0.5 54 44 0
0.5 0 49 25
0.5 160 49 0
0.5 0 56 26
0.5 160 56 0
0.5 0 49 27
0.5 160 49 0
0.5 0 44 28
0.5 160 44 0
0.5 0 37 29
0.5 160 37 0
0.5 0 44 28
0 15 64 0
0 63 64 127
0.5 82 44 0
0.5 0 49 29
0.5 160 49 0
0.5 0 59 30
0.5 160 59 0
0.5 0 49 30
0.5 160 49 0
0.5 0 44 31
0.5 160 44 0
0.5 0 37 32
0.5 160 37 0
0.5 0 44 33
0 14 64 0
0 50 64 127
0.5 96 44 0
0.5 0 49 31
0.5 160 49 0
0.5 0 59 30
0.5 160 59 0
0.5 0 49 30
0.5 160 49 0
0.5 0 44 29
0.5 160 44 0
0.5 0 37 28
0.5 160 37 0
0.5 0 45 28
0 9 64 0
0 76 64 127
0.5 75 45 0
0.5 0 49 28
0.5 160 49 0
0.5 0 57 28
0.5 160 57 0
0.5 0 49 28
0.5 160 49 0
0.5 0 45 28
0.5 160 45 0
0.5 0 37 28
0.5 160 37 0
0.5 0 45 32
0 11 64 0
0 46 64 127
0.5 103 45 0
0.5 0 50 29
0.5 160 50 0
0.5 0 57 29
0.5 160 57 0
0.5 0 50 28
0.5 160 50 0
0.5 0 45 27
0.5 160 45 0
0.5 0 37 26
0.5 160 37 0
0.5 0 45 25
0 11 64 0
0 46 64 127
0.5 103 45 0
0.5 0 50 24
0.5 160 50 0
0.5 0 57 24
0.5 160 57 0
0.5 0 50 24
0.5 160 50 0
0.5 0 45 24
0.5 160 45 0
0.5 0 37 24
0.5 160 37 0
0.5 0 44 26
0 15 64 0
0 52 64 127
0.5 93 44 0
0.5 0 52 24
0.5 160 52 0
0.5 0 61 23
0.5 160 61 0
0.5 0 52 23
0.5 160 52 0
0.5 0 44 23
0.5 160 44 0
0.5 0 37 23
0.5 160 37 0
0.5 0 35 26
0 15 64 0
0 34 64 127
0.5 111 35 0
0.5 0 47 24
0.5 160 47 0
0.5 0 63 24
0.5 160 63 0
0.5 0 57 24
0.5 160 57 0
0.5 0 47 24
0.5 160 47 0
0.5 0 35 24
0.5 160 35 0
0.5 0 40 30
0 14 64 0
0 92 64 127
0.5 54 40 0
0.5 0 47 31
0.5 160 47 0
0.5 0 64 31
0.5 160 64 0
0.5 0 56 32
0.5 160 56 0
0.5 0 47 32
0.5 160 47 0
0.5 0 39 33
0.5 160 39 0
0.5 0 37 34
0 18 64 0
0 60 64 127
0.5 82 37 0
0.5 0 44 34
0.5 160 44 0
0.5 0 56 35
0.5 160 56 0
0.5 0 49 35
0.5 160 49 0
0.5 0 44 36
0.5 160 44 0
0.5 0 37 36
0.5 160 37 0
0.5 0 37 37
0 14 64 0
0 50 64 127
0.5 96 37 0
0.5 0 44 37
0.5 160 44 0
0.5 0 61 36
0.5 160 61 0
0.5 0 53 35
0.5 160 53 0
0.5 0 44 34
0.5 160 44 0
0.5 0 37 33
0.5 160 37 0
0.5 0 37 32
0 19 64 0
0 84 64 127
0.5 57 37 0
0.5 0 45 31
0.5 160 45 0
0.5 0 61 30
0.5 160 61 0
0.5 0 54 29
0.5 160 54 0
0.5 0 45 29
0.5 160 45 0
0.5 0 37 28
0.5 160 37 0
0.5 0 37 26
0 10 64 0
0 47 64 127
0.5 103 37 0
0.5 0 45 24
0.5 160 45 0
0.5 0 57 24
0.5 160 57 0
0.5 0 50 24
0.5 160 50 0
0.5 0 45 24
0.5 160 45 0
0.5 0 37 24
0.5 160 37 0
0.5 0 37 26
0 12 64 0
0 51 64 127
0.5 97 37 0
0.5 0 45 24
0.5 160 45 0
0.5 0 57 24
0.5 160 57 0
0.5 0 50 24
0.5 160 50 0
0.5 0 45 24
0.5 160 45 0
0.5 0 37 24
0.5 160 37 0
0.5 0 37 31
0 17 64 0
0 80 64 127
0.5 63 37 0
0.5 0 45 26
0.5 160 45 0
0.5 0 57 28
0.5 160 57 0
0.5 0 50 32
0.5 160 50 0
0.5 0 45 27
0.5 160 45 0
0.5 0 37 27
0.5 160 37 0
0.5 0 37 31
0 15 64 0
0 76 64 127
0.5 69 37 0
0.5 0 45 28
0.5 160 45 0
0.5 0 57 28
0.5 160 57 0
0.5 0 50 28
0.5 160 50 0
0.5 0 45 28
0.5 160 45 0
0.5 0 37 28
0.5 160 37 0
0.5 0 37 35
0 17 64 0
0 39 64 127
0.5 104 37 0
0.5 0 44 25
0.5 160 44 0
0.5 0 61 30
0.5 160 61 0
0.5 0 53 27
0.5 160 53 0
0.5 0 44 27
0.5 160 44 0
0.5 0 37 27
0.5 160 37 0
0.5 0 37 31
0 16 64 0
0 48 64 127
0.5 96 37 0
0.5 0 44 28
0.5 160 44 0
0.5 0 60 32
0.5 160 60 0
0.5 0 51 28
0.5 160 51 0
0.5 0 44 27
0.5 160 44 0
0.5 0 37 27
0.5 160 37 0
0.5 0 37 37
0 19 64 0
0 37 64 127
0.5 104 37 0
0.5 0 44 26
0.5 160 44 0
0.5 0 58 34
0.5 160 58 0
0.5 0 49 26
0.5 160 49 0
0.5 0 44 26
0.5 160 44 0
0.5 0 37 26
0.5 160 37 0
0.5 0 37 29
0 16 64 0
0 60 64 127
0.5 84 37 0
0.5 0 44 26
0.5 160 44 0
0.5 0 56 33
0.5 160 56 0
0.5 0 48 26
0.5 160 48 0
0.5 0 44 26
0.5 160 44 0
0.5 0 37 26
0.5 160 37 0
0.5 0 37 35
0 18 64 0
0 38 64 127
0.5 104 37 0
0.5 0 44 25
0.5 160 44 0
0.5 0 61 30
0.5 160 61 0
0.5 0 53 25
0.5 160 53 0
0.5 0 44 25
0.5 160 44 0
0.5 0 37 25
0.5 160 37 0
0.5 0 37 28
0 16 64 0
0 81 64 127
0.5 63 37 0
0.5 0 44 25
0.5 160 44 0
0.5 0 60 31
0.5 160 60 0
0.5 0 51 25
0.5 160 51 0
0.5 0 44 25
0.5 160 44 0
0.5 0 37 25
0.5 160 37 0
0.5 0 37 33
0 21 64 0
0 82 64 127
0.5 57 37 0
0.5 0 44 24
0.5 160 44 0
0.5 0 58 29
0.5 160 58 0
0.5 0 49 23
0.5 160 49 0
0.5 0 44 23
0.5 160 44 0
0.5 0 37 23
0.5 160 37 0
0.5 0 37 26
0 16 64 0
0 57 64 127
0.5 87 37 0
0.5 0 44 24
0.5 160 44 0
0.5 0 56 28
0.5 160 56 0
0.5 0 48 23
0.5 160 48 0
0.5 0 44 23
0.5 160 44 0
0.5 0 37 23
0.5 160 37 0
0.5 0 37 31
0 18 64 0
0 74 64 127
0.5 68 37 0
0.5 0 44 22
0.5 160 44 0
0.5 0 56 27
0.5 160 56 0
0.5 0 49 22
0.5 160 49 0
0.5 0 44 22
0.5 160 44 0
0.5 0 37 22
0.5 160 37 0
0.5 0 44 31
0.5 160 44 0
0.5 0 49 26
0.5 160 49 0
0.5 0 56 28
0.5 160 56 0
0.5 0 49 30
0.5 160 49 0
0.5 0 44 32
0.5 160 44 0
0.5 0 37 35
0.5 160 37 0
0.5 0 42 42
0 17 64 0
0 89 64 127
0.5 54 42 0
0.5 0 49 30
0.5 160 49 0
0.5 0 61 31
0.5 160 61 0
0.5 0 54 33
0.5 160 54 0
0.5 0 49 35
0.5 160 49 0
0.5 0 42 36
0.5 160 42 0
0.5 0 30 44
0 17 64 0
0 96 64 127
0.5 47 30 0
0.5 0 49 37
0.5 160 49 0
0.5 0 61 37
0.5 160 61 0
0.5 0 54 37
0.5 160 54 0
0.5 0 49 37
0.5 160 49 0
0.5 0 42 37
0.5 160 42 0
0.5 0 25 55
0 17 64 0
0 29 64 127
0.5 34 25 0
0.5 80 37 44
0.5 80 37 0
0.5 80 44 46
0.5 80 44 0
0.5 80 49 48
0.5 80 49 0
0.5 80 56 50
0.5 80 56 0
0.5 80 61 51
0.5 80 61 0
0.5 560 44 22
0.5 0 49 22
0.5 0 53 22
0.5 0 56 27
0.5 480 37 25
0.5 1920 37 0
0.5 0 53 0
0.5 0 44 0
0.5 0 49 0
0.5 0 56 0
0 1440 64 0
1 0 0 0
