0.5 0 76 42
0.5 120 76 0
0.5 0 74 39
0.5 120 74 0
0.5 0 72 42
0.5 60 72 0
0.5 180 72 39
0.5 60 72 0
0.5 180 79 59
0.5 480 79 0
0.5 0 77 42
0.5 120 77 0
0.5 0 76 38
0.5 120 76 0
0.5 0 74 46
0.5 240 74 0
0.5 0 77 42
0.5 240 77 0
0.5 0 71 39
0.5 240 71 0
0.5 0 72 45
0.5 240 72 0
0.5 0 67 42
0.5 120 67 0
0.5 120 67 42
0.5 120 67 0
0.5 120 76 42
0.5 120 76 0
0.5 0 74 39
0.5 120 74 0
0.5 0 72 42
0.5 60 72 0
0.5 180 72 39
0.5 60 72 0
0.5 180 79 63
0.5 480 79 0
0.5 0 77 42
0.5 120 77 0
0.5 0 76 38
0.5 120 76 0
0.5 0 74 46
0.5 120 74 0
0.5 0 76 40
0.5 120 76 0
0.5 0 77 45
0.5 120 77 0
0.5 0 76 39
0.5 120 76 0
0.5 0 77 39
0.5 120 77 0
0.5 0 74 36
0.5 120 74 0
0.5 0 72 45
0.5 240 72 0
0.5 480 76 67
0.5 120 76 0
0.5 0 74 62
0.5 120 74 0
0.5 0 72 67
0.5 60 72 0
0.5 180 72 63
0.5 60 72 0
0.5 180 79 78
0.5 480 79 0
0.5 0 77 67
0.5 120 77 0
0.5 0 76 60
0.5 120 76 0
0.5 0 74 74
0.5 240 74 0
0.5 0 77 67
0.5 240 77 0
0.5 0 71 63
0.5 240 71 0
0.5 0 72 71
0.5 240 72 0
0.5 0 67 67
0.5 120 67 0
0.5 120 67 67
0.5 120 67 0
0.5 120 76 67
0.5 120 76 0
0.5 0 74 62
0.5 120 74 0
0.5 0 72 67
0.5 60 72 0
0.5 180 72 63
0.5 60 72 0
0.5 180 79 78
0.5 480 79 0
0.5 0 77 67
0.5 120 77 0
0.5 0 76 60
0.5 120 76 0
0.5 0 74 74
0.5 120 74 0
0.5 0 76 64
0.5 120 76 0
0.5 0 77 71
0.5 120 77 0
0.5 0 76 63
0.5 120 76 0
0.5 0 77 63
0.5 120 77 0
0.5 0 74 58
0.5 120 74 0
0.5 0 72 71
0.5 240 72 0
0.5 480 67 42
0.5 120 67 0
0.5 0 65 39
0.5 120 65 0
0.5 0 64 42
0.5 120 64 0
0.5 120 64 39
0.5 120 64 0
0.5 120 69 42
0.5 120 69 0
0.5 0 67 39
0.5 120 67 0
0.5 0 65 42
0.5 120 65 0
0.5 120 65 39
0.5 120 65 0
0.5 120 62 63
0.5 120 62 0
0.5 0 65 57
0.5 120 65 0
0.5 0 71 63
0.5 120 71 0
0.5 0 65 55
0.5 120 65 0
0.5 0 71 62
0.5 120 71 0
0.5 0 65 55
0.5 120 65 0
0.5 0 64 68
0.5 240 64 0
0.5 0 67 55
0.5 240 67 0
0.5 0 72 63
0.5 240 72 0
0.5 0 67 42
0.5 120 67 0
0.5 0 65 39
0.5 120 65 0
0.5 0 64 42
0.5 120 64 0
0.5 120 64 39
0.5 120 64 0
0.5 120 76 42
0.5 120 76 0
0.5 0 74 39
0.5 120 74 0
0.5 0 72 42
0.5 120 72 0
0.5 120 72 39
0.5 120 72 0
0.5 120 66 63
0.5 120 66 0
0.5 0 67 57
0.5 120 67 0
0.5 0 69 63
0.5 120 69 0
0.5 0 71 55
0.5 120 71 0
0.5 0 72 62
0.5 120 72 0
0.5 0 69 55
0.5 120 69 0
0.5 0 67 63
0.5 480 67 0
0.5 0 83 64
0.5 120 83 0
0.5 0 84 67
0.5 120 84 0
0.5 0 86 71
0.5 120 86 0
0.5 0 84 66
0.5 120 84 0
0.5 0 83 68
0.5 120 83 0
0.5 0 81 63
0.5 120 81 0
0.5 0 79 65
0.5 120 79 0
0.5 0 78 63
0.5 120 78 0
0.5 0 76 63
0.5 120 76 0
0.5 0 74 61
0.5 120 74 0
0.5 0 72 63
0.5 120 72 0
0.5 0 71 60
0.5 120 71 0
0.5 0 69 63
0.5 120 69 0
0.5 0 67 62
0.5 120 67 0
0.5 0 66 63
0.5 120 66 0
0.5 0 67 57
0.5 120 67 0
0.5 0 69 63
0.5 120 69 0
0.5 0 71 55
0.5 120 71 0
0.5 0 72 62
0.5 120 72 0
0.5 0 69 55
0.5 120 69 0
0.5 0 67 63
0.5 480 67 0
0.5 0 83 64
0.5 120 83 0
0.5 0 84 67
0.5 120 84 0
0.5 0 86 71
0.5 120 86 0
0.5 0 84 66
0.5 120 84 0
0.5 0 83 68
0.5 120 83 0
0.5 0 81 63
0.5 120 81 0
0.5 0 79 65
0.5 120 79 0
0.5 0 78 63
0.5 120 78 0
0.5 0 77 63
0.5 60 77 0
0.5 180 77 59
0.5 60 77 0
0.5 180 86 59
0.5 120 86 0
0.5 0 83 53
0.5 120 83 0
0.5 0 77 63
0.5 60 77 0
0.5 180 77 61
0.5 60 77 0
0.5 180 86 62
0.5 120 86 0
0.5 0 83 57
0.5 120 83 0
0.5 0 77 63
0.5 120 77 0
0.5 600 74 47
0.5 120 74 0
0.5 600 71 47
0.5 120 71 0
0.5 0 67 39
0.5 120 67 0
0.5 0 69 40
0.5 120 69 0
0.5 0 71 42
0.5 120 71 0
0.5 0 72 44
0.5 120 72 0
0.5 0 74 45
0.5 120 74 0
0.5 0 76 37
0.5 120 76 0
0.5 0 74 35
0.5 120 74 0
0.5 0 72 37
0.5 60 72 0
0.5 180 72 35
0.5 60 72 0
0.5 180 79 47
0.5 480 79 0
0.5 0 77 37
0.5 120 77 0
0.5 0 76 34
0.5 120 76 0
0.5 0 74 41
0.5 240 74 0
0.5 0 77 37
0.5 240 77 0
0.5 0 71 35
0.5 240 71 0
0.5 0 72 40
0.5 240 72 0
0.5 0 67 37
0.5 120 67 0
0.5 120 67 37
0.5 120 67 0
0.5 120 76 37
0.5 120 76 0
0.5 0 74 35
0.5 120 74 0
0.5 0 72 37
0.5 60 72 0
0.5 180 72 35
0.5 60 72 0
0.5 180 79 47
0.5 480 79 0
0.5 0 77 37
0.5 120 77 0
0.5 0 76 34
0.5 120 76 0
0.5 0 74 41
0.5 120 74 0
0.5 0 76 36
0.5 120 76 0
0.5 0 77 40
0.5 120 77 0
0.5 0 76 35
0.5 120 76 0
0.5 0 77 35
0.5 120 77 0
0.5 0 74 32
0.5 120 74 0
0.5 0 72 40
0.5 240 72 0
0.5 480 76 67
0.5 120 76 0
0.5 0 74 62
0.5 120 74 0
0.5 0 72 67
0.5 60 72 0
0.5 180 72 63
0.5 60 72 0
0.5 180 79 78
0.5 480 79 0
0.5 0 77 67
0.5 120 77 0
0.5 0 76 60
0.5 120 76 0
0.5 0 74 74
0.5 240 74 0
0.5 0 77 67
0.5 240 77 0
0.5 0 71 63
0.5 240 71 0
0.5 0 72 71
0.5 240 72 0
0.5 0 67 67
0.5 120 67 0
0.5 120 67 67
0.5 120 67 0
0.5 120 76 67
0.5 120 76 0
0.5 0 74 62
0.5 120 74 0
0.5 0 72 67
0.5 60 72 0
0.5 180 72 63
0.5 60 72 0
0.5 180 79 78
0.5 480 79 0
0.5 0 77 67
0.5 120 77 0
0.5 0 76 60
0.5 120 76 0
0.5 0 74 74
0.5 120 74 0
0.5 0 76 64
0.5 120 76 0
0.5 0 77 71
0.5 120 77 0
0.5 0 76 63
0.5 120 76 0
0.5 0 77 63
0.5 120 77 0
0.5 0 74 58
0.5 120 74 0
0.5 0 72 71
0.5 240 72 0
0.5 480 67 42
0.5 120 67 0
0.5 0 65 39
0.5 120 65 0
0.5 0 64 42
0.5 120 64 0
0.5 120 64 39
0.5 120 64 0
0.5 120 69 42
0.5 120 69 0
0.5 0 67 39
0.5 120 67 0
0.5 0 65 42
0.5 120 65 0
0.5 120 65 39
0.5 120 65 0
0.5 120 62 63
0.5 120 62 0
0.5 0 65 57
0.5 120 65 0
0.5 0 71 63
0.5 120 71 0
0.5 0 65 55
0.5 120 65 0
0.5 0 71 62
0.5 120 71 0
0.5 0 65 55
0.5 120 65 0
0.5 0 64 63
0.5 240 64 0
0.5 240 76 64
0.5 120 76 0
0.5 0 77 67
0.5 120 77 0
0.5 0 79 71
0.5 120 79 0
0.5 0 77 66
0.5 120 77 0
0.5 0 76 68
0.5 120 76 0
0.5 0 74 63
0.5 120 74 0
0.5 0 72 65
0.5 120 72 0
0.5 0 71 63
0.5 120 71 0
0.5 0 69 63
0.5 120 67 61
0.5 12 69 0
0.5 108 65 63
0.5 12 67 0
0.5 108 64 60
0.5 12 65 0
0.5 108 62 63
0.5 12 64 0
0.5 108 60 62
0.5 12 62 0
0.5 108 59 63
0.5 12 60 0
0.5 108 60 57
0.5 12 59 0
0.5 108 62 63
0.5 12 60 0
0.5 108 64 55
0.5 12 62 0
0.5 108 65 62
0.5 12 64 0
0.5 108 62 55
0.5 12 65 0
0.5 108 60 71
0.5 12 62 0
0.5 228 60 0
0.5 480 67 42
0.5 120 67 0
0.5 0 65 39
0.5 120 65 0
0.5 0 64 42
0.5 120 64 0
0.5 120 64 39
0.5 120 64 0
0.5 120 69 42
0.5 120 69 0
0.5 0 67 39
0.5 120 67 0
0.5 0 65 42
0.5 120 65 0
0.5 120 65 39
0.5 120 65 0
0.5 120 62 63
0.5 120 62 0
0.5 0 65 57
0.5 120 65 0
0.5 0 71 63
0.5 120 71 0
0.5 0 65 55
0.5 120 65 0
0.5 0 71 62
0.5 120 71 0
0.5 0 65 55
0.5 120 65 0
0.5 0 64 63
0.5 240 64 0
0.5 240 76 64
0.5 120 76 0
0.5 0 77 67
0.5 120 77 0
0.5 0 79 71
0.5 120 79 0
0.5 0 77 66
0.5 120 77 0
0.5 0 76 68
0.5 120 76 0
0.5 0 74 63
0.5 120 74 0
0.5 0 72 65
0.5 120 72 0
0.5 0 71 63
0.5 120 71 0
0.5 0 69 63
0.5 120 69 0
0.5 0 67 61
0.5 120 67 0
0.5 0 65 63
0.5 120 65 0
0.5 0 64 60
0.5 120 64 0
0.5 0 62 63
0.5 120 62 0
0.5 0 60 62
0.5 120 60 0
0.5 0 59 63
0.5 120 59 0
0.5 0 60 57
0.5 120 60 0
0.5 0 62 63
0.5 120 62 0
0.5 0 64 55
0.5 120 64 0
0.5 0 65 62
0.5 120 65 0
0.5 0 62 55
0.5 120 62 0
0.5 0 60 76
0.5 240 60 0
0.5 480 67 76
0.5 0 64 69
0.5 240 64 0
0.5 0 67 0
0.5 480 67 69
0.5 0 72 76
0.5 0 64 69
0.5 240 64 0
0.5 0 72 0
0.5 0 67 0
0.5 480 79 76
0.5 0 76 69
0.5 240 76 0
0.5 0 79 0
0.5 480 79 75
0.5 0 84 83
0.5 0 76 75
0.5 480 76 0
0.5 0 84 0
0.5 0 79 0
1 0 0 0
0.5 0 48 28
0.5 240 48 0
0.5 0 52 24
0.5 240 52 0
0.5 0 55 24
0.5 240 55 0
0.5 0 48 28
0.5 240 48 0
0.5 0 52 26
0.5 240 52 0
0.5 0 55 26
0.5 240 55 0
0.5 0 48 28
0.5 240 48 0
0.5 0 50 23
0.5 240 50 0
0.5 0 53 23
0.5 240 53 0
0.5 0 48 28
0.5 240 48 0
0.5 0 52 26
0.5 240 52 0
0.5 0 55 26
0.5 240 55 0
0.5 0 48 28
0.5 240 48 0
0.5 0 52 24
0.5 240 52 0
0.5 0 55 24
0.5 240 55 0
0.5 0 48 28
0.5 240 48 0
0.5 0 52 26
0.5 240 52 0
0.5 0 55 26
0.5 240 55 0
0.5 0 43 28
0.5 240 43 0
0.5 0 50 23
0.5 240 50 0
0.5 0 55 23
0.5 240 55 0
0.5 0 48 28
0.5 240 48 0
0.5 0 52 23
0.5 240 52 0
0.5 0 55 23
0.5 240 55 0
0.5 0 48 45
0.5 240 48 0
0.5 0 52 39
0.5 240 52 0
0.5 0 55 39
0.5 240 55 0
0.5 0 48 45
0.5 240 48 0
0.5 0 52 41
0.5 240 52 0
0.5 0 55 41
0.5 240 55 0
0.5 0 48 45
0.5 240 48 0
0.5 0 50 38
0.5 240 50 0
0.5 0 53 38
0.5 240 53 0
0.5 0 48 45
0.5 240 48 0
0.5 0 52 41
0.5 240 52 0
0.5 0 55 41
0.5 240 55 0
0.5 0 48 45
0.5 240 48 0
0.5 0 52 39
0.5 240 52 0
0.5 0 55 39
0.5 240 55 0
0.5 0 48 45
0.5 240 48 0
0.5 0 52 41
0.5 240 52 0
0.5 0 55 41
0.5 240 55 0
0.5 0 43 45
0.5 240 43 0
0.5 0 50 38
0.5 240 50 0
0.5 0 55 38
0.5 240 55 0
0.5 0 48 45
0.5 240 48 0
0.5 0 52 38
0.5 240 52 0
0.5 0 55 38
0.5 240 55 0
0.5 0 60 28
0.5 480 60 0
0.5 240 60 28
0.5 480 60 0
0.5 240 60 45
0.5 240 60 0
0.5 0 60 39
0.5 240 60 0
0.5 0 60 39
0.5 240 60 0
0.5 0 60 45
0.5 240 60 0
0.5 0 60 39
0.5 240 60 0
0.5 0 60 39
0.5 240 60 0
0.5 0 60 28
0.5 480 60 0
0.5 240 55 28
0.5 0 60 28
0.5 480 60 0
0.5 0 55 0
0.5 240 50 38
0.5 0 57 45
0.5 240 57 0
0.5 0 50 0
0.5 0 50 33
0.5 0 57 39
0.5 240 57 0
0.5 0 50 0
0.5 0 50 33
0.5 0 57 39
0.5 240 57 0
0.5 0 50 0
0.5 0 55 38
0.5 0 59 45
0.5 240 59 0
0.5 0 55 0
0.5 0 55 33
0.5 0 59 39
0.5 240 59 0
0.5 0 55 0
0.5 0 55 33
0.5 0 59 39
0.5 240 59 0
0.5 0 55 0
0.5 0 55 38
0.5 0 59 45
0.5 240 59 0
0.5 0 55 0
0.5 0 55 33
0.5 0 59 39
0.5 240 59 0
0.5 0 55 0
0.5 0 55 33
0.5 0 59 39
0.5 240 59 0
0.5 0 55 0
0.5 0 55 38
0.5 0 60 45
0.5 240 60 0
0.5 0 55 0
0.5 0 55 33
0.5 0 60 39
0.5 240 60 0
0.5 0 55 0
0.5 0 55 33
0.5 0 60 39
0.5 240 60 0
0.5 0 55 0
0.5 0 50 38
0.5 0 57 45
0.5 240 57 0
0.5 0 50 0
0.5 0 50 33
0.5 0 57 39
0.5 240 57 0
0.5 0 50 0
0.5 0 50 33
0.5 0 57 39
0.5 240 57 0
0.5 0 50 0
0.5 0 55 38
0.5 0 59 45
0.5 240 59 0
0.5 0 55 0
0.5 0 55 33
0.5 0 59 39
0.5 240 59 0
0.5 0 55 0
0.5 0 55 33
0.5 0 59 39
0.5 240 59 0
0.5 0 55 0
0.5 0 55 38
0.5 0 59 45
0.5 240 59 0
0.5 0 55 0
0.5 0 55 33
0.5 0 59 39
0.5 240 59 0
0.5 0 55 0
0.5 0 55 33
0.5 0 59 39
0.5 240 59 0
0.5 0 55 0
0.5 0 55 38
0.5 0 59 45
0.5 120 59 0
0.5 0 55 0
0.5 600 55 38
0.5 0 59 45
0.5 120 59 0
0.5 0 55 0
0.5 600 55 41
0.5 240 55 0
0.5 0 59 38
0.5 240 59 0
0.5 0 62 34
0.5 240 62 0
0.5 0 55 30
0.5 240 55 0
0.5 0 59 29
0.5 240 59 0
0.5 0 62 24
0.5 240 62 0
0.5 720 48 25
0.5 240 48 0
0.5 0 52 21
0.5 240 52 0
0.5 0 55 21
0.5 240 55 0
0.5 0 48 25
0.5 240 48 0
0.5 0 52 23
0.5 240 52 0
0.5 0 55 23
0.5 240 55 0
0.5 0 48 25
0.5 240 48 0
0.5 0 50 20
0.5 240 50 0
0.5 0 53 20
0.5 240 53 0
0.5 0 48 25
0.5 240 48 0
0.5 0 52 23
0.5 240 52 0
0.5 0 55 23
0.5 240 55 0
0.5 0 48 25
0.5 240 48 0
0.5 0 52 21
0.5 240 52 0
0.5 0 55 21
0.5 240 55 0
0.5 0 48 25
0.5 240 48 0
0.5 0 52 23
0.5 240 52 0
0.5 0 55 23
0.5 240 55 0
0.5 0 43 25
0.5 240 43 0
0.5 0 50 20
0.5 240 50 0
0.5 0 55 20
0.5 240 55 0
0.5 0 48 25
0.5 240 48 0
0.5 0 52 20
0.5 240 52 0
0.5 0 55 20
0.5 240 55 0
0.5 0 48 45
0.5 240 48 0
0.5 0 52 39
0.5 240 52 0
0.5 0 55 39
0.5 240 55 0
0.5 0 48 45
0.5 240 48 0
0.5 0 52 41
0.5 240 52 0
0.5 0 55 41
0.5 240 55 0
0.5 0 48 45
0.5 240 48 0
0.5 0 50 38
0.5 240 50 0
0.5 0 53 38
0.5 240 53 0
0.5 0 48 45
0.5 240 48 0
0.5 0 52 41
0.5 240 52 0
0.5 0 55 41
0.5 240 55 0
0.5 0 48 45
0.5 240 48 0
0.5 0 52 39
0.5 240 52 0
0.5 0 55 39
0.5 240 55 0
0.5 0 48 45
0.5 240 48 0
0.5 0 52 41
0.5 240 52 0
0.5 0 55 41
0.5 240 55 0
0.5 0 43 45
0.5 240 43 0
0.5 0 50 38
0.5 240 50 0
0.5 0 55 38
0.5 240 55 0
0.5 0 48 45
0.5 240 48 0
0.5 0 52 38
0.5 240 52 0
0.5 0 55 38
0.5 240 55 0
0.5 0 60 28
0.5 480 60 0
0.5 240 60 28
0.5 480 60 0
0.5 240 60 45
0.5 240 60 0
0.5 0 60 39
0.5 240 60 0
0.5 0 60 39
0.5 240 60 0
0.5 0 60 45
0.5 240 60 0
0.5 0 55 39
0.5 240 55 0
0.5 0 52 39
0.5 240 52 0
0.5 0 48 45
0.5 240 48 0
0.5 0 50 39
0.5 240 50 0
0.5 0 52 39
0.5 240 52 0
0.5 0 53 45
0.5 480 53 0
0.5 240 43 45
0.5 480 43 0
0.5 240 48 45
0.5 240 48 0
0.5 0 52 38
0.5 240 52 0
0.5 0 55 38
0.5 240 55 0
0.5 0 60 28
0.5 480 60 0
0.5 240 60 28
0.5 480 60 0
0.5 240 60 45
0.5 240 60 0
0.5 0 60 39
0.5 240 60 0
0.5 0 60 39
0.5 240 60 0
0.5 0 60 45
0.5 240 60 0
0.5 0 55 39
0.5 240 55 0
0.5 0 52 39
0.5 240 52 0
0.5 0 48 45
0.5 240 48 0
0.5 0 50 39
0.5 240 50 0
0.5 0 52 39
0.5 240 52 0
0.5 0 53 47
0.5 240 53 0
0.5 0 53 39
0.5 240 53 0
0.5 0 53 39
0.5 240 53 0
0.5 0 43 48
0.5 240 43 0
0.5 0 43 41
0.5 240 43 0
0.5 0 43 42
0.5 240 43 0
0.5 0 48 53
0.5 240 48 0
0.5 0 52 40
0.5 240 52 0
0.5 0 55 40
0.5 240 55 0
0.5 0 48 53
0.5 240 48 0
0.5 0 52 40
0.5 240 52 0
0.5 0 55 40
0.5 240 55 0
0.5 0 48 53
0.5 240 48 0
0.5 0 52 40
0.5 240 52 0
0.5 0 55 40
0.5 240 55 0
0.5 0 48 53
0.5 240 48 0
0.5 0 52 40
0.5 240 52 0
0.5 0 55 40
0.5 240 55 0
0.5 0 48 53
0.5 480 48 0
0 812 64 127
0 404 64 0
0 90 64 127
0 134 64 0
0 791 64 127
0 192 64 0
0 1248 64 127
0 421 64 0
0 94 64 127
0 134 64 0
0 78 64 127
0 176 64 0
0 85 64 127
0 152 64 0
0 95 64 127
0 134 64 0
0 94 64 127
0 166 64 0
0 1244 64 127
0 433 64 0
0 89 64 127
0 134 64 0
0 812 64 127
0 165 64 0
0 1240 64 127
0 433 64 0
0 82 64 127
0 155 64 0
0 92 64 127
0 155 64 0
0 57 64 127
0 182 64 0
0 65 64 127
0 162 64 0
0 160 64 127
0 100 64 0
0 1943 64 127
0 686 64 0
0 125 64 127
0 586 64 0
0 1492 64 127
0 205 64 0
0 58 64 127
0 176 64 0
0 75 64 127
0 154 64 0
0 134 64 127
0 364 64 0
0 74 64 127
0 148 64 0
0 57 64 127
0 197 64 0
0 61 64 127
0 182 64 0
0 52 64 127
0 178 64 0
0 85 64 127
0 166 64 0
0 53 64 127
0 183 64 0
0 85 64 127
0 141 64 0
0 69 64 127
0 188 64 0
0 46 64 127
0 189 64 0
0 63 64 127
0 174 64 0
0 118 64 127
0 364 64 0
0 74 64 127
0 167 64 0
0 80 64 127
0 164 64 0
0 59 64 127
0 178 64 0
0 62 64 127
0 170 64 0
0 525 64 127
0 190 64 0
0 501 64 127
0 219 64 0
0 2944 64 127
0 430 64 0
0 57 64 127
0 169 64 0
0 763 64 127
0 216 64 0
0 1280 64 127
0 394 64 0
0 86 64 127
0 141 64 0
0 78 64 127
0 177 64 0
0 84 64 127
0 160 64 0
0 52 64 127
0 169 64 0
0 94 64 127
0 166 64 0
0 1237 64 127
0 433 64 0
0 61 64 127
0 176 64 0
0 784 64 127
0 185 64 0
0 1255 64 127
0 421 64 0
0 87 64 127
0 157 64 0
0 69 64 127
0 172 64 0
0 82 64 127
0 162 64 0
0 57 64 127
0 162 64 0
0 107 64 127
0 147 64 0
0 1991 64 127
0 635 64 0
0 120 64 127
0 137 64 0
0 308 64 127
0 155 64 0
0 78 64 127
0 183 64 0
0 78 64 127
0 154 64 0
0 58 64 127
0 169 64 0
0 1480 64 127
0 218 64 0
0 1994 64 127
0 628 64 0
0 85 64 127
0 171 64 0
0 288 64 127
0 184 64 0
0 56 64 127
0 193 64 0
0 75 64 127
0 162 64 0
0 50 64 127
0 184 64 0
0 70 64 127
0 176 64 0
0 64 64 127
0 174 64 0
0 66 64 127
0 171 64 0
0 62 64 127
0 186 64 0
0 89 64 127
0 150 64 0
0 69 64 127
0 157 64 0
0 158 64 127
0 560 64 0
0 174 64 127
0 553 64 0
0 233 64 127
0 485 64 0
0 129 64 127
0 586 64 0
0 134 64 127
0 1066 64 0
1 0 0 0
