0.5 480 79 48
0.5 120 79 0
0.5 0 81 54
0.5 120 81 0
0.5 0 83 55
0.5 120 83 0
0.5 0 84 60
0.5 120 84 0
0.5 0 86 63
0.5 480 86 0
0.5 0 84 55
0.5 120 84 0
0.5 0 83 51
0.5 120 83 0
0.5 0 81 51
0.5 120 81 0
0.5 0 79 51
0.5 120 79 0
0.5 0 78 58
0.5 480 78 0
0.5 0 79 55
0.5 120 79 0
0.5 0 78 51
0.5 120 78 0
0.5 0 76 53
0.5 120 76 0
0.5 0 74 51
0.5 120 74 0
0.5 0 79 55
0.5 120 79 0
0.5 120 79 50
0.5 120 79 0
0.5 120 81 55
0.5 120 81 0
0.5 0 79 50
0.5 120 79 0
0.5 0 78 51
0.5 120 78 0
0.5 0 79 47
0.5 120 79 0
0.5 0 81 55
0.5 480 81 0
0.5 0 81 48
0.5 120 81 0
0.5 0 83 54
0.5 120 83 0
0.5 0 84 58
0.5 120 84 0
0.5 0 86 62
0.5 120 86 0
0.5 0 88 65
0.5 480 88 0
0.5 0 86 55
0.5 120 86 0
0.5 0 84 51
0.5 120 84 0
0.5 0 83 51
0.5 120 83 0
0.5 0 81 51
0.5 120 81 0
0.5 0 86 58
0.5 90 86 0
0.5 150 86 54
0.5 90 86 0
0.5 150 84 55
0.5 120 84 0
0.5 0 83 51
0.5 120 83 0
0.5 0 81 53
0.5 120 81 0
0.5 0 79 51
0.5 120 79 0
0.5 0 84 55
0.5 90 84 0
0.5 150 84 50
0.5 90 84 0
0.5 150 83 55
0.5 120 83 0
0.5 0 81 50
0.5 120 81 0
0.5 0 79 51
0.5 120 79 0
0.5 0 78 47
0.5 120 78 0
0.5 0 79 55
0.5 240 79 0
0.5 240 67 60
0.5 120 67 0
0.5 0 69 67
0.5 120 69 0
0.5 0 71 70
0.5 120 71 0
0.5 0 72 76
0.5 120 72 0
0.5 0 74 80
0.5 480 74 0
0.5 0 72 68
0.5 120 72 0
0.5 0 71 63
0.5 120 71 0
0.5 0 69 63
0.5 120 69 0
0.5 0 67 63
0.5 120 67 0
0.5 0 66 72
0.5 480 66 0
0.5 0 67 68
0.5 120 67 0
0.5 0 66 63
0.5 120 66 0
0.5 0 64 66
0.5 120 64 0
0.5 0 62 63
0.5 120 62 0
0.5 0 67 68
0.5 120 67 0
0.5 120 67 62
0.5 120 67 0
0.5 120 69 68
0.5 120 69 0
0.5 0 67 62
0.5 120 67 0
0.5 0 66 63
0.5 120 66 0
0.5 0 67 58
0.5 120 67 0
0.5 0 69 68
0.5 480 69 0
0.5 0 69 60
0.5 120 69 0
0.5 0 71 67
0.5 120 71 0
0.5 0 72 70
0.5 120 72 0
0.5 0 74 73
0.5 120 74 0
0.5 0 76 80
0.5 480 76 0
0.5 0 74 68
0.5 120 74 0
0.5 0 72 63
0.5 120 72 0
0.5 0 71 63
0.5 120 71 0
0.5 0 69 63
0.5 120 69 0
0.5 0 74 72
0.5 90 74 0
0.5 150 74 58
0.5 90 74 0
0.5 150 72 68
0.5 120 72 0
0.5 0 71 63
0.5 120 71 0
0.5 0 69 66
0.5 120 69 0
0.5 0 67 63
0.5 120 67 0
0.5 0 72 68
0.5 90 72 0
0.5 150 72 57
0.5 90 72 0
0.5 150 71 68
0.5 120 71 0
0.5 0 69 62
0.5 120 69 0
0.5 0 67 63
0.5 120 67 0
0.5 0 66 58
0.5 120 66 0
0.5 0 67 68
0.5 90 67 0
0.5 150 67 57
0.5 90 67 0
0.5 150 79 54
0.5 120 79 0
0.5 0 78 41
0.5 120 78 0
0.5 0 79 43
0.5 120 79 0
0.5 0 76 40
0.5 120 76 0
0.5 0 73 48
0.5 120 73 0
0.5 120 73 43
0.5 120 73 0
0.5 120 74 48
0.5 120 74 0
0.5 0 73 40
0.5 120 73 0
0.5 0 71 42
0.5 120 71 0
0.5 0 69 40
0.5 120 69 0
0.5 0 74 48
0.5 120 74 0
0.5 120 74 45
0.5 120 74 0
0.5 120 81 53
0.5 120 81 0
0.5 0 78 41
0.5 120 78 0
0.5 0 81 43
0.5 120 81 0
0.5 0 74 40
0.5 120 74 0
0.5 0 73 48
0.5 120 73 0
0.5 120 73 43
0.5 120 73 0
0.5 120 74 48
0.5 120 74 0
0.5 0 73 40
0.5 120 73 0
0.5 0 71 42
0.5 120 71 0
0.5 0 73 40
0.5 120 73 0
0.5 0 74 48
0.5 240 74 0
0.5 0 76 46
0.5 120 76 0
0.5 0 78 49
0.5 120 78 0
0.5 0 79 56
0.5 120 79 0
0.5 0 78 41
0.5 120 78 0
0.5 0 79 43
0.5 120 79 0
0.5 0 76 40
0.5 120 76 0
0.5 0 73 48
0.5 120 73 0
0.5 120 73 43
0.5 120 73 0
0.5 120 74 48
0.5 120 74 0
0.5 0 73 40
0.5 120 73 0
0.5 0 71 42
0.5 120 71 0
0.5 0 73 40
0.5 120 73 0
0.5 0 74 54
0.5 120 74 0
0.5 0 76 52
0.5 120 76 0
0.5 0 78 54
0.5 120 78 0
0.5 0 79 55
0.5 120 79 0
0.5 0 81 57
0.5 120 81 0
0.5 0 83 60
0.5 120 83 0
0.5 0 85 62
0.5 120 85 0
0.5 0 86 63
0.5 120 86 0
0.5 240 79 58
0.5 120 79 0
0.5 0 76 58
0.5 120 76 0
0.5 0 73 65
0.5 120 73 0
0.5 0 76 58
0.5 120 76 0
0.5 0 73 58
0.5 120 73 0
0.5 0 76 58
0.5 120 76 0
0.5 0 74 68
0.5 120 74 0
0.5 0 78 58
0.5 120 78 0
0.5 0 81 58
0.5 120 81 0
0.5 0 78 58
0.5 120 78 0
0.5 0 81 64
0.5 120 81 0
0.5 0 78 58
0.5 120 78 0
0.5 0 81 58
0.5 120 81 0
0.5 0 78 58
0.5 120 78 0
0.5 0 76 68
0.5 120 76 0
0.5 0 79 57
0.5 120 79 0
0.5 0 83 57
0.5 120 83 0
0.5 0 79 57
0.5 120 79 0
0.5 0 83 64
0.5 120 83 0
0.5 0 79 57
0.5 120 79 0
0.5 0 83 57
0.5 120 83 0
0.5 0 79 57
0.5 120 79 0
0.5 0 78 65
0.5 120 78 0
0.5 0 81 54
0.5 120 81 0
0.5 0 84 54
0.5 120 84 0
0.5 0 81 54
0.5 120 81 0
0.5 0 84 62
0.5 120 84 0
0.5 0 81 53
0.5 120 81 0
0.5 0 84 53
0.5 120 84 0
0.5 0 81 53
0.5 120 81 0
0.5 0 78 55
0.5 120 78 0
0.5 0 81 45
0.5 120 81 0
0.5 0 84 44
0.5 120 84 0
0.5 0 81 43
0.5 120 81 0
0.5 0 78 49
0.5 120 78 0
0.5 0 81 42
0.5 120 81 0
0.5 0 84 41
0.5 120 84 0
0.5 0 81 41
0.5 120 81 0
0.5 0 78 51
0.5 120 78 0
0.5 0 74 42
0.5 120 74 0
0.5 0 76 47
0.5 120 76 0
0.5 0 78 48
0.5 120 78 0
0.5 0 79 50
0.5 120 79 0
0.5 0 81 54
0.5 120 81 0
0.5 0 83 56
0.5 120 83 0
0.5 0 84 61
0.5 120 84 0
0.5 0 86 68
0.5 480 86 0
0.5 0 84 55
0.5 120 84 0
0.5 0 83 51
0.5 120 83 0
0.5 0 81 51
0.5 120 81 0
0.5 0 79 51
0.5 120 79 0
0.5 0 78 58
0.5 480 78 0
0.5 0 79 55
0.5 120 79 0
0.5 0 78 51
0.5 120 78 0
0.5 0 76 53
0.5 120 76 0
0.5 0 74 51
0.5 120 74 0
0.5 0 79 55
0.5 120 79 0
0.5 120 79 50
0.5 120 79 0
0.5 120 81 55
0.5 120 81 0
0.5 0 79 50
0.5 120 79 0
0.5 0 78 51
0.5 120 78 0
0.5 0 79 47
0.5 120 79 0
0.5 0 81 55
0.5 480 81 0
0.5 0 81 48
0.5 120 81 0
0.5 0 83 54
0.5 120 83 0
0.5 0 84 56
0.5 120 84 0
0.5 0 86 60
0.5 120 86 0
0.5 0 88 65
0.5 480 88 0
0.5 0 86 55
0.5 120 86 0
0.5 0 84 51
0.5 120 84 0
0.5 0 83 51
0.5 120 83 0
0.5 0 81 51
0.5 120 81 0
0.5 0 86 58
0.5 90 86 0
0.5 150 86 58
0.5 90 86 0
0.5 150 84 55
0.5 120 84 0
0.5 0 83 51
0.5 120 83 0
0.5 0 81 53
0.5 120 81 0
0.5 0 79 51
0.5 120 79 0
0.5 0 84 55
0.5 90 84 0
0.5 150 84 50
0.5 90 84 0
0.5 150 83 55
0.5 120 83 0
0.5 0 81 50
0.5 120 81 0
0.5 0 79 51
0.5 120 79 0
0.5 0 78 47
0.5 120 78 0
0.5 0 79 55
0.5 240 79 0
0.5 240 67 60
0.5 120 67 0
0.5 0 69 67
0.5 120 69 0
0.5 0 71 70
0.5 120 71 0
0.5 0 72 72
0.5 120 72 0
0.5 0 74 76
0.5 480 74 0
0.5 0 72 68
0.5 120 72 0
0.5 0 71 63
0.5 120 71 0
0.5 0 69 63
0.5 120 69 0
0.5 0 67 63
0.5 120 67 0
0.5 0 66 72
0.5 480 66 0
0.5 0 67 68
0.5 120 67 0
0.5 0 66 63
0.5 120 66 0
0.5 0 64 66
0.5 120 64 0
0.5 0 62 63
0.5 120 62 0
0.5 0 67 68
0.5 120 67 0
0.5 120 67 62
0.5 120 67 0
0.5 120 69 68
0.5 120 69 0
0.5 0 67 62
0.5 120 67 0
0.5 0 66 63
0.5 120 66 0
0.5 0 67 58
0.5 120 67 0
0.5 0 69 68
0.5 480 69 0
0.5 0 69 60
0.5 120 69 0
0.5 0 71 67
0.5 120 71 0
0.5 0 72 70
0.5 120 72 0
0.5 0 74 73
0.5 120 74 0
0.5 0 76 80
0.5 480 76 0
0.5 0 74 68
0.5 120 74 0
0.5 0 72 63
0.5 120 72 0
0.5 0 71 63
0.5 120 71 0
0.5 0 69 63
0.5 120 69 0
0.5 0 74 72
0.5 90 74 0
0.5 150 74 62
0.5 90 74 0
0.5 150 72 68
0.5 120 72 0
0.5 0 71 63
0.5 120 71 0
0.5 0 69 66
0.5 120 69 0
0.5 0 67 63
0.5 120 67 0
0.5 0 72 68
0.5 90 72 0
0.5 150 72 57
0.5 90 72 0
0.5 150 71 68
0.5 120 71 0
0.5 0 69 62
0.5 120 69 0
0.5 0 67 63
0.5 120 67 0
0.5 0 66 58
0.5 120 66 0
0.5 0 67 68
0.5 240 67 0
0.5 960 76 46
0.5 0 72 39
0.5 90 72 0
0.5 0 76 0
0.5 150 71 45
0.5 0 74 53
0.5 90 74 0
0.5 0 71 0
0.5 150 76 49
0.5 0 72 41
0.5 90 72 0
0.5 0 76 0
0.5 150 71 45
0.5 0 74 54
0.5 120 74 0
0.5 0 71 0
0.5 1080 76 50
0.5 0 72 42
0.5 90 72 0
0.5 0 76 0
0.5 150 71 49
0.5 0 74 58
0.5 90 74 0
0.5 0 71 0
0.5 150 76 53
0.5 0 72 45
0.5 90 72 0
0.5 0 76 0
0.5 150 71 49
0.5 0 74 59
0.5 120 74 0
0.5 0 71 0
0.5 1080 67 56
0.5 0 76 64
0.5 120 76 0
0.5 0 67 0
0.5 120 74 74
0.5 0 67 65
0.5 120 67 0
0.5 0 74 0
0.5 120 67 57
0.5 0 76 65
0.5 120 76 0
0.5 0 67 0
0.5 120 74 74
0.5 0 67 65
0.5 120 67 0
0.5 0 74 0
0.5 120 67 55
0.5 0 74 63
0.5 120 74 0
0.5 0 67 0
0.5 120 72 72
0.5 0 69 63
0.5 120 69 0
0.5 0 72 0
0.5 120 72 62
0.5 0 69 54
0.5 120 69 0
0.5 0 72 0
0.5 120 71 71
0.5 0 67 62
0.5 120 67 0
0.5 0 71 0
0.5 120 71 60
0.5 0 67 53
0.5 120 67 0
0.5 0 71 0
0.5 120 69 71
0.5 0 66 62
0.5 120 66 0
0.5 0 69 0
0.5 120 69 58
0.5 0 66 51
0.5 120 66 0
0.5 0 69 0
0.5 120 67 71
0.5 120 67 0
0.5 360 86 48
0.5 120 86 0
0.5 0 84 54
0.5 120 84 0
0.5 0 83 56
0.5 120 83 0
0.5 0 81 58
0.5 120 81 0
0.5 0 79 61
0.5 120 79 0
0.5 120 79 53
0.5 120 79 0
0.5 120 74 58
0.5 120 74 0
0.5 120 74 49
0.5 120 74 0
0.5 120 71 58
0.5 120 71 0
0.5 360 86 48
0.5 120 86 0
0.5 0 84 54
0.5 120 84 0
0.5 0 83 56
0.5 120 83 0
0.5 0 81 58
0.5 120 81 0
0.5 0 79 61
0.5 120 79 0
0.5 120 79 53
0.5 120 79 0
0.5 120 74 58
0.5 120 74 0
0.5 120 74 49
0.5 120 74 0
0.5 120 71 58
0.5 120 71 0
0.5 360 78 80
0.5 0 72 67
0.5 0 69 67
0.5 120 69 0
0.5 0 72 0
0.5 0 78 0
0.5 360 79 87
0.5 0 74 73
0.5 0 71 73
0.5 120 71 0
0.5 0 74 0
0.5 0 79 0
0.5 360 78 80
0.5 0 74 67
0.5 0 69 67
0.5 120 69 0
0.5 0 74 0
0.5 0 78 0
0.5 360 79 90
0.5 0 74 77
0.5 0 71 77
0.5 120 71 0
0.5 0 74 0
0.5 0 79 0
0.5 360 71 52
0.5 120 71 0
0.5 120 71 42
0.5 120 71 0
0.5 120 71 52
0.5 120 71 0
0.5 120 71 40
0.5 120 71 0
0.5 120 76 46
0.5 120 76 0
0.5 120 76 38
0.5 120 76 0
0.5 120 75 52
0.5 120 75 0
0.5 120 75 40
0.5 120 75 0
0.5 120 71 43
0.5 120 71 0
0.5 120 71 33
0.5 120 71 0
0.5 120 71 52
0.5 120 71 0
0.5 120 71 38
0.5 120 71 0
0.5 120 79 45
0.5 120 79 0
0.5 120 79 38
0.5 120 79 0
0.5 120 78 52
0.5 120 78 0
0.5 120 78 42
0.5 120 78 0
0.5 120 83 49
0.5 120 83 0
0.5 120 83 44
0.5 120 83 0
0.5 120 76 52
0.5 120 76 0
0.5 120 76 42
0.5 120 76 0
0.5 120 81 49
0.5 120 81 0
0.5 120 81 44
0.5 120 81 0
0.5 120 74 52
0.5 120 74 0
0.5 120 74 46
0.5 120 74 0
0.5 120 81 62
0.5 120 81 0
0.5 0 79 51
0.5 120 79 0
0.5 0 78 51
0.5 120 78 0
0.5 0 79 52
0.5 120 79 0
0.5 0 76 63
0.5 120 76 0
0.5 120 76 45
0.5 120 76 0
0.5 120 73 52
0.5 120 73 0
0.5 120 73 44
0.5 120 73 0
0.5 120 70 52
0.5 120 70 0
0.5 120 70 42
0.5 120 70 0
0.5 120 66 51
0.5 120 66 0
0.5 120 66 43
0.5 120 66 0
0.5 120 66 53
0.5 120 66 0
0.5 120 66 43
0.5 120 66 0
0.5 120 71 63
0.5 120 71 0
0.5 120 71 55
0.5 120 71 0
0.5 120 70 67
0.5 120 70 0
0.5 120 70 48
0.5 120 70 0
0.5 120 66 57
0.5 120 66 0
0.5 120 66 48
0.5 120 66 0
0.5 120 66 61
0.5 120 66 0
0.5 120 66 50
0.5 120 66 0
0.5 120 74 62
0.5 120 74 0
0.5 120 74 49
0.5 120 74 0
0.5 120 73 71
0.5 120 73 0
0.5 120 73 56
0.5 120 73 0
0.5 120 78 68
0.5 120 78 0
0.5 120 78 50
0.5 120 78 0
0.5 120 71 69
0.5 120 71 0
0.5 120 71 55
0.5 120 71 0
0.5 120 76 65
0.5 120 76 0
0.5 120 76 56
0.5 120 76 0
0.5 120 69 68
0.5 120 69 0
0.5 120 69 60
0.5 120 69 0
0.5 120 74 65
0.5 120 74 0
0.5 120 74 56
0.5 120 74 0
0.5 120 74 74
0.5 240 74 0
0.5 0 68 63
0.5 240 68 0
0.5 0 69 76
0.5 120 69 0
0.5 0 68 55
0.5 120 68 0
0.5 0 66 63
0.5 120 66 0
0.5 0 68 55
0.5 120 68 0
0.5 0 71 73
0.5 240 71 0
0.5 0 69 55
0.5 240 69 0
0.5 960 66 70
0.5 0 62 59
0.5 120 62 0
0.5 0 66 0
0.5 120 66 64
0.5 0 62 54
0.5 120 62 0
0.5 0 66 0
0.5 120 61 58
0.5 0 64 69
0.5 120 64 0
0.5 0 61 0
0.5 120 64 59
0.5 0 61 50
0.5 120 61 0
0.5 0 64 0
0.5 1080 66 70
0.5 0 63 59
0.5 120 63 0
0.5 0 66 0
0.5 120 66 64
0.5 0 63 54
0.5 120 63 0
0.5 0 66 0
0.5 120 64 58
0.5 0 67 69
0.5 120 67 0
0.5 0 64 0
0.5 120 67 59
0.5 0 64 50
0.5 120 64 0
0.5 0 67 0
0.5 120 79 73
0.5 0 76 62
0.5 120 76 0
0.5 0 79 0
0.5 120 79 66
0.5 0 76 56
0.5 120 76 0
0.5 0 79 0
0.5 120 76 74
0.5 0 73 62
0.5 120 73 0
0.5 0 76 0
0.5 120 76 68
0.5 0 73 57
0.5 120 73 0
0.5 0 76 0
0.5 120 73 74
0.5 0 69 62
0.5 120 69 0
0.5 0 73 0
0.5 120 73 69
0.5 0 69 58
0.5 120 69 0
0.5 0 73 0
0.5 120 81 76
0.5 480 81 0
0.5 0 79 76
0.5 120 79 0
0.5 0 78 70
0.5 120 78 0
0.5 0 76 70
0.5 120 76 0
0.5 0 74 70
0.5 120 74 0
0.5 0 73 76
0.5 240 73 0
0.5 0 71 69
0.5 240 71 0
0.5 0 69 73
0.5 120 69 0
0.5 0 67 64
0.5 120 67 0
0.5 0 66 64
0.5 120 66 0
0.5 0 64 64
0.5 120 64 0
0.5 0 62 72
0.5 480 62 0
0.5 0 64 59
0.5 120 64 0
0.5 0 62 49
0.5 120 62 0
0.5 0 61 49
0.5 120 61 0
0.5 0 59 49
0.5 120 59 0
0.5 0 57 57
0.5 480 57 0
0.5 0 57 54
0.5 120 57 0
0.5 0 55 48
0.5 120 55 0
0.5 0 54 45
0.5 120 54 0
0.5 0 52 43
0.5 120 52 0
0.5 0 50 48
0.5 120 50 0
0.5 120 50 45
0.5 120 50 0
0.5 120 54 48
0.5 120 54 0
0.5 120 54 39
0.5 120 54 0
0.5 120 59 48
0.5 120 59 0
0.5 120 59 37
0.5 120 59 0
0.5 120 56 42
0.5 120 56 0
0.5 120 56 35
0.5 120 56 0
0.5 120 57 48
0.5 120 57 0
0.5 120 57 37
0.5 120 57 0
0.5 120 64 40
0.5 120 64 0
0.5 120 64 33
0.5 120 64 0
0.5 120 69 42
0.5 120 69 0
0.5 120 69 31
0.5 120 69 0
0.5 120 66 39
0.5 120 66 0
0.5 120 66 32
0.5 120 66 0
0.5 120 67 40
0.5 120 67 0
0.5 120 67 35
0.5 120 67 0
0.5 120 71 45
0.5 120 71 0
0.5 120 71 51
0.5 120 71 0
0.5 120 71 68
0.5 240 71 0
0.5 0 64 53
0.5 240 64 0
0.5 0 71 59
0.5 240 71 0
0.5 0 62 48
0.5 240 62 0
0.5 0 62 57
0.5 240 62 0
0.5 0 61 48
0.5 240 61 0
0.5 0 76 64
0.5 120 76 0
0.5 120 76 56
0.5 120 76 0
0.5 120 76 68
0.5 240 76 0
0.5 0 69 53
0.5 240 69 0
0.5 0 76 65
0.5 240 76 0
0.5 0 67 53
0.5 240 67 0
0.5 0 67 69
0.5 240 67 0
0.5 0 66 59
0.5 240 66 0
0.5 0 74 64
0.5 120 74 0
0.5 120 74 56
0.5 120 74 0
0.5 120 64 61
0.5 120 64 0
0.5 120 64 53
0.5 120 64 0
0.5 120 69 57
0.5 120 69 0
0.5 0 67 51
0.5 120 67 0
0.5 0 66 46
0.5 120 66 0
0.5 0 64 41
0.5 120 64 0
0.5 0 62 35
0.5 120 62 0
0.5 0 66 31
0.5 120 66 0
0.5 0 62 35
0.5 120 62 0
0.5 0 66 31
0.5 120 66 0
0.5 0 62 35
0.5 120 62 0
0.5 0 66 31
0.5 120 66 0
0.5 0 62 35
0.5 120 62 0
0.5 0 66 31
0.5 120 66 0
0.5 0 62 35
0.5 120 62 0
0.5 0 66 31
0.5 120 66 0
0.5 0 62 35
0.5 120 62 0
0.5 0 66 31
0.5 120 66 0
0.5 0 62 35
0.5 120 62 0
0.5 0 66 31
0.5 120 66 0
0.5 0 62 35
0.5 120 62 0
0.5 0 66 31
0.5 120 66 0
0.5 0 62 35
0.5 120 62 0
0.5 0 64 31
0.5 120 64 0
0.5 0 62 35
0.5 120 62 0
0.5 0 64 31
0.5 120 64 0
0.5 0 62 35
0.5 120 62 0
0.5 0 64 31
0.5 120 64 0
0.5 0 62 35
0.5 120 62 0
0.5 0 64 31
0.5 120 64 0
0.5 0 61 35
0.5 120 61 0
0.5 0 64 31
0.5 120 64 0
0.5 0 61 35
0.5 120 61 0
0.5 0 64 31
0.5 120 64 0
0.5 0 60 35
0.5 120 60 0
0.5 0 66 31
0.5 120 66 0
0.5 0 60 35
0.5 120 60 0
0.5 0 66 31
0.5 120 66 0
0.5 0 59 40
0.5 120 59 0
0.5 0 67 37
0.5 120 67 0
0.5 0 59 41
0.5 120 59 0
0.5 0 67 37
0.5 120 67 0
0.5 0 71 46
0.5 120 71 0
0.5 0 69 53
0.5 120 69 0
0.5 0 67 55
0.5 120 67 0
0.5 0 66 53
0.5 120 66 0
0.5 0 64 59
0.5 120 64 0
0.5 0 66 53
0.5 120 66 0
0.5 0 64 53
0.5 120 64 0
0.5 0 66 53
0.5 120 66 0
0.5 0 67 61
0.5 120 67 0
0.5 0 66 55
0.5 120 66 0
0.5 0 64 54
0.5 120 64 0
0.5 0 62 54
0.5 120 62 0
0.5 0 61 61
0.5 120 61 0
0.5 0 62 53
0.5 120 62 0
0.5 0 61 54
0.5 120 61 0
0.5 0 62 54
0.5 120 62 0
0.5 0 64 62
0.5 120 64 0
0.5 0 62 54
0.5 120 62 0
0.5 0 61 54
0.5 120 61 0
0.5 0 59 54
0.5 120 59 0
0.5 0 57 62
0.5 120 57 0
0.5 0 59 62
0.5 120 59 0
0.5 0 61 65
0.5 120 61 0
0.5 0 62 68
0.5 120 62 0
0.5 0 64 73
0.5 120 64 0
0.5 0 66 75
0.5 120 66 0
0.5 0 67 79
0.5 120 67 0
0.5 0 69 83
0.5 120 69 0
0.5 0 62 97
0.5 120 62 0
0.5 0 66 70
0.5 120 66 0
0.5 0 69 78
0.5 120 69 0
0.5 0 74 74
0.5 120 74 0
0.5 0 71 84
0.5 120 71 0
0.5 120 71 79
0.5 120 71 0
0.5 120 62 88
0.5 120 62 0
0.5 120 62 74
0.5 120 62 0
0.5 120 66 78
0.5 120 66 0
0.5 0 64 69
0.5 120 64 0
0.5 0 62 69
0.5 120 62 0
0.5 0 64 69
0.5 120 64 0
0.5 0 62 97
0.5 120 62 0
0.5 0 66 70
0.5 120 66 0
0.5 0 69 78
0.5 120 69 0
0.5 0 74 74
0.5 120 74 0
0.5 0 71 84
0.5 120 71 0
0.5 120 71 79
0.5 120 71 0
0.5 120 62 88
0.5 120 62 0
0.5 120 62 74
0.5 120 62 0
0.5 120 66 69
0.5 120 66 0
0.5 0 64 52
0.5 120 64 0
0.5 0 62 58
0.5 120 62 0
0.5 0 64 49
0.5 120 64 0
0.5 0 62 61
0.5 120 62 0
0.5 360 62 43
0.5 120 62 0
0.5 0 64 48
0.5 120 64 0
0.5 0 66 50
0.5 120 66 0
0.5 0 67 52
0.5 120 67 0
0.5 0 69 54
0.5 240 69 0
0.5 240 66 43
0.5 120 66 0
0.5 0 67 48
0.5 120 67 0
0.5 0 69 50
0.5 120 69 0
0.5 0 71 52
0.5 120 71 0
0.5 0 72 54
0.5 240 72 0
0.5 240 74 32
0.5 120 74 0
0.5 0 76 36
0.5 120 76 0
0.5 0 78 37
0.5 120 78 0
0.5 0 79 39
0.5 120 79 0
0.5 0 81 40
0.5 240 81 0
0.5 240 78 32
0.5 120 78 0
0.5 0 79 36
0.5 120 79 0
0.5 0 81 37
0.5 120 81 0
0.5 0 83 39
0.5 120 83 0
0.5 0 84 40
0.5 240 84 0
0.5 240 78 32
0.5 120 78 0
0.5 0 79 36
0.5 120 79 0
0.5 0 81 37
0.5 120 81 0
0.5 0 83 39
0.5 120 83 0
0.5 0 84 40
0.5 240 84 0
0.5 240 84 39
0.5 120 84 0
0.5 0 86 32
0.5 120 86 0
0.5 0 88 37
0.5 120 88 0
0.5 0 86 32
0.5 120 86 0
0.5 0 84 43
0.5 480 84 0
0.5 960 79 48
0.5 120 79 0
0.5 0 81 54
0.5 120 81 0
0.5 0 83 55
0.5 120 83 0
0.5 0 84 60
0.5 120 84 0
0.5 0 86 63
0.5 480 86 0
0.5 0 84 55
0.5 120 84 0
0.5 0 83 51
0.5 120 83 0
0.5 0 81 51
0.5 120 81 0
0.5 0 79 51
0.5 120 79 0
0.5 0 78 58
0.5 480 78 0
0.5 0 79 55
0.5 120 79 0
0.5 0 78 51
0.5 120 78 0
0.5 0 76 53
0.5 120 76 0
0.5 0 74 51
0.5 120 74 0
0.5 0 79 55
0.5 120 79 0
0.5 120 79 50
0.5 120 79 0
0.5 120 81 55
0.5 120 81 0
0.5 0 79 50
0.5 120 79 0
0.5 0 78 51
0.5 120 78 0
0.5 0 79 47
0.5 120 79 0
0.5 0 81 55
0.5 480 81 0
0.5 0 81 48
0.5 120 81 0
0.5 0 83 54
0.5 120 83 0
0.5 0 84 58
0.5 120 84 0
0.5 0 86 62
0.5 120 86 0
0.5 0 88 65
0.5 480 88 0
0.5 0 86 55
0.5 120 86 0
0.5 0 84 51
0.5 120 84 0
0.5 0 83 51
0.5 120 83 0
0.5 0 81 51
0.5 120 81 0
0.5 0 86 58
0.5 90 86 0
0.5 150 86 54
0.5 90 86 0
0.5 150 84 55
0.5 120 84 0
0.5 0 83 51
0.5 120 83 0
0.5 0 81 53
0.5 120 81 0
0.5 0 79 51
0.5 120 79 0
0.5 0 84 55
0.5 90 84 0
0.5 150 84 50
0.5 90 84 0
0.5 150 83 55
0.5 120 83 0
0.5 0 81 50
0.5 120 81 0
0.5 0 79 51
0.5 120 79 0
0.5 0 78 47
0.5 120 78 0
0.5 0 79 55
0.5 240 79 0
0.5 240 67 60
0.5 120 67 0
0.5 0 69 67
0.5 120 69 0
0.5 0 71 70
0.5 120 71 0
0.5 0 72 76
0.5 120 72 0
0.5 0 74 80
0.5 480 74 0
0.5 0 72 68
0.5 120 72 0
0.5 0 71 63
0.5 120 71 0
0.5 0 69 63
0.5 120 69 0
0.5 0 67 63
0.5 120 67 0
0.5 0 66 72
0.5 480 66 0
0.5 0 67 68
0.5 120 67 0
0.5 0 66 63
0.5 120 66 0
0.5 0 64 66
0.5 120 64 0
0.5 0 62 63
0.5 120 62 0
0.5 0 67 68
0.5 120 67 0
0.5 120 67 62
0.5 120 67 0
0.5 120 69 68
0.5 120 69 0
0.5 0 67 62
0.5 120 67 0
0.5 0 66 63
0.5 120 66 0
0.5 0 67 58
0.5 120 67 0
0.5 0 69 68
0.5 480 69 0
0.5 0 69 60
0.5 120 69 0
0.5 0 71 67
0.5 120 71 0
0.5 0 72 70
0.5 120 72 0
0.5 0 74 73
0.5 120 74 0
0.5 0 76 80
0.5 480 76 0
0.5 0 74 68
0.5 120 74 0
0.5 0 72 63
0.5 120 72 0
0.5 0 71 63
0.5 120 71 0
0.5 0 69 63
0.5 120 69 0
0.5 0 74 72
0.5 90 74 0
0.5 150 74 58
0.5 90 74 0
0.5 150 72 68
0.5 120 72 0
0.5 0 71 63
0.5 120 71 0
0.5 0 69 66
0.5 120 69 0
0.5 0 67 63
0.5 120 67 0
0.5 0 72 68
0.5 90 72 0
0.5 150 72 57
0.5 90 72 0
0.5 150 71 68
0.5 120 71 0
0.5 0 69 62
0.5 120 69 0
0.5 0 67 63
0.5 120 67 0
0.5 0 66 58
0.5 120 66 0
0.5 0 67 68
0.5 90 67 0
0.5 150 67 57
0.5 90 67 0
0.5 150 79 54
0.5 120 79 0
0.5 0 78 41
0.5 120 78 0
0.5 0 79 43
0.5 120 79 0
0.5 0 76 40
0.5 120 76 0
0.5 0 73 48
0.5 120 73 0
0.5 120 73 43
0.5 120 73 0
0.5 120 74 48
0.5 120 74 0
0.5 0 73 40
0.5 120 73 0
0.5 0 71 42
0.5 120 71 0
0.5 0 69 40
0.5 120 69 0
0.5 0 74 48
0.5 120 74 0
0.5 120 74 45
0.5 120 74 0
0.5 120 81 53
0.5 120 81 0
0.5 0 78 41
0.5 120 78 0
0.5 0 81 43
0.5 120 81 0
0.5 0 74 40
0.5 120 74 0
0.5 0 73 48
0.5 120 73 0
0.5 120 73 43
0.5 120 73 0
0.5 120 74 48
0.5 120 74 0
0.5 0 73 40
0.5 120 73 0
0.5 0 71 42
0.5 120 71 0
0.5 0 73 40
0.5 120 73 0
0.5 0 74 48
0.5 240 74 0
0.5 0 76 46
0.5 120 76 0
0.5 0 78 49
0.5 120 78 0
0.5 0 79 56
0.5 120 79 0
0.5 0 78 41
0.5 120 78 0
0.5 0 79 43
0.5 120 79 0
0.5 0 76 40
0.5 120 76 0
0.5 0 73 48
0.5 120 73 0
0.5 120 73 43
0.5 120 73 0
0.5 120 74 48
0.5 120 74 0
0.5 0 73 40
0.5 120 73 0
0.5 0 71 42
0.5 120 71 0
0.5 0 73 40
0.5 120 73 0
0.5 0 74 54
0.5 120 74 0
0.5 0 76 52
0.5 120 76 0
0.5 0 78 54
0.5 120 78 0
0.5 0 79 55
0.5 120 79 0
0.5 0 81 57
0.5 120 81 0
0.5 0 83 60
0.5 120 83 0
0.5 0 85 62
0.5 120 85 0
0.5 0 86 63
0.5 120 86 0
0.5 240 79 58
0.5 120 79 0
0.5 0 76 58
0.5 120 76 0
0.5 0 73 65
0.5 120 73 0
0.5 0 76 58
0.5 120 76 0
0.5 0 73 58
0.5 120 73 0
0.5 0 76 58
0.5 120 76 0
0.5 0 74 68
0.5 120 74 0
0.5 0 78 58
0.5 120 78 0
0.5 0 81 58
0.5 120 81 0
0.5 0 78 58
0.5 120 78 0
0.5 0 81 64
0.5 120 81 0
0.5 0 78 58
0.5 120 78 0
0.5 0 81 58
0.5 120 81 0
0.5 0 78 58
0.5 120 78 0
0.5 0 76 68
0.5 120 76 0
0.5 0 79 57
0.5 120 79 0
0.5 0 83 57
0.5 120 83 0
0.5 0 79 57
0.5 120 79 0
0.5 0 83 64
0.5 120 83 0
0.5 0 79 57
0.5 120 79 0
0.5 0 83 57
0.5 120 83 0
0.5 0 79 57
0.5 120 79 0
0.5 0 78 65
0.5 120 78 0
0.5 0 81 54
0.5 120 81 0
0.5 0 84 54
0.5 120 84 0
0.5 0 81 54
0.5 120 81 0
0.5 0 84 62
0.5 120 84 0
0.5 0 81 53
0.5 120 81 0
0.5 0 84 53
0.5 120 84 0
0.5 0 81 53
0.5 120 81 0
0.5 0 78 55
0.5 120 78 0
0.5 0 81 45
0.5 120 81 0
0.5 0 84 44
0.5 120 84 0
0.5 0 81 43
0.5 120 81 0
0.5 0 78 49
0.5 120 78 0
0.5 0 81 42
0.5 120 81 0
0.5 0 84 41
0.5 120 84 0
0.5 0 81 41
0.5 120 81 0
0.5 0 78 51
0.5 120 78 0
0.5 0 74 42
0.5 120 74 0
0.5 0 76 47
0.5 120 76 0
0.5 0 78 48
0.5 120 78 0
0.5 0 79 50
0.5 120 79 0
0.5 0 81 54
0.5 120 81 0
0.5 0 83 56
0.5 120 83 0
0.5 0 84 61
0.5 120 84 0
0.5 0 86 68
0.5 480 86 0
0.5 0 84 55
0.5 120 84 0
0.5 0 83 51
0.5 120 83 0
0.5 0 81 51
0.5 120 81 0
0.5 0 79 51
0.5 120 79 0
0.5 0 78 58
0.5 480 78 0
0.5 0 79 55
0.5 120 79 0
0.5 0 78 51
0.5 120 78 0
0.5 0 76 53
0.5 120 76 0
0.5 0 74 51
0.5 120 74 0
0.5 0 79 55
0.5 120 79 0
0.5 120 79 50
0.5 120 79 0
0.5 120 81 55
0.5 120 81 0
0.5 0 79 50
0.5 120 79 0
0.5 0 78 51
0.5 120 78 0
0.5 0 79 47
0.5 120 79 0
0.5 0 81 55
0.5 480 81 0
0.5 0 81 48
0.5 120 81 0
0.5 0 83 54
0.5 120 83 0
0.5 0 84 56
0.5 120 84 0
0.5 0 86 60
0.5 120 86 0
0.5 0 88 65
0.5 480 88 0
0.5 0 86 55
0.5 120 86 0
0.5 0 84 51
0.5 120 84 0
0.5 0 83 51
0.5 120 83 0
0.5 0 81 51
0.5 120 81 0
0.5 0 86 58
0.5 90 86 0
0.5 150 86 58
0.5 90 86 0
0.5 150 84 55
0.5 120 84 0
0.5 0 83 51
0.5 120 83 0
0.5 0 81 53
0.5 120 81 0
0.5 0 79 51
0.5 120 79 0
0.5 0 84 55
0.5 90 84 0
0.5 150 84 50
0.5 90 84 0
0.5 150 83 55
0.5 120 83 0
0.5 0 81 50
0.5 120 81 0
0.5 0 79 51
0.5 120 79 0
0.5 0 78 47
0.5 120 78 0
0.5 0 79 55
0.5 240 79 0
0.5 240 67 60
0.5 120 67 0
0.5 0 69 67
0.5 120 69 0
0.5 0 71 70
0.5 120 71 0
0.5 0 72 72
0.5 120 72 0
0.5 0 74 76
0.5 480 74 0
0.5 0 72 68
0.5 120 72 0
0.5 0 71 63
0.5 120 71 0
0.5 0 69 63
0.5 120 69 0
0.5 0 67 63
0.5 120 67 0
0.5 0 66 72
0.5 480 66 0
0.5 0 67 68
0.5 120 67 0
0.5 0 66 63
0.5 120 66 0
0.5 0 64 66
0.5 120 64 0
0.5 0 62 63
0.5 120 62 0
0.5 0 67 68
0.5 120 67 0
0.5 120 67 62
0.5 120 67 0
0.5 120 69 68
0.5 120 69 0
0.5 0 67 62
0.5 120 67 0
0.5 0 66 63
0.5 120 66 0
0.5 0 67 58
0.5 120 67 0
0.5 0 69 68
0.5 480 69 0
0.5 0 69 60
0.5 120 69 0
0.5 0 71 67
0.5 120 71 0
0.5 0 72 70
0.5 120 72 0
0.5 0 74 73
0.5 120 74 0
0.5 0 76 80
0.5 480 76 0
0.5 0 74 68
0.5 120 74 0
0.5 0 72 63
0.5 120 72 0
0.5 0 71 63
0.5 120 71 0
0.5 0 69 63
0.5 120 69 0
0.5 0 74 72
0.5 90 74 0
0.5 150 74 62
0.5 90 74 0
0.5 150 72 68
0.5 120 72 0
0.5 0 71 63
0.5 120 71 0
0.5 0 69 66
0.5 120 69 0
0.5 0 67 63
0.5 120 67 0
0.5 0 72 68
0.5 90 72 0
0.5 150 72 57
0.5 90 72 0
0.5 150 71 68
0.5 120 71 0
0.5 0 69 62
0.5 120 69 0
0.5 0 67 63
0.5 120 67 0
0.5 0 66 58
0.5 120 66 0
0.5 0 67 68
0.5 240 67 0
0.5 960 76 46
0.5 0 72 39
0.5 90 72 0
0.5 0 76 0
0.5 150 71 45
0.5 0 74 53
0.5 90 74 0
0.5 0 71 0
0.5 150 76 49
0.5 0 72 41
0.5 90 72 0
0.5 0 76 0
0.5 150 71 45
0.5 0 74 54
0.5 120 74 0
0.5 0 71 0
0.5 1080 76 50
0.5 0 72 42
0.5 90 72 0
0.5 0 76 0
0.5 150 71 49
0.5 0 74 58
0.5 90 74 0
0.5 0 71 0
0.5 150 76 53
0.5 0 72 45
0.5 90 72 0
0.5 0 76 0
0.5 150 71 49
0.5 0 74 59
0.5 120 74 0
0.5 0 71 0
0.5 1080 67 56
0.5 0 76 64
0.5 120 76 0
0.5 0 67 0
0.5 120 74 74
0.5 0 67 65
0.5 120 67 0
0.5 0 74 0
0.5 120 67 57
0.5 0 76 65
0.5 120 76 0
0.5 0 67 0
0.5 120 74 74
0.5 0 67 65
0.5 120 67 0
0.5 0 74 0
0.5 120 67 55
0.5 0 74 63
0.5 120 74 0
0.5 0 67 0
0.5 120 72 72
0.5 0 69 63
0.5 120 69 0
0.5 0 72 0
0.5 120 72 62
0.5 0 69 54
0.5 120 69 0
0.5 0 72 0
0.5 120 71 71
0.5 0 67 62
0.5 120 67 0
0.5 0 71 0
0.5 120 71 60
0.5 0 67 53
0.5 120 67 0
0.5 0 71 0
0.5 120 69 71
0.5 0 66 62
0.5 120 66 0
0.5 0 69 0
0.5 120 69 58
0.5 0 66 51
0.5 120 66 0
0.5 0 69 0
0.5 120 67 71
0.5 120 67 0
0.5 360 86 48
0.5 120 86 0
0.5 0 84 54
0.5 120 84 0
0.5 0 83 56
0.5 120 83 0
0.5 0 81 58
0.5 120 81 0
0.5 0 79 61
0.5 120 79 0
0.5 120 79 53
0.5 120 79 0
0.5 120 74 58
0.5 120 74 0
0.5 120 74 49
0.5 120 74 0
0.5 120 71 58
0.5 120 71 0
0.5 360 86 48
0.5 120 86 0
0.5 0 84 54
0.5 120 84 0
0.5 0 83 56
0.5 120 83 0
0.5 0 81 58
0.5 120 81 0
0.5 0 79 61
0.5 120 79 0
0.5 120 79 53
0.5 120 79 0
0.5 120 74 58
0.5 120 74 0
0.5 120 74 49
0.5 120 74 0
0.5 120 71 58
0.5 120 71 0
0.5 360 78 88
0.5 0 72 73
0.5 0 69 73
0.5 120 69 0
0.5 0 72 0
0.5 0 78 0
0.5 360 79 95
0.5 0 74 80
0.5 0 71 80
0.5 120 71 0
0.5 0 74 0
0.5 0 79 0
0.5 360 78 88
0.5 0 74 73
0.5 0 69 73
0.5 120 69 0
0.5 0 74 0
0.5 0 78 0
0.5 360 79 99
0.5 0 74 84
0.5 0 71 84
0.5 120 71 0
0.5 0 74 0
0.5 0 79 0
1 0 0 0
0.5 960 59 34
0.5 0 67 40
0.5 120 67 0
0.5 0 59 0
0.5 120 67 34
0.5 0 59 28
0.5 120 59 0
0.5 0 67 0
0.5 600 62 34
0.5 0 69 40
0.5 120 69 0
0.5 0 62 0
0.5 120 69 34
0.5 0 62 28
0.5 120 62 0
0.5 0 69 0
0.5 600 67 34
0.5 0 71 40
0.5 120 71 0
0.5 0 67 0
0.5 120 71 36
0.5 0 67 30
0.5 120 67 0
0.5 0 71 0
0.5 120 67 34
0.5 0 71 40
0.5 120 71 0
0.5 0 67 0
0.5 120 71 35
0.5 0 67 29
0.5 120 67 0
0.5 0 71 0
0.5 120 62 34
0.5 0 69 40
0.5 120 69 0
0.5 0 62 0
0.5 120 69 35
0.5 0 62 29
0.5 120 62 0
0.5 0 69 0
0.5 600 66 34
0.5 0 72 40
0.5 120 72 0
0.5 0 66 0
0.5 120 72 34
0.5 0 66 28
0.5 120 66 0
0.5 0 72 0
0.5 600 67 34
0.5 0 71 40
0.5 120 71 0
0.5 0 67 0
0.5 360 67 28
0.5 0 71 34
0.5 120 71 0
0.5 0 67 0
0.5 360 62 34
0.5 0 69 40
0.5 120 69 0
0.5 0 62 0
0.5 360 62 34
0.5 0 69 40
0.5 120 69 0
0.5 0 62 0
0.5 360 59 34
0.5 0 67 40
0.5 120 67 0
0.5 0 59 0
0.5 840 55 42
0.5 0 59 50
0.5 120 59 0
0.5 0 55 0
0.5 120 59 42
0.5 0 55 35
0.5 120 55 0
0.5 0 59 0
0.5 600 57 42
0.5 0 60 50
0.5 120 60 0
0.5 0 57 0
0.5 120 60 42
0.5 0 57 35
0.5 120 57 0
0.5 0 60 0
0.5 600 55 42
0.5 0 59 50
0.5 120 59 0
0.5 0 55 0
0.5 120 59 45
0.5 0 55 37
0.5 120 55 0
0.5 0 59 0
0.5 120 55 42
0.5 0 59 50
0.5 120 59 0
0.5 0 55 0
0.5 120 59 43
0.5 0 55 36
0.5 120 55 0
0.5 0 59 0
0.5 120 50 42
0.5 0 57 50
0.5 120 57 0
0.5 0 50 0
0.5 120 57 43
0.5 0 50 36
0.5 120 50 0
0.5 0 57 0
0.5 600 54 42
0.5 0 60 50
0.5 120 60 0
0.5 0 54 0
0.5 120 60 42
0.5 0 54 35
0.5 120 54 0
0.5 0 60 0
0.5 600 55 42
0.5 0 59 50
0.5 120 59 0
0.5 0 55 0
0.5 360 55 35
0.5 0 59 42
0.5 120 59 0
0.5 0 55 0
0.5 360 50 42
0.5 0 57 50
0.5 120 57 0
0.5 0 50 0
0.5 360 50 42
0.5 0 57 50
0.5 120 57 0
0.5 0 50 0
0.5 360 55 42
0.5 0 59 50
0.5 120 59 0
0.5 0 55 0
0.5 840 64 34
0.5 0 67 40
0.5 480 67 0
0.5 0 64 0
0.5 0 67 37
0.5 0 64 31
0.5 480 64 0
0.5 0 67 0
0.5 0 62 34
0.5 0 66 40
0.5 480 66 0
0.5 0 62 0
0.5 480 64 34
0.5 0 67 40
0.5 480 67 0
0.5 0 64 0
0.5 0 67 37
0.5 0 64 31
0.5 480 64 0
0.5 0 67 0
0.5 0 62 34
0.5 0 66 40
0.5 480 66 0
0.5 0 62 0
0.5 480 64 34
0.5 0 67 40
0.5 480 67 0
0.5 0 64 0
0.5 0 67 37
0.5 0 64 31
0.5 480 64 0
0.5 0 67 0
0.5 0 62 34
0.5 0 66 40
0.5 480 66 0
0.5 0 62 0
0.5 480 57 51
0.5 0 64 51
0.5 0 67 60
0.5 480 67 0
0.5 0 64 0
0.5 0 57 0
0.5 0 67 57
0.5 0 64 48
0.5 0 57 48
0.5 480 57 0
0.5 0 64 0
0.5 0 67 0
0.5 0 62 51
0.5 0 66 60
0.5 960 66 0
0.5 0 62 0
0.5 0 62 51
0.5 0 67 60
0.5 960 67 0
0.5 0 62 0
0.5 0 62 51
0.5 0 69 60
0.5 960 69 0
0.5 0 62 0
0.5 1920 59 34
0.5 0 67 40
0.5 120 67 0
0.5 0 59 0
0.5 120 67 34
0.5 0 59 28
0.5 120 59 0
0.5 0 67 0
0.5 600 62 34
0.5 0 69 40
0.5 120 69 0
0.5 0 62 0
0.5 120 69 34
0.5 0 62 28
0.5 120 62 0
0.5 0 69 0
0.5 600 67 34
0.5 0 71 40
0.5 120 71 0
0.5 0 67 0
0.5 120 71 36
0.5 0 67 30
0.5 120 67 0
0.5 0 71 0
0.5 120 67 34
0.5 0 71 40
0.5 120 71 0
0.5 0 67 0
0.5 120 71 35
0.5 0 67 29
0.5 120 67 0
0.5 0 71 0
0.5 120 62 34
0.5 0 69 40
0.5 120 69 0
0.5 0 62 0
0.5 120 69 35
0.5 0 62 29
0.5 120 62 0
0.5 0 69 0
0.5 600 66 34
0.5 0 72 40
0.5 120 72 0
0.5 0 66 0
0.5 120 72 34
0.5 0 66 28
0.5 120 66 0
0.5 0 72 0
0.5 600 67 34
0.5 0 71 40
0.5 120 71 0
0.5 0 67 0
0.5 360 67 28
0.5 0 71 34
0.5 120 71 0
0.5 0 67 0
0.5 360 62 34
0.5 0 69 40
0.5 120 69 0
0.5 0 62 0
0.5 360 62 34
0.5 0 69 40
0.5 120 69 0
0.5 0 62 0
0.5 360 59 34
0.5 0 67 40
0.5 120 67 0
0.5 0 59 0
0.5 840 43 50
0.5 240 43 0
0.5 0 47 46
0.5 240 47 0
0.5 0 50 45
0.5 240 50 0
0.5 0 55 45
0.5 240 55 0
0.5 0 45 50
0.5 240 45 0
0.5 0 48 46
0.5 240 48 0
0.5 0 50 45
0.5 240 50 0
0.5 0 54 45
0.5 240 54 0
0.5 0 43 50
0.5 240 43 0
0.5 0 47 46
0.5 240 47 0
0.5 0 50 45
0.5 240 50 0
0.5 0 55 45
0.5 240 55 0
0.5 0 38 50
0.5 240 38 0
0.5 0 50 46
0.5 240 50 0
0.5 0 54 45
0.5 240 54 0
0.5 0 57 45
0.5 240 57 0
0.5 0 60 50
0.5 0 54 42
0.5 120 54 0
0.5 0 60 0
0.5 120 54 35
0.5 0 60 42
0.5 120 60 0
0.5 0 54 0
0.5 600 59 50
0.5 0 55 42
0.5 120 55 0
0.5 0 59 0
0.5 360 59 42
0.5 0 55 35
0.5 120 55 0
0.5 0 59 0
0.5 360 57 50
0.5 0 50 42
0.5 120 50 0
0.5 0 57 0
0.5 360 50 42
0.5 0 57 50
0.5 120 57 0
0.5 0 50 0
0.5 360 43 50
0.5 240 43 0
0.5 0 45 35
0.5 120 45 0
0.5 0 47 37
0.5 120 47 0
0.5 0 48 39
0.5 120 48 0
0.5 0 50 41
0.5 120 50 0
0.5 0 52 45
0.5 120 52 0
0.5 0 54 48
0.5 120 54 0
0.5 0 55 54
0.5 120 55 0
0.5 840 43 46
0.5 240 43 0
0.5 0 45 35
0.5 120 45 0
0.5 0 47 37
0.5 120 47 0
0.5 0 48 39
0.5 120 48 0
0.5 0 50 41
0.5 120 50 0
0.5 0 52 45
0.5 120 52 0
0.5 0 54 48
0.5 120 54 0
0.5 0 55 54
0.5 120 55 0
0.5 840 43 50
0.5 240 43 0
0.5 0 45 40
0.5 120 45 0
0.5 0 47 44
0.5 120 47 0
0.5 0 48 47
0.5 120 48 0
0.5 0 50 51
0.5 120 50 0
0.5 0 52 54
0.5 120 52 0
0.5 0 54 56
0.5 120 54 0
0.5 0 55 60
0.5 120 55 0
0.5 120 60 52
0.5 120 60 0
0.5 120 59 57
0.5 120 59 0
0.5 120 60 54
0.5 120 60 0
0.5 120 59 57
0.5 120 59 0
0.5 120 59 49
0.5 120 59 0
0.5 120 60 54
0.5 120 60 0
0.5 120 60 50
0.5 120 60 0
0.5 120 62 50
0.5 120 62 0
0.5 120 62 48
0.5 120 62 0
0.5 120 50 54
0.5 120 50 0
0.5 120 50 48
0.5 120 50 0
0.5 120 55 54
0.5 120 55 0
0.5 1320 62 25
0.5 0 69 34
0.5 480 69 0
0.5 0 62 0
0.5 0 67 40
0.5 120 67 0
0.5 1320 62 25
0.5 0 69 34
0.5 480 69 0
0.5 0 62 0
0.5 0 67 40
0.5 120 67 0
0.5 360 50 39
0.5 0 62 46
0.5 120 62 0
0.5 0 50 0
0.5 360 59 51
0.5 0 55 43
0.5 120 55 0
0.5 0 59 0
0.5 360 50 39
0.5 0 62 46
0.5 120 62 0
0.5 0 50 0
0.5 360 59 52
0.5 0 55 44
0.5 120 55 0
0.5 0 59 0
0.5 1320 67 30
0.5 480 67 0
0.5 0 66 30
0.5 480 66 0
0.5 960 64 30
0.5 480 64 0
0.5 0 63 30
0.5 480 63 0
0.5 0 62 30
0.5 480 62 0
0.5 0 61 30
0.5 480 61 0
0.5 0 60 30
0.5 480 60 0
0.5 0 59 30
0.5 480 59 0
0.5 0 52 30
0.5 480 52 0
0.5 0 55 30
0.5 480 55 0
0.5 0 52 30
0.5 480 52 0
0.5 0 54 30
0.5 960 54 0
0.5 480 62 37
0.5 480 62 0
0.5 0 61 37
0.5 480 61 0
0.5 960 59 37
0.5 480 59 0
0.5 0 58 37
0.5 480 58 0
0.5 0 57 37
0.5 480 57 0
0.5 0 56 37
0.5 480 56 0
0.5 0 55 37
0.5 480 55 0
0.5 0 54 37
0.5 480 54 0
0.5 0 47 40
0.5 480 47 0
0.5 0 52 55
0.5 480 52 0
0.5 0 40 53
0.5 480 40 0
0.5 0 45 62
0.5 120 45 0
0.5 360 56 69
0.5 120 56 0
0.5 0 57 62
0.5 120 57 0
0.5 0 56 70
0.5 120 56 0
0.5 0 57 62
0.5 120 57 0
0.5 0 45 72
0.5 120 45 0
0.5 120 45 62
0.5 120 45 0
0.5 1080 56 69
0.5 120 56 0
0.5 0 57 62
0.5 120 57 0
0.5 0 56 70
0.5 120 56 0
0.5 0 57 62
0.5 120 57 0
0.5 0 45 72
0.5 120 45 0
0.5 120 45 62
0.5 120 45 0
0.5 1080 57 55
0.5 0 61 65
0.5 120 61 0
0.5 0 57 0
0.5 120 61 58
0.5 0 57 49
0.5 120 57 0
0.5 0 61 0
0.5 120 61 55
0.5 0 64 65
0.5 120 64 0
0.5 0 61 0
0.5 120 64 58
0.5 0 61 49
0.5 120 61 0
0.5 0 64 0
0.5 120 64 55
0.5 0 67 65
0.5 120 67 0
0.5 0 64 0
0.5 120 67 59
0.5 0 64 50
0.5 120 64 0
0.5 0 67 0
0.5 120 62 55
0.5 0 66 65
0.5 120 66 0
0.5 0 62 0
0.5 120 66 61
0.5 0 62 51
0.5 120 62 0
0.5 0 66 0
0.5 600 43 45
0.5 0 55 53
0.5 120 55 0
0.5 0 43 0
0.5 120 55 47
0.5 0 43 39
0.5 120 43 0
0.5 0 55 0
0.5 600 45 41
0.5 0 54 49
0.5 120 54 0
0.5 0 45 0
0.5 120 45 36
0.5 0 54 43
0.5 120 54 0
0.5 0 45 0
0.5 600 49 39
0.5 0 45 33
0.5 120 45 0
0.5 0 49 0
0.5 120 49 33
0.5 0 45 28
0.5 120 45 0
0.5 0 49 0
0.5 600 38 31
0.5 480 38 0
0.5 960 50 30
0.5 480 50 0
0.5 0 49 30
0.5 480 49 0
0.5 960 48 25
0.5 480 48 0
0.5 0 47 25
0.5 480 47 0
0.5 480 55 40
0.5 480 55 0
0.5 0 56 42
0.5 480 56 0
0.5 0 57 49
0.5 480 57 0
0.5 480 60 52
0.5 480 60 0
0.5 0 59 47
0.5 480 59 0
0.5 0 58 53
0.5 480 58 0
0.5 0 59 39
0.5 480 59 0
0.5 0 55 46
0.5 480 55 0
0.5 0 57 37
0.5 480 57 0
0.5 0 38 33
0.5 480 38 0
0.5 0 42 32
0.5 480 42 0
0.5 0 47 34
0.5 480 47 0
0.5 0 44 31
0.5 480 44 0
0.5 0 45 34
0.5 480 45 0
0.5 0 52 34
0.5 480 52 0
0.5 0 57 40
0.5 480 57 0
0.5 0 50 31
0.5 480 50 0
0.5 0 55 34
0.5 480 55 0
0.5 480 55 55
0.5 480 55 0
0.5 480 55 60
0.5 0 52 51
0.5 0 45 51
0.5 480 45 0
0.5 0 52 0
0.5 0 55 0
0.5 480 55 64
0.5 0 52 53
0.5 0 45 53
0.5 120 45 0
0.5 0 52 0
0.5 0 55 0
0.5 360 55 62
0.5 0 52 53
0.5 0 45 53
0.5 120 45 0
0.5 0 52 0
0.5 0 55 0
0.5 360 54 76
0.5 0 50 76
0.5 480 50 0
0.5 0 54 0
0.5 0 55 68
0.5 0 43 57
0.5 480 43 0
0.5 0 55 0
0.5 0 54 75
0.5 0 50 63
0.5 0 45 63
0.5 480 45 0
0.5 0 50 0
0.5 0 54 0
0.5 0 45 54
0.5 0 49 54
0.5 0 55 63
0.5 480 55 0
0.5 0 49 0
0.5 0 45 0
0.5 0 54 76
0.5 0 50 76
0.5 480 50 0
0.5 0 54 0
0.5 0 55 68
0.5 0 43 57
0.5 480 43 0
0.5 0 55 0
0.5 0 54 75
0.5 0 50 63
0.5 0 45 63
0.5 480 45 0
0.5 0 50 0
0.5 0 54 0
0.5 0 45 54
0.5 0 49 54
0.5 0 55 63
0.5 480 55 0
0.5 0 49 0
0.5 0 45 0
0.5 0 54 49
0.5 0 50 41
0.5 120 50 0
0.5 0 54 0
0.5 120 54 49
0.5 0 50 41
0.5 120 50 0
0.5 0 54 0
0.5 600 50 30
0.5 0 54 36
0.5 120 54 0
0.5 0 50 0
0.5 120 54 30
0.5 0 50 25
0.5 120 50 0
0.5 0 54 0
0.5 600 50 30
0.5 0 54 36
0.5 120 54 0
0.5 0 50 0
0.5 120 54 30
0.5 0 50 25
0.5 120 50 0
0.5 0 54 0
0.5 600 62 20
0.5 0 66 23
0.5 120 66 0
0.5 0 62 0
0.5 120 66 20
0.5 0 62 16
0.5 120 62 0
0.5 0 66 0
0.5 600 66 20
0.5 0 62 20
0.5 0 69 23
0.5 120 69 0
0.5 0 62 0
0.5 0 66 0
0.5 120 66 16
0.5 0 69 20
0.5 0 62 16
0.5 120 62 0
0.5 0 69 0
0.5 0 66 0
0.5 600 66 20
0.5 0 62 20
0.5 0 69 23
0.5 120 69 0
0.5 0 62 0
0.5 0 66 0
0.5 120 66 16
0.5 0 69 20
0.5 0 62 16
0.5 120 62 0
0.5 0 69 0
0.5 0 66 0
0.5 2520 59 34
0.5 0 67 40
0.5 120 67 0
0.5 0 59 0
0.5 120 67 34
0.5 0 59 28
0.5 120 59 0
0.5 0 67 0
0.5 600 62 34
0.5 0 69 40
0.5 120 69 0
0.5 0 62 0
0.5 120 69 34
0.5 0 62 28
0.5 120 62 0
0.5 0 69 0
0.5 600 67 34
0.5 0 71 40
0.5 120 71 0
0.5 0 67 0
0.5 120 71 36
0.5 0 67 30
0.5 120 67 0
0.5 0 71 0
0.5 120 67 34
0.5 0 71 40
0.5 120 71 0
0.5 0 67 0
0.5 120 71 35
0.5 0 67 29
0.5 120 67 0
0.5 0 71 0
0.5 120 62 34
0.5 0 69 40
0.5 120 69 0
0.5 0 62 0
0.5 120 69 35
0.5 0 62 29
0.5 120 62 0
0.5 0 69 0
0.5 600 66 34
0.5 0 72 40
0.5 120 72 0
0.5 0 66 0
0.5 120 72 34
0.5 0 66 28
0.5 120 66 0
0.5 0 72 0
0.5 600 67 34
0.5 0 71 40
0.5 120 71 0
0.5 0 67 0
0.5 360 67 28
0.5 0 71 34
0.5 120 71 0
0.5 0 67 0
0.5 360 62 34
0.5 0 69 40
0.5 120 69 0
0.5 0 62 0
0.5 360 62 34
0.5 0 69 40
0.5 120 69 0
0.5 0 62 0
0.5 360 59 34
0.5 0 67 40
0.5 120 67 0
0.5 0 59 0
0.5 840 55 42
0.5 0 59 50
0.5 120 59 0
0.5 0 55 0
0.5 120 59 42
0.5 0 55 35
0.5 120 55 0
0.5 0 59 0
0.5 600 57 42
0.5 0 60 50
0.5 120 60 0
0.5 0 57 0
0.5 120 60 42
0.5 0 57 35
0.5 120 57 0
0.5 0 60 0
0.5 600 55 42
0.5 0 59 50
0.5 120 59 0
0.5 0 55 0
0.5 120 59 45
0.5 0 55 37
0.5 120 55 0
0.5 0 59 0
0.5 120 55 42
0.5 0 59 50
0.5 120 59 0
0.5 0 55 0
0.5 120 59 43
0.5 0 55 36
0.5 120 55 0
0.5 0 59 0
0.5 120 50 42
0.5 0 57 50
0.5 120 57 0
0.5 0 50 0
0.5 120 57 43
0.5 0 50 36
0.5 120 50 0
0.5 0 57 0
0.5 600 54 42
0.5 0 60 50
0.5 120 60 0
0.5 0 54 0
0.5 120 60 42
0.5 0 54 35
0.5 120 54 0
0.5 0 60 0
0.5 600 55 42
0.5 0 59 50
0.5 120 59 0
0.5 0 55 0
0.5 360 55 35
0.5 0 59 42
0.5 120 59 0
0.5 0 55 0
0.5 360 50 42
0.5 0 57 50
0.5 120 57 0
0.5 0 50 0
0.5 360 50 42
0.5 0 57 50
0.5 120 57 0
0.5 0 50 0
0.5 360 55 42
0.5 0 59 50
0.5 120 59 0
0.5 0 55 0
0.5 840 64 34
0.5 0 67 40
0.5 480 67 0
0.5 0 64 0
0.5 0 67 37
0.5 0 64 31
0.5 480 64 0
0.5 0 67 0
0.5 0 62 34
0.5 0 66 40
0.5 480 66 0
0.5 0 62 0
0.5 480 64 34
0.5 0 67 40
0.5 480 67 0
0.5 0 64 0
0.5 0 67 37
0.5 0 64 31
0.5 480 64 0
0.5 0 67 0
0.5 0 62 34
0.5 0 66 40
0.5 480 66 0
0.5 0 62 0
0.5 480 64 34
0.5 0 67 40
0.5 480 67 0
0.5 0 64 0
0.5 0 67 37
0.5 0 64 31
0.5 480 64 0
0.5 0 67 0
0.5 0 62 34
0.5 0 66 40
0.5 480 66 0
0.5 0 62 0
0.5 480 57 51
0.5 0 64 51
0.5 0 67 60
0.5 480 67 0
0.5 0 64 0
0.5 0 57 0
0.5 0 67 57
0.5 0 64 48
0.5 0 57 48
0.5 480 57 0
0.5 0 64 0
0.5 0 67 0
0.5 0 62 51
0.5 0 66 60
0.5 960 66 0
0.5 0 62 0
0.5 0 62 51
0.5 0 67 60
0.5 960 67 0
0.5 0 62 0
0.5 0 62 51
0.5 0 69 60
0.5 960 69 0
0.5 0 62 0
0.5 1920 59 34
0.5 0 67 40
0.5 120 67 0
0.5 0 59 0
0.5 120 67 34
0.5 0 59 28
0.5 120 59 0
0.5 0 67 0
0.5 600 62 34
0.5 0 69 40
0.5 120 69 0
0.5 0 62 0
0.5 120 69 34
0.5 0 62 28
0.5 120 62 0
0.5 0 69 0
0.5 600 67 34
0.5 0 71 40
0.5 120 71 0
0.5 0 67 0
0.5 120 71 36
0.5 0 67 30
0.5 120 67 0
0.5 0 71 0
0.5 120 67 34
0.5 0 71 40
0.5 120 71 0
0.5 0 67 0
0.5 120 71 35
0.5 0 67 29
0.5 120 67 0
0.5 0 71 0
0.5 120 62 34
0.5 0 69 40
0.5 120 69 0
0.5 0 62 0
0.5 120 69 35
0.5 0 62 29
0.5 120 62 0
0.5 0 69 0
0.5 600 66 34
0.5 0 72 40
0.5 120 72 0
0.5 0 66 0
0.5 120 72 34
0.5 0 66 28
0.5 120 66 0
0.5 0 72 0
0.5 600 67 34
0.5 0 71 40
0.5 120 71 0
0.5 0 67 0
0.5 360 67 28
0.5 0 71 34
0.5 120 71 0
0.5 0 67 0
0.5 360 62 34
0.5 0 69 40
0.5 120 69 0
0.5 0 62 0
0.5 360 62 34
0.5 0 69 40
0.5 120 69 0
0.5 0 62 0
0.5 360 59 34
0.5 0 67 40
0.5 120 67 0
0.5 0 59 0
0.5 840 43 50
0.5 240 43 0
0.5 0 47 46
0.5 240 47 0
0.5 0 50 45
0.5 240 50 0
0.5 0 55 45
0.5 240 55 0
0.5 0 45 50
0.5 240 45 0
0.5 0 48 46
0.5 240 48 0
0.5 0 50 45
0.5 240 50 0
0.5 0 54 45
0.5 240 54 0
0.5 0 43 50
0.5 240 43 0
0.5 0 47 46
0.5 240 47 0
0.5 0 50 45
0.5 240 50 0
0.5 0 55 45
0.5 240 55 0
0.5 0 38 50
0.5 240 38 0
0.5 0 50 46
0.5 240 50 0
0.5 0 54 45
0.5 240 54 0
0.5 0 57 45
0.5 240 57 0
0.5 0 60 50
0.5 0 54 42
0.5 120 54 0
0.5 0 60 0
0.5 120 54 35
0.5 0 60 42
0.5 120 60 0
0.5 0 54 0
0.5 600 59 50
0.5 0 55 42
0.5 120 55 0
0.5 0 59 0
0.5 360 59 42
0.5 0 55 35
0.5 120 55 0
0.5 0 59 0
0.5 360 57 50
0.5 0 50 42
0.5 120 50 0
0.5 0 57 0
0.5 360 50 42
0.5 0 57 50
0.5 120 57 0
0.5 0 50 0
0.5 360 43 50
0.5 240 43 0
0.5 0 45 35
0.5 120 45 0
0.5 0 47 37
0.5 120 47 0
0.5 0 48 39
0.5 120 48 0
0.5 0 50 41
0.5 120 50 0
0.5 0 52 45
0.5 120 52 0
0.5 0 54 48
0.5 120 54 0
0.5 0 55 54
0.5 120 55 0
0.5 840 43 46
0.5 240 43 0
0.5 0 45 35
0.5 120 45 0
0.5 0 47 37
0.5 120 47 0
0.5 0 48 39
0.5 120 48 0
0.5 0 50 41
0.5 120 50 0
0.5 0 52 45
0.5 120 52 0
0.5 0 54 48
0.5 120 54 0
0.5 0 55 54
0.5 120 55 0
0.5 840 43 50
0.5 240 43 0
0.5 0 45 40
0.5 120 45 0
0.5 0 47 44
0.5 120 47 0
0.5 0 48 47
0.5 120 48 0
0.5 0 50 51
0.5 120 50 0
0.5 0 52 54
0.5 120 52 0
0.5 0 54 56
0.5 120 54 0
0.5 0 55 60
0.5 120 55 0
0.5 120 60 52
0.5 120 60 0
0.5 120 59 57
0.5 120 59 0
0.5 120 60 54
0.5 120 60 0
0.5 120 59 57
0.5 120 59 0
0.5 120 59 49
0.5 120 59 0
0.5 120 60 54
0.5 120 60 0
0.5 120 60 50
0.5 120 60 0
0.5 120 62 50
0.5 120 62 0
0.5 120 62 48
0.5 120 62 0
0.5 120 50 54
0.5 120 50 0
0.5 120 50 48
0.5 120 50 0
0.5 120 55 54
0.5 120 55 0
0.5 1320 62 25
0.5 0 69 34
0.5 480 69 0
0.5 0 62 0
0.5 0 67 40
0.5 120 67 0
0.5 1320 62 25
0.5 0 69 34
0.5 480 69 0
0.5 0 62 0
0.5 0 67 40
0.5 120 67 0
0.5 360 50 42
0.5 0 62 50
0.5 120 62 0
0.5 0 50 0
0.5 360 59 56
0.5 0 55 47
0.5 120 55 0
0.5 0 59 0
0.5 360 50 42
0.5 0 62 50
0.5 120 62 0
0.5 0 50 0
0.5 360 59 57
0.5 0 55 48
0.5 120 55 0
0.5 0 59 0
0 23104 64 127
0 917 64 0
0 50 64 127
0 910 64 0
0 71 64 127
0 882 64 0
0 64349 64 127
0 917 64 0
0 92 64 127
0 397 64 0
0 97 64 127
0 374 64 0
0 156 64 127
0 804 64 0
0 52 64 127
0 443 64 0
0 60 64 127
0 411 64 0
0 58 64 127
0 432 64 0
0 3394 64 127
0 440 64 0
0 1508 64 127
0 416 64 0
0 31250 64 127
0 917 64 0
0 50 64 127
0 910 64 0
0 71 64 127
0 882 64 0
1 0 0 0
