0.5 240 64 19
0.5 0 71 23
0.5 120 71 0
0.5 0 64 0
0.5 360 64 19
0.5 0 71 23
0.5 120 71 0
0.5 0 64 0
0.5 360 64 19
0.5 0 71 23
0.5 120 71 0
0.5 0 64 0
0.5 360 64 19
0.5 0 71 23
0.5 120 71 0
0.5 0 64 0
0.5 360 64 19
0.5 0 71 23
0.5 120 71 0
0.5 0 64 0
0.5 360 64 19
0.5 0 71 23
0.5 120 71 0
0.5 0 64 0
0.5 120 64 29
0.5 120 64 0
0.5 120 64 19
0.5 0 71 23
0.5 120 71 0
0.5 0 64 0
0.5 360 64 19
0.5 0 71 23
0.5 120 71 0
0.5 0 64 0
0.5 360 64 19
0.5 0 71 23
0.5 120 71 0
0.5 0 64 0
0.5 120 64 29
0.5 120 64 0
0.5 120 64 19
0.5 0 71 23
0.5 120 71 0
0.5 0 64 0
0.5 360 64 19
0.5 0 71 23
0.5 120 71 0
0.5 0 64 0
0.5 360 64 19
0.5 0 71 23
0.5 120 71 0
0.5 0 64 0
0.5 360 64 19
0.5 0 71 23
0.5 120 71 0
0.5 0 64 0
0.5 360 64 19
0.5 0 71 23
0.5 120 71 0
0.5 0 64 0
0.5 360 64 19
0.5 0 71 23
0.5 120 71 0
0.5 0 64 0
0.5 120 64 29
0.5 120 64 0
0.5 120 64 19
0.5 0 71 23
0.5 120 71 0
0.5 0 64 0
0.5 360 64 19
0.5 0 71 23
0.5 120 71 0
0.5 0 64 0
0.5 360 64 19
0.5 0 71 23
0.5 120 71 0
0.5 0 64 0
0.5 360 71 22
0.5 0 64 18
0.5 240 64 0
0.5 0 71 0
0.5 240 71 22
0.5 0 64 18
0.5 240 64 0
0.5 0 71 0
0.5 240 71 22
0.5 0 64 18
0.5 120 64 0
0.5 0 71 0
0.5 120 59 37
0.5 120 59 0
0.5 120 71 34
0.5 0 64 28
0.5 120 64 0
0.5 0 71 0
0.5 360 64 24
0.5 0 71 29
0.5 120 71 0
0.5 0 64 0
0.5 360 64 24
0.5 0 71 29
0.5 120 71 0
0.5 0 64 0
0.5 540 70 38
0.5 60 70 0
0.5 0 75 51
0.5 120 75 0
0.5 300 75 39
0.5 60 75 0
0.5 0 80 54
0.5 120 80 0
0.5 300 68 38
0.5 60 68 0
0.5 0 73 53
0.5 900 70 38
0.5 60 70 0
0.5 0 73 0
0.5 0 75 51
0.5 120 75 0
0.5 60 63 31
0.5 60 63 0
0.5 0 68 43
0.5 120 68 0
0.5 60 68 38
0.5 60 68 0
0.5 0 73 53
0.5 120 73 0
0.5 300 70 40
0.5 60 70 0
0.5 0 75 55
0.5 120 75 0
0.5 300 75 45
0.5 60 75 0
0.5 0 80 59
0.5 120 80 0
0.5 300 68 47
0.5 60 68 0
0.5 0 73 57
0.5 900 63 42
0.5 60 73 0
0.5 0 68 49
0.5 360 68 0
0.5 0 63 0
0.5 60 61 51
0.5 60 66 62
0.5 360 66 0
0.5 0 61 0
0.5 60 63 39
0.5 60 68 46
0.5 960 68 0
0.5 0 63 0
0.5 0 59 37
0.5 120 59 0
0.5 120 71 34
0.5 0 66 28
0.5 120 66 0
0.5 0 71 0
0.5 360 59 24
0.5 0 66 24
0.5 0 71 29
0.5 120 71 0
0.5 0 66 0
0.5 0 59 0
0.5 360 59 24
0.5 0 66 24
0.5 0 71 29
0.5 120 71 0
0.5 0 66 0
0.5 0 59 0
0.5 360 59 24
0.5 0 66 24
0.5 0 71 29
0.5 120 71 0
0.5 0 66 0
0.5 0 59 0
0.5 360 71 29
0.5 0 61 24
0.5 0 66 24
0.5 120 66 0
0.5 0 61 0
0.5 0 71 0
0.5 360 64 24
0.5 0 66 24
0.5 0 71 29
0.5 120 71 0
0.5 0 66 0
0.5 0 64 0
0.5 360 63 24
0.5 0 66 24
0.5 0 71 29
0.5 120 71 0
0.5 0 66 0
0.5 0 63 0
0.5 360 71 29
0.5 0 63 24
0.5 0 66 24
0.5 120 66 0
0.5 0 63 0
0.5 0 71 0
0.5 360 62 24
0.5 0 66 24
0.5 0 71 29
0.5 120 71 0
0.5 0 66 0
0.5 0 62 0
0.5 360 61 24
0.5 0 66 24
0.5 0 71 29
0.5 120 71 0
0.5 0 66 0
0.5 0 61 0
0.5 360 61 24
0.5 0 66 24
0.5 0 71 29
0.5 120 71 0
0.5 0 66 0
0.5 0 61 0
0.5 360 61 24
0.5 0 66 24
0.5 0 71 29
0.5 120 71 0
0.5 0 66 0
0.5 0 61 0
0.5 360 61 24
0.5 0 66 24
0.5 0 71 29
0.5 120 71 0
0.5 0 66 0
0.5 0 61 0
0.5 360 63 24
0.5 0 66 24
0.5 0 71 29
0.5 120 71 0
0.5 0 66 0
0.5 0 63 0
0.5 360 66 24
0.5 0 71 29
0.5 120 71 0
0.5 0 66 0
0.5 360 68 24
0.5 0 71 29
0.5 120 71 0
0.5 0 68 0
0.5 360 71 29
0.5 0 68 24
0.5 120 68 0
0.5 0 71 0
0.5 360 68 24
0.5 0 71 29
0.5 120 71 0
0.5 0 68 0
0.5 360 63 24
0.5 0 68 24
0.5 0 71 29
0.5 120 71 0
0.5 0 68 0
0.5 0 63 0
0.5 360 63 24
0.5 0 68 24
0.5 0 71 29
0.5 120 71 0
0.5 0 68 0
0.5 0 63 0
0.5 360 63 25
0.5 0 68 25
0.5 0 71 30
0.5 120 71 0
0.5 0 68 0
0.5 0 63 0
0.5 360 65 25
0.5 0 68 25
0.5 0 71 30
0.5 120 71 0
0.5 0 68 0
0.5 0 65 0
0.5 360 65 26
0.5 0 68 26
0.5 0 71 31
0.5 120 71 0
0.5 0 68 0
0.5 0 65 0
0.5 360 65 26
0.5 0 68 26
0.5 0 71 31
0.5 120 71 0
0.5 0 68 0
0.5 0 65 0
0.5 360 63 27
0.5 0 68 27
0.5 0 71 32
0.5 120 71 0
0.5 0 68 0
0.5 0 63 0
0.5 360 63 27
0.5 0 68 27
0.5 0 71 32
0.5 120 71 0
0.5 0 68 0
0.5 0 63 0
0.5 360 63 28
0.5 0 68 28
0.5 0 71 33
0.5 120 71 0
0.5 0 68 0
0.5 0 63 0
0.5 360 65 28
0.5 0 68 28
0.5 0 71 34
0.5 120 71 0
0.5 0 68 0
0.5 0 65 0
0.5 360 65 29
0.5 0 68 29
0.5 0 71 35
0.5 120 71 0
0.5 0 68 0
0.5 0 65 0
0.5 360 65 29
0.5 0 68 29
0.5 0 71 35
0.5 120 71 0
0.5 0 68 0
0.5 0 65 0
0.5 360 71 41
0.5 0 68 34
0.5 120 68 0
0.5 0 71 0
0.5 360 68 34
0.5 0 71 40
0.5 120 71 0
0.5 0 68 0
0.5 360 68 34
0.5 0 71 40
0.5 120 71 0
0.5 0 68 0
0.5 360 68 34
0.5 0 71 40
0.5 120 71 0
0.5 0 68 0
0.5 360 71 38
0.5 0 68 32
0.5 120 68 0
0.5 0 71 0
0.5 360 71 38
0.5 0 68 32
0.5 120 68 0
0.5 0 71 0
0.5 360 71 41
0.5 0 68 34
0.5 120 68 0
0.5 0 71 0
0.5 360 68 34
0.5 0 71 40
0.5 120 71 0
0.5 0 68 0
0.5 360 68 34
0.5 0 71 40
0.5 120 71 0
0.5 0 68 0
0.5 360 68 34
0.5 0 71 40
0.5 120 71 0
0.5 0 68 0
0.5 360 71 38
0.5 0 68 32
0.5 120 68 0
0.5 0 71 0
0.5 360 71 38
0.5 0 68 32
0.5 120 68 0
0.5 0 71 0
0.5 360 71 32
0.5 120 71 0
0.5 360 71 33
0.5 120 71 0
0.5 360 71 30
0.5 120 71 0
0.5 360 71 27
0.5 120 71 0
0.5 360 71 23
0.5 120 71 0
0.5 360 71 26
0.5 120 71 0
0.5 60 59 25
0.5 60 64 40
0.5 240 64 0
0.5 0 59 0
0.5 0 71 33
0.5 240 71 0
0.5 0 75 29
0.5 0 80 42
0.5 240 80 0
0.5 0 75 0
0.5 0 75 35
0.5 0 68 24
0.5 240 68 0
0.5 0 75 0
0.5 0 80 34
0.5 0 85 48
0.5 240 85 0
0.5 0 80 0
0.5 0 75 26
0.5 0 80 37
0.5 240 80 0
0.5 0 75 0
0.5 0 78 43
0.5 0 73 43
0.5 180 73 0
0.5 60 66 22
0.5 0 73 32
0.5 360 73 0
0.5 0 66 0
0.5 120 73 32
0.5 0 66 22
0.5 180 66 0
0.5 0 73 0
0.5 60 78 0
0.5 0 75 28
0.5 0 80 40
0.5 240 80 0
0.5 0 75 0
0.5 0 68 28
0.5 0 73 40
0.5 240 73 0
0.5 0 68 0
0.5 0 78 44
0.5 0 73 31
0.5 240 73 0
0.5 0 78 0
0.5 0 66 28
0.5 0 73 40
0.5 240 73 0
0.5 0 66 0
0.5 0 80 41
0.5 0 75 28
0.5 240 75 0
0.5 0 80 0
0.5 0 68 28
0.5 0 75 40
0.5 240 75 0
0.5 0 68 0
0.5 0 80 34
0.5 0 85 49
0.5 240 85 0
0.5 0 80 0
0.5 0 80 41
0.5 0 75 28
0.5 240 75 0
0.5 0 80 0
0.5 0 78 51
0.5 0 73 51
0.5 180 73 0
0.5 60 73 34
0.5 0 66 23
0.5 360 66 0
0.5 0 73 0
0.5 120 73 32
0.5 0 66 22
0.5 360 66 0
0.5 0 73 0
0.5 120 73 34
0.5 0 66 23
0.5 180 66 0
0.5 0 73 0
0.5 60 78 0
0.5 0 80 45
0.5 0 75 32
0.5 240 75 0
0.5 0 75 23
0.5 0 68 23
0.5 240 68 0
0.5 0 75 0
0.5 0 80 0
0.5 0 73 28
0.5 0 78 40
0.5 240 73 0
0.5 0 73 21
0.5 0 66 21
0.5 240 66 0
0.5 0 73 0
0.5 0 78 0
0.5 0 80 40
0.5 0 75 28
0.5 240 75 0
0.5 0 75 22
0.5 0 68 22
0.5 240 68 0
0.5 0 75 0
0.5 0 80 0
0.5 0 64 26
0.5 0 68 26
0.5 0 73 49
0.5 720 73 0
0.5 0 75 37
0.5 240 75 0
0.5 0 73 37
0.5 480 73 0
0.5 0 68 0
0.5 0 64 0
0.5 0 64 26
0.5 0 67 26
0.5 0 75 44
0.5 720 75 0
0.5 0 73 38
0.5 240 73 0
0.5 0 75 38
0.5 480 75 0
0.5 0 67 0
0.5 0 64 0
0.5 0 64 26
0.5 0 71 28
0.5 0 73 42
0.5 720 73 0
0.5 0 75 37
0.5 240 75 0
0.5 0 73 37
0.5 480 73 0
0.5 0 71 0
0.5 0 64 0
0.5 0 64 26
0.5 0 70 26
0.5 0 75 41
0.5 720 75 0
0.5 0 73 40
0.5 240 73 0
0.5 0 75 40
0.5 480 75 0
0.5 0 70 0
0.5 0 64 0
0.5 240 68 23
0.5 0 64 18
0.5 0 59 18
0.5 240 59 0
0.5 0 64 0
0.5 0 68 0
0.5 240 68 23
0.5 0 64 18
0.5 0 59 18
0.5 240 59 0
0.5 0 64 0
0.5 0 68 0
0.5 240 68 23
0.5 0 64 18
0.5 0 59 18
0.5 240 59 0
0.5 0 64 0
0.5 0 68 0
0.5 240 67 23
0.5 0 64 18
0.5 0 59 18
0.5 240 59 0
0.5 0 64 0
0.5 0 67 0
0.5 240 67 23
0.5 0 64 18
0.5 0 59 18
0.5 240 59 0
0.5 0 64 0
0.5 0 67 0
0.5 240 67 23
0.5 0 64 18
0.5 0 59 18
0.5 240 59 0
0.5 0 64 0
0.5 0 67 0
0.5 240 66 23
0.5 0 64 18
0.5 0 59 18
0.5 240 59 0
0.5 0 64 0
0.5 0 66 0
0.5 240 66 23
0.5 0 64 18
0.5 0 59 18
0.5 240 59 0
0.5 0 64 0
0.5 0 66 0
0.5 240 66 23
0.5 0 64 18
0.5 0 59 18
0.5 240 59 0
0.5 0 64 0
0.5 0 66 0
0.5 240 66 23
0.5 0 64 18
0.5 0 58 18
0.5 240 58 0
0.5 0 64 0
0.5 0 66 0
0.5 240 66 23
0.5 0 64 18
0.5 0 58 18
0.5 240 58 0
0.5 0 64 0
0.5 0 66 0
0.5 240 66 23
0.5 0 64 18
0.5 0 58 18
0.5 240 58 0
0.5 0 64 0
0.5 0 66 0
0.5 0 59 34
0.5 240 59 0
0.5 0 71 29
0.5 0 66 29
0.5 120 66 0
0.5 0 71 0
0.5 360 66 24
0.5 0 59 24
0.5 0 71 29
0.5 120 71 0
0.5 0 59 0
0.5 0 66 0
0.5 360 59 24
0.5 0 71 29
0.5 0 66 24
0.5 120 66 0
0.5 0 71 0
0.5 0 59 0
0.5 360 59 24
0.5 0 66 24
0.5 0 71 29
0.5 120 71 0
0.5 0 66 0
0.5 0 59 0
0.5 360 59 24
0.5 0 66 24
0.5 0 71 29
0.5 120 71 0
0.5 0 66 0
0.5 0 59 0
0.5 360 59 24
0.5 0 66 24
0.5 0 71 29
0.5 120 71 0
0.5 0 66 0
0.5 0 59 0
0.5 360 71 25
0.5 0 66 21
0.5 120 66 0
0.5 0 71 0
0.5 360 66 22
0.5 0 71 26
0.5 120 71 0
0.5 0 66 0
0.5 360 71 27
0.5 0 66 22
0.5 120 66 0
0.5 0 71 0
0.5 360 66 23
0.5 0 71 28
0.5 120 71 0
0.5 0 66 0
0.5 360 66 24
0.5 0 71 29
0.5 120 71 0
0.5 0 66 0
0.5 360 71 31
0.5 0 66 26
0.5 120 66 0
0.5 0 71 0
0.5 360 71 31
0.5 0 67 26
0.5 120 67 0
0.5 0 71 0
0.5 360 67 25
0.5 0 71 30
0.5 120 71 0
0.5 0 67 0
0.5 360 71 29
0.5 0 67 24
0.5 120 67 0
0.5 0 71 0
0.5 360 67 23
0.5 0 71 28
0.5 120 71 0
0.5 0 67 0
0.5 360 67 22
0.5 0 71 27
0.5 120 71 0
0.5 0 67 0
0.5 360 71 26
0.5 0 67 22
0.5 120 67 0
0.5 0 71 0
0.5 360 71 25
0.5 0 66 21
0.5 120 66 0
0.5 0 71 0
0.5 360 66 22
0.5 0 71 26
0.5 120 71 0
0.5 0 66 0
0.5 360 71 27
0.5 0 66 22
0.5 120 66 0
0.5 0 71 0
0.5 360 66 23
0.5 0 71 28
0.5 120 71 0
0.5 0 66 0
0.5 360 66 24
0.5 0 71 29
0.5 120 71 0
0.5 0 66 0
0.5 360 71 31
0.5 0 66 26
0.5 120 66 0
0.5 0 71 0
0.5 360 71 31
0.5 0 69 26
0.5 120 69 0
0.5 0 71 0
0.5 360 69 25
0.5 0 71 30
0.5 120 71 0
0.5 0 69 0
0.5 360 71 29
0.5 0 67 24
0.5 120 67 0
0.5 0 71 0
0.5 360 67 23
0.5 0 71 28
0.5 120 71 0
0.5 0 67 0
0.5 360 65 22
0.5 0 71 27
0.5 120 71 0
0.5 0 65 0
0.5 360 67 26
0.5 0 65 22
0.5 120 65 0
0.5 0 67 0
0.5 360 67 25
0.5 0 65 21
0.5 120 65 0
0.5 0 67 0
0.5 360 65 22
0.5 0 67 26
0.5 120 67 0
0.5 0 65 0
0.5 360 67 27
0.5 0 65 22
0.5 120 65 0
0.5 0 67 0
0.5 360 64 23
0.5 0 69 28
0.5 120 69 0
0.5 0 64 0
0.5 360 69 26
0.5 0 64 22
0.5 120 64 0
0.5 0 69 0
0.5 360 64 21
0.5 0 69 25
0.5 120 69 0
0.5 0 64 0
0.5 360 67 25
0.5 0 65 21
0.5 120 65 0
0.5 0 67 0
0.5 360 65 22
0.5 0 67 26
0.5 120 67 0
0.5 0 65 0
0.5 360 67 27
0.5 0 65 22
0.5 120 65 0
0.5 0 67 0
0.5 360 69 31
0.5 0 64 26
0.5 120 64 0
0.5 0 69 0
0.5 360 69 36
0.5 0 65 29
0.5 120 65 0
0.5 0 69 0
0.5 360 67 37
0.5 0 69 44
0.5 120 69 0
0.5 0 67 0
0.5 360 70 25
0.5 0 68 21
0.5 120 68 0
0.5 0 70 0
0.5 360 68 22
0.5 0 70 26
0.5 120 70 0
0.5 0 68 0
0.5 360 70 27
0.5 0 68 22
0.5 120 68 0
0.5 0 70 0
0.5 360 67 23
0.5 0 72 28
0.5 120 72 0
0.5 0 67 0
0.5 360 72 26
0.5 0 67 22
0.5 120 67 0
0.5 0 72 0
0.5 360 67 21
0.5 0 72 25
0.5 120 72 0
0.5 0 67 0
0.5 360 70 25
0.5 0 68 21
0.5 120 68 0
0.5 0 70 0
0.5 360 68 22
0.5 0 70 26
0.5 120 70 0
0.5 0 68 0
0.5 360 70 27
0.5 0 68 22
0.5 120 68 0
0.5 0 70 0
0.5 360 72 31
0.5 0 67 26
0.5 120 67 0
0.5 0 72 0
0.5 360 72 36
0.5 0 68 29
0.5 120 68 0
0.5 0 72 0
0.5 360 70 37
0.5 0 72 44
0.5 120 72 0
0.5 0 70 0
0.5 600 72 42
0.5 120 72 0
0.5 120 75 38
0.5 120 75 0
0.5 120 74 42
0.5 120 74 0
0.5 120 72 37
0.5 120 72 0
0.5 120 70 42
0.5 120 70 0
0.5 120 68 37
0.5 120 68 0
0.5 120 67 41
0.5 120 67 0
0.5 120 65 38
0.5 120 65 0
0.5 120 63 41
0.5 120 63 0
0.5 120 62 33
0.5 120 62 0
0.5 120 60 42
0.5 240 60 0
0.5 0 63 38
0.5 240 63 0
0.5 0 63 31
0.5 0 67 37
0.5 120 67 0
0.5 0 63 0
0.5 360 63 25
0.5 0 67 30
0.5 120 67 0
0.5 0 63 0
0.5 360 60 42
0.5 240 60 0
0.5 0 63 37
0.5 240 63 0
0.5 0 63 24
0.5 0 67 29
0.5 120 67 0
0.5 0 63 0
0.5 360 62 18
0.5 0 67 22
0.5 120 67 0
0.5 0 62 0
0.5 6120 60 28
0.5 0 63 38
0.5 175 63 0
0.5 0 60 0
0.5 65 66 41
0.5 240 70 46
0.5 420 60 20
0.5 60 63 27
0.5 120 63 0
0.5 0 60 0
0.5 360 70 0
0.5 0 66 0
0.5 0 62 28
0.5 0 65 38
0.5 175 65 0
0.5 0 62 0
0.5 65 68 41
0.5 240 72 46
0.5 420 62 20
0.5 60 65 27
0.5 120 65 0
0.5 0 62 0
0.5 360 72 0
0.5 0 68 0
0.5 0 60 28
0.5 0 63 38
0.5 240 66 41
0.5 240 66 0
0.5 0 70 46
0.5 240 70 0
0.5 0 63 0
0.5 0 60 0
0.5 0 60 28
0.5 0 63 38
0.5 240 66 41
0.5 240 66 0
0.5 0 70 46
0.5 240 70 0
0.5 0 63 0
0.5 0 60 0
0.5 0 62 28
0.5 0 65 38
0.5 175 65 0
0.5 0 62 0
0.5 65 68 41
0.5 240 72 46
0.5 120 72 0
0.5 0 68 0
0.5 270 62 44
0.5 30 65 46
0.5 30 68 47
0.5 30 72 50
0.5 120 72 0
0.5 0 62 0
0.5 0 65 0
0.5 0 68 0
0.5 840 62 28
0.5 0 65 38
0.5 240 68 41
0.5 240 72 46
0.5 480 72 0
0.5 0 62 0
0.5 0 65 0
0.5 0 68 0
0.5 480 64 28
0.5 0 67 38
0.5 240 70 41
0.5 240 74 46
0.5 480 74 0
0.5 0 64 0
0.5 0 67 0
0.5 0 70 0
0.5 0 62 28
0.5 0 65 38
0.5 240 68 41
0.5 240 68 0
0.5 0 72 46
0.5 240 72 0
0.5 0 65 0
0.5 0 62 0
0.5 0 62 28
0.5 0 65 38
0.5 240 68 41
0.5 240 68 0
0.5 0 72 46
0.5 240 72 0
0.5 0 65 0
0.5 0 62 0
0.5 0 64 28
0.5 0 67 38
0.5 175 67 0
0.5 0 64 0
0.5 65 70 41
0.5 234 74 46
0.5 120 74 0
0.5 6 70 0
0.5 270 64 44
0.5 30 67 46
0.5 30 70 47
0.5 30 74 50
0.5 120 74 0
0.5 0 64 0
0.5 0 67 0
0.5 0 70 0
0.5 360 64 28
0.5 0 67 38
0.5 175 67 0
0.5 0 64 0
0.5 65 70 41
0.5 234 74 46
0.5 120 74 0
0.5 6 70 0
0.5 360 67 41
0.5 0 70 42
0.5 0 77 45
0.5 120 77 0
0.5 0 70 0
0.5 0 67 0
0.5 300 70 46
0.5 30 73 47
0.5 30 80 50
0.5 120 80 0
0.5 0 73 0
0.5 0 70 0
0.5 1320 64 28
0.5 0 67 38
0.5 240 70 42
0.5 240 70 0
0.5 0 74 49
0.5 240 74 0
0.5 0 67 0
0.5 0 64 0
0.5 0 67 30
0.5 0 70 41
0.5 240 70 0
0.5 0 73 46
0.5 240 73 0
0.5 0 77 54
0.5 180 77 0
0.5 0 70 46
0.5 30 73 47
0.5 30 67 0
0.5 0 80 50
0.5 120 80 0
0.5 0 73 0
0.5 0 70 0
0.5 1260 70 46
0.5 30 73 47
0.5 30 80 50
0.5 120 80 0
0.5 0 73 0
0.5 0 70 0
0.5 1260 70 41
0.5 30 73 42
0.5 30 80 45
0.5 120 80 0
0.5 0 73 0
0.5 0 70 0
0.5 2280 80 45
0.5 240 80 0
0.5 0 85 36
0.5 240 85 0
0.5 0 73 34
0.5 0 78 44
0.5 120 73 0
0.5 360 73 34
0.5 120 73 0
0.5 360 78 0
0.5 0 73 34
0.5 0 80 33
0.5 120 73 0
0.5 120 80 0
0.5 0 85 40
0.5 240 85 0
0.5 0 78 40
0.5 0 73 34
0.5 120 73 0
0.5 0 78 0
0.5 360 80 40
0.5 0 73 34
0.5 120 73 0
0.5 0 80 0
0.5 360 73 34
0.5 120 73 0
0.5 360 73 35
0.5 0 78 42
0.5 120 73 0
0.5 360 73 38
0.5 120 73 0
0.5 360 73 38
0.5 120 73 0
0.5 360 78 0
0.5 0 72 32
0.5 0 80 38
0.5 120 80 0
0.5 0 72 0
0.5 360 73 34
0.5 0 78 41
0.5 120 78 0
0.5 0 73 0
0.5 360 74 41
0.5 0 80 49
0.5 120 80 0
0.5 0 74 0
0.5 360 73 40
0.5 0 68 34
0.5 120 68 0
0.5 360 68 34
0.5 120 68 0
0.5 360 68 34
0.5 120 68 0
0.5 360 73 0
0.5 0 67 39
0.5 0 75 47
0.5 120 75 0
0.5 0 67 0
0.5 360 68 35
0.5 0 73 42
0.5 120 73 0
0.5 0 68 0
0.5 360 69 34
0.5 0 75 41
0.5 120 75 0
0.5 0 69 0
0.5 340 61 67
0.5 10 64 69
0.5 10 68 75
0.5 120 68 0
0.5 0 64 0
0.5 0 61 0
0.5 340 61 67
0.5 10 64 69
0.5 10 68 75
0.5 120 68 0
0.5 0 64 0
0.5 0 61 0
0.5 340 61 67
0.5 10 64 69
0.5 10 68 75
0.5 120 68 0
0.5 0 64 0
0.5 0 61 0
0.5 340 61 63
0.5 10 64 66
0.5 10 68 71
0.5 120 68 0
0.5 0 64 0
0.5 0 61 0
0.5 340 61 61
0.5 10 64 63
0.5 10 68 68
0.5 120 68 0
0.5 0 64 0
0.5 0 61 0
0.5 340 61 57
0.5 10 64 59
0.5 10 68 64
0.5 120 68 0
0.5 0 64 0
0.5 0 61 0
0.5 340 61 38
0.5 10 63 39
0.5 10 68 43
0.5 120 68 0
0.5 0 63 0
0.5 0 61 0
0.5 340 61 35
0.5 10 63 36
0.5 10 68 40
0.5 120 68 0
0.5 0 63 0
0.5 0 61 0
0.5 340 61 32
0.5 10 63 33
0.5 10 68 36
0.5 120 68 0
0.5 0 63 0
0.5 0 61 0
0.5 340 57 27
0.5 20 59 32
0.5 120 59 0
0.5 0 57 0
0.5 340 57 27
0.5 20 59 32
0.5 120 59 0
0.5 0 57 0
0.5 340 57 27
0.5 20 59 32
0.5 120 59 0
0.5 0 57 0
0.5 340 56 27
0.5 10 59 27
0.5 10 61 32
0.5 120 61 0
0.5 0 59 0
0.5 0 56 0
0.5 340 56 27
0.5 10 59 27
0.5 10 61 32
0.5 120 61 0
0.5 0 59 0
0.5 0 56 0
0.5 340 56 27
0.5 10 59 27
0.5 10 61 32
0.5 120 61 0
0.5 0 59 0
0.5 0 56 0
0.5 340 56 27
0.5 10 59 27
0.5 10 61 32
0.5 120 61 0
0.5 0 59 0
0.5 0 56 0
0.5 340 56 27
0.5 10 59 27
0.5 10 61 32
0.5 120 61 0
0.5 0 59 0
0.5 0 56 0
0.5 340 56 27
0.5 10 59 27
0.5 10 61 32
0.5 120 61 0
0.5 0 59 0
0.5 0 56 0
0.5 340 55 27
0.5 10 58 27
0.5 10 62 32
0.5 120 62 0
0.5 0 58 0
0.5 0 55 0
0.5 340 55 27
0.5 10 58 27
0.5 10 62 32
0.5 120 62 0
0.5 0 58 0
0.5 0 55 0
0.5 840 55 49
0.5 240 55 0
0.5 0 57 55
0.5 240 57 0
0.5 0 58 33
0.5 120 58 0
0.5 360 60 33
0.5 120 60 0
0.5 340 56 27
0.5 10 59 27
0.5 10 61 32
0.5 120 61 0
0.5 0 59 0
0.5 0 56 0
0.5 340 56 27
0.5 10 59 27
0.5 10 61 32
0.5 120 61 0
0.5 0 59 0
0.5 0 56 0
0.5 340 56 27
0.5 10 59 27
0.5 10 61 32
0.5 120 61 0
0.5 0 59 0
0.5 0 56 0
0.5 340 56 27
0.5 10 59 27
0.5 10 61 32
0.5 120 61 0
0.5 0 59 0
0.5 0 56 0
0.5 340 56 27
0.5 10 59 27
0.5 10 61 32
0.5 120 61 0
0.5 0 59 0
0.5 0 56 0
0.5 340 56 27
0.5 10 59 27
0.5 10 61 32
0.5 120 61 0
0.5 0 59 0
0.5 0 56 0
0.5 340 55 27
0.5 10 58 27
0.5 10 62 32
0.5 120 62 0
0.5 0 58 0
0.5 0 55 0
0.5 340 55 27
0.5 10 58 27
0.5 10 62 32
0.5 120 62 0
0.5 0 58 0
0.5 0 55 0
0.5 840 55 49
0.5 240 55 0
0.5 0 57 55
0.5 240 57 0
0.5 0 58 33
0.5 120 58 0
0.5 360 60 33
0.5 120 60 0
0.5 1800 67 49
0.5 240 67 0
0.5 0 69 55
0.5 240 69 0
0.5 0 70 33
0.5 120 70 0
0.5 360 72 33
0.5 120 72 0
0.5 1800 79 49
0.5 240 79 0
0.5 0 81 55
0.5 240 81 0
0.5 0 82 33
0.5 120 82 0
0.5 325 71 45
0.5 5 75 46
0.5 15 78 50
0.5 15 83 54
0.5 240 83 0
0.5 0 78 0
0.5 0 75 0
0.5 10 71 0
0.5 2090 63 32
0.5 60 63 0
0.5 0 68 40
0.5 120 68 0
0.5 300 68 36
0.5 60 68 0
0.5 0 73 47
0.5 120 73 0
0.5 300 61 37
0.5 60 61 0
0.5 0 66 45
0.5 1440 66 0
0.5 420 70 32
0.5 60 70 0
0.5 0 75 40
0.5 120 75 0
0.5 300 75 36
0.5 60 75 0
0.5 0 80 47
0.5 120 80 0
0.5 300 68 37
0.5 60 68 0
0.5 0 73 45
0.5 1440 73 0
0.5 420 63 32
0.5 60 63 0
0.5 0 68 40
0.5 120 68 0
0.5 300 68 36
0.5 60 68 0
0.5 0 73 47
0.5 120 73 0
0.5 300 61 37
0.5 60 61 0
0.5 0 66 44
0.5 120 66 0
0.5 300 70 41
0.5 60 70 0
0.5 0 75 49
0.5 120 75 0
0.5 300 75 46
0.5 60 75 0
0.5 0 80 59
0.5 120 80 0
0.5 300 68 37
0.5 60 68 0
0.5 0 73 44
0.5 120 73 0
0.5 300 63 32
0.5 60 63 0
0.5 0 68 40
0.5 120 68 0
0.5 300 68 36
0.5 60 68 0
0.5 0 73 47
0.5 120 73 0
0.5 300 61 37
0.5 60 61 0
0.5 0 66 44
0.5 120 66 0
0.5 300 70 41
0.5 60 70 0
0.5 0 75 49
0.5 120 75 0
0.5 300 75 46
0.5 60 75 0
0.5 0 80 59
0.5 120 80 0
0.5 360 73 33
0.5 0 68 26
0.5 240 68 0
0.5 0 73 0
0.5 0 64 17
0.5 0 71 22
0.5 240 71 0
0.5 0 64 0
0.5 0 63 25
0.5 0 68 32
0.5 240 68 0
0.5 0 63 0
0.5 0 64 17
0.5 0 71 22
0.5 240 71 0
0.5 0 64 0
0.5 0 68 26
0.5 0 73 33
0.5 240 73 0
0.5 0 68 0
0.5 0 64 18
0.5 0 71 23
0.5 240 71 0
0.5 0 64 0
0.5 0 68 33
0.5 0 63 26
0.5 240 63 0
0.5 0 68 0
0.5 0 64 17
0.5 0 71 22
0.5 240 71 0
0.5 0 64 0
0.5 0 68 25
0.5 0 73 32
0.5 240 73 0
0.5 0 68 0
0.5 0 64 17
0.5 0 71 22
0.5 240 71 0
0.5 0 64 0
0.5 0 63 26
0.5 0 68 33
0.5 240 68 0
0.5 0 63 0
0.5 0 64 18
0.5 0 71 23
0.5 240 71 0
0.5 0 64 0
0.5 0 73 28
0.5 0 68 22
0.5 240 68 0
0.5 0 73 0
0.5 0 64 14
0.5 0 71 18
0.5 240 71 0
0.5 0 64 0
0.5 0 63 21
0.5 0 68 27
0.5 240 68 0
0.5 0 63 0
0.5 0 64 14
0.5 0 71 18
0.5 240 71 0
0.5 0 64 0
0.5 0 68 22
0.5 0 73 28
0.5 240 73 0
0.5 0 68 0
0.5 0 64 15
0.5 0 71 19
0.5 240 71 0
0.5 0 64 0
0.5 0 68 28
0.5 0 63 22
0.5 240 63 0
0.5 0 68 0
0.5 0 64 14
0.5 0 71 18
0.5 240 71 0
0.5 0 64 0
0.5 0 68 21
0.5 0 73 27
0.5 240 73 0
0.5 0 68 0
0.5 0 64 14
0.5 0 71 18
0.5 240 71 0
0.5 0 64 0
0.5 0 63 22
0.5 0 68 28
0.5 240 68 0
0.5 0 63 0
0.5 0 64 15
0.5 0 71 19
0.5 240 71 0
0.5 0 64 0
0.5 0 68 28
0.5 0 63 22
0.5 240 63 0
0.5 0 68 0
0.5 1200 63 23
0.5 0 68 23
0.5 0 71 23
0.5 240 71 0
0.5 0 68 0
0.5 0 63 0
0.5 1680 64 20
0.5 240 64 0
0.5 0 68 22
0.5 240 68 0
0.5 0 76 25
0.5 240 76 0
0.5 0 80 25
0.5 240 80 0
0.5 0 88 29
0.5 240 88 0
0.5 1200 100 32
0.5 240 100 0
1 0 0 0
0.5 0 64 29
0.5 120 64 0
0.5 360 64 30
0.5 120 64 0
0.5 360 64 30
0.5 120 64 0
0.5 360 64 29
0.5 120 64 0
0.5 360 64 30
0.5 120 64 0
0.5 360 64 30
0.5 120 64 0
0.5 780 63 30
0.5 60 63 0
0.5 0 68 39
0.5 120 68 0
0.5 300 68 31
0.5 60 68 0
0.5 0 73 42
0.5 120 73 0
0.5 300 61 30
0.5 60 61 0
0.5 0 66 36
0.5 900 63 30
0.5 60 63 0
0.5 0 66 0
0.5 0 68 36
0.5 120 68 0
0.5 60 68 31
0.5 60 68 0
0.5 0 73 40
0.5 120 73 0
0.5 60 61 30
0.5 60 61 0
0.5 0 66 43
0.5 120 66 0
0.5 300 63 30
0.5 60 63 0
0.5 0 68 36
0.5 120 68 0
0.5 300 56 31
0.5 60 56 0
0.5 0 61 40
0.5 120 61 0
0.5 300 61 30
0.5 60 66 36
0.5 1380 63 30
0.5 60 66 0
0.5 0 61 0
0.5 0 68 36
0.5 1440 68 0
0.5 0 63 0
0.5 0 40 57
0.5 480 40 0
0.5 0 64 47
0.5 120 64 0
0.5 360 64 44
0.5 120 64 0
0.5 360 64 37
0.5 120 64 0
0.5 120 64 24
0.5 0 71 29
0.5 120 71 0
0.5 0 64 0
0.5 360 64 24
0.5 0 71 29
0.5 120 71 0
0.5 0 64 0
0.5 360 64 24
0.5 0 71 29
0.5 120 71 0
0.5 0 64 0
0.5 360 64 24
0.5 0 71 29
0.5 120 71 0
0.5 0 64 0
0.5 360 64 24
0.5 0 71 29
0.5 120 71 0
0.5 0 64 0
0.5 360 64 24
0.5 0 71 29
0.5 120 71 0
0.5 0 64 0
0.5 360 64 25
0.5 0 71 30
0.5 120 71 0
0.5 0 64 0
0.5 360 64 27
0.5 0 71 32
0.5 120 71 0
0.5 0 64 0
0.5 360 64 29
0.5 0 71 35
0.5 120 71 0
0.5 0 64 0
0.5 360 64 28
0.5 0 71 34
0.5 120 71 0
0.5 0 64 0
0.5 360 64 27
0.5 0 71 32
0.5 120 71 0
0.5 0 64 0
0.5 360 64 24
0.5 0 71 29
0.5 120 71 0
0.5 0 64 0
0.5 360 64 31
0.5 0 71 37
0.5 120 71 0
0.5 0 64 0
0.5 360 64 24
0.5 0 71 29
0.5 120 71 0
0.5 0 64 0
0.5 360 64 21
0.5 0 71 25
0.5 120 71 0
0.5 0 64 0
0.5 60 47 49
0.5 60 54 57
0.5 240 54 0
0.5 100 47 0
0.5 140 59 47
0.5 120 59 0
0.5 360 59 44
0.5 120 59 0
0.5 360 59 47
0.5 240 59 0
0.5 240 61 45
0.5 240 61 0
0.5 240 64 45
0.5 240 64 0
0.5 240 63 47
0.5 180 63 0
0.5 780 62 41
0.5 180 62 0
0.5 300 61 47
0.5 0 56 47
0.5 180 61 0
0.5 300 61 30
0.5 180 61 0
0.5 300 61 30
0.5 180 61 0
0.5 300 61 30
0.5 180 61 0
0.5 300 63 50
0.5 180 63 0
0.5 300 66 50
0.5 180 66 0
0.5 300 56 0
0.5 0 65 47
0.5 960 65 0
0.5 0 64 41
0.5 240 64 0
0.5 240 63 47
0.5 0 56 47
0.5 180 63 0
0.5 780 61 46
0.5 240 61 0
0.5 240 65 31
0.5 180 65 0
0.5 300 61 47
0.5 240 61 0
0.5 240 65 48
0.5 180 65 0
0.5 300 56 0
0.5 0 63 51
0.5 0 56 51
0.5 180 63 0
0.5 780 61 53
0.5 240 61 0
0.5 240 65 35
0.5 180 65 0
0.5 300 61 54
0.5 240 61 0
0.5 240 65 54
0.5 180 65 0
0.5 300 56 0
0.5 0 68 57
0.5 960 68 0
0.5 0 67 49
0.5 480 67 0
0.5 0 66 50
0.5 960 66 0
0.5 0 65 46
0.5 480 65 0
0.5 0 68 57
0.5 480 75 49
0.5 240 75 0
0.5 240 68 0
0.5 0 67 49
0.5 480 67 0
0.5 0 66 50
0.5 480 80 49
0.5 240 80 0
0.5 240 66 0
0.5 0 65 46
0.5 480 65 0
0.5 0 68 42
0.5 480 74 36
0.5 240 74 0
0.5 240 68 0
0.5 0 67 36
0.5 480 67 0
0.5 0 66 41
0.5 480 75 31
0.5 240 75 0
0.5 240 66 0
0.5 0 65 25
0.5 480 65 0
0.5 0 40 25
0.5 0 52 33
0.5 240 52 0
0.5 0 40 0
0.5 240 64 20
0.5 0 71 24
0.5 0 63 29
0.5 180 71 0
0.5 0 64 0
0.5 60 64 20
0.5 0 71 24
0.5 360 71 0
0.5 0 64 0
0.5 120 64 20
0.5 0 71 24
0.5 180 71 0
0.5 0 64 0
0.5 60 63 0
0.5 0 64 24
0.5 0 69 29
0.5 0 61 28
0.5 180 69 0
0.5 0 64 0
0.5 60 64 20
0.5 0 69 24
0.5 360 69 0
0.5 0 64 0
0.5 120 64 20
0.5 0 69 24
0.5 180 69 0
0.5 0 64 0
0.5 60 61 0
0.5 0 64 24
0.5 0 71 29
0.5 0 63 21
0.5 480 63 0
0.5 0 71 0
0.5 0 64 0
0.5 0 64 24
0.5 0 69 29
0.5 0 61 28
0.5 480 61 0
0.5 0 69 0
0.5 0 64 0
0.5 0 64 20
0.5 0 71 24
0.5 0 63 23
0.5 180 71 0
0.5 0 64 0
0.5 60 64 20
0.5 0 71 24
0.5 360 71 0
0.5 0 64 0
0.5 120 64 20
0.5 0 71 24
0.5 180 71 0
0.5 0 64 0
0.5 60 63 0
0.5 0 64 24
0.5 0 69 29
0.5 0 61 29
0.5 180 69 0
0.5 0 64 0
0.5 60 64 20
0.5 0 69 24
0.5 360 69 0
0.5 0 64 0
0.5 120 64 20
0.5 0 69 24
0.5 360 69 0
0.5 0 64 0
0.5 120 64 20
0.5 0 69 24
0.5 180 69 0
0.5 0 64 0
0.5 60 61 0
0.5 0 64 20
0.5 0 71 24
0.5 0 63 21
0.5 480 63 0
0.5 0 71 0
0.5 0 64 0
0.5 0 64 20
0.5 0 69 24
0.5 0 61 18
0.5 480 61 0
0.5 0 69 0
0.5 0 64 0
0.5 0 64 20
0.5 0 71 24
0.5 0 63 21
0.5 480 63 0
0.5 0 71 0
0.5 0 64 0
0.5 0 61 23
0.5 0 59 23
0.5 216 61 0
0.5 24 61 23
0.5 432 61 0
0.5 48 61 23
0.5 432 61 0
0.5 48 61 23
0.5 240 59 0
0.5 0 58 23
0.5 192 61 0
0.5 48 61 23
0.5 432 61 0
0.5 48 61 23
0.5 432 61 0
0.5 48 61 23
0.5 96 58 0
0.5 144 56 23
0.5 192 61 0
0.5 48 61 23
0.5 432 61 0
0.5 48 61 23
0.5 432 61 0
0.5 48 61 23
0.5 240 56 0
0.5 0 55 23
0.5 192 61 0
0.5 48 61 23
0.5 432 61 0
0.5 48 61 23
0.5 432 61 0
0.5 48 61 23
0.5 240 55 0
0.5 0 54 23
0.5 480 61 0
0.5 0 63 35
0.5 180 63 0
0.5 60 61 34
0.5 180 61 0
0.5 60 63 38
0.5 480 63 0
0.5 0 61 40
0.5 480 61 0
0.5 0 63 31
0.5 180 63 0
0.5 60 61 26
0.5 180 61 0
0.5 60 63 32
0.5 480 63 0
0.5 0 54 0
0.5 0 54 23
0.5 0 61 37
0.5 480 61 0
0.5 0 63 26
0.5 180 63 0
0.5 60 61 27
0.5 180 61 0
0.5 60 63 34
0.5 480 63 0
0.5 0 61 37
0.5 480 61 0
0.5 0 54 0
0.5 0 51 23
0.5 480 51 0
0.5 0 49 23
0.5 480 49 0
0.5 0 47 40
0.5 240 47 0
0.5 240 59 33
0.5 120 59 0
0.5 360 59 33
0.5 120 59 0
0.5 360 59 33
0.5 120 59 0
0.5 360 59 33
0.5 120 59 0
0.5 360 59 33
0.5 120 59 0
0.5 360 61 39
0.5 0 59 39
0.5 720 61 0
0.5 0 62 27
0.5 240 62 0
0.5 0 64 35
0.5 480 64 0
0.5 0 61 44
0.5 480 61 0
0.5 0 62 34
0.5 480 62 0
0.5 0 64 34
0.5 480 64 0
0.5 0 59 0
0.5 0 65 45
0.5 0 59 51
0.5 960 65 0
0.5 0 64 39
0.5 960 64 0
0.5 0 62 32
0.5 960 62 0
0.5 0 59 0
0.5 0 61 39
0.5 0 59 39
0.5 720 61 0
0.5 0 62 27
0.5 240 62 0
0.5 0 64 35
0.5 480 64 0
0.5 0 61 44
0.5 480 61 0
0.5 0 62 34
0.5 480 62 0
0.5 0 64 34
0.5 480 64 0
0.5 0 59 0
0.5 0 65 45
0.5 0 55 51
0.5 960 65 0
0.5 0 64 39
0.5 960 64 0
0.5 0 62 32
0.5 960 62 0
0.5 0 55 0
0.5 0 62 39
0.5 0 58 39
0.5 720 62 0
0.5 0 64 27
0.5 240 64 0
0.5 0 62 35
0.5 480 62 0
0.5 0 61 44
0.5 1440 61 0
0.5 0 58 0
0.5 0 62 39
0.5 0 58 39
0.5 720 62 0
0.5 0 64 35
0.5 240 64 0
0.5 0 62 46
0.5 480 62 0
0.5 0 61 42
0.5 480 61 0
0.5 0 62 47
0.5 480 62 0
0.5 0 57 51
0.5 0 64 51
0.5 480 64 0
0.5 0 57 0
0.5 0 58 0
0.5 0 65 39
0.5 0 61 39
0.5 720 65 0
0.5 0 67 27
0.5 240 67 0
0.5 0 65 35
0.5 480 65 0
0.5 0 64 44
0.5 1440 64 0
0.5 0 61 0
0.5 0 65 39
0.5 0 61 39
0.5 720 65 0
0.5 0 67 35
0.5 240 67 0
0.5 0 65 46
0.5 480 65 0
0.5 0 64 42
0.5 480 64 0
0.5 0 65 47
0.5 480 65 0
0.5 0 60 51
0.5 0 67 51
0.5 480 67 0
0.5 0 60 0
0.5 0 61 0
0.5 0 65 35
0.5 120 65 0
0.5 120 68 33
0.5 120 68 0
0.5 3000 60 36
0.5 120 60 0
0.5 360 58 28
0.5 0 62 33
0.5 120 62 0
0.5 0 58 0
0.5 840 56 19
0.5 0 60 28
0.5 120 60 0
0.5 0 56 0
0.5 360 55 16
0.5 0 58 24
0.5 120 58 0
0.5 0 55 0
0.5 2220 56 26
0.5 60 58 33
0.5 120 58 0
0.5 0 56 0
0.5 300 56 24
0.5 60 58 32
0.5 120 58 0
0.5 0 56 0
0.5 300 56 24
0.5 60 58 31
0.5 120 58 0
0.5 0 56 0
0.5 300 56 24
0.5 60 58 30
0.5 120 58 0
0.5 0 56 0
0.5 300 56 22
0.5 60 58 29
0.5 120 58 0
0.5 0 56 0
0.5 300 56 22
0.5 60 58 29
0.5 120 58 0
0.5 0 56 0
0.5 300 56 22
0.5 60 58 28
0.5 120 58 0
0.5 0 56 0
0.5 300 56 20
0.5 60 58 27
0.5 120 58 0
0.5 0 56 0
0.5 360 56 22
0.5 0 58 29
0.5 120 58 0
0.5 0 56 0
0.5 360 56 20
0.5 0 58 27
0.5 120 58 0
0.5 0 56 0
0.5 300 56 20
0.5 60 58 27
0.5 120 58 0
0.5 0 56 0
0.5 360 56 22
0.5 0 58 29
0.5 120 58 0
0.5 0 56 0
0.5 360 56 20
0.5 0 58 27
0.5 120 58 0
0.5 0 56 0
0.5 300 56 20
0.5 60 58 27
0.5 120 58 0
0.5 0 56 0
0.5 360 56 22
0.5 0 58 29
0.5 120 58 0
0.5 0 56 0
0.5 360 56 20
0.5 0 58 27
0.5 120 58 0
0.5 0 56 0
0.5 360 56 20
0.5 0 58 27
0.5 120 58 0
0.5 0 56 0
0.5 360 56 22
0.5 0 58 29
0.5 120 58 0
0.5 0 56 0
0.5 360 56 20
0.5 0 58 27
0.5 120 58 0
0.5 0 56 0
0.5 300 56 25
0.5 60 58 32
0.5 120 58 0
0.5 0 56 0
0.5 360 58 22
0.5 0 60 29
0.5 120 60 0
0.5 0 58 0
0.5 360 58 20
0.5 0 60 27
0.5 120 60 0
0.5 0 58 0
0.5 360 58 20
0.5 0 60 27
0.5 120 60 0
0.5 0 58 0
0.5 360 58 22
0.5 0 60 29
0.5 120 60 0
0.5 0 58 0
0.5 360 58 20
0.5 0 60 27
0.5 120 60 0
0.5 0 58 0
0.5 360 60 27
0.5 0 58 20
0.5 120 58 0
0.5 0 60 0
0.5 360 58 22
0.5 0 60 29
0.5 120 60 0
0.5 0 58 0
0.5 360 58 20
0.5 0 60 27
0.5 120 60 0
0.5 0 58 0
0.5 360 60 27
0.5 0 58 20
0.5 120 58 0
0.5 0 60 0
0.5 360 58 22
0.5 0 60 29
0.5 120 60 0
0.5 0 58 0
0.5 357 60 27
0.5 3 58 20
0.5 117 60 0
0.5 3 58 0
0.5 300 58 25
0.5 60 60 32
0.5 120 60 0
0.5 0 58 0
0.5 837 60 27
0.5 3 58 20
0.5 117 60 0
0.5 3 58 0
0.5 360 61 22
0.5 0 63 28
0.5 120 63 0
0.5 0 61 0
0.5 300 63 25
0.5 60 66 32
0.5 120 66 0
0.5 0 63 0
0.5 360 61 32
0.5 120 61 0
0.5 360 54 32
0.5 120 54 0
0.5 840 60 28
0.5 0 58 21
0.5 120 58 0
0.5 0 60 0
0.5 360 63 30
0.5 0 61 22
0.5 120 61 0
0.5 0 63 0
0.5 300 63 25
0.5 60 66 32
0.5 120 66 0
0.5 0 63 0
0.5 360 61 32
0.5 120 61 0
0.5 360 54 32
0.5 120 54 0
0.5 300 63 25
0.5 60 66 32
0.5 120 66 0
0.5 0 63 0
0.5 360 61 32
0.5 120 61 0
0.5 360 54 32
0.5 120 54 0
0.5 300 63 22
0.5 60 66 28
0.5 120 66 0
0.5 0 63 0
0.5 360 61 28
0.5 120 61 0
0.5 360 54 28
0.5 120 54 0
0.5 360 64 25
0.5 120 64 0
0.5 360 61 25
0.5 120 61 0
0.5 360 54 25
0.5 120 54 0
0.5 300 64 19
0.5 30 66 16
0.5 30 69 19
0.5 120 69 0
0.5 0 66 0
0.5 0 64 0
0.5 300 64 16
0.5 30 66 16
0.5 30 69 19
0.5 120 69 0
0.5 0 66 0
0.5 0 64 0
0.5 300 64 16
0.5 30 66 16
0.5 30 69 19
0.5 120 69 0
0.5 0 66 0
0.5 0 64 0
0.5 300 64 16
0.5 30 66 16
0.5 30 69 19
0.5 120 69 0
0.5 0 66 0
0.5 0 64 0
0.5 300 64 16
0.5 30 66 16
0.5 30 69 19
0.5 120 69 0
0.5 0 66 0
0.5 0 64 0
0.5 300 64 16
0.5 30 66 16
0.5 30 69 19
0.5 120 69 0
0.5 0 66 0
0.5 0 64 0
0.5 360 64 16
0.5 0 66 16
0.5 0 69 19
0.5 120 69 0
0.5 0 66 0
0.5 0 64 0
0.5 360 64 16
0.5 0 66 16
0.5 0 69 19
0.5 120 69 0
0.5 0 66 0
0.5 0 64 0
0.5 360 64 16
0.5 0 66 16
0.5 0 69 19
0.5 120 69 0
0.5 0 66 0
0.5 0 64 0
0.5 360 63 16
0.5 0 66 16
0.5 0 69 19
0.5 120 69 0
0.5 0 66 0
0.5 0 63 0
0.5 360 61 17
0.5 0 66 17
0.5 0 69 20
0.5 120 69 0
0.5 0 66 0
0.5 0 61 0
0.5 360 60 17
0.5 0 66 17
0.5 0 69 21
0.5 120 69 0
0.5 0 66 0
0.5 0 60 0
0.5 360 59 16
0.5 0 61 16
0.5 0 65 19
0.5 120 65 0
0.5 0 61 0
0.5 0 59 0
0.5 360 59 16
0.5 0 61 16
0.5 0 65 19
0.5 120 65 0
0.5 0 61 0
0.5 0 59 0
0.5 360 59 16
0.5 0 61 16
0.5 0 65 19
0.5 120 65 0
0.5 0 61 0
0.5 0 59 0
0.5 360 58 16
0.5 0 61 16
0.5 0 64 19
0.5 120 64 0
0.5 0 61 0
0.5 0 58 0
0.5 360 56 14
0.5 0 61 14
0.5 0 64 17
0.5 120 64 0
0.5 0 61 0
0.5 0 56 0
0.5 360 55 13
0.5 0 61 13
0.5 0 64 17
0.5 120 64 0
0.5 0 61 0
0.5 0 55 0
0.5 320 54 57
0.5 10 58 58
0.5 150 58 0
0.5 0 54 0
0.5 320 54 57
0.5 10 58 58
0.5 150 58 0
0.5 0 54 0
0.5 320 54 57
0.5 10 58 58
0.5 150 58 0
0.5 0 54 0
0.5 320 54 55
0.5 10 58 55
0.5 150 58 0
0.5 0 54 0
0.5 320 54 52
0.5 10 58 53
0.5 150 58 0
0.5 0 54 0
0.5 320 54 49
0.5 10 58 50
0.5 150 58 0
0.5 0 54 0
0.5 320 54 32
0.5 10 57 33
0.5 150 57 0
0.5 0 54 0
0.5 320 54 30
0.5 10 57 30
0.5 150 57 0
0.5 0 54 0
0.5 320 54 27
0.5 10 57 28
0.5 150 57 0
0.5 0 54 0
0.5 360 47 37
0.5 1440 40 26
0.5 1200 47 0
0.5 0 49 33
0.5 240 49 0
0.5 0 51 40
0.5 1200 51 0
0.5 0 49 33
0.5 240 49 0
0.5 0 40 0
0.5 0 48 40
0.5 0 40 26
0.5 720 48 0
0.5 0 50 40
0.5 240 50 0
0.5 0 52 41
0.5 240 52 0
0.5 0 54 45
0.5 240 54 0
0.5 0 40 0
0.5 1440 47 40
0.5 0 40 26
0.5 1200 47 0
0.5 0 49 33
0.5 240 49 0
0.5 0 51 40
0.5 1200 51 0
0.5 0 49 33
0.5 240 49 0
0.5 0 40 0
0.5 0 48 40
0.5 0 40 26
0.5 720 48 0
0.5 0 50 40
0.5 240 50 0
0.5 0 52 41
0.5 240 52 0
0.5 0 54 45
0.5 240 54 0
0.5 0 40 0
0.5 1920 60 45
0.5 240 60 0
0.5 0 62 41
0.5 240 62 0
0.5 0 64 41
0.5 240 64 0
0.5 0 66 45
0.5 240 66 0
0.5 1920 72 45
0.5 240 72 0
0.5 0 74 41
0.5 240 74 0
0.5 0 76 41
0.5 240 76 0
0.5 0 78 45
0.5 240 78 0
0.5 960 69 48
0.5 0 66 48
0.5 0 59 48
0.5 240 59 0
0.5 0 66 0
0.5 0 69 0
0.5 720 64 25
0.5 240 64 0
0.5 0 71 25
0.5 240 71 0
0.5 0 64 28
0.5 240 64 0
0.5 0 71 28
0.5 240 71 0
0.5 0 64 24
0.5 240 64 0
0.5 0 71 24
0.5 240 71 0
0.5 0 64 21
0.5 240 64 0
0.5 0 71 21
0.5 240 71 0
0.5 0 64 23
0.5 240 64 0
0.5 0 71 23
0.5 240 71 0
0.5 0 64 20
0.5 240 64 0
0.5 0 71 20
0.5 240 71 0
0.5 0 64 21
0.5 240 64 0
0.5 0 71 21
0.5 240 71 0
0.5 0 64 23
0.5 240 64 0
0.5 0 71 23
0.5 240 71 0
0.5 0 64 20
0.5 240 64 0
0.5 0 71 20
0.5 240 71 0
0.5 0 64 21
0.5 240 64 0
0.5 0 71 21
0.5 240 71 0
0.5 0 64 23
0.5 240 64 0
0.5 0 71 23
0.5 240 71 0
0.5 0 64 20
0.5 240 64 0
0.5 0 71 20
0.5 240 71 0
0.5 0 64 21
0.5 240 64 0
0.5 0 71 21
0.5 240 71 0
0.5 0 64 23
0.5 240 64 0
0.5 0 71 23
0.5 240 71 0
0.5 0 64 20
0.5 240 64 0
0.5 0 71 20
0.5 240 71 0
0.5 0 64 21
0.5 240 64 0
0.5 0 71 21
0.5 240 71 0
0.5 0 64 23
0.5 240 64 0
0.5 0 71 23
0.5 240 71 0
0.5 0 64 20
0.5 240 64 0
0.5 0 71 20
0.5 240 71 0
0.5 0 64 21
0.5 240 64 0
0.5 0 71 21
0.5 240 71 0
0.5 0 64 23
0.5 240 64 0
0.5 0 71 23
0.5 240 71 0
0.5 0 64 20
0.5 240 64 0
0.5 0 71 20
0.5 240 71 0
0.5 0 64 21
0.5 240 64 0
0.5 0 71 21
0.5 240 71 0
0.5 0 64 23
0.5 240 64 0
0.5 0 71 23
0.5 240 71 0
0.5 0 64 20
0.5 240 64 0
0.5 0 71 20
0.5 240 71 0
0.5 0 64 21
0.5 240 64 0
0.5 0 71 21
0.5 240 71 0
0.5 0 64 23
0.5 240 64 0
0.5 0 71 23
0.5 240 71 0
0.5 7200 56 16
0.5 0 59 16
0.5 240 59 0
0.5 0 56 0
0.5 1200 52 20
0.5 240 52 0
0.5 0 59 16
0.5 240 59 0
0 28 64 127
0 2852 64 0
0 53 64 127
0 244 64 0
0 130 64 127
0 237 64 0
0 240 64 127
0 479 64 0
0 167 64 127
0 670 64 0
0 96 64 127
0 511 64 0
0 106 64 127
0 374 64 0
0 57 64 127
0 219 64 0
0 201 64 127
0 490 64 0
0 226 64 127
0 1200 64 0
0 145 64 127
0 1355 64 0
0 99 64 127
0 1341 64 0
0 69 64 127
0 357 64 0
0 71 64 127
0 426 64 0
0 66 64 127
0 406 64 0
0 45 64 127
0 905 64 0
0 64 64 127
0 174 64 0
0 57 64 127
0 186 64 0
0 80 64 127
0 400 64 0
0 71 64 127
0 426 64 0
0 60 64 127
0 412 64 0
0 45 64 127
0 905 64 0
0 64 64 127
0 191 64 0
0 35 64 127
0 200 64 0
0 45 64 127
0 422 64 0
0 62 64 127
0 907 64 0
0 148 64 127
0 1341 64 0
0 89 64 127
0 404 64 0
0 76 64 127
0 398 64 0
0 75 64 127
0 398 64 0
0 86 64 127
0 892 64 0
0 79 64 127
0 437 64 0
0 87 64 127
0 1299 64 0
0 120 64 127
0 368 64 0
0 91 64 127
0 398 64 0
0 131 64 127
0 332 64 0
0 141 64 127
0 837 64 0
0 79 64 127
0 437 64 0
0 87 64 127
0 1299 64 0
0 120 64 127
0 368 64 0
0 91 64 127
0 398 64 0
0 131 64 127
0 386 64 0
0 87 64 127
0 1299 64 0
0 120 64 127
0 368 64 0
0 91 64 127
0 398 64 0
0 131 64 127
0 332 64 0
0 127 64 127
0 845 64 0
0 101 64 127
0 367 64 0
0 120 64 127
0 863 64 0
0 62 64 127
0 395 64 0
0 127 64 127
0 845 64 0
0 101 64 127
0 367 64 0
0 120 64 127
0 863 64 0
0 62 64 127
0 395 64 0
0 127 64 127
0 845 64 0
0 101 64 127
0 367 64 0
0 120 64 127
0 863 64 0
0 62 64 127
0 395 64 0
0 156 64 127
0 1284 64 0
0 120 64 127
0 847 64 0
0 106 64 127
0 367 64 0
0 170 64 127
0 333 64 0
0 189 64 127
0 748 64 0
0 141 64 127
0 1304 64 0
0 136 64 127
0 363 64 0
0 146 64 127
0 327 64 0
0 124 64 127
0 339 64 0
0 60 64 127
0 1380 64 0
0 60 64 127
0 1380 64 0
0 60 64 127
0 1380 64 0
0 60 64 127
0 1380 64 0
0 71 64 127
0 429 64 0
0 506 64 127
0 438 64 0
0 56 64 127
0 429 64 0
0 528 64 127
0 432 64 0
0 41 64 127
0 453 64 0
0 485 64 127
0 452 64 0
0 116 64 127
0 381 64 0
0 107 64 127
0 836 64 0
0 99 64 127
0 2798 64 0
0 124 64 127
0 1299 64 0
0 120 64 127
0 368 64 0
0 91 64 127
0 398 64 0
0 131 64 127
0 349 64 0
0 124 64 127
0 1299 64 0
0 120 64 127
0 368 64 0
0 91 64 127
0 878 64 0
0 124 64 127
0 1299 64 0
0 120 64 127
0 368 64 0
0 91 64 127
0 398 64 0
0 131 64 127
0 349 64 0
0 124 64 127
0 834 64 0
0 94 64 127
0 859 64 0
0 91 64 127
0 878 64 0
0 124 64 127
0 832 64 0
0 88 64 127
0 379 64 0
0 120 64 127
0 1337 64 0
0 124 64 127
0 845 64 0
0 94 64 127
0 360 64 0
0 120 64 127
0 368 64 0
0 91 64 127
0 398 64 0
0 131 64 127
0 349 64 0
0 124 64 127
0 832 64 0
0 88 64 127
0 379 64 0
0 120 64 127
0 1337 64 0
0 124 64 127
0 845 64 0
0 94 64 127
0 360 64 0
0 120 64 127
0 368 64 0
0 91 64 127
0 398 64 0
0 131 64 127
0 332 64 0
0 11559 64 127
0 847 64 0
0 593 64 127
0 847 64 0
0 593 64 127
0 1401 64 0
0 39 64 127
0 1054 64 0
0 887 64 127
0 900 64 0
0 540 64 127
0 913 64 0
0 26 64 127
0 1401 64 0
0 39 64 127
0 1054 64 0
0 347 64 0
0 39 64 127
0 550 64 0
0 443 64 127
0 94 64 0
0 246 64 127
0 308 64 0
0 1213 64 0
0 26 64 127
0 1361 64 0
0 40 64 127
0 169 64 0
0 1271 64 127
0 214 64 0
0 1152 64 127
0 262 64 0
0 20092 64 127
0 853 64 0
0 107 64 127
0 361 64 0
0 4434 64 127
0 858 64 0
0 107 64 127
0 361 64 0
0 2412 64 0
0 107 64 127
0 361 64 0
0 2412 64 0
0 107 64 127
0 361 64 0
0 2018 64 127
0 1287 64 0
0 71 64 127
0 426 64 0
0 60 64 127
0 412 64 0
0 45 64 127
0 1440 64 0
0 81 64 127
0 345 64 0
0 71 64 127
0 426 64 0
0 60 64 127
0 412 64 0
0 45 64 127
0 1440 64 0
0 81 64 127
0 345 64 0
0 71 64 127
0 426 64 0
0 60 64 127
0 412 64 0
0 51 64 127
0 420 64 0
0 71 64 127
0 426 64 0
0 60 64 127
0 412 64 0
0 45 64 0
0 81 64 127
0 345 64 0
0 71 64 127
0 426 64 0
0 60 64 127
0 412 64 0
0 51 64 127
0 420 64 0
0 71 64 127
0 426 64 0
0 60 64 127
0 457 64 0
0 170 64 127
0 2715 64 0
0 165 64 127
0 3077 64 0
0 2725 64 127
0 3911 64 0
1 0 0 0
