0.5 480 78 15
0.5 0 85 22
0.5 0 82 15
0.5 456 82 0
0.5 0 85 0
0.5 0 78 0
0.5 24 78 15
0.5 0 85 22
0.5 0 82 15
0.5 456 82 0
0.5 0 85 0
0.5 0 78 0
0.5 24 78 16
0.5 0 85 24
0.5 0 82 16
0.5 456 82 0
0.5 0 85 0
0.5 0 78 0
0.5 24 78 15
0.5 0 85 22
0.5 0 82 15
0.5 456 82 0
0.5 0 85 0
0.5 0 78 0
0.5 24 78 15
0.5 0 85 22
0.5 0 82 15
0.5 456 82 0
0.5 0 85 0
0.5 0 78 0
0.5 504 78 15
0.5 0 85 22
0.5 0 82 15
0.5 456 82 0
0.5 0 85 0
0.5 0 78 0
0.5 24 78 15
0.5 0 85 22
0.5 0 82 15
0.5 456 82 0
0.5 0 85 0
0.5 0 78 0
0.5 24 78 16
0.5 0 85 24
0.5 0 82 16
0.5 456 82 0
0.5 0 85 0
0.5 0 78 0
0.5 24 78 14
0.5 0 85 21
0.5 0 82 14
0.5 456 82 0
0.5 0 85 0
0.5 0 78 0
0.5 24 78 14
0.5 0 85 21
0.5 0 82 14
0.5 456 82 0
0.5 0 85 0
0.5 0 78 0
0.5 504 78 15
0.5 0 85 22
0.5 0 82 15
0.5 456 82 0
0.5 0 85 0
0.5 0 78 0
0.5 24 78 15
0.5 0 85 22
0.5 0 82 15
0.5 456 82 0
0.5 0 85 0
0.5 0 78 0
0.5 24 78 16
0.5 0 85 24
0.5 0 82 16
0.5 456 82 0
0.5 0 85 0
0.5 0 78 0
0.5 24 78 14
0.5 0 85 21
0.5 0 82 14
0.5 456 82 0
0.5 0 85 0
0.5 0 78 0
0.5 24 78 14
0.5 0 87 21
0.5 0 82 14
0.5 456 82 0
0.5 0 87 0
0.5 0 78 0
0.5 504 78 16
0.5 0 82 16
0.5 0 87 24
0.5 456 87 0
0.5 0 82 0
0.5 0 78 0
0.5 24 78 16
0.5 0 82 16
0.5 0 87 24
0.5 456 87 0
0.5 0 82 0
0.5 0 78 0
0.5 504 78 16
0.5 0 82 16
0.5 0 85 26
0.5 456 85 0
0.5 0 82 0
0.5 0 78 0
0.5 24 73 16
0.5 0 82 26
0.5 0 78 16
0.5 456 78 0
0.5 0 82 0
0.5 0 73 0
0.5 504 71 19
0.5 0 75 19
0.5 0 78 28
0.5 456 78 0
0.5 0 75 0
0.5 0 71 0
0.5 24 71 19
0.5 0 75 19
0.5 0 78 28
0.5 456 78 0
0.5 0 75 0
0.5 0 71 0
0.5 504 71 18
0.5 0 75 18
0.5 0 80 28
0.5 456 80 0
0.5 0 75 0
0.5 0 71 0
0.5 24 71 18
0.5 0 75 18
0.5 0 80 27
0.5 456 80 0
0.5 0 75 0
0.5 0 71 0
0.5 504 73 16
0.5 0 78 16
0.5 0 82 24
0.5 456 82 0
0.5 0 78 0
0.5 0 73 0
0.5 24 73 16
0.5 0 78 16
0.5 0 82 24
0.5 456 82 0
0.5 0 78 0
0.5 0 73 0
0.5 24 73 18
0.5 0 78 18
0.5 0 82 27
0.5 456 82 0
0.5 0 78 0
0.5 0 73 0
0.5 24 73 16
0.5 0 78 16
0.5 0 82 24
0.5 456 82 0
0.5 0 78 0
0.5 0 73 0
0.5 24 73 16
0.5 0 78 16
0.5 0 82 24
0.5 456 82 0
0.5 0 78 0
0.5 0 73 0
0.5 504 78 20
0.5 0 85 30
0.5 0 82 20
0.5 456 82 0
0.5 0 85 0
0.5 0 78 0
0.5 24 78 20
0.5 0 82 20
0.5 0 85 30
0.5 456 85 0
0.5 0 82 0
0.5 0 78 0
0.5 24 78 23
0.5 0 82 23
0.5 0 89 34
0.5 456 89 0
0.5 0 82 0
0.5 0 78 0
0.5 24 87 32
0.5 0 82 21
0.5 0 78 21
0.5 456 78 0
0.5 0 82 0
0.5 0 87 0
0.5 24 78 21
0.5 0 82 21
0.5 0 85 32
0.5 456 85 0
0.5 0 82 0
0.5 0 78 0
0.5 504 78 23
0.5 0 87 35
0.5 0 82 23
0.5 456 82 0
0.5 0 87 0
0.5 0 78 0
0.5 24 78 21
0.5 0 82 21
0.5 0 85 33
0.5 456 85 0
0.5 0 82 0
0.5 0 78 0
0.5 504 73 23
0.5 0 82 34
0.5 0 78 29
0.5 456 78 0
0.5 0 82 0
0.5 0 73 0
0.5 24 70 21
0.5 0 73 21
0.5 0 78 32
0.5 456 78 0
0.5 0 73 0
0.5 0 70 0
0.5 504 71 20
0.5 0 75 20
0.5 0 78 30
0.5 456 78 0
0.5 0 75 0
0.5 0 71 0
0.5 24 71 20
0.5 0 75 20
0.5 0 78 30
0.5 456 78 0
0.5 0 75 0
0.5 0 71 0
0.5 24 71 23
0.5 0 75 23
0.5 0 82 35
0.5 456 82 0
0.5 0 75 0
0.5 0 71 0
0.5 24 71 20
0.5 0 75 20
0.5 0 80 31
0.5 456 80 0
0.5 0 75 0
0.5 0 71 0
0.5 24 71 20
0.5 0 75 20
0.5 0 78 31
0.5 456 78 0
0.5 0 75 0
0.5 0 71 0
0.5 504 73 20
0.5 0 78 20
0.5 0 82 30
0.5 456 82 0
0.5 0 78 0
0.5 0 73 0
0.5 24 73 20
0.5 0 78 20
0.5 0 82 30
0.5 456 82 0
0.5 0 78 0
0.5 0 73 0
0.5 24 73 21
0.5 0 78 21
0.5 0 82 33
0.5 456 82 0
0.5 0 78 0
0.5 0 73 0
0.5 24 73 20
0.5 0 78 20
0.5 0 82 30
0.5 456 82 0
0.5 0 78 0
0.5 0 73 0
0.5 24 73 20
0.5 0 78 20
0.5 0 82 30
0.5 456 82 0
0.5 0 78 0
0.5 0 73 0
0.5 504 74 27
0.5 0 78 27
0.5 0 82 32
0.5 456 82 0
0.5 0 78 0
0.5 0 74 0
0.5 24 74 27
0.5 0 78 27
0.5 0 82 32
0.5 456 82 0
0.5 0 78 0
0.5 0 74 0
0.5 504 74 30
0.5 0 78 30
0.5 0 82 36
0.5 456 82 0
0.5 0 78 0
0.5 0 74 0
0.5 24 74 33
0.5 0 78 33
0.5 0 82 39
0.5 456 82 0
0.5 0 78 0
0.5 0 74 0
0.5 504 75 32
0.5 0 78 32
0.5 0 82 38
0.5 456 82 0
0.5 0 78 0
0.5 0 75 0
0.5 24 75 32
0.5 0 78 32
0.5 0 82 38
0.5 456 82 0
0.5 0 78 0
0.5 0 75 0
0.5 504 66 27
0.5 0 70 27
0.5 0 75 33
0.5 456 75 0
0.5 0 70 0
0.5 0 66 0
0.5 24 66 27
0.5 0 70 27
0.5 0 75 33
0.5 456 75 0
0.5 0 70 0
0.5 0 66 0
0.5 504 74 27
0.5 0 78 27
0.5 0 82 32
0.5 456 82 0
0.5 0 78 0
0.5 0 74 0
0.5 24 74 27
0.5 0 78 27
0.5 0 82 32
0.5 456 82 0
0.5 0 78 0
0.5 0 74 0
0.5 504 74 30
0.5 0 78 30
0.5 0 83 36
0.5 456 83 0
0.5 0 78 0
0.5 0 74 0
0.5 24 74 33
0.5 0 78 33
0.5 0 85 39
0.5 456 85 0
0.5 0 78 0
0.5 0 74 0
0.5 504 75 35
0.5 0 78 35
0.5 0 82 42
0.5 456 82 0
0.5 0 78 0
0.5 0 75 0
0.5 24 75 36
0.5 0 78 36
0.5 0 82 43
0.5 456 82 0
0.5 0 78 0
0.5 0 75 0
0.5 24 75 37
0.5 0 78 37
0.5 0 82 45
0.5 456 82 0
0.5 0 78 0
0.5 0 75 0
0.5 24 75 39
0.5 0 78 39
0.5 0 82 46
0.5 456 82 0
0.5 0 78 0
0.5 0 75 0
0.5 24 75 40
0.5 0 78 40
0.5 0 82 48
0.5 456 82 0
0.5 0 78 0
0.5 0 75 0
0.5 504 74 33
0.5 0 78 33
0.5 0 82 40
0.5 456 82 0
0.5 0 78 0
0.5 0 74 0
0.5 24 74 33
0.5 0 78 33
0.5 0 82 40
0.5 456 82 0
0.5 0 78 0
0.5 0 74 0
0.5 24 74 33
0.5 0 78 33
0.5 0 82 40
0.5 456 82 0
0.5 0 78 0
0.5 0 74 0
0.5 24 74 34
0.5 0 78 34
0.5 0 82 41
0.5 456 82 0
0.5 0 78 0
0.5 0 74 0
0.5 24 74 34
0.5 0 78 34
0.5 0 81 41
0.5 456 81 0
0.5 0 78 0
0.5 0 74 0
0.5 504 73 33
0.5 0 77 33
0.5 0 81 39
0.5 456 81 0
0.5 0 77 0
0.5 0 73 0
0.5 24 73 32
0.5 0 77 32
0.5 0 81 38
0.5 456 81 0
0.5 0 77 0
0.5 0 73 0
0.5 504 73 31
0.5 0 77 31
0.5 0 80 37
0.5 456 80 0
0.5 0 77 0
0.5 0 73 0
0.5 24 73 31
0.5 0 77 31
0.5 0 80 37
0.5 456 80 0
0.5 0 77 0
0.5 0 73 0
0.5 504 72 33
0.5 0 76 33
0.5 0 80 39
0.5 456 80 0
0.5 0 76 0
0.5 0 72 0
0.5 24 72 33
0.5 0 76 33
0.5 0 80 39
0.5 456 80 0
0.5 0 76 0
0.5 0 72 0
0.5 504 72 33
0.5 0 76 33
0.5 0 82 39
0.5 238 72 0
0.5 218 82 0
0.5 0 76 0
0.5 24 76 34
0.5 0 84 41
0.5 456 84 0
0.5 0 76 0
0.5 504 73 34
0.5 0 77 34
0.5 0 80 41
0.5 456 80 0
0.5 0 77 0
0.5 0 73 0
0.5 24 73 34
0.5 0 77 34
0.5 0 80 41
0.5 456 80 0
0.5 0 77 0
0.5 0 73 0
0.5 24 89 53
0.5 456 89 0
0.5 24 77 39
0.5 0 80 39
0.5 0 85 47
0.5 456 85 0
0.5 0 80 0
0.5 0 77 0
0.5 24 77 39
0.5 0 80 39
0.5 0 84 47
0.5 456 84 0
0.5 0 80 0
0.5 0 77 0
0.5 504 73 38
0.5 0 77 38
0.5 0 83 45
0.5 456 83 0
0.5 0 77 0
0.5 0 73 0
0.5 24 73 38
0.5 0 77 38
0.5 0 83 45
0.5 456 83 0
0.5 0 77 0
0.5 0 73 0
0.5 24 73 39
0.5 0 77 39
0.5 0 83 47
0.5 456 83 0
0.5 0 77 0
0.5 0 73 0
0.5 24 73 37
0.5 0 77 37
0.5 0 82 44
0.5 456 82 0
0.5 0 77 0
0.5 0 73 0
0.5 24 73 37
0.5 0 77 37
0.5 0 81 44
0.5 456 81 0
0.5 0 77 0
0.5 0 73 0
0.5 504 73 37
0.5 0 77 37
0.5 0 81 44
0.5 456 81 0
0.5 0 77 0
0.5 0 73 0
0.5 24 73 37
0.5 0 77 37
0.5 0 81 44
0.5 456 81 0
0.5 0 77 0
0.5 0 73 0
0.5 504 73 37
0.5 0 77 37
0.5 0 80 44
0.5 456 80 0
0.5 0 77 0
0.5 0 73 0
0.5 24 73 37
0.5 0 77 37
0.5 0 81 44
0.5 456 81 0
0.5 0 77 0
0.5 0 73 0
0.5 504 75 37
0.5 0 78 37
0.5 0 82 44
0.5 456 82 0
0.5 0 78 0
0.5 0 75 0
0.5 24 75 39
0.5 0 78 39
0.5 0 82 46
0.5 456 82 0
0.5 0 78 0
0.5 0 75 0
0.5 24 78 44
0.5 0 75 44
0.5 0 85 52
0.5 456 85 0
0.5 24 75 0
0.5 0 78 0
0.5 0 75 40
0.5 0 78 40
0.5 0 84 48
0.5 456 84 0
0.5 0 78 0
0.5 0 75 0
0.5 24 75 40
0.5 0 78 40
0.5 0 82 48
0.5 456 82 0
0.5 0 78 0
0.5 0 75 0
0.5 504 77 41
0.5 0 80 41
0.5 0 85 48
0.5 456 85 0
0.5 0 80 0
0.5 0 77 0
0.5 24 77 36
0.5 0 80 36
0.5 0 85 44
0.5 456 85 0
0.5 0 80 0
0.5 0 77 0
0.5 24 77 33
0.5 0 80 33
0.5 0 85 39
0.5 456 85 0
0.5 0 80 0
0.5 0 77 0
0.5 24 77 29
0.5 0 80 29
0.5 0 85 34
0.5 456 85 0
0.5 0 80 0
0.5 0 77 0
0.5 24 77 26
0.5 0 80 26
0.5 0 85 31
0.5 456 85 0
0.5 0 80 0
0.5 0 77 0
0.5 504 78 15
0.5 0 85 22
0.5 0 82 15
0.5 456 82 0
0.5 0 85 0
0.5 0 78 0
0.5 24 78 15
0.5 0 85 22
0.5 0 82 15
0.5 456 82 0
0.5 0 85 0
0.5 0 78 0
0.5 24 78 16
0.5 0 85 24
0.5 0 82 16
0.5 456 82 0
0.5 0 85 0
0.5 0 78 0
0.5 24 78 14
0.5 0 85 21
0.5 0 82 14
0.5 456 82 0
0.5 0 85 0
0.5 0 78 0
0.5 24 78 14
0.5 0 87 21
0.5 0 82 14
0.5 456 82 0
0.5 0 87 0
0.5 0 78 0
0.5 504 78 16
0.5 0 82 16
0.5 0 87 24
0.5 456 87 0
0.5 0 82 0
0.5 0 78 0
0.5 24 78 16
0.5 0 82 16
0.5 0 87 24
0.5 456 87 0
0.5 0 82 0
0.5 0 78 0
0.5 504 78 16
0.5 0 82 16
0.5 0 85 26
0.5 456 85 0
0.5 0 82 0
0.5 0 78 0
0.5 24 73 16
0.5 0 82 26
0.5 0 78 16
0.5 456 78 0
0.5 0 82 0
0.5 0 73 0
0.5 504 71 19
0.5 0 75 19
0.5 0 78 28
0.5 456 78 0
0.5 0 75 0
0.5 0 71 0
0.5 24 71 19
0.5 0 75 19
0.5 0 78 28
0.5 456 78 0
0.5 0 75 0
0.5 0 71 0
0.5 504 71 18
0.5 0 75 18
0.5 0 80 28
0.5 456 80 0
0.5 0 75 0
0.5 0 71 0
0.5 24 71 18
0.5 0 75 18
0.5 0 80 27
0.5 456 80 0
0.5 0 75 0
0.5 0 71 0
0.5 504 73 16
0.5 0 78 16
0.5 0 82 24
0.5 456 82 0
0.5 0 78 0
0.5 0 73 0
0.5 24 73 16
0.5 0 78 16
0.5 0 82 24
0.5 456 82 0
0.5 0 78 0
0.5 0 73 0
0.5 24 73 18
0.5 0 78 18
0.5 0 82 27
0.5 456 82 0
0.5 0 78 0
0.5 0 73 0
0.5 24 73 16
0.5 0 78 16
0.5 0 82 24
0.5 456 82 0
0.5 0 78 0
0.5 0 73 0
0.5 24 73 16
0.5 0 78 16
0.5 0 82 24
0.5 456 82 0
0.5 0 78 0
0.5 0 73 0
0.5 504 78 20
0.5 0 85 30
0.5 0 82 20
0.5 456 82 0
0.5 0 85 0
0.5 0 78 0
0.5 24 78 20
0.5 0 82 20
0.5 0 85 30
0.5 456 85 0
0.5 0 82 0
0.5 0 78 0
0.5 24 78 23
0.5 0 82 23
0.5 0 89 34
0.5 456 89 0
0.5 0 82 0
0.5 0 78 0
0.5 24 87 32
0.5 0 82 21
0.5 0 78 21
0.5 456 78 0
0.5 0 82 0
0.5 0 87 0
0.5 24 78 21
0.5 0 82 21
0.5 0 85 32
0.5 456 85 0
0.5 0 82 0
0.5 0 78 0
0.5 504 78 23
0.5 0 87 35
0.5 0 82 23
0.5 456 82 0
0.5 0 87 0
0.5 0 78 0
0.5 24 78 21
0.5 0 82 21
0.5 0 85 33
0.5 456 85 0
0.5 0 82 0
0.5 0 78 0
0.5 504 73 23
0.5 0 82 34
0.5 0 78 23
0.5 456 78 0
0.5 0 82 0
0.5 0 73 0
0.5 24 70 21
0.5 0 73 21
0.5 0 78 32
0.5 456 78 0
0.5 0 73 0
0.5 0 70 0
0.5 504 71 20
0.5 0 75 20
0.5 0 78 30
0.5 456 78 0
0.5 0 75 0
0.5 0 71 0
0.5 24 71 20
0.5 0 75 20
0.5 0 78 30
0.5 456 78 0
0.5 0 75 0
0.5 0 71 0
0.5 24 71 23
0.5 0 75 23
0.5 0 82 35
0.5 456 82 0
0.5 0 75 0
0.5 0 71 0
0.5 24 71 20
0.5 0 75 20
0.5 0 80 31
0.5 456 80 0
0.5 0 75 0
0.5 0 71 0
0.5 24 71 20
0.5 0 75 20
0.5 0 78 31
0.5 456 78 0
0.5 0 75 0
0.5 0 71 0
0.5 504 73 20
0.5 0 78 20
0.5 0 82 30
0.5 456 82 0
0.5 0 78 0
0.5 0 73 0
0.5 24 73 20
0.5 0 78 20
0.5 0 82 30
0.5 456 82 0
0.5 0 78 0
0.5 0 73 0
0.5 24 73 21
0.5 0 78 21
0.5 0 82 33
0.5 456 82 0
0.5 0 78 0
0.5 0 73 0
0.5 24 73 20
0.5 0 78 20
0.5 0 82 30
0.5 456 82 0
0.5 0 78 0
0.5 0 73 0
0.5 24 73 20
0.5 0 78 20
0.5 0 82 30
0.5 456 82 0
0.5 0 78 0
0.5 0 73 0
0.5 504 74 27
0.5 0 78 27
0.5 0 82 32
0.5 456 82 0
0.5 0 78 0
0.5 0 74 0
0.5 24 74 27
0.5 0 78 27
0.5 0 82 32
0.5 456 82 0
0.5 0 78 0
0.5 0 74 0
0.5 504 74 30
0.5 0 78 30
0.5 0 82 36
0.5 456 82 0
0.5 0 78 0
0.5 0 74 0
0.5 24 74 33
0.5 0 78 33
0.5 0 82 39
0.5 456 82 0
0.5 0 78 0
0.5 0 74 0
0.5 504 75 32
0.5 0 78 32
0.5 0 82 38
0.5 456 82 0
0.5 0 78 0
0.5 0 75 0
0.5 24 75 32
0.5 0 78 32
0.5 0 82 38
0.5 456 82 0
0.5 0 78 0
0.5 0 75 0
0.5 504 66 27
0.5 0 70 27
0.5 0 75 33
0.5 456 75 0
0.5 0 70 0
0.5 0 66 0
0.5 24 66 27
0.5 0 70 27
0.5 0 75 33
0.5 456 75 0
0.5 0 70 0
0.5 0 66 0
0.5 504 74 27
0.5 0 78 27
0.5 0 82 32
0.5 456 82 0
0.5 0 78 0
0.5 0 74 0
0.5 24 74 27
0.5 0 78 27
0.5 0 82 32
0.5 456 82 0
0.5 0 78 0
0.5 0 74 0
0.5 504 74 30
0.5 0 78 30
0.5 0 83 36
0.5 456 83 0
0.5 0 78 0
0.5 0 74 0
0.5 24 74 33
0.5 0 78 33
0.5 0 85 39
0.5 456 85 0
0.5 0 78 0
0.5 0 74 0
0.5 504 75 35
0.5 0 78 35
0.5 0 82 42
0.5 456 82 0
0.5 0 78 0
0.5 0 75 0
0.5 24 75 36
0.5 0 78 36
0.5 0 82 43
0.5 456 82 0
0.5 0 78 0
0.5 0 75 0
0.5 24 75 37
0.5 0 78 37
0.5 0 82 45
0.5 456 82 0
0.5 0 78 0
0.5 0 75 0
0.5 24 75 39
0.5 0 78 39
0.5 0 82 46
0.5 456 82 0
0.5 0 78 0
0.5 0 75 0
0.5 24 75 40
0.5 0 78 40
0.5 0 82 48
0.5 456 82 0
0.5 0 78 0
0.5 0 75 0
0.5 504 74 33
0.5 0 78 33
0.5 0 82 40
0.5 456 82 0
0.5 0 78 0
0.5 0 74 0
0.5 24 74 33
0.5 0 78 33
0.5 0 82 40
0.5 456 82 0
0.5 0 78 0
0.5 0 74 0
0.5 24 74 33
0.5 0 78 33
0.5 0 82 40
0.5 456 82 0
0.5 0 78 0
0.5 0 74 0
0.5 24 74 34
0.5 0 78 34
0.5 0 82 41
0.5 456 82 0
0.5 0 78 0
0.5 0 74 0
0.5 24 74 34
0.5 0 78 34
0.5 0 81 41
0.5 456 81 0
0.5 0 78 0
0.5 0 74 0
0.5 504 73 33
0.5 0 77 33
0.5 0 81 39
0.5 456 81 0
0.5 0 77 0
0.5 0 73 0
0.5 24 73 32
0.5 0 77 32
0.5 0 81 38
0.5 456 81 0
0.5 0 77 0
0.5 0 73 0
0.5 504 73 31
0.5 0 77 31
0.5 0 80 37
0.5 456 80 0
0.5 0 77 0
0.5 0 73 0
0.5 24 73 31
0.5 0 77 31
0.5 0 80 37
0.5 456 80 0
0.5 0 77 0
0.5 0 73 0
0.5 504 72 33
0.5 0 76 33
0.5 0 80 39
0.5 456 80 0
0.5 0 76 0
0.5 0 72 0
0.5 24 72 33
0.5 0 76 33
0.5 0 80 39
0.5 456 80 0
0.5 0 76 0
0.5 0 72 0
0.5 504 72 33
0.5 0 76 33
0.5 0 82 39
0.5 238 72 0
0.5 218 82 0
0.5 0 76 0
0.5 24 76 34
0.5 0 84 41
0.5 456 84 0
0.5 0 76 0
0.5 504 73 34
0.5 0 77 34
0.5 0 80 41
0.5 456 80 0
0.5 0 77 0
0.5 0 73 0
0.5 24 73 34
0.5 0 77 34
0.5 0 80 41
0.5 456 80 0
0.5 0 77 0
0.5 0 73 0
0.5 24 89 53
0.5 456 89 0
0.5 24 77 39
0.5 0 80 39
0.5 0 85 47
0.5 456 85 0
0.5 0 80 0
0.5 0 77 0
0.5 24 77 39
0.5 0 80 39
0.5 0 84 47
0.5 456 84 0
0.5 0 80 0
0.5 0 77 0
0.5 504 73 38
0.5 0 77 38
0.5 0 83 45
0.5 456 83 0
0.5 0 77 0
0.5 0 73 0
0.5 24 73 38
0.5 0 77 38
0.5 0 83 45
0.5 456 83 0
0.5 0 77 0
0.5 0 73 0
0.5 24 73 39
0.5 0 77 39
0.5 0 83 47
0.5 456 83 0
0.5 0 77 0
0.5 0 73 0
0.5 24 73 37
0.5 0 77 37
0.5 0 82 44
0.5 456 82 0
0.5 0 77 0
0.5 0 73 0
0.5 24 73 37
0.5 0 77 37
0.5 0 81 44
0.5 456 81 0
0.5 0 77 0
0.5 0 73 0
0.5 504 73 37
0.5 0 77 37
0.5 0 81 44
0.5 456 81 0
0.5 0 77 0
0.5 0 73 0
0.5 24 73 37
0.5 0 77 37
0.5 0 81 44
0.5 456 81 0
0.5 0 77 0
0.5 0 73 0
0.5 504 73 37
0.5 0 77 37
0.5 0 80 44
0.5 456 80 0
0.5 0 77 0
0.5 0 73 0
0.5 24 73 37
0.5 0 77 37
0.5 0 81 44
0.5 456 81 0
0.5 0 77 0
0.5 0 73 0
0.5 504 75 37
0.5 0 78 37
0.5 0 82 44
0.5 456 82 0
0.5 0 78 0
0.5 0 75 0
0.5 24 75 39
0.5 0 78 39
0.5 0 82 46
0.5 456 82 0
0.5 0 78 0
0.5 0 75 0
0.5 24 78 44
0.5 0 75 44
0.5 0 85 52
0.5 456 85 0
0.5 24 75 0
0.5 0 78 0
0.5 0 75 40
0.5 0 78 40
0.5 0 84 48
0.5 456 84 0
0.5 0 78 0
0.5 0 75 0
0.5 24 75 40
0.5 0 78 40
0.5 0 82 48
0.5 456 82 0
0.5 0 78 0
0.5 0 75 0
0.5 504 77 40
0.5 0 80 40
0.5 0 85 48
0.5 456 85 0
0.5 0 80 0
0.5 0 77 0
0.5 24 77 36
0.5 0 80 36
0.5 0 85 44
0.5 456 85 0
0.5 0 80 0
0.5 0 77 0
0.5 24 77 33
0.5 0 80 33
0.5 0 85 40
0.5 456 85 0
0.5 0 80 0
0.5 0 77 0
0.5 24 77 30
0.5 0 80 30
0.5 0 85 36
0.5 456 85 0
0.5 0 80 0
0.5 0 77 0
0.5 24 77 27
0.5 0 80 27
0.5 0 85 33
0.5 360 85 0
0.5 0 80 0
0.5 0 77 0
0.5 120 61 40
0.5 480 53 20
0.5 0 56 20
0.5 0 59 25
0.5 480 59 0
0.5 0 56 0
0.5 0 53 0
0.5 0 53 20
0.5 0 56 20
0.5 0 59 25
0.5 480 59 0
0.5 0 56 0
0.5 0 53 0
0.5 0 53 20
0.5 0 56 20
0.5 0 59 25
0.5 480 59 0
0.5 0 56 0
0.5 0 53 0
0.5 0 53 20
0.5 0 56 20
0.5 0 59 25
0.5 480 59 0
0.5 0 61 0
0.5 0 53 0
0.5 0 56 0
0.5 0 62 39
0.5 480 62 0
0.5 0 62 43
0.5 480 53 20
0.5 0 56 20
0.5 0 59 25
0.5 480 59 0
0.5 0 56 0
0.5 0 53 0
0.5 0 53 20
0.5 0 56 20
0.5 0 59 25
0.5 480 59 0
0.5 0 62 0
0.5 0 53 0
0.5 0 56 0
0.5 0 61 37
0.5 480 53 20
0.5 0 56 20
0.5 0 59 25
0.5 480 59 0
0.5 0 56 0
0.5 0 53 0
0.5 0 53 20
0.5 0 56 20
0.5 0 59 25
0.5 480 59 0
0.5 0 61 0
0.5 0 53 0
0.5 0 56 0
0.5 0 62 41
0.5 480 56 20
0.5 0 59 25
0.5 480 59 0
0.5 0 56 0
0.5 0 56 20
0.5 0 59 25
0.5 480 59 0
0.5 0 56 0
0.5 0 62 0
0.5 0 66 45
0.5 480 66 0
0.5 0 56 20
0.5 0 59 25
0.5 0 62 42
0.5 480 62 0
0.5 0 59 0
0.5 0 56 0
0.5 0 64 44
0.5 480 64 0
0.5 0 61 40
0.5 480 53 20
0.5 0 56 20
0.5 0 59 25
0.5 480 59 0
0.5 0 56 0
0.5 0 53 0
0.5 0 53 20
0.5 0 56 20
0.5 0 59 25
0.5 480 59 0
0.5 0 56 0
0.5 0 53 0
0.5 0 53 20
0.5 0 56 20
0.5 0 59 25
0.5 480 59 0
0.5 0 56 0
0.5 0 53 0
0.5 0 53 20
0.5 0 56 20
0.5 0 59 25
0.5 480 59 0
0.5 0 56 0
0.5 0 53 0
0.5 0 53 20
0.5 0 56 20
0.5 0 59 25
0.5 360 59 0
0.5 0 56 0
0.5 0 53 0
0.5 120 61 0
0.5 0 65 55
0.5 480 56 31
0.5 0 59 31
0.5 0 62 39
0.5 480 62 0
0.5 0 59 0
0.5 0 56 0
0.5 0 56 31
0.5 0 59 31
0.5 0 62 39
0.5 480 62 0
0.5 0 59 0
0.5 0 56 0
0.5 0 56 31
0.5 0 59 31
0.5 0 62 39
0.5 480 62 0
0.5 0 59 0
0.5 0 56 0
0.5 0 56 31
0.5 0 59 31
0.5 0 62 39
0.5 480 62 0
0.5 0 65 0
0.5 0 56 0
0.5 0 59 0
0.5 0 66 55
0.5 480 66 0
0.5 0 66 61
0.5 480 56 32
0.5 0 59 32
0.5 0 62 40
0.5 480 62 0
0.5 0 59 0
0.5 0 56 0
0.5 0 56 32
0.5 0 59 32
0.5 0 62 41
0.5 480 62 0
0.5 0 66 0
0.5 0 56 0
0.5 0 59 0
0.5 0 65 54
0.5 480 56 33
0.5 0 59 33
0.5 0 62 41
0.5 480 62 0
0.5 0 59 0
0.5 0 56 0
0.5 0 56 33
0.5 0 59 33
0.5 0 62 41
0.5 480 62 0
0.5 0 65 0
0.5 0 56 0
0.5 0 59 0
0.5 0 66 60
0.5 480 59 33
0.5 0 62 42
0.5 480 62 0
0.5 0 59 0
0.5 0 59 33
0.5 0 62 42
0.5 480 62 0
0.5 0 59 0
0.5 0 66 0
0.5 0 69 67
0.5 480 69 0
0.5 0 59 34
0.5 0 62 43
0.5 0 66 63
0.5 480 66 0
0.5 0 62 0
0.5 0 59 0
0.5 0 68 66
0.5 480 68 0
0.5 0 65 65
0.5 480 59 39
0.5 0 62 48
0.5 480 62 0
0.5 0 59 0
0.5 0 59 39
0.5 0 62 48
0.5 480 62 0
0.5 0 59 0
0.5 0 59 39
0.5 0 62 49
0.5 480 62 0
0.5 0 59 0
0.5 0 59 39
0.5 0 62 49
0.5 480 62 0
0.5 0 59 0
0.5 0 59 39
0.5 0 62 49
0.5 480 62 0
0.5 0 59 0
0.5 0 65 0
0.5 0 69 70
0.5 480 69 0
0.5 0 59 39
0.5 0 62 50
0.5 0 66 66
0.5 480 66 0
0.5 0 62 0
0.5 0 59 0
0.5 0 68 69
0.5 480 68 0
0.5 0 65 63
0.5 480 59 40
0.5 0 62 50
0.5 480 62 0
0.5 0 59 0
0.5 0 59 40
0.5 0 62 51
0.5 480 62 0
0.5 0 59 0
0.5 0 65 0
0.5 0 69 71
0.5 480 69 0
0.5 0 59 39
0.5 0 62 51
0.5 0 66 67
0.5 480 66 0
0.5 0 62 0
0.5 0 59 0
0.5 0 68 71
0.5 480 68 0
0.5 0 65 64
0.5 480 59 41
0.5 0 62 52
0.5 480 62 0
0.5 0 59 0
0.5 0 59 41
0.5 0 62 52
0.5 480 62 0
0.5 0 59 0
0.5 0 65 0
0.5 0 73 80
0.5 480 73 0
0.5 0 62 44
0.5 0 65 57
0.5 0 69 75
0.5 480 69 0
0.5 0 65 0
0.5 0 62 0
0.5 0 71 76
0.5 480 71 0
0.5 0 68 73
0.5 480 62 46
0.5 0 65 58
0.5 480 65 0
0.5 0 62 0
0.5 0 62 47
0.5 0 65 58
0.5 480 65 0
0.5 0 62 0
0.5 0 68 0
0.5 0 73 82
0.5 480 73 0
0.5 0 62 44
0.5 0 65 58
0.5 0 69 77
0.5 480 69 0
0.5 0 65 0
0.5 0 62 0
0.5 0 71 78
0.5 480 71 0
0.5 0 68 74
0.5 480 62 47
0.5 0 65 59
0.5 480 65 0
0.5 0 62 0
0.5 0 62 47
0.5 0 65 59
0.5 480 65 0
0.5 0 62 0
0.5 0 68 0
0.5 0 76 80
0.5 480 76 0
0.5 0 65 47
0.5 0 68 47
0.5 0 73 60
0.5 480 73 0
0.5 0 68 0
0.5 0 65 0
0.5 0 74 81
0.5 480 74 0
0.5 0 65 52
0.5 0 68 52
0.5 0 71 66
0.5 480 71 0
0.5 0 68 0
0.5 0 65 0
0.5 0 76 86
0.5 480 76 0
0.5 0 65 54
0.5 0 68 54
0.5 0 73 69
0.5 480 73 0
0.5 0 68 0
0.5 0 65 0
0.5 0 74 94
0.5 480 74 0
0.5 0 65 57
0.5 0 68 57
0.5 0 71 72
0.5 480 71 0
0.5 0 68 0
0.5 0 65 0
0.5 0 76 98
0.5 480 76 0
0.5 0 65 61
0.5 0 68 61
0.5 0 73 77
0.5 480 73 0
0.5 0 68 0
0.5 0 65 0
0.5 0 74 103
0.5 480 74 0
0.5 0 65 63
0.5 0 68 63
0.5 0 71 80
0.5 480 71 0
0.5 0 68 0
0.5 0 65 0
0.5 0 65 88
0.5 0 77 101
0.5 4800 77 0
0.5 0 65 0
0.5 720 65 88
0.5 0 77 101
0.5 240 77 0
0.5 0 65 0
0.5 27 66 88
0.5 0 78 101
0.5 4800 78 0
0.5 0 66 0
0.5 693 66 88
0.5 0 78 101
0.5 240 78 0
0.5 0 66 0
0.5 0 69 88
0.5 0 81 101
0.5 4800 81 0
0.5 0 69 0
0.5 720 69 88
0.5 0 81 101
0.5 240 81 0
0.5 0 69 0
0.5 0 71 92
0.5 0 83 105
0.5 2880 83 0
0.5 0 71 0
0.5 0 72 95
0.5 0 84 109
0.5 2400 84 0
0.5 0 72 0
0.5 0 85 98
0.5 0 73 80
0.5 360 73 0
0.5 0 85 0
0.5 0 73 50
0.5 120 85 57
0.5 2280 85 0
0.5 0 73 0
0.5 0 75 49
0.5 120 87 59
0.5 480 87 0
0.5 0 75 0
0.5 0 87 65
0.5 0 75 54
0.5 1440 75 0
0.5 0 87 0
0.5 0 85 57
0.5 0 73 50
0.5 960 73 0
0.5 0 85 0
0.5 0 82 55
0.5 0 70 46
0.5 360 70 0
0.5 0 82 0
0.5 0 66 54
0.5 120 78 61
0.5 1440 78 0
0.5 0 66 0
0.5 0 80 57
0.5 0 68 50
0.5 1320 68 0
0.5 0 80 0
0.5 0 70 54
0.5 120 82 62
0.5 2760 82 0
0.5 0 70 0
0.5 0 73 55
0.5 120 85 63
0.5 1440 85 0
0.5 0 73 0
0.5 0 89 65
0.5 0 77 57
0.5 480 77 0
0.5 0 89 0
0.5 0 87 64
0.5 0 75 56
0.5 480 75 0
0.5 0 87 0
0.5 0 85 64
0.5 0 73 56
0.5 360 73 0
0.5 0 85 0
0.5 0 75 63
0.5 120 87 72
0.5 960 87 0
0.5 0 75 0
0.5 0 85 64
0.5 0 73 58
0.5 480 73 0
0.5 0 85 0
0.5 0 82 67
0.5 0 70 59
0.5 960 70 0
0.5 0 82 0
0.5 0 78 63
0.5 0 66 55
0.5 360 66 0
0.5 0 78 0
0.5 0 66 60
0.5 120 78 68
0.5 1440 78 0
0.5 0 66 0
0.5 0 82 68
0.5 0 70 60
0.5 480 70 0
0.5 0 82 0
0.5 0 80 61
0.5 0 68 54
0.5 480 68 0
0.5 0 80 0
0.5 0 78 61
0.5 0 66 54
0.5 360 66 0
0.5 0 78 0
0.5 0 70 60
0.5 120 82 68
0.5 2760 82 0
0.5 0 70 0
0.5 0 70 60
0.5 120 82 68
0.5 2400 82 0
0.5 0 70 0
0.5 0 82 72
0.5 0 70 63
0.5 360 70 0
0.5 0 82 0
0.5 0 70 67
0.5 120 82 77
0.5 1440 82 0
0.5 0 70 0
0.5 0 75 72
0.5 0 63 60
0.5 1320 63 0
0.5 0 75 0
0.5 0 70 72
0.5 120 82 82
0.5 1920 82 0
0.5 0 70 0
0.5 0 83 76
0.5 0 71 67
0.5 480 71 0
0.5 0 83 0
0.5 0 85 76
0.5 0 73 65
0.5 360 73 0
0.5 0 85 0
0.5 0 70 75
0.5 120 82 86
0.5 2760 82 0
0.5 0 70 0
0.5 0 75 86
0.5 120 87 102
0.5 1440 75 0
0.5 960 87 0
0.5 0 86 82
0.5 0 74 70
0.5 360 74 0
0.5 0 86 0
0.5 0 74 78
0.5 120 86 95
0.5 1440 86 0
0.5 0 74 0
0.5 0 85 82
0.5 0 73 70
0.5 1320 73 0
0.5 0 85 0
0.5 0 73 76
0.5 120 85 88
0.5 1320 85 0
0.5 0 73 0
0.5 0 75 74
0.5 120 87 85
0.5 960 87 0
0.5 0 75 0
0.5 0 89 86
0.5 0 77 73
0.5 360 77 0
0.5 0 89 0
0.5 0 73 83
0.5 120 85 94
0.5 1440 85 0
0.5 0 73 0
0.5 0 94 97
0.5 0 82 82
0.5 480 82 0
0.5 0 94 0
0.5 0 90 89
0.5 0 78 75
0.5 480 78 0
0.5 0 90 0
0.5 0 89 87
0.5 0 77 73
0.5 360 77 0
0.5 0 89 0
0.5 0 76 90
0.5 120 88 98
0.5 1920 88 0
0.5 0 76 0
0.5 0 75 72
0.5 0 87 85
0.5 480 87 0
0.5 0 75 0
0.5 0 74 71
0.5 0 86 84
0.5 350 74 0
0.5 10 74 82
0.5 120 86 0
0.5 0 86 97
0.5 1440 86 0
0.5 0 74 0
0.5 0 73 73
0.5 0 85 86
0.5 960 85 0
0.5 0 73 0
0.5 0 86 83
0.5 0 74 70
0.5 360 74 0
0.5 0 86 0
0.5 0 75 84
0.5 120 87 99
0.5 1440 87 0
0.5 0 75 0
0.5 0 90 98
0.5 0 78 83
0.5 480 78 0
0.5 0 90 0
0.5 0 89 87
0.5 0 77 73
0.5 480 77 0
0.5 0 89 0
0.5 0 87 83
0.5 0 75 70
0.5 360 75 0
0.5 0 87 0
0.5 0 78 60
0.5 120 90 67
0.5 2760 90 0
0.5 0 78 0
0.5 0 79 58
0.5 120 91 66
0.5 2760 91 0
0.5 0 79 0
0.5 0 80 54
0.5 120 92 60
0.5 2760 92 0
0.5 0 80 0
0.5 0 81 49
0.5 120 93 56
0.5 2760 93 0
0.5 0 81 0
0.5 0 82 45
0.5 120 94 47
0.5 4320 94 0
0.5 0 82 0
0.5 4200 63 33
0.5 60 66 36
0.5 60 69 39
0.5 60 78 44
0.5 1380 63 0
0.5 0 62 33
0.5 1440 62 0
0.5 0 78 0
0.5 0 69 0
0.5 0 66 0
0.5 2880 66 36
0.5 2880 66 0
1 0 0 0
0.5 5760 73 35
0.5 2160 73 0
0.5 0 75 34
0.5 720 75 0
0.5 0 75 38
0.5 1440 75 0
0.5 0 73 35
0.5 720 73 0
0.5 0 70 33
0.5 720 70 0
0.5 0 66 37
0.5 1440 66 0
0.5 0 68 35
0.5 1440 68 0
0.5 0 70 38
0.5 2880 70 0
0.5 0 73 39
0.5 1440 73 0
0.5 0 77 41
0.5 480 77 0
0.5 0 75 39
0.5 480 75 0
0.5 0 73 39
0.5 480 73 0
0.5 0 75 44
0.5 720 75 0
0.5 0 73 42
0.5 720 73 0
0.5 0 70 41
0.5 720 70 0
0.5 0 66 39
0.5 720 66 0
0.5 0 66 42
0.5 1440 66 0
0.5 0 70 42
0.5 480 70 0
0.5 0 68 37
0.5 480 68 0
0.5 0 66 37
0.5 480 66 0
0.5 0 70 42
0.5 2400 70 0
0.5 480 70 42
0.5 1440 62 42
0.5 0 54 34
0.5 480 54 0
0.5 0 62 0
0.5 240 70 0
0.5 0 70 49
0.5 720 70 0
0.5 0 70 52
0.5 1440 70 0
0.5 0 63 48
0.5 1440 63 0
0.5 0 70 42
0.5 1440 54 34
0.5 0 62 42
0.5 480 62 0
0.5 0 54 0
0.5 0 70 0
0.5 0 71 49
0.5 480 71 0
0.5 0 73 49
0.5 480 73 0
0.5 0 70 52
0.5 2880 70 0
0.5 0 70 54
0.5 2160 70 0
0.5 0 69 48
0.5 720 69 0
0.5 0 69 45
0.5 1440 69 0
0.5 0 68 44
0.5 1440 68 0
0.5 0 68 48
0.5 1440 68 0
0.5 0 70 51
0.5 720 70 0
0.5 0 72 50
0.5 720 72 0
0.5 0 68 57
0.5 1440 68 0
0.5 0 77 58
0.5 478 77 0
0.5 2 73 56
0.5 480 73 0
0.5 0 72 56
0.5 480 72 0
0.5 0 71 57
0.5 1920 71 0
0.5 0 70 53
0.5 480 70 0
0.5 0 69 53
0.5 480 69 0
0.5 0 69 55
0.5 1440 69 0
0.5 0 68 56
0.5 960 68 0
0.5 0 69 58
0.5 480 69 0
0.5 0 70 57
0.5 1440 70 0
0.5 0 73 60
0.5 478 73 0
0.5 2 72 54
0.5 480 72 0
0.5 0 70 54
0.5 480 70 0
0.5 0 73 60
0.5 2880 73 0
0.5 0 73 35
0.5 2160 73 0
0.5 0 75 34
0.5 720 75 0
0.5 0 75 38
0.5 1440 75 0
0.5 0 73 35
0.5 720 73 0
0.5 0 70 33
0.5 720 70 0
0.5 0 66 37
0.5 1440 66 0
0.5 0 68 35
0.5 1440 68 0
0.5 0 70 38
0.5 2880 70 0
0.5 0 73 39
0.5 1440 73 0
0.5 0 77 41
0.5 480 77 0
0.5 0 75 39
0.5 480 75 0
0.5 0 73 39
0.5 480 73 0
0.5 0 75 44
0.5 720 75 0
0.5 0 73 42
0.5 720 73 0
0.5 0 70 41
0.5 720 70 0
0.5 0 66 39
0.5 720 66 0
0.5 0 66 42
0.5 1440 66 0
0.5 0 70 42
0.5 480 70 0
0.5 0 68 37
0.5 480 68 0
0.5 0 66 37
0.5 480 66 0
0.5 0 70 42
0.5 2400 70 0
0.5 480 70 42
0.5 1440 54 30
0.5 0 62 37
0.5 480 62 0
0.5 0 54 0
0.5 240 70 0
0.5 0 70 49
0.5 720 70 0
0.5 0 70 52
0.5 1440 70 0
0.5 0 63 48
0.5 1440 63 0
0.5 0 70 42
0.5 1440 54 30
0.5 0 62 37
0.5 480 62 0
0.5 0 54 0
0.5 0 70 0
0.5 0 71 49
0.5 480 71 0
0.5 0 73 49
0.5 480 73 0
0.5 0 70 52
0.5 2880 70 0
0.5 0 70 54
0.5 2160 70 0
0.5 0 69 48
0.5 720 69 0
0.5 0 69 45
0.5 1440 69 0
0.5 0 68 44
0.5 1440 68 0
0.5 0 68 48
0.5 1440 68 0
0.5 0 70 51
0.5 720 70 0
0.5 0 72 50
0.5 720 72 0
0.5 0 68 57
0.5 1440 68 0
0.5 0 77 58
0.5 478 77 0
0.5 2 73 56
0.5 480 73 0
0.5 0 72 56
0.5 480 72 0
0.5 0 71 57
0.5 1920 71 0
0.5 0 70 53
0.5 480 70 0
0.5 0 69 53
0.5 480 69 0
0.5 0 69 55
0.5 1440 69 0
0.5 0 68 56
0.5 960 68 0
0.5 0 69 58
0.5 480 69 0
0.5 0 70 57
0.5 1440 70 0
0.5 0 73 60
0.5 478 73 0
0.5 2 72 54
0.5 480 72 0
0.5 0 70 54
0.5 480 70 0
0.5 0 73 60
0.5 2760 37 35
0.5 120 37 0
0.5 0 73 0
0.5 0 49 37
0.5 2400 49 0
0.5 0 50 37
0.5 480 50 0
0.5 0 50 44
0.5 1440 50 0
0.5 0 49 37
0.5 1440 49 0
0.5 0 50 37
0.5 1440 50 0
0.5 0 54 43
0.5 480 54 0
0.5 0 50 39
0.5 480 50 0
0.5 0 52 41
0.5 480 52 0
0.5 0 49 39
0.5 2760 41 40
0.5 120 41 0
0.5 0 49 0
0.5 0 53 51
0.5 2400 53 0
0.5 0 54 53
0.5 480 54 0
0.5 0 54 62
0.5 1440 54 0
0.5 0 53 54
0.5 1440 53 0
0.5 0 54 54
0.5 1440 54 0
0.5 0 57 64
0.5 480 57 0
0.5 0 54 58
0.5 480 54 0
0.5 0 56 62
0.5 480 56 0
0.5 0 53 59
0.5 2880 53 0
0.5 0 57 67
0.5 480 57 0
0.5 0 54 60
0.5 480 54 0
0.5 0 56 65
0.5 480 56 0
0.5 0 53 61
0.5 1440 53 0
0.5 0 57 68
0.5 480 57 0
0.5 0 54 61
0.5 480 54 0
0.5 0 56 66
0.5 480 56 0
0.5 0 53 62
0.5 1440 53 0
0.5 0 61 76
0.5 480 61 0
0.5 0 57 69
0.5 480 57 0
0.5 0 59 69
0.5 480 59 0
0.5 0 56 71
0.5 1440 56 0
0.5 0 61 78
0.5 480 61 0
0.5 0 57 70
0.5 480 57 0
0.5 0 59 71
0.5 480 59 0
0.5 0 56 72
0.5 1440 56 0
0.5 0 64 69
0.5 480 64 0
0.5 0 61 64
0.5 480 61 0
0.5 0 62 71
0.5 480 62 0
0.5 0 59 67
0.5 480 59 0
0.5 0 64 76
0.5 480 64 0
0.5 0 61 72
0.5 480 61 0
0.5 0 62 81
0.5 480 62 0
0.5 0 59 75
0.5 480 59 0
0.5 0 64 85
0.5 480 64 0
0.5 0 61 80
0.5 480 61 0
0.5 0 62 90
0.5 480 62 0
0.5 0 59 85
0.5 480 59 0
0.5 480 49 55
0.5 0 53 55
0.5 0 61 69
0.5 0 56 55
0.5 480 56 0
0.5 0 49 0
0.5 0 53 0
0.5 0 61 0
0.5 0 49 54
0.5 0 53 54
0.5 0 56 54
0.5 0 61 67
0.5 480 61 0
0.5 0 49 0
0.5 0 53 0
0.5 0 56 0
0.5 0 61 66
0.5 0 49 52
0.5 0 53 52
0.5 0 56 52
0.5 480 56 0
0.5 0 61 0
0.5 0 49 0
0.5 0 53 0
0.5 0 61 65
0.5 0 49 51
0.5 0 53 51
0.5 0 56 51
0.5 480 56 0
0.5 0 61 0
0.5 0 49 0
0.5 0 53 0
0.5 0 61 64
0.5 0 49 50
0.5 0 53 50
0.5 0 56 50
0.5 480 56 0
0.5 0 61 0
0.5 0 49 0
0.5 0 53 0
0.5 0 61 63
0.5 0 49 50
0.5 0 53 50
0.5 0 56 50
0.5 480 56 0
0.5 0 61 0
0.5 0 49 0
0.5 0 53 0
0.5 0 61 62
0.5 0 49 49
0.5 0 53 49
0.5 0 56 49
0.5 480 56 0
0.5 0 61 0
0.5 0 49 0
0.5 0 53 0
0.5 0 61 60
0.5 0 49 48
0.5 0 53 48
0.5 0 56 48
0.5 480 56 0
0.5 0 61 0
0.5 0 49 0
0.5 0 53 0
0.5 0 49 47
0.5 0 53 47
0.5 0 56 47
0.5 0 61 59
0.5 480 61 0
0.5 0 49 0
0.5 0 53 0
0.5 0 56 0
0.5 0 49 46
0.5 0 53 46
0.5 0 56 46
0.5 0 61 58
0.5 480 61 0
0.5 0 49 0
0.5 0 53 0
0.5 0 56 0
0.5 960 47 55
0.5 0 62 69
0.5 0 54 55
0.5 0 59 55
0.5 480 59 0
0.5 0 47 0
0.5 0 62 0
0.5 0 54 0
0.5 0 47 54
0.5 0 59 54
0.5 0 54 54
0.5 0 62 67
0.5 480 62 0
0.5 0 47 0
0.5 0 59 0
0.5 0 54 0
0.5 0 47 52
0.5 0 59 52
0.5 0 54 52
0.5 0 62 66
0.5 480 62 0
0.5 0 47 0
0.5 0 59 0
0.5 0 54 0
0.5 0 47 51
0.5 0 59 51
0.5 0 54 51
0.5 0 62 65
0.5 480 62 0
0.5 0 47 0
0.5 0 59 0
0.5 0 54 0
0.5 0 47 50
0.5 0 59 50
0.5 0 54 50
0.5 0 62 64
0.5 480 62 0
0.5 0 47 0
0.5 0 59 0
0.5 0 54 0
0.5 0 47 50
0.5 0 59 50
0.5 0 54 50
0.5 0 62 63
0.5 480 62 0
0.5 0 47 0
0.5 0 59 0
0.5 0 54 0
0.5 0 54 49
0.5 0 47 49
0.5 0 59 49
0.5 0 62 62
0.5 480 62 0
0.5 0 54 0
0.5 0 47 0
0.5 0 59 0
0.5 0 47 48
0.5 0 54 48
0.5 0 59 48
0.5 0 62 60
0.5 480 62 0
0.5 0 47 0
0.5 0 54 0
0.5 0 59 0
0.5 0 47 47
0.5 0 54 47
0.5 0 62 59
0.5 0 59 47
0.5 480 59 0
0.5 0 47 0
0.5 0 54 0
0.5 0 62 0
0.5 0 54 46
0.5 0 47 46
0.5 0 62 58
0.5 0 59 46
0.5 480 59 0
0.5 0 54 0
0.5 0 47 0
0.5 0 62 0
0.5 960 54 55
0.5 0 45 55
0.5 0 57 55
0.5 0 62 69
0.5 480 62 0
0.5 0 54 0
0.5 0 45 0
0.5 0 57 0
0.5 0 54 54
0.5 0 45 54
0.5 0 62 67
0.5 0 57 54
0.5 480 57 0
0.5 0 54 0
0.5 0 45 0
0.5 0 62 0
0.5 0 54 52
0.5 0 45 52
0.5 0 62 66
0.5 0 57 52
0.5 480 57 0
0.5 0 54 0
0.5 0 45 0
0.5 0 62 0
0.5 0 54 51
0.5 0 45 51
0.5 0 62 65
0.5 0 57 51
0.5 480 57 0
0.5 0 54 0
0.5 0 45 0
0.5 0 62 0
0.5 0 62 64
0.5 0 45 50
0.5 0 54 50
0.5 0 57 50
0.5 480 57 0
0.5 0 62 0
0.5 0 45 0
0.5 0 54 0
0.5 0 54 50
0.5 0 57 50
0.5 0 62 63
0.5 0 45 50
0.5 480 45 0
0.5 0 54 0
0.5 0 57 0
0.5 0 62 0
0.5 0 54 49
0.5 0 57 49
0.5 0 62 62
0.5 0 45 49
0.5 480 45 0
0.5 0 54 0
0.5 0 57 0
0.5 0 62 0
0.5 0 62 60
0.5 0 45 48
0.5 0 54 48
0.5 0 57 48
0.5 480 57 0
0.5 0 62 0
0.5 0 45 0
0.5 0 54 0
0.5 0 62 59
0.5 0 45 47
0.5 0 54 47
0.5 0 57 47
0.5 480 57 0
0.5 0 62 0
0.5 0 45 0
0.5 0 54 0
0.5 0 62 58
0.5 0 45 46
0.5 0 54 46
0.5 0 57 46
0.5 480 57 0
0.5 0 62 0
0.5 0 45 0
0.5 0 54 0
0.5 960 66 75
0.5 0 62 59
0.5 0 44 59
0.5 0 54 59
0.5 0 59 59
0.5 480 59 0
0.5 0 44 0
0.5 0 66 0
0.5 0 62 0
0.5 0 54 0
0.5 0 54 59
0.5 0 62 59
0.5 0 44 59
0.5 0 66 75
0.5 0 59 59
0.5 480 59 0
0.5 0 44 0
0.5 0 54 0
0.5 0 62 0
0.5 0 66 0
0.5 0 54 59
0.5 0 62 59
0.5 0 44 59
0.5 0 59 59
0.5 0 66 75
0.5 480 66 0
0.5 0 44 0
0.5 0 54 0
0.5 0 62 0
0.5 0 59 0
0.5 0 62 58
0.5 0 44 58
0.5 0 54 58
0.5 0 59 58
0.5 0 66 75
0.5 480 66 0
0.5 0 54 0
0.5 0 62 0
0.5 0 44 0
0.5 0 59 0
0.5 0 62 58
0.5 0 66 75
0.5 0 44 58
0.5 0 54 58
0.5 0 59 58
0.5 480 59 0
0.5 0 44 0
0.5 0 62 0
0.5 0 66 0
0.5 0 54 0
0.5 480 59 69
0.5 0 61 69
0.5 0 43 69
0.5 0 53 69
0.5 0 65 86
0.5 480 65 0
0.5 0 43 0
0.5 0 59 0
0.5 0 61 0
0.5 0 53 0
0.5 0 53 70
0.5 0 61 70
0.5 0 43 70
0.5 0 65 88
0.5 0 59 70
0.5 480 59 0
0.5 0 43 0
0.5 0 53 0
0.5 0 61 0
0.5 0 65 0
0.5 0 43 72
0.5 0 61 72
0.5 0 59 72
0.5 0 53 72
0.5 0 65 90
0.5 480 65 0
0.5 0 59 0
0.5 0 43 0
0.5 0 61 0
0.5 0 53 0
0.5 0 65 93
0.5 0 61 73
0.5 0 43 73
0.5 0 53 73
0.5 0 59 73
0.5 480 59 0
0.5 0 43 0
0.5 0 65 0
0.5 0 61 0
0.5 0 53 0
0.5 960 78 27
0.5 0 82 32
0.5 456 82 0
0.5 0 78 0
0.5 24 78 29
0.5 0 82 35
0.5 456 82 0
0.5 0 78 0
0.5 24 78 27
0.5 0 82 32
0.5 456 82 0
0.5 0 78 0
0.5 24 78 27
0.5 0 82 32
0.5 456 82 0
0.5 0 78 0
0.5 984 78 30
0.5 0 82 36
0.5 456 82 0
0.5 0 78 0
0.5 24 78 30
0.5 0 82 36
0.5 456 82 0
0.5 0 78 0
0.5 504 78 29
0.5 0 82 35
0.5 456 82 0
0.5 0 78 0
0.5 984 71 27
0.5 0 75 32
0.5 456 75 0
0.5 0 71 0
0.5 24 71 29
0.5 0 75 35
0.5 456 75 0
0.5 0 71 0
0.5 504 75 32
0.5 0 71 27
0.5 456 71 0
0.5 0 75 0
0.5 24 75 32
0.5 0 71 27
0.5 456 71 0
0.5 0 75 0
0.5 504 73 27
0.5 0 78 32
0.5 456 78 0
0.5 0 73 0
0.5 24 73 29
0.5 0 78 35
0.5 456 78 0
0.5 0 73 0
0.5 24 73 27
0.5 0 78 32
0.5 456 78 0
0.5 0 73 0
0.5 24 73 27
0.5 0 78 32
0.5 456 78 0
0.5 0 73 0
0.5 24 73 27
0.5 0 78 32
0.5 350 73 0
0.5 106 78 0
0.5 504 82 41
0.5 0 78 34
0.5 456 78 0
0.5 0 82 0
0.5 24 78 34
0.5 0 82 41
0.5 456 82 0
0.5 0 78 0
0.5 1944 78 35
0.5 0 82 42
0.5 960 82 0
0.5 0 78 0
0.5 480 73 35
0.5 0 78 42
0.5 960 78 0
0.5 0 73 0
0.5 480 71 34
0.5 0 75 41
0.5 456 75 0
0.5 0 71 0
0.5 24 75 41
0.5 0 71 34
0.5 456 71 0
0.5 0 75 0
0.5 1944 78 36
0.5 0 73 31
0.5 456 73 0
0.5 0 78 0
0.5 24 78 39
0.5 0 73 33
0.5 456 73 0
0.5 0 78 0
0.5 24 78 36
0.5 0 73 31
0.5 456 73 0
0.5 0 78 0
0.5 24 78 36
0.5 0 73 31
0.5 456 73 0
0.5 0 78 0
0.5 24 78 36
0.5 0 73 31
0.5 456 73 0
0.5 0 78 0
0.5 504 77 36
0.5 0 74 31
0.5 456 74 0
0.5 0 77 0
0.5 24 77 39
0.5 0 74 33
0.5 456 74 0
0.5 0 77 0
0.5 24 77 36
0.5 0 74 31
0.5 456 74 0
0.5 0 77 0
0.5 24 77 36
0.5 0 74 31
0.5 456 74 0
0.5 0 77 0
0.5 984 78 41
0.5 0 75 34
0.5 456 75 0
0.5 0 78 0
0.5 24 78 41
0.5 0 75 34
0.5 456 75 0
0.5 0 78 0
0.5 504 70 40
0.5 0 66 33
0.5 456 66 0
0.5 0 70 0
0.5 24 70 40
0.5 0 66 33
0.5 456 66 0
0.5 0 70 0
0.5 504 77 43
0.5 0 74 36
0.5 456 74 0
0.5 0 77 0
0.5 24 77 43
0.5 0 74 36
0.5 456 74 0
0.5 0 77 0
0.5 24 77 39
0.5 0 74 27
0.5 456 74 0
0.5 0 77 0
0.5 24 62 35
0.5 0 65 42
0.5 456 65 0
0.5 0 62 0
0.5 24 62 26
0.5 0 65 36
0.5 456 65 0
0.5 0 62 0
0.5 504 78 45
0.5 0 75 45
0.5 456 75 0
0.5 0 78 0
0.5 24 78 46
0.5 0 75 46
0.5 456 75 0
0.5 0 78 0
0.5 24 78 50
0.5 0 75 50
0.5 456 75 0
0.5 0 78 0
0.5 24 78 52
0.5 0 75 52
0.5 456 75 0
0.5 0 78 0
0.5 24 78 55
0.5 0 75 55
0.5 350 75 0
0.5 106 78 0
0.5 504 82 64
0.5 0 78 64
0.5 456 78 0
0.5 0 82 0
0.5 24 82 66
0.5 0 78 66
0.5 456 78 0
0.5 0 82 0
0.5 24 82 66
0.5 0 78 66
0.5 456 78 0
0.5 0 82 0
0.5 24 82 66
0.5 0 78 66
0.5 456 78 0
0.5 0 82 0
0.5 984 82 61
0.5 0 78 61
0.5 456 78 0
0.5 0 82 0
0.5 24 78 61
0.5 0 82 61
0.5 456 82 0
0.5 0 78 0
0.5 504 78 62
0.5 0 82 62
0.5 456 82 0
0.5 0 78 0
0.5 24 78 62
0.5 0 82 62
0.5 456 82 0
0.5 0 78 0
0.5 504 77 50
0.5 0 81 50
0.5 456 81 0
0.5 0 77 0
0.5 24 77 50
0.5 0 81 50
0.5 456 81 0
0.5 0 77 0
0.5 504 81 58
0.5 0 77 58
0.5 456 77 0
0.5 0 81 0
0.5 984 78 55
0.5 0 82 55
0.5 456 82 0
0.5 0 78 0
0.5 24 78 63
0.5 0 82 63
0.5 456 82 0
0.5 0 78 0
0.5 1944 78 66
0.5 0 82 66
0.5 480 82 0
0.5 0 78 0
0.5 0 78 66
0.5 0 82 66
0.5 480 82 0
0.5 0 78 0
0.5 0 78 64
0.5 0 82 64
0.5 480 82 0
0.5 0 78 0
0.5 0 78 64
0.5 0 82 64
0.5 480 82 0
0.5 0 78 0
0.5 0 78 64
0.5 0 82 64
0.5 480 82 0
0.5 0 78 0
0.5 480 78 58
0.5 0 82 58
0.5 456 82 0
0.5 0 78 0
0.5 24 78 66
0.5 0 82 66
0.5 456 82 0
0.5 0 78 0
0.5 504 82 60
0.5 0 78 60
0.5 456 78 0
0.5 0 82 0
0.5 24 82 60
0.5 0 78 60
0.5 480 78 0
0.5 0 82 0
0.5 480 80 58
0.5 0 83 58
0.5 456 83 0
0.5 0 80 0
0.5 24 80 61
0.5 0 83 61
0.5 456 83 0
0.5 0 80 0
0.5 24 80 49
0.5 0 83 62
0.5 480 83 0
0.5 0 80 0
0.5 0 80 67
0.5 0 83 67
0.5 480 83 0
0.5 0 80 0
0.5 0 83 62
0.5 0 80 49
0.5 480 80 0
0.5 0 83 0
0.5 480 86 36
0.5 0 83 30
0.5 456 83 0
0.5 0 86 0
0.5 24 86 38
0.5 0 83 32
0.5 456 83 0
0.5 0 86 0
0.5 24 86 36
0.5 0 83 29
0.5 456 83 0
0.5 0 86 0
0.5 24 86 36
0.5 0 83 29
0.5 456 83 0
0.5 0 86 0
0.5 24 86 35
0.5 0 83 29
0.5 456 83 0
0.5 0 86 0
0.5 504 86 35
0.5 0 83 29
0.5 456 83 0
0.5 0 86 0
0.5 24 86 36
0.5 0 83 29
0.5 456 83 0
0.5 0 86 0
0.5 24 86 34
0.5 0 83 28
0.5 456 83 0
0.5 0 86 0
0.5 24 86 32
0.5 0 83 27
0.5 456 83 0
0.5 0 86 0
0.5 24 86 32
0.5 0 83 27
0.5 456 83 0
0.5 0 86 0
0.5 504 88 31
0.5 0 83 27
0.5 456 83 0
0.5 0 88 0
0.5 24 83 27
0.5 0 88 33
0.5 456 88 0
0.5 0 83 0
0.5 24 83 25
0.5 0 88 30
0.5 456 88 0
0.5 0 83 0
0.5 24 83 25
0.5 0 88 29
0.5 456 88 0
0.5 0 83 0
0.5 24 83 25
0.5 0 88 29
0.5 456 88 0
0.5 0 83 0
0.5 504 86 24
0.5 0 90 29
0.5 456 90 0
0.5 0 86 0
0.5 24 86 26
0.5 0 90 29
0.5 456 90 0
0.5 0 86 0
0.5 24 86 24
0.5 0 90 27
0.5 456 90 0
0.5 0 86 0
0.5 24 86 22
0.5 0 90 27
0.5 456 90 0
0.5 0 86 0
0.5 24 86 22
0.5 0 90 27
0.5 456 90 0
0.5 0 86 0
0.5 504 85 20
0.5 0 90 25
0.5 456 90 0
0.5 0 85 0
0.5 24 85 21
0.5 0 90 27
0.5 456 90 0
0.5 0 85 0
0.5 24 85 20
0.5 0 90 25
0.5 456 90 0
0.5 0 85 0
0.5 24 85 20
0.5 0 90 25
0.5 456 90 0
0.5 0 85 0
0.5 24 85 20
0.5 0 90 25
0.5 456 90 0
0.5 0 85 0
0.5 24 85 20
0.5 0 90 25
0.5 456 90 0
0.5 0 85 0
0.5 24 85 20
0.5 0 90 25
0.5 456 90 0
0.5 0 85 0
0.5 24 90 25
0.5 0 85 20
0.5 456 85 0
0.5 0 90 0
0.5 4044 35 27
0.5 60 47 29
0.5 60 57 30
0.5 3060 57 0
0.5 0 47 0
0.5 0 35 0
0.5 0 30 30
0.5 480 42 25
0.5 480 49 25
0.5 480 54 25
0.5 480 58 25
0.5 480 61 24
0.5 3360 61 0
0.5 0 42 0
0.5 0 49 0
0.5 0 30 0
0.5 0 58 0
0.5 0 54 0
0 320 64 127
0 2560 64 0
0 720 64 127
0 2160 64 0
0 226 64 127
0 2654 64 0
0 170 64 127
0 1313 64 0
0 268 64 127
0 1129 64 0
0 400 64 127
0 1052 64 0
0 335 64 127
0 1098 64 0
0 395 64 127
0 2480 64 0
0 427 64 127
0 1019 64 0
0 261 64 127
0 1177 64 0
0 236 64 127
0 1212 64 0
0 186 64 127
0 1242 64 0
0 267 64 127
0 1183 64 0
0 1617 64 127
0 2693 64 0
0 268 64 127
0 2612 64 0
0 347 64 127
0 2533 64 0
0 268 64 127
0 2612 64 0
0 427 64 127
0 2453 64 0
0 160 64 127
0 1932 64 0
0 880 64 127
0 1360 64 0
0 354 64 127
0 1101 64 0
0 259 64 127
0 1167 64 0
0 1587 64 127
0 1292 64 0
0 308 64 127
0 1120 64 0
0 275 64 127
0 1650 64 0
0 955 64 127
0 1463 64 0
0 1577 64 127
0 1292 64 0
0 1748 64 127
0 2560 64 0
0 240 64 127
0 2640 64 0
0 212 64 127
0 1271 64 0
0 183 64 127
0 1214 64 0
0 400 64 127
0 1052 64 0
0 335 64 127
0 1098 64 0
0 395 64 127
0 2480 64 0
0 427 64 127
0 1019 64 0
0 394 64 127
0 1040 64 0
0 212 64 127
0 1240 64 0
0 313 64 127
0 1115 64 0
0 267 64 127
0 1183 64 0
0 470 64 127
0 960 64 0
0 427 64 127
0 2453 64 0
0 268 64 127
0 2612 64 0
0 347 64 127
0 2533 64 0
0 268 64 127
0 2612 64 0
0 427 64 127
0 2453 64 0
0 160 64 127
0 1932 64 0
0 880 64 127
0 1360 64 0
0 354 64 127
0 1101 64 0
0 259 64 127
0 1167 64 0
0 1587 64 127
0 1292 64 0
0 1588 64 127
0 1765 64 0
0 1092 64 127
0 1326 64 0
0 1577 64 127
0 1292 64 0
0 1474 64 127
0 2594 64 0
0 99 64 127
0 2549 64 0
0 499 64 127
0 1417 64 0
0 450 64 127
0 960 64 0
0 415 64 127
0 1064 64 0
0 1641 64 127
0 2398 64 0
0 268 64 127
0 2408 64 0
0 499 64 127
0 1417 64 0
0 450 64 127
0 960 64 0
0 415 64 127
0 1064 64 0
0 1641 64 127
0 2679 64 0
0 1641 64 127
0 1239 64 0
0 1641 64 127
0 1239 64 0
0 1641 64 127
0 1239 64 0
0 1641 64 127
0 1254 64 0
0 247 64 127
0 228 64 0
0 594 64 127
0 403 64 0
0 489 64 127
0 451 64 0
0 532 64 127
0 428 64 0
0 600 64 127
0 380 64 0
0 786 64 127
0 594 64 0
0 454 64 127
0 4869 64 0
0 623 64 127
0 5137 64 0
0 624 64 127
0 4980 64 0
0 780 64 127
0 2693 64 0
0 447 64 127
0 2193 64 0
0 240 64 127
0.5 240 42 27
0.5 240 42 0
0.5 0 49 29
0.5 240 49 0
0.5 0 54 31
0.5 240 54 0
0.5 0 58 32
0.5 240 58 0
0.5 0 61 34
0.5 240 61 0
0.5 0 66 35
0.5 240 66 0
0.5 0 61 31
0.5 240 61 0
0.5 0 66 36
0.5 240 66 0
0.5 0 70 31
0 212 64 0
0.5 28 70 0
0 551 64 127
0.5 169 42 27
0.5 240 42 0
0.5 0 49 29
0.5 240 49 0
0.5 0 54 31
0.5 240 54 0
0.5 0 58 32
0.5 240 58 0
0.5 0 61 34
0.5 240 61 0
0.5 0 66 35
0.5 240 66 0
0.5 0 61 31
0.5 240 61 0
0.5 0 66 36
0.5 240 66 0
0.5 0 70 31
0.5 240 70 0
0 365 64 0
0 115 64 127
0.5 240 42 27
0.5 240 42 0
0.5 0 51 29
0.5 240 51 0
0.5 0 54 31
0.5 240 54 0
0.5 0 59 32
0.5 240 59 0
0.5 0 63 34
0.5 240 63 0
0 141 64 0
0 198 64 127
0 1128 64 0
0 213 64 127
0.5 0 42 27
0.5 240 42 0
0.5 0 49 29
0.5 240 49 0
0.5 0 54 31
0.5 240 54 0
0.5 0 58 32
0.5 240 58 0
0.5 0 61 34
0.5 240 61 0
0.5 0 66 35
0.5 240 66 0
0.5 0 61 31
0.5 240 61 0
0.5 0 66 36
0.5 240 66 0
0.5 0 70 31
0.5 240 70 0
0 353 64 0
0 148 64 127
0.5 219 42 31
0.5 240 42 0
0.5 0 49 33
0.5 240 49 0
0.5 0 54 35
0.5 240 54 0
0.5 0 58 36
0.5 240 58 0
0.5 0 61 39
0.5 240 61 0
0.5 0 65 40
0.5 0 66 33
0.5 0 70 33
0 6 64 0
0 135 64 127
0.5 339 70 0
0.5 0 66 0
0.5 0 65 0
0.5 0 63 37
0.5 0 66 32
0.5 0 70 32
0.5 480 70 0
0.5 0 66 0
0.5 0 63 0
0.5 0 61 36
0.5 0 66 30
0.5 0 70 30
0 346 64 0
0.5 134 70 0
0.5 0 66 0
0.5 0 61 0
0 36 64 127
0.5 204 42 31
0.5 240 42 0
0.5 0 49 33
0.5 240 49 0
0.5 0 54 35
0.5 240 54 0
0.5 0 58 36
0.5 240 58 0
0.5 0 61 39
0.5 240 61 0
0 1356 64 0
0 84 64 127
0.5 240 42 27
0.5 240 42 0
0.5 0 51 29
0.5 240 51 0
0.5 0 54 31
0.5 240 54 0
0.5 0 59 32
0.5 240 59 0
0.5 0 63 34
0.5 240 63 0
0.5 0 58 40
0.5 0 59 33
0.5 0 63 33
0 9 64 0
0 111 64 127
0.5 360 63 0
0.5 0 59 0
0.5 0 58 0
0.5 0 56 37
0.5 0 59 32
0.5 0 63 32
0.5 480 63 0
0.5 0 59 0
0.5 0 56 0
0.5 0 54 36
0.5 0 59 30
0.5 0 63 30
0 332 64 0
0.5 148 63 0
0.5 0 59 0
0.5 0 54 0
0 0 64 127
0.5 240 42 27
0.5 240 42 0
0.5 0 49 29
0.5 240 49 0
0.5 0 54 31
0.5 240 54 0
0.5 0 58 32
0.5 240 58 0
0.5 0 61 34
0.5 240 61 0
0.5 0 66 35
0.5 240 66 0
0.5 0 61 31
0.5 240 61 0
0.5 0 66 36
0.5 240 66 0
0.5 0 70 31
0.5 240 70 0
0 374 64 0
0 113 64 127
0.5 233 42 33
0.5 240 42 0
0.5 0 50 34
0.5 240 50 0
0.5 0 53 35
0.5 240 53 0
0.5 0 58 36
0.5 240 58 0
0.5 0 62 37
0.5 240 62 0
0 1313 64 0
0 177 64 127
0.5 190 42 36
0.5 240 42 0
0.5 0 51 38
0.5 240 51 0
0.5 0 54 41
0.5 240 54 0
0.5 0 58 43
0.5 240 58 0
0.5 0 63 45
0.5 240 63 0
0 1313 64 0
0 148 64 127
0.5 219 42 37
0.5 240 42 0
0.5 0 50 39
0.5 240 50 0
0.5 0 53 41
0.5 240 53 0
0.5 0 58 43
0.5 240 58 0
0.5 0 62 44
0.5 240 62 0
0 480 64 0
0.5 0 59 50
0 106 64 127
0.5 374 59 0
0.5 0 61 54
0 381 64 0
0.5 99 61 0
0 106 64 127
0.5 134 42 36
0.5 240 42 0
0.5 0 51 37
0.5 240 51 0
0.5 0 54 38
0.5 240 54 0
0.5 0 58 39
0.5 240 58 0
0.5 0 63 41
0.5 240 63 0
0.5 0 66 42
0.5 240 66 0
0.5 0 54 44
0.5 240 54 0
0.5 0 58 45
0.5 240 58 0
0.5 0 63 45
0.5 240 63 0
0.5 0 66 47
0 233 64 0
0.5 7 66 0
0.5 0 70 48
0 106 64 127
0.5 134 70 0
0.5 240 48 58
0.5 480 48 0
0.5 0 54 48
0.5 240 54 0
0.5 0 58 50
0.5 240 58 0
0.5 0 63 52
0.5 720 66 54
0.5 0 70 54
0.5 480 70 0
0.5 0 66 0
0.5 0 63 0
0.5 0 62 53
0.5 0 66 53
0.5 0 70 53
0 6 64 0
0 79 64 127
0 281 64 0
0.5 114 70 0
0.5 0 66 0
0.5 0 62 0
0 0 64 127
0.5 240 49 47
0.5 240 49 0
0.5 0 58 50
0.5 240 58 0
0.5 0 61 52
0.5 240 61 0
0.5 0 66 55
0.5 240 66 0
0.5 0 70 57
0.5 240 70 0
0 1264 64 0
0 176 64 127
0.5 240 49 45
0.5 240 49 0
0.5 0 57 47
0.5 240 57 0
0.5 0 61 49
0.5 240 61 0
0.5 0 65 52
0.5 240 65 0
0.5 0 69 54
0.5 240 69 0
0.5 480 63 47
0.5 0 65 47
0.5 0 69 56
0.5 480 69 0
0.5 0 65 0
0.5 0 63 0
0.5 0 65 60
0 339 64 0
0.5 141 65 0
0 103 64 127
0.5 137 42 53
0.5 240 42 0
0.5 0 49 56
0.5 240 49 0
0.5 0 54 60
0.5 240 54 0
0.5 0 58 64
0.5 240 58 0
0.5 0 61 67
0.5 240 61 0
0.5 0 70 68
0 9 64 0
0 100 64 127
0.5 371 70 0
0.5 0 66 66
0.5 0 70 66
0.5 480 70 0
0.5 0 66 0
0.5 0 65 74
0.5 0 66 62
0.5 0 70 62
0 303 64 0
0.5 177 70 0
0.5 0 66 0
0.5 0 65 0
0 0 64 127
0.5 240 48 54
0.5 480 48 0
0.5 0 54 56
0.5 240 54 0
0.5 0 58 60
0.5 240 58 0
0.5 0 64 64
0.5 720 63 62
0.5 0 66 62
0.5 0 70 62
0.5 480 70 0
0.5 0 64 0
0.5 0 63 0
0.5 0 66 0
0.5 0 62 59
0.5 0 66 59
0.5 0 70 59
0 360 64 0
0.5 120 70 0
0.5 0 66 0
0.5 0 62 0
0 0 64 127
0.5 240 49 58
0.5 240 49 0
0.5 0 58 61
0.5 240 58 0
0.5 0 61 63
0.5 240 61 0
0.5 0 66 66
0.5 240 66 0
0.5 0 70 69
0.5 240 70 0
0.5 480 61 66
0.5 0 66 66
0.5 0 70 66
0.5 480 70 0
0.5 0 66 0
0.5 0 61 0
0.5 0 62 66
0.5 0 66 66
0.5 0 70 66
0 360 64 0
0.5 120 70 0
0.5 0 66 0
0.5 0 62 0
0 0 64 127
0.5 240 49 63
0.5 240 49 0
0.5 0 56 65
0.5 240 56 0
0.5 0 59 66
0.5 240 59 0
0.5 0 63 68
0.5 240 63 0
0.5 0 68 70
0.5 240 68 0
0.5 0 68 43
0.5 0 66 43
0.5 0 71 69
0 9 64 0
0 125 64 127
0.5 346 71 0
0.5 0 66 0
0.5 0 68 0
0.5 0 68 41
0.5 0 65 41
0.5 0 71 65
0.5 480 71 0
0.5 0 65 0
0.5 0 68 0
0.5 0 63 40
0.5 0 68 40
0.5 0 71 64
0 311 64 0
0.5 169 71 0
0.5 0 68 0
0.5 0 63 0
0 240 64 127
0.5 0 47 30
0.5 240 47 0
0.5 0 54 32
0.5 240 54 0
0.5 0 59 34
0.5 240 59 0
0.5 0 62 35
0.5 240 62 0
0.5 0 66 36
0.5 240 66 0
0.5 0 71 37
0.5 240 71 0
0.5 0 74 33
0.5 240 74 0
0 987 64 0
0 213 64 127
0.5 0 43 29
0.5 240 43 0
0.5 0 50 31
0.5 240 50 0
0.5 0 55 32
0.5 240 55 0
0.5 0 59 33
0.5 240 59 0
0.5 0 62 34
0.5 240 62 0
0.5 0 67 35
0.5 240 67 0
0.5 0 71 31
0.5 240 71 0
0 987 64 0
0 213 64 127
0.5 0 40 26
0.5 240 40 0
0.5 0 47 28
0.5 240 47 0
0.5 0 52 30
0.5 240 52 0
0.5 0 56 31
0.5 240 56 0
0.5 0 59 31
0.5 240 59 0
0.5 0 64 32
0.5 240 64 0
0.5 0 68 28
0.5 240 68 0
0 987 64 0
0 213 64 127
0.5 0 38 24
0.5 240 38 0
0.5 0 45 25
0.5 240 45 0
0.5 0 50 27
0.5 240 50 0
0.5 0 54 27
0.5 240 54 0
0.5 0 57 29
0.5 240 57 0
0.5 0 62 30
0.5 240 62 0
0.5 0 66 27
0.5 240 66 0
0 987 64 0
0 213 64 127
0.5 0 30 21
0.5 240 30 0
0.5 0 37 21
0.5 240 37 0
0.5 0 42 23
0.5 240 42 0
0.5 0 46 24
0.5 240 46 0
0.5 0 49 25
0.5 240 49 0
0.5 0 54 27
0.5 240 54 0
0.5 0 49 27
0.5 240 49 0
0.5 0 54 27
0.5 240 54 0
0.5 0 58 27
0.5 240 58 0
0.5 0 61 28
0.5 240 61 0
0.5 0 63 28
0.5 240 63 0
0.5 0 66 29
0.5 240 66 0
0.5 0 70 29
0.5 240 70 0
0.5 0 73 30
0.5 240 73 0
0.5 0 75 30
0.5 240 75 0
0.5 0 78 30
0.5 240 78 0
0.5 0 82 31
0.5 240 82 0
0.5 0 85 31
0.5 240 85 0
0.5 0 87 34
0.5 216 87 0
0.5 24 90 36
0.5 216 90 0
0.5 24 94 37
0.5 216 94 0
0.5 24 97 39
0.5 216 97 0
0.5 24 99 41
0.5 216 99 0
0.5 24 102 42
0 650 64 0
0.5 310 102 0
0 1641 64 127
0 3159 64 0
0 560 64 127
0 6534 64 0
1 0 0 0
