0 0 7 100
0 0 10 64
0 0 91 127
0.5 480 57 31
0.5 0 50 31
0.5 240 50 0
0.5 0 57 0
0.5 0 50 31
0.5 0 57 31
0.5 240 57 0
0.5 0 50 0
0.5 0 50 36
0.5 0 57 36
0.5 240 57 0
0.5 0 50 0
0.5 1200 50 31
0.5 0 57 31
0.5 240 57 0
0.5 0 50 0
0.5 0 50 31
0.5 0 57 31
0.5 240 57 0
0.5 0 50 0
0.5 0 50 35
0.5 0 57 35
0.5 240 57 0
0.5 0 50 0
0.5 480 69 39
0.5 80 69 0
0.5 0 71 39
0.5 80 71 0
0.5 0 69 41
0.5 80 69 0
0.5 0 66 44
0.5 240 69 44
0.5 240 69 0
0.5 0 66 0
0.5 0 66 42
0.5 0 74 45
0.5 60 74 0
0.5 0 66 0
0.5 180 78 42
0.5 0 66 45
0.5 60 66 0
0.5 0 78 0
0.5 180 76 45
0.5 0 66 37
0.5 240 76 0
0.5 0 74 42
0.5 240 74 0
0.5 0 66 0
0.5 0 66 42
0.5 60 66 0
0.5 180 69 41
0.5 0 66 41
0.5 60 66 0
0.5 0 69 0
0.5 180 71 45
0.5 0 69 45
0.5 0 66 45
0.5 240 66 0
0.5 0 69 0
0.5 0 71 0
0.5 240 66 41
0.5 0 69 41
0.5 0 71 41
0.5 240 71 0
0.5 0 69 0
0.5 0 66 0
0.5 120 66 41
0.5 0 71 41
0.5 0 69 41
0.5 120 69 0
0.5 0 71 0
0.5 0 66 0
0.5 0 71 41
0.5 0 69 41
0.5 0 66 41
0.5 480 66 0
0.5 0 69 0
0.5 0 71 0
0.5 0 62 42
0.5 0 66 42
0.5 60 66 0
0.5 0 62 0
0.5 180 62 42
0.5 0 68 42
0.5 0 66 42
0.5 60 66 0
0.5 0 68 0
0.5 0 62 0
0.5 180 62 45
0.5 0 66 45
0.5 0 69 45
0.5 240 69 0
0.5 0 71 42
0.5 240 71 0
0.5 0 66 0
0.5 0 62 0
0.5 0 66 44
0.5 0 62 44
0.5 60 62 0
0.5 0 66 0
0.5 180 62 44
0.5 0 68 44
0.5 0 66 44
0.5 60 66 0
0.5 0 68 0
0.5 0 62 0
0.5 180 69 45
0.5 0 62 45
0.5 0 66 45
0.5 240 69 0
0.5 0 71 42
0.5 240 71 0
0.5 0 66 0
0.5 0 62 0
0.5 0 62 44
0.5 0 66 44
0.5 120 66 0
0.5 0 62 0
0.5 120 66 44
0.5 0 62 44
0.5 0 68 44
0.5 60 68 0
0.5 0 62 0
0.5 0 66 0
0.5 180 62 47
0.5 0 64 47
0.5 0 69 47
0.5 240 69 0
0.5 0 64 0
0.5 0 62 0
0.5 240 61 42
0.5 0 69 42
0.5 240 69 0
0.5 0 61 0
0.5 120 69 42
0.5 0 61 42
0.5 120 61 0
0.5 0 69 0
0.5 0 69 42
0.5 0 61 42
0.5 240 61 0
0.5 0 69 0
0.5 480 73 44
0.5 80 73 0
0.5 0 74 44
0.5 80 74 0
0.5 0 73 44
0.5 80 73 0
0.5 0 71 47
0.5 240 74 47
0.5 240 74 0
0.5 0 71 0
0.5 0 79 49
0.5 0 71 49
0.5 60 71 0
0.5 0 79 0
0.5 180 83 45
0.5 0 71 45
0.5 60 71 0
0.5 0 83 0
0.5 180 81 48
0.5 0 71 41
0.5 240 81 0
0.5 0 79 42
0.5 240 79 0
0.5 0 71 0
0.5 0 71 42
0.5 0 67 42
0.5 60 67 0
0.5 0 71 0
0.5 180 67 42
0.5 0 71 42
0.5 0 74 42
0.5 60 74 0
0.5 0 71 0
0.5 0 67 0
0.5 180 78 46
0.5 0 74 46
0.5 0 71 46
0.5 0 67 46
0.5 240 67 0
0.5 0 78 0
0.5 0 74 0
0.5 0 71 0
0.5 240 78 42
0.5 0 74 42
0.5 0 71 42
0.5 0 67 42
0.5 240 67 0
0.5 0 78 0
0.5 0 74 0
0.5 0 71 0
0.5 120 78 42
0.5 0 74 42
0.5 0 71 42
0.5 0 67 42
0.5 120 67 0
0.5 0 78 0
0.5 0 74 0
0.5 0 71 0
0.5 0 78 42
0.5 0 74 42
0.5 0 67 42
0.5 0 71 42
0.5 480 71 0
0.5 0 78 0
0.5 0 74 0
0.5 0 67 0
0.5 0 71 42
0.5 0 67 42
0.5 60 67 0
0.5 0 71 0
0.5 180 73 42
0.5 0 71 42
0.5 0 67 42
0.5 60 67 0
0.5 0 71 0
0.5 0 73 0
0.5 180 74 46
0.5 0 67 46
0.5 0 71 46
0.5 240 74 0
0.5 0 76 42
0.5 240 76 0
0.5 0 71 0
0.5 0 67 0
0.5 0 71 45
0.5 0 67 45
0.5 60 67 0
0.5 0 71 0
0.5 180 67 45
0.5 0 71 45
0.5 0 73 45
0.5 60 73 0
0.5 0 71 0
0.5 0 67 0
0.5 180 74 47
0.5 0 67 47
0.5 0 71 47
0.5 240 74 0
0.5 0 76 44
0.5 240 76 0
0.5 0 71 0
0.5 0 67 0
0.5 0 71 45
0.5 0 67 45
0.5 60 67 0
0.5 0 71 0
0.5 180 67 45
0.5 0 71 45
0.5 0 73 45
0.5 60 73 0
0.5 0 71 0
0.5 0 67 0
0.5 180 74 49
0.5 0 69 49
0.5 0 67 49
0.5 240 67 0
0.5 0 69 0
0.5 0 74 0
0.5 240 74 45
0.5 0 66 45
0.5 240 66 0
0.5 0 74 0
0.5 120 74 45
0.5 0 66 45
0.5 120 66 0
0.5 0 74 0
0.5 0 74 45
0.5 0 66 45
0.5 240 66 0
0.5 0 74 0
0 720 91 127
0.5 480 62 27
0.5 0 69 27
0.5 240 69 0
0.5 0 62 0
0.5 0 62 27
0.5 0 69 27
0.5 240 69 0
0.5 0 62 0
0.5 0 62 33
0.5 0 69 33
0.5 240 69 0
0.5 0 62 0
0.5 1200 62 27
0.5 0 69 27
0.5 240 69 0
0.5 0 62 0
0.5 0 62 27
0.5 0 69 27
0.5 240 69 0
0.5 0 62 0
0.5 0 62 31
0.5 0 69 31
0.5 240 69 0
0.5 0 62 0
0.5 480 81 35
0.5 80 81 0
0.5 0 83 35
0.5 80 83 0
0.5 0 81 36
0.5 80 81 0
0.5 0 78 39
0.5 240 81 39
0.5 240 81 0
0.5 0 78 0
0.5 0 78 39
0.5 0 86 39
0.5 60 86 0
0.5 0 78 0
0.5 180 90 37
0.5 0 78 37
0.5 60 78 0
0.5 0 90 0
0.5 180 88 41
0.5 0 78 33
0.5 240 88 0
0.5 0 86 37
0.5 240 86 0
0.5 0 78 0
0.5 0 78 37
0.5 60 78 0
0.5 180 81 36
0.5 0 78 36
0.5 60 78 0
0.5 0 81 0
0.5 180 78 39
0.5 0 81 39
0.5 0 83 39
0.5 240 83 0
0.5 0 81 0
0.5 0 78 0
0.5 240 78 37
0.5 0 81 37
0.5 0 83 37
0.5 240 83 0
0.5 0 81 0
0.5 0 78 0
0.5 120 83 37
0.5 0 78 37
0.5 0 81 37
0.5 120 81 0
0.5 0 78 0
0.5 0 83 0
0.5 0 78 37
0.5 0 81 37
0.5 0 83 37
0.5 480 83 0
0.5 0 81 0
0.5 0 78 0
0.5 0 74 38
0.5 0 78 38
0.5 60 78 0
0.5 0 74 0
0.5 180 74 38
0.5 0 80 38
0.5 0 78 38
0.5 60 78 0
0.5 0 80 0
0.5 0 74 0
0.5 180 81 41
0.5 0 78 41
0.5 0 74 41
0.5 240 81 0
0.5 0 83 37
0.5 240 83 0
0.5 0 74 0
0.5 0 78 0
0.5 0 78 39
0.5 0 74 39
0.5 60 74 0
0.5 0 78 0
0.5 180 80 38
0.5 0 74 38
0.5 0 78 38
0.5 60 78 0
0.5 0 74 0
0.5 0 80 0
0.5 180 78 41
0.5 0 74 41
0.5 0 81 41
0.5 240 81 0
0.5 0 83 37
0.5 240 83 0
0.5 0 74 0
0.5 0 78 0
0.5 0 74 39
0.5 0 78 39
0.5 60 78 0
0.5 0 74 0
0.5 180 80 39
0.5 0 74 39
0.5 0 78 39
0.5 60 78 0
0.5 0 74 0
0.5 0 80 0
0.5 180 74 41
0.5 0 76 41
0.5 0 81 41
0.5 240 81 0
0.5 0 76 0
0.5 0 74 0
0.5 240 73 38
0.5 0 81 38
0.5 240 81 0
0.5 0 73 0
0.5 120 73 38
0.5 0 81 38
0.5 120 81 0
0.5 0 73 0
0.5 0 73 38
0.5 0 81 38
0.5 240 81 0
0.5 0 73 0
0.5 480 85 39
0.5 80 85 0
0.5 0 86 39
0.5 80 86 0
0.5 0 85 39
0.5 80 85 0
0.5 0 83 42
0.5 240 86 42
0.5 240 86 0
0.5 0 83 0
0.5 0 91 44
0.5 0 83 44
0.5 60 83 0
0.5 0 91 0
0.5 180 95 39
0.5 0 83 39
0.5 60 83 0
0.5 0 95 0
0.5 180 93 42
0.5 0 83 37
0.5 240 93 0
0.5 0 91 38
0.5 240 91 0
0.5 0 83 0
0.5 0 83 38
0.5 0 79 38
0.5 60 79 0
0.5 0 83 0
0.5 180 83 38
0.5 0 79 38
0.5 0 86 38
0.5 60 86 0
0.5 0 79 0
0.5 0 83 0
0.5 180 83 42
0.5 0 86 42
0.5 0 90 42
0.5 0 79 42
0.5 240 79 0
0.5 0 83 0
0.5 0 86 0
0.5 0 90 0
0.5 240 83 37
0.5 0 86 37
0.5 0 90 37
0.5 0 79 37
0.5 240 79 0
0.5 0 83 0
0.5 0 86 0
0.5 0 90 0
0.5 120 83 37
0.5 0 86 37
0.5 0 90 37
0.5 0 79 37
0.5 120 79 0
0.5 0 83 0
0.5 0 86 0
0.5 0 90 0
0.5 0 83 37
0.5 0 86 37
0.5 0 90 37
0.5 0 79 37
0.5 480 79 0
0.5 0 83 0
0.5 0 86 0
0.5 0 90 0
0.5 0 79 38
0.5 0 83 38
0.5 60 83 0
0.5 0 79 0
0.5 180 85 38
0.5 0 83 38
0.5 0 79 38
0.5 60 79 0
0.5 0 83 0
0.5 0 85 0
0.5 180 83 42
0.5 0 79 42
0.5 0 86 42
0.5 240 86 0
0.5 0 88 38
0.5 240 88 0
0.5 0 79 0
0.5 0 83 0
0.5 0 83 39
0.5 0 79 39
0.5 60 79 0
0.5 0 83 0
0.5 180 85 39
0.5 0 83 39
0.5 0 79 39
0.5 60 79 0
0.5 0 83 0
0.5 0 85 0
0.5 180 86 42
0.5 0 83 42
0.5 0 79 42
0.5 240 86 0
0.5 0 88 39
0.5 240 88 0
0.5 0 79 0
0.5 0 83 0
0.5 0 83 39
0.5 0 79 39
0.5 60 79 0
0.5 0 83 0
0.5 180 85 39
0.5 0 83 39
0.5 0 79 39
0.5 60 79 0
0.5 0 83 0
0.5 0 85 0
0.5 180 86 44
0.5 0 81 44
0.5 0 79 44
0.5 240 79 0
0.5 0 81 0
0.5 0 86 0
0.5 240 86 39
0.5 0 78 39
0.5 240 78 0
0.5 0 86 0
0.5 120 86 39
0.5 0 78 39
0.5 120 78 0
0.5 0 86 0
0.5 0 86 39
0.5 0 78 39
0.5 240 78 0
0.5 0 86 0
0 720 91 127
0.5 1920 61 75
0.5 0 64 75
0.5 120 61 0
0.5 0 59 68
0.5 120 59 0
0.5 0 61 68
0.5 120 61 0
0.5 0 57 68
0.5 60 57 0
0.5 60 64 0
0.5 0 62 68
0.5 0 66 71
0.5 120 62 0
0.5 120 59 68
0.5 120 59 0
0.5 120 66 0
0.5 0 61 75
0.5 0 64 75
0.5 120 61 0
0.5 0 59 69
0.5 120 59 0
0.5 0 61 69
0.5 120 61 0
0.5 0 57 69
0.5 60 57 0
0.5 60 64 0
0.5 0 62 68
0.5 0 66 71
0.5 120 62 0
0.5 120 59 68
0.5 120 59 0
0.5 120 66 0
0.5 240 74 56
0.5 0 78 56
0.5 0 68 56
0.5 80 78 0
0.5 0 80 56
0.5 80 80 0
0.5 0 78 56
0.5 80 78 0
0.5 0 68 0
0.5 0 74 0
0.5 0 76 60
0.5 0 73 60
0.5 0 69 60
0.5 120 69 0
0.5 0 73 0
0.5 0 76 0
0.5 120 73 59
0.5 0 76 59
0.5 0 69 59
0.5 120 69 0
0.5 0 76 0
0.5 0 73 0
0.5 120 76 59
0.5 0 73 59
0.5 0 69 59
0.5 960 69 0
0.5 0 73 0
0.5 0 76 0
0.5 0 60 52
0.5 0 64 52
0.5 480 64 0
0.5 0 60 0
0.5 0 68 48
0.5 0 72 48
0.5 0 76 48
0.5 240 76 0
0.5 0 72 0
0.5 0 68 0
0.5 0 68 47
0.5 0 72 47
0.5 0 76 47
0.5 240 76 0
0.5 0 72 0
0.5 0 68 0
0.5 0 68 46
0.5 0 72 46
0.5 0 76 46
0.5 480 76 0
0.5 0 72 0
0.5 0 68 0
0.5 0 72 34
0.5 0 76 34
0.5 60 76 0
0.5 0 72 0
0.5 180 76 34
0.5 0 72 34
0.5 0 77 34
0.5 60 77 0
0.5 0 72 0
0.5 0 76 0
0.5 180 72 37
0.5 0 76 37
0.5 0 79 37
0.5 240 79 0
0.5 0 81 34
0.5 240 81 0
0.5 0 76 0
0.5 0 72 0
0.5 0 72 34
0.5 0 76 34
0.5 60 76 0
0.5 0 72 0
0.5 180 72 34
0.5 0 76 34
0.5 0 77 34
0.5 60 77 0
0.5 0 76 0
0.5 0 72 0
0.5 180 71 38
0.5 0 77 38
0.5 0 79 38
0.5 240 79 0
0.5 0 81 34
0.5 240 81 0
0.5 0 77 0
0.5 0 71 0
0.5 0 67 34
0.5 0 71 34
0.5 0 76 34
0.5 120 76 0
0.5 0 71 0
0.5 0 67 0
0.5 120 67 34
0.5 0 71 34
0.5 0 74 34
0.5 120 74 0
0.5 0 71 0
0.5 0 67 0
0.5 0 74 35
0.5 60 74 0
0.5 0 76 35
0.5 60 76 0
0.5 0 64 39
0.5 0 74 39
0.5 240 74 0
0.5 0 72 34
0.5 240 72 0
0.5 0 64 0
0.5 0 64 34
0.5 0 72 34
0.5 120 72 0
0.5 0 64 0
0.5 120 64 34
0.5 0 72 34
0.5 120 72 0
0.5 0 64 0
0.5 120 64 39
0.5 0 72 39
0.5 360 72 0
0.5 0 64 0
0.5 600 64 75
0.5 0 67 75
0.5 120 64 0
0.5 0 62 68
0.5 120 62 0
0.5 0 64 68
0.5 120 64 0
0.5 0 60 68
0.5 60 60 0
0.5 60 67 0
0.5 0 65 68
0.5 0 69 71
0.5 120 65 0
0.5 120 62 68
0.5 120 62 0
0.5 120 69 0
0.5 0 64 75
0.5 0 67 75
0.5 120 64 0
0.5 0 62 69
0.5 120 62 0
0.5 0 64 69
0.5 120 64 0
0.5 0 60 69
0.5 60 60 0
0.5 60 67 0
0.5 0 65 68
0.5 0 69 71
0.5 120 65 0
0.5 120 62 68
0.5 120 62 0
0.5 120 69 0
0.5 240 77 56
0.5 0 81 56
0.5 0 71 56
0.5 80 81 0
0.5 0 83 56
0.5 80 83 0
0.5 0 81 56
0.5 80 81 0
0.5 0 71 0
0.5 0 77 0
0.5 0 79 60
0.5 0 76 60
0.5 0 72 60
0.5 120 72 0
0.5 0 76 0
0.5 0 79 0
0.5 120 76 59
0.5 0 79 59
0.5 0 72 59
0.5 120 72 0
0.5 0 79 0
0.5 0 76 0
0.5 120 79 59
0.5 0 76 59
0.5 0 72 59
0.5 960 72 0
0.5 0 76 0
0.5 0 79 0
0.5 0 63 52
0.5 0 67 52
0.5 480 67 0
0.5 0 63 0
0.5 0 71 48
0.5 0 75 48
0.5 0 79 48
0.5 240 79 0
0.5 0 75 0
0.5 0 71 0
0.5 0 71 47
0.5 0 75 47
0.5 0 79 47
0.5 240 79 0
0.5 0 75 0
0.5 0 71 0
0.5 0 71 46
0.5 0 75 46
0.5 0 79 46
0.5 480 79 0
0.5 0 75 0
0.5 0 71 0
0.5 0 75 34
0.5 0 79 34
0.5 60 79 0
0.5 0 75 0
0.5 180 79 34
0.5 0 75 34
0.5 0 80 34
0.5 120 80 0
0.5 0 75 0
0.5 0 79 0
0.5 120 75 37
0.5 0 79 37
0.5 0 82 37
0.5 240 82 0
0.5 0 84 34
0.5 240 84 0
0.5 0 79 0
0.5 0 75 0
0.5 0 75 34
0.5 0 79 34
0.5 60 79 0
0.5 0 75 0
0.5 180 75 34
0.5 0 79 34
0.5 0 80 34
0.5 60 80 0
0.5 0 79 0
0.5 0 75 0
0.5 180 74 38
0.5 0 80 38
0.5 0 82 38
0.5 240 82 0
0.5 0 84 34
0.5 240 84 0
0.5 0 80 0
0.5 0 74 0
0.5 0 70 34
0.5 0 74 34
0.5 0 79 34
0.5 120 79 0
0.5 0 74 0
0.5 0 70 0
0.5 120 70 34
0.5 0 74 34
0.5 0 77 34
0.5 120 77 0
0.5 0 74 0
0.5 0 70 0
0.5 0 77 35
0.5 60 77 0
0.5 0 79 35
0.5 60 79 0
0.5 0 67 39
0.5 0 77 39
0.5 240 77 0
0.5 0 75 34
0.5 240 75 0
0.5 0 67 0
0.5 0 67 34
0.5 0 75 34
0.5 120 75 0
0.5 0 67 0
0.5 120 67 34
0.5 0 75 34
0.5 120 75 0
0.5 0 67 0
0.5 120 67 39
0.5 0 75 39
0.5 480 75 0
0.5 0 67 0
0 0 91 127
0.5 120 55 25
0.5 0 61 28
0.5 120 61 0
0.5 0 55 0
0.5 120 63 29
0.5 0 61 25
0.5 0 55 25
0.5 120 55 0
0.5 0 61 0
0.5 0 63 0
0.5 120 55 25
0.5 0 61 25
0.5 0 65 34
0.5 120 65 0
0.5 0 61 0
0.5 0 55 0
0.5 120 55 26
0.5 0 61 26
0.5 0 67 33
0.5 120 67 0
0.5 0 61 0
0.5 0 55 0
0.5 120 55 27
0.5 0 61 31
0.5 120 61 0
0.5 0 55 0
0.5 120 63 31
0.5 0 55 27
0.5 0 61 27
0.5 120 61 0
0.5 0 55 0
0.5 0 63 0
0.5 120 55 28
0.5 0 61 28
0.5 0 65 36
0.5 120 65 0
0.5 0 61 0
0.5 0 55 0
0.5 120 55 28
0.5 0 61 28
0.5 0 67 33
0.5 120 67 0
0.5 0 61 0
0.5 0 55 0
0.5 120 55 29
0.5 0 61 34
0.5 120 61 0
0.5 0 55 0
0.5 120 63 34
0.5 0 55 30
0.5 0 61 30
0.5 120 61 0
0.5 0 55 0
0.5 0 63 0
0.5 120 55 29
0.5 0 61 29
0.5 0 65 39
0.5 120 65 0
0.5 0 61 0
0.5 0 55 0
0.5 120 68 42
0.5 120 68 0
0.5 120 55 31
0.5 0 61 31
0.5 0 67 38
0.5 120 67 0
0.5 0 61 0
0.5 0 55 0
0.5 120 63 38
0.5 0 55 31
0.5 0 61 31
0.5 120 61 0
0.5 0 55 0
0.5 0 63 0
0.5 120 55 31
0.5 0 61 31
0.5 0 65 39
0.5 120 65 0
0.5 0 61 0
0.5 0 55 0
0.5 120 55 32
0.5 0 61 38
0.5 120 61 0
0.5 0 55 0
0 0 91 127
0.5 120 56 36
0.5 0 63 36
0.5 120 63 0
0.5 0 56 0
0.5 120 63 35
0.5 0 65 35
0.5 0 56 35
0.5 120 56 0
0.5 0 65 0
0.5 0 63 0
0.5 120 56 30
0.5 0 63 30
0.5 0 67 40
0.5 120 67 0
0.5 0 63 0
0.5 0 56 0
0.5 120 56 31
0.5 0 63 31
0.5 0 68 39
0.5 120 68 0
0.5 0 63 0
0.5 0 56 0
0.5 120 56 31
0.5 0 63 36
0.5 120 63 0
0.5 0 56 0
0.5 120 63 36
0.5 0 56 31
0.5 0 65 31
0.5 120 65 0
0.5 0 56 0
0.5 0 63 0
0.5 120 56 32
0.5 0 63 32
0.5 0 67 41
0.5 120 67 0
0.5 0 63 0
0.5 0 56 0
0.5 120 56 32
0.5 0 63 32
0.5 0 68 39
0.5 120 68 0
0.5 0 63 0
0.5 0 56 0
0.5 120 56 34
0.5 0 63 39
0.5 120 63 0
0.5 0 56 0
0.5 120 63 39
0.5 0 56 34
0.5 0 65 34
0.5 120 65 0
0.5 0 56 0
0.5 0 63 0
0.5 120 56 34
0.5 0 63 34
0.5 0 67 44
0.5 120 67 0
0.5 0 63 0
0.5 0 56 0
0.5 120 70 48
0.5 120 70 0
0.5 120 56 36
0.5 0 63 36
0.5 0 68 44
0.5 120 68 0
0.5 0 63 0
0.5 0 56 0
0.5 120 63 44
0.5 0 56 36
0.5 0 65 36
0.5 120 65 0
0.5 0 56 0
0.5 0 63 0
0.5 120 56 36
0.5 0 63 36
0.5 0 67 45
0.5 120 67 0
0.5 0 63 0
0.5 0 56 0
0.5 120 56 36
0.5 0 63 43
0.5 120 63 0
0.5 0 56 0
0 0 91 127
0.5 120 60 48
0.5 0 66 48
0.5 120 66 0
0.5 0 60 0
0.5 120 66 44
0.5 0 68 44
0.5 0 60 44
0.5 120 60 0
0.5 0 68 0
0.5 0 66 0
0.5 120 60 47
0.5 0 66 47
0.5 0 70 47
0.5 120 70 0
0.5 0 66 0
0.5 0 60 0
0.5 120 60 37
0.5 0 66 37
0.5 0 72 46
0.5 120 72 0
0.5 0 66 0
0.5 0 60 0
0.5 120 60 48
0.5 0 66 48
0.5 120 66 0
0.5 0 60 0
0.5 120 66 44
0.5 0 60 37
0.5 0 68 37
0.5 120 68 0
0.5 0 60 0
0.5 0 66 0
0.5 120 60 47
0.5 0 66 47
0.5 0 70 47
0.5 120 70 0
0.5 0 66 0
0.5 0 60 0
0.5 120 60 37
0.5 0 66 37
0.5 0 72 45
0.5 120 72 0
0.5 0 66 0
0.5 0 60 0
0.5 120 60 47
0.5 0 66 47
0.5 120 66 0
0.5 0 60 0
0.5 120 66 46
0.5 0 60 46
0.5 0 68 46
0.5 120 68 0
0.5 0 60 0
0.5 0 66 0
0.5 120 60 56
0.5 0 66 56
0.5 0 70 56
0.5 120 70 0
0.5 0 66 0
0.5 0 60 0
0.5 120 73 50
0.5 120 73 0
0.5 120 60 55
0.5 0 66 55
0.5 0 72 55
0.5 120 72 0
0.5 0 66 0
0.5 0 60 0
0.5 120 68 48
0.5 0 60 40
0.5 0 66 40
0.5 120 66 0
0.5 0 60 0
0.5 0 68 0
0.5 120 60 40
0.5 0 66 40
0.5 0 70 50
0.5 120 70 0
0.5 0 66 0
0.5 0 60 0
0.5 120 60 40
0.5 0 66 47
0.5 120 66 0
0.5 0 60 0
0 0 91 127
0.5 120 61 59
0.5 0 68 59
0.5 120 68 0
0.5 0 61 0
0.5 120 68 52
0.5 0 70 52
0.5 0 61 52
0.5 120 61 0
0.5 0 70 0
0.5 0 68 0
0.5 120 61 57
0.5 0 68 57
0.5 0 72 57
0.5 120 72 0
0.5 0 68 0
0.5 0 61 0
0.5 120 61 55
0.5 0 68 55
0.5 0 73 55
0.5 120 73 0
0.5 0 68 0
0.5 0 61 0
0.5 120 61 59
0.5 0 68 59
0.5 120 68 0
0.5 0 61 0
0.5 120 68 53
0.5 0 61 53
0.5 0 70 53
0.5 120 70 0
0.5 0 61 0
0.5 0 68 0
0.5 120 61 59
0.5 0 68 59
0.5 0 72 59
0.5 120 72 0
0.5 0 68 0
0.5 0 61 0
0.5 120 61 55
0.5 0 68 55
0.5 0 73 55
0.5 120 73 0
0.5 0 68 0
0.5 0 61 0
0.5 120 61 59
0.5 0 68 59
0.5 120 68 0
0.5 0 61 0
0.5 120 68 57
0.5 0 61 57
0.5 0 70 57
0.5 120 70 0
0.5 0 61 0
0.5 0 68 0
0.5 120 61 64
0.5 0 68 64
0.5 0 72 64
0.5 120 72 0
0.5 0 68 0
0.5 0 61 0
0.5 120 75 64
0.5 120 75 0
0.5 120 61 62
0.5 0 68 62
0.5 0 73 62
0.5 120 73 0
0.5 0 68 0
0.5 0 61 0
0.5 120 70 59
0.5 0 61 48
0.5 0 68 48
0.5 120 68 0
0.5 0 61 0
0.5 0 70 0
0.5 120 61 48
0.5 0 68 48
0.5 0 72 61
0.5 120 72 0
0.5 0 68 0
0.5 0 61 0
0.5 120 61 48
0.5 0 68 57
0.5 120 68 0
0.5 0 61 0
0.5 120 62 71
0.5 0 68 71
0.5 120 68 0
0.5 0 62 0
0.5 120 68 63
0.5 0 62 63
0.5 0 70 63
0.5 120 70 0
0.5 0 62 0
0.5 0 68 0
0.5 120 62 70
0.5 0 68 70
0.5 0 72 70
0.5 120 72 0
0.5 0 68 0
0.5 0 62 0
0.5 120 75 75
0.5 120 75 0
0.5 120 62 69
0.5 0 68 69
0.5 0 74 69
0.5 120 74 0
0.5 0 68 0
0.5 0 62 0
0.5 120 70 63
0.5 0 62 52
0.5 0 68 52
0.5 120 68 0
0.5 0 62 0
0.5 0 70 0
0.5 120 62 52
0.5 0 68 52
0.5 0 72 66
0.5 120 72 0
0.5 0 68 0
0.5 0 62 0
0.5 120 68 62
0.5 120 68 0
0.5 120 74 70
0.5 0 72 70
0.5 0 68 70
0.5 120 68 0
0.5 0 72 0
0.5 0 74 0
0.5 120 68 66
0.5 0 75 66
0.5 0 72 66
0.5 120 72 0
0.5 0 75 0
0.5 0 68 0
0.5 120 77 72
0.5 0 68 72
0.5 0 72 72
0.5 120 72 0
0.5 0 68 0
0.5 0 77 0
0.5 120 80 81
0.5 120 80 0
0.5 120 79 80
0.5 0 68 80
0.5 0 72 80
0.5 120 72 0
0.5 0 68 0
0.5 0 79 0
0.5 120 72 72
0.5 0 75 72
0.5 0 68 72
0.5 120 68 0
0.5 0 75 0
0.5 0 72 0
0.5 120 77 80
0.5 0 68 80
0.5 0 72 80
0.5 120 72 0
0.5 0 68 0
0.5 0 77 0
0.5 120 74 66
0.5 120 74 0
0.5 120 77 75
0.5 120 77 0
0.5 120 79 75
0.5 120 79 0
0.5 120 80 81
0.5 120 80 0
0.5 120 84 75
0.5 120 84 0
0.5 120 80 75
0.5 120 80 0
0.5 120 77 75
0.5 120 77 0
0.5 120 80 81
0.5 120 80 0
0.5 120 77 75
0.5 120 77 0
0.5 120 74 75
0.5 120 74 0
0.5 120 77 75
0.5 120 77 0
0.5 120 74 81
0.5 120 74 0
0.5 120 70 75
0.5 120 70 0
0.5 120 74 75
0.5 120 74 0
0.5 120 70 75
0.5 120 70 0
0.5 120 67 81
0.5 120 67 0
0.5 120 70 75
0.5 120 70 0
0.5 120 67 75
0.5 120 67 0
0.5 120 63 75
0.5 120 63 0
0.5 120 67 85
0.5 120 67 0
0.5 120 63 80
0.5 120 63 0
0.5 120 60 80
0.5 120 60 0
0.5 120 63 80
0.5 120 63 0
0.5 120 60 93
0.5 120 60 0
0.5 120 56 86
0.5 120 56 0
0.5 120 60 89
0.5 120 60 0
0.5 120 56 103
0.5 120 56 0
0 0 91 127
0.5 0 55 108
0.5 480 68 93
0.5 0 56 83
0.5 0 60 83
0.5 0 63 83
0.5 480 63 0
0.5 0 56 0
0.5 0 60 0
0.5 0 68 0
0.5 0 80 93
0.5 0 75 83
0.5 0 68 83
0.5 0 72 83
0.5 480 72 0
0.5 0 75 0
0.5 0 68 0
0.5 0 80 0
0.5 0 92 91
0.5 0 87 81
0.5 0 84 81
0.5 0 80 81
0.5 480 80 0
0.5 0 87 0
0.5 0 55 0
0.5 0 92 0
0.5 0 84 0
0.5 0 54 108
0.5 480 68 93
0.5 0 56 83
0.5 0 60 83
0.5 0 63 83
0.5 480 63 0
0.5 0 56 0
0.5 0 60 0
0.5 0 68 0
0.5 0 80 93
0.5 0 75 83
0.5 0 68 83
0.5 0 72 83
0.5 480 72 0
0.5 0 75 0
0.5 0 68 0
0.5 0 80 0
0.5 0 92 91
0.5 0 87 81
0.5 0 84 81
0.5 0 80 81
0.5 480 80 0
0.5 0 87 0
0.5 0 54 0
0.5 0 92 0
0.5 0 84 0
0.5 0 53 111
0.5 480 68 93
0.5 0 56 83
0.5 0 59 83
0.5 0 63 83
0.5 480 63 0
0.5 0 56 0
0.5 0 59 0
0.5 0 68 0
0.5 0 80 93
0.5 0 75 83
0.5 0 68 83
0.5 0 71 83
0.5 480 71 0
0.5 0 75 0
0.5 0 68 0
0.5 0 80 0
0.5 0 92 91
0.5 0 87 81
0.5 0 83 81
0.5 0 80 81
0.5 480 80 0
0.5 0 87 0
0.5 0 53 0
0.5 0 92 0
0.5 0 83 0
0.5 0 52 111
0.5 480 57 83
0.5 0 69 93
0.5 0 55 83
0.5 0 61 83
0.5 0 67 93
0.5 480 67 0
0.5 0 57 0
0.5 0 69 0
0.5 0 55 0
0.5 0 61 0
0.5 0 67 83
0.5 0 81 93
0.5 0 79 93
0.5 0 69 83
0.5 0 73 83
0.5 480 73 0
0.5 0 67 0
0.5 0 81 0
0.5 0 79 0
0.5 0 69 0
0.5 0 81 78
0.5 0 93 86
0.5 0 91 86
0.5 0 85 78
0.5 0 79 78
0.5 240 79 0
0.5 0 81 0
0.5 0 93 0
0.5 0 91 0
0.5 0 85 0
0 0 91 127
0.5 0 81 88
0.5 80 81 0
0.5 0 83 88
0.5 80 83 0
0.5 0 81 88
0.5 80 81 0
0.5 0 52 0
0.5 0 78 97
0.5 240 81 97
0.5 240 81 0
0.5 0 78 0
0.5 0 81 90
0.5 0 86 101
0.5 0 78 90
0.5 120 78 0
0.5 0 86 0
0.5 0 81 0
0.5 120 81 83
0.5 0 90 93
0.5 0 78 83
0.5 120 78 0
0.5 0 90 0
0.5 0 81 0
0.5 120 81 75
0.5 0 88 102
0.5 0 78 75
0.5 240 88 0
0.5 0 86 93
0.5 240 86 0
0.5 0 78 0
0.5 0 81 0
0.5 0 74 89
0.5 0 78 93
0.5 120 78 0
0.5 0 74 0
0.5 120 74 81
0.5 0 81 90
0.5 0 78 81
0.5 120 78 0
0.5 0 81 0
0.5 0 74 0
0.5 120 74 85
0.5 0 83 95
0.5 0 81 85
0.5 0 78 85
0.5 240 78 0
0.5 0 74 0
0.5 0 83 0
0.5 0 81 0
0.5 240 74 77
0.5 0 83 86
0.5 0 81 77
0.5 0 78 77
0.5 240 78 0
0.5 0 74 0
0.5 0 83 0
0.5 0 81 0
0.5 120 74 77
0.5 0 83 86
0.5 0 81 77
0.5 0 78 77
0.5 120 78 0
0.5 0 74 0
0.5 0 83 0
0.5 0 81 0
0.5 0 74 77
0.5 0 83 86
0.5 0 81 86
0.5 0 78 77
0.5 480 78 0
0.5 0 74 0
0.5 0 83 0
0.5 0 81 0
0.5 0 74 90
0.5 0 78 90
0.5 120 78 0
0.5 0 74 0
0.5 120 74 90
0.5 0 80 90
0.5 0 78 90
0.5 120 78 0
0.5 0 80 0
0.5 0 74 0
0.5 120 74 87
0.5 0 78 87
0.5 0 81 97
0.5 240 81 0
0.5 0 83 89
0.5 240 83 0
0.5 0 78 0
0.5 0 74 0
0.5 0 78 93
0.5 0 74 93
0.5 120 74 0
0.5 0 78 0
0.5 120 80 90
0.5 0 78 90
0.5 0 74 90
0.5 120 74 0
0.5 0 78 0
0.5 0 80 0
0.5 120 81 97
0.5 0 74 87
0.5 0 78 87
0.5 240 81 0
0.5 0 83 89
0.5 240 83 0
0.5 0 78 0
0.5 0 74 0
0.5 0 74 93
0.5 0 78 93
0.5 120 78 0
0.5 0 74 0
0.5 120 80 93
0.5 0 74 93
0.5 0 78 93
0.5 120 78 0
0.5 0 74 0
0.5 0 80 0
0.5 120 69 87
0.5 0 74 87
0.5 0 76 87
0.5 0 81 97
0.5 240 81 0
0.5 0 69 0
0.5 0 74 0
0.5 0 76 0
0.5 240 76 75
0.5 0 69 75
0.5 0 73 75
0.5 0 81 84
0.5 240 81 0
0.5 0 76 0
0.5 0 69 0
0.5 0 73 0
0.5 120 69 75
0.5 0 76 75
0.5 0 73 75
0.5 0 81 84
0.5 120 81 0
0.5 0 69 0
0.5 0 76 0
0.5 0 73 0
0.5 0 69 75
0.5 0 76 75
0.5 0 73 75
0.5 0 81 84
0.5 480 81 0
0.5 0 69 0
0.5 0 76 0
0.5 0 73 0
0.5 240 85 89
0.5 80 85 0
0.5 0 86 89
0.5 80 86 0
0.5 0 85 89
0.5 80 85 0
0.5 0 83 96
0.5 240 86 96
0.5 240 86 0
0.5 0 83 0
0.5 0 86 89
0.5 0 91 99
0.5 0 83 89
0.5 120 83 0
0.5 0 91 0
0.5 0 86 0
0.5 120 86 81
0.5 0 95 91
0.5 0 83 81
0.5 120 83 0
0.5 0 95 0
0.5 0 86 0
0.5 120 93 97
0.5 0 83 76
0.5 240 93 0
0.5 0 91 86
0.5 240 91 0
0.5 0 83 0
0.5 0 83 86
0.5 0 79 76
0.5 120 79 0
0.5 0 83 0
0.5 120 83 76
0.5 0 86 86
0.5 0 79 76
0.5 120 79 0
0.5 0 86 0
0.5 0 83 0
0.5 120 90 90
0.5 0 86 80
0.5 0 83 80
0.5 0 79 80
0.5 240 79 0
0.5 0 90 0
0.5 0 86 0
0.5 0 83 0
0.5 240 90 80
0.5 0 86 72
0.5 0 83 72
0.5 0 79 72
0.5 240 79 0
0.5 0 90 0
0.5 0 86 0
0.5 0 83 0
0.5 120 90 80
0.5 0 86 72
0.5 0 83 72
0.5 0 79 72
0.5 120 79 0
0.5 0 90 0
0.5 0 86 0
0.5 0 83 0
0.5 0 90 80
0.5 0 86 72
0.5 0 83 72
0.5 0 79 72
0.5 480 79 0
0.5 0 90 0
0.5 0 86 0
0.5 0 83 0
0.5 0 83 86
0.5 0 79 86
0.5 120 79 0
0.5 0 83 0
0.5 120 85 86
0.5 0 83 86
0.5 0 79 86
0.5 120 79 0
0.5 0 83 0
0.5 0 85 0
0.5 120 86 96
0.5 0 79 86
0.5 0 83 86
0.5 240 86 0
0.5 0 88 86
0.5 240 88 0
0.5 0 83 0
0.5 0 79 0
0.5 0 83 91
0.5 0 79 91
0.5 120 79 0
0.5 0 83 0
0.5 120 85 89
0.5 0 83 89
0.5 0 79 89
0.5 120 79 0
0.5 0 83 0
0.5 0 85 0
0.5 120 86 96
0.5 0 83 86
0.5 0 79 86
0.5 240 86 0
0.5 0 88 89
0.5 240 88 0
0.5 0 79 0
0.5 0 83 0
0.5 0 83 91
0.5 0 79 91
0.5 120 79 0
0.5 0 83 0
0.5 120 85 91
0.5 0 83 91
0.5 0 79 91
0.5 120 79 0
0.5 0 83 0
0.5 0 85 0
0.5 120 74 84
0.5 0 86 94
0.5 0 81 84
0.5 0 79 84
0.5 240 79 0
0.5 0 74 0
0.5 0 86 0
0.5 0 81 0
0.5 240 81 73
0.5 0 74 73
0.5 0 86 81
0.5 0 78 73
0.5 240 78 0
0.5 0 81 0
0.5 0 74 0
0.5 0 86 0
0.5 120 81 73
0.5 0 74 73
0.5 0 86 81
0.5 0 78 73
0.5 120 78 0
0.5 0 81 0
0.5 0 74 0
0.5 0 86 0
0.5 0 81 73
0.5 0 74 73
0.5 0 86 81
0.5 0 78 73
0.5 240 78 0
0.5 0 81 0
0.5 0 74 0
0.5 0 86 0
0 720 91 127
0.5 1920 71 44
0.5 0 59 30
0.5 0 62 30
0.5 240 71 0
0.5 0 69 46
0.5 480 69 0
0.5 0 67 42
0.5 240 67 0
0.5 0 62 0
0.5 0 59 0
0.5 0 59 30
0.5 0 62 30
0.5 0 66 44
0.5 960 66 0
0.5 0 62 0
0.5 0 59 0
0.5 0 69 44
0.5 0 57 30
0.5 0 60 30
0.5 240 69 0
0.5 0 67 46
0.5 480 67 0
0.5 0 66 40
0.5 240 66 0
0.5 0 60 0
0.5 0 57 0
0.5 0 57 30
0.5 0 60 30
0.5 0 64 44
0.5 960 64 0
0.5 0 60 0
0.5 0 57 0
0.5 0 67 45
0.5 0 55 31
0.5 0 59 31
0.5 240 67 0
0.5 0 66 46
0.5 480 66 0
0.5 0 64 40
0.5 240 64 0
0.5 0 59 0
0.5 0 55 0
0.5 0 55 34
0.5 0 62 31
0.5 0 67 46
0.5 960 67 0
0.5 0 62 0
0.5 0 55 0
0.5 0 66 45
0.5 0 55 44
0.5 0 61 44
0.5 240 66 0
0.5 0 64 46
0.5 480 64 0
0.5 0 66 42
0.5 240 66 0
0.5 0 61 0
0.5 0 55 0
0.5 0 54 44
0.5 0 62 44
0.5 960 62 0
0.5 0 54 0
0 0 91 127
0.5 0 64 40
0.5 0 71 40
0.5 0 76 56
0.5 240 76 0
0.5 0 74 55
0.5 480 74 0
0.5 0 72 44
0.5 240 72 0
0.5 0 71 0
0.5 0 64 0
0.5 0 64 40
0.5 0 67 40
0.5 0 71 45
0.5 960 71 0
0.5 0 67 0
0.5 0 64 0
0.5 0 62 36
0.5 0 69 36
0.5 0 74 51
0.5 240 74 0
0.5 0 72 55
0.5 480 72 0
0.5 0 71 44
0.5 240 71 0
0.5 0 69 0
0.5 0 62 0
0.5 0 62 38
0.5 0 66 38
0.5 0 69 45
0.5 960 69 0
0.5 0 66 0
0.5 0 62 0
0.5 0 60 36
0.5 0 67 36
0.5 0 72 52
0.5 240 72 0
0.5 0 71 55
0.5 480 71 0
0.5 0 69 47
0.5 240 69 0
0.5 0 67 0
0.5 0 60 0
0.5 0 78 61
0.5 0 67 35
0.5 0 72 35
0.5 600 78 0
0.5 0 81 55
0.5 120 81 0
0.5 0 79 44
0.5 80 79 0
0.5 0 76 44
0.5 80 76 0
0.5 0 72 44
0.5 80 72 0
0.5 0 72 0
0.5 0 67 0
0.5 0 60 37
0.5 0 66 37
0.5 0 71 46
0.5 240 71 0
0.5 0 69 48
0.5 480 69 0
0.5 0 71 39
0.5 240 71 0
0.5 0 66 0
0.5 0 60 0
0.5 0 60 40
0.5 0 67 30
0.5 240 60 0
0.5 0 59 37
0.5 420 59 0
0.5 180 71 27
0.5 60 75 27
0.5 60 67 0
0 0 91 127
0.5 0 83 42
0.5 240 83 0
0.5 0 82 45
0.5 480 82 0
0.5 0 80 40
0.5 120 80 0
0.5 0 71 27
0.5 60 75 27
0.5 60 75 0
0.5 0 71 0
0.5 0 82 44
0.5 840 82 0
0.5 0 71 27
0.5 60 75 27
0.5 60 71 0
0.5 0 75 0
0.5 0 82 42
0.5 240 82 0
0.5 0 80 45
0.5 480 80 0
0.5 0 78 40
0.5 120 78 0
0.5 0 71 27
0.5 60 75 27
0.5 60 71 0
0.5 0 75 0
0.5 0 80 42
0.5 960 80 0
0.5 0 71 0
0.5 0 75 0
0.5 0 72 29
0.5 0 80 42
0.5 240 80 0
0.5 0 79 47
0.5 480 79 0
0.5 0 78 42
0.5 240 78 0
0.5 0 72 0
0.5 0 73 37
0.5 0 77 50
0.5 240 73 0
0.5 0 72 39
0.5 240 77 0
0.5 0 76 44
0.5 240 72 0
0.5 0 71 35
0.5 240 71 0
0.5 0 76 0
0.5 0 70 31
0.5 0 75 38
0.5 240 75 0
0.5 0 73 42
0.5 480 73 0
0.5 0 75 42
0.5 240 75 0
0.5 0 70 0
0.5 0 66 30
0.5 0 71 30
0.5 660 71 0
0.5 0 66 0
0.5 180 67 23
0.5 60 71 23
0 60 91 127
0.5 0 79 37
0.5 240 79 0
0.5 0 78 39
0.5 480 78 0
0.5 0 76 36
0.5 120 76 0
0.5 0 67 23
0.5 60 71 23
0.5 60 71 0
0.5 0 67 0
0.5 0 78 38
0.5 840 78 0
0.5 0 67 23
0.5 60 71 23
0.5 60 67 0
0.5 0 71 0
0.5 0 78 37
0.5 240 78 0
0.5 0 76 39
0.5 480 76 0
0.5 0 74 36
0.5 120 74 0
0.5 0 67 23
0.5 60 71 23
0.5 60 67 0
0.5 0 71 0
0.5 0 76 38
0.5 960 76 0
0.5 0 67 0
0.5 0 71 0
0.5 0 68 27
0.5 0 76 39
0.5 240 76 0
0.5 0 75 45
0.5 480 75 0
0.5 0 74 39
0.5 240 74 0
0.5 0 68 0
0.5 0 69 35
0.5 0 73 47
0.5 240 69 0
0.5 0 68 37
0.5 240 73 0
0.5 0 72 40
0.5 240 68 0
0.5 0 67 31
0.5 240 67 0
0.5 0 72 0
0.5 0 66 29
0.5 0 71 36
0.5 240 71 0
0.5 0 69 39
0.5 480 69 0
0.5 0 66 39
0.5 240 66 0
0.5 0 66 0
0.5 0 62 28
0.5 960 62 0
0 0 91 127
0.5 0 71 35
0.5 0 59 26
0.5 0 62 26
0.5 240 71 0
0.5 0 69 36
0.5 480 69 0
0.5 0 67 34
0.5 240 67 0
0.5 0 62 0
0.5 0 59 0
0.5 0 59 26
0.5 0 62 26
0.5 0 66 36
0.5 960 66 0
0.5 0 62 0
0.5 0 59 0
0.5 0 69 36
0.5 0 57 26
0.5 0 60 26
0.5 240 69 0
0.5 0 67 38
0.5 480 67 0
0.5 0 66 35
0.5 240 66 0
0.5 0 60 0
0.5 0 57 0
0.5 0 57 26
0.5 0 60 26
0.5 0 64 36
0.5 960 64 0
0.5 0 60 0
0.5 0 57 0
0.5 0 67 37
0.5 0 55 27
0.5 0 59 27
0.5 240 67 0
0.5 0 66 38
0.5 480 66 0
0.5 0 64 35
0.5 240 64 0
0.5 0 59 0
0.5 0 55 0
0.5 0 55 27
0.5 0 62 27
0.5 0 67 27
0.5 960 67 0
0.5 0 62 0
0.5 0 55 0
0.5 0 66 37
0.5 0 55 36
0.5 0 61 36
0.5 240 66 0
0.5 0 64 38
0.5 480 64 0
0.5 0 66 35
0.5 240 66 0
0.5 0 61 0
0.5 0 55 0
0.5 0 54 36
0.5 0 62 36
0.5 960 62 0
0.5 0 54 0
0 0 91 127
0.5 0 64 35
0.5 0 71 35
0.5 0 76 47
0.5 240 76 0
0.5 0 74 46
0.5 480 74 0
0.5 0 72 36
0.5 240 72 0
0.5 0 71 0
0.5 0 64 0
0.5 0 64 35
0.5 0 67 35
0.5 0 71 38
0.5 960 71 0
0.5 0 67 0
0.5 0 64 0
0.5 0 62 29
0.5 0 69 29
0.5 0 74 42
0.5 240 74 0
0.5 0 72 46
0.5 480 72 0
0.5 0 71 36
0.5 240 71 0
0.5 0 69 0
0.5 0 62 0
0.5 0 62 31
0.5 0 66 31
0.5 0 69 38
0.5 960 69 0
0.5 0 66 0
0.5 0 62 0
0.5 0 60 29
0.5 0 67 29
0.5 0 72 44
0.5 240 72 0
0.5 0 71 46
0.5 480 71 0
0.5 0 69 39
0.5 240 69 0
0.5 0 67 0
0.5 0 60 0
0.5 0 78 51
0.5 0 67 28
0.5 0 72 28
0.5 600 78 0
0.5 0 81 46
0.5 120 81 0
0.5 0 79 36
0.5 80 79 0
0.5 0 76 36
0.5 80 76 0
0.5 0 72 36
0.5 80 72 0
0.5 0 72 0
0.5 0 67 0
0.5 0 60 30
0.5 0 66 30
0.5 0 71 38
0.5 240 71 0
0.5 0 69 40
0.5 480 69 0
0.5 0 71 34
0.5 240 71 0
0.5 0 66 0
0.5 0 60 0
0.5 0 60 35
0.5 0 67 26
0.5 240 60 0
0.5 0 59 30
0.5 480 59 0
0.5 120 71 27
0.5 60 75 27
0.5 60 67 0
0 0 91 127
0.5 0 83 42
0.5 240 83 0
0.5 0 82 45
0.5 480 82 0
0.5 0 80 40
0.5 120 80 0
0.5 0 71 27
0.5 60 75 27
0.5 60 75 0
0.5 0 71 0
0.5 0 82 42
0.5 840 82 0
0.5 0 71 27
0.5 60 75 27
0.5 60 71 0
0.5 0 75 0
0.5 0 82 42
0.5 240 82 0
0.5 0 80 45
0.5 480 80 0
0.5 0 78 40
0.5 120 78 0
0.5 0 71 27
0.5 60 75 27
0.5 60 71 0
0.5 0 75 0
0.5 0 80 42
0.5 960 80 0
0.5 0 71 0
0.5 0 75 0
0.5 0 72 29
0.5 0 80 42
0.5 240 80 0
0.5 0 79 47
0.5 480 79 0
0.5 0 78 42
0.5 240 78 0
0.5 0 72 0
0.5 0 73 37
0.5 0 77 50
0.5 240 73 0
0.5 0 72 39
0.5 240 77 0
0.5 0 76 44
0.5 240 72 0
0.5 0 71 35
0.5 240 71 0
0.5 0 76 0
0.5 0 70 31
0.5 0 75 38
0.5 240 75 0
0.5 0 73 42
0.5 480 73 0
0.5 0 75 42
0.5 240 75 0
0.5 0 70 0
0.5 0 66 30
0.5 0 71 30
0.5 660 71 0
0.5 0 66 0
0.5 180 67 23
0.5 60 71 23
0 60 91 127
0.5 0 79 37
0.5 240 79 0
0.5 0 78 39
0.5 480 78 0
0.5 0 76 36
0.5 120 76 0
0.5 0 67 23
0.5 60 71 23
0.5 60 71 0
0.5 0 67 0
0.5 0 78 38
0.5 840 78 0
0.5 0 67 23
0.5 60 71 23
0.5 60 67 0
0.5 0 71 0
0.5 0 78 37
0.5 240 78 0
0.5 0 76 39
0.5 480 76 0
0.5 0 74 36
0.5 120 74 0
0.5 0 67 23
0.5 60 71 23
0.5 60 67 0
0.5 0 71 0
0.5 0 76 38
0.5 960 76 0
0.5 0 67 0
0.5 0 71 0
0.5 0 68 27
0.5 0 76 39
0.5 240 76 0
0.5 0 75 45
0.5 480 75 0
0.5 0 74 39
0.5 240 74 0
0.5 0 68 0
0.5 0 69 35
0.5 0 73 47
0.5 240 69 0
0.5 0 68 37
0.5 240 73 0
0.5 0 72 40
0.5 240 68 0
0.5 0 67 31
0.5 240 67 0
0.5 0 72 0
0.5 0 66 29
0.5 0 71 36
0.5 240 71 0
0.5 0 69 39
0.5 480 69 0
0.5 0 66 39
0.5 240 66 0
0.5 0 66 0
0.5 0 62 28
0.5 960 62 0
0 0 91 127
0.5 0 71 35
0.5 0 59 26
0.5 0 62 26
0.5 240 71 0
0.5 0 69 36
0.5 480 69 0
0.5 0 67 34
0.5 240 67 0
0.5 0 62 0
0.5 0 59 0
0.5 0 59 26
0.5 0 62 26
0.5 0 66 36
0.5 960 66 0
0.5 0 62 0
0.5 0 59 0
0.5 0 69 36
0.5 0 57 26
0.5 0 60 26
0.5 240 69 0
0.5 0 67 38
0.5 480 67 0
0.5 0 66 35
0.5 240 66 0
0.5 0 60 0
0.5 0 57 0
0.5 0 57 26
0.5 0 60 26
0.5 0 64 37
0.5 960 64 0
0.5 0 60 0
0.5 0 57 0
0.5 0 67 37
0.5 0 55 27
0.5 0 59 27
0.5 240 67 0
0.5 0 66 38
0.5 480 66 0
0.5 0 64 35
0.5 240 64 0
0.5 0 59 0
0.5 0 55 0
0.5 0 55 27
0.5 0 62 27
0.5 0 67 27
0.5 960 67 0
0.5 0 62 0
0.5 0 55 0
0.5 0 66 37
0.5 0 55 36
0.5 0 61 36
0.5 240 66 0
0.5 0 64 38
0.5 480 64 0
0.5 0 66 35
0.5 240 66 0
0.5 0 61 0
0.5 0 55 0
0.5 0 54 36
0.5 0 62 36
0.5 960 62 0
0.5 0 54 0
0 0 91 127
0.5 0 64 35
0.5 0 71 35
0.5 0 76 47
0.5 240 76 0
0.5 0 74 46
0.5 480 74 0
0.5 0 72 36
0.5 240 72 0
0.5 0 71 0
0.5 0 64 0
0.5 0 64 35
0.5 0 67 35
0.5 0 71 38
0.5 960 71 0
0.5 0 67 0
0.5 0 64 0
0.5 0 62 29
0.5 0 69 29
0.5 0 74 42
0.5 240 74 0
0.5 0 72 46
0.5 480 72 0
0.5 0 71 36
0.5 240 71 0
0.5 0 69 0
0.5 0 62 0
0.5 0 62 31
0.5 0 66 31
0.5 0 69 38
0.5 960 69 0
0.5 0 66 0
0.5 0 62 0
0.5 0 60 29
0.5 0 67 29
0.5 0 72 44
0.5 240 72 0
0.5 0 71 46
0.5 480 71 0
0.5 0 69 39
0.5 240 69 0
0.5 0 67 0
0.5 0 60 0
0.5 0 78 51
0.5 0 67 28
0.5 0 72 28
0.5 600 78 0
0.5 0 81 46
0.5 120 81 0
0.5 0 79 36
0.5 80 79 0
0.5 0 76 36
0.5 80 76 0
0.5 0 72 36
0.5 80 72 0
0.5 0 72 0
0.5 0 67 0
0.5 0 60 30
0.5 0 66 30
0.5 0 71 38
0.5 240 71 0
0.5 0 69 40
0.5 480 69 0
0.5 0 71 34
0.5 240 71 0
0.5 0 66 0
0.5 0 60 0
0.5 0 60 35
0.5 0 67 26
0.5 240 60 0
0.5 0 59 30
0.5 480 59 0
0.5 240 67 0
0 0 91 127
0.5 480 50 31
0.5 0 57 31
0.5 240 57 0
0.5 0 50 0
0.5 0 50 31
0.5 0 57 31
0.5 240 57 0
0.5 0 50 0
0.5 0 50 36
0.5 0 57 36
0.5 240 57 0
0.5 0 50 0
0.5 1200 50 31
0.5 0 57 31
0.5 240 57 0
0.5 0 50 0
0.5 0 50 31
0.5 0 57 31
0.5 240 57 0
0.5 0 50 0
0.5 0 50 35
0.5 0 57 35
0.5 240 57 0
0.5 0 50 0
0.5 480 69 39
0.5 80 69 0
0.5 0 71 39
0.5 80 71 0
0.5 0 69 41
0.5 80 69 0
0.5 0 66 44
0.5 240 69 44
0.5 240 69 0
0.5 0 66 0
0.5 0 74 45
0.5 0 66 42
0.5 60 66 0
0.5 0 74 0
0.5 180 78 42
0.5 0 66 45
0.5 60 66 0
0.5 0 78 0
0.5 180 76 45
0.5 0 66 37
0.5 240 76 0
0.5 0 74 42
0.5 240 74 0
0.5 0 66 0
0.5 0 66 42
0.5 60 66 0
0.5 180 69 41
0.5 0 66 41
0.5 60 66 0
0.5 0 69 0
0.5 180 71 45
0.5 0 69 45
0.5 0 66 45
0.5 240 66 0
0.5 0 69 0
0.5 0 71 0
0.5 240 71 41
0.5 0 69 41
0.5 0 66 41
0.5 240 66 0
0.5 0 69 0
0.5 0 71 0
0.5 120 71 41
0.5 0 69 41
0.5 0 66 41
0.5 120 66 0
0.5 0 69 0
0.5 0 71 0
0.5 0 71 41
0.5 0 69 41
0.5 0 66 41
0.5 480 66 0
0.5 0 69 0
0.5 0 71 0
0.5 0 62 42
0.5 0 66 42
0.5 60 66 0
0.5 0 62 0
0.5 180 62 42
0.5 0 68 42
0.5 0 66 42
0.5 60 66 0
0.5 0 68 0
0.5 0 62 0
0.5 180 62 45
0.5 0 66 45
0.5 0 69 45
0.5 240 69 0
0.5 0 71 42
0.5 240 71 0
0.5 0 66 0
0.5 0 62 0
0.5 0 66 44
0.5 0 62 44
0.5 60 62 0
0.5 0 66 0
0.5 180 68 44
0.5 0 66 44
0.5 0 62 44
0.5 60 62 0
0.5 0 66 0
0.5 0 68 0
0.5 180 69 45
0.5 0 62 45
0.5 0 66 45
0.5 240 69 0
0.5 0 71 42
0.5 240 71 0
0.5 0 66 0
0.5 0 62 0
0.5 0 62 44
0.5 0 66 44
0.5 60 66 0
0.5 0 62 0
0.5 180 68 44
0.5 0 62 44
0.5 0 66 44
0.5 60 66 0
0.5 0 62 0
0.5 0 68 0
0.5 180 62 47
0.5 0 64 47
0.5 0 69 47
0.5 240 69 0
0.5 0 64 0
0.5 0 62 0
0.5 240 61 42
0.5 0 69 42
0.5 240 69 0
0.5 0 61 0
0.5 120 61 42
0.5 0 69 42
0.5 120 69 0
0.5 0 61 0
0.5 0 61 42
0.5 0 69 42
0.5 240 69 0
0.5 0 61 0
0.5 480 73 44
0.5 80 73 0
0.5 0 74 44
0.5 80 74 0
0.5 0 73 44
0.5 80 73 0
0.5 0 71 47
0.5 240 74 47
0.5 240 74 0
0.5 0 71 0
0.5 0 79 49
0.5 0 71 49
0.5 60 71 0
0.5 0 79 0
0.5 180 83 45
0.5 0 71 45
0.5 60 71 0
0.5 0 83 0
0.5 180 81 48
0.5 0 71 41
0.5 240 81 0
0.5 0 79 42
0.5 240 79 0
0.5 0 71 0
0.5 0 71 42
0.5 0 67 42
0.5 60 67 0
0.5 0 71 0
0.5 180 71 42
0.5 0 74 42
0.5 0 67 42
0.5 60 67 0
0.5 0 74 0
0.5 0 71 0
0.5 180 78 46
0.5 0 74 46
0.5 0 71 46
0.5 0 67 46
0.5 240 67 0
0.5 0 78 0
0.5 0 74 0
0.5 0 71 0
0.5 240 78 42
0.5 0 74 42
0.5 0 71 42
0.5 0 67 42
0.5 240 67 0
0.5 0 78 0
0.5 0 74 0
0.5 0 71 0
0.5 120 78 42
0.5 0 74 42
0.5 0 71 42
0.5 0 67 42
0.5 120 67 0
0.5 0 78 0
0.5 0 74 0
0.5 0 71 0
0.5 0 78 42
0.5 0 74 42
0.5 0 71 42
0.5 0 67 42
0.5 480 67 0
0.5 0 78 0
0.5 0 74 0
0.5 0 71 0
0.5 0 71 42
0.5 0 67 42
0.5 60 67 0
0.5 0 71 0
0.5 180 73 42
0.5 0 71 42
0.5 0 67 42
0.5 60 67 0
0.5 0 71 0
0.5 0 73 0
0.5 180 74 46
0.5 0 67 46
0.5 0 71 46
0.5 240 74 0
0.5 0 76 42
0.5 240 76 0
0.5 0 71 0
0.5 0 67 0
0.5 0 71 45
0.5 0 67 45
0.5 60 67 0
0.5 0 71 0
0.5 180 73 45
0.5 0 71 45
0.5 0 67 45
0.5 60 67 0
0.5 0 71 0
0.5 0 73 0
0.5 180 74 47
0.5 0 71 47
0.5 0 67 47
0.5 240 74 0
0.5 0 76 44
0.5 240 76 0
0.5 0 67 0
0.5 0 71 0
0.5 0 71 45
0.5 0 67 45
0.5 60 67 0
0.5 0 71 0
0.5 180 73 45
0.5 0 71 45
0.5 0 67 45
0.5 60 67 0
0.5 0 71 0
0.5 0 73 0
0.5 180 74 49
0.5 0 69 49
0.5 0 67 49
0.5 240 67 0
0.5 0 69 0
0.5 0 74 0
0.5 240 74 45
0.5 0 66 45
0.5 240 66 0
0.5 0 74 0
0.5 120 74 45
0.5 0 66 45
0.5 120 66 0
0.5 0 74 0
0.5 0 74 45
0.5 0 66 45
0.5 240 66 0
0.5 0 74 0
0 720 91 127
0.5 480 62 27
0.5 0 69 27
0.5 240 69 0
0.5 0 62 0
0.5 0 62 27
0.5 0 69 27
0.5 240 69 0
0.5 0 62 0
0.5 0 62 33
0.5 0 69 33
0.5 240 69 0
0.5 0 62 0
0.5 1200 62 27
0.5 0 69 27
0.5 240 69 0
0.5 0 62 0
0.5 0 62 27
0.5 0 69 27
0.5 240 69 0
0.5 0 62 0
0.5 0 62 31
0.5 0 69 31
0.5 240 69 0
0.5 0 62 0
0.5 480 81 35
0.5 80 81 0
0.5 0 83 35
0.5 80 83 0
0.5 0 81 36
0.5 80 81 0
0.5 0 78 39
0.5 240 81 39
0.5 240 81 0
0.5 0 78 0
0.5 0 86 39
0.5 0 78 39
0.5 60 78 0
0.5 0 86 0
0.5 180 90 37
0.5 0 78 37
0.5 60 78 0
0.5 0 90 0
0.5 180 88 41
0.5 0 78 33
0.5 240 88 0
0.5 0 86 37
0.5 240 86 0
0.5 0 78 0
0.5 0 78 37
0.5 60 78 0
0.5 180 81 36
0.5 0 78 36
0.5 60 78 0
0.5 0 81 0
0.5 180 83 39
0.5 0 81 39
0.5 0 78 39
0.5 240 78 0
0.5 0 81 0
0.5 0 83 0
0.5 240 83 37
0.5 0 81 37
0.5 0 78 37
0.5 240 78 0
0.5 0 81 0
0.5 0 83 0
0.5 120 83 37
0.5 0 81 37
0.5 0 78 37
0.5 120 78 0
0.5 0 81 0
0.5 0 83 0
0.5 0 83 37
0.5 0 81 37
0.5 0 78 37
0.5 480 78 0
0.5 0 81 0
0.5 0 83 0
0.5 0 74 38
0.5 0 78 38
0.5 60 78 0
0.5 0 74 0
0.5 180 74 38
0.5 0 80 38
0.5 0 78 38
0.5 60 78 0
0.5 0 80 0
0.5 0 74 0
0.5 180 74 41
0.5 0 78 41
0.5 0 81 41
0.5 240 81 0
0.5 0 83 37
0.5 240 83 0
0.5 0 78 0
0.5 0 74 0
0.5 0 78 39
0.5 0 74 39
0.5 60 74 0
0.5 0 78 0
0.5 180 80 38
0.5 0 78 38
0.5 0 74 38
0.5 60 74 0
0.5 0 78 0
0.5 0 80 0
0.5 180 81 41
0.5 0 74 41
0.5 0 78 41
0.5 240 81 0
0.5 0 83 37
0.5 240 83 0
0.5 0 78 0
0.5 0 74 0
0.5 0 74 39
0.5 0 78 39
0.5 60 78 0
0.5 0 74 0
0.5 180 80 39
0.5 0 74 39
0.5 0 78 39
0.5 60 78 0
0.5 0 74 0
0.5 0 80 0
0.5 180 74 41
0.5 0 76 41
0.5 0 81 41
0.5 240 81 0
0.5 0 76 0
0.5 0 74 0
0.5 240 73 38
0.5 0 81 38
0.5 240 81 0
0.5 0 73 0
0.5 120 73 38
0.5 0 81 38
0.5 120 81 0
0.5 0 73 0
0.5 0 73 38
0.5 0 81 38
0.5 240 81 0
0.5 0 73 0
0.5 480 85 39
0.5 80 85 0
0.5 0 86 39
0.5 80 86 0
0.5 0 85 39
0.5 80 85 0
0.5 0 83 42
0.5 240 86 42
0.5 240 86 0
0.5 0 83 0
0.5 0 91 44
0.5 0 83 44
0.5 60 83 0
0.5 0 91 0
0.5 180 95 39
0.5 0 83 39
0.5 60 83 0
0.5 0 95 0
0.5 180 93 42
0.5 0 83 37
0.5 240 93 0
0.5 0 91 38
0.5 240 91 0
0.5 0 83 0
0.5 0 83 38
0.5 0 79 38
0.5 60 79 0
0.5 0 83 0
0.5 180 83 38
0.5 0 86 38
0.5 0 79 38
0.5 60 79 0
0.5 0 86 0
0.5 0 83 0
0.5 180 90 42
0.5 0 86 42
0.5 0 83 42
0.5 0 79 42
0.5 240 79 0
0.5 0 90 0
0.5 0 86 0
0.5 0 83 0
0.5 240 90 37
0.5 0 86 37
0.5 0 83 37
0.5 0 79 37
0.5 240 79 0
0.5 0 90 0
0.5 0 86 0
0.5 0 83 0
0.5 120 90 37
0.5 0 86 37
0.5 0 83 37
0.5 0 79 37
0.5 120 79 0
0.5 0 90 0
0.5 0 86 0
0.5 0 83 0
0.5 0 90 37
0.5 0 86 37
0.5 0 83 37
0.5 0 79 37
0.5 480 79 0
0.5 0 90 0
0.5 0 86 0
0.5 0 83 0
0.5 0 83 38
0.5 0 79 38
0.5 60 79 0
0.5 0 83 0
0.5 180 85 38
0.5 0 83 38
0.5 0 79 38
0.5 60 79 0
0.5 0 83 0
0.5 0 85 0
0.5 180 86 42
0.5 0 79 42
0.5 0 83 42
0.5 240 86 0
0.5 0 88 38
0.5 240 88 0
0.5 0 83 0
0.5 0 79 0
0.5 0 83 39
0.5 0 79 39
0.5 60 79 0
0.5 0 83 0
0.5 180 85 39
0.5 0 83 39
0.5 0 79 39
0.5 60 79 0
0.5 0 83 0
0.5 0 85 0
0.5 180 86 42
0.5 0 83 42
0.5 0 79 42
0.5 240 86 0
0.5 0 88 39
0.5 240 88 0
0.5 0 79 0
0.5 0 83 0
0.5 0 83 39
0.5 0 79 39
0.5 60 79 0
0.5 0 83 0
0.5 180 85 39
0.5 0 83 39
0.5 0 79 39
0.5 60 79 0
0.5 0 83 0
0.5 0 85 0
0.5 180 86 44
0.5 0 81 44
0.5 0 79 44
0.5 240 79 0
0.5 0 81 0
0.5 0 86 0
0.5 240 86 39
0.5 0 78 39
0.5 240 78 0
0.5 0 86 0
0.5 120 86 39
0.5 0 78 39
0.5 120 78 0
0.5 0 86 0
0.5 0 86 39
0.5 0 78 39
0.5 240 78 0
0.5 0 86 0
0 720 91 127
0.5 1920 61 75
0.5 0 64 75
0.5 120 61 0
0.5 0 59 68
0.5 120 59 0
0.5 0 61 68
0.5 120 61 0
0.5 0 57 68
0.5 60 57 0
0.5 60 64 0
0.5 0 62 68
0.5 0 66 71
0.5 120 62 0
0.5 120 59 68
0.5 120 59 0
0.5 120 66 0
0.5 0 61 75
0.5 0 64 75
0.5 120 61 0
0.5 0 59 69
0.5 120 59 0
0.5 0 61 69
0.5 120 61 0
0.5 0 57 69
0.5 60 57 0
0.5 60 64 0
0.5 0 62 68
0.5 0 66 71
0.5 120 62 0
0.5 120 59 68
0.5 120 59 0
0.5 120 66 0
0.5 240 74 56
0.5 0 78 56
0.5 0 68 56
0.5 80 78 0
0.5 0 80 56
0.5 80 80 0
0.5 0 78 56
0.5 80 78 0
0.5 0 68 0
0.5 0 74 0
0.5 0 76 60
0.5 0 73 60
0.5 0 69 60
0.5 120 69 0
0.5 0 73 0
0.5 0 76 0
0.5 120 73 59
0.5 0 76 59
0.5 0 69 59
0.5 120 69 0
0.5 0 76 0
0.5 0 73 0
0.5 120 76 59
0.5 0 73 59
0.5 0 69 59
0.5 960 69 0
0.5 0 73 0
0.5 0 76 0
0.5 0 60 52
0.5 0 64 52
0.5 480 64 0
0.5 0 60 0
0.5 0 68 48
0.5 0 72 48
0.5 0 76 48
0.5 240 76 0
0.5 0 72 0
0.5 0 68 0
0.5 0 68 47
0.5 0 72 47
0.5 0 76 47
0.5 240 76 0
0.5 0 72 0
0.5 0 68 0
0.5 0 68 46
0.5 0 72 46
0.5 0 76 46
0.5 480 76 0
0.5 0 72 0
0.5 0 68 0
0.5 0 72 34
0.5 0 76 34
0.5 120 76 0
0.5 0 72 0
0.5 120 76 34
0.5 0 72 34
0.5 0 77 34
0.5 120 77 0
0.5 0 72 0
0.5 0 76 0
0.5 120 72 37
0.5 0 76 37
0.5 0 79 37
0.5 240 79 0
0.5 0 81 34
0.5 240 81 0
0.5 0 76 0
0.5 0 72 0
0.5 0 72 34
0.5 0 76 34
0.5 120 76 0
0.5 0 72 0
0.5 120 72 34
0.5 0 76 34
0.5 0 77 34
0.5 120 77 0
0.5 0 76 0
0.5 0 72 0
0.5 120 71 38
0.5 0 77 38
0.5 0 79 38
0.5 240 79 0
0.5 0 81 34
0.5 240 81 0
0.5 0 77 0
0.5 0 71 0
0.5 0 67 34
0.5 0 71 34
0.5 0 76 34
0.5 120 76 0
0.5 0 71 0
0.5 0 67 0
0.5 120 67 34
0.5 0 71 34
0.5 0 74 34
0.5 120 74 0
0.5 0 71 0
0.5 0 67 0
0.5 0 74 35
0.5 60 74 0
0.5 0 76 35
0.5 60 76 0
0.5 0 64 39
0.5 0 74 39
0.5 240 74 0
0.5 0 72 34
0.5 240 72 0
0.5 0 64 0
0.5 0 64 34
0.5 0 72 34
0.5 120 72 0
0.5 0 64 0
0.5 120 64 34
0.5 0 72 34
0.5 120 72 0
0.5 0 64 0
0.5 120 64 39
0.5 0 72 39
0.5 360 72 0
0.5 0 64 0
0.5 600 64 75
0.5 0 67 75
0.5 120 64 0
0.5 0 62 68
0.5 120 62 0
0.5 0 64 68
0.5 120 64 0
0.5 0 60 68
0.5 60 60 0
0.5 60 67 0
0.5 0 65 68
0.5 0 69 71
0.5 120 65 0
0.5 120 62 68
0.5 120 62 0
0.5 120 69 0
0.5 0 64 75
0.5 0 67 75
0.5 120 64 0
0.5 0 62 69
0.5 120 62 0
0.5 0 64 69
0.5 120 64 0
0.5 0 60 69
0.5 60 60 0
0.5 60 67 0
0.5 0 65 68
0.5 0 69 71
0.5 120 65 0
0.5 120 62 68
0.5 120 62 0
0.5 120 69 0
0.5 240 77 56
0.5 0 81 56
0.5 0 71 56
0.5 80 81 0
0.5 0 83 56
0.5 80 83 0
0.5 0 81 56
0.5 80 81 0
0.5 0 71 0
0.5 0 77 0
0.5 0 79 60
0.5 0 76 60
0.5 0 72 60
0.5 120 72 0
0.5 0 76 0
0.5 0 79 0
0.5 120 76 59
0.5 0 79 59
0.5 0 72 59
0.5 120 72 0
0.5 0 79 0
0.5 0 76 0
0.5 120 79 59
0.5 0 76 59
0.5 0 72 59
0.5 960 72 0
0.5 0 76 0
0.5 0 79 0
0.5 0 63 52
0.5 0 67 52
0.5 480 67 0
0.5 0 63 0
0.5 0 71 48
0.5 0 75 48
0.5 0 79 48
0.5 240 79 0
0.5 0 75 0
0.5 0 71 0
0.5 0 71 47
0.5 0 75 47
0.5 0 79 47
0.5 240 79 0
0.5 0 75 0
0.5 0 71 0
0.5 0 71 46
0.5 0 75 46
0.5 0 79 46
0.5 480 79 0
0.5 0 75 0
0.5 0 71 0
0.5 0 75 34
0.5 0 79 34
0.5 60 79 0
0.5 0 75 0
0.5 180 79 34
0.5 0 75 34
0.5 0 80 34
0.5 60 80 0
0.5 0 75 0
0.5 0 79 0
0.5 180 75 37
0.5 0 79 37
0.5 0 82 37
0.5 240 82 0
0.5 0 84 34
0.5 240 84 0
0.5 0 79 0
0.5 0 75 0
0.5 0 75 34
0.5 0 79 34
0.5 60 79 0
0.5 0 75 0
0.5 180 75 34
0.5 0 79 34
0.5 0 80 34
0.5 60 80 0
0.5 0 79 0
0.5 0 75 0
0.5 180 74 38
0.5 0 80 38
0.5 0 82 38
0.5 240 82 0
0.5 0 84 34
0.5 240 84 0
0.5 0 80 0
0.5 0 74 0
0.5 0 70 34
0.5 0 74 34
0.5 0 79 34
0.5 120 79 0
0.5 0 74 0
0.5 0 70 0
0.5 120 70 34
0.5 0 74 34
0.5 0 77 34
0.5 120 77 0
0.5 0 74 0
0.5 0 70 0
0.5 0 77 35
0.5 60 77 0
0.5 0 79 35
0.5 60 79 0
0.5 0 67 39
0.5 0 77 39
0.5 240 77 0
0.5 0 75 34
0.5 240 75 0
0.5 0 67 0
0.5 0 67 34
0.5 0 75 34
0.5 120 75 0
0.5 0 67 0
0.5 120 67 34
0.5 0 75 34
0.5 120 75 0
0.5 0 67 0
0.5 120 67 39
0.5 0 75 39
0.5 480 75 0
0.5 0 67 0
0 0 91 127
0.5 120 55 25
0.5 0 61 28
0.5 120 61 0
0.5 0 55 0
0.5 120 63 29
0.5 0 61 25
0.5 0 55 25
0.5 120 55 0
0.5 0 61 0
0.5 0 63 0
0.5 120 55 25
0.5 0 58 25
0.5 0 65 34
0.5 120 65 0
0.5 0 58 0
0.5 0 55 0
0.5 120 55 26
0.5 0 61 26
0.5 0 67 33
0.5 120 67 0
0.5 0 61 0
0.5 0 55 0
0.5 120 55 27
0.5 0 61 31
0.5 120 61 0
0.5 0 55 0
0.5 120 63 31
0.5 0 55 27
0.5 0 61 27
0.5 120 61 0
0.5 0 55 0
0.5 0 63 0
0.5 120 55 28
0.5 0 61 28
0.5 0 65 36
0.5 120 65 0
0.5 0 61 0
0.5 0 55 0
0.5 120 55 28
0.5 0 61 28
0.5 0 67 33
0.5 120 67 0
0.5 0 61 0
0.5 0 55 0
0.5 120 55 29
0.5 0 61 34
0.5 120 61 0
0.5 0 55 0
0.5 120 63 34
0.5 0 55 30
0.5 0 61 30
0.5 120 61 0
0.5 0 55 0
0.5 0 63 0
0.5 120 55 29
0.5 0 61 29
0.5 0 65 39
0.5 120 65 0
0.5 0 61 0
0.5 0 55 0
0.5 120 68 42
0.5 120 68 0
0.5 120 55 31
0.5 0 61 31
0.5 0 67 38
0.5 120 67 0
0.5 0 61 0
0.5 0 55 0
0.5 120 63 38
0.5 0 55 31
0.5 0 61 31
0.5 120 61 0
0.5 0 55 0
0.5 0 63 0
0.5 120 55 31
0.5 0 61 31
0.5 0 65 39
0.5 120 65 0
0.5 0 61 0
0.5 0 55 0
0.5 120 55 32
0.5 0 61 38
0.5 120 61 0
0.5 0 55 0
0 0 91 127
0.5 120 56 36
0.5 0 63 36
0.5 120 63 0
0.5 0 56 0
0.5 120 63 35
0.5 0 65 35
0.5 0 56 35
0.5 120 56 0
0.5 0 65 0
0.5 0 63 0
0.5 120 56 30
0.5 0 63 30
0.5 0 67 40
0.5 120 67 0
0.5 0 63 0
0.5 0 56 0
0.5 120 56 31
0.5 0 63 31
0.5 0 68 39
0.5 120 68 0
0.5 0 63 0
0.5 0 56 0
0.5 120 56 31
0.5 0 63 36
0.5 120 63 0
0.5 0 56 0
0.5 120 63 36
0.5 0 56 31
0.5 0 65 31
0.5 120 65 0
0.5 0 56 0
0.5 0 63 0
0.5 120 56 32
0.5 0 63 32
0.5 0 67 41
0.5 120 67 0
0.5 0 63 0
0.5 0 56 0
0.5 120 56 32
0.5 0 63 32
0.5 0 68 39
0.5 120 68 0
0.5 0 63 0
0.5 0 56 0
0.5 120 56 34
0.5 0 63 39
0.5 120 63 0
0.5 0 56 0
0.5 120 63 39
0.5 0 56 35
0.5 0 65 35
0.5 120 65 0
0.5 0 56 0
0.5 0 63 0
0.5 120 56 34
0.5 0 63 34
0.5 0 67 44
0.5 120 67 0
0.5 0 63 0
0.5 0 56 0
0.5 120 70 48
0.5 120 70 0
0.5 120 56 36
0.5 0 63 36
0.5 0 68 44
0.5 120 68 0
0.5 0 63 0
0.5 0 56 0
0.5 120 63 44
0.5 0 56 36
0.5 0 65 36
0.5 120 65 0
0.5 0 56 0
0.5 0 63 0
0.5 120 56 36
0.5 0 63 36
0.5 0 67 45
0.5 120 67 0
0.5 0 63 0
0.5 0 56 0
0.5 120 56 36
0.5 0 63 43
0.5 120 63 0
0.5 0 56 0
0 0 91 127
0.5 120 60 48
0.5 0 66 48
0.5 120 66 0
0.5 0 60 0
0.5 120 66 44
0.5 0 68 44
0.5 0 60 44
0.5 120 60 0
0.5 0 68 0
0.5 0 66 0
0.5 120 60 47
0.5 0 66 47
0.5 0 70 47
0.5 120 70 0
0.5 0 66 0
0.5 0 60 0
0.5 120 60 37
0.5 0 66 37
0.5 0 72 46
0.5 120 72 0
0.5 0 66 0
0.5 0 60 0
0.5 120 60 48
0.5 0 66 48
0.5 120 66 0
0.5 0 60 0
0.5 120 66 44
0.5 0 60 37
0.5 0 68 37
0.5 120 68 0
0.5 0 60 0
0.5 0 66 0
0.5 120 60 47
0.5 0 66 47
0.5 0 70 47
0.5 120 70 0
0.5 0 66 0
0.5 0 60 0
0.5 120 60 37
0.5 0 66 37
0.5 0 72 45
0.5 120 72 0
0.5 0 66 0
0.5 0 60 0
0.5 120 60 47
0.5 0 66 47
0.5 120 66 0
0.5 0 60 0
0.5 120 66 46
0.5 0 60 46
0.5 0 68 46
0.5 120 68 0
0.5 0 60 0
0.5 0 66 0
0.5 120 60 56
0.5 0 66 56
0.5 0 70 56
0.5 120 70 0
0.5 0 66 0
0.5 0 60 0
0.5 120 73 50
0.5 120 73 0
0.5 120 60 55
0.5 0 66 55
0.5 0 72 55
0.5 120 72 0
0.5 0 66 0
0.5 0 60 0
0.5 120 68 48
0.5 0 60 40
0.5 0 66 40
0.5 120 66 0
0.5 0 60 0
0.5 0 68 0
0.5 120 60 40
0.5 0 66 40
0.5 0 70 50
0.5 120 70 0
0.5 0 66 0
0.5 0 60 0
0.5 120 60 40
0.5 0 66 47
0.5 120 66 0
0.5 0 60 0
0 0 91 127
0.5 120 61 59
0.5 0 68 59
0.5 120 68 0
0.5 0 61 0
0.5 120 68 52
0.5 0 70 52
0.5 0 61 52
0.5 120 61 0
0.5 0 70 0
0.5 0 68 0
0.5 120 61 57
0.5 0 68 57
0.5 0 72 57
0.5 120 72 0
0.5 0 68 0
0.5 0 61 0
0.5 120 61 55
0.5 0 68 55
0.5 0 73 55
0.5 120 73 0
0.5 0 68 0
0.5 0 61 0
0.5 120 61 59
0.5 0 68 59
0.5 120 68 0
0.5 0 61 0
0.5 120 68 53
0.5 0 61 53
0.5 0 70 53
0.5 120 70 0
0.5 0 61 0
0.5 0 68 0
0.5 120 61 59
0.5 0 68 59
0.5 0 72 59
0.5 120 72 0
0.5 0 68 0
0.5 0 61 0
0.5 120 61 55
0.5 0 68 55
0.5 0 73 55
0.5 120 73 0
0.5 0 68 0
0.5 0 61 0
0.5 120 61 59
0.5 0 68 59
0.5 120 68 0
0.5 0 61 0
0.5 120 68 57
0.5 0 61 57
0.5 0 70 57
0.5 120 70 0
0.5 0 61 0
0.5 0 68 0
0.5 120 61 64
0.5 0 68 64
0.5 0 72 64
0.5 120 72 0
0.5 0 68 0
0.5 0 61 0
0.5 120 75 64
0.5 120 75 0
0.5 120 61 62
0.5 0 68 62
0.5 0 73 62
0.5 120 73 0
0.5 0 68 0
0.5 0 61 0
0.5 120 70 59
0.5 0 61 48
0.5 0 68 48
0.5 120 68 0
0.5 0 61 0
0.5 0 70 0
0.5 120 61 48
0.5 0 68 48
0.5 0 72 61
0.5 120 72 0
0.5 0 68 0
0.5 0 61 0
0.5 120 61 48
0.5 0 68 57
0.5 120 68 0
0.5 0 61 0
0.5 120 62 71
0.5 0 68 71
0.5 120 68 0
0.5 0 62 0
0.5 120 68 63
0.5 0 62 63
0.5 0 70 63
0.5 120 70 0
0.5 0 62 0
0.5 0 68 0
0.5 120 62 70
0.5 0 68 70
0.5 0 72 70
0.5 120 72 0
0.5 0 68 0
0.5 0 62 0
0.5 120 75 75
0.5 120 75 0
0.5 120 62 69
0.5 0 68 69
0.5 0 74 69
0.5 120 74 0
0.5 0 68 0
0.5 0 62 0
0.5 120 70 63
0.5 0 62 52
0.5 0 68 52
0.5 120 68 0
0.5 0 62 0
0.5 0 70 0
0.5 120 62 52
0.5 0 68 52
0.5 0 72 66
0.5 120 72 0
0.5 0 68 0
0.5 0 62 0
0.5 120 68 62
0.5 120 68 0
0.5 120 74 70
0.5 0 72 70
0.5 0 68 70
0.5 120 68 0
0.5 0 72 0
0.5 0 74 0
0.5 120 68 66
0.5 0 75 66
0.5 0 72 66
0.5 120 72 0
0.5 0 75 0
0.5 0 68 0
0.5 120 77 72
0.5 0 68 72
0.5 0 72 72
0.5 120 72 0
0.5 0 68 0
0.5 0 77 0
0.5 120 80 81
0.5 120 80 0
0.5 120 79 80
0.5 0 68 80
0.5 0 72 80
0.5 120 72 0
0.5 0 68 0
0.5 0 79 0
0.5 120 72 72
0.5 0 75 72
0.5 0 68 72
0.5 120 68 0
0.5 0 75 0
0.5 0 72 0
0.5 120 77 80
0.5 0 68 80
0.5 0 72 80
0.5 120 72 0
0.5 0 68 0
0.5 0 77 0
0.5 120 74 66
0.5 120 74 0
0.5 120 77 75
0.5 120 77 0
0.5 120 79 75
0.5 120 79 0
0.5 120 80 81
0.5 120 80 0
0.5 120 84 75
0.5 120 84 0
0.5 120 80 75
0.5 120 80 0
0.5 120 77 75
0.5 120 77 0
0.5 120 80 81
0.5 120 80 0
0.5 120 77 75
0.5 120 77 0
0.5 120 74 75
0.5 120 74 0
0.5 120 77 75
0.5 120 77 0
0.5 120 74 81
0.5 120 74 0
0.5 120 70 75
0.5 120 70 0
0.5 120 74 75
0.5 120 74 0
0.5 120 70 75
0.5 120 70 0
0.5 120 67 81
0.5 120 67 0
0.5 120 70 75
0.5 120 70 0
0.5 120 67 75
0.5 120 67 0
0.5 120 63 75
0.5 120 63 0
0.5 120 67 85
0.5 120 67 0
0.5 120 63 80
0.5 120 63 0
0.5 120 60 80
0.5 120 60 0
0.5 120 63 80
0.5 120 63 0
0.5 120 60 93
0.5 120 60 0
0.5 120 56 86
0.5 120 56 0
0.5 120 60 89
0.5 120 60 0
0.5 120 56 103
0.5 120 56 0
0 0 91 127
0.5 0 55 108
0.5 480 68 93
0.5 0 56 83
0.5 0 60 83
0.5 0 63 83
0.5 480 63 0
0.5 0 56 0
0.5 0 60 0
0.5 0 68 0
0.5 0 80 93
0.5 0 75 83
0.5 0 68 83
0.5 0 72 83
0.5 480 72 0
0.5 0 75 0
0.5 0 68 0
0.5 0 80 0
0.5 0 92 91
0.5 0 87 81
0.5 0 84 81
0.5 0 80 81
0.5 480 80 0
0.5 0 87 0
0.5 0 55 0
0.5 0 92 0
0.5 0 84 0
0.5 0 54 108
0.5 480 68 93
0.5 0 56 83
0.5 0 60 83
0.5 0 63 83
0.5 480 63 0
0.5 0 56 0
0.5 0 60 0
0.5 0 68 0
0.5 0 80 93
0.5 0 75 83
0.5 0 68 83
0.5 0 72 83
0.5 480 72 0
0.5 0 75 0
0.5 0 68 0
0.5 0 80 0
0.5 0 92 91
0.5 0 87 81
0.5 0 84 81
0.5 0 80 81
0.5 480 80 0
0.5 0 87 0
0.5 0 54 0
0.5 0 92 0
0.5 0 84 0
0.5 0 53 111
0.5 480 68 93
0.5 0 56 83
0.5 0 59 83
0.5 0 63 83
0.5 480 63 0
0.5 0 56 0
0.5 0 59 0
0.5 0 68 0
0.5 0 80 93
0.5 0 75 83
0.5 0 68 83
0.5 0 71 83
0.5 480 71 0
0.5 0 75 0
0.5 0 68 0
0.5 0 80 0
0.5 0 92 91
0.5 0 87 81
0.5 0 83 81
0.5 0 80 81
0.5 480 80 0
0.5 0 87 0
0.5 0 53 0
0.5 0 92 0
0.5 0 83 0
0.5 0 52 111
0.5 480 57 83
0.5 0 69 93
0.5 0 55 83
0.5 0 61 83
0.5 0 67 93
0.5 480 67 0
0.5 0 57 0
0.5 0 69 0
0.5 0 55 0
0.5 0 61 0
0.5 0 67 83
0.5 0 81 93
0.5 0 79 93
0.5 0 69 83
0.5 0 73 83
0.5 480 73 0
0.5 0 67 0
0.5 0 81 0
0.5 0 79 0
0.5 0 69 0
0.5 0 81 78
0.5 0 93 86
0.5 0 91 86
0.5 0 85 78
0.5 0 79 78
0.5 240 79 0
0.5 0 81 0
0.5 0 93 0
0.5 0 91 0
0.5 0 85 0
0 0 91 127
0.5 0 81 88
0.5 80 81 0
0.5 0 83 88
0.5 80 83 0
0.5 0 81 88
0.5 80 81 0
0.5 0 52 0
0.5 0 78 97
0.5 240 81 97
0.5 240 81 0
0.5 0 78 0
0.5 0 81 90
0.5 0 86 101
0.5 0 78 90
0.5 120 78 0
0.5 0 86 0
0.5 0 81 0
0.5 120 81 83
0.5 0 90 93
0.5 0 78 83
0.5 120 78 0
0.5 0 90 0
0.5 0 81 0
0.5 120 81 75
0.5 0 88 102
0.5 0 78 75
0.5 240 88 0
0.5 0 86 93
0.5 240 86 0
0.5 0 78 0
0.5 0 81 0
0.5 0 74 90
0.5 0 78 93
0.5 120 78 0
0.5 0 74 0
0.5 120 74 81
0.5 0 81 90
0.5 0 78 81
0.5 120 78 0
0.5 0 81 0
0.5 0 74 0
0.5 120 74 85
0.5 0 83 95
0.5 0 81 95
0.5 0 78 85
0.5 240 78 0
0.5 0 74 0
0.5 0 83 0
0.5 0 81 0
0.5 240 74 77
0.5 0 83 86
0.5 0 81 86
0.5 0 78 77
0.5 240 78 0
0.5 0 74 0
0.5 0 83 0
0.5 0 81 0
0.5 120 74 77
0.5 0 83 86
0.5 0 81 86
0.5 0 78 77
0.5 120 78 0
0.5 0 74 0
0.5 0 83 0
0.5 0 81 0
0.5 0 74 77
0.5 0 83 86
0.5 0 81 86
0.5 0 78 77
0.5 480 78 0
0.5 0 74 0
0.5 0 83 0
0.5 0 81 0
0.5 0 74 90
0.5 0 78 90
0.5 120 78 0
0.5 0 74 0
0.5 120 74 90
0.5 0 80 90
0.5 0 78 90
0.5 120 78 0
0.5 0 80 0
0.5 0 74 0
0.5 120 74 87
0.5 0 78 87
0.5 0 81 97
0.5 240 81 0
0.5 0 83 89
0.5 240 83 0
0.5 0 78 0
0.5 0 74 0
0.5 0 78 93
0.5 0 74 93
0.5 120 74 0
0.5 0 78 0
0.5 120 80 90
0.5 0 78 90
0.5 0 74 90
0.5 120 74 0
0.5 0 78 0
0.5 0 80 0
0.5 120 81 97
0.5 0 74 87
0.5 0 78 87
0.5 240 81 0
0.5 0 83 89
0.5 240 83 0
0.5 0 78 0
0.5 0 74 0
0.5 0 74 93
0.5 0 78 93
0.5 120 78 0
0.5 0 74 0
0.5 120 80 93
0.5 0 74 93
0.5 0 78 93
0.5 120 78 0
0.5 0 74 0
0.5 0 80 0
0.5 120 69 87
0.5 0 74 87
0.5 0 76 87
0.5 0 81 97
0.5 240 81 0
0.5 0 69 0
0.5 0 74 0
0.5 0 76 0
0.5 240 76 75
0.5 0 69 75
0.5 0 73 75
0.5 0 81 84
0.5 240 81 0
0.5 0 76 0
0.5 0 69 0
0.5 0 73 0
0.5 120 69 75
0.5 0 76 75
0.5 0 73 75
0.5 0 81 84
0.5 120 81 0
0.5 0 69 0
0.5 0 76 0
0.5 0 73 0
0.5 0 69 75
0.5 0 76 75
0.5 0 73 75
0.5 0 81 84
0.5 480 81 0
0.5 0 69 0
0.5 0 76 0
0.5 0 73 0
0.5 240 85 89
0.5 80 85 0
0.5 0 86 89
0.5 80 86 0
0.5 0 85 89
0.5 80 85 0
0.5 0 83 96
0.5 240 86 96
0.5 240 86 0
0.5 0 83 0
0.5 0 86 89
0.5 0 91 99
0.5 0 83 89
0.5 120 83 0
0.5 0 91 0
0.5 0 86 0
0.5 120 86 81
0.5 0 95 91
0.5 0 83 81
0.5 120 83 0
0.5 0 95 0
0.5 0 86 0
0.5 120 93 97
0.5 0 83 76
0.5 240 93 0
0.5 0 91 86
0.5 240 91 0
0.5 0 83 0
0.5 0 83 86
0.5 0 79 86
0.5 120 79 0
0.5 0 83 0
0.5 120 83 86
0.5 0 86 86
0.5 0 79 76
0.5 120 79 0
0.5 0 86 0
0.5 0 83 0
0.5 120 90 90
0.5 0 86 80
0.5 0 83 80
0.5 0 79 80
0.5 240 79 0
0.5 0 90 0
0.5 0 86 0
0.5 0 83 0
0.5 240 90 80
0.5 0 86 72
0.5 0 83 72
0.5 0 79 72
0.5 240 79 0
0.5 0 90 0
0.5 0 86 0
0.5 0 83 0
0.5 120 90 80
0.5 0 86 72
0.5 0 83 72
0.5 0 79 72
0.5 120 79 0
0.5 0 90 0
0.5 0 86 0
0.5 0 83 0
0.5 0 90 80
0.5 0 86 72
0.5 0 83 72
0.5 0 79 72
0.5 480 79 0
0.5 0 90 0
0.5 0 86 0
0.5 0 83 0
0.5 0 83 86
0.5 0 79 86
0.5 120 79 0
0.5 0 83 0
0.5 120 85 86
0.5 0 83 86
0.5 0 79 86
0.5 120 79 0
0.5 0 83 0
0.5 0 85 0
0.5 120 86 96
0.5 0 79 86
0.5 0 83 86
0.5 240 86 0
0.5 0 88 86
0.5 240 88 0
0.5 0 83 0
0.5 0 79 0
0.5 0 83 91
0.5 0 79 91
0.5 120 79 0
0.5 0 83 0
0.5 120 85 89
0.5 0 83 89
0.5 0 79 89
0.5 120 79 0
0.5 0 83 0
0.5 0 85 0
0.5 120 86 96
0.5 0 83 86
0.5 0 79 86
0.5 240 86 0
0.5 0 88 89
0.5 240 88 0
0.5 0 79 0
0.5 0 83 0
0.5 0 83 91
0.5 0 79 91
0.5 120 79 0
0.5 0 83 0
0.5 120 85 91
0.5 0 83 91
0.5 0 79 91
0.5 120 79 0
0.5 0 83 0
0.5 0 85 0
0.5 120 74 84
0.5 0 86 94
0.5 0 81 84
0.5 0 79 84
0.5 240 79 0
0.5 0 74 0
0.5 0 86 0
0.5 0 81 0
0.5 240 81 73
0.5 0 74 73
0.5 0 86 81
0.5 0 78 73
0.5 240 78 0
0.5 0 81 0
0.5 0 74 0
0.5 0 86 0
0.5 120 81 73
0.5 0 74 73
0.5 0 86 81
0.5 0 78 73
0.5 120 78 0
0.5 0 81 0
0.5 0 74 0
0.5 0 86 0
0.5 0 81 73
0.5 0 74 73
0.5 0 86 81
0.5 0 78 73
0.5 240 78 0
0.5 0 81 0
0.5 0 74 0
0.5 0 86 0
0 240 91 127
0.5 240 86 71
0.5 80 86 0
0.5 0 88 71
0.5 80 88 0
0.5 0 86 71
0.5 80 86 0
0.5 120 84 72
0.5 0 78 72
0.5 120 78 0
0.5 0 84 0
0.5 120 88 72
0.5 0 84 72
0.5 0 78 72
0.5 120 78 0
0.5 0 84 0
0.5 0 88 0
0.5 120 86 72
0.5 0 84 72
0.5 0 78 72
0.5 120 78 0
0.5 0 84 0
0.5 0 86 0
0.5 120 90 72
0.5 0 84 72
0.5 0 78 72
0.5 120 78 0
0.5 0 84 0
0.5 0 90 0
0.5 120 84 72
0.5 0 78 72
0.5 120 78 0
0.5 0 84 0
0.5 120 88 72
0.5 0 84 72
0.5 0 78 72
0.5 120 78 0
0.5 0 84 0
0.5 0 88 0
0.5 120 86 72
0.5 0 84 72
0.5 0 78 72
0.5 120 78 0
0.5 0 84 0
0.5 0 86 0
0.5 120 90 72
0.5 0 84 72
0.5 0 78 72
0.5 120 78 0
0.5 0 84 0
0.5 0 90 0
0.5 0 83 84
0.5 0 81 84
0.5 0 86 84
0.5 240 86 0
0.5 0 81 0
0.5 0 83 0
0.5 240 83 72
0.5 0 79 72
0.5 0 86 72
0.5 240 86 0
0.5 0 79 0
0.5 0 83 0
0.5 120 83 72
0.5 0 86 72
0.5 0 79 72
0.5 120 79 0
0.5 0 86 0
0.5 0 83 0
0.5 0 83 72
0.5 0 86 72
0.5 0 79 72
0.5 480 79 0
0.5 0 86 0
0.5 0 83 0
0 7 91 127
0.5 233 81 63
0.5 80 81 0
0.5 1 83 63
0.5 78 81 63
0.5 2 83 0
0.5 78 81 0
0.5 121 79 64
0.5 0 73 64
0.5 120 73 0
0.5 0 79 0
0.5 120 83 64
0.5 0 79 64
0.5 0 73 64
0.5 120 73 0
0.5 0 79 0
0.5 0 83 0
0.5 120 79 64
0.5 0 81 64
0.5 0 73 64
0.5 120 73 0
0.5 0 81 0
0.5 0 79 0
0.5 120 85 64
0.5 0 79 64
0.5 0 73 64
0.5 120 73 0
0.5 0 79 0
0.5 0 85 0
0.5 120 73 63
0.5 0 79 63
0.5 120 79 0
0.5 0 73 0
0.5 120 83 63
0.5 0 79 63
0.5 0 73 63
0.5 120 73 0
0.5 0 79 0
0.5 0 83 0
0.5 120 73 63
0.5 0 79 63
0.5 0 81 63
0.5 120 81 0
0.5 0 79 0
0.5 0 73 0
0.5 120 79 63
0.5 0 85 63
0.5 0 73 63
0.5 120 73 0
0.5 0 85 0
0.5 0 79 0
0.5 0 81 70
0.5 0 78 70
0.5 0 76 70
0.5 240 76 0
0.5 0 78 0
0.5 0 81 0
0.5 240 81 64
0.5 0 78 64
0.5 0 74 64
0.5 240 74 0
0.5 0 78 0
0.5 0 81 0
0.5 120 81 64
0.5 0 78 64
0.5 0 74 64
0.5 120 74 0
0.5 0 78 0
0.5 0 81 0
0.5 0 81 64
0.5 0 78 64
0.5 0 74 64
0.5 480 74 0
0.5 0 78 0
0.5 0 81 0
0 7 91 127
0.5 233 74 50
0.5 80 74 0
0.5 0 76 50
0.5 80 76 0
0.5 0 74 50
0.5 80 74 0
0.5 120 72 51
0.5 0 66 51
0.5 120 66 0
0.5 0 72 0
0.5 120 76 51
0.5 0 72 51
0.5 0 66 51
0.5 120 66 0
0.5 0 72 0
0.5 0 76 0
0.5 120 72 51
0.5 0 74 51
0.5 0 66 51
0.5 120 66 0
0.5 0 74 0
0.5 0 72 0
0.5 120 78 51
0.5 0 72 51
0.5 0 66 51
0.5 120 66 0
0.5 0 72 0
0.5 0 78 0
0.5 120 66 50
0.5 0 72 50
0.5 120 72 0
0.5 0 66 0
0.5 120 76 50
0.5 0 72 50
0.5 0 66 50
0.5 120 66 0
0.5 0 72 0
0.5 0 76 0
0.5 120 66 50
0.5 0 72 50
0.5 0 74 50
0.5 120 74 0
0.5 0 72 0
0.5 0 66 0
0.5 120 72 50
0.5 0 78 50
0.5 0 66 50
0.5 120 66 0
0.5 0 78 0
0.5 0 72 0
0.5 0 74 60
0.5 0 71 60
0.5 0 69 60
0.5 240 69 0
0.5 0 71 0
0.5 0 74 0
0.5 240 74 51
0.5 0 71 51
0.5 0 67 51
0.5 240 67 0
0.5 0 71 0
0.5 0 74 0
0.5 120 74 51
0.5 0 71 51
0.5 0 67 51
0.5 120 67 0
0.5 0 71 0
0.5 0 74 0
0.5 0 74 51
0.5 0 71 51
0.5 0 67 51
0.5 480 67 0
0.5 0 71 0
0.5 0 74 0
0 7 91 127
0.5 233 69 47
0.5 80 69 0
0.5 1 71 47
0.5 78 69 47
0.5 2 71 0
0.5 78 69 0
0.5 121 67 47
0.5 0 61 47
0.5 120 61 0
0.5 0 67 0
0.5 120 71 47
0.5 0 67 47
0.5 0 61 47
0.5 120 61 0
0.5 0 67 0
0.5 0 71 0
0.5 120 67 47
0.5 0 69 47
0.5 0 61 47
0.5 120 61 0
0.5 0 69 0
0.5 0 67 0
0.5 120 73 47
0.5 0 67 47
0.5 0 61 47
0.5 120 61 0
0.5 0 67 0
0.5 0 73 0
0.5 120 61 47
0.5 0 67 47
0.5 120 67 0
0.5 0 61 0
0.5 120 71 47
0.5 0 67 47
0.5 0 61 47
0.5 120 61 0
0.5 0 67 0
0.5 0 71 0
0.5 120 61 47
0.5 0 67 47
0.5 0 69 47
0.5 120 69 0
0.5 0 67 0
0.5 0 61 0
0.5 120 67 47
0.5 0 73 47
0.5 0 61 47
0.5 120 61 0
0.5 0 73 0
0.5 0 67 0
0.5 0 69 55
0.5 0 66 55
0.5 0 64 55
0.5 240 64 0
0.5 0 66 0
0.5 0 69 0
0.5 240 69 47
0.5 0 66 47
0.5 0 62 47
0.5 240 62 0
0.5 0 66 0
0.5 0 69 0
0.5 120 69 47
0.5 0 66 47
0.5 0 62 47
0.5 120 62 0
0.5 0 66 0
0.5 0 69 0
0.5 0 69 47
0.5 0 66 47
0.5 0 62 47
0.5 480 62 0
0.5 0 66 0
0.5 0 69 0
0.5 480 62 45
0.5 0 59 45
0.5 0 57 45
0.5 240 57 0
0.5 0 59 0
0.5 0 62 0
0.5 240 62 42
0.5 0 59 42
0.5 0 55 42
0.5 240 55 0
0.5 0 59 0
0.5 0 62 0
0.5 120 62 42
0.5 0 59 42
0.5 0 55 42
0.5 120 55 0
0.5 0 59 0
0.5 0 62 0
0.5 0 62 42
0.5 0 59 42
0.5 0 55 42
0.5 480 55 0
0.5 0 59 0
0.5 0 62 0
0 480 91 127
0.5 480 52 35
0.5 0 57 35
0.5 0 54 35
0.5 120 54 0
0.5 0 57 0
0.5 0 52 0
0.5 840 50 35
0.5 0 57 35
0.5 0 54 35
0.5 120 54 0
0.5 0 57 0
0.5 0 50 0
0.5 840 45 35
0.5 0 47 35
0.5 0 50 35
0.5 120 50 0
0.5 0 47 0
0.5 0 45 0
0.5 840 43 35
0.5 0 47 35
0.5 0 50 35
0.5 120 50 0
0.5 0 47 0
0.5 0 43 0
0.5 840 50 35
0.5 0 43 35
0.5 240 43 0
0.5 0 50 0
0.5 720 62 35
0.5 0 55 35
0.5 240 55 0
0.5 0 62 0
0.5 720 74 37
0.5 0 67 37
0.5 240 67 0
0.5 0 74 0
0.5 720 86 39
0.5 0 79 39
0.5 240 79 0
0.5 0 86 0
0.5 720 86 39
0.5 0 79 39
0.5 240 79 0
0.5 0 86 0
0.5 720 67 37
0.5 0 74 37
0.5 240 74 0
0.5 0 67 0
0.5 720 55 35
0.5 0 62 35
0.5 240 62 0
0.5 0 55 0
0.5 720 43 34
0.5 0 50 34
0.5 240 50 0
0.5 0 43 0
0.5 1200 31 30
0.5 0 38 30
0.5 240 38 0
0.5 0 31 0
0.5 720 86 126
0.5 0 81 94
0.5 0 78 93
0.5 0 74 93
0.5 360 74 0
0.5 0 86 0
0.5 0 81 0
0.5 0 78 0
1 0 0 0
0 0 7 100
0 0 10 64
0 0 91 127
0.5 0 38 36
0.5 0 45 36
0.5 240 45 0
0.5 0 38 0
0.5 1200 38 31
0.5 0 45 31
0.5 240 45 0
0.5 0 38 0
0.5 0 45 31
0.5 0 38 31
0.5 240 38 0
0.5 0 45 0
0.5 0 38 36
0.5 0 45 36
0.5 240 45 0
0.5 0 38 0
0.5 1200 38 31
0.5 0 45 31
0.5 240 45 0
0.5 0 38 0
0.5 0 45 31
0.5 0 38 31
0.5 240 38 0
0.5 0 45 0
0.5 0 45 35
0.5 0 38 35
0.5 240 38 0
0.5 0 45 0
0.5 240 50 31
0.5 0 57 31
0.5 60 57 0
0.5 0 50 0
0.5 180 50 31
0.5 0 57 31
0.5 60 57 0
0.5 0 50 0
0.5 180 50 35
0.5 0 57 35
0.5 240 57 0
0.5 0 50 0
0.5 240 38 31
0.5 0 45 31
0.5 60 45 0
0.5 0 38 0
0.5 180 38 31
0.5 0 45 31
0.5 60 45 0
0.5 0 38 0
0.5 180 45 35
0.5 0 38 35
0.5 480 38 0
0.5 0 45 0
0.5 0 50 33
0.5 0 57 33
0.5 240 57 0
0.5 0 50 0
0.5 120 50 33
0.5 0 57 33
0.5 120 57 0
0.5 0 50 0
0.5 0 57 33
0.5 0 50 33
0.5 480 50 0
0.5 0 57 0
0.5 480 35 34
0.5 0 42 34
0.5 480 42 0
0.5 0 35 0
0.5 0 54 31
0.5 0 47 31
0.5 60 47 0
0.5 0 54 0
0.5 180 47 31
0.5 0 54 31
0.5 60 54 0
0.5 0 47 0
0.5 180 40 34
0.5 0 47 34
0.5 480 47 0
0.5 0 40 0
0.5 0 52 31
0.5 0 59 31
0.5 120 59 0
0.5 0 52 0
0.5 120 52 31
0.5 0 59 31
0.5 60 59 0
0.5 0 52 0
0.5 180 33 35
0.5 0 40 35
0.5 480 40 0
0.5 0 33 0
0.5 0 57 33
0.5 0 64 33
0.5 240 64 0
0.5 0 57 0
0.5 120 64 33
0.5 0 57 33
0.5 120 57 0
0.5 0 64 0
0.5 0 64 33
0.5 0 57 33
0.5 240 57 0
0.5 0 64 0
0.5 720 43 39
0.5 0 50 39
0.5 480 50 0
0.5 0 43 0
0.5 0 62 38
0.5 0 55 38
0.5 60 55 0
0.5 0 62 0
0.5 180 55 38
0.5 0 62 38
0.5 60 62 0
0.5 0 55 0
0.5 180 55 41
0.5 0 62 41
0.5 480 62 0
0.5 0 55 0
0.5 480 40 36
0.5 0 47 36
0.5 480 47 0
0.5 0 40 0
0.5 0 59 34
0.5 0 52 34
0.5 240 52 0
0.5 0 59 0
0.5 120 52 34
0.5 0 59 34
0.5 120 59 0
0.5 0 52 0
0.5 0 52 36
0.5 0 59 36
0.5 480 59 0
0.5 0 52 0
0.5 480 45 39
0.5 0 52 39
0.5 480 52 0
0.5 0 45 0
0.5 0 64 36
0.5 0 57 36
0.5 60 57 0
0.5 0 64 0
0.5 180 57 36
0.5 0 64 36
0.5 60 64 0
0.5 0 57 0
0.5 180 57 39
0.5 0 64 39
0.5 480 64 0
0.5 0 57 0
0.5 480 45 39
0.5 0 38 39
0.5 480 38 0
0.5 0 45 0
0.5 0 69 36
0.5 0 62 36
0.5 240 62 0
0.5 0 69 0
0.5 120 69 36
0.5 0 62 36
0.5 120 62 0
0.5 0 69 0
0.5 0 62 36
0.5 0 69 36
0.5 480 69 0
0.5 0 62 0
0.5 0 50 27
0.5 0 57 27
0.5 240 57 0
0.5 0 50 0
0.5 0 50 27
0.5 0 57 27
0.5 240 57 0
0.5 0 50 0
0 0 91 127
0.5 0 50 31
0.5 0 57 31
0.5 240 57 0
0.5 0 50 0
0.5 1200 50 27
0.5 0 57 27
0.5 240 57 0
0.5 0 50 0
0.5 0 50 27
0.5 0 57 27
0.5 240 57 0
0.5 0 50 0
0.5 0 57 30
0.5 0 50 30
0.5 240 50 0
0.5 0 57 0
0.5 1200 50 27
0.5 0 57 27
0.5 240 57 0
0.5 0 50 0
0.5 0 50 27
0.5 0 57 27
0.5 240 57 0
0.5 0 50 0
0.5 0 50 31
0.5 0 57 31
0.5 240 57 0
0.5 0 50 0
0.5 240 62 27
0.5 0 69 27
0.5 60 69 0
0.5 0 62 0
0.5 180 69 27
0.5 0 62 27
0.5 60 62 0
0.5 0 69 0
0.5 180 62 31
0.5 0 69 31
0.5 240 69 0
0.5 0 62 0
0.5 240 57 27
0.5 0 50 27
0.5 60 50 0
0.5 0 57 0
0.5 180 57 27
0.5 0 50 27
0.5 60 50 0
0.5 0 57 0
0.5 180 50 31
0.5 0 57 31
0.5 480 57 0
0.5 0 50 0
0.5 0 62 30
0.5 0 69 30
0.5 240 69 0
0.5 0 62 0
0.5 120 62 30
0.5 0 69 30
0.5 120 69 0
0.5 0 62 0
0.5 0 69 30
0.5 0 62 30
0.5 480 62 0
0.5 0 69 0
0.5 480 47 30
0.5 0 54 30
0.5 480 54 0
0.5 0 47 0
0.5 0 66 27
0.5 0 59 27
0.5 60 59 0
0.5 0 66 0
0.5 180 59 27
0.5 0 66 27
0.5 60 66 0
0.5 0 59 0
0.5 180 52 30
0.5 0 59 30
0.5 480 59 0
0.5 0 52 0
0.5 0 64 27
0.5 0 71 27
0.5 60 71 0
0.5 0 64 0
0.5 180 71 27
0.5 0 64 27
0.5 60 64 0
0.5 0 71 0
0.5 180 57 30
0.5 0 64 30
0.5 480 64 0
0.5 0 57 0
0.5 0 69 28
0.5 0 76 28
0.5 240 76 0
0.5 0 69 0
0.5 120 76 28
0.5 0 69 28
0.5 120 69 0
0.5 0 76 0
0.5 0 76 28
0.5 0 69 28
0.5 240 69 0
0.5 0 76 0
0.5 720 55 35
0.5 0 62 35
0.5 480 62 0
0.5 0 55 0
0.5 0 67 33
0.5 0 74 33
0.5 60 74 0
0.5 0 67 0
0.5 180 74 33
0.5 0 67 33
0.5 60 67 0
0.5 0 74 0
0.5 180 67 36
0.5 0 74 36
0.5 480 74 0
0.5 0 67 0
0.5 480 52 33
0.5 0 59 33
0.5 480 59 0
0.5 0 52 0
0.5 0 71 29
0.5 0 64 29
0.5 240 64 0
0.5 0 71 0
0.5 120 64 29
0.5 0 71 29
0.5 120 71 0
0.5 0 64 0
0.5 0 71 33
0.5 0 64 33
0.5 480 64 0
0.5 0 71 0
0.5 480 57 34
0.5 0 64 34
0.5 480 64 0
0.5 0 57 0
0.5 0 76 33
0.5 0 69 33
0.5 60 69 0
0.5 0 76 0
0.5 180 69 33
0.5 0 76 33
0.5 60 76 0
0.5 0 69 0
0.5 180 69 35
0.5 0 76 35
0.5 480 76 0
0.5 0 69 0
0.5 480 69 34
0.5 0 62 34
0.5 480 62 0
0.5 0 69 0
0.5 0 81 33
0.5 0 74 33
0.5 240 74 0
0.5 0 81 0
0.5 120 81 33
0.5 0 74 33
0.5 120 74 0
0.5 0 81 0
0.5 0 74 33
0.5 0 81 33
0.5 480 81 0
0.5 0 74 0
0 480 91 127
0.5 0 45 80
0.5 0 52 80
0.5 480 52 0
0.5 0 45 0
0.5 0 45 72
0.5 0 52 72
0.5 120 52 0
0.5 0 45 0
0.5 120 52 72
0.5 0 45 72
0.5 120 45 0
0.5 0 52 0
0.5 120 45 80
0.5 0 52 80
0.5 480 52 0
0.5 0 45 0
0.5 0 45 72
0.5 0 52 72
0.5 120 52 0
0.5 0 45 0
0.5 120 45 72
0.5 0 52 72
0.5 120 52 0
0.5 0 45 0
0.5 120 45 71
0.5 0 52 71
0.5 480 52 0
0.5 0 45 0
0.5 0 45 64
0.5 0 52 64
0.5 240 52 0
0.5 0 45 0
0.5 0 45 64
0.5 0 52 64
0.5 120 52 0
0.5 0 45 0
0.5 120 45 71
0.5 0 52 71
0.5 480 52 0
0.5 0 45 0
0.5 0 45 64
0.5 0 52 64
0.5 240 52 0
0.5 0 45 0
0.5 0 45 64
0.5 0 52 64
0.5 120 52 0
0.5 0 45 0
0.5 2040 56 59
0.5 480 56 0
0.5 1440 43 33
0.5 0 52 33
0.5 120 52 0
0.5 0 43 0
0.5 0 55 33
0.5 120 55 0
0.5 0 60 33
0.5 120 60 0
0.5 0 64 33
0.5 120 64 0
0.5 480 43 33
0.5 0 50 33
0.5 120 50 0
0.5 0 43 0
0.5 0 55 33
0.5 120 55 0
0.5 0 59 33
0.5 120 59 0
0.5 0 65 33
0.5 120 65 0
0.5 480 36 33
0.5 0 43 33
0.5 480 43 0
0.5 0 36 0
0.5 0 48 30
0.5 0 55 30
0.5 120 55 0
0.5 0 48 0
0.5 120 48 30
0.5 0 55 30
0.5 120 55 0
0.5 0 48 0
0.5 120 48 33
0.5 0 55 33
0.5 360 55 0
0.5 0 48 0
0.5 120 55 72
0.5 0 48 72
0.5 120 48 0
0.5 0 55 0
0.5 120 48 72
0.5 0 55 72
0.5 120 55 0
0.5 0 48 0
0.5 120 48 71
0.5 0 55 71
0.5 480 55 0
0.5 0 48 0
0.5 0 55 64
0.5 0 48 64
0.5 240 48 0
0.5 0 55 0
0.5 0 48 64
0.5 0 55 64
0.5 120 55 0
0.5 0 48 0
0.5 120 55 71
0.5 0 48 71
0.5 480 48 0
0.5 0 55 0
0.5 0 55 64
0.5 0 48 64
0.5 240 48 0
0.5 0 55 0
0.5 0 55 64
0.5 0 48 64
0.5 120 48 0
0.5 0 55 0
0.5 2040 59 59
0.5 480 59 0
0.5 1440 46 33
0.5 0 55 33
0.5 120 55 0
0.5 0 46 0
0.5 0 58 33
0.5 120 58 0
0.5 0 63 33
0.5 120 63 0
0.5 0 67 33
0.5 120 67 0
0.5 480 53 33
0.5 0 46 33
0.5 120 46 0
0.5 0 53 0
0.5 0 58 33
0.5 120 58 0
0.5 0 62 33
0.5 120 62 0
0.5 0 68 33
0.5 120 68 0
0.5 480 46 33
0.5 0 39 33
0.5 480 39 0
0.5 0 46 0
0.5 0 58 30
0.5 0 51 30
0.5 120 51 0
0.5 0 58 0
0.5 120 58 30
0.5 0 51 30
0.5 120 51 0
0.5 0 58 0
0.5 120 58 33
0.5 0 51 33
0.5 480 51 0
0.5 0 58 0
0 0 91 127
0.5 0 46 27
0.5 0 51 27
0.5 120 51 0
0.5 0 46 0
0.5 120 39 23
0.5 120 39 0
0.5 120 46 23
0.5 0 51 23
0.5 120 51 0
0.5 0 46 0
0.5 120 39 26
0.5 120 39 0
0.5 120 46 29
0.5 0 51 29
0.5 120 51 0
0.5 0 46 0
0.5 120 39 27
0.5 120 39 0
0.5 120 46 27
0.5 0 51 27
0.5 120 51 0
0.5 0 46 0
0.5 120 39 28
0.5 120 39 0
0.5 120 46 35
0.5 0 51 35
0.5 120 51 0
0.5 0 46 0
0.5 120 39 30
0.5 120 39 0
0.5 120 46 30
0.5 0 51 30
0.5 120 51 0
0.5 0 46 0
0.5 120 39 30
0.5 120 39 0
0.5 120 46 36
0.5 0 51 36
0.5 120 51 0
0.5 0 46 0
0.5 120 39 33
0.5 120 39 0
0.5 120 46 33
0.5 0 51 33
0.5 120 51 0
0.5 0 46 0
0.5 120 39 33
0.5 120 39 0
0 120 91 127
0.5 0 48 33
0.5 0 51 33
0.5 120 51 0
0.5 0 48 0
0.5 120 39 30
0.5 120 39 0
0.5 120 48 31
0.5 0 51 31
0.5 120 51 0
0.5 0 48 0
0.5 120 39 30
0.5 120 39 0
0.5 120 48 34
0.5 0 51 34
0.5 120 51 0
0.5 0 48 0
0.5 120 39 31
0.5 120 39 0
0.5 120 48 32
0.5 0 51 32
0.5 120 51 0
0.5 0 48 0
0.5 120 39 32
0.5 120 39 0
0.5 120 48 40
0.5 0 51 40
0.5 120 51 0
0.5 0 48 0
0.5 120 39 34
0.5 120 39 0
0.5 120 48 35
0.5 0 51 35
0.5 120 51 0
0.5 0 48 0
0.5 120 39 35
0.5 120 39 0
0.5 120 48 42
0.5 0 51 42
0.5 120 51 0
0.5 0 48 0
0.5 120 39 37
0.5 120 39 0
0.5 120 48 38
0.5 0 51 38
0.5 120 51 0
0.5 0 48 0
0.5 120 39 38
0.5 120 39 0
0 120 91 127
0.5 0 44 44
0.5 0 54 44
0.5 120 54 0
0.5 0 44 0
0.5 120 39 42
0.5 120 39 0
0.5 120 44 44
0.5 0 54 44
0.5 120 54 0
0.5 0 44 0
0.5 120 39 39
0.5 120 39 0
0.5 120 44 45
0.5 0 54 45
0.5 120 54 0
0.5 0 44 0
0.5 120 39 42
0.5 120 39 0
0.5 120 44 42
0.5 0 54 42
0.5 120 54 0
0.5 0 44 0
0.5 120 39 44
0.5 120 39 0
0.5 120 44 48
0.5 0 54 48
0.5 120 54 0
0.5 0 44 0
0.5 120 39 42
0.5 120 39 0
0.5 120 44 47
0.5 0 54 47
0.5 120 54 0
0.5 0 44 0
0.5 120 39 44
0.5 120 39 0
0.5 120 44 50
0.5 0 54 50
0.5 120 54 0
0.5 0 44 0
0.5 120 39 46
0.5 120 39 0
0.5 120 44 46
0.5 0 54 46
0.5 120 54 0
0.5 0 44 0
0.5 120 39 46
0.5 120 39 0
0 120 91 127
0.5 0 44 50
0.5 0 53 50
0.5 120 53 0
0.5 0 44 0
0.5 120 39 46
0.5 120 39 0
0.5 120 44 48
0.5 0 53 48
0.5 120 53 0
0.5 0 44 0
0.5 120 39 46
0.5 120 39 0
0.5 120 44 51
0.5 0 53 51
0.5 120 53 0
0.5 0 44 0
0.5 120 39 47
0.5 120 39 0
0.5 120 44 50
0.5 0 53 50
0.5 120 53 0
0.5 0 44 0
0.5 120 39 47
0.5 120 39 0
0.5 120 44 60
0.5 0 53 60
0.5 120 53 0
0.5 0 44 0
0.5 120 39 50
0.5 120 39 0
0.5 120 44 56
0.5 0 53 56
0.5 120 53 0
0.5 0 44 0
0.5 120 39 51
0.5 120 39 0
0.5 120 44 59
0.5 0 53 59
0.5 120 53 0
0.5 0 44 0
0.5 120 39 53
0.5 120 39 0
0.5 120 44 57
0.5 0 53 57
0.5 120 53 0
0.5 0 44 0
0.5 120 39 53
0.5 120 39 0
0.5 120 39 60
0.5 0 46 60
0.5 0 53 60
0.5 240 53 0
0.5 0 46 0
0.5 0 39 0
0.5 0 39 55
0.5 0 46 55
0.5 0 53 55
0.5 240 53 0
0.5 0 46 0
0.5 0 39 0
0.5 0 39 57
0.5 0 46 57
0.5 0 53 57
0.5 480 53 0
0.5 0 46 0
0.5 0 39 0
0.5 0 51 53
0.5 0 58 53
0.5 0 65 53
0.5 240 65 0
0.5 0 58 0
0.5 0 51 0
0.5 0 51 53
0.5 0 58 53
0.5 0 65 53
0.5 240 65 0
0.5 0 58 0
0.5 0 51 0
0.5 0 51 61
0.5 0 58 61
0.5 0 65 61
0.5 480 65 0
0.5 0 58 0
0.5 0 51 0
0.5 0 39 59
0.5 0 46 59
0.5 0 53 59
0.5 240 53 0
0.5 0 46 0
0.5 0 39 0
0.5 0 39 55
0.5 0 46 55
0.5 0 53 55
0.5 240 53 0
0.5 0 46 0
0.5 0 39 0
0.5 0 39 59
0.5 0 46 59
0.5 0 53 59
0.5 480 53 0
0.5 0 46 0
0.5 0 39 0
0.5 0 51 61
0.5 0 58 61
0.5 0 65 61
0.5 240 65 0
0.5 0 58 0
0.5 0 51 0
0.5 0 51 56
0.5 0 58 56
0.5 0 65 56
0.5 240 65 0
0.5 0 58 0
0.5 0 51 0
0.5 0 51 64
0.5 0 58 64
0.5 0 65 64
0.5 480 65 0
0.5 0 58 0
0.5 0 51 0
0.5 0 65 75
0.5 0 53 75
0.5 120 53 0
0.5 0 65 0
0.5 120 55 75
0.5 0 67 75
0.5 120 67 0
0.5 0 55 0
0.5 120 68 82
0.5 0 56 82
0.5 120 56 0
0.5 0 68 0
0.5 120 72 75
0.5 0 60 75
0.5 120 60 0
0.5 0 72 0
0.5 120 68 75
0.5 0 56 75
0.5 120 56 0
0.5 0 68 0
0.5 120 65 75
0.5 0 53 75
0.5 120 53 0
0.5 0 65 0
0.5 120 68 82
0.5 0 56 82
0.5 240 56 0
0.5 0 68 0
0.5 0 65 75
0.5 0 53 75
0.5 240 53 0
0.5 0 65 0
0.5 0 62 75
0.5 0 50 75
0.5 240 50 0
0.5 0 62 0
0.5 0 53 75
0.5 0 65 75
0.5 240 65 0
0.5 0 53 0
0.5 0 50 82
0.5 0 62 82
0.5 240 62 0
0.5 0 50 0
0.5 0 46 75
0.5 0 58 75
0.5 240 58 0
0.5 0 46 0
0.5 0 62 75
0.5 0 50 75
0.5 240 50 0
0.5 0 62 0
0.5 0 46 75
0.5 0 58 75
0.5 240 58 0
0.5 0 46 0
0.5 0 43 82
0.5 0 55 82
0.5 240 55 0
0.5 0 43 0
0.5 0 46 75
0.5 0 58 75
0.5 240 58 0
0.5 0 46 0
0.5 0 43 75
0.5 0 55 75
0.5 240 55 0
0.5 0 43 0
0.5 0 39 75
0.5 0 51 75
0.5 240 51 0
0.5 0 39 0
0.5 0 43 85
0.5 0 55 85
0.5 240 55 0
0.5 0 43 0
0.5 0 39 79
0.5 0 51 79
0.5 240 51 0
0.5 0 39 0
0.5 0 36 79
0.5 0 48 79
0.5 240 48 0
0.5 0 36 0
0.5 0 39 79
0.5 0 51 79
0.5 240 51 0
0.5 0 39 0
0.5 0 36 85
0.5 0 48 85
0.5 240 48 0
0.5 0 36 0
0.5 0 32 81
0.5 0 44 81
0.5 240 44 0
0.5 0 32 0
0.5 0 36 86
0.5 0 48 86
0.5 240 48 0
0.5 0 36 0
0.5 0 32 95
0.5 0 44 95
0.5 240 44 0
0.5 0 32 0
0 0 91 127
0.5 0 31 90
0.5 0 43 107
0.5 480 51 88
0.5 0 48 74
0.5 0 44 74
0.5 480 44 0
0.5 0 51 0
0.5 0 48 0
0.5 0 63 88
0.5 0 60 74
0.5 0 56 74
0.5 480 56 0
0.5 0 63 0
0.5 0 60 0
0.5 0 75 88
0.5 0 72 74
0.5 0 68 74
0.5 480 68 0
0.5 0 75 0
0.5 0 31 0
0.5 0 43 0
0.5 0 72 0
0.5 0 30 90
0.5 0 42 107
0.5 480 51 88
0.5 0 48 74
0.5 0 44 74
0.5 480 44 0
0.5 0 51 0
0.5 0 48 0
0.5 0 63 88
0.5 0 60 74
0.5 0 56 74
0.5 480 56 0
0.5 0 63 0
0.5 0 60 0
0.5 0 75 88
0.5 0 72 74
0.5 0 68 74
0.5 480 68 0
0.5 0 75 0
0.5 0 30 0
0.5 0 42 0
0.5 0 72 0
0.5 0 29 93
0.5 0 41 110
0.5 480 51 88
0.5 0 47 74
0.5 0 44 74
0.5 480 44 0
0.5 0 51 0
0.5 0 47 0
0.5 0 63 88
0.5 0 59 74
0.5 0 56 74
0.5 480 56 0
0.5 0 63 0
0.5 0 59 0
0.5 0 75 88
0.5 0 71 74
0.5 0 68 74
0.5 480 68 0
0.5 0 75 0
0.5 0 29 0
0.5 0 41 0
0.5 0 71 0
0.5 0 28 93
0.5 0 40 110
0.5 480 49 88
0.5 0 45 74
0.5 0 40 74
0.5 480 40 0
0.5 0 49 0
0.5 0 45 0
0.5 0 57 74
0.5 0 61 88
0.5 0 52 74
0.5 480 52 0
0.5 0 57 0
0.5 0 61 0
0.5 0 73 88
0.5 0 69 74
0.5 0 64 74
0.5 240 64 0
0.5 0 73 0
0.5 0 69 0
0 0 91 127
0.5 240 40 0
0.5 0 28 0
0.5 0 38 79
0.5 0 45 79
0.5 120 45 0
0.5 0 38 0
0.5 0 50 68
0.5 120 50 0
0.5 0 54 68
0.5 120 54 0
0.5 0 57 68
0.5 120 57 0
0.5 0 62 70
0.5 96 62 0
0.5 0 57 70
0.5 96 57 0
0.5 0 54 69
0.5 96 54 0
0.5 0 50 68
0.5 96 50 0
0.5 0 45 68
0.5 96 45 0
0.5 0 38 64
0.5 96 38 0
0.5 0 45 69
0.5 96 45 0
0.5 0 50 70
0.5 96 50 0
0.5 0 54 71
0.5 96 54 0
0.5 0 57 73
0.5 96 57 0
0.5 0 62 75
0.5 240 62 0
0.5 240 38 77
0.5 0 45 77
0.5 0 50 77
0.5 240 50 0
0.5 0 45 0
0.5 0 38 0
0.5 0 62 68
0.5 0 57 68
0.5 0 54 68
0.5 480 54 0
0.5 0 57 0
0.5 0 62 0
0.5 0 66 68
0.5 0 62 68
0.5 0 57 68
0.5 480 57 0
0.5 0 62 0
0.5 0 66 0
0.5 0 69 68
0.5 0 66 68
0.5 0 62 68
0.5 240 62 0
0.5 0 66 0
0.5 0 69 0
0.5 480 35 66
0.5 80 35 0
0.5 0 42 59
0.5 80 42 0
0.5 0 47 59
0.5 80 47 0
0.5 0 50 59
0.5 80 50 0
0.5 0 54 59
0.5 80 54 0
0.5 0 59 59
0.5 80 59 0
0.5 0 62 59
0.5 240 62 0
0.5 240 40 66
0.5 96 40 0
0.5 0 47 59
0.5 96 47 0
0.5 0 52 59
0.5 96 52 0
0.5 0 56 59
0.5 96 56 0
0.5 0 62 59
0.5 96 62 0
0.5 0 66 59
0.5 240 66 0
0.5 240 33 75
0.5 0 40 75
0.5 0 45 75
0.5 240 45 0
0.5 0 40 0
0.5 0 33 0
0.5 0 61 64
0.5 0 57 64
0.5 0 52 64
0.5 480 52 0
0.5 0 57 0
0.5 0 61 0
0.5 0 64 64
0.5 0 61 64
0.5 0 57 64
0.5 480 57 0
0.5 0 61 0
0.5 0 64 0
0.5 0 69 64
0.5 0 64 64
0.5 0 61 64
0.5 240 61 0
0.5 0 64 0
0.5 0 69 0
0.5 480 43 65
0.5 0 50 65
0.5 120 50 0
0.5 0 43 0
0.5 0 55 57
0.5 120 55 0
0.5 0 59 57
0.5 120 59 0
0.5 0 62 57
0.5 120 62 0
0.5 0 67 65
0.5 96 67 0
0.5 0 62 59
0.5 96 62 0
0.5 0 59 58
0.5 96 59 0
0.5 0 55 58
0.5 96 55 0
0.5 0 50 57
0.5 96 50 0
0.5 0 43 56
0.5 96 43 0
0.5 0 47 56
0.5 96 47 0
0.5 0 55 57
0.5 96 55 0
0.5 0 59 57
0.5 96 59 0
0.5 0 62 57
0.5 96 62 0
0.5 0 67 57
0.5 240 67 0
0.5 240 40 73
0.5 0 47 73
0.5 0 52 73
0.5 240 52 0
0.5 0 47 0
0.5 0 40 0
0.5 0 66 62
0.5 0 62 62
0.5 0 59 62
0.5 0 55 62
0.5 480 55 0
0.5 0 66 0
0.5 0 62 0
0.5 0 59 0
0.5 0 67 62
0.5 0 66 62
0.5 0 62 62
0.5 0 59 62
0.5 480 59 0
0.5 0 67 0
0.5 0 66 0
0.5 0 62 0
0.5 0 71 62
0.5 0 67 62
0.5 0 66 62
0.5 0 62 62
0.5 240 62 0
0.5 0 71 0
0.5 0 67 0
0.5 0 66 0
0.5 480 45 69
0.5 96 45 0
0.5 0 52 60
0.5 96 52 0
0.5 0 57 60
0.5 96 57 0
0.5 0 62 60
0.5 96 62 0
0.5 0 67 60
0.5 96 67 0
0.5 0 71 60
0.5 240 71 0
0.5 240 45 69
0.5 96 45 0
0.5 0 52 60
0.5 96 52 0
0.5 0 57 60
0.5 96 57 0
0.5 0 62 60
0.5 96 62 0
0.5 0 67 60
0.5 96 67 0
0.5 0 71 60
0.5 240 71 0
0.5 240 38 75
0.5 0 45 75
0.5 0 50 75
0.5 240 50 0
0.5 0 45 0
0.5 0 38 0
0.5 0 66 64
0.5 0 62 64
0.5 0 57 64
0.5 480 57 0
0.5 0 62 0
0.5 0 66 0
0.5 0 69 64
0.5 0 66 64
0.5 0 62 64
0.5 480 62 0
0.5 0 66 0
0.5 0 69 0
0.5 0 66 62
0.5 0 69 62
0.5 0 74 62
0.5 240 74 0
0.5 0 69 0
0.5 0 66 0
0 480 91 127
0.5 0 43 44
0.5 0 50 44
0.5 960 50 0
0.5 0 43 0
0.5 0 43 44
0.5 0 50 44
0.5 960 50 0
0.5 0 43 0
0.5 0 43 30
0.5 0 50 30
0.5 960 50 0
0.5 0 43 0
0.5 0 59 44
0.5 0 43 30
0.5 0 50 30
0.5 240 59 0
0.5 0 57 45
0.5 480 57 0
0.5 0 55 40
0.5 240 55 0
0.5 0 50 0
0.5 0 43 0
0.5 0 43 27
0.5 0 50 27
0.5 0 54 42
0.5 960 54 0
0.5 0 50 0
0.5 0 43 0
0.5 0 57 44
0.5 0 43 30
0.5 0 50 30
0.5 240 57 0
0.5 0 55 46
0.5 480 55 0
0.5 0 54 40
0.5 240 54 0
0.5 0 50 0
0.5 0 43 0
0.5 0 52 42
0.5 0 43 27
0.5 0 50 27
0.5 960 50 0
0.5 0 43 0
0.5 0 52 0
0.5 0 55 44
0.5 0 40 37
0.5 240 55 0
0.5 0 54 46
0.5 480 54 0
0.5 0 52 42
0.5 240 52 0
0.5 0 40 0
0.5 0 33 44
0.5 0 45 44
0.5 960 45 0
0.5 0 33 0
0.5 0 38 50
0.5 0 45 50
0.5 240 45 0
0.5 0 38 0
0.5 0 62 55
0.5 0 50 55
0.5 480 50 0
0.5 0 62 0
0.5 0 49 55
0.5 0 61 55
0.5 240 61 0
0.5 0 49 0
0.5 0 48 40
0.5 0 55 40
0.5 0 60 40
0 0 91 127
0.5 960 60 0
0.5 0 55 0
0.5 0 48 0
0.5 0 55 34
0.5 0 52 31
0.5 0 64 31
0.5 240 64 0
0.5 0 52 0
0.5 0 50 36
0.5 0 62 36
0.5 480 62 0
0.5 0 50 0
0.5 0 48 28
0.5 0 60 28
0.5 240 60 0
0.5 0 48 0
0.5 0 55 0
0.5 0 47 31
0.5 0 54 31
0.5 0 59 31
0.5 960 59 0
0.5 0 54 0
0.5 0 47 0
0.5 0 54 36
0.5 0 50 31
0.5 0 62 31
0.5 240 62 0
0.5 0 50 0
0.5 0 48 36
0.5 0 60 36
0.5 480 60 0
0.5 0 48 0
0.5 0 47 29
0.5 0 59 29
0.5 240 59 0
0.5 0 47 0
0.5 0 54 0
0.5 0 45 30
0.5 0 52 30
0.5 0 57 30
0.5 960 57 0
0.5 0 52 0
0.5 0 45 0
0.5 0 33 55
0.5 0 60 57
0.5 240 60 0
0.5 0 59 51
0.5 480 59 0
0.5 0 57 45
0.5 240 57 0
0.5 0 33 0
0.5 0 38 40
0.5 0 50 40
0.5 960 50 0
0.5 0 38 0
0.5 0 43 30
0.5 0 50 30
0.5 660 50 0
0.5 0 43 0
0.5 0 54 27
0.5 60 63 27
0.5 60 66 27
0 180 91 127
0.5 960 71 29
0.5 240 71 0
0.5 0 70 29
0.5 480 70 0
0.5 0 68 27
0.5 240 68 0
0.5 0 70 27
0.5 960 70 0
0.5 0 70 29
0.5 240 70 0
0.5 0 68 29
0.5 480 68 0
0.5 0 66 27
0.5 240 66 0
0.5 0 54 0
0.5 0 63 0
0.5 0 66 0
0.5 0 63 29
0.5 0 66 29
0.5 960 66 0
0.5 0 63 0
0.5 0 61 34
0.5 0 68 34
0.5 960 68 0
0.5 0 61 0
0.5 0 64 31
0.5 0 54 31
0.5 960 54 0
0.5 0 64 0
0.5 0 64 31
0.5 0 59 25
0.5 240 64 0
0.5 0 63 31
0.5 420 63 0
0.5 0 50 23
0.5 60 59 23
0.5 60 62 23
0.5 180 59 0
0 0 91 127
0.5 960 67 29
0.5 240 67 0
0.5 0 66 29
0.5 480 66 0
0.5 0 64 27
0.5 240 64 0
0.5 0 66 27
0.5 960 66 0
0.5 0 66 29
0.5 240 66 0
0.5 0 64 29
0.5 480 64 0
0.5 0 62 27
0.5 240 62 0
0.5 0 62 0
0.5 0 59 0
0.5 0 50 0
0.5 0 59 27
0.5 0 62 27
0.5 960 62 0
0.5 0 59 0
0.5 0 57 30
0.5 0 64 30
0.5 960 64 0
0.5 0 57 0
0.5 0 60 29
0.5 0 50 29
0.5 960 50 0
0.5 0 60 0
0.5 0 59 29
0.5 240 59 0
0.5 0 57 29
0.5 480 57 0
0.5 0 54 29
0.5 240 54 0
0.5 0 43 23
0.5 0 50 23
0 0 91 127
0.5 480 50 0
0.5 0 43 0
0.5 0 74 34
0.5 480 74 0
0.5 0 59 29
0.5 0 43 26
0.5 0 50 26
0.5 240 59 0
0.5 0 57 35
0.5 480 57 0
0.5 0 55 31
0.5 240 55 0
0.5 0 50 0
0.5 0 43 0
0.5 0 43 22
0.5 0 50 22
0.5 0 54 22
0.5 480 54 0
0.5 0 50 0
0.5 0 43 0
0.5 0 74 35
0.5 480 74 0
0.5 0 57 29
0.5 0 43 26
0.5 0 50 26
0.5 240 57 0
0.5 0 55 36
0.5 480 55 0
0.5 0 54 31
0.5 240 54 0
0.5 0 50 0
0.5 0 43 0
0.5 0 52 22
0.5 0 43 22
0.5 0 50 22
0.5 480 50 0
0.5 0 43 0
0.5 0 52 0
0.5 0 74 34
0.5 360 74 0
0.5 0 40 30
0.5 120 55 34
0.5 240 55 0
0.5 0 54 36
0.5 480 54 0
0.5 0 52 31
0.5 240 52 0
0.5 0 40 0
0.5 0 33 36
0.5 0 45 36
0.5 480 45 0
0.5 0 33 0
0.5 0 69 36
0.5 480 69 0
0.5 0 38 42
0.5 0 45 42
0.5 240 45 0
0.5 0 38 0
0.5 0 62 46
0.5 0 50 46
0.5 480 50 0
0.5 0 62 0
0.5 0 49 46
0.5 0 61 46
0.5 240 61 0
0.5 0 49 0
0.5 0 48 35
0.5 0 55 35
0.5 0 60 35
0 0 91 127
0.5 480 60 0
0.5 0 55 0
0.5 0 48 0
0.5 0 79 46
0.5 480 79 0
0.5 0 55 22
0.5 0 52 23
0.5 0 64 23
0.5 240 64 0
0.5 0 52 0
0.5 0 50 31
0.5 0 62 31
0.5 480 62 0
0.5 0 50 0
0.5 0 48 25
0.5 0 60 25
0.5 240 60 0
0.5 0 48 0
0.5 0 55 0
0.5 0 47 27
0.5 0 54 27
0.5 0 59 27
0.5 480 59 0
0.5 0 54 0
0.5 0 47 0
0.5 0 78 46
0.5 480 78 0
0.5 0 54 22
0.5 0 50 23
0.5 0 62 23
0.5 240 62 0
0.5 0 50 0
0.5 0 48 31
0.5 0 60 31
0.5 480 60 0
0.5 0 48 0
0.5 0 47 25
0.5 0 59 25
0.5 240 59 0
0.5 0 47 0
0.5 0 54 0
0.5 0 45 26
0.5 0 52 26
0.5 0 57 26
0.5 480 57 0
0.5 0 52 0
0.5 0 45 0
0.5 0 76 44
0.5 360 76 0
0.5 0 33 56
0.5 120 60 55
0.5 240 60 0
0.5 0 59 42
0.5 480 59 0
0.5 0 57 37
0.5 240 57 0
0.5 0 33 0
0.5 0 38 35
0.5 0 50 35
0.5 480 50 0
0.5 0 38 0
0.5 0 74 38
0.5 480 74 0
0.5 0 43 26
0.5 0 50 26
0.5 660 54 27
0.5 60 50 0
0.5 0 43 0
0.5 0 63 27
0.5 60 66 27
0 180 91 127
0.5 960 71 29
0.5 240 71 0
0.5 0 70 29
0.5 480 70 0
0.5 0 68 27
0.5 240 68 0
0.5 0 70 27
0.5 960 70 0
0.5 0 70 29
0.5 240 70 0
0.5 0 68 29
0.5 480 68 0
0.5 0 66 27
0.5 240 66 0
0.5 0 54 0
0.5 0 63 0
0.5 0 66 0
0.5 0 63 29
0.5 0 66 29
0.5 960 66 0
0.5 0 63 0
0.5 0 61 34
0.5 0 68 34
0.5 960 68 0
0.5 0 61 0
0.5 0 64 31
0.5 0 54 31
0.5 960 54 0
0.5 0 64 0
0.5 0 64 31
0.5 0 59 25
0.5 240 64 0
0.5 0 63 31
0.5 420 63 0
0.5 0 50 23
0.5 60 59 23
0.5 60 62 23
0.5 180 59 0
0 0 91 127
0.5 960 67 29
0.5 240 67 0
0.5 0 66 29
0.5 480 66 0
0.5 0 64 27
0.5 240 64 0
0.5 0 66 27
0.5 960 66 0
0.5 0 66 29
0.5 240 66 0
0.5 0 64 29
0.5 480 64 0
0.5 0 62 27
0.5 240 62 0
0.5 0 62 0
0.5 0 59 0
0.5 0 50 0
0.5 0 59 27
0.5 0 62 27
0.5 960 62 0
0.5 0 59 0
0.5 0 57 30
0.5 0 64 30
0.5 960 64 0
0.5 0 57 0
0.5 0 60 29
0.5 0 50 29
0.5 960 50 0
0.5 0 60 0
0.5 0 59 29
0.5 240 59 0
0.5 0 57 29
0.5 480 57 0
0.5 0 54 29
0.5 240 54 0
0.5 0 43 23
0.5 0 50 23
0 0 91 127
0.5 480 50 0
0.5 0 43 0
0.5 0 74 34
0.5 480 74 0
0.5 0 59 29
0.5 0 43 26
0.5 0 50 26
0.5 240 59 0
0.5 0 57 35
0.5 480 57 0
0.5 0 55 31
0.5 240 55 0
0.5 0 50 0
0.5 0 43 0
0.5 0 43 22
0.5 0 50 22
0.5 0 54 22
0.5 480 54 0
0.5 0 50 0
0.5 0 43 0
0.5 0 74 35
0.5 480 74 0
0.5 0 57 29
0.5 0 43 26
0.5 0 50 26
0.5 240 57 0
0.5 0 55 36
0.5 480 55 0
0.5 0 54 31
0.5 240 54 0
0.5 0 50 0
0.5 0 43 0
0.5 0 52 22
0.5 0 43 22
0.5 0 50 22
0.5 480 50 0
0.5 0 43 0
0.5 0 52 0
0.5 0 74 35
0.5 360 74 0
0.5 0 40 30
0.5 120 55 34
0.5 240 55 0
0.5 0 54 36
0.5 480 54 0
0.5 0 52 31
0.5 240 52 0
0.5 0 40 0
0.5 0 33 36
0.5 0 45 36
0.5 480 45 0
0.5 0 33 0
0.5 0 69 36
0.5 480 69 0
0.5 0 38 42
0.5 0 45 42
0.5 240 45 0
0.5 0 38 0
0.5 0 62 46
0.5 0 50 46
0.5 480 50 0
0.5 0 62 0
0.5 0 49 46
0.5 0 61 46
0.5 240 61 0
0.5 0 49 0
0.5 0 48 35
0.5 0 55 35
0.5 0 60 35
0 0 91 127
0.5 480 60 0
0.5 0 55 0
0.5 0 48 0
0.5 0 79 47
0.5 480 79 0
0.5 0 55 22
0.5 0 52 23
0.5 0 64 23
0.5 240 64 0
0.5 0 52 0
0.5 0 50 31
0.5 0 62 31
0.5 480 62 0
0.5 0 50 0
0.5 0 48 25
0.5 0 60 25
0.5 240 60 0
0.5 0 48 0
0.5 0 55 0
0.5 0 47 27
0.5 0 54 27
0.5 0 59 27
0.5 480 59 0
0.5 0 54 0
0.5 0 47 0
0.5 0 78 46
0.5 480 78 0
0.5 0 54 22
0.5 0 50 23
0.5 0 62 23
0.5 240 62 0
0.5 0 50 0
0.5 0 48 31
0.5 0 60 31
0.5 480 60 0
0.5 0 48 0
0.5 0 47 25
0.5 0 59 25
0.5 240 59 0
0.5 0 47 0
0.5 0 54 0
0.5 0 45 26
0.5 0 52 26
0.5 0 57 26
0.5 480 57 0
0.5 0 52 0
0.5 0 45 0
0.5 0 76 42
0.5 360 76 0
0.5 0 33 56
0.5 120 60 55
0.5 240 60 0
0.5 0 59 42
0.5 480 59 0
0.5 0 57 37
0.5 240 57 0
0.5 0 33 0
0.5 0 38 35
0.5 0 50 35
0.5 480 50 0
0.5 0 38 0
0.5 0 74 35
0.5 480 74 0
0.5 0 43 26
0.5 0 50 26
0.5 720 50 0
0.5 0 43 0
0 240 91 127
0.5 0 38 36
0.5 0 45 36
0.5 240 45 0
0.5 0 38 0
0.5 1200 38 31
0.5 0 45 31
0.5 240 45 0
0.5 0 38 0
0.5 0 38 31
0.5 0 45 31
0.5 240 45 0
0.5 0 38 0
0.5 0 38 36
0.5 0 45 36
0.5 240 45 0
0.5 0 38 0
0.5 1200 38 31
0.5 0 45 31
0.5 240 45 0
0.5 0 38 0
0.5 0 38 31
0.5 0 45 31
0.5 240 45 0
0.5 0 38 0
0.5 0 38 35
0.5 0 45 35
0.5 240 45 0
0.5 0 38 0
0.5 240 50 31
0.5 0 57 31
0.5 60 57 0
0.5 0 50 0
0.5 180 50 31
0.5 0 57 31
0.5 60 57 0
0.5 0 50 0
0.5 180 57 35
0.5 0 50 35
0.5 240 50 0
0.5 0 57 0
0.5 240 38 31
0.5 0 45 31
0.5 60 45 0
0.5 0 38 0
0.5 180 38 31
0.5 0 45 31
0.5 60 45 0
0.5 0 38 0
0.5 180 38 35
0.5 0 45 35
0.5 480 45 0
0.5 0 38 0
0.5 0 50 33
0.5 0 57 33
0.5 240 57 0
0.5 0 50 0
0.5 120 50 33
0.5 0 57 33
0.5 120 57 0
0.5 0 50 0
0.5 0 50 33
0.5 0 57 33
0.5 480 57 0
0.5 0 50 0
0.5 480 35 34
0.5 0 42 34
0.5 480 42 0
0.5 0 35 0
0.5 0 47 31
0.5 0 54 31
0.5 60 54 0
0.5 0 47 0
0.5 180 47 31
0.5 0 54 31
0.5 60 54 0
0.5 0 47 0
0.5 180 40 34
0.5 0 47 34
0.5 480 47 0
0.5 0 40 0
0.5 0 52 31
0.5 0 59 31
0.5 60 59 0
0.5 0 52 0
0.5 180 52 31
0.5 0 59 31
0.5 60 59 0
0.5 0 52 0
0.5 180 33 35
0.5 0 40 35
0.5 480 40 0
0.5 0 33 0
0.5 0 64 33
0.5 0 57 33
0.5 240 57 0
0.5 0 64 0
0.5 120 64 33
0.5 0 57 33
0.5 120 57 0
0.5 0 64 0
0.5 0 64 33
0.5 0 57 33
0.5 240 57 0
0.5 0 64 0
0.5 720 43 39
0.5 0 50 39
0.5 480 50 0
0.5 0 43 0
0.5 0 62 38
0.5 0 55 38
0.5 60 55 0
0.5 0 62 0
0.5 180 62 38
0.5 0 55 38
0.5 60 55 0
0.5 0 62 0
0.5 180 55 41
0.5 0 62 41
0.5 480 62 0
0.5 0 55 0
0.5 480 40 36
0.5 0 47 36
0.5 480 47 0
0.5 0 40 0
0.5 0 59 34
0.5 0 52 34
0.5 240 52 0
0.5 0 59 0
0.5 120 59 34
0.5 0 52 34
0.5 120 52 0
0.5 0 59 0
0.5 0 52 36
0.5 0 59 36
0.5 480 59 0
0.5 0 52 0
0.5 480 45 39
0.5 0 52 39
0.5 480 52 0
0.5 0 45 0
0.5 0 64 36
0.5 0 57 36
0.5 60 57 0
0.5 0 64 0
0.5 180 64 36
0.5 0 57 36
0.5 60 57 0
0.5 0 64 0
0.5 180 57 39
0.5 0 64 39
0.5 480 64 0
0.5 0 57 0
0.5 480 38 39
0.5 0 45 39
0.5 480 45 0
0.5 0 38 0
0.5 0 69 36
0.5 0 62 36
0.5 240 62 0
0.5 0 69 0
0.5 120 69 36
0.5 0 62 36
0.5 120 62 0
0.5 0 69 0
0.5 0 69 36
0.5 0 62 36
0.5 480 62 0
0.5 0 69 0
0.5 0 50 27
0.5 0 57 27
0.5 240 57 0
0.5 0 50 0
0.5 0 50 27
0.5 0 57 27
0.5 240 57 0
0.5 0 50 0
0 0 91 127
0.5 0 50 31
0.5 0 57 31
0.5 240 57 0
0.5 0 50 0
0.5 1200 50 27
0.5 0 57 27
0.5 240 57 0
0.5 0 50 0
0.5 0 50 27
0.5 0 57 27
0.5 240 57 0
0.5 0 50 0
0.5 0 50 30
0.5 0 57 30
0.5 240 57 0
0.5 0 50 0
0.5 1200 50 27
0.5 0 57 27
0.5 240 57 0
0.5 0 50 0
0.5 0 50 27
0.5 0 57 27
0.5 240 57 0
0.5 0 50 0
0.5 0 50 31
0.5 0 57 31
0.5 240 57 0
0.5 0 50 0
0.5 240 62 27
0.5 0 69 27
0.5 60 69 0
0.5 0 62 0
0.5 180 62 27
0.5 0 69 27
0.5 60 69 0
0.5 0 62 0
0.5 180 69 31
0.5 0 62 31
0.5 240 62 0
0.5 0 69 0
0.5 240 50 27
0.5 0 57 27
0.5 60 57 0
0.5 0 50 0
0.5 180 50 27
0.5 0 57 27
0.5 60 57 0
0.5 0 50 0
0.5 180 50 31
0.5 0 57 31
0.5 480 57 0
0.5 0 50 0
0.5 0 62 30
0.5 0 69 30
0.5 240 69 0
0.5 0 62 0
0.5 120 62 30
0.5 0 69 30
0.5 120 69 0
0.5 0 62 0
0.5 0 62 30
0.5 0 69 30
0.5 480 69 0
0.5 0 62 0
0.5 480 47 30
0.5 0 54 30
0.5 480 54 0
0.5 0 47 0
0.5 0 59 27
0.5 0 66 27
0.5 60 66 0
0.5 0 59 0
0.5 180 59 27
0.5 0 66 27
0.5 60 66 0
0.5 0 59 0
0.5 180 52 30
0.5 0 59 30
0.5 480 59 0
0.5 0 52 0
0.5 0 64 27
0.5 0 71 27
0.5 60 71 0
0.5 0 64 0
0.5 180 64 27
0.5 0 71 27
0.5 60 71 0
0.5 0 64 0
0.5 180 57 30
0.5 0 64 30
0.5 480 64 0
0.5 0 57 0
0.5 0 76 28
0.5 0 69 28
0.5 240 69 0
0.5 0 76 0
0.5 120 76 28
0.5 0 69 28
0.5 120 69 0
0.5 0 76 0
0.5 0 76 28
0.5 0 69 28
0.5 240 69 0
0.5 0 76 0
0.5 720 55 35
0.5 0 62 35
0.5 480 62 0
0.5 0 55 0
0.5 0 74 33
0.5 0 67 33
0.5 60 67 0
0.5 0 74 0
0.5 180 74 33
0.5 0 67 33
0.5 60 67 0
0.5 0 74 0
0.5 180 67 36
0.5 0 74 36
0.5 480 74 0
0.5 0 67 0
0.5 480 52 33
0.5 0 59 33
0.5 480 59 0
0.5 0 52 0
0.5 0 71 29
0.5 0 64 29
0.5 240 64 0
0.5 0 71 0
0.5 120 71 29
0.5 0 64 29
0.5 120 64 0
0.5 0 71 0
0.5 0 64 33
0.5 0 71 33
0.5 480 71 0
0.5 0 64 0
0.5 480 57 34
0.5 0 64 34
0.5 480 64 0
0.5 0 57 0
0.5 0 76 33
0.5 0 69 33
0.5 60 69 0
0.5 0 76 0
0.5 180 76 33
0.5 0 69 33
0.5 60 69 0
0.5 0 76 0
0.5 180 69 35
0.5 0 76 35
0.5 480 76 0
0.5 0 69 0
0.5 480 62 34
0.5 0 69 34
0.5 480 69 0
0.5 0 62 0
0.5 0 81 33
0.5 0 74 33
0.5 240 74 0
0.5 0 81 0
0.5 120 81 33
0.5 0 74 33
0.5 120 74 0
0.5 0 81 0
0.5 0 81 33
0.5 0 74 33
0.5 480 74 0
0.5 0 81 0
0 480 91 127
0.5 0 45 80
0.5 0 52 80
0.5 480 52 0
0.5 0 45 0
0.5 0 45 72
0.5 0 52 72
0.5 120 52 0
0.5 0 45 0
0.5 120 52 72
0.5 0 45 72
0.5 120 45 0
0.5 0 52 0
0.5 120 45 80
0.5 0 52 80
0.5 480 52 0
0.5 0 45 0
0.5 0 45 72
0.5 0 52 72
0.5 120 52 0
0.5 0 45 0
0.5 120 45 72
0.5 0 52 72
0.5 120 52 0
0.5 0 45 0
0.5 120 45 71
0.5 0 52 71
0.5 480 52 0
0.5 0 45 0
0.5 0 45 64
0.5 0 52 64
0.5 240 52 0
0.5 0 45 0
0.5 0 45 64
0.5 0 52 64
0.5 120 52 0
0.5 0 45 0
0.5 120 45 71
0.5 0 52 71
0.5 480 52 0
0.5 0 45 0
0.5 0 45 64
0.5 0 52 64
0.5 240 52 0
0.5 0 45 0
0.5 0 45 64
0.5 0 52 64
0.5 120 52 0
0.5 0 45 0
0.5 2040 56 59
0.5 480 56 0
0.5 1440 43 33
0.5 0 52 33
0.5 120 52 0
0.5 0 43 0
0.5 0 55 33
0.5 120 55 0
0.5 0 60 33
0.5 120 60 0
0.5 0 64 33
0.5 120 64 0
0.5 480 43 33
0.5 0 50 33
0.5 120 50 0
0.5 0 43 0
0.5 0 55 33
0.5 120 55 0
0.5 0 59 33
0.5 120 59 0
0.5 0 65 33
0.5 120 65 0
0.5 480 36 33
0.5 0 43 33
0.5 480 43 0
0.5 0 36 0
0.5 0 48 30
0.5 0 55 30
0.5 120 55 0
0.5 0 48 0
0.5 120 48 30
0.5 0 55 30
0.5 120 55 0
0.5 0 48 0
0.5 120 48 33
0.5 0 55 33
0.5 360 55 0
0.5 0 48 0
0.5 120 55 72
0.5 0 48 72
0.5 120 48 0
0.5 0 55 0
0.5 120 48 72
0.5 0 55 72
0.5 120 55 0
0.5 0 48 0
0.5 120 48 71
0.5 0 55 71
0.5 480 55 0
0.5 0 48 0
0.5 0 55 64
0.5 0 48 64
0.5 240 48 0
0.5 0 55 0
0.5 0 48 64
0.5 0 55 64
0.5 120 55 0
0.5 0 48 0
0.5 120 55 71
0.5 0 48 71
0.5 480 48 0
0.5 0 55 0
0.5 0 55 64
0.5 0 48 64
0.5 240 48 0
0.5 0 55 0
0.5 0 55 64
0.5 0 48 64
0.5 120 48 0
0.5 0 55 0
0.5 2040 59 59
0.5 480 59 0
0.5 1440 46 33
0.5 0 55 33
0.5 120 55 0
0.5 0 46 0
0.5 0 58 33
0.5 120 58 0
0.5 0 63 33
0.5 120 63 0
0.5 0 67 33
0.5 120 67 0
0.5 480 53 33
0.5 0 46 33
0.5 120 46 0
0.5 0 53 0
0.5 0 58 33
0.5 120 58 0
0.5 0 62 33
0.5 120 62 0
0.5 0 68 33
0.5 120 68 0
0.5 480 46 33
0.5 0 39 33
0.5 480 39 0
0.5 0 46 0
0.5 0 58 30
0.5 0 51 30
0.5 120 51 0
0.5 0 58 0
0.5 120 58 30
0.5 0 51 30
0.5 120 51 0
0.5 0 58 0
0.5 120 58 33
0.5 0 51 33
0.5 480 51 0
0.5 0 58 0
0 0 91 127
0.5 0 46 27
0.5 0 51 27
0.5 120 51 0
0.5 0 46 0
0.5 120 39 23
0.5 120 39 0
0.5 120 46 23
0.5 0 51 23
0.5 120 51 0
0.5 0 46 0
0.5 120 39 26
0.5 120 39 0
0.5 120 46 29
0.5 0 51 29
0.5 120 51 0
0.5 0 46 0
0.5 120 39 27
0.5 120 39 0
0.5 120 46 27
0.5 0 51 27
0.5 120 51 0
0.5 0 46 0
0.5 120 39 28
0.5 120 39 0
0.5 120 46 35
0.5 0 51 35
0.5 120 51 0
0.5 0 46 0
0.5 120 39 30
0.5 120 39 0
0.5 120 46 30
0.5 0 51 30
0.5 120 51 0
0.5 0 46 0
0.5 120 39 30
0.5 120 39 0
0.5 120 46 36
0.5 0 51 36
0.5 120 51 0
0.5 0 46 0
0.5 120 39 33
0.5 120 39 0
0.5 120 46 33
0.5 0 51 33
0.5 120 51 0
0.5 0 46 0
0.5 120 39 33
0.5 120 39 0
0 120 91 127
0.5 0 48 33
0.5 0 51 33
0.5 120 51 0
0.5 0 48 0
0.5 120 39 30
0.5 120 39 0
0.5 120 48 31
0.5 0 51 31
0.5 120 51 0
0.5 0 48 0
0.5 120 39 30
0.5 120 39 0
0.5 120 48 34
0.5 0 51 34
0.5 120 51 0
0.5 0 48 0
0.5 120 39 31
0.5 120 39 0
0.5 120 48 32
0.5 0 51 32
0.5 120 51 0
0.5 0 48 0
0.5 120 39 32
0.5 120 39 0
0.5 120 48 40
0.5 0 51 40
0.5 120 51 0
0.5 0 48 0
0.5 120 39 34
0.5 120 39 0
0.5 120 48 35
0.5 0 51 35
0.5 120 51 0
0.5 0 48 0
0.5 120 39 35
0.5 120 39 0
0.5 120 48 42
0.5 0 51 42
0.5 120 51 0
0.5 0 48 0
0.5 120 39 37
0.5 120 39 0
0.5 120 48 38
0.5 0 51 38
0.5 120 51 0
0.5 0 48 0
0.5 120 39 38
0.5 120 39 0
0 120 91 127
0.5 0 44 44
0.5 0 54 44
0.5 120 54 0
0.5 0 44 0
0.5 120 39 42
0.5 120 39 0
0.5 120 44 44
0.5 0 54 44
0.5 120 54 0
0.5 0 44 0
0.5 120 39 39
0.5 120 39 0
0.5 120 44 45
0.5 0 54 45
0.5 120 54 0
0.5 0 44 0
0.5 120 39 42
0.5 120 39 0
0.5 120 44 42
0.5 0 54 42
0.5 120 54 0
0.5 0 44 0
0.5 120 39 44
0.5 120 39 0
0.5 120 44 48
0.5 0 54 48
0.5 120 54 0
0.5 0 44 0
0.5 120 39 42
0.5 120 39 0
0.5 120 44 47
0.5 0 54 47
0.5 120 54 0
0.5 0 44 0
0.5 120 39 44
0.5 120 39 0
0.5 120 44 50
0.5 0 54 50
0.5 120 54 0
0.5 0 44 0
0.5 120 39 46
0.5 120 39 0
0.5 120 44 46
0.5 0 54 46
0.5 120 54 0
0.5 0 44 0
0.5 120 39 46
0.5 120 39 0
0 120 91 127
0.5 0 44 50
0.5 0 53 50
0.5 120 53 0
0.5 0 44 0
0.5 120 39 46
0.5 120 39 0
0.5 120 44 48
0.5 0 53 48
0.5 120 53 0
0.5 0 44 0
0.5 120 39 46
0.5 120 39 0
0.5 120 44 51
0.5 0 53 51
0.5 120 53 0
0.5 0 44 0
0.5 120 39 47
0.5 120 39 0
0.5 120 44 50
0.5 0 53 50
0.5 120 53 0
0.5 0 44 0
0.5 120 39 47
0.5 120 39 0
0.5 120 44 60
0.5 0 53 60
0.5 120 53 0
0.5 0 44 0
0.5 120 39 50
0.5 120 39 0
0.5 120 44 56
0.5 0 53 56
0.5 120 53 0
0.5 0 44 0
0.5 120 39 51
0.5 120 39 0
0.5 120 44 59
0.5 0 53 59
0.5 120 53 0
0.5 0 44 0
0.5 120 39 53
0.5 120 39 0
0.5 120 44 57
0.5 0 53 57
0.5 120 53 0
0.5 0 44 0
0.5 120 39 53
0.5 120 39 0
0.5 120 39 60
0.5 0 46 60
0.5 0 53 60
0.5 240 53 0
0.5 0 46 0
0.5 0 39 0
0.5 0 39 55
0.5 0 46 55
0.5 0 53 55
0.5 240 53 0
0.5 0 46 0
0.5 0 39 0
0.5 0 39 57
0.5 0 46 57
0.5 0 53 57
0.5 480 53 0
0.5 0 46 0
0.5 0 39 0
0.5 0 51 53
0.5 0 58 53
0.5 0 65 53
0.5 240 65 0
0.5 0 58 0
0.5 0 51 0
0.5 0 51 53
0.5 0 58 53
0.5 0 65 53
0.5 240 65 0
0.5 0 58 0
0.5 0 51 0
0.5 0 51 61
0.5 0 58 61
0.5 0 65 61
0.5 480 65 0
0.5 0 58 0
0.5 0 51 0
0.5 0 39 59
0.5 0 46 59
0.5 0 53 59
0.5 240 53 0
0.5 0 46 0
0.5 0 39 0
0.5 0 39 55
0.5 0 46 55
0.5 0 53 55
0.5 240 53 0
0.5 0 46 0
0.5 0 39 0
0.5 0 39 59
0.5 0 46 59
0.5 0 53 59
0.5 480 53 0
0.5 0 46 0
0.5 0 39 0
0.5 0 51 61
0.5 0 58 61
0.5 0 65 61
0.5 240 65 0
0.5 0 58 0
0.5 0 51 0
0.5 0 51 56
0.5 0 58 56
0.5 0 65 56
0.5 240 65 0
0.5 0 58 0
0.5 0 51 0
0.5 0 51 64
0.5 0 58 64
0.5 0 65 64
0.5 480 65 0
0.5 0 58 0
0.5 0 51 0
0.5 0 65 75
0.5 0 53 75
0.5 120 53 0
0.5 0 65 0
0.5 120 55 75
0.5 0 67 75
0.5 120 67 0
0.5 0 55 0
0.5 120 68 82
0.5 0 56 82
0.5 120 56 0
0.5 0 68 0
0.5 120 72 75
0.5 0 60 75
0.5 120 60 0
0.5 0 72 0
0.5 120 68 75
0.5 0 56 75
0.5 120 56 0
0.5 0 68 0
0.5 120 65 75
0.5 0 53 75
0.5 120 53 0
0.5 0 65 0
0.5 120 68 82
0.5 0 56 82
0.5 240 56 0
0.5 0 68 0
0.5 0 65 75
0.5 0 53 75
0.5 240 53 0
0.5 0 65 0
0.5 0 62 75
0.5 0 50 75
0.5 240 50 0
0.5 0 62 0
0.5 0 53 75
0.5 0 65 75
0.5 240 65 0
0.5 0 53 0
0.5 0 50 82
0.5 0 62 82
0.5 240 62 0
0.5 0 50 0
0.5 0 46 75
0.5 0 58 75
0.5 240 58 0
0.5 0 46 0
0.5 0 62 75
0.5 0 50 75
0.5 240 50 0
0.5 0 62 0
0.5 0 46 75
0.5 0 58 75
0.5 240 58 0
0.5 0 46 0
0.5 0 43 82
0.5 0 55 82
0.5 240 55 0
0.5 0 43 0
0.5 0 46 75
0.5 0 58 75
0.5 240 58 0
0.5 0 46 0
0.5 0 43 75
0.5 0 55 75
0.5 240 55 0
0.5 0 43 0
0.5 0 39 75
0.5 0 51 75
0.5 240 51 0
0.5 0 39 0
0.5 0 43 85
0.5 0 55 85
0.5 240 55 0
0.5 0 43 0
0.5 0 39 79
0.5 0 51 79
0.5 240 51 0
0.5 0 39 0
0.5 0 36 79
0.5 0 48 79
0.5 240 48 0
0.5 0 36 0
0.5 0 39 79
0.5 0 51 79
0.5 240 51 0
0.5 0 39 0
0.5 0 36 85
0.5 0 48 85
0.5 240 48 0
0.5 0 36 0
0.5 0 32 81
0.5 0 44 81
0.5 240 44 0
0.5 0 32 0
0.5 0 36 86
0.5 0 48 86
0.5 240 48 0
0.5 0 36 0
0.5 0 32 95
0.5 0 44 95
0.5 240 44 0
0.5 0 32 0
0 0 91 127
0.5 0 31 90
0.5 0 43 107
0.5 480 51 88
0.5 0 48 74
0.5 0 44 74
0.5 480 44 0
0.5 0 51 0
0.5 0 48 0
0.5 0 63 88
0.5 0 60 74
0.5 0 56 74
0.5 480 56 0
0.5 0 63 0
0.5 0 60 0
0.5 0 75 88
0.5 0 72 74
0.5 0 68 74
0.5 480 68 0
0.5 0 75 0
0.5 0 31 0
0.5 0 43 0
0.5 0 72 0
0.5 0 30 90
0.5 0 42 107
0.5 480 51 88
0.5 0 48 74
0.5 0 44 74
0.5 480 44 0
0.5 0 51 0
0.5 0 48 0
0.5 0 63 88
0.5 0 60 74
0.5 0 56 74
0.5 480 56 0
0.5 0 63 0
0.5 0 60 0
0.5 0 75 88
0.5 0 72 74
0.5 0 68 74
0.5 480 68 0
0.5 0 75 0
0.5 0 30 0
0.5 0 42 0
0.5 0 72 0
0.5 0 29 93
0.5 0 41 110
0.5 480 51 88
0.5 0 47 74
0.5 0 44 74
0.5 480 44 0
0.5 0 51 0
0.5 0 47 0
0.5 0 63 88
0.5 0 59 74
0.5 0 56 74
0.5 480 56 0
0.5 0 63 0
0.5 0 59 0
0.5 0 75 88
0.5 0 71 74
0.5 0 68 74
0.5 480 68 0
0.5 0 75 0
0.5 0 29 0
0.5 0 41 0
0.5 0 71 0
0.5 0 28 93
0.5 0 40 110
0.5 480 49 88
0.5 0 45 74
0.5 0 40 74
0.5 480 40 0
0.5 0 49 0
0.5 0 45 0
0.5 0 57 74
0.5 0 61 88
0.5 0 52 74
0.5 480 52 0
0.5 0 57 0
0.5 0 61 0
0.5 0 73 88
0.5 0 69 74
0.5 0 64 74
0.5 240 64 0
0.5 0 73 0
0.5 0 69 0
0 0 91 127
0.5 240 40 0
0.5 0 28 0
0.5 0 38 79
0.5 0 45 79
0.5 120 45 0
0.5 0 38 0
0.5 0 50 68
0.5 120 50 0
0.5 0 54 68
0.5 120 54 0
0.5 0 57 68
0.5 120 57 0
0.5 0 62 70
0.5 96 62 0
0.5 0 57 70
0.5 96 57 0
0.5 0 54 69
0.5 96 54 0
0.5 0 50 68
0.5 96 50 0
0.5 0 45 68
0.5 96 45 0
0.5 0 38 64
0.5 96 38 0
0.5 0 45 69
0.5 96 45 0
0.5 0 50 70
0.5 96 50 0
0.5 0 54 71
0.5 96 54 0
0.5 0 57 73
0.5 96 57 0
0.5 0 62 75
0.5 240 62 0
0.5 240 38 77
0.5 0 45 77
0.5 0 50 77
0.5 240 50 0
0.5 0 45 0
0.5 0 38 0
0.5 0 62 68
0.5 0 57 68
0.5 0 54 68
0.5 480 54 0
0.5 0 57 0
0.5 0 62 0
0.5 0 66 68
0.5 0 62 68
0.5 0 57 68
0.5 480 57 0
0.5 0 62 0
0.5 0 66 0
0.5 0 69 68
0.5 0 66 68
0.5 0 62 68
0.5 240 62 0
0.5 0 66 0
0.5 0 69 0
0.5 480 35 66
0.5 80 35 0
0.5 0 42 59
0.5 80 42 0
0.5 0 47 59
0.5 80 47 0
0.5 0 50 59
0.5 80 50 0
0.5 0 54 59
0.5 80 54 0
0.5 0 59 59
0.5 80 59 0
0.5 0 62 59
0.5 240 62 0
0.5 240 40 66
0.5 96 40 0
0.5 0 47 59
0.5 96 47 0
0.5 0 52 59
0.5 96 52 0
0.5 0 56 59
0.5 96 56 0
0.5 0 62 59
0.5 96 62 0
0.5 0 66 59
0.5 240 66 0
0.5 240 33 75
0.5 0 40 75
0.5 0 45 75
0.5 240 45 0
0.5 0 40 0
0.5 0 33 0
0.5 0 61 64
0.5 0 57 64
0.5 0 52 64
0.5 480 52 0
0.5 0 57 0
0.5 0 61 0
0.5 0 64 64
0.5 0 61 64
0.5 0 57 64
0.5 480 57 0
0.5 0 61 0
0.5 0 64 0
0.5 0 69 64
0.5 0 64 64
0.5 0 61 64
0.5 240 61 0
0.5 0 64 0
0.5 0 69 0
0.5 480 43 65
0.5 0 50 65
0.5 120 50 0
0.5 0 43 0
0.5 0 55 57
0.5 120 55 0
0.5 0 59 57
0.5 120 59 0
0.5 0 62 57
0.5 120 62 0
0.5 0 67 65
0.5 96 67 0
0.5 0 62 59
0.5 96 62 0
0.5 0 59 58
0.5 96 59 0
0.5 0 55 58
0.5 96 55 0
0.5 0 50 57
0.5 96 50 0
0.5 0 43 56
0.5 96 43 0
0.5 0 47 56
0.5 96 47 0
0.5 0 55 57
0.5 96 55 0
0.5 0 59 57
0.5 96 59 0
0.5 0 62 57
0.5 96 62 0
0.5 0 67 57
0.5 240 67 0
0.5 240 40 73
0.5 0 47 73
0.5 0 52 73
0.5 240 52 0
0.5 0 47 0
0.5 0 40 0
0.5 0 66 62
0.5 0 62 62
0.5 0 59 62
0.5 0 55 62
0.5 480 55 0
0.5 0 66 0
0.5 0 62 0
0.5 0 59 0
0.5 0 67 62
0.5 0 66 62
0.5 0 62 62
0.5 0 59 62
0.5 480 59 0
0.5 0 67 0
0.5 0 66 0
0.5 0 62 0
0.5 0 71 62
0.5 0 67 62
0.5 0 66 62
0.5 0 62 62
0.5 240 62 0
0.5 0 71 0
0.5 0 67 0
0.5 0 66 0
0.5 480 45 69
0.5 96 45 0
0.5 0 52 60
0.5 96 52 0
0.5 0 57 60
0.5 96 57 0
0.5 0 62 60
0.5 96 62 0
0.5 0 67 60
0.5 96 67 0
0.5 0 71 60
0.5 240 71 0
0.5 240 45 69
0.5 96 45 0
0.5 0 52 60
0.5 96 52 0
0.5 0 57 60
0.5 96 57 0
0.5 0 62 60
0.5 96 62 0
0.5 0 67 60
0.5 96 67 0
0.5 0 71 60
0.5 240 71 0
0.5 240 38 75
0.5 0 45 75
0.5 0 50 75
0.5 240 50 0
0.5 0 45 0
0.5 0 38 0
0.5 0 66 64
0.5 0 62 64
0.5 0 57 64
0.5 480 57 0
0.5 0 62 0
0.5 0 66 0
0.5 0 69 64
0.5 0 66 64
0.5 0 62 64
0.5 480 62 0
0.5 0 66 0
0.5 0 69 0
0.5 0 66 62
0.5 0 69 62
0.5 0 74 62
0.5 240 74 0
0.5 0 69 0
0.5 0 66 0
0 480 91 127
0.5 0 38 55
0.5 0 45 55
0.5 180 45 0
0.5 0 38 0
0.5 60 33 48
0.5 0 45 48
0.5 180 45 0
0.5 0 33 0
0.5 60 38 55
0.5 0 45 55
0.5 180 45 0
0.5 0 38 0
0.5 60 33 48
0.5 0 45 48
0.5 180 45 0
0.5 0 33 0
0.5 60 38 52
0.5 0 45 52
0.5 180 45 0
0.5 0 38 0
0.5 60 33 48
0.5 0 45 48
0.5 180 45 0
0.5 0 33 0
0.5 60 38 55
0.5 0 45 55
0.5 180 45 0
0.5 0 38 0
0.5 60 33 46
0.5 0 45 46
0.5 180 45 0
0.5 0 33 0
0.5 60 38 51
0.5 0 45 51
0.5 180 45 0
0.5 0 38 0
0.5 60 33 52
0.5 180 33 0
0.5 60 38 51
0.5 0 45 51
0.5 180 45 0
0.5 0 38 0
0.5 60 33 52
0.5 180 33 0
0.5 60 38 51
0.5 0 45 51
0.5 180 45 0
0.5 0 38 0
0.5 60 33 51
0.5 180 33 0
0.5 60 38 51
0.5 0 45 51
0.5 180 45 0
0.5 0 38 0
0.5 60 33 52
0.5 180 33 0
0.5 60 38 55
0.5 0 45 55
0 7 91 127
0.5 173 45 0
0.5 0 38 0
0.5 60 33 48
0.5 0 45 48
0.5 180 45 0
0.5 0 33 0
0.5 60 38 55
0.5 0 45 55
0.5 180 45 0
0.5 0 38 0
0.5 60 33 48
0.5 0 45 48
0.5 180 45 0
0.5 0 33 0
0.5 60 38 53
0.5 0 45 53
0.5 180 45 0
0.5 0 38 0
0.5 60 33 48
0.5 0 45 48
0.5 180 45 0
0.5 0 33 0
0.5 60 38 53
0.5 0 45 53
0.5 180 45 0
0.5 0 38 0
0.5 60 33 46
0.5 0 45 46
0.5 180 45 0
0.5 0 33 0
0.5 60 38 51
0.5 0 45 51
0.5 180 45 0
0.5 0 38 0
0.5 60 33 52
0.5 180 33 0
0.5 60 38 51
0.5 0 45 51
0.5 180 45 0
0.5 0 38 0
0.5 60 33 52
0.5 180 33 0
0.5 60 38 51
0.5 0 45 51
0.5 180 45 0
0.5 0 38 0
0.5 60 33 51
0.5 180 33 0
0.5 60 38 51
0.5 0 45 51
0.5 180 45 0
0.5 0 38 0
0.5 60 33 40
0.5 180 33 0
0.5 60 38 44
0.5 0 45 44
0 7 91 127
0.5 173 45 0
0.5 0 38 0
0.5 60 33 38
0.5 0 45 38
0.5 180 45 0
0.5 0 33 0
0.5 60 38 44
0.5 0 45 44
0.5 180 45 0
0.5 0 38 0
0.5 60 33 38
0.5 0 45 38
0.5 180 45 0
0.5 0 33 0
0.5 60 38 42
0.5 0 45 42
0.5 180 45 0
0.5 0 38 0
0.5 60 33 38
0.5 0 45 38
0.5 180 45 0
0.5 0 33 0
0.5 60 38 42
0.5 0 45 42
0.5 180 45 0
0.5 0 38 0
0.5 60 33 36
0.5 180 33 0
0.5 60 38 39
0.5 0 45 39
0.5 180 45 0
0.5 0 38 0
0.5 60 33 40
0.5 180 33 0
0.5 60 38 39
0.5 0 45 39
0.5 180 45 0
0.5 0 38 0
0.5 60 33 40
0.5 180 33 0
0.5 60 38 39
0.5 0 45 39
0.5 180 45 0
0.5 0 38 0
0.5 60 33 39
0.5 180 33 0
0.5 60 38 39
0.5 0 45 39
0.5 180 45 0
0.5 0 38 0
0.5 60 33 39
0.5 180 33 0
0.5 60 38 44
0.5 0 45 44
0 7 91 127
0.5 173 45 0
0.5 0 38 0
0.5 60 33 38
0.5 180 33 0
0.5 60 38 44
0.5 0 45 44
0.5 180 45 0
0.5 0 38 0
0.5 60 33 38
0.5 180 33 0
0.5 60 38 42
0.5 0 45 42
0.5 180 45 0
0.5 0 38 0
0.5 60 33 38
0.5 180 33 0
0.5 60 38 42
0.5 0 45 42
0.5 180 45 0
0.5 0 38 0
0.5 60 33 36
0.5 180 33 0
0.5 60 38 39
0.5 0 45 39
0.5 180 45 0
0.5 0 38 0
0.5 60 33 40
0.5 180 33 0
0.5 60 38 39
0.5 0 45 39
0.5 180 45 0
0.5 0 38 0
0.5 60 33 40
0.5 180 33 0
0.5 60 38 39
0.5 0 45 39
0.5 180 45 0
0.5 0 38 0
0.5 60 33 39
0.5 180 33 0
0.5 60 38 39
0.5 0 45 39
0.5 180 45 0
0.5 0 38 0
0.5 60 33 39
0.5 180 33 0
0.5 60 38 35
0.5 0 45 35
0.5 180 45 0
0.5 0 38 0
0.5 60 33 36
0.5 180 33 0
0.5 60 38 35
0.5 0 45 35
0.5 180 45 0
0.5 0 38 0
0.5 60 33 36
0.5 180 33 0
0.5 60 38 35
0.5 0 45 35
0.5 180 45 0
0.5 0 38 0
0.5 60 33 35
0.5 180 33 0
0.5 60 38 35
0.5 0 45 35
0.5 180 45 0
0.5 0 38 0
0.5 60 33 35
0.5 180 33 0
0 60 91 127
0.5 0 38 35
0.5 0 45 35
0.5 120 45 0
0.5 0 38 0
0.5 360 33 36
0.5 120 33 0
0.5 360 38 35
0.5 0 45 35
0.5 120 45 0
0.5 0 38 0
0.5 360 33 35
0.5 120 33 0
0.5 360 38 35
0.5 0 45 35
0.5 120 45 0
0.5 0 38 0
0.5 360 33 34
0.5 120 33 0
0.5 360 38 35
0.5 0 45 35
0.5 120 45 0
0.5 0 38 0
0.5 360 33 35
0.5 120 33 0
0.5 360 38 35
0.5 0 45 35
0.5 240 45 0
0.5 0 38 0
0.5 720 57 35
0.5 0 50 35
0.5 240 50 0
0.5 0 57 0
0.5 720 62 35
0.5 0 69 35
0.5 240 69 0
0.5 0 62 0
0.5 720 81 38
0.5 0 74 38
0.5 240 74 0
0.5 0 81 0
0.5 720 93 42
0.5 0 86 42
0.5 240 86 0
0.5 0 93 0
0.5 720 81 39
0.5 0 74 39
0.5 240 74 0
0.5 0 81 0
0.5 720 62 35
0.5 0 69 35
0.5 240 69 0
0.5 0 62 0
0.5 720 50 31
0.5 0 57 31
0.5 240 57 0
0.5 0 50 0
0.5 720 38 31
0.5 0 45 31
0.5 240 45 0
0.5 0 38 0
0.5 1680 26 77
0.5 0 33 77
0.5 0 38 91
0.5 360 38 0
0.5 0 33 0
0.5 0 26 0
0 184 64 127
0 3547 64 0
0 194 64 127
0 1394 64 0
0 545 64 127
0 1212 64 0
0 639 64 127
0 449 64 0
0 511 64 127
0 567 64 0
0 510 64 127
0 1398 64 0
0 427 64 127
0 1429 64 0
0 523 64 127
0 1354 64 0
0 559 64 127
0 414 64 0
0 508 64 127
0 569 64 0
0 495 64 127
0 1311 64 0
0 73 64 127
0 4122 64 0
0 152 64 127
0 438 64 0
0 508 64 127
0 462 64 0
0 499 64 127
0 1494 64 0
0 447 64 127
0 429 64 0
0 508 64 127
0 557 64 0
0 489 64 127
0 1549 64 0
0 300 64 127
0 1426 64 0
0 505 64 127
0 1431 64 0
0 464 64 127
0 436 64 0
0 524 64 127
0 568 64 0
0 452 64 127
0 1366 64 0
0 554 64 127
0 438 64 0
0 571 64 127
0 367 64 0
0 495 64 127
0 480 64 0
0 501 64 127
0 466 64 0
0 2416 64 127
0 1409 64 0
0 485 64 127
0 451 64 0
0 496 64 127
0 468 64 0
0 517 64 127
0 1285 64 0
0 643 64 127
0 432 64 0
0 520 64 127
0 443 64 0
0 2442 64 127
0 1394 64 0
0 486 64 127
0 476 64 0
0 507 64 127
0 461 64 0
0 542 64 127
0 1274 64 0
0 116 64 127
0 894 64 0
0 104 64 127
0 848 64 0
0 62 64 127
0 894 64 0
0 78 64 127
0 882 64 0
0 66 64 127
0 894 64 0
0 95 64 127
0 881 64 0
0 83 64 127
0 873 64 0
0 75 64 127
0 877 64 0
0 91 64 127
0 877 64 0
0 58 64 127
0 906 64 0
0 71 64 127
0 877 64 0
0 91 64 127
0 852 64 0
0 95 64 127
0 882 64 0
0 91 64 127
0 885 64 0
0 75 64 127
0 856 64 0
0 100 64 127
0 877 64 0
0 83 64 127
0 881 64 0
0 66 64 127
0 886 64 0
0 91 64 127
0 847 64 0
0 120 64 127
0 875 64 0
0 6405 64 127
0 1796 64 0
0 353 64 127
0 1566 64 0
0 400 64 127
0 1517 64 0
0 83 64 127
0 1676 64 0
0 195 64 127
0 1408 64 0
0 523 64 127
0 1386 64 0
0 529 64 127
0 451 64 0
0 515 64 127
0 451 64 0
0 507 64 127
0 1401 64 0
0 502 64 127
0 1415 64 0
0 558 64 127
0 1377 64 0
0 482 64 127
0 629 64 0
0 363 64 127
0 480 64 0
0 519 64 127
0 1369 64 0
0 452 64 127
0 2908 64 0
0 1059 64 127
0 833 64 0
0 2019 64 127
0 861 64 0
0 960 64 127
0 960 64 0
0 254 64 127
0 706 64 0
0 1144 64 127
0 776 64 0
0 1101 64 127
0 819 64 0
0 53 64 127
0 907 64 0
0 1966 64 127
0 940 64 0
0 6751 64 127
0 960 64 0
0 6833 64 127
0 804 64 0
0 1059 64 127
0 875 64 0
0 1772 64 127
0 1080 64 0
0 995 64 127
0 933 64 0
0 176 64 127
0 790 64 0
0 1186 64 127
0 751 64 0
0 1085 64 127
0 522 64 0
0 169 64 127
0 1073 64 0
0 1920 64 127
0 986 64 0
0 6751 64 127
0 960 64 0
0 6833 64 127
0 804 64 0
0 1059 64 127
0 875 64 0
0 1772 64 127
0 1080 64 0
0 995 64 127
0 933 64 0
0 176 64 127
0 790 64 0
0 1186 64 127
0 751 64 0
0 1085 64 127
0 522 64 0
0 169 64 127
0 1073 64 0
0 2076 64 127
0 3575 64 0
0 194 64 127
0 1394 64 0
0 545 64 127
0 1458 64 0
0 393 64 127
0 449 64 0
0 511 64 127
0 460 64 0
0 617 64 127
0 1398 64 0
0 427 64 127
0 1429 64 0
0 523 64 127
0 1354 64 0
0 559 64 127
0 414 64 0
0 508 64 127
0 563 64 0
0 501 64 127
0 1311 64 0
0 73 64 127
0 4122 64 0
0 152 64 127
0 551 64 0
0 395 64 127
0 462 64 0
0 499 64 127
0 1418 64 0
0 523 64 127
0 497 64 0
0 440 64 127
0 544 64 0
0 502 64 127
0 1549 64 0
0 300 64 127
0 1493 64 0
0 438 64 127
0 1431 64 0
0 464 64 127
0 584 64 0
0 376 64 127
0 597 64 0
0 423 64 127
0 1366 64 0
0 554 64 127
0 438 64 0
0 571 64 127
0 367 64 0
0 495 64 127
0 480 64 0
0 501 64 127
0 466 64 0
0 2416 64 127
0 1486 64 0
0 408 64 127
0 451 64 0
0 496 64 127
0 468 64 0
0 517 64 127
0 1285 64 0
0 643 64 127
0 432 64 0
0 520 64 127
0 443 64 0
0 2442 64 127
0 1472 64 0
0 408 64 127
0 573 64 0
0 410 64 127
0 461 64 0
0 542 64 127
0 1274 64 0
0 116 64 127
0 894 64 0
0 104 64 127
0 848 64 0
0 62 64 127
0 894 64 0
0 78 64 127
0 882 64 0
0 66 64 127
0 894 64 0
0 95 64 127
0 881 64 0
0 83 64 127
0 873 64 0
0 75 64 127
0 877 64 0
0 91 64 127
0 877 64 0
0 58 64 127
0 906 64 0
0 71 64 127
0 877 64 0
0 91 64 127
0 852 64 0
0 95 64 127
0 882 64 0
0 91 64 127
0 885 64 0
0 75 64 127
0 856 64 0
0 100 64 127
0 877 64 0
0 83 64 127
0 881 64 0
0 66 64 127
0 886 64 0
0 91 64 127
0 847 64 0
0 120 64 127
0 875 64 0
0 6405 64 127
0 1796 64 0
0 353 64 127
0 1566 64 0
0 400 64 127
0 1517 64 0
0 83 64 127
0 1676 64 0
0 195 64 127
0 1408 64 0
0 523 64 127
0 1481 64 0
0 434 64 127
0 451 64 0
0 515 64 127
0 451 64 0
0 507 64 127
0 1401 64 0
0 502 64 127
0 1415 64 0
0 558 64 127
0 1471 64 0
0 413 64 127
0 604 64 0
0 363 64 127
0 480 64 0
0 519 64 127
0 1369 64 0
0 491 64 127
0 1881 64 0
0 71 64 127
0 1408 64 0
0 505 64 127
0 1856 64 0
0 46 64 127
0 1398 64 0
0 2492 64 127
0 1380 64 0
0 2449 64 127
0 1299 64 0
0 586 64 127
0 1330 64 0
0 1128 64 127
0 1054 64 0
0 866 64 127
0 1061 64 0
0 398 64 127
0 1793 64 0
0 240 64 127
0 1680 64 0
0 212 64 127
0 1708 64 0
0 198 64 127
0 1722 64 0
0 141 64 127
0 1610 64 0
0 169 64 127
0 530 64 0
1 0 0 0
