0.5 900 87 70
0.5 60 87 0
0.5 0 86 77
0.5 240 86 0
0.5 0 86 70
0.5 0 82 58
0.5 120 82 0
0.5 0 79 70
0.5 120 79 0
0.5 0 86 0
0.5 0 79 63
0.5 0 81 75
0.5 240 81 0
0.5 0 79 0
0.5 0 81 68
0.5 0 78 57
0.5 120 78 0
0.5 0 74 68
0.5 60 74 0
0.5 0 81 0
0.5 0 87 70
0.5 60 87 0
0.5 0 86 77
0.5 240 86 0
0.5 0 86 71
0.5 0 82 59
0.5 120 82 0
0.5 0 79 72
0.5 120 79 0
0.5 0 86 0
0.5 0 79 66
0.5 0 81 78
0.5 240 81 0
0.5 0 79 0
0.5 0 81 72
0.5 0 78 60
0.5 120 78 0
0.5 0 74 73
0.5 120 74 0
0.5 0 81 0
0.5 0 91 69
0.5 0 93 82
0.5 120 91 0
0.5 0 90 66
0.5 120 90 0
0.5 0 93 0
0.5 0 86 70
0.5 120 86 0
0.5 120 79 61
0.5 0 81 73
0.5 120 79 0
0.5 0 78 58
0.5 120 78 0
0.5 0 81 0
0.5 0 74 62
0.5 120 74 0
0.5 120 67 53
0.5 0 69 63
0.5 120 67 0
0.5 0 66 54
0.5 120 66 0
0.5 0 69 0
0.5 0 62 57
0.5 120 66 50
0.5 120 66 0
0.5 0 62 0
0.5 0 67 57
0.5 420 67 0
0.5 0 75 63
0.5 60 75 0
0.5 0 74 69
0.5 240 74 0
0.5 0 74 66
0.5 0 70 55
0.5 120 70 0
0.5 0 67 63
0.5 120 67 0
0.5 0 74 0
0.5 0 67 56
0.5 0 69 67
0.5 240 69 0
0.5 0 67 0
0.5 0 69 61
0.5 0 66 51
0.5 120 66 0
0.5 0 62 61
0.5 60 62 0
0.5 0 69 0
0.5 0 75 63
0.5 60 75 0
0.5 0 74 69
0.5 240 74 0
0.5 0 74 67
0.5 0 70 56
0.5 120 70 0
0.5 0 67 64
0.5 120 67 0
0.5 0 74 0
0.5 0 67 59
0.5 0 69 70
0.5 240 69 0
0.5 0 67 0
0.5 0 66 54
0.5 0 69 64
0.5 120 66 0
0.5 0 62 65
0.5 120 62 0
0.5 0 69 0
0.5 0 79 62
0.5 0 81 73
0.5 120 79 0
0.5 0 78 64
0.5 120 78 0
0.5 0 81 0
0.5 0 74 63
0.5 120 74 0
0.5 120 67 54
0.5 0 69 65
0.5 120 67 0
0.5 0 66 55
0.5 120 66 0
0.5 0 69 0
0.5 0 62 55
0.5 120 62 0
0.5 120 55 47
0.5 0 57 56
0.5 120 55 0
0.5 0 54 43
0.5 120 54 0
0.5 0 57 0
0.5 0 50 51
0.5 120 54 45
0.5 120 54 0
0.5 0 50 0
0.5 0 55 51
0.5 420 55 0
0.5 0 79 50
0.5 60 79 0
0.5 0 77 55
0.5 120 77 0
0.5 120 77 52
0.5 120 74 50
0.5 120 74 0
0.5 0 77 0
0.5 0 75 55
0.5 240 75 0
0.5 0 75 52
0.5 0 77 45
0.5 120 75 0
0.5 0 72 50
0.5 120 72 0
0.5 0 74 52
0.5 240 74 0
0.5 0 77 0
0.5 0 74 52
0.5 0 77 45
0.5 120 74 0
0.5 0 70 50
0.5 120 70 0
0.5 0 72 52
0.5 240 72 0
0.5 0 77 0
0.5 0 77 42
0.5 0 72 52
0.5 120 72 0
0.5 0 69 50
0.5 120 69 0
0.5 0 70 52
0.5 240 70 0
0.5 0 77 0
0.5 0 77 45
0.5 120 77 0
0.5 0 82 40
0.5 120 82 0
0.5 0 70 42
0.5 120 70 0
0.5 120 77 45
0.5 120 77 0
0.5 0 82 41
0.5 120 82 0
0.5 0 70 41
0.5 120 70 0
0.5 120 77 45
0.5 120 77 0
0.5 0 82 41
0.5 120 82 0
0.5 0 70 41
0.5 120 70 0
0.5 300 67 47
0.5 60 67 0
0.5 0 65 52
0.5 120 65 0
0.5 120 65 49
0.5 120 62 47
0.5 120 62 0
0.5 0 65 0
0.5 0 63 52
0.5 240 63 0
0.5 0 63 49
0.5 0 65 42
0.5 120 63 0
0.5 0 60 47
0.5 120 60 0
0.5 0 62 49
0.5 240 62 0
0.5 0 65 0
0.5 0 62 49
0.5 0 65 42
0.5 120 62 0
0.5 0 58 47
0.5 120 58 0
0.5 0 60 49
0.5 240 60 0
0.5 0 65 0
0.5 0 65 39
0.5 0 60 49
0.5 120 60 0
0.5 0 57 47
0.5 120 57 0
0.5 0 58 49
0.5 240 58 0
0.5 0 65 0
0.5 0 69 42
0.5 120 69 0
0.5 0 74 38
0.5 120 74 0
0.5 0 62 39
0.5 120 62 0
0.5 120 69 42
0.5 120 69 0
0.5 0 74 38
0.5 120 74 0
0.5 0 62 38
0.5 120 62 0
0.5 120 69 42
0.5 120 69 0
0.5 0 74 38
0.5 120 74 0
0.5 0 62 38
0.5 120 62 0
0.5 300 63 50
0.5 60 63 0
0.5 0 62 61
0.5 420 62 0
0.5 480 75 54
0.5 60 75 0
0.5 0 74 65
0.5 420 74 0
0.5 480 87 70
0.5 60 87 0
0.5 0 86 77
0.5 240 86 0
0.5 0 86 70
0.5 0 82 58
0.5 120 82 0
0.5 0 79 70
0.5 120 79 0
0.5 0 86 0
0.5 0 79 63
0.5 0 81 75
0.5 240 81 0
0.5 0 79 0
0.5 0 81 68
0.5 0 78 57
0.5 120 78 0
0.5 0 74 68
0.5 60 74 0
0.5 0 81 0
0.5 0 87 70
0.5 60 87 0
0.5 0 86 77
0.5 240 86 0
0.5 0 86 71
0.5 0 82 59
0.5 120 82 0
0.5 0 79 72
0.5 120 79 0
0.5 0 86 0
0.5 0 79 66
0.5 0 81 78
0.5 240 81 0
0.5 0 79 0
0.5 0 81 72
0.5 0 78 60
0.5 120 78 0
0.5 0 74 73
0.5 120 74 0
0.5 0 81 0
0.5 0 79 69
0.5 0 81 82
0.5 120 79 0
0.5 0 78 66
0.5 120 78 0
0.5 0 81 0
0.5 0 74 70
0.5 120 74 0
0.5 120 69 73
0.5 0 67 61
0.5 120 67 0
0.5 0 66 59
0.5 120 66 0
0.5 0 69 0
0.5 0 62 62
0.5 120 62 0
0.5 120 55 53
0.5 0 57 63
0.5 120 55 0
0.5 0 54 48
0.5 120 54 0
0.5 0 57 0
0.5 0 50 57
0.5 120 54 50
0.5 120 54 0
0.5 0 50 0
0.5 0 55 57
0.5 420 55 0
0.5 0 79 50
0.5 60 79 0
0.5 0 77 55
0.5 120 77 0
0.5 120 77 52
0.5 120 74 50
0.5 120 74 0
0.5 0 77 0
0.5 0 75 55
0.5 240 75 0
0.5 0 75 52
0.5 0 77 45
0.5 120 75 0
0.5 0 72 50
0.5 120 72 0
0.5 0 74 52
0.5 240 74 0
0.5 0 77 0
0.5 0 74 52
0.5 0 77 45
0.5 120 74 0
0.5 0 70 50
0.5 120 70 0
0.5 0 72 52
0.5 240 72 0
0.5 0 77 0
0.5 0 77 42
0.5 0 72 52
0.5 120 72 0
0.5 0 69 50
0.5 120 69 0
0.5 0 70 52
0.5 240 70 0
0.5 0 77 0
0.5 0 77 45
0.5 120 77 0
0.5 0 82 40
0.5 120 82 0
0.5 0 70 42
0.5 120 70 0
0.5 120 77 45
0.5 120 77 0
0.5 0 82 41
0.5 120 82 0
0.5 0 70 41
0.5 120 70 0
0.5 120 77 45
0.5 120 77 0
0.5 0 82 41
0.5 120 82 0
0.5 0 70 41
0.5 120 70 0
0.5 300 67 47
0.5 60 67 0
0.5 0 65 52
0.5 120 65 0
0.5 120 65 49
0.5 120 62 47
0.5 120 62 0
0.5 0 65 0
0.5 0 63 52
0.5 240 63 0
0.5 0 63 49
0.5 0 65 42
0.5 120 63 0
0.5 0 60 47
0.5 120 60 0
0.5 0 62 49
0.5 240 62 0
0.5 0 65 0
0.5 0 62 49
0.5 0 65 42
0.5 120 62 0
0.5 0 58 47
0.5 120 58 0
0.5 0 60 49
0.5 240 60 0
0.5 0 65 0
0.5 0 65 39
0.5 0 60 49
0.5 120 60 0
0.5 0 57 47
0.5 120 57 0
0.5 0 58 49
0.5 240 58 0
0.5 0 65 0
0.5 0 69 42
0.5 120 69 0
0.5 0 74 38
0.5 120 74 0
0.5 0 62 39
0.5 120 62 0
0.5 120 69 42
0.5 120 69 0
0.5 0 74 38
0.5 120 74 0
0.5 0 62 38
0.5 120 62 0
0.5 120 69 42
0.5 120 69 0
0.5 0 74 38
0.5 120 74 0
0.5 0 62 38
0.5 120 62 0
0.5 300 63 50
0.5 60 63 0
0.5 0 62 61
0.5 420 62 0
0.5 480 75 54
0.5 60 75 0
0.5 0 74 65
0.5 420 74 0
0.5 480 87 69
0.5 60 87 0
0.5 0 86 75
0.5 240 86 0
0.5 0 86 68
0.5 0 82 57
0.5 120 82 0
0.5 0 79 69
0.5 120 79 0
0.5 0 86 0
0.5 0 79 61
0.5 0 81 73
0.5 240 81 0
0.5 0 79 0
0.5 0 81 67
0.5 0 78 56
0.5 120 78 0
0.5 0 74 61
0.5 60 74 0
0.5 0 81 0
0.5 0 75 63
0.5 60 75 0
0.5 0 74 69
0.5 240 74 0
0.5 0 74 67
0.5 0 70 56
0.5 120 70 0
0.5 0 67 64
0.5 120 67 0
0.5 0 74 0
0.5 0 67 59
0.5 0 69 70
0.5 240 69 0
0.5 0 67 0
0.5 0 66 54
0.5 0 69 64
0.5 120 66 0
0.5 0 62 65
0.5 120 62 0
0.5 0 69 0
0.5 0 79 62
0.5 0 81 73
0.5 120 79 0
0.5 0 78 58
0.5 120 78 0
0.5 0 81 0
0.5 0 74 59
0.5 120 74 0
0.5 120 67 48
0.5 0 69 58
0.5 120 67 0
0.5 0 66 47
0.5 120 66 0
0.5 0 69 0
0.5 0 62 46
0.5 120 62 0
0.5 120 55 37
0.5 0 57 44
0.5 120 55 0
0.5 0 54 33
0.5 120 54 0
0.5 0 57 0
0.5 0 50 38
0.5 120 54 32
0.5 120 54 0
0.5 0 50 0
0.5 0 55 35
0.5 480 55 0
1 0 0 0
0.5 1200 67 41
0.5 0 74 49
0.5 240 72 54
0.5 240 72 0
0.5 0 69 49
0.5 180 69 0
0.5 60 74 0
0.5 0 67 0
0.5 240 67 41
0.5 0 74 49
0.5 240 72 56
0.5 240 72 0
0.5 0 69 52
0.5 240 69 0
0.5 0 74 0
0.5 0 67 0
0.5 240 81 78
0.5 0 79 65
0.5 120 79 0
0.5 0 78 63
0.5 118 81 0
0.5 2 78 0
0.5 0 74 66
0.5 120 74 0
0.5 120 67 57
0.5 0 69 69
0.5 120 67 0
0.5 0 66 56
0.5 118 69 0
0.5 2 66 0
0.5 0 62 57
0.5 120 62 0
0.5 120 50 46
0.5 120 50 0
0.5 120 43 43
0.5 0 55 51
0.5 420 55 0
0.5 0 43 0
0.5 300 55 36
0.5 0 62 44
0.5 240 60 48
0.5 240 60 0
0.5 0 57 44
0.5 240 57 0
0.5 0 62 0
0.5 0 55 0
0.5 240 55 36
0.5 0 62 44
0.5 240 60 50
0.5 240 60 0
0.5 0 57 46
0.5 240 57 0
0.5 0 62 0
0.5 0 55 0
0.5 240 67 58
0.5 0 69 70
0.5 120 67 0
0.5 0 66 62
0.5 118 69 0
0.5 2 66 0
0.5 0 62 59
0.5 120 62 0
0.5 120 55 51
0.5 0 57 62
0.5 120 55 0
0.5 0 54 54
0.5 118 57 0
0.5 2 54 0
0.5 0 50 51
0.5 120 50 0
0.5 120 38 41
0.5 120 38 0
0.5 120 31 38
0.5 0 43 45
0.5 420 43 0
0.5 0 31 0
0.5 300 58 28
0.5 0 65 35
0.5 240 67 34
0.5 240 67 0
0.5 0 69 34
0.5 240 69 0
0.5 0 65 0
0.5 0 58 0
0.5 240 58 28
0.5 0 65 35
0.5 240 63 32
0.5 240 63 0
0.5 0 60 32
0.5 240 60 0
0.5 0 62 40
0.5 240 62 0
0.5 0 65 0
0.5 0 58 0
0.5 0 53 38
0.5 120 53 0
0.5 0 46 33
0.5 120 46 0
0.5 0 62 33
0.5 120 62 0
0.5 120 53 38
0.5 120 53 0
0.5 0 46 33
0.5 120 46 0
0.5 0 62 33
0.5 120 62 0
0.5 120 53 38
0.5 120 53 0
0.5 0 46 33
0.5 120 46 0
0.5 0 62 34
0.5 120 62 0
0.5 600 46 26
0.5 0 53 33
0.5 240 55 32
0.5 240 55 0
0.5 0 57 32
0.5 240 57 0
0.5 0 53 0
0.5 0 46 0
0.5 240 46 26
0.5 0 53 33
0.5 240 51 30
0.5 240 51 0
0.5 0 48 30
0.5 240 48 0
0.5 0 50 38
0.5 240 50 0
0.5 0 53 0
0.5 0 46 0
0.5 0 45 36
0.5 120 45 0
0.5 0 38 31
0.5 120 38 0
0.5 0 54 31
0.5 120 54 0
0.5 120 45 36
0.5 120 45 0
0.5 0 38 31
0.5 120 38 0
0.5 0 54 31
0.5 120 54 0
0.5 120 45 36
0.5 120 45 0
0.5 0 38 31
0.5 120 38 0
0.5 0 54 32
0.5 120 54 0
0.5 780 70 52
0.5 60 70 0
0.5 0 69 61
0.5 420 69 0
0.5 480 82 61
0.5 60 82 0
0.5 0 81 72
0.5 420 81 0
0.5 300 67 41
0.5 0 74 49
0.5 240 72 54
0.5 240 72 0
0.5 0 69 49
0.5 180 69 0
0.5 60 74 0
0.5 0 67 0
0.5 240 67 41
0.5 0 74 49
0.5 240 72 56
0.5 240 72 0
0.5 0 69 52
0.5 240 69 0
0.5 0 74 0
0.5 0 67 0
0.5 240 69 78
0.5 0 67 65
0.5 120 67 0
0.5 0 66 63
0.5 118 69 0
0.5 2 66 0
0.5 0 62 66
0.5 120 62 0
0.5 120 57 69
0.5 0 55 57
0.5 120 55 0
0.5 0 54 56
0.5 118 57 0
0.5 2 54 0
0.5 0 50 57
0.5 120 50 0
0.5 120 38 46
0.5 120 38 0
0.5 120 31 43
0.5 0 43 51
0.5 420 43 0
0.5 0 31 0
0.5 300 58 28
0.5 0 65 35
0.5 240 67 34
0.5 240 67 0
0.5 0 69 34
0.5 240 69 0
0.5 0 65 0
0.5 0 58 0
0.5 240 58 28
0.5 0 65 35
0.5 240 63 32
0.5 240 63 0
0.5 0 60 32
0.5 240 60 0
0.5 0 62 40
0.5 240 62 0
0.5 0 65 0
0.5 0 58 0
0.5 0 53 38
0.5 120 53 0
0.5 0 46 33
0.5 120 46 0
0.5 0 62 33
0.5 120 62 0
0.5 120 53 38
0.5 120 53 0
0.5 0 46 33
0.5 120 46 0
0.5 0 62 33
0.5 120 62 0
0.5 120 53 38
0.5 120 53 0
0.5 0 46 33
0.5 120 46 0
0.5 0 62 34
0.5 120 62 0
0.5 600 46 26
0.5 0 53 33
0.5 240 55 32
0.5 240 55 0
0.5 0 57 32
0.5 240 57 0
0.5 0 53 0
0.5 0 46 0
0.5 240 46 26
0.5 0 53 33
0.5 240 51 30
0.5 240 51 0
0.5 0 48 30
0.5 240 48 0
0.5 0 50 38
0.5 240 50 0
0.5 0 53 0
0.5 0 46 0
0.5 0 45 36
0.5 120 45 0
0.5 0 38 31
0.5 120 38 0
0.5 0 54 31
0.5 120 54 0
0.5 120 45 36
0.5 120 45 0
0.5 0 38 31
0.5 120 38 0
0.5 0 54 31
0.5 120 54 0
0.5 120 45 36
0.5 120 45 0
0.5 0 38 31
0.5 120 38 0
0.5 0 54 32
0.5 120 54 0
0.5 780 70 52
0.5 60 70 0
0.5 0 69 61
0.5 420 69 0
0.5 480 82 61
0.5 60 82 0
0.5 0 81 72
0.5 420 81 0
0.5 300 67 39
0.5 0 74 48
0.5 240 72 52
0.5 240 72 0
0.5 0 69 48
0.5 238 74 0
0.5 2 69 0
0.5 0 67 0
0.5 240 55 36
0.5 0 62 44
0.5 240 60 50
0.5 240 60 0
0.5 0 57 46
0.5 240 57 0
0.5 0 62 0
0.5 0 55 0
0.5 240 67 55
0.5 0 69 66
0.5 120 67 0
0.5 0 66 51
0.5 118 69 0
0.5 2 66 0
0.5 0 62 53
0.5 120 62 0
0.5 120 55 43
0.5 0 57 52
0.5 120 55 0
0.5 0 54 37
0.5 118 57 0
0.5 2 54 0
0.5 0 50 40
0.5 120 50 0
0.5 120 38 30
0.5 120 38 0
0.5 120 31 26
0.5 0 43 31
0.5 480 43 0
0.5 0 31 0
0 1006 64 127
0 446 64 0
0 114 64 127
0 124 64 0
0 82 64 127
0 109 64 0
0 85 64 127
0 446 64 0
0 114 64 127
0 124 64 0
0 82 64 127
0 95 64 0
0 53 64 127
0 487 64 0
0 43 64 127
0 430 64 0
0 86 64 127
0 404 64 0
0 105 64 127
0 295 64 0
0 116 64 127
0 446 64 0
0 114 64 127
0 124 64 0
0 82 64 127
0 109 64 0
0 85 64 127
0 446 64 0
0 114 64 127
0 124 64 0
0 82 64 127
0 95 64 0
0 53 64 127
0 487 64 0
0 43 64 127
0 430 64 0
0 86 64 127
0 404 64 0
0 105 64 127
0 295 64 0
0 395 64 127
0 168 64 0
0 121 64 127
0 353 64 0
0 85 64 127
0 399 64 0
0 81 64 127
0 388 64 0
0 85 64 127
0 163 64 0
0 105 64 127
0 1334 64 0
0 558 64 127
0 163 64 0
0 126 64 127
0 353 64 0
0 85 64 127
0 399 64 0
0 81 64 127
0 388 64 0
0 92 64 127
0 155 64 0
0 106 64 127
0 1327 64 0
0 2206 64 127
0 446 64 0
0 114 64 127
0 124 64 0
0 82 64 127
0 109 64 0
0 85 64 127
0 446 64 0
0 114 64 127
0 124 64 0
0 82 64 127
0 95 64 0
0 53 64 127
0 487 64 0
0 43 64 127
0 430 64 0
0 86 64 127
0 404 64 0
0 105 64 127
0 295 64 0
0 395 64 127
0 168 64 0
0 121 64 127
0 353 64 0
0 85 64 127
0 399 64 0
0 81 64 127
0 388 64 0
0 85 64 127
0 163 64 0
0 105 64 127
0 1334 64 0
0 558 64 127
0 163 64 0
0 126 64 127
0 353 64 0
0 85 64 127
0 399 64 0
0 81 64 127
0 388 64 0
0 92 64 127
0 155 64 0
0 106 64 127
0 1327 64 0
0 2206 64 127
0 446 64 0
0 114 64 127
0 124 64 0
0 82 64 127
0 109 64 0
0 85 64 127
0 446 64 0
0 114 64 127
0 124 64 0
0 82 64 127
0 95 64 0
0 53 64 127
0 487 64 0
0 43 64 127
0 430 64 0
0 86 64 127
0 406 64 0
0 103 64 127
0 365 64 0
1 0 0 0
