0.5 1440 63 72
0.5 360 63 0
0.5 0 60 66
0.5 120 60 0
0.5 0 68 72
0.5 360 68 0
0.5 0 68 65
0.5 120 68 0
0.5 0 68 72
0.5 60 68 0
0.5 0 70 62
0.5 60 70 0
0.5 0 68 72
0.5 60 68 0
0.5 0 70 58
0.5 60 70 0
0.5 0 68 69
0.5 40 68 0
0.5 0 70 59
0.5 40 70 0
0.5 0 68 69
0.5 40 68 0
0.5 0 67 65
0.5 60 67 0
0.5 0 68 58
0.5 60 68 0
0.5 0 70 72
0.5 480 70 0
0.5 0 63 72
0.5 360 63 0
0.5 0 75 68
0.5 120 75 0
0.5 0 73 82
0.5 960 73 0
0.5 0 72 72
0.5 180 72 0
0.5 300 68 49
0.5 360 68 0
0.5 0 77 44
0.5 120 77 0
0.5 0 75 55
0.5 960 75 0
0.5 0 73 49
0.5 180 73 0
0.5 300 63 72
0.5 360 63 0
0.5 0 75 68
0.5 120 75 0
0.5 0 73 82
0.5 960 73 0
0.5 0 72 72
0.5 180 72 0
0.5 300 80 81
0.5 360 80 0
0.5 0 72 68
0.5 120 72 0
0.5 0 70 79
0.5 360 70 0
0.5 0 70 65
0.5 120 70 0
0.5 0 70 72
0.5 60 70 0
0.5 0 72 62
0.5 60 72 0
0.5 0 70 72
0.5 60 70 0
0.5 0 72 58
0.5 60 72 0
0.5 0 70 69
0.5 40 70 0
0.5 0 72 59
0.5 40 72 0
0.5 0 70 69
0.5 40 70 0
0.5 0 69 65
0.5 60 69 0
0.5 0 70 58
0.5 60 70 0
0.5 0 73 78
0.5 360 73 0
0.5 0 70 71
0.5 120 70 0
0.5 0 67 79
0.5 360 67 0
0.5 0 63 72
0.5 120 63 0
0.5 0 68 81
0.5 360 68 0
0.5 1080 63 72
0.5 360 63 0
0.5 0 60 66
0.5 120 60 0
0.5 0 68 72
0.5 360 68 0
0.5 0 68 65
0.5 120 68 0
0.5 0 68 72
0.5 60 68 0
0.5 0 70 62
0.5 60 70 0
0.5 0 68 72
0.5 60 68 0
0.5 0 70 58
0.5 60 70 0
0.5 0 68 69
0.5 40 68 0
0.5 0 70 59
0.5 40 70 0
0.5 0 68 69
0.5 40 68 0
0.5 0 67 65
0.5 60 67 0
0.5 0 68 58
0.5 60 68 0
0.5 0 70 72
0.5 480 70 0
0.5 0 63 72
0.5 360 63 0
0.5 0 75 68
0.5 120 75 0
0.5 0 73 82
0.5 960 73 0
0.5 0 72 72
0.5 180 72 0
0.5 300 68 76
0.5 360 68 0
0.5 0 80 69
0.5 120 80 0
0.5 0 79 79
0.5 480 79 0
0.5 0 77 68
0.5 120 77 0
0.5 240 80 78
0.5 120 80 0
0.5 0 77 73
0.5 480 77 0
0.5 0 75 76
0.5 120 75 0
0.5 240 80 69
0.5 120 80 0
0.5 0 75 79
0.5 480 75 0
0.5 0 73 68
0.5 120 73 0
0.5 240 80 78
0.5 120 80 0
0.5 0 73 73
0.5 480 73 0
0.5 0 72 76
0.5 120 72 0
0.5 240 80 69
0.5 120 80 0
0.5 0 72 74
0.5 360 72 0
0.5 0 70 66
0.5 120 70 0
0.5 0 73 73
0.5 360 73 0
0.5 0 77 66
0.5 120 77 0
0.5 0 75 76
0.5 480 75 0
0.5 0 67 69
0.5 450 67 0
0.5 0 67 46
0.5 30 67 0
0.5 0 68 73
0.5 120 68 0
0.5 330 67 53
0.5 30 67 0
0.5 0 68 73
0.5 120 68 0
0.5 330 67 55
0.5 30 67 0
0.5 0 68 73
0.5 120 68 0
0.5 330 69 55
0.5 30 69 0
0.5 0 70 79
0.5 120 70 0
0.5 360 71 76
0.5 480 71 0
0.5 0 72 69
0.5 480 72 0
0.5 0 68 61
0.5 930 71 46
0.5 30 71 0
0.5 0 68 0
0.5 0 72 73
0.5 120 72 0
0.5 330 71 53
0.5 30 71 0
0.5 0 72 73
0.5 120 72 0
0.5 330 71 55
0.5 30 71 0
0.5 0 72 73
0.5 120 72 0
0.5 360 75 79
0.5 120 75 0
0.5 0 73 71
0.5 120 73 0
0.5 0 72 76
0.5 120 72 0
0.5 0 73 69
0.5 120 73 0
0.5 0 75 79
0.5 960 75 0
0.5 0 72 68
0.5 960 72 0
0.5 0 80 92
0.5 480 80 0
0.5 0 80 85
0.5 160 80 0
0.5 0 84 72
0.5 160 84 0
0.5 0 87 72
0.5 160 87 0
0.5 0 78 82
0.5 960 78 0
0.5 0 77 92
0.5 480 77 0
0.5 0 77 85
0.5 160 77 0
0.5 0 82 72
0.5 160 82 0
0.5 0 85 72
0.5 160 85 0
0.5 0 75 82
0.5 720 75 0
0.5 0 77 75
0.5 120 77 0
0.5 0 79 82
0.5 120 79 0
0.5 0 80 94
0.5 480 80 0
0.5 0 80 81
0.5 160 80 0
0.5 0 82 72
0.5 160 82 0
0.5 0 84 66
0.5 160 84 0
0.5 0 73 84
0.5 960 73 0
0.5 0 72 81
0.5 160 72 0
0.5 0 75 71
0.5 160 75 0
0.5 0 73 71
0.5 160 73 0
0.5 0 72 66
0.5 160 72 0
0.5 0 84 78
0.5 160 84 0
0.5 0 82 71
0.5 160 82 0
0.5 0 80 71
0.5 160 80 0
0.5 0 79 78
0.5 160 79 0
0.5 0 77 68
0.5 160 77 0
0.5 0 75 79
0.5 160 75 0
0.5 0 73 71
0.5 160 73 0
0.5 0 72 71
0.5 160 72 0
0.5 0 75 81
0.5 360 75 0
0.5 0 72 58
0.5 120 72 0
0.5 0 70 70
0.5 360 70 0
0.5 600 70 72
0.5 360 70 0
0.5 0 67 66
0.5 120 67 0
0.5 0 75 72
0.5 360 75 0
0.5 0 75 65
0.5 120 75 0
0.5 0 75 72
0.5 60 75 0
0.5 0 77 62
0.5 60 77 0
0.5 0 75 72
0.5 60 75 0
0.5 0 77 58
0.5 60 77 0
0.5 0 75 69
0.5 40 75 0
0.5 0 77 59
0.5 40 77 0
0.5 0 75 69
0.5 40 75 0
0.5 0 74 65
0.5 60 74 0
0.5 0 75 58
0.5 60 75 0
0.5 0 77 72
0.5 240 77 0
0.5 240 74 72
0.5 360 74 0
0.5 0 70 66
0.5 120 70 0
0.5 0 77 72
0.5 360 77 0
0.5 0 77 65
0.5 120 77 0
0.5 0 77 72
0.5 60 77 0
0.5 0 79 62
0.5 60 79 0
0.5 0 77 72
0.5 60 77 0
0.5 0 79 58
0.5 60 79 0
0.5 0 77 69
0.5 40 77 0
0.5 0 79 59
0.5 40 79 0
0.5 0 77 69
0.5 40 77 0
0.5 0 75 65
0.5 60 75 0
0.5 0 77 58
0.5 60 77 0
0.5 0 79 72
0.5 360 79 0
0.5 0 79 65
0.5 120 79 0
0.5 0 79 73
0.5 60 79 0
0.5 0 80 63
0.5 60 80 0
0.5 0 79 73
0.5 60 79 0
0.5 0 80 59
0.5 60 80 0
0.5 0 79 71
0.5 40 79 0
0.5 0 80 60
0.5 40 80 0
0.5 0 79 72
0.5 40 79 0
0.5 0 77 68
0.5 60 77 0
0.5 0 79 60
0.5 60 79 0
0.5 0 80 76
0.5 360 80 0
0.5 0 80 69
0.5 120 80 0
0.5 0 80 78
0.5 60 80 0
0.5 0 82 66
0.5 60 82 0
0.5 0 80 78
0.5 60 80 0
0.5 0 82 63
0.5 60 82 0
0.5 0 80 75
0.5 40 80 0
0.5 0 82 65
0.5 40 82 0
0.5 0 80 76
0.5 40 80 0
0.5 0 79 71
0.5 60 79 0
0.5 0 80 63
0.5 60 80 0
0.5 0 82 81
0.5 360 82 0
0.5 0 82 73
0.5 120 82 0
0.5 0 82 82
0.5 60 82 0
0.5 0 84 71
0.5 60 84 0
0.5 0 82 82
0.5 60 82 0
0.5 0 84 66
0.5 60 84 0
0.5 0 82 79
0.5 40 82 0
0.5 0 84 68
0.5 40 84 0
0.5 0 82 81
0.5 40 82 0
0.5 0 80 75
0.5 60 80 0
0.5 0 82 66
0.5 60 82 0
0.5 0 84 85
0.5 1440 84 0
0.5 0 76 79
0.5 480 76 0
0.5 0 77 81
0.5 160 77 0
0.5 0 80 71
0.5 160 80 0
0.5 0 79 71
0.5 160 79 0
0.5 0 77 66
0.5 160 77 0
0.5 0 84 77
0.5 160 84 0
0.5 0 82 69
0.5 160 82 0
0.5 0 80 69
0.5 160 80 0
0.5 0 79 65
0.5 160 79 0
0.5 0 77 64
0.5 160 77 0
0.5 0 75 73
0.5 160 75 0
0.5 0 74 66
0.5 160 74 0
0.5 0 72 65
0.5 160 72 0
0.5 0 82 85
0.5 1440 82 0
0.5 0 74 79
0.5 480 74 0
0.5 0 75 81
0.5 160 75 0
0.5 0 79 71
0.5 160 79 0
0.5 0 77 71
0.5 160 77 0
0.5 0 75 66
0.5 160 75 0
0.5 0 82 78
0.5 160 82 0
0.5 0 80 70
0.5 160 80 0
0.5 0 79 70
0.5 160 79 0
0.5 0 77 66
0.5 160 77 0
0.5 0 75 66
0.5 160 75 0
0.5 0 74 77
0.5 160 74 0
0.5 0 72 70
0.5 160 72 0
0.5 0 70 65
0.5 160 70 0
0.5 0 80 85
0.5 1440 80 0
0.5 0 79 76
0.5 160 79 0
0.5 0 77 68
0.5 160 77 0
0.5 0 75 58
0.5 140 75 0
0.5 20 75 72
0.5 240 75 0
0.5 0 74 58
0.5 220 74 0
0.5 20 74 62
0.5 960 74 0
0.5 0 75 72
0.5 480 75 0
0.5 0 77 85
0.5 160 77 0
0.5 0 79 72
0.5 160 79 0
0.5 0 80 66
0.5 140 80 0
0.5 20 80 85
0.5 960 80 0
0.5 0 79 76
0.5 160 79 0
0.5 0 77 68
0.5 160 77 0
0.5 0 75 58
0.5 140 75 0
0.5 20 75 72
0.5 240 75 0
0.5 0 74 58
0.5 220 74 0
0.5 20 74 62
0.5 960 74 0
0.5 0 75 72
0.5 480 75 0
0.5 0 77 85
0.5 160 77 0
0.5 0 79 72
0.5 160 79 0
0.5 0 80 66
0.5 140 80 0
0.5 20 80 85
0.5 960 80 0
0.5 0 79 76
0.5 480 79 0
0.5 0 77 66
0.5 160 77 0
0.5 0 84 81
0.5 160 84 0
0.5 0 82 73
0.5 160 82 0
0.5 0 80 73
0.5 160 80 0
0.5 0 79 69
0.5 160 79 0
0.5 0 77 64
0.5 160 77 0
0.5 0 75 79
0.5 480 75 0
0.5 0 74 60
0.5 480 74 0
0.5 0 74 68
0.5 960 74 0
0.5 0 75 50
0.5 480 75 0
0.5 480 56 68
0.5 1120 56 0
0.5 0 60 65
0.5 160 60 0
0.5 0 58 56
0.5 160 58 0
0.5 0 56 66
0.5 80 56 0
0.5 80 56 58
0.5 80 56 0
0.5 80 56 58
0.5 80 56 0
0.5 80 56 68
0.5 1120 56 0
0.5 0 65 65
0.5 160 65 0
0.5 0 62 56
0.5 160 62 0
0.5 0 56 66
0.5 80 56 0
0.5 80 56 58
0.5 80 56 0
0.5 80 56 58
0.5 80 56 0
0.5 80 55 60
0.5 160 55 0
0.5 0 58 49
0.5 160 58 0
0.5 0 63 49
0.5 80 63 0
0.5 80 63 56
0.5 80 63 0
0.5 80 63 49
0.5 80 63 0
0.5 80 63 49
0.5 80 63 0
0.5 80 62 60
0.5 160 62 0
0.5 0 65 49
0.5 160 65 0
0.5 0 68 49
0.5 80 68 0
0.5 80 68 56
0.5 80 68 0
0.5 80 68 49
0.5 80 68 0
0.5 80 68 49
0.5 80 68 0
0.5 80 67 69
0.5 160 67 0
0.5 0 70 56
0.5 160 70 0
0.5 0 75 56
0.5 80 75 0
0.5 80 75 63
0.5 80 75 0
0.5 80 75 56
0.5 80 75 0
0.5 80 75 56
0.5 80 75 0
0.5 80 74 75
0.5 160 74 0
0.5 0 77 61
0.5 160 77 0
0.5 0 80 61
0.5 80 80 0
0.5 80 80 68
0.5 80 80 0
0.5 80 80 61
0.5 80 80 0
0.5 80 80 61
0.5 80 80 0
0.5 80 79 78
0.5 160 79 0
0.5 0 80 70
0.5 160 80 0
0.5 0 82 60
0.5 160 82 0
0.5 0 80 69
0.5 160 80 0
0.5 0 79 66
0.5 160 79 0
0.5 0 77 66
0.5 160 77 0
0.5 0 75 69
0.5 160 75 0
0.5 0 74 62
0.5 160 74 0
0.5 0 72 60
0.5 160 72 0
0.5 0 70 69
0.5 160 70 0
0.5 0 68 62
0.5 160 68 0
0.5 0 67 62
0.5 160 67 0
0.5 0 65 68
0.5 720 65 0
0.5 0 72 52
0.5 240 72 0
0.5 0 63 59
0.5 480 63 0
0.5 0 62 52
0.5 480 62 0
0.5 0 75 81
0.5 1440 75 0
0.5 0 77 73
0.5 0 74 62
0.5 480 74 0
0.5 0 77 0
0.5 0 79 81
0.5 0 75 68
0.5 1440 75 0
0.5 0 79 0
0.5 0 80 73
0.5 0 77 62
0.5 480 77 0
0.5 0 80 0
0.5 0 79 62
0.5 0 82 73
0.5 160 82 0
0.5 0 79 0
0.5 0 80 65
0.5 0 77 55
0.5 160 77 0
0.5 0 80 0
0.5 0 82 65
0.5 0 79 55
0.5 160 79 0
0.5 0 82 0
0.5 0 80 61
0.5 0 84 72
0.5 160 84 0
0.5 0 80 0
0.5 0 79 54
0.5 0 82 64
0.5 160 82 0
0.5 0 79 0
0.5 0 77 54
0.5 0 80 64
0.5 160 80 0
0.5 0 77 0
0.5 0 79 70
0.5 0 75 59
0.5 480 75 0
0.5 0 79 0
0.5 0 77 65
0.5 0 74 55
0.5 480 74 0
0.5 0 77 0
0.5 0 75 81
0.5 1440 75 0
0.5 0 77 73
0.5 0 74 62
0.5 480 74 0
0.5 0 77 0
0.5 0 79 81
0.5 0 75 68
0.5 1440 75 0
0.5 0 79 0
0.5 0 80 73
0.5 0 77 62
0.5 480 77 0
0.5 0 80 0
0.5 0 79 62
0.5 0 82 73
0.5 160 82 0
0.5 0 79 0
0.5 0 80 65
0.5 0 77 55
0.5 160 77 0
0.5 0 80 0
0.5 0 82 65
0.5 0 79 55
0.5 160 79 0
0.5 0 82 0
0.5 0 80 61
0.5 0 84 72
0.5 160 84 0
0.5 0 80 0
0.5 0 79 54
0.5 0 82 64
0.5 160 82 0
0.5 0 79 0
0.5 0 77 54
0.5 0 80 64
0.5 160 80 0
0.5 0 77 0
0.5 0 79 70
0.5 0 75 59
0.5 480 75 0
0.5 0 79 0
0.5 0 77 65
0.5 0 74 55
0.5 480 74 0
0.5 0 77 0
0.5 0 75 60
0.5 1380 75 0
0.5 0 79 68
0.5 60 79 0
0.5 0 77 54
0.5 480 77 0
0.5 0 75 60
0.5 480 75 0
0.5 0 75 54
0.5 480 75 0
0.5 0 75 54
0.5 480 75 0
0.5 0 80 58
0.5 120 80 0
0.5 0 77 52
0.5 360 77 0
0.5 0 82 58
0.5 480 82 0
0.5 0 82 53
0.5 480 82 0
0.5 0 82 52
0.5 480 82 0
0.5 0 80 57
0.5 120 80 0
0.5 0 77 51
0.5 360 77 0
0.5 0 75 57
0.5 1380 75 0
0.5 0 79 60
0.5 60 79 0
0.5 0 77 50
0.5 480 77 0
0.5 0 75 55
0.5 480 75 0
0.5 0 75 50
0.5 480 75 0
0.5 0 75 50
0.5 480 75 0
0.5 0 80 54
0.5 120 80 0
0.5 0 77 49
0.5 360 77 0
0.5 0 82 54
0.5 480 82 0
0.5 0 82 49
0.5 480 82 0
0.5 0 82 48
0.5 480 82 0
0.5 0 80 53
0.5 120 80 0
0.5 0 77 48
0.5 360 77 0
0.5 0 75 52
0.5 1380 75 0
0.5 0 79 50
0.5 60 79 0
0.5 0 77 41
0.5 480 77 0
0.5 0 75 48
0.5 480 75 0
0.5 0 79 36
0.5 0 82 43
0.5 480 82 0
0.5 0 79 0
0.5 0 79 36
0.5 0 82 43
0.5 480 82 0
0.5 0 79 0
0.5 1920 63 72
0.5 360 63 0
0.5 0 60 66
0.5 120 60 0
0.5 0 68 72
0.5 360 68 0
0.5 0 68 65
0.5 120 68 0
0.5 0 68 72
0.5 60 68 0
0.5 0 70 62
0.5 60 70 0
0.5 0 68 72
0.5 60 68 0
0.5 0 70 58
0.5 60 70 0
0.5 0 68 69
0.5 40 68 0
0.5 0 70 59
0.5 40 70 0
0.5 0 68 69
0.5 40 68 0
0.5 0 67 65
0.5 60 67 0
0.5 0 68 58
0.5 60 68 0
0.5 0 70 72
0.5 480 70 0
0.5 0 63 72
0.5 360 63 0
0.5 0 75 68
0.5 120 75 0
0.5 0 73 82
0.5 960 73 0
0.5 0 72 72
0.5 180 72 0
0.5 300 68 49
0.5 360 68 0
0.5 0 77 44
0.5 120 77 0
0.5 0 75 55
0.5 960 75 0
0.5 0 73 49
0.5 180 73 0
0.5 300 63 72
0.5 360 63 0
0.5 0 75 68
0.5 120 75 0
0.5 0 73 82
0.5 960 73 0
0.5 0 72 72
0.5 180 72 0
0.5 300 80 81
0.5 360 80 0
0.5 0 72 68
0.5 120 72 0
0.5 0 70 79
0.5 360 70 0
0.5 0 70 65
0.5 120 70 0
0.5 0 70 72
0.5 60 70 0
0.5 0 72 62
0.5 60 72 0
0.5 0 70 72
0.5 60 70 0
0.5 0 72 58
0.5 60 72 0
0.5 0 70 69
0.5 40 70 0
0.5 0 72 59
0.5 40 72 0
0.5 0 70 69
0.5 40 70 0
0.5 0 69 65
0.5 60 69 0
0.5 0 70 58
0.5 60 70 0
0.5 0 73 78
0.5 360 73 0
0.5 0 70 71
0.5 120 70 0
0.5 0 67 79
0.5 360 67 0
0.5 0 63 72
0.5 120 63 0
0.5 0 68 81
0.5 360 68 0
0.5 1080 63 72
0.5 360 63 0
0.5 0 60 66
0.5 120 60 0
0.5 0 68 72
0.5 360 68 0
0.5 0 68 65
0.5 120 68 0
0.5 0 68 72
0.5 60 68 0
0.5 0 70 62
0.5 60 70 0
0.5 0 68 72
0.5 60 68 0
0.5 0 70 58
0.5 60 70 0
0.5 0 68 69
0.5 40 68 0
0.5 0 70 59
0.5 40 70 0
0.5 0 68 69
0.5 40 68 0
0.5 0 67 65
0.5 60 67 0
0.5 0 68 58
0.5 60 68 0
0.5 0 70 72
0.5 480 70 0
0.5 0 63 72
0.5 360 63 0
0.5 0 75 68
0.5 120 75 0
0.5 0 73 82
0.5 960 73 0
0.5 0 72 72
0.5 180 72 0
0.5 300 68 76
0.5 360 68 0
0.5 0 80 69
0.5 120 80 0
0.5 0 79 79
0.5 480 79 0
0.5 0 77 68
0.5 120 77 0
0.5 240 80 78
0.5 120 80 0
0.5 0 77 73
0.5 480 77 0
0.5 0 75 76
0.5 120 75 0
0.5 240 80 69
0.5 120 80 0
0.5 0 75 79
0.5 480 75 0
0.5 0 73 68
0.5 120 73 0
0.5 240 80 78
0.5 120 80 0
0.5 0 73 73
0.5 480 73 0
0.5 0 72 76
0.5 120 72 0
0.5 240 80 69
0.5 120 80 0
0.5 0 72 74
0.5 360 72 0
0.5 0 70 66
0.5 120 70 0
0.5 0 73 73
0.5 360 73 0
0.5 0 77 66
0.5 120 77 0
0.5 0 75 76
0.5 480 75 0
0.5 0 67 69
0.5 450 67 0
0.5 0 67 46
0.5 30 67 0
0.5 0 68 73
0.5 120 68 0
0.5 330 67 53
0.5 30 67 0
0.5 0 68 73
0.5 120 68 0
0.5 330 67 55
0.5 30 67 0
0.5 0 68 73
0.5 120 68 0
0.5 330 69 55
0.5 30 69 0
0.5 0 70 79
0.5 120 70 0
0.5 360 71 76
0.5 480 71 0
0.5 0 72 69
0.5 480 72 0
0.5 0 68 61
0.5 930 71 46
0.5 30 71 0
0.5 0 68 0
0.5 0 72 73
0.5 120 72 0
0.5 330 71 53
0.5 30 71 0
0.5 0 72 73
0.5 120 72 0
0.5 330 71 55
0.5 30 71 0
0.5 0 72 73
0.5 120 72 0
0.5 360 75 79
0.5 120 75 0
0.5 0 73 71
0.5 120 73 0
0.5 0 72 76
0.5 120 72 0
0.5 0 73 69
0.5 120 73 0
0.5 0 75 79
0.5 960 75 0
0.5 0 72 68
0.5 960 72 0
0.5 0 80 92
0.5 480 80 0
0.5 0 80 85
0.5 160 80 0
0.5 0 84 72
0.5 160 84 0
0.5 0 87 72
0.5 160 87 0
0.5 0 78 82
0.5 960 78 0
0.5 0 77 92
0.5 480 77 0
0.5 0 77 85
0.5 160 77 0
0.5 0 82 72
0.5 160 82 0
0.5 0 85 72
0.5 160 85 0
0.5 0 75 82
0.5 720 75 0
0.5 0 77 75
0.5 120 77 0
0.5 0 79 82
0.5 120 79 0
0.5 0 80 94
0.5 480 80 0
0.5 0 80 81
0.5 160 80 0
0.5 0 82 72
0.5 160 82 0
0.5 0 84 66
0.5 160 84 0
0.5 0 73 84
0.5 960 73 0
0.5 0 72 81
0.5 160 72 0
0.5 0 75 71
0.5 160 75 0
0.5 0 73 71
0.5 160 73 0
0.5 0 72 66
0.5 160 72 0
0.5 0 84 78
0.5 160 84 0
0.5 0 82 71
0.5 160 82 0
0.5 0 80 71
0.5 160 80 0
0.5 0 79 78
0.5 160 79 0
0.5 0 77 68
0.5 160 77 0
0.5 0 75 79
0.5 160 75 0
0.5 0 73 71
0.5 160 73 0
0.5 0 72 71
0.5 160 72 0
0.5 0 75 81
0.5 360 75 0
0.5 0 72 58
0.5 120 72 0
0.5 0 70 70
0.5 360 70 0
0.5 600 70 72
0.5 360 70 0
0.5 0 67 66
0.5 120 67 0
0.5 0 75 72
0.5 360 75 0
0.5 0 75 65
0.5 120 75 0
0.5 0 75 72
0.5 60 75 0
0.5 0 77 62
0.5 60 77 0
0.5 0 75 72
0.5 60 75 0
0.5 0 77 58
0.5 60 77 0
0.5 0 75 69
0.5 40 75 0
0.5 0 77 59
0.5 40 77 0
0.5 0 75 69
0.5 40 75 0
0.5 0 74 65
0.5 60 74 0
0.5 0 75 58
0.5 60 75 0
0.5 0 77 72
0.5 240 77 0
0.5 240 74 72
0.5 360 74 0
0.5 0 70 66
0.5 120 70 0
0.5 0 77 72
0.5 360 77 0
0.5 0 77 65
0.5 120 77 0
0.5 0 77 72
0.5 60 77 0
0.5 0 79 62
0.5 60 79 0
0.5 0 77 72
0.5 60 77 0
0.5 0 79 58
0.5 60 79 0
0.5 0 77 69
0.5 40 77 0
0.5 0 79 59
0.5 40 79 0
0.5 0 77 69
0.5 40 77 0
0.5 0 75 65
0.5 60 75 0
0.5 0 77 58
0.5 60 77 0
0.5 0 79 72
0.5 360 79 0
0.5 0 79 65
0.5 120 79 0
0.5 0 79 73
0.5 60 79 0
0.5 0 80 63
0.5 60 80 0
0.5 0 79 73
0.5 60 79 0
0.5 0 80 59
0.5 60 80 0
0.5 0 79 71
0.5 40 79 0
0.5 0 80 60
0.5 40 80 0
0.5 0 79 72
0.5 40 79 0
0.5 0 77 68
0.5 60 77 0
0.5 0 79 60
0.5 60 79 0
0.5 0 80 76
0.5 360 80 0
0.5 0 80 69
0.5 120 80 0
0.5 0 80 78
0.5 60 80 0
0.5 0 82 66
0.5 60 82 0
0.5 0 80 78
0.5 60 80 0
0.5 0 82 63
0.5 60 82 0
0.5 0 80 75
0.5 40 80 0
0.5 0 82 65
0.5 40 82 0
0.5 0 80 76
0.5 40 80 0
0.5 0 79 71
0.5 60 79 0
0.5 0 80 63
0.5 60 80 0
0.5 0 82 81
0.5 360 82 0
0.5 0 82 73
0.5 120 82 0
0.5 0 82 82
0.5 60 82 0
0.5 0 84 71
0.5 60 84 0
0.5 0 82 82
0.5 60 82 0
0.5 0 84 66
0.5 60 84 0
0.5 0 82 79
0.5 40 82 0
0.5 0 84 68
0.5 40 84 0
0.5 0 82 81
0.5 40 82 0
0.5 0 80 75
0.5 60 80 0
0.5 0 82 66
0.5 60 82 0
0.5 0 84 85
0.5 1440 84 0
0.5 0 76 79
0.5 480 76 0
0.5 0 77 81
0.5 160 77 0
0.5 0 80 71
0.5 160 80 0
0.5 0 79 71
0.5 160 79 0
0.5 0 77 66
0.5 160 77 0
0.5 0 84 77
0.5 160 84 0
0.5 0 82 69
0.5 160 82 0
0.5 0 80 69
0.5 160 80 0
0.5 0 79 65
0.5 160 79 0
0.5 0 77 64
0.5 160 77 0
0.5 0 75 73
0.5 160 75 0
0.5 0 74 66
0.5 160 74 0
0.5 0 72 65
0.5 160 72 0
0.5 0 82 85
0.5 1440 82 0
0.5 0 74 79
0.5 480 74 0
0.5 0 75 81
0.5 160 75 0
0.5 0 79 71
0.5 160 79 0
0.5 0 77 71
0.5 160 77 0
0.5 0 75 66
0.5 160 75 0
0.5 0 82 78
0.5 160 82 0
0.5 0 80 70
0.5 160 80 0
0.5 0 79 70
0.5 160 79 0
0.5 0 77 66
0.5 160 77 0
0.5 0 75 66
0.5 160 75 0
0.5 0 74 77
0.5 160 74 0
0.5 0 72 70
0.5 160 72 0
0.5 0 70 65
0.5 160 70 0
0.5 0 80 85
0.5 1440 80 0
0.5 0 79 76
0.5 160 79 0
0.5 0 77 68
0.5 160 77 0
0.5 0 75 58
0.5 140 75 0
0.5 20 75 72
0.5 240 75 0
0.5 0 74 58
0.5 220 74 0
0.5 20 74 62
0.5 960 74 0
0.5 0 75 72
0.5 480 75 0
0.5 0 77 85
0.5 160 77 0
0.5 0 79 72
0.5 160 79 0
0.5 0 80 66
0.5 140 80 0
0.5 20 80 85
0.5 960 80 0
0.5 0 79 76
0.5 160 79 0
0.5 0 77 68
0.5 160 77 0
0.5 0 75 58
0.5 140 75 0
0.5 20 75 72
0.5 240 75 0
0.5 0 74 58
0.5 220 74 0
0.5 20 74 62
0.5 960 74 0
0.5 0 75 72
0.5 480 75 0
0.5 0 77 85
0.5 160 77 0
0.5 0 79 72
0.5 160 79 0
0.5 0 80 66
0.5 140 80 0
0.5 20 80 85
0.5 960 80 0
0.5 0 79 76
0.5 480 79 0
0.5 0 77 66
0.5 160 77 0
0.5 0 84 81
0.5 160 84 0
0.5 0 82 73
0.5 160 82 0
0.5 0 80 73
0.5 160 80 0
0.5 0 79 69
0.5 160 79 0
0.5 0 77 64
0.5 160 77 0
0.5 0 75 79
0.5 480 75 0
0.5 0 74 60
0.5 480 74 0
0.5 0 74 68
0.5 960 74 0
0.5 0 75 50
0.5 480 75 0
0.5 480 56 68
0.5 1120 56 0
0.5 0 60 65
0.5 160 60 0
0.5 0 58 56
0.5 160 58 0
0.5 0 56 66
0.5 80 56 0
0.5 80 56 58
0.5 80 56 0
0.5 80 56 58
0.5 80 56 0
0.5 80 56 68
0.5 1120 56 0
0.5 0 65 65
0.5 160 65 0
0.5 0 62 56
0.5 160 62 0
0.5 0 56 66
0.5 80 56 0
0.5 80 56 58
0.5 80 56 0
0.5 80 56 58
0.5 80 56 0
0.5 80 55 60
0.5 160 55 0
0.5 0 58 49
0.5 160 58 0
0.5 0 63 49
0.5 80 63 0
0.5 80 63 56
0.5 80 63 0
0.5 80 63 49
0.5 80 63 0
0.5 80 63 49
0.5 80 63 0
0.5 80 62 60
0.5 160 62 0
0.5 0 65 49
0.5 160 65 0
0.5 0 68 49
0.5 80 68 0
0.5 80 68 56
0.5 80 68 0
0.5 80 68 49
0.5 80 68 0
0.5 80 68 49
0.5 80 68 0
0.5 80 67 69
0.5 160 67 0
0.5 0 70 56
0.5 160 70 0
0.5 0 75 56
0.5 80 75 0
0.5 80 75 63
0.5 80 75 0
0.5 80 75 56
0.5 80 75 0
0.5 80 75 56
0.5 80 75 0
0.5 80 74 69
0.5 160 74 0
0.5 0 77 56
0.5 160 77 0
0.5 0 80 56
0.5 80 80 0
0.5 80 80 69
0.5 80 80 0
0.5 80 80 56
0.5 80 80 0
0.5 80 80 56
0.5 80 80 0
0.5 80 79 79
0.5 160 79 0
0.5 0 80 70
0.5 160 80 0
0.5 0 82 60
0.5 160 82 0
0.5 0 80 69
0.5 160 80 0
0.5 0 79 66
0.5 160 79 0
0.5 0 77 66
0.5 160 77 0
0.5 0 75 69
0.5 160 75 0
0.5 0 74 62
0.5 160 74 0
0.5 0 72 60
0.5 160 72 0
0.5 0 70 69
0.5 160 70 0
0.5 0 68 62
0.5 160 68 0
0.5 0 67 62
0.5 160 67 0
0.5 0 65 68
0.5 720 65 0
0.5 0 72 52
0.5 240 72 0
0.5 0 63 59
0.5 480 63 0
0.5 0 62 52
0.5 480 62 0
0.5 0 75 81
0.5 1440 75 0
0.5 0 77 73
0.5 0 74 62
0.5 480 74 0
0.5 0 77 0
0.5 0 79 81
0.5 0 75 68
0.5 1440 75 0
0.5 0 79 0
0.5 0 80 73
0.5 0 77 62
0.5 480 77 0
0.5 0 80 0
0.5 0 79 62
0.5 0 82 73
0.5 160 82 0
0.5 0 79 0
0.5 0 80 65
0.5 0 77 55
0.5 160 77 0
0.5 0 80 0
0.5 0 82 65
0.5 0 79 55
0.5 160 79 0
0.5 0 82 0
0.5 0 80 61
0.5 0 84 72
0.5 160 84 0
0.5 0 80 0
0.5 0 79 54
0.5 0 82 64
0.5 160 82 0
0.5 0 79 0
0.5 0 77 54
0.5 0 80 64
0.5 160 80 0
0.5 0 77 0
0.5 0 79 70
0.5 0 75 59
0.5 480 75 0
0.5 0 79 0
0.5 0 77 65
0.5 0 74 55
0.5 480 74 0
0.5 0 77 0
0.5 0 75 81
0.5 1440 75 0
0.5 0 77 73
0.5 0 74 62
0.5 480 74 0
0.5 0 77 0
0.5 0 79 81
0.5 0 75 68
0.5 1440 75 0
0.5 0 79 0
0.5 0 80 73
0.5 0 77 62
0.5 480 77 0
0.5 0 80 0
0.5 0 79 62
0.5 0 82 73
0.5 160 82 0
0.5 0 79 0
0.5 0 80 65
0.5 0 77 55
0.5 160 77 0
0.5 0 80 0
0.5 0 82 65
0.5 0 79 55
0.5 160 79 0
0.5 0 82 0
0.5 0 80 61
0.5 0 84 72
0.5 160 84 0
0.5 0 80 0
0.5 0 79 54
0.5 0 82 64
0.5 160 82 0
0.5 0 79 0
0.5 0 77 54
0.5 0 80 64
0.5 160 80 0
0.5 0 77 0
0.5 0 79 70
0.5 0 75 59
0.5 480 75 0
0.5 0 79 0
0.5 0 77 65
0.5 0 74 55
0.5 480 74 0
0.5 0 77 0
0.5 0 75 60
0.5 1380 75 0
0.5 0 79 68
0.5 60 79 0
0.5 0 77 54
0.5 480 77 0
0.5 0 75 60
0.5 480 75 0
0.5 0 75 54
0.5 480 75 0
0.5 0 75 54
0.5 480 75 0
0.5 0 80 58
0.5 120 80 0
0.5 0 77 52
0.5 360 77 0
0.5 0 82 58
0.5 480 82 0
0.5 0 82 53
0.5 480 82 0
0.5 0 82 52
0.5 480 82 0
0.5 0 80 57
0.5 120 80 0
0.5 0 77 51
0.5 360 77 0
0.5 0 75 57
0.5 1380 75 0
0.5 0 79 60
0.5 60 79 0
0.5 0 77 50
0.5 480 77 0
0.5 0 75 55
0.5 480 75 0
0.5 0 75 50
0.5 480 75 0
0.5 0 75 50
0.5 480 75 0
0.5 0 80 54
0.5 120 80 0
0.5 0 77 49
0.5 360 77 0
0.5 0 82 54
0.5 480 82 0
0.5 0 82 49
0.5 480 82 0
0.5 0 82 48
0.5 480 82 0
0.5 0 80 53
0.5 120 80 0
0.5 0 77 48
0.5 360 77 0
0.5 0 75 52
0.5 1380 75 0
0.5 0 79 50
0.5 60 79 0
0.5 0 77 41
0.5 480 77 0
0.5 0 75 48
0.5 480 75 0
0.5 0 79 36
0.5 0 82 43
0.5 480 82 0
0.5 0 79 0
0.5 0 79 36
0.5 0 82 43
0.5 480 82 0
0.5 0 79 0
0.5 1920 58 72
0.5 360 58 0
0.5 0 55 66
0.5 120 55 0
0.5 0 63 72
0.5 360 63 0
0.5 0 63 65
0.5 120 63 0
0.5 0 63 72
0.5 60 63 0
0.5 0 65 62
0.5 60 65 0
0.5 0 63 72
0.5 60 63 0
0.5 0 65 58
0.5 60 65 0
0.5 0 63 69
0.5 40 63 0
0.5 0 65 59
0.5 40 65 0
0.5 0 63 69
0.5 40 63 0
0.5 0 62 65
0.5 60 62 0
0.5 0 63 58
0.5 60 63 0
0.5 0 65 72
0.5 480 65 0
0.5 0 58 72
0.5 360 58 0
0.5 0 70 68
0.5 120 70 0
0.5 0 68 82
0.5 960 68 0
0.5 0 67 72
0.5 180 67 0
0.5 300 63 49
0.5 360 63 0
0.5 0 72 44
0.5 120 72 0
0.5 0 70 55
0.5 960 70 0
0.5 0 68 49
0.5 180 68 0
0.5 300 58 72
0.5 360 58 0
0.5 0 70 68
0.5 120 70 0
0.5 0 68 82
0.5 960 68 0
0.5 0 67 72
0.5 180 67 0
0.5 300 75 81
0.5 360 75 0
0.5 0 67 68
0.5 120 67 0
0.5 0 65 79
0.5 360 65 0
0.5 0 65 65
0.5 110 65 0
0.5 10 65 72
0.5 60 65 0
0.5 0 67 62
0.5 60 67 0
0.5 0 65 72
0.5 60 65 0
0.5 0 67 58
0.5 60 67 0
0.5 0 65 69
0.5 40 65 0
0.5 0 67 59
0.5 40 67 0
0.5 0 65 69
0.5 40 65 0
0.5 0 64 65
0.5 60 64 0
0.5 0 65 58
0.5 60 65 0
0.5 0 68 78
0.5 360 68 0
0.5 0 65 71
0.5 120 65 0
0.5 0 62 79
0.5 360 62 0
0.5 0 58 72
0.5 120 58 0
0.5 0 63 81
0.5 360 63 0
0.5 960 67 56
0.5 120 67 0
0.5 0 70 69
0.5 360 70 0
0.5 0 75 62
0.5 120 75 0
0.5 0 79 70
0.5 360 79 0
0.5 0 70 56
0.5 120 70 0
0.5 0 75 69
0.5 360 75 0
0.5 0 79 62
0.5 120 79 0
0.5 0 82 70
0.5 360 82 0
0.5 0 75 63
0.5 120 75 0
0.5 0 79 72
0.5 360 79 0
0.5 0 82 69
0.5 120 82 0
0.5 0 85 79
0.5 960 85 0
0.5 0 84 63
0.5 60 84 0
0.5 0 85 56
0.5 60 85 0
0.5 0 84 64
0.5 60 84 0
0.5 0 85 57
0.5 60 85 0
0.5 0 84 60
0.5 60 84 0
0.5 0 85 60
0.5 60 85 0
0.5 0 84 65
0.5 60 84 0
0.5 0 85 62
0.5 60 85 0
0.5 0 84 66
0.5 80 84 0
0.5 0 85 62
0.5 80 85 0
0.5 0 84 62
0.5 80 84 0
0.5 0 82 71
0.5 240 82 0
0.5 0 80 73
0.5 480 80 0
0.5 0 77 65
0.5 480 77 0
0.5 0 77 65
0.5 480 77 0
0.5 0 79 72
0.5 480 79 0
0.5 0 79 76
0.5 480 79 0
0.5 0 80 69
0.5 480 80 0
0.5 0 77 61
0.5 960 77 0
0.5 0 80 76
0.5 480 80 0
0.5 0 80 70
0.5 480 80 0
0.5 0 80 75
0.5 360 80 0
0.5 0 84 65
0.5 110 84 0
0.5 10 84 72
0.5 60 84 0
0.5 0 85 62
0.5 60 85 0
0.5 0 84 72
0.5 60 84 0
0.5 0 85 58
0.5 60 85 0
0.5 0 84 69
0.5 40 84 0
0.5 0 85 59
0.5 40 85 0
0.5 0 84 69
0.5 40 84 0
0.5 0 82 65
0.5 60 82 0
0.5 0 84 58
0.5 60 84 0
0.5 0 85 72
0.5 960 85 0
0.5 0 73 61
0.5 960 73 0
0.5 0 82 76
0.5 480 82 0
0.5 0 82 70
0.5 480 82 0
0.5 0 82 75
0.5 480 82 0
0.5 0 80 72
0.5 60 80 0
0.5 0 82 62
0.5 60 82 0
0.5 0 80 72
0.5 60 80 0
0.5 0 82 58
0.5 60 82 0
0.5 0 80 69
0.5 40 80 0
0.5 0 82 59
0.5 40 82 0
0.5 0 80 69
0.5 40 80 0
0.5 0 79 65
0.5 60 79 0
0.5 0 80 58
0.5 60 80 0
0.5 0 79 69
0.5 960 79 0
0.5 0 75 61
0.5 960 75 0
0.5 0 74 64
0.5 480 74 0
0.5 0 74 60
0.5 480 74 0
0.5 0 74 66
0.5 360 74 0
0.5 0 74 59
0.5 110 74 0
0.5 10 74 64
0.5 60 74 0
0.5 0 75 55
0.5 60 75 0
0.5 0 74 64
0.5 60 74 0
0.5 0 75 52
0.5 60 75 0
0.5 0 74 62
0.5 40 74 0
0.5 0 75 53
0.5 40 75 0
0.5 0 74 62
0.5 40 74 0
0.5 0 72 58
0.5 60 72 0
0.5 0 74 52
0.5 60 74 0
0.5 0 75 69
0.5 480 75 0
0.5 0 75 64
0.5 480 75 0
0.5 0 75 70
0.5 360 75 0
0.5 0 75 63
0.5 110 75 0
0.5 10 75 68
0.5 60 75 0
0.5 0 77 59
0.5 60 77 0
0.5 0 75 69
0.5 60 75 0
0.5 0 77 55
0.5 60 77 0
0.5 0 75 66
0.5 40 75 0
0.5 0 77 56
0.5 40 77 0
0.5 0 75 66
0.5 40 75 0
0.5 0 74 63
0.5 60 74 0
0.5 0 75 56
0.5 60 75 0
0.5 0 77 73
0.5 477 77 69
0.5 3 77 0
0.5 477 77 0
0.5 3 77 75
0.5 357 77 67
0.5 3 77 0
0.5 107 77 0
0.5 13 77 73
0.5 60 77 0
0.5 0 79 63
0.5 60 79 0
0.5 0 77 73
0.5 60 77 0
0.5 0 79 59
0.5 60 79 0
0.5 0 77 70
0.5 40 77 0
0.5 0 79 60
0.5 40 79 0
0.5 0 77 71
0.5 40 77 0
0.5 0 75 66
0.5 60 75 0
0.5 0 77 59
0.5 60 77 0
0.5 0 78 78
0.5 480 78 0
0.5 0 78 73
0.5 480 78 0
0.5 0 78 79
0.5 360 78 0
0.5 0 78 72
0.5 110 78 0
0.5 10 78 77
0.5 60 78 0
0.5 0 80 66
0.5 60 80 0
0.5 0 78 77
0.5 60 78 0
0.5 0 80 63
0.5 60 80 0
0.5 0 78 75
0.5 40 78 0
0.5 0 80 64
0.5 40 80 0
0.5 0 78 75
0.5 40 78 0
0.5 0 77 70
0.5 60 77 0
0.5 0 78 63
0.5 60 78 0
0.5 0 83 83
0.5 480 83 0
0.5 0 83 77
0.5 480 83 0
0.5 0 83 82
0.5 360 83 0
0.5 0 83 68
0.5 110 83 0
0.5 10 85 72
0.5 120 85 0
0.5 0 83 64
0.5 120 83 0
0.5 0 82 64
0.5 120 82 0
0.5 0 83 61
0.5 120 83 0
0.5 0 82 76
0.5 480 82 0
0.5 0 82 70
0.5 480 82 0
0.5 0 82 75
0.5 480 82 0
0.5 0 82 72
0.5 120 82 0
0.5 0 80 64
0.5 120 80 0
0.5 0 79 64
0.5 120 79 0
0.5 0 80 61
0.5 120 80 0
0.5 0 79 69
0.5 960 79 0
0.5 0 75 61
0.5 960 75 0
0.5 0 84 76
0.5 480 84 0
0.5 0 84 70
0.5 480 84 0
0.5 0 84 75
0.5 480 84 0
0.5 0 84 72
0.5 120 84 0
0.5 0 82 64
0.5 120 82 0
0.5 0 80 64
0.5 120 80 0
0.5 0 82 61
0.5 120 82 0
0.5 0 80 72
0.5 160 80 0
0.5 0 84 63
0.5 160 84 0
0.5 0 82 63
0.5 160 82 0
0.5 0 80 59
0.5 160 80 0
0.5 0 79 69
0.5 160 79 0
0.5 0 77 62
0.5 160 77 0
0.5 0 75 62
0.5 160 75 0
0.5 0 73 58
0.5 160 73 0
0.5 0 72 57
0.5 160 72 0
0.5 0 70 65
0.5 160 70 0
0.5 0 68 59
0.5 160 68 0
0.5 0 67 58
0.5 160 67 0
0.5 0 65 72
0.5 160 65 0
0.5 0 72 63
0.5 160 72 0
0.5 0 70 63
0.5 160 70 0
0.5 0 68 59
0.5 160 68 0
0.5 0 67 67
0.5 160 67 0
0.5 0 65 62
0.5 160 65 0
0.5 0 63 62
0.5 160 63 0
0.5 0 61 58
0.5 160 61 0
0.5 0 60 57
0.5 160 60 0
0.5 0 58 65
0.5 160 58 0
0.5 0 56 59
0.5 160 56 0
0.5 0 55 58
0.5 160 55 0
0.5 0 53 73
0.5 480 53 0
0.5 0 53 65
0.5 480 53 0
0.5 0 53 65
0.5 480 53 0
0.5 0 63 72
0.5 480 63 0
0.5 0 61 62
0.5 60 61 0
0.5 0 63 52
0.5 60 63 0
0.5 0 61 60
0.5 60 61 0
0.5 0 63 53
0.5 60 63 0
0.5 0 61 61
0.5 60 61 0
0.5 0 63 55
0.5 60 63 0
0.5 0 61 64
0.5 60 61 0
0.5 0 63 58
0.5 60 63 0
0.5 0 61 69
0.5 80 61 0
0.5 0 63 60
0.5 80 63 0
0.5 0 61 55
0.5 80 61 0
0.5 0 60 60
0.5 235 58 62
0.5 5 60 0
0.5 475 58 0
0.5 485 55 73
0.5 480 55 0
0.5 0 55 65
0.5 480 55 0
0.5 0 55 65
0.5 480 55 0
0.5 0 65 72
0.5 480 65 0
0.5 0 64 60
0.5 160 64 0
0.5 0 62 49
0.5 160 62 0
0.5 0 60 49
0.5 80 60 0
0.5 80 60 56
0.5 80 60 0
0.5 80 60 49
0.5 80 60 0
0.5 80 60 49
0.5 80 60 0
0.5 80 67 60
0.5 160 67 0
0.5 0 65 49
0.5 160 65 0
0.5 0 64 49
0.5 80 64 0
0.5 80 64 56
0.5 80 64 0
0.5 80 64 49
0.5 80 64 0
0.5 80 64 49
0.5 80 64 0
0.5 80 70 65
0.5 160 70 0
0.5 0 68 50
0.5 160 68 0
0.5 0 67 50
0.5 80 67 0
0.5 80 67 61
0.5 80 67 0
0.5 80 67 54
0.5 80 67 0
0.5 80 67 54
0.5 80 67 0
0.5 80 79 66
0.5 160 79 0
0.5 0 77 63
0.5 160 77 0
0.5 0 76 56
0.5 160 76 0
0.5 0 73 66
0.5 160 73 0
0.5 0 72 60
0.5 160 72 0
0.5 0 70 57
0.5 160 70 0
0.5 0 68 71
0.5 160 68 0
0.5 0 72 55
0.5 160 72 0
0.5 0 77 55
0.5 80 77 0
0.5 80 77 71
0.5 80 77 0
0.5 80 77 57
0.5 80 77 0
0.5 80 77 57
0.5 80 77 0
0.5 80 76 78
0.5 160 76 0
0.5 0 79 67
0.5 160 79 0
0.5 0 82 67
0.5 80 82 0
0.5 80 82 76
0.5 80 82 0
0.5 80 82 62
0.5 80 82 0
0.5 80 82 63
0.5 80 82 0
0.5 80 80 78
0.5 160 80 0
0.5 0 84 65
0.5 160 84 0
0.5 0 89 65
0.5 80 89 0
0.5 80 89 72
0.5 80 89 0
0.5 80 89 64
0.5 80 89 0
0.5 80 89 64
0.5 80 89 0
0.5 80 79 78
0.5 160 79 0
0.5 0 82 66
0.5 160 82 0
0.5 0 85 65
0.5 80 85 0
0.5 80 85 71
0.5 80 85 0
0.5 80 85 62
0.5 80 85 0
0.5 80 85 61
0.5 80 85 0
0.5 560 80 64
0.5 0 84 76
0.5 180 84 0
0.5 0 80 0
0.5 780 70 60
0.5 0 76 60
0.5 480 76 0
0.5 0 70 0
0.5 0 75 60
0.5 480 75 0
0.5 0 75 54
0.5 480 75 0
0.5 0 75 60
0.5 480 75 0
0.5 0 75 55
0.5 480 75 0
0.5 0 74 57
0.5 960 74 0
0.5 0 70 58
0.5 960 70 0
0.5 0 73 78
0.5 480 73 0
0.5 0 73 73
0.5 480 73 0
0.5 0 73 73
0.5 60 73 0
0.5 0 75 62
0.5 60 75 0
0.5 0 73 73
0.5 60 73 0
0.5 0 75 59
0.5 60 75 0
0.5 0 73 71
0.5 40 73 0
0.5 0 75 60
0.5 40 75 0
0.5 0 73 71
0.5 40 73 0
0.5 0 72 66
0.5 60 72 0
0.5 0 73 59
0.5 60 73 0
0.5 0 82 79
0.5 240 82 0
0.5 0 73 72
0.5 240 73 0
0.5 0 72 78
0.5 480 72 0
0.5 0 72 73
0.5 480 72 0
0.5 0 72 73
0.5 60 72 0
0.5 0 73 62
0.5 60 73 0
0.5 0 72 73
0.5 60 72 0
0.5 0 73 59
0.5 60 73 0
0.5 0 72 71
0.5 40 72 0
0.5 0 73 60
0.5 40 73 0
0.5 0 72 71
0.5 40 72 0
0.5 0 70 66
0.5 60 70 0
0.5 0 72 59
0.5 60 72 0
0.5 0 75 79
0.5 240 75 0
0.5 0 72 72
0.5 240 72 0
0.5 0 70 78
0.5 480 70 0
0.5 0 70 73
0.5 480 70 0
0.5 0 70 73
0.5 60 70 0
0.5 0 72 62
0.5 60 72 0
0.5 0 70 73
0.5 60 70 0
0.5 0 72 59
0.5 60 72 0
0.5 0 70 71
0.5 40 70 0
0.5 0 72 60
0.5 40 72 0
0.5 0 70 71
0.5 40 70 0
0.5 0 69 66
0.5 60 69 0
0.5 0 70 59
0.5 60 70 0
0.5 0 77 79
0.5 240 77 0
0.5 0 68 72
0.5 240 68 0
0.5 0 67 77
0.5 160 67 0
0.5 0 70 68
0.5 160 70 0
0.5 0 68 68
0.5 160 68 0
0.5 0 67 66
0.5 160 67 0
0.5 0 79 76
0.5 160 79 0
0.5 0 77 69
0.5 160 77 0
0.5 0 75 64
0.5 160 75 0
0.5 0 82 74
0.5 160 82 0
0.5 0 80 69
0.5 160 80 0
0.5 0 79 68
0.5 160 79 0
0.5 0 77 66
0.5 160 77 0
0.5 0 75 65
0.5 160 75 0
0.5 0 74 77
0.5 160 74 0
0.5 0 77 68
0.5 160 77 0
0.5 0 75 68
0.5 160 75 0
0.5 0 74 66
0.5 160 74 0
0.5 0 80 76
0.5 160 80 0
0.5 0 79 69
0.5 160 79 0
0.5 0 77 64
0.5 160 77 0
0.5 0 84 74
0.5 160 84 0
0.5 0 82 69
0.5 160 82 0
0.5 0 80 68
0.5 160 80 0
0.5 0 79 66
0.5 160 79 0
0.5 0 77 65
0.5 160 77 0
0.5 0 75 77
0.5 240 75 0
0.5 0 74 68
0.5 240 74 0
0.5 0 77 74
0.5 240 77 0
0.5 0 75 70
0.5 240 75 0
0.5 0 79 73
0.5 240 79 0
0.5 0 77 66
0.5 240 77 0
0.5 0 80 72
0.5 240 80 0
0.5 0 79 63
0.5 240 79 0
0.5 0 82 77
0.5 240 82 0
0.5 0 80 74
0.5 240 80 0
0.5 0 84 77
0.5 480 84 0
0.5 0 82 73
0.5 480 82 0
0.5 0 80 69
0.5 480 80 0
0.5 0 79 69
0.5 480 79 0
0.5 0 77 66
0.5 480 77 0
0.5 0 75 62
0.5 480 75 0
0.5 0 74 59
0.5 480 74 0
0.5 0 80 66
0.5 960 80 0
0.5 0 79 63
0.5 240 79 0
0.5 0 80 56
0.5 240 80 0
0.5 0 82 62
0.5 240 82 0
0.5 0 80 58
0.5 220 80 0
0.5 20 80 65
0.5 1440 80 0
0.5 0 74 56
0.5 480 74 0
0.5 0 74 42
0.5 30 74 0
0.5 0 75 50
0.5 30 75 0
0.5 0 77 46
0.5 30 77 0
0.5 0 75 50
0.5 30 75 0
0.5 0 77 46
0.5 30 77 0
0.5 0 75 50
0.5 30 75 0
0.5 0 77 45
0.5 30 77 0
0.5 0 75 50
0.5 30 75 0
0.5 0 77 46
0.5 30 77 0
0.5 0 75 50
0.5 30 75 0
0.5 0 77 50
0.5 30 77 0
0.5 0 75 45
0.5 30 75 0
0.5 0 74 55
0.5 60 74 0
0.5 0 75 55
0.5 60 75 0
0.5 960 63 72
0.5 360 63 0
0.5 0 60 66
0.5 120 60 0
0.5 0 68 72
0.5 360 68 0
0.5 0 68 65
0.5 120 68 0
0.5 0 68 72
0.5 60 68 0
0.5 0 70 62
0.5 60 70 0
0.5 0 68 72
0.5 60 68 0
0.5 0 70 58
0.5 60 70 0
0.5 0 68 69
0.5 40 68 0
0.5 0 70 59
0.5 40 70 0
0.5 0 68 69
0.5 40 68 0
0.5 0 67 65
0.5 60 67 0
0.5 0 68 58
0.5 60 68 0
0.5 0 70 72
0.5 480 70 0
0.5 0 63 72
0.5 360 63 0
0.5 0 75 68
0.5 120 75 0
0.5 0 73 82
0.5 960 73 0
0.5 0 72 72
0.5 180 72 0
0.5 300 68 49
0.5 360 68 0
0.5 0 77 44
0.5 120 77 0
0.5 0 75 55
0.5 960 75 0
0.5 0 73 49
0.5 180 73 0
0.5 300 63 72
0.5 360 63 0
0.5 0 75 68
0.5 120 75 0
0.5 0 73 82
0.5 960 73 0
0.5 0 72 72
0.5 180 72 0
0.5 300 80 81
0.5 360 80 0
0.5 0 72 68
0.5 120 72 0
0.5 0 70 79
0.5 360 70 0
0.5 0 70 65
0.5 120 70 0
0.5 0 70 72
0.5 60 70 0
0.5 0 72 62
0.5 60 72 0
0.5 0 70 72
0.5 60 70 0
0.5 0 72 58
0.5 60 72 0
0.5 0 70 69
0.5 40 70 0
0.5 0 72 59
0.5 40 72 0
0.5 0 70 69
0.5 40 70 0
0.5 0 69 65
0.5 60 69 0
0.5 0 70 58
0.5 60 70 0
0.5 0 73 78
0.5 360 73 0
0.5 0 70 71
0.5 120 70 0
0.5 0 67 79
0.5 360 67 0
0.5 0 63 72
0.5 120 63 0
0.5 0 68 81
0.5 360 68 0
0.5 1080 63 72
0.5 360 63 0
0.5 0 60 66
0.5 120 60 0
0.5 0 68 72
0.5 360 68 0
0.5 0 68 65
0.5 120 68 0
0.5 0 68 72
0.5 60 68 0
0.5 0 70 62
0.5 60 70 0
0.5 0 68 72
0.5 60 68 0
0.5 0 70 58
0.5 60 70 0
0.5 0 68 69
0.5 40 68 0
0.5 0 70 59
0.5 40 70 0
0.5 0 68 69
0.5 40 68 0
0.5 0 67 65
0.5 60 67 0
0.5 0 68 58
0.5 60 68 0
0.5 0 70 72
0.5 480 70 0
0.5 0 63 72
0.5 360 63 0
0.5 0 75 68
0.5 120 75 0
0.5 0 73 82
0.5 960 73 0
0.5 0 72 72
0.5 180 72 0
0.5 300 68 76
0.5 360 68 0
0.5 0 80 69
0.5 120 80 0
0.5 0 79 79
0.5 480 79 0
0.5 0 77 68
0.5 120 77 0
0.5 240 80 78
0.5 120 80 0
0.5 0 77 73
0.5 480 77 0
0.5 0 75 76
0.5 120 75 0
0.5 240 80 69
0.5 120 80 0
0.5 0 75 79
0.5 480 75 0
0.5 0 73 68
0.5 120 73 0
0.5 240 80 78
0.5 120 80 0
0.5 0 73 73
0.5 480 73 0
0.5 0 72 76
0.5 120 72 0
0.5 240 80 69
0.5 120 80 0
0.5 0 72 74
0.5 360 72 0
0.5 0 70 66
0.5 120 70 0
0.5 0 73 73
0.5 360 73 0
0.5 0 77 66
0.5 120 77 0
0.5 0 75 76
0.5 480 75 0
0.5 0 67 69
0.5 450 67 0
0.5 0 67 46
0.5 30 67 0
0.5 0 68 73
0.5 120 68 0
0.5 330 67 53
0.5 30 67 0
0.5 0 68 73
0.5 120 68 0
0.5 330 67 55
0.5 30 67 0
0.5 0 68 73
0.5 120 68 0
0.5 330 69 55
0.5 30 69 0
0.5 0 70 79
0.5 120 70 0
0.5 360 71 76
0.5 480 71 0
0.5 0 72 69
0.5 480 72 0
0.5 0 68 61
0.5 930 71 46
0.5 30 71 0
0.5 0 68 0
0.5 0 72 73
0.5 120 72 0
0.5 330 71 53
0.5 30 71 0
0.5 0 72 73
0.5 120 72 0
0.5 330 71 55
0.5 30 71 0
0.5 0 72 73
0.5 120 72 0
0.5 360 75 79
0.5 120 75 0
0.5 0 73 71
0.5 120 73 0
0.5 0 72 76
0.5 120 72 0
0.5 0 73 69
0.5 120 73 0
0.5 0 75 79
0.5 960 75 0
0.5 0 72 68
0.5 960 72 0
0.5 0 80 92
0.5 470 80 0
0.5 10 80 85
0.5 160 80 0
0.5 0 84 72
0.5 160 84 0
0.5 0 87 72
0.5 160 87 0
0.5 0 78 82
0.5 960 78 0
0.5 0 77 92
0.5 470 77 0
0.5 10 77 85
0.5 160 77 0
0.5 0 82 72
0.5 160 82 0
0.5 0 85 72
0.5 160 85 0
0.5 0 75 82
0.5 720 75 0
0.5 0 77 75
0.5 120 77 0
0.5 0 79 82
0.5 120 79 0
0.5 0 80 94
0.5 470 80 0
0.5 10 80 81
0.5 160 80 0
0.5 0 82 72
0.5 160 82 0
0.5 0 84 66
0.5 160 84 0
0.5 0 73 84
0.5 960 73 0
0.5 0 72 81
0.5 160 72 0
0.5 0 75 71
0.5 160 75 0
0.5 0 73 71
0.5 160 73 0
0.5 0 72 66
0.5 160 72 0
0.5 0 84 78
0.5 160 84 0
0.5 0 82 71
0.5 160 82 0
0.5 0 80 71
0.5 160 80 0
0.5 0 79 78
0.5 160 79 0
0.5 0 77 68
0.5 160 77 0
0.5 0 75 79
0.5 160 75 0
0.5 0 73 71
0.5 160 73 0
0.5 0 72 71
0.5 160 72 0
0.5 0 75 81
0.5 360 75 0
0.5 0 72 58
0.5 120 72 0
0.5 0 70 70
0.5 720 70 0
0.5 0 73 55
0.5 240 73 0
0.5 0 72 60
0.5 240 72 0
0.5 0 75 54
0.5 240 75 0
0.5 0 75 63
0.5 240 75 0
0.5 0 73 53
0.5 220 73 0
0.5 20 73 59
0.5 960 73 0
0.5 0 72 57
0.5 160 72 0
0.5 0 70 52
0.5 160 70 0
0.5 0 68 52
0.5 140 68 0
0.5 20 68 61
0.5 240 68 0
0.5 0 67 50
0.5 220 67 0
0.5 20 67 60
0.5 960 67 0
0.5 0 68 57
0.5 480 68 0
0.5 0 70 63
0.5 160 70 0
0.5 0 72 61
0.5 160 72 0
0.5 0 73 63
0.5 140 73 0
0.5 20 73 59
0.5 960 73 0
0.5 0 72 57
0.5 160 72 0
0.5 0 70 52
0.5 160 70 0
0.5 0 68 52
0.5 140 68 0
0.5 20 68 61
0.5 240 68 0
0.5 0 67 50
0.5 220 67 0
0.5 20 67 60
0.5 960 67 0
0.5 0 68 57
0.5 480 68 0
0.5 0 70 63
0.5 160 70 0
0.5 0 72 63
0.5 160 72 0
0.5 0 73 63
0.5 140 73 0
0.5 20 73 59
0.5 960 73 0
0.5 0 72 57
0.5 480 72 0
0.5 0 70 53
0.5 160 70 0
0.5 0 77 67
0.5 160 77 0
0.5 0 75 60
0.5 160 75 0
0.5 0 73 67
0.5 160 73 0
0.5 0 72 61
0.5 160 72 0
0.5 0 70 57
0.5 160 70 0
0.5 0 68 69
0.5 480 68 0
0.5 0 67 57
0.5 480 67 0
0.5 0 60 83
0.5 160 60 0
0.5 0 63 67
0.5 160 63 0
0.5 0 68 67
0.5 80 68 0
0.5 80 68 72
0.5 80 68 0
0.5 80 68 63
0.5 80 68 0
0.5 80 68 63
0.5 80 68 0
0.5 80 67 82
0.5 160 67 0
0.5 0 70 67
0.5 160 70 0
0.5 0 73 67
0.5 80 73 0
0.5 80 73 72
0.5 80 73 0
0.5 80 73 65
0.5 80 73 0
0.5 80 73 65
0.5 80 73 0
0.5 80 72 86
0.5 160 72 0
0.5 0 75 70
0.5 160 75 0
0.5 0 80 70
0.5 80 80 0
0.5 80 80 70
0.5 80 80 0
0.5 80 80 68
0.5 80 80 0
0.5 80 80 69
0.5 80 80 0
0.5 80 79 74
0.5 160 79 0
0.5 0 82 70
0.5 160 82 0
0.5 0 85 70
0.5 80 85 0
0.5 80 85 74
0.5 80 85 0
0.5 80 85 70
0.5 80 85 0
0.5 80 85 66
0.5 80 85 0
0.5 80 84 86
0.5 160 84 0
0.5 0 87 84
0.5 160 87 0
0.5 0 85 75
0.5 160 85 0
0.5 0 84 86
0.5 160 84 0
0.5 0 82 78
0.5 160 82 0
0.5 0 80 78
0.5 160 80 0
0.5 0 79 86
0.5 160 79 0
0.5 0 77 77
0.5 160 77 0
0.5 0 75 75
0.5 160 75 0
0.5 0 73 86
0.5 160 73 0
0.5 0 72 77
0.5 160 72 0
0.5 0 70 77
0.5 160 70 0
0.5 0 68 86
0.5 160 68 0
0.5 0 84 87
0.5 160 84 0
0.5 0 82 75
0.5 160 82 0
0.5 0 80 86
0.5 160 80 0
0.5 0 79 82
0.5 160 79 0
0.5 0 77 82
0.5 160 77 0
0.5 0 75 86
0.5 160 75 0
0.5 0 73 77
0.5 160 73 0
0.5 0 72 75
0.5 160 72 0
0.5 0 70 86
0.5 160 70 0
0.5 0 68 77
0.5 160 68 0
0.5 0 67 77
0.5 160 67 0
0.5 0 65 86
0.5 360 65 0
0.5 0 77 78
0.5 120 77 0
0.5 0 73 86
0.5 360 73 0
0.5 0 70 74
0.5 120 70 0
0.5 0 68 85
0.5 480 68 0
0.5 0 67 62
0.5 60 67 0
0.5 0 68 56
0.5 60 68 0
0.5 0 67 62
0.5 60 67 0
0.5 0 68 57
0.5 60 68 0
0.5 0 67 62
0.5 60 67 0
0.5 0 68 55
0.5 60 68 0
0.5 0 67 62
0.5 60 67 0
0.5 0 68 58
0.5 60 68 0
0.5 0 84 86
0.5 160 84 0
0.5 0 87 84
0.5 160 87 0
0.5 0 85 75
0.5 160 85 0
0.5 0 84 86
0.5 160 84 0
0.5 0 82 78
0.5 160 82 0
0.5 0 80 78
0.5 160 80 0
0.5 0 79 86
0.5 160 79 0
0.5 0 77 77
0.5 160 77 0
0.5 0 75 75
0.5 160 75 0
0.5 0 73 86
0.5 160 73 0
0.5 0 72 77
0.5 160 72 0
0.5 0 70 77
0.5 160 70 0
0.5 0 68 86
0.5 160 68 0
0.5 0 84 87
0.5 160 84 0
0.5 0 82 75
0.5 160 82 0
0.5 0 80 86
0.5 160 80 0
0.5 0 79 82
0.5 160 79 0
0.5 0 77 82
0.5 160 77 0
0.5 0 75 86
0.5 160 75 0
0.5 0 73 77
0.5 160 73 0
0.5 0 72 75
0.5 160 72 0
0.5 0 70 86
0.5 160 70 0
0.5 0 68 77
0.5 160 68 0
0.5 0 67 77
0.5 160 67 0
0.5 0 65 86
0.5 360 65 0
0.5 0 77 78
0.5 120 77 0
0.5 0 73 86
0.5 360 73 0
0.5 0 70 74
0.5 120 70 0
0.5 0 68 85
0.5 480 68 0
0.5 0 67 62
0.5 60 67 0
0.5 0 68 56
0.5 60 68 0
0.5 0 67 62
0.5 60 67 0
0.5 0 68 57
0.5 60 68 0
0.5 0 67 62
0.5 60 67 0
0.5 0 68 55
0.5 60 68 0
0.5 0 67 62
0.5 60 67 0
0.5 0 68 58
0.5 50 68 0
0.5 10 68 73
0.5 160 68 0
0.5 0 72 70
0.5 160 72 0
0.5 0 70 63
0.5 160 70 0
0.5 0 68 72
0.5 160 68 0
0.5 0 67 64
0.5 160 67 0
0.5 0 65 64
0.5 160 65 0
0.5 0 63 72
0.5 160 63 0
0.5 0 61 64
0.5 160 61 0
0.5 0 60 64
0.5 160 60 0
0.5 0 61 72
0.5 120 61 0
0.5 0 63 69
0.5 120 63 0
0.5 0 65 65
0.5 120 65 0
0.5 0 67 62
0.5 120 67 0
0.5 0 68 73
0.5 160 68 0
0.5 0 72 70
0.5 160 72 0
0.5 0 70 63
0.5 160 70 0
0.5 0 68 72
0.5 160 68 0
0.5 0 67 64
0.5 160 67 0
0.5 0 65 64
0.5 160 65 0
0.5 0 63 72
0.5 160 63 0
0.5 0 61 64
0.5 160 61 0
0.5 0 60 64
0.5 160 60 0
0.5 0 61 72
0.5 120 61 0
0.5 0 63 69
0.5 120 63 0
0.5 0 65 65
0.5 120 65 0
0.5 0 67 62
0.5 120 67 0
0.5 0 68 73
0.5 160 68 0
0.5 0 72 70
0.5 160 72 0
0.5 0 70 63
0.5 160 70 0
0.5 0 68 72
0.5 160 68 0
0.5 0 67 64
0.5 160 67 0
0.5 0 65 64
0.5 160 65 0
0.5 0 63 72
0.5 160 63 0
0.5 0 61 64
0.5 160 61 0
0.5 0 60 64
0.5 160 60 0
0.5 0 68 72
0.5 160 68 0
0.5 0 67 64
0.5 160 67 0
0.5 0 65 64
0.5 160 65 0
0.5 0 63 72
0.5 160 63 0
0.5 0 61 64
0.5 160 61 0
0.5 0 60 64
0.5 160 60 0
0.5 0 68 72
0.5 160 68 0
0.5 0 67 64
0.5 160 67 0
0.5 0 65 64
0.5 160 65 0
0.5 0 63 72
0.5 160 63 0
0.5 0 61 64
0.5 160 61 0
0.5 0 60 64
0.5 160 60 0
0.5 0 68 72
0.5 360 68 0
0.5 0 60 51
0.5 110 60 0
0.5 10 60 51
0.5 80 60 0
0.5 0 61 46
0.5 80 61 0
0.5 0 60 51
0.5 80 60 0
0.5 0 61 45
0.5 80 61 0
0.5 0 60 51
0.5 80 60 0
0.5 0 61 45
0.5 80 61 0
0.5 0 60 51
0.5 60 60 0
0.5 0 61 46
0.5 60 61 0
0.5 0 60 51
0.5 60 60 0
0.5 0 61 45
0.5 60 61 0
0.5 0 60 58
0.5 120 60 0
0.5 0 61 51
0.5 120 61 0
0.5 0 63 59
0.5 480 63 0
0.5 0 63 59
0.5 480 63 0
0.5 0 68 51
0.5 1380 68 0
0.5 0 72 57
0.5 60 72 0
0.5 0 70 45
0.5 480 70 0
0.5 0 68 51
0.5 480 68 0
0.5 0 68 45
0.5 480 68 0
0.5 0 68 45
0.5 480 68 0
0.5 0 73 49
0.5 120 73 0
0.5 0 70 44
0.5 360 70 0
0.5 0 75 49
0.5 480 75 0
0.5 0 75 45
0.5 480 75 0
0.5 0 75 44
0.5 480 75 0
0.5 0 73 48
0.5 120 73 0
0.5 0 70 43
0.5 360 70 0
0.5 0 68 48
0.5 1380 68 0
0.5 0 72 51
0.5 60 72 0
0.5 0 70 42
0.5 480 70 0
0.5 0 68 46
0.5 480 68 0
0.5 0 68 42
0.5 480 68 0
0.5 0 68 42
0.5 480 68 0
0.5 0 73 45
0.5 120 73 0
0.5 0 70 41
0.5 360 70 0
0.5 0 75 45
0.5 480 75 0
0.5 0 75 41
0.5 480 75 0
0.5 0 75 40
0.5 480 75 0
0.5 0 73 45
0.5 120 73 0
0.5 0 70 40
0.5 360 70 0
0.5 0 68 44
0.5 1380 68 0
0.5 0 72 42
0.5 60 72 0
0.5 0 70 34
0.5 480 70 0
0.5 0 68 40
0.5 480 68 0
0.5 0 75 36
0.5 0 72 30
0.5 480 72 0
0.5 0 75 0
0.5 0 72 30
0.5 0 75 36
0.5 480 75 0
0.5 0 72 0
1 0 0 0
0.5 1920 44 49
0.5 0 56 58
0.5 480 56 0
0.5 0 44 0
0.5 480 43 49
0.5 0 55 58
0.5 480 55 0
0.5 0 43 0
0.5 960 44 47
0.5 480 44 0
0.5 0 56 58
0.5 180 56 0
0.5 1260 58 31
0.5 480 58 0
0.5 0 55 39
0.5 180 55 0
0.5 1260 56 47
0.5 480 56 0
0.5 0 44 58
0.5 180 44 0
0.5 300 48 52
0.5 480 48 0
0.5 0 49 58
0.5 960 49 0
0.5 480 51 52
0.5 480 51 0
0.5 360 44 47
0.5 120 44 0
0.5 0 48 58
0.5 360 48 0
0.5 0 51 52
0.5 120 51 0
0.5 0 56 59
0.5 360 56 0
0.5 600 56 49
0.5 0 60 58
0.5 480 60 0
0.5 0 56 0
0.5 480 55 49
0.5 0 58 58
0.5 480 58 0
0.5 0 55 0
0.5 960 44 47
0.5 480 44 0
0.5 0 56 58
0.5 480 56 0
0.5 0 60 58
0.5 480 60 0
0.5 480 61 58
0.5 120 61 0
0.5 840 60 58
0.5 120 60 0
0.5 840 58 58
0.5 120 58 0
0.5 840 56 58
0.5 120 56 0
0.5 840 61 49
0.5 0 49 49
0.5 480 49 0
0.5 0 61 0
0.5 0 51 58
0.5 0 60 58
0.5 480 60 0
0.5 0 58 55
0.5 480 58 0
0.5 0 51 0
0.5 0 56 55
0.5 160 56 0
0.5 0 60 47
0.5 160 60 0
0.5 0 63 47
0.5 160 63 0
0.5 0 56 55
0.5 160 56 0
0.5 0 60 47
0.5 160 60 0
0.5 0 63 49
0.5 160 63 0
0.5 0 56 55
0.5 160 56 0
0.5 0 60 50
0.5 160 60 0
0.5 0 63 50
0.5 160 63 0
0.5 0 55 55
0.5 160 55 0
0.5 0 58 52
0.5 160 58 0
0.5 0 63 52
0.5 160 63 0
0.5 0 56 55
0.5 160 56 0
0.5 0 60 47
0.5 160 60 0
0.5 0 63 47
0.5 160 63 0
0.5 0 56 55
0.5 160 56 0
0.5 0 60 47
0.5 160 60 0
0.5 0 63 37
0.5 160 63 0
0.5 0 56 50
0.5 160 56 0
0.5 0 60 41
0.5 160 60 0
0.5 0 63 41
0.5 160 63 0
0.5 0 56 50
0.5 160 56 0
0.5 0 60 46
0.5 160 60 0
0.5 0 63 46
0.5 160 63 0
0.5 0 56 55
0.5 160 56 0
0.5 0 60 47
0.5 160 60 0
0.5 0 63 47
0.5 160 63 0
0.5 0 56 55
0.5 160 56 0
0.5 0 60 47
0.5 160 60 0
0.5 0 63 49
0.5 160 63 0
0.5 0 56 55
0.5 160 56 0
0.5 0 60 50
0.5 160 60 0
0.5 0 63 50
0.5 160 63 0
0.5 0 58 55
0.5 160 58 0
0.5 0 61 52
0.5 160 61 0
0.5 0 67 52
0.5 160 67 0
0.5 0 60 55
0.5 160 60 0
0.5 0 63 47
0.5 160 63 0
0.5 0 68 47
0.5 160 68 0
0.5 0 60 55
0.5 160 60 0
0.5 0 63 47
0.5 160 63 0
0.5 0 68 39
0.5 160 68 0
0.5 0 60 52
0.5 160 60 0
0.5 0 63 43
0.5 160 63 0
0.5 0 68 43
0.5 160 68 0
0.5 0 60 53
0.5 160 60 0
0.5 0 63 44
0.5 160 63 0
0.5 0 68 44
0.5 160 68 0
0.5 0 60 55
0.5 160 60 0
0.5 0 63 47
0.5 160 63 0
0.5 0 68 47
0.5 160 68 0
0.5 0 60 55
0.5 160 60 0
0.5 0 63 47
0.5 160 63 0
0.5 0 68 39
0.5 160 68 0
0.5 0 60 46
0.5 160 60 0
0.5 0 63 36
0.5 160 63 0
0.5 0 68 36
0.5 160 68 0
0.5 0 60 47
0.5 160 60 0
0.5 0 63 40
0.5 160 63 0
0.5 0 68 40
0.5 160 68 0
0.5 0 61 55
0.5 160 61 0
0.5 0 65 47
0.5 160 65 0
0.5 0 68 47
0.5 160 68 0
0.5 0 61 55
0.5 160 61 0
0.5 0 65 47
0.5 160 65 0
0.5 0 68 39
0.5 160 68 0
0.5 0 61 49
0.5 160 61 0
0.5 0 63 39
0.5 160 63 0
0.5 0 67 39
0.5 160 67 0
0.5 0 61 50
0.5 160 61 0
0.5 0 63 44
0.5 160 63 0
0.5 0 67 44
0.5 160 67 0
0.5 0 60 55
0.5 160 60 0
0.5 0 63 47
0.5 160 63 0
0.5 0 68 47
0.5 160 68 0
0.5 0 60 55
0.5 160 60 0
0.5 0 63 47
0.5 160 63 0
0.5 0 68 39
0.5 160 68 0
0.5 0 58 52
0.5 160 58 0
0.5 0 61 43
0.5 160 61 0
0.5 0 67 43
0.5 160 67 0
0.5 0 58 53
0.5 160 58 0
0.5 0 61 44
0.5 160 61 0
0.5 0 67 44
0.5 160 67 0
0.5 0 56 55
0.5 480 56 0
0.5 1920 63 39
0.5 0 67 46
0.5 480 67 0
0.5 0 63 0
0.5 960 51 58
0.5 360 51 0
0.5 120 55 58
0.5 240 55 0
0.5 240 50 58
0.5 240 50 0
0.5 720 50 58
0.5 360 50 0
0.5 120 58 44
0.5 240 58 0
0.5 240 51 53
0.5 360 51 0
0.5 120 58 47
0.5 240 58 0
0.5 240 53 55
0.5 360 53 0
0.5 120 62 37
0.5 240 62 0
0.5 240 55 56
0.5 360 55 0
0.5 120 63 44
0.5 240 63 0
0.5 240 56 55
0.5 160 56 0
0.5 0 60 47
0.5 160 60 0
0.5 0 63 47
0.5 160 63 0
0.5 0 56 55
0.5 160 56 0
0.5 0 60 47
0.5 160 60 0
0.5 0 63 39
0.5 160 63 0
0.5 0 56 52
0.5 160 56 0
0.5 0 60 43
0.5 160 60 0
0.5 0 63 43
0.5 160 63 0
0.5 0 55 53
0.5 160 55 0
0.5 0 58 44
0.5 160 58 0
0.5 0 61 44
0.5 160 61 0
0.5 0 56 55
0.5 480 56 0
0.5 1440 55 55
0.5 160 55 0
0.5 0 58 47
0.5 160 58 0
0.5 0 63 47
0.5 160 63 0
0.5 0 55 55
0.5 160 55 0
0.5 0 58 47
0.5 160 58 0
0.5 0 63 39
0.5 160 63 0
0.5 0 55 52
0.5 160 55 0
0.5 0 58 43
0.5 160 58 0
0.5 0 63 43
0.5 160 63 0
0.5 0 53 53
0.5 160 53 0
0.5 0 56 44
0.5 160 56 0
0.5 0 59 44
0.5 160 59 0
0.5 0 55 55
0.5 480 55 0
0.5 1440 58 55
0.5 160 58 0
0.5 0 62 47
0.5 160 62 0
0.5 0 65 47
0.5 160 65 0
0.5 0 58 55
0.5 160 58 0
0.5 0 62 47
0.5 160 62 0
0.5 0 65 39
0.5 160 65 0
0.5 0 58 52
0.5 160 58 0
0.5 0 62 43
0.5 160 62 0
0.5 0 65 43
0.5 160 65 0
0.5 0 58 53
0.5 160 58 0
0.5 0 63 44
0.5 160 63 0
0.5 0 67 44
0.5 160 67 0
0.5 0 58 53
0.5 160 58 0
0.5 0 65 44
0.5 160 65 0
0.5 0 68 44
0.5 160 68 0
0.5 0 58 50
0.5 160 58 0
0.5 0 65 39
0.5 160 65 0
0.5 0 68 39
0.5 160 68 0
0.5 0 58 47
0.5 160 58 0
0.5 0 65 42
0.5 160 65 0
0.5 0 68 42
0.5 160 68 0
0.5 0 58 53
0.5 160 58 0
0.5 0 63 44
0.5 160 63 0
0.5 0 67 44
0.5 160 67 0
0.5 0 58 55
0.5 160 58 0
0.5 0 62 47
0.5 160 62 0
0.5 0 65 47
0.5 160 65 0
0.5 0 58 55
0.5 160 58 0
0.5 0 62 47
0.5 160 62 0
0.5 0 65 39
0.5 160 65 0
0.5 0 58 52
0.5 160 58 0
0.5 0 62 43
0.5 160 62 0
0.5 0 65 43
0.5 160 65 0
0.5 0 58 53
0.5 160 58 0
0.5 0 63 44
0.5 160 63 0
0.5 0 67 44
0.5 160 67 0
0.5 0 58 53
0.5 160 58 0
0.5 0 65 44
0.5 160 65 0
0.5 0 68 44
0.5 160 68 0
0.5 0 58 50
0.5 160 58 0
0.5 0 65 39
0.5 160 65 0
0.5 0 68 39
0.5 160 68 0
0.5 0 58 47
0.5 160 58 0
0.5 0 65 42
0.5 160 65 0
0.5 0 68 42
0.5 160 68 0
0.5 0 58 53
0.5 160 58 0
0.5 0 63 44
0.5 160 63 0
0.5 0 67 44
0.5 160 67 0
0.5 0 58 55
0.5 160 58 0
0.5 0 62 47
0.5 160 62 0
0.5 0 65 47
0.5 160 65 0
0.5 0 58 55
0.5 160 58 0
0.5 0 62 47
0.5 160 62 0
0.5 0 65 39
0.5 160 65 0
0.5 0 59 61
0.5 160 59 0
0.5 0 62 43
0.5 160 62 0
0.5 0 65 43
0.5 160 65 0
0.5 0 60 53
0.5 160 60 0
0.5 0 62 44
0.5 160 62 0
0.5 0 63 44
0.5 160 63 0
0.5 0 56 55
0.5 480 56 0
0.5 480 58 40
0.5 0 67 62
0.5 480 67 0
0.5 0 68 47
0.5 480 68 0
0.5 0 58 0
0.5 0 60 30
0.5 0 68 55
0.5 960 68 0
0.5 0 67 37
0.5 480 67 0
0.5 0 60 0
0.5 960 51 56
0.5 0 48 47
0.5 240 48 0
0.5 0 51 0
0.5 240 51 58
0.5 0 48 49
0.5 240 48 0
0.5 0 51 0
0.5 240 51 58
0.5 0 48 49
0.5 240 48 0
0.5 0 51 0
0.5 720 46 47
0.5 0 53 56
0.5 0 50 47
0.5 240 50 0
0.5 0 53 0
0.5 0 46 0
0.5 240 46 49
0.5 0 53 58
0.5 0 50 49
0.5 240 50 0
0.5 0 53 0
0.5 0 46 0
0.5 240 46 49
0.5 0 53 58
0.5 0 50 49
0.5 240 50 0
0.5 0 53 0
0.5 0 46 0
0.5 240 51 56
0.5 480 51 0
0.5 480 46 47
0.5 0 53 56
0.5 480 53 0
0.5 0 46 0
0.5 480 51 52
0.5 0 55 56
0.5 480 55 0
0.5 0 51 0
0.5 480 46 51
0.5 0 53 61
0.5 480 53 0
0.5 0 46 0
0.5 480 51 57
0.5 0 55 61
0.5 480 55 0
0.5 0 51 0
0.5 1920 56 49
0.5 0 44 40
0.5 480 44 0
0.5 0 56 0
0.5 0 46 43
0.5 0 55 52
0.5 480 55 0
0.5 0 46 0
0.5 0 53 49
0.5 0 46 40
0.5 480 46 0
0.5 0 53 0
0.5 0 63 58
0.5 160 63 0
0.5 0 67 62
0.5 160 67 0
0.5 0 65 51
0.5 160 65 0
0.5 0 63 58
0.5 160 63 0
0.5 0 62 56
0.5 160 62 0
0.5 0 60 56
0.5 160 60 0
0.5 0 58 58
0.5 160 58 0
0.5 0 56 52
0.5 160 56 0
0.5 0 55 51
0.5 160 55 0
0.5 0 53 58
0.5 160 53 0
0.5 0 51 52
0.5 160 51 0
0.5 0 50 52
0.5 160 50 0
0.5 0 48 58
0.5 160 48 0
0.5 0 63 62
0.5 160 63 0
0.5 0 62 51
0.5 160 62 0
0.5 0 60 58
0.5 160 60 0
0.5 0 58 56
0.5 160 58 0
0.5 0 56 56
0.5 160 56 0
0.5 0 55 58
0.5 160 55 0
0.5 0 53 52
0.5 160 53 0
0.5 0 51 51
0.5 160 51 0
0.5 0 50 58
0.5 160 50 0
0.5 0 48 52
0.5 160 48 0
0.5 0 46 52
0.5 160 46 0
0.5 0 44 58
0.5 960 44 0
0.5 0 46 51
0.5 480 46 0
0.5 0 46 50
0.5 480 46 0
0.5 0 63 50
0.5 160 63 0
0.5 0 67 53
0.5 160 67 0
0.5 0 65 47
0.5 160 65 0
0.5 0 63 54
0.5 160 63 0
0.5 0 62 51
0.5 160 62 0
0.5 0 60 51
0.5 160 60 0
0.5 0 58 58
0.5 160 58 0
0.5 0 56 52
0.5 160 56 0
0.5 0 55 51
0.5 160 55 0
0.5 0 53 58
0.5 160 53 0
0.5 0 51 52
0.5 160 51 0
0.5 0 50 52
0.5 160 50 0
0.5 0 48 58
0.5 160 48 0
0.5 0 63 62
0.5 160 63 0
0.5 0 62 51
0.5 160 62 0
0.5 0 60 58
0.5 160 60 0
0.5 0 58 56
0.5 160 58 0
0.5 0 56 56
0.5 160 56 0
0.5 0 55 58
0.5 160 55 0
0.5 0 53 52
0.5 160 53 0
0.5 0 51 51
0.5 160 51 0
0.5 0 50 58
0.5 160 50 0
0.5 0 48 52
0.5 160 48 0
0.5 0 46 52
0.5 160 46 0
0.5 0 44 58
0.5 960 44 0
0.5 0 46 51
0.5 480 46 0
0.5 0 46 50
0.5 480 46 0
0.5 0 63 36
0.5 160 63 0
0.5 0 67 31
0.5 160 67 0
0.5 0 70 31
0.5 160 70 0
0.5 0 63 36
0.5 160 63 0
0.5 0 67 32
0.5 160 67 0
0.5 0 70 32
0.5 160 70 0
0.5 0 63 36
0.5 160 63 0
0.5 0 67 31
0.5 160 67 0
0.5 0 70 31
0.5 160 70 0
0.5 0 63 37
0.5 160 63 0
0.5 0 68 32
0.5 160 68 0
0.5 0 74 32
0.5 160 74 0
0.5 0 63 36
0.5 160 63 0
0.5 0 67 31
0.5 160 67 0
0.5 0 70 30
0.5 160 70 0
0.5 0 63 35
0.5 160 63 0
0.5 0 67 31
0.5 160 67 0
0.5 0 70 31
0.5 160 70 0
0.5 0 63 35
0.5 160 63 0
0.5 0 67 30
0.5 160 67 0
0.5 0 70 30
0.5 160 70 0
0.5 0 63 36
0.5 160 63 0
0.5 0 68 31
0.5 160 68 0
0.5 0 74 31
0.5 160 74 0
0.5 0 63 34
0.5 160 63 0
0.5 0 67 30
0.5 160 67 0
0.5 0 70 30
0.5 160 70 0
0.5 0 63 34
0.5 160 63 0
0.5 0 67 31
0.5 160 67 0
0.5 0 70 30
0.5 160 70 0
0.5 0 63 34
0.5 160 63 0
0.5 0 67 29
0.5 160 67 0
0.5 0 70 29
0.5 160 70 0
0.5 0 63 35
0.5 160 63 0
0.5 0 68 30
0.5 160 68 0
0.5 0 74 30
0.5 160 74 0
0.5 0 63 34
0.5 160 63 0
0.5 0 67 29
0.5 160 67 0
0.5 0 70 29
0.5 160 70 0
0.5 0 63 34
0.5 160 63 0
0.5 0 67 30
0.5 160 67 0
0.5 0 70 30
0.5 160 70 0
0.5 0 63 33
0.5 160 63 0
0.5 0 67 29
0.5 160 67 0
0.5 0 70 29
0.5 160 70 0
0.5 0 63 34
0.5 160 63 0
0.5 0 68 29
0.5 160 68 0
0.5 0 74 29
0.5 160 74 0
0.5 0 63 33
0.5 160 63 0
0.5 0 67 28
0.5 160 67 0
0.5 0 70 28
0.5 160 70 0
0.5 0 63 33
0.5 160 63 0
0.5 0 67 29
0.5 160 67 0
0.5 0 70 29
0.5 160 70 0
0.5 0 63 33
0.5 160 63 0
0.5 0 67 28
0.5 160 67 0
0.5 0 70 28
0.5 160 70 0
0.5 0 63 33
0.5 160 63 0
0.5 0 68 29
0.5 160 68 0
0.5 0 74 29
0.5 160 74 0
0.5 0 63 32
0.5 160 63 0
0.5 0 67 27
0.5 160 67 0
0.5 0 70 27
0.5 160 70 0
0.5 0 63 32
0.5 160 63 0
0.5 0 67 28
0.5 160 67 0
0.5 0 70 28
0.5 160 70 0
0.5 0 63 32
0.5 160 63 0
0.5 0 67 27
0.5 160 67 0
0.5 0 70 27
0.5 160 70 0
0.5 0 63 32
0.5 160 63 0
0.5 0 68 28
0.5 160 68 0
0.5 0 74 28
0.5 160 74 0
0.5 0 63 31
0.5 160 63 0
0.5 0 67 26
0.5 160 67 0
0.5 0 70 26
0.5 160 70 0
0.5 0 63 29
0.5 160 63 0
0.5 0 67 26
0.5 160 67 0
0.5 0 70 25
0.5 160 70 0
0.5 0 63 27
0.5 160 63 0
0.5 0 67 23
0.5 160 67 0
0.5 0 70 22
0.5 160 70 0
0.5 0 63 26
0.5 160 63 0
0.5 0 68 22
0.5 160 68 0
0.5 0 74 22
0.5 160 74 0
0.5 0 67 30
0.5 0 63 30
0.5 480 63 0
0.5 0 67 0
0.5 960 39 24
0.5 0 43 29
0.5 480 43 0
0.5 0 39 0
0.5 0 39 24
0.5 0 43 29
0.5 480 43 0
0.5 0 39 0
0.5 1440 44 49
0.5 0 56 58
0.5 480 56 0
0.5 0 44 0
0.5 480 43 49
0.5 0 55 58
0.5 480 55 0
0.5 0 43 0
0.5 960 44 47
0.5 480 44 0
0.5 0 56 58
0.5 180 56 0
0.5 1260 58 31
0.5 480 58 0
0.5 0 55 39
0.5 180 55 0
0.5 1260 56 47
0.5 480 56 0
0.5 0 44 58
0.5 180 44 0
0.5 300 48 52
0.5 480 48 0
0.5 0 49 58
0.5 960 49 0
0.5 480 51 52
0.5 480 51 0
0.5 360 44 47
0.5 120 44 0
0.5 0 48 58
0.5 360 48 0
0.5 0 51 52
0.5 120 51 0
0.5 0 56 59
0.5 360 56 0
0.5 600 56 49
0.5 0 60 58
0.5 480 60 0
0.5 0 56 0
0.5 480 55 49
0.5 0 58 58
0.5 480 58 0
0.5 0 55 0
0.5 960 44 47
0.5 480 44 0
0.5 0 56 58
0.5 480 56 0
0.5 0 60 58
0.5 480 60 0
0.5 480 61 58
0.5 120 61 0
0.5 840 60 58
0.5 120 60 0
0.5 840 58 58
0.5 120 58 0
0.5 840 56 58
0.5 120 56 0
0.5 840 61 49
0.5 0 49 49
0.5 480 49 0
0.5 0 61 0
0.5 0 51 58
0.5 0 60 58
0.5 480 60 0
0.5 0 58 55
0.5 480 58 0
0.5 0 51 0
0.5 0 56 55
0.5 160 56 0
0.5 0 60 47
0.5 160 60 0
0.5 0 63 47
0.5 160 63 0
0.5 0 56 55
0.5 160 56 0
0.5 0 60 47
0.5 160 60 0
0.5 0 63 49
0.5 160 63 0
0.5 0 56 55
0.5 160 56 0
0.5 0 60 50
0.5 160 60 0
0.5 0 63 50
0.5 160 63 0
0.5 0 55 55
0.5 160 55 0
0.5 0 58 52
0.5 160 58 0
0.5 0 63 52
0.5 160 63 0
0.5 0 56 55
0.5 160 56 0
0.5 0 60 47
0.5 160 60 0
0.5 0 63 47
0.5 160 63 0
0.5 0 56 55
0.5 160 56 0
0.5 0 60 47
0.5 160 60 0
0.5 0 63 37
0.5 160 63 0
0.5 0 56 50
0.5 160 56 0
0.5 0 60 41
0.5 160 60 0
0.5 0 63 41
0.5 160 63 0
0.5 0 56 50
0.5 160 56 0
0.5 0 60 46
0.5 160 60 0
0.5 0 63 46
0.5 160 63 0
0.5 0 56 55
0.5 160 56 0
0.5 0 60 47
0.5 160 60 0
0.5 0 63 47
0.5 160 63 0
0.5 0 56 55
0.5 160 56 0
0.5 0 60 47
0.5 160 60 0
0.5 0 63 49
0.5 160 63 0
0.5 0 56 55
0.5 160 56 0
0.5 0 60 50
0.5 160 60 0
0.5 0 63 50
0.5 160 63 0
0.5 0 58 55
0.5 160 58 0
0.5 0 61 52
0.5 160 61 0
0.5 0 67 52
0.5 160 67 0
0.5 0 60 55
0.5 160 60 0
0.5 0 63 47
0.5 160 63 0
0.5 0 68 47
0.5 160 68 0
0.5 0 60 55
0.5 160 60 0
0.5 0 63 47
0.5 160 63 0
0.5 0 68 39
0.5 160 68 0
0.5 0 60 52
0.5 160 60 0
0.5 0 63 43
0.5 160 63 0
0.5 0 68 43
0.5 160 68 0
0.5 0 60 53
0.5 160 60 0
0.5 0 63 44
0.5 160 63 0
0.5 0 68 44
0.5 160 68 0
0.5 0 60 55
0.5 160 60 0
0.5 0 63 47
0.5 160 63 0
0.5 0 68 47
0.5 160 68 0
0.5 0 60 55
0.5 160 60 0
0.5 0 63 47
0.5 160 63 0
0.5 0 68 39
0.5 160 68 0
0.5 0 60 46
0.5 160 60 0
0.5 0 63 36
0.5 160 63 0
0.5 0 68 36
0.5 160 68 0
0.5 0 60 47
0.5 160 60 0
0.5 0 63 40
0.5 160 63 0
0.5 0 68 40
0.5 160 68 0
0.5 0 61 55
0.5 160 61 0
0.5 0 65 47
0.5 160 65 0
0.5 0 68 47
0.5 160 68 0
0.5 0 61 55
0.5 160 61 0
0.5 0 65 47
0.5 160 65 0
0.5 0 68 39
0.5 160 68 0
0.5 0 61 49
0.5 160 61 0
0.5 0 63 39
0.5 160 63 0
0.5 0 67 39
0.5 160 67 0
0.5 0 61 50
0.5 160 61 0
0.5 0 63 44
0.5 160 63 0
0.5 0 67 44
0.5 160 67 0
0.5 0 60 55
0.5 160 60 0
0.5 0 63 47
0.5 160 63 0
0.5 0 68 47
0.5 160 68 0
0.5 0 60 55
0.5 160 60 0
0.5 0 63 47
0.5 160 63 0
0.5 0 68 39
0.5 160 68 0
0.5 0 58 52
0.5 160 58 0
0.5 0 61 43
0.5 160 61 0
0.5 0 67 43
0.5 160 67 0
0.5 0 58 53
0.5 160 58 0
0.5 0 61 44
0.5 160 61 0
0.5 0 67 44
0.5 160 67 0
0.5 0 56 55
0.5 480 56 0
0.5 1920 63 39
0.5 0 67 46
0.5 480 67 0
0.5 0 63 0
0.5 960 51 58
0.5 360 51 0
0.5 120 55 58
0.5 240 55 0
0.5 240 50 58
0.5 240 50 0
0.5 720 50 58
0.5 360 50 0
0.5 120 58 44
0.5 240 58 0
0.5 240 51 53
0.5 360 51 0
0.5 120 58 47
0.5 240 58 0
0.5 240 53 55
0.5 360 53 0
0.5 120 62 37
0.5 240 62 0
0.5 240 55 56
0.5 360 55 0
0.5 120 63 44
0.5 240 63 0
0.5 240 56 55
0.5 160 56 0
0.5 0 60 47
0.5 160 60 0
0.5 0 63 47
0.5 160 63 0
0.5 0 56 55
0.5 160 56 0
0.5 0 60 47
0.5 160 60 0
0.5 0 63 39
0.5 160 63 0
0.5 0 56 52
0.5 160 56 0
0.5 0 60 43
0.5 160 60 0
0.5 0 63 43
0.5 160 63 0
0.5 0 55 53
0.5 160 55 0
0.5 0 58 44
0.5 160 58 0
0.5 0 61 44
0.5 160 61 0
0.5 0 56 55
0.5 480 56 0
0.5 1440 55 55
0.5 160 55 0
0.5 0 58 47
0.5 160 58 0
0.5 0 63 47
0.5 160 63 0
0.5 0 55 55
0.5 160 55 0
0.5 0 58 47
0.5 160 58 0
0.5 0 63 39
0.5 160 63 0
0.5 0 55 52
0.5 160 55 0
0.5 0 58 43
0.5 160 58 0
0.5 0 63 43
0.5 160 63 0
0.5 0 53 53
0.5 160 53 0
0.5 0 56 44
0.5 160 56 0
0.5 0 59 44
0.5 160 59 0
0.5 0 55 55
0.5 480 55 0
0.5 1440 58 55
0.5 160 58 0
0.5 0 62 47
0.5 160 62 0
0.5 0 65 47
0.5 160 65 0
0.5 0 58 55
0.5 160 58 0
0.5 0 62 47
0.5 160 62 0
0.5 0 65 39
0.5 160 65 0
0.5 0 58 52
0.5 160 58 0
0.5 0 62 43
0.5 160 62 0
0.5 0 65 43
0.5 160 65 0
0.5 0 58 53
0.5 160 58 0
0.5 0 63 44
0.5 160 63 0
0.5 0 67 44
0.5 160 67 0
0.5 0 58 53
0.5 160 58 0
0.5 0 65 44
0.5 160 65 0
0.5 0 68 44
0.5 160 68 0
0.5 0 58 50
0.5 160 58 0
0.5 0 65 39
0.5 160 65 0
0.5 0 68 39
0.5 160 68 0
0.5 0 58 47
0.5 160 58 0
0.5 0 65 42
0.5 160 65 0
0.5 0 68 42
0.5 160 68 0
0.5 0 58 53
0.5 160 58 0
0.5 0 63 44
0.5 160 63 0
0.5 0 67 44
0.5 160 67 0
0.5 0 58 55
0.5 160 58 0
0.5 0 62 47
0.5 160 62 0
0.5 0 65 47
0.5 160 65 0
0.5 0 58 55
0.5 160 58 0
0.5 0 62 47
0.5 160 62 0
0.5 0 65 39
0.5 160 65 0
0.5 0 58 52
0.5 160 58 0
0.5 0 62 43
0.5 160 62 0
0.5 0 65 43
0.5 160 65 0
0.5 0 58 53
0.5 160 58 0
0.5 0 63 44
0.5 160 63 0
0.5 0 67 44
0.5 160 67 0
0.5 0 58 53
0.5 160 58 0
0.5 0 65 44
0.5 160 65 0
0.5 0 68 44
0.5 160 68 0
0.5 0 58 50
0.5 160 58 0
0.5 0 65 39
0.5 160 65 0
0.5 0 68 39
0.5 160 68 0
0.5 0 58 47
0.5 160 58 0
0.5 0 65 42
0.5 160 65 0
0.5 0 68 42
0.5 160 68 0
0.5 0 58 53
0.5 160 58 0
0.5 0 63 44
0.5 160 63 0
0.5 0 67 44
0.5 160 67 0
0.5 0 58 55
0.5 160 58 0
0.5 0 62 47
0.5 160 62 0
0.5 0 65 47
0.5 160 65 0
0.5 0 58 55
0.5 160 58 0
0.5 0 62 47
0.5 160 62 0
0.5 0 65 39
0.5 160 65 0
0.5 0 59 61
0.5 160 59 0
0.5 0 62 43
0.5 160 62 0
0.5 0 65 43
0.5 160 65 0
0.5 0 60 53
0.5 160 60 0
0.5 0 62 44
0.5 160 62 0
0.5 0 63 44
0.5 160 63 0
0.5 0 56 55
0.5 480 56 0
0.5 480 58 40
0.5 0 67 62
0.5 480 67 0
0.5 0 68 47
0.5 480 68 0
0.5 0 58 0
0.5 0 60 30
0.5 0 68 55
0.5 960 68 0
0.5 0 67 37
0.5 480 67 0
0.5 0 60 0
0.5 960 51 56
0.5 0 48 47
0.5 240 48 0
0.5 0 51 0
0.5 240 51 58
0.5 0 48 49
0.5 240 48 0
0.5 0 51 0
0.5 240 51 58
0.5 0 48 49
0.5 240 48 0
0.5 0 51 0
0.5 720 46 47
0.5 0 53 56
0.5 0 50 47
0.5 240 50 0
0.5 0 53 0
0.5 0 46 0
0.5 240 46 49
0.5 0 53 58
0.5 0 50 49
0.5 240 50 0
0.5 0 53 0
0.5 0 46 0
0.5 240 46 49
0.5 0 53 58
0.5 0 50 49
0.5 240 50 0
0.5 0 53 0
0.5 0 46 0
0.5 240 51 56
0.5 480 51 0
0.5 480 46 47
0.5 0 53 56
0.5 480 53 0
0.5 0 46 0
0.5 480 51 52
0.5 0 55 56
0.5 480 55 0
0.5 0 51 0
0.5 480 46 47
0.5 0 53 56
0.5 480 53 0
0.5 0 46 0
0.5 480 51 57
0.5 0 55 61
0.5 480 55 0
0.5 0 51 0
0.5 1920 56 49
0.5 0 44 40
0.5 480 44 0
0.5 0 56 0
0.5 0 46 43
0.5 0 55 52
0.5 480 55 0
0.5 0 46 0
0.5 0 53 49
0.5 0 46 40
0.5 480 46 0
0.5 0 53 0
0.5 0 63 58
0.5 160 63 0
0.5 0 67 62
0.5 160 67 0
0.5 0 65 51
0.5 160 65 0
0.5 0 63 58
0.5 160 63 0
0.5 0 62 56
0.5 160 62 0
0.5 0 60 56
0.5 160 60 0
0.5 0 58 58
0.5 160 58 0
0.5 0 56 52
0.5 160 56 0
0.5 0 55 51
0.5 160 55 0
0.5 0 53 58
0.5 160 53 0
0.5 0 51 52
0.5 160 51 0
0.5 0 50 52
0.5 160 50 0
0.5 0 48 58
0.5 160 48 0
0.5 0 63 62
0.5 160 63 0
0.5 0 62 51
0.5 160 62 0
0.5 0 60 58
0.5 160 60 0
0.5 0 58 56
0.5 160 58 0
0.5 0 56 56
0.5 160 56 0
0.5 0 55 58
0.5 160 55 0
0.5 0 53 52
0.5 160 53 0
0.5 0 51 51
0.5 160 51 0
0.5 0 50 58
0.5 160 50 0
0.5 0 48 52
0.5 160 48 0
0.5 0 46 52
0.5 160 46 0
0.5 0 44 58
0.5 960 44 0
0.5 0 46 51
0.5 480 46 0
0.5 0 46 50
0.5 480 46 0
0.5 0 63 50
0.5 160 63 0
0.5 0 67 53
0.5 160 67 0
0.5 0 65 47
0.5 160 65 0
0.5 0 63 54
0.5 160 63 0
0.5 0 62 51
0.5 160 62 0
0.5 0 60 51
0.5 160 60 0
0.5 0 58 58
0.5 160 58 0
0.5 0 56 52
0.5 160 56 0
0.5 0 55 51
0.5 160 55 0
0.5 0 53 58
0.5 160 53 0
0.5 0 51 52
0.5 160 51 0
0.5 0 50 52
0.5 160 50 0
0.5 0 48 58
0.5 160 48 0
0.5 0 63 62
0.5 160 63 0
0.5 0 62 51
0.5 160 62 0
0.5 0 60 58
0.5 160 60 0
0.5 0 58 56
0.5 160 58 0
0.5 0 56 56
0.5 160 56 0
0.5 0 55 58
0.5 160 55 0
0.5 0 53 52
0.5 160 53 0
0.5 0 51 51
0.5 160 51 0
0.5 0 50 58
0.5 160 50 0
0.5 0 48 52
0.5 160 48 0
0.5 0 46 52
0.5 160 46 0
0.5 0 44 58
0.5 960 44 0
0.5 0 46 51
0.5 480 46 0
0.5 0 46 50
0.5 480 46 0
0.5 0 63 36
0.5 160 63 0
0.5 0 67 31
0.5 160 67 0
0.5 0 70 31
0.5 160 70 0
0.5 0 63 36
0.5 160 63 0
0.5 0 67 32
0.5 160 67 0
0.5 0 70 32
0.5 160 70 0
0.5 0 63 36
0.5 160 63 0
0.5 0 67 31
0.5 160 67 0
0.5 0 70 31
0.5 160 70 0
0.5 0 63 37
0.5 160 63 0
0.5 0 68 32
0.5 160 68 0
0.5 0 74 32
0.5 160 74 0
0.5 0 63 36
0.5 160 63 0
0.5 0 67 31
0.5 160 67 0
0.5 0 70 30
0.5 160 70 0
0.5 0 63 35
0.5 160 63 0
0.5 0 67 31
0.5 160 67 0
0.5 0 70 31
0.5 160 70 0
0.5 0 63 35
0.5 160 63 0
0.5 0 67 30
0.5 160 67 0
0.5 0 70 30
0.5 160 70 0
0.5 0 63 36
0.5 160 63 0
0.5 0 68 31
0.5 160 68 0
0.5 0 74 31
0.5 160 74 0
0.5 0 63 34
0.5 160 63 0
0.5 0 67 30
0.5 160 67 0
0.5 0 70 30
0.5 160 70 0
0.5 0 63 34
0.5 160 63 0
0.5 0 67 31
0.5 160 67 0
0.5 0 70 30
0.5 160 70 0
0.5 0 63 34
0.5 160 63 0
0.5 0 67 29
0.5 160 67 0
0.5 0 70 29
0.5 160 70 0
0.5 0 63 35
0.5 160 63 0
0.5 0 68 30
0.5 160 68 0
0.5 0 74 30
0.5 160 74 0
0.5 0 63 34
0.5 160 63 0
0.5 0 67 29
0.5 160 67 0
0.5 0 70 29
0.5 160 70 0
0.5 0 63 34
0.5 160 63 0
0.5 0 67 30
0.5 160 67 0
0.5 0 70 30
0.5 160 70 0
0.5 0 63 33
0.5 160 63 0
0.5 0 67 29
0.5 160 67 0
0.5 0 70 29
0.5 160 70 0
0.5 0 63 34
0.5 160 63 0
0.5 0 68 29
0.5 160 68 0
0.5 0 74 29
0.5 160 74 0
0.5 0 63 33
0.5 160 63 0
0.5 0 67 28
0.5 160 67 0
0.5 0 70 28
0.5 160 70 0
0.5 0 63 33
0.5 160 63 0
0.5 0 67 29
0.5 160 67 0
0.5 0 70 29
0.5 160 70 0
0.5 0 63 33
0.5 160 63 0
0.5 0 67 28
0.5 160 67 0
0.5 0 70 28
0.5 160 70 0
0.5 0 63 33
0.5 160 63 0
0.5 0 68 29
0.5 160 68 0
0.5 0 74 29
0.5 160 74 0
0.5 0 63 32
0.5 160 63 0
0.5 0 67 27
0.5 160 67 0
0.5 0 70 27
0.5 160 70 0
0.5 0 63 32
0.5 160 63 0
0.5 0 67 28
0.5 160 67 0
0.5 0 70 28
0.5 160 70 0
0.5 0 63 32
0.5 160 63 0
0.5 0 67 27
0.5 160 67 0
0.5 0 70 27
0.5 160 70 0
0.5 0 63 32
0.5 160 63 0
0.5 0 68 28
0.5 160 68 0
0.5 0 74 28
0.5 160 74 0
0.5 0 63 31
0.5 160 63 0
0.5 0 67 26
0.5 160 67 0
0.5 0 70 26
0.5 160 70 0
0.5 0 63 29
0.5 160 63 0
0.5 0 67 26
0.5 160 67 0
0.5 0 70 25
0.5 160 70 0
0.5 0 63 27
0.5 160 63 0
0.5 0 67 23
0.5 160 67 0
0.5 0 70 22
0.5 160 70 0
0.5 0 63 26
0.5 160 63 0
0.5 0 68 22
0.5 160 68 0
0.5 0 74 22
0.5 160 74 0
0.5 0 67 30
0.5 0 63 30
0.5 480 63 0
0.5 0 67 0
0.5 960 39 24
0.5 0 43 29
0.5 480 43 0
0.5 0 39 0
0.5 0 39 24
0.5 0 43 29
0.5 480 43 0
0.5 0 39 0
0.5 1440 39 49
0.5 0 51 58
0.5 480 51 0
0.5 0 39 0
0.5 480 38 49
0.5 0 50 58
0.5 480 50 0
0.5 0 38 0
0.5 960 39 47
0.5 480 39 0
0.5 0 51 58
0.5 180 51 0
0.5 1260 53 31
0.5 480 53 0
0.5 0 50 39
0.5 180 50 0
0.5 1260 51 47
0.5 480 51 0
0.5 0 39 58
0.5 180 39 0
0.5 300 43 52
0.5 480 43 0
0.5 0 44 58
0.5 480 44 0
0.5 960 46 52
0.5 480 46 0
0.5 360 51 47
0.5 120 51 0
0.5 0 55 58
0.5 360 55 0
0.5 0 58 52
0.5 120 58 0
0.5 0 63 59
0.5 480 63 0
0.5 2760 68 47
0.5 120 68 0
0.5 0 67 58
0.5 360 67 0
0.5 0 65 52
0.5 120 65 0
0.5 0 64 59
0.5 360 64 0
0.5 0 67 50
0.5 120 67 0
0.5 0 60 57
0.5 360 60 0
0.5 0 64 52
0.5 120 64 0
0.5 0 65 46
0.5 160 65 0
0.5 0 68 39
0.5 160 68 0
0.5 0 72 39
0.5 160 72 0
0.5 0 65 46
0.5 160 65 0
0.5 0 68 39
0.5 160 68 0
0.5 0 72 41
0.5 160 72 0
0.5 0 65 46
0.5 160 65 0
0.5 0 68 42
0.5 160 68 0
0.5 0 72 42
0.5 160 72 0
0.5 0 64 46
0.5 160 64 0
0.5 0 67 44
0.5 160 67 0
0.5 0 72 44
0.5 160 72 0
0.5 0 65 46
0.5 160 65 0
0.5 0 68 39
0.5 160 68 0
0.5 0 72 39
0.5 160 72 0
0.5 0 65 46
0.5 160 65 0
0.5 0 68 39
0.5 160 68 0
0.5 0 72 31
0.5 160 72 0
0.5 0 65 42
0.5 160 65 0
0.5 0 68 34
0.5 160 68 0
0.5 0 72 34
0.5 160 72 0
0.5 0 65 42
0.5 160 65 0
0.5 0 68 39
0.5 160 68 0
0.5 0 72 39
0.5 160 72 0
0.5 0 63 46
0.5 160 63 0
0.5 0 66 39
0.5 160 66 0
0.5 0 72 39
0.5 160 72 0
0.5 0 63 46
0.5 160 63 0
0.5 0 66 39
0.5 160 66 0
0.5 0 72 35
0.5 160 72 0
0.5 0 63 42
0.5 160 63 0
0.5 0 66 38
0.5 160 66 0
0.5 0 72 38
0.5 160 72 0
0.5 0 63 42
0.5 160 63 0
0.5 0 66 39
0.5 160 66 0
0.5 0 72 39
0.5 160 72 0
0.5 0 61 46
0.5 160 61 0
0.5 0 65 39
0.5 160 65 0
0.5 0 68 39
0.5 160 68 0
0.5 0 61 46
0.5 160 61 0
0.5 0 65 39
0.5 160 65 0
0.5 0 68 31
0.5 160 68 0
0.5 0 61 42
0.5 160 61 0
0.5 0 65 34
0.5 160 65 0
0.5 0 68 34
0.5 160 68 0
0.5 0 61 42
0.5 160 61 0
0.5 0 65 39
0.5 160 65 0
0.5 0 68 39
0.5 160 68 0
0.5 0 62 46
0.5 160 62 0
0.5 0 65 39
0.5 160 65 0
0.5 0 70 39
0.5 160 70 0
0.5 0 62 46
0.5 160 62 0
0.5 0 65 39
0.5 160 65 0
0.5 0 70 35
0.5 160 70 0
0.5 0 62 42
0.5 160 62 0
0.5 0 65 38
0.5 160 65 0
0.5 0 70 38
0.5 160 70 0
0.5 0 62 42
0.5 160 62 0
0.5 0 65 39
0.5 160 65 0
0.5 0 70 39
0.5 160 70 0
0.5 0 63 46
0.5 160 63 0
0.5 0 67 39
0.5 160 67 0
0.5 0 70 39
0.5 160 70 0
0.5 0 63 46
0.5 160 63 0
0.5 0 67 39
0.5 160 67 0
0.5 0 70 31
0.5 160 70 0
0.5 0 63 42
0.5 160 63 0
0.5 0 67 34
0.5 160 67 0
0.5 0 70 34
0.5 160 70 0
0.5 0 63 42
0.5 160 63 0
0.5 0 67 39
0.5 160 67 0
0.5 0 70 39
0.5 160 70 0
0.5 0 65 39
0.5 160 65 0
0.5 0 68 33
0.5 160 68 0
0.5 0 71 33
0.5 160 71 0
0.5 0 65 39
0.5 160 65 0
0.5 0 68 33
0.5 160 68 0
0.5 0 71 30
0.5 160 71 0
0.5 0 65 37
0.5 160 65 0
0.5 0 68 33
0.5 160 68 0
0.5 0 71 34
0.5 160 71 0
0.5 0 65 38
0.5 160 65 0
0.5 0 68 36
0.5 160 68 0
0.5 0 71 36
0.5 160 71 0
0.5 0 63 43
0.5 160 63 0
0.5 0 68 37
0.5 160 68 0
0.5 0 71 37
0.5 160 71 0
0.5 0 63 44
0.5 160 63 0
0.5 0 68 38
0.5 160 68 0
0.5 0 71 34
0.5 160 71 0
0.5 0 63 42
0.5 160 63 0
0.5 0 68 38
0.5 160 68 0
0.5 0 71 39
0.5 160 71 0
0.5 0 63 42
0.5 160 63 0
0.5 0 68 41
0.5 160 68 0
0.5 0 71 41
0.5 160 71 0
0.5 0 61 49
0.5 160 61 0
0.5 0 68 42
0.5 160 68 0
0.5 0 71 42
0.5 160 71 0
0.5 0 61 50
0.5 160 61 0
0.5 0 68 43
0.5 160 68 0
0.5 0 71 39
0.5 160 71 0
0.5 0 61 48
0.5 160 61 0
0.5 0 68 43
0.5 160 68 0
0.5 0 71 44
0.5 160 71 0
0.5 0 61 48
0.5 160 61 0
0.5 0 68 45
0.5 160 68 0
0.5 0 71 46
0.5 160 71 0
0.5 0 61 55
0.5 160 61 0
0.5 0 66 47
0.5 159 70 47
0.5 1 66 0
0.5 159 70 0
0.5 1 61 57
0.5 160 61 0
0.5 0 66 48
0.5 159 70 44
0.5 1 66 0
0.5 159 70 0
0.5 1 61 53
0.5 160 61 0
0.5 0 66 48
0.5 159 70 48
0.5 1 66 0
0.5 159 70 0
0.5 1 61 54
0.5 160 61 0
0.5 0 66 51
0.5 159 70 51
0.5 1 66 0
0.5 159 70 0
0.5 1 61 62
0.5 160 61 0
0.5 0 65 52
0.5 160 65 0
0.5 0 68 47
0.5 160 68 0
0.5 0 61 57
0.5 160 61 0
0.5 0 65 47
0.5 160 65 0
0.5 0 68 41
0.5 160 68 0
0.5 0 61 46
0.5 160 61 0
0.5 0 65 41
0.5 160 65 0
0.5 0 68 41
0.5 160 68 0
0.5 0 61 42
0.5 160 61 0
0.5 0 65 39
0.5 160 65 0
0.5 0 68 39
0.5 160 68 0
0.5 0 62 46
0.5 160 62 0
0.5 0 65 39
0.5 160 65 0
0.5 0 70 39
0.5 160 70 0
0.5 0 62 46
0.5 160 62 0
0.5 0 65 39
0.5 160 65 0
0.5 0 70 35
0.5 160 70 0
0.5 0 62 42
0.5 160 62 0
0.5 0 65 38
0.5 160 65 0
0.5 0 70 38
0.5 160 70 0
0.5 0 62 42
0.5 160 62 0
0.5 0 65 39
0.5 160 65 0
0.5 0 70 39
0.5 160 70 0
0.5 0 63 46
0.5 160 63 0
0.5 0 70 39
0.5 160 70 0
0.5 0 73 39
0.5 160 73 0
0.5 0 63 46
0.5 160 63 0
0.5 0 70 39
0.5 160 70 0
0.5 0 73 31
0.5 160 73 0
0.5 0 63 42
0.5 160 63 0
0.5 0 70 34
0.5 160 70 0
0.5 0 73 34
0.5 160 73 0
0.5 0 63 42
0.5 160 63 0
0.5 0 67 39
0.5 160 67 0
0.5 0 70 39
0.5 160 70 0
0.5 0 64 50
0.5 160 64 0
0.5 0 67 42
0.5 160 67 0
0.5 0 72 42
0.5 160 72 0
0.5 0 64 50
0.5 160 64 0
0.5 0 67 42
0.5 160 67 0
0.5 0 72 38
0.5 160 72 0
0.5 0 64 46
0.5 160 64 0
0.5 0 67 41
0.5 160 67 0
0.5 0 72 41
0.5 160 72 0
0.5 0 64 46
0.5 160 64 0
0.5 0 67 42
0.5 160 67 0
0.5 0 72 42
0.5 160 72 0
0.5 0 65 50
0.5 480 65 0
0.5 3360 45 46
0.5 160 45 0
0.5 0 48 39
0.5 160 48 0
0.5 0 51 39
0.5 160 51 0
0.5 0 45 46
0.5 160 45 0
0.5 0 48 39
0.5 160 48 0
0.5 0 51 41
0.5 160 51 0
0.5 0 45 46
0.5 160 45 0
0.5 0 48 42
0.5 160 48 0
0.5 0 51 42
0.5 160 51 0
0.5 0 45 46
0.5 160 45 0
0.5 0 48 44
0.5 160 48 0
0.5 0 53 44
0.5 160 53 0
0.5 0 46 46
0.5 160 46 0
0.5 6 49 39
0.5 149 53 39
0.5 11 49 0
0.5 149 53 0
0.5 5 46 46
0.5 160 46 0
0.5 0 49 39
0.5 160 49 0
0.5 0 53 41
0.5 155 46 46
0.5 5 53 0
0.5 155 46 0
0.5 0 49 42
0.5 160 49 0
0.5 5 53 42
0.5 160 53 0
0.5 0 46 46
0.5 160 46 0
0.5 0 49 44
0.5 160 49 0
0.5 0 53 44
0.5 160 53 0
0.5 0 47 46
0.5 160 47 0
0.5 0 50 39
0.5 160 50 0
0.5 0 53 39
0.5 160 53 0
0.5 0 47 46
0.5 160 47 0
0.5 0 50 39
0.5 160 50 0
0.5 0 53 41
0.5 160 53 0
0.5 0 47 46
0.5 160 47 0
0.5 0 50 42
0.5 160 50 0
0.5 0 53 42
0.5 160 53 0
0.5 0 47 46
0.5 160 47 0
0.5 0 50 44
0.5 160 50 0
0.5 0 55 44
0.5 160 55 0
0.5 0 48 56
0.5 480 48 0
0.5 480 48 47
0.5 0 52 56
0.5 480 52 0
0.5 0 48 0
0.5 480 48 47
0.5 0 52 56
0.5 480 52 0
0.5 0 48 0
0.5 480 48 48
0.5 0 52 58
0.5 480 52 0
0.5 0 48 0
0.5 480 53 50
0.5 0 56 59
0.5 480 56 0
0.5 0 53 0
0.5 480 48 52
0.5 0 55 62
0.5 480 55 0
0.5 0 48 0
0.5 480 53 53
0.5 0 56 63
0.5 480 56 0
0.5 0 53 0
0.5 480 46 54
0.5 0 58 65
0.5 480 58 0
0.5 0 46 0
0.5 480 60 66
0.5 480 60 0
0.5 480 48 56
0.5 480 48 0
0.5 480 57 40
0.5 160 57 0
0.5 0 60 32
0.5 160 60 0
0.5 0 66 32
0.5 160 66 0
0.5 0 57 39
0.5 160 57 0
0.5 0 60 33
0.5 160 60 0
0.5 0 66 33
0.5 160 66 0
0.5 0 57 38
0.5 160 57 0
0.5 0 60 33
0.5 160 60 0
0.5 0 66 33
0.5 160 66 0
0.5 0 57 40
0.5 160 57 0
0.5 0 60 32
0.5 160 60 0
0.5 0 66 32
0.5 160 66 0
0.5 0 58 38
0.5 160 58 0
0.5 0 65 33
0.5 160 65 0
0.5 0 68 33
0.5 160 68 0
0.5 0 58 38
0.5 160 58 0
0.5 0 65 33
0.5 160 65 0
0.5 0 68 33
0.5 160 68 0
0.5 0 58 38
0.5 160 58 0
0.5 0 65 32
0.5 160 65 0
0.5 0 68 32
0.5 160 68 0
0.5 0 58 40
0.5 160 58 0
0.5 0 65 34
0.5 160 65 0
0.5 0 68 34
0.5 160 68 0
0.5 0 55 47
0.5 160 55 0
0.5 0 58 40
0.5 160 58 0
0.5 0 63 40
0.5 160 63 0
0.5 0 55 48
0.5 160 55 0
0.5 0 58 40
0.5 160 58 0
0.5 0 63 37
0.5 160 63 0
0.5 0 55 44
0.5 160 55 0
0.5 0 58 40
0.5 160 58 0
0.5 0 63 40
0.5 160 63 0
0.5 0 55 45
0.5 160 55 0
0.5 0 58 42
0.5 160 58 0
0.5 0 63 42
0.5 160 63 0
0.5 0 56 47
0.5 160 56 0
0.5 0 60 40
0.5 160 60 0
0.5 0 63 40
0.5 160 63 0
0.5 0 56 48
0.5 160 56 0
0.5 0 60 40
0.5 160 60 0
0.5 0 63 37
0.5 160 63 0
0.5 0 48 44
0.5 160 48 0
0.5 0 51 40
0.5 160 51 0
0.5 0 56 40
0.5 160 56 0
0.5 0 48 45
0.5 160 48 0
0.5 0 51 42
0.5 160 51 0
0.5 0 56 42
0.5 160 56 0
0.5 0 49 47
0.5 160 49 0
0.5 0 53 40
0.5 160 53 0
0.5 0 56 40
0.5 160 56 0
0.5 0 49 48
0.5 160 49 0
0.5 0 53 40
0.5 160 53 0
0.5 0 56 37
0.5 160 56 0
0.5 0 50 44
0.5 160 50 0
0.5 0 53 40
0.5 160 53 0
0.5 0 58 40
0.5 160 58 0
0.5 0 50 45
0.5 160 50 0
0.5 0 53 42
0.5 160 53 0
0.5 0 58 42
0.5 160 58 0
0.5 0 51 55
0.5 960 51 0
0.5 960 53 47
0.5 0 56 55
0.5 960 56 0
0.5 0 53 0
0.5 6240 53 24
0.5 0 56 24
0.5 0 58 29
0.5 480 58 0
0.5 0 56 0
0.5 0 53 0
0.5 4320 39 36
0.5 480 39 0
0.5 960 44 49
0.5 0 56 58
0.5 480 56 0
0.5 0 44 0
0.5 480 43 49
0.5 0 55 58
0.5 480 55 0
0.5 0 43 0
0.5 960 44 47
0.5 480 44 0
0.5 0 56 58
0.5 180 56 0
0.5 1260 58 31
0.5 480 58 0
0.5 0 55 39
0.5 180 55 0
0.5 1260 56 47
0.5 480 56 0
0.5 0 44 58
0.5 180 44 0
0.5 300 48 52
0.5 480 48 0
0.5 0 49 58
0.5 960 49 0
0.5 480 51 52
0.5 480 51 0
0.5 360 44 47
0.5 120 44 0
0.5 0 48 58
0.5 360 48 0
0.5 0 51 52
0.5 120 51 0
0.5 0 56 59
0.5 360 56 0
0.5 600 56 49
0.5 0 60 58
0.5 480 60 0
0.5 0 56 0
0.5 480 55 49
0.5 0 58 58
0.5 480 58 0
0.5 0 55 0
0.5 960 44 47
0.5 480 44 0
0.5 0 56 58
0.5 480 56 0
0.5 0 60 58
0.5 480 60 0
0.5 480 61 58
0.5 120 61 0
0.5 840 60 58
0.5 120 60 0
0.5 840 58 58
0.5 120 58 0
0.5 840 56 58
0.5 120 56 0
0.5 840 61 49
0.5 0 49 49
0.5 480 49 0
0.5 0 61 0
0.5 0 51 58
0.5 0 60 58
0.5 480 60 0
0.5 0 58 55
0.5 480 58 0
0.5 0 51 0
0.5 0 56 55
0.5 160 56 0
0.5 0 60 47
0.5 160 60 0
0.5 0 63 47
0.5 160 63 0
0.5 0 56 55
0.5 160 56 0
0.5 0 60 47
0.5 160 60 0
0.5 0 63 49
0.5 160 63 0
0.5 0 56 55
0.5 160 56 0
0.5 0 60 50
0.5 160 60 0
0.5 0 63 50
0.5 160 63 0
0.5 0 55 55
0.5 160 55 0
0.5 0 58 52
0.5 160 58 0
0.5 0 63 52
0.5 160 63 0
0.5 0 56 55
0.5 160 56 0
0.5 0 60 47
0.5 160 60 0
0.5 0 63 47
0.5 160 63 0
0.5 0 56 55
0.5 160 56 0
0.5 0 60 47
0.5 160 60 0
0.5 0 63 37
0.5 160 63 0
0.5 0 56 50
0.5 160 56 0
0.5 0 60 41
0.5 160 60 0
0.5 0 63 41
0.5 160 63 0
0.5 0 56 50
0.5 160 56 0
0.5 0 60 46
0.5 160 60 0
0.5 0 63 46
0.5 160 63 0
0.5 0 56 55
0.5 160 56 0
0.5 0 60 47
0.5 160 60 0
0.5 0 63 47
0.5 160 63 0
0.5 0 56 55
0.5 160 56 0
0.5 0 60 47
0.5 160 60 0
0.5 0 63 49
0.5 160 63 0
0.5 0 56 55
0.5 160 56 0
0.5 0 60 50
0.5 160 60 0
0.5 0 63 50
0.5 160 63 0
0.5 0 58 55
0.5 160 58 0
0.5 0 61 52
0.5 160 61 0
0.5 0 67 52
0.5 160 67 0
0.5 0 60 55
0.5 160 60 0
0.5 0 63 47
0.5 160 63 0
0.5 0 68 47
0.5 160 68 0
0.5 0 60 55
0.5 160 60 0
0.5 0 63 47
0.5 160 63 0
0.5 0 68 39
0.5 160 68 0
0.5 0 60 52
0.5 160 60 0
0.5 0 63 43
0.5 160 63 0
0.5 0 68 43
0.5 160 68 0
0.5 0 60 53
0.5 160 60 0
0.5 0 63 44
0.5 160 63 0
0.5 0 68 44
0.5 160 68 0
0.5 0 60 55
0.5 160 60 0
0.5 0 63 47
0.5 160 63 0
0.5 0 68 47
0.5 160 68 0
0.5 0 60 55
0.5 160 60 0
0.5 0 63 47
0.5 160 63 0
0.5 0 68 39
0.5 160 68 0
0.5 0 60 46
0.5 160 60 0
0.5 0 63 36
0.5 160 63 0
0.5 0 68 36
0.5 160 68 0
0.5 0 60 47
0.5 160 60 0
0.5 0 63 40
0.5 160 63 0
0.5 0 68 40
0.5 160 68 0
0.5 0 61 55
0.5 160 61 0
0.5 0 65 47
0.5 160 65 0
0.5 0 68 47
0.5 160 68 0
0.5 0 61 55
0.5 160 61 0
0.5 0 65 47
0.5 160 65 0
0.5 0 68 39
0.5 160 68 0
0.5 0 61 49
0.5 160 61 0
0.5 0 63 39
0.5 160 63 0
0.5 0 67 39
0.5 160 67 0
0.5 0 61 50
0.5 160 61 0
0.5 0 63 44
0.5 160 63 0
0.5 0 67 44
0.5 160 67 0
0.5 0 60 55
0.5 160 60 0
0.5 0 63 47
0.5 160 63 0
0.5 0 68 47
0.5 160 68 0
0.5 0 60 55
0.5 160 60 0
0.5 0 63 47
0.5 160 63 0
0.5 0 68 39
0.5 160 68 0
0.5 0 58 52
0.5 160 58 0
0.5 0 61 43
0.5 160 61 0
0.5 0 67 43
0.5 160 67 0
0.5 0 58 53
0.5 160 58 0
0.5 0 61 44
0.5 160 61 0
0.5 0 67 44
0.5 160 67 0
0.5 0 56 55
0.5 480 56 0
0.5 1920 63 39
0.5 0 67 46
0.5 480 67 0
0.5 0 63 0
0.5 960 51 42
0.5 160 51 0
0.5 0 55 35
0.5 160 55 0
0.5 0 58 35
0.5 160 58 0
0.5 0 51 40
0.5 160 51 0
0.5 0 55 31
0.5 160 55 0
0.5 0 58 31
0.5 160 58 0
0.5 0 51 37
0.5 160 51 0
0.5 0 55 33
0.5 160 55 0
0.5 0 58 33
0.5 160 58 0
0.5 0 51 42
0.5 160 51 0
0.5 0 56 35
0.5 160 56 0
0.5 0 60 35
0.5 160 60 0
0.5 0 51 42
0.5 160 51 0
0.5 0 58 35
0.5 160 58 0
0.5 0 61 35
0.5 160 61 0
0.5 0 51 40
0.5 160 51 0
0.5 0 58 31
0.5 160 58 0
0.5 0 61 31
0.5 160 61 0
0.5 0 51 37
0.5 160 51 0
0.5 0 58 33
0.5 160 58 0
0.5 0 61 33
0.5 160 61 0
0.5 0 51 42
0.5 160 51 0
0.5 0 56 35
0.5 160 56 0
0.5 0 60 35
0.5 160 60 0
0.5 0 51 42
0.5 160 51 0
0.5 0 55 35
0.5 160 55 0
0.5 0 58 35
0.5 160 58 0
0.5 0 51 40
0.5 160 51 0
0.5 0 55 31
0.5 160 55 0
0.5 0 58 31
0.5 160 58 0
0.5 0 51 37
0.5 160 51 0
0.5 0 55 33
0.5 160 55 0
0.5 0 58 33
0.5 160 58 0
0.5 0 51 42
0.5 160 51 0
0.5 0 56 35
0.5 160 56 0
0.5 0 60 35
0.5 160 60 0
0.5 0 51 42
0.5 160 51 0
0.5 0 58 35
0.5 160 58 0
0.5 0 61 35
0.5 160 61 0
0.5 0 51 40
0.5 160 51 0
0.5 0 58 31
0.5 160 58 0
0.5 0 61 31
0.5 160 61 0
0.5 0 51 37
0.5 160 51 0
0.5 0 58 33
0.5 160 58 0
0.5 0 61 33
0.5 160 61 0
0.5 0 51 42
0.5 160 51 0
0.5 0 56 35
0.5 160 56 0
0.5 0 60 35
0.5 160 60 0
0.5 0 51 42
0.5 160 51 0
0.5 0 55 35
0.5 160 55 0
0.5 0 58 35
0.5 160 58 0
0.5 0 51 40
0.5 160 51 0
0.5 0 55 31
0.5 160 55 0
0.5 0 58 31
0.5 160 58 0
0.5 0 52 41
0.5 160 52 0
0.5 0 55 33
0.5 160 55 0
0.5 0 58 33
0.5 160 58 0
0.5 0 53 42
0.5 160 53 0
0.5 0 55 35
0.5 160 55 0
0.5 0 56 35
0.5 160 56 0
0.5 0 49 52
0.5 480 61 38
0.5 480 61 0
0.5 0 49 0
0.5 0 60 50
0.5 0 51 50
0.5 480 60 0
0.5 0 58 39
0.5 480 58 0
0.5 0 51 0
0.5 0 56 70
0.5 480 56 0
0.5 480 51 58
0.5 0 58 70
0.5 480 58 0
0.5 0 51 0
0.5 480 56 65
0.5 0 60 70
0.5 480 60 0
0.5 0 56 0
0.5 480 58 68
0.5 0 51 68
0.5 480 51 0
0.5 0 58 0
0.5 480 56 65
0.5 0 60 70
0.5 1440 60 0
0.5 0 56 0
0.5 0 61 54
0.5 0 58 54
0.5 480 58 0
0.5 0 61 0
0.5 0 60 65
0.5 0 63 70
0.5 480 63 0
0.5 0 60 0
0.5 1440 49 65
0.5 480 61 58
0.5 480 61 0
0.5 0 49 0
0.5 0 60 65
0.5 0 51 55
0.5 480 60 0
0.5 0 58 61
0.5 480 58 0
0.5 0 51 0
0.5 0 56 65
0.5 0 60 70
0.5 1440 60 0
0.5 0 56 0
0.5 0 61 54
0.5 0 58 54
0.5 480 58 0
0.5 0 61 0
0.5 0 60 65
0.5 0 63 70
0.5 480 63 0
0.5 0 60 0
0.5 1440 49 65
0.5 480 61 58
0.5 480 61 0
0.5 0 49 0
0.5 0 60 65
0.5 0 51 55
0.5 480 60 0
0.5 0 58 61
0.5 480 58 0
0.5 0 51 0
0.5 0 56 58
0.5 160 56 0
0.5 0 60 56
0.5 160 60 0
0.5 0 58 50
0.5 160 58 0
0.5 0 56 57
0.5 160 56 0
0.5 0 55 51
0.5 160 55 0
0.5 0 53 51
0.5 160 53 0
0.5 0 51 57
0.5 160 51 0
0.5 0 49 51
0.5 160 49 0
0.5 0 48 51
0.5 160 48 0
0.5 0 49 57
0.5 120 49 0
0.5 0 51 55
0.5 120 51 0
0.5 0 53 52
0.5 120 53 0
0.5 0 55 49
0.5 120 55 0
0.5 0 56 58
0.5 160 56 0
0.5 0 60 56
0.5 160 60 0
0.5 0 58 50
0.5 160 58 0
0.5 0 56 57
0.5 160 56 0
0.5 0 55 51
0.5 160 55 0
0.5 0 53 51
0.5 160 53 0
0.5 0 51 57
0.5 160 51 0
0.5 0 49 51
0.5 160 49 0
0.5 0 48 51
0.5 160 48 0
0.5 0 49 57
0.5 120 49 0
0.5 0 51 55
0.5 120 51 0
0.5 0 53 52
0.5 120 53 0
0.5 0 55 49
0.5 120 55 0
0.5 0 56 58
0.5 160 56 0
0.5 0 60 56
0.5 160 60 0
0.5 0 58 50
0.5 160 58 0
0.5 0 56 57
0.5 160 56 0
0.5 0 55 51
0.5 160 55 0
0.5 0 53 51
0.5 160 53 0
0.5 0 51 57
0.5 160 51 0
0.5 0 49 51
0.5 160 49 0
0.5 0 48 51
0.5 160 48 0
0.5 0 56 57
0.5 160 56 0
0.5 0 55 51
0.5 160 55 0
0.5 0 53 51
0.5 160 53 0
0.5 0 51 57
0.5 160 51 0
0.5 0 49 51
0.5 160 49 0
0.5 0 48 51
0.5 160 48 0
0.5 0 56 57
0.5 160 56 0
0.5 0 55 51
0.5 160 55 0
0.5 0 53 51
0.5 160 53 0
0.5 0 51 57
0.5 160 51 0
0.5 0 49 51
0.5 160 49 0
0.5 0 48 51
0.5 160 48 0
0.5 0 56 57
0.5 360 56 0
0.5 0 48 40
0.5 110 48 0
0.5 10 48 40
0.5 80 48 0
0.5 0 49 36
0.5 80 49 0
0.5 0 48 40
0.5 80 48 0
0.5 0 49 36
0.5 80 49 0
0.5 0 48 40
0.5 80 48 0
0.5 0 49 36
0.5 80 49 0
0.5 0 48 40
0.5 60 48 0
0.5 0 49 36
0.5 60 49 0
0.5 0 48 40
0.5 60 48 0
0.5 0 49 36
0.5 60 49 0
0.5 0 48 46
0.5 120 48 0
0.5 0 49 40
0.5 120 49 0
0.5 0 51 47
0.5 480 51 0
0.5 0 51 47
0.5 480 51 0
0.5 0 56 30
0.5 160 56 0
0.5 0 60 26
0.5 160 60 0
0.5 0 63 26
0.5 160 63 0
0.5 0 56 30
0.5 160 56 0
0.5 0 60 27
0.5 160 60 0
0.5 0 63 27
0.5 160 63 0
0.5 0 56 30
0.5 160 56 0
0.5 0 60 26
0.5 160 60 0
0.5 0 63 26
0.5 160 63 0
0.5 0 56 31
0.5 160 56 0
0.5 0 61 27
0.5 160 61 0
0.5 0 67 27
0.5 160 67 0
0.5 0 56 30
0.5 160 56 0
0.5 0 60 26
0.5 160 60 0
0.5 0 63 25
0.5 160 63 0
0.5 0 56 29
0.5 160 56 0
0.5 0 60 26
0.5 160 60 0
0.5 0 63 26
0.5 160 63 0
0.5 0 56 29
0.5 160 56 0
0.5 0 60 25
0.5 160 60 0
0.5 0 63 25
0.5 160 63 0
0.5 0 56 30
0.5 160 56 0
0.5 0 61 26
0.5 160 61 0
0.5 0 67 26
0.5 160 67 0
0.5 0 56 28
0.5 160 56 0
0.5 0 60 25
0.5 160 60 0
0.5 0 63 25
0.5 160 63 0
0.5 0 56 28
0.5 160 56 0
0.5 0 60 26
0.5 160 60 0
0.5 0 63 25
0.5 160 63 0
0.5 0 56 28
0.5 160 56 0
0.5 0 60 24
0.5 160 60 0
0.5 0 63 24
0.5 160 63 0
0.5 0 56 29
0.5 160 56 0
0.5 0 61 25
0.5 160 61 0
0.5 0 67 25
0.5 160 67 0
0.5 0 56 28
0.5 160 56 0
0.5 0 60 24
0.5 160 60 0
0.5 0 63 24
0.5 160 63 0
0.5 0 56 28
0.5 160 56 0
0.5 0 60 25
0.5 160 60 0
0.5 0 63 25
0.5 160 63 0
0.5 0 56 28
0.5 160 56 0
0.5 0 60 24
0.5 160 60 0
0.5 0 63 24
0.5 160 63 0
0.5 0 56 28
0.5 160 56 0
0.5 0 61 24
0.5 160 61 0
0.5 0 67 24
0.5 160 67 0
0.5 0 56 28
0.5 160 56 0
0.5 0 60 23
0.5 160 60 0
0.5 0 63 23
0.5 160 63 0
0.5 0 56 28
0.5 160 56 0
0.5 0 60 24
0.5 160 60 0
0.5 0 63 24
0.5 160 63 0
0.5 0 56 28
0.5 160 56 0
0.5 0 60 23
0.5 160 60 0
0.5 0 63 23
0.5 160 63 0
0.5 0 56 28
0.5 160 56 0
0.5 0 61 24
0.5 160 61 0
0.5 0 67 24
0.5 160 67 0
0.5 0 56 27
0.5 160 56 0
0.5 0 60 22
0.5 160 60 0
0.5 0 63 22
0.5 160 63 0
0.5 0 56 27
0.5 160 56 0
0.5 0 60 23
0.5 160 60 0
0.5 0 63 23
0.5 160 63 0
0.5 0 56 27
0.5 160 56 0
0.5 0 60 22
0.5 160 60 0
0.5 0 63 22
0.5 160 63 0
0.5 0 56 27
0.5 160 56 0
0.5 0 61 23
0.5 160 61 0
0.5 0 67 23
0.5 160 67 0
0.5 0 56 26
0.5 160 56 0
0.5 0 60 22
0.5 160 60 0
0.5 0 63 22
0.5 160 63 0
0.5 0 56 24
0.5 160 56 0
0.5 0 60 22
0.5 160 60 0
0.5 0 63 21
0.5 160 63 0
0.5 0 56 22
0.5 160 56 0
0.5 0 60 19
0.5 160 60 0
0.5 0 63 18
0.5 160 63 0
0.5 0 56 22
0.5 160 56 0
0.5 0 61 18
0.5 160 61 0
0.5 0 67 18
0.5 160 67 0
0.5 0 60 25
0.5 0 56 25
0.5 480 56 0
0.5 0 60 0
0.5 960 44 20
0.5 0 48 24
0.5 480 48 0
0.5 0 44 0
0.5 0 48 24
0.5 0 44 20
0.5 480 44 0
0.5 0 48 0
1 0 0 0
