0 0 7 100
0 0 10 64
0 0 91 127
0.5 2700 46 79
0.5 740 46 0
0.5 0 50 60
0.5 80 50 0
0.5 0 55 62
0.5 80 55 0
0.5 0 58 63
0.5 80 58 0
0.5 0 62 64
0.5 80 62 0
0.5 0 67 65
0.5 80 67 0
0.5 0 70 67
0.5 80 70 0
0.5 0 74 68
0.5 80 74 0
0.5 0 79 70
0.5 80 79 0
0.5 0 82 71
0.5 80 82 0
0.5 0 86 72
0.5 80 86 0
0.5 0 91 77
0.5 80 91 0
0.5 0 94 80
0.5 540 94 0
0.5 0 93 58
0.5 60 93 0
0.5 0 91 59
0.5 60 91 0
0.5 0 90 59
0.5 60 90 0
0.5 0 87 60
0.5 60 87 0
0.5 0 86 60
0.5 60 86 0
0.5 0 84 61
0.5 60 84 0
0.5 0 82 62
0.5 60 82 0
0.5 0 81 62
0.5 60 81 0
0.5 0 79 63
0.5 60 79 0
0.5 0 78 63
0.5 60 78 0
0.5 0 75 63
0.5 60 75 0
0.5 0 74 63
0.5 60 74 0
0.5 0 72 64
0.5 60 72 0
0.5 0 70 64
0.5 60 70 0
0.5 0 69 65
0.5 60 69 0
0.5 0 67 65
0.5 60 67 0
0.5 0 66 66
0.5 60 66 0
0.5 0 63 66
0.5 60 63 0
0.5 0 62 67
0.5 60 62 0
0.5 0 60 68
0.5 60 60 0
0.5 0 58 68
0.5 60 58 0
0.5 0 57 69
0.5 60 57 0
0.5 0 55 69
0.5 60 55 0
0.5 0 54 70
0.5 60 54 0
0.5 0 51 70
0.5 60 51 0
0.5 0 50 71
0.5 60 50 0
0.5 0 48 71
0.5 60 48 0
0.5 0 46 72
0.5 60 46 0
0.5 0 45 72
0.5 60 45 0
0.5 0 43 80
0.5 660 43 0
0.5 0 46 60
0.5 60 46 0
0.5 0 50 62
0.5 60 50 0
0.5 0 55 63
0.5 60 55 0
0.5 0 58 64
0.5 60 58 0
0.5 0 62 65
0.5 60 62 0
0.5 0 67 67
0.5 60 67 0
0.5 0 70 68
0.5 60 70 0
0.5 0 74 70
0.5 60 74 0
0.5 0 79 71
0.5 60 79 0
0.5 0 82 72
0.5 60 82 0
0.5 0 86 73
0.5 60 86 0
0.5 0 91 75
0.5 60 91 0
0.5 0 94 78
0.5 60 98 80
0.5 660 98 0
0.5 0 94 0
0.5 0 96 58
0.5 60 96 0
0.5 0 94 58
0.5 60 94 0
0.5 0 93 58
0.5 60 93 0
0.5 0 91 59
0.5 60 91 0
0.5 0 90 59
0.5 60 90 0
0.5 0 87 60
0.5 60 87 0
0.5 0 86 60
0.5 60 86 0
0.5 0 84 61
0.5 60 84 0
0.5 0 82 62
0.5 60 82 0
0.5 0 81 62
0.5 60 81 0
0.5 0 79 63
0.5 60 79 0
0.5 0 78 63
0.5 60 78 0
0.5 0 75 63
0.5 60 75 0
0.5 0 74 63
0.5 60 74 0
0.5 0 72 64
0.5 60 72 0
0.5 0 70 64
0.5 60 70 0
0.5 0 69 65
0.5 60 69 0
0.5 0 67 65
0.5 60 67 0
0.5 0 66 66
0.5 60 66 0
0.5 0 63 66
0.5 60 63 0
0.5 0 62 67
0.5 60 62 0
0.5 0 60 68
0.5 60 60 0
0.5 0 58 68
0.5 60 58 0
0.5 0 57 69
0.5 60 57 0
0.5 0 55 69
0.5 60 55 0
0.5 0 54 70
0.5 60 54 0
0.5 0 51 69
0.5 60 51 0
0.5 0 50 70
0.5 60 50 0
0.5 0 48 72
0.5 60 48 0
0.5 0 46 73
0.5 60 46 0
0.5 0 45 74
0.5 60 45 0
0.5 0 43 80
0.5 540 43 0
0.5 0 44 61
0.5 60 44 0
0.5 0 45 61
0.5 60 45 0
0.5 0 46 62
0.5 60 46 0
0.5 0 47 63
0.5 60 47 0
0.5 0 48 63
0.5 60 48 0
0.5 0 49 63
0.5 60 49 0
0.5 0 50 64
0.5 60 50 0
0.5 0 51 64
0.5 60 51 0
0.5 0 52 65
0.5 60 52 0
0.5 0 53 66
0.5 60 53 0
0.5 0 54 66
0.5 60 54 0
0.5 0 55 67
0.5 60 55 0
0.5 0 56 68
0.5 60 56 0
0.5 0 57 68
0.5 60 57 0
0.5 0 58 69
0.5 60 58 0
0.5 0 59 69
0.5 60 59 0
0.5 0 60 70
0.5 60 60 0
0.5 0 61 71
0.5 60 61 0
0.5 0 62 72
0.5 60 62 0
0.5 0 63 72
0.5 60 63 0
0.5 0 64 72
0.5 60 64 0
0.5 0 65 72
0.5 60 65 0
0.5 0 66 73
0.5 60 66 0
0.5 0 67 76
0.5 60 67 0
0.5 0 66 75
0.5 60 66 0
0.5 0 65 74
0.5 60 65 0
0.5 0 64 72
0.5 60 64 0
0.5 0 63 72
0.5 60 63 0
0.5 0 62 71
0.5 60 62 0
0.5 0 61 70
0.5 60 61 0
0.5 0 60 68
0.5 60 60 0
0.5 0 59 66
0.5 60 59 0
0.5 0 58 67
0.5 60 58 0
0.5 0 57 68
0.5 60 57 0
0.5 0 56 69
0.5 60 56 0
0.5 0 55 70
0.5 60 55 0
0.5 0 54 71
0.5 60 54 0
0.5 0 53 72
0.5 60 53 0
0.5 0 52 73
0.5 60 52 0
0.5 0 51 74
0.5 60 51 0
0.5 0 50 75
0.5 60 50 0
0.5 0 49 77
0.5 60 49 0
0.5 0 48 79
0.5 60 48 0
0.5 0 47 80
0.5 60 47 0
0.5 0 46 81
0.5 60 46 0
0.5 0 45 83
0.5 60 45 0
0.5 0 44 85
0.5 60 44 0
0.5 0 43 97
0.5 120 43 0
0.5 360 103 96
0.5 0 98 81
0.5 0 94 69
0.5 0 91 69
0.5 120 91 0
0.5 0 103 0
0.5 0 98 0
0.5 0 94 0
0.5 27720 70 75
0.5 480 70 0
0.5 0 73 78
0.5 480 73 0
0.5 0 74 81
0.5 480 74 0
0.5 0 70 74
0.5 480 70 0
0.5 11040 60 53
0.5 0 62 66
0.5 480 62 0
0.5 0 60 0
0.5 480 65 69
0.5 0 63 54
0.5 480 63 0
0.5 0 65 0
0.5 480 65 57
0.5 0 69 72
0.5 480 69 0
0.5 0 65 0
0.5 480 70 72
0.5 480 70 0
0.5 480 73 75
0.5 480 73 0
0.5 480 82 79
0.5 480 82 0
0.5 480 74 72
0.5 480 74 0
0.5 480 65 70
0.5 480 65 0
0.5 0 66 64
0.5 480 66 0
0.5 5280 50 66
0.5 0 62 66
0.5 720 62 0
0.5 0 50 0
0.5 0 50 67
0.5 0 62 67
0.5 240 62 0
0.5 0 50 0
0.5 1440 67 71
0.5 0 79 71
0.5 480 79 0
0.5 0 67 0
0.5 0 66 69
0.5 0 78 69
0.5 480 78 0
0.5 0 66 0
0.5 0 65 67
0.5 0 77 67
0.5 480 77 0
0.5 0 65 0
0.5 0 63 66
0.5 0 75 66
0.5 480 75 0
0.5 0 63 0
0.5 0 68 59
0.5 0 71 65
0.5 0 74 65
0.5 480 74 0
0.5 0 71 0
0.5 0 68 0
0.5 0 67 63
0.5 0 72 63
0.5 480 72 0
0.5 0 67 0
0.5 3120 59 54
0.5 0 62 54
0.5 0 71 65
0.5 480 71 0
0.5 0 62 0
0.5 0 59 0
0.5 0 60 59
0.5 0 63 59
0.5 0 72 71
0.5 480 72 0
0.5 0 63 0
0.5 0 60 0
0.5 0 62 60
0.5 0 65 60
0.5 0 74 72
0.5 480 74 0
0.5 0 65 0
0.5 0 62 0
0.5 0 63 63
0.5 0 67 63
0.5 0 75 74
0.5 480 75 0
0.5 0 67 0
0.5 0 63 0
0.5 0 65 64
0.5 0 74 64
0.5 0 77 76
0.5 480 77 0
0.5 0 74 0
0.5 0 65 0
0.5 0 67 67
0.5 0 75 67
0.5 0 79 79
0.5 480 79 0
0.5 0 75 0
0.5 0 67 0
0.5 0 67 70
0.5 0 77 70
0.5 0 79 82
0.5 480 79 0
0.5 0 77 0
0.5 0 67 0
0.5 0 87 90
0.5 0 79 76
0.5 0 75 76
0.5 480 75 0
0.5 0 79 0
0.5 0 87 0
0.5 0 86 91
0.5 0 80 76
0.5 0 74 76
0.5 240 74 0
0.5 0 80 0
0.5 0 86 0
0.5 0 85 95
0.5 0 81 80
0.5 0 73 80
0.5 240 73 0
0.5 0 81 0
0.5 0 85 0
0.5 1200 69 71
0.5 0 81 71
0.5 480 81 0
0.5 0 69 0
0.5 0 68 69
0.5 0 80 69
0.5 480 80 0
0.5 0 68 0
0.5 0 67 67
0.5 0 79 67
0.5 480 79 0
0.5 0 67 0
0.5 0 65 66
0.5 0 77 66
0.5 480 77 0
0.5 0 65 0
0.5 0 70 59
0.5 0 73 65
0.5 0 76 65
0.5 480 76 0
0.5 0 73 0
0.5 0 70 0
0.5 0 69 63
0.5 0 74 63
0.5 480 74 0
0.5 0 69 0
0.5 3120 61 54
0.5 0 64 54
0.5 0 73 65
0.5 480 73 0
0.5 0 64 0
0.5 0 61 0
0.5 0 62 59
0.5 0 65 59
0.5 0 74 71
0.5 480 74 0
0.5 0 65 0
0.5 0 62 0
0.5 0 64 60
0.5 0 67 60
0.5 0 76 72
0.5 480 76 0
0.5 0 67 0
0.5 0 64 0
0.5 0 65 63
0.5 0 69 63
0.5 0 77 74
0.5 480 77 0
0.5 0 69 0
0.5 0 65 0
0.5 0 67 65
0.5 0 76 65
0.5 0 79 77
0.5 480 79 0
0.5 0 76 0
0.5 0 67 0
0.5 0 69 69
0.5 0 77 69
0.5 0 81 81
0.5 480 81 0
0.5 0 77 0
0.5 0 69 0
0.5 0 69 72
0.5 0 79 72
0.5 0 81 84
0.5 480 81 0
0.5 0 79 0
0.5 0 69 0
0.5 0 89 94
0.5 0 81 79
0.5 0 77 77
0.5 480 77 0
0.5 0 81 0
0.5 0 89 0
0.5 0 88 94
0.5 0 81 78
0.5 0 76 74
0.5 240 76 0
0.5 0 81 0
0.5 0 88 0
0.5 1440 81 83
0.5 158 81 0
0.5 322 83 88
0.5 158 83 0
0.5 322 84 91
0.5 158 84 0
0.5 802 84 91
0.5 158 84 0
0.5 322 83 90
0.5 158 83 0
0.5 322 82 90
0.5 158 82 0
0.5 322 81 88
0.5 158 81 0
0.5 322 80 87
0.5 158 80 0
0.5 1762 82 83
0.5 158 82 0
0.5 322 84 88
0.5 158 84 0
0.5 322 85 91
0.5 158 85 0
0.5 802 85 91
0.5 158 85 0
0.5 322 84 90
0.5 158 84 0
0.5 322 83 90
0.5 158 83 0
0.5 322 82 88
0.5 158 82 0
0.5 322 81 87
0.5 158 81 0
0.5 1762 84 83
0.5 158 84 0
0.5 322 86 88
0.5 158 86 0
0.5 322 87 91
0.5 158 87 0
0.5 402 91 91
0.5 158 91 0
0.5 322 89 90
0.5 158 89 0
0.5 322 87 90
0.5 158 87 0
0.5 322 84 88
0.5 158 84 0
0.5 322 87 87
0.5 158 87 0
0.5 322 84 87
0.5 158 84 0
0.5 322 89 91
0.5 158 89 0
0.5 322 87 90
0.5 158 87 0
0.5 322 86 90
0.5 158 86 0
0.5 322 82 88
0.5 158 82 0
0.5 322 86 87
0.5 158 86 0
0.5 322 82 87
0.5 158 82 0
0.5 322 87 91
0.5 158 87 0
0.5 322 86 90
0.5 158 86 0
0.5 322 84 90
0.5 158 84 0
0.5 322 81 88
0.5 158 81 0
0.5 322 84 87
0.5 158 84 0
0.5 322 81 87
0.5 158 81 0
0.5 322 86 91
0.5 158 86 0
0.5 322 84 90
0.5 158 84 0
0.5 322 82 90
0.5 158 82 0
0.5 322 86 88
0.5 158 86 0
0.5 322 86 87
0.5 158 86 0
0.5 322 85 87
0.5 158 85 0
0.5 20402 65 55
0.5 960 65 0
0.5 0 64 50
0.5 480 64 0
0.5 0 63 60
0.5 480 63 0
0.5 0 62 56
0.5 480 62 0
0.5 0 63 58
0.5 480 63 0
0.5 0 63 55
0.5 960 63 0
0.5 0 63 50
0.5 480 63 0
0.5 0 63 56
0.5 480 63 0
0.5 0 62 53
0.5 480 62 0
0.5 0 62 54
0.5 480 62 0
0.5 0 62 53
0.5 480 62 0
0.5 0 61 50
0.5 480 61 0
0.5 0 62 50
0.5 480 62 0
0.5 0 58 50
0.5 480 58 0
0.5 0 60 45
0.5 480 60 0
0.5 0 57 45
0.5 480 57 0
0.5 0 58 45
0.5 478 58 0
0.5 2 62 47
0.5 480 62 0
0.5 0 58 50
0.5 478 58 0
0.5 2 62 54
0.5 480 62 0
0.5 0 62 55
0.5 478 62 0
0.5 2 65 61
0.5 480 65 0
0.5 0 67 62
0.5 480 67 0
0.5 0 63 63
0.5 480 63 0
0.5 0 62 58
0.5 480 62 0
0.5 0 58 56
0.5 480 58 0
0.5 0 60 52
0.5 480 60 0
0.5 0 57 50
0.5 480 57 0
0.5 0 58 45
0.5 478 58 0
0.5 2 62 48
0.5 480 62 0
0.5 0 58 50
0.5 478 58 0
0.5 2 62 54
0.5 480 62 0
0.5 0 62 55
0.5 478 62 0
0.5 2 65 61
0.5 480 65 0
0.5 0 67 62
0.5 480 67 0
0.5 0 63 63
0.5 480 63 0
0.5 0 62 58
0.5 480 62 0
0.5 0 58 56
0.5 480 58 0
0.5 0 60 52
0.5 480 60 0
0.5 0 57 50
0.5 480 57 0
0.5 1440 91 72
0.5 0 79 62
0.5 480 79 0
0.5 0 91 0
0.5 0 78 59
0.5 0 90 70
0.5 720 90 0
0.5 0 78 0
0.5 0 75 57
0.5 0 87 67
0.5 240 87 0
0.5 0 75 0
0.5 0 74 50
0.5 0 86 60
0.5 480 86 0
0.5 0 74 0
0.5 960 67 59
0.5 0 79 70
0.5 480 79 0
0.5 0 67 0
0.5 0 66 56
0.5 0 78 67
0.5 720 78 0
0.5 0 66 0
0.5 0 63 54
0.5 0 75 64
0.5 240 75 0
0.5 0 63 0
0.5 0 74 60
0.5 0 62 50
0.5 480 62 0
0.5 0 74 0
0.5 0 74 70
0.5 0 67 59
0.5 0 62 59
0.5 480 62 0
0.5 0 67 0
0.5 0 74 0
0.5 0 67 56
0.5 0 74 67
0.5 0 62 56
0.5 1440 62 0
0.5 0 74 0
0.5 0 67 0
0.5 0 67 63
0.5 0 72 73
0.5 0 60 63
0.5 480 60 0
0.5 0 72 0
0.5 0 67 0
0.5 480 67 74
0.5 158 67 0
0.5 322 66 66
0.5 480 66 0
0.5 0 64 64
0.5 480 64 0
0.5 0 62 65
0.5 480 62 0
0.5 0 59 68
0.5 158 59 0
0.5 322 55 65
0.5 158 55 0
0.5 322 54 66
0.5 480 54 0
0.5 0 52 68
0.5 480 52 0
0.5 0 51 69
0.5 480 51 0
0.5 0 50 71
0.5 480 50 0
0.5 0 47 72
0.5 480 47 0
0 0 91 127
0.5 2700 47 79
0.5 740 47 0
0.5 0 50 60
0.5 80 50 0
0.5 0 55 62
0.5 80 55 0
0.5 0 59 63
0.5 80 59 0
0.5 0 62 64
0.5 80 62 0
0.5 0 67 65
0.5 80 67 0
0.5 0 71 67
0.5 80 71 0
0.5 0 74 68
0.5 80 74 0
0.5 0 79 70
0.5 80 79 0
0.5 0 83 71
0.5 80 83 0
0.5 0 86 72
0.5 80 86 0
0.5 0 91 77
0.5 80 91 0
0.5 0 95 80
0.5 540 95 0
0.5 0 93 58
0.5 60 93 0
0.5 0 91 59
0.5 60 91 0
0.5 0 90 59
0.5 60 90 0
0.5 0 88 60
0.5 60 88 0
0.5 0 86 60
0.5 60 86 0
0.5 0 84 61
0.5 60 84 0
0.5 0 83 62
0.5 60 83 0
0.5 0 81 62
0.5 60 81 0
0.5 0 79 63
0.5 60 79 0
0.5 0 78 63
0.5 60 78 0
0.5 0 76 63
0.5 60 76 0
0.5 0 74 63
0.5 60 74 0
0.5 0 72 64
0.5 60 72 0
0.5 0 71 64
0.5 60 71 0
0.5 0 69 65
0.5 60 69 0
0.5 0 67 65
0.5 60 67 0
0.5 0 66 66
0.5 60 66 0
0.5 0 64 66
0.5 60 64 0
0.5 0 62 67
0.5 60 62 0
0.5 0 60 68
0.5 60 60 0
0.5 0 59 68
0.5 60 59 0
0.5 0 57 69
0.5 60 57 0
0.5 0 55 69
0.5 60 55 0
0.5 0 54 70
0.5 60 54 0
0.5 0 52 70
0.5 60 52 0
0.5 0 50 71
0.5 60 50 0
0.5 0 48 71
0.5 60 48 0
0.5 0 47 72
0.5 60 47 0
0.5 0 45 72
0.5 60 45 0
0.5 0 43 80
0.5 660 43 0
0.5 0 47 60
0.5 60 47 0
0.5 0 50 62
0.5 60 50 0
0.5 0 55 63
0.5 60 55 0
0.5 0 59 64
0.5 60 59 0
0.5 0 62 65
0.5 60 62 0
0.5 0 67 67
0.5 60 67 0
0.5 0 71 68
0.5 60 71 0
0.5 0 74 70
0.5 60 74 0
0.5 0 79 71
0.5 60 79 0
0.5 0 83 72
0.5 60 83 0
0.5 0 86 73
0.5 60 86 0
0.5 0 91 75
0.5 60 91 0
0.5 0 95 78
0.5 60 98 80
0.5 660 98 0
0.5 0 95 0
0.5 0 96 58
0.5 60 96 0
0.5 0 95 58
0.5 60 95 0
0.5 0 93 58
0.5 60 93 0
0.5 0 91 59
0.5 60 91 0
0.5 0 90 59
0.5 60 90 0
0.5 0 88 60
0.5 60 88 0
0.5 0 86 60
0.5 60 86 0
0.5 0 84 61
0.5 60 84 0
0.5 0 83 62
0.5 60 83 0
0.5 0 81 62
0.5 60 81 0
0.5 0 79 63
0.5 60 79 0
0.5 0 78 63
0.5 60 78 0
0.5 0 76 63
0.5 60 76 0
0.5 0 74 63
0.5 60 74 0
0.5 0 72 64
0.5 60 72 0
0.5 0 71 64
0.5 60 71 0
0.5 0 69 65
0.5 60 69 0
0.5 0 67 65
0.5 60 67 0
0.5 0 66 66
0.5 60 66 0
0.5 0 64 66
0.5 60 64 0
0.5 0 62 67
0.5 60 62 0
0.5 0 60 68
0.5 60 60 0
0.5 0 59 68
0.5 60 59 0
0.5 0 57 69
0.5 60 57 0
0.5 0 55 69
0.5 60 55 0
0.5 0 54 70
0.5 60 54 0
0.5 0 52 69
0.5 60 52 0
0.5 0 50 70
0.5 60 50 0
0.5 0 48 72
0.5 60 48 0
0.5 0 47 73
0.5 60 47 0
0.5 0 45 74
0.5 60 45 0
0.5 0 43 80
0.5 540 43 0
0.5 0 44 61
0.5 60 44 0
0.5 0 45 61
0.5 60 45 0
0.5 0 46 62
0.5 60 46 0
0.5 0 47 63
0.5 60 47 0
0.5 0 48 63
0.5 60 48 0
0.5 0 49 63
0.5 60 49 0
0.5 0 50 64
0.5 60 50 0
0.5 0 51 64
0.5 60 51 0
0.5 0 52 65
0.5 60 52 0
0.5 0 53 66
0.5 60 53 0
0.5 0 54 66
0.5 60 54 0
0.5 0 55 67
0.5 60 55 0
0.5 0 56 68
0.5 60 56 0
0.5 0 57 68
0.5 60 57 0
0.5 0 58 69
0.5 60 58 0
0.5 0 59 69
0.5 60 59 0
0.5 0 60 70
0.5 60 60 0
0.5 0 61 71
0.5 60 61 0
0.5 0 62 72
0.5 60 62 0
0.5 0 63 72
0.5 60 63 0
0.5 0 64 72
0.5 60 64 0
0.5 0 65 72
0.5 60 65 0
0.5 0 66 73
0.5 60 66 0
0.5 0 67 76
0.5 60 67 0
0.5 0 66 75
0.5 60 66 0
0.5 0 65 74
0.5 60 65 0
0.5 0 64 72
0.5 60 64 0
0.5 0 63 72
0.5 60 63 0
0.5 0 62 71
0.5 60 62 0
0.5 0 61 70
0.5 60 61 0
0.5 0 60 68
0.5 60 60 0
0.5 0 59 66
0.5 60 59 0
0.5 0 58 67
0.5 60 58 0
0.5 0 57 68
0.5 60 57 0
0.5 0 56 69
0.5 60 56 0
0.5 0 55 70
0.5 60 55 0
0.5 0 54 71
0.5 60 54 0
0.5 0 53 72
0.5 60 53 0
0.5 0 52 73
0.5 60 52 0
0.5 0 51 74
0.5 60 51 0
0.5 0 50 75
0.5 60 50 0
0.5 0 49 77
0.5 60 49 0
0.5 0 48 79
0.5 60 48 0
0.5 0 47 80
0.5 60 47 0
0.5 0 46 81
0.5 60 46 0
0.5 0 45 83
0.5 60 45 0
0.5 0 44 85
0.5 60 44 0
0.5 0 43 97
0.5 120 43 0
0.5 360 103 101
0.5 0 98 86
0.5 0 95 72
0.5 0 91 72
0.5 120 91 0
0.5 0 103 0
0.5 0 98 0
0.5 0 95 0
1 0 0 0
0 0 7 100
0 0 10 64
0.5 42240 61 59
0.5 0 64 59
0.5 60 64 0
0.5 0 61 0
0.5 0 55 50
0.5 60 55 0
0.5 0 61 59
0.5 0 64 59
0.5 60 64 0
0.5 0 61 0
0.5 0 55 50
0.5 60 55 0
0.5 0 61 60
0.5 0 64 60
0.5 60 64 0
0.5 0 61 0
0.5 0 55 51
0.5 60 55 0
0.5 0 61 60
0.5 0 64 60
0.5 60 64 0
0.5 0 61 0
0.5 0 55 51
0.5 60 55 0
0.5 0 64 60
0.5 0 67 60
0.5 60 67 0
0.5 0 64 0
0.5 0 58 52
0.5 60 58 0
0.5 0 64 61
0.5 0 67 61
0.5 60 67 0
0.5 0 64 0
0.5 0 58 51
0.5 60 58 0
0.5 0 64 62
0.5 0 67 62
0.5 60 67 0
0.5 0 64 0
0.5 0 58 56
0.5 60 58 0
0.5 0 64 64
0.5 0 67 64
0.5 60 67 0
0.5 0 64 0
0.5 0 58 51
0.5 60 58 0
0.5 0 65 64
0.5 60 65 0
0.5 0 58 52
0.5 60 58 0
0.5 0 65 63
0.5 60 65 0
0.5 0 58 52
0.5 60 58 0
0.5 0 65 63
0.5 60 65 0
0.5 0 58 53
0.5 60 58 0
0.5 0 65 63
0.5 60 65 0
0.5 0 58 52
0.5 60 58 0
0.5 0 62 63
0.5 60 62 0
0.5 0 53 52
0.5 60 53 0
0.5 0 62 62
0.5 60 62 0
0.5 0 53 51
0.5 60 53 0
0.5 0 62 61
0.5 60 62 0
0.5 0 53 50
0.5 60 53 0
0.5 0 62 60
0.5 60 62 0
0.5 0 53 50
0.5 60 53 0
0.5 11040 57 50
0.5 80 57 0
0.5 0 54 41
0.5 80 54 0
0.5 0 57 50
0.5 80 57 0
0.5 0 54 43
0.5 80 54 0
0.5 0 57 50
0.5 80 57 0
0.5 0 54 43
0.5 80 54 0
0.5 480 60 53
0.5 80 60 0
0.5 0 57 43
0.5 80 57 0
0.5 0 60 53
0.5 80 60 0
0.5 0 57 45
0.5 80 57 0
0.5 0 60 53
0.5 80 60 0
0.5 0 57 45
0.5 80 57 0
0.5 480 63 55
0.5 80 63 0
0.5 0 60 46
0.5 80 60 0
0.5 0 63 55
0.5 80 63 0
0.5 0 60 48
0.5 80 60 0
0.5 0 63 55
0.5 80 63 0
0.5 0 60 48
0.5 80 60 0
0.5 480 66 56
0.5 80 66 0
0.5 0 63 46
0.5 80 63 0
0.5 0 66 56
0.5 80 66 0
0.5 0 63 49
0.5 80 63 0
0.5 0 66 56
0.5 80 66 0
0.5 0 63 49
0.5 80 63 0
0.5 480 67 46
0.5 0 70 59
0.5 80 70 0
0.5 0 67 0
0.5 0 64 47
0.5 80 64 0
0.5 0 67 46
0.5 0 70 59
0.5 80 70 0
0.5 0 67 0
0.5 0 64 49
0.5 80 64 0
0.5 0 67 46
0.5 0 70 59
0.5 80 70 0
0.5 0 67 0
0.5 0 64 50
0.5 80 64 0
0.5 480 73 48
0.5 0 76 61
0.5 80 76 0
0.5 0 73 0
0.5 0 67 49
0.5 80 67 0
0.5 0 73 48
0.5 0 76 61
0.5 80 76 0
0.5 0 73 0
0.5 0 67 52
0.5 80 67 0
0.5 0 73 48
0.5 0 76 61
0.5 80 76 0
0.5 0 73 0
0.5 0 67 52
0.5 80 67 0
0.5 480 65 45
0.5 0 70 57
0.5 80 70 0
0.5 0 65 0
0.5 0 62 47
0.5 80 62 0
0.5 0 65 45
0.5 0 70 57
0.5 80 70 0
0.5 0 65 0
0.5 0 62 49
0.5 80 62 0
0.5 0 65 45
0.5 0 70 56
0.5 80 70 0
0.5 0 65 0
0.5 0 62 49
0.5 80 62 0
0.5 480 58 44
0.5 0 62 54
0.5 80 62 0
0.5 0 58 0
0.5 0 53 45
0.5 80 53 0
0.5 0 58 43
0.5 0 62 54
0.5 80 62 0
0.5 0 58 0
0.5 0 53 47
0.5 80 53 0
0.5 0 58 43
0.5 0 62 54
0.5 80 62 0
0.5 0 58 0
0.5 0 53 46
0.5 40 53 0
0.5 0 57 43
0.5 20 60 51
0.5 100 60 0
0.5 0 57 0
0.5 0 51 45
0.5 80 51 0
0.5 0 57 52
0.5 0 60 52
0.5 80 60 0
0.5 0 57 0
0.5 0 51 46
0.5 80 51 0
0.5 0 57 50
0.5 0 60 50
0.5 80 60 0
0.5 0 57 0
0.5 0 51 45
0.5 80 51 0
0.5 6240 50 53
0.5 0 59 53
0.5 60 59 0
0.5 0 50 0
0.5 0 62 45
0.5 60 62 0
0.5 0 50 53
0.5 0 59 53
0.5 60 59 0
0.5 0 50 0
0.5 0 62 46
0.5 60 62 0
0.5 0 50 52
0.5 0 59 52
0.5 60 59 0
0.5 0 50 0
0.5 0 62 45
0.5 60 62 0
0.5 0 50 51
0.5 0 59 51
0.5 60 59 0
0.5 0 50 0
0.5 0 62 46
0.5 60 62 0
0.5 0 50 51
0.5 0 59 51
0.5 60 59 0
0.5 0 50 0
0.5 0 62 44
0.5 60 62 0
0.5 0 50 50
0.5 0 59 50
0.5 60 59 0
0.5 0 50 0
0.5 0 62 45
0.5 60 62 0
0.5 0 50 50
0.5 0 59 50
0.5 60 59 0
0.5 0 50 0
0.5 0 62 44
0.5 60 62 0
0.5 0 50 49
0.5 0 59 49
0.5 60 59 0
0.5 0 50 0
0.5 0 62 45
0.5 60 62 0
0.5 0 50 49
0.5 0 59 49
0.5 60 59 0
0.5 0 50 0
0.5 0 62 42
0.5 60 62 0
0.5 0 50 48
0.5 0 59 48
0.5 60 59 0
0.5 0 50 0
0.5 0 62 43
0.5 60 62 0
0.5 0 50 48
0.5 0 59 48
0.5 60 59 0
0.5 0 50 0
0.5 0 62 42
0.5 60 62 0
0.5 0 50 47
0.5 0 59 47
0.5 60 59 0
0.5 0 50 0
0.5 0 62 43
0.5 60 62 0
0.5 2880 63 63
0.5 0 55 63
0.5 80 55 0
0.5 0 63 0
0.5 0 67 51
0.5 80 67 0
0.5 0 63 58
0.5 0 55 58
0.5 80 55 0
0.5 0 63 0
0.5 0 67 52
0.5 80 67 0
0.5 0 55 60
0.5 0 63 60
0.5 80 63 0
0.5 0 55 0
0.5 0 67 54
0.5 80 67 0
0.5 0 62 66
0.5 0 53 66
0.5 80 53 0
0.5 0 62 0
0.5 0 65 55
0.5 80 65 0
0.5 0 62 62
0.5 0 53 62
0.5 80 53 0
0.5 0 62 0
0.5 0 65 56
0.5 80 65 0
0.5 0 53 63
0.5 0 62 63
0.5 80 62 0
0.5 0 53 0
0.5 0 65 57
0.5 80 65 0
0.5 0 60 70
0.5 0 51 70
0.5 80 51 0
0.5 0 60 0
0.5 0 63 58
0.5 80 63 0
0.5 0 60 65
0.5 0 51 65
0.5 80 51 0
0.5 0 60 0
0.5 0 63 60
0.5 80 63 0
0.5 0 51 67
0.5 0 60 67
0.5 80 60 0
0.5 0 51 0
0.5 0 63 62
0.5 80 63 0
0.5 0 50 53
0.5 0 59 53
0.5 60 59 0
0.5 0 50 0
0.5 0 62 45
0.5 60 62 0
0.5 0 50 53
0.5 0 59 53
0.5 60 59 0
0.5 0 50 0
0.5 0 62 48
0.5 60 62 0
0.5 0 50 54
0.5 0 59 54
0.5 60 59 0
0.5 0 50 0
0.5 0 62 47
0.5 60 62 0
0.5 0 50 54
0.5 0 59 54
0.5 60 59 0
0.5 0 50 0
0.5 0 62 50
0.5 60 62 0
0.5 0 50 54
0.5 0 59 54
0.5 60 59 0
0.5 0 50 0
0.5 0 62 47
0.5 60 62 0
0.5 0 50 55
0.5 0 59 55
0.5 60 59 0
0.5 0 50 0
0.5 0 62 50
0.5 60 62 0
0.5 0 50 56
0.5 0 59 56
0.5 60 59 0
0.5 0 50 0
0.5 0 62 50
0.5 60 62 0
0.5 0 50 56
0.5 0 59 56
0.5 60 59 0
0.5 0 50 0
0.5 0 62 52
0.5 60 62 0
0.5 0 50 57
0.5 0 59 57
0.5 60 59 0
0.5 0 50 0
0.5 0 62 49
0.5 60 62 0
0.5 0 50 56
0.5 0 59 56
0.5 60 59 0
0.5 0 50 0
0.5 0 62 50
0.5 60 62 0
0.5 0 50 54
0.5 0 59 54
0.5 60 59 0
0.5 0 50 0
0.5 0 62 48
0.5 60 62 0
0.5 0 50 54
0.5 0 59 54
0.5 60 59 0
0.5 0 50 0
0.5 0 62 48
0.5 60 62 0
0.5 4800 52 55
0.5 0 61 55
0.5 60 61 0
0.5 0 52 0
0.5 0 64 47
0.5 60 64 0
0.5 0 52 54
0.5 0 61 54
0.5 60 61 0
0.5 0 52 0
0.5 0 64 49
0.5 60 64 0
0.5 0 52 54
0.5 0 61 54
0.5 60 61 0
0.5 0 52 0
0.5 0 64 47
0.5 60 64 0
0.5 0 52 54
0.5 0 61 54
0.5 60 61 0
0.5 0 52 0
0.5 0 64 49
0.5 60 64 0
0.5 0 52 54
0.5 0 61 54
0.5 60 61 0
0.5 0 52 0
0.5 0 64 45
0.5 60 64 0
0.5 0 52 53
0.5 0 61 53
0.5 60 61 0
0.5 0 52 0
0.5 0 64 46
0.5 60 64 0
0.5 0 52 53
0.5 0 61 53
0.5 60 61 0
0.5 0 52 0
0.5 0 64 45
0.5 60 64 0
0.5 0 52 52
0.5 0 61 52
0.5 60 61 0
0.5 0 52 0
0.5 0 64 46
0.5 60 64 0
0.5 2880 65 63
0.5 0 57 63
0.5 80 57 0
0.5 0 65 0
0.5 0 69 51
0.5 80 69 0
0.5 0 65 58
0.5 0 57 58
0.5 80 57 0
0.5 0 65 0
0.5 0 69 52
0.5 80 69 0
0.5 0 57 60
0.5 0 65 60
0.5 80 65 0
0.5 0 57 0
0.5 0 69 54
0.5 80 69 0
0.5 0 64 66
0.5 0 55 66
0.5 80 55 0
0.5 0 64 0
0.5 0 67 55
0.5 80 67 0
0.5 0 64 62
0.5 0 55 62
0.5 80 55 0
0.5 0 64 0
0.5 0 67 56
0.5 80 67 0
0.5 0 55 63
0.5 0 64 63
0.5 80 64 0
0.5 0 55 0
0.5 0 67 57
0.5 80 67 0
0.5 0 62 70
0.5 0 53 70
0.5 80 53 0
0.5 0 62 0
0.5 0 65 58
0.5 80 65 0
0.5 0 62 65
0.5 0 53 65
0.5 80 53 0
0.5 0 62 0
0.5 0 65 60
0.5 80 65 0
0.5 0 53 67
0.5 0 62 67
0.5 80 62 0
0.5 0 53 0
0.5 0 65 62
0.5 80 65 0
0.5 0 52 53
0.5 0 61 53
0.5 60 61 0
0.5 0 52 0
0.5 0 64 45
0.5 60 64 0
0.5 0 52 53
0.5 0 61 53
0.5 60 61 0
0.5 0 52 0
0.5 0 64 48
0.5 60 64 0
0.5 0 52 54
0.5 0 61 54
0.5 60 61 0
0.5 0 52 0
0.5 0 64 47
0.5 60 64 0
0.5 0 52 54
0.5 0 61 54
0.5 60 61 0
0.5 0 52 0
0.5 0 64 50
0.5 60 64 0
0.5 0 52 54
0.5 0 61 54
0.5 60 61 0
0.5 0 52 0
0.5 0 64 47
0.5 60 64 0
0.5 0 52 55
0.5 0 61 55
0.5 60 61 0
0.5 0 52 0
0.5 0 64 50
0.5 60 64 0
0.5 0 52 56
0.5 0 61 56
0.5 60 61 0
0.5 0 52 0
0.5 0 64 50
0.5 60 64 0
0.5 0 52 56
0.5 0 61 56
0.5 60 61 0
0.5 0 52 0
0.5 0 64 52
0.5 60 64 0
0.5 0 52 57
0.5 0 61 57
0.5 60 61 0
0.5 0 52 0
0.5 0 64 49
0.5 60 64 0
0.5 0 52 56
0.5 0 61 56
0.5 60 61 0
0.5 0 52 0
0.5 0 64 50
0.5 60 64 0
0.5 0 52 54
0.5 0 61 54
0.5 60 61 0
0.5 0 52 0
0.5 0 64 48
0.5 60 64 0
0.5 0 52 54
0.5 0 61 54
0.5 60 61 0
0.5 0 52 0
0.5 0 64 49
0.5 60 64 0
0.5 4320 75 65
0.5 0 77 65
0.5 0 81 78
0.5 60 81 0
0.5 0 77 0
0.5 0 75 0
0.5 0 87 65
0.5 60 87 0
0.5 0 75 55
0.5 0 77 55
0.5 0 81 65
0.5 60 81 0
0.5 0 77 0
0.5 0 75 0
0.5 0 87 63
0.5 60 87 0
0.5 0 75 54
0.5 0 77 54
0.5 0 81 64
0.5 60 81 0
0.5 0 77 0
0.5 0 75 0
0.5 0 87 63
0.5 60 87 0
0.5 0 75 54
0.5 0 77 54
0.5 0 81 64
0.5 60 81 0
0.5 0 77 0
0.5 0 75 0
0.5 0 87 63
0.5 60 87 0
0.5 0 75 56
0.5 0 77 56
0.5 0 81 68
0.5 60 81 0
0.5 0 77 0
0.5 0 75 0
0.5 0 87 61
0.5 60 87 0
0.5 0 75 49
0.5 0 77 49
0.5 0 81 58
0.5 60 81 0
0.5 0 77 0
0.5 0 75 0
0.5 0 87 58
0.5 60 87 0
0.5 0 75 48
0.5 0 77 48
0.5 0 81 57
0.5 60 81 0
0.5 0 77 0
0.5 0 75 0
0.5 0 87 58
0.5 60 87 0
0.5 0 75 47
0.5 0 77 47
0.5 0 81 57
0.5 60 81 0
0.5 0 77 0
0.5 0 75 0
0.5 0 87 59
0.5 60 87 0
0.5 0 75 61
0.5 0 77 61
0.5 0 81 72
0.5 60 81 0
0.5 0 77 0
0.5 0 75 0
0.5 0 87 62
0.5 60 87 0
0.5 0 75 50
0.5 0 77 50
0.5 0 81 60
0.5 60 81 0
0.5 0 77 0
0.5 0 75 0
0.5 0 87 62
0.5 60 87 0
0.5 0 75 50
0.5 0 77 50
0.5 0 81 60
0.5 60 81 0
0.5 0 77 0
0.5 0 75 0
0.5 0 87 62
0.5 60 87 0
0.5 0 75 50
0.5 0 77 50
0.5 0 81 60
0.5 60 81 0
0.5 0 77 0
0.5 0 75 0
0.5 0 87 62
0.5 60 87 0
0.5 0 75 55
0.5 0 77 66
0.5 80 77 0
0.5 0 75 0
0.5 0 87 61
0.5 80 87 0
0.5 0 75 55
0.5 0 77 55
0.5 0 81 66
0.5 80 81 0
0.5 0 77 0
0.5 0 75 0
0.5 0 87 61
0.5 80 87 0
0.5 0 75 56
0.5 0 77 56
0.5 0 81 67
0.5 80 81 0
0.5 0 77 0
0.5 0 75 0
0.5 0 87 62
0.5 80 87 0
0.5 0 75 57
0.5 0 77 68
0.5 80 77 0
0.5 0 75 0
0.5 0 87 63
0.5 80 87 0
0.5 0 75 58
0.5 0 77 58
0.5 0 83 69
0.5 80 83 0
0.5 0 77 0
0.5 0 75 0
0.5 0 87 63
0.5 80 87 0
0.5 0 75 58
0.5 0 77 58
0.5 0 83 69
0.5 80 83 0
0.5 0 77 0
0.5 0 75 0
0.5 0 87 63
0.5 80 87 0
0.5 0 75 59
0.5 0 77 70
0.5 80 77 0
0.5 0 75 0
0.5 0 87 64
0.5 80 87 0
0.5 0 75 60
0.5 0 77 60
0.5 0 84 71
0.5 80 84 0
0.5 0 77 0
0.5 0 75 0
0.5 0 87 64
0.5 80 87 0
0.5 0 75 61
0.5 0 77 61
0.5 0 84 72
0.5 80 84 0
0.5 0 77 0
0.5 0 75 0
0.5 0 87 65
0.5 80 87 0
0.5 0 76 62
0.5 0 80 72
0.5 80 80 0
0.5 0 76 0
0.5 0 88 67
0.5 80 88 0
0.5 0 76 63
0.5 0 80 63
0.5 80 80 0
0.5 0 76 0
0.5 0 88 67
0.5 80 88 0
0.5 0 76 63
0.5 0 80 63
0.5 80 80 0
0.5 0 76 0
0.5 0 88 68
0.5 80 88 0
0.5 0 75 62
0.5 80 75 0
0.5 0 87 67
0.5 80 87 0
0.5 0 75 63
0.5 0 84 63
0.5 80 84 0
0.5 0 75 0
0.5 0 87 67
0.5 80 87 0
0.5 0 75 63
0.5 0 84 63
0.5 80 84 0
0.5 0 75 0
0.5 0 87 68
0.5 80 87 0
0.5 0 74 62
0.5 80 74 0
0.5 0 86 67
0.5 80 86 0
0.5 0 74 63
0.5 0 83 63
0.5 80 83 0
0.5 0 74 0
0.5 0 86 67
0.5 80 86 0
0.5 0 74 63
0.5 0 83 63
0.5 80 83 0
0.5 0 74 0
0.5 0 86 68
0.5 80 86 0
0.5 0 73 62
0.5 80 73 0
0.5 0 85 67
0.5 80 85 0
0.5 0 73 63
0.5 0 82 63
0.5 80 82 0
0.5 0 73 0
0.5 0 85 67
0.5 80 85 0
0.5 0 73 63
0.5 0 82 63
0.5 80 82 0
0.5 0 73 0
0.5 0 85 68
0.5 80 85 0
0.5 0 72 62
0.5 80 72 0
0.5 0 84 67
0.5 80 84 0
0.5 0 72 63
0.5 0 81 63
0.5 80 81 0
0.5 0 72 0
0.5 0 84 67
0.5 80 84 0
0.5 0 72 63
0.5 0 81 63
0.5 80 81 0
0.5 0 72 0
0.5 0 84 68
0.5 80 84 0
0.5 0 71 62
0.5 80 71 0
0.5 0 83 67
0.5 80 83 0
0.5 0 71 63
0.5 0 80 63
0.5 80 80 0
0.5 0 71 0
0.5 0 83 67
0.5 80 83 0
0.5 0 71 63
0.5 0 80 63
0.5 80 80 0
0.5 0 71 0
0.5 0 83 68
0.5 80 83 0
0.5 0 76 65
0.5 0 79 65
0.5 0 82 78
0.5 60 82 0
0.5 0 79 0
0.5 0 76 0
0.5 0 88 65
0.5 60 88 0
0.5 0 76 55
0.5 0 79 55
0.5 0 82 65
0.5 60 82 0
0.5 0 79 0
0.5 0 76 0
0.5 0 88 63
0.5 60 88 0
0.5 0 76 54
0.5 0 79 54
0.5 0 82 64
0.5 60 82 0
0.5 0 79 0
0.5 0 76 0
0.5 0 88 63
0.5 60 88 0
0.5 0 76 54
0.5 0 79 54
0.5 0 82 64
0.5 60 82 0
0.5 0 79 0
0.5 0 76 0
0.5 0 88 63
0.5 60 88 0
0.5 0 76 56
0.5 0 79 56
0.5 0 82 68
0.5 60 82 0
0.5 0 79 0
0.5 0 76 0
0.5 0 88 61
0.5 60 88 0
0.5 0 76 49
0.5 0 79 49
0.5 0 82 58
0.5 60 82 0
0.5 0 79 0
0.5 0 76 0
0.5 0 88 58
0.5 60 88 0
0.5 0 76 48
0.5 0 79 48
0.5 0 82 57
0.5 60 82 0
0.5 0 79 0
0.5 0 76 0
0.5 0 88 58
0.5 60 88 0
0.5 0 76 47
0.5 0 79 47
0.5 0 82 57
0.5 60 82 0
0.5 0 79 0
0.5 0 76 0
0.5 0 88 59
0.5 60 88 0
0.5 0 76 61
0.5 0 79 61
0.5 0 82 72
0.5 60 82 0
0.5 0 79 0
0.5 0 76 0
0.5 0 88 62
0.5 60 88 0
0.5 0 76 50
0.5 0 79 50
0.5 0 82 60
0.5 60 82 0
0.5 0 79 0
0.5 0 76 0
0.5 0 88 62
0.5 60 88 0
0.5 0 76 50
0.5 0 79 50
0.5 0 82 60
0.5 60 82 0
0.5 0 79 0
0.5 0 76 0
0.5 0 88 62
0.5 60 88 0
0.5 0 76 50
0.5 0 79 50
0.5 0 82 60
0.5 60 82 0
0.5 0 79 0
0.5 0 76 0
0.5 0 88 62
0.5 60 88 0
0.5 0 76 55
0.5 0 79 66
0.5 80 79 0
0.5 0 76 0
0.5 0 88 61
0.5 80 88 0
0.5 0 76 55
0.5 0 79 55
0.5 0 82 66
0.5 80 82 0
0.5 0 79 0
0.5 0 76 0
0.5 0 88 61
0.5 80 88 0
0.5 0 76 56
0.5 0 79 56
0.5 0 82 67
0.5 80 82 0
0.5 0 79 0
0.5 0 76 0
0.5 0 88 62
0.5 80 88 0
0.5 0 76 57
0.5 0 79 68
0.5 80 79 0
0.5 0 76 0
0.5 0 88 63
0.5 80 88 0
0.5 0 76 58
0.5 0 79 58
0.5 0 84 69
0.5 80 84 0
0.5 0 79 0
0.5 0 76 0
0.5 0 88 63
0.5 80 88 0
0.5 0 76 58
0.5 0 79 58
0.5 0 84 69
0.5 80 84 0
0.5 0 79 0
0.5 0 76 0
0.5 0 88 63
0.5 80 88 0
0.5 0 76 59
0.5 0 79 70
0.5 80 79 0
0.5 0 76 0
0.5 0 88 64
0.5 80 88 0
0.5 0 76 60
0.5 0 79 60
0.5 0 85 71
0.5 80 85 0
0.5 0 79 0
0.5 0 76 0
0.5 0 88 64
0.5 80 88 0
0.5 0 76 61
0.5 0 79 61
0.5 0 85 72
0.5 80 85 0
0.5 0 79 0
0.5 0 76 0
0.5 0 88 65
0.5 80 88 0
0.5 0 77 62
0.5 0 81 72
0.5 80 81 0
0.5 0 77 0
0.5 0 89 67
0.5 80 89 0
0.5 0 77 63
0.5 0 81 63
0.5 80 81 0
0.5 0 77 0
0.5 0 89 67
0.5 80 89 0
0.5 0 77 63
0.5 0 81 63
0.5 80 81 0
0.5 0 77 0
0.5 0 89 68
0.5 80 89 0
0.5 0 76 62
0.5 80 76 0
0.5 0 88 67
0.5 80 88 0
0.5 0 76 63
0.5 0 85 63
0.5 80 85 0
0.5 0 76 0
0.5 0 88 67
0.5 80 88 0
0.5 0 76 63
0.5 0 85 63
0.5 80 85 0
0.5 0 76 0
0.5 0 88 68
0.5 80 88 0
0.5 0 75 62
0.5 80 75 0
0.5 0 87 67
0.5 80 87 0
0.5 0 75 63
0.5 0 84 63
0.5 80 84 0
0.5 0 75 0
0.5 0 87 67
0.5 80 87 0
0.5 0 75 63
0.5 0 84 63
0.5 80 84 0
0.5 0 75 0
0.5 0 87 68
0.5 80 87 0
0.5 0 74 62
0.5 80 74 0
0.5 0 86 67
0.5 80 86 0
0.5 0 74 63
0.5 0 83 63
0.5 80 83 0
0.5 0 74 0
0.5 0 86 67
0.5 80 86 0
0.5 0 74 63
0.5 0 83 63
0.5 80 83 0
0.5 0 74 0
0.5 0 86 68
0.5 80 86 0
0.5 0 73 62
0.5 80 73 0
0.5 0 85 67
0.5 80 85 0
0.5 0 73 63
0.5 0 82 63
0.5 80 82 0
0.5 0 73 0
0.5 0 85 67
0.5 80 85 0
0.5 0 73 63
0.5 0 82 63
0.5 80 82 0
0.5 0 73 0
0.5 0 85 68
0.5 80 85 0
0.5 0 72 62
0.5 80 72 0
0.5 0 84 67
0.5 80 84 0
0.5 0 72 63
0.5 0 81 63
0.5 80 81 0
0.5 0 72 0
0.5 0 84 67
0.5 80 84 0
0.5 0 72 63
0.5 0 81 63
0.5 80 81 0
0.5 0 72 0
0.5 0 84 68
0.5 80 84 0
0.5 0 78 65
0.5 0 81 65
0.5 0 84 78
0.5 60 84 0
0.5 0 81 0
0.5 0 78 0
0.5 0 90 65
0.5 60 90 0
0.5 0 78 55
0.5 0 81 55
0.5 0 84 65
0.5 60 84 0
0.5 0 81 0
0.5 0 78 0
0.5 0 90 63
0.5 60 90 0
0.5 0 78 55
0.5 0 81 55
0.5 0 84 65
0.5 60 84 0
0.5 0 81 0
0.5 0 78 0
0.5 0 90 64
0.5 60 90 0
0.5 0 78 55
0.5 0 81 55
0.5 0 84 65
0.5 60 84 0
0.5 0 81 0
0.5 0 78 0
0.5 0 90 64
0.5 60 90 0
0.5 0 78 58
0.5 0 81 58
0.5 0 84 70
0.5 60 84 0
0.5 0 81 0
0.5 0 78 0
0.5 0 90 63
0.5 60 90 0
0.5 0 78 51
0.5 0 81 51
0.5 0 84 61
0.5 60 84 0
0.5 0 81 0
0.5 0 78 0
0.5 0 90 61
0.5 60 90 0
0.5 0 78 50
0.5 0 81 50
0.5 0 84 60
0.5 60 84 0
0.5 0 81 0
0.5 0 78 0
0.5 0 90 61
0.5 60 90 0
0.5 0 78 50
0.5 0 81 50
0.5 0 84 60
0.5 60 84 0
0.5 0 81 0
0.5 0 78 0
0.5 0 90 62
0.5 60 90 0
0.5 0 78 61
0.5 0 81 61
0.5 0 84 72
0.5 60 84 0
0.5 0 81 0
0.5 0 78 0
0.5 0 90 62
0.5 60 90 0
0.5 0 78 50
0.5 0 81 50
0.5 0 84 60
0.5 60 84 0
0.5 0 81 0
0.5 0 78 0
0.5 0 90 62
0.5 60 90 0
0.5 0 78 50
0.5 0 81 50
0.5 0 84 60
0.5 60 84 0
0.5 0 81 0
0.5 0 78 0
0.5 0 90 62
0.5 60 90 0
0.5 0 78 50
0.5 0 81 50
0.5 0 84 60
0.5 60 84 0
0.5 0 81 0
0.5 0 78 0
0.5 0 90 62
0.5 60 90 0
0.5 0 78 55
0.5 0 81 66
0.5 80 81 0
0.5 0 78 0
0.5 0 90 61
0.5 80 90 0
0.5 0 78 55
0.5 0 81 55
0.5 0 84 66
0.5 80 84 0
0.5 0 81 0
0.5 0 78 0
0.5 0 90 61
0.5 80 90 0
0.5 0 78 56
0.5 0 81 56
0.5 0 84 67
0.5 80 84 0
0.5 0 81 0
0.5 0 78 0
0.5 0 90 62
0.5 80 90 0
0.5 0 78 57
0.5 0 81 68
0.5 80 81 0
0.5 0 78 0
0.5 0 90 63
0.5 80 90 0
0.5 0 78 58
0.5 0 81 58
0.5 0 86 69
0.5 80 86 0
0.5 0 81 0
0.5 0 78 0
0.5 0 90 63
0.5 80 90 0
0.5 0 78 58
0.5 0 81 58
0.5 0 86 69
0.5 80 86 0
0.5 0 81 0
0.5 0 78 0
0.5 0 90 63
0.5 80 90 0
0.5 0 78 59
0.5 0 81 70
0.5 80 81 0
0.5 0 78 0
0.5 0 90 64
0.5 80 90 0
0.5 0 78 60
0.5 0 81 60
0.5 0 87 71
0.5 80 87 0
0.5 0 81 0
0.5 0 78 0
0.5 0 90 64
0.5 80 90 0
0.5 0 78 61
0.5 0 81 61
0.5 0 87 72
0.5 80 87 0
0.5 0 81 0
0.5 0 78 0
0.5 0 90 65
0.5 80 90 0
0.5 0 79 62
0.5 0 83 72
0.5 80 83 0
0.5 0 79 0
0.5 80 79 63
0.5 0 83 63
0.5 80 83 0
0.5 0 79 0
0.5 0 91 67
0.5 80 79 63
0.5 0 83 63
0.5 80 83 0
0.5 0 79 0
0.5 0 91 0
0.5 0 91 68
0.5 80 91 0
0.5 0 86 62
0.5 0 79 62
0.5 0 77 62
0.5 60 86 0
0.5 20 77 0
0.5 0 79 0
0.5 80 79 62
0.5 0 77 63
0.5 0 86 63
0.5 80 86 0
0.5 0 77 0
0.5 0 79 0
0.5 0 89 67
0.5 80 79 63
0.5 0 77 63
0.5 0 86 63
0.5 80 86 0
0.5 0 89 0
0.5 0 79 0
0.5 0 77 0
0.5 0 89 68
0.5 80 89 0
0.5 0 75 62
0.5 0 79 62
0.5 80 79 0
0.5 0 75 0
0.5 80 75 63
0.5 0 79 63
0.5 80 79 0
0.5 0 75 0
0.5 0 87 67
0.5 80 75 63
0.5 0 79 63
0.5 80 79 0
0.5 0 75 0
0.5 0 87 0
0.5 0 87 68
0.5 80 87 0
0.5 0 72 62
0.5 0 75 62
0.5 80 75 0
0.5 0 72 0
0.5 80 72 63
0.5 0 75 63
0.5 80 75 0
0.5 0 72 0
0.5 0 84 67
0.5 80 72 63
0.5 0 75 63
0.5 80 75 0
0.5 0 72 0
0.5 0 84 0
0.5 0 84 68
0.5 80 84 0
0.5 0 75 62
0.5 0 79 62
0.5 80 79 0
0.5 0 75 0
0.5 80 75 63
0.5 0 79 63
0.5 80 79 0
0.5 0 75 0
0.5 0 87 67
0.5 80 75 63
0.5 0 79 63
0.5 80 79 0
0.5 0 75 0
0.5 0 87 0
0.5 0 87 68
0.5 80 87 0
0.5 0 72 62
0.5 0 75 62
0.5 80 75 0
0.5 0 72 0
0.5 80 72 63
0.5 0 75 63
0.5 80 75 0
0.5 0 72 0
0.5 0 84 67
0.5 80 72 63
0.5 0 75 63
0.5 80 75 0
0.5 0 72 0
0.5 0 84 0
0.5 0 84 68
0.5 80 84 0
0.5 0 77 62
0.5 0 81 72
0.5 80 81 0
0.5 0 77 0
0.5 80 77 63
0.5 0 81 63
0.5 80 81 0
0.5 0 77 0
0.5 0 89 67
0.5 80 77 63
0.5 0 81 63
0.5 80 81 0
0.5 0 77 0
0.5 0 89 0
0.5 0 89 68
0.5 80 89 0
0.5 0 84 62
0.5 0 75 62
0.5 80 75 0
0.5 0 84 0
0.5 80 75 63
0.5 0 84 63
0.5 80 84 0
0.5 0 75 0
0.5 0 87 67
0.5 80 75 63
0.5 0 84 63
0.5 80 84 0
0.5 0 75 0
0.5 0 87 0
0.5 0 87 68
0.5 80 87 0
0.5 0 74 62
0.5 0 77 62
0.5 80 77 0
0.5 0 74 0
0.5 80 74 63
0.5 0 77 63
0.5 80 77 0
0.5 0 74 0
0.5 0 86 67
0.5 80 74 63
0.5 0 77 63
0.5 80 77 0
0.5 0 74 0
0.5 0 86 0
0.5 0 86 68
0.5 80 86 0
0.5 0 70 62
0.5 0 74 62
0.5 80 74 0
0.5 0 70 0
0.5 80 70 63
0.5 0 74 63
0.5 80 74 0
0.5 0 70 0
0.5 0 82 67
0.5 80 70 63
0.5 0 74 63
0.5 80 74 0
0.5 0 70 0
0.5 0 82 0
0.5 0 82 68
0.5 80 82 0
0.5 0 74 62
0.5 0 77 62
0.5 80 77 0
0.5 0 74 0
0.5 80 74 63
0.5 0 77 63
0.5 80 77 0
0.5 0 74 0
0.5 0 86 67
0.5 80 74 63
0.5 0 77 63
0.5 80 77 0
0.5 0 74 0
0.5 0 86 0
0.5 0 86 68
0.5 80 86 0
0.5 0 70 62
0.5 0 74 62
0.5 80 74 0
0.5 0 70 0
0.5 80 70 63
0.5 0 74 63
0.5 80 74 0
0.5 0 70 0
0.5 0 82 67
0.5 80 70 63
0.5 0 74 63
0.5 80 74 0
0.5 0 70 0
0.5 0 82 0
0.5 0 82 68
0.5 80 82 0
0.5 0 75 62
0.5 0 79 72
0.5 80 79 0
0.5 0 75 0
0.5 80 75 63
0.5 0 79 63
0.5 80 79 0
0.5 0 75 0
0.5 0 87 67
0.5 80 75 63
0.5 0 79 63
0.5 80 79 0
0.5 0 75 0
0.5 0 87 0
0.5 0 87 68
0.5 80 87 0
0.5 0 82 62
0.5 0 74 62
0.5 80 74 0
0.5 0 82 0
0.5 80 74 63
0.5 0 82 63
0.5 80 82 0
0.5 0 74 0
0.5 0 86 67
0.5 80 74 63
0.5 0 82 63
0.5 80 82 0
0.5 0 74 0
0.5 0 86 0
0.5 0 86 68
0.5 80 86 0
0.5 0 72 62
0.5 0 75 62
0.5 80 75 0
0.5 0 72 0
0.5 80 72 63
0.5 0 75 63
0.5 80 75 0
0.5 0 72 0
0.5 0 84 67
0.5 80 72 63
0.5 0 75 63
0.5 80 75 0
0.5 0 72 0
0.5 0 84 0
0.5 0 84 68
0.5 80 84 0
0.5 0 69 62
0.5 0 72 62
0.5 80 72 0
0.5 0 69 0
0.5 80 69 63
0.5 0 72 63
0.5 80 72 0
0.5 0 69 0
0.5 0 81 67
0.5 80 69 63
0.5 0 72 63
0.5 80 72 0
0.5 0 69 0
0.5 0 81 0
0.5 0 81 68
0.5 80 81 0
0.5 0 72 62
0.5 0 75 62
0.5 80 75 0
0.5 0 72 0
0.5 80 72 63
0.5 0 75 63
0.5 80 75 0
0.5 0 72 0
0.5 0 84 67
0.5 80 72 63
0.5 0 75 63
0.5 80 75 0
0.5 0 72 0
0.5 0 84 0
0.5 0 84 68
0.5 80 84 0
0.5 0 69 62
0.5 0 72 62
0.5 80 72 0
0.5 0 69 0
0.5 80 69 63
0.5 0 72 63
0.5 80 72 0
0.5 0 69 0
0.5 0 81 67
0.5 80 69 63
0.5 0 72 63
0.5 80 72 0
0.5 0 69 0
0.5 0 81 0
0.5 0 81 68
0.5 80 81 0
0.5 0 74 62
0.5 0 78 72
0.5 80 78 0
0.5 0 74 0
0.5 80 74 63
0.5 0 78 63
0.5 80 78 0
0.5 0 74 0
0.5 0 86 67
0.5 80 74 63
0.5 0 78 63
0.5 80 78 0
0.5 0 74 0
0.5 0 86 0
0.5 0 86 68
0.5 80 86 0
0.5 0 81 62
0.5 0 72 62
0.5 80 72 0
0.5 0 81 0
0.5 80 72 63
0.5 0 81 63
0.5 80 81 0
0.5 0 72 0
0.5 0 84 67
0.5 80 72 63
0.5 0 81 63
0.5 80 81 0
0.5 0 72 0
0.5 0 84 0
0.5 0 84 68
0.5 80 84 0
0.5 0 70 62
0.5 0 79 62
0.5 80 79 0
0.5 0 70 0
0.5 80 70 63
0.5 0 79 63
0.5 80 79 0
0.5 0 70 0
0.5 0 82 67
0.5 80 70 63
0.5 0 79 63
0.5 80 79 0
0.5 0 70 0
0.5 0 82 0
0.5 0 82 68
0.5 80 82 0
0.5 0 74 62
0.5 0 81 62
0.5 80 81 0
0.5 0 74 0
0.5 80 74 63
0.5 0 81 63
0.5 80 81 0
0.5 0 74 0
0.5 0 86 67
0.5 80 74 63
0.5 0 81 63
0.5 80 81 0
0.5 0 74 0
0.5 0 86 0
0.5 0 86 68
0.5 80 86 0
0.5 0 74 62
0.5 0 79 62
0.5 80 79 0
0.5 0 74 0
0.5 80 74 63
0.5 0 79 63
0.5 80 79 0
0.5 0 74 0
0.5 0 86 67
0.5 80 74 63
0.5 0 79 63
0.5 80 79 0
0.5 0 74 0
0.5 0 86 0
0.5 0 86 68
0.5 80 86 0
0.5 0 73 62
0.5 0 79 62
0.5 80 79 0
0.5 0 73 0
0.5 80 73 63
0.5 0 79 63
0.5 80 79 0
0.5 0 73 0
0.5 0 85 67
0.5 80 73 63
0.5 0 79 63
0.5 80 79 0
0.5 0 73 0
0.5 0 85 0
0.5 0 85 68
0.5 80 85 0
0.5 0 74 62
0.5 0 78 72
0.5 80 78 0
0.5 0 74 0
0.5 0 86 67
0.5 80 86 0
0.5 0 74 63
0.5 80 74 0
0.5 0 86 67
0.5 80 86 0
0.5 0 74 63
0.5 80 74 0
0.5 0 86 67
0.5 80 86 0
0.5 0 74 61
0.5 80 74 0
0.5 0 86 62
0.5 80 86 0
0.5 0 74 61
0.5 80 74 0
0.5 0 86 65
0.5 60 86 0
0.5 20 74 62
0.5 80 74 0
0.5 0 86 65
0.5 80 86 0
0.5 0 74 69
0.5 0 82 69
0.5 80 82 0
0.5 0 74 0
0.5 0 86 61
0.5 80 86 0
0.5 0 74 59
0.5 80 74 0
0.5 0 86 63
0.5 80 86 0
0.5 0 74 59
0.5 80 74 0
0.5 0 86 63
0.5 80 86 0
0.5 80 86 57
0.5 80 86 0
0.5 0 74 56
0.5 80 74 0
0.5 0 86 60
0.5 80 86 0
0.5 0 74 55
0.5 80 74 0
0.5 0 86 60
0.5 80 86 0
0.5 80 84 58
0.5 80 84 0
0.5 0 72 54
0.5 80 72 0
0.5 0 84 57
0.5 80 84 0
0.5 0 72 54
0.5 80 72 0
0.5 0 84 57
0.5 80 84 0
0.5 80 82 55
0.5 80 82 0
0.5 0 70 51
0.5 80 70 0
0.5 0 82 55
0.5 80 82 0
0.5 0 70 51
0.5 80 70 0
0.5 0 82 54
0.5 80 82 0
0.5 80 81 58
0.5 80 81 0
0.5 0 69 54
0.5 80 69 0
0.5 0 81 56
0.5 80 81 0
0.5 0 69 53
0.5 80 69 0
0.5 0 81 55
0.5 80 81 0
0.5 80 79 54
0.5 80 79 0
0.5 0 67 50
0.5 80 67 0
0.5 0 79 54
0.5 80 79 0
0.5 0 67 49
0.5 80 67 0
0.5 0 79 52
0.5 80 79 0
0.5 80 78 54
0.5 80 78 0
0.5 0 66 51
0.5 80 66 0
0.5 0 78 53
0.5 80 78 0
0.5 0 66 51
0.5 80 66 0
0.5 0 78 53
0.5 80 78 0
0.5 80 75 51
0.5 80 75 0
0.5 0 63 47
0.5 80 63 0
0.5 0 75 51
0.5 80 75 0
0.5 0 63 47
0.5 80 63 0
0.5 0 75 50
0.5 80 75 0
0.5 80 74 52
0.5 80 74 0
0.5 0 62 48
0.5 80 62 0
0.5 0 74 51
0.5 80 74 0
0.5 0 62 47
0.5 80 62 0
0.5 0 74 51
0.5 80 74 0
0.5 80 62 49
0.5 0 70 49
0.5 80 70 0
0.5 0 62 0
0.5 0 58 45
0.5 80 58 0
0.5 0 62 47
0.5 0 70 48
0.5 80 70 0
0.5 0 62 0
0.5 0 58 45
0.5 80 58 0
0.5 0 62 46
0.5 0 70 46
0.5 80 70 0
0.5 0 62 0
0.5 80 62 45
0.5 0 69 49
0.5 80 69 0
0.5 0 62 0
0.5 0 57 45
0.5 80 57 0
0.5 0 62 44
0.5 0 69 47
0.5 80 69 0
0.5 0 62 0
0.5 0 57 44
0.5 80 57 0
0.5 0 62 43
0.5 0 69 45
0.5 80 69 0
0.5 0 62 0
0.5 80 62 38
0.5 0 67 44
0.5 80 67 0
0.5 0 62 0
0.5 0 55 40
0.5 80 55 0
0.5 0 62 38
0.5 0 67 44
0.5 80 67 0
0.5 0 62 0
0.5 0 55 38
0.5 80 55 0
0.5 0 62 37
0.5 0 67 42
0.5 80 67 0
0.5 0 62 0
0.5 80 62 36
0.5 0 66 44
0.5 80 66 0
0.5 0 62 0
0.5 0 54 40
0.5 80 54 0
0.5 0 62 36
0.5 0 66 41
0.5 80 66 0
0.5 0 62 0
0.5 0 54 39
0.5 80 54 0
0.5 0 62 34
0.5 0 66 41
0.5 80 66 0
0.5 0 62 0
0.5 80 54 33
0.5 0 57 34
0.5 0 63 39
0.5 80 63 0
0.5 0 57 0
0.5 0 54 0
0.5 0 51 36
0.5 80 51 0
0.5 0 54 33
0.5 0 57 33
0.5 0 63 38
0.5 80 63 0
0.5 0 57 0
0.5 0 54 0
0.5 0 51 35
0.5 80 51 0
0.5 0 54 33
0.5 0 57 33
0.5 0 63 36
0.5 80 63 0
0.5 0 57 0
0.5 0 54 0
0.5 80 55 33
0.5 0 58 33
0.5 0 62 38
0.5 80 62 0
0.5 0 58 0
0.5 0 55 0
0.5 0 50 35
0.5 80 50 0
0.5 0 55 32
0.5 0 58 32
0.5 0 62 37
0.5 80 62 0
0.5 0 58 0
0.5 0 55 0
0.5 0 50 34
0.5 80 50 0
0.5 0 55 32
0.5 0 58 32
0.5 0 62 36
0.5 80 62 0
0.5 0 58 0
0.5 0 55 0
0.5 80 60 34
0.5 0 54 35
0.5 0 62 35
0.5 80 62 0
0.5 0 54 0
0.5 0 60 0
0.5 0 50 32
0.5 80 50 0
0.5 0 60 27
0.5 0 54 28
0.5 0 62 34
0.5 80 62 0
0.5 0 54 0
0.5 0 60 0
0.5 0 50 32
0.5 80 50 0
0.5 0 60 27
0.5 0 54 27
0.5 0 62 33
0.5 80 62 0
0.5 0 54 0
0.5 0 60 0
0.5 20 50 40
0.5 20 55 43
0.5 20 58 44
0.5 20 62 46
0.5 400 62 0
0.5 0 50 0
0.5 0 55 0
0.5 0 58 0
0.5 0 70 45
0.5 80 70 0
0.5 0 86 37
0.5 80 86 0
0.5 0 74 40
0.5 80 74 0
0.5 0 86 38
0.5 80 86 0
0.5 0 79 41
0.5 80 79 0
0.5 0 86 39
0.5 80 86 0
0.5 0 82 47
0.5 80 82 0
0.5 0 86 39
0.5 80 86 0
0.5 0 79 43
0.5 80 79 0
0.5 0 86 43
0.5 80 86 0
0.5 0 74 44
0.5 80 74 0
0.5 0 86 41
0.5 80 86 0
0.5 0 75 50
0.5 80 75 0
0.5 0 91 43
0.5 80 91 0
0.5 0 79 45
0.5 80 79 0
0.5 0 91 42
0.5 80 91 0
0.5 0 87 45
0.5 80 87 0
0.5 0 91 42
0.5 80 91 0
0.5 0 74 50
0.5 80 74 0
0.5 0 90 42
0.5 80 90 0
0.5 0 78 45
0.5 80 78 0
0.5 0 90 42
0.5 80 90 0
0.5 0 86 45
0.5 80 86 0
0.5 0 90 42
0.5 80 90 0
0.5 0 72 50
0.5 80 72 0
0.5 0 87 42
0.5 80 87 0
0.5 0 75 45
0.5 80 75 0
0.5 0 87 43
0.5 80 87 0
0.5 0 79 45
0.5 80 79 0
0.5 0 87 41
0.5 80 87 0
0.5 0 70 50
0.5 80 70 0
0.5 0 86 42
0.5 80 86 0
0.5 0 74 45
0.5 80 74 0
0.5 0 86 43
0.5 80 86 0
0.5 0 79 45
0.5 80 79 0
0.5 0 86 41
0.5 80 86 0
0.5 0 82 50
0.5 80 82 0
0.5 0 86 42
0.5 80 86 0
0.5 0 79 45
0.5 80 79 0
0.5 0 86 42
0.5 80 86 0
0.5 0 74 45
0.5 80 74 0
0.5 0 86 42
0.5 80 86 0
0.5 0 70 50
0.5 80 70 0
0.5 0 86 42
0.5 80 86 0
0.5 0 74 45
0.5 80 74 0
0.5 0 86 45
0.5 80 86 0
0.5 0 79 45
0.5 80 79 0
0.5 0 86 42
0.5 80 86 0
0.5 0 69 50
0.5 80 69 0
0.5 0 86 43
0.5 80 86 0
0.5 0 74 45
0.5 80 74 0
0.5 0 86 42
0.5 80 86 0
0.5 0 77 45
0.5 80 77 0
0.5 0 86 42
0.5 80 86 0
0.5 0 67 50
0.5 80 67 0
0.5 0 84 42
0.5 80 84 0
0.5 0 72 45
0.5 80 72 0
0.5 0 84 42
0.5 80 84 0
0.5 0 75 45
0.5 80 75 0
0.5 0 84 42
0.5 80 84 0
0.5 0 65 50
0.5 80 65 0
0.5 0 82 42
0.5 80 82 0
0.5 0 70 45
0.5 80 70 0
0.5 0 82 43
0.5 80 82 0
0.5 0 74 45
0.5 80 74 0
0.5 0 82 41
0.5 80 82 0
0.5 0 63 50
0.5 80 63 0
0.5 0 81 42
0.5 80 81 0
0.5 0 69 45
0.5 80 69 0
0.5 0 81 43
0.5 80 81 0
0.5 0 72 45
0.5 80 72 0
0.5 0 81 41
0.5 80 81 0
0.5 0 75 50
0.5 80 75 0
0.5 0 81 42
0.5 80 81 0
0.5 0 72 45
0.5 80 72 0
0.5 0 81 42
0.5 80 81 0
0.5 0 69 45
0.5 80 69 0
0.5 0 81 42
0.5 80 81 0
0.5 0 63 50
0.5 80 63 0
0.5 0 81 42
0.5 80 81 0
0.5 0 69 45
0.5 80 69 0
0.5 0 81 45
0.5 80 81 0
0.5 0 72 45
0.5 80 72 0
0.5 0 81 42
0.5 80 81 0
0.5 0 69 59
0.5 80 69 0
0.5 0 84 43
0.5 80 84 0
0.5 0 72 50
0.5 80 72 0
0.5 0 84 42
0.5 80 84 0
0.5 0 75 47
0.5 80 75 0
0.5 0 84 42
0.5 80 84 0
0.5 0 63 50
0.5 80 63 0
0.5 0 81 42
0.5 80 81 0
0.5 0 69 45
0.5 80 69 0
0.5 0 81 42
0.5 80 81 0
0.5 0 72 45
0.5 80 72 0
0.5 0 81 42
0.5 80 81 0
0.5 0 64 50
0.5 80 64 0
0.5 0 79 42
0.5 80 79 0
0.5 0 70 45
0.5 80 70 0
0.5 0 79 43
0.5 80 79 0
0.5 0 76 45
0.5 80 76 0
0.5 0 79 41
0.5 80 79 0
0.5 0 67 58
0.5 80 67 0
0.5 0 82 46
0.5 80 82 0
0.5 0 70 50
0.5 80 70 0
0.5 0 82 43
0.5 80 82 0
0.5 0 74 45
0.5 80 74 0
0.5 0 82 41
0.5 80 82 0
0.5 0 79 50
0.5 80 79 0
0.5 0 82 42
0.5 80 82 0
0.5 0 74 45
0.5 80 74 0
0.5 0 82 42
0.5 80 82 0
0.5 0 70 45
0.5 80 70 0
0.5 0 82 42
0.5 80 82 0
0.5 0 66 50
0.5 80 66 0
0.5 0 81 42
0.5 80 81 0
0.5 0 69 45
0.5 80 69 0
0.5 0 81 45
0.5 80 81 0
0.5 0 74 45
0.5 80 74 0
0.5 0 81 42
0.5 80 81 0
0.5 0 66 50
0.5 80 66 0
0.5 0 81 43
0.5 80 81 0
0.5 0 69 45
0.5 80 69 0
0.5 0 81 42
0.5 80 81 0
0.5 0 75 45
0.5 80 75 0
0.5 0 81 42
0.5 80 81 0
0.5 0 67 50
0.5 80 67 0
0.5 0 79 42
0.5 80 79 0
0.5 0 70 45
0.5 80 70 0
0.5 0 79 42
0.5 80 79 0
0.5 0 74 45
0.5 80 74 0
0.5 0 79 42
0.5 80 79 0
0.5 0 66 50
0.5 80 66 0
0.5 0 78 42
0.5 80 78 0
0.5 0 69 45
0.5 80 69 0
0.5 0 78 43
0.5 80 78 0
0.5 0 74 45
0.5 80 74 0
0.5 0 78 41
0.5 80 78 0
0.5 80 77 46
0.5 80 77 0
0.5 0 68 50
0.5 80 68 0
0.5 0 77 43
0.5 80 77 0
0.5 0 71 45
0.5 80 71 0
0.5 0 77 41
0.5 80 77 0
0.5 0 74 50
0.5 80 74 0
0.5 0 77 42
0.5 80 77 0
0.5 0 71 45
0.5 80 71 0
0.5 0 77 42
0.5 80 77 0
0.5 0 68 45
0.5 80 68 0
0.5 0 77 42
0.5 80 77 0
0.5 80 76 42
0.5 80 76 0
0.5 0 67 45
0.5 80 67 0
0.5 0 76 45
0.5 80 76 0
0.5 0 72 45
0.5 80 72 0
0.5 0 76 42
0.5 80 76 0
0.5 80 75 43
0.5 80 75 0
0.5 0 67 45
0.5 80 67 0
0.5 0 75 42
0.5 80 75 0
0.5 0 72 45
0.5 80 72 0
0.5 0 75 42
0.5 80 75 0
0.5 80 74 42
0.5 80 74 0
0.5 0 67 45
0.5 80 67 0
0.5 0 74 42
0.5 80 74 0
0.5 0 71 45
0.5 80 71 0
0.5 0 74 42
0.5 80 74 0
0.5 80 75 42
0.5 80 75 0
0.5 0 67 45
0.5 80 67 0
0.5 0 75 43
0.5 80 75 0
0.5 0 72 45
0.5 80 72 0
0.5 0 75 41
0.5 80 75 0
0.5 80 75 46
0.5 80 75 0
0.5 0 67 50
0.5 80 67 0
0.5 0 75 43
0.5 80 75 0
0.5 0 68 45
0.5 80 68 0
0.5 0 75 41
0.5 80 75 0
0.5 0 72 50
0.5 80 72 0
0.5 0 75 42
0.5 80 75 0
0.5 0 67 45
0.5 80 67 0
0.5 0 75 42
0.5 80 75 0
0.5 0 68 45
0.5 80 68 0
0.5 0 75 42
0.5 80 75 0
0.5 80 75 42
0.5 80 75 0
0.5 0 68 45
0.5 80 68 0
0.5 0 75 45
0.5 80 75 0
0.5 0 69 45
0.5 80 69 0
0.5 0 75 42
0.5 80 75 0
0.5 0 72 42
0.5 80 72 0
0.5 0 75 43
0.5 80 75 0
0.5 0 68 45
0.5 80 68 0
0.5 0 75 42
0.5 80 75 0
0.5 0 69 45
0.5 80 69 0
0.5 0 75 42
0.5 80 75 0
0.5 80 74 42
0.5 80 74 0
0.5 0 69 45
0.5 80 69 0
0.5 0 74 42
0.5 80 74 0
0.5 0 70 45
0.5 80 70 0
0.5 0 74 42
0.5 80 74 0
0.5 0 71 42
0.5 80 71 0
0.5 0 74 42
0.5 80 74 0
0.5 0 67 45
0.5 80 67 0
0.5 0 74 43
0.5 80 74 0
0.5 0 68 45
0.5 80 68 0
0.5 0 74 41
0.5 80 74 0
0.5 80 74 42
0.5 80 74 0
0.5 0 67 45
0.5 80 67 0
0.5 0 74 42
0.5 80 74 0
0.5 0 69 45
0.5 80 69 0
0.5 0 74 42
0.5 80 74 0
0.5 0 70 42
0.5 80 70 0
0.5 0 73 42
0.5 80 73 0
0.5 0 66 45
0.5 80 66 0
0.5 0 73 43
0.5 80 73 0
0.5 0 67 45
0.5 80 67 0
0.5 0 73 41
0.5 80 73 0
0.5 80 74 39
0.5 80 74 0
0.5 0 66 42
0.5 80 66 0
0.5 0 74 39
0.5 80 74 0
0.5 0 67 41
0.5 80 67 0
0.5 0 74 38
0.5 80 74 0
0.5 80 70 37
0.5 80 70 0
0.5 0 61 40
0.5 80 61 0
0.5 0 70 38
0.5 80 70 0
0.5 0 62 39
0.5 80 62 0
0.5 0 70 36
0.5 80 70 0
0.5 80 72 36
0.5 80 72 0
0.5 0 63 38
0.5 80 63 0
0.5 0 72 36
0.5 80 72 0
0.5 0 62 37
0.5 80 62 0
0.5 0 72 35
0.5 80 72 0
0.5 80 69 35
0.5 80 69 0
0.5 0 63 36
0.5 80 63 0
0.5 0 69 35
0.5 80 69 0
0.5 0 62 36
0.5 80 62 0
0.5 0 69 33
0.5 80 69 0
0.5 80 67 30
0.5 0 70 36
0.5 80 70 0
0.5 0 67 0
0.5 0 61 38
0.5 80 61 0
0.5 0 67 29
0.5 0 70 36
0.5 80 70 0
0.5 0 67 0
0.5 0 62 37
0.5 80 62 0
0.5 0 67 29
0.5 0 70 36
0.5 80 70 0
0.5 0 67 0
0.5 80 70 30
0.5 0 74 36
0.5 80 74 0
0.5 0 70 0
0.5 0 66 43
0.5 80 66 0
0.5 0 70 28
0.5 0 74 36
0.5 80 74 0
0.5 0 70 0
0.5 0 67 43
0.5 80 67 0
0.5 0 70 31
0.5 0 74 36
0.5 80 74 0
0.5 0 70 0
0.5 80 67 34
0.5 0 70 39
0.5 80 70 0
0.5 0 67 0
0.5 0 61 42
0.5 80 61 0
0.5 0 67 33
0.5 0 70 40
0.5 80 70 0
0.5 0 67 0
0.5 0 62 42
0.5 80 62 0
0.5 0 67 33
0.5 0 70 39
0.5 80 70 0
0.5 0 67 0
0.5 80 70 34
0.5 0 74 41
0.5 80 74 0
0.5 0 70 0
0.5 0 66 47
0.5 80 66 0
0.5 0 70 32
0.5 0 74 41
0.5 80 74 0
0.5 0 70 0
0.5 0 67 49
0.5 80 67 0
0.5 0 70 34
0.5 0 74 40
0.5 80 74 0
0.5 0 70 0
0.5 80 71 36
0.5 0 74 43
0.5 80 74 0
0.5 0 71 0
0.5 0 66 47
0.5 80 66 0
0.5 0 71 36
0.5 0 74 45
0.5 80 74 0
0.5 0 71 0
0.5 0 67 46
0.5 80 67 0
0.5 0 71 37
0.5 0 74 44
0.5 80 74 0
0.5 0 71 0
0.5 80 74 37
0.5 0 77 45
0.5 80 77 0
0.5 0 74 0
0.5 0 68 50
0.5 80 68 0
0.5 0 74 36
0.5 0 77 45
0.5 80 77 0
0.5 0 74 0
0.5 0 67 51
0.5 80 67 0
0.5 0 74 37
0.5 0 77 45
0.5 80 77 0
0.5 0 74 0
0.5 80 75 41
0.5 0 79 49
0.5 80 79 0
0.5 0 75 0
0.5 0 71 52
0.5 80 71 0
0.5 0 75 40
0.5 0 79 49
0.5 80 79 0
0.5 0 75 0
0.5 0 72 50
0.5 80 72 0
0.5 0 75 39
0.5 0 79 46
0.5 80 79 0
0.5 0 75 0
0.5 80 72 39
0.5 0 75 46
0.5 80 75 0
0.5 0 72 0
0.5 0 66 51
0.5 80 66 0
0.5 0 72 36
0.5 0 75 45
0.5 80 75 0
0.5 0 72 0
0.5 0 67 51
0.5 80 67 0
0.5 0 72 37
0.5 0 75 45
0.5 80 75 0
0.5 0 72 0
0.5 80 70 37
0.5 0 74 45
0.5 80 74 0
0.5 0 70 0
0.5 0 66 48
0.5 80 66 0
0.5 0 70 36
0.5 0 74 44
0.5 80 74 0
0.5 0 70 0
0.5 0 67 45
0.5 80 67 0
0.5 0 70 36
0.5 0 74 42
0.5 80 74 0
0.5 0 70 0
0.5 80 67 34
0.5 0 70 41
0.5 80 70 0
0.5 0 67 0
0.5 0 61 46
0.5 80 61 0
0.5 0 67 32
0.5 0 70 41
0.5 80 70 0
0.5 0 67 0
0.5 0 62 45
0.5 80 62 0
0.5 0 67 32
0.5 0 70 38
0.5 80 70 0
0.5 0 67 0
0.5 80 69 34
0.5 0 72 40
0.5 80 72 0
0.5 0 69 0
0.5 0 63 42
0.5 80 63 0
0.5 0 69 32
0.5 0 72 39
0.5 80 72 0
0.5 0 69 0
0.5 0 62 40
0.5 80 62 0
0.5 0 69 30
0.5 0 72 36
0.5 80 72 0
0.5 0 69 0
0.5 80 66 30
0.5 0 69 36
0.5 80 69 0
0.5 0 66 0
0.5 0 63 42
0.5 80 63 0
0.5 0 66 27
0.5 0 69 36
0.5 80 69 0
0.5 0 66 0
0.5 0 62 41
0.5 80 62 0
0.5 0 66 28
0.5 0 69 34
0.5 80 69 0
0.5 0 66 0
0.5 80 67 30
0.5 0 70 36
0.5 80 70 0
0.5 0 67 0
0.5 0 61 38
0.5 80 61 0
0.5 0 67 29
0.5 0 70 36
0.5 80 70 0
0.5 0 67 0
0.5 0 62 37
0.5 80 62 0
0.5 0 67 29
0.5 0 70 36
0.5 80 70 0
0.5 0 67 0
0.5 80 70 30
0.5 0 74 36
0.5 80 74 0
0.5 0 70 0
0.5 0 66 43
0.5 80 66 0
0.5 0 70 28
0.5 0 74 36
0.5 80 74 0
0.5 0 70 0
0.5 0 67 43
0.5 80 67 0
0.5 0 70 31
0.5 0 74 36
0.5 80 74 0
0.5 0 70 0
0.5 80 67 34
0.5 0 70 39
0.5 80 70 0
0.5 0 67 0
0.5 0 61 42
0.5 80 61 0
0.5 0 67 33
0.5 0 70 40
0.5 80 70 0
0.5 0 67 0
0.5 0 62 42
0.5 80 62 0
0.5 0 67 33
0.5 0 70 39
0.5 80 70 0
0.5 0 67 0
0.5 80 70 34
0.5 0 74 41
0.5 80 74 0
0.5 0 70 0
0.5 0 66 46
0.5 80 66 0
0.5 0 70 32
0.5 0 74 41
0.5 80 74 0
0.5 0 70 0
0.5 0 67 47
0.5 80 67 0
0.5 0 70 34
0.5 0 74 40
0.5 80 74 0
0.5 0 70 0
0.5 80 71 36
0.5 0 74 43
0.5 80 74 0
0.5 0 71 0
0.5 0 66 47
0.5 80 66 0
0.5 0 71 36
0.5 0 74 45
0.5 80 74 0
0.5 0 71 0
0.5 0 67 46
0.5 80 67 0
0.5 0 71 37
0.5 0 74 44
0.5 80 74 0
0.5 0 71 0
0.5 80 74 37
0.5 0 77 45
0.5 80 77 0
0.5 0 74 0
0.5 0 68 50
0.5 80 68 0
0.5 0 74 36
0.5 0 77 45
0.5 80 77 0
0.5 0 74 0
0.5 0 67 52
0.5 80 67 0
0.5 0 74 37
0.5 0 77 45
0.5 80 77 0
0.5 0 74 0
0.5 80 75 41
0.5 0 79 49
0.5 80 79 0
0.5 0 75 0
0.5 0 71 52
0.5 80 71 0
0.5 0 75 40
0.5 0 79 49
0.5 80 79 0
0.5 0 75 0
0.5 0 72 50
0.5 80 72 0
0.5 0 75 39
0.5 0 79 46
0.5 80 79 0
0.5 0 75 0
0.5 80 72 39
0.5 0 75 46
0.5 80 75 0
0.5 0 72 0
0.5 0 66 52
0.5 80 66 0
0.5 0 72 36
0.5 0 75 45
0.5 80 75 0
0.5 0 72 0
0.5 0 67 50
0.5 80 67 0
0.5 0 72 37
0.5 0 75 45
0.5 80 75 0
0.5 0 72 0
0.5 80 70 37
0.5 0 74 45
0.5 80 74 0
0.5 0 70 0
0.5 0 66 48
0.5 80 66 0
0.5 0 70 36
0.5 0 74 44
0.5 80 74 0
0.5 0 70 0
0.5 0 67 45
0.5 80 67 0
0.5 0 70 36
0.5 0 74 42
0.5 80 74 0
0.5 0 70 0
0.5 80 67 34
0.5 0 70 41
0.5 80 70 0
0.5 0 67 0
0.5 0 61 47
0.5 80 61 0
0.5 0 67 32
0.5 0 70 41
0.5 80 70 0
0.5 0 67 0
0.5 0 62 47
0.5 80 62 0
0.5 0 67 32
0.5 0 70 38
0.5 80 70 0
0.5 0 67 0
0.5 80 69 34
0.5 0 72 40
0.5 80 72 0
0.5 0 69 0
0.5 0 63 42
0.5 80 63 0
0.5 0 69 32
0.5 0 72 39
0.5 80 72 0
0.5 0 69 0
0.5 0 62 40
0.5 80 62 0
0.5 0 69 30
0.5 0 72 36
0.5 80 72 0
0.5 0 69 0
0.5 80 66 30
0.5 0 69 36
0.5 80 69 0
0.5 0 66 0
0.5 0 63 42
0.5 80 63 0
0.5 0 66 27
0.5 0 69 36
0.5 80 69 0
0.5 0 66 0
0.5 0 62 41
0.5 80 62 0
0.5 0 66 28
0.5 0 69 34
0.5 80 69 0
0.5 0 66 0
0.5 8640 59 63
0.5 0 67 63
0.5 80 67 0
0.5 0 59 0
0.5 0 71 51
0.5 80 71 0
0.5 0 59 54
0.5 0 67 54
0.5 80 67 0
0.5 0 59 0
0.5 0 71 49
0.5 80 71 0
0.5 0 59 54
0.5 0 67 54
0.5 80 67 0
0.5 0 59 0
0.5 0 71 50
0.5 80 71 0
0.5 0 59 62
0.5 80 59 0
0.5 0 71 50
0.5 80 71 0
0.5 0 59 54
0.5 0 67 54
0.5 80 67 0
0.5 0 59 0
0.5 0 71 50
0.5 80 71 0
0.5 0 59 54
0.5 0 67 54
0.5 80 67 0
0.5 0 59 0
0.5 0 71 50
0.5 80 71 0
0.5 0 59 63
0.5 0 67 63
0.5 80 67 0
0.5 0 59 0
0.5 0 71 50
0.5 80 71 0
0.5 0 59 54
0.5 0 67 54
0.5 80 67 0
0.5 0 59 0
0.5 0 71 52
0.5 80 71 0
0.5 0 59 55
0.5 0 67 55
0.5 80 67 0
0.5 0 59 0
0.5 0 71 51
0.5 80 71 0
0.5 0 59 64
0.5 0 67 64
0.5 80 67 0
0.5 0 59 0
0.5 0 71 52
0.5 80 71 0
0.5 0 59 56
0.5 0 67 56
0.5 80 67 0
0.5 0 59 0
0.5 0 71 51
0.5 80 71 0
0.5 0 59 56
0.5 0 67 56
0.5 80 67 0
0.5 0 59 0
0.5 0 71 53
0.5 80 71 0
0.5 0 59 65
0.5 0 67 65
0.5 80 67 0
0.5 0 59 0
0.5 0 71 53
0.5 80 71 0
0.5 0 59 56
0.5 0 67 56
0.5 80 67 0
0.5 0 59 0
0.5 0 71 52
0.5 80 71 0
0.5 0 59 57
0.5 0 67 57
0.5 80 67 0
0.5 0 59 0
0.5 0 71 53
0.5 80 71 0
0.5 0 67 64
0.5 80 67 0
0.5 0 71 53
0.5 80 71 0
0.5 0 59 57
0.5 0 67 57
0.5 80 67 0
0.5 0 59 0
0.5 0 71 54
0.5 80 71 0
0.5 0 59 57
0.5 0 67 57
0.5 80 67 0
0.5 0 59 0
0.5 0 71 54
0.5 80 71 0
0.5 80 59 54
0.5 80 59 0
0.5 0 55 59
0.5 80 55 0
0.5 0 59 54
0.5 80 59 0
0.5 0 55 59
0.5 80 55 0
0.5 0 59 54
0.5 80 59 0
0.5 0 55 66
0.5 80 55 0
0.5 0 59 55
0.5 80 59 0
0.5 0 55 59
0.5 80 55 0
0.5 0 59 55
0.5 80 59 0
0.5 0 55 60
0.5 80 55 0
0.5 0 59 54
0.5 80 59 0
0.5 0 55 68
0.5 80 55 0
0.5 0 59 55
0.5 80 59 0
0.5 0 55 60
0.5 80 55 0
0.5 0 59 54
0.5 80 59 0
0.5 0 55 60
0.5 80 55 0
0.5 0 59 55
0.5 80 59 0
0.5 0 55 70
0.5 80 55 0
0.5 0 59 55
0.5 80 59 0
0.5 0 55 61
0.5 80 55 0
0.5 0 59 56
0.5 80 59 0
0.5 0 55 62
0.5 80 55 0
0.5 0 59 56
0.5 80 59 0
0.5 0 55 70
0.5 80 55 0
0.5 0 59 56
0.5 80 59 0
0.5 0 55 62
0.5 80 55 0
0.5 0 59 56
0.5 80 59 0
0.5 0 55 62
0.5 80 55 0
0.5 0 59 57
0.5 80 59 0
0.5 0 55 72
0.5 80 55 0
0.5 0 59 58
0.5 80 59 0
0.5 0 55 63
0.5 80 55 0
0.5 0 59 57
0.5 80 59 0
0.5 0 55 63
0.5 80 55 0
0.5 0 59 59
0.5 80 59 0
0 0 7 100
0 0 10 64
0.5 0 31 80
0 40 64 127
0.5 440 31 0
0.5 0 34 55
0.5 60 34 0
0.5 0 38 58
0.5 60 38 0
0.5 0 43 61
0.5 60 43 0
0.5 0 46 63
0.5 60 46 0
0.5 0 50 66
0.5 60 50 0
0.5 0 55 68
0.5 60 55 0
0.5 0 58 68
0.5 60 58 0
0.5 0 62 71
0.5 60 62 0
0.5 0 67 77
0 13 64 0
0 158 64 127
0.5 369 67 0
0.5 0 66 60
0.5 60 66 0
0.5 0 63 61
0.5 60 63 0
0.5 0 62 62
0.5 60 62 0
0.5 0 60 62
0.5 60 60 0
0.5 0 58 63
0.5 60 58 0
0.5 0 57 63
0.5 60 57 0
0.5 0 55 63
0.5 60 55 0
0.5 0 54 64
0.5 60 54 0
0.5 0 51 63
0.5 60 51 0
0.5 0 50 63
0.5 60 50 0
0.5 0 48 64
0.5 60 48 0
0.5 0 46 64
0.5 60 46 0
0.5 0 45 65
0.5 60 45 0
0.5 0 43 66
0.5 60 43 0
0.5 0 42 67
0.5 60 42 0
0.5 0 39 68
0.5 60 39 0
0.5 0 38 69
0.5 60 38 0
0.5 0 36 70
0.5 60 36 0
0.5 0 34 70
0.5 60 34 0
0.5 0 33 71
0.5 60 33 0
0.5 0 31 74
0 17 64 0
0 83 64 127
0.5 640 31 0
0.5 0 34 54
0.5 80 34 0
0.5 0 38 55
0.5 80 38 0
0.5 0 43 56
0.5 80 43 0
0.5 0 46 58
0.5 80 46 0
0.5 0 50 59
0.5 80 50 0
0.5 0 55 60
0.5 80 55 0
0.5 0 58 62
0.5 80 58 0
0.5 0 62 63
0.5 80 62 0
0.5 0 67 64
0.5 80 67 0
0.5 0 70 65
0.5 80 70 0
0.5 0 74 67
0.5 80 74 0
0.5 0 79 75
0 14 64 0
0 192 64 127
0.5 334 79 0
0.5 0 78 50
0.5 60 78 0
0.5 0 75 51
0.5 60 75 0
0.5 0 74 51
0.5 60 74 0
0.5 0 72 52
0.5 60 72 0
0.5 0 70 52
0.5 60 70 0
0.5 0 69 53
0.5 60 69 0
0.5 0 67 54
0.5 60 67 0
0.5 0 66 54
0.5 60 66 0
0.5 0 63 54
0.5 60 63 0
0.5 0 62 54
0.5 60 62 0
0.5 0 60 55
0.5 60 60 0
0.5 0 58 56
0.5 60 58 0
0.5 0 57 56
0.5 60 57 0
0.5 0 55 57
0.5 60 55 0
0.5 0 54 57
0.5 60 54 0
0.5 0 51 58
0.5 60 51 0
0.5 0 50 58
0.5 60 50 0
0.5 0 48 59
0.5 60 48 0
0.5 0 46 60
0.5 60 46 0
0.5 0 45 60
0.5 60 45 0
0.5 0 43 61
0.5 60 43 0
0.5 0 42 61
0.5 60 42 0
0.5 0 39 62
0.5 60 39 0
0.5 0 38 63
0.5 60 38 0
0.5 0 36 63
0.5 60 36 0
0.5 0 34 63
0.5 60 34 0
0.5 0 33 63
0.5 60 33 0
0.5 0 38 64
0.5 60 38 0
0.5 0 36 64
0.5 60 36 0
0.5 0 31 73
0.5 0 34 73
0 17 64 0
0 126 64 127
0.5 517 34 0
0.5 0 31 0
0.5 0 38 54
0.5 60 38 0
0.5 0 43 55
0.5 60 43 0
0.5 0 46 56
0.5 60 46 0
0.5 0 50 58
0.5 60 50 0
0.5 0 55 59
0.5 60 55 0
0.5 0 58 60
0.5 60 58 0
0.5 0 62 62
0.5 60 62 0
0.5 0 67 63
0.5 60 67 0
0.5 0 70 64
0.5 60 70 0
0.5 0 74 65
0.5 60 74 0
0.5 0 79 64
0.5 60 79 0
0.5 0 82 66
0.5 60 82 0
0.5 0 86 68
0.5 60 86 0
0.5 0 91 75
0 134 64 0
0 103 64 127
0.5 423 91 0
0.5 0 87 50
0.5 60 87 0
0.5 0 86 50
0.5 60 86 0
0.5 0 84 50
0.5 60 84 0
0.5 0 82 51
0.5 60 82 0
0.5 0 81 51
0.5 60 81 0
0.5 0 79 52
0.5 60 79 0
0.5 0 78 52
0.5 60 78 0
0.5 0 75 53
0.5 60 75 0
0.5 0 74 54
0.5 60 74 0
0.5 0 72 54
0.5 60 72 0
0.5 0 70 54
0.5 60 70 0
0.5 0 69 54
0.5 60 69 0
0.5 0 67 55
0.5 60 67 0
0.5 0 66 56
0.5 60 66 0
0.5 0 63 56
0.5 60 63 0
0.5 0 62 57
0.5 60 62 0
0.5 0 60 57
0.5 60 60 0
0.5 0 58 58
0.5 60 58 0
0.5 0 57 58
0.5 60 57 0
0.5 0 55 59
0.5 60 55 0
0.5 0 54 60
0.5 60 54 0
0.5 0 51 60
0.5 60 51 0
0.5 0 50 61
0.5 60 50 0
0.5 0 48 61
0.5 60 48 0
0.5 0 46 62
0.5 60 46 0
0.5 0 45 61
0.5 60 45 0
0.5 0 43 62
0.5 60 43 0
0.5 0 42 63
0.5 60 42 0
0.5 0 39 63
0.5 60 39 0
0.5 0 38 65
0.5 60 38 0
0.5 0 36 66
0.5 60 36 0
0.5 0 31 73
0.5 0 34 73
0 27 64 0
0 87 64 127
0.5 426 34 0
0.5 0 31 0
0.5 0 35 43
0.5 60 35 0
0.5 0 36 44
0.5 60 36 0
0.5 0 37 44
0.5 60 37 0
0.5 0 38 45
0.5 60 38 0
0.5 0 39 45
0.5 60 39 0
0.5 0 40 46
0.5 60 40 0
0.5 0 41 46
0.5 60 41 0
0.5 0 42 47
0.5 60 42 0
0.5 0 43 48
0.5 60 43 0
0.5 0 44 49
0.5 60 44 0
0.5 0 45 49
0.5 60 45 0
0.5 0 46 50
0.5 60 46 0
0.5 0 47 51
0.5 60 47 0
0.5 0 48 52
0.5 60 48 0
0.5 0 49 52
0.5 60 49 0
0.5 0 50 53
0.5 60 50 0
0.5 0 51 54
0.5 60 51 0
0.5 0 52 54
0.5 60 52 0
0.5 0 53 54
0.5 60 53 0
0.5 0 54 55
0.5 60 54 0
0.5 0 55 56
0.5 60 55 0
0.5 0 56 57
0.5 60 56 0
0.5 0 57 57
0.5 60 57 0
0.5 0 58 53
0.5 60 58 0
0.5 0 57 53
0.5 60 57 0
0.5 0 56 52
0.5 60 56 0
0.5 0 55 51
0.5 60 55 0
0.5 0 54 51
0.5 60 54 0
0.5 0 53 50
0.5 60 53 0
0.5 0 52 49
0.5 60 52 0
0.5 0 51 49
0.5 60 51 0
0.5 0 50 46
0.5 60 50 0
0.5 0 49 47
0.5 60 49 0
0.5 0 48 48
0.5 60 48 0
0.5 0 47 50
0.5 60 47 0
0.5 0 46 51
0.5 60 46 0
0.5 0 45 53
0.5 60 45 0
0.5 0 44 54
0.5 60 44 0
0.5 0 43 55
0.5 60 43 0
0.5 0 42 59
0.5 60 42 0
0.5 0 41 60
0.5 60 41 0
0.5 0 40 62
0.5 60 40 0
0.5 0 39 63
0.5 60 39 0
0.5 0 38 64
0.5 60 38 0
0.5 0 37 66
0.5 60 37 0
0.5 0 36 67
0.5 60 36 0
0.5 0 35 69
0.5 60 35 0
0.5 0 31 79
0.5 0 34 79
0.5 120 34 0
0.5 0 31 0
0 49 64 0
0.5 311 67 76
0.5 0 62 63
0.5 0 58 63
0.5 0 55 54
0 42 64 127
0.5 78 55 0
0.5 0 67 0
0.5 0 62 0
0.5 0 58 0
0 614 64 0
0.5 2146 62 50
0.5 1440 62 0
0.5 0 67 56
0.5 480 67 0
0.5 0 66 54
0.5 480 66 0
0.5 0 63 54
0.5 480 63 0
0.5 0 62 50
0.5 1440 62 0
0.5 0 62 56
0.5 480 62 0
0.5 0 60 54
0.5 480 60 0
0.5 0 58 54
0.5 480 58 0
0.5 0 57 50
0.5 1440 57 0
0.5 0 60 72
0.5 480 60 0
0.5 0 57 67
0.5 480 57 0
0.5 0 55 61
0.5 480 55 0
0.5 0 58 60
0.5 960 58 0
0.5 0 57 48
0.5 480 57 0
0.5 0 57 56
0.5 480 57 0
0.5 0 55 54
0.5 480 55 0
0.5 0 54 54
0.5 480 54 0
0.5 0 62 50
0.5 1440 62 0
0.5 0 62 68
0.5 480 62 0
0.5 0 63 72
0.5 480 63 0
0.5 0 60 66
0.5 0 63 66
0.5 480 63 0
0.5 0 60 0
0.5 0 60 61
0.5 0 63 61
0.5 1440 63 0
0.5 0 60 0
0.5 0 60 56
0.5 0 63 56
0.5 480 63 0
0.5 0 60 0
0.5 0 62 54
0.5 480 62 0
0.5 0 62 54
0.5 480 62 0
0.5 0 60 50
0.5 1440 60 0
0.5 0 61 72
0.5 480 61 0
0.5 0 60 67
0.5 480 60 0
0.5 0 58 61
0.5 480 58 0
0.5 0 60 61
0.5 480 60 0
0.5 0 65 64
0.5 480 65 0
0.5 0 65 63
0.5 480 65 0
0.5 0 60 66
0.5 480 60 0
0.5 0 62 67
0.5 480 62 0
0.5 0 65 67
0.5 480 65 0
0.5 0 65 69
0.5 480 65 0
0.5 0 66 74
0.5 480 66 0
0.5 0 67 72
0.5 480 67 0
0.5 0 67 75
0.5 480 67 0
0.5 1920 65 70
0.5 960 65 0
0.5 0 65 63
0.5 960 65 0
0.5 0 46 50
0.5 0 58 50
0.5 1400 58 0
0.5 0 46 0
0.5 0 46 45
0.5 20 53 43
0.5 20 62 51
0.5 440 62 0
0.5 0 53 0
0.5 0 46 0
0.5 0 46 47
0.5 40 63 56
0.5 440 63 0
0.5 0 46 0
0.5 0 46 50
0.5 40 63 61
0.5 440 63 0
0.5 0 46 0
0.5 0 45 54
0.5 40 63 63
0.5 920 63 0
0.5 0 45 0
0.5 0 46 51
0.5 40 62 61
0.5 440 62 0
0.5 0 46 0
0.5 0 46 44
0.5 20 53 44
0.5 20 62 48
0.5 440 62 0
0.5 0 53 0
0.5 0 46 0
0.5 0 46 46
0.5 40 63 55
0.5 440 63 0
0.5 0 46 0
0.5 0 46 54
0.5 40 63 62
0.5 440 63 0
0.5 0 46 0
0.5 0 45 54
0.5 40 63 63
0.5 920 63 0
0.5 0 45 0
0.5 0 46 51
0.5 40 62 61
0.5 480 62 0
0.5 0 46 0
0.5 0 56 52
0.5 0 58 61
0.5 480 58 0
0.5 0 56 0
0.5 0 58 61
0.5 480 58 0
0.5 0 58 50
0.5 0 60 63
0.5 480 60 0
0.5 0 58 0
0.5 0 60 63
0.5 478 60 0
0.5 482 62 66
0.5 480 62 0
0.5 480 65 69
0.5 478 65 0
0.5 482 70 72
0.5 478 70 0
0.5 482 70 61
0.5 0 72 76
0.5 480 72 0
0.5 0 70 0
0.5 480 79 78
0.5 480 79 0
0.5 480 77 76
0.5 480 77 0
0.5 480 70 70
0.5 480 70 0
0.5 960 57 61
0.5 480 57 0
0.5 0 58 60
0.5 480 58 0
0.5 0 57 58
0.5 480 57 0
0.5 0 56 57
0.5 480 56 0
0.5 0 55 55
0.5 480 55 0
0.5 0 54 54
0.5 480 54 0
0.5 0 53 53
0.5 480 53 0
0.5 0 53 53
0.5 960 53 0
0.5 0 53 50
0.5 960 53 0
0.5 0 54 50
0.5 960 54 0
0.5 0 31 50
0.5 0 35 50
0.5 0 38 50
0.5 0 43 60
0.5 960 43 0
0.5 0 31 0
0.5 0 35 0
0.5 0 38 0
0.5 3360 27 55
0.5 0 39 66
0.5 480 39 0
0.5 0 27 0
0.5 0 29 56
0.5 0 41 67
0.5 480 41 0
0.5 0 29 0
0.5 0 30 57
0.5 0 42 69
0.5 240 42 0
0.5 0 30 0
0.5 120 31 58
0.5 30 31 0
0.5 0 35 62
0.5 30 35 0
0.5 0 38 66
0.5 30 38 0
0.5 0 43 70
0.5 30 43 0
0.5 0 71 80
0.5 0 74 80
0.5 1440 74 0
0.5 0 71 0
0.5 0 53 74
0.5 120 53 0
0.5 360 51 75
0.5 120 51 0
0.5 360 44 76
0.5 120 44 0
0.5 360 43 77
0.5 120 43 0
0.5 360 41 77
0.5 120 41 0
0.5 360 39 79
0.5 120 39 0
0.5 360 38 80
0.5 120 38 0
0.5 360 36 81
0.5 480 36 0
0.5 0 34 81
0.5 160 34 0
0.5 320 33 79
0.5 0 40 79
0.5 0 45 79
0.5 240 45 0
0.5 0 40 0
0.5 0 33 0
0.5 4080 29 55
0.5 0 41 66
0.5 480 41 0
0.5 0 29 0
0.5 0 31 56
0.5 0 43 67
0.5 480 43 0
0.5 0 31 0
0.5 0 32 57
0.5 0 44 69
0.5 240 44 0
0.5 0 32 0
0.5 120 33 58
0.5 30 33 0
0.5 0 37 62
0.5 30 37 0
0.5 0 40 66
0.5 30 40 0
0.5 0 45 70
0.5 30 45 0
0.5 0 73 80
0.5 0 76 80
0.5 1440 76 0
0.5 0 73 0
0.5 0 55 74
0.5 120 55 0
0.5 360 53 75
0.5 120 53 0
0.5 360 46 76
0.5 120 46 0
0.5 360 45 77
0.5 120 45 0
0.5 360 43 78
0.5 120 43 0
0.5 360 41 80
0.5 120 41 0
0.5 360 40 81
0.5 120 40 0
0.5 360 38 82
0.5 159 38 0
0.5 321 37 84
0.5 160 37 0
0.5 260 36 79
0.5 30 36 0
0.5 0 48 79
0.5 30 48 0
0.5 0 60 92
0.5 900 35 79
0.5 30 35 0
0.5 0 47 79
0.5 30 47 0
0.5 0 60 0
0.5 0 59 92
0.5 480 59 0
0.5 0 60 75
0.5 0 72 75
0.5 480 72 0
0.5 0 60 0
0.5 0 59 79
0.5 0 71 79
0.5 480 71 0
0.5 0 59 0
0.5 0 57 82
0.5 0 69 82
0.5 480 69 0
0.5 0 57 0
0.5 0 64 82
0.5 480 64 0
0.5 0 63 84
0.5 480 63 0
0.5 0 62 83
0.5 480 62 0
0.5 0 61 82
0.5 480 61 0
0.5 0 60 81
0.5 480 60 0
0.5 0 59 81
0.5 420 59 0
0.5 0 37 79
0.5 30 37 0
0.5 0 49 79
0.5 30 49 0
0.5 0 61 92
0.5 900 36 79
0.5 30 36 0
0.5 0 48 79
0.5 30 48 0
0.5 0 61 0
0.5 0 60 92
0.5 480 60 0
0.5 0 61 75
0.5 0 73 75
0.5 480 73 0
0.5 0 61 0
0.5 0 60 79
0.5 0 72 79
0.5 480 72 0
0.5 0 60 0
0.5 0 58 82
0.5 0 70 82
0.5 480 70 0
0.5 0 58 0
0.5 0 65 82
0.5 480 65 0
0.5 0 64 84
0.5 480 64 0
0.5 0 63 83
0.5 480 63 0
0.5 0 62 82
0.5 480 62 0
0.5 0 61 81
0.5 480 61 0
0.5 0 60 81
0.5 420 39 79
0.5 30 39 0
0.5 0 51 79
0.5 30 51 0
0.5 0 60 0
0.5 0 63 92
0.5 900 38 79
0.5 30 38 0
0.5 0 50 79
0.5 30 50 0
0.5 0 63 0
0.5 0 62 92
0.5 480 62 0
0.5 0 63 75
0.5 0 75 75
0.5 480 75 0
0.5 0 63 0
0.5 0 62 79
0.5 0 74 79
0.5 480 74 0
0.5 0 62 0
0.5 0 60 82
0.5 0 72 82
0.5 480 72 0
0.5 0 60 0
0.5 0 59 75
0.5 0 67 82
0.5 480 67 0
0.5 0 59 0
0.5 0 65 84
0.5 480 65 0
0.5 0 63 83
0.5 480 63 0
0.5 0 60 82
0.5 480 60 0
0.5 0 63 81
0.5 480 63 0
0.5 0 60 81
0.5 480 60 0
0.5 0 57 75
0.5 0 65 82
0.5 480 65 0
0.5 0 57 0
0.5 0 63 84
0.5 480 63 0
0.5 0 62 83
0.5 480 62 0
0.5 0 58 82
0.5 480 58 0
0.5 0 62 81
0.5 480 62 0
0.5 0 58 81
0.5 480 58 0
0.5 0 55 75
0.5 0 63 82
0.5 480 63 0
0.5 0 55 0
0.5 0 62 84
0.5 480 62 0
0.5 0 60 83
0.5 480 60 0
0.5 0 57 82
0.5 480 57 0
0.5 0 60 81
0.5 480 60 0
0.5 0 57 81
0.5 480 57 0
0.5 0 54 75
0.5 0 62 82
0.5 480 62 0
0.5 0 54 0
0.5 0 60 84
0.5 480 60 0
0.5 0 58 83
0.5 480 58 0
0.5 0 62 82
0.5 480 62 0
0.5 0 62 81
0.5 480 62 0
0.5 0 61 81
0.5 480 61 0
0.5 0 38 79
0.5 0 45 79
0.5 0 50 79
0.5 480 50 0
0.5 0 45 0
0.5 0 38 0
0.5 0 50 71
0.5 0 62 71
0.5 420 62 0
0.5 0 50 0
0.5 0 55 61
0.5 30 62 68
0.5 30 70 72
0.5 420 70 0
0.5 0 62 0
0.5 0 55 0
0.5 0 58 62
0.5 30 67 67
0.5 30 74 73
0.5 158 74 0
0.5 262 67 0
0.5 0 58 0
0.5 0 57 48
0.5 20 62 54
0.5 20 66 61
0.5 20 72 66
0.5 158 72 0
0.5 262 57 0
0.5 0 62 0
0.5 0 66 0
0.5 0 55 55
0.5 30 62 62
0.5 30 70 68
0.5 158 70 0
0.5 262 62 0
0.5 0 55 0
0.5 0 54 56
0.5 30 62 60
0.5 30 69 66
0.5 158 69 0
0.5 262 62 0
0.5 0 54 0
0.5 0 51 54
0.5 30 62 59
0.5 30 67 65
0.5 158 67 0
0.5 262 62 0
0.5 0 51 0
0.5 0 50 54
0.5 30 57 57
0.5 30 66 63
0.5 158 66 0
0.5 262 57 0
0.5 0 50 0
0.5 0 48 42
0.5 20 54 46
0.5 20 57 51
0.5 20 63 62
0.5 158 63 0
0.5 262 48 0
0.5 0 54 0
0.5 0 57 0
0.5 0 46 48
0.5 30 55 53
0.5 30 62 58
0.5 158 62 0
0.5 262 55 0
0.5 0 46 0
0.5 0 43 50
0.5 30 50 52
0.5 30 58 59
0.5 158 58 0
0.5 262 50 0
0.5 0 43 0
0.5 0 42 47
0.5 30 50 50
0.5 30 57 55
0.5 158 57 0
0.5 262 50 0
0.5 0 42 0
0.5 0 39 44
0.5 30 50 48
0.5 30 55 54
0.5 158 55 0
0.5 262 50 0
0.5 0 39 0
0.5 0 38 43
0.5 30 45 45
0.5 30 54 50
0.5 158 54 0
0.5 262 45 0
0.5 0 38 0
0.5 0 36 32
0.5 20 42 36
0.5 20 45 39
0.5 20 51 47
0.5 158 51 0
0.5 262 36 0
0.5 0 42 0
0.5 0 45 0
0.5 0 34 31
0.5 30 43 34
0.5 30 50 44
0.5 158 50 0
0.5 262 43 0
0.5 0 34 0
0.5 0 33 28
0.5 20 38 31
0.5 20 42 36
0.5 20 48 43
0.5 420 48 0
0.5 0 33 0
0.5 0 38 0
0.5 0 42 0
0.5 0 31 34
0.5 30 38 37
0.5 30 46 44
0.5 480 46 0
0.5 0 38 0
0.5 0 31 0
0.5 930 55 40
0.5 30 67 54
0.5 450 55 41
0.5 30 67 0
0.5 0 55 0
0.5 0 66 58
0.5 450 55 43
0.5 30 66 0
0.5 0 55 0
0.5 0 63 59
0.5 480 63 0
0.5 0 55 0
0.5 0 62 53
0.5 0 55 45
0.5 480 55 0
0.5 960 62 0
0.5 0 65 54
0.5 480 65 0
0.5 0 63 57
0.5 480 63 0
0.5 0 62 57
0.5 480 62 0
0.5 0 60 53
0.5 1440 60 0
0.5 0 48 49
0.5 0 63 59
0.5 478 63 0
0.5 2 48 0
0.5 0 48 48
0.5 0 60 57
0.5 480 60 0
0.5 0 48 0
0.5 0 49 48
0.5 0 58 57
0.5 480 58 0
0.5 0 49 0
0.5 0 50 48
0.5 0 58 48
0.5 0 62 57
0.5 960 58 0
0.5 0 50 0
0.5 0 50 48
0.5 0 57 48
0.5 480 57 0
0.5 0 50 0
0.5 0 62 0
0.5 0 60 45
0.5 0 63 54
0.5 480 63 0
0.5 0 60 0
0.5 0 58 48
0.5 0 62 57
0.5 480 62 0
0.5 0 58 0
0.5 0 57 40
0.5 0 60 40
0.5 0 62 57
0.5 480 62 0
0.5 0 60 0
0.5 0 57 0
0.5 0 56 48
0.5 0 59 48
0.5 0 62 57
0.5 960 62 0
0.5 0 59 0
0.5 0 56 0
0.5 0 55 48
0.5 480 55 0
0.5 0 67 58
0.5 480 67 0
0.5 0 65 54
0.5 480 65 0
0.5 0 55 48
0.5 0 60 54
0.5 480 60 0
0.5 0 55 0
0.5 0 54 48
0.5 0 60 57
0.5 960 54 0
0.5 0 53 48
0.5 480 53 0
0.5 0 60 0
0.5 0 54 48
0.5 0 60 54
0.5 480 60 0
0.5 0 54 0
0.5 0 55 45
0.5 0 58 51
0.5 480 58 0
0.5 0 55 0
0.5 0 53 45
0.5 0 56 51
0.5 480 56 0
0.5 0 53 0
0.5 0 52 45
0.5 0 55 51
0.5 480 55 0
0.5 0 52 0
0.5 0 51 40
0.5 0 55 45
0.5 480 55 0
0.5 0 51 0
0.5 0 50 43
0.5 0 58 48
0.5 478 58 0
0.5 2 55 46
0.5 480 55 0
0.5 0 50 0
0.5 0 50 39
0.5 0 57 45
0.5 478 57 0
0.5 2 54 42
0.5 480 54 0
0.5 0 50 0
0.5 0 31 36
0.5 0 43 44
0.5 480 43 0
0.5 0 31 0
0.5 0 50 34
0.5 0 55 34
0.5 0 58 40
0.5 478 58 0
0.5 2 55 0
0.5 0 50 0
0.5 0 31 40
0.5 0 43 47
0.5 480 43 0
0.5 0 31 0
0.5 0 50 38
0.5 0 55 38
0.5 0 58 45
0.5 480 58 0
0.5 0 55 0
0.5 0 50 0
0.5 0 31 44
0.5 0 43 53
0.5 480 43 0
0.5 0 31 0
0.5 0 55 42
0.5 0 53 42
0.5 0 59 42
0.5 0 62 50
0.5 480 62 0
0.5 0 55 0
0.5 0 53 0
0.5 0 59 0
0.5 0 31 50
0.5 0 43 60
0.5 480 43 0
0.5 0 31 0
0.5 0 51 45
0.5 0 55 45
0.5 0 60 53
0.5 480 60 0
0.5 0 55 0
0.5 0 51 0
0.5 0 38 55
0.5 480 38 0
0.5 0 50 39
0.5 0 55 46
0.5 480 55 0
0.5 0 50 0
0.5 0 50 36
0.5 0 57 47
0.5 478 57 0
0.5 2 50 0
0.5 0 50 34
0.5 0 54 41
0.5 480 54 0
0.5 0 50 0
0.5 0 31 36
0.5 0 43 44
0.5 480 43 0
0.5 0 31 0
0.5 0 50 34
0.5 0 55 34
0.5 0 58 40
0.5 478 58 0
0.5 2 55 0
0.5 0 50 0
0.5 0 31 40
0.5 0 43 47
0.5 480 43 0
0.5 0 31 0
0.5 0 50 38
0.5 0 55 38
0.5 0 58 45
0.5 480 58 0
0.5 0 55 0
0.5 0 50 0
0.5 0 31 44
0.5 0 43 53
0.5 480 43 0
0.5 0 31 0
0.5 0 55 42
0.5 0 53 42
0.5 0 59 42
0.5 0 62 50
0.5 480 62 0
0.5 0 55 0
0.5 0 53 0
0.5 0 59 0
0.5 0 31 50
0.5 0 43 60
0.5 480 43 0
0.5 0 31 0
0.5 0 51 45
0.5 0 55 45
0.5 0 60 53
0.5 480 60 0
0.5 0 55 0
0.5 0 51 0
0.5 0 38 55
0.5 480 38 0
0.5 0 50 39
0.5 0 55 46
0.5 480 55 0
0.5 0 50 0
0.5 0 50 36
0.5 0 57 47
0.5 478 57 0
0.5 2 50 0
0.5 0 50 34
0.5 0 54 41
0.5 480 54 0
0.5 0 50 0
0.5 0 62 51
0.5 0 67 51
0.5 480 67 0
0.5 0 62 0
0.5 0 62 56
0.5 0 65 56
0.5 480 65 0
0.5 0 62 0
0.5 0 64 62
0.5 480 64 0
0.5 0 63 58
0.5 480 63 0
0.5 0 66 58
0.5 960 66 0
0.5 0 62 51
0.5 0 67 51
0.5 480 67 0
0.5 0 62 0
0.5 0 62 56
0.5 0 65 56
0.5 480 65 0
0.5 0 62 0
0.5 0 64 62
0.5 480 64 0
0.5 0 63 58
0.5 480 63 0
0.5 960 55 51
0.5 480 55 0
0.5 0 53 56
0.5 480 53 0
0.5 0 55 62
0.5 960 55 0
0.5 0 55 63
0.5 920 43 44
0.5 20 50 45
0.5 20 55 0
0.5 0 55 49
0.5 240 55 0
0.5 0 50 0
0.5 0 43 0
0.5 240 43 42
0.5 0 47 42
0.5 0 55 50
0.5 480 55 0
0.5 0 47 0
0.5 0 43 0
0.5 0 42 43
0.5 0 47 43
0.5 0 54 51
0.5 480 54 0
0.5 0 47 0
0.5 0 42 0
0.5 0 40 44
0.5 0 47 44
0.5 0 52 52
0.5 480 52 0
0.5 0 47 0
0.5 0 40 0
0.5 0 38 45
0.5 0 47 45
0.5 0 50 53
0.5 480 50 0
0.5 0 47 0
0.5 0 38 0
0.5 0 35 45
0.5 0 47 54
0.5 480 47 0
0.5 0 35 0
0.5 0 31 45
0.5 0 35 45
0.5 0 43 53
0.5 480 43 0
0.5 0 35 0
0.5 0 31 0
0.5 0 31 45
0.5 0 35 45
0.5 0 42 54
0.5 480 42 0
0.5 0 35 0
0.5 0 31 0
0.5 0 31 47
0.5 0 35 47
0.5 0 40 56
0.5 480 40 0
0.5 0 35 0
0.5 0 31 0
0.5 0 31 49
0.5 0 35 49
0.5 0 39 58
0.5 480 39 0
0.5 0 35 0
0.5 0 31 0
0.5 0 31 51
0.5 0 35 51
0.5 0 38 61
0.5 480 38 0
0.5 0 35 0
0.5 0 31 0
0.5 0 31 53
0.5 0 35 63
0.5 480 35 0
0.5 0 31 0
0.5 0 31 80
0 43 64 127
0.5 437 31 0
0.5 0 35 55
0.5 60 35 0
0.5 0 38 58
0.5 60 38 0
0.5 0 43 61
0.5 60 43 0
0.5 0 47 63
0.5 60 47 0
0.5 0 50 66
0.5 60 50 0
0.5 0 55 68
0.5 60 55 0
0.5 0 59 68
0.5 60 59 0
0.5 0 62 71
0.5 60 62 0
0.5 0 67 77
0 13 64 0
0 158 64 127
0.5 369 67 0
0.5 0 66 60
0.5 60 66 0
0.5 0 64 61
0.5 60 64 0
0.5 0 62 62
0.5 60 62 0
0.5 0 60 62
0.5 60 60 0
0.5 0 59 63
0.5 60 59 0
0.5 0 57 63
0.5 60 57 0
0.5 0 55 63
0.5 60 55 0
0.5 0 54 64
0.5 60 54 0
0.5 0 52 63
0.5 60 52 0
0.5 0 50 63
0.5 60 50 0
0.5 0 48 64
0.5 60 48 0
0.5 0 47 64
0.5 60 47 0
0.5 0 45 65
0.5 60 45 0
0.5 0 43 66
0.5 60 43 0
0.5 0 42 67
0.5 60 42 0
0.5 0 40 68
0.5 60 40 0
0.5 0 38 69
0.5 60 38 0
0.5 0 36 70
0.5 60 36 0
0.5 0 35 70
0.5 60 35 0
0.5 0 33 71
0.5 60 33 0
0.5 0 31 74
0 17 64 0
0 93 64 127
0.5 630 31 0
0.5 0 35 54
0.5 80 35 0
0.5 0 38 55
0.5 80 38 0
0.5 0 43 56
0.5 80 43 0
0.5 0 47 58
0.5 80 47 0
0.5 0 50 59
0.5 80 50 0
0.5 0 55 60
0.5 80 55 0
0.5 0 59 62
0.5 80 59 0
0.5 0 62 63
0.5 80 62 0
0.5 0 67 64
0.5 80 67 0
0.5 0 71 65
0.5 80 71 0
0.5 0 74 67
0.5 80 74 0
0.5 0 79 75
0 14 64 0
0 192 64 127
0.5 334 79 0
0.5 0 78 50
0.5 60 78 0
0.5 0 76 51
0.5 60 76 0
0.5 0 74 51
0.5 60 74 0
0.5 0 72 52
0.5 60 72 0
0.5 0 71 52
0.5 60 71 0
0.5 0 69 53
0.5 60 69 0
0.5 0 67 54
0.5 60 67 0
0.5 0 66 54
0.5 60 66 0
0.5 0 64 54
0.5 60 64 0
0.5 0 62 54
0.5 60 62 0
0.5 0 60 55
0.5 60 60 0
0.5 0 59 56
0.5 60 59 0
0.5 0 57 56
0.5 60 57 0
0.5 0 55 57
0.5 60 55 0
0.5 0 54 57
0.5 60 54 0
0.5 0 52 58
0.5 60 52 0
0.5 0 50 58
0.5 60 50 0
0.5 0 48 59
0.5 60 48 0
0.5 0 47 60
0.5 60 47 0
0.5 0 45 60
0.5 60 45 0
0.5 0 43 61
0.5 60 43 0
0.5 0 42 61
0.5 60 42 0
0.5 0 40 62
0.5 60 40 0
0.5 0 38 63
0.5 60 38 0
0.5 0 36 63
0.5 60 36 0
0.5 0 35 63
0.5 60 35 0
0.5 0 33 63
0.5 60 33 0
0.5 0 38 64
0.5 60 38 0
0.5 0 36 64
0.5 60 36 0
0.5 0 31 73
0.5 0 35 73
0 17 64 0
0 126 64 127
0.5 517 35 0
0.5 0 31 0
0.5 0 38 54
0.5 60 38 0
0.5 0 43 55
0.5 60 43 0
0.5 0 47 56
0.5 60 47 0
0.5 0 50 58
0.5 60 50 0
0.5 0 55 59
0.5 60 55 0
0.5 0 59 60
0.5 60 59 0
0.5 0 62 62
0.5 60 62 0
0.5 0 67 63
0.5 60 67 0
0.5 0 71 64
0.5 60 71 0
0.5 0 74 65
0.5 60 74 0
0.5 0 79 64
0.5 60 79 0
0.5 0 83 66
0.5 60 83 0
0.5 0 86 68
0.5 60 86 0
0.5 0 91 75
0 134 64 0
0 103 64 127
0.5 423 91 0
0.5 0 88 50
0.5 60 88 0
0.5 0 86 50
0.5 60 86 0
0.5 0 84 50
0.5 60 84 0
0.5 0 83 51
0.5 60 83 0
0.5 0 81 51
0.5 60 81 0
0.5 0 79 52
0.5 60 79 0
0.5 0 78 52
0.5 60 78 0
0.5 0 76 53
0.5 60 76 0
0.5 0 74 54
0.5 60 74 0
0.5 0 72 54
0.5 60 72 0
0.5 0 71 54
0.5 60 71 0
0.5 0 69 54
0.5 60 69 0
0.5 0 67 55
0.5 60 67 0
0.5 0 66 56
0.5 60 66 0
0.5 0 64 56
0.5 60 64 0
0.5 0 62 57
0.5 60 62 0
0.5 0 60 57
0.5 60 60 0
0.5 0 59 58
0.5 60 59 0
0.5 0 57 58
0.5 60 57 0
0.5 0 55 59
0.5 60 55 0
0.5 0 54 60
0.5 60 54 0
0.5 0 52 60
0.5 60 52 0
0.5 0 50 61
0.5 60 50 0
0.5 0 48 61
0.5 60 48 0
0.5 0 47 62
0.5 60 47 0
0.5 0 45 61
0.5 60 45 0
0.5 0 43 62
0.5 60 43 0
0.5 0 42 63
0.5 60 42 0
0.5 0 40 63
0.5 60 40 0
0.5 0 38 65
0.5 60 38 0
0.5 0 36 66
0.5 60 36 0
0.5 0 31 73
0.5 0 35 73
0 17 64 0
0 97 64 127
0.5 426 35 0
0.5 0 31 0
0.5 0 36 43
0.5 60 36 0
0.5 0 37 44
0.5 60 37 0
0.5 0 38 44
0.5 60 38 0
0.5 0 39 45
0.5 60 39 0
0.5 0 40 45
0.5 60 40 0
0.5 0 41 46
0.5 60 41 0
0.5 0 42 46
0.5 60 42 0
0.5 0 43 47
0.5 60 43 0
0.5 0 44 48
0.5 60 44 0
0.5 0 45 49
0.5 60 45 0
0.5 0 46 49
0.5 60 46 0
0.5 0 47 50
0.5 60 47 0
0.5 0 48 51
0.5 60 48 0
0.5 0 49 52
0.5 60 49 0
0.5 0 50 52
0.5 60 50 0
0.5 0 51 53
0.5 60 51 0
0.5 0 52 54
0.5 60 52 0
0.5 0 53 54
0.5 60 53 0
0.5 0 54 54
0.5 60 54 0
0.5 0 55 55
0.5 60 55 0
0.5 0 56 56
0.5 60 56 0
0.5 0 57 57
0.5 60 57 0
0.5 0 58 57
0.5 60 58 0
0.5 0 59 53
0.5 60 59 0
0.5 0 58 53
0.5 60 58 0
0.5 0 57 52
0.5 60 57 0
0.5 0 56 51
0.5 60 56 0
0.5 0 55 51
0.5 60 55 0
0.5 0 54 50
0.5 60 54 0
0.5 0 53 49
0.5 60 53 0
0.5 0 52 49
0.5 60 52 0
0.5 0 51 46
0.5 60 51 0
0.5 0 50 47
0.5 60 50 0
0.5 0 49 48
0.5 60 49 0
0.5 0 48 50
0.5 60 48 0
0.5 0 47 51
0.5 60 47 0
0.5 0 46 53
0.5 60 46 0
0.5 0 45 54
0.5 60 45 0
0.5 0 44 55
0.5 60 44 0
0.5 0 43 59
0.5 60 43 0
0.5 0 42 60
0.5 60 42 0
0.5 0 41 62
0.5 60 41 0
0.5 0 40 63
0.5 60 40 0
0.5 0 39 64
0.5 60 39 0
0.5 0 38 66
0.5 60 38 0
0.5 0 37 67
0.5 60 37 0
0.5 0 36 69
0.5 60 36 0
0.5 0 31 79
0.5 0 35 79
0.5 120 35 0
0.5 0 31 0
0 49 64 0
0.5 311 67 81
0.5 0 62 67
0.5 0 59 67
0.5 0 55 56
0 42 64 127
0.5 78 55 0
0.5 0 67 0
0.5 0 62 0
0.5 0 59 0
0 614 64 0
0 0 7 100
0 0 10 64
0.5 17100 43 37
0.5 60 50 42
0.5 60 58 47
0 71 64 127
0.5 49 58 0
0.5 0 55 32
0.5 60 55 0
0.5 0 58 40
0.5 60 58 0
0.5 0 55 31
0.5 60 55 0
0.5 0 58 40
0.5 60 58 0
0.5 0 55 31
0.5 60 55 0
0.5 0 58 40
0.5 60 58 0
0.5 0 55 32
0.5 60 55 0
0.5 0 58 41
0.5 60 58 0
0.5 0 55 33
0.5 60 55 0
0.5 0 58 41
0.5 60 58 0
0.5 0 55 33
0.5 60 55 0
0.5 0 58 42
0.5 60 58 0
0.5 0 55 33
0.5 60 55 0
0.5 0 58 42
0.5 60 58 0
0.5 0 50 0
0.5 0 43 0
0.5 0 55 34
0.5 60 55 0
0.5 0 58 42
0.5 60 58 0
0.5 0 55 34
0.5 60 55 0
0.5 0 58 43
0.5 60 58 0
0.5 0 55 34
0.5 60 55 0
0.5 0 58 43
0.5 60 58 0
0.5 0 55 34
0.5 60 55 0
0.5 0 58 44
0.5 60 58 0
0.5 0 55 35
0.5 60 55 0
0.5 0 63 48
0 13 64 0
0 40 64 127
0.5 7 63 0
0.5 0 55 36
0.5 60 55 0
0.5 0 63 44
0.5 60 63 0
0.5 0 55 33
0.5 60 55 0
0.5 0 63 40
0.5 60 63 0
0.5 0 55 45
0.5 60 55 0
0.5 0 63 34
0.5 60 63 0
0.5 0 55 40
0.5 60 55 0
0.5 0 62 47
0 10 64 0
0 36 64 127
0.5 14 62 0
0.5 0 55 34
0.5 60 55 0
0.5 0 62 43
0.5 60 62 0
0.5 0 55 35
0.5 60 55 0
0.5 0 62 40
0.5 60 62 0
0.5 0 55 35
0.5 60 55 0
0.5 0 62 44
0.5 60 62 0
0.5 0 55 40
0.5 60 55 0
0.5 0 60 47
0 14 64 0
0 39 64 127
0.5 7 60 0
0.5 0 55 33
0.5 60 55 0
0.5 0 60 43
0.5 60 60 0
0.5 0 55 34
0.5 60 55 0
0.5 0 60 42
0.5 60 60 0
0.5 0 55 33
0.5 60 55 0
0.5 0 60 42
0.5 60 60 0
0.5 0 55 34
0.5 60 55 0
0.5 0 58 44
0 18 64 0
0.5 42 58 0
0 0 64 127
0.5 0 55 32
0.5 60 55 0
0.5 0 58 40
0.5 60 58 0
0.5 0 55 31
0.5 60 55 0
0.5 0 58 40
0.5 60 58 0
0.5 0 55 31
0.5 60 55 0
0.5 0 58 40
0.5 60 58 0
0.5 0 55 31
0.5 60 55 0
0.5 0 58 40
0.5 60 58 0
0.5 0 55 31
0.5 60 55 0
0.5 0 58 39
0.5 60 58 0
0.5 0 55 30
0.5 60 55 0
0.5 0 58 37
0.5 60 58 0
0.5 0 55 29
0.5 60 55 0
0.5 0 58 36
0.5 60 58 0
0.5 0 55 29
0.5 60 55 0
0.5 0 58 32
0.5 60 58 0
0.5 0 55 28
0.5 60 55 0
0.5 0 58 36
0.5 60 58 0
0.5 0 55 29
0.5 60 55 0
0.5 0 58 37
0.5 60 58 0
0.5 0 55 30
0.5 60 55 0
0.5 0 58 39
0.5 60 58 0
0.5 0 55 31
0.5 20 55 0
0.5 0 53 35
0.5 20 57 48
0 33 64 0
0 40 64 127
0.5 7 57 0
0.5 0 53 0
0.5 0 53 36
0.5 60 53 0
0.5 0 57 44
0.5 60 57 0
0.5 0 53 33
0.5 60 53 0
0.5 0 57 40
0.5 60 57 0
0.5 0 53 45
0.5 60 53 0
0.5 0 57 34
0.5 60 57 0
0.5 0 53 40
0.5 20 53 0
0.5 0 51 39
0.5 20 55 47
0 30 64 0
0 36 64 127
0.5 14 55 0
0.5 0 51 0
0.5 0 51 34
0.5 60 51 0
0.5 0 55 43
0.5 60 55 0
0.5 0 51 35
0.5 60 51 0
0.5 0 55 40
0.5 60 55 0
0.5 0 51 35
0.5 60 51 0
0.5 0 55 44
0.5 60 55 0
0.5 0 51 40
0.5 20 51 0
0.5 0 50 39
0.5 20 53 47
0 34 64 0
0 39 64 127
0.5 7 53 0
0.5 0 50 0
0.5 0 50 33
0.5 60 50 0
0.5 0 53 43
0.5 60 53 0
0.5 0 50 34
0.5 60 50 0
0.5 0 53 42
0.5 60 53 0
0.5 0 50 33
0.5 60 50 0
0.5 0 53 42
0.5 60 53 0
0.5 0 50 34
0.5 20 50 0
0.5 0 48 32
0.5 20 51 44
0 38 64 0
0 20 64 127
0.5 22 51 0
0.5 0 48 0
0.5 0 48 32
0.5 60 48 0
0.5 0 51 40
0.5 60 51 0
0.5 0 48 32
0.5 60 48 0
0.5 0 51 42
0.5 60 51 0
0.5 0 48 33
0.5 60 48 0
0.5 0 51 43
0.5 60 51 0
0.5 0 48 33
0.5 60 48 0
0.5 0 51 44
0.5 60 51 0
0.5 0 48 35
0.5 60 48 0
0.5 0 51 45
0.5 60 51 0
0.5 0 48 36
0.5 60 48 0
0.5 0 51 45
0.5 60 51 0
0.5 0 48 36
0.5 60 48 0
0.5 0 51 46
0.5 60 51 0
0.5 0 48 37
0.5 60 48 0
0.5 0 51 48
0.5 60 51 0
0.5 0 48 38
0.5 60 48 0
0.5 0 51 48
0.5 60 51 0
0.5 0 48 39
0.5 60 48 0
0.5 0 51 50
0.5 60 51 0
0.5 0 48 40
0.5 60 48 0
0.5 0 51 51
0.5 60 51 0
0.5 0 48 41
0.5 60 48 0
0.5 0 51 57
0 13 64 0
0 40 64 127
0.5 7 51 0
0.5 0 48 39
0.5 60 48 0
0.5 0 51 51
0.5 60 51 0
0.5 0 48 36
0.5 60 48 0
0.5 0 51 44
0.5 60 51 0
0.5 0 48 48
0.5 60 48 0
0.5 0 51 36
0.5 60 51 0
0.5 0 48 43
0.5 20 48 0
0.5 0 49 42
0.5 20 52 52
0 30 64 0
0 36 64 127
0.5 14 52 0
0.5 0 49 0
0.5 0 49 36
0.5 60 49 0
0.5 0 52 45
0.5 60 52 0
0.5 0 49 36
0.5 60 49 0
0.5 0 52 44
0.5 60 52 0
0.5 0 49 38
0.5 60 49 0
0.5 0 52 45
0.5 60 52 0
0.5 0 49 41
0.5 60 49 0
0.5 0 52 52
0 14 64 0
0 39 64 127
0.5 7 52 0
0.5 0 49 34
0.5 60 49 0
0.5 0 52 44
0.5 60 52 0
0.5 0 49 35
0.5 60 49 0
0.5 0 52 42
0.5 60 52 0
0.5 0 49 33
0.5 60 49 0
0.5 0 52 42
0.5 60 52 0
0.5 0 49 34
0.5 20 49 0
0.5 0 50 44
0.5 20 55 44
0 38 64 0
0.5 42 55 0
0.5 0 50 0
0 0 64 127
0.5 0 50 32
0.5 60 50 0
0.5 0 55 40
0.5 60 55 0
0.5 0 50 32
0.5 60 50 0
0.5 0 55 42
0.5 60 55 0
0.5 0 50 33
0.5 60 50 0
0.5 0 55 43
0.5 60 55 0
0.5 0 50 33
0.5 60 50 0
0.5 0 55 44
0.5 60 55 0
0.5 0 50 35
0.5 60 50 0
0.5 0 55 43
0.5 60 55 0
0.5 0 50 34
0.5 60 50 0
0.5 0 55 42
0.5 60 55 0
0.5 0 50 33
0.5 60 50 0
0.5 0 55 41
0.5 60 55 0
0.5 0 50 32
0.5 60 50 0
0.5 0 54 40
0 14 64 0
0 29 64 127
0.5 17 54 0
0.5 0 50 32
0.5 60 50 0
0.5 0 54 40
0.5 60 54 0
0.5 0 50 32
0.5 60 50 0
0.5 0 54 40
0.5 60 54 0
0.5 0 50 32
0.5 60 50 0
0.5 0 54 40
0.5 60 54 0
0.5 0 50 32
0.5 20 50 0
0.5 0 48 35
0.5 20 51 48
0 33 64 0
0 40 64 127
0.5 7 51 0
0.5 0 48 0
0.5 0 48 36
0.5 60 48 0
0.5 0 51 44
0.5 60 51 0
0.5 0 48 33
0.5 60 48 0
0.5 0 51 40
0.5 60 51 0
0.5 0 48 45
0.5 60 48 0
0.5 0 51 34
0.5 60 51 0
0.5 0 48 40
0.5 20 48 0
0.5 0 46 39
0.5 20 50 47
0 30 64 0
0 36 64 127
0.5 14 50 0
0.5 0 46 0
0.5 0 46 34
0.5 60 46 0
0.5 0 50 43
0.5 60 50 0
0.5 0 46 35
0.5 60 46 0
0.5 0 50 40
0.5 60 50 0
0.5 0 46 35
0.5 60 46 0
0.5 0 50 44
0.5 60 50 0
0.5 0 46 40
0.5 20 46 0
0.5 0 45 39
0.5 20 50 47
0 34 64 0
0 39 64 127
0.5 7 50 0
0.5 0 45 0
0.5 0 45 33
0.5 60 45 0
0.5 0 50 43
0.5 60 50 0
0.5 0 45 34
0.5 60 45 0
0.5 0 50 42
0.5 60 50 0
0.5 0 45 33
0.5 60 45 0
0.5 0 50 42
0.5 60 50 0
0.5 0 45 32
0.5 15 45 0
0.5 0 43 40
0.5 15 50 40
0.5 15 58 40
0 15 64 0
0.5 60 58 0
0.5 0 55 32
0 18 64 127
0.5 42 55 0
0.5 0 58 40
0.5 60 58 0
0.5 0 55 31
0.5 60 55 0
0.5 0 58 40
0.5 60 58 0
0.5 0 55 31
0.5 60 55 0
0.5 0 58 40
0.5 60 58 0
0.5 0 55 31
0.5 60 55 0
0.5 0 58 41
0.5 60 58 0
0.5 0 55 33
0.5 60 55 0
0.5 0 58 41
0.5 60 58 0
0.5 0 55 33
0.5 60 55 0
0.5 0 58 42
0.5 60 58 0
0.5 0 55 33
0.5 60 55 0
0.5 0 58 42
0.5 60 58 0
0.5 0 55 34
0.5 60 55 0
0.5 0 50 0
0.5 0 58 42
0.5 15 43 0
0.5 45 58 0
0.5 0 55 34
0.5 60 55 0
0.5 0 58 43
0.5 60 58 0
0.5 0 55 34
0.5 60 55 0
0.5 0 58 43
0.5 60 58 0
0.5 0 55 34
0.5 60 55 0
0.5 0 58 44
0.5 60 58 0
0.5 0 55 35
0.5 60 55 0
0.5 0 59 53
0 13 64 0
0 40 64 127
0.5 7 59 0
0.5 0 55 39
0.5 60 55 0
0.5 0 59 47
0.5 60 59 0
0.5 0 55 36
0.5 60 55 0
0.5 0 59 44
0.5 60 59 0
0.5 0 55 50
0.5 60 55 0
0.5 0 59 37
0.5 60 59 0
0.5 0 55 45
0.5 60 55 0
0.5 0 60 59
0 10 64 0
0 36 64 127
0.5 14 60 0
0.5 0 55 44
0.5 60 55 0
0.5 0 60 53
0.5 60 60 0
0.5 0 55 42
0.5 60 55 0
0.5 0 60 50
0.5 60 60 0
0.5 0 55 44
0.5 60 55 0
0.5 0 60 50
0.5 60 60 0
0.5 0 55 46
0.5 60 55 0
0.5 0 58 61
0 14 64 0
0 39 64 127
0.5 7 58 0
0.5 0 54 44
0.5 60 54 0
0.5 0 58 55
0.5 60 58 0
0.5 0 54 44
0.5 60 54 0
0.5 0 58 52
0.5 60 58 0
0.5 0 54 38
0.5 60 54 0
0.5 0 58 49
0.5 60 58 0
0.5 0 54 40
0.5 60 54 0
0.5 0 57 44
0 18 64 0
0.5 42 57 0
0 0 64 127
0.5 0 53 32
0.5 60 53 0
0.5 0 57 40
0.5 60 57 0
0.5 0 53 31
0.5 60 53 0
0.5 0 57 40
0.5 60 57 0
0.5 0 53 31
0.5 60 53 0
0.5 0 57 40
0.5 60 57 0
0.5 0 53 31
0.5 60 53 0
0.5 0 57 40
0.5 60 57 0
0.5 0 53 32
0.5 60 53 0
0.5 0 57 40
0.5 60 57 0
0.5 0 53 32
0.5 60 53 0
0.5 0 57 40
0.5 60 57 0
0.5 0 53 32
0.5 60 53 0
0.5 0 57 40
0.5 60 57 0
0.5 0 53 32
0.5 60 53 0
0.5 0 57 40
0.5 60 57 0
0.5 0 53 32
0.5 60 53 0
0.5 0 57 40
0.5 60 57 0
0.5 0 53 33
0.5 60 53 0
0.5 0 57 42
0.5 60 57 0
0.5 0 53 34
0.5 60 53 0
0.5 0 57 43
0.5 60 57 0
0.5 0 53 35
0.5 60 53 0
0.5 0 57 48
0 13 64 0
0 40 64 127
0.5 7 57 0
0.5 0 54 36
0.5 60 54 0
0.5 0 57 44
0.5 60 57 0
0.5 0 54 33
0.5 60 54 0
0.5 0 57 40
0.5 60 57 0
0.5 0 54 45
0.5 60 54 0
0.5 0 57 34
0.5 60 57 0
0.5 0 54 40
0.5 60 54 0
0.5 0 58 47
0 10 64 0
0 36 64 127
0.5 14 58 0
0.5 0 55 34
0.5 60 55 0
0.5 0 58 43
0.5 60 58 0
0.5 0 55 35
0.5 60 55 0
0.5 0 58 40
0.5 60 58 0
0.5 0 55 35
0.5 60 55 0
0.5 0 58 44
0.5 60 58 0
0.5 0 55 40
0.5 60 55 0
0.5 0 56 47
0 14 64 0
0 39 64 127
0.5 7 53 33
0.5 20 56 0
0.5 40 53 0
0.5 0 56 43
0.5 60 56 0
0.5 0 53 34
0.5 60 53 0
0.5 0 56 42
0.5 60 56 0
0.5 0 53 33
0.5 60 53 0
0.5 0 56 42
0.5 60 56 0
0.5 0 53 34
0.5 20 53 0
0.5 0 51 32
0.5 20 55 44
0 38 64 0
0.5 42 55 0
0.5 0 51 0
0 0 64 127
0.5 0 51 32
0.5 60 51 0
0.5 0 55 40
0.5 60 55 0
0.5 0 51 32
0.5 60 51 0
0.5 0 55 42
0.5 60 55 0
0.5 0 51 33
0.5 60 51 0
0.5 0 55 43
0.5 60 55 0
0.5 0 51 33
0.5 60 51 0
0.5 0 55 44
0.5 60 55 0
0.5 0 51 35
0.5 60 51 0
0.5 0 55 45
0.5 60 55 0
0.5 0 51 36
0.5 60 51 0
0.5 0 55 45
0.5 60 55 0
0.5 0 51 36
0.5 60 51 0
0.5 0 55 46
0.5 60 55 0
0.5 0 51 37
0.5 60 51 0
0.5 0 55 48
0.5 60 55 0
0.5 0 51 38
0.5 60 51 0
0.5 0 55 48
0.5 60 55 0
0.5 0 51 39
0.5 60 51 0
0.5 0 55 50
0.5 60 55 0
0.5 0 51 40
0.5 60 51 0
0.5 0 55 51
0.5 60 55 0
0.5 0 51 41
0.5 60 51 0
0.5 0 55 57
0 13 64 0
0 40 64 127
0.5 7 55 0
0.5 0 52 39
0.5 60 52 0
0.5 0 55 51
0.5 60 55 0
0.5 0 52 36
0.5 60 52 0
0.5 0 55 44
0.5 60 55 0
0.5 0 52 48
0.5 60 52 0
0.5 0 55 36
0.5 60 55 0
0.5 0 52 43
0.5 60 52 0
0.5 0 55 52
0 10 64 0
0 36 64 127
0.5 14 52 36
0.5 20 55 0
0.5 40 52 0
0.5 0 55 45
0.5 60 55 0
0.5 0 52 36
0.5 60 52 0
0.5 0 55 44
0.5 60 55 0
0.5 0 52 38
0.5 60 52 0
0.5 0 55 45
0.5 60 55 0
0.5 0 52 41
0.5 60 52 0
0.5 0 55 52
0 14 64 0
0 39 64 127
0.5 7 55 0
0.5 0 52 34
0.5 60 52 0
0.5 0 55 44
0.5 60 55 0
0.5 0 52 35
0.5 60 52 0
0.5 0 55 42
0.5 60 55 0
0.5 0 52 33
0.5 60 52 0
0.5 0 55 42
0.5 60 55 0
0.5 0 52 33
0.5 60 52 0
0.5 0 57 46
0 9 64 0
0 25 64 127
0.5 26 57 0
0.5 0 53 37
0.5 60 53 0
0.5 0 57 46
0.5 60 57 0
0.5 0 53 36
0.5 60 53 0
0.5 0 57 45
0.5 60 57 0
0.5 0 53 34
0.5 60 53 0
0.5 0 57 45
0.5 60 57 0
0.5 0 53 36
0.5 20 53 0
0.5 0 51 36
0.5 20 57 45
0.5 80 57 0
0.5 0 51 0
0.5 0 51 38
0.5 60 51 0
0.5 0 57 47
0.5 60 57 0
0.5 0 51 44
0.5 60 51 0
0.5 0 57 48
0.5 60 57 0
0.5 0 51 38
0.5 60 51 0
0.5 0 57 45
0.5 60 57 0
0.5 0 51 37
0.5 20 51 0
0.5 0 50 40
0.5 20 58 46
0 31 64 0
0.5 49 58 0
0.5 0 50 0
0.5 0 50 38
0 11 64 127
0.5 49 50 0
0.5 0 58 46
0.5 60 58 0
0.5 0 50 38
0.5 60 50 0
0.5 0 58 47
0.5 60 58 0
0.5 0 50 39
0.5 60 50 0
0.5 0 58 47
0.5 60 58 0
0.5 0 50 39
0.5 20 50 0
0.5 0 54 42
0.5 20 57 47
0 31 64 0
0.5 49 57 0
0.5 0 54 0
0 0 64 127
0.5 0 54 39
0.5 60 54 0
0.5 0 57 48
0.5 60 57 0
0.5 0 54 39
0.5 60 54 0
0.5 0 57 48
0.5 60 57 0
0.5 0 54 40
0.5 60 54 0
0.5 0 57 49
0.5 60 57 0
0.5 0 54 40
0.5 20 54 0
0.5 0 53 43
0.5 20 58 49
0 32 64 0
0.5 48 58 0
0.5 0 53 0
0.5 0 53 40
0 9 64 127
0.5 51 53 0
0.5 0 58 50
0.5 60 58 0
0.5 0 53 40
0.5 60 53 0
0.5 0 58 50
0.5 60 58 0
0.5 0 53 41
0.5 60 53 0
0.5 0 58 51
0.5 60 58 0
0.5 0 53 42
0.5 20 53 0
0.5 0 51 44
0.5 20 57 51
0.5 80 57 0
0.5 0 51 0
0.5 0 51 44
0.5 60 51 0
0.5 0 57 52
0.5 60 57 0
0.5 0 51 43
0.5 60 51 0
0.5 0 57 52
0.5 60 57 0
0.5 0 51 43
0.5 60 51 0
0.5 0 57 53
0.5 60 57 0
0.5 0 51 43
0.5 20 51 0
0.5 0 50 46
0.5 20 58 53
0 39 64 0
0 17 64 127
0.5 24 58 0
0.5 0 50 0
0.5 0 50 44
0.5 60 50 0
0.5 0 58 52
0.5 60 58 0
0.5 0 50 43
0.5 60 50 0
0.5 0 58 52
0.5 60 58 0
0.5 0 50 44
0.5 60 50 0
0.5 0 58 52
0.5 60 58 0
0.5 0 50 44
0.5 60 50 0
0.5 0 58 52
0 10 64 0
0 24 64 127
0.5 26 58 0
0.5 0 50 44
0.5 60 50 0
0.5 0 58 52
0.5 60 58 0
0.5 0 50 44
0.5 60 50 0
0.5 0 58 52
0.5 60 58 0
0.5 0 50 45
0.5 60 50 0
0.5 0 58 52
0.5 60 58 0
0.5 0 50 45
0.5 20 50 0
0.5 0 51 48
0.5 20 58 53
0 30 64 0
0 18 64 127
0.5 32 58 0
0.5 0 51 0
0.5 0 51 45
0.5 60 51 0
0.5 0 58 53
0.5 60 58 0
0.5 0 51 45
0.5 60 51 0
0.5 0 58 52
0.5 60 58 0
0.5 0 51 45
0.5 60 51 0
0.5 0 58 54
0.5 60 58 0
0.5 0 51 46
0.5 60 51 0
0.5 0 61 54
0.5 0 58 54
0 6 64 0
0 26 64 127
0.5 28 58 0
0.5 0 61 0
0.5 0 52 47
0.5 60 52 0
0.5 0 61 55
0.5 0 58 55
0.5 60 58 0
0.5 0 61 0
0.5 0 52 47
0.5 60 52 0
0.5 0 61 56
0.5 0 58 56
0.5 60 58 0
0.5 0 61 0
0.5 0 52 47
0.5 60 52 0
0.5 0 61 57
0.5 0 58 57
0.5 60 58 0
0.5 0 61 0
0.5 0 52 48
0.5 60 52 0
0 13 64 0
0 20 64 127
0 459 64 0
0 32 64 127
0 444 64 0
0 66 64 127
0.5 886 58 56
0 17 64 0
0 40 64 127
0.5 3 58 0
0.5 0 50 46
0.5 60 50 0
0.5 0 58 55
0.5 60 58 0
0.5 0 50 45
0.5 60 50 0
0.5 0 58 55
0.5 60 58 0
0.5 0 50 45
0.5 60 50 0
0.5 0 58 54
0.5 60 58 0
0.5 0 50 45
0.5 60 50 0
0.5 0 59 54
0 12 64 0
0 34 64 127
0.5 14 59 0
0.5 0 50 44
0.5 60 50 0
0.5 0 59 54
0.5 60 59 0
0.5 0 50 44
0.5 60 50 0
0.5 0 59 53
0.5 60 59 0
0.5 0 50 44
0.5 60 50 0
0.5 0 59 52
0.5 60 59 0
0.5 0 50 43
0.5 60 50 0
0.5 0 60 52
0 15 64 0
0 36 64 127
0.5 9 60 0
0.5 0 51 43
0.5 60 51 0
0.5 0 60 51
0.5 60 60 0
0.5 0 51 42
0.5 60 51 0
0.5 0 60 50
0.5 60 60 0
0.5 0 51 41
0.5 60 51 0
0.5 0 60 50
0.5 60 60 0
0.5 0 51 41
0.5 60 51 0
0.5 0 57 50
0.5 60 57 0
0.5 0 48 40
0.5 60 48 0
0.5 0 57 49
0.5 60 57 0
0.5 0 48 40
0.5 60 48 0
0.5 0 57 48
0.5 60 57 0
0.5 0 48 39
0.5 60 48 0
0.5 0 57 47
0.5 60 57 0
0.5 0 48 39
0.5 60 48 0
0.5 0 50 40
0 10 64 0
0.5 50 50 0
0 0 64 127
0.5 0 53 32
0.5 60 53 0
0.5 0 50 40
0.5 60 50 0
0.5 0 53 32
0.5 60 53 0
0.5 0 50 42
0.5 60 50 0
0.5 0 53 34
0.5 60 53 0
0.5 0 50 44
0.5 60 50 0
0.5 0 53 34
0.5 60 53 0
0.5 0 50 44
0.5 60 50 0
0.5 0 53 32
0.5 60 53 0
0.5 0 50 43
0.5 60 50 0
0.5 0 53 35
0.5 60 53 0
0.5 0 50 45
0.5 60 50 0
0.5 0 53 35
0.5 60 53 0
0.5 0 50 46
0.5 60 50 0
0.5 0 53 35
0.5 60 53 0
0.5 0 50 47
0.5 60 50 0
0.5 0 53 36
0.5 60 53 0
0.5 0 50 45
0.5 60 50 0
0.5 0 53 34
0.5 60 53 0
0.5 0 50 45
0.5 60 50 0
0.5 0 53 34
0.5 60 53 0
0.5 0 50 45
0.5 60 50 0
0.5 0 53 34
0.5 60 53 0
0.5 0 56 45
0 13 64 0
0 40 64 127
0.5 7 56 0
0.5 0 53 36
0.5 60 53 0
0.5 0 56 44
0.5 60 56 0
0.5 0 53 32
0.5 60 53 0
0.5 0 56 44
0.5 60 56 0
0.5 0 53 36
0.5 60 53 0
0.5 0 56 44
0.5 60 56 0
0.5 0 53 35
0.5 60 53 0
0.5 0 55 46
0 10 64 0
0 36 64 127
0.5 14 55 0
0.5 0 51 38
0.5 60 51 0
0.5 0 55 48
0.5 60 55 0
0.5 0 51 36
0.5 60 51 0
0.5 0 55 48
0.5 60 55 0
0.5 0 51 40
0.5 60 51 0
0.5 0 55 49
0.5 60 55 0
0.5 0 51 41
0.5 60 51 0
0.5 0 54 49
0 14 64 0
0 39 64 127
0.5 7 54 0
0.5 0 49 34
0.5 60 49 0
0.5 0 54 50
0.5 60 54 0
0.5 0 49 35
0.5 60 49 0
0.5 0 54 49
0.5 60 54 0
0.5 0 49 38
0.5 60 49 0
0.5 0 54 48
0.5 60 54 0
0.5 0 49 34
0.5 60 49 0
0.5 0 54 51
0 18 64 0
0 42 64 127
0.5 0 48 32
0.5 60 48 0
0.5 0 54 0
0.5 0 54 40
0.5 60 48 32
0.5 60 48 0
0.5 0 54 0
0.5 0 54 42
0.5 60 48 33
0.5 60 48 0
0.5 0 54 0
0.5 0 54 43
0.5 60 48 34
0.5 60 48 0
0.5 0 54 0
0.5 0 53 46
0 6 64 0
0 25 64 127
0.5 29 48 37
0.5 60 48 0
0.5 0 53 0
0.5 0 53 42
0.5 60 48 32
0.5 60 48 0
0.5 0 53 0
0.5 0 53 40
0.5 60 48 32
0.5 60 48 0
0.5 0 53 0
0.5 0 53 40
0.5 60 48 32
0.5 60 48 0
0.5 0 53 0
0.5 0 53 40
0 14 64 0
0 29 64 127
0.5 17 53 0
0.5 0 50 32
0.5 60 50 0
0.5 0 53 40
0.5 60 53 0
0.5 0 50 32
0.5 60 50 0
0.5 0 53 40
0.5 60 53 0
0.5 0 50 32
0.5 60 50 0
0.5 0 53 40
0.5 60 53 0
0.5 60 56 41
0 13 64 0
0 40 64 127
0.5 7 56 0
0.5 0 53 31
0.5 60 53 0
0.5 0 56 40
0.5 60 56 0
0.5 0 53 33
0.5 60 53 0
0.5 0 56 40
0.5 60 56 0
0.5 0 53 34
0.5 60 53 0
0.5 0 56 41
0.5 60 56 0
0.5 0 53 34
0.5 60 53 0
0.5 0 55 45
0 10 64 0
0 36 64 127
0.5 14 51 38
0.5 20 55 0
0.5 40 51 0
0.5 0 55 45
0.5 60 55 0
0.5 0 51 35
0.5 60 51 0
0.5 0 55 45
0.5 60 55 0
0.5 0 51 35
0.5 60 51 0
0.5 0 55 47
0.5 60 55 0
0.5 0 51 35
0.5 60 51 0
0.5 0 54 47
0 14 64 0
0 39 64 127
0.5 7 49 33
0.5 20 54 0
0.5 40 49 0
0.5 0 54 43
0.5 60 54 0
0.5 0 49 34
0.5 60 49 0
0.5 0 54 42
0.5 60 54 0
0.5 0 49 33
0.5 60 49 0
0.5 0 54 42
0.5 60 54 0
0.5 0 49 33
0.5 60 49 0
0.5 0 54 51
0 18 64 0
0 42 64 127
0.5 0 48 32
0.5 60 48 0
0.5 0 54 0
0.5 0 54 40
0.5 60 48 31
0.5 60 48 0
0.5 0 54 0
0.5 0 54 44
0.5 60 48 34
0.5 60 48 0
0.5 0 54 0
0.5 0 54 43
0.5 60 48 36
0.5 60 48 0
0.5 0 54 0
0.5 0 53 46
0 6 64 0
0 25 64 127
0.5 29 48 36
0.5 60 48 0
0.5 0 53 0
0.5 0 53 41
0.5 60 48 32
0.5 60 48 0
0.5 0 53 0
0.5 0 53 40
0.5 60 48 32
0.5 60 48 0
0.5 0 53 0
0.5 0 53 40
0.5 60 48 32
0.5 60 48 0
0.5 0 53 0
0.5 0 53 40
0 14 64 0
0 29 64 127
0.5 37 53 0
0.5 0 50 32
0.5 80 50 0
0.5 0 53 40
0.5 80 53 0
0.5 0 50 32
0.5 80 50 0
0.5 0 53 40
0.5 80 53 0
0.5 0 50 32
0.5 80 50 0
0.5 0 53 45
0 10 64 0
0 39 64 127
0.5 31 53 0
0.5 0 50 38
0.5 80 50 0
0.5 0 53 45
0.5 80 53 0
0.5 0 50 38
0.5 80 50 0
0.5 0 53 45
0.5 80 53 0
0.5 0 50 38
0.5 80 50 0
0.5 0 55 45
0 15 64 0
0 45 64 127
0.5 20 55 0
0.5 0 51 38
0.5 80 51 0
0.5 0 55 45
0.5 80 55 0
0.5 0 51 38
0.5 80 51 0
0.5 0 55 45
0.5 80 55 0
0.5 0 51 37
0.5 80 51 0
0.5 0 55 48
0 13 64 0
0 41 64 127
0.5 26 55 0
0.5 0 52 39
0.5 80 52 0
0.5 0 55 48
0.5 80 55 0
0.5 0 52 41
0.5 80 52 0
0.5 0 55 48
0.5 80 55 0
0.5 0 52 41
0.5 80 52 0
0.5 0 57 48
0 8 64 0
0 29 64 127
0.5 43 57 0
0.5 0 53 39
0.5 80 53 0
0.5 0 57 48
0.5 80 57 0
0.5 0 53 41
0.5 80 53 0
0.5 0 57 48
0.5 80 57 0
0.5 0 53 41
0.5 80 53 0
0 6 64 0
0 37 64 127
0.5 437 58 50
0 8 64 0
0 38 64 127
0.5 34 58 0
0.5 0 55 41
0.5 80 55 0
0.5 0 58 50
0.5 80 58 0
0.5 0 55 43
0.5 80 55 0
0.5 0 58 51
0.5 80 58 0
0.5 0 55 43
0.5 80 55 0
0 12 64 0
0 65 64 127
0.5 403 62 53
0 12 64 0
0 62 64 127
0.5 6 62 0
0.5 0 58 44
0.5 80 58 0
0.5 0 62 53
0.5 80 62 0
0.5 0 58 45
0.5 80 58 0
0.5 0 62 53
0.5 80 62 0
0.5 0 58 46
0.5 80 58 0
0 11 64 0
0 34 64 127
0.5 435 65 56
0 8 64 0
0 33 64 127
0.5 39 65 0
0.5 0 62 46
0.5 80 62 0
0.5 0 65 56
0.5 80 65 0
0.5 0 62 48
0.5 80 62 0
0.5 0 65 56
0.5 80 65 0
0.5 0 62 48
0.5 80 62 0
0 10 64 0
0 23 64 127
0.5 447 67 56
0 11 64 0
0 32 64 127
0.5 37 67 0
0.5 0 64 47
0.5 80 64 0
0.5 0 67 57
0.5 80 67 0
0.5 0 64 49
0.5 80 64 0
0.5 0 67 57
0.5 80 67 0
0.5 0 64 49
0.5 80 64 0
0 12 64 0
0 36 64 127
0.5 432 70 46
0.5 0 73 59
0.5 80 73 0
0.5 0 70 0
0.5 0 64 49
0.5 80 64 0
0.5 0 70 46
0.5 0 73 59
0.5 80 73 0
0.5 0 70 0
0.5 0 64 52
0.5 80 64 0
0.5 0 70 46
0.5 0 73 59
0.5 80 73 0
0.5 0 70 0
0.5 0 64 52
0.5 80 64 0
0.5 480 70 46
0.5 0 74 59
0 18 64 0
0 35 64 127
0.5 27 74 0
0.5 0 70 0
0.5 0 65 49
0.5 80 65 0
0.5 0 70 46
0.5 0 74 58
0.5 80 74 0
0.5 0 70 0
0.5 0 65 50
0.5 80 65 0
0.5 0 70 45
0.5 0 74 57
0.5 80 74 0
0.5 0 70 0
0.5 0 65 50
0.5 80 65 0
0.5 480 62 44
0.5 0 65 55
0.5 80 65 0
0.5 0 62 0
0.5 0 58 46
0.5 80 58 0
0.5 0 62 44
0.5 0 65 54
0.5 80 65 0
0.5 0 62 0
0.5 0 58 47
0.5 80 58 0
0.5 0 62 43
0.5 0 65 54
0.5 80 65 0
0.5 0 62 0
0.5 0 58 47
0.5 80 58 0
0 492 64 0
0 55 64 127
0.5 413 48 38
0.5 0 51 48
0 7 64 0
0 32 64 127
0.5 41 51 0
0.5 0 48 0
0.5 0 41 40
0.5 80 41 0
0.5 0 48 38
0.5 0 51 48
0.5 80 51 0
0.5 0 48 0
0.5 0 41 41
0.5 80 41 0
0.5 0 48 38
0.5 0 51 48
0.5 80 51 0
0.5 0 48 0
0.5 0 41 41
0.5 80 41 0
0.5 0 50 45
0 7 64 0
0 46 64 127
0.5 27 50 0
0.5 0 46 37
0.5 80 46 0
0.5 0 50 45
0.5 80 50 0
0.5 0 46 36
0.5 80 46 0
0.5 0 50 44
0.5 80 50 0
0.5 0 46 35
0.5 80 46 0
0.5 0 50 44
0 12 64 0
0 44 64 127
0.5 24 50 0
0.5 0 46 35
0.5 80 46 0
0.5 0 50 43
0.5 80 50 0
0.5 0 46 35
0.5 80 46 0
0.5 0 50 43
0.5 80 50 0
0.5 0 46 34
0.5 80 46 0
0.5 0 50 42
0 9 64 0
0 40 64 127
0.5 31 50 0
0.5 0 46 34
0.5 80 46 0
0.5 0 50 42
0.5 80 50 0
0.5 0 46 34
0.5 80 46 0
0.5 0 50 41
0.5 80 50 0
0.5 0 46 30
0.5 80 46 0
0.5 0 51 41
0 14 64 0
0 42 64 127
0.5 24 51 0
0.5 0 46 32
0.5 80 46 0
0.5 0 51 40
0.5 80 51 0
0.5 0 46 30
0.5 80 46 0
0.5 0 51 40
0.5 80 51 0
0.5 0 46 30
0.5 80 46 0
0.5 0 51 39
0 12 64 0
0.5 68 51 0
0.5 0 45 31
0 5 64 127
0.5 75 45 0
0.5 0 51 39
0.5 80 51 0
0.5 0 45 29
0.5 80 45 0
0.5 0 51 38
0.5 80 51 0
0.5 0 45 29
0.5 80 45 0
0.5 0 51 38
0 11 64 0
0 53 64 127
0.5 16 51 0
0.5 0 45 29
0.5 80 45 0
0.5 0 51 37
0.5 80 51 0
0.5 0 45 29
0.5 80 45 0
0.5 0 51 37
0.5 80 51 0
0.5 0 45 29
0.5 80 45 0
0.5 0 51 39
0 9 64 0
0 2 64 0
0 38 64 127
0.5 31 51 0
0.5 0 46 32
0.5 80 46 0
0.5 0 51 39
0.5 80 51 0
0.5 0 46 32
0.5 80 46 0
0.5 0 51 38
0.5 80 51 0
0.5 0 46 28
0.5 80 46 0
0.5 0 51 38
0.5 80 51 0
0.5 0 46 30
0.5 80 46 0
0.5 0 51 37
0.5 80 51 0
0.5 0 46 28
0.5 80 46 0
0.5 0 51 37
0.5 80 51 0
0.5 0 46 28
0.5 80 46 0
0.5 0 50 36
0 12 64 0
0.5 68 50 0
0.5 0 46 29
0 5 64 127
0.5 75 46 0
0.5 0 50 36
0.5 80 50 0
0.5 0 46 27
0.5 80 46 0
0.5 0 50 36
0.5 80 50 0
0.5 0 46 27
0.5 80 46 0
0.5 0 50 36
0.5 80 50 0
0.5 0 46 27
0.5 80 46 0
0.5 0 50 35
0.5 80 50 0
0.5 0 46 27
0.5 80 46 0
0.5 0 50 35
0.5 80 50 0
0.5 0 46 27
0.5 80 46 0
0.5 0 48 50
0 13 64 0
0 51 64 127
0.5 16 48 0
0.5 0 45 42
0.5 80 45 0
0.5 0 48 50
0.5 80 48 0
0.5 0 45 44
0.5 80 45 0
0.5 0 48 51
0.5 80 48 0
0.5 0 45 45
0.5 80 45 0
0.5 0 48 52
0.5 80 48 0
0.5 0 45 46
0.5 80 45 0
0.5 0 48 53
0.5 80 48 0
0.5 0 45 46
0.5 80 45 0
0.5 0 48 54
0.5 80 48 0
0.5 0 45 47
0.5 80 45 0
0 11 64 0
0 49 64 127
0.5 1380 47 64
0 11 64 0
0 32 64 127
0.5 37 47 0
0.5 0 55 55
0.5 80 55 0
0.5 0 47 63
0.5 80 47 0
0.5 0 55 53
0.5 80 55 0
0.5 0 47 63
0.5 80 47 0
0.5 0 55 55
0.5 80 55 0
0.5 0 48 63
0 10 64 0
0 41 64 127
0.5 29 48 0
0.5 0 57 55
0.5 80 57 0
0.5 0 48 63
0.5 80 48 0
0.5 0 57 53
0.5 80 57 0
0.5 0 48 62
0.5 80 48 0
0.5 0 57 53
0.5 80 57 0
0.5 0 50 62
0 9 64 0
0 34 64 127
0.5 37 50 0
0.5 0 59 54
0.5 80 59 0
0.5 0 50 63
0.5 80 50 0
0.5 0 59 57
0.5 80 59 0
0.5 0 50 64
0.5 80 50 0
0.5 0 59 59
0.5 80 59 0
0.5 0 51 67
0 9 64 0
0 34 64 127
0.5 37 51 0
0.5 0 60 54
0.5 80 60 0
0.5 0 51 60
0.5 80 51 0
0.5 0 60 52
0.5 80 60 0
0.5 0 51 60
0.5 80 51 0
0.5 0 60 52
0.5 80 60 0
0.5 0 53 59
0 14 64 0
0 26 64 127
0.5 40 53 0
0.5 0 62 53
0.5 80 62 0
0.5 0 53 58
0.5 80 53 0
0.5 0 62 51
0.5 80 62 0
0.5 0 53 58
0.5 80 53 0
0.5 0 62 51
0.5 80 62 0
0.5 0 55 57
0 11 64 0
0 26 64 127
0.5 43 55 0
0.5 0 63 51
0.5 80 63 0
0.5 0 55 56
0.5 80 55 0
0.5 0 63 50
0.5 80 63 0
0.5 0 55 57
0.5 80 55 0
0.5 0 63 51
0.5 80 63 0
0 17 64 0
0 54 64 127
0 428 64 0
0 55 64 127
0 412 64 0
0 25 64 127
0 456 64 0
0 36 64 127
0 1411 64 0
0 37 64 127
0.5 29 56 54
0.5 80 56 0
0.5 0 53 60
0.5 80 53 0
0.5 0 56 54
0.5 80 56 0
0.5 0 53 60
0.5 80 53 0
0.5 0 56 54
0.5 80 56 0
0 11 64 0
0 29 64 127
0.5 40 55 52
0.5 80 55 0
0.5 0 51 57
0.5 80 51 0
0.5 0 55 53
0.5 80 55 0
0.5 0 51 57
0.5 80 51 0
0.5 0 55 54
0.5 80 55 0
0 21 64 0
0 30 64 127
0.5 29 53 56
0.5 80 53 0
0.5 0 44 61
0.5 80 44 0
0.5 0 53 55
0.5 80 53 0
0.5 0 44 61
0.5 80 44 0
0.5 0 53 61
0.5 80 53 0
0 12 64 0
0 22 64 127
0.5 46 51 54
0.5 80 51 0
0.5 0 43 60
0.5 80 43 0
0.5 0 51 56
0.5 80 51 0
0.5 0 43 61
0.5 80 43 0
0.5 0 51 55
0.5 80 51 0
0 10 64 0
0 41 64 127
0.5 29 50 58
0.5 80 50 0
0.5 0 41 63
0.5 80 41 0
0.5 0 50 57
0.5 80 50 0
0.5 0 41 63
0.5 80 41 0
0.5 0 50 56
0.5 80 50 0
0 10 64 0
0 36 64 127
0.5 34 48 59
0.5 80 48 0
0.5 0 39 63
0.5 80 39 0
0.5 0 48 60
0.5 80 48 0
0.5 0 39 64
0.5 80 39 0
0.5 0 48 59
0.5 80 48 0
0 13 64 0
0 47 64 127
0.5 20 47 60
0.5 80 47 0
0.5 0 38 65
0.5 80 38 0
0.5 0 47 59
0.5 80 47 0
0.5 0 38 64
0.5 80 38 0
0.5 0 47 62
0.5 80 47 0
0.5 0 39 75
0 8 64 0
0 66 64 127
0.5 6 39 0
0.5 0 48 62
0.5 80 48 0
0.5 0 39 66
0.5 80 39 0
0.5 0 48 61
0.5 80 48 0
0.5 0 39 65
0.5 80 39 0
0.5 0 48 61
0.5 80 48 0
0.5 0 40 77
0 8 64 0
0 21 64 127
0.5 51 40 0
0.5 0 46 63
0.5 80 46 0
0.5 0 34 67
0.5 0 40 67
0.5 80 40 0
0.5 0 46 63
0.5 80 46 0
0.5 0 34 0
0.5 0 34 67
0.5 0 40 66
0.5 80 40 0
0.5 0 46 63
0.5 80 46 0
0.5 0 34 0
0 11 64 0
0 515 64 127
0.5 914 49 64
0 11 64 0
0 52 64 127
0.5 17 49 0
0.5 0 57 55
0.5 80 57 0
0.5 0 49 63
0.5 80 49 0
0.5 0 57 53
0.5 80 57 0
0.5 0 49 63
0.5 80 49 0
0.5 0 57 55
0.5 80 57 0
0.5 0 50 63
0 10 64 0
0 41 64 127
0.5 29 50 0
0.5 0 59 55
0.5 80 59 0
0.5 0 50 63
0.5 80 50 0
0.5 0 59 53
0.5 80 59 0
0.5 0 50 62
0.5 80 50 0
0.5 0 59 53
0.5 80 59 0
0.5 0 52 62
0 9 64 0
0 34 64 127
0.5 37 52 0
0.5 0 61 54
0.5 80 61 0
0.5 0 52 61
0.5 80 52 0
0.5 0 61 53
0.5 80 61 0
0.5 0 52 62
0.5 80 52 0
0.5 0 61 54
0.5 80 61 0
0.5 0 53 65
0 9 64 0
0 34 64 127
0.5 37 53 0
0.5 0 62 55
0.5 80 62 0
0.5 0 53 60
0.5 80 53 0
0.5 0 62 52
0.5 80 62 0
0.5 0 53 60
0.5 80 53 0
0.5 0 62 52
0.5 80 62 0
0.5 0 55 59
0 14 64 0
0 26 64 127
0.5 40 55 0
0.5 0 64 53
0.5 80 64 0
0.5 0 55 58
0.5 80 55 0
0.5 0 64 51
0.5 80 64 0
0.5 0 55 58
0.5 80 55 0
0.5 0 64 51
0.5 80 64 0
0.5 0 57 57
0 11 64 0
0 26 64 127
0.5 43 57 0
0.5 0 65 51
0.5 80 65 0
0.5 0 57 56
0.5 80 57 0
0.5 0 65 50
0.5 80 65 0
0.5 0 57 57
0.5 80 57 0
0.5 0 65 51
0.5 80 65 0
0 17 64 0
0 54 64 127
0 428 64 0
0 55 64 127
0 412 64 0
0 43 64 127
0 444 64 0
0 30 64 127
0 1411 64 0
0 37 64 127
0.5 29 58 54
0.5 80 58 0
0.5 0 55 60
0.5 80 55 0
0.5 0 58 53
0.5 80 58 0
0.5 0 55 60
0.5 80 55 0
0.5 0 58 54
0.5 80 58 0
0 11 64 0
0 29 64 127
0.5 40 57 52
0.5 80 57 0
0.5 0 53 57
0.5 80 53 0
0.5 0 57 51
0.5 80 57 0
0.5 0 53 57
0.5 80 53 0
0.5 0 57 53
0.5 80 57 0
0 21 64 0
0 30 64 127
0.5 29 55 55
0.5 80 55 0
0.5 0 46 61
0.5 80 46 0
0.5 0 55 54
0.5 80 55 0
0.5 0 46 61
0.5 80 46 0
0.5 0 55 54
0.5 80 55 0
0 12 64 0
0 22 64 127
0.5 46 53 54
0.5 80 53 0
0.5 0 45 60
0.5 80 45 0
0.5 0 53 54
0.5 80 53 0
0.5 0 45 61
0.5 80 45 0
0.5 0 53 55
0.5 80 53 0
0 10 64 0
0 41 64 127
0.5 29 52 57
0.5 80 52 0
0.5 0 43 63
0.5 80 43 0
0.5 0 52 56
0.5 80 52 0
0.5 0 43 63
0.5 80 43 0
0.5 0 52 57
0.5 80 52 0
0 10 64 0
0 36 64 127
0.5 34 50 58
0.5 80 50 0
0.5 0 41 63
0.5 80 41 0
0.5 0 50 58
0.5 80 50 0
0.5 0 41 64
0.5 80 41 0
0.5 0 50 60
0.5 80 50 0
0 13 64 0
0 47 64 127
0.5 20 49 61
0.5 80 49 0
0.5 0 40 65
0.5 80 40 0
0.5 0 49 59
0.5 80 49 0
0.5 0 40 64
0.5 80 40 0
0.5 0 49 60
0.5 80 49 0
0.5 0 45 75
0.5 0 41 64
0 8 64 0
0 66 64 127
0.5 6 41 0
0.5 0 45 0
0.5 0 50 63
0.5 80 50 0
0.5 0 45 57
0.5 0 38 57
0.5 0 41 66
0.5 80 41 0
0.5 0 38 0
0.5 0 45 0
0.5 0 50 62
0.5 80 50 0
0.5 0 45 63
0.5 0 38 63
0.5 0 41 65
0.5 80 41 0
0.5 0 38 0
0.5 0 45 0
0.5 0 50 62
0.5 80 50 0
0.5 0 45 77
0.5 0 40 77
0 8 64 0
0 21 64 127
0.5 51 40 0
0.5 0 45 0
0.5 0 49 63
0.5 80 49 0
0.5 0 45 67
0.5 0 37 67
0.5 0 40 67
0.5 80 40 0
0.5 0 37 0
0.5 0 45 0
0.5 0 49 62
0.5 80 49 0
0.5 0 40 66
0.5 0 37 67
0.5 0 45 66
0.5 80 45 0
0.5 0 37 0
0.5 0 40 0
0.5 0 49 63
0.5 80 49 0
0 9 64 0
0 22 64 127
0 912 64 0
0 17 64 127
0 485 64 0
0 50 64 127
0 437 64 0
0 60 64 127
0 426 64 0
0 51 64 127
0.5 411 56 76
0 5 64 0
0 29 64 127
0.5 86 56 0
0.5 120 40 63
0.5 120 40 0
0.5 120 60 74
0 9 64 0
0 34 64 127
0.5 77 60 0
0.5 120 52 63
0.5 120 52 0
0.5 120 59 75
0 6 64 0
0 25 64 127
0.5 89 59 0
0.5 120 40 64
0.5 120 40 0
0.5 120 58 75
0 9 64 0
0 31 64 127
0.5 80 58 0
0.5 120 52 64
0.5 120 52 0
0.5 120 51 77
0.5 0 57 77
0 11 64 0
0 52 64 127
0.5 57 57 0
0.5 0 51 0
0.5 120 40 64
0.5 120 40 0
0.5 120 52 67
0.5 0 56 80
0 10 64 0
0 39 64 127
0.5 71 56 0
0.5 0 52 0
0 367 64 0
0 24 64 127
0 902 64 0
0 27 64 127
0 485 64 0
0 26 64 127
0 456 64 0
0 33 64 127
0 458 64 0
0 51 64 127
0.5 411 57 73
0 7 64 0
0 27 64 127
0.5 86 57 0
0.5 120 41 63
0.5 120 41 0
0.5 120 61 76
0 9 64 0
0 34 64 127
0.5 77 61 0
0.5 120 53 63
0.5 120 53 0
0.5 120 60 72
0 6 64 0
0 25 64 127
0.5 89 60 0
0.5 120 41 64
0.5 120 41 0
0.5 120 59 72
0 9 64 0
0 31 64 127
0.5 80 59 0
0.5 120 53 64
0.5 120 53 0
0.5 120 52 62
0.5 0 58 72
0 11 64 0
0 52 64 127
0.5 57 58 0
0.5 0 52 0
0.5 120 41 64
0.5 120 41 0
0.5 120 53 62
0.5 0 57 72
0 10 64 0
0 39 64 127
0.5 71 57 0
0.5 0 53 0
0 360 64 0
0 31 64 127
0 904 64 0
0 25 64 127
0 485 64 0
0 26 64 127
0 456 64 0
0 33 64 127
0 458 64 0
0 51 64 127
0.5 411 55 72
0 3 64 0
0 31 64 127
0.5 86 55 0
0.5 120 43 63
0.5 120 43 0
0.5 120 59 63
0.5 0 62 72
0 9 64 0
0 34 64 127
0.5 77 62 0
0.5 0 59 0
0.5 120 47 63
0.5 120 47 0
0.5 120 60 72
0 6 64 0
0 25 64 127
0.5 89 60 0
0.5 120 48 64
0.5 120 48 0
0.5 120 58 72
0 9 64 0
0 31 64 127
0.5 80 58 0
0.5 120 46 64
0.5 120 46 0
0.5 120 57 62
0.5 0 60 72
0 11 64 0
0 52 64 127
0.5 57 60 0
0.5 0 57 0
0.5 120 45 64
0.5 120 45 0
0.5 120 55 62
0.5 0 57 72
0 10 64 0
0 39 64 127
0.5 71 57 0
0.5 0 55 0
0.5 120 43 64
0.5 120 43 0
0.5 120 53 72
0 4 64 0
0 30 64 127
0.5 86 53 0
0.5 120 41 63
0.5 120 41 0
0.5 120 57 63
0.5 0 60 72
0 9 64 0
0 34 64 127
0.5 77 60 0
0.5 0 57 0
0.5 120 45 63
0.5 120 45 0
0.5 120 58 72
0 6 64 0
0 25 64 127
0.5 89 58 0
0.5 120 46 64
0.5 120 46 0
0.5 120 57 72
0 9 64 0
0 31 64 127
0.5 80 57 0
0.5 120 45 64
0.5 120 45 0
0.5 120 55 62
0.5 0 58 72
0 11 64 0
0 52 64 127
0.5 57 58 0
0.5 0 55 0
0.5 120 43 64
0.5 120 43 0
0.5 120 53 62
0.5 0 57 72
0 10 64 0
0 39 64 127
0.5 71 57 0
0.5 0 53 0
0.5 120 41 64
0.5 120 41 0
0.5 120 51 72
0 0 64 0
0 34 64 127
0.5 86 51 0
0.5 120 39 63
0.5 120 39 0
0.5 120 55 63
0.5 0 58 72
0 9 64 0
0 34 64 127
0.5 77 58 0
0.5 0 55 0
0.5 120 43 63
0.5 120 43 0
0.5 120 57 72
0 6 64 0
0 25 64 127
0.5 89 57 0
0.5 120 45 64
0.5 120 45 0
0.5 120 55 72
0 9 64 0
0 31 64 127
0.5 80 55 0
0.5 120 43 64
0.5 120 43 0
0.5 120 54 62
0.5 0 57 72
0 11 64 0
0 52 64 127
0.5 57 57 0
0.5 0 54 0
0.5 120 42 64
0.5 120 42 0
0.5 120 51 62
0.5 0 55 72
0 10 64 0
0 39 64 127
0.5 71 55 0
0.5 0 51 0
0.5 120 39 64
0.5 120 39 0
0.5 120 50 72
0 8 64 0
0 26 64 127
0.5 86 50 0
0.5 120 38 63
0.5 120 38 0
0.5 120 54 63
0.5 0 57 72
0 9 64 0
0 34 64 127
0.5 77 57 0
0.5 0 54 0
0.5 120 42 63
0.5 120 42 0
0.5 120 55 72
0 6 64 0
0 25 64 127
0.5 89 55 0
0.5 120 43 64
0.5 120 43 0
0.5 120 53 70
0.5 0 57 72
0 9 64 0
0 31 64 127
0.5 80 57 0
0.5 0 53 0
0.5 120 41 64
0.5 120 41 0
0.5 120 51 62
0.5 0 55 72
0 11 64 0
0 52 64 127
0.5 57 55 0
0.5 0 51 0
0.5 120 39 64
0.5 120 39 0
0.5 120 51 62
0.5 0 55 72
0 10 64 0
0 39 64 127
0.5 71 55 0
0.5 0 51 0
0 365 64 0
0 1 64 0
0 28 64 127
0 455 64 0
0 34 64 127
0 443 64 0
0 25 64 127
0 458 64 0
0 31 64 127
0 451 64 0
0 52 64 127
0 427 64 0
0 39 64 127
0 445 64 0
0 49 64 127
0 427 64 0
0 39 64 127
0 442 64 0
0 52 64 127
0 427 64 0
0 39 64 127
0 442 64 0
0 52 64 127
0 427 64 0
0 39 64 127
0 442 64 0
0 52 64 127
0 427 64 0
0 39 64 127
0 442 64 0
0 52 64 127
0 427 64 0
0 39 64 127
0 442 64 0
0 52 64 127
0 427 64 0
0 39 64 127
0 439 64 0
0 118 64 127
0 374 64 0
0 40 64 127
0 911 64 0
0 40 64 127
0 443 64 0
0 43 64 127
0 434 64 0
0 29 64 127
0 460 64 0
0 36 64 127
0 1395 64 0
0 40 64 127
0 443 64 0
0 43 64 127
0 434 64 0
0 29 64 127
0 459 64 0
0 37 64 127
0 1395 64 0
0 40 64 127
0 443 64 0
0 43 64 127
0 434 64 0
0 29 64 127
0 457 64 0
0 39 64 127
0 918 64 0
0 57 64 127
0 420 64 0
0 40 64 127
0 443 64 0
0 43 64 127
0 434 64 0
0 49 64 127
0 444 64 0
0 32 64 127
0 918 64 0
0 57 64 127
0 420 64 0
0 40 64 127
0 443 64 0
0 43 64 127
0 434 64 0
0 49 64 127
0 443 64 0
0 33 64 127
0 918 64 0
0 57 64 127
0 420 64 0
0 40 64 127
0 443 64 0
0 43 64 127
0 434 64 0
0 49 64 127
0 434 64 0
0 43 64 127
0 434 64 0
0 49 64 127
0 434 64 0
0 43 64 127
0 434 64 0
0 49 64 127
0 434 64 0
0 43 64 127
0 434 64 0
0 49 64 127
0 434 64 0
0 43 64 127
0 434 64 0
0 49 64 127
0 434 64 0
0 43 64 127
0 434 64 0
0 49 64 127
0 434 64 0
0 43 64 127
0 434 64 0
0 49 64 127
0 434 64 0
0 43 64 127
0 434 64 0
0 49 64 127
0 434 64 0
0 43 64 127
0 434 64 0
0 49 64 127
0 434 64 0
0 43 64 127
0 434 64 0
0 49 64 127
0 434 64 0
0 43 64 127
0 434 64 0
0 49 64 127
0 434 64 0
0 43 64 127
0 434 64 0
0 49 64 127
0 434 64 0
0 43 64 127
0 434 64 0
0 49 64 127
0 434 64 0
0 43 64 127
0 434 64 0
0 49 64 127
0 434 64 0
0 43 64 127
0 434 64 0
0 49 64 127
0 434 64 0
0 43 64 127
0 434 64 0
0 49 64 127
0.5 420 58 45
0 14 64 0
0 32 64 127
0.5 34 58 0
0.5 0 55 39
0.5 80 55 0
0.5 0 58 44
0.5 80 58 0
0.5 0 55 41
0.5 80 55 0
0.5 0 58 49
0.5 80 58 0
0.5 0 55 46
0.5 80 55 0
0.5 0 59 53
0 12 64 0
0 23 64 127
0.5 45 59 0
0.5 0 55 47
0.5 80 55 0
0.5 0 59 53
0.5 80 59 0
0.5 0 55 50
0.5 80 55 0
0.5 0 59 54
0.5 80 59 0
0.5 0 55 50
0.5 80 55 0
0.5 0 60 59
0 10 64 0
0 53 64 127
0.5 17 60 0
0.5 0 55 52
0.5 80 55 0
0.5 0 60 54
0.5 80 60 0
0.5 0 55 45
0.5 80 55 0
0.5 0 60 51
0.5 80 60 0
0.5 0 55 44
0.5 80 55 0
0.5 0 60 64
0 22 64 0
0 35 64 127
0.5 23 60 0
0.5 0 55 50
0.5 80 55 0
0.5 0 60 60
0.5 80 60 0
0.5 0 55 50
0.5 80 55 0
0.5 0 60 56
0.5 80 60 0
0.5 0 55 46
0.5 80 57 51
0.5 0 63 63
0 6 64 0
0 28 64 127
0.5 46 63 0
0.5 0 60 48
0.5 80 60 0
0.5 0 63 56
0.5 80 63 0
0.5 0 60 48
0.5 80 60 0
0.5 0 63 54
0.5 80 63 0
0.5 0 60 45
0.5 80 60 0
0.5 0 63 52
0.5 80 63 0
0.5 0 60 39
0.5 80 60 0
0.5 0 63 47
0.5 80 63 0
0.5 0 60 38
0.5 80 60 0
0.5 0 63 45
0.5 80 63 0
0.5 0 60 37
0.5 80 60 0
0.5 0 57 0
0.5 0 55 0
0.5 0 58 45
0 14 64 0
0 32 64 127
0.5 34 58 0
0.5 0 55 39
0.5 80 55 0
0.5 0 58 44
0.5 80 58 0
0.5 0 55 41
0.5 80 55 0
0.5 0 58 49
0.5 80 58 0
0.5 0 55 46
0.5 80 55 0
0.5 0 59 53
0 12 64 0
0 23 64 127
0.5 45 59 0
0.5 0 55 47
0.5 80 55 0
0.5 0 59 53
0.5 80 59 0
0.5 0 55 50
0.5 80 55 0
0.5 0 59 54
0.5 80 59 0
0.5 0 55 50
0.5 80 55 0
0.5 0 60 59
0 10 64 0
0 53 64 127
0.5 17 60 0
0.5 0 55 52
0.5 80 55 0
0.5 0 60 54
0.5 80 60 0
0.5 0 55 45
0.5 80 55 0
0.5 0 60 51
0.5 80 60 0
0.5 0 55 44
0.5 80 55 0
0.5 0 60 64
0 23 64 0
0 34 64 127
0.5 23 60 0
0.5 0 55 50
0.5 80 55 0
0.5 0 60 60
0.5 80 60 0
0.5 0 55 50
0.5 80 55 0
0.5 0 60 56
0.5 80 60 0
0.5 0 55 46
0.5 80 57 63
0 6 64 0
0 28 64 127
0.5 46 57 0
0.5 0 60 48
0.5 80 60 0
0.5 0 57 56
0.5 80 57 0
0.5 0 60 48
0.5 80 60 0
0.5 0 57 54
0.5 80 57 0
0.5 0 60 45
0.5 80 60 0
0.5 0 57 52
0.5 80 57 0
0.5 0 60 39
0.5 80 60 0
0.5 0 57 47
0.5 80 57 0
0.5 0 60 38
0.5 80 60 0
0.5 0 57 45
0.5 80 57 0
0.5 0 60 37
0.5 80 60 0
0.5 0 55 0
0.5 0 46 45
0 14 64 0
0 32 64 127
0.5 34 46 0
0.5 0 43 39
0.5 80 43 0
0.5 0 46 44
0.5 80 46 0
0.5 0 43 41
0.5 80 43 0
0.5 0 46 49
0.5 80 46 0
0.5 0 43 46
0.5 80 43 0
0.5 0 47 53
0 12 64 0
0 23 64 127
0.5 45 47 0
0.5 0 43 47
0.5 80 43 0
0.5 0 47 53
0.5 80 47 0
0.5 0 43 50
0.5 80 43 0
0.5 0 47 54
0.5 80 47 0
0.5 0 43 50
0.5 80 43 0
0.5 0 52 59
0 10 64 0
0 53 64 127
0.5 17 52 0
0.5 0 43 52
0.5 80 43 0
0.5 0 52 54
0.5 80 52 0
0.5 0 43 46
0.5 80 43 0
0.5 0 52 52
0.5 80 52 0
0.5 0 43 45
0.5 80 43 0
0.5 0 52 52
0.5 80 52 0
0.5 0 43 41
0.5 80 43 0
0.5 0 52 50
0.5 80 52 0
0.5 0 43 43
0.5 80 43 0
0.5 0 52 50
0.5 80 52 0
0.5 0 43 41
0.5 80 43 0
0.5 0 51 57
0 6 64 0
0 28 64 127
0.5 46 51 0
0.5 0 43 45
0.5 80 43 0
0.5 0 51 53
0.5 80 51 0
0.5 0 43 46
0.5 80 43 0
0.5 0 51 54
0.5 80 51 0
0.5 0 43 45
0.5 80 43 0
0.5 0 51 54
0.5 80 51 0
0.5 0 43 42
0.5 80 43 0
0.5 0 51 52
0.5 80 51 0
0.5 0 43 42
0.5 80 43 0
0.5 0 51 51
0.5 80 51 0
0.5 0 43 44
0.5 80 43 0
0 4 64 0
0 52 64 127
0 2835 64 0
0 42 64 127
0 2827 64 0
1 0 0 0
