0.5 0 61 42
0.5 0 69 50
0.5 120 69 0
0.5 0 61 0
0.5 0 64 36
0.5 120 64 0
0.5 0 61 36
0.5 120 61 0
0.5 0 64 36
0.5 120 64 0
0.5 0 69 50
0.5 120 69 0
0.5 0 64 34
0.5 120 64 0
0.5 0 71 45
0.5 0 68 38
0.5 120 68 0
0.5 0 71 0
0.5 0 64 33
0.5 120 64 0
0.5 0 69 42
0.5 0 73 50
0.5 120 73 0
0.5 0 69 0
0.5 0 64 36
0.5 120 64 0
0.5 0 61 36
0.5 120 61 0
0.5 0 64 36
0.5 120 64 0
0.5 0 73 50
0.5 120 73 0
0.5 0 69 33
0.5 120 69 0
0.5 0 71 42
0.5 0 74 50
0.5 120 74 0
0.5 0 71 0
0.5 0 69 33
0.5 120 69 0
0.5 0 73 43
0.5 0 76 51
0.5 120 76 0
0.5 0 73 0
0.5 0 69 40
0.5 120 69 0
0.5 0 73 49
0.5 0 76 58
0.5 120 76 0
0.5 0 73 0
0.5 0 69 43
0.5 120 69 0
0.5 0 74 53
0.5 0 78 63
0.5 120 78 0
0.5 0 74 0
0.5 0 69 41
0.5 120 69 0
0.5 0 76 56
0.5 0 80 67
0.5 120 80 0
0.5 0 76 0
0.5 0 69 48
0.5 120 69 0
0.5 0 80 47
0.5 0 83 56
0.5 120 80 0
0.5 0 69 33
0.5 120 69 0
0.5 0 83 0
0.5 0 81 52
0.5 0 78 44
0.5 120 78 0
0.5 0 69 29
0.5 120 69 0
0.5 0 81 0
0.5 0 80 48
0.5 0 76 40
0.5 120 76 0
0.5 0 69 29
0.5 120 69 0
0.5 0 80 0
0.5 0 78 49
0.5 0 74 41
0.5 120 74 0
0.5 0 69 36
0.5 120 69 0
0.5 0 78 0
0.5 0 76 49
0.5 0 73 41
0.5 120 73 0
0.5 0 66 29
0.5 120 66 0
0.5 0 76 0
0.5 0 74 48
0.5 0 71 40
0.5 120 71 0
0.5 0 66 24
0.5 120 66 0
0.5 0 74 0
0.5 0 73 47
0.5 0 64 39
0.5 120 64 0
0.5 0 66 34
0.5 120 66 0
0.5 0 73 0
0.5 0 71 45
0.5 0 62 38
0.5 120 62 0
0.5 0 66 33
0.5 120 66 0
0.5 0 71 0
0.5 0 69 45
0.5 0 61 38
0.5 120 61 0
0.5 0 64 33
0.5 120 64 0
0.5 0 69 0
0.5 0 73 47
0.5 120 64 33
0.5 120 64 0
0.5 0 73 0
0.5 0 62 35
0.5 0 71 42
0.5 120 62 0
0.5 0 64 32
0.5 120 64 0
0.5 0 71 0
0.5 0 68 42
0.5 120 64 29
0.5 120 64 0
0.5 0 68 0
0.5 0 61 37
0.5 0 69 45
0.5 120 69 0
0.5 0 61 0
0.5 0 64 32
0.5 120 64 0
0.5 0 61 31
0.5 120 61 0
0.5 0 64 30
0.5 120 64 0
0.5 0 69 39
0.5 120 69 0
0.5 0 73 32
0.5 120 73 0
0.5 0 76 37
0.5 120 76 0
0.5 0 73 33
0.5 120 73 0
0.5 0 61 31
0.5 0 69 37
0.5 240 69 0
0.5 0 61 0
0.5 240 69 34
0.5 0 61 29
0.5 240 61 0
0.5 0 69 0
0.5 240 61 37
0.5 0 69 37
0.5 240 69 0
0.5 0 61 0
0.5 480 64 52
0.5 240 64 0
0.5 0 69 60
0.5 0 64 51
0.5 456 64 0
0.5 0 69 0
0.5 24 71 69
0.5 0 68 58
0.5 0 64 58
0.5 456 64 0
0.5 0 68 0
0.5 0 71 0
0.5 24 73 73
0.5 0 69 60
0.5 0 64 60
0.5 713 64 0
0.5 0 69 0
0.5 0 73 0
0.5 7 73 59
0.5 234 73 0
0.5 6 73 68
0.5 0 69 57
0.5 0 66 57
0.5 234 73 0
0.5 6 66 0
0.5 0 69 0
0.5 0 73 59
0.5 240 73 0
0.5 0 76 72
0.5 360 76 0
0.5 0 74 59
0.5 120 74 0
0.5 0 73 69
0.5 0 66 58
0.5 480 66 0
0.5 0 73 0
0.5 0 71 52
0.5 228 71 0
0.5 12 71 47
0.5 228 71 0
0.5 12 74 57
0.5 0 66 48
0.5 456 66 0
0.5 0 74 0
0.5 24 73 53
0.5 0 65 45
0.5 480 65 0
0.5 0 73 0
0.5 0 61 42
0.5 0 66 42
0.5 0 69 50
0.5 718 69 0
0.5 2 66 0
0.5 0 61 0
0.5 0 69 37
0.5 240 69 0
0.5 0 71 42
0.5 0 69 42
0.5 0 62 42
0.5 480 69 0
0.5 0 68 38
0.5 240 71 0
0.5 0 73 34
0.5 240 73 0
0.5 0 68 0
0.5 0 62 0
0.5 0 61 32
0.5 0 69 38
0.5 480 69 0
0.5 0 61 0
0.5 240 64 68
0.5 240 64 0
0.5 0 69 69
0.5 0 64 58
0.5 456 64 0
0.5 0 69 0
0.5 24 71 78
0.5 0 68 67
0.5 0 64 67
0.5 456 64 0
0.5 0 68 0
0.5 0 71 0
0.5 24 73 84
0.5 0 69 69
0.5 0 64 69
0.5 713 64 0
0.5 0 69 0
0.5 0 73 0
0.5 7 73 68
0.5 228 73 0
0.5 12 73 77
0.5 0 69 66
0.5 0 66 66
0.5 228 73 0
0.5 12 73 68
0.5 170 73 0
0.5 10 73 65
0.5 60 73 0
0.5 0 76 82
0.5 360 76 0
0.5 0 74 68
0.5 120 74 0
0.5 0 66 0
0.5 0 69 0
0.5 0 73 78
0.5 0 66 67
0.5 480 66 0
0.5 0 73 0
0.5 0 71 55
0.5 228 71 0
0.5 12 71 48
0.5 228 71 0
0.5 12 74 57
0.5 0 66 48
0.5 480 66 0
0.5 0 74 0
0.5 0 73 53
0.5 0 65 45
0.5 480 65 0
0.5 0 73 0
0.5 0 61 42
0.5 0 66 42
0.5 0 69 50
0.5 718 69 0
0.5 2 66 0
0.5 0 61 0
0.5 0 69 37
0.5 240 69 0
0.5 0 71 42
0.5 0 69 42
0.5 0 62 42
0.5 480 69 0
0.5 0 68 38
0.5 240 71 0
0.5 0 73 34
0.5 240 73 0
0.5 0 68 0
0.5 0 62 0
0.5 0 61 32
0.5 0 69 38
0.5 480 69 0
0.5 0 61 0
0.5 480 64 58
0.5 0 69 58
0.5 0 76 69
0.5 480 76 0
0.5 0 69 0
0.5 0 64 0
0.5 0 71 53
0.5 0 74 65
0.5 240 74 0
0.5 0 71 0
0.5 0 73 53
0.5 0 69 45
0.5 216 69 0
0.5 0 73 0
0.5 24 64 58
0.5 0 68 58
0.5 0 73 69
0.5 480 73 0
0.5 0 68 0
0.5 0 64 0
0.5 0 71 63
0.5 240 71 0
0.5 240 64 45
0.5 0 69 53
0.5 216 69 0
0.5 0 64 0
0.5 24 64 39
0.5 0 69 46
0.5 216 69 0
0.5 0 64 0
0.5 24 62 45
0.5 0 68 54
0.5 216 68 0
0.5 0 62 0
0.5 24 61 39
0.5 0 66 46
0.5 216 66 0
0.5 0 61 0
0.5 24 59 46
0.5 0 62 46
0.5 0 66 55
0.5 480 66 0
0.5 0 64 52
0.5 480 62 0
0.5 0 59 0
0.5 0 61 44
0.5 240 61 0
0.5 0 64 0
0.5 0 63 45
0.5 0 66 53
0.5 240 66 0
0.5 0 63 0
0.5 0 64 45
0.5 0 68 54
0.5 240 68 0
0.5 0 64 0
0.5 0 66 46
0.5 0 69 55
0.5 240 69 0
0.5 0 66 0
0.5 0 71 65
0.5 0 64 55
0.5 240 71 0
0.5 0 76 66
0.5 240 76 0
0.5 0 71 58
0.5 360 71 0
0.5 0 68 56
0.5 120 68 0
0.5 0 71 66
0.5 480 71 0
0.5 0 64 0
0.5 0 69 56
0.5 0 63 47
0.5 240 69 0
0.5 0 66 43
0.5 230 66 0
0.5 5 63 0
0.5 5 59 32
0.5 0 57 32
0.5 0 63 32
0.5 0 66 38
0.5 480 66 0
0.5 0 59 0
0.5 0 57 0
0.5 0 63 0
0.5 0 56 32
0.5 0 64 38
0.5 240 64 0
0.5 0 56 0
0.5 240 61 41
0.5 0 64 41
0.5 0 73 49
0.5 480 73 0
0.5 0 64 0
0.5 0 61 0
0.5 0 64 43
0.5 0 73 48
0.5 240 73 0
0.5 0 64 0
0.5 0 69 43
0.5 240 69 0
0.5 0 62 42
0.5 0 68 50
0.5 480 68 0
0.5 0 62 0
0.5 0 66 45
0.5 240 66 0
0.5 240 61 28
0.5 0 64 28
0.5 0 73 35
0.5 480 73 0
0.5 0 64 0
0.5 0 61 0
0.5 0 64 30
0.5 0 73 34
0.5 240 73 0
0.5 0 64 0
0.5 0 69 30
0.5 240 69 0
0.5 0 62 26
0.5 0 68 32
0.5 480 68 0
0.5 0 62 0
0.5 0 66 28
0.5 240 66 0
0.5 240 66 64
0.5 0 78 73
0.5 480 78 0
0.5 0 73 69
0.5 720 73 0
0.5 0 66 0
0.5 0 66 22
0.5 0 71 45
0.5 180 71 0
0.5 0 66 0
0.5 60 66 22
0.5 0 73 45
0.5 180 73 0
0.5 0 66 0
0.5 60 66 22
0.5 0 74 45
0.5 180 74 0
0.5 0 66 0
0.5 60 64 33
0.5 0 73 39
0.5 480 73 0
0.5 0 71 40
0.5 216 71 0
0.5 24 76 34
0.5 216 76 0
0.5 24 64 0
0.5 0 64 34
0.5 0 68 34
0.5 0 74 41
0.5 480 74 0
0.5 0 68 0
0.5 0 64 0
0.5 0 69 35
0.5 0 73 39
0.5 240 73 0
0.5 0 69 0
0.5 0 64 68
0.5 240 64 0
0.5 0 69 69
0.5 240 64 46
0.5 216 69 0
0.5 24 64 0
0.5 0 71 78
0.5 240 64 53
0.5 0 68 53
0.5 216 71 0
0.5 24 68 0
0.5 0 64 0
0.5 0 73 84
0.5 240 64 46
0.5 0 69 46
0.5 216 69 0
0.5 0 64 0
0.5 24 64 46
0.5 0 69 46
0.5 216 69 0
0.5 0 64 0
0.5 17 73 0
0.5 7 64 46
0.5 0 69 46
0.5 0 73 74
0.5 216 69 0
0.5 0 64 0
0.5 12 73 0
0.5 12 73 85
0.5 228 73 0
0.5 12 73 74
0.5 0 69 46
0.5 0 64 46
0.5 170 73 0
0.5 10 73 71
0.5 36 64 0
0.5 0 69 0
0.5 24 73 0
0.5 0 76 90
0.5 0 69 46
0.5 0 64 46
0.5 216 64 0
0.5 0 69 0
0.5 24 69 46
0.5 0 64 46
0.5 120 76 0
0.5 0 74 74
0.5 96 64 0
0.5 0 69 0
0.5 24 74 0
0.5 0 73 82
0.5 240 69 58
0.5 240 69 0
0.5 0 73 0
0.5 0 69 72
0.5 0 71 72
0.5 228 71 0
0.5 0 69 0
0.5 12 69 67
0.5 0 71 67
0.5 228 71 0
0.5 0 69 0
0.5 12 81 92
0.5 480 81 0
0.5 0 81 85
0.5 480 81 0
0.5 0 81 75
0.5 240 81 0
0.5 0 76 63
0.5 240 76 0
0.5 0 73 68
0.5 240 73 0
0.5 0 78 63
0.5 240 78 0
0.5 0 76 68
0.5 240 76 0
0.5 0 73 58
0.5 240 73 0
0.5 0 69 57
0.5 240 69 0
0.5 0 66 56
0.5 240 66 0
0.5 0 64 63
0.5 480 57 31
0.5 0 61 40
0.5 480 61 0
0.5 0 57 0
0.5 0 56 31
0.5 0 59 35
0.5 240 64 0
0.5 0 63 45
0.5 240 63 0
0.5 0 62 42
0.5 350 59 0
0.5 10 62 0
0.5 0 59 31
0.5 120 59 0
0.5 0 56 0
0.5 0 57 38
0.5 120 57 0
0.5 0 64 30
0.5 120 64 0
0.5 0 61 30
0.5 120 61 0
0.5 0 64 30
0.5 120 64 0
0.5 0 69 42
0.5 120 69 0
0.5 0 64 28
0.5 120 64 0
0.5 0 71 38
0.5 0 68 32
0.5 120 68 0
0.5 0 71 0
0.5 0 64 28
0.5 120 64 0
0.5 0 69 35
0.5 0 73 42
0.5 120 73 0
0.5 0 69 0
0.5 0 64 30
0.5 120 64 0
0.5 0 61 30
0.5 120 61 0
0.5 0 64 30
0.5 120 64 0
0.5 0 73 42
0.5 120 73 0
0.5 0 69 28
0.5 120 69 0
0.5 0 71 35
0.5 0 74 42
0.5 120 74 0
0.5 0 71 0
0.5 0 69 28
0.5 120 69 0
0.5 0 73 36
0.5 0 76 43
0.5 120 76 0
0.5 0 73 0
0.5 0 69 34
0.5 120 69 0
0.5 0 73 41
0.5 0 76 49
0.5 120 76 0
0.5 0 73 0
0.5 0 69 36
0.5 120 69 0
0.5 0 74 45
0.5 0 78 53
0.5 120 78 0
0.5 0 74 0
0.5 0 69 34
0.5 120 69 0
0.5 0 76 47
0.5 0 80 56
0.5 120 80 0
0.5 0 76 0
0.5 0 69 40
0.5 120 69 0
0.5 0 80 39
0.5 0 83 47
0.5 120 80 0
0.5 0 69 28
0.5 120 69 0
0.5 0 83 0
0.5 0 81 44
0.5 0 78 37
0.5 120 78 0
0.5 0 69 24
0.5 120 69 0
0.5 0 81 0
0.5 0 80 40
0.5 0 76 34
0.5 120 76 0
0.5 0 69 24
0.5 120 69 0
0.5 0 80 0
0.5 0 78 41
0.5 0 74 34
0.5 120 74 0
0.5 0 69 30
0.5 120 69 0
0.5 0 78 0
0.5 0 76 41
0.5 0 73 34
0.5 120 73 0
0.5 0 66 24
0.5 120 66 0
0.5 0 76 0
0.5 0 74 40
0.5 0 71 34
0.5 120 71 0
0.5 0 66 20
0.5 120 66 0
0.5 0 74 0
0.5 0 73 39
0.5 0 64 33
0.5 120 64 0
0.5 0 66 28
0.5 120 66 0
0.5 0 73 0
0.5 0 71 38
0.5 0 62 32
0.5 120 62 0
0.5 0 66 28
0.5 120 66 0
0.5 0 71 0
0.5 0 69 38
0.5 0 61 32
0.5 120 61 0
0.5 0 64 28
0.5 120 64 0
0.5 0 69 0
0.5 0 73 39
0.5 120 64 28
0.5 120 64 0
0.5 0 73 0
0.5 0 62 29
0.5 0 71 35
0.5 120 62 0
0.5 0 64 27
0.5 120 64 0
0.5 0 71 0
0.5 0 68 35
0.5 120 64 24
0.5 120 64 0
0.5 0 68 0
0.5 0 61 31
0.5 0 69 38
0.5 120 69 0
0.5 0 61 0
0.5 0 64 27
0.5 120 64 0
0.5 0 61 26
0.5 120 61 0
0.5 0 64 25
0.5 120 64 0
0.5 0 69 33
0.5 120 69 0
0.5 0 73 27
0.5 120 73 0
0.5 0 76 31
0.5 120 76 0
0.5 0 73 28
0.5 120 73 0
0.5 0 76 26
0.5 0 69 26
0.5 0 81 31
0.5 240 81 0
0.5 0 69 0
0.5 0 76 0
0.5 240 76 24
0.5 0 81 28
0.5 0 69 24
0.5 240 69 0
0.5 0 81 0
0.5 0 76 0
0.5 240 76 31
0.5 0 69 31
0.5 0 81 31
0.5 240 81 0
0.5 0 69 0
0.5 0 76 0
1 0 0 0
0.5 0 45 34
0.5 0 57 40
0.5 1920 57 0
0.5 0 45 0
0.5 0 33 34
0.5 0 45 40
0.5 720 45 0
0.5 0 33 0
0.5 0 32 34
0.5 0 44 40
0.5 240 44 0
0.5 0 32 0
0.5 0 42 45
0.5 0 30 38
0.5 1440 30 0
0.5 0 42 0
0.5 0 50 46
0.5 0 38 39
0.5 480 38 0
0.5 0 50 0
0.5 0 52 43
0.5 0 40 36
0.5 960 40 0
0.5 0 52 0
0.5 0 52 43
0.5 0 45 36
0.5 480 45 0
0.5 0 52 0
0.5 480 45 25
0.5 0 52 30
0.5 240 52 0
0.5 0 45 0
0.5 240 52 27
0.5 0 45 23
0.5 240 45 0
0.5 0 52 0
0.5 240 45 30
0.5 0 52 30
0.5 240 52 0
0.5 0 45 0
0.5 480 52 42
0.5 240 52 0
0.5 0 57 53
0.5 0 49 45
0.5 456 49 0
0.5 0 57 0
0.5 24 59 54
0.5 0 52 46
0.5 456 52 0
0.5 0 59 0
0.5 24 57 49
0.5 0 61 58
0.5 951 61 0
0.5 0 57 0
0.5 9 61 56
0.5 0 57 46
0.5 0 54 46
0.5 951 54 0
0.5 0 57 0
0.5 0 61 0
0.5 9 54 57
0.5 0 50 48
0.5 960 50 0
0.5 0 54 0
0.5 0 56 45
0.5 0 47 38
0.5 456 47 0
0.5 0 56 0
0.5 24 49 34
0.5 0 56 40
0.5 480 56 0
0.5 0 49 0
0.5 0 54 34
0.5 0 57 40
0.5 960 57 0
0.5 0 54 0
0.5 0 52 31
0.5 0 40 26
0.5 960 40 0
0.5 0 52 0
0.5 0 52 32
0.5 0 45 27
0.5 480 45 0
0.5 0 52 0
0.5 240 52 54
0.5 240 52 0
0.5 0 57 60
0.5 0 49 51
0.5 456 49 0
0.5 0 57 0
0.5 24 59 61
0.5 0 52 52
0.5 456 52 0
0.5 0 59 0
0.5 24 57 56
0.5 0 61 67
0.5 713 61 0
0.5 7 61 56
0.5 228 61 0
0.5 12 57 0
0.5 0 61 65
0.5 0 57 52
0.5 0 54 52
0.5 228 61 0
0.5 12 61 58
0.5 228 61 0
0.5 12 64 65
0.5 360 64 0
0.5 0 62 57
0.5 120 62 0
0.5 0 54 0
0.5 0 57 0
0.5 0 50 66
0.5 0 61 54
0.5 480 61 0
0.5 0 50 0
0.5 0 59 40
0.5 240 59 0
0.5 240 47 45
0.5 480 47 0
0.5 0 49 34
0.5 0 56 40
0.5 480 56 0
0.5 0 49 0
0.5 0 54 34
0.5 0 57 40
0.5 960 57 0
0.5 0 54 0
0.5 0 52 31
0.5 0 40 26
0.5 960 40 0
0.5 0 52 0
0.5 0 45 27
0.5 240 52 38
0.5 216 52 0
0.5 24 52 41
0.5 216 52 0
0.5 24 52 47
0.5 216 52 0
0.5 24 45 0
0.5 0 49 34
0.5 0 52 40
0.5 216 52 0
0.5 24 52 30
0.5 216 52 0
0.5 24 52 33
0.5 216 52 0
0.5 24 52 33
0.5 216 52 0
0.5 24 49 0
0.5 0 50 34
0.5 240 52 31
0.5 216 52 0
0.5 24 52 33
0.5 216 52 0
0.5 24 52 32
0.5 216 52 0
0.5 24 50 0
0.5 0 49 32
0.5 0 52 38
0.5 216 52 0
0.5 0 49 0
0.5 24 49 26
0.5 0 52 31
0.5 216 52 0
0.5 0 49 0
0.5 24 47 27
0.5 0 52 32
0.5 216 52 0
0.5 0 47 0
0.5 24 45 25
0.5 0 52 30
0.5 216 52 0
0.5 0 45 0
0.5 24 44 33
0.5 240 52 29
0.5 216 52 0
0.5 24 52 32
0.5 216 52 0
0.5 24 52 27
0.5 216 52 0
0.5 24 44 0
0.5 0 52 32
0.5 240 52 0
0.5 0 45 30
0.5 240 45 0
0.5 0 44 32
0.5 0 59 45
0.5 240 59 0
0.5 0 44 0
0.5 0 42 32
0.5 0 57 46
0.5 240 57 0
0.5 0 42 0
0.5 0 47 33
0.5 0 56 33
0.5 960 56 0
0.5 0 54 33
0.5 720 54 0
0.5 0 57 33
0.5 230 57 0
0.5 10 47 0
0.5 0 40 33
0.5 960 40 0
0.5 0 45 28
0.5 0 57 33
0.5 216 57 0
0.5 24 57 24
0.5 216 57 0
0.5 24 45 0
0.5 0 49 28
0.5 0 57 27
0.5 216 57 0
0.5 24 57 27
0.5 216 57 0
0.5 24 49 0
0.5 0 57 33
0.5 0 50 28
0.5 216 57 0
0.5 24 57 25
0.5 216 57 0
0.5 24 57 27
0.5 216 57 0
0.5 24 57 27
0.5 216 57 0
0.5 24 50 0
0.5 0 45 20
0.5 0 57 23
0.5 216 57 0
0.5 24 57 16
0.5 216 57 0
0.5 24 45 0
0.5 0 49 20
0.5 0 57 19
0.5 216 57 0
0.5 24 57 19
0.5 216 57 0
0.5 24 49 0
0.5 0 57 20
0.5 0 50 17
0.5 216 57 0
0.5 24 57 15
0.5 216 57 0
0.5 24 57 16
0.5 216 57 0
0.5 24 57 19
0.5 216 57 0
0.5 24 50 0
0.5 0 57 54
0.5 0 49 48
0.5 216 57 0
0.5 24 57 42
0.5 216 57 0
0.5 24 57 44
0.5 216 57 0
0.5 24 57 44
0.5 216 57 0
0.5 24 57 40
0.5 216 57 0
0.5 24 49 0
0.5 0 50 22
0.5 0 57 22
0.5 180 57 0
0.5 0 50 0
0.5 60 49 22
0.5 0 57 24
0.5 180 57 0
0.5 0 49 0
0.5 60 47 22
0.5 0 57 24
0.5 180 57 0
0.5 0 47 0
0.5 60 52 24
0.5 0 57 28
0.5 480 57 0
0.5 0 56 24
0.5 480 56 0
0.5 0 52 0
0.5 0 45 24
0.5 720 52 54
0.5 240 52 0
0.5 0 45 0
0.5 240 52 40
0.5 0 49 40
0.5 0 57 48
0.5 240 57 0
0.5 0 49 0
0.5 0 52 0
0.5 240 56 42
0.5 0 52 42
0.5 0 59 49
0.5 240 59 0
0.5 0 52 0
0.5 0 56 0
0.5 240 57 37
0.5 0 61 45
0.5 216 61 0
0.5 0 57 0
0.5 24 57 37
0.5 0 61 45
0.5 216 61 0
0.5 0 57 0
0.5 24 57 31
0.5 0 61 37
0.5 216 61 0
0.5 0 57 0
0.5 264 49 37
0.5 0 52 37
0.5 0 61 45
0.5 0 57 37
0.5 216 57 0
0.5 0 49 0
0.5 0 52 0
0.5 0 61 0
0.5 24 49 37
0.5 0 52 37
0.5 0 57 37
0.5 0 61 45
0.5 216 61 0
0.5 0 49 0
0.5 0 52 0
0.5 0 57 0
0.5 24 49 31
0.5 0 52 31
0.5 0 57 31
0.5 0 61 37
0.5 216 61 0
0.5 0 49 0
0.5 0 52 0
0.5 0 57 0
0.5 264 54 47
0.5 0 63 56
0.5 0 57 47
0.5 216 57 0
0.5 0 63 0
0.5 0 54 0
0.5 24 54 47
0.5 0 57 47
0.5 0 63 56
0.5 216 63 0
0.5 0 57 0
0.5 0 54 0
0.5 24 54 39
0.5 0 57 39
0.5 0 63 47
0.5 216 63 0
0.5 0 57 0
0.5 0 54 0
0.5 24 53 51
0.5 0 57 51
0.5 0 62 61
0.5 216 62 0
0.5 0 57 0
0.5 0 53 0
0.5 24 53 43
0.5 0 57 43
0.5 0 62 51
0.5 216 62 0
0.5 0 57 0
0.5 0 53 0
0.5 24 59 51
0.5 0 53 51
0.5 0 57 51
0.5 0 62 61
0.5 216 62 0
0.5 0 59 0
0.5 0 53 0
0.5 0 57 0
0.5 24 59 43
0.5 0 53 43
0.5 0 57 43
0.5 0 62 51
0.5 216 62 0
0.5 0 59 0
0.5 0 53 0
0.5 0 57 0
0.5 24 52 50
0.5 0 57 50
0.5 0 61 59
0.5 480 61 0
0.5 0 57 0
0.5 0 52 0
0.5 1920 52 31
0.5 480 52 0
0.5 0 40 26
0.5 0 50 31
0.5 960 50 0
0.5 0 40 0
0.5 0 45 28
0.5 0 49 34
0.5 480 49 0
0.5 1440 45 0
0.5 0 33 28
0.5 0 45 34
0.5 720 45 0
0.5 0 33 0
0.5 0 32 28
0.5 0 44 34
0.5 240 44 0
0.5 0 32 0
0.5 0 42 38
0.5 0 30 32
0.5 1440 30 0
0.5 0 42 0
0.5 0 50 39
0.5 0 38 33
0.5 480 38 0
0.5 0 50 0
0.5 0 52 36
0.5 0 40 30
0.5 960 40 0
0.5 0 52 0
0.5 0 52 36
0.5 0 45 30
0.5 480 45 0
0.5 0 52 0
0.5 480 61 21
0.5 0 57 21
0.5 0 64 25
0.5 240 64 0
0.5 0 57 0
0.5 0 61 0
0.5 240 61 19
0.5 0 64 22
0.5 0 57 19
0.5 240 57 0
0.5 0 64 0
0.5 0 61 0
0.5 240 61 25
0.5 0 57 25
0.5 0 64 25
0.5 240 64 0
0.5 0 57 0
0.5 0 61 0
0 85 64 127
0 881 64 0
0 100 64 127
0 863 64 0
0 62 64 127
0 418 64 0
0 62 64 127
0 183 64 0
0 85 64 127
0 155 64 0
0 50 64 127
0 193 64 0
0 61 64 127
0 172 64 0
0 82 64 127
0 158 64 0
0 61 64 127
0 219 64 0
0 49 64 127
0 155 64 0
0 92 64 127
0 163 64 0
0 70 64 127
0 149 64 0
0 49 64 127
0 200 64 0
0 96 64 127
0 385 64 0
0 102 64 127
0 373 64 0
0 93 64 127
0 2393 64 0
0 466 64 127
0 411 64 0
0 97 64 127
0 381 64 0
0 120 64 127
0 849 64 0
0 980 64 127
0 940 64 0
0 118 64 127
0 356 64 0
0 124 64 127
0 350 64 0
0 159 64 127
0 807 64 0
0 195 64 127
0 773 64 0
0 189 64 127
0 322 64 0
0 509 64 127
0 411 64 0
0 97 64 127
0 381 64 0
0 120 64 127
0 849 64 0
0 980 64 127
0 940 64 0
0 118 64 127
0 356 64 0
0 124 64 127
0 350 64 0
0 159 64 127
0 807 64 0
0 195 64 127
0 773 64 0
0 189 64 127
0 760 64 0
0 142 64 127
0 339 64 0
0 465 64 127
0 487 64 0
0 1433 64 127
0 492 64 0
0 114 64 127
0 604 64 0
0 774 64 127
0 910 64 0
0 71 64 127
0 885 64 0
0 131 64 127
0 358 64 0
0 475 64 0
0 142 64 127
0 811 64 0
0 78 64 127
0 402 64 0
0 487 64 0
0 142 64 127
0 812 64 0
0 105 64 127
0 374 64 0
0 487 64 0
0 142 64 127
0 807 64 0
0 47 64 127
0 199 64 0
0 1671 64 127
0 492 64 0
0 553 64 127
0 411 64 0
0 97 64 127
0 381 64 0
0 120 64 127
0 849 64 0
0 48 64 127
0 889 64 0
0 137 64 127
0 848 64 0
0 158 64 127
0 781 64 0
0 180 64 127
0 551 64 0
0 352 64 127
0 840 64 0
0 99 64 127
0 861 64 0
0 92 64 127
0 154 64 0
0 792 64 127
0 881 64 0
0 100 64 127
0 863 64 0
0 62 64 127
0 418 64 0
0 62 64 127
0 183 64 0
0 85 64 127
0 155 64 0
0 50 64 127
0 193 64 0
0 61 64 127
0 172 64 0
0 82 64 127
0 158 64 0
0 61 64 127
0 219 64 0
0 49 64 127
0 155 64 0
0 92 64 127
0 163 64 0
0 70 64 127
0 149 64 0
0 49 64 127
0 200 64 0
0 96 64 127
0 385 64 0
0 102 64 127
0 373 64 0
0 93 64 127
0 2167 64 0
1 0 0 0
