0 0 7 100
0 0 10 64
0 0 91 127
0.5 960 51 57
0.5 1440 51 0
0.5 0 54 59
0.5 240 54 0
0.5 0 52 55
0.5 240 52 0
0.5 0 51 59
0.5 480 51 0
0.5 0 52 56
0.5 480 52 0
0.5 0 51 59
0.5 480 51 0
0.5 0 56 69
0.5 480 56 0
0.5 0 58 70
0.5 480 58 0
0.5 0 59 70
0.5 480 59 0
0.5 0 58 73
0.5 960 58 0
0.5 0 56 67
0.5 480 56 0
0.5 480 61 73
0.5 960 61 0
0.5 0 68 69
0.5 480 68 0
0.5 480 61 74
0.5 960 61 0
0.5 0 68 69
0.5 480 68 0
0.5 0 68 67
0.5 480 68 0
0.5 0 63 70
0.5 960 63 0
0.5 0 61 68
0.5 960 61 0
0.5 0 59 66
0.5 480 59 0
0.5 0 63 62
0.5 480 63 0
0.5 0 58 66
0.5 480 58 0
0.5 480 56 69
0.5 960 56 0
0.5 0 54 57
0.5 480 54 0
0.5 0 52 53
0.5 480 52 0
0.5 0 51 55
0.5 480 51 0
0.5 480 51 67
0.5 1440 51 0
0.5 0 54 64
0.5 240 54 0
0.5 0 52 60
0.5 240 52 0
0.5 0 51 64
0.5 480 51 0
0.5 0 52 61
0.5 480 52 0
0.5 0 51 64
0.5 480 51 0
0.5 0 56 75
0.5 480 56 0
0.5 0 58 77
0.5 480 58 0
0.5 0 59 77
0.5 480 59 0
0.5 0 58 80
0.5 960 58 0
0.5 0 56 77
0.5 480 56 0
0.5 480 61 80
0.5 960 61 0
0.5 0 64 75
0.5 480 64 0
0.5 480 64 81
0.5 960 64 0
0.5 0 64 78
0.5 960 64 0
0.5 0 62 80
0.5 2880 62 0
0.5 0 60 75
0.5 480 60 0
0.5 480 61 86
0.5 960 61 0
0.5 0 68 76
0.5 480 68 0
0.5 0 68 71
0.5 480 68 0
0.5 0 63 77
0.5 480 63 0
0.5 0 59 68
0.5 480 59 0
0.5 0 58 73
0.5 960 58 0
0.5 0 56 70
0.5 1440 56 0
0.5 480 88 70
0.5 0 85 70
0.5 0 76 64
0.5 0 81 64
0.5 480 81 0
0.5 0 88 0
0.5 0 85 0
0.5 0 76 0
0.5 0 85 72
0.5 0 73 66
0.5 480 73 0
0.5 0 85 0
0.5 0 87 72
0.5 0 75 66
0.5 0 78 66
0.5 0 83 72
0.5 480 83 0
0.5 0 87 0
0.5 0 75 0
0.5 0 78 0
0.5 0 71 60
0.5 0 83 66
0.5 480 83 0
0.5 0 71 0
0.5 0 76 66
0.5 0 81 72
0.5 0 85 72
0.5 0 73 66
0.5 480 73 0
0.5 0 76 0
0.5 0 81 0
0.5 0 85 0
0.5 0 69 63
0.5 0 81 69
0.5 480 81 0
0.5 0 69 0
0.5 0 78 69
0.5 0 66 63
0.5 0 69 63
0.5 0 74 69
0.5 960 74 0
0.5 0 78 0
0.5 0 66 0
0.5 0 69 0
0.5 0 81 70
0.5 0 85 77
0.5 0 88 77
0.5 0 76 70
0.5 480 76 0
0.5 0 81 0
0.5 0 85 0
0.5 0 88 0
0.5 0 85 79
0.5 0 73 72
0.5 480 73 0
0.5 0 85 0
0.5 0 87 80
0.5 0 75 73
0.5 0 78 73
0.5 0 83 80
0.5 480 83 0
0.5 0 87 0
0.5 0 75 0
0.5 0 78 0
0.5 0 71 66
0.5 0 83 72
0.5 480 83 0
0.5 0 71 0
0.5 0 76 73
0.5 0 81 80
0.5 0 85 80
0.5 0 73 73
0.5 960 73 0
0.5 0 76 0
0.5 0 81 0
0.5 0 85 0
0.5 0 74 77
0.5 0 66 70
0.5 0 69 70
0.5 0 78 77
0.5 960 78 0
0.5 0 74 0
0.5 0 66 0
0.5 0 69 0
0.5 0 81 77
0.5 0 76 77
0.5 0 88 84
0.5 0 85 84
0.5 480 85 0
0.5 0 81 0
0.5 0 76 0
0.5 0 88 0
0.5 0 85 86
0.5 0 73 79
0.5 480 73 0
0.5 0 85 0
0.5 0 87 86
0.5 0 83 86
0.5 0 78 79
0.5 0 75 79
0.5 480 75 0
0.5 0 87 0
0.5 0 83 0
0.5 0 78 0
0.5 0 71 72
0.5 0 83 79
0.5 480 83 0
0.5 0 71 0
0.5 0 76 79
0.5 0 73 79
0.5 0 85 86
0.5 0 81 86
0.5 480 81 0
0.5 0 76 0
0.5 0 73 0
0.5 0 85 0
0.5 0 69 75
0.5 0 81 82
0.5 480 81 0
0.5 0 69 0
0.5 0 69 75
0.5 0 66 75
0.5 0 78 82
0.5 0 74 82
0.5 960 74 0
0.5 0 69 0
0.5 0 66 0
0.5 0 78 0
0.5 0 78 81
0.5 0 73 81
0.5 0 85 89
0.5 0 81 89
0.5 960 81 0
0.5 0 78 0
0.5 0 73 0
0.5 0 85 0
0.5 0 74 85
0.5 0 69 78
0.5 0 66 78
0.5 0 78 85
0.5 960 78 0
0.5 0 74 0
0.5 0 69 0
0.5 0 66 0
0.5 0 78 82
0.5 0 73 82
0.5 0 81 90
0.5 0 85 90
0.5 960 85 0
0.5 0 78 0
0.5 0 73 0
0.5 0 81 0
0.5 0 74 74
0.5 0 80 81
0.5 0 68 74
0.5 0 71 74
0.5 480 71 0
0.5 0 74 0
0.5 0 80 0
0.5 0 68 0
0.5 0 66 75
0.5 0 78 82
0.5 480 78 0
0.5 0 66 0
0.5 0 81 88
0.5 0 85 88
0.5 0 73 80
0.5 0 76 80
0.5 960 76 0
0.5 0 81 0
0.5 0 85 0
0.5 0 73 0
0.5 0 69 77
0.5 0 74 84
0.5 0 78 84
0.5 0 66 77
0.5 960 66 0
0.5 0 69 0
0.5 0 74 0
0.5 0 78 0
0.5 0 78 80
0.5 0 73 80
0.5 0 85 88
0.5 0 81 88
0.5 960 81 0
0.5 0 78 0
0.5 0 73 0
0.5 0 85 0
0.5 0 75 79
0.5 0 78 79
0.5 0 87 86
0.5 0 84 86
0.5 960 84 0
0.5 0 75 0
0.5 0 78 0
0.5 0 87 0
0.5 0 88 77
0.5 0 80 70
0.5 0 85 77
0.5 0 76 70
0.5 480 76 0
0.5 0 88 0
0.5 0 80 0
0.5 0 85 0
0.5 0 80 68
0.5 0 92 75
0.5 480 92 0
0.5 0 80 0
0.5 0 74 71
0.5 0 78 71
0.5 0 81 71
0.5 0 86 78
0.5 960 86 0
0.5 0 74 0
0.5 0 78 0
0.5 0 81 0
0.5 0 72 61
0.5 0 78 61
0.5 0 84 61
0.5 0 80 61
0.5 960 80 0
0.5 0 72 0
0.5 0 78 0
0.5 0 84 0
0.5 0 76 55
0.5 0 73 55
0.5 0 80 55
0.5 0 85 55
0.5 480 85 0
0.5 0 76 0
0.5 0 73 0
0.5 0 80 0
0.5 0 68 44
0.5 0 80 44
0.5 480 80 0
0.5 0 68 0
0.5 0 75 44
0.5 0 81 44
0.5 0 73 44
0.5 0 69 44
0.5 960 69 0
0.5 0 75 0
0.5 0 81 0
0.5 0 73 0
0.5 0 76 38
0.5 0 80 38
0.5 0 68 38
0.5 0 73 38
0.5 960 73 0
0.5 0 76 0
0.5 0 80 0
0.5 0 68 0
0.5 0 66 47
0.5 0 73 47
0.5 0 75 47
0.5 0 78 47
0.5 960 78 0
0.5 0 66 0
0.5 0 73 0
0.5 0 75 0
0.5 0 73 52
0.5 0 85 52
0.5 240 85 0
0.5 0 73 0
0.5 720 73 84
0.5 0 79 84
0.5 0 82 84
0.5 0 70 84
0.5 1920 70 0
0.5 0 73 0
0.5 0 79 0
0.5 0 82 0
0.5 0 75 96
0.5 0 80 96
0.5 0 83 96
0.5 0 71 96
0.5 480 71 0
0.5 0 75 0
0.5 0 80 0
0.5 0 83 0
0.5 480 92 104
0.5 0 80 104
0.5 480 80 0
0.5 0 92 0
0.5 480 88 99
0.5 0 76 99
0.5 0 85 99
0.5 0 80 99
0.5 480 80 0
0.5 0 88 0
0.5 0 76 0
0.5 0 85 0
0.5 480 87 95
0.5 0 83 95
0.5 0 79 95
0.5 0 75 95
0.5 480 75 0
0.5 0 87 0
0.5 0 83 0
0.5 0 79 0
0.5 0 71 94
0.5 0 83 94
0.5 480 83 0
0.5 0 71 0
0.5 0 68 90
0.5 0 80 100
0.5 480 80 0
0.5 0 68 0
0.5 480 75 102
0.5 0 63 86
0.5 1440 63 0
0.5 0 75 0
0.5 0 78 100
0.5 0 66 90
0.5 240 66 0
0.5 0 78 0
0.5 0 76 92
0.5 0 64 82
0.5 240 64 0
0.5 0 76 0
0.5 0 63 88
0.5 0 75 98
0.5 480 75 0
0.5 0 63 0
0.5 0 64 82
0.5 0 76 92
0.5 480 76 0
0.5 0 64 0
0.5 0 75 96
0.5 0 63 86
0.5 480 63 0
0.5 0 75 0
0.5 0 80 106
0.5 0 68 95
0.5 480 68 0
0.5 0 80 0
0.5 0 82 110
0.5 0 70 99
0.5 480 70 0
0.5 0 82 0
0.5 0 83 110
0.5 0 71 99
0.5 480 71 0
0.5 0 83 0
0.5 0 82 113
0.5 0 70 101
0.5 960 70 0
0.5 0 82 0
0.5 0 80 110
0.5 0 68 99
0.5 480 68 0
0.5 0 80 0
0.5 480 85 113
0.5 0 73 101
0.5 960 73 0
0.5 0 85 0
0.5 0 80 95
0.5 0 92 106
0.5 480 92 0
0.5 0 80 0
0.5 480 85 115
0.5 0 73 103
0.5 960 73 0
0.5 0 85 0
0.5 0 92 106
0.5 0 80 95
0.5 480 80 0
0.5 0 92 0
0.5 0 92 104
0.5 0 80 93
0.5 480 80 0
0.5 0 92 0
0.5 0 87 110
0.5 0 75 99
0.5 960 75 0
0.5 0 87 0
0.5 0 85 105
0.5 0 73 94
0.5 960 73 0
0.5 0 85 0
0.5 0 83 102
0.5 0 71 91
0.5 480 71 0
0.5 0 83 0
0.5 0 87 96
0.5 0 75 86
0.5 480 75 0
0.5 0 87 0
0.5 0 82 102
0.5 0 70 91
0.5 480 70 0
0.5 0 82 0
0.5 480 80 96
0.5 0 68 86
0.5 960 68 0
0.5 0 80 0
0.5 0 78 89
0.5 0 66 80
0.5 480 66 0
0.5 0 78 0
0.5 0 76 81
0.5 0 64 72
0.5 480 64 0
0.5 0 76 0
0.5 0 75 85
0.5 0 63 76
0.5 480 63 0
0.5 0 75 0
0.5 480 51 57
0.5 1440 51 0
0.5 0 54 59
0.5 240 54 0
0.5 0 52 56
0.5 240 52 0
0.5 0 51 59
0.5 480 51 0
0.5 0 52 56
0.5 480 52 0
0.5 0 51 59
0.5 480 51 0
0.5 0 56 58
0.5 480 56 0
0.5 0 58 59
0.5 480 58 0
0.5 0 59 59
0.5 480 59 0
0.5 0 58 62
0.5 960 58 0
0.5 0 56 59
0.5 480 56 0
0.5 480 61 68
0.5 960 61 0
0.5 0 64 63
0.5 480 64 0
0.5 480 64 68
0.5 960 64 0
0.5 0 64 66
0.5 960 64 0
0.5 960 68 64
0.5 960 68 0
0.5 0 63 65
0.5 480 63 0
0.5 0 59 57
0.5 480 59 0
0.5 0 58 62
0.5 960 58 0
0.5 0 56 54
0.5 480 56 0
0.5 4320 51 35
0.5 1440 51 0
0.5 0 54 33
0.5 240 54 0
0.5 0 52 30
0.5 240 52 0
0.5 0 51 34
0.5 480 51 0
0.5 0 52 32
0.5 480 52 0
0.5 3840 51 29
0.5 1440 51 0
1 0 0 0
0 0 7 100
0 0 10 64
0 0 91 127
0.5 0 32 32
0.5 0 39 32
0.5 0 44 38
0.5 480 44 0
0.5 0 39 0
0.5 0 32 0
0.5 0 39 29
0.5 0 35 29
0.5 0 47 35
0.5 480 47 0
0.5 0 35 0
0.5 0 39 0
0.5 0 32 32
0.5 0 44 38
0.5 0 39 32
0.5 480 39 0
0.5 0 44 0
0.5 0 32 0
0.5 0 39 29
0.5 0 47 35
0.5 0 35 29
0.5 480 35 0
0.5 0 47 0
0.5 0 39 0
0.5 0 32 32
0.5 0 44 38
0.5 0 39 32
0.5 480 39 0
0.5 0 44 0
0.5 0 32 0
0.5 0 35 29
0.5 0 47 35
0.5 0 39 29
0.5 480 39 0
0.5 0 47 0
0.5 0 35 0
0.5 0 39 32
0.5 0 32 32
0.5 0 44 38
0.5 480 44 0
0.5 0 32 0
0.5 0 39 0
0.5 0 39 29
0.5 0 35 29
0.5 0 47 35
0.5 480 47 0
0.5 0 35 0
0.5 0 39 0
0.5 0 39 32
0.5 0 32 32
0.5 0 44 38
0.5 480 44 0
0.5 0 32 0
0.5 0 39 0
0.5 0 39 29
0.5 0 47 35
0.5 0 35 29
0.5 480 35 0
0.5 0 47 0
0.5 0 39 0
0.5 0 39 35
0.5 0 44 42
0.5 0 32 35
0.5 480 32 0
0.5 0 44 0
0.5 0 39 0
0.5 0 39 31
0.5 0 35 31
0.5 0 47 37
0.5 480 47 0
0.5 0 35 0
0.5 0 39 0
0.5 0 39 36
0.5 0 32 36
0.5 0 44 43
0.5 480 44 0
0.5 0 32 0
0.5 0 39 0
0.5 0 39 32
0.5 0 35 32
0.5 0 47 38
0.5 480 47 0
0.5 0 35 0
0.5 0 39 0
0.5 0 39 32
0.5 0 44 38
0.5 0 32 32
0.5 480 32 0
0.5 0 44 0
0.5 0 39 0
0.5 0 39 29
0.5 0 47 35
0.5 0 35 29
0.5 480 35 0
0.5 0 47 0
0.5 0 39 0
0.5 0 33 38
0.5 0 37 38
0.5 0 45 45
0.5 480 45 0
0.5 0 37 0
0.5 0 33 0
0.5 0 37 34
0.5 0 49 41
0.5 0 40 34
0.5 480 40 0
0.5 0 49 0
0.5 0 37 0
0.5 0 32 37
0.5 0 40 44
0.5 0 28 37
0.5 480 28 0
0.5 0 40 0
0.5 0 32 0
0.5 0 35 33
0.5 0 44 39
0.5 0 32 33
0.5 480 32 0
0.5 0 44 0
0.5 0 35 0
0.5 0 37 38
0.5 0 33 38
0.5 0 45 45
0.5 480 45 0
0.5 0 33 0
0.5 0 37 0
0.5 0 37 33
0.5 0 40 33
0.5 0 49 39
0.5 480 49 0
0.5 0 40 0
0.5 0 37 0
0.5 0 28 38
0.5 0 32 38
0.5 0 40 45
0.5 480 40 0
0.5 0 32 0
0.5 0 28 0
0.5 0 32 34
0.5 0 35 34
0.5 0 44 40
0.5 480 44 0
0.5 0 35 0
0.5 0 32 0
0.5 0 34 38
0.5 0 31 38
0.5 0 43 45
0.5 480 43 0
0.5 0 31 0
0.5 0 34 0
0.5 0 34 29
0.5 0 39 29
0.5 0 46 35
0.5 480 46 0
0.5 0 39 0
0.5 0 34 0
0.5 0 31 32
0.5 0 34 32
0.5 0 43 38
0.5 480 43 0
0.5 0 34 0
0.5 0 31 0
0.5 0 34 29
0.5 0 39 29
0.5 0 46 35
0.5 480 46 0
0.5 0 39 0
0.5 0 34 0
0.5 0 32 35
0.5 0 39 35
0.5 0 44 42
0.5 480 44 0
0.5 0 39 0
0.5 0 32 0
0.5 0 35 29
0.5 0 39 29
0.5 0 47 35
0.5 480 47 0
0.5 0 39 0
0.5 0 35 0
0.5 0 31 32
0.5 0 34 32
0.5 0 43 38
0.5 480 43 0
0.5 0 34 0
0.5 0 31 0
0.5 0 34 29
0.5 0 39 29
0.5 0 46 35
0.5 480 46 0
0.5 0 39 0
0.5 0 34 0
0.5 0 32 34
0.5 0 35 34
0.5 0 44 40
0.5 480 44 0
0.5 0 35 0
0.5 0 32 0
0.5 0 35 29
0.5 0 39 29
0.5 0 47 35
0.5 480 47 0
0.5 0 39 0
0.5 0 35 0
0.5 0 33 32
0.5 0 37 32
0.5 0 45 38
0.5 480 45 0
0.5 0 37 0
0.5 0 33 0
0.5 0 37 28
0.5 0 40 28
0.5 0 49 33
0.5 480 49 0
0.5 0 40 0
0.5 0 37 0
0.5 0 32 30
0.5 0 39 30
0.5 0 44 36
0.5 480 44 0
0.5 0 39 0
0.5 0 32 0
0.5 0 35 26
0.5 0 39 26
0.5 0 47 31
0.5 480 47 0
0.5 0 39 0
0.5 0 35 0
0.5 0 32 38
0.5 0 39 38
0.5 0 44 45
0.5 480 44 0
0.5 0 39 0
0.5 0 32 0
0.5 0 35 32
0.5 0 39 32
0.5 0 47 38
0.5 480 47 0
0.5 0 39 0
0.5 0 35 0
0.5 0 32 34
0.5 0 39 34
0.5 0 44 41
0.5 480 44 0
0.5 0 39 0
0.5 0 32 0
0.5 0 35 32
0.5 0 39 32
0.5 0 47 38
0.5 480 47 0
0.5 0 39 0
0.5 0 35 0
0.5 0 32 34
0.5 0 39 34
0.5 0 44 41
0.5 480 44 0
0.5 0 39 0
0.5 0 32 0
0.5 0 35 32
0.5 0 39 32
0.5 0 47 38
0.5 480 47 0
0.5 0 39 0
0.5 0 35 0
0.5 0 32 34
0.5 0 39 34
0.5 0 44 41
0.5 480 44 0
0.5 0 39 0
0.5 0 32 0
0.5 0 35 32
0.5 0 39 32
0.5 0 47 38
0.5 480 47 0
0.5 0 39 0
0.5 0 35 0
0.5 0 32 39
0.5 0 39 39
0.5 0 44 46
0.5 480 44 0
0.5 0 39 0
0.5 0 32 0
0.5 0 35 34
0.5 0 39 34
0.5 0 47 40
0.5 480 47 0
0.5 0 39 0
0.5 0 35 0
0.5 0 32 39
0.5 0 39 39
0.5 0 44 47
0.5 480 44 0
0.5 0 39 0
0.5 0 32 0
0.5 0 35 34
0.5 0 39 34
0.5 0 47 41
0.5 480 47 0
0.5 0 39 0
0.5 0 35 0
0.5 0 32 34
0.5 0 39 34
0.5 0 44 41
0.5 480 44 0
0.5 0 39 0
0.5 0 32 0
0.5 0 35 32
0.5 0 39 32
0.5 0 47 38
0.5 480 47 0
0.5 0 39 0
0.5 0 35 0
0.5 0 37 46
0.5 0 33 46
0.5 0 45 55
0.5 480 45 0
0.5 0 33 0
0.5 0 37 0
0.5 0 37 41
0.5 0 40 41
0.5 0 49 49
0.5 480 49 0
0.5 0 40 0
0.5 0 37 0
0.5 0 28 45
0.5 0 32 45
0.5 0 40 53
0.5 480 40 0
0.5 0 32 0
0.5 0 28 0
0.5 0 32 41
0.5 0 35 41
0.5 0 44 49
0.5 480 44 0
0.5 0 35 0
0.5 0 32 0
0.5 0 37 48
0.5 0 33 48
0.5 0 45 57
0.5 480 45 0
0.5 0 33 0
0.5 0 37 0
0.5 0 37 43
0.5 0 40 43
0.5 0 49 51
0.5 480 49 0
0.5 0 40 0
0.5 0 37 0
0.5 0 28 49
0.5 0 32 49
0.5 0 40 58
0.5 480 40 0
0.5 0 32 0
0.5 0 28 0
0.5 0 32 44
0.5 0 35 44
0.5 0 44 52
0.5 480 44 0
0.5 0 35 0
0.5 0 32 0
0.5 0 30 48
0.5 0 33 48
0.5 0 42 57
0.5 480 42 0
0.5 0 33 0
0.5 0 30 0
0.5 0 33 44
0.5 0 38 44
0.5 0 45 52
0.5 480 45 0
0.5 0 38 0
0.5 0 33 0
0.5 0 30 49
0.5 0 38 49
0.5 0 42 58
0.5 480 42 0
0.5 0 38 0
0.5 0 30 0
0.5 0 33 45
0.5 0 38 45
0.5 0 45 53
0.5 480 45 0
0.5 0 38 0
0.5 0 33 0
0.5 0 30 50
0.5 0 38 50
0.5 0 42 59
0.5 480 42 0
0.5 0 38 0
0.5 0 30 0
0.5 0 33 42
0.5 0 38 42
0.5 0 45 50
0.5 480 45 0
0.5 0 38 0
0.5 0 33 0
0.5 0 32 50
0.5 0 39 50
0.5 0 44 59
0.5 480 44 0
0.5 0 39 0
0.5 0 32 0
0.5 0 36 44
0.5 0 39 44
0.5 0 48 52
0.5 480 48 0
0.5 0 39 0
0.5 0 36 0
0.5 0 37 49
0.5 0 33 49
0.5 0 45 58
0.5 480 45 0
0.5 0 33 0
0.5 0 37 0
0.5 0 37 43
0.5 0 40 43
0.5 0 49 51
0.5 480 49 0
0.5 0 40 0
0.5 0 37 0
0.5 0 28 46
0.5 0 32 46
0.5 0 40 55
0.5 480 40 0
0.5 0 32 0
0.5 0 28 0
0.5 0 32 42
0.5 0 35 42
0.5 0 44 50
0.5 480 44 0
0.5 0 35 0
0.5 0 32 0
0.5 0 42 45
0.5 0 35 45
0.5 0 47 54
0.5 480 47 0
0.5 0 35 0
0.5 0 42 0
0.5 0 39 32
0.5 0 42 32
0.5 0 51 38
0.5 480 51 0
0.5 0 42 0
0.5 0 39 0
0.5 0 31 45
0.5 0 39 45
0.5 0 43 54
0.5 480 43 0
0.5 0 39 0
0.5 0 31 0
0.5 0 34 35
0.5 0 39 35
0.5 0 46 42
0.5 480 46 0
0.5 0 39 0
0.5 0 34 0
0.5 0 32 39
0.5 0 39 39
0.5 0 44 46
0.5 480 44 0
0.5 0 39 0
0.5 0 32 0
0.5 0 35 30
0.5 0 39 30
0.5 0 47 36
0.5 480 47 0
0.5 0 39 0
0.5 0 35 0
0.5 0 32 37
0.5 0 39 37
0.5 0 44 44
0.5 480 44 0
0.5 0 39 0
0.5 0 32 0
0.5 0 35 31
0.5 0 39 31
0.5 0 47 37
0.5 480 47 0
0.5 0 39 0
0.5 0 35 0
0.5 0 33 44
0.5 0 37 44
0.5 0 45 52
0.5 480 45 0
0.5 0 37 0
0.5 0 37 41
0.5 0 45 49
0.5 480 45 0
0.5 0 37 0
0.5 0 33 0
0.5 0 35 44
0.5 0 39 44
0.5 0 47 52
0.5 480 47 0
0.5 0 39 0
0.5 0 39 48
0.5 0 47 48
0.5 480 47 0
0.5 0 39 0
0.5 0 35 0
0.5 0 37 44
0.5 0 40 44
0.5 0 49 52
0.5 480 49 0
0.5 0 40 0
0.5 0 40 42
0.5 0 49 50
0.5 480 49 0
0.5 0 40 0
0.5 0 37 0
0.5 0 38 45
0.5 0 42 45
0.5 0 50 53
0.5 480 50 0
0.5 0 42 0
0.5 0 42 42
0.5 0 50 50
0.5 480 50 0
0.5 0 42 0
0.5 0 38 0
0.5 0 33 45
0.5 0 37 45
0.5 0 45 53
0.5 480 45 0
0.5 0 37 0
0.5 0 37 39
0.5 0 45 47
0.5 480 45 0
0.5 0 37 0
0.5 0 33 0
0.5 0 35 44
0.5 0 39 44
0.5 0 47 52
0.5 480 47 0
0.5 0 39 0
0.5 0 39 38
0.5 0 47 45
0.5 480 47 0
0.5 0 39 0
0.5 0 35 0
0.5 0 37 44
0.5 0 40 44
0.5 0 49 52
0.5 480 49 0
0.5 0 40 0
0.5 0 40 42
0.5 0 49 50
0.5 480 49 0
0.5 0 40 0
0.5 0 37 0
0.5 0 38 44
0.5 0 42 44
0.5 0 50 52
0.5 480 50 0
0.5 0 42 0
0.5 0 42 40
0.5 0 50 48
0.5 480 50 0
0.5 0 42 0
0.5 0 38 0
0.5 0 33 47
0.5 0 37 47
0.5 0 45 56
0.5 480 45 0
0.5 0 37 0
0.5 0 37 42
0.5 0 45 50
0.5 480 45 0
0.5 0 37 0
0.5 0 33 0
0.5 0 35 47
0.5 0 39 47
0.5 0 47 56
0.5 480 47 0
0.5 0 39 0
0.5 0 39 41
0.5 0 47 49
0.5 480 47 0
0.5 0 39 0
0.5 0 35 0
0.5 0 37 47
0.5 0 40 47
0.5 0 49 56
0.5 480 49 0
0.5 0 40 0
0.5 0 40 43
0.5 0 49 51
0.5 480 49 0
0.5 0 40 0
0.5 0 37 0
0.5 0 38 46
0.5 0 42 46
0.5 0 50 55
0.5 480 50 0
0.5 0 42 0
0.5 0 42 42
0.5 0 50 50
0.5 480 50 0
0.5 0 42 0
0.5 0 38 0
0.5 0 33 48
0.5 0 37 48
0.5 0 45 57
0.5 480 45 0
0.5 0 37 0
0.5 0 37 42
0.5 0 45 50
0.5 480 45 0
0.5 0 37 0
0.5 0 33 0
0.5 0 38 47
0.5 0 42 47
0.5 0 50 56
0.5 480 50 0
0.5 0 42 0
0.5 0 42 45
0.5 0 50 53
0.5 480 50 0
0.5 0 42 0
0.5 0 38 0
0.5 0 37 48
0.5 0 45 57
0.5 0 33 48
0.5 480 45 0
0.5 0 37 0
0.5 0 37 44
0.5 0 45 52
0.5 480 45 0
0.5 0 37 0
0.5 0 33 0
0.5 0 35 48
0.5 0 38 48
0.5 0 47 57
0.5 480 47 0
0.5 0 38 0
0.5 0 38 44
0.5 0 47 52
0.5 480 47 0
0.5 0 38 0
0.5 0 35 0
0.5 0 37 49
0.5 0 33 49
0.5 0 45 58
0.5 480 45 0
0.5 0 37 0
0.5 0 37 45
0.5 0 45 53
0.5 480 45 0
0.5 0 37 0
0.5 0 33 0
0.5 0 38 50
0.5 0 42 50
0.5 0 50 59
0.5 480 50 0
0.5 0 42 0
0.5 0 42 46
0.5 0 50 55
0.5 480 50 0
0.5 0 42 0
0.5 0 38 0
0.5 0 49 59
0.5 0 42 50
0.5 0 37 50
0.5 480 42 0
0.5 0 49 0
0.5 0 42 46
0.5 0 49 55
0.5 480 49 0
0.5 0 42 0
0.5 0 37 0
0.5 0 44 52
0.5 0 48 62
0.5 0 36 52
0.5 480 48 0
0.5 0 44 0
0.5 0 44 47
0.5 0 48 56
0.5 480 48 0
0.5 0 44 0
0.5 0 36 0
0.5 0 49 53
0.5 0 44 45
0.5 0 37 45
0.5 480 44 0
0.5 0 49 0
0.5 0 44 40
0.5 0 49 48
0.5 480 49 0
0.5 0 44 0
0.5 0 37 0
0.5 0 42 44
0.5 0 50 52
0.5 0 38 44
0.5 480 50 0
0.5 0 42 0
0.5 0 42 38
0.5 0 50 45
0.5 480 50 0
0.5 0 42 0
0.5 0 38 0
0.5 0 44 37
0.5 0 51 45
0.5 0 39 37
0.5 480 51 0
0.5 0 44 0
0.5 0 44 34
0.5 0 51 41
0.5 480 51 0
0.5 0 44 0
0.5 0 39 0
0.5 0 49 35
0.5 0 52 41
0.5 0 40 35
0.5 480 52 0
0.5 0 49 0
0.5 0 49 31
0.5 0 52 37
0.5 480 52 0
0.5 0 49 0
0.5 0 40 0
0.5 0 49 27
0.5 0 54 32
0.5 0 42 27
0.5 480 54 0
0.5 0 49 0
0.5 0 49 20
0.5 0 54 24
0.5 480 54 0
0.5 0 49 0
0.5 0 42 0
0.5 0 49 23
0.5 0 56 27
0.5 0 44 23
0.5 480 56 0
0.5 0 49 0
0.5 0 49 19
0.5 0 56 22
0.5 480 56 0
0.5 0 49 0
0.5 0 44 0
0.5 0 49 28
0.5 0 57 34
0.5 0 45 28
0.5 480 57 0
0.5 0 49 0
0.5 0 49 28
0.5 0 57 34
0.5 480 57 0
0.5 0 49 0
0.5 0 45 0
0.5 0 51 28
0.5 0 54 33
0.5 0 42 28
0.5 480 54 0
0.5 0 51 0
0.5 0 51 36
0.5 0 54 43
0.5 480 54 0
0.5 0 51 0
0.5 0 42 0
0.5 0 55 67
0.5 0 51 56
0.5 0 43 56
0.5 480 51 0
0.5 0 55 0
0.5 0 51 50
0.5 0 55 59
0.5 480 55 0
0.5 0 51 0
0.5 0 43 0
0.5 0 46 56
0.5 0 51 67
0.5 0 39 56
0.5 480 51 0
0.5 0 46 0
0.5 0 46 51
0.5 0 51 60
0.5 480 51 0
0.5 0 46 0
0.5 0 39 0
0.5 0 51 65
0.5 0 56 77
0.5 0 44 65
0.5 480 56 0
0.5 0 51 0
0.5 0 51 60
0.5 0 56 71
0.5 480 56 0
0.5 0 51 0
0.5 0 44 0
0.5 0 47 77
0.5 0 39 65
0.5 0 35 65
0.5 480 39 0
0.5 0 47 0
0.5 0 39 62
0.5 0 47 73
0.5 480 47 0
0.5 0 39 0
0.5 0 35 0
0.5 0 49 77
0.5 0 44 65
0.5 0 37 65
0.5 480 44 0
0.5 0 49 0
0.5 0 44 56
0.5 0 49 67
0.5 480 49 0
0.5 0 44 0
0.5 0 37 0
0.5 0 51 74
0.5 0 43 62
0.5 0 39 62
0.5 480 43 0
0.5 0 51 0
0.5 0 43 57
0.5 0 51 68
0.5 480 51 0
0.5 0 43 0
0.5 0 39 0
0.5 0 32 57
0.5 0 39 64
0.5 0 44 76
0.5 480 44 0
0.5 0 39 0
0.5 0 32 0
0.5 0 35 52
0.5 0 39 58
0.5 0 47 69
0.5 480 47 0
0.5 0 39 0
0.5 0 35 0
0.5 0 32 57
0.5 0 39 64
0.5 0 44 76
0.5 480 44 0
0.5 0 39 0
0.5 0 32 0
0.5 0 35 47
0.5 0 39 53
0.5 0 47 63
0.5 480 47 0
0.5 0 39 0
0.5 0 35 0
0.5 0 32 58
0.5 0 39 65
0.5 0 44 77
0.5 480 44 0
0.5 0 39 0
0.5 0 32 0
0.5 0 35 53
0.5 0 39 59
0.5 0 47 70
0.5 480 47 0
0.5 0 39 0
0.5 0 35 0
0.5 0 32 58
0.5 0 39 65
0.5 0 44 77
0.5 480 44 0
0.5 0 39 0
0.5 0 32 0
0.5 0 35 52
0.5 0 39 58
0.5 0 47 69
0.5 480 47 0
0.5 0 39 0
0.5 0 35 0
0.5 0 32 56
0.5 0 39 62
0.5 0 44 74
0.5 480 44 0
0.5 0 39 0
0.5 0 32 0
0.5 0 35 51
0.5 0 39 57
0.5 0 47 68
0.5 480 47 0
0.5 0 39 0
0.5 0 35 0
0.5 0 32 58
0.5 0 39 65
0.5 0 44 77
0.5 480 44 0
0.5 0 39 0
0.5 0 32 0
0.5 0 35 51
0.5 0 39 57
0.5 0 47 68
0.5 480 47 0
0.5 0 39 0
0.5 0 35 0
0.5 0 32 60
0.5 0 39 67
0.5 0 44 79
0.5 480 44 0
0.5 0 39 0
0.5 0 32 0
0.5 0 35 52
0.5 0 39 58
0.5 0 47 69
0.5 480 47 0
0.5 0 39 0
0.5 0 35 0
0.5 0 32 56
0.5 0 39 62
0.5 0 44 74
0.5 480 44 0
0.5 0 39 0
0.5 0 32 0
0.5 0 35 53
0.5 0 39 59
0.5 0 47 70
0.5 480 47 0
0.5 0 39 0
0.5 0 35 0
0.5 0 37 69
0.5 0 33 62
0.5 0 45 82
0.5 480 45 0
0.5 0 33 0
0.5 0 37 0
0.5 0 37 48
0.5 0 40 54
0.5 0 49 64
0.5 480 49 0
0.5 0 40 0
0.5 0 37 0
0.5 0 52 70
0.5 0 44 59
0.5 0 40 59
0.5 480 40 0
0.5 0 44 0
0.5 0 52 0
0.5 0 56 66
0.5 0 47 56
0.5 0 44 50
0.5 480 44 0
0.5 0 47 0
0.5 0 56 0
0.5 0 37 69
0.5 0 33 62
0.5 0 45 82
0.5 480 45 0
0.5 0 33 0
0.5 0 37 0
0.5 0 37 51
0.5 0 40 56
0.5 0 49 67
0.5 480 49 0
0.5 0 40 0
0.5 0 37 0
0.5 0 52 75
0.5 0 44 63
0.5 0 40 56
0.5 480 40 0
0.5 0 44 0
0.5 0 52 0
0.5 0 56 65
0.5 0 47 55
0.5 0 44 49
0.5 480 44 0
0.5 0 47 0
0.5 0 56 0
0.5 0 34 69
0.5 0 31 62
0.5 0 43 82
0.5 480 43 0
0.5 0 31 0
0.5 0 34 0
0.5 0 34 47
0.5 0 39 53
0.5 0 46 63
0.5 480 46 0
0.5 0 39 0
0.5 0 34 0
0.5 0 31 52
0.5 0 34 58
0.5 0 43 69
0.5 480 43 0
0.5 0 34 0
0.5 0 31 0
0.5 0 34 40
0.5 0 39 45
0.5 0 46 54
0.5 480 46 0
0.5 0 39 0
0.5 0 34 0
0.5 0 32 58
0.5 0 39 65
0.5 0 44 77
0.5 480 44 0
0.5 0 39 0
0.5 0 32 0
0.5 0 35 47
0.5 0 39 53
0.5 0 47 63
0.5 480 47 0
0.5 0 39 0
0.5 0 35 0
0.5 0 27 49
0.5 0 34 55
0.5 0 39 65
0.5 480 39 0
0.5 0 34 0
0.5 0 27 0
0.5 0 31 39
0.5 0 39 45
0.5 0 43 53
0.5 480 43 0
0.5 0 39 0
0.5 0 31 0
0.5 0 32 53
0.5 0 35 60
0.5 0 44 71
0.5 480 44 0
0.5 0 35 0
0.5 0 32 0
0.5 0 35 40
0.5 0 39 45
0.5 0 47 54
0.5 480 47 0
0.5 0 39 0
0.5 0 35 0
0.5 0 33 44
0.5 0 37 49
0.5 0 45 58
0.5 480 45 0
0.5 0 37 0
0.5 0 33 0
0.5 0 37 38
0.5 0 40 42
0.5 0 49 50
0.5 480 49 0
0.5 0 40 0
0.5 0 37 0
0.5 0 32 40
0.5 0 39 45
0.5 0 44 54
0.5 480 44 0
0.5 0 39 0
0.5 0 32 0
0.5 0 35 28
0.5 0 39 31
0.5 0 47 37
0.5 480 47 0
0.5 0 39 0
0.5 0 35 0
0.5 0 32 25
0.5 0 39 28
0.5 0 44 34
0.5 480 44 0
0.5 0 39 0
0.5 0 32 0
0.5 0 35 23
0.5 0 39 27
0.5 0 47 32
0.5 480 47 0
0.5 0 39 0
0.5 0 35 0
0.5 0 32 25
0.5 0 39 28
0.5 0 44 34
0.5 480 44 0
0.5 0 39 0
0.5 0 32 0
0.5 0 35 23
0.5 0 39 27
0.5 0 47 32
0.5 480 47 0
0.5 0 39 0
0.5 0 35 0
0.5 0 32 25
0.5 0 39 28
0.5 0 44 34
0.5 480 44 0
0.5 0 39 0
0.5 0 32 0
0.5 0 35 23
0.5 0 39 27
0.5 0 47 32
0.5 480 47 0
0.5 0 39 0
0.5 0 35 0
0.5 0 32 25
0.5 0 39 28
0.5 0 44 34
0.5 480 44 0
0.5 0 39 0
0.5 0 32 0
0.5 0 35 22
0.5 0 39 24
0.5 0 47 29
0.5 480 47 0
0.5 0 39 0
0.5 0 35 0
0.5 0 32 26
0.5 0 39 29
0.5 0 44 35
0.5 480 44 0
0.5 0 39 0
0.5 0 32 0
0.5 0 35 23
0.5 0 39 26
0.5 0 47 31
0.5 480 47 0
0.5 0 39 0
0.5 0 35 0
0.5 0 32 27
0.5 0 39 30
0.5 0 44 36
0.5 480 44 0
0.5 0 39 0
0.5 0 32 0
0.5 0 35 23
0.5 0 39 27
0.5 0 47 32
0.5 480 47 0
0.5 0 39 0
0.5 0 35 0
0.5 0 32 23
0.5 0 39 27
0.5 0 44 32
0.5 480 44 0
0.5 0 39 0
0.5 0 32 0
0.5 0 35 22
0.5 0 39 24
0.5 0 47 29
0.5 480 47 0
0.5 0 39 0
0.5 0 35 0
0.5 0 37 36
0.5 0 33 32
0.5 0 45 43
0.5 480 45 0
0.5 0 33 0
0.5 0 37 0
0.5 0 37 29
0.5 0 40 33
0.5 0 49 39
0.5 480 49 0
0.5 0 40 0
0.5 0 37 0
0.5 0 28 32
0.5 0 32 36
0.5 0 40 43
0.5 480 40 0
0.5 0 32 0
0.5 0 28 0
0.5 0 32 29
0.5 0 35 33
0.5 0 44 39
0.5 480 44 0
0.5 0 35 0
0.5 0 32 0
0.5 0 37 38
0.5 0 33 34
0.5 0 45 45
0.5 480 45 0
0.5 0 33 0
0.5 0 37 0
0.5 0 37 28
0.5 0 40 33
0.5 0 49 39
0.5 480 49 0
0.5 0 40 0
0.5 0 37 0
0.5 0 28 34
0.5 0 32 39
0.5 0 40 46
0.5 480 40 0
0.5 0 32 0
0.5 0 28 0
0.5 0 32 30
0.5 0 35 34
0.5 0 44 40
0.5 480 44 0
0.5 0 35 0
0.5 0 32 0
0.5 0 37 39
0.5 0 33 34
0.5 0 45 46
0.5 480 45 0
0.5 0 33 0
0.5 0 37 0
0.5 0 37 24
0.5 0 40 28
0.5 0 49 33
0.5 480 49 0
0.5 0 40 0
0.5 0 37 0
0.5 0 28 34
0.5 0 32 39
0.5 0 40 46
0.5 480 40 0
0.5 0 32 0
0.5 0 28 0
0.5 0 32 24
0.5 0 35 28
0.5 0 44 33
0.5 480 44 0
0.5 0 35 0
0.5 0 32 0
0.5 0 42 38
0.5 0 35 34
0.5 0 47 45
0.5 480 47 0
0.5 0 35 0
0.5 0 42 0
0.5 0 39 23
0.5 0 42 27
0.5 0 51 32
0.5 480 51 0
0.5 0 42 0
0.5 0 39 0
0.5 0 39 37
0.5 0 43 37
0.5 0 51 44
0.5 480 51 0
0.5 0 43 0
0.5 0 43 29
0.5 0 51 35
0.5 480 51 0
0.5 0 43 0
0.5 0 39 0
0.5 0 32 28
0.5 0 39 33
0.5 0 44 39
0.5 480 44 0
0.5 0 39 0
0.5 0 39 23
0.5 0 44 28
0.5 480 44 0
0.5 0 39 0
0.5 0 32 0
0.5 0 33 22
0.5 0 37 25
0.5 0 45 30
0.5 480 45 0
0.5 0 37 0
0.5 0 37 23
0.5 0 45 28
0.5 480 45 0
0.5 0 37 0
0.5 0 33 0
0.5 0 50 30
0.5 0 42 25
0.5 0 38 22
0.5 480 42 0
0.5 0 50 0
0.5 0 50 28
0.5 0 42 23
0.5 480 42 0
0.5 0 50 0
0.5 0 38 0
0.5 0 49 30
0.5 0 40 25
0.5 0 37 22
0.5 480 40 0
0.5 0 49 0
0.5 0 40 23
0.5 0 49 28
0.5 480 49 0
0.5 0 40 0
0.5 0 37 0
0.5 0 32 22
0.5 0 39 25
0.5 0 44 30
0.5 480 44 0
0.5 0 39 0
0.5 0 32 0
0.5 0 35 18
0.5 0 39 22
0.5 0 47 26
0.5 480 47 0
0.5 0 39 0
0.5 0 35 0
0.5 0 32 22
0.5 0 39 24
0.5 0 44 29
0.5 480 44 0
0.5 0 39 0
0.5 0 32 0
0.5 0 35 19
0.5 0 39 22
0.5 0 47 27
0.5 480 47 0
0.5 0 39 0
0.5 0 35 0
0.5 0 32 22
0.5 0 39 25
0.5 0 44 30
0.5 480 44 0
0.5 0 39 0
0.5 0 32 0
0.5 0 35 20
0.5 0 39 23
0.5 0 47 28
0.5 480 47 0
0.5 0 39 0
0.5 0 35 0
0.5 0 32 22
0.5 0 39 24
0.5 0 44 29
0.5 480 44 0
0.5 0 39 0
0.5 0 32 0
0.5 0 35 19
0.5 0 39 22
0.5 0 47 27
0.5 480 47 0
0.5 0 39 0
0.5 0 35 0
0.5 0 39 23
0.5 0 44 28
0.5 0 32 21
0.5 480 44 0
0.5 0 39 0
0.5 0 39 21
0.5 0 44 25
0.5 480 44 0
0.5 0 39 0
0.5 0 32 0
0.5 0 33 21
0.5 0 37 23
0.5 0 45 28
0.5 480 45 0
0.5 0 37 0
0.5 0 37 21
0.5 0 45 25
0.5 480 45 0
0.5 0 37 0
0.5 0 33 0
0.5 0 40 28
0.5 0 32 23
0.5 0 28 21
0.5 480 32 0
0.5 0 40 0
0.5 0 40 25
0.5 0 32 21
0.5 480 32 0
0.5 0 40 0
0.5 0 28 0
0.5 0 42 28
0.5 0 33 23
0.5 0 30 21
0.5 480 33 0
0.5 0 42 0
0.5 0 42 23
0.5 0 33 19
0.5 480 33 0
0.5 0 42 0
0.5 0 30 0
0.5 0 32 18
0.5 0 39 21
0.5 0 44 25
0.5 480 44 0
0.5 0 39 0
0.5 0 32 0
0.5 0 35 12
0.5 0 39 14
0.5 0 47 17
0.5 480 47 0
0.5 0 39 0
0.5 0 35 0
0.5 0 32 18
0.5 0 39 20
0.5 0 44 24
0.5 480 44 0
0.5 0 39 0
0.5 0 32 0
0.5 0 35 14
0.5 0 39 16
0.5 0 47 19
0.5 480 47 0
0.5 0 39 0
0.5 0 35 0
0.5 0 35 22
0.5 0 32 18
0.5 480 32 0
0.5 0 35 0
0.5 0 39 17
0.5 0 35 14
0.5 480 35 0
0.5 0 39 0
0.5 0 35 23
0.5 0 32 19
0.5 480 32 0
0.5 0 35 0
0.5 0 39 17
0.5 0 35 14
0.5 480 35 0
0.5 0 39 0
0.5 0 32 24
0.5 960 32 0
0.5 0 35 19
0.5 960 35 0
0.5 0 32 21
0.5 960 32 0
0.5 0 35 17
0.5 960 35 0
0 27 64 127
0 938 64 0
0 262 64 127
0 695 64 0
0 139 64 127
0 351 64 0
0 172 64 127
0 308 64 0
0 186 64 127
0 296 64 0
0 170 64 127
0 299 64 0
0 210 64 127
0 277 64 0
0 230 64 127
0 253 64 0
0 227 64 127
0 248 64 0
0 179 64 127
0 296 64 0
0 237 64 127
0 733 64 0
0 147 64 127
0 937 64 127
0 828 64 0
0 224 64 127
0 736 64 0
0 224 64 127
0 746 64 0
0 191 64 127
0 754 64 0
0 229 64 127
0 746 64 0
0 282 64 127
0 666 64 0
0 226 64 127
0 744 64 0
0 239 64 127
0 721 64 0
0 284 64 127
0 676 64 0
0 216 64 127
0 257 64 0
0 200 64 127
0 286 64 0
0 335 64 127
0 623 64 0
0 337 64 127
0 1105 64 0
0 200 64 127
0 282 64 0
0 170 64 127
0 308 64 0
0 144 64 127
0 329 64 0
0 208 64 127
0 277 64 0
0 230 64 127
0 253 64 0
0 227 64 127
0 253 64 0
0 254 64 127
0 217 64 0
0 236 64 127
0 727 64 0
0 153 64 127
0 812 64 0
0 285 64 127
0 671 64 0
0 221 64 127
0 731 64 0
0 229 64 127
0 741 64 0
0 196 64 127
0 289 64 0
0 237 64 127
0 231 64 0
0 180 64 127
0 2710 64 0
0 193 64 127
0 760 64 0
0 269 64 127
0 690 64 0
0 201 64 127
0 762 64 0
0 335 64 127
0 630 64 0
0 216 64 127
0 731 64 0
0 294 64 127
0 1626 64 0
0 229 64 127
0 743 64 0
0 263 64 127
0 685 64 0
0 252 64 127
0 717 64 0
0 243 64 127
0 708 64 0
0 229 64 127
0 743 64 0
0 240 64 127
0 708 64 0
0 229 64 127
0 741 64 0
0 196 64 127
0 754 64 0
0 297 64 127
0 675 64 0
0 308 64 127
0 640 64 0
0 320 64 127
0 651 64 0
0 195 64 127
0 754 64 0
0 252 64 127
0 716 64 0
0 289 64 127
0 663 64 0
0 275 64 127
0 698 64 0
0 307 64 127
0 647 64 0
0 268 64 127
0 692 64 0
0 268 64 127
0 685 64 0
0 275 64 127
0 692 64 0
0 222 64 127
0 731 64 0
0 343 64 127
0 630 64 0
0 284 64 127
0 663 64 0
0 347 64 127
0 623 64 0
0 337 64 127
0 613 64 0
0 294 64 127
0 679 64 0
0 307 64 127
0 640 64 0
0 226 64 127
0 750 64 0
0 196 64 127
0 748 64 0
0 160 64 127
0 1760 64 0
0 134 64 127
0 834 64 0
0 339 64 127
0 613 64 0
0 114 64 127
0 859 64 0
0 216 64 127
0 731 64 0
0 214 64 127
0 755 64 0
0 311 64 127
0 1132 64 0
0 186 64 127
0 296 64 0
0 113 64 127
0 365 64 0
0 186 64 127
0 282 64 0
0 213 64 127
0 279 64 0
0 228 64 127
0 253 64 0
0 227 64 127
0 253 64 0
0 254 64 127
0 213 64 0
0 240 64 127
0 728 64 0
0 232 64 127
0 720 64 0
0 252 64 127
0 720 64 0
0 240 64 127
0 708 64 0
0 343 64 127
0 632 64 0
0 260 64 127
0 685 64 0
0 275 64 127
0 697 64 0
0 285 64 127
0 670 64 0
0 245 64 127
0 720 64 0
0 240 64 127
0 708 64 0
0 206 64 127
0 767 64 0
0 193 64 127
0 287 64 0
0 216 64 127
0 251 64 0
0 213 64 127
0 762 64 0
0 332 64 127
0 1105 64 0
0 129 64 127
0 353 64 0
0 184 64 127
0 296 64 0
0 184 64 127
0 285 64 0
0 210 64 127
0 277 64 0
0 230 64 127
0 253 64 0
0 307 64 127
0 172 64 0
0 255 64 127
0 216 64 0
0 237 64 127
0 732 64 0
0 148 64 127
0 800 64 0
0 229 64 127
0 746 64 0
0 237 64 127
0 708 64 0
0 229 64 127
0 744 64 0
0 262 64 127
0 685 64 0
0 160 64 127
0 813 64 0
0 262 64 127
0 685 64 0
0 275 64 127
0 698 64 0
0 284 64 127
0 669 64 0
0 223 64 127
0 747 64 0
0 327 64 127
0 617 64 0
0 275 64 127
0 698 64 0
0 147 64 127
0 810 64 0
0 257 64 127
0 2147 64 0
0 198 64 127
0 280 64 0
0 186 64 127
0 294 64 0
0 271 64 127
0 197 64 0
0 252 64 127
0 718 64 0
0 173 64 127
0 784 64 0
0 245 64 127
0 715 64 0
0 268 64 127
0 690 64 0
0 235 64 127
0 1680 64 0
0 107 64 127
0 1819 64 0
0 314 64 127
0 660 64 0
0 434 64 127
0 526 64 0
0 460 64 127
0 500 64 0
0 407 64 127
0 1760 64 0
1 0 0 0
