0 0 7 100
0 0 10 64
0 0 91 127
0 0 91 127
0.5 1 67 90
0.5 479 65 85
0.5 21 67 0
0.5 459 70 89
0.5 20 65 0
0.5 460 72 91
0.5 20 70 0
0.5 220 77 81
0.5 20 72 0
0.5 220 74 86
0.5 20 77 0
0.5 460 72 85
0.5 20 74 0
0.5 220 77 81
0.5 20 72 0
0.5 220 74 85
0.5 20 77 0
0.5 460 70 86
0.5 20 74 0
0.5 460 72 86
0.5 20 70 0
0.5 460 67 82
0.5 20 72 0
0.5 460 65 81
0.5 20 67 0
0.5 430 65 0
0.5 30 58 69
0.5 0 67 82
0.5 0 62 69
0.5 480 62 0
0.5 0 67 0
0.5 0 58 0
0.5 0 60 68
0.5 0 57 68
0.5 0 65 80
0.5 480 65 0
0.5 0 57 0
0.5 0 60 0
0.5 0 62 68
0.5 0 58 68
0.5 0 70 80
0.5 480 70 0
0.5 0 58 0
0.5 0 62 0
0.5 0 60 69
0.5 0 72 82
0.5 0 69 69
0.5 240 72 0
0.5 0 77 78
0.5 240 77 0
0.5 0 69 0
0.5 0 60 0
0.5 0 69 68
0.5 0 74 81
0.5 0 65 68
0.5 480 65 0
0.5 0 74 0
0.5 0 69 0
0.5 0 60 68
0.5 0 69 68
0.5 0 72 81
0.5 240 72 0
0.5 0 77 77
0.5 240 77 0
0.5 0 69 0
0.5 0 60 0
0.5 0 70 71
0.5 0 65 71
0.5 0 74 84
0.5 450 74 0
0.5 0 65 0
0.5 0 70 0
0.5 30 67 66
0.5 0 62 66
0.5 0 70 78
0.5 480 70 0
0.5 0 62 0
0.5 0 67 0
0.5 0 67 65
0.5 0 64 65
0.5 0 72 77
0.5 480 72 0
0.5 0 64 0
0.5 0 67 0
0.5 0 60 59
0.5 0 67 70
0.5 0 55 59
0.5 480 55 0
0.5 0 67 0
0.5 0 60 0
0.5 0 65 66
0.5 0 57 56
0.5 0 60 56
0.5 450 60 0
0.5 0 57 0
0.5 0 65 0
0.5 30 65 92
0.5 480 67 88
0.5 20 65 0
0.5 460 62 83
0.5 20 67 0
0.5 460 65 86
0.5 20 62 0
0.5 220 67 74
0.5 20 65 0
0.5 220 60 80
0.5 20 67 0
0.5 460 67 85
0.5 20 60 0
0.5 220 69 77
0.5 20 67 0
0.5 220 65 83
0.5 20 69 0
0.5 430 65 0
0.5 30 77 84
0.5 0 65 71
0.5 480 65 0
0.5 0 77 0
0.5 0 65 69
0.5 0 74 82
0.5 480 74 0
0.5 0 65 0
0.5 0 65 68
0.5 0 72 80
0.5 240 72 0
0.5 0 70 74
0.5 240 70 0
0.5 0 65 0
0.5 0 65 79
0.5 450 65 0
0.5 30 65 92
0.5 480 67 88
0.5 20 65 0
0.5 460 62 85
0.5 20 67 0
0.5 460 65 86
0.5 20 62 0
0.5 220 67 77
0.5 20 65 0
0.5 220 63 85
0.5 20 67 0
0.5 460 70 92
0.5 20 63 0
0.5 220 72 74
0.5 20 70 0
0.5 220 68 78
0.5 20 72 0
0.5 430 68 0
0.5 30 80 84
0.5 0 68 71
0.5 480 68 0
0.5 0 80 0
0.5 0 68 68
0.5 0 77 80
0.5 480 77 0
0.5 0 68 0
0.5 0 75 78
0.5 0 68 66
0.5 240 75 0
0.5 0 73 78
0.5 240 73 0
0.5 0 68 0
0.5 0 68 74
0.5 450 68 0
0.5 30 68 48
0.5 0 56 40
0.5 0 63 40
0.5 480 56 0
0.5 0 68 0
0.5 0 70 49
0.5 0 58 41
0.5 480 58 0
0.5 0 70 0
0.5 0 56 41
0.5 0 68 49
0.5 480 68 0
0.5 0 56 0
0.5 0 63 0
0.5 0 63 49
0.5 0 58 41
0.5 0 70 49
0.5 240 70 0
0.5 0 58 0
0.5 0 60 41
0.5 0 72 49
0.5 240 72 0
0.5 0 60 0
0.5 0 75 53
0.5 0 63 45
0.5 240 63 0
0.5 0 75 0
0.5 0 70 49
0.5 0 58 41
0.5 240 58 0
0.5 0 70 0
0.5 0 68 46
0.5 0 56 39
0.5 450 56 0
0.5 0 68 0
0.5 30 63 0
0.5 0 73 73
0.5 0 61 62
0.5 0 65 62
0.5 0 68 62
0.5 240 68 0
0.5 0 73 0
0.5 0 61 0
0.5 0 65 0
0.5 0 72 58
0.5 0 75 69
0.5 0 68 58
0.5 0 63 58
0.5 240 63 0
0.5 0 72 0
0.5 0 75 0
0.5 0 68 0
0.5 0 65 62
0.5 0 77 73
0.5 0 73 62
0.5 0 68 62
0.5 240 68 0
0.5 0 65 0
0.5 0 77 0
0.5 0 73 0
0.5 0 80 75
0.5 240 80 0
0.5 0 70 61
0.5 0 75 61
0.5 0 66 61
0.5 0 78 72
0.5 240 78 0
0.5 0 70 0
0.5 0 75 0
0.5 0 66 0
0.5 0 68 57
0.5 0 65 57
0.5 0 73 57
0.5 0 77 68
0.5 240 77 0
0.5 0 68 0
0.5 0 65 0
0.5 0 73 0
0.5 0 63 63
0.5 0 75 75
0.5 0 68 63
0.5 0 72 63
0.5 240 72 0
0.5 0 63 0
0.5 0 75 0
0.5 0 68 0
0.5 0 78 69
0.5 0 66 58
0.5 240 66 0
0.5 0 78 0
0.5 0 70 58
0.5 0 77 69
0.5 0 73 58
0.5 0 65 58
0.5 240 65 0
0.5 0 70 0
0.5 0 77 0
0.5 0 73 0
0.5 0 61 57
0.5 0 73 68
0.5 240 73 0
0.5 0 61 0
0.5 0 68 54
0.5 0 75 64
0.5 0 72 54
0.5 0 63 54
0.5 450 63 0
0.5 0 68 0
0.5 0 75 0
0.5 0 72 0
0.5 30 63 43
0.5 0 68 51
0.5 0 56 43
0.5 480 56 0
0.5 0 68 0
0.5 0 70 51
0.5 0 58 43
0.5 480 58 0
0.5 0 70 0
0.5 0 56 43
0.5 0 68 51
0.5 480 68 0
0.5 0 56 0
0.5 0 63 0
0.5 0 58 45
0.5 0 63 45
0.5 0 70 53
0.5 240 70 0
0.5 0 58 0
0.5 0 72 55
0.5 0 60 46
0.5 240 60 0
0.5 0 72 0
0.5 0 63 0
0.5 0 63 52
0.5 0 75 62
0.5 240 75 0
0.5 0 63 0
0.5 0 58 49
0.5 0 70 59
0.5 240 70 0
0.5 0 58 0
0.5 0 60 52
0.5 0 72 62
0.5 0 67 52
0.5 480 72 0
0.5 0 60 0
0.5 0 62 54
0.5 0 74 64
0.5 480 74 0
0.5 0 62 0
0.5 0 60 53
0.5 0 72 63
0.5 480 72 0
0.5 0 60 0
0.5 0 67 0
0.5 0 62 52
0.5 0 67 52
0.5 0 74 62
0.5 240 74 0
0.5 0 62 0
0.5 0 77 62
0.5 0 65 52
0.5 240 65 0
0.5 0 77 0
0.5 0 67 0
0.5 0 79 64
0.5 0 67 54
0.5 240 79 0
0.5 0 62 53
0.5 0 74 63
0.5 240 74 0
0.5 0 62 0
0.5 0 72 61
0.5 0 60 51
0.5 450 60 0
0.5 0 72 0
0.5 30 67 0
0.5 0 72 67
0.5 0 65 67
0.5 0 69 67
0.5 0 77 79
0.5 240 77 0
0.5 0 72 0
0.5 0 65 0
0.5 0 69 0
0.5 0 72 61
0.5 0 79 72
0.5 0 76 61
0.5 0 67 61
0.5 240 67 0
0.5 0 72 0
0.5 0 79 0
0.5 0 76 0
0.5 0 69 69
0.5 0 81 82
0.5 0 72 69
0.5 0 77 69
0.5 240 77 0
0.5 0 69 0
0.5 0 81 0
0.5 0 72 0
0.5 0 72 61
0.5 0 84 72
0.5 240 84 0
0.5 0 72 0
0.5 0 74 68
0.5 0 70 68
0.5 0 79 68
0.5 0 82 81
0.5 240 82 0
0.5 0 74 0
0.5 0 70 0
0.5 0 79 0
0.5 0 69 63
0.5 0 81 75
0.5 0 72 63
0.5 0 77 63
0.5 240 77 0
0.5 0 69 0
0.5 0 81 0
0.5 0 72 0
0.5 0 76 81
0.5 0 79 81
0.5 0 67 68
0.5 0 72 68
0.5 240 72 0
0.5 0 76 0
0.5 0 79 0
0.5 0 67 0
0.5 0 70 63
0.5 0 82 75
0.5 240 82 0
0.5 0 70 0
0.5 0 74 67
0.5 0 69 67
0.5 0 77 67
0.5 0 81 79
0.5 240 81 0
0.5 0 74 0
0.5 0 69 0
0.5 0 77 0
0.5 0 65 62
0.5 0 77 74
0.5 240 77 0
0.5 0 65 0
0.5 0 72 58
0.5 0 67 58
0.5 0 79 69
0.5 0 76 58
0.5 450 76 0
0.5 0 72 0
0.5 0 67 0
0.5 0 79 0
0.5 30 69 47
0.5 0 81 56
0.5 0 72 47
0.5 240 81 0
0.5 0 76 51
0.5 240 76 0
0.5 0 72 0
0.5 0 69 0
0.5 0 65 45
0.5 0 74 45
0.5 0 77 54
0.5 480 77 0
0.5 0 74 0
0.5 0 65 0
0.5 0 69 43
0.5 0 72 43
0.5 0 81 51
0.5 480 81 0
0.5 0 72 0
0.5 0 69 0
0.5 0 64 39
0.5 0 74 47
0.5 0 70 39
0.5 480 70 0
0.5 0 74 0
0.5 0 64 0
0.5 0 81 51
0.5 0 69 43
0.5 0 72 43
0.5 480 72 0
0.5 0 69 0
0.5 0 81 0
0.5 0 70 39
0.5 0 74 47
0.5 0 64 39
0.5 480 64 0
0.5 0 74 0
0.5 0 70 0
0.5 0 69 47
0.5 0 77 56
0.5 0 65 47
0.5 240 77 0
0.5 0 72 51
0.5 240 72 0
0.5 0 65 0
0.5 0 69 0
0.5 0 70 45
0.5 0 65 45
0.5 0 74 54
0.5 480 74 0
0.5 0 65 0
0.5 0 70 0
0.5 0 69 44
0.5 0 65 44
0.5 0 77 52
0.5 480 77 0
0.5 0 65 0
0.5 0 69 0
0.5 0 70 39
0.5 0 74 47
0.5 0 65 39
0.5 480 65 0
0.5 0 74 0
0.5 0 70 0
0.5 0 69 45
0.5 0 77 54
0.5 0 65 45
0.5 240 77 0
0.5 0 72 51
0.5 240 72 0
0.5 0 65 0
0.5 0 69 0
0.5 0 70 44
0.5 0 65 44
0.5 0 74 52
0.5 450 74 0
0.5 0 65 0
0.5 0 70 0
0.5 30 67 45
0.5 0 63 45
0.5 0 72 53
0.5 240 63 0
0.5 0 64 46
0.5 240 64 0
0.5 0 72 0
0.5 0 67 0
0.5 0 65 41
0.5 0 69 49
0.5 0 60 41
0.5 480 60 0
0.5 0 69 0
0.5 0 65 0
0.5 0 70 46
0.5 0 62 39
0.5 0 65 39
0.5 480 65 0
0.5 0 62 0
0.5 0 70 0
0.5 0 72 54
0.5 0 63 45
0.5 0 67 45
0.5 240 63 0
0.5 0 64 47
0.5 240 64 0
0.5 0 67 0
0.5 0 72 0
0.5 0 65 41
0.5 0 60 41
0.5 0 69 49
0.5 480 69 0
0.5 0 60 0
0.5 0 65 0
0.5 0 62 47
0.5 0 65 47
0.5 0 70 56
0.5 240 70 0
0.5 0 74 52
0.5 240 74 0
0.5 0 65 0
0.5 0 62 0
0.5 0 67 47
0.5 0 64 47
0.5 0 72 56
0.5 480 72 0
0.5 0 64 0
0.5 0 67 0
0.5 0 62 39
0.5 0 69 46
0.5 0 65 39
0.5 0 60 39
0.5 480 60 0
0.5 0 62 0
0.5 0 69 0
0.5 0 65 0
0.5 0 64 43
0.5 0 72 51
0.5 0 67 43
0.5 450 67 0
0.5 0 72 0
0.5 0 64 0
0.5 30 65 74
0.5 0 77 88
0.5 480 77 0
0.5 0 65 0
0.5 0 67 69
0.5 0 75 82
0.5 0 70 69
0.5 0 63 69
0.5 240 63 0
0.5 0 67 0
0.5 0 75 0
0.5 0 70 0
0.5 0 62 66
0.5 0 74 78
0.5 240 74 0
0.5 0 62 0
0.5 0 65 63
0.5 0 72 75
0.5 0 69 63
0.5 0 60 63
0.5 240 60 0
0.5 0 65 0
0.5 0 72 0
0.5 0 69 0
0.5 0 62 60
0.5 0 70 71
0.5 0 65 60
0.5 240 65 0
0.5 0 70 0
0.5 0 62 0
0.5 0 65 69
0.5 0 60 69
0.5 0 72 82
0.5 480 72 0
0.5 0 60 0
0.5 0 65 0
0.5 0 65 71
0.5 0 62 71
0.5 0 74 84
0.5 480 74 0
0.5 0 62 0
0.5 0 65 0
0.5 0 69 73
0.5 0 77 86
0.5 0 72 73
0.5 0 65 73
0.5 480 65 0
0.5 0 69 0
0.5 0 77 0
0.5 0 72 0
0.5 0 67 76
0.5 0 79 90
0.5 0 75 76
0.5 0 70 76
0.5 240 70 0
0.5 0 67 0
0.5 0 79 0
0.5 0 75 0
0.5 0 82 82
0.5 0 70 69
0.5 240 70 0
0.5 0 82 0
0.5 0 65 74
0.5 0 77 88
0.5 450 77 0
0.5 0 65 0
0.5 30 67 78
0.5 0 79 92
0.5 480 79 0
0.5 0 67 0
0.5 0 77 89
0.5 0 65 75
0.5 480 65 0
0.5 0 77 0
0.5 0 70 68
0.5 0 63 68
0.5 0 67 68
0.5 0 75 81
0.5 240 75 0
0.5 0 70 0
0.5 0 63 0
0.5 0 67 0
0.5 0 74 71
0.5 0 62 60
0.5 240 62 0
0.5 0 74 0
0.5 0 60 62
0.5 0 72 73
0.5 0 65 62
0.5 0 69 62
0.5 240 69 0
0.5 0 60 0
0.5 0 72 0
0.5 0 65 0
0.5 0 70 71
0.5 0 62 60
0.5 0 65 60
0.5 240 65 0
0.5 0 62 0
0.5 0 70 0
0.5 0 72 75
0.5 0 60 63
0.5 0 65 63
0.5 480 65 0
0.5 0 60 0
0.5 0 72 0
0.5 0 74 90
0.5 0 65 76
0.5 0 62 76
0.5 480 62 0
0.5 0 65 0
0.5 0 74 0
0.5 0 72 74
0.5 0 77 88
0.5 0 69 74
0.5 0 65 74
0.5 480 65 0
0.5 0 72 0
0.5 0 77 0
0.5 0 69 0
0.5 0 75 77
0.5 0 67 77
0.5 0 70 77
0.5 0 79 91
0.5 240 79 0
0.5 0 75 0
0.5 0 67 0
0.5 0 70 0
0.5 0 82 82
0.5 0 70 69
0.5 240 70 0
0.5 0 82 0
0.5 0 65 74
0.5 0 77 88
0.5 450 77 0
0.5 0 65 0
0.5 30 67 77
0.5 0 79 91
0.5 480 79 0
0.5 0 67 0
0.5 0 77 88
0.5 0 65 74
0.5 470 65 0
0.5 0 77 0
0.5 10 67 93
0.5 480 67 0
0.5 0 65 90
0.5 480 65 0
0.5 0 72 77
0.5 0 67 77
0.5 0 76 77
0.5 0 79 91
0.5 240 79 0
0.5 0 72 0
0.5 0 67 0
0.5 0 76 0
0.5 0 70 65
0.5 0 82 77
0.5 240 82 0
0.5 0 70 0
0.5 0 77 85
0.5 0 65 72
0.5 450 65 0
0.5 0 77 0
0.5 30 79 92
0.5 0 67 78
0.5 480 67 0
0.5 0 79 0
0.5 0 77 90
0.5 0 65 76
0.5 450 65 0
0.5 0 77 0
0.5 30 58 74
0.5 0 63 74
0.5 0 67 88
0.5 480 67 0
0.5 0 63 0
0.5 0 58 0
0.5 0 57 74
0.5 0 60 74
0.5 0 65 88
0.5 480 65 0
0.5 0 60 0
0.5 0 57 0
0.5 0 58 78
0.5 0 65 78
0.5 0 70 92
0.5 480 70 0
0.5 0 65 0
0.5 0 58 0
0.5 0 60 72
0.5 0 72 85
0.5 0 65 72
0.5 0 69 72
0.5 240 69 0
0.5 0 60 0
0.5 0 72 0
0.5 0 65 0
0.5 0 65 68
0.5 0 77 80
0.5 240 77 0
0.5 0 65 0
0.5 0 65 73
0.5 0 62 73
0.5 0 70 73
0.5 0 74 86
0.5 480 74 0
0.5 0 65 0
0.5 0 62 0
0.5 0 70 0
0.5 0 60 72
0.5 0 72 85
0.5 0 65 72
0.5 0 69 72
0.5 240 69 0
0.5 0 60 0
0.5 0 72 0
0.5 0 65 0
0.5 0 77 78
0.5 0 65 66
0.5 240 65 0
0.5 0 77 0
0.5 0 70 72
0.5 0 74 85
0.5 0 65 72
0.5 0 62 72
0.5 480 62 0
0.5 0 70 0
0.5 0 74 0
0.5 0 65 0
0.5 0 65 72
0.5 0 58 72
0.5 0 62 72
0.5 0 70 85
0.5 480 70 0
0.5 0 65 0
0.5 0 58 0
0.5 0 62 0
0.5 0 63 71
0.5 0 72 84
0.5 0 67 71
0.5 0 60 71
0.5 480 60 0
0.5 0 63 0
0.5 0 72 0
0.5 0 67 0
0.5 0 55 66
0.5 0 67 78
0.5 0 60 66
0.5 0 64 66
0.5 480 64 0
0.5 0 55 0
0.5 0 67 0
0.5 0 60 0
0.5 0 57 66
0.5 0 60 66
0.5 0 65 78
0.5 450 65 0
0.5 0 60 0
0.5 0 57 0
0.5 30 55 78
0.5 0 62 78
0.5 0 67 92
0.5 480 67 0
0.5 0 62 0
0.5 0 55 0
0.5 0 57 77
0.5 0 60 77
0.5 0 65 91
0.5 480 65 0
0.5 0 60 0
0.5 0 57 0
0.5 0 58 77
0.5 0 70 91
0.5 0 65 77
0.5 480 65 0
0.5 0 70 0
0.5 0 58 0
0.5 0 65 72
0.5 0 69 72
0.5 0 60 72
0.5 0 72 85
0.5 240 72 0
0.5 0 65 0
0.5 0 69 0
0.5 0 60 0
0.5 0 77 78
0.5 0 65 66
0.5 240 65 0
0.5 0 77 0
0.5 0 70 72
0.5 0 74 85
0.5 0 65 72
0.5 0 62 72
0.5 480 62 0
0.5 0 70 0
0.5 0 74 0
0.5 0 65 0
0.5 0 62 76
0.5 0 58 76
0.5 0 70 90
0.5 0 67 76
0.5 480 67 0
0.5 0 62 0
0.5 0 58 0
0.5 0 70 0
0.5 0 67 78
0.5 0 75 92
0.5 0 72 78
0.5 0 63 78
0.5 480 63 0
0.5 0 67 0
0.5 0 75 0
0.5 0 72 0
0.5 0 60 72
0.5 0 72 85
0.5 0 65 72
0.5 0 69 72
0.5 480 69 0
0.5 0 60 0
0.5 0 72 0
0.5 0 65 0
0.5 0 70 86
0.5 0 62 73
0.5 0 65 73
0.5 480 65 0
0.5 0 62 0
0.5 0 70 0
0.5 0 59 92
0.5 120 51 83
0.5 20 59 0
0.5 100 50 74
0.5 20 51 0
0.5 100 59 87
0.5 20 50 0
0.5 100 58 85
0.5 20 59 0
0.5 100 50 81
0.5 20 58 0
0.5 100 54 91
0.5 20 50 0
0.5 1300 54 0
0.5 120 59 55
0.5 120 51 49
0.5 20 59 0
0.5 100 50 44
0.5 20 51 0
0.5 100 59 52
0.5 20 50 0
0.5 100 58 50
0.5 20 59 0
0.5 100 50 44
0.5 20 58 0
0.5 100 54 50
0.5 20 50 0
0.5 1300 54 0
0.5 120 59 92
0.5 120 51 83
0.5 20 59 0
0.5 100 50 73
0.5 20 51 0
0.5 100 59 87
0.5 20 50 0
0.5 100 58 80
0.5 20 59 0
0.5 100 49 74
0.5 20 58 0
0.5 100 52 88
0.5 20 49 0
0.5 100 52 0
0.5 120 58 77
0.5 120 58 0
0.5 0 47 74
0.5 120 47 0
0.5 0 51 80
0.5 120 51 0
0.5 120 58 78
0.5 120 58 0
0.5 0 46 75
0.5 120 46 0
0.5 0 50 89
0.5 180 50 0
0.5 60 46 85
0.5 120 46 0
0.5 120 58 95
0.5 0 70 95
0.5 180 70 0
0.5 0 58 0
0.5 60 94 102
0.5 0 82 102
0.5 240 82 0
0.5 0 94 0
0.5 240 59 92
0.5 120 51 83
0.5 20 59 0
0.5 100 50 76
0.5 20 51 0
0.5 100 59 87
0.5 20 50 0
0.5 100 58 81
0.5 20 59 0
0.5 100 50 78
0.5 20 58 0
0.5 100 54 91
0.5 20 50 0
0.5 1300 54 0
0.5 120 59 92
0.5 120 51 83
0.5 20 59 0
0.5 100 50 75
0.5 20 51 0
0.5 100 59 85
0.5 20 50 0
0.5 100 58 83
0.5 20 59 0
0.5 100 49 75
0.5 20 58 0
0.5 100 52 88
0.5 20 49 0
0.5 100 52 0
0.5 120 58 77
0.5 120 58 0
0.5 0 47 74
0.5 120 47 0
0.5 0 51 80
0.5 120 51 0
0.5 120 58 78
0.5 120 58 0
0.5 0 46 75
0.5 120 46 0
0.5 0 50 87
0.5 180 50 0
0.5 60 46 85
0.5 120 46 0
0.5 120 58 99
0.5 0 70 99
0.5 180 70 0
0.5 0 58 0
0.5 60 82 94
0.5 0 70 94
0.5 180 70 0
0.5 0 82 0
0.5 60 94 102
0.5 0 82 102
0.5 240 82 0
0.5 0 94 0
0.5 720 89 79
0.5 0 82 67
0.5 0 78 67
0.5 180 78 0
0.5 0 82 0
0.5 0 89 0
0.5 60 87 72
0.5 0 82 61
0.5 0 78 61
0.5 840 78 0
0.5 0 82 0
0.5 0 87 0
0.5 360 85 75
0.5 0 78 63
0.5 0 75 63
0.5 180 75 0
0.5 0 78 0
0.5 0 85 0
0.5 60 75 60
0.5 0 78 60
0.5 0 84 71
0.5 360 84 0
0.5 0 78 0
0.5 0 75 0
0.5 120 71 62
0.5 0 75 62
0.5 0 80 74
0.5 180 80 0
0.5 0 75 0
0.5 0 71 0
0.5 60 71 59
0.5 0 75 59
0.5 0 78 70
0.5 360 78 0
0.5 0 75 0
0.5 0 71 0
0.5 120 66 58
0.5 0 70 58
0.5 0 77 69
0.5 180 77 0
0.5 0 70 0
0.5 0 66 0
0.5 60 66 56
0.5 0 70 56
0.5 0 75 67
0.5 840 75 0
0.5 0 70 0
0.5 0 66 0
0.5 360 63 56
0.5 0 66 56
0.5 0 73 66
0.5 180 73 0
0.5 0 66 0
0.5 0 63 0
0.5 60 63 51
0.5 0 66 51
0.5 0 72 60
0.5 360 72 0
0.5 0 66 0
0.5 0 63 0
0.5 120 59 51
0.5 0 63 51
0.5 0 68 61
0.5 180 68 0
0.5 0 63 0
0.5 0 59 0
0.5 60 59 46
0.5 0 63 46
0.5 0 66 55
0.5 360 66 0
0.5 0 63 0
0.5 0 59 0
0.5 300 59 72
0.5 60 59 0
0.5 0 58 100
0.5 120 58 0
0.5 60 47 69
0.5 60 47 0
0.5 0 46 94
0.5 120 46 0
0.5 840 89 64
0.5 0 82 54
0.5 0 78 54
0.5 180 78 0
0.5 0 82 0
0.5 0 89 0
0.5 60 87 59
0.5 0 82 50
0.5 0 78 50
0.5 840 78 0
0.5 0 82 0
0.5 0 87 0
0.5 360 85 62
0.5 0 78 52
0.5 0 75 52
0.5 180 75 0
0.5 0 78 0
0.5 0 85 0
0.5 60 75 49
0.5 0 78 49
0.5 0 84 58
0.5 360 84 0
0.5 0 78 0
0.5 0 75 0
0.5 120 71 51
0.5 0 75 51
0.5 0 80 61
0.5 180 80 0
0.5 0 75 0
0.5 0 71 0
0.5 60 71 48
0.5 0 75 48
0.5 0 78 57
0.5 360 78 0
0.5 0 75 0
0.5 0 71 0
0.5 120 66 47
0.5 0 70 47
0.5 0 77 56
0.5 180 77 0
0.5 0 70 0
0.5 0 66 0
0.5 60 66 45
0.5 0 70 45
0.5 0 75 54
0.5 840 75 0
0.5 0 70 0
0.5 0 66 0
0.5 360 63 45
0.5 0 66 45
0.5 0 73 54
0.5 180 73 0
0.5 0 66 0
0.5 0 63 0
0.5 60 63 41
0.5 0 66 41
0.5 0 72 49
0.5 360 72 0
0.5 0 66 0
0.5 0 63 0
0.5 120 59 42
0.5 0 63 42
0.5 0 68 50
0.5 180 68 0
0.5 0 63 0
0.5 0 59 0
0.5 60 59 38
0.5 0 63 38
0.5 0 66 45
0.5 360 66 0
0.5 0 63 0
0.5 0 59 0
0.5 300 59 66
0.5 60 59 0
0.5 0 58 90
0.5 120 58 0
0.5 60 47 63
0.5 60 47 0
0.5 0 46 84
0.5 120 46 0
0.5 840 59 92
0.5 120 51 83
0.5 20 59 0
0.5 100 50 75
0.5 20 51 0
0.5 100 59 86
0.5 20 50 0
0.5 100 58 82
0.5 20 59 0
0.5 100 50 76
0.5 20 58 0
0.5 100 54 91
0.5 20 50 0
0.5 400 54 0
0.5 0 47 80
0.5 60 47 0
0.5 0 46 105
0.5 180 46 0
0.5 780 59 92
0.5 120 51 83
0.5 20 59 0
0.5 100 50 76
0.5 20 51 0
0.5 100 59 84
0.5 20 50 0
0.5 100 58 82
0.5 20 59 0
0.5 100 49 73
0.5 20 58 0
0.5 100 52 88
0.5 20 49 0
0.5 100 52 0
0.5 120 58 77
0.5 120 58 0
0.5 0 47 74
0.5 120 47 0
0.5 0 51 80
0.5 120 51 0
0.5 120 58 78
0.5 120 58 0
0.5 0 46 75
0.5 120 46 0
0.5 0 50 81
0.5 240 50 0
0.5 0 46 85
0.5 120 46 0
0.5 300 59 78
0.5 60 59 0
0.5 0 58 102
0.5 120 58 0
0.5 60 47 84
0.5 60 47 0
0.5 0 46 104
0.5 120 46 0
0.5 120 47 109
0.5 720 47 0
0.5 0 46 94
0.5 240 46 0
0.5 480 51 58
0.5 960 51 0
0.5 0 57 47
0.5 0 69 56
0.5 960 69 0
0.5 0 57 0
0.5 0 51 58
0.5 960 51 0
0.5 0 58 47
0.5 0 70 56
0.5 960 70 0
0.5 0 58 0
0.5 0 51 58
0.5 960 51 0
0.5 0 63 51
0.5 0 75 60
0.5 480 75 0
0.5 0 63 0
0.5 0 62 50
0.5 0 74 59
0.5 480 74 0
0.5 0 62 0
0.5 0 64 51
0.5 0 76 61
0.5 960 76 0
0.5 0 64 0
0.5 0 63 47
0.5 0 75 56
0.5 960 75 0
0.5 0 63 0
0.5 0 51 58
0.5 480 51 0
0.5 0 63 51
0.5 0 75 60
0.5 480 75 0
0.5 0 63 0
0.5 0 62 47
0.5 0 74 56
0.5 480 74 0
0.5 0 62 0
0.5 0 66 51
0.5 0 78 60
0.5 480 78 0
0.5 0 66 0
0.5 0 65 48
0.5 0 77 57
0.5 480 77 0
0.5 0 65 0
0.5 0 58 44
0.5 0 70 52
0.5 480 70 0
0.5 0 58 0
0.5 0 65 47
0.5 0 77 56
0.5 960 77 0
0.5 0 65 0
0.5 0 66 50
0.5 0 78 59
0.5 480 78 0
0.5 0 66 0
0.5 0 65 42
0.5 0 77 50
0.5 480 77 0
0.5 0 65 0
0.5 0 58 45
0.5 0 70 54
0.5 480 70 0
0.5 0 58 0
0.5 0 66 38
0.5 0 78 45
0.5 480 78 0
0.5 0 66 0
0.5 0 59 92
0.5 120 51 83
0.5 20 59 0
0.5 100 50 76
0.5 20 51 0
0.5 100 59 87
0.5 20 50 0
0.5 100 58 85
0.5 20 59 0
0.5 100 50 81
0.5 20 58 0
0.5 100 54 91
0.5 20 50 0
0.5 220 54 0
0.5 480 51 58
0.5 960 51 0
0.5 0 57 47
0.5 0 69 56
0.5 960 69 0
0.5 0 57 0
0.5 0 51 58
0.5 960 51 0
0.5 0 58 47
0.5 0 70 56
0.5 960 70 0
0.5 0 58 0
0.5 0 51 58
0.5 960 51 0
0.5 0 65 51
0.5 0 77 60
0.5 480 77 0
0.5 0 65 0
0.5 0 64 50
0.5 0 76 59
0.5 480 76 0
0.5 0 64 0
0.5 0 68 51
0.5 0 80 61
0.5 960 80 0
0.5 0 68 0
0.5 0 67 45
0.5 0 79 54
0.5 960 79 0
0.5 0 67 0
0.5 0 51 58
0.5 480 51 0
0.5 0 65 51
0.5 0 77 60
0.5 480 77 0
0.5 0 65 0
0.5 0 64 47
0.5 0 76 70
0.5 480 76 0
0.5 0 64 0
0.5 0 68 51
0.5 0 80 60
0.5 480 80 0
0.5 0 68 0
0.5 0 67 48
0.5 0 79 57
0.5 480 79 0
0.5 0 67 0
0.5 0 61 44
0.5 0 73 52
0.5 480 73 0
0.5 0 61 0
0.5 0 67 47
0.5 0 79 56
0.5 960 79 0
0.5 0 67 0
0.5 0 68 50
0.5 0 80 59
0.5 480 80 0
0.5 0 68 0
0.5 0 67 42
0.5 0 79 50
0.5 480 79 0
0.5 0 67 0
0.5 0 61 45
0.5 0 73 54
0.5 480 73 0
0.5 0 61 0
0.5 0 67 38
0.5 0 79 45
0.5 480 79 0
0.5 0 67 0
0.5 0 64 92
0.5 120 56 83
0.5 20 64 0
0.5 100 55 79
0.5 20 56 0
0.5 100 64 87
0.5 20 55 0
0.5 100 63 85
0.5 20 64 0
0.5 100 55 81
0.5 20 63 0
0.5 100 59 91
0.5 20 55 0
0.5 220 59 0
0.5 480 56 58
0.5 960 56 0
0.5 0 62 47
0.5 0 74 56
0.5 960 74 0
0.5 0 62 0
0.5 0 56 58
0.5 960 56 0
0.5 0 63 47
0.5 0 75 56
0.5 960 75 0
0.5 0 63 0
0.5 0 71 87
0.5 120 63 78
0.5 20 71 0
0.5 100 62 75
0.5 20 63 0
0.5 100 71 82
0.5 20 62 0
0.5 100 70 80
0.5 20 71 0
0.5 100 63 76
0.5 20 70 0
0.5 100 66 86
0.5 20 63 0
0.5 220 66 0
0.5 420 63 72
0.5 0 75 85
0.5 60 75 0
0.5 0 63 0
0.5 0 75 84
0.5 0 87 99
0.5 960 87 0
0.5 0 75 0
0.5 0 74 75
0.5 0 86 89
0.5 480 86 0
0.5 0 74 0
0.5 0 78 68
0.5 0 90 80
0.5 480 90 0
0.5 0 78 0
0.5 0 77 79
0.5 0 89 93
0.5 480 89 0
0.5 0 77 0
0.5 0 70 67
0.5 0 82 79
0.5 480 82 0
0.5 0 70 0
0.5 0 76 74
0.5 0 88 88
0.5 960 88 0
0.5 0 76 0
0.5 0 75 79
0.5 0 87 94
0.5 960 87 0
0.5 0 75 0
0.5 0 74 78
0.5 0 86 92
0.5 480 86 0
0.5 0 74 0
0.5 0 68 66
0.5 0 80 78
0.5 480 80 0
0.5 0 68 0
0.5 0 73 78
0.5 0 85 92
0.5 480 85 0
0.5 0 73 0
0.5 0 66 65
0.5 0 78 77
0.5 480 78 0
0.5 0 66 0
0.5 0 72 71
0.5 0 84 84
0.5 960 84 0
0.5 0 72 0
0.5 0 71 76
0.5 0 83 90
0.5 960 83 0
0.5 0 71 0
0.5 0 70 70
0.5 0 82 87
0.5 480 82 0
0.5 0 70 0
0.5 0 63 60
0.5 0 75 71
0.5 480 75 0
0.5 0 63 0
0.5 0 69 67
0.5 0 81 79
0.5 960 81 0
0.5 0 69 0
0.5 0 68 66
0.5 0 80 78
0.5 480 80 0
0.5 0 68 0
0.5 0 62 58
0.5 0 74 69
0.5 420 74 0
0.5 0 62 0
0.5 0 63 66
0.5 0 75 78
0.5 60 75 0
0.5 0 63 0
0.5 0 75 76
0.5 0 87 90
0.5 960 87 0
0.5 0 75 0
0.5 0 74 71
0.5 0 86 84
0.5 960 86 0
0.5 0 74 0
0.5 0 73 72
0.5 0 85 85
0.5 960 85 0
0.5 0 73 0
0.5 0 72 67
0.5 0 84 82
0.5 960 84 0
0.5 0 72 0
0.5 0 71 68
0.5 0 83 81
0.5 960 83 0
0.5 0 71 0
0.5 0 70 62
0.5 0 82 74
0.5 960 82 0
0.5 0 70 0
0.5 0 69 63
0.5 0 81 75
0.5 960 81 0
0.5 0 69 0
0.5 0 68 59
0.5 0 80 70
0.5 960 80 0
0.5 0 68 0
0.5 0 67 59
0.5 0 79 70
0.5 960 79 0
0.5 0 67 0
0.5 0 66 56
0.5 0 78 67
0.5 960 78 0
0.5 0 66 0
0.5 0 65 54
0.5 0 77 64
0.5 960 77 0
0.5 0 65 0
0.5 0 64 51
0.5 0 76 60
0.5 480 76 0
0.5 0 64 0
0.5 3360 89 60
0.5 0 82 51
0.5 0 78 51
0.5 240 78 0
0.5 0 82 0
0.5 0 89 0
0.5 0 87 60
0.5 0 78 51
0.5 0 82 51
0.5 480 82 0
0.5 0 78 0
0.5 0 87 0
0.5 720 85 60
0.5 0 75 60
0.5 0 78 60
0.5 240 78 0
0.5 0 75 0
0.5 0 85 0
0.5 0 84 60
0.5 0 78 60
0.5 0 75 60
0.5 360 75 0
0.5 0 78 0
0.5 0 84 0
0.5 120 71 51
0.5 0 75 51
0.5 0 80 60
0.5 240 80 0
0.5 0 75 0
0.5 0 71 0
0.5 0 71 51
0.5 0 75 51
0.5 0 78 60
0.5 360 78 0
0.5 0 75 0
0.5 0 71 0
0.5 120 66 51
0.5 0 70 51
0.5 0 77 60
0.5 240 77 0
0.5 0 70 0
0.5 0 66 0
0.5 0 66 51
0.5 0 70 51
0.5 0 75 60
0.5 480 75 0
0.5 0 70 0
0.5 0 66 0
0.5 720 66 51
0.5 0 63 51
0.5 0 73 60
0.5 240 73 0
0.5 0 63 0
0.5 0 66 0
0.5 0 63 51
0.5 0 66 51
0.5 0 72 60
0.5 360 72 0
0.5 0 66 0
0.5 0 63 0
0.5 120 59 51
0.5 0 63 51
0.5 0 68 60
0.5 240 68 0
0.5 0 63 0
0.5 0 59 0
0.5 0 59 51
0.5 0 63 51
0.5 0 66 60
0.5 360 66 0
0.5 0 63 0
0.5 0 59 0
0.5 120 54 51
0.5 0 58 51
0.5 0 65 60
0.5 240 65 0
0.5 0 58 0
0.5 0 54 0
0.5 0 54 51
0.5 0 58 51
0.5 0 63 60
0.5 360 63 0
0.5 0 58 0
0.5 0 54 0
0.5 840 51 62
0.5 0 54 62
0.5 0 61 74
0.5 240 61 0
0.5 0 54 0
0.5 0 51 0
0.5 0 51 62
0.5 0 54 62
0.5 0 60 74
0.5 360 60 0
0.5 0 54 0
0.5 0 51 0
0.5 780 63 71
0.5 0 66 71
0.5 0 73 94
0.5 240 73 0
0.5 0 66 0
0.5 0 63 0
0.5 0 63 68
0.5 0 66 68
0.5 0 72 91
0.5 360 72 0
0.5 0 66 0
0.5 0 63 0
0.5 840 68 91
0.5 0 71 91
0.5 0 75 102
0.5 240 75 0
0.5 0 71 0
0.5 0 68 0
0.5 0 68 86
0.5 0 71 86
0.5 0 76 96
0.5 0 75 96
0.5 360 75 0
0.5 0 68 0
0.5 0 71 0
0.5 0 76 0
0.5 840 68 97
0.5 0 71 97
0.5 0 75 108
0.5 480 75 0
0.5 0 71 0
0.5 0 68 0
0.5 0 68 90
0.5 0 71 90
0.5 0 76 100
0.5 0 75 100
0.5 720 75 0
0.5 0 68 0
0.5 0 71 0
0.5 0 76 0
0.5 720 71 95
0.5 240 71 0
0.5 0 70 97
0.5 120 70 0
0.5 0 65 83
0.5 120 65 0
0.5 0 66 85
0.5 120 66 0
0.5 0 69 87
0.5 120 69 0
0.5 0 70 90
0.5 120 70 0
0.5 0 71 87
0.5 120 71 0
0.5 0 69 92
0.5 120 69 0
0.5 0 70 87
0.5 120 70 0
0.5 0 74 89
0.5 120 74 0
0.5 0 75 91
0.5 120 75 0
0.5 0 77 93
0.5 120 77 0
0.5 0 78 95
0.5 120 78 0
0.5 0 77 104
0.5 120 77 0
0.5 0 74 89
0.5 120 74 0
0.5 0 75 92
0.5 120 75 0
0.5 0 77 95
0.5 120 77 0
0.5 0 78 97
0.5 120 78 0
0.5 0 81 99
0.5 120 81 0
0.5 0 82 105
0.5 120 82 0
0.5 0 83 99
0.5 120 83 0
0.5 0 81 91
0.5 120 81 0
0.5 0 82 94
0.5 120 82 0
0.5 0 86 97
0.5 120 86 0
0.5 0 87 100
0.5 120 87 0
0.5 90 75 88
0.5 30 82 100
0.5 60 90 113
0.5 210 82 0
0.5 0 75 0
0.5 30 90 0
1 0 0 0
0 0 7 100
0 0 10 64
0 0 91 127
0.5 5280 43 62
0.5 0 55 74
0.5 480 55 0
0.5 0 43 0
0.5 0 45 58
0.5 0 53 69
0.5 480 53 0
0.5 0 45 0
0.5 0 43 58
0.5 0 55 69
0.5 480 55 0
0.5 0 43 0
0.5 0 41 56
0.5 0 53 66
0.5 480 53 0
0.5 0 41 0
0.5 0 38 51
0.5 0 50 60
0.5 480 50 0
0.5 0 38 0
0.5 0 41 58
0.5 0 53 69
0.5 480 53 0
0.5 0 41 0
0.5 0 46 56
0.5 0 58 67
0.5 480 58 0
0.5 0 46 0
0.5 0 43 53
0.5 0 55 63
0.5 480 55 0
0.5 0 43 0
0.5 0 36 56
0.5 0 48 56
0.5 480 48 0
0.5 0 36 0
0.5 0 40 49
0.5 0 52 58
0.5 480 52 0
0.5 0 40 0
0.5 0 41 47
0.5 0 53 56
0.5 450 53 0
0.5 0 41 0
0.5 3390 53 73
0.5 0 41 62
0.5 480 41 0
0.5 0 53 0
0.5 0 58 69
0.5 0 46 58
0.5 480 46 0
0.5 0 58 0
0.5 0 55 67
0.5 0 43 56
0.5 480 43 0
0.5 0 55 0
0.5 0 53 61
0.5 0 41 51
0.5 450 41 0
0.5 0 53 0
0.5 3390 56 73
0.5 0 44 62
0.5 480 44 0
0.5 0 56 0
0.5 0 61 68
0.5 0 49 57
0.5 480 49 0
0.5 0 61 0
0.5 0 58 67
0.5 0 46 56
0.5 480 46 0
0.5 0 58 0
0.5 0 56 64
0.5 0 44 54
0.5 450 44 0
0.5 0 56 0
0.5 30 42 37
0.5 0 30 31
0.5 960 30 0
0.5 0 42 0
0.5 0 29 28
0.5 0 41 34
0.5 480 41 0
0.5 0 29 0
0.5 0 30 31
0.5 0 42 37
0.5 480 42 0
0.5 0 30 0
0.5 0 30 28
0.5 0 42 34
0.5 480 42 0
0.5 0 30 0
0.5 0 42 28
0.5 0 54 33
0.5 450 54 0
0.5 0 42 0
0.5 30 41 46
0.5 0 53 55
0.5 240 53 0
0.5 0 41 0
0.5 0 51 50
0.5 0 39 42
0.5 240 39 0
0.5 0 51 0
0.5 0 37 46
0.5 0 49 55
0.5 480 49 0
0.5 0 37 0
0.5 0 39 47
0.5 0 51 56
0.5 240 51 0
0.5 0 39 0
0.5 0 41 43
0.5 0 53 51
0.5 240 53 0
0.5 0 41 0
0.5 0 56 56
0.5 0 44 47
0.5 480 44 0
0.5 0 56 0
0.5 0 58 46
0.5 0 46 39
0.5 480 46 0
0.5 0 58 0
0.5 0 44 37
0.5 0 56 44
0.5 450 56 0
0.5 0 44 0
0.5 30 30 29
0.5 0 42 35
0.5 960 42 0
0.5 0 30 0
0.5 0 29 31
0.5 0 41 37
0.5 480 41 0
0.5 0 29 0
0.5 0 30 31
0.5 0 42 38
0.5 480 42 0
0.5 0 30 0
0.5 0 42 37
0.5 0 54 44
0.5 240 54 0
0.5 0 42 0
0.5 240 46 41
0.5 0 34 34
0.5 960 34 0
0.5 0 46 0
0.5 0 45 40
0.5 0 33 34
0.5 480 33 0
0.5 0 45 0
0.5 0 46 42
0.5 0 34 35
0.5 480 34 0
0.5 0 46 0
0.5 0 46 41
0.5 0 34 34
0.5 480 34 0
0.5 0 46 0
0.5 0 58 41
0.5 0 46 34
0.5 450 46 0
0.5 0 58 0
0.5 30 57 62
0.5 0 45 52
0.5 240 45 0
0.5 0 57 0
0.5 0 55 56
0.5 0 43 47
0.5 240 43 0
0.5 0 55 0
0.5 0 41 51
0.5 0 53 61
0.5 480 53 0
0.5 0 41 0
0.5 0 55 61
0.5 0 43 51
0.5 240 43 0
0.5 0 55 0
0.5 0 45 47
0.5 0 57 56
0.5 240 57 0
0.5 0 45 0
0.5 0 60 62
0.5 0 48 52
0.5 480 48 0
0.5 0 60 0
0.5 0 50 51
0.5 0 62 60
0.5 480 62 0
0.5 0 50 0
0.5 0 48 49
0.5 0 60 58
0.5 450 60 0
0.5 0 48 0
0.5 30 57 43
0.5 0 45 36
0.5 480 45 0
0.5 0 57 0
0.5 0 46 33
0.5 0 58 39
0.5 480 58 0
0.5 0 46 0
0.5 0 53 43
0.5 0 41 36
0.5 480 41 0
0.5 0 53 0
0.5 0 55 37
0.5 0 43 31
0.5 480 43 0
0.5 0 55 0
0.5 0 53 42
0.5 0 41 35
0.5 480 41 0
0.5 0 53 0
0.5 0 55 37
0.5 0 43 31
0.5 480 43 0
0.5 0 55 0
0.5 0 50 44
0.5 0 38 37
0.5 480 38 0
0.5 0 50 0
0.5 0 55 41
0.5 0 43 34
0.5 480 43 0
0.5 0 55 0
0.5 0 50 44
0.5 0 38 37
0.5 480 38 0
0.5 0 50 0
0.5 0 55 35
0.5 0 43 29
0.5 480 43 0
0.5 0 55 0
0.5 0 50 44
0.5 0 38 37
0.5 480 38 0
0.5 0 50 0
0.5 0 55 40
0.5 0 43 34
0.5 450 43 0
0.5 0 55 0
0.5 30 48 43
0.5 0 36 36
0.5 480 36 0
0.5 0 48 0
0.5 0 41 34
0.5 0 53 41
0.5 480 53 0
0.5 0 41 0
0.5 0 43 29
0.5 0 55 35
0.5 480 55 0
0.5 0 43 0
0.5 0 48 42
0.5 0 36 35
0.5 480 36 0
0.5 0 48 0
0.5 0 41 34
0.5 0 53 40
0.5 480 53 0
0.5 0 41 0
0.5 0 55 41
0.5 0 43 34
0.5 480 43 0
0.5 0 55 0
0.5 0 48 42
0.5 0 36 35
0.5 480 36 0
0.5 0 48 0
0.5 0 41 35
0.5 480 41 0
0.5 0 48 39
0.5 0 36 33
0.5 450 36 0
0.5 0 48 0
0.5 30 41 67
0.5 0 29 56
0.5 480 29 0
0.5 0 41 0
0.5 0 43 67
0.5 0 31 56
0.5 480 31 0
0.5 0 43 0
0.5 0 45 62
0.5 0 33 52
0.5 240 33 0
0.5 0 45 0
0.5 0 46 56
0.5 0 34 47
0.5 240 34 0
0.5 0 46 0
0.5 0 45 64
0.5 0 33 54
0.5 480 33 0
0.5 0 45 0
0.5 0 34 56
0.5 0 46 66
0.5 480 46 0
0.5 0 34 0
0.5 0 45 66
0.5 0 33 56
0.5 480 33 0
0.5 0 45 0
0.5 0 43 63
0.5 0 31 53
0.5 480 31 0
0.5 0 43 0
0.5 0 29 56
0.5 0 41 66
0.5 450 41 0
0.5 0 29 0
0.5 30 43 67
0.5 0 31 56
0.5 480 31 0
0.5 0 43 0
0.5 0 41 67
0.5 0 29 56
0.5 480 29 0
0.5 0 41 0
0.5 0 31 53
0.5 0 43 63
0.5 480 43 0
0.5 0 31 0
0.5 0 45 62
0.5 0 33 52
0.5 240 33 0
0.5 0 45 0
0.5 0 46 55
0.5 0 34 46
0.5 240 34 0
0.5 0 46 0
0.5 0 45 62
0.5 0 33 52
0.5 480 33 0
0.5 0 45 0
0.5 0 34 57
0.5 0 46 68
0.5 480 46 0
0.5 0 34 0
0.5 0 33 57
0.5 0 45 68
0.5 480 45 0
0.5 0 33 0
0.5 0 31 58
0.5 0 43 69
0.5 480 43 0
0.5 0 31 0
0.5 0 29 56
0.5 0 41 66
0.5 450 41 0
0.5 0 29 0
0.5 30 43 69
0.5 0 31 58
0.5 480 31 0
0.5 0 43 0
0.5 0 29 56
0.5 0 41 66
0.5 470 41 0
0.5 0 29 0
0.5 10 55 69
0.5 480 55 0
0.5 0 53 68
0.5 480 53 0
0.5 0 36 56
0.5 0 48 67
0.5 480 48 0
0.5 0 36 0
0.5 0 29 51
0.5 0 41 61
0.5 450 41 0
0.5 0 29 0
0.5 30 31 52
0.5 0 43 62
0.5 480 43 0
0.5 0 31 0
0.5 0 29 56
0.5 0 41 67
0.5 450 41 0
0.5 0 29 0
0.5 30 39 56
0.5 0 51 67
0.5 480 51 0
0.5 0 39 0
0.5 0 41 56
0.5 0 53 67
0.5 480 53 0
0.5 0 41 0
0.5 0 38 56
0.5 0 50 66
0.5 480 50 0
0.5 0 38 0
0.5 0 36 57
0.5 0 48 68
0.5 480 48 0
0.5 0 36 0
0.5 0 46 62
0.5 0 34 52
0.5 480 34 0
0.5 0 46 0
0.5 0 45 68
0.5 0 33 57
0.5 480 33 0
0.5 0 45 0
0.5 0 43 62
0.5 0 31 52
0.5 480 31 0
0.5 0 43 0
0.5 0 55 62
0.5 0 43 52
0.5 480 43 0
0.5 0 55 0
0.5 0 48 64
0.5 0 36 54
0.5 480 36 0
0.5 0 48 0
0.5 0 40 49
0.5 0 52 58
0.5 480 52 0
0.5 0 40 0
0.5 0 53 57
0.5 0 41 48
0.5 450 41 0
0.5 0 53 0
0.5 30 46 69
0.5 0 34 58
0.5 480 34 0
0.5 0 46 0
0.5 0 45 66
0.5 0 33 56
0.5 480 33 0
0.5 0 45 0
0.5 0 43 67
0.5 0 31 56
0.5 480 31 0
0.5 0 43 0
0.5 0 41 68
0.5 0 29 57
0.5 480 29 0
0.5 0 41 0
0.5 0 46 64
0.5 0 34 54
0.5 480 34 0
0.5 0 46 0
0.5 0 55 68
0.5 0 43 57
0.5 480 43 0
0.5 0 55 0
0.5 0 48 64
0.5 0 36 54
0.5 480 36 0
0.5 0 48 0
0.5 0 53 60
0.5 0 41 51
0.5 480 41 0
0.5 0 53 0
0.5 0 58 62
0.5 0 46 52
0.5 480 46 0
0.5 0 58 0
0.5 0 47 80
0.5 120 39 75
0.5 20 47 0
0.5 100 38 70
0.5 20 39 0
0.5 100 47 76
0.5 20 38 0
0.5 100 46 74
0.5 20 47 0
0.5 100 38 70
0.5 20 46 0
0.5 100 42 80
0.5 20 38 0
0.5 1300 42 0
0.5 120 47 48
0.5 120 39 45
0.5 20 47 0
0.5 100 38 37
0.5 20 39 0
0.5 100 47 45
0.5 20 38 0
0.5 100 46 44
0.5 20 47 0
0.5 100 38 37
0.5 20 46 0
0.5 100 42 43
0.5 20 38 0
0.5 1300 42 0
0.5 120 47 80
0.5 120 39 75
0.5 20 47 0
0.5 100 38 65
0.5 20 39 0
0.5 100 47 76
0.5 20 38 0
0.5 100 46 72
0.5 20 47 0
0.5 100 37 63
0.5 20 46 0
0.5 100 40 80
0.5 20 37 0
0.5 100 40 0
0.5 120 46 69
0.5 120 46 0
0.5 0 35 63
0.5 120 35 0
0.5 0 39 69
0.5 120 39 0
0.5 120 46 70
0.5 120 46 0
0.5 0 34 67
0.5 120 34 0
0.5 0 38 72
0.5 180 38 0
0.5 60 34 73
0.5 120 34 0
0.5 120 46 91
0.5 180 46 0
0.5 60 70 94
0.5 240 70 0
0.5 240 47 80
0.5 120 39 75
0.5 20 47 0
0.5 100 38 66
0.5 20 39 0
0.5 100 47 76
0.5 20 38 0
0.5 100 46 73
0.5 20 47 0
0.5 100 38 70
0.5 20 46 0
0.5 100 42 80
0.5 20 38 0
0.5 1300 42 0
0.5 120 47 80
0.5 120 39 75
0.5 20 47 0
0.5 100 38 67
0.5 20 39 0
0.5 100 47 76
0.5 20 38 0
0.5 100 46 74
0.5 20 47 0
0.5 100 37 66
0.5 20 46 0
0.5 100 40 80
0.5 20 37 0
0.5 100 40 0
0.5 120 46 69
0.5 120 46 0
0.5 0 35 63
0.5 120 35 0
0.5 0 39 69
0.5 120 39 0
0.5 120 46 70
0.5 120 46 0
0.5 0 34 67
0.5 120 34 0
0.5 0 38 76
0.5 180 38 0
0.5 60 34 73
0.5 120 34 0
0.5 120 46 86
0.5 180 46 0
0.5 60 58 81
0.5 180 58 0
0.5 60 70 89
0.5 240 70 0
0.5 600 27 60
0.5 120 27 0
0.5 0 39 60
0.5 180 39 0
0.5 60 39 57
0.5 1200 39 0
0.5 0 45 61
0.5 720 45 0
0.5 0 54 55
0.5 600 54 0
0.5 0 27 49
0.5 120 27 0
0.5 0 39 55
0.5 180 39 0
0.5 60 39 53
0.5 840 39 0
0.5 360 45 56
0.5 720 45 0
0.5 0 54 53
0.5 720 54 0
0.5 180 47 59
0.5 60 47 0
0.5 0 46 88
0.5 120 46 0
0.5 60 35 53
0.5 60 35 0
0.5 0 34 84
0.5 120 34 0
0.5 720 27 49
0.5 120 27 0
0.5 0 39 49
0.5 180 39 0
0.5 60 39 46
0.5 1200 39 0
0.5 0 45 50
0.5 720 45 0
0.5 0 54 45
0.5 600 54 0
0.5 0 27 40
0.5 120 27 0
0.5 0 39 45
0.5 180 39 0
0.5 60 39 44
0.5 840 39 0
0.5 360 45 45
0.5 720 45 0
0.5 0 54 44
0.5 720 54 0
0.5 180 47 54
0.5 60 47 0
0.5 0 46 76
0.5 120 46 0
0.5 60 35 49
0.5 60 35 0
0.5 0 34 68
0.5 120 34 0
0.5 840 47 80
0.5 120 39 75
0.5 20 47 0
0.5 100 38 67
0.5 20 39 0
0.5 100 47 75
0.5 20 38 0
0.5 100 46 72
0.5 20 47 0
0.5 100 38 69
0.5 20 46 0
0.5 100 42 80
0.5 20 38 0
0.5 400 42 0
0.5 0 35 69
0.5 60 35 0
0.5 0 34 91
0.5 180 34 0
0.5 780 47 80
0.5 120 39 75
0.5 20 47 0
0.5 100 38 69
0.5 20 39 0
0.5 100 47 74
0.5 20 38 0
0.5 100 46 70
0.5 20 47 0
0.5 100 37 67
0.5 20 46 0
0.5 100 40 80
0.5 20 37 0
0.5 100 40 0
0.5 120 46 69
0.5 120 46 0
0.5 0 35 63
0.5 120 35 0
0.5 0 39 69
0.5 120 39 0
0.5 120 46 70
0.5 120 46 0
0.5 0 34 67
0.5 120 34 0
0.5 0 38 72
0.5 240 38 0
0.5 0 34 73
0.5 120 34 0
0.5 300 47 58
0.5 60 47 0
0.5 0 46 83
0.5 120 46 0
0.5 60 35 59
0.5 60 35 0
0.5 0 34 82
0.5 120 34 0
0.5 120 35 92
0.5 720 35 0
0.5 0 34 72
0.5 240 34 0
0.5 480 27 49
0.5 0 39 58
0.5 960 39 0
0.5 0 27 0
0.5 0 33 44
0.5 0 45 52
0.5 960 45 0
0.5 0 33 0
0.5 0 27 44
0.5 0 39 52
0.5 960 39 0
0.5 0 27 0
0.5 0 34 45
0.5 0 46 54
0.5 960 46 0
0.5 0 34 0
0.5 0 27 43
0.5 0 39 51
0.5 960 39 0
0.5 0 27 0
0.5 0 36 44
0.5 0 48 52
0.5 480 48 0
0.5 0 36 0
0.5 0 35 41
0.5 0 47 49
0.5 480 47 0
0.5 0 35 0
0.5 0 37 45
0.5 0 49 53
0.5 960 49 0
0.5 0 37 0
0.5 0 36 39
0.5 0 48 47
0.5 960 48 0
0.5 0 36 0
0.5 0 27 43
0.5 0 39 51
0.5 480 39 0
0.5 0 27 0
0.5 0 36 44
0.5 0 48 52
0.5 480 48 0
0.5 0 36 0
0.5 0 35 34
0.5 0 47 40
0.5 480 47 0
0.5 0 35 0
0.5 0 39 40
0.5 0 51 48
0.5 480 51 0
0.5 0 39 0
0.5 0 38 37
0.5 0 50 44
0.5 480 50 0
0.5 0 38 0
0.5 0 30 34
0.5 0 42 41
0.5 480 42 0
0.5 0 30 0
0.5 0 38 38
0.5 0 50 45
0.5 960 50 0
0.5 0 38 0
0.5 0 39 38
0.5 0 51 45
0.5 480 51 0
0.5 0 39 0
0.5 0 38 28
0.5 0 50 34
0.5 480 50 0
0.5 0 38 0
0.5 0 30 32
0.5 0 42 38
0.5 480 42 0
0.5 0 30 0
0.5 0 38 26
0.5 0 50 31
0.5 480 50 0
0.5 0 38 0
0.5 0 47 80
0.5 120 39 75
0.5 20 47 0
0.5 100 38 69
0.5 20 39 0
0.5 100 47 76
0.5 20 38 0
0.5 100 46 74
0.5 20 47 0
0.5 100 38 70
0.5 20 46 0
0.5 100 42 80
0.5 20 38 0
0.5 220 42 0
0.5 480 27 49
0.5 0 39 58
0.5 960 39 0
0.5 0 27 0
0.5 0 33 44
0.5 0 45 52
0.5 960 45 0
0.5 0 33 0
0.5 0 27 44
0.5 0 39 52
0.5 960 39 0
0.5 0 27 0
0.5 0 34 45
0.5 0 46 54
0.5 960 46 0
0.5 0 34 0
0.5 0 27 43
0.5 0 39 51
0.5 960 39 0
0.5 0 27 0
0.5 0 37 44
0.5 0 49 52
0.5 480 49 0
0.5 0 37 0
0.5 0 36 41
0.5 0 48 49
0.5 480 48 0
0.5 0 36 0
0.5 0 40 45
0.5 0 52 53
0.5 960 52 0
0.5 0 40 0
0.5 0 39 38
0.5 0 51 45
0.5 960 51 0
0.5 0 39 0
0.5 0 27 43
0.5 0 39 51
0.5 480 39 0
0.5 0 27 0
0.5 0 37 44
0.5 0 49 52
0.5 480 49 0
0.5 0 37 0
0.5 0 36 34
0.5 0 48 40
0.5 480 48 0
0.5 0 36 0
0.5 0 40 40
0.5 0 52 48
0.5 480 52 0
0.5 0 40 0
0.5 0 39 37
0.5 0 51 44
0.5 480 51 0
0.5 0 39 0
0.5 0 33 32
0.5 0 45 38
0.5 480 45 0
0.5 0 33 0
0.5 0 39 38
0.5 0 51 45
0.5 960 51 0
0.5 0 39 0
0.5 0 40 38
0.5 0 52 45
0.5 480 52 0
0.5 0 40 0
0.5 0 39 28
0.5 0 51 34
0.5 480 51 0
0.5 0 39 0
0.5 0 33 32
0.5 0 45 38
0.5 480 45 0
0.5 0 33 0
0.5 0 39 26
0.5 0 51 31
0.5 480 51 0
0.5 0 39 0
0.5 0 52 80
0.5 120 44 75
0.5 20 52 0
0.5 100 43 71
0.5 20 44 0
0.5 100 52 76
0.5 20 43 0
0.5 100 51 74
0.5 20 52 0
0.5 100 43 70
0.5 20 51 0
0.5 100 47 80
0.5 20 43 0
0.5 220 47 0
0.5 480 32 49
0.5 0 44 58
0.5 960 44 0
0.5 0 32 0
0.5 0 38 44
0.5 0 50 52
0.5 960 50 0
0.5 0 38 0
0.5 0 32 44
0.5 0 44 52
0.5 960 44 0
0.5 0 32 0
0.5 0 39 45
0.5 0 51 54
0.5 960 51 0
0.5 0 39 0
0.5 0 59 76
0.5 120 51 71
0.5 20 59 0
0.5 100 50 67
0.5 20 51 0
0.5 100 59 72
0.5 20 50 0
0.5 100 58 70
0.5 20 59 0
0.5 100 51 66
0.5 20 58 0
0.5 100 54 76
0.5 20 51 0
0.5 220 54 0
0.5 420 39 60
0.5 0 51 71
0.5 60 51 0
0.5 0 39 0
0.5 0 27 70
0.5 0 39 83
0.5 480 39 0
0.5 0 27 0
0.5 480 63 82
0.5 0 51 69
0.5 960 51 0
0.5 0 63 0
0.5 0 50 65
0.5 0 62 77
0.5 960 62 0
0.5 0 50 0
0.5 0 49 63
0.5 0 61 75
0.5 960 61 0
0.5 0 49 0
0.5 0 48 65
0.5 0 60 77
0.5 960 60 0
0.5 0 48 0
0.5 0 59 75
0.5 0 47 63
0.5 960 47 0
0.5 0 59 0
0.5 0 46 63
0.5 0 58 75
0.5 960 58 0
0.5 0 46 0
0.5 0 45 62
0.5 0 57 74
0.5 960 57 0
0.5 0 45 0
0.5 0 44 62
0.5 0 56 73
0.5 960 56 0
0.5 0 44 0
0.5 0 55 62
0.5 0 43 52
0.5 960 43 0
0.5 0 55 0
0.5 0 42 57
0.5 0 54 68
0.5 960 54 0
0.5 0 42 0
0.5 0 53 61
0.5 0 41 51
0.5 900 41 0
0.5 0 53 0
0.5 0 39 65
0.5 0 51 77
0.5 60 51 0
0.5 0 39 0
0.5 0 27 75
0.5 0 39 89
0.5 960 39 0
0.5 0 27 0
0.5 0 40 69
0.5 0 52 82
0.5 480 52 0
0.5 0 40 0
0.5 0 47 61
0.5 0 59 72
0.5 480 59 0
0.5 0 47 0
0.5 0 46 66
0.5 0 58 78
0.5 480 58 0
0.5 0 46 0
0.5 0 51 59
0.5 0 39 59
0.5 0 58 70
0.5 480 58 0
0.5 0 39 0
0.5 0 51 0
0.5 0 45 64
0.5 0 57 76
0.5 960 57 0
0.5 0 45 0
0.5 0 44 71
0.5 0 56 84
0.5 960 56 0
0.5 0 44 0
0.5 0 43 65
0.5 0 55 77
0.5 480 55 0
0.5 0 43 0
0.5 0 37 60
0.5 0 49 71
0.5 480 49 0
0.5 0 37 0
0.5 0 36 61
0.5 0 48 72
0.5 480 48 0
0.5 0 36 0
0.5 0 42 56
0.5 0 54 66
0.5 480 54 0
0.5 0 42 0
0.5 0 41 60
0.5 0 53 71
0.5 960 53 0
0.5 0 41 0
0.5 0 40 56
0.5 0 52 67
0.5 480 52 0
0.5 0 40 0
0.5 0 35 48
0.5 0 47 57
0.5 480 47 0
0.5 0 35 0
0.5 0 39 52
0.5 0 51 62
0.5 960 51 0
0.5 0 39 0
0.5 0 38 51
0.5 0 50 60
0.5 480 50 0
0.5 0 38 0
0.5 0 34 44
0.5 0 46 52
0.5 480 46 0
0.5 0 34 0
0.5 0 37 46
0.5 0 49 55
0.5 480 49 0
0.5 0 37 0
0.5 480 39 36
0.5 60 41 35
0.5 20 39 0
0.5 40 39 39
0.5 20 41 0
0.5 40 41 35
0.5 20 39 0
0.5 40 39 36
0.5 20 41 0
0.5 40 41 33
0.5 40 39 0
0.5 20 39 36
0.5 40 41 0
0.5 20 41 33
0.5 40 39 0
0.5 20 39 35
0.5 40 41 0
0.5 20 41 31
0.5 60 39 0
0.5 0 39 35
0.5 60 41 0
0.5 0 41 31
0.5 60 39 0
0.5 0 39 36
0.5 60 41 0
0.5 0 41 31
0.5 60 39 0
0.5 0 39 38
0.5 60 41 0
0.5 0 41 35
0.5 60 39 0
0.5 0 39 41
0.5 60 41 0
0.5 0 41 36
0.5 60 39 0
0.5 0 39 42
0.5 60 41 0
0.5 0 41 37
0.5 60 39 0
0.5 0 39 37
0.5 40 40 39
0.5 20 39 0
0.5 0 41 0
0.5 20 41 41
0.5 20 40 0
0.5 20 42 43
0.5 20 41 0
0.5 20 43 45
0.5 20 42 0
0.5 20 44 47
0.5 20 43 0
0.5 20 45 55
0.5 20 44 0
0.5 40 46 49
0.5 60 45 0
0.5 0 45 55
0.5 60 46 0
0.5 0 46 51
0.5 60 45 0
0.5 0 45 55
0.5 60 46 0
0.5 0 46 51
0.5 60 45 0
0.5 0 45 55
0.5 60 46 0
0.5 0 46 50
0.5 60 45 0
0.5 0 45 53
0.5 60 46 0
0.5 0 46 47
0.5 60 45 0
0.5 0 45 51
0.5 60 46 0
0.5 0 46 47
0.5 60 45 0
0.5 0 45 52
0.5 60 46 0
0.5 0 46 45
0.5 60 45 0
0.5 0 45 50
0.5 60 46 0
0.5 0 46 44
0.5 60 45 0
0.5 0 45 47
0.5 60 46 0
0.5 0 46 42
0.5 60 45 0
0.5 0 45 46
0.5 60 46 0
0.5 0 46 44
0.5 60 45 0
0.5 0 45 43
0.5 40 44 43
0.5 20 45 0
0.5 0 46 0
0.5 20 43 43
0.5 20 44 0
0.5 20 42 42
0.5 20 43 0
0.5 20 41 42
0.5 20 42 0
0.5 20 40 42
0.5 20 41 0
0.5 20 39 42
0.5 20 40 0
0.5 40 41 38
0.5 20 39 0
0.5 40 39 41
0.5 20 41 0
0.5 40 41 35
0.5 20 39 0
0.5 40 39 39
0.5 20 41 0
0.5 40 41 35
0.5 30 39 0
0.5 30 39 39
0.5 30 41 0
0.5 30 41 35
0.5 30 39 0
0.5 30 39 37
0.5 30 41 0
0.5 30 41 31
0.5 40 39 0
0.5 20 39 36
0.5 40 41 0
0.5 20 41 31
0.5 40 39 0
0.5 20 39 36
0.5 40 41 0
0.5 20 41 31
0.5 60 39 0
0.5 0 39 36
0.5 60 41 0
0.5 0 41 31
0.5 60 39 0
0.5 0 39 37
0.5 60 41 0
0.5 0 41 36
0.5 60 39 0
0.5 0 39 39
0.5 60 41 0
0.5 0 41 37
0.5 60 39 0
0.5 0 39 36
0.5 40 40 38
0.5 20 39 0
0.5 0 41 0
0.5 20 41 39
0.5 20 40 0
0.5 20 42 40
0.5 20 41 0
0.5 20 43 41
0.5 20 42 0
0.5 20 44 42
0.5 20 43 0
0.5 20 45 45
0.5 20 44 0
0.5 40 46 38
0.5 60 45 0
0.5 0 45 45
0.5 60 46 0
0.5 0 46 42
0.5 60 45 0
0.5 0 45 45
0.5 60 46 0
0.5 0 46 37
0.5 60 45 0
0.5 0 45 44
0.5 60 46 0
0.5 0 46 37
0.5 60 45 0
0.5 0 45 45
0.5 60 46 0
0.5 0 46 41
0.5 60 45 0
0.5 0 45 45
0.5 60 46 0
0.5 0 46 42
0.5 60 45 0
0.5 0 45 48
0.5 60 46 0
0.5 0 46 40
0.5 60 45 0
0.5 0 45 47
0.5 60 46 0
0.5 0 46 39
0.5 60 45 0
0.5 0 45 46
0.5 60 46 0
0.5 0 46 37
0.5 60 45 0
0.5 0 45 46
0.5 60 46 0
0.5 0 46 43
0.5 60 45 0
0.5 0 45 46
0.5 40 44 45
0.5 20 45 0
0.5 0 46 0
0.5 20 43 44
0.5 20 44 0
0.5 20 42 43
0.5 20 43 0
0.5 20 41 43
0.5 20 42 0
0.5 20 40 42
0.5 20 41 0
0.5 20 39 41
0.5 20 40 0
0.5 40 41 38
0.5 20 39 0
0.5 40 39 41
0.5 20 41 0
0.5 40 41 35
0.5 20 39 0
0.5 40 39 39
0.5 20 41 0
0.5 40 41 35
0.5 30 39 0
0.5 30 39 39
0.5 30 41 0
0.5 30 41 35
0.5 30 39 0
0.5 30 39 37
0.5 30 41 0
0.5 30 41 31
0.5 40 39 0
0.5 20 39 36
0.5 40 41 0
0.5 20 41 31
0.5 40 39 0
0.5 20 39 36
0.5 40 41 0
0.5 20 41 31
0.5 60 39 0
0.5 0 39 36
0.5 60 41 0
0.5 0 41 31
0.5 60 39 0
0.5 0 39 37
0.5 60 41 0
0.5 0 41 36
0.5 60 39 0
0.5 0 39 39
0.5 60 41 0
0.5 0 41 37
0.5 60 39 0
0.5 0 39 36
0.5 40 40 36
0.5 20 39 0
0.5 0 41 0
0.5 20 41 37
0.5 20 40 0
0.5 20 42 38
0.5 20 41 0
0.5 20 43 39
0.5 20 42 0
0.5 20 44 39
0.5 20 43 0
0.5 20 45 43
0.5 20 44 0
0.5 40 46 36
0.5 60 45 0
0.5 0 45 43
0.5 60 46 0
0.5 0 46 36
0.5 60 45 0
0.5 0 45 42
0.5 60 46 0
0.5 0 46 37
0.5 60 45 0
0.5 0 45 42
0.5 60 46 0
0.5 0 46 37
0.5 60 45 0
0.5 0 45 42
0.5 60 46 0
0.5 0 46 38
0.5 60 45 0
0.5 0 45 41
0.5 60 46 0
0.5 0 46 36
0.5 60 45 0
0.5 0 45 38
0.5 60 46 0
0.5 0 46 33
0.5 60 45 0
0.5 0 45 40
0.5 60 46 0
0.5 0 46 35
0.5 60 45 0
0.5 0 45 42
0.5 60 46 0
0.5 0 46 35
0.5 60 45 0
0.5 0 45 44
0.5 60 46 0
0.5 0 46 38
0.5 60 45 0
0.5 0 45 44
0.5 40 44 44
0.5 20 45 0
0.5 0 46 0
0.5 20 43 43
0.5 20 44 0
0.5 20 42 42
0.5 20 43 0
0.5 20 41 41
0.5 20 42 0
0.5 20 40 41
0.5 20 41 0
0.5 20 39 40
0.5 20 40 0
0.5 40 41 38
0.5 20 39 0
0.5 40 39 41
0.5 20 41 0
0.5 40 41 35
0.5 20 39 0
0.5 40 39 39
0.5 20 41 0
0.5 40 41 35
0.5 30 39 0
0.5 30 39 39
0.5 30 41 0
0.5 30 41 35
0.5 30 39 0
0.5 30 39 37
0.5 30 41 0
0.5 30 41 31
0.5 40 39 0
0.5 20 39 36
0.5 40 41 0
0.5 20 41 31
0.5 40 39 0
0.5 20 39 36
0.5 40 41 0
0.5 20 41 31
0.5 60 39 0
0.5 0 39 36
0.5 60 41 0
0.5 0 41 31
0.5 60 39 0
0.5 0 39 37
0.5 60 41 0
0.5 0 41 36
0.5 60 39 0
0.5 0 39 39
0.5 60 41 0
0.5 0 41 37
0.5 60 39 0
0.5 0 39 55
0.5 40 40 56
0.5 20 39 0
0.5 0 41 0
0.5 20 41 57
0.5 20 40 0
0.5 20 42 58
0.5 20 41 0
0.5 20 43 59
0.5 20 42 0
0.5 20 44 60
0.5 20 43 0
0.5 20 45 63
0.5 20 44 0
0.5 40 46 55
0.5 20 45 0
0.5 40 45 63
0.5 20 46 0
0.5 40 46 54
0.5 20 45 0
0.5 40 45 62
0.5 20 46 0
0.5 40 46 56
0.5 20 45 0
0.5 40 45 65
0.5 20 46 0
0.5 40 46 57
0.5 20 45 0
0.5 40 45 67
0.5 20 46 0
0.5 40 46 60
0.5 20 45 0
0.5 40 45 67
0.5 20 46 0
0.5 40 46 58
0.5 20 45 0
0.5 40 45 61
0.5 20 46 0
0.5 40 46 62
0.5 20 45 0
0.5 40 47 64
0.5 20 46 0
0.5 40 48 66
0.5 20 47 0
0.5 40 49 67
0.5 20 48 0
0.5 40 50 69
0.5 20 49 0
0.5 40 51 71
0.5 20 50 0
0.5 40 53 73
0.5 20 51 0
0.5 40 54 74
0.5 20 53 0
0.5 40 55 76
0.5 20 54 0
0.5 40 56 78
0.5 20 55 0
0.5 40 57 75
0.5 20 56 0
0.5 40 58 71
0.5 20 57 0
0.5 40 57 73
0.5 20 58 0
0.5 40 58 70
0.5 20 57 0
0.5 40 57 75
0.5 20 58 0
0.5 40 58 71
0.5 20 57 0
0.5 40 57 76
0.5 20 58 0
0.5 40 58 71
0.5 20 57 0
0.5 40 57 77
0.5 20 58 0
0.5 40 58 72
0.5 20 57 0
0.5 40 57 79
0.5 20 58 0
0.5 40 58 75
0.5 20 57 0
0.5 40 57 76
0.5 20 58 0
0.5 40 58 69
0.5 20 57 0
0.5 40 57 81
0.5 20 58 0
0.5 40 58 74
0.5 20 57 0
0.5 40 57 82
0.5 20 58 0
0.5 40 58 75
0.5 20 57 0
0.5 40 57 83
0.5 20 58 0
0.5 40 58 75
0.5 20 57 0
0.5 40 57 85
0.5 20 58 0
0.5 40 58 77
0.5 20 57 0
0.5 40 57 86
0.5 20 58 0
0.5 40 58 78
0.5 20 57 0
0.5 40 59 82
0.5 0 63 92
0.5 0 56 82
0.5 20 58 0
0.5 220 59 0
0.5 0 63 0
0.5 0 56 0
0.5 0 59 80
0.5 0 63 89
0.5 0 56 80
0.5 0 64 89
0.5 360 64 0
0.5 0 59 0
0.5 0 63 0
0.5 0 56 0
0.5 840 56 86
0.5 0 59 86
0.5 0 63 96
0.5 480 63 0
0.5 0 59 0
0.5 0 56 0
0.5 0 56 81
0.5 0 63 90
0.5 0 59 81
0.5 0 64 90
0.5 720 64 0
0.5 0 56 0
0.5 0 63 0
0.5 0 59 0
0.5 960 66 81
0.5 120 66 0
0.5 0 62 63
0.5 120 62 0
0.5 0 63 66
0.5 120 63 0
0.5 0 59 69
0.5 120 59 0
0.5 0 58 73
0.5 120 58 0
0.5 0 62 71
0.5 120 62 0
0.5 0 63 74
0.5 120 63 0
0.5 0 62 70
0.5 120 62 0
0.5 0 59 73
0.5 120 59 0
0.5 0 58 76
0.5 120 58 0
0.5 0 57 80
0.5 120 57 0
0.5 0 58 83
0.5 120 58 0
0.5 0 57 86
0.5 120 57 0
0.5 0 53 67
0.5 120 53 0
0.5 0 54 69
0.5 120 54 0
0.5 0 50 72
0.5 120 50 0
0.5 0 51 75
0.5 120 51 0
0.5 0 47 78
0.5 120 47 0
0.5 0 46 84
0.5 120 46 0
0.5 0 45 85
0.5 120 45 0
0.5 0 47 73
0.5 120 47 0
0.5 0 46 75
0.5 120 46 0
0.5 0 41 78
0.5 120 41 0
0.5 0 42 72
0.5 120 42 0
0.5 0 39 70
0.5 30 46 83
0.5 30 54 89
0.5 330 54 0
0.5 0 46 0
0.5 0 39 0
0 0 64 0
0 71 64 127
0 419 64 0
0 174 64 127
0 308 64 0
0 158 64 127
0 315 64 0
0 165 64 127
0 320 64 0
0 146 64 127
0 324 64 0
0 60 64 127
0 432 64 0
0 186 64 127
0 294 64 0
0 172 64 127
0 307 64 0
0 201 64 127
0 280 64 0
0 186 64 127
0 294 64 0
0 129 64 127
0 226 64 0
0 212 64 127
0 393 64 0
0 186 64 127
0 294 64 0
0 186 64 127
0 294 64 0
0 200 64 127
0 280 64 0
0 158 64 127
0 310 64 0
0 85 64 127
0 401 64 0
0 107 64 127
0 268 64 0
0 269 64 127
0 323 64 0
0 128 64 127
0 350 64 0
0 145 64 127
0 336 64 0
0 144 64 127
0 225 64 0
0 184 64 127
0 407 64 0
0 214 64 127
0 266 64 0
0 172 64 127
0 306 64 0
0 188 64 127
0 294 64 0
0 172 64 127
0 296 64 0
0 57 64 127
0 435 64 0
0 158 64 127
0 211 64 0
0 255 64 127
0 332 64 0
0 148 64 127
0 336 64 0
0 172 64 127
0 308 64 0
0 172 64 127
0 169 64 0
0 268 64 127
0 349 64 0
0 216 64 127
0 266 64 0
0 200 64 127
0 275 64 0
0 177 64 127
0 303 64 0
0 106 64 127
0 367 64 0
0 91 64 127
0 394 64 0
0 98 64 127
0 263 64 0
0 251 64 127
0 350 64 0
0 130 64 127
0 350 64 0
0 130 64 127
0 350 64 0
0 108 64 127
0 228 64 0
0 151 64 127
0 474 64 0
0 190 64 127
0 294 64 0
0 115 64 127
0 340 64 0
0 126 64 127
0 379 64 0
0 144 64 127
0 336 64 0
0 144 64 127
0 126 64 0
0 255 64 127
0 187 64 0
0 110 64 127
0 138 64 0
0 125 64 127
0 348 64 0
0 121 64 127
0 118 64 0
0 76 64 127
0 171 64 0
0 92 64 127
0 391 64 0
0 123 64 127
0 354 64 0
0 126 64 127
0 263 64 0
0 114 64 127
0 458 64 0
0 148 64 127
0 331 64 0
0 138 64 127
0 342 64 0
0 138 64 127
0 354 64 0
0 149 64 127
0 308 64 0
0 88 64 127
0 401 64 0
0 161 64 127
0 322 64 0
0 129 64 127
0 351 64 0
0 144 64 127
0 336 64 0
0 172 64 127
0 308 64 0
0 129 64 127
0 240 64 0
0 133 64 127
0 215 64 0
0 48 64 127
0 196 64 0
0 147 64 127
0 327 64 0
0 73 64 127
0 166 64 0
0 97 64 127
0 148 64 0
0 115 64 127
0 368 64 0
0 100 64 127
0 379 64 0
0 124 64 127
0 252 64 0
0 182 64 127
0 403 64 0
0 123 64 127
0 349 64 0
0 166 64 127
0 319 64 0
0 161 64 127
0 320 64 0
0 148 64 127
0 332 64 0
0 137 64 127
0 331 64 0
0 113 64 127
0 379 64 0
0 186 64 127
0 294 64 0
0 200 64 127
0 280 64 0
0 144 64 127
0 338 64 0
0 127 64 127
0 351 64 0
0 158 64 127
0 183 64 0
0 218 64 127
0 401 64 0
0 148 64 127
0 333 64 0
0 113 64 127
0 365 64 0
0 138 64 127
0 344 64 0
0 101 64 127
0 377 64 0
0 161 64 127
0 311 64 0
0 157 64 127
0 333 64 0
0 159 64 127
0 311 64 0
0 134 64 127
0 206 64 0
0 263 64 127
0 360 64 0
0 97 64 127
0 388 64 0
0 104 64 127
0 134 64 0
0 82 64 127
0 149 64 0
0 141 64 127
0 351 64 0
0 157 64 127
0 324 64 0
0 171 64 127
0 308 64 0
0 172 64 127
0 310 64 0
0 113 64 127
0 283 64 0
0 183 64 127
0 367 64 0
0 127 64 127
0 365 64 0
0 157 64 127
0 313 64 0
0 111 64 127
0 134 64 0
0 78 64 127
0 169 64 0
0 127 64 127
0 351 64 0
0 186 64 127
0 282 64 0
0 127 64 127
0 353 64 0
0 127 64 127
0 365 64 0
0 214 64 127
0 155 64 0
0 283 64 127
0 308 64 0
0 158 64 127
0 226 64 0
0 282 64 127
0 291 64 0
0 132 64 127
0 339 64 0
0 92 64 127
0 396 64 0
0 118 64 127
0 240 64 0
0 274 64 127
0 333 64 0
0 113 64 127
0 286 64 0
0 228 64 127
0 327 64 0
0 153 64 127
0 320 64 0
0 127 64 127
0 365 64 0
0 129 64 127
0 350 64 0
0 145 64 127
0 336 64 0
0 143 64 127
0 340 64 0
0 155 64 127
0 296 64 0
0 155 64 127
0 339 64 0
0 183 64 127
0 309 64 0
0 194 64 127
0 281 64 0
0 176 64 127
0 282 64 0
0 198 64 127
0 308 64 0
0 126 64 127
0 355 64 0
0 217 64 127
0 251 64 0
0 85 64 127
0 407 64 0
0 214 64 127
0 266 64 0
0 186 64 127
0 289 64 0
0 149 64 127
0 336 64 0
0 144 64 127
0 337 64 0
0 114 64 127
0 198 64 0
0 1142 64 127
0 1004 64 0
0 1089 64 127
0 1071 64 0
0 1146 64 127
0 280 64 0
0 208 64 127
0 254 64 0
0 462 64 127
0 315 64 0
0 1398 64 127
0 979 64 0
0 1167 64 127
0 206 64 0
0 234 64 127
0 223 64 0
0 547 64 127
0 529 64 0
0 755 64 127
0 202 64 0
0 197 64 127
0 928 64 0
0 509 64 127
0 201 64 0
0 448 64 127
0 194 64 0
0 215 64 127
0 177 64 0
0 212 64 127
0 804 64 0
0 660 64 127
0 244 64 0
0 487 64 127
0 240 64 0
0 1489 64 127
0 177 64 0
0 208 64 127
0 907 64 0
0 551 64 127
0 296 64 0
0 378 64 127
0 236 64 0
0 134 64 127
0 180 64 0
0 226 64 127
0 872 64 0
0 618 64 127
0 236 64 0
0 445 64 127
0 208 64 0
0 438 64 127
0 81 64 0
0 176 64 127
0 71 64 0
0 4010 64 127
0 268 64 0
0 183 64 127
0 141 64 0
0 1419 64 127
0 622 64 0
0 831 64 127
0 838 64 0
0 283 64 127
0 666 64 0
0 240 64 127
0 730 64 0
0 364 64 127
0 586 64 0
0 160 64 127
0 806 64 0
0 167 64 127
0 319 64 0
0 276 64 127
0 192 64 0
0 214 64 127
0 751 64 0
0 342 64 127
0 613 64 0
0 96 64 127
0 391 64 0
0 166 64 127
0 319 64 0
0 142 64 127
0 338 64 0
0 219 64 127
0 249 64 0
0 206 64 127
0 286 64 0
0 240 64 127
0 241 64 0
0 284 64 127
0 663 64 0
0 180 64 127
0 312 64 0
0 199 64 127
0 276 64 0
0 224 64 127
0 262 64 0
0 218 64 127
0 249 64 0
0 1573 64 127
0 834 64 0
0 287 64 127
0 666 64 0
0 347 64 127
0 625 64 0
0 362 64 127
0 586 64 0
0 252 64 127
0 721 64 0
0 262 64 127
0 217 64 0
0 217 64 127
0 251 64 0
0 187 64 127
0 786 64 0
0 361 64 127
0 586 64 0
0 46 64 127
0 447 64 0
0 124 64 127
0 356 64 0
0 193 64 127
0 286 64 0
0 354 64 127
0 126 64 0
0 257 64 127
0 223 64 0
0 219 64 127
0 262 64 0
0 421 64 127
0 526 64 0
0 180 64 127
0 312 64 0
0 161 64 127
0 319 64 0
0 180 64 127
0 305 64 0
0 233 64 127
0 230 64 0
0 1574 64 127
0 842 64 0
0 304 64 127
0 658 64 0
0 222 64 127
0 734 64 0
0 333 64 127
0 613 64 0
0 1338 64 127
0 1075 64 0
0 314 64 127
0 647 64 0
0 199 64 127
0 760 64 0
0 334 64 127
0 620 64 0
0 153 64 127
0 813 64 0
0 262 64 127
0 693 64 0
0 259 64 127
0 696 64 0
0 237 64 127
0 720 64 0
0 214 64 127
0 758 64 0
0 388 64 127
0 573 64 0
0 86 64 127
0 873 64 0
0 171 64 127
0 661 64 0
0 52 64 127
0 1037 64 0
0 353 64 127
0 611 64 0
0 197 64 127
0 759 64 0
0 281 64 127
0 679 64 0
0 193 64 127
0 769 64 0
0 237 64 127
0 713 64 0
0 224 64 127
0 746 64 0
0 420 64 127
0 530 64 0
0 178 64 127
0 786 64 0
0 357 64 127
0 604 64 0
0 163 64 127
0 800 64 0
0 198 64 127
0 250 64 0
0 1720 64 127
0 237 64 0
0 1197 64 127
0 236 64 0
0 1210 64 127
0 247 64 0
0 1187 64 127
0 239 64 0
0 1199 64 127
0 237 64 0
0 1206 64 127
0 238 64 0
0 1175 64 127
0 254 64 0
0 1400 64 127
0 227 64 0
0 27 64 127
0 451 64 0
0 31 64 127
0 691 64 0
0 61 64 127
0 185 64 0
0 62 64 127
0 261 64 0
0 927 64 127
0 429 64 0
0 76 64 127
0 443 64 0
0 960 64 127
0 3073 64 0
0 39 64 127
0 251 64 0
1 0 0 0
