0.5 0 67 31
0.5 0 70 45
0.5 480 70 0
0.5 0 67 0
0.5 0 63 29
0.5 0 67 44
0.5 240 67 0
0.5 0 63 0
0.5 0 58 30
0.5 0 65 45
0.5 240 65 0
0.5 0 58 0
0.5 0 55 30
0.5 0 63 45
0.5 240 63 0
0.5 0 55 0
0.5 0 58 43
0.5 240 58 0
0.5 0 63 45
0.5 240 63 0
0.5 0 62 31
0.5 0 65 45
0.5 240 65 0
0.5 0 62 0
0.5 0 63 34
0.5 0 67 47
0.5 240 67 0
0.5 0 68 61
0.5 240 68 0
0.5 0 70 62
0.5 240 70 0
0.5 0 72 62
0.5 240 72 0
0.5 0 63 0
0.5 0 67 57
0.5 0 63 40
0.5 360 67 0
0.5 0 68 48
0.5 120 68 0
0.5 0 63 0
0.5 0 62 35
0.5 0 65 50
0.5 120 67 48
0.5 10 65 0
0.5 110 68 49
0.5 10 67 0
0.5 110 69 49
0.5 10 68 0
0.5 110 69 0
0.5 0 62 0
0.5 0 70 50
0.5 0 82 59
0.5 480 82 0
0.5 0 79 62
0.5 240 79 0
0.5 0 77 58
0.5 240 77 0
0.5 0 70 0
0.5 0 70 50
0.5 0 75 60
0.5 180 75 0
0.5 0 70 0
0.5 60 74 46
0.5 0 77 55
0.5 180 77 0
0.5 0 74 0
0.5 60 75 49
0.5 0 79 58
0.5 180 79 0
0.5 0 75 0
0.5 60 75 51
0.5 0 80 61
0.5 180 80 0
0.5 0 75 0
0.5 60 82 63
0.5 0 75 54
0.5 240 75 0
0.5 0 82 0
0.5 0 83 62
0.5 60 84 59
0.5 10 83 0
0.5 50 80 59
0.5 10 84 0
0.5 50 77 57
0.5 10 80 0
0.5 50 77 0
0.5 0 75 64
0.5 240 75 0
0.5 0 79 60
0.5 60 77 56
0.5 10 79 0
0.5 50 76 56
0.5 10 77 0
0.5 50 77 53
0.5 10 76 0
0.5 40 77 0
0.5 10 74 51
0.5 0 77 61
0.5 480 77 0
0.5 0 74 0
0.5 0 75 54
0.5 240 75 0
0.5 240 67 31
0.5 0 70 45
0.5 480 70 0
0.5 0 67 0
0.5 0 63 29
0.5 0 67 44
0.5 240 67 0
0.5 0 63 0
0.5 0 58 30
0.5 0 65 45
0.5 240 65 0
0.5 0 58 0
0.5 0 55 30
0.5 0 63 45
0.5 240 63 0
0.5 0 55 0
0.5 0 58 43
0.5 240 58 0
0.5 0 63 45
0.5 240 63 0
0.5 0 62 31
0.5 0 65 45
0.5 240 65 0
0.5 0 62 0
0.5 0 63 34
0.5 0 67 47
0.5 240 67 0
0.5 0 68 59
0.5 240 68 0
0.5 0 70 62
0.5 240 70 0
0.5 0 72 59
0.5 240 72 0
0.5 0 63 0
0.5 0 67 57
0.5 0 63 40
0.5 360 67 0
0.5 0 68 48
0.5 120 68 0
0.5 0 63 0
0.5 0 62 35
0.5 0 65 50
0.5 120 67 48
0.5 10 65 0
0.5 110 68 49
0.5 10 67 0
0.5 110 69 49
0.5 10 68 0
0.5 110 69 0
0.5 0 62 0
0.5 0 70 50
0.5 0 82 59
0.5 480 82 0
0.5 0 79 62
0.5 240 79 0
0.5 0 77 58
0.5 240 77 0
0.5 0 70 0
0.5 0 70 50
0.5 0 75 60
0.5 180 75 0
0.5 0 70 0
0.5 60 74 46
0.5 0 77 55
0.5 180 77 0
0.5 0 74 0
0.5 60 75 49
0.5 0 79 58
0.5 180 79 0
0.5 0 75 0
0.5 60 75 51
0.5 0 80 61
0.5 180 80 0
0.5 0 75 0
0.5 60 82 63
0.5 0 75 54
0.5 240 75 0
0.5 0 82 0
0.5 0 83 63
0.5 60 84 59
0.5 10 83 0
0.5 50 80 59
0.5 10 84 0
0.5 50 77 57
0.5 10 80 0
0.5 50 77 0
0.5 0 75 64
0.5 240 75 0
0.5 0 79 60
0.5 60 77 56
0.5 10 79 0
0.5 50 76 56
0.5 10 77 0
0.5 50 77 53
0.5 10 76 0
0.5 40 77 0
0.5 10 74 51
0.5 0 77 61
0.5 480 77 0
0.5 0 74 0
0.5 0 75 54
0.5 240 75 0
0.5 240 77 60
0.5 480 77 0
0.5 0 79 60
0.5 240 79 0
0.5 0 75 55
0.5 240 75 0
0.5 0 80 60
0.5 360 80 0
0.5 0 77 54
0.5 120 77 0
0.5 0 74 56
0.5 120 75 55
0.5 10 74 0
0.5 110 77 57
0.5 10 75 0
0.5 110 78 59
0.5 10 77 0
0.5 110 79 60
0.5 10 78 0
0.5 230 79 0
0.5 0 79 63
0.5 240 79 0
0.5 0 80 63
0.5 240 80 0
0.5 0 81 63
0.5 240 81 0
0.5 0 82 67
0.5 360 82 0
0.5 0 84 58
0.5 40 82 58
0.5 10 84 0
0.5 30 80 58
0.5 10 82 0
0.5 30 79 62
0.5 10 80 0
0.5 110 79 0
0.5 0 80 56
0.5 120 82 60
0.5 10 80 0
0.5 110 83 63
0.5 10 82 0
0.5 110 83 0
0.5 0 84 63
0.5 480 84 0
0.5 0 82 63
0.5 480 82 0
0.5 0 81 63
0.5 480 81 0
0.5 0 80 63
0.5 480 80 0
0.5 0 79 67
0.5 240 79 0
0.5 0 87 68
0.5 240 87 0
0.5 0 77 67
0.5 240 77 0
0.5 0 84 64
0.5 240 84 0
0.5 0 75 56
0.5 360 75 0
0.5 0 77 46
0.5 60 77 0
0.5 0 75 42
0.5 60 75 0
0.5 0 74 45
0.5 240 74 0
0.5 240 67 31
0.5 0 70 45
0.5 480 70 0
0.5 0 67 0
0.5 0 63 29
0.5 0 67 44
0.5 240 67 0
0.5 0 63 0
0.5 0 58 30
0.5 0 65 45
0.5 240 65 0
0.5 0 58 0
0.5 0 55 30
0.5 0 63 45
0.5 240 63 0
0.5 0 55 0
0.5 0 58 43
0.5 240 58 0
0.5 0 63 45
0.5 240 63 0
0.5 0 62 31
0.5 0 65 45
0.5 240 65 0
0.5 0 62 0
0.5 0 63 34
0.5 0 67 47
0.5 240 67 0
0.5 0 68 61
0.5 240 68 0
0.5 0 70 62
0.5 240 70 0
0.5 0 72 62
0.5 240 72 0
0.5 0 63 0
0.5 0 67 57
0.5 0 63 40
0.5 360 67 0
0.5 0 68 48
0.5 120 68 0
0.5 0 63 0
0.5 0 62 35
0.5 0 65 50
0.5 120 67 48
0.5 10 65 0
0.5 110 68 49
0.5 10 67 0
0.5 110 69 49
0.5 10 68 0
0.5 110 69 0
0.5 0 62 0
0.5 0 70 50
0.5 0 82 59
0.5 480 82 0
0.5 0 79 62
0.5 240 79 0
0.5 0 77 58
0.5 240 77 0
0.5 0 70 0
0.5 0 70 50
0.5 0 75 60
0.5 180 75 0
0.5 0 70 0
0.5 60 74 46
0.5 0 77 55
0.5 180 77 0
0.5 0 74 0
0.5 60 75 49
0.5 0 79 58
0.5 180 79 0
0.5 0 75 0
0.5 60 75 51
0.5 0 80 61
0.5 180 80 0
0.5 0 75 0
0.5 60 82 63
0.5 0 75 54
0.5 240 75 0
0.5 0 82 0
0.5 0 83 62
0.5 60 84 59
0.5 10 83 0
0.5 50 80 59
0.5 10 84 0
0.5 50 77 57
0.5 10 80 0
0.5 50 77 0
0.5 0 75 64
0.5 240 75 0
0.5 0 79 60
0.5 60 77 56
0.5 10 79 0
0.5 50 76 56
0.5 10 77 0
0.5 50 77 53
0.5 10 76 0
0.5 40 77 0
0.5 10 74 51
0.5 0 77 61
0.5 480 77 0
0.5 0 74 0
0.5 0 75 54
0.5 240 75 0
0.5 240 77 60
0.5 480 77 0
0.5 0 79 60
0.5 240 79 0
0.5 0 75 55
0.5 240 75 0
0.5 0 80 60
0.5 360 80 0
0.5 0 77 54
0.5 120 77 0
0.5 0 74 56
0.5 120 75 55
0.5 10 74 0
0.5 110 77 57
0.5 10 75 0
0.5 110 78 59
0.5 10 77 0
0.5 110 79 60
0.5 10 78 0
0.5 230 79 0
0.5 0 79 63
0.5 240 79 0
0.5 0 80 63
0.5 240 80 0
0.5 0 81 63
0.5 240 81 0
0.5 0 82 67
0.5 360 82 0
0.5 0 84 58
0.5 40 82 58
0.5 10 84 0
0.5 30 80 58
0.5 10 82 0
0.5 30 79 62
0.5 10 80 0
0.5 110 79 0
0.5 0 80 56
0.5 120 82 60
0.5 10 80 0
0.5 110 83 63
0.5 10 82 0
0.5 110 83 0
0.5 0 84 63
0.5 480 84 0
0.5 0 82 63
0.5 480 82 0
0.5 0 81 63
0.5 480 81 0
0.5 0 80 63
0.5 480 80 0
0.5 0 79 67
0.5 240 79 0
0.5 0 87 68
0.5 240 87 0
0.5 0 77 67
0.5 240 77 0
0.5 0 84 64
0.5 240 84 0
0.5 0 75 56
0.5 360 75 0
0.5 0 77 46
0.5 60 77 0
0.5 0 75 42
0.5 60 75 0
0.5 0 74 45
0.5 240 74 0
0.5 240 67 31
0.5 0 70 45
0.5 480 70 0
0.5 0 67 0
0.5 0 63 29
0.5 0 67 44
0.5 240 67 0
0.5 0 63 0
0.5 0 58 30
0.5 0 65 45
0.5 240 65 0
0.5 0 58 0
0.5 0 55 30
0.5 0 63 45
0.5 240 63 0
0.5 0 55 0
0.5 0 58 43
0.5 240 58 0
0.5 0 63 45
0.5 240 63 0
0.5 0 62 31
0.5 0 65 45
0.5 240 65 0
0.5 0 62 0
0.5 0 63 34
0.5 0 67 47
0.5 240 67 0
0.5 0 68 61
0.5 240 68 0
0.5 0 70 62
0.5 240 70 0
0.5 0 72 62
0.5 240 72 0
0.5 0 63 0
0.5 0 67 57
0.5 0 63 40
0.5 360 67 0
0.5 0 68 48
0.5 120 68 0
0.5 0 63 0
0.5 0 62 35
0.5 0 65 50
0.5 120 67 48
0.5 10 65 0
0.5 110 68 49
0.5 10 67 0
0.5 110 69 49
0.5 10 68 0
0.5 110 69 0
0.5 0 62 0
0.5 0 70 50
0.5 0 82 59
0.5 480 82 0
0.5 0 79 62
0.5 240 79 0
0.5 0 77 58
0.5 240 77 0
0.5 0 70 0
0.5 0 70 50
0.5 0 75 60
0.5 180 75 0
0.5 0 70 0
0.5 60 74 46
0.5 0 77 55
0.5 180 77 0
0.5 0 74 0
0.5 60 75 49
0.5 0 79 58
0.5 180 79 0
0.5 0 75 0
0.5 60 75 51
0.5 0 80 61
0.5 180 80 0
0.5 0 75 0
0.5 60 82 63
0.5 0 75 54
0.5 240 75 0
0.5 0 82 0
0.5 0 83 62
0.5 60 84 59
0.5 10 83 0
0.5 50 80 59
0.5 10 84 0
0.5 50 77 57
0.5 10 80 0
0.5 50 77 0
0.5 0 75 64
0.5 240 75 0
0.5 0 79 60
0.5 60 77 56
0.5 10 79 0
0.5 50 76 56
0.5 10 77 0
0.5 50 77 53
0.5 10 76 0
0.5 40 77 0
0.5 10 74 51
0.5 0 77 61
0.5 480 77 0
0.5 0 74 0
0.5 0 75 54
0.5 240 75 0
0.5 240 75 49
0.5 0 79 59
0.5 360 79 0
0.5 0 75 0
0.5 0 74 47
0.5 0 77 56
0.5 120 77 0
0.5 0 74 0
0.5 0 72 47
0.5 0 75 56
0.5 240 75 0
0.5 0 72 0
0.5 240 77 52
0.5 0 80 63
0.5 360 80 0
0.5 0 77 0
0.5 0 75 46
0.5 0 79 54
0.5 120 79 0
0.5 0 75 0
0.5 0 74 48
0.5 0 77 58
0.5 240 77 0
0.5 0 74 0
0.5 360 72 47
0.5 0 75 57
0.5 120 74 50
0.5 0 77 60
0.5 12 75 0
0.5 0 72 0
0.5 108 75 52
0.5 0 79 62
0.5 12 74 0
0.5 0 77 0
0.5 78 75 0
0.5 0 79 0
0.5 30 75 51
0.5 0 79 61
0.5 120 79 0
0.5 0 75 0
0.5 0 74 50
0.5 0 77 60
0.5 120 77 0
0.5 0 74 0
0.5 0 74 48
0.5 0 77 58
0.5 120 77 0
0.5 0 74 0
0.5 0 72 47
0.5 0 75 56
0.5 90 75 0
0.5 0 72 0
0.5 30 72 49
0.5 0 75 58
0.5 480 75 0
0.5 0 72 0
0.5 0 71 45
0.5 0 74 54
0.5 240 74 0
0.5 0 71 0
0.5 360 75 57
0.5 120 75 0
0.5 0 72 53
0.5 120 72 0
0.5 0 68 53
0.5 120 68 0
0.5 0 67 53
0.5 240 67 0
0.5 0 66 55
0.5 240 66 0
0.5 120 82 61
0.5 120 82 0
0.5 0 79 61
0.5 120 79 0
0.5 0 75 61
0.5 120 75 0
0.5 0 74 65
0.5 240 74 0
0.5 0 73 61
0.5 240 73 0
0.5 120 74 54
0.5 120 74 0
0.5 120 70 53
0.5 0 67 45
0.5 120 67 0
0.5 0 70 0
0.5 120 69 45
0.5 0 72 53
0.5 120 72 0
0.5 0 69 0
0.5 120 69 45
0.5 0 66 53
0.5 120 66 0
0.5 0 69 0
0.5 120 67 49
0.5 120 67 0
0.5 0 69 49
0.5 120 69 0
0.5 0 71 49
0.5 120 71 0
0.5 0 69 41
0.5 0 72 49
0.5 120 72 0
0.5 0 69 0
0.5 0 71 42
0.5 0 74 50
0.5 120 74 0
0.5 0 71 0
0.5 0 72 44
0.5 0 75 52
0.5 120 75 0
0.5 0 72 0
0.5 0 74 45
0.5 0 77 54
0.5 120 77 0
0.5 0 74 0
0.5 0 75 49
0.5 0 79 59
0.5 360 79 0
0.5 0 75 0
0.5 0 74 47
0.5 0 77 56
0.5 120 77 0
0.5 0 74 0
0.5 0 72 47
0.5 0 75 56
0.5 240 75 0
0.5 0 72 0
0.5 240 77 52
0.5 0 80 63
0.5 360 80 0
0.5 0 77 0
0.5 0 75 46
0.5 0 79 54
0.5 120 79 0
0.5 0 75 0
0.5 0 74 48
0.5 0 77 58
0.5 240 77 0
0.5 0 74 0
0.5 360 72 47
0.5 0 75 57
0.5 120 74 50
0.5 0 77 60
0.5 12 75 0
0.5 0 72 0
0.5 108 75 52
0.5 0 79 62
0.5 12 74 0
0.5 0 77 0
0.5 78 75 0
0.5 0 79 0
0.5 30 75 51
0.5 0 79 61
0.5 120 79 0
0.5 0 75 0
0.5 0 74 50
0.5 0 77 60
0.5 120 77 0
0.5 0 74 0
0.5 0 74 48
0.5 0 77 58
0.5 120 77 0
0.5 0 74 0
0.5 0 72 47
0.5 0 75 56
0.5 90 75 0
0.5 0 72 0
0.5 30 72 49
0.5 0 75 58
0.5 480 75 0
0.5 0 72 0
0.5 0 71 45
0.5 0 74 54
0.5 240 74 0
0.5 0 71 0
0.5 360 75 57
0.5 120 75 0
0.5 0 72 53
0.5 120 72 0
0.5 0 68 53
0.5 120 68 0
0.5 0 67 53
0.5 240 67 0
0.5 0 66 55
0.5 240 66 0
0.5 120 82 61
0.5 120 82 0
0.5 0 79 61
0.5 120 79 0
0.5 0 75 61
0.5 120 75 0
0.5 0 74 65
0.5 240 74 0
0.5 0 73 61
0.5 240 73 0
0.5 120 74 54
0.5 120 74 0
0.5 120 70 53
0.5 0 67 45
0.5 120 67 0
0.5 0 70 0
0.5 120 69 45
0.5 0 72 53
0.5 120 72 0
0.5 0 69 0
0.5 120 69 45
0.5 0 66 53
0.5 120 66 0
0.5 0 69 0
0.5 120 67 49
0.5 120 67 0
0.5 0 69 49
0.5 120 69 0
0.5 0 71 49
0.5 120 71 0
0.5 0 69 41
0.5 0 72 49
0.5 120 72 0
0.5 0 69 0
0.5 0 71 42
0.5 0 74 50
0.5 120 74 0
0.5 0 71 0
0.5 0 72 44
0.5 0 75 52
0.5 120 75 0
0.5 0 72 0
0.5 0 74 45
0.5 0 77 54
0.5 120 77 0
0.5 0 74 0
0.5 0 76 49
0.5 0 79 59
0.5 480 79 0
0.5 0 76 0
0.5 0 77 47
0.5 0 80 56
0.5 480 80 0
0.5 0 77 0
0.5 0 79 52
0.5 0 82 63
0.5 480 82 0
0.5 0 79 0
0.5 0 77 48
0.5 0 80 58
0.5 240 80 0
0.5 0 77 0
0.5 240 74 57
0.5 0 77 68
0.5 480 77 0
0.5 0 74 0
0.5 0 75 54
0.5 0 79 64
0.5 480 79 0
0.5 0 75 0
0.5 0 77 57
0.5 0 80 68
0.5 480 80 0
0.5 0 77 0
0.5 0 75 54
0.5 0 79 63
0.5 240 79 0
0.5 0 75 0
0.5 360 78 61
0.5 120 79 63
0.5 12 78 0
0.5 108 78 60
0.5 12 79 0
0.5 108 78 0
0.5 0 86 66
0.5 240 86 0
0.5 0 77 62
0.5 240 77 0
0.5 120 76 60
0.5 120 77 62
0.5 12 76 0
0.5 108 76 57
0.5 12 77 0
0.5 108 76 0
0.5 0 84 63
0.5 240 84 0
0.5 0 75 57
0.5 240 75 0
0.5 120 73 54
0.5 120 72 56
0.5 12 73 0
0.5 108 73 54
0.5 12 72 0
0.5 108 76 58
0.5 12 73 0
0.5 108 77 50
0.5 12 76 0
0.5 108 79 53
0.5 12 77 0
0.5 108 80 55
0.5 12 79 0
0.5 108 80 0
0.5 0 72 55
0.5 480 72 0
0.5 0 71 54
0.5 120 74 49
0.5 12 71 0
0.5 108 75 52
0.5 12 74 0
0.5 108 77 54
0.5 12 75 0
0.5 108 77 0
0.5 0 75 49
0.5 0 79 59
0.5 360 79 0
0.5 0 75 0
0.5 0 74 47
0.5 0 77 56
0.5 120 77 0
0.5 0 74 0
0.5 0 72 47
0.5 0 75 56
0.5 240 75 0
0.5 0 72 0
0.5 240 77 52
0.5 0 80 63
0.5 360 80 0
0.5 0 77 0
0.5 0 75 46
0.5 0 79 54
0.5 120 79 0
0.5 0 75 0
0.5 0 74 48
0.5 0 77 58
0.5 240 77 0
0.5 0 74 0
0.5 360 72 47
0.5 0 75 57
0.5 120 74 50
0.5 0 77 60
0.5 12 75 0
0.5 0 72 0
0.5 108 75 52
0.5 0 79 62
0.5 12 74 0
0.5 0 77 0
0.5 78 75 0
0.5 0 79 0
0.5 30 75 51
0.5 0 79 61
0.5 120 79 0
0.5 0 75 0
0.5 0 74 50
0.5 0 77 60
0.5 120 77 0
0.5 0 74 0
0.5 0 74 48
0.5 0 77 58
0.5 120 77 0
0.5 0 74 0
0.5 0 72 47
0.5 0 75 56
0.5 90 75 0
0.5 0 72 0
0.5 30 72 49
0.5 0 75 58
0.5 480 75 0
0.5 0 72 0
0.5 0 71 45
0.5 0 74 54
0.5 240 74 0
0.5 0 71 0
0.5 360 79 61
0.5 120 79 0
0.5 0 75 56
0.5 120 75 0
0.5 0 71 56
0.5 120 71 0
0.5 0 74 60
0.5 240 74 0
0.5 0 72 55
0.5 240 72 0
0.5 120 84 61
0.5 120 84 0
0.5 0 80 61
0.5 120 80 0
0.5 0 76 61
0.5 120 76 0
0.5 0 79 65
0.5 240 79 0
0.5 0 78 61
0.5 240 78 0
0.5 120 79 54
0.5 120 79 0
0.5 120 75 53
0.5 0 72 45
0.5 120 72 0
0.5 0 75 0
0.5 120 74 45
0.5 0 77 53
0.5 120 77 0
0.5 0 74 0
0.5 120 74 45
0.5 0 71 53
0.5 120 71 0
0.5 0 74 0
0.5 120 71 49
0.5 120 71 0
0.5 0 72 49
0.5 120 72 0
0.5 0 71 49
0.5 120 71 0
0.5 0 72 49
0.5 120 72 0
0.5 0 71 42
0.5 0 74 50
0.5 120 74 0
0.5 0 71 0
0.5 0 72 44
0.5 0 75 52
0.5 120 75 0
0.5 0 72 0
0.5 0 74 45
0.5 0 77 54
0.5 120 77 0
0.5 0 74 0
0.5 0 76 49
0.5 0 79 59
0.5 480 79 0
0.5 0 76 0
0.5 0 77 47
0.5 0 80 56
0.5 480 80 0
0.5 0 77 0
0.5 0 79 52
0.5 0 82 63
0.5 480 82 0
0.5 0 79 0
0.5 0 77 48
0.5 0 80 58
0.5 240 80 0
0.5 0 77 0
0.5 240 74 57
0.5 0 77 68
0.5 480 77 0
0.5 0 74 0
0.5 0 75 54
0.5 0 79 64
0.5 480 79 0
0.5 0 75 0
0.5 0 77 57
0.5 0 80 68
0.5 480 80 0
0.5 0 77 0
0.5 0 75 54
0.5 0 79 63
0.5 240 79 0
0.5 0 75 0
0.5 360 78 61
0.5 120 79 63
0.5 12 78 0
0.5 108 78 60
0.5 12 79 0
0.5 108 78 0
0.5 0 86 66
0.5 240 86 0
0.5 0 77 62
0.5 240 77 0
0.5 120 76 60
0.5 120 77 62
0.5 12 76 0
0.5 108 76 57
0.5 12 77 0
0.5 108 76 0
0.5 0 84 63
0.5 240 84 0
0.5 0 75 57
0.5 240 75 0
0.5 120 73 54
0.5 120 72 56
0.5 12 73 0
0.5 108 73 54
0.5 12 72 0
0.5 108 76 58
0.5 12 73 0
0.5 108 77 50
0.5 12 76 0
0.5 108 79 53
0.5 12 77 0
0.5 108 80 55
0.5 12 79 0
0.5 108 80 0
0.5 0 72 55
0.5 480 72 0
0.5 0 71 54
0.5 120 74 49
0.5 12 71 0
0.5 108 75 52
0.5 12 74 0
0.5 108 77 54
0.5 12 75 0
0.5 108 77 0
0.5 0 75 49
0.5 0 79 59
0.5 360 79 0
0.5 0 75 0
0.5 0 74 47
0.5 0 77 56
0.5 120 77 0
0.5 0 74 0
0.5 0 72 47
0.5 0 75 56
0.5 240 75 0
0.5 0 72 0
0.5 240 77 52
0.5 0 80 63
0.5 360 80 0
0.5 0 77 0
0.5 0 75 46
0.5 0 79 54
0.5 120 79 0
0.5 0 75 0
0.5 0 74 48
0.5 0 77 58
0.5 240 77 0
0.5 0 74 0
0.5 360 72 47
0.5 0 75 57
0.5 120 74 50
0.5 0 77 60
0.5 12 75 0
0.5 0 72 0
0.5 108 75 52
0.5 0 79 62
0.5 12 74 0
0.5 0 77 0
0.5 78 75 0
0.5 0 79 0
0.5 30 75 51
0.5 0 79 61
0.5 120 79 0
0.5 0 75 0
0.5 0 74 50
0.5 0 77 60
0.5 120 77 0
0.5 0 74 0
0.5 0 74 48
0.5 0 77 58
0.5 120 77 0
0.5 0 74 0
0.5 0 72 47
0.5 0 75 56
0.5 90 75 0
0.5 0 72 0
0.5 30 72 49
0.5 0 75 58
0.5 480 75 0
0.5 0 72 0
0.5 0 71 45
0.5 0 74 54
0.5 240 74 0
0.5 0 71 0
0.5 360 79 61
0.5 120 79 0
0.5 0 75 56
0.5 120 75 0
0.5 0 71 56
0.5 120 71 0
0.5 0 74 60
0.5 240 74 0
0.5 0 72 55
0.5 240 72 0
0.5 120 84 61
0.5 120 84 0
0.5 0 80 61
0.5 120 80 0
0.5 0 76 61
0.5 120 76 0
0.5 0 79 65
0.5 240 79 0
0.5 0 78 61
0.5 240 78 0
0.5 120 79 54
0.5 120 79 0
0.5 120 75 53
0.5 0 72 45
0.5 120 72 0
0.5 0 75 0
0.5 120 74 45
0.5 0 77 53
0.5 120 77 0
0.5 0 74 0
0.5 120 74 45
0.5 0 71 53
0.5 120 71 0
0.5 0 74 0
0.5 120 71 49
0.5 120 72 52
0.5 12 71 0
0.5 108 71 49
0.5 12 72 0
0.5 108 71 0
0.5 0 72 54
0.5 600 72 0
0.5 0 73 54
0.5 120 72 51
0.5 12 73 0
0.5 108 73 53
0.5 12 72 0
0.5 108 73 0
0.5 0 72 54
0.5 600 72 0
0.5 0 76 56
0.5 120 77 58
0.5 12 76 0
0.5 108 80 61
0.5 12 77 0
0.5 108 80 0
0.5 0 71 56
0.5 600 71 0
0.5 0 69 50
0.5 120 70 54
0.5 12 69 0
0.5 108 69 50
0.5 12 70 0
0.5 108 69 0
0.5 0 70 54
0.5 600 70 0
0.5 0 73 46
0.5 120 74 48
0.5 12 73 0
0.5 108 75 49
0.5 12 74 0
0.5 108 76 51
0.5 12 75 0
0.5 108 77 52
0.5 12 76 0
0.5 108 78 53
0.5 12 77 0
0.5 108 79 54
0.5 12 78 0
0.5 108 79 0
0.5 0 82 55
0.5 360 82 0
0.5 0 81 50
0.5 120 81 0
0.5 0 80 45
0.5 240 80 0
0.5 360 64 41
0.5 120 64 0
0.5 0 65 44
0.5 120 65 0
0.5 0 67 41
0.5 120 67 0
0.5 0 68 44
0.5 120 68 0
0.5 0 67 45
0.5 120 67 0
0.5 0 68 45
0.5 120 68 0
0.5 0 69 46
0.5 120 69 0
0.5 0 67 34
0.5 0 70 49
0.5 480 70 0
0.5 0 67 0
0.5 0 63 32
0.5 0 67 47
0.5 240 67 0
0.5 0 63 0
0.5 0 58 33
0.5 0 65 49
0.5 240 65 0
0.5 0 58 0
0.5 0 55 33
0.5 0 63 49
0.5 240 63 0
0.5 0 55 0
0.5 0 58 46
0.5 240 58 0
0.5 0 63 49
0.5 240 63 0
0.5 0 62 34
0.5 0 65 49
0.5 240 65 0
0.5 0 62 0
0.5 0 63 36
0.5 0 67 52
0.5 240 67 0
0.5 0 68 58
0.5 240 68 0
0.5 0 70 60
0.5 240 70 0
0.5 0 72 57
0.5 240 72 0
0.5 0 63 0
0.5 0 67 63
0.5 0 63 44
0.5 360 67 0
0.5 0 68 53
0.5 120 68 0
0.5 0 63 0
0.5 0 62 37
0.5 0 65 54
0.5 120 67 53
0.5 10 65 0
0.5 110 68 54
0.5 10 67 0
0.5 110 69 54
0.5 10 68 0
0.5 110 69 0
0.5 0 62 0
0.5 0 70 50
0.5 0 82 59
0.5 480 82 0
0.5 0 79 62
0.5 240 79 0
0.5 0 77 58
0.5 240 77 0
0.5 0 70 0
0.5 0 70 50
0.5 0 75 60
0.5 180 75 0
0.5 0 70 0
0.5 60 74 46
0.5 0 77 55
0.5 180 77 0
0.5 0 74 0
0.5 60 75 49
0.5 0 79 58
0.5 180 79 0
0.5 0 75 0
0.5 60 75 51
0.5 0 80 61
0.5 180 80 0
0.5 0 75 0
0.5 60 82 63
0.5 0 75 54
0.5 240 75 0
0.5 0 82 0
0.5 0 83 62
0.5 60 84 59
0.5 10 83 0
0.5 50 80 59
0.5 10 84 0
0.5 50 77 57
0.5 10 80 0
0.5 50 77 0
0.5 0 75 64
0.5 240 75 0
0.5 0 79 60
0.5 60 77 56
0.5 10 79 0
0.5 50 76 56
0.5 10 77 0
0.5 50 77 53
0.5 10 76 0
0.5 40 77 0
0.5 10 74 51
0.5 0 77 61
0.5 480 77 0
0.5 0 74 0
0.5 0 75 54
0.5 240 75 0
0.5 240 72 54
0.5 480 72 0
0.5 0 75 54
0.5 120 75 0
0.5 0 73 50
0.5 120 73 0
0.5 0 70 54
0.5 120 70 0
0.5 0 67 50
0.5 120 67 0
0.5 0 68 54
0.5 360 68 0
0.5 0 70 50
0.5 60 70 0
0.5 0 72 50
0.5 60 72 0
0.5 4 70 54
0.5 240 70 0
0.5 236 73 59
0.5 480 73 0
0.5 0 77 61
0.5 120 75 56
0.5 12 77 0
0.5 108 73 58
0.5 12 75 0
0.5 108 72 54
0.5 12 73 0
0.5 108 70 63
0.5 12 72 0
0.5 348 70 0
0.5 0 72 54
0.5 60 72 0
0.5 0 73 54
0.5 60 73 0
0.5 0 72 63
0.5 240 72 0
0.5 240 84 67
0.5 360 84 0
0.5 0 76 59
0.5 120 76 0
0.5 0 77 61
0.5 60 77 0
0.5 60 79 56
0.5 60 79 0
0.5 60 80 57
0.5 60 80 0
0.5 60 81 58
0.5 60 81 0
0.5 60 82 63
0.5 360 82 0
0.5 0 74 53
0.5 120 74 0
0.5 0 75 62
0.5 60 75 0
0.5 60 77 54
0.5 60 77 0
0.5 60 78 55
0.5 60 78 0
0.5 60 79 56
0.5 60 79 0
0.5 60 79 62
0.5 120 79 0
0.5 0 72 55
0.5 120 72 0
0.5 0 80 62
0.5 120 80 0
0.5 0 77 56
0.5 90 77 0
0.5 30 77 58
0.5 120 77 0
0.5 0 75 53
0.5 90 75 0
0.5 30 75 58
0.5 120 75 0
0.5 0 74 53
0.5 90 74 0
0.5 30 75 58
0.5 120 74 52
0.5 12 75 0
0.5 108 75 55
0.5 12 74 0
0.5 108 77 51
0.5 12 75 0
0.5 108 75 54
0.5 12 77 0
0.5 108 74 54
0.5 12 75 0
0.5 108 73 52
0.5 12 74 0
0.5 108 70 51
0.5 12 73 0
0.5 108 70 0
0.5 0 72 54
0.5 480 72 0
0.5 0 75 54
0.5 120 75 0
0.5 0 73 50
0.5 120 73 0
0.5 0 70 54
0.5 120 70 0
0.5 0 67 50
0.5 120 67 0
0.5 0 68 54
0.5 360 68 0
0.5 0 70 50
0.5 60 70 0
0.5 0 72 50
0.5 60 72 0
0.5 4 70 54
0.5 240 70 0
0.5 236 73 59
0.5 480 73 0
0.5 0 77 61
0.5 120 75 56
0.5 12 77 0
0.5 108 73 58
0.5 12 75 0
0.5 108 72 54
0.5 12 73 0
0.5 108 70 63
0.5 12 72 0
0.5 348 70 0
0.5 0 72 54
0.5 60 72 0
0.5 0 73 54
0.5 60 73 0
0.5 0 72 63
0.5 240 72 0
0.5 240 84 67
0.5 360 84 0
0.5 0 76 59
0.5 120 76 0
0.5 0 77 61
0.5 60 77 0
0.5 60 79 56
0.5 60 79 0
0.5 60 80 57
0.5 60 80 0
0.5 60 81 58
0.5 60 81 0
0.5 60 82 63
0.5 360 82 0
0.5 0 74 53
0.5 120 74 0
0.5 0 75 62
0.5 60 75 0
0.5 60 77 54
0.5 60 77 0
0.5 60 78 55
0.5 60 78 0
0.5 60 79 56
0.5 60 79 0
0.5 60 79 62
0.5 120 79 0
0.5 0 72 55
0.5 120 72 0
0.5 0 80 62
0.5 120 80 0
0.5 0 77 56
0.5 90 77 0
0.5 30 77 58
0.5 120 77 0
0.5 0 75 53
0.5 90 75 0
0.5 30 75 58
0.5 120 75 0
0.5 0 74 53
0.5 90 74 0
0.5 30 75 58
0.5 120 74 52
0.5 12 75 0
0.5 108 75 55
0.5 12 74 0
0.5 108 77 51
0.5 12 75 0
0.5 108 75 54
0.5 12 77 0
0.5 108 74 54
0.5 12 75 0
0.5 108 73 52
0.5 12 74 0
0.5 108 70 51
0.5 12 73 0
0.5 108 70 0
0.5 0 69 45
0.5 0 72 59
0.5 480 72 0
0.5 0 71 59
0.5 120 72 54
0.5 12 71 0
0.5 108 73 62
0.5 12 72 0
0.5 108 72 57
0.5 12 73 0
0.5 108 72 0
0.5 0 69 0
0.5 0 68 50
0.5 0 77 64
0.5 240 77 0
0.5 0 70 59
0.5 240 70 0
0.5 0 68 0
0.5 0 67 45
0.5 0 69 59
0.5 120 70 54
0.5 12 69 0
0.5 108 72 59
0.5 12 70 0
0.5 108 70 54
0.5 12 72 0
0.5 108 70 0
0.5 0 67 0
0.5 0 66 45
0.5 0 75 59
0.5 240 75 0
0.5 0 68 59
0.5 240 66 0
0.5 0 65 49
0.5 120 65 0
0.5 0 68 0
0.5 0 70 50
0.5 0 67 45
0.5 120 67 0
0.5 0 70 0
0.5 0 72 49
0.5 0 68 45
0.5 120 68 0
0.5 0 72 0
0.5 0 73 49
0.5 0 70 45
0.5 120 70 0
0.5 0 73 0
0.5 0 68 52
0.5 0 72 56
0.5 480 72 0
0.5 0 68 0
0.5 0 67 45
0.5 0 70 50
0.5 240 70 0
0.5 0 67 0
0.5 240 80 67
0.5 480 80 0
0.5 0 79 61
0.5 120 77 56
0.5 12 79 0
0.5 108 75 63
0.5 12 77 0
0.5 108 74 57
0.5 12 75 0
0.5 108 74 0
0.5 0 85 71
0.5 480 85 0
0.5 0 84 65
0.5 120 82 63
0.5 12 84 0
0.5 108 80 58
0.5 12 82 0
0.5 108 79 54
0.5 12 80 0
0.5 108 79 0
0.5 0 80 56
0.5 120 80 0
0.5 0 72 52
0.5 120 72 0
0.5 0 70 52
0.5 120 70 0
0.5 0 77 52
0.5 120 77 0
0.5 0 75 56
0.5 120 75 0
0.5 0 68 51
0.5 120 68 0
0.5 0 73 55
0.5 120 73 0
0.5 0 67 51
0.5 120 67 0
0.5 0 70 54
0.5 480 70 0
0.5 0 68 52
0.5 120 68 0
0.5 0 70 47
0.5 120 71 45
0.5 12 70 0
0.5 108 72 45
0.5 12 71 0
0.5 108 72 0
0.5 0 69 39
0.5 0 72 59
0.5 480 72 0
0.5 0 71 59
0.5 120 72 54
0.5 12 71 0
0.5 108 73 62
0.5 12 72 0
0.5 108 72 57
0.5 12 73 0
0.5 108 72 0
0.5 0 69 0
0.5 0 68 50
0.5 0 77 64
0.5 240 77 0
0.5 0 70 59
0.5 240 70 0
0.5 0 68 0
0.5 0 67 45
0.5 0 69 59
0.5 120 70 54
0.5 12 69 0
0.5 108 72 59
0.5 12 70 0
0.5 108 70 54
0.5 12 72 0
0.5 108 70 0
0.5 0 67 0
0.5 0 66 45
0.5 0 75 59
0.5 240 75 0
0.5 0 68 59
0.5 240 66 0
0.5 0 65 49
0.5 120 65 0
0.5 0 68 0
0.5 0 70 50
0.5 0 67 45
0.5 120 67 0
0.5 0 70 0
0.5 0 72 49
0.5 0 68 45
0.5 120 68 0
0.5 0 72 0
0.5 0 73 49
0.5 0 70 45
0.5 120 70 0
0.5 0 73 0
0.5 0 68 52
0.5 0 72 56
0.5 480 72 0
0.5 0 68 0
0.5 0 67 45
0.5 0 70 50
0.5 240 70 0
0.5 0 67 0
0.5 240 80 65
0.5 480 80 0
0.5 0 79 62
0.5 120 77 57
0.5 12 79 0
0.5 108 75 60
0.5 12 77 0
0.5 108 74 57
0.5 12 75 0
0.5 108 74 0
0.5 0 85 71
0.5 480 85 0
0.5 0 84 65
0.5 120 82 61
0.5 12 84 0
0.5 108 80 61
0.5 12 82 0
0.5 108 79 55
0.5 12 80 0
0.5 108 79 0
0.5 0 80 56
0.5 120 80 0
0.5 0 72 52
0.5 120 72 0
0.5 0 70 52
0.5 120 70 0
0.5 0 77 52
0.5 120 77 0
0.5 0 75 56
0.5 120 75 0
0.5 0 68 51
0.5 120 68 0
0.5 0 73 55
0.5 120 73 0
0.5 0 67 51
0.5 120 67 0
0.5 0 70 54
0.5 480 70 0
0.5 0 68 52
0.5 120 68 0
0.5 0 70 47
0.5 120 71 45
0.5 12 70 0
0.5 108 72 45
0.5 12 71 0
0.5 108 72 0
0.5 120 72 53
0.5 120 73 56
0.5 20 72 0
0.5 100 72 52
0.5 20 73 0
0.5 100 72 0
0.5 120 72 53
0.5 120 72 0
0.5 0 84 56
0.5 120 84 0
0.5 0 72 52
0.5 120 72 0
0.5 120 70 53
0.5 120 71 56
0.5 20 70 0
0.5 100 70 53
0.5 20 71 0
0.5 100 70 0
0.5 120 70 53
0.5 120 70 0
0.5 0 82 56
0.5 120 82 0
0.5 0 70 53
0.5 120 70 0
0.5 120 69 54
0.5 120 70 56
0.5 20 69 0
0.5 100 69 53
0.5 20 70 0
0.5 100 69 0
0.5 0 75 59
0.5 120 75 0
0.5 0 69 56
0.5 120 69 0
0.5 0 78 63
0.5 120 78 0
0.5 0 69 58
0.5 120 69 0
0.5 0 70 64
0.5 600 70 0
0.5 0 69 59
0.5 120 69 0
0.5 0 78 61
0.5 120 78 0
0.5 0 69 60
0.5 120 69 0
0.5 0 70 65
0.5 600 70 0
0.5 0 69 60
0.5 120 69 0
0.5 0 78 63
0.5 120 78 0
0.5 0 69 59
0.5 120 69 0
0.5 0 70 65
0.5 600 70 0
0.5 0 74 56
0.5 120 74 0
0.5 0 77 58
0.5 120 77 0
0.5 0 80 60
0.5 120 80 0
0.5 0 83 61
0.5 120 84 63
0.5 12 83 0
0.5 108 86 64
0.5 12 84 0
0.5 108 84 62
0.5 12 86 0
0.5 108 82 61
0.5 12 84 0
0.5 108 80 60
0.5 12 82 0
0.5 108 79 58
0.5 12 80 0
0.5 108 77 57
0.5 12 79 0
0.5 108 75 57
0.5 12 77 0
0.5 348 75 0
0.5 0 77 44
0.5 60 75 40
0.5 10 77 0
0.5 50 74 48
0.5 10 75 0
0.5 230 74 0
0.5 240 67 34
0.5 0 70 49
0.5 480 70 0
0.5 0 67 0
0.5 0 63 32
0.5 0 67 47
0.5 240 67 0
0.5 0 63 0
0.5 0 58 33
0.5 0 65 49
0.5 240 65 0
0.5 0 58 0
0.5 0 55 33
0.5 0 63 49
0.5 240 63 0
0.5 0 55 0
0.5 0 58 46
0.5 240 58 0
0.5 0 63 49
0.5 240 63 0
0.5 0 62 34
0.5 0 65 49
0.5 240 65 0
0.5 0 62 0
0.5 0 63 36
0.5 0 67 52
0.5 240 67 0
0.5 0 68 58
0.5 240 68 0
0.5 0 70 60
0.5 240 70 0
0.5 0 72 57
0.5 240 72 0
0.5 0 63 0
0.5 0 67 63
0.5 0 63 44
0.5 360 67 0
0.5 0 68 53
0.5 120 68 0
0.5 0 63 0
0.5 0 62 37
0.5 0 65 54
0.5 120 67 53
0.5 10 65 0
0.5 110 68 54
0.5 10 67 0
0.5 110 69 54
0.5 10 68 0
0.5 110 69 0
0.5 0 62 0
0.5 0 70 50
0.5 0 82 59
0.5 480 82 0
0.5 0 79 62
0.5 240 79 0
0.5 0 77 58
0.5 240 77 0
0.5 0 70 0
0.5 0 70 50
0.5 0 75 60
0.5 180 75 0
0.5 0 70 0
0.5 60 74 46
0.5 0 77 55
0.5 180 77 0
0.5 0 74 0
0.5 60 75 49
0.5 0 79 58
0.5 180 79 0
0.5 0 75 0
0.5 60 75 51
0.5 0 80 61
0.5 180 80 0
0.5 0 75 0
0.5 60 82 63
0.5 0 75 54
0.5 240 75 0
0.5 0 82 0
0.5 0 83 62
0.5 60 84 59
0.5 10 83 0
0.5 50 80 59
0.5 10 84 0
0.5 50 77 57
0.5 10 80 0
0.5 50 77 0
0.5 0 75 64
0.5 240 75 0
0.5 0 79 60
0.5 60 77 56
0.5 10 79 0
0.5 50 76 56
0.5 10 77 0
0.5 50 77 53
0.5 10 76 0
0.5 40 77 0
0.5 10 74 51
0.5 0 77 61
0.5 480 77 0
0.5 0 74 0
0.5 0 75 54
0.5 240 75 0
0.5 240 72 54
0.5 360 72 0
0.5 0 74 51
0.5 120 74 0
0.5 0 75 55
0.5 240 75 0
0.5 0 75 54
0.5 240 75 0
0.5 0 75 58
0.5 360 75 0
0.5 0 74 50
0.5 60 74 0
0.5 0 72 50
0.5 60 72 0
0.5 0 70 54
0.5 240 70 0
0.5 240 72 54
0.5 360 72 0
0.5 0 74 51
0.5 120 74 0
0.5 0 75 55
0.5 90 75 0
0.5 30 75 50
0.5 90 75 0
0.5 30 75 54
0.5 90 75 0
0.5 30 75 51
0.5 90 75 0
0.5 30 75 55
0.5 60 75 0
0.5 0 79 50
0.5 60 79 0
0.5 0 77 50
0.5 60 77 0
0.5 0 75 50
0.5 60 75 0
0.5 0 74 55
0.5 60 74 0
0.5 0 77 50
0.5 60 77 0
0.5 0 75 50
0.5 60 75 0
0.5 0 72 50
0.5 60 72 0
0.5 0 70 55
0.5 240 70 0
0.5 360 79 56
0.5 120 79 0
0.5 0 80 62
0.5 120 80 0
0.5 0 84 57
0.5 120 84 0
0.5 0 76 61
0.5 240 76 0
0.5 0 77 60
0.5 240 77 0
0.5 120 78 54
0.5 120 78 0
0.5 0 79 62
0.5 120 79 0
0.5 0 82 56
0.5 120 82 0
0.5 0 74 61
0.5 240 74 0
0.5 0 75 57
0.5 240 75 0
0.5 120 76 54
0.5 120 76 0
0.5 0 77 62
0.5 120 77 0
0.5 0 80 56
0.5 120 80 0
0.5 0 71 59
0.5 120 72 54
0.5 12 71 0
0.5 108 75 59
0.5 12 72 0
0.5 108 74 54
0.5 12 75 0
0.5 108 74 0
0.5 0 77 57
0.5 480 77 0
0.5 0 75 52
0.5 240 75 0
0.5 240 75 54
0.5 480 75 0
0.5 0 74 54
0.5 120 72 50
0.5 12 74 0
0.5 108 70 54
0.5 12 72 0
0.5 108 69 50
0.5 12 70 0
0.5 108 69 0
0.5 0 80 63
0.5 480 80 0
0.5 0 79 54
0.5 120 77 50
0.5 12 79 0
0.5 108 75 54
0.5 12 77 0
0.5 108 74 50
0.5 12 75 0
0.5 108 74 0
0.5 0 75 56
0.5 120 75 0
0.5 0 67 54
0.5 120 67 0
0.5 0 65 56
0.5 120 65 0
0.5 0 72 50
0.5 120 72 0
0.5 0 70 54
0.5 120 70 0
0.5 0 63 49
0.5 120 63 0
0.5 0 68 54
0.5 120 68 0
0.5 0 62 49
0.5 120 62 0
0.5 0 63 55
0.5 480 63 0
0.5 120 80 49
0.5 120 80 0
0.5 0 77 53
0.5 120 77 0
0.5 0 74 50
0.5 120 74 0
0.5 0 82 58
0.5 480 82 0
0.5 120 80 46
0.5 120 80 0
0.5 0 77 49
0.5 120 77 0
0.5 0 74 46
0.5 120 74 0
0.5 0 75 55
0.5 480 75 0
0.5 120 68 45
0.5 120 68 0
0.5 0 65 47
0.5 120 65 0
0.5 0 62 39
0.5 120 62 0
0.5 0 56 30
0.5 0 65 36
0.5 960 65 0
0.5 0 56 0
0.5 0 55 25
0.5 0 63 29
0.5 240 63 0
0.5 0 55 0
1 0 0 0
0.5 0 39 25
0.5 0 51 36
0.5 480 51 0
0.5 0 39 0
0.5 240 46 30
0.5 240 46 0
0.5 0 51 36
0.5 480 51 0
0.5 240 46 33
0.5 240 46 0
0.5 0 51 36
0.5 240 51 0
0.5 0 48 31
0.5 240 48 0
0.5 0 43 36
0.5 240 43 0
0.5 0 44 34
0.5 240 44 0
0.5 0 46 36
0.5 720 46 0
0.5 240 67 36
0.5 480 67 0
0.5 0 63 36
0.5 240 63 0
0.5 0 58 34
0.5 240 58 0
0.5 0 55 38
0.5 180 55 0
0.5 60 58 34
0.5 180 58 0
0.5 60 63 36
0.5 180 63 0
0.5 60 60 39
0.5 180 60 0
0.5 60 55 42
0.5 240 55 0
0.5 0 65 36
0.5 0 56 30
0.5 240 56 0
0.5 0 65 0
0.5 0 58 35
0.5 0 67 42
0.5 240 67 0
0.5 0 68 33
0.5 240 68 0
0.5 0 58 0
0.5 0 63 28
0.5 0 68 34
0.5 480 68 0
0.5 0 67 32
0.5 240 67 0
0.5 0 63 0
0.5 240 39 25
0.5 0 51 36
0.5 480 51 0
0.5 0 39 0
0.5 240 46 30
0.5 240 46 0
0.5 0 51 36
0.5 480 51 0
0.5 240 46 33
0.5 240 46 0
0.5 0 51 36
0.5 240 51 0
0.5 0 48 31
0.5 240 48 0
0.5 0 43 36
0.5 240 43 0
0.5 0 44 34
0.5 240 44 0
0.5 0 46 36
0.5 720 46 0
0.5 240 67 36
0.5 480 67 0
0.5 0 63 36
0.5 240 63 0
0.5 0 58 34
0.5 240 58 0
0.5 0 55 38
0.5 180 55 0
0.5 60 58 34
0.5 180 58 0
0.5 60 63 36
0.5 180 63 0
0.5 60 60 39
0.5 180 60 0
0.5 60 55 42
0.5 240 55 0
0.5 0 65 36
0.5 0 56 30
0.5 240 56 0
0.5 0 65 0
0.5 0 58 35
0.5 0 67 42
0.5 240 67 0
0.5 0 68 33
0.5 240 68 0
0.5 0 58 0
0.5 0 63 28
0.5 0 68 34
0.5 480 68 0
0.5 0 67 32
0.5 240 67 0
0.5 0 63 0
0.5 240 62 32
0.5 240 62 0
0.5 0 58 29
0.5 240 58 0
0.5 0 63 32
0.5 240 63 0
0.5 0 58 28
0.5 240 58 0
0.5 0 58 29
0.5 0 65 35
0.5 480 65 0
0.5 0 58 0
0.5 480 63 32
0.5 240 63 0
0.5 0 63 32
0.5 240 63 0
0.5 0 65 32
0.5 0 63 27
0.5 240 63 0
0.5 0 65 0
0.5 0 66 32
0.5 0 63 27
0.5 240 63 0
0.5 0 66 0
0.5 0 63 30
0.5 0 67 36
0.5 480 67 0
0.5 0 63 0
0.5 720 68 28
0.5 0 75 34
0.5 240 75 0
0.5 0 68 0
0.5 240 66 28
0.5 0 75 34
0.5 240 75 0
0.5 0 66 0
0.5 240 65 28
0.5 0 75 34
0.5 240 75 0
0.5 0 65 0
0.5 240 59 28
0.5 0 62 34
0.5 240 62 0
0.5 0 59 0
0.5 0 60 30
0.5 0 63 36
0.5 480 63 0
0.5 0 60 0
0.5 0 56 30
0.5 0 60 36
0.5 240 60 0
0.5 0 56 0
0.5 0 68 30
0.5 240 68 0
0.5 0 58 27
0.5 0 67 32
0.5 480 67 0
0.5 0 65 32
0.5 240 65 0
0.5 0 58 0
0.5 240 39 25
0.5 0 51 36
0.5 480 51 0
0.5 0 39 0
0.5 240 46 30
0.5 240 46 0
0.5 0 51 36
0.5 480 51 0
0.5 240 46 33
0.5 240 46 0
0.5 0 51 36
0.5 240 51 0
0.5 0 48 31
0.5 240 48 0
0.5 0 43 36
0.5 240 43 0
0.5 0 44 34
0.5 240 44 0
0.5 0 46 36
0.5 720 46 0
0.5 240 67 36
0.5 480 67 0
0.5 0 63 36
0.5 240 63 0
0.5 0 58 34
0.5 240 58 0
0.5 0 55 38
0.5 180 55 0
0.5 60 58 34
0.5 180 58 0
0.5 60 63 36
0.5 180 63 0
0.5 60 60 39
0.5 180 60 0
0.5 60 55 42
0.5 240 55 0
0.5 0 65 36
0.5 0 56 30
0.5 240 56 0
0.5 0 65 0
0.5 0 58 35
0.5 0 67 42
0.5 240 67 0
0.5 0 68 33
0.5 240 68 0
0.5 0 58 0
0.5 0 63 28
0.5 0 68 34
0.5 480 68 0
0.5 0 67 32
0.5 240 67 0
0.5 0 63 0
0.5 240 62 32
0.5 240 62 0
0.5 0 58 29
0.5 240 58 0
0.5 0 63 32
0.5 240 63 0
0.5 0 58 28
0.5 240 58 0
0.5 0 58 29
0.5 0 65 35
0.5 480 65 0
0.5 0 58 0
0.5 480 63 32
0.5 240 63 0
0.5 0 63 32
0.5 240 63 0
0.5 0 65 32
0.5 0 63 27
0.5 240 63 0
0.5 0 65 0
0.5 0 66 32
0.5 0 63 27
0.5 240 63 0
0.5 0 66 0
0.5 0 63 30
0.5 0 67 36
0.5 480 67 0
0.5 0 63 0
0.5 720 68 28
0.5 0 75 34
0.5 240 75 0
0.5 0 68 0
0.5 240 66 28
0.5 0 75 34
0.5 240 75 0
0.5 0 66 0
0.5 240 65 28
0.5 0 75 34
0.5 240 75 0
0.5 0 65 0
0.5 240 59 28
0.5 0 62 34
0.5 240 62 0
0.5 0 59 0
0.5 0 60 30
0.5 0 63 36
0.5 480 63 0
0.5 0 60 0
0.5 0 56 30
0.5 0 60 36
0.5 240 60 0
0.5 0 56 0
0.5 0 68 30
0.5 240 68 0
0.5 0 58 27
0.5 0 67 32
0.5 480 67 0
0.5 0 65 32
0.5 240 65 0
0.5 0 58 0
0.5 240 39 25
0.5 0 51 36
0.5 480 51 0
0.5 0 39 0
0.5 240 46 30
0.5 240 46 0
0.5 0 51 36
0.5 480 51 0
0.5 240 46 33
0.5 240 46 0
0.5 0 51 36
0.5 240 51 0
0.5 0 48 31
0.5 240 48 0
0.5 0 43 36
0.5 240 43 0
0.5 0 44 34
0.5 240 44 0
0.5 0 46 36
0.5 720 46 0
0.5 240 67 36
0.5 480 67 0
0.5 0 63 36
0.5 240 63 0
0.5 0 58 34
0.5 240 58 0
0.5 0 55 38
0.5 180 55 0
0.5 60 58 34
0.5 180 58 0
0.5 60 63 36
0.5 180 63 0
0.5 60 60 39
0.5 180 60 0
0.5 60 55 42
0.5 240 55 0
0.5 0 65 36
0.5 0 56 30
0.5 240 56 0
0.5 0 65 0
0.5 0 58 35
0.5 0 67 42
0.5 240 67 0
0.5 0 68 33
0.5 240 68 0
0.5 0 58 0
0.5 0 63 28
0.5 0 68 34
0.5 480 68 0
0.5 0 67 32
0.5 240 67 0
0.5 0 63 0
0.5 240 48 36
0.5 120 48 0
0.5 0 60 30
0.5 90 60 0
0.5 30 60 30
0.5 90 60 0
0.5 30 60 32
0.5 90 60 0
0.5 30 60 32
0.5 90 60 0
0.5 30 60 29
0.5 90 60 0
0.5 30 60 29
0.5 90 60 0
0.5 30 60 29
0.5 90 60 0
0.5 30 47 36
0.5 120 47 0
0.5 0 59 32
0.5 90 59 0
0.5 30 59 32
0.5 90 59 0
0.5 30 59 32
0.5 90 59 0
0.5 30 59 36
0.5 90 59 0
0.5 30 59 29
0.5 90 59 0
0.5 30 59 29
0.5 90 59 0
0.5 30 59 29
0.5 90 59 0
0.5 30 60 46
0.5 480 60 0
0.5 0 56 40
0.5 240 56 0
0.5 0 54 36
0.5 240 54 0
0.5 0 55 46
0.5 120 55 0
0.5 0 43 41
0.5 120 43 0
0.5 0 55 46
0.5 60 55 0
0.5 60 55 42
0.5 60 55 0
0.5 60 55 48
0.5 120 53 45
0.5 10 55 0
0.5 110 51 43
0.5 10 53 0
0.5 110 50 39
0.5 10 51 0
0.5 110 48 46
0.5 10 50 0
0.5 470 48 0
0.5 120 63 39
0.5 0 60 33
0.5 90 60 0
0.5 0 63 0
0.5 30 60 36
0.5 0 63 43
0.5 90 63 0
0.5 0 60 0
0.5 30 60 34
0.5 0 63 40
0.5 90 63 0
0.5 0 60 0
0.5 30 58 43
0.5 0 62 51
0.5 480 62 0
0.5 0 58 0
0.5 120 64 36
0.5 0 67 43
0.5 90 67 0
0.5 0 64 0
0.5 30 64 38
0.5 0 67 45
0.5 90 67 0
0.5 0 64 0
0.5 30 64 36
0.5 0 67 43
0.5 90 67 0
0.5 0 64 0
0.5 30 62 45
0.5 0 66 54
0.5 120 66 0
0.5 0 62 0
0.5 120 63 50
0.5 120 63 0
0.5 120 60 54
0.5 120 60 0
0.5 120 62 51
0.5 120 62 0
0.5 120 55 57
0.5 480 55 0
0.5 480 48 36
0.5 90 48 0
0.5 30 60 30
0.5 90 60 0
0.5 30 60 30
0.5 90 60 0
0.5 30 60 32
0.5 90 60 0
0.5 30 60 32
0.5 90 60 0
0.5 30 60 29
0.5 90 60 0
0.5 30 60 29
0.5 90 60 0
0.5 30 60 29
0.5 90 60 0
0.5 30 47 36
0.5 120 47 0
0.5 0 59 32
0.5 90 59 0
0.5 30 59 32
0.5 90 59 0
0.5 30 59 32
0.5 90 59 0
0.5 30 59 36
0.5 90 59 0
0.5 30 59 29
0.5 90 59 0
0.5 30 59 29
0.5 90 59 0
0.5 30 59 29
0.5 90 59 0
0.5 30 60 46
0.5 480 60 0
0.5 0 56 40
0.5 240 56 0
0.5 0 54 36
0.5 240 54 0
0.5 0 55 46
0.5 120 55 0
0.5 0 43 41
0.5 120 43 0
0.5 0 55 46
0.5 60 55 0
0.5 60 55 42
0.5 60 55 0
0.5 60 55 48
0.5 120 53 45
0.5 10 55 0
0.5 110 51 43
0.5 10 53 0
0.5 110 50 39
0.5 10 51 0
0.5 110 48 46
0.5 10 50 0
0.5 470 48 0
0.5 120 63 39
0.5 0 60 33
0.5 90 60 0
0.5 0 63 0
0.5 30 60 36
0.5 0 63 43
0.5 90 63 0
0.5 0 60 0
0.5 30 60 34
0.5 0 63 40
0.5 90 63 0
0.5 0 60 0
0.5 30 58 43
0.5 0 62 51
0.5 480 62 0
0.5 0 58 0
0.5 120 64 36
0.5 0 67 43
0.5 90 67 0
0.5 0 64 0
0.5 30 64 38
0.5 0 67 45
0.5 90 67 0
0.5 0 64 0
0.5 30 64 36
0.5 0 67 43
0.5 90 67 0
0.5 0 64 0
0.5 30 62 45
0.5 0 66 54
0.5 120 66 0
0.5 0 62 0
0.5 120 63 50
0.5 120 63 0
0.5 120 60 54
0.5 120 60 0
0.5 120 62 51
0.5 120 62 0
0.5 120 55 57
0.5 480 55 0
0.5 480 60 38
0.5 120 60 0
0.5 0 67 25
0.5 0 70 30
0.5 90 70 0
0.5 0 67 0
0.5 30 67 25
0.5 0 70 30
0.5 90 70 0
0.5 0 67 0
0.5 30 67 27
0.5 0 70 33
0.5 90 70 0
0.5 0 67 0
0.5 30 60 36
0.5 120 60 0
0.5 0 65 25
0.5 0 68 31
0.5 90 68 0
0.5 0 65 0
0.5 30 65 26
0.5 0 68 31
0.5 90 68 0
0.5 0 65 0
0.5 30 68 31
0.5 0 65 26
0.5 90 65 0
0.5 0 68 0
0.5 30 60 38
0.5 120 60 0
0.5 0 64 28
0.5 0 67 34
0.5 90 67 0
0.5 0 64 0
0.5 30 67 34
0.5 0 64 28
0.5 90 64 0
0.5 0 67 0
0.5 30 64 28
0.5 0 67 34
0.5 90 67 0
0.5 0 64 0
0.5 30 60 47
0.5 120 60 0
0.5 0 65 39
0.5 0 68 39
0.5 120 68 0
0.5 0 65 0
0.5 0 59 49
0.5 120 59 0
0.5 0 65 42
0.5 0 68 42
0.5 120 68 0
0.5 0 65 0
0.5 0 58 55
0.5 120 58 0
0.5 0 65 38
0.5 0 68 45
0.5 90 68 0
0.5 0 65 0
0.5 30 65 38
0.5 0 68 45
0.5 90 68 0
0.5 0 65 0
0.5 30 65 38
0.5 0 68 45
0.5 90 68 0
0.5 0 65 0
0.5 30 58 54
0.5 120 58 0
0.5 0 63 39
0.5 0 67 46
0.5 90 67 0
0.5 0 63 0
0.5 30 63 39
0.5 0 67 46
0.5 90 67 0
0.5 0 63 0
0.5 30 67 46
0.5 0 63 39
0.5 90 63 0
0.5 0 67 0
0.5 30 58 54
0.5 120 58 0
0.5 0 62 39
0.5 0 65 46
0.5 90 65 0
0.5 0 62 0
0.5 30 65 46
0.5 0 62 39
0.5 90 62 0
0.5 0 65 0
0.5 30 62 39
0.5 0 65 46
0.5 90 65 0
0.5 0 62 0
0.5 30 58 54
0.5 120 58 0
0.5 0 63 37
0.5 0 67 48
0.5 90 67 0
0.5 0 63 0
0.5 30 63 37
0.5 0 67 45
0.5 90 67 0
0.5 0 63 0
0.5 30 63 30
0.5 0 67 45
0.5 90 67 0
0.5 0 63 0
0.5 30 57 45
0.5 0 60 54
0.5 480 60 0
0.5 0 57 0
0.5 120 67 39
0.5 0 59 27
0.5 90 59 0
0.5 0 67 0
0.5 30 59 30
0.5 0 67 43
0.5 90 67 0
0.5 0 59 0
0.5 30 59 28
0.5 0 67 40
0.5 90 67 0
0.5 0 59 0
0.5 30 60 33
0.5 0 67 45
0.5 480 67 0
0.5 0 60 0
0.5 120 56 33
0.5 0 60 39
0.5 90 60 0
0.5 0 56 0
0.5 30 56 35
0.5 0 60 42
0.5 90 60 0
0.5 0 56 0
0.5 30 56 32
0.5 0 60 38
0.5 90 60 0
0.5 0 56 0
0.5 30 53 36
0.5 0 56 44
0.5 480 56 0
0.5 0 53 0
0.5 480 55 38
0.5 0 63 38
0.5 120 64 35
0.5 12 63 0
0.5 108 65 36
0.5 12 64 0
0.5 108 66 36
0.5 12 65 0
0.5 108 55 0
0.5 0 55 38
0.5 0 67 38
0.5 12 66 0
0.5 228 67 0
0.5 0 55 0
0.5 240 48 36
0.5 120 48 0
0.5 0 60 30
0.5 90 60 0
0.5 30 60 30
0.5 90 60 0
0.5 30 60 32
0.5 90 60 0
0.5 30 60 32
0.5 90 60 0
0.5 30 60 29
0.5 90 60 0
0.5 30 60 29
0.5 90 60 0
0.5 30 60 29
0.5 90 60 0
0.5 30 47 36
0.5 120 47 0
0.5 0 59 32
0.5 90 59 0
0.5 30 59 32
0.5 90 59 0
0.5 30 59 32
0.5 90 59 0
0.5 30 59 36
0.5 90 59 0
0.5 30 59 29
0.5 90 59 0
0.5 30 59 29
0.5 90 59 0
0.5 30 59 29
0.5 90 59 0
0.5 30 60 46
0.5 480 60 0
0.5 0 56 40
0.5 240 56 0
0.5 0 54 36
0.5 240 54 0
0.5 0 55 46
0.5 120 55 0
0.5 0 43 41
0.5 120 43 0
0.5 0 55 46
0.5 60 55 0
0.5 60 55 42
0.5 60 55 0
0.5 60 55 48
0.5 120 53 45
0.5 10 55 0
0.5 110 51 43
0.5 10 53 0
0.5 110 50 39
0.5 10 51 0
0.5 110 48 46
0.5 10 50 0
0.5 470 48 0
0.5 120 67 39
0.5 0 64 33
0.5 90 64 0
0.5 0 67 0
0.5 30 64 36
0.5 0 67 43
0.5 90 67 0
0.5 0 64 0
0.5 30 64 34
0.5 0 67 40
0.5 90 67 0
0.5 0 64 0
0.5 30 65 43
0.5 0 68 51
0.5 480 68 0
0.5 0 65 0
0.5 120 69 36
0.5 0 72 43
0.5 90 72 0
0.5 0 69 0
0.5 30 69 38
0.5 0 72 45
0.5 90 72 0
0.5 0 69 0
0.5 30 69 36
0.5 0 72 43
0.5 90 72 0
0.5 0 69 0
0.5 30 67 45
0.5 0 71 54
0.5 120 71 0
0.5 0 67 0
0.5 120 68 50
0.5 120 68 0
0.5 120 65 54
0.5 120 65 0
0.5 120 67 51
0.5 120 67 0
0.5 120 60 57
0.5 480 60 0
0.5 480 60 38
0.5 120 60 0
0.5 0 67 25
0.5 0 70 30
0.5 90 70 0
0.5 0 67 0
0.5 30 67 25
0.5 0 70 30
0.5 90 70 0
0.5 0 67 0
0.5 30 67 27
0.5 0 70 33
0.5 90 70 0
0.5 0 67 0
0.5 30 60 36
0.5 120 60 0
0.5 0 65 25
0.5 0 68 31
0.5 90 68 0
0.5 0 65 0
0.5 30 65 26
0.5 0 68 31
0.5 90 68 0
0.5 0 65 0
0.5 30 68 31
0.5 0 65 26
0.5 90 65 0
0.5 0 68 0
0.5 30 60 38
0.5 120 60 0
0.5 0 64 28
0.5 0 67 34
0.5 90 67 0
0.5 0 64 0
0.5 30 67 34
0.5 0 64 28
0.5 90 64 0
0.5 0 67 0
0.5 30 64 28
0.5 0 67 34
0.5 90 67 0
0.5 0 64 0
0.5 30 60 47
0.5 120 60 0
0.5 0 65 39
0.5 0 68 39
0.5 120 68 0
0.5 0 65 0
0.5 0 59 49
0.5 120 59 0
0.5 0 65 42
0.5 0 68 42
0.5 120 68 0
0.5 0 65 0
0.5 0 58 55
0.5 120 58 0
0.5 0 65 38
0.5 0 68 45
0.5 90 68 0
0.5 0 65 0
0.5 30 65 38
0.5 0 68 45
0.5 90 68 0
0.5 0 65 0
0.5 30 65 38
0.5 0 68 45
0.5 90 68 0
0.5 0 65 0
0.5 30 58 54
0.5 120 58 0
0.5 0 63 39
0.5 0 67 46
0.5 90 67 0
0.5 0 63 0
0.5 30 63 39
0.5 0 67 46
0.5 90 67 0
0.5 0 63 0
0.5 30 67 46
0.5 0 63 39
0.5 90 63 0
0.5 0 67 0
0.5 30 58 54
0.5 120 58 0
0.5 0 62 39
0.5 0 65 46
0.5 90 65 0
0.5 0 62 0
0.5 30 65 46
0.5 0 62 39
0.5 90 62 0
0.5 0 65 0
0.5 30 62 39
0.5 0 65 46
0.5 90 65 0
0.5 0 62 0
0.5 30 58 54
0.5 120 58 0
0.5 0 63 37
0.5 0 67 48
0.5 90 67 0
0.5 0 63 0
0.5 30 63 37
0.5 0 67 45
0.5 90 67 0
0.5 0 63 0
0.5 30 63 30
0.5 0 67 45
0.5 90 67 0
0.5 0 63 0
0.5 30 57 45
0.5 0 60 54
0.5 480 60 0
0.5 0 57 0
0.5 120 67 39
0.5 0 59 27
0.5 90 59 0
0.5 0 67 0
0.5 30 59 30
0.5 0 67 43
0.5 90 67 0
0.5 0 59 0
0.5 30 59 28
0.5 0 67 40
0.5 90 67 0
0.5 0 59 0
0.5 30 60 33
0.5 0 67 45
0.5 480 67 0
0.5 0 60 0
0.5 120 56 33
0.5 0 60 39
0.5 90 60 0
0.5 0 56 0
0.5 30 56 35
0.5 0 60 42
0.5 90 60 0
0.5 0 56 0
0.5 30 56 32
0.5 0 60 38
0.5 90 60 0
0.5 0 56 0
0.5 30 53 36
0.5 0 56 44
0.5 480 56 0
0.5 0 53 0
0.5 480 55 38
0.5 0 63 38
0.5 120 64 35
0.5 12 63 0
0.5 108 65 36
0.5 12 64 0
0.5 108 66 36
0.5 12 65 0
0.5 108 55 0
0.5 0 55 38
0.5 0 67 38
0.5 12 66 0
0.5 228 67 0
0.5 0 55 0
0.5 240 48 36
0.5 120 48 0
0.5 0 60 30
0.5 90 60 0
0.5 30 60 30
0.5 90 60 0
0.5 30 60 32
0.5 90 60 0
0.5 30 60 32
0.5 90 60 0
0.5 30 60 29
0.5 90 60 0
0.5 30 60 29
0.5 90 60 0
0.5 30 60 29
0.5 90 60 0
0.5 30 47 36
0.5 120 47 0
0.5 0 59 32
0.5 90 59 0
0.5 30 59 32
0.5 90 59 0
0.5 30 59 32
0.5 90 59 0
0.5 30 59 36
0.5 90 59 0
0.5 30 59 29
0.5 90 59 0
0.5 30 59 29
0.5 90 59 0
0.5 30 59 29
0.5 90 59 0
0.5 30 60 46
0.5 480 60 0
0.5 0 56 40
0.5 240 56 0
0.5 0 54 36
0.5 240 54 0
0.5 0 55 46
0.5 120 55 0
0.5 0 43 41
0.5 120 43 0
0.5 0 55 46
0.5 60 55 0
0.5 60 55 42
0.5 60 55 0
0.5 60 55 48
0.5 120 53 45
0.5 10 55 0
0.5 110 51 43
0.5 10 53 0
0.5 110 50 39
0.5 10 51 0
0.5 110 48 46
0.5 10 50 0
0.5 470 48 0
0.5 120 67 39
0.5 0 64 33
0.5 90 64 0
0.5 0 67 0
0.5 30 64 36
0.5 0 67 43
0.5 90 67 0
0.5 0 64 0
0.5 30 64 34
0.5 0 67 40
0.5 90 67 0
0.5 0 64 0
0.5 30 65 43
0.5 0 68 51
0.5 480 68 0
0.5 0 65 0
0.5 120 69 36
0.5 0 72 43
0.5 90 72 0
0.5 0 69 0
0.5 30 69 38
0.5 0 72 45
0.5 90 72 0
0.5 0 69 0
0.5 30 69 36
0.5 0 72 43
0.5 90 72 0
0.5 0 69 0
0.5 30 67 45
0.5 0 71 54
0.5 120 71 0
0.5 0 67 0
0.5 120 68 50
0.5 120 68 0
0.5 120 65 54
0.5 120 65 0
0.5 120 67 51
0.5 120 67 0
0.5 120 60 57
0.5 480 60 0
0.5 120 63 35
0.5 0 66 41
0.5 120 64 37
0.5 0 67 45
0.5 12 66 0
0.5 0 63 0
0.5 108 63 35
0.5 0 66 41
0.5 12 64 0
0.5 0 67 0
0.5 108 63 0
0.5 0 66 0
0.5 0 64 40
0.5 0 67 47
0.5 600 67 0
0.5 0 64 0
0.5 0 64 36
0.5 0 67 43
0.5 120 65 38
0.5 0 68 45
0.5 12 67 0
0.5 0 64 0
0.5 108 64 35
0.5 0 67 42
0.5 12 65 0
0.5 0 68 0
0.5 108 64 0
0.5 0 67 0
0.5 0 65 40
0.5 0 68 47
0.5 600 68 0
0.5 0 65 0
0.5 0 63 33
0.5 0 66 39
0.5 120 62 36
0.5 0 65 44
0.5 12 66 0
0.5 0 63 0
0.5 108 63 33
0.5 0 66 39
0.5 12 62 0
0.5 0 65 0
0.5 108 63 0
0.5 0 66 0
0.5 0 62 41
0.5 0 65 49
0.5 600 65 0
0.5 0 62 0
0.5 0 64 27
0.5 0 67 33
0.5 120 65 29
0.5 0 68 36
0.5 12 67 0
0.5 0 64 0
0.5 108 64 27
0.5 0 67 33
0.5 12 65 0
0.5 0 68 0
0.5 108 64 0
0.5 0 67 0
0.5 0 65 33
0.5 0 68 39
0.5 480 68 0
0.5 0 65 0
0.5 480 62 32
0.5 0 65 32
0.5 0 70 38
0.5 720 70 0
0.5 0 65 0
0.5 0 62 0
0.5 1200 39 27
0.5 0 51 39
0.5 480 51 0
0.5 0 39 0
0.5 240 46 33
0.5 240 46 0
0.5 0 51 39
0.5 480 51 0
0.5 240 46 36
0.5 240 46 0
0.5 0 51 39
0.5 240 51 0
0.5 0 48 34
0.5 240 48 0
0.5 0 43 39
0.5 240 43 0
0.5 0 44 36
0.5 240 44 0
0.5 0 46 39
0.5 720 46 0
0.5 240 67 36
0.5 480 67 0
0.5 0 63 36
0.5 240 63 0
0.5 0 58 34
0.5 240 58 0
0.5 0 55 38
0.5 180 55 0
0.5 60 58 34
0.5 180 58 0
0.5 60 63 36
0.5 180 63 0
0.5 60 60 39
0.5 180 60 0
0.5 60 55 42
0.5 240 55 0
0.5 0 65 36
0.5 0 56 30
0.5 240 56 0
0.5 0 65 0
0.5 0 58 35
0.5 0 67 42
0.5 240 67 0
0.5 0 68 33
0.5 240 68 0
0.5 0 58 0
0.5 0 63 28
0.5 0 68 34
0.5 480 68 0
0.5 0 67 32
0.5 240 67 0
0.5 0 63 0
0.5 240 56 36
0.5 120 56 0
0.5 0 63 31
0.5 120 63 0
0.5 0 60 31
0.5 120 60 0
0.5 0 63 31
0.5 120 63 0
0.5 0 58 36
0.5 120 58 0
0.5 0 63 33
0.5 120 63 0
0.5 0 61 32
0.5 120 61 0
0.5 0 63 32
0.5 120 63 0
0.5 0 60 36
0.5 120 60 0
0.5 0 63 31
0.5 120 63 0
0.5 0 56 36
0.5 120 56 0
0.5 0 63 31
0.5 120 63 0
0.5 0 55 36
0.5 120 55 0
0.5 0 63 32
0.5 120 63 0
0.5 0 51 32
0.5 120 51 0
0.5 0 63 32
0.5 120 63 0
0.5 0 55 43
0.5 120 55 0
0.5 0 63 37
0.5 120 63 0
0.5 0 58 37
0.5 120 58 0
0.5 0 63 37
0.5 120 63 0
0.5 0 56 44
0.5 120 56 0
0.5 0 63 33
0.5 120 63 0
0.5 0 60 36
0.5 120 60 0
0.5 0 63 36
0.5 120 63 0
0.5 0 55 43
0.5 120 55 0
0.5 0 63 38
0.5 120 63 0
0.5 0 51 42
0.5 120 51 0
0.5 0 63 42
0.5 120 63 0
0.5 0 56 48
0.5 120 56 0
0.5 0 63 43
0.5 120 63 0
0.5 0 60 51
0.5 120 60 0
0.5 0 63 43
0.5 120 63 0
0.5 0 58 56
0.5 120 58 0
0.5 0 67 42
0.5 120 67 0
0.5 0 64 51
0.5 120 64 0
0.5 0 67 45
0.5 120 67 0
0.5 0 56 54
0.5 120 56 0
0.5 0 65 44
0.5 120 65 0
0.5 0 60 46
0.5 120 60 0
0.5 0 65 46
0.5 120 65 0
0.5 0 56 55
0.5 120 56 0
0.5 0 65 42
0.5 120 65 0
0.5 0 62 47
0.5 120 62 0
0.5 0 65 42
0.5 120 65 0
0.5 0 55 45
0.5 120 55 0
0.5 0 63 40
0.5 120 63 0
0.5 0 58 45
0.5 120 58 0
0.5 0 63 38
0.5 120 63 0
0.5 0 56 44
0.5 120 56 0
0.5 0 65 38
0.5 120 65 0
0.5 0 60 40
0.5 120 60 0
0.5 0 65 40
0.5 120 65 0
0.5 0 58 40
0.5 120 58 0
0.5 0 67 36
0.5 120 67 0
0.5 0 58 36
0.5 120 58 0
0.5 0 68 36
0.5 90 68 0
0.5 30 63 42
0.5 0 67 42
0.5 480 67 0
0.5 0 63 0
0.5 480 56 36
0.5 120 56 0
0.5 0 63 31
0.5 120 63 0
0.5 0 60 31
0.5 120 60 0
0.5 0 63 31
0.5 120 63 0
0.5 0 58 36
0.5 120 58 0
0.5 0 63 33
0.5 120 63 0
0.5 0 61 32
0.5 120 61 0
0.5 0 63 32
0.5 120 63 0
0.5 0 60 36
0.5 120 60 0
0.5 0 63 31
0.5 120 63 0
0.5 0 56 36
0.5 120 56 0
0.5 0 63 31
0.5 120 63 0
0.5 0 55 36
0.5 120 55 0
0.5 0 63 32
0.5 120 63 0
0.5 0 51 32
0.5 120 51 0
0.5 0 63 32
0.5 120 63 0
0.5 0 55 43
0.5 120 55 0
0.5 0 63 37
0.5 120 63 0
0.5 0 58 37
0.5 120 58 0
0.5 0 63 37
0.5 120 63 0
0.5 0 56 44
0.5 120 56 0
0.5 0 63 33
0.5 120 63 0
0.5 0 60 36
0.5 120 60 0
0.5 0 63 36
0.5 120 63 0
0.5 0 55 43
0.5 120 55 0
0.5 0 63 38
0.5 120 63 0
0.5 0 51 42
0.5 120 51 0
0.5 0 63 42
0.5 120 63 0
0.5 0 56 48
0.5 120 56 0
0.5 0 63 43
0.5 120 63 0
0.5 0 60 51
0.5 120 60 0
0.5 0 63 43
0.5 120 63 0
0.5 0 58 56
0.5 120 58 0
0.5 0 67 42
0.5 120 67 0
0.5 0 64 51
0.5 120 64 0
0.5 0 67 45
0.5 120 67 0
0.5 0 56 54
0.5 120 56 0
0.5 0 65 44
0.5 120 65 0
0.5 0 60 46
0.5 120 60 0
0.5 0 65 46
0.5 120 65 0
0.5 0 56 55
0.5 120 56 0
0.5 0 65 42
0.5 120 65 0
0.5 0 62 47
0.5 120 62 0
0.5 0 65 42
0.5 120 65 0
0.5 0 55 45
0.5 120 55 0
0.5 0 63 40
0.5 120 63 0
0.5 0 58 45
0.5 120 58 0
0.5 0 63 38
0.5 120 63 0
0.5 0 56 44
0.5 120 56 0
0.5 0 65 38
0.5 120 65 0
0.5 0 60 40
0.5 120 60 0
0.5 0 65 40
0.5 120 65 0
0.5 0 58 40
0.5 120 58 0
0.5 0 67 36
0.5 120 67 0
0.5 0 58 36
0.5 120 58 0
0.5 0 68 36
0.5 90 68 0
0.5 30 63 42
0.5 0 67 42
0.5 480 67 0
0.5 0 63 0
0.5 480 63 36
0.5 120 63 0
0.5 0 66 31
0.5 120 66 0
0.5 0 63 31
0.5 120 63 0
0.5 0 66 31
0.5 120 66 0
0.5 0 63 39
0.5 120 65 33
0.5 12 63 0
0.5 108 63 36
0.5 12 65 0
0.5 108 65 32
0.5 12 63 0
0.5 108 65 0
0.5 0 62 39
0.5 120 62 0
0.5 0 65 31
0.5 120 65 0
0.5 0 62 31
0.5 120 62 0
0.5 0 65 31
0.5 120 65 0
0.5 0 61 36
0.5 120 65 33
0.5 12 61 0
0.5 108 61 32
0.5 12 65 0
0.5 108 65 32
0.5 12 61 0
0.5 108 65 0
0.5 0 60 36
0.5 120 60 0
0.5 0 63 31
0.5 120 63 0
0.5 0 60 31
0.5 120 60 0
0.5 0 63 31
0.5 120 63 0
0.5 0 61 36
0.5 240 61 0
0.5 0 58 33
0.5 240 58 0
0.5 0 63 41
0.5 120 63 0
0.5 0 62 36
0.5 120 62 0
0.5 0 63 36
0.5 120 63 0
0.5 0 62 36
0.5 120 62 0
0.5 0 63 40
0.5 120 63 0
0.5 0 58 36
0.5 120 58 0
0.5 0 55 36
0.5 120 55 0
0.5 0 51 36
0.5 120 51 0
0.5 0 53 36
0.5 120 53 0
0.5 0 60 31
0.5 120 60 0
0.5 0 56 31
0.5 120 56 0
0.5 0 60 31
0.5 120 60 0
0.5 0 56 39
0.5 120 65 33
0.5 12 56 0
0.5 108 58 36
0.5 12 65 0
0.5 108 65 32
0.5 12 58 0
0.5 108 65 0
0.5 0 55 43
0.5 120 55 0
0.5 0 63 36
0.5 120 63 0
0.5 0 58 40
0.5 120 58 0
0.5 6 63 36
0.5 114 61 41
0.5 6 63 0
0.5 114 70 33
0.5 12 61 0
0.5 108 63 36
0.5 12 70 0
0.5 108 70 32
0.5 12 63 0
0.5 108 70 0
0.5 0 60 39
0.5 0 68 39
0.5 240 68 0
0.5 0 60 0
0.5 0 61 36
0.5 0 65 36
0.5 240 65 0
0.5 0 61 0
0.5 0 51 39
0.5 0 60 39
0.5 240 60 0
0.5 0 51 0
0.5 0 51 36
0.5 0 58 36
0.5 240 58 0
0.5 0 51 0
0.5 0 56 39
0.5 0 61 39
0.5 480 61 0
0.5 0 60 36
0.5 240 60 0
0.5 0 56 0
0.5 240 63 36
0.5 120 63 0
0.5 0 66 31
0.5 120 66 0
0.5 0 63 31
0.5 120 63 0
0.5 0 66 31
0.5 120 66 0
0.5 0 63 39
0.5 120 65 33
0.5 12 63 0
0.5 108 63 36
0.5 12 65 0
0.5 108 65 32
0.5 12 63 0
0.5 108 65 0
0.5 0 62 39
0.5 120 62 0
0.5 0 65 31
0.5 120 65 0
0.5 0 62 31
0.5 120 62 0
0.5 0 65 31
0.5 120 65 0
0.5 0 61 36
0.5 120 65 33
0.5 12 61 0
0.5 108 61 32
0.5 12 65 0
0.5 108 65 32
0.5 12 61 0
0.5 108 65 0
0.5 0 60 36
0.5 120 60 0
0.5 0 63 31
0.5 120 63 0
0.5 0 60 31
0.5 120 60 0
0.5 0 63 31
0.5 120 63 0
0.5 0 61 36
0.5 240 61 0
0.5 0 58 33
0.5 240 58 0
0.5 0 63 41
0.5 120 63 0
0.5 0 62 36
0.5 120 62 0
0.5 0 63 36
0.5 120 63 0
0.5 0 62 36
0.5 120 62 0
0.5 0 63 40
0.5 120 63 0
0.5 0 58 36
0.5 120 58 0
0.5 0 55 36
0.5 120 55 0
0.5 0 51 36
0.5 120 51 0
0.5 0 53 36
0.5 120 53 0
0.5 0 60 31
0.5 120 60 0
0.5 0 56 31
0.5 120 56 0
0.5 0 60 31
0.5 120 60 0
0.5 0 56 39
0.5 120 65 33
0.5 12 56 0
0.5 108 58 36
0.5 12 65 0
0.5 108 65 32
0.5 12 58 0
0.5 108 65 0
0.5 0 55 43
0.5 120 55 0
0.5 0 63 31
0.5 120 63 0
0.5 0 58 36
0.5 120 58 0
0.5 6 63 31
0.5 114 61 39
0.5 6 63 0
0.5 114 70 33
0.5 12 61 0
0.5 108 63 32
0.5 12 70 0
0.5 108 70 32
0.5 12 63 0
0.5 108 70 0
0.5 0 60 39
0.5 0 68 39
0.5 240 68 0
0.5 0 60 0
0.5 0 61 36
0.5 0 65 36
0.5 240 65 0
0.5 0 61 0
0.5 0 51 39
0.5 0 60 39
0.5 240 60 0
0.5 0 51 0
0.5 0 51 36
0.5 0 58 36
0.5 240 58 0
0.5 0 51 0
0.5 0 56 39
0.5 0 61 39
0.5 480 61 0
0.5 0 60 36
0.5 240 60 0
0.5 0 56 0
0.5 240 64 39
0.5 0 67 39
0.5 360 67 0
0.5 0 64 0
0.5 120 65 39
0.5 0 68 39
0.5 240 68 0
0.5 0 65 0
0.5 240 62 39
0.5 0 65 39
0.5 360 65 0
0.5 0 62 0
0.5 120 63 39
0.5 0 67 39
0.5 240 67 0
0.5 0 63 0
0.5 240 60 39
0.5 0 63 39
0.5 960 63 0
0.5 0 60 0
0.5 120 58 50
0.5 120 62 53
0.5 120 62 0
0.5 0 65 55
0.5 120 65 0
0.5 0 58 0
0.5 0 66 58
0.5 240 66 0
0.5 0 63 54
0.5 240 63 0
0.5 120 58 54
0.5 120 62 58
0.5 120 62 0
0.5 0 65 61
0.5 120 65 0
0.5 0 58 0
0.5 0 66 63
0.5 240 66 0
0.5 0 63 54
0.5 240 63 0
0.5 120 58 47
0.5 120 62 49
0.5 120 62 0
0.5 0 65 51
0.5 120 65 0
0.5 0 68 56
0.5 2160 68 0
0.5 0 58 0
0.5 240 39 27
0.5 0 51 39
0.5 480 51 0
0.5 0 39 0
0.5 240 46 33
0.5 240 46 0
0.5 0 51 39
0.5 480 51 0
0.5 240 46 36
0.5 240 46 0
0.5 0 51 39
0.5 240 51 0
0.5 0 48 34
0.5 240 48 0
0.5 0 43 39
0.5 240 43 0
0.5 0 44 36
0.5 240 44 0
0.5 0 46 39
0.5 720 46 0
0.5 240 67 36
0.5 480 67 0
0.5 0 63 36
0.5 240 63 0
0.5 0 58 34
0.5 240 58 0
0.5 0 55 38
0.5 180 55 0
0.5 60 58 34
0.5 180 58 0
0.5 60 63 36
0.5 180 63 0
0.5 60 60 39
0.5 180 60 0
0.5 60 55 42
0.5 240 55 0
0.5 0 65 36
0.5 0 56 30
0.5 240 56 0
0.5 0 65 0
0.5 0 58 35
0.5 0 67 42
0.5 240 67 0
0.5 0 68 33
0.5 240 68 0
0.5 0 58 0
0.5 0 63 28
0.5 0 68 34
0.5 480 68 0
0.5 0 67 32
0.5 240 67 0
0.5 0 63 0
0.5 240 51 36
0.5 120 51 0
0.5 0 60 31
0.5 120 60 0
0.5 0 56 31
0.5 120 56 0
0.5 0 60 31
0.5 120 60 0
0.5 0 51 36
0.5 120 51 0
0.5 0 60 33
0.5 120 60 0
0.5 0 56 32
0.5 120 56 0
0.5 0 60 32
0.5 120 60 0
0.5 0 51 36
0.5 120 51 0
0.5 0 58 27
0.5 120 58 0
0.5 0 55 31
0.5 120 55 0
0.5 0 58 26
0.5 120 58 0
0.5 0 51 36
0.5 120 51 0
0.5 0 58 28
0.5 120 58 0
0.5 0 55 32
0.5 120 55 0
0.5 0 58 30
0.5 120 58 0
0.5 0 51 36
0.5 120 51 0
0.5 0 60 31
0.5 120 60 0
0.5 0 56 31
0.5 120 56 0
0.5 0 60 31
0.5 120 60 0
0.5 0 51 36
0.5 120 51 0
0.5 0 60 29
0.5 120 60 0
0.5 0 56 32
0.5 120 56 0
0.5 0 60 30
0.5 120 60 0
0.5 0 51 36
0.5 120 51 0
0.5 0 58 31
0.5 120 58 0
0.5 0 55 36
0.5 120 55 0
0.5 0 58 31
0.5 120 58 0
0.5 0 51 36
0.5 120 51 0
0.5 0 58 30
0.5 120 58 0
0.5 0 55 32
0.5 120 55 0
0.5 0 58 30
0.5 120 58 0
0.5 0 60 42
0.5 480 60 0
0.5 120 62 32
0.5 0 70 32
0.5 90 70 0
0.5 0 62 0
0.5 30 62 36
0.5 0 70 36
0.5 90 70 0
0.5 0 62 0
0.5 30 62 32
0.5 0 70 32
0.5 90 70 0
0.5 0 62 0
0.5 30 63 37
0.5 0 70 37
0.5 480 70 0
0.5 0 63 0
0.5 120 67 32
0.5 0 70 32
0.5 90 70 0
0.5 0 67 0
0.5 30 67 36
0.5 0 70 36
0.5 90 70 0
0.5 0 67 0
0.5 30 67 32
0.5 0 70 32
0.5 90 70 0
0.5 0 67 0
0.5 30 68 37
0.5 0 72 37
0.5 480 72 0
0.5 0 68 0
0.5 240 58 36
0.5 0 68 36
0.5 240 68 0
0.5 0 58 0
0.5 0 59 38
0.5 0 68 38
0.5 480 68 0
0.5 0 59 0
0.5 0 60 36
0.5 0 67 36
0.5 240 67 0
0.5 0 60 0
0.5 240 53 38
0.5 120 53 0
0.5 0 60 31
0.5 120 60 0
0.5 0 57 36
0.5 120 57 0
0.5 0 60 31
0.5 120 60 0
0.5 0 51 38
0.5 120 51 0
0.5 0 60 33
0.5 120 60 0
0.5 0 53 36
0.5 120 53 0
0.5 0 60 32
0.5 120 60 0
0.5 0 50 40
0.5 120 50 0
0.5 0 58 31
0.5 120 58 0
0.5 6 53 36
0.5 114 58 31
0.5 6 53 0
0.5 114 58 0
0.5 0 56 40
0.5 120 56 0
0.5 0 65 33
0.5 120 65 0
0.5 0 58 36
0.5 120 58 0
0.5 0 65 32
0.5 120 65 0
0.5 0 63 36
0.5 0 55 30
0.5 240 55 0
0.5 0 63 0
0.5 0 60 32
0.5 0 56 27
0.5 240 56 0
0.5 0 60 0
0.5 0 46 30
0.5 0 55 36
0.5 240 55 0
0.5 0 46 0
0.5 0 46 27
0.5 7 53 32
0.5 233 46 0
0.5 0 51 40
0.5 7 53 0
0.5 113 51 0
0.5 0 55 36
0.5 120 55 0
0.5 0 58 39
0.5 60 58 0
0.5 60 58 36
0.5 60 58 0
0.5 67 58 40
0.5 240 58 0
0.5 233 63 37
0.5 120 63 0
0.5 0 67 33
0.5 120 67 0
0.5 0 70 37
0.5 60 70 0
0.5 60 70 33
0.5 60 70 0
0.5 67 70 38
0.5 240 70 0
0.5 233 39 36
0.5 120 39 0
0.5 0 43 31
0.5 120 43 0
0.5 0 46 36
0.5 60 46 0
0.5 60 46 33
0.5 60 46 0
0.5 67 46 37
0.5 240 46 0
0.5 233 34 25
0.5 0 46 30
0.5 960 46 0
0.5 0 34 0
0.5 0 39 27
0.5 240 39 0
0 0 64 127
0 728 64 0
0 91 64 127
0 151 64 0
0 244 64 127
0 469 64 0
0 96 64 127
0 149 64 0
0 55 64 127
0 186 64 0
0 60 64 127
0 179 64 0
0 55 64 127
0 186 64 0
0 66 64 127
0 165 64 0
0 69 64 127
0 421 64 0
0 523 64 127
0 674 64 0
0 43 64 127
0 197 64 0
0 1005 64 127
0 191 64 0
0 332 64 127
0 154 64 0
0 277 64 127
0 442 64 0
0 472 64 127
0 728 64 0
0 91 64 127
0 151 64 0
0 244 64 127
0 469 64 0
0 96 64 127
0 149 64 0
0 55 64 127
0 186 64 0
0 60 64 127
0 179 64 0
0 55 64 127
0 186 64 0
0 66 64 127
0 165 64 0
0 69 64 127
0 421 64 0
0 523 64 127
0 674 64 0
0 43 64 127
0 197 64 0
0 1005 64 127
0 191 64 0
0 332 64 127
0 154 64 0
0 277 64 127
0 442 64 0
0 478 64 127
0 487 64 0
0 79 64 127
0 417 64 0
0 63 64 127
0 400 64 0
0 2388 64 127
0 491 64 0
0 104 64 127
0 377 64 0
0 137 64 127
0 341 64 0
0 196 64 127
0 274 64 0
0 50 64 127
0 439 64 0
0 34 64 127
0 447 64 0
0 68 64 127
0 413 64 0
0 469 64 127
0 728 64 0
0 91 64 127
0 151 64 0
0 244 64 127
0 469 64 0
0 96 64 127
0 149 64 0
0 55 64 127
0 186 64 0
0 60 64 127
0 179 64 0
0 55 64 127
0 186 64 0
0 66 64 127
0 165 64 0
0 69 64 127
0 421 64 0
0 523 64 127
0 674 64 0
0 43 64 127
0 197 64 0
0 1013 64 127
0 183 64 0
0 329 64 127
0 157 64 0
0 348 64 127
0 371 64 0
0 478 64 127
0 487 64 0
0 79 64 127
0 417 64 0
0 63 64 127
0 400 64 0
0 2388 64 127
0 491 64 0
0 104 64 127
0 377 64 0
0 137 64 127
0 341 64 0
0 196 64 127
0 274 64 0
0 50 64 127
0 439 64 0
0 34 64 127
0 447 64 0
0 68 64 127
0 413 64 0
0 469 64 127
0 728 64 0
0 91 64 127
0 151 64 0
0 244 64 127
0 469 64 0
0 96 64 127
0 149 64 0
0 55 64 127
0 186 64 0
0 60 64 127
0 179 64 0
0 55 64 127
0 186 64 0
0 66 64 127
0 165 64 0
0 69 64 127
0 421 64 0
0 523 64 127
0 674 64 0
0 43 64 127
0 197 64 0
0 1008 64 127
0 188 64 0
0 294 64 127
0 192 64 0
0 277 64 127
0 442 64 0
0 472 64 127
0 487 64 0
0 45 64 127
0 193 64 0
0 41 64 127
0 160 64 0
0 63 64 127
0 462 64 0
0 58 64 127
0 182 64 0
0 58 64 127
0 171 64 0
0 488 64 0
0 67 64 127
0 55 64 0
0 190 64 127
0 56 64 0
0 196 64 127
0 177 64 0
0 737 64 127
0 448 64 0
0 78 64 127
0 157 64 0
0 88 64 127
0 160 64 0
0 98 64 127
0 376 64 0
0 41 64 127
0 200 64 0
0 68 64 127
0 160 64 0
0 63 64 127
0 182 64 0
0 64 64 127
0 183 64 0
0 51 64 127
0 189 64 0
0 68 64 127
0 170 64 0
0 1004 64 127
0 433 64 0
0 45 64 127
0 193 64 0
0 41 64 127
0 160 64 0
0 63 64 127
0 462 64 0
0 58 64 127
0 182 64 0
0 58 64 127
0 171 64 0
0 488 64 0
0 67 64 127
0 59 64 0
0 186 64 127
0 53 64 0
0 199 64 127
0 177 64 0
0 737 64 127
0 448 64 0
0 78 64 127
0 157 64 0
0 88 64 127
0 160 64 0
0 98 64 127
0 376 64 0
0 41 64 127
0 200 64 0
0 68 64 127
0 160 64 0
0 63 64 127
0 182 64 0
0 64 64 127
0 183 64 0
0 51 64 127
0 189 64 0
0 68 64 127
0 170 64 0
0 1004 64 127
0 433 64 0
0 45 64 127
0 438 64 0
0 37 64 127
0 444 64 0
0 58 64 127
0 182 64 0
0 58 64 127
0 174 64 0
0 59 64 127
0 425 64 0
0 45 64 127
0 437 64 0
0 55 64 127
0 427 64 0
0 58 64 127
0 182 64 0
0 58 64 127
0 182 64 0
0 483 64 0
0 56 64 127
0 427 64 0
0 474 64 0
0 41 64 127
0 428 64 0
0 1974 64 127
0 433 64 0
0 45 64 127
0 193 64 0
0 41 64 127
0 160 64 0
0 63 64 127
0 462 64 0
0 58 64 127
0 182 64 0
0 58 64 127
0 171 64 0
0 488 64 0
0 67 64 127
0 63 64 0
0 182 64 127
0 59 64 0
0 193 64 127
0 177 64 0
0 777 64 127
0 408 64 0
0 78 64 127
0 157 64 0
0 88 64 127
0 160 64 0
0 98 64 127
0 376 64 0
0 41 64 127
0 200 64 0
0 68 64 127
0 160 64 0
0 63 64 127
0 182 64 0
0 64 64 127
0 183 64 0
0 51 64 127
0 189 64 0
0 68 64 127
0 170 64 0
0 1004 64 127
0 433 64 0
0 45 64 127
0 441 64 0
0 56 64 127
0 422 64 0
0 58 64 127
0 182 64 0
0 58 64 127
0 174 64 0
0 59 64 127
0 425 64 0
0 45 64 127
0 394 64 0
0 63 64 127
0 462 64 0
0 58 64 127
0 182 64 0
0 58 64 127
0 182 64 0
0 483 64 0
0 56 64 127
0 427 64 0
0 474 64 0
0 41 64 127
0 428 64 0
0 2012 64 127
0 395 64 0
0 45 64 127
0 193 64 0
0 41 64 127
0 160 64 0
0 63 64 127
0 462 64 0
0 58 64 127
0 182 64 0
0 58 64 127
0 171 64 0
0 488 64 0
0 67 64 127
0 60 64 0
0 185 64 127
0 58 64 0
0 194 64 127
0 177 64 0
0 737 64 127
0 448 64 0
0 78 64 127
0 157 64 0
0 88 64 127
0 160 64 0
0 98 64 127
0 376 64 0
0 41 64 127
0 200 64 0
0 68 64 127
0 160 64 0
0 63 64 127
0 182 64 0
0 64 64 127
0 183 64 0
0 51 64 127
0 189 64 0
0 68 64 127
0 170 64 0
0 6795 64 127
0 643 64 0
0 91 64 127
0 151 64 0
0 244 64 127
0 469 64 0
0 96 64 127
0 149 64 0
0 55 64 127
0 186 64 0
0 60 64 127
0 179 64 0
0 55 64 127
0 186 64 0
0 66 64 127
0 165 64 0
0 69 64 127
0 421 64 0
0 523 64 127
0 674 64 0
0 43 64 127
0 197 64 0
0 1010 64 127
0 186 64 0
0 329 64 127
0 157 64 0
0 277 64 127
0 442 64 0
0 493 64 127
0 470 64 0
0 39 64 127
0 440 64 0
0 33 64 127
0 448 64 0
0 53 64 127
0 427 64 0
0 81 64 127
0 399 64 0
0 479 64 0
0 33 64 127
0 448 64 0
0 53 64 127
0 427 64 0
0 81 64 127
0 399 64 0
0 39 64 127
0 14 64 0
0 459 64 127
0 448 64 0
0 53 64 127
0 33 64 0
0 446 64 127
0 189 64 0
0 57 64 127
0 154 64 0
0 80 64 127
0 114 64 0
0 132 64 127
0 120 64 0
0 1096 64 127
0 406 64 0
0 39 64 127
0 440 64 0
0 33 64 127
0 448 64 0
0 53 64 127
0 427 64 0
0 81 64 127
0 399 64 0
0 479 64 0
0 33 64 127
0 448 64 0
0 53 64 127
0 427 64 0
0 81 64 127
0 399 64 0
0 39 64 127
0 14 64 0
0 459 64 127
0 448 64 0
0 53 64 127
0 33 64 0
0 446 64 127
0 189 64 0
0 57 64 127
0 154 64 0
0 80 64 127
0 114 64 0
0 132 64 127
0 120 64 0
0 1058 64 127
0 444 64 0
0 561 64 127
0 399 64 0
0 526 64 127
0 469 64 0
0 980 64 127
0 424 64 0
0 53 64 127
0 428 64 0
0 561 64 127
0 399 64 0
0 504 64 127
0 216 64 0
0 46 64 127
0 197 64 0
0 49 64 127
0 188 64 0
0 64 64 127
0 176 64 0
0 86 64 127
0 397 64 0
0 513 64 127
0 444 64 0
0 561 64 127
0 399 64 0
0 526 64 127
0 469 64 0
0 980 64 127
0 424 64 0
0 53 64 127
0 428 64 0
0 561 64 127
0 399 64 0
0 504 64 127
0 216 64 0
0 59 64 127
0 184 64 0
0 49 64 127
0 188 64 0
0 64 64 127
0 176 64 0
0 86 64 127
0 397 64 0
0 1026 64 127
0 412 64 0
0 571 64 127
0 377 64 0
0 525 64 127
0 435 64 0
0 63 64 127
0 429 64 0
0 468 64 0
0 63 64 127
0 429 64 0
0 468 64 0
0 63 64 127
0 897 64 0
0 2005 64 127
0 643 64 0
0 91 64 127
0 151 64 0
0 244 64 127
0 469 64 0
0 96 64 127
0 149 64 0
0 55 64 127
0 186 64 0
0 60 64 127
0 179 64 0
0 55 64 127
0 186 64 0
0 66 64 127
0 165 64 0
0 69 64 127
0 421 64 0
0 523 64 127
0 674 64 0
0 43 64 127
0 197 64 0
0 996 64 127
0 200 64 0
0 329 64 127
0 157 64 0
0 277 64 127
0 442 64 0
0 515 64 127
0 448 64 0
0 39 64 127
0 440 64 0
0 33 64 127
0 448 64 0
0 53 64 127
0 423 64 0
0 36 64 127
0 448 64 0
0 39 64 127
0 440 64 0
0 33 64 127
0 208 64 0
0 49 64 127
0 191 64 0
0 53 64 127
0 426 64 0
0 259 64 127
0 224 64 0
0 50 64 127
0 189 64 0
0 74 64 127
0 161 64 0
0 245 64 127
0 238 64 0
0 82 64 127
0 160 64 0
0 68 64 127
0 167 64 0
0 279 64 127
0 204 64 0
0 1470 64 127
0 451 64 0
0 483 64 0
0 72 64 127
0 405 64 0
0 472 64 0
0 82 64 127
0 162 64 0
0 71 64 127
0 170 64 0
0 77 64 127
0 158 64 0
0 54 64 127
0 204 64 0
0 604 64 127
0 356 64 0
0 604 64 127
0 356 64 0
0 604 64 127
0 345 64 0
0 357 64 127
0 606 64 0
0 199 64 127
0 424 64 0
1 0 0 0
