0 0 7 100
0 480 91 127
0.5 3360 65 33
0.5 1195 65 0
0.5 5 54 19
0.5 0 61 28
0.5 240 61 0
0.5 0 54 0
0.5 0 56 20
0.5 0 63 33
0.5 355 63 0
0.5 0 56 0
0.5 5 63 31
0.5 0 59 24
0.5 120 59 0
0.5 0 63 0
0.5 0 65 33
0.5 0 58 26
0.5 1194 58 0
0.5 0 65 0
0.5 6 61 28
0.5 0 54 19
0.5 240 54 0
0.5 0 61 0
0.5 0 56 20
0.5 0 63 33
0.5 354 63 0
0.5 1 56 0
0.5 5 59 20
0.5 0 63 31
0.5 120 63 0
0.5 0 59 0
0.5 0 65 33
0.5 0 58 26
0.5 1920 58 0
0.5 0 65 0
0.5 0 73 42
0.5 356 73 0
0.5 4 75 39
0.5 120 75 0
0.5 0 73 37
0.5 477 73 0
0.5 3 76 45
0.5 240 76 0
0.5 0 75 42
0.5 240 72 39
0.5 2 75 0
0.5 353 72 0
0.5 5 75 39
0.5 118 75 0
0.5 2 75 39
0.5 0 64 25
0.5 480 75 0
0.5 0 73 28
0.5 480 64 0
0.5 960 73 0
0.5 0 65 42
0.5 1195 65 0
0.5 5 61 34
0.5 0 54 21
0.5 240 54 0
0.5 0 61 0
0.5 0 63 42
0.5 0 56 26
0.5 354 63 0
0.5 1 56 0
0.5 5 63 38
0.5 0 59 30
0.5 120 59 0
0.5 0 63 0
0.5 0 65 42
0.5 0 58 32
0.5 1920 58 0
0.5 0 65 0
0.5 0 73 38
0.5 0 76 43
0.5 355 76 0
0.5 0 73 0
0.5 5 78 39
0.5 0 75 34
0.5 120 75 0
0.5 0 78 0
0.5 0 76 38
0.5 0 73 33
0.5 475 73 0
0.5 1 76 0
0.5 4 76 42
0.5 0 80 46
0.5 240 80 0
0.5 0 76 0
0.5 0 79 43
0.5 0 75 38
0.5 240 75 0
0.5 0 79 0
0.5 0 70 37
0.5 0 73 42
0.5 354 70 0
0.5 2 73 0
0.5 4 78 43
0.5 0 75 38
0.5 117 78 0
0.5 1 75 0
0.5 2 78 39
0.5 0 75 34
0.5 480 75 0
0.5 0 78 0
0.5 0 73 26
0.5 0 76 28
0.5 1440 76 0
0.5 0 73 0
0.5 0 71 45
0.5 0 75 45
0.5 0 80 51
0.5 0 68 45
0.5 1200 68 0
0.5 0 71 0
0.5 0 75 0
0.5 0 80 0
0.5 0 64 44
0.5 0 76 50
0.5 0 68 44
0.5 0 71 44
0.5 240 71 0
0.5 0 64 0
0.5 0 76 0
0.5 0 68 0
0.5 0 72 48
0.5 0 77 54
0.5 0 65 48
0.5 0 68 48
0.5 354 68 0
0.5 1 65 0
0.5 0 72 0
0.5 1 77 0
0.5 4 78 51
0.5 0 70 51
0.5 0 74 51
0.5 0 82 58
0.5 120 82 0
0.5 0 78 0
0.5 0 70 0
0.5 0 74 0
0.5 0 71 50
0.5 0 68 50
0.5 0 80 55
0.5 0 75 50
0.5 1200 75 0
0.5 0 71 0
0.5 0 68 0
0.5 0 80 0
0.5 0 71 44
0.5 0 64 44
0.5 0 68 44
0.5 0 76 50
0.5 240 76 0
0.5 0 71 0
0.5 0 64 0
0.5 0 68 0
0.5 0 77 54
0.5 0 65 48
0.5 0 72 48
0.5 0 68 48
0.5 156 68 0
0.5 1 77 0
0.5 0 65 0
0.5 0 72 0
0.5 3 74 52
0.5 0 78 52
0.5 0 82 58
0.5 0 70 52
0.5 160 70 0
0.5 0 74 0
0.5 0 78 0
0.5 0 82 0
0.5 0 77 50
0.5 0 73 50
0.5 0 81 55
0.5 0 69 50
0.5 160 69 0
0.5 0 77 0
0.5 0 73 0
0.5 0 81 0
0.5 0 71 50
0.5 0 68 50
0.5 0 80 55
0.5 0 75 50
0.5 1200 75 0
0.5 0 71 0
0.5 0 68 0
0.5 0 80 0
0.5 0 70 48
0.5 0 66 48
0.5 0 78 52
0.5 0 74 48
0.5 480 74 0
0.5 0 70 0
0.5 0 66 0
0.5 0 78 0
0.5 0 68 38
0.5 0 65 38
0.5 0 77 43
0.5 0 72 38
0.5 240 72 0
0.5 0 68 0
0.5 0 65 0
0.5 0 77 0
0.5 0 51 27
0.5 0 56 27
0.5 960 56 0
0.5 0 51 0
0.5 0 46 20
0.5 0 51 20
0.5 480 51 0
0.5 0 46 0
0.5 0 51 24
0.5 0 56 24
0.5 960 56 0
0.5 0 51 0
0.5 0 46 20
0.5 0 51 20
0.5 480 51 0
0.5 0 46 0
0.5 0 73 45
0.5 0 80 45
0.5 0 76 45
0.5 0 85 51
0.5 1200 85 0
0.5 0 73 0
0.5 0 80 0
0.5 0 76 0
0.5 0 81 50
0.5 0 69 44
0.5 0 72 44
0.5 0 76 44
0.5 240 76 0
0.5 0 81 0
0.5 0 69 0
0.5 0 72 0
0.5 0 77 48
0.5 0 82 54
0.5 0 73 48
0.5 354 82 0
0.5 0 77 0
0.5 1 73 0
0.5 5 83 51
0.5 0 87 58
0.5 0 76 51
0.5 0 79 51
0.5 120 79 0
0.5 0 83 0
0.5 0 87 0
0.5 0 76 0
0.5 0 76 50
0.5 0 80 50
0.5 0 85 55
0.5 0 73 50
0.5 1200 73 0
0.5 0 76 0
0.5 0 80 0
0.5 0 85 0
0.5 0 76 44
0.5 0 69 44
0.5 0 81 50
0.5 0 72 44
0.5 240 72 0
0.5 0 76 0
0.5 0 69 0
0.5 0 81 0
0.5 0 77 48
0.5 0 73 48
0.5 0 82 54
0.5 157 82 0
0.5 0 73 0
0.5 0 77 0
0.5 3 87 58
0.5 0 79 52
0.5 0 83 52
0.5 0 76 52
0.5 160 76 0
0.5 0 87 0
0.5 0 79 0
0.5 0 83 0
0.5 0 78 50
0.5 0 82 50
0.5 0 86 55
0.5 0 74 50
0.5 160 74 0
0.5 0 78 0
0.5 0 82 0
0.5 0 86 0
0.5 0 76 50
0.5 0 80 50
0.5 0 85 55
0.5 0 73 50
0.5 1200 73 0
0.5 0 76 0
0.5 0 80 0
0.5 0 85 0
0.5 0 75 48
0.5 0 79 48
0.5 0 83 52
0.5 0 71 48
0.5 480 71 0
0.5 0 75 0
0.5 0 79 0
0.5 0 83 0
0.5 0 77 38
0.5 0 82 43
0.5 0 73 38
0.5 240 73 0
0.5 0 82 0
0.5 0 77 0
0.5 240 95 31
0.5 0 90 31
0.5 0 86 31
0.5 0 100 33
0.5 240 100 0
0.5 0 95 0
0.5 0 90 0
0.5 0 86 0
0.5 0 80 30
0.5 0 90 30
0.5 0 95 33
0.5 0 86 30
0.5 240 86 0
0.5 0 80 0
0.5 0 90 0
0.5 0 95 0
0.5 0 88 30
0.5 0 78 30
0.5 0 92 35
0.5 0 83 30
0.5 240 83 0
0.5 0 88 0
0.5 0 78 0
0.5 0 92 0
0.5 0 86 31
0.5 0 76 31
0.5 0 90 34
0.5 0 80 31
0.5 240 80 0
0.5 0 86 0
0.5 0 76 0
0.5 0 90 0
0.5 0 88 27
0.5 0 83 24
0.5 0 75 24
0.5 0 78 24
0.5 240 78 0
0.5 0 88 0
0.5 0 83 0
0.5 0 75 0
0.5 0 75 22
0.5 0 78 22
0.5 0 83 26
0.5 0 68 22
0.5 240 68 0
0.5 0 75 0
0.5 0 78 0
0.5 0 83 0
0.5 0 76 22
0.5 0 71 22
0.5 0 66 22
0.5 0 80 26
0.5 240 80 0
0.5 0 76 0
0.5 0 71 0
0.5 0 66 0
0.5 0 68 26
0.5 0 74 26
0.5 0 78 28
0.5 240 78 0
0.5 0 74 0
0.5 0 68 0
0.5 0 66 20
0.5 0 76 21
0.5 0 71 20
0.5 240 71 0
0.5 0 76 0
0.5 0 66 0
0.5 0 66 20
0.5 0 71 21
0.5 240 71 0
0.5 0 66 0
0.5 0 68 21
0.5 0 64 18
0.5 240 64 0
0.5 0 68 0
0.5 0 66 26
0.5 0 62 24
0.5 240 62 0
0.5 0 66 0
0.5 0 65 21
0.5 0 61 20
0.5 240 61 0
0.5 0 65 0
0.5 0 64 21
0.5 0 60 20
0.5 240 60 0
0.5 0 64 0
0.5 0 63 21
0.5 0 59 20
0.5 240 66 28
0.5 0 62 26
0.5 8 59 0
0.5 0 63 0
0.5 232 66 0
0.5 0 62 0
0.5 0 61 21
0.5 0 65 22
0.5 240 65 0
0.5 0 61 0
0.5 0 64 21
0.5 0 60 20
0.5 240 60 0
0.5 0 64 0
0.5 0 63 21
0.5 0 59 20
0.5 240 66 26
0.5 0 62 24
0.5 8 59 0
0.5 0 63 0
0.5 232 66 0
0.5 0 62 0
0.5 0 61 20
0.5 0 65 21
0.5 239 64 19
0.5 1 65 0
0.5 0 61 0
0.5 0 60 18
0.5 239 64 0
0.5 1 60 0
0.5 0 63 18
0.5 0 59 16
0.5 248 59 0
0.5 0 63 0
0.5 232 92 33
0.5 0 100 35
0.5 0 95 32
0.5 0 86 32
0.5 240 86 0
0.5 0 92 0
0.5 0 100 0
0.5 0 95 0
0.5 0 88 28
0.5 0 83 28
0.5 0 97 30
0.5 0 91 28
0.5 240 91 0
0.5 0 88 0
0.5 0 83 0
0.5 0 97 0
0.5 0 89 28
0.5 0 80 28
0.5 0 94 30
0.5 0 86 28
0.5 240 86 0
0.5 0 89 0
0.5 0 80 0
0.5 0 94 0
0.5 0 83 31
0.5 0 88 31
0.5 0 91 34
0.5 0 77 31
0.5 240 77 0
0.5 0 83 0
0.5 0 88 0
0.5 0 91 0
0.5 0 88 27
0.5 0 74 24
0.5 0 83 24
0.5 0 77 24
0.5 240 77 0
0.5 0 88 0
0.5 0 74 0
0.5 0 83 0
0.5 0 84 26
0.5 0 76 22
0.5 0 79 22
0.5 240 79 0
0.5 0 76 0
0.5 0 84 0
0.5 0 77 22
0.5 0 74 22
0.5 0 81 26
0.5 240 81 0
0.5 0 74 0
0.5 0 77 0
0.5 0 71 26
0.5 0 76 26
0.5 0 79 28
0.5 240 79 0
0.5 0 76 0
0.5 0 71 0
0.5 0 65 20
0.5 0 76 21
0.5 240 76 0
0.5 0 65 0
0.5 0 67 20
0.5 0 73 21
0.5 0 64 20
0.5 240 64 0
0.5 0 73 0
0.5 0 67 0
0.5 0 62 20
0.5 0 65 21
0.5 240 65 0
0.5 0 62 0
0.5 0 64 26
0.5 0 59 24
0.5 240 59 0
0.5 0 69 25
0.5 0 58 24
0.5 240 58 0
0.5 0 69 0
0.5 0 64 0
0.5 0 58 20
0.5 0 68 21
0.5 0 64 20
0.5 240 64 0
0.5 0 68 0
0.5 0 58 0
0.5 0 56 20
0.5 0 62 20
0.5 0 67 21
0.5 240 67 0
0.5 0 62 0
0.5 0 56 0
0.5 0 55 19
0.5 0 66 20
0.5 0 61 19
0.5 240 61 0
0.5 0 66 0
0.5 0 55 0
0.5 0 65 19
0.5 0 54 18
0.5 0 60 18
0.5 240 60 0
0.5 0 54 0
0.5 0 65 0
0.5 0 59 24
0.5 0 64 26
0.5 240 59 0
0.5 0 58 20
0.5 0 69 20
0.5 240 69 0
0.5 0 58 0
0.5 0 58 20
0.5 0 64 20
0.5 0 68 21
0.5 19 64 0
0.5 221 58 0
0.5 0 64 0
0.5 0 68 0
0.5 0 62 20
0.5 0 56 20
0.5 0 67 21
0.5 240 67 0
0.5 0 56 0
0.5 0 62 0
0.5 0 66 20
0.5 0 61 19
0.5 0 55 19
0.5 240 55 0
0.5 0 61 0
0.5 0 66 0
0.5 0 65 19
0.5 0 54 18
0.5 0 60 18
0.5 240 60 0
0.5 0 54 0
0.5 0 65 0
0.5 0 59 18
0.5 0 53 18
0.5 0 64 34
0.5 480 64 0
0.5 0 62 31
0.5 1440 62 0
0.5 0 53 0
0.5 0 59 0
0.5 0 59 18
0.5 0 53 18
0.5 0 64 34
0.5 480 64 0
0.5 0 62 31
0.5 1440 62 0
0.5 0 53 0
0.5 0 59 0
0.5 0 77 43
0.5 480 77 0
0.5 0 76 36
0.5 1200 76 0
0.5 0 77 39
0.5 240 77 0
0.5 0 73 39
0.5 473 73 0
0.5 7 77 39
0.5 480 77 0
0.5 0 77 43
0.5 480 77 0
0.5 0 76 33
0.5 955 76 0
0.5 5 76 40
0.5 240 76 0
0.5 0 77 44
0.5 240 77 0
0.5 0 79 46
0.5 480 79 0
0.5 0 77 46
0.5 238 77 0
0.5 2 76 43
0.5 240 76 0
0.5 0 76 44
0.5 480 76 0
0.5 0 74 33
0.5 480 74 0
0.5 2160 65 45
0.5 0 77 45
0.5 480 77 0
0.5 0 65 0
0.5 0 79 46
0.5 0 67 46
0.5 240 67 0
0.5 0 79 0
0.5 0 81 52
0.5 0 74 52
0.5 0 69 52
0.5 480 69 0
0.5 0 81 0
0.5 0 79 49
0.5 0 67 49
0.5 720 67 0
0.5 0 79 0
0.5 0 81 51
0.5 0 69 51
0.5 240 69 0
0.5 0 81 0
0.5 0 74 0
0.5 0 72 56
0.5 0 84 56
0.5 480 84 0
0.5 0 72 0
0.5 0 70 56
0.5 0 82 56
0.5 240 82 0
0.5 0 70 0
0.5 0 81 54
0.5 0 69 54
0.5 120 65 31
0.5 0 61 31
0.5 0 55 31
0.5 119 69 0
0.5 0 81 0
0.5 1 69 48
0.5 0 81 48
0.5 480 81 0
0.5 0 69 0
0.5 0 67 44
0.5 0 79 44
0.5 1440 79 0
0.5 0 55 0
0.5 0 61 0
0.5 0 65 0
0.5 0 67 0
0.5 0 55 24
0.5 0 64 24
0.5 0 69 48
0.5 0 61 24
0.5 480 69 0
0.5 0 67 42
0.5 720 67 0
0.5 0 69 42
0.5 240 69 0
0.5 0 64 0
0.5 0 72 46
0.5 0 64 24
0.5 240 72 0
0.5 0 70 37
0.5 240 61 0
0.5 0 64 0
0.5 0 55 0
0.5 240 70 0
0.5 0 78 45
0.5 0 75 45
0.5 0 87 51
0.5 0 82 45
0.5 960 82 0
0.5 0 78 0
0.5 0 75 0
0.5 0 87 0
0.5 0 71 44
0.5 0 83 50
0.5 0 78 44
0.5 0 75 44
0.5 240 75 0
0.5 0 71 0
0.5 0 83 0
0.5 0 78 0
0.5 0 78 48
0.5 0 84 54
0.5 0 75 48
0.5 0 72 48
0.5 355 72 0
0.5 0 75 0
0.5 1 84 0
0.5 0 78 0
0.5 4 77 51
0.5 0 85 51
0.5 0 82 51
0.5 0 89 58
0.5 120 89 0
0.5 0 77 0
0.5 0 85 0
0.5 0 82 0
0.5 0 78 50
0.5 0 75 50
0.5 0 87 55
0.5 0 82 50
0.5 1200 82 0
0.5 0 78 0
0.5 0 75 0
0.5 0 87 0
0.5 0 83 50
0.5 0 75 44
0.5 0 71 44
0.5 0 78 44
0.5 240 78 0
0.5 0 83 0
0.5 0 75 0
0.5 0 71 0
0.5 0 75 40
0.5 0 84 54
0.5 0 78 48
0.5 0 72 40
0.5 158 72 0
0.5 0 75 0
0.5 0 84 0
0.5 0 78 0
0.5 2 80 44
0.5 0 77 44
0.5 0 84 52
0.5 0 89 58
0.5 160 89 0
0.5 0 80 0
0.5 0 77 0
0.5 0 84 0
0.5 0 79 42
0.5 0 83 50
0.5 0 76 42
0.5 0 88 55
0.5 160 88 0
0.5 0 79 0
0.5 0 83 0
0.5 0 76 0
0.5 0 87 50
0.5 0 78 42
0.5 0 82 50
0.5 0 75 42
0.5 720 75 0
0.5 0 87 0
0.5 0 78 0
0.5 0 82 0
0.5 0 75 38
0.5 0 82 45
0.5 0 78 45
0.5 240 78 0
0.5 0 82 0
0.5 0 75 0
0.5 0 72 35
0.5 0 75 42
0.5 0 80 42
0.5 0 68 35
0.5 480 68 0
0.5 0 72 0
0.5 0 75 0
0.5 0 80 0
0.5 0 73 44
0.5 0 78 44
0.5 0 66 37
0.5 240 66 0
0.5 0 78 0
0.5 0 73 0
0.5 0 68 38
0.5 0 80 45
0.5 0 75 45
0.5 240 75 0
0.5 0 80 0
0.5 0 68 0
0.5 0 78 42
0.5 0 73 42
0.5 0 82 50
0.5 0 85 50
0.5 240 85 0
0.5 0 82 0
0.5 0 78 0
0.5 0 78 44
0.5 0 75 37
0.5 0 82 44
0.5 240 82 0
0.5 0 73 0
0.5 0 78 0
0.5 0 75 0
0.5 0 65 33
0.5 0 72 39
0.5 0 68 33
0.5 0 77 39
0.5 480 77 0
0.5 0 65 0
0.5 0 72 0
0.5 0 68 0
0.5 0 66 43
0.5 0 75 43
0.5 0 63 36
0.5 240 63 0
0.5 0 75 0
0.5 0 66 0
0.5 0 72 44
0.5 0 68 37
0.5 0 65 37
0.5 0 77 44
0.5 240 77 0
0.5 0 72 0
0.5 0 68 0
0.5 0 65 0
0.5 0 68 42
0.5 0 75 50
0.5 0 72 42
0.5 0 80 50
0.5 720 80 0
0.5 0 68 0
0.5 0 75 0
0.5 0 72 0
0.5 0 66 38
0.5 0 78 45
0.5 0 75 45
0.5 240 75 0
0.5 0 78 0
0.5 0 66 0
0.5 0 66 42
0.5 0 75 42
0.5 0 63 35
0.5 480 63 0
0.5 0 75 0
0.5 0 66 0
0.5 0 63 34
0.5 0 70 40
0.5 0 66 40
0.5 480 66 0
0.5 0 70 0
0.5 0 63 0
0.5 0 70 38
0.5 0 64 32
0.5 0 73 38
0.5 240 102 36
0.5 0 94 30
0.5 0 88 30
0.5 0 97 30
0.5 240 97 0
0.5 0 94 0
0.5 0 102 0
0.5 0 88 0
0.5 0 92 30
0.5 0 88 30
0.5 0 82 30
0.5 0 97 35
0.5 240 97 0
0.5 0 88 0
0.5 0 92 0
0.5 0 82 0
0.5 0 90 26
0.5 0 85 26
0.5 0 80 26
0.5 0 94 30
0.5 240 94 0
0.5 0 85 0
0.5 0 70 0
0.5 0 64 0
0.5 0 73 0
0.5 0 80 0
0.5 0 90 0
0.5 0 82 28
0.5 0 88 28
0.5 0 78 28
0.5 0 92 34
0.5 240 92 0
0.5 0 82 0
0.5 0 88 0
0.5 0 78 0
0.5 0 85 26
0.5 0 90 28
0.5 0 76 26
0.5 0 82 26
0.5 240 82 0
0.5 0 85 0
0.5 0 90 0
0.5 0 76 0
0.5 0 82 26
0.5 0 73 26
0.5 0 87 28
0.5 0 78 26
0.5 240 78 0
0.5 0 82 0
0.5 0 73 0
0.5 0 87 0
0.5 0 85 28
0.5 0 70 26
0.5 0 80 26
0.5 0 76 26
0.5 240 76 0
0.5 0 85 0
0.5 0 70 0
0.5 0 80 0
0.5 0 73 26
0.5 0 78 26
0.5 0 82 28
0.5 0 68 26
0.5 240 68 0
0.5 0 73 0
0.5 0 78 0
0.5 0 82 0
0.5 0 76 20
0.5 0 70 20
0.5 0 80 23
0.5 0 66 20
0.5 240 66 0
0.5 0 76 0
0.5 0 70 0
0.5 0 80 0
0.5 0 78 23
0.5 0 64 20
0.5 0 70 20
0.5 0 73 20
0.5 240 73 0
0.5 0 78 0
0.5 0 64 0
0.5 0 70 0
0.5 0 61 20
0.5 0 66 20
0.5 0 75 23
0.5 240 75 0
0.5 0 66 0
0.5 0 61 0
0.5 0 61 21
0.5 0 73 23
0.5 240 64 43
0.5 0 52 43
0.5 240 73 0
0.5 0 61 0
0.5 720 61 21
0.5 0 73 21
0.5 120 64 0
0.5 0 52 0
0.5 0 54 36
0.5 0 66 36
0.5 120 66 0
0.5 0 54 0
0.5 0 52 39
0.5 0 64 39
0.5 240 61 0
0.5 0 73 0
0.5 240 52 0
0.5 0 64 0
0.5 0 56 43
0.5 0 68 43
0.5 240 68 0
0.5 0 56 0
0.5 0 55 37
0.5 0 67 37
0.5 240 67 0
0.5 0 55 0
0.5 0 73 21
0.5 0 61 33
0.5 0 49 33
0.5 356 49 0
0.5 0 61 0
0.5 4 66 37
0.5 0 54 37
0.5 115 73 0
0.5 5 54 0
0.5 0 66 0
0.5 0 66 37
0.5 0 54 37
0.5 240 73 19
0.5 0 61 19
0.5 240 54 0
0.5 0 66 0
0.5 0 64 31
0.5 0 52 31
0.5 240 73 0
0.5 0 61 0
0.5 480 82 29
0.5 0 85 33
0.5 0 90 36
0.5 0 76 29
0.5 240 76 0
0.5 0 64 0
0.5 0 82 0
0.5 0 52 0
0.5 0 90 0
0.5 0 85 0
0.5 0 82 30
0.5 0 87 33
0.5 0 73 27
0.5 0 78 27
0.5 240 78 0
0.5 0 82 0
0.5 0 87 0
0.5 0 73 0
0.5 0 70 27
0.5 0 76 27
0.5 0 80 30
0.5 0 85 33
0.5 240 85 0
0.5 0 70 0
0.5 0 76 0
0.5 0 80 0
0.5 0 68 25
0.5 0 82 30
0.5 0 73 25
0.5 0 78 28
0.5 240 78 0
0.5 0 68 0
0.5 0 82 0
0.5 0 73 0
0.5 0 66 19
0.5 0 76 22
0.5 0 80 26
0.5 0 70 19
0.5 240 70 0
0.5 0 66 0
0.5 0 76 0
0.5 0 80 0
0.5 0 64 18
0.5 0 70 18
0.5 0 78 24
0.5 0 73 21
0.5 240 73 0
0.5 0 64 0
0.5 0 70 0
0.5 0 78 0
0.5 0 61 18
0.5 0 66 20
0.5 0 75 23
0.5 120 64 40
0.5 120 75 0
0.5 0 61 0
0.5 0 66 0
0.5 0 61 21
0.5 0 73 23
0.5 0 70 21
0.5 238 70 0
0.5 0 73 0
0.5 0 61 0
0.5 236 64 0
0.5 6 58 30
0.5 1440 58 0
0.5 0 64 32
0.5 960 64 0
0.5 0 63 33
0.5 480 63 0
0.5 0 58 21
0.5 1433 58 0
0.5 7 62 30
0.5 480 62 0
0.5 0 58 21
0.5 1437 58 0
0.5 3 61 27
0.5 480 61 0
0.5 0 58 21
0.5 1436 58 0
0.5 4 61 25
0.5 480 61 0
0.5 0 58 19
0.5 1440 58 0
0.5 0 61 21
0.5 480 61 0
0.5 0 58 16
0.5 1440 58 0
1 0 0 0
0 0 7 100
0 480 91 127
0.5 3360 39 22
0.5 0 53 30
0.5 0 46 22
0.5 1196 46 0
0.5 0 53 0
0.5 0 39 0
0.5 3 42 19
0.5 1 35 19
0.5 0 49 24
0.5 239 42 0
0.5 1 49 0
0.5 0 35 0
0.5 0 44 20
0.5 0 51 27
0.5 0 37 20
0.5 355 37 0
0.5 0 51 0
0.5 0 44 0
0.5 5 58 26
0.5 0 44 20
0.5 0 51 20
0.5 118 58 0
0.5 2 51 0
0.5 0 44 0
0.5 0 39 20
0.5 0 46 20
0.5 0 53 27
0.5 1195 53 0
0.5 0 46 0
0.5 1 39 0
0.5 4 49 24
0.5 0 35 19
0.5 0 42 19
0.5 240 42 0
0.5 0 35 0
0.5 0 49 0
0.5 0 37 20
0.5 0 44 20
0.5 0 51 27
0.5 355 51 0
0.5 1 37 0
0.5 4 44 0
0.5 0 44 20
0.5 0 51 20
0.5 0 58 26
0.5 118 58 0
0.5 2 51 0
0.5 0 44 0
0.5 0 39 20
0.5 0 46 20
0.5 0 53 27
0.5 1920 53 0
0.5 0 46 0
0.5 0 39 0
0.5 0 61 37
0.5 356 61 0
0.5 4 63 33
0.5 120 63 0
0.5 0 61 32
0.5 475 61 0
0.5 5 64 40
0.5 240 63 37
0.5 2 64 0
0.5 238 63 0
0.5 0 60 34
0.5 355 60 0
0.5 5 63 34
0.5 118 63 0
0.5 2 63 33
0.5 480 63 0
0.5 0 61 25
0.5 1440 61 0
0.5 0 46 26
0.5 0 53 33
0.5 0 39 26
0.5 1195 53 0
0.5 1 39 0
0.5 0 46 0
0.5 4 49 28
0.5 0 35 21
0.5 0 42 21
0.5 240 42 0
0.5 0 35 0
0.5 0 49 0
0.5 0 44 26
0.5 0 51 33
0.5 0 37 26
0.5 354 44 0
0.5 2 37 0
0.5 0 51 0
0.5 4 44 24
0.5 0 51 24
0.5 0 58 31
0.5 118 58 0
0.5 2 51 0
0.5 0 44 0
0.5 0 39 26
0.5 0 46 26
0.5 0 53 33
0.5 1920 53 0
0.5 0 46 0
0.5 0 39 0
0.5 0 61 33
0.5 0 64 38
0.5 355 61 0
0.5 1 64 0
0.5 4 63 31
0.5 0 66 34
0.5 120 66 0
0.5 0 63 0
0.5 0 61 30
0.5 0 64 33
0.5 474 61 0
0.5 1 64 0
0.5 5 64 37
0.5 0 68 42
0.5 240 68 0
0.5 0 64 0
0.5 0 67 38
0.5 0 63 33
0.5 240 63 0
0.5 0 67 0
0.5 0 58 32
0.5 0 61 37
0.5 356 61 0
0.5 0 58 0
0.5 4 63 33
0.5 0 66 38
0.5 116 66 0
0.5 0 63 0
0.5 4 63 31
0.5 0 66 34
0.5 480 66 0
0.5 0 63 0
0.5 0 64 25
0.5 0 61 21
0.5 1440 61 0
0.5 0 64 0
0.5 0 53 38
0.5 0 63 38
0.5 0 59 38
0.5 480 34 36
0.5 0 46 36
0.5 720 59 0
0.5 0 53 0
0.5 0 63 0
0.5 0 56 37
0.5 0 49 37
0.5 0 59 37
0.5 240 59 0
0.5 0 56 0
0.5 0 49 0
0.5 0 50 39
0.5 0 56 39
0.5 0 58 39
0.5 0 60 39
0.5 354 60 0
0.5 0 50 0
0.5 0 58 0
0.5 2 56 0
0.5 4 56 43
0.5 0 58 43
0.5 0 62 43
0.5 0 66 43
0.5 120 66 0
0.5 0 58 0
0.5 0 56 0
0.5 0 62 0
0.5 0 53 38
0.5 0 59 38
0.5 0 63 38
0.5 480 46 0
0.5 0 34 0
0.5 0 34 36
0.5 0 46 36
0.5 720 59 0
0.5 0 63 0
0.5 0 53 0
0.5 0 49 37
0.5 0 56 37
0.5 0 59 37
0.5 240 59 0
0.5 0 49 0
0.5 0 56 0
0.5 0 50 39
0.5 0 58 39
0.5 0 56 39
0.5 0 60 39
0.5 156 56 0
0.5 1 58 0
0.5 0 50 0
0.5 0 60 0
0.5 3 62 43
0.5 0 56 43
0.5 0 58 43
0.5 0 66 43
0.5 160 66 0
0.5 0 62 0
0.5 0 61 40
0.5 0 65 40
0.5 160 65 0
0.5 0 56 0
0.5 0 58 0
0.5 0 61 0
0.5 0 53 38
0.5 0 59 38
0.5 0 63 38
0.5 480 34 0
0.5 0 46 0
0.5 0 34 36
0.5 0 46 36
0.5 720 59 0
0.5 0 63 0
0.5 0 53 0
0.5 0 53 31
0.5 0 62 36
0.5 0 58 31
0.5 480 58 0
0.5 0 53 0
0.5 0 62 0
0.5 0 50 24
0.5 0 56 24
0.5 0 60 28
0.5 0 58 24
0.5 240 58 0
0.5 0 34 0
0.5 0 50 0
0.5 0 46 0
0.5 0 60 0
0.5 0 56 0
0.5 0 39 24
0.5 0 46 24
0.5 960 46 0
0.5 0 39 0
0.5 0 34 20
0.5 0 41 20
0.5 480 41 0
0.5 0 34 0
0.5 0 39 22
0.5 0 46 22
0.5 960 46 0
0.5 0 39 0
0.5 0 34 19
0.5 0 41 19
0.5 360 39 36
0.5 0 46 36
0.5 120 41 0
0.5 0 34 0
0.5 0 58 38
0.5 0 68 38
0.5 0 64 38
0.5 480 39 0
0.5 0 46 0
0.5 0 39 36
0.5 0 27 36
0.5 720 68 0
0.5 0 64 0
0.5 0 58 0
0.5 0 64 37
0.5 0 54 31
0.5 0 60 31
0.5 240 60 0
0.5 0 64 0
0.5 0 54 0
0.5 0 61 33
0.5 0 65 39
0.5 0 55 33
0.5 354 61 0
0.5 1 65 0
0.5 0 55 0
0.5 5 71 43
0.5 0 61 36
0.5 0 67 36
0.5 120 67 0
0.5 0 71 0
0.5 0 61 0
0.5 0 61 32
0.5 0 64 32
0.5 0 68 38
0.5 480 39 0
0.5 0 27 0
0.5 0 39 36
0.5 0 27 36
0.5 720 64 0
0.5 0 68 0
0.5 0 61 0
0.5 0 64 37
0.5 0 54 31
0.5 0 60 31
0.5 240 60 0
0.5 0 64 0
0.5 0 54 0
0.5 0 61 33
0.5 0 55 33
0.5 0 65 39
0.5 156 55 0
0.5 1 61 0
0.5 0 65 0
0.5 3 67 36
0.5 0 71 43
0.5 0 61 36
0.5 160 61 0
0.5 0 67 0
0.5 0 71 0
0.5 0 66 34
0.5 0 60 34
0.5 0 70 40
0.5 160 70 0
0.5 0 66 0
0.5 0 60 0
0.5 0 58 32
0.5 0 64 32
0.5 0 68 38
0.5 480 39 0
0.5 0 27 0
0.5 0 39 36
0.5 0 27 36
0.5 720 64 0
0.5 0 68 0
0.5 0 58 0
0.5 0 58 31
0.5 0 67 36
0.5 0 63 31
0.5 480 63 0
0.5 0 58 0
0.5 0 67 0
0.5 0 55 24
0.5 0 61 24
0.5 0 65 28
0.5 240 65 0
0.5 0 55 0
0.5 0 27 0
0.5 0 39 0
0.5 0 61 0
0.5 0 44 28
0.5 0 32 28
0.5 240 44 20
0.5 0 59 20
0.5 0 50 20
0.5 240 50 0
0.5 0 44 0
0.5 0 59 0
0.5 0 52 20
0.5 0 62 20
0.5 0 47 20
0.5 240 47 0
0.5 0 52 0
0.5 0 62 0
0.5 0 50 19
0.5 0 64 19
0.5 0 56 19
0.5 240 56 0
0.5 0 50 0
0.5 0 64 0
0.5 0 56 20
0.5 0 62 20
0.5 0 52 20
0.5 240 52 0
0.5 0 56 0
0.5 0 62 0
0.5 0 66 19
0.5 0 62 19
0.5 0 56 19
0.5 240 56 0
0.5 0 66 0
0.5 0 62 0
0.5 0 59 18
0.5 0 64 18
0.5 240 64 0
0.5 0 59 0
0.5 0 66 18
0.5 0 62 18
0.5 240 62 0
0.5 0 66 0
0.5 0 64 20
0.5 0 59 20
0.5 240 59 0
0.5 0 64 0
0.5 0 56 18
0.5 0 62 18
0.5 240 62 0
0.5 0 56 0
0.5 0 56 18
0.5 0 62 18
0.5 0 53 18
0.5 240 53 0
0.5 0 56 0
0.5 0 62 0
0.5 0 47 13
0.5 0 54 15
0.5 0 59 18
0.5 211 44 0
0.5 29 54 0
0.5 0 59 0
0.5 0 47 0
0.5 0 44 20
0.5 0 56 20
0.5 0 52 20
0.5 240 52 0
0.5 0 56 0
0.5 0 49 16
0.5 0 53 16
0.5 240 53 0
0.5 0 49 0
0.5 0 54 15
0.5 0 50 15
0.5 240 50 0
0.5 0 54 0
0.5 0 47 15
0.5 0 51 15
0.5 202 32 0
0.5 38 52 20
0.5 0 56 20
0.5 8 51 0
0.5 0 47 0
0.5 232 56 0
0.5 0 52 0
0.5 0 53 16
0.5 0 49 16
0.5 240 49 0
0.5 0 53 0
0.5 0 50 15
0.5 0 54 15
0.5 240 54 0
0.5 0 50 0
0.5 0 47 15
0.5 0 51 15
0.5 221 44 0
0.5 19 44 20
0.5 0 56 20
0.5 0 52 20
0.5 8 51 0
0.5 0 47 0
0.5 232 56 0
0.5 0 52 0
0.5 0 49 16
0.5 0 53 16
0.5 239 50 14
0.5 1 53 0
0.5 0 49 0
0.5 0 54 14
0.5 239 50 0
0.5 1 54 0
0.5 0 47 13
0.5 0 51 13
0.5 230 44 0
0.5 10 31 28
0.5 0 43 28
0.5 8 51 0
0.5 0 47 0
0.5 232 53 20
0.5 0 47 20
0.5 0 62 20
0.5 240 62 0
0.5 0 53 0
0.5 0 47 0
0.5 0 56 20
0.5 0 64 20
0.5 0 50 20
0.5 240 64 0
0.5 0 56 0
0.5 0 59 19
0.5 0 65 19
0.5 240 65 0
0.5 0 59 0
0.5 0 53 20
0.5 0 62 20
0.5 0 67 20
0.5 19 50 0
0.5 221 62 0
0.5 0 53 0
0.5 0 67 0
0.5 0 56 19
0.5 0 62 19
0.5 0 68 19
0.5 240 68 0
0.5 0 56 0
0.5 0 62 0
0.5 0 59 18
0.5 0 62 18
0.5 240 62 0
0.5 0 59 0
0.5 0 64 18
0.5 0 59 18
0.5 240 59 0
0.5 0 64 0
0.5 0 65 20
0.5 0 56 20
0.5 0 62 20
0.5 240 62 0
0.5 0 65 0
0.5 0 56 0
0.5 0 59 18
0.5 0 62 18
0.5 0 53 18
0.5 240 53 0
0.5 0 59 0
0.5 0 62 0
0.5 0 59 18
0.5 0 56 18
0.5 0 50 18
0.5 240 50 0
0.5 0 59 0
0.5 0 56 0
0.5 0 47 18
0.5 0 55 18
0.5 240 55 0
0.5 0 47 0
0.5 0 43 0
0.5 0 53 20
0.5 0 43 20
0.5 240 43 0
0.5 0 53 0
0.5 0 52 18
0.5 0 36 16
0.5 240 36 0
0.5 0 52 0
0.5 0 42 15
0.5 0 30 15
0.5 240 30 0
0.5 0 42 0
0.5 0 46 15
0.5 0 34 15
0.5 240 34 0
0.5 0 46 0
0.5 0 31 0
0.5 0 39 20
0.5 240 39 0
0.5 0 44 14
0.5 240 44 0
0.5 0 43 20
0.5 0 53 20
0.5 240 53 0
0.5 0 43 0
0.5 0 36 16
0.5 0 52 16
0.5 240 52 0
0.5 0 36 0
0.5 0 30 15
0.5 0 42 15
0.5 240 42 0
0.5 0 30 0
0.5 0 34 15
0.5 0 46 15
0.5 240 46 0
0.5 0 34 0
0.5 0 39 15
0.5 240 39 0
0.5 0 32 14
0.5 0 44 14
0.5 240 44 0
0.5 0 32 0
0.5 0 25 18
0.5 0 37 18
0.5 1920 37 0
0.5 0 25 0
0.5 0 25 18
0.5 0 37 18
0.5 1920 37 0
0.5 0 25 0
0.5 4080 67 30
0.5 0 61 25
0.5 0 57 25
0.5 1560 53 21
0.5 0 37 20
0.5 0 64 20
0.5 0 59 20
0.5 0 49 20
0.5 120 57 0
0.5 0 67 0
0.5 0 61 0
0.5 480 64 0
0.5 0 62 30
0.5 480 62 0
0.5 0 53 0
0.5 0 49 0
0.5 0 59 0
0.5 0 37 0
0.5 960 50 27
0.5 0 56 27
0.5 0 34 22
0.5 0 46 22
0.5 0 64 27
0.5 480 64 0
0.5 0 62 32
0.5 480 62 0
0.5 960 46 0
0.5 0 50 0
0.5 0 56 0
0.5 0 34 0
0.5 0 43 27
0.5 0 50 27
0.5 0 58 27
0.5 2280 39 25
0.5 0 46 26
0.5 120 58 0
0.5 0 43 0
0.5 0 50 0
0.5 1920 39 0
0.5 0 46 0
0.5 0 39 22
0.5 0 46 22
0.5 1920 46 0
0.5 0 39 0
0.5 0 58 27
0.5 0 36 18
0.5 0 48 18
0.5 0 51 18
0.5 0 54 18
0.5 240 63 22
0.5 0 66 38
0.5 0 70 38
0.5 960 70 0
0.5 0 66 0
0.5 0 63 0
0.5 0 63 31
0.5 0 59 31
0.5 0 66 37
0.5 240 66 0
0.5 0 59 0
0.5 0 63 0
0.5 0 66 39
0.5 0 63 33
0.5 0 60 33
0.5 354 60 0
0.5 1 63 0
0.5 0 66 0
0.5 5 65 36
0.5 0 66 36
0.5 0 73 43
0.5 120 73 0
0.5 0 66 0
0.5 0 51 0
0.5 0 54 0
0.5 0 58 0
0.5 0 65 0
0.5 0 63 32
0.5 0 66 32
0.5 0 70 38
0.5 240 36 0
0.5 0 48 0
0.5 0 36 36
0.5 0 48 36
0.5 960 66 0
0.5 0 70 0
0.5 0 63 0
0.5 0 59 31
0.5 0 66 37
0.5 0 63 31
0.5 240 63 0
0.5 0 59 0
0.5 0 66 0
0.5 0 63 28
0.5 0 66 39
0.5 0 60 28
0.5 158 60 0
0.5 0 63 0
0.5 0 66 0
0.5 2 72 43
0.5 0 65 30
0.5 0 68 30
0.5 160 68 0
0.5 0 72 0
0.5 0 65 0
0.5 0 67 28
0.5 0 64 28
0.5 0 71 40
0.5 160 71 0
0.5 0 67 0
0.5 0 64 0
0.5 0 60 35
0.5 0 63 35
0.5 0 66 42
0.5 0 70 42
0.5 240 36 0
0.5 0 48 0
0.5 0 36 36
0.5 0 48 36
0.5 480 66 0
0.5 0 60 0
0.5 0 63 0
0.5 0 70 0
0.5 0 58 32
0.5 0 63 32
0.5 0 66 38
0.5 240 66 0
0.5 0 58 0
0.5 0 63 0
0.5 0 56 28
0.5 0 60 28
0.5 0 63 34
0.5 480 63 0
0.5 0 56 0
0.5 0 60 0
0.5 0 54 31
0.5 0 58 31
0.5 0 63 37
0.5 240 63 0
0.5 0 54 0
0.5 0 58 0
0.5 0 56 32
0.5 0 60 32
0.5 0 63 38
0.5 240 63 0
0.5 0 56 0
0.5 0 60 0
0.5 0 61 35
0.5 0 66 42
0.5 0 70 42
0.5 240 70 0
0.5 0 61 0
0.5 0 66 0
0.5 0 58 31
0.5 0 63 37
0.5 0 66 37
0.5 240 66 0
0.5 0 58 0
0.5 0 63 0
0.5 0 56 28
0.5 0 53 28
0.5 0 60 33
0.5 0 58 33
0.5 480 58 0
0.5 0 53 0
0.5 0 56 0
0.5 0 60 0
0.5 0 51 30
0.5 0 54 36
0.5 0 58 36
0.5 240 58 0
0.5 0 51 0
0.5 0 54 0
0.5 0 53 31
0.5 0 56 31
0.5 0 58 37
0.5 0 60 37
0.5 240 60 0
0.5 0 56 0
0.5 0 53 0
0.5 0 58 0
0.5 0 63 42
0.5 0 60 42
0.5 0 58 35
0.5 0 56 35
0.5 240 48 0
0.5 0 36 0
0.5 0 36 36
0.5 0 48 36
0.5 480 58 0
0.5 0 63 0
0.5 0 60 0
0.5 0 56 0
0.5 0 63 38
0.5 0 54 32
0.5 240 54 0
0.5 0 63 0
0.5 0 51 28
0.5 0 54 34
0.5 480 54 0
0.5 0 51 0
0.5 0 46 27
0.5 0 51 27
0.5 0 54 32
0.5 480 54 0
0.5 0 46 0
0.5 0 36 0
0.5 0 48 0
0.5 0 51 0
0.5 0 22 25
0.5 0 34 25
0.5 240 52 15
0.5 0 46 15
0.5 0 61 18
0.5 240 61 0
0.5 0 52 0
0.5 0 46 0
0.5 0 63 18
0.5 0 49 14
0.5 0 54 14
0.5 240 54 0
0.5 0 63 0
0.5 0 64 19
0.5 240 64 0
0.5 0 22 0
0.5 0 34 0
0.5 0 66 16
0.5 0 52 14
0.5 19 49 0
0.5 221 52 0
0.5 0 66 0
0.5 0 61 14
0.5 0 68 18
0.5 0 52 14
0.5 240 52 0
0.5 0 68 0
0.5 0 61 0
0.5 0 61 18
0.5 0 56 18
0.5 240 56 0
0.5 0 61 0
0.5 0 61 18
0.5 0 68 18
0.5 0 58 18
0.5 238 68 0
0.5 2 58 0
0.5 0 61 0
0.5 0 61 14
0.5 0 66 16
0.5 238 66 0
0.5 2 64 16
0.5 7 61 0
0.5 231 64 0
0.5 2 64 18
0.5 0 56 18
0.5 240 56 0
0.5 0 64 0
0.5 0 58 18
0.5 0 52 18
0.5 240 52 0
0.5 0 58 0
0.5 0 22 25
0.5 0 34 25
0.5 960 34 0
0.5 0 34 30
0.5 0 46 30
0.5 1920 46 0
0.5 960 34 0
0.5 0 22 0
0.5 0 22 30
0.5 0 34 30
0.5 240 54 18
0.5 0 46 14
0.5 0 40 14
0.5 239 49 18
0.5 1 46 0
0.5 0 54 0
0.5 0 58 18
0.5 239 49 0
0.5 1 58 0
0.5 0 64 18
0.5 0 49 18
0.5 19 40 0
0.5 221 64 0
0.5 0 49 0
0.5 0 61 16
0.5 0 54 14
0.5 240 54 0
0.5 0 61 0
0.5 0 64 16
0.5 238 64 0
0.5 2 61 18
0.5 0 56 18
0.5 238 61 0
0.5 2 56 0
0.5 0 58 18
0.5 0 52 18
0.5 240 52 0
0.5 0 58 0
0.5 0 49 21
0.5 0 54 21
0.5 0 58 21
0.5 720 34 0
0.5 0 22 0
0.5 0 22 18
0.5 0 34 18
0.5 240 54 0
0.5 0 58 0
0.5 0 49 0
0.5 1920 46 18
0.5 0 51 18
0.5 0 56 18
0.5 0 58 18
0.5 720 22 0
0.5 0 34 0
0.5 0 22 18
0.5 0 34 18
0.5 1200 56 0
0.5 0 46 0
0.5 0 51 0
0.5 0 58 0
0.5 0 44 18
0.5 0 48 18
0.5 0 54 18
0.5 720 34 0
0.5 0 22 0
0.5 0 22 18
0.5 0 34 18
0.5 1200 48 0
0.5 0 54 0
0.5 0 44 0
0.5 0 39 20
0.5 0 46 20
0.5 0 53 26
0.5 720 22 0
0.5 0 34 0
0.5 0 22 19
0.5 480 46 0
0.5 0 53 0
0.5 0 39 0
0.5 0 42 18
0.5 0 49 22
0.5 0 35 18
0.5 240 35 0
0.5 0 49 0
0.5 0 42 0
0.5 0 44 20
0.5 0 37 20
0.5 0 51 26
0.5 356 51 0
0.5 0 37 0
0.5 0 44 0
0.5 4 58 22
0.5 0 44 18
0.5 0 47 18
0.5 0 51 18
0.5 120 51 0
0.5 0 44 0
0.5 0 47 0
0.5 0 58 0
0.5 0 46 20
0.5 0 53 26
0.5 0 39 20
0.5 720 22 0
0.5 0 22 18
0.5 480 46 0
0.5 0 39 0
0.5 0 53 0
0.5 0 49 19
0.5 0 42 15
0.5 0 35 15
0.5 240 35 0
0.5 0 42 0
0.5 0 49 0
0.5 0 37 18
0.5 0 51 22
0.5 0 44 18
0.5 357 44 0
0.5 0 51 0
0.5 0 37 0
0.5 3 44 15
0.5 0 47 15
0.5 0 58 19
0.5 0 51 15
0.5 120 51 0
0.5 0 47 0
0.5 0 58 0
0.5 0 44 0
0.5 0 39 18
0.5 0 46 18
0.5 0 53 22
0.5 720 22 0
0.5 0 22 18
0.5 1200 22 0
0.5 0 53 0
0.5 0 46 0
0.5 0 39 0
0 0 7 100
0 480 91 127
0 240 64 127
0.5 0 58 31
0.5 0 70 31
0.5 240 70 0
0.5 0 70 21
0.5 360 70 0
0.5 0 58 0
0.5 120 58 31
0.5 0 70 31
0.5 240 70 0
0.5 0 70 21
0.5 360 70 0
0.5 0 58 0
0.5 120 70 34
0.5 480 70 0
0.5 0 58 31
0.5 0 70 31
0.5 240 70 0
0.5 0 70 20
0.5 360 70 0
0.5 0 58 0
0.5 120 58 32
0.5 0 70 32
0.5 240 70 0
0.5 0 70 21
0.5 360 70 0
0 49 64 0
0.5 71 70 34
0.5 480 70 0
0 0 64 127
0.5 0 58 31
0.5 0 70 31
0.5 240 70 0
0.5 0 70 24
0.5 240 58 0
0 0 64 0
0.5 120 70 0
0.5 0 58 0
0.5 120 58 33
0.5 0 70 33
0 90 64 127
0.5 150 70 0
0.5 0 58 0
0.5 0 70 24
0 173 64 0
0.5 187 70 0
0.5 120 70 36
0.5 480 70 0
0 0 64 127
0.5 0 58 32
0.5 0 70 32
0.5 240 70 0
0.5 0 70 21
0 240 64 0
0.5 120 70 0
0.5 0 58 0
0.5 120 58 34
0.5 0 70 34
0 90 64 127
0.5 150 70 0
0.5 0 58 0
0.5 0 70 21
0 155 64 0
0.5 205 70 0
0.5 120 70 37
0.5 480 70 0
0 0 64 127
0.5 0 58 31
0.5 0 70 31
0.5 240 70 0
0.5 0 70 19
0.5 360 70 0
0.5 0 58 0
0.5 120 58 36
0.5 0 70 36
0.5 240 70 0
0.5 0 70 20
0 160 64 0
0.5 200 70 0
0.5 0 58 0
0.5 120 58 30
0.5 0 70 36
0.5 480 70 0
0.5 0 58 0
0 0 64 127
0.5 0 58 30
0.5 0 70 36
0.5 240 70 0
0.5 0 70 25
0 127 64 0
0.5 233 70 0
0.5 0 58 0
0.5 120 58 31
0.5 0 70 37
0 106 64 127
0.5 134 70 0
0.5 0 70 28
0 155 64 0
0.5 205 70 0
0.5 0 58 0
0.5 120 58 26
0.5 0 70 31
0.5 480 70 0
0.5 0 58 0
0 0 64 127
0.5 0 58 26
0.5 0 70 31
0.5 240 70 0
0.5 0 70 21
0.5 360 70 0
0.5 0 58 0
0.5 120 58 37
0.5 0 70 37
0.5 240 70 0
0 0 64 0
0.5 0 70 21
0.5 360 70 0
0.5 120 70 37
0.5 480 70 0
0 0 64 127
0.5 0 58 34
0.5 0 70 34
0.5 240 70 0
0.5 0 70 21
0 169 64 0
0.5 71 58 0
0.5 120 70 0
0.5 0 58 0
0.5 120 58 32
0.5 0 70 38
0 71 64 127
0.5 169 70 0
0.5 0 58 0
0.5 0 70 21
0 180 64 0
0.5 180 70 0
0.5 120 70 40
0.5 480 70 0
0 0 64 127
0.5 0 58 30
0.5 0 70 36
0.5 240 70 0
0.5 0 58 0
0.5 0 58 16
0.5 0 70 19
0.5 360 70 0
0.5 0 58 0
0.5 120 58 32
0.5 0 70 38
0.5 240 70 0
0.5 0 58 0
0.5 0 58 16
0.5 0 70 20
0 169 64 0
0.5 191 70 0
0.5 0 58 0
0.5 120 58 32
0.5 0 70 38
0.5 480 70 0
0.5 0 58 0
0 0 64 127
0.5 0 58 40
0.5 0 70 45
0.5 240 70 0
0.5 0 70 37
0.5 360 70 0
0.5 0 58 0
0 120 64 0
0.5 0 58 32
0.5 0 70 38
0.5 240 70 0
0.5 0 70 28
0.5 360 70 0
0.5 0 58 0
0.5 120 58 25
0.5 0 70 30
0.5 480 70 0
0.5 0 58 0
0 0 64 127
0.5 0 58 26
0.5 0 70 31
0.5 240 70 0
0.5 0 70 21
0.5 360 70 0
0.5 0 58 0
0.5 120 58 32
0.5 0 70 32
0.5 240 70 0
0.5 0 70 21
0 155 64 0
0.5 205 70 0
0.5 0 58 0
0.5 120 58 45
0.5 0 70 45
0.5 480 70 0
0.5 0 58 0
0.5 0 58 44
0 0 64 127
0.5 0 70 44
0.5 240 70 0
0.5 0 70 32
0 174 64 0
0.5 186 70 0
0.5 0 58 0
0.5 120 70 45
0 54 64 127
0.5 186 70 0
0.5 0 70 38
0 246 64 0
0.5 114 70 0
0.5 120 58 45
0.5 0 70 49
0.5 480 70 0
0.5 0 58 0
0.5 0 58 32
0 0 64 127
0.5 0 70 38
0.5 240 70 0
0.5 0 70 21
0 192 64 0
0.5 168 70 0
0.5 0 58 0
0.5 120 70 54
0 31 64 127
0.5 209 70 0
0.5 0 70 44
0 250 64 0
0.5 110 70 0
0.5 120 58 44
0.5 0 70 44
0.5 480 70 0
0.5 0 58 0
0 0 64 127
0.5 0 58 32
0.5 0 70 38
0.5 240 70 0
0.5 0 70 31
0.5 360 70 0
0.5 0 58 0
0.5 120 70 38
0.5 240 70 0
0.5 0 70 33
0 240 64 0
0 56 64 127
0.5 64 70 0
0.5 120 58 26
0.5 0 70 32
0.5 240 70 0
0.5 0 70 21
0.5 600 70 0
0.5 0 58 0
0.5 120 58 26
0.5 0 70 32
0 127 64 0
0 113 64 127
0.5 240 70 0
0.5 0 58 0
0.5 0 58 26
0.5 0 70 32
0.5 240 70 0
0.5 0 70 21
0.5 600 70 0
0.5 0 58 0
0.5 120 58 22
0.5 0 70 27
0 141 64 0
0.5 339 70 0
0.5 0 58 0
0.5 0 58 42
0.5 0 70 46
0.5 480 70 0
0.5 0 58 0
0.5 0 58 32
0 0 64 127
0.5 0 70 38
0.5 240 70 0
0.5 0 70 28
0 137 64 0
0.5 223 70 0
0.5 0 58 0
0.5 120 58 42
0.5 0 70 44
0 91 64 127
0.5 149 70 0
0.5 0 70 39
0 246 64 0
0.5 114 70 0
0.5 0 58 0
0.5 120 58 43
0.5 0 70 46
0.5 480 70 0
0.5 0 58 0
0.5 0 58 42
0 0 64 127
0.5 0 70 42
0.5 240 70 0
0.5 0 70 31
0 137 64 0
0.5 223 70 0
0.5 0 58 0
0.5 120 58 56
0.5 0 70 61
0 51 64 127
0.5 189 70 0
0.5 0 70 58
0 250 64 0
0.5 110 70 0
0.5 0 58 0
0.5 120 58 45
0.5 0 70 45
0.5 480 70 0
0.5 0 58 0
0 0 64 127
0.5 0 58 44
0.5 0 70 44
0.5 240 70 0
0.5 0 70 33
0.5 360 70 0
0.5 0 58 0
0.5 120 70 38
0.5 240 70 0
0.5 0 70 33
0 180 64 0
0.5 60 70 0
0 0 64 127
0.5 120 70 34
0.5 0 58 34
0.5 480 58 0
0.5 0 70 0
0.5 0 70 31
0.5 240 70 0
0.5 0 70 21
0 129 64 0
0 69 64 127
0.5 402 70 0
0.5 0 70 32
0.5 240 70 0
0.5 0 70 21
0 240 64 0
0 35 64 127
0.5 85 70 0
0.5 120 70 33
0.5 480 70 0
0.5 0 58 27
0.5 0 70 33
0.5 240 70 0
0.5 0 70 27
0 18 64 0
0 49 64 127
0.5 293 70 0
0.5 0 58 0
0.5 120 70 33
0.5 240 70 0
0.5 0 70 21
0 246 64 0
0 72 64 127
0.5 42 70 0
0.5 120 70 37
0.5 480 70 0
0.5 0 70 33
0.5 240 70 0
0.5 0 70 21
0 7 64 0
0 64 64 127
0.5 289 70 0
0.5 120 70 32
0.5 240 70 0
0.5 0 70 18
0 120 64 0
0.5 120 70 0
0 0 64 127
0.5 120 58 36
0.5 0 70 36
0.5 480 70 0
0.5 0 58 0
0.5 0 70 37
0.5 240 70 0
0.5 0 70 32
0 130 64 0
0 82 64 127
0.5 388 70 0
0.5 0 70 32
0.5 240 70 0
0.5 0 70 21
0 240 64 0
0 74 64 127
0.5 46 70 0
0.5 120 70 32
0.5 480 70 0
0.5 0 70 33
0.5 240 70 0
0.5 0 70 21
0 29 64 0
0 62 64 127
0.5 269 70 0
0.5 120 70 32
0.5 240 70 0
0.5 0 70 21
0 240 64 0
0 46 64 127
0.5 74 70 0
0.5 120 70 32
0.5 480 70 0
0.5 0 70 31
0.5 240 70 0
0.5 0 70 21
0 291 64 0
0 58 64 127
0.5 11 70 0
0.5 120 70 34
0.5 240 70 0
0.5 0 70 31
0 240 64 0
0.5 240 70 0
0.5 0 58 28
0.5 0 70 34
0 240 64 127
0.5 240 70 0
0.5 0 58 0
0.5 0 58 26
0.5 0 70 26
0.5 240 70 0
0.5 0 70 21
0.5 360 70 0
0.5 0 58 0
0.5 120 58 30
0.5 0 70 30
0.5 240 70 0
0.5 0 70 21
0 113 64 0
0.5 247 70 0
0.5 0 58 0
0.5 120 58 33
0.5 0 70 33
0 240 64 127
0.5 240 70 0
0.5 0 58 0
0.5 0 58 28
0.5 0 70 28
0.5 240 70 0
0.5 0 70 21
0.5 360 70 0
0.5 0 58 0
0.5 120 58 32
0.5 0 70 32
0.5 240 70 0
0.5 0 70 21
0 131 64 0
0 109 64 127
0.5 120 70 0
0.5 0 58 0
0.5 120 58 21
0.5 0 70 26
0.5 480 70 0
0.5 0 58 0
0.5 0 58 20
0.5 0 70 20
0.5 240 70 0
0.5 0 70 16
0.5 360 70 0
0.5 0 58 0
0.5 120 58 21
0.5 0 70 26
0.5 240 70 0
0.5 0 70 12
0.5 360 70 0
0.5 0 58 0
0.5 120 58 21
0.5 0 70 26
0.5 240 70 0
0.5 0 70 15
0.5 360 70 0
0.5 0 58 0
0 120 64 0
0.5 0 58 25
0.5 0 70 25
0 80 64 127
0.5 160 70 0
0.5 0 70 16
0.5 360 70 0
0.5 0 58 0
0.5 120 58 21
0.5 0 70 21
0.5 240 70 0
0.5 0 70 16
0 309 64 0
0.5 51 70 0
0.5 0 58 0
0.5 120 58 27
0.5 0 70 27
0 69 64 127
0.5 171 70 0
0.5 0 70 16
0.5 360 70 0
0.5 0 58 0
0.5 120 58 24
0.5 0 70 28
0.5 480 70 0
0.5 0 58 0
0.5 0 58 24
0.5 0 70 28
0.5 240 70 0
0 0 64 0
0.5 0 70 16
0 56 64 127
0.5 184 70 0
0.5 0 58 0
0.5 0 58 20
0.5 0 70 25
0.5 480 70 0
0.5 0 58 0
0.5 0 58 24
0.5 0 70 28
0.5 240 70 0
0.5 0 70 16
0.5 360 70 0
0.5 0 58 0
0.5 120 58 31
0.5 0 70 31
0.5 240 70 0
0.5 0 70 19
0 49 64 0
0 191 64 127
0.5 120 70 0
0.5 0 58 0
0.5 120 58 30
0.5 0 70 33
0.5 480 70 0
0.5 0 58 0
0.5 0 58 30
0.5 0 70 30
0.5 240 70 0
0 0 64 0
0.5 0 70 21
0 240 64 127
0.5 120 70 0
0.5 0 58 0
0.5 120 58 36
0.5 0 70 36
0.5 240 70 0
0.5 0 58 0
0.5 0 58 21
0.5 0 70 21
0 243 64 0
0 54 64 127
0.5 63 70 0
0.5 0 58 0
0.5 120 58 36
0.5 0 70 36
0.5 480 70 0
0.5 0 58 0
0.5 0 58 33
0.5 0 70 33
0.5 240 70 0
0.5 0 70 22
0.5 360 70 0
0.5 0 58 0
0.5 120 58 45
0.5 0 70 45
0.5 240 70 0
0.5 0 70 37
0.5 480 70 0
0.5 0 58 0
0.5 0 58 34
0.5 0 70 34
0 240 64 0
0 64 64 127
0.5 176 70 0
0.5 0 58 0
0.5 0 58 30
0.5 0 70 32
0.5 480 70 0
0.5 0 58 0
0.5 0 58 26
0.5 0 70 26
0.5 240 70 0
0.5 0 70 22
0.5 360 70 0
0.5 0 58 0
0.5 120 58 27
0.5 0 70 27
0.5 240 70 0
0.5 0 70 22
0 169 64 0
0.5 191 70 0
0.5 0 58 0
0.5 120 58 29
0.5 0 70 31
0.5 480 70 0
0.5 0 58 0
0.5 0 58 26
0.5 0 70 26
0.5 240 70 0
0.5 0 70 22
0.5 360 70 0
0.5 0 58 0
0.5 120 58 26
0.5 0 70 26
0.5 238 70 0
0.5 2 58 0
0.5 0 58 25
0.5 480 58 0
0 0 64 127
0.5 0 58 32
0.5 0 70 38
0.5 240 70 0
0.5 0 70 37
0.5 360 70 0
0.5 0 58 0
0.5 120 58 32
0.5 0 70 38
0.5 240 70 0
0.5 0 70 26
0.5 360 70 0
0.5 0 58 0
0.5 120 58 34
0.5 0 70 34
0.5 240 70 0
0.5 0 70 28
0 9 64 0
0.5 351 70 0
0.5 0 58 0
0.5 120 58 32
0.5 0 70 38
0.5 240 70 0
0.5 0 70 28
0 0 64 127
0.5 360 70 0
0.5 0 58 0
0.5 120 58 31
0.5 0 70 31
0.5 240 70 0
0.5 0 70 24
0.5 240 58 39
0.5 120 70 0
0.5 0 58 0
0 128 64 0
0 77 64 127
0.5 155 58 0
0.5 0 58 44
0.5 0 70 44
0.5 240 70 0
0.5 0 70 38
0.5 360 70 0
0.5 0 58 0
0.5 120 70 42
0 5 64 0
0 80 64 127
0.5 155 70 0
0.5 0 70 33
0.5 360 70 0
0.5 120 70 46
0.5 240 70 0
0 0 64 0
0.5 0 70 42
0 71 64 127
0.5 289 70 0
0.5 120 70 45
0.5 240 70 0
0.5 0 70 39
0.5 360 70 0
0.5 120 70 43
0.5 240 70 0
0 0 64 0
0.5 0 70 37
0 56 64 127
0.5 304 70 0
0.5 120 58 33
0.5 0 70 33
0.5 480 58 0
0.5 0 58 38
0 8 64 0
0 56 64 127
0.5 176 58 0
0.5 0 58 24
0.5 240 70 0
0.5 120 58 0
0.5 120 58 31
0 141 64 0
0 99 64 127
0.5 720 58 32
0.5 240 58 0
0.5 0 58 0
0.5 0 58 21
0 10 64 0
0 116 64 127
0.5 354 70 32
0.5 120 58 0
0.5 119 70 0
0.5 1 70 21
0.5 240 70 0
0 7 64 0
0 71 64 127
0.5 162 58 33
0.5 0 70 33
0.5 240 70 0
0.5 0 70 21
0.5 480 70 0
0.5 0 58 0
0.5 0 58 32
0.5 0 70 32
0 7 64 0
0.5 473 70 0
0.5 0 58 0
0.5 0 58 38
0.5 0 70 38
0 21 64 127
0.5 219 70 0
0.5 0 70 30
0 263 64 0
0.5 97 70 0
0.5 0 58 0
0.5 120 58 37
0.5 0 70 37
0.5 480 70 0
0.5 0 58 0
0.5 0 58 37
0.5 0 70 37
0.5 240 70 0
0.5 0 70 21
0.5 360 70 0
0.5 0 58 0
0.5 120 58 37
0.5 0 70 37
0 6 64 127
0.5 234 70 0
0.5 0 70 21
0 120 64 0
0.5 240 70 0
0.5 0 58 0
0.5 120 58 30
0.5 0 70 30
0.5 480 70 0
0.5 0 58 0
0.5 0 58 30
0.5 0 70 30
0.5 240 70 0
0.5 0 70 21
0.5 360 70 0
0.5 0 58 0
0.5 120 58 31
0 56 64 127
0.5 184 58 0
0.5 0 58 21
0 247 64 0
0 64 64 127
0.5 49 58 0
0.5 120 58 31
0.5 0 70 31
0.5 240 70 0
0.5 0 70 21
0.5 480 70 0
0.5 0 58 0
0.5 240 70 30
0 21 64 0
0 57 64 127
0.5 402 70 0
0.5 0 70 36
0.5 240 70 0
0.5 0 70 21
0.5 360 70 0
0.5 120 70 34
0.5 240 70 0
0.5 0 70 21
0.5 360 70 0
0 85 64 0
0.5 35 70 32
0 49 64 127
0.5 191 70 0
0.5 0 70 21
0.5 360 70 0
0.5 120 70 34
0.5 240 70 0
0.5 0 70 21
0.5 360 70 0
0.5 120 70 32
0.5 240 70 0
0.5 0 70 20
0.5 360 70 0
0.5 120 70 32
0 28 64 0
0 28 64 127
0.5 184 70 0
0.5 0 70 20
0.5 360 70 0
0.5 120 70 32
0.5 480 70 0
0.5 0 70 32
0.5 240 70 0
0.5 0 70 20
0.5 360 70 0
0.5 120 70 31
0 6 64 0
0 29 64 127
0.5 205 70 0
0.5 0 70 20
0.5 360 70 0
0.5 120 70 30
0.5 480 70 0
0.5 0 70 30
0.5 240 70 0
0.5 0 70 19
0.5 360 70 0
0.5 120 70 33
0 7 64 0
0 49 64 127
0.5 184 70 0
0.5 0 70 21
0.5 360 70 0
0.5 120 70 30
0.5 480 70 0
0.5 0 70 30
0.5 240 70 0
0.5 0 70 19
0.5 360 70 0
0.5 120 70 32
0 10 64 0
0 39 64 127
0.5 191 70 0
0.5 0 70 21
0.5 360 70 0
0.5 120 70 28
0.5 480 70 0
0.5 0 70 28
0.5 240 70 0
0.5 0 70 18
0.5 360 70 0
0.5 120 58 16
0.5 0 70 25
0.5 240 70 0
0.5 0 70 16
0.5 360 70 0
0.5 0 58 0
0.5 120 70 25
0.5 480 70 0
0.5 0 58 15
0.5 0 70 22
0.5 240 70 0
0.5 0 70 13
0.5 360 70 0
0.5 0 58 0
0.5 120 58 14
0.5 0 70 20
0.5 240 70 0
0.5 0 70 13
0.5 480 70 0
0.5 0 58 0
0 169 64 0
1 0 0 0
