0 0 91 127
0.5 2640 62 43
0.5 240 62 0
0.5 0 65 37
0.5 0 60 50
0.5 480 60 0
0.5 0 62 44
0.5 180 62 0
0.5 0 60 43
0.5 30 60 0
0.5 0 62 43
0.5 30 62 0
0.5 0 63 50
0.5 360 63 0
0.5 0 62 37
0.5 120 62 0
0.5 0 60 42
0.5 240 60 0
0.5 0 58 45
0.5 720 58 0
0.5 0 53 33
0.5 480 53 0
0.5 0 62 43
0.5 240 62 0
0.5 0 65 0
0.5 0 65 37
0.5 0 60 50
0.5 360 60 0
0.5 0 62 37
0.5 120 62 0
0.5 0 60 44
0.5 210 60 0
0.5 0 62 43
0.5 30 62 0
0.5 0 63 50
0.5 360 63 0
0.5 0 62 37
0.5 120 62 0
0.5 0 60 42
0.5 240 60 0
0.5 0 58 45
0.5 1440 65 0
0.5 0 70 40
0.5 1200 70 0
0.5 0 58 30
0.5 240 58 0
0.5 0 70 41
0.5 720 58 0
0.5 480 58 34
0.5 240 58 0
0.5 0 70 0
0.5 0 63 43
0.5 360 63 0
0.5 0 63 32
0.5 120 63 0
0.5 0 63 38
0.5 180 63 30
0.5 30 63 0
0.5 0 65 28
0.5 30 65 0
0.5 0 63 0
0.5 0 67 39
0.5 360 67 0
0.5 0 65 30
0.5 120 65 0
0.5 0 63 33
0.5 240 63 0
0.5 0 62 33
0.5 1200 62 0
0.5 2400 55 54
0.5 0 53 54
0.5 0 62 54
0.5 0 59 54
0.5 720 59 0
0.5 0 55 0
0.5 0 53 0
0.5 0 62 0
0.5 0 51 59
0.5 0 55 59
0.5 0 60 59
0.5 480 60 0
0.5 0 55 0
0.5 0 51 0
0.5 240 53 55
0.5 0 59 55
0.5 480 59 0
0.5 0 53 0
0.5 192 55 53
0.5 48 55 0
0.5 0 51 63
0.5 0 60 63
0.5 480 51 0
0.5 48 60 0
0.5 0 62 59
0.5 48 62 0
0.5 0 63 61
0.5 48 63 0
0.5 0 65 63
0.5 48 65 0
0.5 0 67 64
0.5 48 67 0
0.5 0 62 66
0.5 0 68 66
0.5 480 62 0
0.5 48 68 0
0.5 0 67 59
0.5 48 67 0
0.5 0 65 60
0.5 48 65 0
0.5 0 63 61
0.5 48 63 0
0.5 0 62 67
0.5 48 62 0
0.5 0 58 59
0.5 0 67 59
0.5 480 67 0
0.5 0 58 0
0.5 240 60 55
0.5 0 62 55
0.5 0 66 55
0.5 480 66 0
0.5 0 62 0
0.5 0 60 0
0.5 192 62 53
0.5 48 62 0
0.5 0 58 63
0.5 0 67 63
0.5 480 58 0
0.5 48 67 0
0.5 0 69 59
0.5 48 69 0
0.5 0 70 61
0.5 48 70 0
0.5 0 72 63
0.5 48 72 0
0.5 0 74 64
0.5 48 74 0
0.5 0 70 66
0.5 0 75 66
0.5 480 70 0
0.5 48 75 0
0.5 0 74 58
0.5 48 74 0
0.5 0 75 60
0.5 48 75 0
0.5 0 77 62
0.5 48 77 0
0.5 0 78 64
0.5 48 78 0
0.5 0 69 56
0.5 0 78 66
0.5 480 69 0
0.5 48 78 0
0.5 0 69 59
0.5 48 69 0
0.5 0 70 60
0.5 48 70 0
0.5 0 72 61
0.5 48 72 0
0.5 0 74 63
0.5 48 74 0
0.5 0 72 66
0.5 0 75 66
0.5 480 75 0
0.5 0 72 0
0.5 0 70 45
0.5 0 74 54
0.5 60 74 0
0.5 0 75 50
0.5 60 75 0
0.5 0 77 48
0.5 60 77 0
0.5 0 78 46
0.5 60 78 0
0.5 0 70 0
0.5 0 70 45
0.5 0 78 45
0.5 480 78 0
0.5 0 75 38
0.5 240 75 0
0.5 0 70 0
0.5 0 70 41
0.5 480 66 31
0.5 240 66 0
0.5 0 70 0
0.5 0 56 35
0.5 0 64 35
0.5 480 56 0
0.5 48 64 0
0.5 0 55 35
0.5 48 55 0
0.5 0 56 37
0.5 48 56 0
0.5 0 58 39
0.5 48 58 0
0.5 0 59 41
0.5 48 59 0
0.5 0 58 35
0.5 0 64 35
0.5 480 58 0
0.5 48 64 0
0.5 0 63 35
0.5 48 63 0
0.5 0 64 37
0.5 48 64 0
0.5 0 66 39
0.5 48 66 0
0.5 0 68 41
0.5 48 68 0
0.5 0 70 45
0.5 0 66 45
0.5 480 66 0
0.5 0 63 31
0.5 240 63 0
0.5 0 58 34
0.5 480 58 0
0.5 0 54 26
0.5 240 54 0
0.5 0 70 0
0.5 0 56 35
0.5 0 63 35
0.5 480 56 0
0.5 48 63 0
0.5 0 55 35
0.5 48 55 0
0.5 0 56 37
0.5 48 56 0
0.5 0 58 39
0.5 48 58 0
0.5 0 59 41
0.5 48 59 0
0.5 0 58 26
0.5 0 62 41
0.5 480 58 0
0.5 48 62 0
0.5 0 61 35
0.5 48 61 0
0.5 0 62 37
0.5 48 62 0
0.5 0 63 39
0.5 48 63 0
0.5 0 65 41
0.5 48 65 0
0.5 0 66 45
0.5 0 63 45
0.5 1200 63 0
0.5 0 58 26
0.5 240 58 0
0.5 0 66 0
0.5 0 57 26
0.5 0 63 26
0.5 0 65 33
0.5 1440 53 26
0.5 0 58 26
0.5 0 65 33
0.5 1440 65 0
0.5 0 63 0
0.5 0 65 0
0.5 0 57 0
0.5 0 58 0
0.5 0 53 0
0.5 0 57 26
0.5 0 63 26
0.5 0 65 33
0.5 1440 65 0
0.5 0 63 0
0.5 0 57 0
0.5 0 58 26
0.5 0 53 26
0.5 0 65 33
0.5 1440 65 0
0.5 0 53 0
0.5 0 70 40
0.5 1200 70 0
0.5 0 58 30
0.5 240 58 0
0.5 0 70 48
0.5 360 70 0
0.5 0 70 50
0.5 120 70 0
0.5 0 70 56
0.5 180 70 52
0.5 30 70 0
0.5 0 72 54
0.5 30 72 0
0.5 0 70 0
0.5 0 58 0
0.5 0 62 49
0.5 0 74 56
0.5 360 74 0
0.5 0 62 0
0.5 0 60 37
0.5 0 72 44
0.5 120 72 0
0.5 0 60 0
0.5 0 58 33
0.5 0 70 39
0.5 240 70 0
0.5 0 58 0
0.5 0 70 40
0.5 1200 70 0
0.5 0 58 30
0.5 240 70 49
0.5 360 70 0
0.5 0 70 50
0.5 120 70 0
0.5 0 70 56
0.5 180 70 52
0.5 30 70 0
0.5 0 72 54
0.5 30 72 0
0.5 0 70 0
0.5 0 58 0
0.5 0 62 48
0.5 0 74 56
0.5 360 74 0
0.5 0 62 0
0.5 0 60 43
0.5 0 72 51
0.5 120 72 0
0.5 0 60 0
0.5 0 58 42
0.5 0 70 50
0.5 240 70 0
0.5 0 58 0
0.5 0 75 65
0.5 0 63 55
0.5 360 63 0
0.5 0 75 0
0.5 0 77 48
0.5 0 65 40
0.5 120 65 0
0.5 0 77 0
0.5 0 75 58
0.5 0 63 49
0.5 150 63 0
0.5 0 75 0
0.5 0 65 48
0.5 0 77 57
0.5 30 77 0
0.5 0 65 0
0.5 0 75 61
0.5 0 63 51
0.5 30 63 0
0.5 0 77 64
0.5 0 65 54
0.5 30 65 0
0.5 0 77 0
0.5 0 75 0
0.5 0 79 68
0.5 0 67 57
0.5 360 67 0
0.5 0 79 0
0.5 0 77 56
0.5 0 65 47
0.5 120 65 0
0.5 0 77 0
0.5 0 75 65
0.5 0 63 55
0.5 240 63 0
0.5 0 75 0
0.5 0 60 59
0.5 0 62 59
0.5 0 74 70
0.5 720 74 0
0.5 0 62 0
0.5 0 60 0
0.5 0 65 35
0.5 0 74 45
0.5 0 67 50
0.5 480 67 0
0.5 0 67 42
0.5 240 67 0
0.5 0 74 0
0.5 0 65 0
0.5 0 63 41
0.5 0 72 43
0.5 0 68 53
0.5 360 68 0
0.5 0 68 39
0.5 120 68 0
0.5 0 68 47
0.5 180 68 37
0.5 30 68 0
0.5 0 70 35
0.5 30 70 0
0.5 0 68 0
0.5 0 72 0
0.5 0 72 48
0.5 360 72 0
0.5 0 70 35
0.5 120 70 0
0.5 0 68 37
0.5 240 68 0
0.5 0 63 0
0.5 0 67 37
0.5 0 65 37
0.5 720 65 0
0.5 0 67 0
0.5 0 58 37
0.5 0 67 37
0.5 480 62 41
0.5 240 62 0
0.5 0 67 0
0.5 0 58 0
0.5 0 65 37
0.5 0 60 50
0.5 480 60 0
0.5 0 62 44
0.5 180 62 0
0.5 0 60 43
0.5 30 60 0
0.5 0 62 43
0.5 30 62 0
0.5 0 65 0
0.5 0 63 50
0.5 360 63 0
0.5 0 62 37
0.5 120 62 0
0.5 0 65 44
0.5 0 60 42
0.5 240 60 0
0.5 0 58 45
0.5 720 58 0
0.5 0 53 33
0.5 480 53 0
0.5 0 62 43
0.5 240 62 0
0.5 0 65 0
0.5 0 65 37
0.5 0 60 50
0.5 360 60 0
0.5 0 62 35
0.5 120 62 0
0.5 0 60 44
0.5 180 60 0
0.5 30 62 43
0.5 30 62 0
0.5 0 63 50
0.5 360 63 0
0.5 0 62 37
0.5 120 62 0
0.5 0 65 0
0.5 0 65 44
0.5 0 60 42
0.5 600 60 0
0.5 0 58 37
0.5 120 58 0
0.5 0 65 0
0.5 0 65 42
0.5 0 62 37
0.5 240 62 0
0.5 0 65 0
0.5 0 65 50
0.5 360 65 0
0.5 0 60 31
0.5 0 67 49
0.5 120 67 0
0.5 0 60 0
0.5 0 63 37
0.5 0 69 52
0.5 240 69 0
0.5 0 63 0
0.5 0 70 58
0.5 360 58 37
0.5 120 58 0
0.5 0 70 0
0.5 0 62 37
0.5 0 65 44
0.5 240 65 0
0.5 0 62 0
0.5 0 56 55
0.5 360 56 0
0.5 0 55 42
0.5 120 67 49
0.5 0 62 46
0.5 240 62 0
0.5 0 55 0
0.5 360 60 43
0.5 120 60 0
0.5 0 67 0
0.5 0 67 49
0.5 0 63 42
0.5 240 63 0
0.5 0 67 0
0.5 0 67 55
0.5 360 67 0
0.5 0 62 31
0.5 0 69 52
0.5 120 69 0
0.5 0 62 0
0.5 0 65 37
0.5 0 71 55
0.5 240 71 0
0.5 0 65 0
0.5 0 72 58
0.5 360 60 37
0.5 120 60 0
0.5 0 72 0
0.5 0 63 37
0.5 0 67 44
0.5 240 67 0
0.5 0 63 0
0.5 0 58 50
0.5 360 58 0
0.5 0 57 37
0.5 120 69 44
0.5 0 64 44
0.5 240 64 0
0.5 0 69 0
0.5 0 57 0
0.5 0 69 57
0.5 360 62 37
0.5 120 62 0
0.5 0 69 0
0.5 0 65 37
0.5 0 69 48
0.5 240 69 0
0.5 0 65 0
0.5 0 69 55
0.5 360 69 0
0.5 0 71 53
0.5 0 61 37
0.5 120 61 0
0.5 0 71 0
0.5 0 73 52
0.5 0 64 44
0.5 240 64 0
0.5 0 73 0
0.5 0 74 63
0.5 360 62 37
0.5 120 62 0
0.5 0 65 44
0.5 240 65 0
0.5 0 63 54
0.5 360 63 0
0.5 0 74 0
0.5 0 72 54
0.5 360 62 54
0.5 360 62 0
0.5 0 72 0
0.5 0 70 52
0.5 360 60 58
0.5 360 60 0
0.5 0 70 0
0.5 0 69 52
0.5 360 69 0
0.5 0 67 60
0.5 360 67 0
0.5 0 69 51
0.5 120 69 0
0.5 0 70 60
0.5 180 70 0
0.5 0 70 60
0.5 60 70 0
0.5 0 74 68
0.5 360 74 0
0.5 0 72 63
0.5 120 72 0
0.5 0 65 69
0.5 240 77 64
0.5 240 77 0
0.5 120 65 0
0.5 0 57 30
0.5 0 63 37
0.5 120 63 0
0.5 0 57 0
0.5 0 65 42
0.5 120 65 0
0.5 120 65 50
0.5 360 65 0
0.5 0 60 31
0.5 0 67 49
0.5 60 67 0
0.5 0 60 0
0.5 60 69 52
0.5 120 69 0
0.5 120 69 54
0.5 240 69 0
0.5 120 58 37
0.5 0 65 37
0.5 120 65 0
0.5 0 58 0
0.5 0 70 42
0.5 600 70 0
0.5 0 56 31
0.5 0 65 49
0.5 60 65 0
0.5 0 56 0
0.5 60 68 52
0.5 120 68 0
0.5 120 67 60
0.5 240 67 0
0.5 120 55 39
0.5 0 65 47
0.5 120 65 0
0.5 0 55 0
0.5 0 67 54
0.5 120 67 0
0.5 120 67 61
0.5 360 67 0
0.5 0 59 29
0.5 0 69 56
0.5 60 69 0
0.5 0 59 0
0.5 60 71 59
0.5 120 71 0
0.5 120 71 65
0.5 360 71 0
0.5 0 60 43
0.5 0 67 51
0.5 120 67 0
0.5 0 60 0
0.5 0 72 58
0.5 600 72 0
0.5 0 58 48
0.5 0 67 57
0.5 60 67 0
0.5 0 58 0
0.5 60 70 63
0.5 600 70 0
0.5 0 57 39
0.5 0 67 46
0.5 120 67 0
0.5 0 57 0
0.5 0 69 59
0.5 120 69 0
0.5 120 69 66
0.5 360 69 0
0.5 0 61 55
0.5 0 71 65
0.5 60 71 0
0.5 0 61 0
0.5 60 73 71
0.5 120 73 0
0.5 120 74 80
0.5 360 62 54
0.5 120 62 0
0.5 0 69 61
0.5 240 69 0
0.5 0 63 59
0.5 360 63 0
0.5 0 74 0
0.5 0 72 68
0.5 360 62 70
0.5 360 62 0
0.5 0 72 0
0.5 0 70 66
0.5 360 60 70
0.5 360 60 0
0.5 0 70 0
0.5 0 69 65
0.5 360 69 0
0.5 0 58 70
0.5 0 67 76
0.5 360 67 0
0.5 0 58 0
0.5 0 69 64
0.5 120 69 0
0.5 0 70 69
0.5 180 70 0
0.5 49 65 70
0.5 11 74 83
0.5 229 65 0
0.5 131 74 0
0.5 0 72 70
0.5 120 72 0
0.5 0 65 69
0.5 180 60 52
0.5 20 60 0
0.5 0 63 54
0.5 20 63 0
0.5 0 65 58
0.5 20 65 0
0.5 0 77 69
0.5 0 60 50
0.5 240 77 0
0.5 240 60 0
0.5 0 62 44
0.5 180 62 0
0.5 0 60 43
0.5 30 60 0
0.5 0 62 43
0.5 30 62 0
0.5 0 63 50
0.5 360 63 0
0.5 0 62 37
0.5 120 62 0
0.5 0 60 42
0.5 240 60 0
0.5 0 58 45
0.5 720 58 0
0.5 0 53 33
0.5 480 53 0
0.5 0 62 43
0.5 240 62 0
0.5 0 65 0
0.5 0 65 37
0.5 0 60 50
0.5 360 60 0
0.5 0 62 44
0.5 120 62 0
0.5 0 60 44
0.5 210 60 0
0.5 0 62 43
0.5 30 62 0
0.5 0 63 50
0.5 360 63 0
0.5 0 62 37
0.5 120 62 0
0.5 0 60 42
0.5 240 60 0
0.5 0 58 45
0.5 1440 65 0
0.5 0 70 40
0.5 1200 70 0
0.5 0 58 30
0.5 240 58 0
0.5 0 70 41
0.5 720 58 0
0.5 480 58 34
0.5 240 70 0
0.5 0 63 43
0.5 360 63 0
0.5 0 63 32
0.5 120 63 0
0.5 0 63 38
0.5 180 63 30
0.5 30 63 0
0.5 0 65 28
0.5 30 65 0
0.5 0 63 0
0.5 0 58 0
0.5 0 57 33
0.5 0 66 39
0.5 360 66 0
0.5 0 65 30
0.5 120 65 0
0.5 0 63 33
0.5 240 63 0
0.5 0 57 0
0.5 0 62 33
0.5 0 58 33
0.5 120 65 33
0.5 1320 65 0
0.5 1440 58 0
0.5 0 62 0
1 0 0 0
0 0 91 127
0.5 2820 41 34
0.5 60 51 37
0.5 0 57 37
0.5 1440 57 0
0.5 0 51 0
0.5 0 50 37
0.5 1380 41 28
0.5 60 50 0
0.5 0 41 0
0.5 0 51 37
0.5 0 57 37
0.5 1440 57 0
0.5 0 51 0
0.5 0 50 37
0.5 960 50 0
0.5 240 46 38
0.5 180 39 35
0.5 60 39 0
0.5 0 41 0
0.5 0 55 45
0.5 480 55 0
0.5 0 55 38
0.5 240 55 0
0.5 0 58 42
0.5 360 58 0
0.5 0 57 37
0.5 120 57 0
0.5 0 55 41
0.5 180 38 33
0.5 60 38 0
0.5 0 55 0
0.5 0 53 42
0.5 713 46 42
0.5 7 53 0
0.5 0 46 0
0.5 233 46 0
0.5 247 46 27
0.5 180 36 31
0.5 60 46 0
0.5 0 51 34
0.5 360 51 0
0.5 0 51 25
0.5 120 51 0
0.5 0 51 30
0.5 180 51 24
0.5 30 51 0
0.5 0 53 22
0.5 30 53 0
0.5 0 51 0
0.5 0 36 0
0.5 0 55 31
0.5 360 55 0
0.5 0 53 24
0.5 120 53 0
0.5 0 51 26
0.5 240 51 0
0.5 0 38 23
0.5 0 50 26
0.5 1200 50 0
0.5 0 38 0
0.5 0 33 27
0.5 240 33 0
0.5 0 52 24
0.5 0 57 24
0.5 0 62 27
0.5 0 33 31
0.5 480 33 0
0.5 0 33 27
0.5 240 33 0
0.5 0 62 0
0.5 0 61 27
0.5 0 33 33
0.5 360 33 0
0.5 0 33 27
0.5 120 33 0
0.5 0 33 31
0.5 240 33 0
0.5 0 61 0
0.5 0 52 0
0.5 0 54 24
0.5 0 62 27
0.5 0 26 31
0.5 480 62 0
0.5 0 57 0
0.5 0 54 0
0.5 240 26 0
0.5 0 31 48
0.5 0 43 48
0.5 480 43 0
0.5 0 31 0
0.5 0 43 56
0.5 240 43 0
0.5 0 36 48
0.5 0 48 48
0.5 480 36 0
0.5 48 48 0
0.5 0 50 47
0.5 48 50 0
0.5 0 51 49
0.5 48 51 0
0.5 0 53 51
0.5 48 53 0
0.5 0 55 53
0.5 48 55 0
0.5 0 56 55
0.5 528 56 0
0.5 0 55 50
0.5 48 55 0
0.5 0 53 52
0.5 48 53 0
0.5 0 51 55
0.5 48 51 0
0.5 0 50 57
0.5 48 50 0
0.5 0 36 63
0.5 0 48 63
0.5 480 48 0
0.5 0 36 0
0.5 240 34 61
0.5 0 46 61
0.5 480 46 0
0.5 0 34 0
0.5 192 46 53
0.5 48 46 0
0.5 0 39 48
0.5 0 51 48
0.5 480 39 0
0.5 48 51 0
0.5 0 54 47
0.5 48 54 0
0.5 0 55 49
0.5 48 55 0
0.5 0 57 51
0.5 48 57 0
0.5 0 58 53
0.5 48 58 0
0.5 0 50 55
0.5 0 60 55
0.5 480 50 0
0.5 48 60 0
0.5 0 58 50
0.5 48 58 0
0.5 0 57 52
0.5 48 57 0
0.5 0 55 55
0.5 48 55 0
0.5 0 54 57
0.5 48 54 0
0.5 0 43 63
0.5 0 55 63
0.5 720 55 0
0.5 0 43 0
0.5 0 42 61
0.5 0 54 61
0.5 720 54 0
0.5 0 42 0
0.5 0 41 61
0.5 0 53 61
0.5 480 53 0
0.5 0 41 0
0.5 240 42 56
0.5 0 54 56
0.5 720 42 0
0.5 0 39 26
0.5 1200 54 0
0.5 0 54 22
0.5 240 54 0
0.5 0 39 0
0.5 0 37 30
0.5 720 37 0
0.5 0 42 30
0.5 720 30 26
0.5 1440 30 0
0.5 0 42 0
0.5 0 29 30
0.5 0 41 30
0.5 720 41 0
0.5 0 29 0
0.5 0 34 30
0.5 0 46 30
0.5 1440 46 0
0.5 0 34 0
0.5 0 35 26
0.5 0 47 34
0.5 720 47 0
0.5 0 35 0
0.5 0 41 37
0.5 0 36 50
0.5 7 48 37
0.5 473 36 0
0.5 0 38 44
0.5 180 38 0
0.5 0 36 43
0.5 30 36 0
0.5 0 38 43
0.5 30 38 0
0.5 0 39 50
0.5 360 39 0
0.5 0 38 37
0.5 120 38 0
0.5 0 36 42
0.5 210 36 0
0.5 0 34 45
0.5 30 41 45
0.5 0 50 37
0.5 720 50 0
0.5 0 34 0
0.5 0 29 33
0.5 240 29 0
0.5 0 41 0
0.5 240 38 43
0.5 240 38 0
0.5 0 41 0
0.5 0 48 37
0.5 0 41 37
0.5 0 36 50
0.5 7 48 0
0.5 353 36 0
0.5 0 38 44
0.5 120 38 0
0.5 0 36 44
0.5 180 36 0
0.5 0 36 43
0.5 30 36 0
0.5 0 38 43
0.5 30 38 0
0.5 0 39 50
0.5 360 39 0
0.5 0 38 37
0.5 120 38 0
0.5 0 36 42
0.5 180 36 0
0.5 0 34 45
0.5 60 34 0
0.5 0 50 45
0.5 0 41 45
0.5 1200 41 0
0.5 0 50 0
0.5 0 46 38
0.5 180 39 35
0.5 60 39 0
0.5 0 48 0
0.5 0 41 0
0.5 0 55 45
0.5 480 55 0
0.5 0 55 38
0.5 240 55 0
0.5 0 58 42
0.5 360 58 0
0.5 0 57 37
0.5 120 57 0
0.5 0 55 41
0.5 180 38 35
0.5 60 38 0
0.5 0 55 0
0.5 0 53 34
0.5 720 46 0
0.5 0 46 31
0.5 9 53 0
0.5 231 46 0
0.5 240 38 22
0.5 0 46 22
0.5 0 54 26
0.5 180 54 0
0.5 0 46 0
0.5 0 38 0
0.5 0 39 34
0.5 30 39 0
0.5 0 46 36
0.5 30 55 45
0.5 480 55 0
0.5 0 55 38
0.5 180 55 0
0.5 0 40 32
0.5 30 49 36
0.5 30 46 0
0.5 0 58 42
0.5 360 58 0
0.5 0 57 37
0.5 120 57 0
0.5 0 55 41
0.5 240 55 0
0.5 0 49 0
0.5 0 40 0
0.5 0 41 30
0.5 0 50 34
0.5 0 53 34
0.5 720 41 0
0.5 0 44 50
0.5 480 53 0
0.5 0 50 0
0.5 0 46 26
0.5 240 46 0
0.5 0 44 0
0.5 0 43 36
0.5 0 46 36
0.5 0 51 47
0.5 360 51 0
0.5 0 53 42
0.5 120 53 0
0.5 0 51 50
0.5 150 51 0
0.5 0 53 45
0.5 30 53 0
0.5 0 51 47
0.5 30 51 0
0.5 0 53 49
0.5 30 53 0
0.5 0 55 52
0.5 360 55 0
0.5 0 53 50
0.5 120 53 0
0.5 0 51 45
0.5 240 51 0
0.5 0 46 0
0.5 0 43 0
0.5 0 45 47
0.5 0 50 47
0.5 0 54 56
0.5 720 54 0
0.5 0 50 0
0.5 0 45 0
0.5 0 46 34
0.5 0 55 39
0.5 480 55 0
0.5 0 55 34
0.5 240 55 0
0.5 0 46 0
0.5 0 60 36
0.5 0 48 38
0.5 0 56 42
0.5 360 56 0
0.5 0 56 30
0.5 120 56 0
0.5 0 56 37
0.5 180 56 29
0.5 30 56 0
0.5 0 58 27
0.5 30 58 0
0.5 0 56 0
0.5 0 60 0
0.5 0 60 38
0.5 360 60 0
0.5 0 58 28
0.5 120 58 0
0.5 0 56 29
0.5 240 56 0
0.5 0 48 0
0.5 0 50 35
0.5 0 55 35
0.5 0 59 35
0.5 360 50 0
0.5 0 51 35
0.5 120 51 0
0.5 0 53 35
0.5 180 53 0
0.5 0 48 35
0.5 30 53 35
0.5 30 59 0
0.5 0 55 0
0.5 0 60 35
0.5 360 53 0
0.5 0 52 35
0.5 120 52 0
0.5 180 41 34
0.5 60 60 0
0.5 0 48 0
0.5 0 51 37
0.5 0 57 37
0.5 1440 57 0
0.5 0 51 0
0.5 0 50 37
0.5 1380 41 28
0.5 60 50 0
0.5 0 41 0
0.5 0 51 37
0.5 0 57 37
0.5 1200 57 0
0.5 0 51 0
0.5 0 51 37
0.5 240 41 0
0.5 0 41 52
0.5 360 51 0
0.5 0 50 31
0.5 120 50 0
0.5 0 53 38
0.5 240 53 0
0.5 0 41 0
0.5 0 41 42
0.5 360 51 32
0.5 120 51 0
0.5 0 53 37
0.5 240 53 0
0.5 0 41 0
0.5 0 41 50
0.5 360 50 32
0.5 120 50 0
0.5 0 53 36
0.5 240 53 0
0.5 0 41 0
0.5 0 41 42
0.5 360 53 31
0.5 120 53 0
0.5 0 41 0
0.5 0 59 37
0.5 240 59 0
0.5 0 41 52
0.5 360 51 31
0.5 120 51 0
0.5 0 55 38
0.5 240 55 0
0.5 0 41 0
0.5 0 41 42
0.5 360 53 34
0.5 120 53 0
0.5 0 55 40
0.5 240 55 0
0.5 0 41 0
0.5 0 41 53
0.5 360 51 40
0.5 120 51 0
0.5 0 55 45
0.5 240 55 0
0.5 0 41 0
0.5 0 41 51
0.5 360 52 39
0.5 120 52 0
0.5 0 41 0
0.5 0 61 42
0.5 240 61 0
0.5 0 41 49
0.5 360 53 39
0.5 120 53 0
0.5 0 57 43
0.5 240 57 0
0.5 0 41 0
0.5 0 41 48
0.5 360 55 31
0.5 120 55 0
0.5 0 41 0
0.5 0 57 44
0.5 240 57 0
0.5 0 41 51
0.5 360 53 38
0.5 120 53 0
0.5 0 57 45
0.5 240 57 0
0.5 0 41 0
0.5 0 41 56
0.5 360 57 39
0.5 120 57 0
0.5 0 41 0
0.5 0 53 43
0.5 240 53 0
0.5 0 46 51
0.5 360 58 36
0.5 120 58 0
0.5 0 46 0
0.5 0 53 41
0.5 240 53 0
0.5 0 38 52
0.5 360 54 36
0.5 120 54 0
0.5 0 38 0
0.5 0 50 41
0.5 240 50 0
0.5 0 39 49
0.5 360 55 37
0.5 120 55 0
0.5 0 39 0
0.5 0 46 43
0.5 240 46 0
0.5 0 41 50
0.5 360 57 39
0.5 120 57 0
0.5 0 41 0
0.5 0 53 44
0.5 240 41 42
0.5 240 41 0
0.5 0 53 0
0.5 120 60 31
0.5 0 53 25
0.5 120 48 38
0.5 120 48 0
0.5 0 53 0
0.5 0 60 0
0.5 120 41 42
0.5 240 41 0
0.5 120 63 31
0.5 0 53 21
0.5 120 48 37
0.5 120 48 0
0.5 0 53 0
0.5 0 63 0
0.5 120 41 42
0.5 240 41 0
0.5 120 62 31
0.5 0 53 25
0.5 120 50 38
0.5 120 50 0
0.5 0 53 0
0.5 0 62 0
0.5 120 41 42
0.5 240 41 0
0.5 120 60 31
0.5 0 53 27
0.5 120 48 37
0.5 120 48 0
0.5 0 53 0
0.5 0 60 0
0.5 120 41 46
0.5 240 41 0
0.5 120 59 36
0.5 0 50 28
0.5 120 47 45
0.5 120 47 0
0.5 0 50 0
0.5 0 59 0
0.5 120 41 47
0.5 240 41 0
0.5 120 62 40
0.5 0 53 30
0.5 120 50 45
0.5 120 50 0
0.5 0 53 0
0.5 0 62 0
0.5 120 41 53
0.5 240 41 0
0.5 120 63 40
0.5 0 55 30
0.5 120 51 48
0.5 120 51 0
0.5 0 55 0
0.5 0 63 0
0.5 120 41 58
0.5 240 41 0
0.5 120 62 37
0.5 0 53 29
0.5 120 50 45
0.5 120 50 0
0.5 0 53 0
0.5 0 62 0
0.5 120 41 61
0.5 240 41 0
0.5 120 61 38
0.5 0 52 27
0.5 120 49 47
0.5 120 49 0
0.5 0 52 0
0.5 0 61 0
0.5 120 41 52
0.5 240 41 0
0.5 120 64 39
0.5 0 55 30
0.5 120 52 47
0.5 120 52 0
0.5 0 55 0
0.5 0 64 0
0.5 120 41 67
0.5 360 65 51
0.5 0 57 43
0.5 120 53 57
0.5 180 53 0
0.5 0 57 0
0.5 0 65 0
0.5 0 41 51
0.5 60 41 0
0.5 0 41 0
0.5 0 51 64
0.5 360 60 44
0.5 120 60 0
0.5 0 57 56
0.5 180 57 0
0.5 0 46 56
0.5 60 46 0
0.5 0 51 0
0.5 0 50 63
0.5 360 58 51
0.5 120 58 0
0.5 0 53 61
0.5 180 53 0
0.5 0 38 55
0.5 60 38 0
0.5 0 50 0
0.5 0 48 66
0.5 360 57 50
0.5 120 57 0
0.5 0 54 55
0.5 120 54 0
0.5 60 39 51
0.5 30 46 56
0.5 30 48 0
0.5 0 55 66
0.5 360 55 0
0.5 0 57 48
0.5 120 57 0
0.5 0 58 57
0.5 180 58 0
0.5 0 41 43
0.5 20 41 0
0.5 0 51 47
0.5 10 46 0
0.5 10 51 0
0.5 0 57 51
0.5 20 57 0
0.5 0 39 0
0.5 0 62 64
0.5 360 62 0
0.5 0 60 50
0.5 120 60 0
0.5 0 62 56
0.5 180 41 34
0.5 60 62 0
0.5 0 51 37
0.5 0 57 37
0.5 1440 57 0
0.5 0 51 0
0.5 0 50 37
0.5 1380 41 28
0.5 60 50 0
0.5 0 41 0
0.5 0 51 37
0.5 0 57 37
0.5 1440 57 0
0.5 0 51 0
0.5 0 50 37
0.5 1200 50 0
0.5 0 46 38
0.5 180 39 35
0.5 60 39 0
0.5 0 41 0
0.5 0 55 45
0.5 480 55 0
0.5 0 55 38
0.5 240 55 0
0.5 0 58 42
0.5 360 58 0
0.5 0 57 37
0.5 120 57 0
0.5 0 55 41
0.5 180 38 33
0.5 60 38 0
0.5 0 55 0
0.5 0 53 42
0.5 713 46 33
0.5 7 53 0
0.5 0 46 0
0.5 473 46 0
0.5 7 46 27
0.5 240 46 0
0.5 0 35 31
0.5 0 51 34
0.5 360 51 0
0.5 0 51 25
0.5 120 51 0
0.5 0 51 30
0.5 180 51 24
0.5 30 51 0
0.5 0 53 22
0.5 30 53 0
0.5 0 51 0
0.5 0 35 0
0.5 0 54 31
0.5 360 54 0
0.5 0 53 24
0.5 120 53 0
0.5 0 51 26
0.5 240 51 0
0.5 0 34 23
0.5 120 34 0
0.5 0 50 26
0.5 2760 50 0
0 0 64 0
0 2672 64 127
0 935 64 0
0 50 64 127
0 677 64 0
0 128 64 127
0 1076 64 0
0 121 64 127
0 828 64 0
0 50 64 127
0 677 64 0
0 128 64 127
0 945 64 0
0 156 64 127
0 924 64 0
0 50 64 127
0 677 64 0
0 43 64 127
0 924 64 0
0 293 64 127
0 899 64 0
0 73 64 127
0 647 64 0
0 104 64 127
0 916 64 0
0 155 64 127
0 986 64 0
0 134 64 127
0 582 64 0
0 68 64 127
0 600 64 0
0 134 64 127
0 628 64 0
0 44 64 127
0 503 64 0
0 31 64 127
0 151 64 0
0 48 64 127
0 474 64 0
0 44 64 127
0 171 64 0
0 56 64 127
0 487 64 0
0 28 64 127
0 135 64 0
0 83 64 127
0 464 64 0
0 32 64 127
0 129 64 0
0 33 64 127
0 494 64 0
0 16 64 127
0 187 64 0
0 78 64 127
0 451 64 0
0 17 64 127
0 180 64 0
0 46 64 127
0 465 64 0
0 13 64 127
0 179 64 0
0 53 64 127
0 490 64 0
0 18 64 127
0 180 64 0
0 32 64 127
0 677 64 0
0 60 64 127
0 663 64 0
0 60 64 127
0 1394 64 0
0 56 64 127
0 468 64 0
0 24 64 127
0 160 64 0
0 68 64 127
0 479 64 0
0 26 64 127
0 145 64 0
0 60 64 127
0 1394 64 0
0 56 64 127
0 483 64 0
0 32 64 127
0 149 64 0
0 56 64 127
0 478 64 0
0 19 64 127
0 153 64 0
0 60 64 127
0 1375 64 0
0 1487 64 127
0 1187 64 0
0 1797 64 127
0 1134 64 0
0 88 64 127
0 787 64 0
0 50 64 127
0 677 64 0
0 81 64 127
0 638 64 0
0 73 64 127
0 646 64 0
0 715 64 0
0 50 64 127
0 675 64 0
0 42 64 127
0 679 64 0
0 73 64 127
0 1367 64 0
0 73 64 127
0 646 64 0
0 83 64 127
0 641 64 0
0 107 64 127
0 597 64 0
0 70 64 127
0 676 64 0
0 60 64 127
0 641 64 0
0 5753 64 127
0 378 64 0
0 60 64 127
0 310 64 0
0 85 64 127
0 254 64 0
0 78 64 127
0 275 64 0
0 92 64 127
0 278 64 0
0 96 64 127
0 259 64 0
0 122 64 127
0 236 64 0
0 96 64 127
0 265 64 0
0 81 64 127
0 281 64 0
0 79 64 127
0 288 64 0
0 121 64 127
0 237 64 0
0 67 64 127
0 282 64 0
0 52 64 127
0 315 64 0
0 68 64 127
0 295 64 0
0 99 64 127
0 257 64 0
0 74 64 127
0 287 64 0
0 113 64 127
0 248 64 0
0 72 64 127
0 289 64 0
0 111 64 127
0 249 64 0
0 77 64 127
0 274 64 0
0 99 64 127
0 273 64 0
0 87 64 127
0 282 64 0
0 113 64 127
0 231 64 0
0 80 64 127
0 275 64 0
0 115 64 127
0 255 64 0
0 82 64 127
0 314 64 0
0 74 64 127
0 243 64 0
0 60 64 127
0 297 64 0
0 64 64 127
0 303 64 0
0 57 64 127
0 307 64 0
0 63 64 127
0 291 64 0
0 45 64 127
0 310 64 0
0 106 64 127
0 259 64 0
0 108 64 127
0 275 64 0
0 128 64 127
0 214 64 0
0 50 64 127
0 300 64 0
0 106 64 127
0 259 64 0
0 67 64 127
0 316 64 0
0 128 64 127
0 214 64 0
0 42 64 127
0 308 64 0
0 106 64 127
0 259 64 0
0 108 64 127
0 275 64 0
0 128 64 127
0 214 64 0
0 22 64 127
0 328 64 0
0 106 64 127
0 259 64 0
0 108 64 127
0 275 64 0
0 128 64 127
0 214 64 0
0 42 64 127
0 308 64 0
0 106 64 127
0 259 64 0
0 108 64 127
0 275 64 0
0 128 64 127
0 214 64 0
0 42 64 127
0 308 64 0
0 46 64 127
0 321 64 0
0 92 64 127
0 282 64 0
0 78 64 127
0 264 64 0
0 54 64 127
0 303 64 0
0 50 64 127
0 307 64 0
0 49 64 127
0 321 64 0
0 64 64 127
0 299 64 0
0 53 64 127
0 297 64 0
0 50 64 127
0 313 64 0
0 75 64 127
0 229 64 0
0 36 64 127
0 384 64 0
0 67 64 127
0 1013 64 0
0 50 64 127
0 677 64 0
0 128 64 127
0 1077 64 0
0 89 64 127
0 859 64 0
0 50 64 127
0 677 64 0
0 128 64 127
0 1073 64 0
0 81 64 127
0 871 64 0
0 50 64 127
0 677 64 0
0 43 64 127
0 1166 64 0
0 87 64 127
0 863 64 0
0 73 64 127
0 647 64 0
0 69 64 127
0 3398 64 0
1 0 0 0
