0.5 840 67 50
0.5 40 72 41
0.5 40 72 0
0.5 0 74 41
0.5 40 74 0
0.5 0 67 0
0.5 0 75 72
0.5 120 75 0
0.5 0 66 47
0.5 120 66 0
0.5 0 72 50
0.5 120 72 0
0.5 0 75 50
0.5 120 75 0
0.5 0 74 71
0.5 120 74 0
0.5 0 65 45
0.5 120 65 0
0.5 0 71 50
0.5 120 71 0
0.5 0 74 50
0.5 120 74 0
0.5 0 72 71
0.5 120 72 0
0.5 0 69 46
0.5 120 69 0
0.5 0 66 50
0.5 120 66 0
0.5 0 63 50
0.5 120 63 0
0.5 360 67 50
0.5 40 72 41
0.5 40 72 0
0.5 0 74 41
0.5 40 74 0
0.5 0 67 0
0.5 0 75 72
0.5 120 75 0
0.5 0 66 47
0.5 120 66 0
0.5 0 72 50
0.5 120 72 0
0.5 0 75 50
0.5 120 75 0
0.5 0 74 71
0.5 120 74 0
0.5 0 65 45
0.5 120 65 0
0.5 0 71 50
0.5 120 71 0
0.5 0 74 50
0.5 120 74 0
0.5 0 72 71
0.5 120 72 0
0.5 0 69 46
0.5 120 69 0
0.5 0 66 50
0.5 120 66 0
0.5 0 63 50
0.5 120 63 0
0.5 360 63 50
0.5 40 67 41
0.5 40 67 0
0.5 0 68 41
0.5 40 68 0
0.5 0 63 0
0.5 0 70 71
0.5 120 70 0
0.5 0 61 42
0.5 120 61 0
0.5 0 67 47
0.5 120 67 0
0.5 0 70 40
0.5 120 70 0
0.5 0 68 66
0.5 120 68 0
0.5 0 60 40
0.5 120 60 0
0.5 0 65 46
0.5 120 65 0
0.5 0 68 42
0.5 120 68 0
0.5 0 67 66
0.5 120 67 0
0.5 0 64 40
0.5 120 64 0
0.5 0 61 45
0.5 120 61 0
0.5 0 58 40
0.5 120 58 0
0.5 360 58 50
0.5 40 61 41
0.5 40 61 0
0.5 0 64 41
0.5 40 64 0
0.5 0 58 0
0.5 0 65 67
0.5 120 65 0
0.5 0 56 42
0.5 120 56 0
0.5 0 60 47
0.5 120 60 0
0.5 0 65 40
0.5 120 65 0
0.5 0 62 66
0.5 120 62 0
0.5 0 53 40
0.5 120 53 0
0.5 0 59 46
0.5 120 59 0
0.5 0 62 42
0.5 120 62 0
0.5 0 60 66
0.5 96 60 0
0.5 0 55 40
0.5 96 55 0
0.5 0 51 45
0.5 96 51 0
0.5 0 48 40
0.5 96 48 0
0.5 0 43 40
0.5 96 43 0
0.5 360 67 50
0.5 40 72 41
0.5 40 72 0
0.5 0 74 41
0.5 40 74 0
0.5 0 67 0
0.5 0 75 72
0.5 120 75 0
0.5 0 66 47
0.5 120 66 0
0.5 0 72 50
0.5 120 72 0
0.5 0 75 50
0.5 120 75 0
0.5 0 74 71
0.5 120 74 0
0.5 0 65 45
0.5 120 65 0
0.5 0 71 50
0.5 120 71 0
0.5 0 74 50
0.5 120 74 0
0.5 0 72 71
0.5 120 72 0
0.5 0 69 46
0.5 120 69 0
0.5 0 66 50
0.5 120 66 0
0.5 0 63 50
0.5 120 63 0
0.5 360 67 50
0.5 40 72 41
0.5 40 72 0
0.5 0 74 41
0.5 40 74 0
0.5 0 67 0
0.5 0 75 72
0.5 120 75 0
0.5 0 66 47
0.5 120 66 0
0.5 0 72 50
0.5 120 72 0
0.5 0 75 50
0.5 120 75 0
0.5 0 74 71
0.5 120 74 0
0.5 0 65 45
0.5 120 65 0
0.5 0 71 50
0.5 120 71 0
0.5 0 74 50
0.5 120 74 0
0.5 0 72 71
0.5 120 72 0
0.5 0 69 46
0.5 120 69 0
0.5 0 66 50
0.5 120 66 0
0.5 0 63 50
0.5 120 63 0
0.5 360 63 50
0.5 40 67 41
0.5 40 67 0
0.5 0 68 41
0.5 40 68 0
0.5 0 63 0
0.5 0 70 71
0.5 120 70 0
0.5 0 61 42
0.5 120 61 0
0.5 0 67 47
0.5 120 67 0
0.5 0 70 40
0.5 120 70 0
0.5 0 68 66
0.5 120 68 0
0.5 0 60 40
0.5 120 60 0
0.5 0 65 46
0.5 120 65 0
0.5 0 68 42
0.5 120 68 0
0.5 0 67 66
0.5 120 67 0
0.5 0 64 40
0.5 120 64 0
0.5 0 61 45
0.5 120 61 0
0.5 0 58 40
0.5 120 58 0
0.5 360 58 50
0.5 40 61 41
0.5 40 61 0
0.5 0 64 41
0.5 40 64 0
0.5 0 58 0
0.5 0 65 67
0.5 120 65 0
0.5 0 56 42
0.5 120 56 0
0.5 0 60 47
0.5 120 60 0
0.5 0 65 40
0.5 120 65 0
0.5 0 62 66
0.5 120 62 0
0.5 0 53 40
0.5 120 53 0
0.5 0 59 46
0.5 120 59 0
0.5 0 62 42
0.5 120 62 0
0.5 0 60 66
0.5 96 60 0
0.5 0 55 40
0.5 96 55 0
0.5 0 51 45
0.5 96 51 0
0.5 0 48 40
0.5 96 48 0
0.5 0 43 40
0.5 96 43 0
0.5 240 62 59
0.5 120 62 0
0.5 0 63 43
0.5 120 63 0
0.5 0 62 67
0.5 120 58 41
0.5 120 58 0
0.5 0 57 46
0.5 120 57 0
0.5 0 55 39
0.5 120 55 0
0.5 240 62 0
0.5 0 62 57
0.5 0 67 57
0.5 120 62 0
0.5 0 63 46
0.5 60 67 0
0.5 60 63 0
0.5 0 62 70
0.5 0 66 70
0.5 120 62 0
0.5 0 60 44
0.5 120 60 0
0.5 0 58 45
0.5 120 58 0
0.5 0 57 45
0.5 120 57 0
0.5 240 66 0
0.5 0 62 62
0.5 120 63 45
0.5 60 62 0
0.5 60 63 0
0.5 0 62 72
0.5 120 58 41
0.5 120 58 0
0.5 0 57 46
0.5 120 57 0
0.5 0 55 39
0.5 120 55 0
0.5 240 62 0
0.5 0 62 53
0.5 0 67 53
0.5 120 62 0
0.5 0 63 46
0.5 60 67 0
0.5 60 63 0
0.5 0 62 69
0.5 0 66 69
0.5 120 62 0
0.5 0 60 44
0.5 120 60 0
0.5 0 58 45
0.5 120 58 0
0.5 0 57 45
0.5 120 57 0
0.5 240 66 0
0.5 0 62 57
0.5 120 63 45
0.5 120 63 0
0.5 0 62 0
0.5 0 62 68
0.5 120 58 41
0.5 120 58 0
0.5 0 57 46
0.5 120 57 0
0.5 0 55 39
0.5 120 55 0
0.5 0 62 0
0.5 0 70 69
0.5 240 70 0
0.5 0 63 53
0.5 120 65 46
0.5 120 65 0
0.5 0 63 0
0.5 0 63 70
0.5 120 58 41
0.5 120 58 0
0.5 0 57 46
0.5 120 57 0
0.5 0 55 39
0.5 120 55 0
0.5 0 63 0
0.5 0 75 76
0.5 240 75 0
0.5 0 63 53
0.5 120 65 46
0.5 120 65 0
0.5 0 63 0
0.5 0 63 70
0.5 120 57 41
0.5 120 57 0
0.5 0 55 46
0.5 120 55 0
0.5 0 53 39
0.5 120 53 0
0.5 0 63 0
0.5 0 69 73
0.5 240 69 0
0.5 0 62 53
0.5 120 63 46
0.5 120 63 0
0.5 0 62 0
0.5 0 62 70
0.5 120 57 41
0.5 120 57 0
0.5 0 55 46
0.5 120 55 0
0.5 0 53 39
0.5 120 53 0
0.5 0 62 0
0.5 0 74 76
0.5 240 74 0
0.5 0 62 53
0.5 120 63 46
0.5 120 63 0
0.5 0 62 0
0.5 0 62 70
0.5 120 55 41
0.5 120 55 0
0.5 0 53 46
0.5 120 53 0
0.5 0 51 39
0.5 120 51 0
0.5 0 62 0
0.5 0 67 73
0.5 240 67 0
0.5 0 60 53
0.5 120 62 46
0.5 120 62 0
0.5 0 60 0
0.5 0 60 70
0.5 120 55 41
0.5 120 55 0
0.5 0 53 46
0.5 120 53 0
0.5 0 51 39
0.5 120 51 0
0.5 0 60 0
0.5 0 72 76
0.5 240 72 0
0.5 0 60 53
0.5 120 62 46
0.5 120 62 0
0.5 0 60 0
0.5 0 60 70
0.5 120 54 41
0.5 120 54 0
0.5 0 52 46
0.5 120 52 0
0.5 0 50 39
0.5 120 50 0
0.5 0 60 0
0.5 0 66 73
0.5 240 66 0
0.5 0 72 53
0.5 120 74 46
0.5 120 74 0
0.5 0 72 0
0.5 0 72 70
0.5 120 66 41
0.5 120 66 0
0.5 0 64 46
0.5 120 64 0
0.5 0 62 39
0.5 120 62 0
0.5 0 72 0
0.5 0 78 73
0.5 240 78 0
0.5 0 74 64
0.5 120 75 47
0.5 60 74 0
0.5 60 75 0
0.5 0 74 73
0.5 120 70 45
0.5 120 70 0
0.5 0 69 50
0.5 120 69 0
0.5 0 67 42
0.5 120 67 0
0.5 240 74 0
0.5 0 74 62
0.5 0 79 62
0.5 120 74 0
0.5 0 75 50
0.5 60 79 0
0.5 60 75 0
0.5 0 74 77
0.5 0 78 77
0.5 120 74 0
0.5 0 72 48
0.5 120 72 0
0.5 0 70 49
0.5 120 70 0
0.5 0 69 49
0.5 120 69 0
0.5 240 78 0
0.5 0 74 68
0.5 120 75 49
0.5 60 74 0
0.5 60 75 0
0.5 0 74 79
0.5 120 70 45
0.5 120 70 0
0.5 0 69 50
0.5 120 69 0
0.5 0 67 42
0.5 120 67 0
0.5 240 74 0
0.5 0 74 58
0.5 0 79 58
0.5 120 74 0
0.5 0 75 50
0.5 60 79 0
0.5 60 75 0
0.5 0 74 75
0.5 0 78 75
0.5 120 74 0
0.5 0 72 48
0.5 120 72 0
0.5 0 70 49
0.5 120 70 0
0.5 0 69 49
0.5 120 69 0
0.5 240 78 0
0.5 0 74 62
0.5 120 75 49
0.5 120 75 0
0.5 0 74 0
0.5 0 74 74
0.5 120 70 45
0.5 120 70 0
0.5 0 69 50
0.5 120 69 0
0.5 0 67 42
0.5 120 67 0
0.5 0 74 0
0.5 0 82 75
0.5 240 82 0
0.5 0 75 58
0.5 120 77 50
0.5 120 77 0
0.5 0 75 0
0.5 0 75 77
0.5 120 70 45
0.5 120 70 0
0.5 0 69 50
0.5 120 69 0
0.5 0 67 42
0.5 120 67 0
0.5 0 75 0
0.5 0 87 83
0.5 240 87 0
0.5 0 75 58
0.5 120 77 50
0.5 120 77 0
0.5 0 75 0
0.5 0 75 77
0.5 120 69 45
0.5 120 69 0
0.5 0 67 50
0.5 120 67 0
0.5 0 65 42
0.5 120 65 0
0.5 0 75 0
0.5 0 81 65
0.5 240 81 0
0.5 0 74 58
0.5 120 75 50
0.5 120 75 0
0.5 0 74 0
0.5 0 74 77
0.5 120 69 45
0.5 120 69 0
0.5 0 67 50
0.5 120 67 0
0.5 0 65 42
0.5 120 65 0
0.5 0 74 0
0.5 0 86 80
0.5 240 86 0
0.5 0 74 58
0.5 120 75 50
0.5 120 75 0
0.5 0 74 0
0.5 0 74 77
0.5 120 67 45
0.5 120 67 0
0.5 0 65 50
0.5 120 65 0
0.5 0 63 42
0.5 120 63 0
0.5 0 74 0
0.5 0 79 69
0.5 240 79 0
0.5 0 72 58
0.5 120 74 50
0.5 120 74 0
0.5 0 72 0
0.5 0 72 77
0.5 120 67 45
0.5 120 67 0
0.5 0 65 50
0.5 120 65 0
0.5 0 63 42
0.5 120 63 0
0.5 0 72 0
0.5 0 84 83
0.5 240 84 0
0.5 0 72 53
0.5 120 74 46
0.5 120 74 0
0.5 0 72 0
0.5 0 72 70
0.5 120 66 41
0.5 120 66 0
0.5 0 64 46
0.5 120 64 0
0.5 0 62 39
0.5 120 62 0
0.5 0 72 0
0.5 0 78 68
0.5 240 78 0
0.5 0 72 53
0.5 120 74 46
0.5 120 74 0
0.5 0 72 0
0.5 0 72 70
0.5 120 66 41
0.5 120 66 0
0.5 0 64 46
0.5 120 64 0
0.5 0 62 39
0.5 120 62 0
0.5 0 72 0
0.5 0 84 73
0.5 240 84 0
0.5 120 74 62
0.5 40 79 53
0.5 40 79 0
0.5 0 81 56
0.5 40 81 0
0.5 0 74 0
0.5 0 82 79
0.5 120 82 0
0.5 0 73 51
0.5 120 73 0
0.5 0 79 55
0.5 120 79 0
0.5 0 82 55
0.5 120 82 0
0.5 0 81 78
0.5 120 81 0
0.5 0 72 49
0.5 120 72 0
0.5 0 78 55
0.5 120 78 0
0.5 0 81 55
0.5 120 81 0
0.5 0 79 78
0.5 120 79 0
0.5 0 76 61
0.5 120 76 0
0.5 0 73 65
0.5 120 73 0
0.5 0 70 69
0.5 120 70 0
0.5 360 74 64
0.5 40 79 56
0.5 40 79 0
0.5 0 81 58
0.5 40 81 0
0.5 0 74 0
0.5 0 82 79
0.5 120 82 0
0.5 0 73 51
0.5 120 73 0
0.5 0 79 55
0.5 120 79 0
0.5 0 82 55
0.5 120 82 0
0.5 0 81 78
0.5 120 81 0
0.5 0 72 49
0.5 120 72 0
0.5 0 78 55
0.5 120 78 0
0.5 0 81 55
0.5 120 81 0
0.5 0 79 78
0.5 120 79 0
0.5 0 76 58
0.5 120 76 0
0.5 0 73 62
0.5 120 73 0
0.5 0 70 65
0.5 120 70 0
0.5 360 70 63
0.5 40 74 51
0.5 40 74 0
0.5 0 75 57
0.5 40 75 0
0.5 0 70 0
0.5 0 77 78
0.5 120 77 0
0.5 0 68 46
0.5 120 68 0
0.5 0 74 51
0.5 120 74 0
0.5 0 77 44
0.5 120 77 0
0.5 0 75 72
0.5 120 75 0
0.5 0 67 44
0.5 120 67 0
0.5 0 72 50
0.5 120 72 0
0.5 0 75 46
0.5 120 75 0
0.5 0 74 72
0.5 120 74 0
0.5 0 71 44
0.5 120 71 0
0.5 0 68 49
0.5 120 68 0
0.5 0 65 44
0.5 120 65 0
0.5 288 65 63
0.5 64 68 45
0.5 64 68 0
0.5 0 71 56
0.5 64 71 0
0.5 0 65 0
0.5 0 72 73
0.5 120 72 0
0.5 0 63 46
0.5 120 63 0
0.5 0 67 51
0.5 120 67 0
0.5 0 72 44
0.5 120 72 0
0.5 0 69 72
0.5 120 69 0
0.5 0 60 44
0.5 120 60 0
0.5 0 66 50
0.5 120 66 0
0.5 0 69 46
0.5 120 69 0
0.5 0 67 72
0.5 96 67 0
0.5 0 62 52
0.5 96 62 0
0.5 0 58 55
0.5 96 58 0
0.5 0 55 58
0.5 96 55 0
0.5 0 50 61
0.5 96 50 0
0.5 4080 60 54
0.5 120 60 0
0.5 0 59 41
0.5 120 59 0
0.5 0 60 61
0.5 120 62 45
0.5 24 60 0
0.5 96 62 0
0.5 0 60 52
0.5 120 62 44
0.5 24 60 0
0.5 96 62 0
0.5 0 58 54
0.5 120 60 45
0.5 24 58 0
0.5 96 60 0
0.5 0 57 50
0.5 120 58 43
0.5 24 57 0
0.5 96 58 0
0.5 0 55 54
0.5 120 55 0
0.5 0 57 45
0.5 120 57 0
0.5 0 58 45
0.5 120 58 0
0.5 0 62 51
0.5 120 62 0
0.5 0 67 50
0.5 120 67 0
0.5 0 69 54
0.5 120 69 0
0.5 0 70 58
0.5 120 70 0
0.5 0 66 50
0.5 120 66 0
0.5 0 67 60
0.5 120 66 45
0.5 24 67 0
0.5 96 66 0
0.5 0 67 53
0.5 120 62 45
0.5 24 67 0
0.5 96 62 0
0.5 0 63 54
0.5 120 62 43
0.5 24 63 0
0.5 96 62 0
0.5 0 63 48
0.5 120 59 42
0.5 24 63 0
0.5 96 59 0
0.5 0 60 52
0.5 120 59 45
0.5 24 60 0
0.5 96 59 0
0.5 0 60 48
0.5 120 55 43
0.5 24 60 0
0.5 96 55 0
0.5 0 59 51
0.5 120 55 50
0.5 24 59 0
0.5 96 55 0
0.5 0 67 66
0.5 120 66 50
0.5 24 67 0
0.5 96 66 0
0.5 0 67 74
0.5 120 68 55
0.5 24 67 0
0.5 96 68 0
0.5 0 65 63
0.5 120 67 53
0.5 24 65 0
0.5 96 67 0
0.5 0 63 66
0.5 120 65 55
0.5 24 63 0
0.5 96 65 0
0.5 0 62 61
0.5 120 63 52
0.5 24 62 0
0.5 96 63 0
0.5 0 60 66
0.5 120 60 0
0.5 0 62 56
0.5 120 62 0
0.5 0 63 56
0.5 120 63 0
0.5 0 67 62
0.5 120 67 0
0.5 0 72 61
0.5 120 72 0
0.5 0 74 66
0.5 120 74 0
0.5 0 75 71
0.5 120 75 0
0.5 0 66 61
0.5 120 66 0
0.5 0 74 73
0.5 120 74 0
0.5 0 67 56
0.5 120 67 0
0.5 0 70 64
0.5 120 70 0
0.5 0 74 56
0.5 120 74 0
0.5 0 72 66
0.5 120 72 0
0.5 0 63 52
0.5 120 63 0
0.5 0 69 59
0.5 120 69 0
0.5 0 72 51
0.5 120 72 0
0.5 0 66 63
0.5 120 66 0
0.5 0 60 55
0.5 120 60 0
0.5 0 62 59
0.5 120 62 0
0.5 0 66 52
0.5 120 66 0
0.5 0 59 59
0.5 0 67 70
0.5 240 67 0
0.5 0 59 0
0.5 3840 60 54
0.5 120 60 0
0.5 0 59 41
0.5 120 59 0
0.5 0 60 61
0.5 120 62 45
0.5 24 60 0
0.5 96 62 0
0.5 0 60 52
0.5 120 62 44
0.5 24 60 0
0.5 96 62 0
0.5 0 58 54
0.5 120 60 45
0.5 24 58 0
0.5 96 60 0
0.5 0 57 50
0.5 120 58 43
0.5 24 57 0
0.5 96 58 0
0.5 0 55 54
0.5 120 55 0
0.5 0 57 45
0.5 120 57 0
0.5 0 58 45
0.5 120 58 0
0.5 0 62 51
0.5 120 62 0
0.5 0 67 50
0.5 120 67 0
0.5 0 69 54
0.5 120 69 0
0.5 0 70 58
0.5 120 70 0
0.5 0 66 50
0.5 120 66 0
0.5 0 67 60
0.5 120 66 45
0.5 24 67 0
0.5 96 66 0
0.5 0 67 53
0.5 120 62 45
0.5 24 67 0
0.5 96 62 0
0.5 0 63 54
0.5 120 62 43
0.5 24 63 0
0.5 96 62 0
0.5 0 63 48
0.5 120 59 42
0.5 24 63 0
0.5 96 59 0
0.5 0 60 52
0.5 120 59 45
0.5 24 60 0
0.5 96 59 0
0.5 0 60 48
0.5 120 55 43
0.5 24 60 0
0.5 96 55 0
0.5 0 59 51
0.5 120 55 50
0.5 24 59 0
0.5 96 55 0
0.5 0 67 66
0.5 120 66 50
0.5 24 67 0
0.5 96 66 0
0.5 0 67 74
0.5 120 68 55
0.5 24 67 0
0.5 96 68 0
0.5 0 65 63
0.5 120 67 53
0.5 24 65 0
0.5 96 67 0
0.5 0 63 66
0.5 120 65 55
0.5 24 63 0
0.5 96 65 0
0.5 0 62 61
0.5 120 63 52
0.5 24 62 0
0.5 96 63 0
0.5 0 60 66
0.5 120 60 0
0.5 0 62 56
0.5 120 62 0
0.5 0 63 56
0.5 120 63 0
0.5 0 67 62
0.5 120 67 0
0.5 0 72 61
0.5 120 72 0
0.5 0 74 66
0.5 120 74 0
0.5 0 75 71
0.5 120 75 0
0.5 0 66 61
0.5 120 66 0
0.5 0 74 73
0.5 120 74 0
0.5 0 67 56
0.5 120 67 0
0.5 0 70 64
0.5 120 70 0
0.5 0 74 56
0.5 120 74 0
0.5 0 72 66
0.5 120 72 0
0.5 0 63 52
0.5 120 63 0
0.5 0 69 59
0.5 120 69 0
0.5 0 72 51
0.5 120 72 0
0.5 0 66 63
0.5 120 66 0
0.5 0 60 55
0.5 120 60 0
0.5 0 62 59
0.5 120 62 0
0.5 0 66 52
0.5 120 66 0
0.5 0 59 59
0.5 0 67 70
0.5 240 67 0
0.5 0 59 0
0.5 0 72 54
0.5 120 72 0
0.5 0 71 41
0.5 120 71 0
0.5 0 72 61
0.5 120 72 0
0.5 0 73 45
0.5 120 73 0
0.5 0 70 52
0.5 120 70 0
0.5 0 72 44
0.5 120 72 0
0.5 0 68 54
0.5 120 68 0
0.5 0 70 45
0.5 120 70 0
0.5 0 67 50
0.5 120 67 0
0.5 0 68 43
0.5 120 68 0
0.5 0 65 54
0.5 120 65 0
0.5 0 67 45
0.5 120 67 0
0.5 0 68 45
0.5 120 68 0
0.5 0 72 51
0.5 120 72 0
0.5 0 77 50
0.5 120 77 0
0.5 0 79 54
0.5 120 79 0
0.5 0 80 58
0.5 120 80 0
0.5 0 75 50
0.5 120 75 0
0.5 0 74 60
0.5 120 74 0
0.5 0 75 45
0.5 120 75 0
0.5 0 72 53
0.5 120 72 0
0.5 0 74 45
0.5 120 74 0
0.5 0 70 54
0.5 120 70 0
0.5 0 72 43
0.5 120 72 0
0.5 0 69 48
0.5 120 69 0
0.5 0 70 42
0.5 120 70 0
0.5 0 67 54
0.5 120 67 0
0.5 0 69 48
0.5 120 69 0
0.5 0 70 48
0.5 120 70 0
0.5 0 74 51
0.5 120 74 0
0.5 0 79 50
0.5 120 79 0
0.5 0 81 54
0.5 120 81 0
0.5 0 82 58
0.5 120 82 0
0.5 0 78 50
0.5 120 78 0
0.5 0 79 60
0.5 120 79 0
0.5 0 80 53
0.5 120 80 0
0.5 0 77 60
0.5 120 77 0
0.5 0 79 51
0.5 120 79 0
0.5 0 75 61
0.5 120 75 0
0.5 0 77 50
0.5 120 77 0
0.5 0 74 55
0.5 120 74 0
0.5 0 75 52
0.5 120 75 0
0.5 0 72 61
0.5 120 72 0
0.5 0 74 50
0.5 120 74 0
0.5 0 75 50
0.5 120 75 0
0.5 0 79 55
0.5 120 79 0
0.5 0 84 56
0.5 120 84 0
0.5 0 86 60
0.5 120 86 0
0.5 0 87 65
0.5 120 87 0
0.5 0 83 56
0.5 120 83 0
0.5 0 84 71
0.5 120 84 0
0.5 0 86 54
0.5 120 86 0
0.5 0 87 63
0.5 120 87 0
0.5 0 83 53
0.5 120 83 0
0.5 0 84 68
0.5 120 84 0
0.5 0 86 53
0.5 120 86 0
0.5 0 87 59
0.5 120 87 0
0.5 0 78 51
0.5 120 78 0
0.5 0 79 60
0.5 120 79 0
0.5 0 80 55
0.5 120 80 0
0.5 0 79 63
0.5 120 79 0
0.5 0 80 60
0.5 120 80 0
0.5 0 79 66
0.5 120 79 0
0.5 0 80 61
0.5 120 80 0
0.5 0 79 64
0.5 120 79 0
0.5 0 80 55
0.5 120 80 0
0.5 0 79 66
0.5 120 79 0
0.5 0 80 60
0.5 120 80 0
0.5 0 77 65
0.5 120 77 0
0.5 0 79 57
0.5 120 79 0
0.5 0 75 63
0.5 120 75 0
0.5 0 77 54
0.5 120 77 0
0.5 0 74 63
0.5 120 74 0
0.5 0 75 54
0.5 120 75 0
0.5 0 72 61
0.5 120 72 0
0.5 0 74 56
0.5 120 74 0
0.5 0 75 60
0.5 120 75 0
0.5 0 79 63
0.5 120 79 0
0.5 0 84 65
0.5 120 84 0
0.5 0 86 63
0.5 120 86 0
0.5 0 79 58
0.5 0 87 68
0.5 120 87 0
0.5 0 79 0
0.5 0 78 61
0.5 120 78 0
0.5 0 79 66
0.5 120 79 0
0.5 0 80 60
0.5 120 80 0
0.5 0 77 65
0.5 120 77 0
0.5 0 79 57
0.5 120 79 0
0.5 0 75 63
0.5 120 75 0
0.5 0 77 54
0.5 120 77 0
0.5 0 74 63
0.5 120 74 0
0.5 0 75 54
0.5 120 75 0
0.5 0 72 61
0.5 120 72 0
0.5 0 74 56
0.5 120 74 0
0.5 0 75 60
0.5 120 75 0
0.5 0 79 63
0.5 120 79 0
0.5 0 84 65
0.5 120 84 0
0.5 0 86 52
0.5 120 86 0
0.5 0 79 62
0.5 0 87 62
0.5 120 87 0
0.5 0 79 0
0.5 0 78 55
0.5 120 78 0
0.5 0 79 67
0.5 120 79 0
0.5 0 80 52
0.5 120 80 0
0.5 0 77 57
0.5 120 77 0
0.5 0 89 52
0.5 120 89 0
0.5 0 77 68
0.5 120 77 0
0.5 0 79 52
0.5 120 79 0
0.5 0 75 57
0.5 120 75 0
0.5 0 87 54
0.5 120 87 0
0.5 0 75 68
0.5 120 75 0
0.5 0 77 54
0.5 120 77 0
0.5 0 74 58
0.5 120 74 0
0.5 0 86 54
0.5 120 86 0
0.5 0 74 69
0.5 120 74 0
0.5 0 75 55
0.5 120 75 0
0.5 0 72 58
0.5 120 72 0
0.5 0 84 55
0.5 120 84 0
0.5 0 72 70
0.5 120 72 0
0.5 0 74 55
0.5 120 74 0
0.5 0 70 55
0.5 120 70 0
0.5 0 82 55
0.5 120 82 0
0.5 0 70 73
0.5 120 70 0
0.5 0 72 55
0.5 120 72 0
0.5 0 68 55
0.5 120 68 0
0.5 0 80 55
0.5 120 80 0
0.5 0 68 76
0.5 120 68 0
0.5 0 70 56
0.5 120 70 0
0.5 0 67 57
0.5 120 67 0
0.5 0 79 57
0.5 120 79 0
0.5 0 67 71
0.5 120 67 0
0.5 0 79 55
0.5 120 79 0
0.5 0 67 76
0.5 120 68 55
0.5 60 67 0
0.5 60 68 0
0.5 0 67 77
0.5 120 63 47
0.5 120 63 0
0.5 0 62 52
0.5 120 62 0
0.5 0 60 44
0.5 120 60 0
0.5 240 67 0
0.5 0 67 65
0.5 0 72 65
0.5 120 67 0
0.5 0 68 52
0.5 60 72 0
0.5 60 68 0
0.5 0 67 80
0.5 0 71 80
0.5 120 67 0
0.5 0 65 50
0.5 120 65 0
0.5 0 63 51
0.5 120 63 0
0.5 0 62 51
0.5 120 62 0
0.5 240 71 0
0.5 0 67 71
0.5 120 68 51
0.5 60 67 0
0.5 60 68 0
0.5 0 67 82
0.5 120 63 47
0.5 120 63 0
0.5 0 62 52
0.5 120 62 0
0.5 0 60 44
0.5 120 60 0
0.5 240 67 0
0.5 0 67 60
0.5 0 72 60
0.5 120 67 0
0.5 0 68 52
0.5 60 72 0
0.5 60 68 0
0.5 0 67 79
0.5 0 71 79
0.5 120 67 0
0.5 0 65 50
0.5 120 65 0
0.5 0 63 51
0.5 120 63 0
0.5 0 62 51
0.5 120 62 0
0.5 240 71 0
0.5 0 67 65
0.5 120 68 51
0.5 60 67 0
0.5 60 68 0
0.5 0 67 78
0.5 120 63 47
0.5 120 63 0
0.5 0 62 52
0.5 120 62 0
0.5 0 60 44
0.5 120 60 0
0.5 0 67 0
0.5 0 75 79
0.5 240 75 0
0.5 0 68 60
0.5 120 70 52
0.5 120 70 0
0.5 0 68 0
0.5 0 68 80
0.5 120 63 47
0.5 120 63 0
0.5 0 65 52
0.5 120 65 0
0.5 0 60 44
0.5 120 60 0
0.5 0 68 0
0.5 0 80 87
0.5 240 80 0
0.5 0 68 60
0.5 120 70 52
0.5 120 70 0
0.5 0 68 0
0.5 0 68 80
0.5 120 62 47
0.5 120 62 0
0.5 0 60 52
0.5 120 60 0
0.5 0 58 44
0.5 120 58 0
0.5 0 68 0
0.5 0 74 83
0.5 240 74 0
0.5 0 67 59
0.5 120 68 51
0.5 120 68 0
0.5 0 67 0
0.5 0 67 79
0.5 120 62 46
0.5 120 62 0
0.5 0 63 50
0.5 120 63 0
0.5 0 58 43
0.5 120 58 0
0.5 0 67 0
0.5 0 79 85
0.5 240 79 0
0.5 0 67 58
0.5 120 68 50
0.5 120 68 0
0.5 0 67 0
0.5 0 67 77
0.5 120 60 45
0.5 120 60 0
0.5 0 58 50
0.5 120 58 0
0.5 0 56 42
0.5 120 56 0
0.5 0 67 0
0.5 0 72 79
0.5 240 72 0
0.5 0 65 57
0.5 120 67 49
0.5 120 67 0
0.5 0 65 0
0.5 0 65 76
0.5 120 60 44
0.5 120 60 0
0.5 0 62 49
0.5 120 62 0
0.5 0 56 41
0.5 120 56 0
0.5 0 65 0
0.5 0 77 81
0.5 240 77 0
0.5 0 65 56
0.5 120 67 48
0.5 120 67 0
0.5 0 65 0
0.5 0 65 75
0.5 120 59 43
0.5 120 59 0
0.5 0 57 48
0.5 120 57 0
0.5 0 55 40
0.5 120 55 0
0.5 0 65 0
0.5 0 71 77
0.5 240 71 0
0.5 0 65 55
0.5 120 67 47
0.5 120 67 0
0.5 0 65 0
0.5 0 65 73
0.5 120 59 43
0.5 120 59 0
0.5 0 62 47
0.5 120 62 0
0.5 0 55 40
0.5 120 55 0
0.5 0 65 0
0.5 0 77 75
0.5 240 77 0
0.5 120 67 52
0.5 40 72 43
0.5 40 72 0
0.5 0 74 43
0.5 40 74 0
0.5 0 67 0
0.5 0 75 75
0.5 120 75 0
0.5 0 66 49
0.5 120 66 0
0.5 0 72 52
0.5 120 72 0
0.5 0 75 52
0.5 120 75 0
0.5 0 74 74
0.5 120 74 0
0.5 0 65 47
0.5 120 65 0
0.5 0 71 52
0.5 120 71 0
0.5 0 74 52
0.5 120 74 0
0.5 0 72 74
0.5 120 72 0
0.5 0 69 48
0.5 120 69 0
0.5 0 66 52
0.5 120 66 0
0.5 0 63 52
0.5 120 63 0
0.5 360 67 52
0.5 40 72 43
0.5 40 72 0
0.5 0 74 43
0.5 40 74 0
0.5 0 67 0
0.5 0 75 75
0.5 120 75 0
0.5 0 66 49
0.5 120 66 0
0.5 0 72 52
0.5 120 72 0
0.5 0 75 52
0.5 120 75 0
0.5 0 74 74
0.5 120 74 0
0.5 0 65 47
0.5 120 65 0
0.5 0 71 52
0.5 120 71 0
0.5 0 74 52
0.5 120 74 0
0.5 0 72 74
0.5 120 72 0
0.5 0 69 48
0.5 120 69 0
0.5 0 66 52
0.5 120 66 0
0.5 0 63 52
0.5 120 63 0
0.5 360 63 52
0.5 40 67 43
0.5 40 67 0
0.5 0 68 43
0.5 40 68 0
0.5 0 63 0
0.5 0 70 74
0.5 120 70 0
0.5 0 61 44
0.5 120 61 0
0.5 0 67 49
0.5 120 67 0
0.5 0 70 42
0.5 120 70 0
0.5 0 68 69
0.5 120 68 0
0.5 0 60 42
0.5 120 60 0
0.5 0 65 48
0.5 120 65 0
0.5 0 68 44
0.5 120 68 0
0.5 0 67 69
0.5 120 67 0
0.5 0 64 42
0.5 120 64 0
0.5 0 61 47
0.5 120 61 0
0.5 0 58 42
0.5 120 58 0
0.5 288 58 52
0.5 64 61 43
0.5 64 61 0
0.5 0 64 43
0.5 64 64 0
0.5 0 58 0
0.5 0 65 70
0.5 120 65 0
0.5 0 56 44
0.5 120 56 0
0.5 0 60 49
0.5 120 60 0
0.5 0 65 42
0.5 120 65 0
0.5 0 62 69
0.5 120 62 0
0.5 0 53 42
0.5 120 53 0
0.5 0 59 48
0.5 120 59 0
0.5 0 62 44
0.5 120 62 0
0.5 0 60 69
0.5 96 60 0
0.5 0 55 42
0.5 96 55 0
0.5 0 51 47
0.5 96 51 0
0.5 0 48 42
0.5 96 48 0
0.5 0 43 42
0.5 96 43 0
0.5 240 58 37
0.5 0 63 37
0.5 0 67 44
0.5 216 67 0
0.5 0 63 0
0.5 0 58 0
0.5 24 58 42
0.5 0 65 42
0.5 456 65 0
0.5 0 58 0
0.5 24 57 39
0.5 0 63 39
0.5 0 69 47
0.5 456 69 0
0.5 0 63 0
0.5 0 57 0
0.5 24 58 42
0.5 0 62 42
0.5 0 70 50
0.5 456 70 0
0.5 0 62 0
0.5 0 58 0
0.5 264 58 37
0.5 0 63 37
0.5 0 67 44
0.5 240 67 0
0.5 0 63 0
0.5 0 58 0
0.5 0 58 42
0.5 0 65 42
0.5 456 65 0
0.5 0 58 0
0.5 24 57 39
0.5 0 63 39
0.5 0 69 47
0.5 456 69 0
0.5 0 63 0
0.5 0 57 0
0.5 24 58 42
0.5 0 62 42
0.5 0 70 50
0.5 456 70 0
0.5 0 62 0
0.5 0 58 0
0.5 264 58 45
0.5 0 62 45
0.5 0 65 53
0.5 240 65 0
0.5 0 62 0
0.5 0 58 0
0.5 0 67 57
0.5 0 58 48
0.5 0 63 48
0.5 480 63 0
0.5 0 58 0
0.5 0 67 0
0.5 0 55 42
0.5 0 58 42
0.5 0 63 51
0.5 480 63 0
0.5 0 58 0
0.5 0 55 0
0.5 0 53 49
0.5 0 58 49
0.5 0 65 58
0.5 480 65 0
0.5 0 58 0
0.5 0 53 0
0.5 240 53 45
0.5 0 58 45
0.5 0 65 54
0.5 240 65 0
0.5 0 58 0
0.5 0 53 0
0.5 0 67 59
0.5 0 55 50
0.5 480 55 0
0.5 0 67 0
0.5 0 55 42
0.5 0 58 42
0.5 0 63 51
0.5 480 63 0
0.5 0 58 0
0.5 0 55 0
0.5 0 53 51
0.5 0 58 51
0.5 0 65 60
0.5 480 65 0
0.5 0 58 0
0.5 0 53 0
0.5 240 53 35
0.5 0 58 35
0.5 0 62 42
0.5 240 62 0
0.5 0 58 0
0.5 0 53 0
0.5 0 58 40
0.5 0 63 48
0.5 0 55 40
0.5 480 55 0
0.5 0 63 0
0.5 0 58 0
0.5 0 53 34
0.5 0 60 34
0.5 0 63 41
0.5 480 63 0
0.5 0 60 0
0.5 0 53 0
0.5 0 53 40
0.5 0 60 40
0.5 0 62 48
0.5 480 62 0
0.5 0 60 0
0.5 0 53 0
0.5 240 53 29
0.5 0 58 29
0.5 0 62 35
0.5 240 62 0
0.5 0 58 0
0.5 0 53 0
0.5 0 58 36
0.5 0 60 43
0.5 0 55 36
0.5 480 55 0
0.5 0 60 0
0.5 0 58 0
0.5 0 53 31
0.5 0 60 37
0.5 480 60 0
0.5 0 53 0
0.5 0 58 43
0.5 480 58 0
0.5 240 63 38
0.5 0 68 38
0.5 0 72 45
0.5 240 72 0
0.5 0 68 0
0.5 0 63 0
0.5 0 63 41
0.5 0 70 49
0.5 456 70 0
0.5 0 63 0
0.5 24 62 36
0.5 0 68 36
0.5 0 74 43
0.5 456 74 0
0.5 0 68 0
0.5 0 62 0
0.5 24 63 38
0.5 0 67 38
0.5 0 75 46
0.5 456 75 0
0.5 0 67 0
0.5 0 63 0
0.5 264 63 36
0.5 0 72 43
0.5 240 72 0
0.5 0 63 0
0.5 0 63 42
0.5 0 70 50
0.5 456 70 0
0.5 0 63 0
0.5 24 62 37
0.5 0 68 37
0.5 0 74 44
0.5 456 74 0
0.5 0 68 0
0.5 0 62 0
0.5 24 63 38
0.5 0 67 38
0.5 0 75 45
0.5 456 75 0
0.5 0 67 0
0.5 0 63 0
0.5 264 67 39
0.5 0 63 39
0.5 0 70 39
0.5 240 70 0
0.5 0 63 0
0.5 0 67 0
0.5 0 67 45
0.5 0 63 45
0.5 0 75 53
0.5 480 75 0
0.5 0 63 0
0.5 0 67 0
0.5 0 62 45
0.5 0 66 45
0.5 0 74 53
0.5 480 74 0
0.5 0 66 0
0.5 0 62 0
0.5 0 62 48
0.5 0 67 48
0.5 0 70 57
0.5 480 70 0
0.5 0 67 0
0.5 0 62 0
0.5 240 61 34
0.5 0 70 41
0.5 240 70 0
0.5 0 61 0
0.5 0 60 39
0.5 0 72 47
0.5 480 72 0
0.5 0 60 0
0.5 0 65 34
0.5 0 70 41
0.5 480 70 0
0.5 0 65 0
0.5 0 58 40
0.5 0 64 40
0.5 0 67 48
0.5 480 67 0
0.5 0 64 0
0.5 0 58 0
0.5 240 58 34
0.5 0 64 34
0.5 0 67 41
0.5 240 67 0
0.5 0 64 0
0.5 0 58 0
0.5 0 65 39
0.5 0 60 39
0.5 0 68 47
0.5 480 68 0
0.5 0 60 0
0.5 0 65 0
0.5 0 56 34
0.5 0 62 34
0.5 0 65 41
0.5 360 56 0
0.5 0 57 34
0.5 120 57 0
0.5 0 65 0
0.5 0 62 0
0.5 0 58 40
0.5 0 62 40
0.5 0 67 48
0.5 480 67 0
0.5 0 62 0
0.5 0 58 0
0.5 240 58 34
0.5 0 64 34
0.5 0 67 41
0.5 240 67 0
0.5 0 64 0
0.5 0 58 0
0.5 0 65 39
0.5 0 60 39
0.5 0 68 47
0.5 480 68 0
0.5 0 60 0
0.5 0 65 0
0.5 0 56 34
0.5 0 62 34
0.5 0 65 41
0.5 480 65 0
0.5 0 62 0
0.5 0 56 0
0.5 0 55 40
0.5 0 63 48
0.5 480 63 0
0.5 0 55 0
0.5 240 55 34
0.5 0 63 41
0.5 240 55 0
0.5 0 60 39
0.5 480 60 0
0.5 0 59 34
0.5 480 59 0
0.5 0 58 40
0.5 480 58 0
0.5 0 63 0
1 0 0 0
0.5 900 43 48
0.5 30 48 54
0.5 30 57 60
0.5 240 57 0
0.5 0 48 0
0.5 0 43 0
0.5 180 43 55
0.5 30 50 59
0.5 30 59 63
0.5 240 59 0
0.5 0 50 0
0.5 0 43 0
0.5 180 43 51
0.5 30 51 54
0.5 30 60 58
0.5 240 60 0
0.5 0 51 0
0.5 0 43 0
0.5 240 60 52
0.5 120 60 0
0.5 0 57 51
0.5 120 57 0
0.5 0 54 50
0.5 120 54 0
0.5 0 51 50
0.5 120 51 0
0.5 0 43 48
0.5 0 48 52
0.5 0 57 60
0.5 240 57 0
0.5 0 48 0
0.5 0 43 0
0.5 240 43 51
0.5 0 50 55
0.5 0 59 60
0.5 240 59 0
0.5 0 50 0
0.5 0 43 0
0.5 240 43 46
0.5 0 51 51
0.5 0 60 57
0.5 240 60 0
0.5 0 51 0
0.5 0 43 0
0.5 240 60 52
0.5 120 60 0
0.5 0 57 51
0.5 120 57 0
0.5 0 54 50
0.5 120 54 0
0.5 0 51 50
0.5 60 43 40
0.5 60 51 0
0.5 0 52 58
0.5 420 52 0
0.5 0 43 0
0.5 0 43 43
0.5 60 53 63
0.5 420 53 0
0.5 0 43 0
0.5 0 43 39
0.5 60 55 48
0.5 480 55 0
0.5 0 43 0
0.5 0 55 52
0.5 96 55 0
0.5 0 52 51
0.5 96 52 0
0.5 0 49 50
0.5 96 49 0
0.5 0 46 50
0.5 96 46 0
0.5 0 43 50
0.5 96 43 0
0.5 0 31 56
0.5 0 43 70
0.5 480 43 0
0.5 0 31 0
0.5 0 31 60
0.5 0 43 70
0.5 480 43 0
0.5 0 31 0
0.5 0 36 54
0.5 0 43 67
0.5 360 43 0
0.5 120 36 0
0.5 0 36 78
0.5 420 43 57
0.5 30 48 60
0.5 30 36 0
0.5 0 57 64
0.5 240 57 0
0.5 0 48 0
0.5 0 43 0
0.5 180 43 55
0.5 30 50 58
0.5 30 59 60
0.5 240 59 0
0.5 0 50 0
0.5 0 43 0
0.5 180 43 55
0.5 30 51 59
0.5 30 60 63
0.5 240 60 0
0.5 0 51 0
0.5 0 43 0
0.5 240 60 52
0.5 120 60 0
0.5 0 57 51
0.5 120 57 0
0.5 0 54 50
0.5 120 54 0
0.5 0 51 50
0.5 120 51 0
0.5 0 43 48
0.5 0 48 52
0.5 0 57 60
0.5 240 57 0
0.5 0 48 0
0.5 0 43 0
0.5 240 43 51
0.5 0 50 55
0.5 0 59 60
0.5 240 59 0
0.5 0 50 0
0.5 0 43 0
0.5 240 43 46
0.5 0 51 51
0.5 0 60 57
0.5 240 60 0
0.5 0 51 0
0.5 0 43 0
0.5 240 60 52
0.5 120 60 0
0.5 0 57 51
0.5 120 57 0
0.5 0 54 50
0.5 120 54 0
0.5 0 51 50
0.5 60 43 40
0.5 60 51 0
0.5 0 52 50
0.5 420 52 0
0.5 0 43 0
0.5 0 43 43
0.5 60 53 50
0.5 420 53 0
0.5 0 43 0
0.5 0 43 39
0.5 60 55 48
0.5 480 55 0
0.5 0 43 0
0.5 0 55 52
0.5 96 55 0
0.5 0 52 51
0.5 96 52 0
0.5 0 49 50
0.5 96 49 0
0.5 0 46 50
0.5 96 46 0
0.5 0 43 50
0.5 96 43 0
0.5 0 31 56
0.5 0 43 70
0.5 480 43 0
0.5 0 31 0
0.5 0 31 60
0.5 0 43 70
0.5 480 43 0
0.5 0 31 0
0.5 0 36 54
0.5 0 43 67
0.5 360 43 0
0.5 120 36 0
0.5 0 36 80
0.5 480 36 0
0.5 0 43 52
0.5 480 43 0
0.5 0 50 42
0.5 480 50 0
0.5 0 38 51
0.5 480 38 0
0.5 0 50 43
0.5 480 50 0
0.5 0 43 52
0.5 480 43 0
0.5 0 50 42
0.5 480 50 0
0.5 0 38 51
0.5 480 38 0
0.5 0 50 43
0.5 480 50 0
0.5 0 43 69
0.5 480 43 0
0.5 0 50 42
0.5 480 50 0
0.5 0 36 72
0.5 480 36 0
0.5 0 48 42
0.5 480 48 0
0.5 0 41 75
0.5 480 41 0
0.5 0 48 42
0.5 480 48 0
0.5 0 34 80
0.5 480 34 0
0.5 0 46 42
0.5 480 46 0
0.5 0 39 72
0.5 480 39 0
0.5 0 46 42
0.5 480 46 0
0.5 0 33 71
0.5 480 33 0
0.5 0 45 42
0.5 480 45 0
0.5 0 38 67
0.5 480 38 0
0.5 0 45 42
0.5 480 45 0
0.5 0 38 68
0.5 480 38 0
0.5 0 57 42
0.5 480 57 0
0.5 0 43 52
0.5 0 55 52
0.5 480 55 0
0.5 0 43 0
0.5 0 62 42
0.5 480 62 0
0.5 0 62 51
0.5 0 50 51
0.5 480 50 0
0.5 0 62 0
0.5 0 62 43
0.5 480 62 0
0.5 0 67 52
0.5 0 55 52
0.5 480 55 0
0.5 0 67 0
0.5 0 62 42
0.5 480 62 0
0.5 0 62 51
0.5 0 50 51
0.5 480 50 0
0.5 0 62 0
0.5 0 62 43
0.5 480 62 0
0.5 0 43 62
0.5 0 55 62
0.5 480 55 0
0.5 0 43 0
0.5 0 62 42
0.5 480 62 0
0.5 0 48 62
0.5 480 48 0
0.5 0 60 42
0.5 480 60 0
0.5 0 41 62
0.5 480 41 0
0.5 0 60 42
0.5 480 60 0
0.5 0 46 62
0.5 480 46 0
0.5 0 58 42
0.5 480 58 0
0.5 0 39 62
0.5 480 39 0
0.5 0 58 42
0.5 480 58 0
0.5 0 45 65
0.5 480 45 0
0.5 0 57 42
0.5 480 57 0
0.5 0 50 67
0.5 480 50 0
0.5 0 57 42
0.5 480 57 0
0.5 0 38 68
0.5 0 50 68
0.5 480 50 0
0.5 0 38 0
0.5 0 57 42
0.5 480 57 0
0.5 0 50 44
0.5 0 55 48
0.5 0 64 55
0.5 240 64 0
0.5 0 55 0
0.5 0 50 0
0.5 240 50 47
0.5 0 57 50
0.5 0 66 55
0.5 240 66 0
0.5 0 57 0
0.5 0 50 0
0.5 240 50 42
0.5 0 58 47
0.5 0 67 52
0.5 240 67 0
0.5 0 58 0
0.5 0 50 0
0.5 240 67 61
0.5 120 67 0
0.5 0 64 66
0.5 120 64 0
0.5 0 61 55
0.5 120 61 0
0.5 0 58 55
0.5 120 58 0
0.5 0 50 44
0.5 0 55 48
0.5 0 64 55
0.5 240 64 0
0.5 0 55 0
0.5 0 50 0
0.5 240 50 47
0.5 0 57 50
0.5 0 66 55
0.5 240 66 0
0.5 0 57 0
0.5 0 50 0
0.5 240 50 42
0.5 0 58 47
0.5 0 67 52
0.5 240 67 0
0.5 0 58 0
0.5 0 50 0
0.5 240 67 61
0.5 120 67 0
0.5 0 64 66
0.5 120 64 0
0.5 0 61 55
0.5 120 61 0
0.5 0 58 55
0.5 60 50 44
0.5 60 58 0
0.5 0 59 62
0.5 420 59 0
0.5 0 50 0
0.5 0 50 47
0.5 60 60 58
0.5 420 60 0
0.5 0 50 0
0.5 0 50 42
0.5 60 62 52
0.5 480 62 0
0.5 0 50 0
0.5 0 62 57
0.5 96 62 0
0.5 0 59 56
0.5 96 59 0
0.5 0 56 55
0.5 96 56 0
0.5 0 53 55
0.5 96 53 0
0.5 0 50 55
0.5 96 50 0
0.5 0 38 44
0.5 0 50 55
0.5 480 50 0
0.5 0 38 0
0.5 0 38 47
0.5 0 50 55
0.5 480 50 0
0.5 0 38 0
0.5 0 43 42
0.5 0 50 52
0.5 360 50 0
0.5 120 43 0
0.5 0 43 82
0.5 240 43 0
0.5 0 55 60
0.5 120 54 46
0.5 24 55 0
0.5 96 54 0
0.5 0 55 68
0.5 120 56 50
0.5 24 55 0
0.5 96 56 0
0.5 0 53 58
0.5 120 55 49
0.5 24 53 0
0.5 96 55 0
0.5 0 51 60
0.5 120 53 50
0.5 24 51 0
0.5 96 53 0
0.5 0 50 56
0.5 120 51 48
0.5 24 50 0
0.5 96 51 0
0.5 0 48 60
0.5 120 48 0
0.5 0 50 51
0.5 120 50 0
0.5 0 51 51
0.5 120 51 0
0.5 0 55 57
0.5 120 55 0
0.5 0 60 56
0.5 120 60 0
0.5 0 62 60
0.5 120 62 0
0.5 0 63 65
0.5 120 63 0
0.5 0 59 56
0.5 120 59 0
0.5 0 60 67
0.5 120 59 51
0.5 24 60 0
0.5 96 59 0
0.5 0 60 59
0.5 120 55 51
0.5 24 60 0
0.5 96 55 0
0.5 0 56 60
0.5 120 55 48
0.5 24 56 0
0.5 96 55 0
0.5 0 56 54
0.5 120 52 47
0.5 24 56 0
0.5 96 52 0
0.5 0 53 58
0.5 120 52 50
0.5 24 53 0
0.5 96 52 0
0.5 0 53 54
0.5 120 50 48
0.5 24 53 0
0.5 96 50 0
0.5 0 55 57
0.5 120 55 0
0.5 0 53 56
0.5 120 53 0
0.5 0 51 55
0.5 120 51 0
0.5 0 50 54
0.5 120 50 0
0.5 0 51 55
0.5 240 51 0
0.5 0 51 53
0.5 120 51 0
0.5 120 50 59
0.5 120 50 0
0.5 120 48 53
0.5 120 48 0
0.5 120 46 59
0.5 720 46 0
0.5 0 45 53
0.5 240 45 0
0.5 0 46 61
0.5 240 46 0
0.5 0 47 55
0.5 120 47 0
0.5 120 48 61
0.5 120 48 0
0.5 120 50 55
0.5 120 50 0
0.5 120 51 65
0.5 120 51 0
0.5 120 48 55
0.5 120 48 0
0.5 120 50 55
0.5 120 50 0
0.5 120 53 58
0.5 120 50 52
0.5 24 53 0
0.5 96 50 0
0.5 0 51 64
0.5 240 51 0
0.5 0 38 55
0.5 0 50 55
0.5 120 50 0
0.5 0 38 0
0.5 120 36 61
0.5 0 48 61
0.5 120 48 0
0.5 0 36 0
0.5 120 34 55
0.5 0 46 55
0.5 120 46 0
0.5 0 34 0
0.5 120 33 66
0.5 0 45 66
0.5 720 45 0
0.5 0 33 0
0.5 0 33 56
0.5 0 45 56
0.5 240 45 0
0.5 0 33 0
0.5 0 34 61
0.5 0 46 61
0.5 480 46 0
0.5 0 34 0
0.5 0 36 60
0.5 0 48 60
0.5 480 48 0
0.5 0 36 0
0.5 0 38 63
0.5 0 50 63
0.5 480 50 0
0.5 0 38 0
0.5 0 43 54
0.5 0 50 64
0.5 240 50 0
0.5 0 43 0
0.5 0 55 60
0.5 120 54 46
0.5 24 55 0
0.5 96 54 0
0.5 0 55 68
0.5 120 56 50
0.5 24 55 0
0.5 96 56 0
0.5 0 53 58
0.5 120 55 49
0.5 24 53 0
0.5 96 55 0
0.5 0 51 60
0.5 120 53 50
0.5 24 51 0
0.5 96 53 0
0.5 0 50 56
0.5 120 51 48
0.5 24 50 0
0.5 96 51 0
0.5 0 48 60
0.5 120 48 0
0.5 0 50 51
0.5 120 50 0
0.5 0 51 51
0.5 120 51 0
0.5 0 55 57
0.5 120 55 0
0.5 0 60 56
0.5 120 60 0
0.5 0 62 60
0.5 120 62 0
0.5 0 63 65
0.5 120 63 0
0.5 0 59 56
0.5 120 59 0
0.5 0 60 67
0.5 120 59 51
0.5 24 60 0
0.5 96 59 0
0.5 0 60 59
0.5 120 55 51
0.5 24 60 0
0.5 96 55 0
0.5 0 56 60
0.5 120 55 48
0.5 24 56 0
0.5 96 55 0
0.5 0 56 54
0.5 120 52 47
0.5 24 56 0
0.5 96 52 0
0.5 0 53 58
0.5 120 52 50
0.5 24 53 0
0.5 96 52 0
0.5 0 53 54
0.5 120 50 48
0.5 24 53 0
0.5 96 50 0
0.5 0 55 57
0.5 120 55 0
0.5 0 53 56
0.5 120 53 0
0.5 0 51 55
0.5 120 51 0
0.5 0 50 54
0.5 120 50 0
0.5 0 51 55
0.5 240 51 0
0.5 0 51 53
0.5 120 51 0
0.5 120 50 59
0.5 120 50 0
0.5 120 48 53
0.5 120 48 0
0.5 120 46 59
0.5 720 46 0
0.5 0 45 53
0.5 240 45 0
0.5 0 46 61
0.5 240 46 0
0.5 0 47 55
0.5 120 47 0
0.5 120 48 61
0.5 120 48 0
0.5 120 50 55
0.5 120 50 0
0.5 120 51 65
0.5 120 51 0
0.5 120 48 55
0.5 120 48 0
0.5 120 50 55
0.5 120 50 0
0.5 120 53 58
0.5 120 50 52
0.5 24 53 0
0.5 96 50 0
0.5 0 51 64
0.5 240 51 0
0.5 0 38 55
0.5 0 50 55
0.5 120 50 0
0.5 0 38 0
0.5 120 36 61
0.5 0 48 61
0.5 120 48 0
0.5 0 36 0
0.5 120 34 55
0.5 0 46 55
0.5 120 46 0
0.5 0 34 0
0.5 120 33 66
0.5 0 45 66
0.5 720 45 0
0.5 0 33 0
0.5 0 33 56
0.5 0 45 56
0.5 240 45 0
0.5 0 33 0
0.5 0 34 61
0.5 0 46 61
0.5 480 46 0
0.5 0 34 0
0.5 0 36 60
0.5 0 48 60
0.5 480 48 0
0.5 0 36 0
0.5 0 38 63
0.5 0 50 63
0.5 480 50 0
0.5 0 38 0
0.5 0 43 54
0.5 0 50 64
0.5 240 50 0
0.5 0 43 0
0.5 240 36 66
0.5 240 36 0
0.5 0 48 63
0.5 480 48 0
0.5 0 52 65
0.5 240 52 0
0.5 0 53 70
0.5 240 41 63
0.5 480 41 0
0.5 0 44 63
0.5 240 44 0
0.5 0 46 71
0.5 240 53 0
0.5 0 53 63
0.5 240 53 0
0.5 0 55 68
0.5 240 55 0
0.5 0 57 69
0.5 240 57 0
0.5 0 58 70
0.5 240 46 0
0.5 0 46 63
0.5 480 46 0
0.5 0 50 63
0.5 240 50 0
0.5 0 51 71
0.5 240 58 0
0.5 0 59 63
0.5 240 59 0
0.5 0 60 68
0.5 240 60 0
0.5 0 62 69
0.5 240 62 0
0.5 0 63 70
0.5 240 51 0
0.5 0 51 63
0.5 480 51 0
0.5 0 55 63
0.5 240 55 0
0.5 0 56 75
0.5 240 63 0
0.5 0 63 72
0.5 0 60 61
0.5 240 56 0
0.5 0 57 73
0.5 240 60 0
0.5 0 63 0
0.5 0 66 66
0.5 0 63 55
0.5 0 60 46
0.5 240 60 0
0.5 0 57 0
0.5 0 66 0
0.5 0 63 0
0.5 0 59 45
0.5 0 62 47
0.5 0 67 63
0.5 0 65 54
0.5 240 65 0
0.5 0 59 0
0.5 0 62 0
0.5 0 67 0
0.5 0 60 48
0.5 0 63 48
0.5 0 68 57
0.5 240 68 0
0.5 0 63 0
0.5 0 60 0
0.5 0 62 45
0.5 0 65 50
0.5 0 67 50
0.5 0 71 60
0.5 240 71 0
0.5 0 62 0
0.5 0 65 0
0.5 0 67 0
0.5 0 63 51
0.5 0 67 51
0.5 0 72 61
0.5 240 72 0
0.5 0 67 0
0.5 0 63 0
0.5 0 67 61
0.5 0 65 61
0.5 0 74 72
0.5 240 74 0
0.5 0 65 0
0.5 0 67 0
0.5 0 55 58
0.5 0 67 71
0.5 480 67 0
0.5 0 55 0
0.5 0 55 56
0.5 0 67 69
0.5 240 55 0
0.5 0 60 54
0.5 240 60 0
0.5 0 67 0
0.5 0 63 68
0.5 240 63 0
0.5 0 69 69
0.5 240 69 0
0.5 0 72 71
0.5 240 72 0
0.5 0 65 60
0.5 0 62 50
0.5 0 71 74
0.5 240 71 0
0.5 0 62 0
0.5 0 65 0
0.5 0 55 62
0.5 0 67 73
0.5 480 67 0
0.5 0 55 0
0.5 0 55 56
0.5 0 67 69
0.5 240 55 0
0.5 0 60 54
0.5 240 60 0
0.5 0 67 0
0.5 0 63 68
0.5 240 63 0
0.5 0 69 72
0.5 240 69 0
0.5 0 72 71
0.5 240 72 0
0.5 0 62 42
0.5 0 65 53
0.5 0 71 70
0.5 240 71 0
0.5 0 65 0
0.5 0 62 0
0.5 0 55 69
0.5 240 55 0
0.5 0 63 42
0.5 0 67 53
0.5 0 72 70
0.5 240 72 0
0.5 0 67 0
0.5 0 63 0
0.5 0 55 69
0.5 240 55 0
0.5 0 65 57
0.5 0 68 72
0.5 240 68 0
0.5 0 65 0
0.5 0 55 67
0.5 240 55 0
0.5 0 63 54
0.5 0 67 71
0.5 240 55 70
0.5 240 67 0
0.5 0 63 0
0.5 0 62 56
0.5 0 65 73
0.5 240 55 0
0.5 0 55 71
0.5 240 65 0
0.5 0 62 0
0.5 0 60 54
0.5 0 63 74
0.5 240 55 0
0.5 0 55 74
0.5 240 63 0
0.5 0 60 0
0.5 0 59 52
0.5 0 62 66
0.5 240 62 0
0.5 0 59 0
0.5 0 55 0
0.5 0 55 87
0.5 480 55 0
0.5 0 43 64
0.5 0 55 80
0.5 240 55 0
0.5 0 43 0
0.5 0 36 76
0.5 0 48 90
0.5 480 48 0
0.5 0 36 0
0.5 0 55 73
0.5 480 55 0
0.5 0 55 89
0.5 0 43 75
0.5 480 43 0
0.5 0 55 0
0.5 0 55 75
0.5 480 55 0
0.5 0 60 88
0.5 0 48 74
0.5 350 60 0
0.5 130 48 0
0.5 0 55 75
0.5 480 55 0
0.5 0 43 75
0.5 7 55 89
0.5 473 43 0
0.5 0 55 76
0.5 7 55 0
0.5 473 55 0
0.5 0 36 67
0.5 0 48 79
0.5 480 48 0
0.5 0 36 0
0.5 0 55 57
0.5 480 55 0
0.5 0 53 82
0.5 0 41 69
0.5 480 41 0
0.5 0 53 0
0.5 0 53 62
0.5 480 53 0
0.5 0 34 73
0.5 0 46 86
0.5 480 46 0
0.5 0 34 0
0.5 0 53 61
0.5 480 53 0
0.5 0 51 91
0.5 0 39 77
0.5 480 39 0
0.5 0 51 0
0.5 0 51 60
0.5 480 51 0
0.5 0 32 66
0.5 0 44 79
0.5 480 44 0
0.5 0 32 0
0.5 0 51 57
0.5 480 51 0
0.5 0 50 76
0.5 0 38 64
0.5 480 38 0
0.5 0 50 0
0.5 0 50 56
0.5 480 50 0
0.5 0 31 61
0.5 0 43 72
0.5 480 43 0
0.5 0 31 0
0.5 0 50 56
0.5 480 50 0
0.5 0 31 60
0.5 0 43 71
0.5 480 43 0
0.5 0 31 0
0.5 0 50 57
0.5 420 43 50
0.5 30 48 56
0.5 30 50 0
0.5 0 57 63
0.5 240 57 0
0.5 0 48 0
0.5 0 43 0
0.5 180 43 57
0.5 30 50 61
0.5 30 59 66
0.5 240 59 0
0.5 0 50 0
0.5 0 43 0
0.5 180 43 53
0.5 30 51 56
0.5 30 60 60
0.5 240 60 0
0.5 0 51 0
0.5 0 43 0
0.5 240 60 54
0.5 120 60 0
0.5 0 57 53
0.5 120 57 0
0.5 0 54 52
0.5 120 54 0
0.5 0 51 52
0.5 120 51 0
0.5 0 43 50
0.5 0 48 54
0.5 0 57 63
0.5 240 57 0
0.5 0 48 0
0.5 0 43 0
0.5 240 43 53
0.5 0 50 57
0.5 0 59 63
0.5 240 59 0
0.5 0 50 0
0.5 0 43 0
0.5 240 43 48
0.5 0 51 53
0.5 0 60 59
0.5 240 60 0
0.5 0 51 0
0.5 0 43 0
0.5 240 60 54
0.5 120 60 0
0.5 0 57 53
0.5 120 57 0
0.5 0 54 52
0.5 120 54 0
0.5 0 51 52
0.5 60 43 42
0.5 60 51 0
0.5 0 52 60
0.5 420 52 0
0.5 0 43 0
0.5 0 43 45
0.5 60 53 66
0.5 420 53 0
0.5 0 43 0
0.5 0 43 40
0.5 60 55 50
0.5 480 55 0
0.5 0 43 0
0.5 0 55 54
0.5 96 55 0
0.5 0 52 53
0.5 96 52 0
0.5 0 49 52
0.5 96 49 0
0.5 0 46 52
0.5 96 46 0
0.5 0 43 52
0.5 96 43 0
0.5 0 31 58
0.5 0 43 73
0.5 480 43 0
0.5 0 31 0
0.5 0 31 63
0.5 0 43 73
0.5 480 43 0
0.5 0 31 0
0.5 0 36 56
0.5 0 43 70
0.5 360 43 0
0.5 120 36 0
0.5 0 36 81
0.5 240 36 0
0.5 0 51 32
0.5 0 55 26
0.5 216 55 0
0.5 0 51 0
0.5 24 50 38
0.5 0 53 32
0.5 456 53 0
0.5 0 50 0
0.5 24 48 35
0.5 0 53 29
0.5 456 53 0
0.5 0 48 0
0.5 24 53 34
0.5 0 46 40
0.5 456 46 0
0.5 0 53 0
0.5 264 51 33
0.5 0 55 27
0.5 240 55 0
0.5 0 51 0
0.5 0 50 38
0.5 0 53 32
0.5 456 53 0
0.5 0 50 0
0.5 24 48 35
0.5 0 53 29
0.5 456 53 0
0.5 0 48 0
0.5 24 53 34
0.5 0 46 40
0.5 456 46 0
0.5 0 53 0
0.5 264 46 33
0.5 0 53 39
0.5 240 53 0
0.5 0 46 0
0.5 0 39 36
0.5 0 51 43
0.5 480 51 0
0.5 0 39 0
0.5 0 51 38
0.5 0 43 32
0.5 480 43 0
0.5 0 51 0
0.5 0 50 46
0.5 0 46 39
0.5 480 46 0
0.5 0 50 0
0.5 240 46 34
0.5 0 50 41
0.5 240 50 0
0.5 0 46 0
0.5 0 39 39
0.5 0 51 46
0.5 480 51 0
0.5 0 39 0
0.5 0 51 40
0.5 0 43 34
0.5 480 43 0
0.5 0 51 0
0.5 0 50 48
0.5 0 46 40
0.5 480 46 0
0.5 0 50 0
0.5 240 46 24
0.5 0 50 29
0.5 240 50 0
0.5 0 46 0
0.5 0 46 29
0.5 0 48 35
0.5 480 48 0
0.5 0 46 0
0.5 0 48 31
0.5 0 45 26
0.5 480 45 0
0.5 0 48 0
0.5 0 46 35
0.5 0 45 29
0.5 480 45 0
0.5 0 46 0
0.5 240 46 27
0.5 240 46 0
0.5 0 39 29
0.5 0 46 35
0.5 480 46 0
0.5 0 39 0
0.5 0 41 25
0.5 0 45 30
0.5 480 45 0
0.5 0 41 0
0.5 0 46 36
0.5 0 34 30
0.5 720 56 34
0.5 0 60 28
0.5 240 60 0
0.5 0 56 0
0.5 0 55 38
0.5 0 58 32
0.5 456 58 0
0.5 0 55 0
0.5 24 34 0
0.5 0 46 0
0.5 0 53 35
0.5 0 58 29
0.5 456 58 0
0.5 0 53 0
0.5 24 58 32
0.5 0 51 38
0.5 456 51 0
0.5 0 58 0
0.5 264 56 32
0.5 0 60 27
0.5 240 60 0
0.5 0 56 0
0.5 0 55 38
0.5 0 58 32
0.5 456 58 0
0.5 0 55 0
0.5 24 53 33
0.5 0 58 28
0.5 456 58 0
0.5 0 53 0
0.5 24 58 33
0.5 0 51 39
0.5 456 51 0
0.5 0 58 0
0.5 264 51 34
0.5 0 58 34
0.5 240 58 0
0.5 0 51 0
0.5 0 48 36
0.5 0 58 43
0.5 480 58 0
0.5 0 48 0
0.5 0 50 35
0.5 0 57 42
0.5 480 57 0
0.5 0 50 0
0.5 0 55 45
0.5 0 43 38
0.5 480 43 0
0.5 0 55 0
0.5 240 43 24
0.5 0 51 29
0.5 240 51 0
0.5 0 43 0
0.5 0 44 29
0.5 0 51 35
0.5 480 51 0
0.5 0 44 0
0.5 0 46 27
0.5 0 50 32
0.5 480 50 0
0.5 0 46 0
0.5 0 48 34
0.5 480 48 0
0.5 240 48 29
0.5 240 48 0
0.5 0 41 35
0.5 480 41 0
0.5 0 46 32
0.5 480 46 0
0.5 0 43 34
0.5 480 43 0
0.5 240 48 29
0.5 240 48 0
0.5 0 41 35
0.5 480 41 0
0.5 0 46 32
0.5 480 46 0
0.5 0 39 34
0.5 480 39 0
0.5 240 39 29
0.5 240 39 0
0.5 0 44 35
0.5 960 44 0
0.5 0 43 34
0.5 480 43 0
0.5 240 39 26
0.5 0 51 26
0.5 0 63 26
0.5 240 39 0
0.5 0 48 34
0.5 0 56 31
0.5 480 48 0
0.5 0 47 32
0.5 480 47 0
0.5 0 56 0
0.5 0 46 30
0.5 0 55 23
0.5 480 55 0
0.5 0 51 0
0.5 0 63 0
0.5 0 46 0
0 1013 64 127
0 215 64 0
0 272 64 127
0 205 64 0
0 278 64 127
0 821 64 0
0 173 64 127
0 183 64 0
0 292 64 127
0 194 64 0
0 240 64 127
0 840 64 0
0 131 64 127
0 229 64 0
0 251 64 127
0 208 64 0
0 272 64 127
0 778 64 0
0 194 64 127
0 423 64 0
0 85 64 127
0 383 64 0
0 60 64 127
0 420 64 0
0 43 64 127
0 293 64 0
0 197 64 127
0 215 64 0
0 272 64 127
0 205 64 0
0 278 64 127
0 821 64 0
0 173 64 127
0 183 64 0
0 292 64 127
0 194 64 0
0 240 64 127
0 840 64 0
0 131 64 127
0 229 64 0
0 251 64 127
0 208 64 0
0 272 64 127
0 778 64 0
0 194 64 127
0 423 64 0
0 85 64 127
0 383 64 0
0 60 64 127
0 420 64 0
0 43 64 127
0 211 64 0
0 64 64 127
0 162 64 0
0 80 64 127
0 658 64 0
0 57 64 127
0 171 64 0
0 97 64 127
0 629 64 0
0 57 64 127
0 177 64 0
0 91 64 127
0 636 64 0
0 90 64 127
0 143 64 0
0 103 64 127
0 623 64 0
0 80 64 127
0 148 64 0
0 80 64 127
0 886 64 0
0 97 64 127
0 863 64 0
0 97 64 127
0 863 64 0
0 97 64 127
0 863 64 0
0 97 64 127
0 863 64 0
0 97 64 127
0 863 64 0
0 97 64 127
0 863 64 0
0 97 64 127
0 631 64 0
0 64 64 127
0 162 64 0
0 80 64 127
0 658 64 0
0 57 64 127
0 171 64 0
0 97 64 127
0 629 64 0
0 57 64 127
0 177 64 0
0 47 64 127
0 680 64 0
0 90 64 127
0 143 64 0
0 103 64 127
0 623 64 0
0 80 64 127
0 148 64 0
0 80 64 127
0 886 64 0
0 97 64 127
0 863 64 0
0 97 64 127
0 863 64 0
0 97 64 127
0 863 64 0
0 97 64 127
0 863 64 0
0 97 64 127
0 863 64 0
0 97 64 127
0 863 64 0
0 97 64 127
0 910 64 127
0 215 64 0
0 272 64 127
0 205 64 0
0 278 64 127
0 821 64 0
0 173 64 127
0 183 64 0
0 292 64 127
0 194 64 0
0 240 64 127
0 840 64 0
0 131 64 127
0 229 64 0
0 251 64 127
0 208 64 0
0 272 64 127
0 743 64 0
0 229 64 127
0 423 64 0
0 85 64 127
0 383 64 0
0 60 64 127
0 420 64 0
0 43 64 127
0 222 64 0
0 1261 64 127
0 404 64 0
0 76 64 127
0 394 64 0
0 1526 64 127
0 394 64 0
0 966 64 127
0 488 64 0
0 66 64 127
0 400 64 0
0 2920 64 127
0 450 64 0
0 122 64 127
0 348 64 0
0 86 64 127
0 404 64 0
0 59 64 127
0 411 64 0
0 86 64 127
0 406 64 0
0 253 64 0
0 1261 64 127
0 404 64 0
0 76 64 127
0 394 64 0
0 1526 64 127
0 394 64 0
0 966 64 127
0 488 64 0
0 66 64 127
0 400 64 0
0 2920 64 127
0 450 64 0
0 122 64 127
0 348 64 0
0 86 64 127
0 404 64 0
0 59 64 127
0 411 64 0
0 86 64 127
0 406 64 0
0 468 64 127
0 252 64 0
0 68 64 127
0 640 64 0
0 113 64 127
0 141 64 0
0 99 64 127
0 607 64 0
0 92 64 127
0 423 64 0
0 57 64 127
0 388 64 0
0 97 64 127
0 166 64 0
0 74 64 127
0 623 64 0
0 106 64 127
0 438 64 0
0 63 64 127
0 353 64 0
0 92 64 127
0 160 64 0
0 57 64 127
0 651 64 0
0 75 64 127
0 394 64 0
0 57 64 127
0 439 64 0
0 80 64 127
0 169 64 0
0 64 64 127
0 173 64 0
0 74 64 127
0 169 64 0
0 71 64 127
0 155 64 0
0 99 64 127
0 153 64 0
0 122 64 127
0 363 64 0
0 117 64 127
0 114 64 0
0 72 64 127
0 411 64 0
0 46 64 127
0 423 64 0
0 99 64 127
0 153 64 0
0 122 64 127
0 363 64 0
0 117 64 127
0 114 64 0
0 72 64 127
0 411 64 0
0 46 64 127
0 389 64 0
0 34 64 127
0 491 64 0
0 95 64 127
0 385 64 0
0 116 64 127
0 366 64 0
0 121 64 127
0 346 64 0
0 106 64 127
0 386 64 0
0 101 64 127
0 373 64 0
0 121 64 127
0 359 64 0
0 114 64 127
0 360 64 0
0 0 64 0
0 80 64 127
0 658 64 0
0 57 64 127
0 171 64 0
0 97 64 127
0 629 64 0
0 57 64 127
0 177 64 0
0 91 64 127
0 636 64 0
0 90 64 127
0 143 64 0
0 103 64 127
0 623 64 0
0 80 64 127
0 148 64 0
0 80 64 127
0 886 64 0
0 97 64 127
0 863 64 0
0 97 64 127
0 863 64 0
0 97 64 127
0 863 64 0
0 97 64 127
0 863 64 0
0 97 64 127
0 863 64 0
0 97 64 127
0 863 64 0
0 97 64 127
0 910 64 127
0 215 64 0
0 272 64 127
0 205 64 0
0 278 64 127
0 821 64 0
0 173 64 127
0 183 64 0
0 292 64 127
0 194 64 0
0 240 64 127
0 840 64 0
0 131 64 127
0 229 64 0
0 251 64 127
0 208 64 0
0 272 64 127
0 749 64 0
0 223 64 127
0 423 64 0
0 85 64 127
0 383 64 0
0 60 64 127
0 420 64 0
0 43 64 127
0 151 64 0
0 401 64 127
0 379 64 0
0 169 64 127
0 304 64 0
0 163 64 127
0 254 64 0
0 651 64 127
0 372 64 0
0 290 64 127
0 195 64 0
0 101 64 127
0 268 64 0
0 686 64 127
0 383 64 0
0 230 64 127
0 249 64 0
0 161 64 127
0 338 64 0
0 559 64 127
0 385 64 0
0 228 64 127
0 297 64 0
0 113 64 127
0 226 64 0
0 678 64 127
0 383 64 0
0 212 64 127
0 266 64 0
0 154 64 127
0 220 64 0
0 731 64 127
0 331 64 0
0 241 64 127
0 238 64 0
0 174 64 127
0 409 64 0
0 501 64 127
0 358 64 0
0 255 64 127
0 226 64 0
0 143 64 127
0 296 64 0
0 775 64 127
0 225 64 0
0 228 64 127
0 252 64 0
0 158 64 127
0 282 64 0
0 600 64 127
0 403 64 0
0 191 64 127
0 284 64 0
0 127 64 127
0 263 64 0
0 747 64 127
0 303 64 0
0 257 64 127
0 224 64 0
0 104 64 127
0 320 64 0
0 645 64 127
0 372 64 0
0 103 64 127
0 372 64 0
0 188 64 127
0 308 64 0
0 537 64 127
0 412 64 0
0 228 64 127
0 253 64 0
0 185 64 127
0 254 64 0
0 645 64 127
0 837 64 0
0 170 64 127
0 282 64 0
0 494 64 127
0 971 64 0
0 203 64 127
0 1413 64 0
1 0 0 0
