0.5 2160 60 34
0.5 0 65 34
0.5 0 69 41
0.5 228 69 0
0.5 0 65 0
0.5 0 60 0
0.5 12 60 38
0.5 0 65 38
0.5 0 69 45
0.5 240 69 0
0.5 0 65 0
0.5 0 60 0
0.5 480 65 35
0.5 0 69 35
0.5 0 72 42
0.5 228 72 0
0.5 0 69 0
0.5 0 65 0
0.5 12 65 38
0.5 0 69 38
0.5 0 72 45
0.5 240 72 0
0.5 0 69 0
0.5 0 65 0
0.5 480 65 34
0.5 0 70 34
0.5 0 74 41
0.5 228 74 0
0.5 0 70 0
0.5 0 65 0
0.5 12 70 39
0.5 0 74 47
0.5 240 74 0
0.5 0 70 0
0.5 480 65 34
0.5 0 69 34
0.5 0 72 40
0.5 228 72 0
0.5 0 69 0
0.5 0 65 0
0.5 12 65 41
0.5 0 69 41
0.5 0 72 49
0.5 240 72 0
0.5 0 69 0
0.5 0 65 0
0.5 480 72 43
0.5 0 70 36
0.5 0 64 36
0.5 228 64 0
0.5 0 70 0
0.5 0 72 0
0.5 12 64 38
0.5 0 70 38
0.5 0 72 45
0.5 480 72 0
0.5 0 70 0
0.5 0 64 0
0.5 240 60 34
0.5 0 65 34
0.5 0 69 41
0.5 228 69 0
0.5 0 65 0
0.5 0 60 0
0.5 12 60 38
0.5 0 65 38
0.5 0 69 45
0.5 480 69 0
0.5 0 65 0
0.5 0 60 0
0.5 240 60 38
0.5 0 67 45
0.5 240 67 0
0.5 0 60 0
0.5 240 65 40
0.5 0 67 40
0.5 0 71 48
0.5 240 71 0
0.5 0 67 0
0.5 0 65 0
0.5 240 64 42
0.5 0 67 42
0.5 0 72 50
0.5 228 72 0
0.5 0 67 0
0.5 0 64 0
0.5 12 64 46
0.5 0 67 46
0.5 0 72 55
0.5 480 72 0
0.5 0 67 0
0.5 0 64 0
0.5 240 60 34
0.5 0 65 34
0.5 0 69 41
0.5 228 69 0
0.5 0 65 0
0.5 0 60 0
0.5 12 60 38
0.5 0 65 38
0.5 0 69 45
0.5 240 69 0
0.5 0 65 0
0.5 0 60 0
0.5 480 65 35
0.5 0 69 35
0.5 0 72 42
0.5 228 72 0
0.5 0 69 0
0.5 0 65 0
0.5 12 65 38
0.5 0 69 38
0.5 0 72 45
0.5 240 72 0
0.5 0 69 0
0.5 0 65 0
0.5 480 65 34
0.5 0 70 34
0.5 0 74 41
0.5 228 74 0
0.5 0 70 0
0.5 0 65 0
0.5 12 70 39
0.5 0 74 47
0.5 240 74 0
0.5 0 70 0
0.5 480 65 34
0.5 0 69 34
0.5 0 72 40
0.5 228 72 0
0.5 0 69 0
0.5 0 65 0
0.5 12 65 41
0.5 0 69 41
0.5 0 72 49
0.5 240 72 0
0.5 0 69 0
0.5 0 65 0
0.5 480 72 43
0.5 0 70 36
0.5 0 64 36
0.5 228 64 0
0.5 0 70 0
0.5 0 72 0
0.5 12 64 38
0.5 0 70 38
0.5 0 72 45
0.5 480 72 0
0.5 0 70 0
0.5 0 64 0
0.5 240 60 34
0.5 0 65 34
0.5 0 69 41
0.5 228 69 0
0.5 0 65 0
0.5 0 60 0
0.5 12 60 38
0.5 0 65 38
0.5 0 69 45
0.5 480 69 0
0.5 0 65 0
0.5 0 60 0
0.5 240 60 45
0.5 0 67 45
0.5 240 67 0
0.5 0 60 0
0.5 240 65 40
0.5 0 67 40
0.5 0 71 48
0.5 240 71 0
0.5 0 67 0
0.5 0 65 0
0.5 240 64 42
0.5 0 67 42
0.5 0 72 50
0.5 228 72 0
0.5 0 67 0
0.5 0 64 0
0.5 12 64 46
0.5 0 67 46
0.5 0 72 55
0.5 240 72 0
0.5 0 67 0
0.5 0 64 0
0.5 0 60 57
0.5 240 60 0
0.5 0 70 62
0.5 240 60 34
0.5 0 64 41
0.5 228 64 0
0.5 0 60 0
0.5 12 60 38
0.5 0 64 45
0.5 240 64 0
0.5 0 60 0
0.5 0 70 0
0.5 0 69 57
0.5 240 69 0
0.5 0 67 63
0.5 240 58 35
0.5 0 60 42
0.5 228 60 0
0.5 0 58 0
0.5 12 58 38
0.5 0 60 45
0.5 228 60 0
0.5 0 58 0
0.5 12 67 0
0.5 0 60 57
0.5 240 60 0
0.5 0 70 63
0.5 240 70 0
0.5 0 60 48
0.5 0 69 57
0.5 240 69 0
0.5 0 60 0
0.5 0 60 53
0.5 0 67 63
0.5 240 67 0
0.5 0 60 0
0.5 0 59 48
0.5 0 65 57
0.5 240 65 0
0.5 0 59 0
0.5 0 67 70
0.5 240 60 40
0.5 228 60 0
0.5 12 60 49
0.5 228 60 0
0.5 12 67 0
0.5 0 60 57
0.5 240 60 0
0.5 0 65 62
0.5 240 57 34
0.5 0 60 41
0.5 228 60 0
0.5 0 57 0
0.5 12 57 38
0.5 0 60 45
0.5 228 60 0
0.5 0 57 0
0.5 12 65 0
0.5 0 69 57
0.5 240 69 0
0.5 0 72 63
0.5 240 65 35
0.5 0 69 42
0.5 228 69 0
0.5 0 65 0
0.5 12 65 38
0.5 0 69 45
0.5 228 69 0
0.5 0 65 0
0.5 12 72 0
0.5 0 65 57
0.5 240 65 0
0.5 0 70 63
0.5 240 70 0
0.5 0 74 57
0.5 0 65 34
0.5 0 70 34
0.5 240 70 0
0.5 0 65 0
0.5 0 74 0
0.5 0 77 55
0.5 240 77 0
0.5 0 74 57
0.5 0 70 39
0.5 0 65 39
0.5 240 65 0
0.5 0 70 0
0.5 0 74 0
0.5 0 72 70
0.5 240 65 34
0.5 0 69 40
0.5 228 69 0
0.5 0 65 0
0.5 12 65 41
0.5 0 69 49
0.5 240 69 0
0.5 0 65 0
0.5 0 72 0
0.5 480 72 43
0.5 0 70 36
0.5 0 64 36
0.5 228 64 0
0.5 0 70 0
0.5 0 72 0
0.5 12 64 38
0.5 0 70 38
0.5 0 72 45
0.5 480 72 0
0.5 0 70 0
0.5 0 64 0
0.5 240 60 34
0.5 0 65 34
0.5 0 69 41
0.5 228 69 0
0.5 0 65 0
0.5 0 60 0
0.5 12 60 38
0.5 0 65 38
0.5 0 69 45
0.5 228 69 0
0.5 0 65 0
0.5 0 60 0
0.5 12 60 38
0.5 0 65 38
0.5 0 69 45
0.5 240 69 0
0.5 0 65 0
0.5 0 60 0
0.5 240 62 38
0.5 0 67 45
0.5 240 67 0
0.5 0 62 0
0.5 240 58 40
0.5 0 60 48
0.5 240 60 0
0.5 0 58 0
0.5 240 57 42
0.5 0 60 42
0.5 0 65 50
0.5 228 65 0
0.5 0 60 0
0.5 0 57 0
0.5 12 57 46
0.5 0 60 46
0.5 0 65 55
0.5 228 65 0
0.5 0 60 0
0.5 0 57 0
0.5 12 60 57
0.5 240 60 0
0.5 0 70 62
0.5 240 60 34
0.5 0 64 41
0.5 228 64 0
0.5 0 60 0
0.5 12 60 38
0.5 0 64 45
0.5 240 64 0
0.5 0 60 0
0.5 0 70 0
0.5 0 69 57
0.5 240 69 0
0.5 0 67 63
0.5 240 58 35
0.5 0 60 42
0.5 228 60 0
0.5 0 58 0
0.5 12 58 38
0.5 0 60 45
0.5 228 60 0
0.5 0 58 0
0.5 12 67 0
0.5 0 60 57
0.5 240 60 0
0.5 0 70 63
0.5 240 70 0
0.5 0 60 48
0.5 0 69 57
0.5 240 69 0
0.5 0 60 0
0.5 0 60 53
0.5 0 67 63
0.5 240 67 0
0.5 0 60 0
0.5 0 59 48
0.5 0 65 57
0.5 240 65 0
0.5 0 59 0
0.5 0 67 70
0.5 240 60 40
0.5 228 60 0
0.5 12 60 49
0.5 228 60 0
0.5 12 67 0
0.5 0 60 57
0.5 240 60 0
0.5 0 65 62
0.5 240 57 34
0.5 0 60 41
0.5 228 60 0
0.5 0 57 0
0.5 12 57 38
0.5 0 60 45
0.5 228 60 0
0.5 0 57 0
0.5 12 65 0
0.5 0 69 57
0.5 240 69 0
0.5 0 72 63
0.5 240 65 35
0.5 0 69 42
0.5 228 69 0
0.5 0 65 0
0.5 12 65 38
0.5 0 69 45
0.5 228 69 0
0.5 0 65 0
0.5 12 72 0
0.5 0 65 57
0.5 240 65 0
0.5 0 70 63
0.5 240 70 0
0.5 0 74 57
0.5 0 65 34
0.5 0 70 34
0.5 240 70 0
0.5 0 65 0
0.5 0 74 0
0.5 0 77 55
0.5 240 77 0
0.5 0 74 57
0.5 0 70 39
0.5 0 65 39
0.5 240 65 0
0.5 0 70 0
0.5 0 74 0
0.5 0 72 70
0.5 240 65 34
0.5 0 69 40
0.5 228 69 0
0.5 0 65 0
0.5 12 65 41
0.5 0 69 49
0.5 240 69 0
0.5 0 65 0
0.5 0 72 0
0.5 480 72 43
0.5 0 70 36
0.5 0 64 36
0.5 228 64 0
0.5 0 70 0
0.5 0 72 0
0.5 12 64 38
0.5 0 70 38
0.5 0 72 45
0.5 480 72 0
0.5 0 70 0
0.5 0 64 0
0.5 240 60 34
0.5 0 65 34
0.5 0 69 41
0.5 228 69 0
0.5 0 65 0
0.5 0 60 0
0.5 12 60 38
0.5 0 65 38
0.5 0 69 45
0.5 228 69 0
0.5 0 65 0
0.5 0 60 0
0.5 12 60 38
0.5 0 65 38
0.5 0 69 45
0.5 240 69 0
0.5 0 65 0
0.5 0 60 0
0.5 240 62 38
0.5 0 67 45
0.5 240 67 0
0.5 0 62 0
0.5 240 58 40
0.5 0 60 48
0.5 240 60 0
0.5 0 58 0
0.5 240 57 42
0.5 0 60 42
0.5 0 65 50
0.5 228 65 0
0.5 0 60 0
0.5 0 57 0
0.5 12 57 46
0.5 0 60 46
0.5 0 65 55
0.5 240 65 0
0.5 0 60 0
0.5 0 57 0
1 0 0 0
0.5 1680 48 50
0.5 240 48 0
0.5 0 53 54
0.5 720 53 0
0.5 0 57 50
0.5 240 57 0
0.5 0 60 55
0.5 720 60 0
0.5 0 53 50
0.5 240 53 0
0.5 0 58 55
0.5 240 58 0
0.5 0 62 50
0.5 240 62 0
0.5 0 65 55
0.5 240 65 0
0.5 0 62 50
0.5 240 62 0
0.5 0 60 61
0.5 720 60 0
0.5 0 57 52
0.5 240 57 0
0.5 0 58 59
0.5 240 58 0
0.5 0 55 46
0.5 240 55 0
0.5 0 48 44
0.5 240 48 0
0.5 0 58 50
0.5 240 58 0
0.5 0 57 57
0.5 240 57 0
0.5 0 53 45
0.5 240 53 0
0.5 0 48 45
0.5 240 48 0
0.5 0 57 45
0.5 240 57 0
0.5 0 52 54
0.5 480 52 0
0.5 0 50 55
0.5 480 50 0
0.5 0 48 57
0.5 480 48 0
0.5 240 48 50
0.5 240 48 0
0.5 0 53 54
0.5 720 53 0
0.5 0 57 50
0.5 240 57 0
0.5 0 60 55
0.5 720 60 0
0.5 0 53 50
0.5 240 53 0
0.5 0 58 55
0.5 240 58 0
0.5 0 62 50
0.5 240 62 0
0.5 0 65 55
0.5 240 65 0
0.5 0 62 50
0.5 240 62 0
0.5 0 60 61
0.5 720 60 0
0.5 0 57 52
0.5 240 57 0
0.5 0 58 59
0.5 240 58 0
0.5 0 55 46
0.5 240 55 0
0.5 0 48 44
0.5 240 48 0
0.5 0 58 50
0.5 240 58 0
0.5 0 57 57
0.5 240 57 0
0.5 0 53 45
0.5 240 53 0
0.5 0 48 45
0.5 240 48 0
0.5 0 57 45
0.5 240 57 0
0.5 0 52 54
0.5 480 52 0
0.5 0 50 55
0.5 480 50 0
0.5 0 48 57
0.5 480 48 0
0.5 240 48 50
0.5 240 48 0
0.5 0 55 54
0.5 720 55 0
0.5 0 53 50
0.5 240 53 0
0.5 0 52 55
0.5 720 52 0
0.5 0 48 50
0.5 240 48 0
0.5 0 55 55
0.5 240 55 0
0.5 0 53 42
0.5 240 53 0
0.5 0 52 46
0.5 240 52 0
0.5 0 50 42
0.5 240 50 0
0.5 0 48 61
0.5 720 48 0
0.5 0 48 50
0.5 240 48 0
0.5 0 53 54
0.5 720 53 0
0.5 0 57 50
0.5 240 57 0
0.5 0 60 55
0.5 720 60 0
0.5 0 53 50
0.5 240 53 0
0.5 0 58 55
0.5 240 58 0
0.5 0 62 50
0.5 240 62 0
0.5 0 65 55
0.5 240 65 0
0.5 0 62 50
0.5 240 62 0
0.5 0 60 61
0.5 720 60 0
0.5 0 57 52
0.5 240 57 0
0.5 0 58 59
0.5 240 58 0
0.5 0 55 46
0.5 240 55 0
0.5 0 48 44
0.5 240 48 0
0.5 0 58 50
0.5 240 58 0
0.5 0 57 57
0.5 240 57 0
0.5 0 53 45
0.5 240 53 0
0.5 0 48 45
0.5 240 48 0
0.5 0 57 45
0.5 240 57 0
0.5 0 46 54
0.5 0 55 54
0.5 480 55 0
0.5 0 46 0
0.5 0 48 55
0.5 0 52 55
0.5 480 52 0
0.5 0 48 0
0.5 0 53 57
0.5 480 53 0
0.5 240 48 50
0.5 240 48 0
0.5 0 55 54
0.5 720 55 0
0.5 0 53 50
0.5 240 53 0
0.5 0 52 55
0.5 720 52 0
0.5 0 48 50
0.5 240 48 0
0.5 0 55 55
0.5 240 55 0
0.5 0 53 42
0.5 240 53 0
0.5 0 52 46
0.5 240 52 0
0.5 0 50 42
0.5 240 50 0
0.5 0 48 61
0.5 720 48 0
0.5 0 48 50
0.5 240 48 0
0.5 0 53 54
0.5 720 53 0
0.5 0 57 50
0.5 240 57 0
0.5 0 60 55
0.5 720 60 0
0.5 0 53 50
0.5 240 53 0
0.5 0 58 55
0.5 240 58 0
0.5 0 62 50
0.5 240 62 0
0.5 0 65 55
0.5 240 65 0
0.5 0 62 50
0.5 240 62 0
0.5 0 60 61
0.5 720 60 0
0.5 0 57 52
0.5 240 57 0
0.5 0 58 59
0.5 240 58 0
0.5 0 55 46
0.5 240 55 0
0.5 0 48 44
0.5 240 48 0
0.5 0 58 50
0.5 240 58 0
0.5 0 57 57
0.5 240 57 0
0.5 0 53 45
0.5 240 53 0
0.5 0 48 45
0.5 240 48 0
0.5 0 57 45
0.5 240 57 0
0.5 0 46 54
0.5 0 55 54
0.5 480 55 0
0.5 0 46 0
0.5 0 48 55
0.5 0 52 55
0.5 480 52 0
0.5 0 48 0
0.5 0 53 57
0.5 480 53 0
0 1624 64 127
0 1018 64 0
0 450 64 127
0 517 64 0
0 457 64 127
0 504 64 0
0 456 64 127
0 500 64 0
0 424 64 127
0 774 64 0
0 148 64 127
0 808 64 0
0 141 64 127
0 355 64 0
0 117 64 127
0 360 64 0
0 144 64 127
0 803 64 0
0 184 64 127
0 538 64 0
0 450 64 127
0 517 64 0
0 457 64 127
0 504 64 0
0 456 64 127
0 500 64 0
0 424 64 127
0 774 64 0
0 148 64 127
0 808 64 0
0 141 64 127
0 355 64 0
0 117 64 127
0 360 64 0
0 144 64 127
0 572 64 0
0 111 64 127
0 842 64 0
0 450 64 127
0 517 64 0
0 277 64 127
0 446 64 0
0 148 64 127
0 334 64 0
0 212 64 127
0 734 64 0
0 113 64 127
0 609 64 0
0 450 64 127
0 517 64 0
0 457 64 127
0 504 64 0
0 456 64 127
0 500 64 0
0 424 64 127
0 774 64 0
0 148 64 127
0 808 64 0
0 141 64 127
0 355 64 0
0 117 64 127
0 360 64 0
0 144 64 127
0 575 64 0
0 115 64 127
0 835 64 0
0 450 64 127
0 517 64 0
0 266 64 127
0 452 64 0
0 153 64 127
0 343 64 0
0 203 64 127
0 734 64 0
0 113 64 127
0 609 64 0
0 450 64 127
0 517 64 0
0 457 64 127
0 504 64 0
0 456 64 127
0 500 64 0
0 424 64 127
0 774 64 0
0 148 64 127
0 808 64 0
0 141 64 127
0 355 64 0
0 117 64 127
0 360 64 0
0 144 64 127
0 803 64 0
1 0 0 0
