0 0 7 100
0 0 10 64
0.5 0 65 44
0.5 0 69 49
0.5 480 77 52
0.5 480 69 0
0.5 0 65 0
0.5 0 69 49
0.5 0 67 44
0.5 480 77 0
0.5 0 76 53
0.5 480 67 0
0.5 0 69 0
0.5 0 65 36
0.5 0 69 42
0.5 240 76 0
0.5 0 74 52
0.5 240 74 0
0.5 0 69 0
0.5 0 65 0
0.5 0 68 54
0.5 240 68 0
0.5 0 69 50
0.5 240 69 0
0.5 0 62 42
0.5 0 69 42
0.5 0 74 52
0.5 720 74 0
0.5 0 72 47
0.5 240 72 0
0.5 0 69 0
0.5 0 67 47
0.5 0 70 52
0.5 480 70 0
0.5 0 67 0
0.5 0 62 0
0.5 0 70 59
0.5 480 62 49
0.5 0 60 44
0.5 480 70 0
0.5 0 66 57
0.5 480 60 0
0.5 0 62 0
0.5 0 58 36
0.5 0 62 36
0.5 240 66 0
0.5 0 67 57
0.5 240 67 0
0.5 0 62 0
0.5 0 58 0
0.5 0 67 36
0.5 0 64 34
0.5 0 76 62
0.5 240 76 0
0.5 0 74 58
0.5 240 74 0
0.5 0 64 0
0.5 0 67 0
0.5 0 64 36
0.5 0 67 36
0.5 0 74 59
0.5 480 74 0
0.5 0 73 56
0.5 480 73 0
0.5 0 67 0
0.5 0 64 0
0.5 160 69 58
0.5 160 69 0
0.5 0 71 55
0.5 160 71 0
0.5 0 73 57
0.5 160 73 0
0.5 0 74 61
0.5 160 74 0
0.5 0 76 64
0.5 160 76 0
0.5 0 81 68
0.5 1120 81 0
0.5 0 69 61
0.5 160 69 0
0.5 0 71 57
0.5 160 71 0
0.5 0 73 61
0.5 160 73 0
0.5 0 74 65
0.5 160 74 0
0.5 0 76 68
0.5 160 76 0
0.5 0 81 72
0.5 720 81 0
0.5 0 74 67
0.5 240 74 0
0.5 0 79 69
0.5 160 79 0
0.5 0 77 65
0.5 160 77 0
0.5 0 76 64
0.5 100 76 0
0.5 0 74 62
0.5 30 74 0
0.5 0 76 62
0.5 30 76 0
0.5 0 74 69
0.5 160 74 0
0.5 0 73 64
0.5 160 73 0
0.5 0 74 64
0.5 160 74 0
0.5 0 77 69
0.5 640 77 0
0.5 0 76 63
0.5 160 76 0
0.5 0 74 57
0.5 320 74 0
0.5 0 73 68
0.5 160 73 0
0.5 0 72 58
0.5 320 72 0
0.5 0 71 66
0.5 160 71 0
0.5 0 70 57
0.5 320 70 0
0.5 0 69 63
0.5 160 69 0
0.5 0 65 55
0.5 420 65 0
0.5 0 64 50
0.5 30 64 0
0.5 0 65 50
0.5 30 65 0
0.5 0 64 56
0.5 160 64 0
0.5 0 62 54
0.5 240 62 0
0.5 480 69 49
0.5 480 69 0
0.5 0 71 53
0.5 480 71 0
0.5 0 73 57
0.5 480 73 0
0.5 0 74 49
0.5 480 74 0
0.5 0 73 54
0.5 480 73 0
0.5 0 72 53
0.5 240 72 0
0.5 0 70 52
0.5 240 70 0
0.5 0 69 51
0.5 240 69 0
0.5 0 67 57
0.5 240 67 0
0.5 0 62 53
0.5 480 62 0
0.5 0 74 67
0.5 480 74 0
0.5 0 70 63
0.5 480 70 0
0.5 0 69 57
0.5 480 69 0
0.5 0 67 57
0.5 480 67 0
0.5 0 68 56
0.5 480 68 0
0.5 0 69 55
0.5 480 69 0
0.5 0 64 53
0.5 240 64 0
0.5 160 72 69
0.5 160 72 0
0.5 0 74 70
0.5 160 74 0
0.5 0 76 73
0.5 160 76 0
0.5 0 77 70
0.5 160 77 0
0.5 0 79 67
0.5 160 79 0
0.5 0 72 74
0.5 960 72 0
0.5 160 69 71
0.5 160 69 0
0.5 0 71 71
0.5 160 71 0
0.5 0 73 73
0.5 160 73 0
0.5 0 74 70
0.5 160 74 0
0.5 0 76 67
0.5 160 76 0
0.5 0 69 74
0.5 960 69 0
0.5 160 64 71
0.5 100 64 0
0.5 60 65 70
0.5 100 65 0
0.5 60 67 71
0.5 100 67 0
0.5 60 69 70
0.5 100 69 0
0.5 60 70 71
0.5 320 70 0
0.5 0 70 71
0.5 160 70 0
0.5 0 69 67
0.5 320 69 0
0.5 0 68 69
0.5 160 68 0
0.5 0 67 66
0.5 320 67 0
0.5 0 66 68
0.5 160 66 0
0.5 0 65 62
0.5 320 65 0
0.5 0 63 66
0.5 160 63 0
0.5 0 64 61
0.5 160 53 38
0.5 0 57 38
0.5 320 64 0
0.5 0 61 55
0.5 160 61 0
0.5 0 61 55
0.5 320 61 0
0.5 0 62 50
0.5 160 62 0
0.5 0 57 0
0.5 0 53 0
0.5 160 67 58
0.5 160 67 0
0.5 0 69 58
0.5 160 69 0
0.5 0 70 57
0.5 160 70 0
0.5 0 71 60
0.5 160 71 0
0.5 0 72 63
0.5 160 72 0
0.5 0 77 67
0.5 320 77 0
0.5 0 76 63
0.5 160 76 0
0.5 0 76 65
0.5 320 76 0
0.5 0 74 63
0.5 160 74 0
0.5 0 74 64
0.5 160 64 54
0.5 160 64 0
0.5 0 65 54
0.5 160 65 0
0.5 0 74 0
0.5 0 66 56
0.5 0 72 67
0.5 160 66 0
0.5 0 67 56
0.5 160 67 0
0.5 0 68 56
0.5 160 68 0
0.5 0 70 67
0.5 160 72 0
0.5 0 72 56
0.5 160 72 0
0.5 0 71 56
0.5 160 71 0
0.5 0 70 0
0.5 0 74 61
0.5 0 69 45
0.5 320 74 0
0.5 0 72 58
0.5 160 72 0
0.5 0 69 0
0.5 160 67 58
0.5 160 67 0
0.5 0 69 58
0.5 160 69 0
0.5 0 70 57
0.5 160 70 0
0.5 0 71 60
0.5 160 71 0
0.5 0 72 63
0.5 160 72 0
0.5 0 77 67
0.5 320 77 0
0.5 0 76 63
0.5 160 76 0
0.5 0 76 65
0.5 320 76 0
0.5 0 74 63
0.5 160 74 0
0.5 0 74 64
0.5 160 64 54
0.5 160 64 0
0.5 0 63 54
0.5 160 63 0
0.5 0 74 0
0.5 0 64 56
0.5 0 73 67
0.5 160 64 0
0.5 0 65 56
0.5 160 65 0
0.5 0 64 56
0.5 160 64 0
0.5 0 70 67
0.5 160 73 0
0.5 0 74 64
0.5 160 74 0
0.5 0 73 62
0.5 160 73 0
0.5 0 70 0
0.5 0 69 54
0.5 0 76 68
0.5 320 76 0
0.5 0 74 58
0.5 160 74 0
0.5 0 69 0
0.5 0 77 68
0.5 160 67 60
0.5 160 67 0
0.5 0 66 60
0.5 160 66 0
0.5 0 77 0
0.5 0 67 70
0.5 0 76 70
0.5 160 67 0
0.5 0 69 60
0.5 160 69 0
0.5 0 67 60
0.5 160 67 0
0.5 0 74 72
0.5 160 76 0
0.5 0 77 67
0.5 160 77 0
0.5 0 76 67
0.5 70 76 0
0.5 60 67 54
0.5 15 73 63
0.5 15 74 0
0.5 0 82 71
0.5 320 82 0
0.5 0 81 57
0.5 160 81 0
0.5 0 73 0
0.5 0 67 0
0.5 160 81 65
0.5 160 81 0
0.5 0 80 66
0.5 160 80 0
0.5 0 82 70
0.5 320 82 0
0.5 0 81 64
0.5 160 81 0
0.5 0 81 67
0.5 160 81 0
0.5 0 79 59
0.5 160 79 0
0.5 0 78 61
0.5 160 78 0
0.5 0 81 62
0.5 320 81 0
0.5 0 79 63
0.5 100 79 0
0.5 220 79 65
0.5 160 79 0
0.5 0 78 63
0.5 160 78 0
0.5 0 81 67
0.5 320 81 0
0.5 0 79 64
0.5 160 79 0
0.5 0 79 69
0.5 160 79 0
0.5 0 77 66
0.5 160 77 0
0.5 0 76 64
0.5 160 76 0
0.5 0 79 70
0.5 320 79 0
0.5 0 77 62
0.5 100 77 0
0.5 220 77 65
0.5 160 77 0
0.5 0 76 63
0.5 160 76 0
0.5 0 79 70
0.5 320 79 0
0.5 0 77 65
0.5 160 77 0
0.5 0 77 69
0.5 160 77 0
0.5 0 76 66
0.5 160 76 0
0.5 0 74 64
0.5 160 74 0
0.5 0 77 69
0.5 160 77 0
0.5 0 76 67
0.5 160 76 0
0.5 0 74 65
0.5 160 74 0
0.5 160 67 61
0.5 160 67 0
0.5 0 69 62
0.5 160 69 0
0.5 0 70 66
0.5 160 70 0
0.5 0 77 62
0.5 160 77 0
0.5 0 76 58
0.5 160 76 0
0.5 0 74 64
0.5 160 74 0
0.5 0 73 61
0.5 160 73 0
0.5 0 72 59
0.5 160 72 0
0.5 0 73 62
0.5 320 73 0
0.5 0 69 55
0.5 160 69 0
0.5 160 81 55
0.5 160 81 0
0.5 0 80 53
0.5 160 80 0
0.5 0 82 58
0.5 320 82 0
0.5 0 81 54
0.5 160 81 0
0.5 0 81 56
0.5 160 81 0
0.5 0 79 52
0.5 160 79 0
0.5 0 78 50
0.5 160 78 0
0.5 0 81 59
0.5 320 81 0
0.5 0 79 53
0.5 100 79 0
0.5 220 79 55
0.5 160 79 0
0.5 0 78 53
0.5 160 78 0
0.5 0 81 58
0.5 320 81 0
0.5 0 79 53
0.5 160 79 0
0.5 0 79 57
0.5 160 79 0
0.5 0 77 56
0.5 160 77 0
0.5 0 76 54
0.5 160 76 0
0.5 0 79 58
0.5 320 79 0
0.5 0 77 52
0.5 100 77 0
0.5 220 77 55
0.5 160 77 0
0.5 0 76 56
0.5 160 76 0
0.5 0 79 59
0.5 320 79 0
0.5 0 77 56
0.5 160 77 0
0.5 0 77 58
0.5 160 77 0
0.5 0 76 56
0.5 160 76 0
0.5 0 74 54
0.5 160 74 0
0.5 0 77 58
0.5 160 77 0
0.5 0 76 56
0.5 160 76 0
0.5 0 74 55
0.5 160 74 0
0.5 160 67 55
0.5 160 67 0
0.5 0 69 56
0.5 160 69 0
0.5 0 70 59
0.5 160 70 0
0.5 0 77 56
0.5 160 77 0
0.5 0 76 52
0.5 160 76 0
0.5 0 74 57
0.5 160 74 0
0.5 0 73 55
0.5 160 73 0
0.5 0 72 53
0.5 160 72 0
0.5 0 73 56
0.5 320 73 0
0.5 0 69 49
0.5 160 69 0
0.5 0 62 49
0.5 160 67 51
0.5 160 67 0
0.5 0 66 51
0.5 160 66 0
0.5 0 69 54
0.5 320 69 0
0.5 0 67 52
0.5 160 67 0
0.5 0 62 0
0.5 0 61 41
0.5 0 67 49
0.5 240 67 0
0.5 0 61 0
0.5 720 62 49
0.5 160 67 51
0.5 160 67 0
0.5 0 66 51
0.5 160 66 0
0.5 0 69 54
0.5 320 69 0
0.5 0 67 52
0.5 160 67 0
0.5 0 62 0
0.5 0 61 41
0.5 0 67 49
0.5 240 67 0
0.5 0 61 0
0.5 4560 65 44
0.5 0 69 49
0.5 480 77 53
0.5 480 69 0
0.5 0 65 0
0.5 0 69 49
0.5 0 67 44
0.5 480 77 0
0.5 0 76 54
0.5 480 67 0
0.5 0 69 0
0.5 0 65 36
0.5 0 69 42
0.5 240 76 0
0.5 0 74 52
0.5 240 74 0
0.5 0 69 0
0.5 0 65 0
0.5 0 68 55
0.5 240 68 0
0.5 0 69 52
0.5 240 69 0
0.5 0 62 42
0.5 0 69 42
0.5 0 74 52
0.5 720 74 0
0.5 0 72 50
0.5 240 72 0
0.5 0 69 0
0.5 0 67 47
0.5 0 70 52
0.5 480 70 0
0.5 0 67 0
0.5 0 62 0
0.5 0 70 59
0.5 480 62 49
0.5 0 60 44
0.5 480 70 0
0.5 0 66 57
0.5 480 60 0
0.5 0 62 0
0.5 0 58 36
0.5 0 62 36
0.5 240 66 0
0.5 0 67 57
0.5 240 67 0
0.5 0 62 0
0.5 0 58 0
0.5 0 64 36
0.5 0 67 36
0.5 0 76 62
0.5 240 76 0
0.5 0 74 58
0.5 240 74 0
0.5 0 67 0
0.5 0 64 0
0.5 0 64 36
0.5 0 67 36
0.5 0 74 59
0.5 480 74 0
0.5 0 73 56
0.5 480 73 0
0.5 0 67 0
0.5 0 64 0
0.5 160 69 58
0.5 160 69 0
0.5 0 71 55
0.5 160 71 0
0.5 0 73 61
0.5 160 73 0
0.5 0 74 63
0.5 160 74 0
0.5 0 76 67
0.5 160 76 0
0.5 0 81 68
0.5 1120 81 0
0.5 0 69 61
0.5 160 69 0
0.5 0 71 58
0.5 160 71 0
0.5 0 73 61
0.5 160 73 0
0.5 0 74 62
0.5 160 74 0
0.5 0 76 65
0.5 160 76 0
0.5 0 81 68
0.5 720 81 0
0.5 0 74 68
0.5 240 74 0
0.5 0 79 70
0.5 160 79 0
0.5 0 77 67
0.5 160 77 0
0.5 0 76 66
0.5 100 76 0
0.5 0 74 62
0.5 30 74 0
0.5 0 76 62
0.5 30 76 0
0.5 0 74 69
0.5 160 74 0
0.5 0 73 64
0.5 160 73 0
0.5 0 74 64
0.5 160 74 0
0.5 0 77 69
0.5 640 77 0
0.5 0 76 63
0.5 160 76 0
0.5 0 74 57
0.5 320 74 0
0.5 0 73 68
0.5 160 73 0
0.5 0 72 58
0.5 320 72 0
0.5 0 71 66
0.5 160 71 0
0.5 0 70 57
0.5 320 70 0
0.5 0 69 63
0.5 160 69 0
0.5 0 65 55
0.5 420 65 0
0.5 0 64 50
0.5 30 64 0
0.5 0 65 50
0.5 30 65 0
0.5 0 64 56
0.5 160 64 0
0.5 0 62 54
0.5 240 62 0
0.5 480 69 49
0.5 480 69 0
0.5 0 71 53
0.5 480 71 0
0.5 0 73 57
0.5 480 73 0
0.5 0 74 49
0.5 480 74 0
0.5 0 73 54
0.5 480 73 0
0.5 0 72 53
0.5 240 72 0
0.5 0 70 52
0.5 240 70 0
0.5 0 69 51
0.5 240 69 0
0.5 0 67 57
0.5 240 67 0
0.5 0 62 53
0.5 480 62 0
0.5 0 74 67
0.5 480 74 0
0.5 0 70 63
0.5 480 70 0
0.5 0 69 57
0.5 480 69 0
0.5 0 67 57
0.5 480 67 0
0.5 0 68 56
0.5 480 68 0
0.5 0 69 55
0.5 480 69 0
0.5 0 64 53
0.5 240 64 0
0.5 160 72 69
0.5 160 72 0
0.5 0 74 70
0.5 160 74 0
0.5 0 76 73
0.5 160 76 0
0.5 0 77 70
0.5 160 77 0
0.5 0 79 67
0.5 160 79 0
0.5 0 72 74
0.5 960 72 0
0.5 160 69 71
0.5 160 69 0
0.5 0 71 71
0.5 160 71 0
0.5 0 73 73
0.5 160 73 0
0.5 0 74 70
0.5 160 74 0
0.5 0 76 67
0.5 160 76 0
0.5 0 69 74
0.5 960 69 0
0.5 160 64 71
0.5 100 64 0
0.5 60 65 70
0.5 100 65 0
0.5 60 67 71
0.5 100 67 0
0.5 60 69 70
0.5 100 69 0
0.5 60 70 71
0.5 320 70 0
0.5 0 70 71
0.5 160 70 0
0.5 0 69 67
0.5 320 69 0
0.5 0 68 69
0.5 160 68 0
0.5 0 67 66
0.5 320 67 0
0.5 0 66 68
0.5 160 66 0
0.5 0 65 62
0.5 320 65 0
0.5 0 63 66
0.5 160 63 0
0.5 0 64 61
0.5 160 53 38
0.5 0 57 38
0.5 320 64 0
0.5 0 61 51
0.5 160 61 0
0.5 0 61 50
0.5 320 61 0
0.5 0 62 45
0.5 158 62 0
0.5 2 57 0
0.5 0 53 0
0.5 160 64 45
0.5 160 64 0
0.5 0 63 46
0.5 160 63 0
0.5 0 64 45
0.5 160 64 0
0.5 0 65 43
0.5 160 65 0
0.5 0 64 43
0.5 160 53 28
0.5 0 57 28
0.5 320 64 0
0.5 0 61 40
0.5 160 61 0
0.5 0 61 45
0.5 320 61 0
0.5 0 62 42
0.5 158 62 0
0.5 2 57 0
0.5 0 53 0
0.5 160 67 45
0.5 160 67 0
0.5 0 69 46
0.5 160 69 0
0.5 0 70 47
0.5 480 57 28
0.5 0 62 28
0.5 160 70 0
0.5 0 65 46
0.5 160 65 0
0.5 0 67 45
0.5 160 67 0
0.5 0 69 49
0.5 480 69 0
0.5 0 62 0
0.5 0 57 0
0.5 160 64 45
0.5 160 64 0
0.5 0 63 46
0.5 160 63 0
0.5 0 64 45
0.5 160 64 0
0.5 0 65 43
0.5 160 65 0
0.5 0 64 43
0.5 160 53 28
0.5 0 57 28
0.5 320 64 0
0.5 0 61 40
0.5 160 61 0
0.5 0 61 45
0.5 320 61 0
0.5 0 62 42
0.5 158 62 0
0.5 2 57 0
0.5 0 53 0
0.5 160 55 40
0.5 160 57 41
0.5 20 55 0
0.5 140 58 42
0.5 20 57 0
0.5 620 58 0
0.5 0 53 41
0.5 160 55 40
0.5 20 53 0
0.5 140 57 44
0.5 20 55 0
0.5 460 57 0
0.5 160 55 40
0.5 160 57 41
0.5 20 55 0
0.5 140 58 42
0.5 20 57 0
0.5 620 58 0
0.5 0 53 41
0.5 160 55 40
0.5 20 53 0
0.5 140 57 44
0.5 20 55 0
0.5 780 57 0
0.5 0 58 36
0.5 160 58 0
0.5 0 58 39
0.5 320 57 36
0.5 20 58 0
0.5 140 57 0
0.5 0 58 39
0.5 320 57 34
0.5 20 58 0
0.5 140 57 0
0.5 0 58 36
0.5 320 57 30
0.5 20 58 0
0.5 140 57 0
0.5 0 60 35
0.5 800 60 0
0.5 0 58 23
0.5 160 57 22
0.5 40 58 0
0.5 920 57 0
1 0 0 0
0 0 7 100
0 0 10 64
0 0 64 127
0.5 0 50 35
0.5 0 62 39
0.5 0 57 35
0.5 960 57 0
0.5 0 62 0
0.5 0 50 0
0.5 0 50 27
0.5 0 57 31
0.5 0 61 31
0 16 64 0
0 277 64 127
0.5 667 61 0
0.5 0 57 0
0.5 0 50 0
0.5 0 50 33
0.5 0 62 36
0.5 0 57 33
0 9 64 0
0 82 64 127
0.5 389 57 0
0.5 0 62 0
0.5 0 50 0
0.5 480 57 36
0.5 0 53 40
0 13 64 0
0 147 64 127
0.5 320 53 0
0.5 0 54 38
0.5 480 54 0
0.5 0 57 0
0.5 0 55 41
0 8 64 0
0 175 64 127
0.5 297 55 0
0.5 480 45 27
0.5 0 50 31
0 7 64 0
0 244 64 127
0.5 709 50 0
0.5 0 45 0
0.5 0 50 42
0.5 0 46 36
0 16 64 0
0 121 64 127
0.5 343 58 34
0.5 480 58 0
0.5 0 46 0
0.5 0 50 0
0.5 0 45 32
0.5 0 57 36
0.5 0 52 32
0 11 64 0
0 195 64 127
0.5 754 52 0
0.5 0 57 0
0.5 0 45 0
0 0 64 0
0.5 0 55 48
0 291 64 127
0.5 189 61 37
0.5 0 57 37
0.5 0 64 41
0.5 480 64 0
0.5 0 55 0
0.5 0 61 0
0.5 0 57 0
0.5 0 53 40
0 11 64 0
0 115 64 127
0.5 354 65 36
0.5 0 57 33
0.5 0 62 36
0.5 480 62 0
0.5 0 53 0
0.5 0 65 0
0.5 0 57 0
0.5 0 52 49
0 7 64 0
0 90 64 127
0.5 383 67 47
0.5 0 57 41
0.5 0 61 41
0.5 480 61 0
0.5 0 52 0
0.5 0 67 0
0.5 0 57 0
0.5 0 50 50
0 11 64 0
0 166 64 127
0.5 303 60 37
0.5 0 57 37
0.5 0 66 41
0.5 480 66 0
0.5 0 50 0
0.5 0 60 0
0.5 0 57 0
0.5 0 43 50
0 9 64 0
0 42 64 127
0.5 429 43 0
0.5 0 67 41
0.5 0 58 37
0.5 0 55 37
0.5 0 62 37
0.5 480 62 0
0.5 0 67 0
0.5 0 58 0
0.5 0 55 0
0.5 0 44 48
0 11 64 0
0 144 64 127
0.5 325 44 0
0.5 0 62 36
0.5 0 59 36
0.5 0 56 36
0.5 0 65 40
0.5 480 65 0
0.5 0 62 0
0.5 0 59 0
0.5 0 56 0
0.5 0 45 49
0 10 64 0
0 56 64 127
0.5 414 45 0
0.5 0 65 45
0.5 0 62 39
0.5 0 57 39
0 11 64 0
0 74 64 127
0.5 395 57 0
0.5 0 62 0
0.5 0 65 0
0.5 0 45 48
0 16 64 0
0 63 64 127
0.5 401 45 0
0.5 0 61 41
0.5 0 57 37
0.5 0 55 37
0 8 64 0
0 49 64 127
0.5 423 55 0
0.5 0 57 0
0.5 0 61 0
0.5 0 53 42
0.5 0 57 50
0.5 0 50 40
0 5 64 0
0 201 64 127
0.5 274 65 60
0.5 480 50 0
0.5 0 53 0
0.5 0 57 0
0.5 0 55 49
0.5 0 57 55
0 10 64 0
0 207 64 127
0.5 263 65 0
0.5 0 64 62
0.5 480 57 0
0.5 0 55 0
0.5 0 53 41
0.5 0 57 47
0 10 64 0
0 71 64 127
0.5 159 64 0
0.5 0 62 58
0.5 240 62 0
0.5 0 57 0
0.5 0 53 0
0.5 0 56 61
0 7 64 0
0.5 233 57 57
0.5 10 56 0
0.5 230 62 62
0.5 0 54 47
0 9 64 0
0 90 64 127
0.5 621 62 0
0.5 0 60 55
0.5 180 60 0
0.5 0 54 0
0.5 0 57 0
0.5 0 43 47
0.5 30 50 47
0.5 30 58 57
0 8 64 0
0 48 64 127
0.5 184 58 0
0.5 240 50 0
0.5 0 43 0
0.5 0 58 64
0.5 480 48 49
0.5 0 50 55
0 7 64 0
0 78 64 127
0.5 395 58 0
0.5 0 54 53
0.5 480 50 0
0.5 0 48 0
0.5 0 46 51
0.5 0 50 51
0 9 64 0
0 79 64 127
0.5 152 54 0
0.5 0 55 62
0.5 240 55 0
0.5 0 50 0
0.5 0 46 0
0.5 0 64 63
0.5 240 64 0
0.5 0 62 60
0.5 180 62 0
0.5 0 45 36
0 15 64 0
0.5 15 52 36
0.5 30 62 62
0 49 64 127
0.5 431 62 0
0.5 0 52 0
0.5 0 45 0
0.5 0 61 57
0.5 480 61 0
0.5 0 58 50
0.5 0 60 57
0 6 64 0
0 285 64 127
0.5 189 67 59
0.5 480 60 0
0.5 0 58 0
0.5 0 60 44
0.5 0 57 44
0 7 64 0
0 57 64 127
0.5 96 67 0
0.5 0 65 57
0.5 160 65 0
0.5 0 64 57
0.5 160 64 0
0.5 0 67 61
0 8 64 0
0 56 64 127
0.5 256 67 0
0.5 0 65 59
0.5 160 65 0
0.5 0 57 0
0.5 0 60 0
0 0 64 0
0.5 0 65 61
0.5 0 55 52
0.5 0 57 59
0 291 64 127
0.5 189 65 0
0.5 0 64 57
0.5 480 57 0
0.5 0 55 0
0.5 0 57 47
0.5 0 53 47
0 4 64 0
0 60 64 127
0.5 96 64 0
0.5 0 62 57
0.5 160 62 0
0.5 0 61 57
0.5 160 61 0
0.5 0 64 61
0 11 64 0
0 67 64 127
0.5 242 64 0
0.5 0 62 59
0.5 100 43 48
0.5 60 43 0
0.5 0 57 0
0.5 0 53 0
0.5 0 62 0
0.5 0 60 59
0.5 0 50 52
0.5 0 55 52
0 5 64 0
0.5 475 60 0
0.5 0 58 56
0 356 64 127
0.5 124 58 0
0.5 0 55 0
0.5 0 50 0
0.5 0 46 57
0.5 480 46 0
0.5 0 62 46
0.5 0 57 41
0.5 0 53 41
0 8 64 0
0 38 64 127
0.5 434 53 0
0.5 0 57 0
0.5 0 62 0
0.5 0 45 53
0 9 64 0
0 72 64 127
0.5 399 45 0
0.5 0 57 37
0.5 0 55 37
0.5 0 61 40
0 7 64 0
0 53 64 127
0.5 420 61 0
0.5 0 55 0
0.5 0 57 0
0.5 0 38 35
0.5 0 45 35
0 6 64 0
0 174 64 127
0.5 780 45 0
0.5 0 38 0
0 0 64 0
0.5 0 46 48
0 81 64 127
0.5 399 46 0
0.5 0 60 37
0.5 0 55 37
0.5 0 64 41
0 13 64 0
0 58 64 127
0.5 409 64 0
0.5 0 55 0
0.5 0 60 0
0.5 0 45 46
0 8 64 0
0 118 64 127
0.5 354 45 0
0.5 0 65 41
0.5 0 60 37
0.5 0 57 37
0.5 480 57 0
0.5 0 60 0
0.5 0 65 0
0.5 0 43 46
0 7 64 0
0 92 64 127
0.5 381 43 0
0.5 0 58 36
0.5 0 60 36
0.5 0 64 41
0 11 64 0
0 60 64 127
0.5 409 64 0
0.5 0 60 0
0.5 0 58 0
0.5 0 41 46
0 12 64 0
0 55 64 127
0.5 413 41 0
0.5 0 65 41
0.5 0 57 36
0.5 0 60 36
0 8 64 0
0 70 64 127
0.5 402 60 0
0.5 0 57 0
0.5 0 65 0
0.5 0 46 48
0 3 64 0
0 78 64 127
0.5 399 46 0
0.5 0 64 41
0.5 0 55 37
0.5 0 60 37
0 13 64 0
0 51 64 127
0.5 416 60 0
0.5 0 55 0
0.5 0 64 0
0.5 0 45 46
0 10 64 0
0 116 64 127
0.5 354 45 0
0.5 0 57 37
0.5 0 60 37
0.5 0 65 41
0.5 480 65 0
0.5 0 60 0
0.5 0 57 0
0.5 0 43 46
0 6 64 0
0 68 64 127
0.5 406 43 0
0.5 0 55 36
0.5 0 57 36
0 11 64 0
0 60 64 127
0.5 409 57 0
0.5 0 55 0
0.5 0 41 46
0 9 64 0
0 58 64 127
0.5 413 41 0
0.5 0 57 34
0.5 0 53 34
0.5 0 62 38
0 10 64 0
0 75 64 127
0.5 395 62 0
0.5 0 53 0
0.5 0 57 0
0.5 0 37 46
0 10 64 0
0 78 64 127
0.5 392 37 0
0.5 0 55 36
0.5 0 64 36
0.5 0 57 36
0 11 64 0
0 60 64 127
0.5 409 57 0
0.5 0 64 0
0.5 0 55 0
0.5 0 46 46
0 11 64 0
0 56 64 127
0.5 323 46 0
0.5 0 45 26
0.5 15 52 29
0.5 15 57 33
0.5 15 64 41
0 27 64 0
0 64 64 127
0.5 434 64 0
0.5 0 45 0
0.5 0 52 0
0.5 0 57 0
0.5 0 42 51
0 3 64 0
0 78 64 127
0.5 399 42 0
0.5 0 62 46
0.5 0 60 46
0.5 0 54 46
0.5 480 54 0
0.5 0 60 0
0.5 0 62 0
0.5 0 43 49
0 12 64 0
0 83 64 127
0.5 225 62 50
0.5 160 62 0
0.5 0 43 0
0.5 0 58 33
0.5 0 65 54
0.5 0 55 33
0 11 64 0
0 60 64 127
0.5 89 65 0
0.5 0 64 50
0.5 160 64 0
0.5 0 62 46
0.5 100 62 0
0.5 0 55 0
0.5 0 58 0
0.5 0 48 42
0.5 60 48 0
0.5 0 55 45
0.5 0 60 45
0.5 0 65 51
0 6 64 0
0 121 64 127
0.5 353 65 0
0.5 0 64 44
0.5 480 64 0
0.5 0 60 0
0.5 0 55 0
0.5 0 41 49
0 7 64 0
0 49 64 127
0.5 264 60 50
0.5 160 60 0
0.5 0 41 0
0.5 0 53 33
0.5 0 57 33
0.5 0 64 54
0 11 64 0
0 63 64 127
0.5 86 64 0
0.5 0 62 50
0.5 160 62 0
0.5 0 61 46
0.5 100 61 0
0.5 0 46 42
0 40 64 0
0.5 20 46 0
0.5 0 57 0
0.5 0 53 0
0.5 0 58 45
0.5 0 64 51
0.5 0 53 45
0 46 64 127
0.5 434 64 0
0.5 0 62 46
0.5 480 62 0
0.5 0 53 0
0.5 0 58 0
0.5 0 43 49
0 9 64 0
0 93 64 127
0.5 378 43 0
0.5 0 62 44
0.5 0 55 39
0.5 0 58 39
0 4 64 0
0 67 64 127
0.5 409 58 0
0.5 0 55 0
0.5 0 62 0
0.5 0 40 48
0 11 64 0
0 88 64 127
0.5 381 40 0
0.5 0 55 43
0.5 0 62 43
0.5 0 52 43
0.5 480 52 0
0.5 0 62 0
0.5 0 55 0
0.5 0 45 46
0 12 64 0
0 44 64 127
0.5 424 45 0
0.5 0 64 41
0.5 0 52 37
0.5 0 57 37
0 10 64 0
0 75 64 127
0.5 395 57 0
0.5 0 52 0
0.5 0 64 0
0.5 0 42 43
0 7 64 0
0 67 64 127
0.5 406 42 0
0.5 0 62 31
0.5 0 60 31
0.5 0 54 31
0.5 480 54 0
0.5 0 60 0
0.5 0 62 0
0.5 0 43 41
0 8 64 0
0 48 64 127
0.5 264 62 42
0.5 160 62 0
0.5 0 43 0
0.5 0 55 28
0.5 0 58 28
0.5 0 65 45
0 11 64 0
0 49 64 127
0.5 100 65 0
0.5 0 64 42
0.5 160 64 0
0.5 0 62 39
0.5 100 62 0
0.5 0 58 0
0.5 0 55 0
0.5 0 48 35
0 45 64 0
0.5 15 48 0
0.5 0 55 34
0.5 0 65 43
0.5 0 60 34
0 81 64 127
0.5 399 65 0
0.5 0 64 39
0.5 480 64 0
0.5 0 60 0
0.5 0 55 0
0.5 0 41 41
0 7 64 0
0 49 64 127
0.5 264 60 42
0.5 160 60 0
0.5 0 41 0
0.5 0 57 28
0.5 0 64 45
0.5 0 53 28
0 4 64 0
0 67 64 127
0.5 89 64 0
0.5 0 62 42
0.5 160 62 0
0.5 0 61 39
0.5 100 61 0
0.5 0 46 35
0 40 64 0
0.5 20 46 0
0.5 0 53 0
0.5 0 57 0
0.5 0 58 38
0.5 0 64 43
0.5 0 53 38
0 31 64 127
0.5 449 64 0
0.5 0 62 39
0.5 480 62 0
0.5 0 53 0
0.5 0 58 0
0.5 0 43 41
0 8 64 0
0 48 64 127
0.5 424 43 0
0.5 0 62 37
0.5 0 58 33
0.5 0 55 33
0 8 64 0
0 66 64 127
0.5 406 55 0
0.5 0 58 0
0.5 0 62 0
0.5 0 40 43
0 10 64 0
0 85 64 127
0.5 385 40 0
0.5 0 52 39
0.5 0 62 39
0.5 0 55 39
0.5 480 55 0
0.5 0 62 0
0.5 0 52 0
0.5 0 45 41
0 11 64 0
0 60 64 127
0.5 409 45 0
0.5 0 52 33
0.5 0 57 33
0.5 0 64 37
0 4 64 0
0 67 64 127
0.5 409 64 0
0.5 0 57 0
0.5 0 52 0
0.5 0 52 36
0.5 0 58 41
0.5 0 43 36
0 5 64 0
0 69 64 127
0 417 64 0
0 81 64 127
0.5 388 43 0
0.5 0 58 0
0.5 0 57 47
0.5 0 45 42
0 9 64 0
0 118 64 127
0.5 33 52 0
0.5 0 52 48
0.5 80 45 0
0.5 0 57 0
0.5 80 52 0
0.5 0 51 45
0.5 160 51 0
0.5 0 53 49
0 11 64 0
0 102 64 127
0.5 207 53 0
0.5 0 52 44
0.5 160 52 0
0 0 64 0
0.5 0 43 36
0.5 0 58 41
0.5 0 52 36
0 81 64 127
0 408 64 0
0 40 64 127
0.5 431 58 0
0.5 0 43 0
0.5 0 45 42
0.5 0 57 47
0 7 64 0
0 120 64 127
0.5 33 52 0
0.5 0 52 49
0.5 80 57 0
0.5 0 45 0
0.5 80 52 0
0.5 0 51 47
0.5 160 51 0
0.5 0 53 53
0 10 64 0
0 103 64 127
0.5 207 53 0
0.5 0 52 51
0 1 64 0
0.5 159 52 0
0.5 0 57 56
0.5 320 57 0
0.5 0 55 53
0.5 160 55 0
0.5 0 62 57
0.5 320 62 0
0.5 0 61 56
0.5 160 61 0
0.5 0 65 64
0.5 160 65 0
0.5 0 64 58
0.5 160 64 0
0.5 0 62 55
0.5 320 62 0
0.5 0 61 55
0.5 160 61 0
0.5 0 58 51
0.5 480 58 0
0.5 0 57 53
0.5 480 57 0
0.5 0 55 52
0.5 480 55 0
0.5 0 53 48
0.5 480 53 0
0.5 0 52 43
0.5 160 52 0
0.5 0 50 35
0.5 0 62 39
0.5 0 57 35
0 213 64 127
0.5 747 57 0
0.5 0 62 0
0.5 0 50 0
0.5 0 50 27
0.5 0 61 31
0.5 0 57 31
0 10 64 0
0 283 64 127
0.5 667 57 0
0.5 0 61 0
0.5 0 50 0
0.5 0 50 33
0.5 0 57 33
0.5 0 62 36
0 8 64 0
0 129 64 127
0.5 343 62 0
0.5 0 57 0
0.5 0 50 0
0.5 480 53 40
0.5 0 57 36
0 15 64 0
0 168 64 127
0.5 297 53 0
0.5 0 54 38
0.5 480 54 0
0.5 0 57 0
0.5 0 55 41
0 10 64 0
0 219 64 127
0.5 251 55 0
0.5 480 45 27
0.5 0 50 31
0 13 64 0
0 216 64 127
0.5 731 50 0
0.5 0 45 0
0.5 0 46 36
0.5 0 50 42
0 10 64 0
0 139 64 127
0.5 331 58 36
0.5 480 58 0
0.5 0 50 0
0.5 0 46 0
0.5 0 45 32
0.5 0 52 32
0.5 0 57 36
0 11 64 0
0 138 64 127
0.5 811 57 0
0.5 0 52 0
0.5 0 45 0
0 0 64 0
0.5 0 55 48
0 291 64 127
0.5 189 64 41
0.5 0 61 37
0.5 0 57 37
0.5 480 57 0
0.5 0 55 0
0.5 0 64 0
0.5 0 61 0
0.5 0 53 46
0 11 64 0
0 115 64 127
0.5 354 65 41
0.5 0 62 41
0.5 0 57 37
0.5 480 57 0
0.5 0 53 0
0.5 0 65 0
0.5 0 62 0
0.5 0 52 49
0 8 64 0
0 89 64 127
0.5 383 67 47
0.5 0 61 41
0.5 0 57 41
0.5 480 57 0
0.5 0 52 0
0.5 0 67 0
0.5 0 61 0
0.5 0 50 50
0 13 64 0
0 113 64 127
0.5 354 66 41
0.5 0 60 37
0.5 0 57 37
0.5 480 57 0
0.5 0 50 0
0.5 0 66 0
0.5 0 60 0
0.5 0 43 50
0 8 64 0
0 61 64 127
0.5 411 43 0
0.5 0 67 41
0.5 0 62 37
0.5 0 58 37
0.5 0 55 37
0.5 480 55 0
0.5 0 67 0
0.5 0 62 0
0.5 0 58 0
0.5 0 44 48
0 12 64 0
0 57 64 127
0.5 411 44 0
0.5 0 65 40
0.5 0 62 36
0.5 0 59 36
0.5 0 56 36
0.5 480 56 0
0.5 0 65 0
0.5 0 62 0
0.5 0 59 0
0.5 0 45 49
0 6 64 0
0 76 64 127
0.5 398 45 0
0.5 0 65 45
0.5 0 62 39
0.5 0 57 39
0 8 64 0
0 52 64 127
0.5 420 57 0
0.5 0 62 0
0.5 0 65 0
0.5 0 45 48
0 9 64 0
0 60 64 127
0.5 411 45 0
0.5 0 61 41
0.5 0 57 37
0.5 0 55 37
0 13 64 0
0 60 64 127
0.5 407 55 0
0.5 0 57 0
0.5 0 61 0
0 0 64 0
0.5 0 50 40
0.5 0 53 42
0.5 0 57 50
0 194 64 127
0.5 286 65 60
0.5 480 57 0
0.5 0 50 0
0.5 0 53 0
0.5 0 57 55
0.5 0 55 49
0 8 64 0
0 221 64 127
0.5 251 65 0
0.5 0 64 62
0.5 480 55 0
0.5 0 57 0
0.5 0 53 41
0.5 0 57 47
0 10 64 0
0 68 64 127
0.5 162 64 0
0.5 0 62 58
0 226 64 0
0.5 14 62 0
0.5 0 57 0
0.5 0 53 0
0.5 0 56 61
0.5 240 57 57
0.5 10 56 0
0.5 230 54 47
0.5 0 62 62
0 15 64 0
0 80 64 127
0.5 625 62 0
0.5 0 60 55
0.5 180 60 0
0.5 0 54 0
0.5 0 57 0
0.5 0 43 47
0.5 30 50 47
0.5 30 58 57
0 6 64 0
0 128 64 127
0.5 106 58 0
0.5 240 50 0
0.5 0 43 0
0.5 0 58 64
0.5 480 50 55
0.5 0 48 49
0 11 64 0
0 81 64 127
0.5 388 58 0
0.5 0 54 53
0.5 480 48 0
0.5 0 50 0
0.5 0 46 51
0.5 0 50 51
0 7 64 0
0 81 64 127
0.5 152 54 0
0.5 0 55 62
0.5 240 55 0
0.5 0 50 0
0.5 0 46 0
0.5 0 64 63
0.5 240 64 0
0.5 0 62 60
0.5 180 62 0
0.5 0 45 36
0 28 64 0
0.5 2 52 36
0.5 30 62 62
0 78 64 127
0.5 402 62 0
0.5 0 52 0
0.5 0 45 0
0.5 0 61 57
0.5 480 61 0
0.5 0 60 57
0.5 0 58 50
0 5 64 0
0 286 64 127
0.5 189 67 59
0.5 480 58 0
0.5 0 60 0
0.5 0 60 44
0.5 0 57 44
0 9 64 0
0 79 64 127
0.5 72 67 0
0.5 0 65 57
0.5 160 65 0
0.5 0 64 57
0.5 160 64 0
0.5 0 67 61
0 11 64 0
0 67 64 127
0.5 242 67 0
0.5 0 65 59
0.5 160 65 0
0.5 0 57 0
0.5 0 60 0
0.5 0 65 61
0.5 0 57 59
0.5 0 55 52
0 10 64 0
0 281 64 127
0.5 189 65 0
0.5 0 64 57
0.5 480 55 0
0.5 0 57 0
0.5 0 57 47
0.5 0 53 47
0 13 64 0
0 54 64 127
0.5 93 64 0
0.5 0 62 57
0.5 160 62 0
0.5 0 61 57
0.5 160 61 0
0.5 0 64 61
0 11 64 0
0 67 64 127
0.5 242 64 0
0.5 0 62 59
0.5 100 43 48
0.5 60 43 0
0.5 0 57 0
0.5 0 53 0
0.5 0 62 0
0 0 64 0
0.5 0 60 59
0.5 0 50 52
0.5 0 55 52
0.5 480 60 0
0.5 0 58 56
0.5 480 58 0
0.5 0 55 0
0.5 0 50 0
0.5 0 46 57
0 25 64 127
0.5 455 46 0
0.5 0 62 46
0.5 0 57 41
0.5 0 53 41
0 11 64 0
0 35 64 127
0.5 434 53 0
0.5 0 57 0
0.5 0 62 0
0.5 0 45 53
0 8 64 0
0 80 64 127
0.5 392 45 0
0.5 0 61 40
0.5 0 57 37
0.5 0 55 37
0 11 64 0
0 56 64 127
0.5 413 55 0
0.5 0 57 0
0.5 0 61 0
0.5 0 38 35
0.5 0 45 35
0 9 64 0
0 93 64 127
0.5 858 45 0
0.5 0 38 0
0.5 0 50 32
0.5 0 55 32
0.5 0 58 36
0.5 0 62 36
0 2 64 0
0 79 64 127
0 410 64 0
0 84 64 127
0.5 385 62 0
0.5 0 50 0
0.5 0 55 0
0.5 0 58 0
0.5 0 38 25
0.5 0 45 28
0 9 64 0
0 117 64 127
0.5 834 45 0
0.5 0 38 0
0 0 64 0
0.5 0 50 32
0.5 0 55 32
0.5 0 58 36
0.5 0 62 36
0 127 64 127
0 370 64 0
0 110 64 127
0.5 351 62 0
0.5 2 50 0
0.5 0 55 0
0.5 0 58 0
0 0 64 0
0.5 0 38 25
0.5 0 45 28
0 126 64 127
0 368 64 0
0 113 64 127
0.5 353 45 0
0.5 0 38 0
0.5 0 50 32
0.5 0 55 32
0.5 0 58 36
0.5 0 62 36
0 3 64 0
0 78 64 127
0 399 64 0
0 32 64 127
0.5 448 62 0
0.5 0 50 0
0.5 0 55 0
0.5 0 58 0
0.5 0 38 25
0.5 0 45 28
0 9 64 0
0 117 64 127
0.5 834 45 0
0.5 0 38 0
0.5 0 50 32
0.5 0 52 32
0.5 0 62 36
0 4 64 0
0 645 64 127
0.5 311 62 0
0.5 0 52 0
0.5 0 50 0
0.5 0 38 25
0.5 0 45 28
0 9 64 0
0 117 64 127
0 367 64 0
0 100 64 127
0.5 367 45 0
0.5 0 38 0
0 0 64 0
0.5 0 50 32
0.5 0 52 32
0.5 0 62 36
0 678 64 127
0.5 282 62 0
0.5 0 52 0
0.5 0 50 0
0.5 0 38 25
0.5 0 45 28
0 9 64 0
0 117 64 127
0 372 64 0
0 123 64 127
0.5 339 45 0
0.5 0 38 0
0.5 0 53 25
0.5 0 50 25
0.5 0 62 28
0 6 64 0
0 75 64 127
0 413 64 0
0 71 64 127
0 410 64 0
0 73 64 127
0.5 152 62 0
0.5 0 50 0
0.5 0 53 0
0 254 64 0
0 88 64 127
0 394 64 0
0 210 64 127
0 750 64 0
0 97 64 127
0 935 64 0
1 0 0 0
