0 60 42
0 68 50
720 68 0
0 70 50
60 70 0
0 68 46
60 68 0
0 67 46
60 67 0
0 68 46
60 68 0
0 60 0
0 72 54
0 61 45
720 72 0
0 70 45
240 70 0
0 61 0
0 60 42
0 68 50
1440 68 0
0 60 0
0 69 50
480 69 0
0 63 42
0 70 50
480 70 0
240 72 50
60 72 0
0 70 46
60 70 0
0 69 46
60 69 0
0 70 46
60 70 0
0 63 0
0 73 54
0 63 45
480 63 0
0 68 42
240 73 0
0 72 45
240 72 0
0 68 0
0 67 42
0 70 50
1440 70 0
0 67 0
0 71 50
480 71 0
0 72 63
0 63 63
840 72 0
0 68 52
120 68 0
0 63 0
0 75 64
0 68 64
0 63 55
840 75 0
0 72 60
120 72 0
0 63 0
0 68 0
0 65 55
0 68 64
0 77 70
840 77 0
0 73 67
120 73 0
0 68 0
0 65 0
120 68 70
30 73 75
30 77 78
30 80 82
750 77 0
240 80 0
0 79 63
220 79 0
20 77 59
220 77 0
20 75 56
220 75 0
20 73 0
0 68 0
0 70 51
0 73 60
480 73 0
0 70 0
0 68 44
0 72 52
480 72 0
0 68 0
0 63 46
0 75 55
480 63 0
0 63 39
240 75 0
0 72 51
240 72 0
0 63 0
0 63 45
0 70 53
0 70 51
30 70 0
0 72 46
30 72 0
0 70 51
30 70 0
0 72 45
30 72 0
0 70 51
40 70 0
0 69 46
40 69 0
0 70 46
40 70 0
0 73 57
120 73 0
0 72 48
120 72 0
0 70 0
0 63 0
0 75 55
120 75 0
0 73 47
120 73 0
0 72 51
80 72 0
0 73 47
80 73 0
0 70 47
80 70 0
0 60 34
0 68 50
720 68 0
0 70 50
60 70 0
0 68 46
60 68 0
0 67 46
60 67 0
0 68 46
60 68 0
0 60 0
0 72 54
0 61 45
720 72 0
0 70 45
240 70 0
0 61 0
0 60 42
0 68 50
960 68 0
0 60 0
960 70 59
480 70 0
240 72 54
60 72 0
0 70 46
60 70 0
0 69 49
60 69 0
0 70 50
60 70 0
0 73 62
0 68 62
720 73 0
0 72 50
240 72 0
0 68 0
0 67 57
0 70 57
960 70 0
0 67 0
930 63 36
30 72 63
60 63 0
780 72 0
0 68 52
90 63 43
30 68 0
0 75 64
90 63 0
750 75 0
0 72 60
60 72 0
30 65 44
30 77 73
60 65 0
1380 77 0
0 69 59
0 75 70
240 75 0
0 69 0
0 70 52
0 73 62
240 73 0
0 70 0
0 68 59
0 72 70
480 72 0
0 75 63
480 75 0
0 68 0
0 67 59
0 73 70
480 73 0
0 70 60
480 70 0
0 67 0
0 61 59
0 70 70
480 61 0
0 60 34
120 60 0
0 61 32
120 61 0
0 63 36
120 63 0
0 61 31
120 61 0
0 70 0
0 60 37
0 68 45
480 68 0
0 60 0
450 77 78
30 89 91
60 77 0
660 89 0
0 87 65
34 84 63
1 87 0
34 84 0
0 81 62
34 77 61
0 81 0
34 77 0
0 75 59
34 72 57
1 75 0
33 69 56
1 72 0
34 69 0
0 65 78
240 65 0
600 60 45
0 63 54
110 63 0
0 60 0
10 60 48
0 63 57
960 63 0
0 60 0
0 58 38
0 61 45
480 61 0
0 58 0
450 75 78
30 87 91
60 75 0
660 87 0
0 85 65
34 82 63
1 85 0
34 82 0
0 79 62
34 75 61
0 79 0
34 75 0
0 73 59
34 70 57
1 73 0
33 67 56
1 70 0
34 67 0
0 63 78
240 63 0
600 58 45
0 61 54
110 61 0
0 58 0
10 58 48
0 61 57
960 61 0
0 58 0
0 56 38
0 60 45
480 60 0
0 56 0
2280 51 69
0 56 69
0 63 69
110 63 0
0 56 0
0 51 0
10 63 83
960 63 0
0 62 46
240 62 0
0 64 46
240 65 54
12 64 0
228 65 0
0 69 46
240 70 54
12 69 0
228 70 0
0 73 46
240 74 55
12 73 0
228 74 0
0 76 46
240 77 55
12 76 0
228 77 0
0 79 46
240 80 55
12 79 0
228 80 0
0 77 46
240 77 0
0 74 55
1200 74 0
0 75 50
60 75 0
0 74 50
60 74 0
0 72 50
60 72 0
0 74 50
60 74 0
0 75 55
360 75 0
0 77 55
110 77 0
10 77 55
480 77 0
0 75 55
960 75 0
0 76 55
480 76 0
0 77 55
1200 77 0
0 79 50
60 79 0
0 77 47
60 77 0
0 75 49
60 75 0
0 77 51
60 77 0
0 79 53
360 79 0
0 80 60
110 80 0
10 80 58
480 80 0
0 79 55
480 79 0
1000 62 30
40 62 0
1 63 30
40 63 0
0 65 41
40 65 0
0 63 33
40 63 0
0 62 33
40 62 0
0 68 42
40 68 0
0 67 34
40 67 0
0 65 34
40 65 0
1 74 51
40 74 0
0 72 37
40 72 0
0 70 36
38 77 57
2 70 0
38 77 0
0 75 41
40 75 0
0 74 44
40 74 0
0 80 59
40 80 0
0 79 46
40 79 0
0 77 48
40 77 0
0 84 70
960 84 0
0 84 54
34 84 0
0 82 53
34 82 0
1 80 52
34 80 0
0 79 52
34 79 0
0 77 51
34 77 0
0 75 50
34 75 0
0 74 49
34 74 0
1 77 56
360 77 0
0 75 40
120 75 0
0 74 43
180 74 0
0 75 40
60 75 0
0 77 47
180 77 0
0 75 41
60 75 0
0 63 52
480 63 0
520 65 30
40 65 0
1 67 30
40 67 0
0 68 41
40 68 0
0 67 33
40 67 0
0 65 33
40 65 0
0 74 42
40 74 0
0 72 34
40 72 0
0 70 34
40 70 0
1 77 51
40 77 0
0 75 37
40 75 0
0 74 36
38 80 57
2 74 0
38 80 0
0 79 41
40 79 0
0 77 44
40 77 0
0 86 59
40 86 0
0 84 46
40 84 0
0 82 48
40 82 0
0 89 69
960 89 0
0 89 54
39 89 0
0 87 53
39 86 52
0 87 0
39 86 0
0 84 52
39 84 0
0 82 51
39 82 0
0 80 50
39 80 0
6 79 62
720 79 0
120 79 64
120 79 0
0 80 71
720 80 0
120 80 71
120 80 0
0 82 81
720 82 0
120 82 78
120 82 0
0 83 89
720 83 0
120 83 84
120 83 0
0 84 92
720 84 0
120 84 90
120 84 0
0 86 96
720 86 0
120 86 99
120 86 0
0 87 103
720 87 0
120 89 94
30 89 0
0 87 94
30 87 0
0 86 94
30 86 0
0 87 94
30 87 0
0 89 107
240 89 0
0 87 90
240 87 0
0 86 74
180 86 0
60 84 67
180 84 0
60 82 60
240 82 0
0 81 55
240 81 0
0 84 60
240 84 0
0 82 55
240 82 0
0 80 60
240 80 0
0 79 56
240 79 0
0 77 60
240 77 0
0 82 57
240 82 0
0 78 60
160 78 0
0 79 51
160 79 0
0 67 43
160 67 0
160 79 60
160 79 0
0 67 52
160 67 0
0 79 60
160 79 0
0 80 51
160 80 0
0 68 43
160 68 0
160 80 60
160 80 0
0 68 54
160 68 0
0 81 60
160 81 0
0 82 51
160 82 0
0 70 44
160 70 0
160 82 64
160 82 0
0 70 56
160 70 0
0 82 66
160 82 0
0 83 63
160 83 0
0 71 58
160 71 0
160 83 70
160 83 0
0 71 64
160 71 0
0 83 73
160 83 0
0 84 70
160 84 0
0 72 63
160 72 0
160 84 77
160 84 0
0 72 68
160 72 0
0 85 79
160 85 0
0 86 77
160 86 0
0 74 69
160 74 0
160 86 84
160 86 0
0 74 76
160 74 0
0 86 86
160 86 0
0 87 81
160 87 0
0 75 75
160 75 0
160 87 87
160 87 0
0 75 81
160 75 0
0 87 87
160 87 0
0 78 79
160 78 0
0 87 87
160 87 0
0 81 79
160 81 0
0 87 86
160 87 0
0 81 79
160 81 0
0 82 88
1120 82 0
0 81 79
160 81 0
0 84 79
160 84 0
0 82 85
120 82 0
40 80 79
120 80 0
40 79 79
120 79 0
40 75 79
0 77 79
840 77 0
0 77 74
24 77 0
0 79 68
24 79 0
0 77 74
24 77 0
0 76 66
24 76 0
0 77 67
24 77 0
0 75 0
0 74 79
0 82 79
840 82 0
0 82 79
120 82 0
0 74 0
0 67 74
0 75 85
480 75 0
0 67 0
640 69 79
160 69 0
0 72 79
160 72 0
0 70 85
120 70 0
40 68 79
120 68 0
40 67 79
120 67 0
40 63 79
0 65 79
840 65 0
0 65 74
24 65 0
0 67 68
24 67 0
0 65 74
24 65 0
0 64 66
24 64 0
0 65 67
24 65 0
0 63 0
0 62 79
0 70 79
840 70 0
0 70 47
120 70 0
0 62 0
0 63 51
480 63 0
1380 55 74
15 58 77
15 61 81
15 63 86
15 67 90
480 67 0
0 61 0
0 55 0
0 58 0
0 63 0
1440 60 42
0 68 50
720 68 0
0 70 50
60 70 0
0 68 46
60 68 0
0 67 46
60 67 0
0 68 46
60 68 0
0 60 0
0 72 54
0 61 45
720 72 0
0 70 45
240 70 0
0 61 0
0 60 42
0 68 50
960 60 0
240 68 0
0 67 46
240 67 0
0 68 44
240 68 0
0 69 48
240 69 0
0 63 52
0 70 52
480 70 0
240 72 50
60 72 0
0 70 46
60 70 0
0 69 46
60 69 0
0 70 46
60 70 0
0 63 0
0 73 54
0 63 45
480 63 0
0 68 45
240 73 0
0 72 45
240 72 0
0 68 0
0 67 42
0 70 50
960 67 0
160 70 0
0 77 61
160 77 0
0 75 55
160 75 0
0 73 62
120 73 0
40 72 60
120 72 0
40 71 57
120 71 0
40 72 63
840 72 0
0 68 52
120 68 0
0 75 64
840 75 0
0 72 60
120 72 0
0 77 70
840 77 0
0 73 67
120 73 0
0 80 87
960 68 84
240 80 0
0 79 63
240 79 0
0 77 59
240 77 0
0 75 56
220 75 0
20 68 0
0 63 37
0 75 59
240 75 0
0 73 56
220 73 0
20 63 0
0 63 37
0 73 59
240 73 0
0 72 56
220 72 0
20 63 0
0 63 46
0 75 55
480 63 0
0 63 39
240 75 0
0 72 51
240 72 0
0 63 0
0 63 45
0 70 53
0 70 51
30 70 0
0 72 46
30 72 0
0 70 51
30 70 0
0 72 45
30 72 0
0 70 51
40 70 0
0 69 46
40 69 0
0 70 46
40 70 0
0 73 57
120 73 0
0 72 48
120 72 0
0 70 0
0 63 0
0 75 55
120 75 0
0 73 47
120 73 0
0 72 51
60 72 0
0 75 47
60 75 0
0 73 47
60 73 0
0 70 47
60 70 0
0 60 42
0 68 50
720 68 0
0 70 50
60 70 0
0 68 46
60 68 0
0 67 46
60 67 0
0 68 46
60 68 0
0 60 0
0 72 54
0 61 45
720 72 0
0 70 45
240 70 0
0 61 0
0 60 42
0 68 50
960 68 0
0 60 0
960 63 42
0 70 50
480 70 0
240 72 50
60 72 0
0 70 46
60 70 0
0 69 46
60 69 0
0 70 46
60 70 0
0 63 0
0 63 45
0 73 54
0 68 45
720 73 0
0 72 45
240 72 0
0 68 0
0 63 0
0 67 42
0 70 50
960 70 0
0 67 0
930 63 36
30 72 63
60 63 0
780 72 0
0 68 52
90 63 43
30 68 0
0 75 64
60 63 0
780 75 0
0 72 60
90 72 0
0 65 44
30 77 70
1600 77 0
0 65 0
0 69 59
0 75 70
160 75 0
0 69 0
0 70 52
0 73 62
160 73 0
0 70 0
0 68 59
0 72 70
480 72 0
0 75 63
480 75 0
0 68 0
0 67 59
0 73 70
480 73 0
0 70 60
480 70 0
0 67 0
0 61 59
0 70 70
600 61 0
0 60 37
60 60 0
0 61 34
60 61 0
0 63 38
60 63 0
0 61 34
60 61 0
0 60 34
60 60 0
0 61 34
60 61 0
0 70 0
0 60 42
0 68 51
480 68 0
0 60 0
450 77 78
30 89 91
60 77 0
660 89 0
0 87 65
34 84 63
1 87 0
34 84 0
0 81 62
34 77 61
0 81 0
34 77 0
0 75 59
34 72 57
1 75 0
33 69 56
1 72 0
34 69 0
0 65 78
240 65 0
600 60 45
0 63 54
110 63 0
0 60 0
10 60 48
0 63 57
960 63 0
0 60 0
0 58 38
0 61 45
480 61 0
0 58 0
450 75 78
30 87 91
60 75 0
660 87 0
0 85 65
34 82 63
1 85 0
34 82 0
0 79 62
34 75 61
0 79 0
34 75 0
0 73 59
34 70 57
1 73 0
33 67 56
1 70 0
34 67 0
0 63 78
240 63 0
600 58 45
0 61 54
110 61 0
0 58 0
10 58 48
0 61 57
960 61 0
0 58 0
0 56 38
0 59 45
480 59 0
0 56 0
2280 56 69
0 52 69
0 64 69
110 64 0
0 52 0
0 56 0
10 54 73
0 57 73
0 64 73
960 64 0
0 63 61
480 63 0
0 57 0
0 54 0
360 56 69
0 53 69
0 63 69
110 63 0
0 53 0
0 56 0
10 53 73
0 56 73
0 63 73
960 63 0
0 62 61
480 62 0
0 56 0
0 53 0
360 56 69
0 53 69
0 62 69
110 62 0
0 53 0
0 56 0
10 53 73
0 56 73
0 62 73
960 62 0
0 56 0
0 58 54
0 61 61
240 61 0
0 58 0
0 69 46
240 53 0
0 70 54
12 69 0
204 70 0
24 72 46
240 73 54
12 72 0
204 73 0
24 78 50
240 78 0
0 79 60
216 79 0
24 81 50
240 82 60
12 81 0
204 82 0
24 84 50
240 85 60
12 84 0
228 85 0
0 82 50
240 82 0
0 79 60
1200 79 0
0 80 55
60 80 0
0 79 55
60 79 0
0 77 55
60 77 0
0 79 55
60 79 0
0 80 60
360 80 0
0 82 60
120 82 0
0 82 60
480 82 0
0 80 60
960 80 0
0 81 60
480 81 0
0 82 60
1200 82 0
0 84 55
60 84 0
0 82 55
60 82 0
0 81 55
60 81 0
0 82 55
60 82 0
0 84 60
360 84 0
0 85 60
120 85 0
0 85 60
480 85 0
0 84 60
480 84 0
1000 67 30
40 67 0
1 68 30
40 68 0
0 70 41
40 70 0
0 68 33
40 68 0
0 67 33
40 67 0
0 73 42
40 73 0
0 72 36
40 72 0
0 70 39
40 70 0
1 79 51
40 79 0
0 77 39
40 77 0
0 75 42
38 82 57
2 75 0
38 82 0
0 80 46
40 80 0
0 79 49
40 79 0
0 85 59
40 85 0
0 84 50
40 84 0
0 82 55
40 82 0
0 89 69
960 89 0
0 89 54
34 89 0
0 87 53
34 87 0
1 85 52
34 85 0
0 84 52
34 84 0
0 82 51
34 82 0
0 80 50
34 80 0
0 79 49
34 79 0
1 82 56
360 82 0
0 80 44
120 80 0
0 79 47
180 79 0
0 80 44
60 80 0
0 82 51
180 82 0
0 80 45
60 80 0
0 68 57
480 68 0
520 70 30
40 70 0
1 72 30
40 72 0
0 73 41
40 73 0
0 72 33
40 72 0
0 70 33
40 70 0
0 79 47
40 79 0
0 77 38
40 77 0
0 75 39
40 75 0
1 82 51
40 82 0
0 80 46
40 80 0
0 79 48
38 85 69
2 79 0
1198 85 0
0 84 50
22 84 0
0 85 52
22 85 0
0 87 55
22 85 58
0 87 0
22 85 0
0 84 58
22 84 0
0 82 57
22 82 0
0 80 56
22 80 0
0 79 55
21 77 54
1 79 0
21 77 0
0 75 53
22 75 0
0 73 52
21 72 62
1 73 0
719 72 0
120 72 64
120 72 0
0 73 71
720 73 0
120 73 71
120 73 0
0 75 81
720 75 0
120 75 78
120 75 0
0 76 89
720 76 0
120 76 84
120 76 0
0 77 92
720 77 0
120 77 88
120 77 0
0 79 94
720 79 0
120 79 93
120 79 0
0 80 100
720 80 0
120 82 86
30 82 0
0 80 89
30 80 0
0 79 91
30 79 0
0 80 93
30 80 0
0 82 95
240 82 0
0 80 87
240 80 0
0 79 77
180 79 0
60 77 67
180 77 0
60 75 60
240 74 55
12 75 0
228 77 60
12 74 0
228 75 55
12 77 0
228 73 60
12 75 0
228 72 56
12 73 0
228 70 60
12 72 0
228 75 57
12 70 0
228 75 0
0 71 60
160 71 0
0 72 51
160 72 0
0 60 43
160 60 0
160 72 60
160 72 0
0 60 52
160 60 0
0 72 60
160 72 0
0 73 51
160 73 0
0 61 43
160 61 0
160 73 60
160 73 0
0 61 54
160 61 0
0 74 60
160 74 0
0 75 51
160 75 0
0 63 44
160 63 0
160 75 64
160 75 0
0 63 56
160 63 0
0 75 66
160 75 0
0 76 63
160 76 0
0 64 58
160 64 0
160 76 70
160 76 0
0 64 64
160 64 0
0 76 73
160 76 0
0 77 70
160 77 0
0 65 63
160 65 0
160 77 77
160 77 0
0 65 68
160 65 0
0 78 79
160 78 0
0 79 77
160 79 0
0 67 69
160 67 0
160 79 84
160 79 0
0 67 76
160 67 0
0 79 86
160 79 0
0 80 81
160 80 0
0 68 75
160 68 0
160 80 87
160 80 0
0 68 81
160 68 0
0 83 87
160 83 0
0 71 79
160 71 0
0 83 87
160 83 0
0 68 79
160 68 0
0 80 86
160 80 0
0 68 79
160 68 0
0 75 88
1120 75 0
0 86 79
160 86 0
0 89 79
160 89 0
0 87 85
120 87 0
40 85 79
120 85 0
40 84 79
120 84 0
40 80 79
0 82 79
840 82 0
0 82 74
24 82 0
0 84 68
24 84 0
0 82 74
24 82 0
0 81 66
24 81 0
0 82 67
24 82 0
0 80 0
0 79 79
0 87 79
840 87 0
0 87 79
120 87 0
0 79 0
0 72 74
0 80 85
480 80 0
0 72 0
640 74 79
160 74 0
0 77 79
160 77 0
0 75 85
120 75 0
40 73 79
120 73 0
40 72 79
120 72 0
40 68 79
0 70 79
840 70 0
0 70 74
24 70 0
0 72 68
24 72 0
0 70 74
24 70 0
0 69 66
24 69 0
0 70 67
24 70 0
0 68 0
0 67 79
0 75 79
840 75 0
0 75 61
120 75 0
0 67 0
0 60 30
0 63 30
0 68 50
228 63 0
0 60 0
12 60 30
0 63 30
456 63 0
0 60 0
24 60 30
0 63 30
228 63 0
0 60 0
12 68 0
0 61 30
0 63 30
0 72 54
228 63 0
0 61 0
12 61 30
0 63 30
456 63 0
0 61 0
24 72 0
0 63 30
0 61 30
0 70 45
228 61 0
0 63 0
12 70 0
0 60 30
0 63 30
0 68 50
228 63 0
0 60 0
12 60 30
0 63 30
456 63 0
0 60 0
24 63 30
0 60 30
456 60 0
0 63 0
24 60 30
0 63 30
456 63 0
0 60 0
24 68 0
0 69 44
0 60 30
0 63 30
228 63 0
0 60 0
12 69 0
0 61 30
0 63 30
0 70 52
228 63 0
0 61 0
12 63 35
456 63 0
24 70 0
0 63 30
0 72 50
60 72 0
0 70 46
60 70 0
0 69 46
60 69 0
0 70 46
60 70 0
0 73 54
0 68 45
216 63 0
24 63 30
456 63 0
24 68 0
0 73 0
0 63 30
0 68 45
0 72 45
240 72 0
0 68 0
0 67 42
0 70 50
216 63 0
24 63 37
456 63 0
24 63 41
456 63 0
24 63 39
456 63 0
24 63 34
240 70 0
0 67 0
0 75 66
216 63 0
24 63 53
456 63 0
24 63 52
240 75 0
0 73 63
216 63 0
24 63 51
456 63 0
24 63 52
240 73 0
0 72 66
216 63 0
24 63 49
456 63 0
24 64 46
240 72 0
0 70 58
216 64 0
24 65 54
240 70 0
0 73 64
216 65 0
24 65 50
120 73 0
0 70 55
120 70 0
0 68 66
240 65 0
0 63 47
456 63 0
24 63 43
240 68 0
0 69 58
216 63 0
24 63 45
240 69 0
0 70 59
216 63 0
24 63 49
240 70 0
0 71 64
216 63 0
24 63 55
240 71 0
0 60 56
0 72 67
216 63 0
24 63 55
240 72 0
0 60 0
0 61 59
0 73 70
216 63 0
24 63 58
240 73 0
0 61 0
0 62 62
0 74 73
216 63 0
24 63 62
228 63 0
12 74 0
0 62 0
0 63 30
0 75 77
456 63 0
24 63 58
456 63 0
24 75 0
0 61 30
0 63 30
0 73 69
456 63 0
0 61 0
24 61 58
0 63 58
456 63 0
0 61 0
24 73 0
0 60 30
0 63 30
0 72 65
456 63 0
0 60 0
24 60 52
0 64 52
456 64 0
0 60 0
24 72 0
0 65 30
0 70 62
240 70 0
0 72 64
240 72 0
0 73 67
240 65 0
0 65 49
120 73 0
0 70 69
120 70 0
0 65 0
0 63 30
0 68 70
240 75 58
240 68 0
0 69 71
216 75 0
24 75 58
240 69 0
0 70 73
216 75 0
24 75 43
240 70 0
0 63 0
0 67 51
216 75 0
24 75 43
240 75 0
0 67 0
0 60 30
0 63 30
0 68 57
228 63 0
0 60 0
12 63 30
240 68 0
216 63 0
24 63 30
456 63 0
24 63 30
456 63 0
24 63 30
240 70 57
0 73 57
216 63 0
24 63 30
456 63 0
24 63 30
240 73 0
0 70 0
0 70 57
0 73 57
216 63 0
24 63 30
456 63 0
24 63 30
240 73 0
0 70 0
0 68 61
0 72 61
216 63 0
24 63 30
240 72 0
0 68 0
216 63 0
24 63 30
456 63 0
24 63 30
456 63 0
24 63 30
240 61 57
0 70 57
216 63 0
24 63 30
456 63 0
24 63 30
240 70 0
0 61 0
0 61 57
0 70 57
216 63 0
24 63 30
456 63 0
24 63 30
240 63 0
0 70 0
0 61 0
0 60 25
0 68 57
240 68 0
0 60 0
0 63 30
0 51 25
456 51 0
0 63 0
24 63 30
0 51 25
456 51 0
0 63 0
24 63 30
0 51 25
240 56 42
0 60 50
216 51 0
0 63 0
24 63 30
0 51 25
240 56 0
0 60 0
0 58 48
0 61 57
216 63 0
0 51 0
24 63 30
0 51 25
240 58 0
0 61 0
240 63 0
0 51 0
0 63 30
0 51 25
240 58 48
0 61 48
216 51 0
0 63 0
24 63 30
0 51 25
240 58 0
0 61 0
240 63 0
0 51 0
0 63 30
0 51 25
240 56 51
0 60 51
216 51 0
0 63 0
12 56 0
0 60 0
12 63 30
0 60 25
0 56 25
0 51 25
456 51 0
0 63 0
0 60 0
0 56 0
24 63 29
0 60 24
0 56 24
0 51 24
456 51 0
0 63 0
0 60 0
0 56 0
24 63 28
0 60 24
0 56 24
0 51 24
456 51 0
0 63 0
0 60 0
0 56 0
24 63 28
0 56 23
0 51 23
0 60 23
456 60 0
0 63 0
0 56 0
0 51 0
24 60 27
0 56 23
0 51 23
456 51 0
0 56 0
0 60 0
24 60 27
0 56 22
0 51 22
456 51 0
0 56 0
0 60 0
24 60 26
0 56 22
0 51 22
456 51 0
0 56 0
0 60 0
24 60 26
0 56 21
0 51 21
456 51 0
0 56 0
0 60 0
24 56 25
0 51 21
0 48 21
456 48 0
0 51 0
0 56 0
24 56 24
0 51 20
0 48 20
456 48 0
0 51 0
0 56 0
24 56 24
0 51 20
0 48 20
456 48 0
0 51 0
0 56 0
24 56 23
0 51 19
0 48 19
480 48 0
0 51 0
0 56 0
720 48 22
0 51 27
480 51 0
0 48 0
480 44 19
0 48 23
1920 48 0
0 44 0
0 44 27
0 51 27
0 56 32
960 56 0
0 51 0
0 44 0
0 43 24
0 51 24
0 55 29
960 55 0
0 51 0
0 43 0
0 44 30
0 51 30
0 56 36
1440 56 0
0 51 0
0 44 0
480 55 27
0 61 32
480 61 0
0 58 32
480 58 0
0 55 0
0 56 29
480 60 32
480 60 0
0 56 0
0 51 30
0 63 36
1440 63 0
0 51 0
480 56 32
960 56 0
0 48 37
0 60 37
0 56 37
960 56 0
0 60 0
0 48 0
0 49 45
0 56 45
0 61 45
960 61 0
0 56 0
0 49 0
0 53 41
30 56 45
30 61 49
30 65 53
1830 65 0
0 53 0
0 56 0
0 61 0
0 55 31
0 63 37
480 63 0
0 55 0
0 63 34
0 56 28
480 56 0
0 63 0
0 60 37
0 51 31
720 60 0
0 56 31
240 56 0
0 51 0
0 51 26
0 55 31
480 55 0
0 51 0
480 44 36
240 51 28
228 51 0
12 51 29
228 51 0
12 51 29
240 51 0
0 44 0
0 43 36
240 51 28
228 51 0
12 51 28
228 51 0
12 51 28
240 51 0
0 43 0
0 44 36
240 44 0
0 51 32
240 51 0
0 48 36
240 48 0
0 56 32
240 56 0
0 51 40
240 51 0
0 60 36
240 60 0
0 56 47
240 56 0
0 63 36
240 63 0
0 55 45
240 63 29
228 63 0
12 63 29
228 63 0
12 63 29
240 63 0
0 55 0
0 56 36
240 63 29
228 63 0
12 63 29
228 63 0
12 63 29
240 63 0
0 56 0
0 51 41
240 51 0
0 63 32
240 63 0
0 62 33
240 62 0
0 63 33
240 63 0
0 62 36
240 62 0
0 63 31
240 63 0
0 65 36
240 65 0
0 61 33
240 61 0
240 56 32
240 56 0
0 60 32
240 60 0
0 63 29
200 63 0
280 48 32
240 48 0
0 51 32
240 51 0
0 56 30
240 56 0
240 49 38
0 53 38
240 55 42
12 53 0
228 56 45
12 55 0
228 57 49
12 56 0
228 58 52
12 57 0
228 60 48
12 58 0
228 61 51
12 60 0
228 49 0
0 51 32
0 63 51
12 61 0
228 63 0
0 62 45
240 62 0
0 61 46
240 61 0
0 60 46
240 60 0
0 51 0
0 51 32
0 58 51
240 58 0
0 60 44
240 60 0
0 61 44
240 61 0
0 55 44
230 55 0
10 51 0
0 44 32
0 55 51
960 55 0
0 56 31
480 56 0
0 44 0
480 63 76
0 65 76
0 60 76
0 57 76
958 65 0
2 63 0
0 60 0
0 57 0
840 45 30
0 53 36
110 53 0
0 45 0
10 46 35
0 53 41
1440 53 0
0 46 0
480 61 76
0 63 76
0 58 76
0 55 76
958 63 0
2 61 0
0 58 0
0 55 0
840 43 30
0 51 36
110 51 0
0 43 0
10 44 35
0 51 41
1440 51 0
0 44 0
450 47 89
30 59 92
60 47 0
660 59 0
0 59 59
40 59 0
0 56 57
40 56 0
1 51 56
39 47 56
1 51 0
39 47 0
1 44 55
40 44 0
0 39 53
39 35 91
1 39 0
239 35 0
600 35 46
0 47 46
110 47 0
0 35 0
10 56 59
0 53 59
0 34 59
0 46 59
1440 46 0
0 56 0
0 53 0
0 34 0
2400 58 35
0 56 29
456 56 0
0 58 0
24 58 30
0 56 25
456 56 0
0 58 0
24 58 30
0 56 25
456 56 0
0 58 0
24 58 30
0 56 25
456 56 0
0 58 0
24 58 35
0 55 29
456 55 0
0 58 0
24 58 28
0 55 23
456 55 0
0 58 0
24 58 28
0 55 23
456 55 0
0 58 0
24 58 28
0 55 23
456 55 0
0 58 0
24 50 29
0 58 35
0 56 29
456 56 0
0 58 0
0 50 0
24 50 27
0 58 33
0 56 27
456 56 0
0 58 0
0 50 0
24 50 27
0 58 33
0 56 27
456 56 0
0 58 0
0 50 0
24 55 46
0 50 25
0 58 30
360 55 0
0 53 46
110 53 0
10 58 0
0 50 0
0 51 29
0 58 35
0 54 29
456 54 0
0 58 0
0 51 0
24 51 23
0 58 28
0 55 23
456 55 0
0 58 0
0 51 0
24 51 23
0 58 28
0 55 23
456 55 0
0 58 0
0 51 0
24 51 28
0 58 28
0 55 23
456 55 0
0 58 0
0 51 0
24 56 25
0 58 30
456 58 0
0 56 0
24 56 25
0 58 30
456 58 0
0 56 0
24 56 25
0 58 30
456 58 0
0 56 0
24 56 25
0 58 30
456 58 0
0 56 0
504 55 25
0 58 30
456 58 0
0 55 0
24 55 25
0 58 30
456 58 0
0 55 0
24 55 25
0 58 30
456 58 0
0 55 0
24 50 25
0 56 25
0 58 30
456 58 0
0 56 0
0 50 0
24 50 25
0 53 25
0 56 25
0 58 30
456 58 0
0 50 0
0 53 0
0 56 0
24 50 25
0 53 25
0 56 25
0 58 30
456 58 0
0 50 0
0 53 0
0 56 0
24 50 25
0 53 25
0 56 25
0 58 30
456 58 0
0 50 0
0 53 0
0 56 0
504 51 30
0 55 30
0 58 30
480 58 0
0 55 0
0 51 0
480 53 32
0 56 32
0 58 32
0 62 32
480 62 0
0 53 0
0 56 0
0 58 0
480 55 37
0 58 37
0 63 37
480 63 0
0 58 0
0 55 0
480 55 43
0 59 43
0 63 43
480 63 0
0 59 0
0 55 0
480 56 51
0 60 51
0 63 51
480 63 0
0 60 0
0 56 0
480 59 60
0 56 60
0 62 60
0 65 60
480 65 0
0 59 0
0 56 0
0 62 0
480 57 60
0 60 60
0 63 60
0 66 60
480 66 0
0 57 0
0 60 0
0 63 0
1440 67 36
0 63 30
0 58 27
480 58 0
0 63 0
0 67 0
480 68 36
0 62 31
0 58 27
480 58 0
0 62 0
0 68 0
320 63 32
160 63 0
0 58 39
160 58 0
0 55 32
160 55 0
0 51 32
160 51 0
320 65 34
160 65 0
0 62 39
160 62 0
0 58 33
160 58 0
0 53 33
160 53 0
320 67 33
160 67 0
0 63 40
160 63 0
0 58 34
160 58 0
0 55 34
160 55 0
320 67 46
160 67 0
0 63 53
160 63 0
0 59 46
160 59 0
0 55 46
160 55 0
320 68 47
160 68 0
0 63 58
160 63 0
0 60 49
160 60 0
0 56 49
160 56 0
320 68 56
160 68 0
0 65 63
160 65 0
0 62 54
160 62 0
0 58 55
160 58 0
320 69 78
160 66 57
160 63 61
160 59 65
1120 59 0
0 69 0
0 66 0
0 63 0
160 46 64
80 46 0
80 51 64
80 51 0
80 55 64
80 55 0
80 58 58
80 58 0
80 63 58
80 63 0
80 67 64
160 67 0
0 66 58
160 66 0
0 68 58
160 68 0
0 67 64
120 67 0
40 65 59
120 65 0
40 63 59
120 63 0
40 68 62
0 58 52
1920 58 0
0 68 0
160 34 64
80 34 0
80 39 64
80 39 0
80 43 64
80 43 0
80 46 58
80 46 0
80 51 58
80 51 0
80 55 64
160 55 0
0 54 58
160 54 0
0 56 58
160 56 0
0 55 64
120 55 0
40 53 59
120 53 0
40 51 59
120 51 0
40 56 62
0 46 52
1920 46 0
0 56 0
0 51 37
0 55 43
480 55 0
0 51 0
1320 39 64
25 46 67
5 49 67
15 51 69
555 51 0
0 49 0
0 39 0
10 46 0
1430 44 39
480 44 0
0 51 32
480 51 0
0 43 39
480 43 0
0 51 29
480 51 0
0 44 42
480 44 0
0 51 36
480 51 0
0 56 38
480 56 0
0 60 40
480 60 0
0 55 46
0 61 46
480 61 0
0 58 32
480 58 0
0 55 0
0 56 29
480 60 32
480 60 0
0 56 0
0 51 30
0 63 36
480 61 32
480 61 0
0 58 32
480 58 0
0 55 32
480 55 0
0 63 0
0 51 0
360 56 37
120 56 0
0 63 46
480 63 0
360 48 39
120 48 0
0 56 48
480 56 0
360 49 51
120 49 0
0 61 56
360 61 0
0 53 56
120 61 62
360 61 0
0 56 56
120 56 0
0 65 65
360 65 0
0 61 65
120 61 0
0 56 72
480 56 0
0 53 0
0 53 40
0 56 48
480 56 0
0 53 0
0 55 48
0 58 57
480 58 0
0 55 0
0 60 48
0 56 40
480 56 0
0 60 0
0 60 43
0 51 43
720 60 0
0 56 31
240 56 0
0 51 0
0 51 26
0 55 31
480 55 0
0 51 0
480 44 36
240 51 28
228 51 0
12 51 29
228 51 0
12 51 29
228 51 0
12 44 0
0 43 36
240 51 28
228 51 0
12 51 28
228 51 0
12 51 28
228 51 0
12 43 0
0 44 43
120 44 0
40 51 36
120 51 0
40 48 36
120 48 0
40 56 40
120 56 0
40 51 36
120 51 0
40 60 36
120 60 0
40 56 43
120 56 0
40 63 36
120 63 0
40 61 36
120 61 0
40 60 47
120 60 0
40 58 36
120 58 0
40 56 36
120 56 0
40 55 45
240 51 29
228 51 0
12 51 29
228 51 0
12 51 29
228 51 0
12 55 0
0 56 36
240 51 29
228 51 0
12 51 29
228 51 0
12 51 29
228 51 0
12 56 0
0 39 41
120 39 0
40 43 38
120 43 0
40 46 38
120 46 0
40 51 48
120 51 0
40 55 48
120 55 0
40 58 51
120 58 0
40 61 55
120 61 0
40 65 49
120 65 0
40 63 49
120 63 0
40 61 53
120 61 0
40 60 44
120 60 0
40 58 44
120 58 0
40 56 39
120 56 0
40 63 42
120 63 0
40 60 37
120 60 0
40 56 42
120 56 0
40 51 32
120 51 0
40 48 32
120 48 0
200 60 36
120 60 0
40 56 36
120 56 0
40 51 47
120 51 0
40 48 38
120 48 0
40 44 40
120 44 0
200 49 32
160 51 36
160 53 36
8 51 0
152 54 41
8 53 0
152 55 43
8 54 0
152 56 46
8 55 0
152 57 48
8 56 0
152 58 49
8 57 0
152 59 52
8 58 0
152 60 54
8 59 0
152 61 57
8 60 0
152 61 0
0 49 0
0 51 56
160 63 56
160 63 0
0 62 45
160 62 0
160 61 46
160 61 0
0 60 46
160 60 0
0 51 0
0 51 32
160 58 51
160 58 0
0 60 44
160 60 0
160 61 44
160 61 0
0 55 44
160 55 0
0 51 0
0 44 32
0 55 51
960 55 0
0 56 35
480 56 0
0 44 0
480 63 76
0 65 76
0 60 76
0 57 76
958 65 0
2 63 0
0 60 0
0 57 0
840 45 30
0 53 36
110 53 0
0 45 0
10 46 35
0 53 41
1440 53 0
0 46 0
480 61 76
0 63 76
0 58 76
0 55 76
958 63 0
2 61 0
0 58 0
0 55 0
840 43 30
0 51 36
110 51 0
0 43 0
10 44 35
0 51 41
1440 51 0
0 44 0
450 47 89
30 59 92
60 47 0
660 59 0
0 59 59
40 59 0
0 56 57
40 56 0
0 52 56
40 52 0
0 47 56
40 47 0
1 44 55
39 40 53
1 44 0
39 40 0
0 35 91
240 35 0
600 35 46
0 47 46
110 47 0
0 35 0
10 35 70
0 47 52
1440 47 0
0 35 0
360 35 46
0 47 46
110 47 0
0 35 0
10 35 70
0 47 52
960 47 0
0 35 0
0 34 43
0 46 46
480 46 0
0 34 0
360 34 46
0 46 46
110 46 0
0 34 0
10 34 70
0 46 52
960 46 0
0 34 0
0 39 43
0 51 46
240 51 0
0 39 0
2640 63 35
0 61 29
456 61 0
0 63 0
24 63 30
0 61 25
456 61 0
0 63 0
24 63 30
0 61 25
456 61 0
0 63 0
24 63 30
0 61 25
456 61 0
0 63 0
24 63 35
0 60 29
456 60 0
0 63 0
24 63 28
0 60 23
456 60 0
0 63 0
24 63 28
0 60 23
456 60 0
0 63 0
24 63 28
0 60 23
456 60 0
0 63 0
24 55 29
0 63 35
0 61 29
456 61 0
0 63 0
0 55 0
24 55 25
0 63 30
0 61 25
456 61 0
0 63 0
0 55 0
24 55 25
0 63 30
0 61 25
456 61 0
0 63 0
0 55 0
24 55 25
0 63 30
0 60 25
360 60 0
0 58 25
120 58 0
0 63 0
0 55 0
0 56 29
0 63 35
0 59 29
456 59 0
0 63 0
0 56 0
24 56 23
0 63 28
0 60 23
456 60 0
0 63 0
0 56 0
24 56 23
0 63 28
0 60 23
456 60 0
0 63 0
0 56 0
24 56 28
0 63 28
0 60 23
456 60 0
0 63 0
0 56 0
24 61 25
0 63 30
456 63 0
0 61 0
24 61 25
0 63 30
456 63 0
0 61 0
24 61 25
0 63 30
456 63 0
0 61 0
24 61 25
0 63 30
456 63 0
0 61 0
504 60 25
0 63 30
456 63 0
0 60 0
24 60 25
0 63 30
456 63 0
0 60 0
24 60 25
0 63 30
456 63 0
0 60 0
24 55 25
0 61 25
0 63 30
456 63 0
0 61 0
0 55 0
24 55 25
0 58 25
0 61 25
0 63 30
456 63 0
0 55 0
0 58 0
0 61 0
24 55 25
0 58 25
0 61 25
0 63 30
456 63 0
0 55 0
0 58 0
0 61 0
24 55 25
0 58 25
0 61 25
0 63 30
456 63 0
0 55 0
0 58 0
0 61 0
504 56 30
0 60 30
0 63 30
480 63 0
0 60 0
0 56 0
480 58 32
0 61 32
0 63 32
0 67 32
480 67 0
0 58 0
0 61 0
0 63 0
480 60 37
0 63 37
0 68 37
480 68 0
0 63 0
0 60 0
480 60 43
0 64 43
0 68 43
480 68 0
0 64 0
0 60 0
480 61 51
0 65 51
0 68 51
480 68 0
0 65 0
0 61 0
480 64 60
0 61 60
0 67 60
0 70 60
480 70 0
0 64 0
0 61 0
0 67 0
480 62 60
0 65 60
0 68 60
0 71 60
480 71 0
0 62 0
0 65 0
0 68 0
1440 60 40
0 56 34
0 51 34
480 51 0
0 56 0
0 60 0
480 61 40
0 55 34
0 51 34
480 51 0
0 55 0
0 61 0
320 56 32
160 56 0
0 51 39
160 51 0
0 48 32
160 48 0
0 44 32
160 44 0
320 58 34
160 58 0
0 55 39
160 55 0
0 51 33
160 51 0
0 46 33
160 46 0
320 60 33
160 60 0
0 56 40
160 56 0
0 51 34
160 51 0
0 48 34
160 48 0
320 60 46
160 60 0
0 56 53
160 56 0
0 52 46
160 52 0
0 48 46
160 48 0
320 61 47
160 61 0
0 56 58
160 56 0
0 53 49
160 53 0
0 49 49
160 49 0
320 61 56
160 61 0
0 58 63
160 58 0
0 55 54
160 55 0
0 51 55
160 51 0
320 62 78
160 59 57
160 56 61
160 52 65
1120 52 0
0 62 0
0 59 0
0 56 0
160 51 64
80 51 0
80 56 64
80 56 0
80 60 64
80 60 0
80 63 58
80 63 0
80 68 58
80 68 0
80 72 64
160 72 0
0 71 58
160 71 0
0 73 58
160 73 0
0 72 64
120 72 0
40 70 59
120 70 0
40 68 59
120 68 0
40 73 62
0 63 52
1920 63 0
0 73 0
160 39 64
80 39 0
80 44 64
80 44 0
80 48 64
80 48 0
80 51 58
80 51 0
80 56 58
80 56 0
80 60 64
160 60 0
0 59 58
160 59 0
0 61 58
160 61 0
0 60 64
120 60 0
40 58 59
120 58 0
40 56 59
120 56 0
40 61 62
0 51 52
1920 51 0
0 61 0
0 56 39
480 56 0
0 51 32
480 51 0
0 55 39
480 55 0
0 51 29
480 51 0
0 56 42
480 56 0
0 51 36
480 51 0
0 48 38
480 48 0
0 44 40
480 44 0
0 43 46
480 43 0
0 39 32
480 39 0
0 44 29
480 44 0
0 48 32
480 48 0
0 51 36
480 51 0
0 53 42
480 53 0
0 51 36
480 49 33
480 49 0
0 48 43
480 51 0
0 56 43
480 48 0
0 46 36
480 56 0
0 55 43
480 46 0
0 44 46
480 55 0
0 56 43
480 44 0
0 49 45
480 56 0
0 58 43
240 58 0
0 61 41
240 61 0
0 49 0
0 51 53
480 60 53
480 51 0
0 51 36
480 60 0
0 55 53
480 51 0
0 44 49
0 51 49
480 55 0
0 56 53
480 56 0
0 51 0
0 44 0
0 46 46
0 51 46
0 58 55
480 58 0
0 51 0
0 46 0
0 47 50
0 51 50
0 59 59
480 59 0
0 51 0
0 47 0
0 60 53
0 48 64
0 51 64
240 56 53
240 60 0
240 56 0
0 56 53
240 51 0
0 48 0
0 46 52
0 51 52
240 56 0
0 55 53
480 55 0
0 55 53
240 51 0
0 46 0
0 44 55
240 55 0
0 56 53
480 56 0
0 56 53
240 44 0
0 49 48
240 57 53
240 57 0
0 56 0
0 58 53
240 58 0
0 61 53
240 49 0
0 51 58
480 61 0
0 60 53
480 60 0
0 51 0
0 61 53
0 51 52
480 61 0
0 58 46
0 61 46
480 61 0
0 58 0
0 51 0
0 44 40
0 56 40
480 56 0
0 44 0
0 48 36
480 48 0
0 51 36
480 51 0
0 56 36
480 56 0
0 55 40
480 55 0
0 53 36
480 53 0
0 51 36
480 51 0
0 55 39
480 55 0
0 56 40
480 56 0
0 51 36
480 51 0
0 48 36
480 48 0
0 44 33
480 44 0
0 43 40
480 43 0
0 41 37
480 41 0
0 39 40
480 39 0
0 43 38
480 43 0
0 44 40
480 44 0
0 39 36
480 39 0
0 36 36
480 36 0
0 32 30
0 44 36
480 44 0
0 32 0
0 31 34
0 43 40
480 43 0
0 31 0
0 29 30
0 41 36
480 41 0
0 29 0
0 31 30
0 43 36
480 43 0
0 31 0
0 39 39
480 39 0
0 32 40
480 32 0
0 44 35
480 39 34
480 39 0
0 36 31
480 36 0
0 32 31
480 32 0
0 44 0
0 44 33
480 39 35
480 39 0
0 36 33
480 36 0
0 32 29
480 32 0
0 44 0
0 44 31
480 39 32
480 39 0
0 36 30
480 36 0
0 32 26
480 32 0
0 44 0
480 32 24
480 32 0
480 32 25
1920 32 0
