5760 70 84
0 75 84
0 67 70
0 63 70
950 63 0
0 70 0
0 75 0
0 67 0
10 63 68
0 67 68
0 72 81
0 75 81
960 75 0
0 63 0
0 67 0
0 72 0
0 70 70
0 74 70
0 77 84
0 82 84
960 82 0
0 70 0
0 74 0
0 77 0
0 67 70
0 70 70
0 75 84
0 79 84
960 79 0
0 67 0
0 70 0
0 75 0
0 65 68
0 70 68
0 77 81
0 74 81
960 74 0
0 65 0
0 70 0
0 77 0
0 72 79
0 67 67
0 63 67
0 75 79
960 75 0
0 72 0
0 67 0
0 63 0
0 70 84
0 67 70
0 62 70
0 74 84
960 74 0
0 70 0
0 67 0
0 62 0
0 68 80
0 63 67
0 60 67
0 72 80
960 72 0
0 68 0
0 63 0
0 60 0
0 63 69
0 58 69
0 70 82
0 67 82
960 67 0
0 63 0
0 58 0
0 70 0
0 63 67
0 72 80
0 68 80
0 60 67
960 60 0
0 63 0
0 72 0
0 68 0
0 70 84
0 74 84
0 62 70
0 68 70
960 68 0
0 70 0
0 74 0
0 62 0
0 70 86
0 75 86
0 63 73
0 67 73
960 67 0
0 70 0
0 75 0
0 63 0
0 77 90
0 75 90
0 65 75
0 72 75
960 72 0
0 77 0
0 75 0
0 65 0
0 74 73
0 77 86
0 65 73
0 70 86
960 70 0
0 68 81
960 68 0
0 65 0
0 77 0
0 74 0
0 70 84
0 75 84
0 63 70
0 67 70
960 67 0
0 70 0
0 75 0
0 63 0
0 55 53
48 55 0
0 58 56
48 58 0
0 60 58
48 60 0
0 63 57
48 63 0
0 60 53
48 60 0
0 58 53
48 58 0
0 55 51
48 55 0
0 58 53
48 58 0
0 60 56
48 60 0
0 63 57
48 67 57
12 63 0
36 67 0
0 70 60
48 70 0
0 72 62
48 72 0
0 75 61
48 75 0
0 72 57
48 72 0
0 70 57
48 70 0
0 67 53
48 67 0
0 70 57
48 70 0
0 72 60
48 72 0
0 75 61
48 79 61
12 75 0
36 79 0
0 82 63
48 82 0
0 84 67
48 84 0
0 87 67
48 87 0
0 84 64
48 84 0
0 82 64
48 82 0
0 79 62
48 79 0
0 82 67
48 82 0
0 84 70
48 84 0
0 87 73
48 91 69
12 87 0
36 91 0
0 94 75
48 94 0
0 96 82
48 96 0
0 99 84
48 99 0
0 96 80
48 96 0
0 94 80
48 94 0
0 91 89
48 91 0
0 94 91
48 94 0
0 96 92
48 96 0
0 99 95
60 99 0
78 91 84
30 94 84
30 99 87
30 103 90
780 103 0
0 91 0
0 94 0
0 99 0
90 75 49
30 79 49
30 82 58
30 87 58
780 87 0
0 75 0
0 79 0
0 82 0
90 75 46
30 79 46
30 84 56
30 87 56
780 87 0
0 75 0
0 79 0
0 84 0
90 82 49
30 86 49
30 89 58
30 94 58
780 94 0
0 82 0
0 86 0
0 89 0
90 79 49
30 82 49
30 87 58
30 91 58
780 91 0
0 79 0
0 82 0
0 87 0
90 77 46
30 82 46
30 89 56
0 86 56
810 86 0
0 77 0
0 82 0
0 89 0
90 75 46
30 79 46
30 84 55
30 87 55
780 87 0
0 75 0
0 79 0
0 84 0
90 74 49
30 79 49
30 82 58
30 86 58
780 86 0
0 74 0
0 79 0
0 82 0
90 72 46
30 75 46
30 80 55
30 84 55
780 84 0
0 72 0
0 75 0
0 80 0
90 70 48
30 75 48
30 79 57
30 82 57
780 82 0
0 70 0
0 75 0
0 79 0
90 72 46
30 75 46
30 80 55
30 84 55
780 84 0
0 72 0
0 75 0
0 80 0
90 74 49
30 80 49
30 82 58
30 86 58
780 86 0
0 74 0
0 80 0
0 82 0
90 75 50
30 79 50
30 82 60
30 87 60
780 87 0
0 75 0
0 79 0
0 82 0
90 77 52
30 84 52
30 87 62
30 89 62
780 89 0
0 77 0
0 84 0
0 87 0
90 77 50
30 86 50
30 82 60
0 89 60
810 82 0
0 80 56
960 80 0
0 89 0
0 86 0
0 77 0
90 75 49
30 79 49
30 82 58
30 87 58
30 99 69
2670 99 0
0 82 0
0 75 0
0 79 0
0 87 0
0 75 70
0 82 70
950 82 0
0 75 0
10 82 69
0 74 69
950 74 0
0 82 0
10 75 70
0 82 70
960 82 0
0 75 0
90 72 49
30 75 56
30 80 60
30 84 67
780 84 0
0 72 0
0 75 0
0 80 0
0 99 50
60 99 0
0 96 49
60 96 0
0 92 48
60 92 0
0 87 45
60 87 0
240 96 48
60 96 0
0 92 46
60 92 0
0 87 45
60 87 0
0 84 42
60 84 0
240 63 55
960 63 0
0 75 70
0 79 70
950 79 0
0 75 0
10 80 69
0 75 69
950 75 0
0 80 0
10 75 70
0 82 70
950 82 0
0 75 0
10 82 70
0 77 70
960 82 0
0 80 69
960 80 0
0 77 0
0 75 68
0 79 68
960 79 0
0 75 0
90 74 57
30 77 66
840 77 0
0 74 0
0 101 50
60 101 0
0 98 49
60 98 0
0 94 48
60 94 0
0 89 45
60 89 0
240 98 48
60 98 0
0 94 46
60 94 0
0 89 45
60 89 0
0 86 42
60 86 0
240 62 55
960 62 0
0 58 80
0 55 67
950 55 0
0 58 0
10 60 84
0 56 70
950 56 0
0 60 0
10 56 73
0 62 86
950 62 0
0 56 0
10 58 73
0 63 86
950 63 0
0 58 0
10 60 70
0 65 84
950 65 0
0 60 0
10 58 73
0 67 86
950 67 0
0 58 0
10 60 70
0 63 70
0 65 84
950 65 0
0 63 0
0 60 0
10 58 80
0 65 80
0 62 63
960 58 0
0 56 68
960 56 0
0 62 0
0 65 0
0 58 63
0 55 63
0 63 75
960 63 0
0 55 0
0 58 0
480 55 38
160 55 0
0 58 40
160 58 0
0 63 45
160 63 0
0 67 48
160 67 0
0 70 46
160 70 0
0 75 48
160 75 0
0 79 48
160 79 0
0 82 49
160 82 0
0 87 50
160 87 0
0 75 55
0 94 55
160 94 0
0 91 49
160 91 0
0 94 53
160 94 0
0 91 49
160 91 0
0 94 53
160 94 0
0 91 49
160 91 0
0 75 0
0 75 53
0 95 53
160 95 0
0 92 49
160 92 0
0 95 53
160 95 0
0 92 49
160 92 0
0 95 51
160 95 0
0 92 49
160 92 0
0 75 0
0 99 51
0 91 51
160 91 0
0 99 0
0 96 49
160 96 0
0 94 49
160 94 0
0 91 48
160 91 0
0 87 48
160 87 0
0 84 48
160 84 0
0 82 48
160 82 0
0 79 48
160 79 0
0 75 48
160 75 0
0 72 47
160 72 0
0 70 46
160 70 0
0 67 46
160 67 0
0 63 49
960 63 0
0 56 40
0 63 40
950 63 0
0 56 0
10 55 35
0 63 42
950 63 0
0 55 0
10 55 32
0 63 38
950 63 0
0 55 0
10 55 32
0 63 38
950 63 0
0 55 0
10 55 32
0 63 38
2640 63 0
0 55 0
960 55 50
240 55 0
1200 55 50
240 55 0
480 62 41
0 67 50
475 67 0
0 62 0
5 62 40
0 67 48
237 67 0
0 62 0
3 62 50
0 55 41
720 55 0
0 62 0
0 62 41
0 67 50
475 67 0
0 62 0
5 62 39
0 67 47
237 67 0
0 62 0
3 62 50
0 55 41
720 55 0
0 62 0
0 71 50
0 62 41
360 71 0
0 72 48
120 72 0
0 71 45
240 71 0
0 62 0
0 67 49
0 59 41
720 59 0
0 67 0
0 71 50
0 62 41
360 71 0
0 72 48
120 72 0
0 71 45
240 71 0
0 62 0
0 67 49
0 59 41
720 59 0
0 67 0
0 69 52
0 74 62
475 74 0
0 69 0
5 69 49
0 74 59
237 74 0
0 69 0
3 71 62
0 65 52
720 65 0
0 71 0
0 69 52
0 74 62
475 74 0
0 69 0
5 69 49
0 74 59
237 74 0
0 69 0
3 71 62
0 65 52
720 65 0
0 71 0
0 71 58
0 77 69
360 77 0
0 71 0
0 74 55
0 79 64
120 79 0
0 74 0
0 71 51
0 77 62
240 77 0
0 71 0
0 74 68
0 65 57
720 65 0
0 74 0
0 71 58
0 77 69
360 77 0
0 71 0
0 74 55
0 79 64
120 79 0
0 74 0
0 71 51
0 77 62
240 77 0
0 71 0
0 74 68
0 65 57
720 65 0
0 74 0
0 71 60
0 79 71
360 79 0
0 71 0
0 67 58
0 77 69
120 77 0
0 67 0
0 71 55
0 79 64
240 79 0
0 71 0
0 77 72
0 67 62
240 67 0
0 77 0
0 71 58
0 79 69
240 79 0
0 71 0
0 67 60
0 77 71
240 77 0
0 67 0
0 74 63
0 83 77
360 83 0
0 74 0
0 71 62
0 79 74
120 79 0
0 71 0
0 74 59
0 83 70
240 83 0
0 74 0
0 86 78
0 77 64
240 77 0
0 86 0
0 74 62
0 83 74
240 83 0
0 74 0
0 77 62
0 86 74
240 86 0
0 77 0
0 72 68
0 76 68
0 84 81
720 84 0
0 76 0
0 72 0
2160 64 41
0 67 50
360 65 40
0 69 46
20 67 0
0 64 0
100 64 38
0 67 45
20 65 0
0 69 0
220 64 0
0 67 0
0 60 36
0 64 41
180 79 47
60 79 0
0 64 0
0 60 0
0 91 53
240 91 0
240 64 41
0 67 50
360 65 40
0 69 46
20 67 0
0 64 0
100 64 38
0 67 45
20 65 0
0 69 0
220 64 0
0 67 0
0 60 36
0 64 41
180 79 47
60 79 0
0 64 0
0 60 0
0 91 53
240 91 0
240 65 47
0 74 57
480 74 0
0 65 0
0 65 47
0 74 57
240 74 0
0 65 0
0 62 42
0 71 52
180 79 47
60 79 0
0 71 0
0 62 0
0 91 53
240 91 0
240 64 42
0 72 52
480 72 0
0 64 0
0 64 41
0 72 50
240 72 0
0 64 0
0 64 40
0 67 48
180 79 47
60 79 0
0 67 0
0 64 0
0 91 53
240 91 0
240 65 52
0 69 52
475 69 0
0 65 0
5 65 52
0 69 52
237 69 0
0 65 0
3 69 53
0 72 53
360 67 51
0 71 51
20 72 0
0 69 0
100 65 50
0 69 50
20 67 0
0 71 0
220 65 0
0 69 0
0 64 41
0 67 50
360 65 40
0 69 46
20 67 0
0 64 0
100 64 38
0 67 45
20 65 0
0 69 0
220 64 0
0 67 0
0 60 36
0 64 41
180 79 47
60 79 0
0 64 0
0 60 0
0 91 53
240 91 0
240 65 52
0 69 52
475 69 0
0 65 0
5 65 52
0 69 52
237 69 0
0 65 0
3 69 53
0 72 53
360 67 51
0 71 51
20 72 0
0 69 0
100 65 50
0 69 50
20 67 0
0 71 0
220 65 0
0 69 0
0 64 41
0 67 50
360 65 40
0 69 46
20 67 0
0 64 0
100 64 38
0 67 45
20 65 0
0 69 0
220 64 0
0 67 0
0 60 36
0 64 41
180 79 47
60 79 0
0 64 0
0 60 0
0 91 53
240 91 0
240 86 64
120 77 44
120 77 0
0 79 51
120 79 0
0 83 44
120 83 0
0 86 0
0 86 64
120 79 50
120 79 0
0 86 0
0 89 66
120 83 51
120 83 0
0 79 55
120 79 0
0 86 65
20 89 0
100 83 61
20 86 0
100 77 52
60 77 0
0 76 51
30 79 55
30 83 0
0 84 63
720 84 0
0 79 0
0 76 0
90 76 50
30 79 52
30 84 55
30 88 60
480 88 0
0 76 0
0 79 0
0 84 0
67 96 67
113 84 38
0 88 38
120 88 0
0 84 0
0 91 63
7 96 0
113 79 38
0 84 38
120 84 0
0 79 0
0 91 0
0 88 64
120 76 38
0 79 38
120 79 0
0 76 0
0 88 0
0 91 66
120 79 38
0 83 38
120 83 0
0 79 0
0 79 38
0 83 38
120 89 61
20 91 0
100 79 0
0 83 0
0 79 38
0 83 38
0 86 59
20 89 0
100 79 0
0 83 0
0 77 38
120 77 0
0 86 0
0 76 43
0 79 43
0 84 52
120 84 0
0 79 0
0 76 0
0 76 44
120 76 0
0 79 48
120 79 0
0 84 43
120 84 0
0 79 49
120 79 0
0 76 44
120 76 0
0 72 44
120 72 0
0 76 43
120 76 0
0 79 44
120 79 0
0 84 43
120 84 0
0 79 44
120 79 0
0 76 42
120 76 0
0 72 44
120 72 0
0 75 43
120 75 0
0 78 44
120 78 0
0 84 43
120 84 0
0 78 44
120 78 0
0 75 42
120 75 0
0 72 50
120 72 0
0 75 44
120 75 0
0 78 51
120 78 0
0 84 44
120 84 0
0 78 51
120 78 0
0 75 47
120 75 0
0 72 51
120 72 0
0 76 44
120 76 0
0 79 51
120 79 0
0 84 44
120 84 0
0 79 52
120 79 0
0 76 48
120 76 0
0 72 50
120 72 0
0 76 44
120 76 0
0 79 49
120 79 0
0 84 40
120 84 0
0 79 49
120 79 0
0 76 43
120 76 0
0 84 44
120 84 0
0 87 43
120 87 0
0 90 44
120 90 0
0 96 43
120 96 0
0 90 44
120 90 0
0 87 42
120 87 0
0 84 50
120 84 0
0 87 44
120 87 0
0 90 51
120 90 0
0 96 44
120 96 0
0 90 51
120 90 0
0 87 47
120 87 0
0 84 51
120 84 0
0 88 44
120 88 0
0 91 48
120 91 0
0 96 40
120 96 0
0 91 47
120 91 0
0 88 44
120 88 0
0 84 47
120 84 0
0 88 42
120 88 0
0 91 39
120 91 0
0 96 37
120 96 0
0 91 39
120 91 0
0 88 37
120 88 0
0 84 44
120 84 0
0 88 39
120 88 0
0 91 42
120 91 0
0 96 36
120 96 0
0 91 42
120 91 0
0 88 40
120 88 0
0 84 42
120 84 0
0 88 37
120 88 0
0 91 35
120 91 0
0 96 31
120 96 0
0 91 35
120 91 0
0 88 31
60 88 0
60 84 40
120 84 0
120 88 38
120 88 0
120 91 37
120 91 0
120 96 35
120 96 0
120 91 36
120 91 0
120 88 35
120 88 0
120 84 38
120 84 0
1080 84 70
80 84 0
0 72 63
80 72 0
0 81 57
80 81 0
0 79 70
240 79 0
240 79 66
240 79 0
240 84 70
160 84 0
0 72 64
160 72 0
0 79 60
160 79 0
0 77 72
240 77 0
240 77 69
240 77 0
240 84 70
160 84 0
0 72 64
160 72 0
0 77 64
160 77 0
0 70 61
0 76 64
240 76 0
0 70 0
240 70 51
0 76 64
360 76 0
0 79 58
120 79 0
0 70 0
0 70 48
0 74 60
360 74 0
0 79 58
120 79 0
0 70 0
0 70 60
0 72 63
240 72 0
0 70 0
720 84 70
160 84 0
0 72 64
160 72 0
0 81 59
160 81 0
0 77 72
240 77 0
240 77 69
240 77 0
240 84 70
160 84 0
0 72 64
160 72 0
0 81 59
160 81 0
0 77 72
240 77 0
240 77 69
240 77 0
180 86 64
60 86 0
0 84 71
240 84 0
0 83 66
180 83 0
0 86 65
60 86 0
0 84 72
120 84 0
120 83 69
120 83 0
120 84 67
120 84 0
120 86 69
120 86 0
120 88 71
120 88 0
120 89 73
120 89 0
120 85 80
480 85 0
0 86 77
240 86 0
240 86 70
160 86 0
0 79 64
160 79 0
0 82 60
160 82 0
0 76 72
240 76 0
240 76 69
240 76 0
240 85 65
160 85 0
0 79 64
160 79 0
0 82 60
160 82 0
0 76 70
240 76 0
240 76 69
240 76 0
180 81 64
60 81 0
0 79 71
240 79 0
0 78 66
180 78 0
0 81 65
60 81 0
0 79 72
120 79 0
120 78 69
120 78 0
120 79 67
120 79 0
120 81 69
120 81 0
120 82 71
120 82 0
120 84 73
120 84 0
120 80 80
480 80 0
0 81 77
240 81 0
240 84 70
160 84 0
0 72 64
160 72 0
0 81 59
160 81 0
0 77 72
240 77 0
240 77 69
240 77 0
240 84 70
160 84 0
0 72 64
160 72 0
0 81 61
160 81 0
0 77 72
240 77 0
240 77 69
240 77 0
180 79 64
60 79 0
0 77 71
120 77 0
120 76 66
120 76 0
120 77 72
120 77 0
120 79 69
120 79 0
120 89 63
0 81 66
120 81 0
0 89 0
120 89 67
0 82 70
120 82 0
0 89 0
120 89 72
0 83 75
120 83 0
0 89 0
120 89 78
0 84 81
120 84 0
0 89 0
120 89 81
0 85 85
480 85 0
0 89 0
0 89 78
0 86 81
240 86 0
0 89 0
240 86 80
160 86 0
0 79 72
160 79 0
0 82 66
160 82 0
0 76 80
240 76 0
240 84 88
0 72 75
475 72 0
0 84 0
5 72 70
0 84 82
475 84 0
0 72 0
5 84 88
0 72 75
480 72 0
150 84 0
10 81 72
160 81 0
0 77 70
160 77 0
0 72 69
160 72 0
0 69 69
160 69 0
0 65 67
160 65 0
0 60 58
0 64 64
120 64 0
0 67 55
120 67 0
0 60 0
240 60 59
0 63 67
120 63 0
0 67 52
120 67 0
0 60 0
240 59 59
0 62 66
120 62 0
0 67 52
120 67 0
0 59 0
240 55 59
0 60 67
240 60 0
0 55 0
720 60 62
240 60 0
0 62 60
60 62 0
0 60 57
60 60 0
0 59 57
60 59 0
0 60 57
60 60 0
0 65 67
960 65 0
0 64 62
240 64 0
0 62 60
240 62 0
0 58 57
0 60 63
960 60 0
0 58 0
0 62 63
240 62 0
0 64 60
240 64 0
0 65 67
480 65 0
0 68 67
360 68 0
0 69 62
120 69 0
0 74 67
360 74 0
0 72 62
120 72 0
0 64 59
0 67 67
480 67 0
0 64 0
480 72 62
240 72 0
0 74 60
60 74 0
0 72 57
60 72 0
0 71 57
60 71 0
0 72 57
60 72 0
0 77 67
960 77 0
0 76 62
240 76 0
0 74 60
240 74 0
0 70 57
0 72 63
960 72 0
0 70 0
0 74 63
240 74 0
0 76 60
240 76 0
0 72 59
0 77 67
240 77 0
0 79 53
60 79 0
0 77 53
60 77 0
0 76 53
60 76 0
0 77 53
60 77 0
0 72 0
0 74 56
0 81 62
240 81 0
0 74 0
0 79 57
240 79 0
0 70 56
0 77 62
240 77 0
0 70 0
0 76 57
240 76 0
0 69 62
0 77 62
480 77 0
0 69 0
480 84 67
160 84 0
0 72 61
160 72 0
0 81 57
160 81 0
0 79 74
240 79 0
240 79 73
240 79 0
240 84 67
160 84 0
0 72 61
160 72 0
0 79 57
160 79 0
0 77 69
240 77 0
240 77 66
240 77 0
240 84 67
160 84 0
0 72 61
160 72 0
0 77 61
160 77 0
0 76 61
0 72 61
240 72 0
0 76 0
240 70 55
0 76 61
360 76 0
0 79 56
120 79 0
0 70 0
0 70 52
0 76 61
360 76 0
0 79 56
120 79 0
0 70 0
0 69 58
0 77 63
158 77 0
0 69 0
2 69 56
0 77 61
158 77 0
0 69 0
2 69 56
0 77 61
158 77 0
0 69 0
2 65 57
0 69 57
0 77 62
158 77 0
0 69 0
0 65 0
2 65 60
0 69 60
0 77 66
158 77 0
0 69 0
0 65 0
2 65 61
0 69 61
0 77 67
158 77 0
0 69 0
0 65 0
2 65 61
0 70 61
0 77 67
158 77 0
0 70 0
0 65 0
2 65 63
0 70 63
0 77 69
158 77 0
0 70 0
0 65 0
2 65 63
0 70 63
0 77 69
158 77 0
0 70 0
0 65 0
2 65 66
0 69 66
0 75 72
0 77 72
158 77 0
0 65 0
0 69 0
0 75 0
2 65 67
0 69 67
0 75 73
0 77 73
158 77 0
0 65 0
0 69 0
0 75 0
2 65 68
0 69 68
0 75 74
0 77 74
138 77 0
0 65 0
0 69 0
0 75 0
22 65 88
120 70 57
120 70 0
0 74 57
120 74 0
0 77 57
120 77 0
0 74 66
120 74 0
0 70 57
120 70 0
0 74 57
120 74 0
0 77 57
120 77 0
0 65 0
0 67 82
120 70 63
120 70 0
0 75 63
120 75 0
0 79 63
120 79 0
0 75 72
120 75 0
0 70 63
120 70 0
0 75 63
120 75 0
0 79 66
120 79 0
0 67 0
0 65 82
120 70 68
120 70 0
0 74 68
120 74 0
0 77 68
120 77 0
0 74 72
120 74 0
0 70 66
120 70 0
0 65 0
0 63 79
120 75 57
120 75 0
0 63 0
0 62 79
120 65 60
120 65 0
0 70 63
120 70 0
0 74 60
120 74 0
0 62 0
0 63 74
120 65 57
120 65 0
0 69 57
120 69 0
0 75 57
120 75 0
0 63 0
0 65 88
120 70 57
120 70 0
0 74 57
120 74 0
0 77 57
120 77 0
0 74 66
120 74 0
0 70 57
120 70 0
0 74 57
120 74 0
0 77 57
120 77 0
0 65 0
0 67 82
120 70 63
120 70 0
0 75 63
120 75 0
0 79 63
120 79 0
0 75 72
120 75 0
0 70 63
120 70 0
0 75 63
120 75 0
0 79 66
120 79 0
0 67 0
0 65 82
120 70 68
120 70 0
0 74 68
120 74 0
0 77 68
120 77 0
0 74 72
120 74 0
0 70 66
120 70 0
0 65 0
0 63 79
120 75 57
120 75 0
0 63 0
0 62 79
120 65 60
120 65 0
0 70 63
120 70 0
0 74 60
120 74 0
0 62 0
0 63 74
120 65 57
120 65 0
0 69 57
120 69 0
0 75 57
120 75 0
0 63 0
0 65 88
120 70 57
120 70 0
0 74 57
120 74 0
0 77 57
120 77 0
0 74 66
120 74 0
0 70 57
120 70 0
0 74 57
120 74 0
0 77 57
110 65 0
10 77 0
0 65 90
120 69 66
120 69 0
0 72 66
120 72 0
0 77 67
120 77 0
0 72 74
120 72 0
0 69 68
120 69 0
0 72 68
120 72 0
0 77 68
120 77 0
0 65 0
0 67 93
120 72 74
120 72 0
0 76 75
120 76 0
0 79 75
120 79 0
0 76 75
120 76 0
0 72 66
120 72 0
0 67 0
0 76 72
120 76 0
0 79 66
120 79 0
0 69 93
120 72 72
120 72 0
0 77 79
120 77 0
0 81 69
120 81 0
0 69 0
0 70 97
120 74 81
120 74 0
0 77 86
120 77 0
0 82 80
120 82 0
0 70 0
0 69 94
120 72 67
120 72 0
0 77 79
120 77 0
0 81 68
120 81 0
0 77 80
120 77 0
0 72 67
120 72 0
0 77 68
120 77 0
0 81 68
120 81 0
0 69 0
0 67 90
120 70 72
120 70 0
0 76 74
120 76 0
0 79 72
120 79 0
0 76 75
120 76 0
0 72 63
120 72 0
0 76 68
120 76 0
0 79 66
120 79 0
0 67 0
0 65 90
120 69 72
120 69 0
0 72 74
120 72 0
0 77 72
120 77 0
0 65 0
0 81 79
120 81 0
0 77 72
120 77 0
0 81 72
120 81 0
0 84 72
120 84 0
0 89 97
0 81 86
480 81 0
0 89 0
480 72 79
120 77 52
120 77 0
0 81 56
120 81 0
0 84 60
120 84 0
0 81 58
120 81 0
0 77 55
120 77 0
0 72 0
0 74 72
120 86 58
120 86 0
0 74 0
0 72 79
120 77 58
120 77 0
0 81 62
120 81 0
0 84 67
120 84 0
0 72 0
0 74 73
120 77 58
120 77 0
0 82 62
120 82 0
0 86 69
120 86 0
0 74 0
0 75 75
120 81 57
120 81 0
0 84 61
120 84 0
0 87 66
120 87 0
0 84 68
120 84 0
0 81 62
120 81 0
0 75 0
0 77 69
120 89 63
120 89 0
0 77 0
0 75 72
120 81 58
120 81 0
0 84 62
120 84 0
0 87 66
110 87 0
10 87 69
120 87 0
0 84 62
120 84 0
0 75 0
0 81 58
120 81 0
0 77 58
120 77 0
0 74 79
120 77 55
120 77 0
0 82 58
120 82 0
0 86 62
110 86 0
10 86 61
120 86 0
0 82 57
120 82 0
0 74 0
0 75 75
120 87 62
120 87 0
0 75 0
0 74 84
120 77 62
120 77 0
0 82 67
120 82 0
0 86 72
120 86 0
0 74 0
0 75 79
120 81 63
120 81 0
0 84 68
120 84 0
0 87 74
120 87 0
0 75 0
0 77 82
120 82 67
120 82 0
0 86 72
120 86 0
0 89 75
110 89 0
10 89 77
120 89 0
0 86 73
120 86 0
0 77 0
0 79 77
120 91 69
120 91 0
0 79 0
0 77 85
120 82 70
120 82 0
0 86 74
120 86 0
0 89 79
120 89 79
120 89 0
0 86 75
120 86 0
0 77 0
0 82 73
120 82 0
0 77 70
120 77 0
0 94 92
0 82 82
120 89 82
120 89 0
0 86 88
120 86 0
0 89 81
120 89 0
0 82 0
0 94 0
0 93 85
0 81 75
40 89 0
80 89 77
120 89 0
0 86 79
120 86 0
0 89 77
120 89 0
0 81 0
0 93 0
0 91 91
0 79 81
120 87 78
120 87 0
0 82 82
120 82 0
0 87 78
120 87 0
0 79 0
0 91 0
0 89 84
0 77 75
120 86 69
120 86 0
0 82 75
120 82 0
0 86 69
120 86 0
0 77 0
0 89 0
0 94 94
0 82 85
120 89 82
120 89 0
0 86 85
120 86 0
0 89 80
120 89 0
0 82 0
0 94 0
0 91 91
0 79 81
120 87 79
120 87 0
0 82 81
120 82 0
0 87 77
120 87 0
0 79 0
0 91 0
0 89 91
0 77 81
120 86 80
120 86 0
0 82 84
120 82 0
0 86 79
120 86 0
0 77 0
0 89 0
0 87 90
0 75 80
120 84 79
120 84 0
0 79 84
120 79 0
0 84 79
120 84 0
0 75 0
0 87 0
0 86 91
0 74 81
120 82 78
120 82 0
0 77 75
120 77 0
0 74 74
110 74 0
10 74 79
120 74 0
0 77 80
120 77 0
0 82 82
120 82 0
0 86 84
120 86 0
0 74 0
0 86 0
0 84 90
0 72 80
120 81 81
120 81 0
0 75 80
120 75 0
0 72 79
110 72 0
10 72 75
120 72 0
0 75 77
120 75 0
0 81 79
120 81 0
0 84 81
120 84 0
0 72 0
0 84 0
0 70 73
0 74 73
0 77 73
0 82 82
960 82 0
0 70 0
0 74 0
0 77 0
480 69 61
60 72 62
20 69 0
40 75 63
20 72 0
40 77 63
20 75 0
40 81 63
20 77 0
40 84 64
20 81 0
40 87 64
20 84 0
40 89 67
20 87 0
10 82 71
10 86 73
10 89 74
10 89 0
0 94 77
960 94 0
0 89 0
0 86 0
0 82 0
480 57 50
60 60 50
20 57 0
40 63 51
20 60 0
40 65 52
20 63 0
40 69 52
20 65 0
40 72 53
20 69 0
40 75 53
20 72 0
40 77 55
20 75 0
10 70 57
10 74 59
10 77 59
10 77 0
0 82 61
960 82 0
0 77 0
0 74 0
0 70 0
240 77 48
240 77 0
0 82 49
240 82 0
0 86 51
240 86 0
0 89 53
240 89 0
0 94 50
240 94 0
0 89 49
240 89 0
0 86 49
240 86 0
0 82 49
240 82 0
0 77 44
240 77 0
0 74 44
240 74 0
0 77 44
240 77 0
0 82 50
240 82 0
0 86 46
240 86 0
0 82 47
240 82 0
0 77 47
240 77 0
0 74 47
240 74 0
0 70 40
240 70 0
0 65 42
240 65 0
0 70 40
240 70 0
0 74 48
240 74 0
0 77 42
240 77 0
0 74 40
240 74 0
0 70 40
240 70 0
0 65 44
240 65 0
0 62 39
240 62 0
0 58 40
240 58 0
0 62 39
240 62 0
0 50 25
0 53 31
60 53 0
0 50 0
0 58 29
60 58 0
0 50 25
0 53 31
60 53 0
0 50 0
0 58 29
60 58 0
0 50 25
0 53 31
60 53 0
0 50 0
0 58 29
60 58 0
0 50 25
0 53 31
60 53 0
0 50 0
0 58 28
60 58 0
0 50 25
0 53 31
60 53 0
0 50 0
0 58 29
60 58 0
0 50 25
0 53 31
60 53 0
0 50 0
0 58 29
60 58 0
0 50 25
0 53 31
60 53 0
0 50 0
0 58 29
60 58 0
0 50 25
0 53 31
60 53 0
0 50 0
0 58 28
60 58 0
0 50 25
0 53 31
60 53 0
0 50 0
0 58 29
60 58 0
0 50 25
0 53 31
60 53 0
0 50 0
0 58 29
60 58 0
0 50 25
0 53 31
60 53 0
0 50 0
0 58 29
60 58 0
0 50 25
0 53 31
60 53 0
0 50 0
0 58 28
60 58 0
0 50 25
0 53 31
60 53 0
0 50 0
0 58 29
60 58 0
0 50 25
0 53 31
60 53 0
0 50 0
0 58 29
60 58 0
0 50 25
0 53 31
60 53 0
0 50 0
0 58 29
60 58 0
0 50 25
0 53 31
60 53 0
0 50 0
0 58 28
50 58 0
10 58 26
0 50 26
0 53 26
1920 53 0
0 50 0
0 58 0
0 50 31
0 53 31
720 53 0
0 50 0
0 51 31
0 55 31
240 55 0
0 51 0
0 50 31
0 53 31
480 53 0
0 50 0
0 51 31
0 55 31
480 55 0
0 51 0
0 50 34
0 53 34
0 56 34
720 56 0
0 53 0
0 55 31
0 58 31
240 58 0
0 55 0
0 50 0
0 50 31
0 53 31
0 56 31
480 56 0
0 53 0
0 50 0
240 62 30
48 65 33
48 68 34
48 70 37
48 74 39
48 80 44
720 80 0
0 82 40
240 82 0
0 80 42
480 80 0
0 65 0
0 68 0
0 62 0
0 74 0
0 70 0
480 50 31
0 54 31
720 54 0
0 50 0
0 52 31
0 55 31
240 55 0
0 52 0
0 50 31
0 54 31
480 54 0
0 50 0
0 52 31
0 55 31
480 55 0
0 52 0
0 50 34
0 54 34
0 57 34
720 57 0
0 54 0
0 55 31
0 59 31
240 59 0
0 55 0
0 54 31
0 57 31
480 57 0
0 54 0
0 50 0
240 62 30
48 66 33
48 69 34
48 71 37
48 74 39
48 81 44
720 81 0
0 83 40
240 83 0
0 81 42
480 81 0
0 66 0
0 69 0
0 62 0
0 74 0
0 71 0
390 83 40
30 85 46
30 91 49
30 95 52
720 95 0
0 83 0
0 85 0
0 91 0
0 85 45
0 97 50
240 97 0
0 85 0
0 83 44
0 95 49
480 95 0
0 83 0
390 82 40
30 86 46
30 89 49
30 94 52
720 94 0
0 82 0
0 86 0
0 89 0
0 84 45
0 96 50
240 96 0
0 84 0
0 82 44
0 94 49
480 94 0
0 82 0
390 81 40
30 85 46
30 88 49
30 93 52
720 93 0
0 81 0
0 85 0
0 88 0
0 83 45
0 95 50
240 95 0
0 83 0
0 81 44
0 93 49
1440 93 0
0 81 0
0 91 79
60 91 0
0 88 67
60 88 0
0 85 64
60 85 0
0 81 63
60 81 0
240 79 79
60 79 0
0 76 67
60 76 0
0 73 64
60 73 0
0 69 63
60 69 0
240 67 79
60 67 0
0 64 67
60 64 0
0 61 64
60 61 0
0 57 63
60 57 0
3600 69 66
120 69 0
0 73 68
120 73 0
0 76 69
120 76 0
0 79 71
120 79 0
0 83 71
360 83 0
0 85 69
120 85 0
0 83 64
480 77 55
0 74 49
480 83 0
0 80 62
480 80 0
0 74 0
0 77 0
0 73 55
0 76 55
0 83 61
240 83 0
0 81 56
240 81 0
0 80 53
240 80 0
0 79 52
240 79 0
0 76 0
0 73 0
0 76 50
240 76 0
0 73 49
240 73 0
0 66 36
0 69 55
160 57 36
20 66 0
140 62 37
20 57 0
140 62 0
0 69 0
0 67 36
0 69 58
160 57 36
20 67 0
140 64 37
20 57 0
140 64 0
0 69 0
0 66 36
0 69 55
160 57 37
160 57 0
0 62 35
160 62 0
0 69 0
0 66 0
0 62 36
0 71 58
160 59 37
160 59 0
0 62 37
160 62 0
0 71 0
0 62 0
0 66 36
0 69 54
160 57 37
20 66 0
140 62 37
20 57 0
140 62 0
0 69 0
0 61 36
0 69 54
160 57 31
160 73 43
0 81 43
0 79 43
0 61 36
20 57 0
140 69 0
0 61 0
0 61 0
0 64 37
160 67 32
20 64 0
135 81 0
5 73 0
0 79 0
0 73 42
0 81 42
0 79 42
0 69 42
0 61 35
20 67 0
140 81 0
0 79 0
0 73 0
0 61 0
0 69 0
0 74 42
0 81 42
0 78 42
0 62 35
0 66 35
480 66 0
0 78 0
0 74 0
0 81 0
0 62 0
0 59 38
0 67 60
160 55 38
20 59 0
140 59 40
20 55 0
140 59 0
0 67 0
0 57 38
0 66 63
160 54 38
160 57 40
20 54 0
140 57 0
0 66 0
0 57 0
0 59 38
0 64 60
160 55 42
160 59 37
20 55 0
140 59 0
0 64 0
0 59 0
0 54 38
0 62 63
160 50 42
160 54 42
20 50 0
140 54 0
0 62 0
0 54 0
0 55 38
0 61 59
160 52 42
160 57 42
20 52 0
140 55 0
0 61 0
0 57 0
0 54 38
0 62 59
160 54 34
160 57 38
0 69 46
0 78 46
0 74 46
20 54 0
140 78 0
0 62 0
0 57 0
0 54 0
0 74 0
0 69 0
0 62 48
160 66 42
20 62 0
140 69 48
20 66 0
140 69 0
60 74 48
30 78 52
30 86 58
360 86 0
0 78 0
0 74 0
0 57 40
0 66 65
160 54 40
20 57 0
140 57 43
20 54 0
140 57 0
0 66 0
0 56 40
0 64 67
160 52 40
160 56 43
20 52 0
140 56 0
0 64 0
0 56 0
0 57 40
0 61 65
160 54 46
160 57 39
20 54 0
140 57 0
0 61 0
0 57 0
0 54 40
0 62 67
160 50 46
160 54 46
20 50 0
140 54 0
0 62 0
0 54 0
0 56 46
0 59 64
160 50 46
160 52 46
20 50 0
140 56 0
0 59 0
0 52 0
0 49 40
0 57 64
160 49 35
160 52 39
20 49 0
140 49 0
0 57 0
0 52 0
0 57 50
160 61 44
20 57 0
140 64 50
20 61 0
140 64 0
60 69 50
30 73 52
30 81 55
360 81 0
0 73 0
0 69 0
0 66 36
0 69 55
160 57 36
20 66 0
140 62 37
20 57 0
140 62 0
0 69 0
0 67 36
0 69 58
160 57 36
20 67 0
140 64 37
20 57 0
140 64 0
0 69 0
0 66 36
0 69 55
160 57 37
160 57 0
0 62 35
160 62 0
0 69 0
0 66 0
0 62 36
0 71 58
160 59 37
160 59 0
0 62 37
160 62 0
0 71 0
0 62 0
0 66 36
0 69 54
160 57 37
20 66 0
140 62 37
20 57 0
140 62 0
0 69 0
0 61 36
0 69 54
160 57 31
160 73 43
0 81 43
0 79 43
0 61 36
20 57 0
140 69 0
0 61 0
0 61 0
0 64 37
160 67 32
20 64 0
140 73 0
0 79 0
0 81 0
0 73 42
0 81 42
0 79 42
0 69 42
0 61 35
20 67 0
140 81 0
0 79 0
0 73 0
0 61 0
0 69 0
0 74 42
0 81 42
0 78 42
0 62 35
0 66 35
480 66 0
0 78 0
0 74 0
0 81 0
0 62 0
0 59 38
0 67 60
160 55 38
20 59 0
140 59 40
20 55 0
140 59 0
0 67 0
0 57 38
0 66 63
160 54 38
160 57 40
20 54 0
140 57 0
0 66 0
0 57 0
0 59 38
0 64 60
160 55 42
160 59 37
20 55 0
140 59 0
0 64 0
0 59 0
0 54 38
0 62 63
160 50 42
160 54 42
20 50 0
140 54 0
0 62 0
0 54 0
0 55 38
0 61 59
160 52 42
160 57 42
20 52 0
140 55 0
0 61 0
0 57 0
0 54 38
0 62 59
160 54 34
160 57 38
0 69 46
0 78 46
0 74 46
20 54 0
140 78 0
0 62 0
0 57 0
0 54 0
0 74 0
0 69 0
0 62 48
160 66 42
20 62 0
140 69 48
20 66 0
140 69 0
60 74 52
30 78 55
30 86 60
120 86 0
0 78 0
0 74 0
0 74 51
240 74 0
0 74 54
210 74 0
30 74 51
210 74 0
990 96 63
0 91 57
0 88 57
210 88 0
0 91 0
0 96 0
30 86 49
0 90 49
0 95 55
210 95 0
0 90 0
0 86 0
30 84 50
0 88 57
0 93 57
210 93 0
0 88 0
0 84 0
30 83 49
0 86 49
0 91 56
210 91 0
0 86 0
0 83 0
30 81 56
0 84 56
0 90 62
480 90 0
0 84 0
0 81 0
0 79 51
0 83 51
0 88 58
480 88 0
0 83 0
0 79 0
0 78 55
0 86 61
0 81 55
240 81 0
0 86 0
0 78 0
0 74 50
0 77 50
0 83 57
240 83 0
0 77 0
0 74 0
0 74 57
0 78 57
0 84 63
240 84 0
0 78 0
0 74 0
0 74 52
0 77 52
0 80 59
240 80 0
0 77 0
0 74 0
0 74 58
0 78 58
0 81 64
480 81 0
0 78 0
0 74 0
480 84 57
0 79 57
0 76 50
210 76 0
0 79 0
0 84 0
30 74 44
0 78 49
0 83 49
210 83 0
0 78 0
0 74 0
30 72 45
0 76 45
0 81 50
210 81 0
0 76 0
0 72 0
30 71 45
0 74 45
0 79 50
210 79 0
0 74 0
0 71 0
30 69 49
0 72 49
0 78 56
480 78 0
0 72 0
0 69 0
0 67 46
0 71 46
0 76 51
480 76 0
0 71 0
0 67 0
0 66 50
0 74 57
0 69 50
240 69 0
0 74 0
0 66 0
0 62 46
0 65 46
0 71 51
240 71 0
0 65 0
0 62 0
0 62 51
0 66 51
0 72 58
240 72 0
0 66 0
0 62 0
0 62 49
0 65 49
0 68 55
240 68 0
0 65 0
0 62 0
0 62 55
0 66 55
0 69 61
480 69 0
0 66 0
0 62 0
420 79 54
30 83 59
30 86 65
180 86 0
0 83 0
0 79 0
0 78 49
30 83 52
30 86 57
180 86 0
0 83 0
0 78 0
0 76 52
30 83 57
30 86 61
180 86 0
0 83 0
0 76 0
0 78 50
30 83 53
30 86 57
180 86 0
0 83 0
0 78 0
0 76 53
30 83 58
30 86 64
420 86 0
0 83 0
0 76 0
0 74 50
30 83 57
30 86 64
420 86 0
0 83 0
0 74 0
0 78 51
30 84 55
30 86 59
180 86 0
0 84 0
0 78 0
0 74 49
30 77 51
30 83 54
180 83 0
0 77 0
0 74 0
0 74 52
30 78 55
30 84 60
180 84 0
0 78 0
0 74 0
0 71 43
30 74 50
30 80 54
180 80 0
0 74 0
0 71 0
0 72 50
30 74 53
30 81 58
420 81 0
0 74 0
0 72 0
480 78 54
30 84 59
30 86 65
180 86 0
0 84 0
0 78 0
0 76 49
30 84 52
30 86 57
180 86 0
0 84 0
0 76 0
0 74 53
30 84 57
30 86 60
180 86 0
0 84 0
0 74 0
0 76 50
30 84 53
30 86 57
180 86 0
0 84 0
0 76 0
0 78 53
30 84 58
30 86 64
420 86 0
0 84 0
0 78 0
0 74 50
30 84 57
30 86 64
420 86 0
0 84 0
0 74 0
0 79 51
30 83 55
30 86 59
180 86 0
0 83 0
0 79 0
0 73 50
30 79 52
30 82 54
180 82 0
0 79 0
0 73 0
0 74 52
30 79 55
30 83 59
180 83 0
0 79 0
0 74 0
0 70 48
30 73 50
30 78 54
180 78 0
0 73 0
0 70 0
0 71 50
30 74 53
30 79 55
420 79 0
0 74 0
0 71 0
480 79 54
30 83 59
30 86 65
180 86 0
0 83 0
0 79 0
0 78 49
30 83 52
30 86 57
180 86 0
0 83 0
0 78 0
0 76 53
30 83 57
30 86 60
180 86 0
0 83 0
0 76 0
0 78 50
30 83 53
30 86 57
180 86 0
0 83 0
0 78 0
0 76 53
30 83 58
30 86 63
420 86 0
0 83 0
0 76 0
0 74 53
30 83 55
30 86 60
420 86 0
0 83 0
0 74 0
0 81 55
30 86 61
30 90 66
180 90 0
0 86 0
0 81 0
0 78 52
30 81 55
30 86 58
180 86 0
0 81 0
0 78 0
0 69 49
30 74 54
30 78 58
180 78 0
0 74 0
0 69 0
0 74 51
30 78 55
30 83 59
180 83 0
0 78 0
0 74 0
0 74 52
30 78 57
30 81 58
420 81 0
0 78 0
0 74 0
480 75 55
30 78 61
30 83 66
180 83 0
0 78 0
0 75 0
0 71 52
30 75 55
30 78 58
180 78 0
0 75 0
0 71 0
0 71 52
30 75 57
30 77 63
180 77 0
0 75 0
0 71 0
0 71 51
30 75 55
30 78 59
180 78 0
0 75 0
0 71 0
0 71 55
30 76 61
30 81 66
180 81 0
0 76 0
0 71 0
0 71 58
30 76 60
30 80 64
180 80 0
0 76 0
0 71 0
0 71 52
30 76 59
30 79 63
180 79 0
0 76 0
0 71 0
0 67 44
30 71 52
30 76 55
180 76 0
0 71 0
0 67 0
0 67 55
30 73 61
30 78 66
60 78 0
0 73 0
0 67 0
360 67 52
30 73 59
30 76 64
60 76 0
0 73 0
0 67 0
360 66 55
30 69 61
30 74 66
180 74 0
0 69 0
0 66 0
720 79 54
30 83 59
30 86 65
180 86 0
0 83 0
0 79 0
0 78 49
30 83 52
30 86 57
180 86 0
0 83 0
0 78 0
0 76 54
30 83 57
30 86 60
180 86 0
0 83 0
0 76 0
0 78 50
30 83 53
30 86 57
180 86 0
0 83 0
0 78 0
0 76 53
30 83 58
30 86 64
420 86 0
0 83 0
0 76 0
0 74 50
30 83 57
30 86 61
420 86 0
0 83 0
0 74 0
0 78 51
30 84 55
30 86 59
180 86 0
0 84 0
0 78 0
0 74 49
30 77 51
30 83 54
180 83 0
0 77 0
0 74 0
0 74 52
30 78 55
30 84 59
180 84 0
0 78 0
0 74 0
0 71 46
30 74 50
30 80 52
180 80 0
0 74 0
0 71 0
0 72 50
30 74 53
30 81 58
420 81 0
0 74 0
0 72 0
480 78 54
30 84 59
30 86 65
180 86 0
0 84 0
0 78 0
0 76 49
30 84 52
30 86 57
180 86 0
0 84 0
0 76 0
0 74 53
30 84 55
30 86 59
180 86 0
0 84 0
0 74 0
0 76 50
30 84 53
30 86 57
180 86 0
0 84 0
0 76 0
0 78 53
30 84 58
30 86 64
420 86 0
0 84 0
0 78 0
0 74 50
30 84 57
30 86 64
420 86 0
0 84 0
0 74 0
0 79 51
30 83 55
30 86 59
180 86 0
0 83 0
0 79 0
0 73 50
30 79 52
30 82 54
180 82 0
0 79 0
0 73 0
0 74 52
30 79 55
30 83 59
180 83 0
0 79 0
0 74 0
0 70 43
30 73 48
30 78 53
180 78 0
0 73 0
0 70 0
0 71 47
30 74 53
30 79 54
420 79 0
0 74 0
0 71 0
480 79 54
30 83 59
30 86 65
180 86 0
0 83 0
0 79 0
0 78 49
30 83 52
30 86 57
180 86 0
0 83 0
0 78 0
0 76 52
30 83 57
30 86 59
180 86 0
0 83 0
0 76 0
0 78 50
30 83 53
30 86 57
180 86 0
0 83 0
0 78 0
0 76 53
30 83 58
30 86 64
420 86 0
0 83 0
0 76 0
0 74 49
30 83 55
30 86 59
420 86 0
0 83 0
0 74 0
0 79 55
30 84 61
30 88 66
180 88 0
0 84 0
0 79 0
0 78 52
30 84 55
30 87 58
180 87 0
0 84 0
0 78 0
0 79 52
30 88 59
30 84 64
180 84 0
0 88 0
0 79 0
0 75 50
30 78 55
30 83 59
180 83 0
0 78 0
0 75 0
0 76 52
30 79 57
30 84 58
420 84 0
0 79 0
0 76 0
480 79 55
30 83 61
30 86 66
180 86 0
0 83 0
0 79 0
0 74 52
30 79 55
30 83 58
180 83 0
0 79 0
0 74 0
0 72 51
30 76 57
30 81 60
180 81 0
0 76 0
0 72 0
0 71 52
30 74 55
30 79 59
180 79 0
0 74 0
0 71 0
0 70 54
30 73 57
30 78 59
180 78 0
0 73 0
0 70 0
0 69 48
30 72 50
30 77 52
180 77 0
0 72 0
0 69 0
0 68 50
30 71 51
30 76 54
180 76 0
0 71 0
0 68 0
0 67 48
30 70 52
30 75 55
180 75 0
0 70 0
0 67 0
0 66 49
30 72 54
30 74 57
240 74 0
0 72 0
0 66 0
240 81 85
0 74 75
0 72 75
480 72 0
0 74 0
0 81 0
0 71 69
0 74 69
0 79 78
240 79 0
0 74 0
0 71 0
240 91 90
0 83 80
0 79 80
240 79 0
0 83 0
0 91 0
240 62 79
0 66 79
0 69 79
0 74 86
480 86 78
60 86 0
0 81 75
60 81 0
0 74 0
0 78 72
60 78 0
0 74 70
60 74 0
0 74 68
60 74 0
0 78 69
60 78 0
0 81 73
60 81 0
0 86 77
60 86 0
0 62 0
0 66 0
0 69 0
0 61 82
0 64 82
0 69 82
0 73 90
480 85 75
60 85 0
0 81 73
60 81 0
0 73 0
0 76 71
60 76 0
0 73 69
60 73 0
0 73 68
60 73 0
0 76 70
60 76 0
0 81 72
60 81 0
0 85 74
60 85 0
0 61 0
0 64 0
0 69 0
0 59 79
0 64 79
0 68 79
0 71 86
480 83 73
60 83 0
0 80 72
60 80 0
0 71 0
0 76 71
60 76 0
0 71 70
60 71 0
0 71 68
60 71 0
0 76 71
60 76 0
0 80 73
60 80 0
0 83 77
60 83 0
0 59 0
0 64 0
0 68 0
0 61 82
0 64 82
0 69 82
0 73 90
480 85 75
60 85 0
0 81 73
60 81 0
0 73 0
0 76 71
60 76 0
0 73 70
60 73 0
0 73 68
60 73 0
0 76 68
60 76 0
0 81 71
60 81 0
0 85 74
60 85 0
0 61 0
0 64 0
0 69 0
0 57 78
0 62 78
0 66 78
0 69 85
480 81 71
60 81 0
0 78 69
60 78 0
0 69 0
0 74 68
60 74 0
0 69 66
60 69 0
0 69 63
60 69 0
0 74 67
60 74 0
0 78 70
60 78 0
0 81 73
60 81 0
0 57 0
0 62 0
0 66 0
0 59 82
0 62 82
0 67 82
0 71 90
480 83 75
60 83 0
0 79 74
60 79 0
0 71 0
0 74 73
60 74 0
0 71 71
60 71 0
0 71 70
60 71 0
0 74 70
60 74 0
0 79 73
60 79 0
0 83 78
60 83 0
0 59 0
0 62 0
0 67 0
0 61 84
0 64 84
0 67 84
0 73 92
480 85 78
60 85 0
0 81 77
60 81 0
0 73 0
0 79 75
60 79 0
0 73 74
60 73 0
0 73 74
60 73 0
0 79 74
60 79 0
0 81 79
60 81 0
0 85 83
60 85 0
0 61 0
0 64 0
0 67 0
0 62 89
0 66 89
0 69 89
0 74 97
120 62 0
0 62 71
120 62 0
0 66 71
120 66 0
0 69 71
120 69 0
0 74 74
80 74 0
0 78 68
80 78 0
0 81 70
80 81 0
0 86 72
80 86 0
0 90 75
80 90 0
0 93 78
80 93 0
0 74 0
0 69 0
0 66 0
0 98 81
0 90 81
0 86 81
1440 86 0
0 90 0
0 98 0
480 62 79
0 66 79
0 69 79
0 74 86
480 98 75
60 98 0
0 93 74
60 93 0
0 90 73
60 90 0
0 86 73
60 86 0
0 86 72
60 86 0
0 81 71
60 81 0
0 74 0
0 78 70
60 78 0
0 74 72
60 74 0
0 62 0
0 66 0
0 69 0
0 63 79
0 67 79
0 72 79
0 75 86
480 99 72
60 99 0
0 96 72
60 96 0
0 91 71
60 91 0
0 87 70
60 87 0
0 87 70
60 87 0
0 84 69
60 84 0
0 75 0
0 79 68
60 79 0
0 75 68
60 75 0
0 63 0
0 67 0
0 72 0
0 58 79
0 63 79
0 67 79
0 70 86
480 94 72
60 94 0
0 91 72
60 91 0
0 87 71
60 87 0
0 82 70
60 82 0
0 82 70
60 82 0
0 79 69
60 79 0
0 70 0
0 75 68
60 75 0
0 70 68
60 70 0
0 58 0
0 63 0
0 67 0
0 58 79
0 62 79
0 65 79
0 70 86
480 94 72
60 94 0
0 89 72
60 89 0
0 86 71
60 86 0
0 82 70
60 82 0
0 82 70
60 82 0
0 77 69
60 77 0
0 70 0
0 74 68
60 74 0
0 70 68
60 70 0
0 58 0
0 62 0
0 65 0
0 55 79
0 60 79
0 63 79
0 67 86
480 67 0
0 55 0
0 60 0
0 63 0
0 56 79
0 60 79
0 63 79
0 68 86
480 68 0
0 56 0
0 60 0
0 63 0
0 58 79
0 63 79
0 67 79
0 70 86
480 94 72
60 94 0
0 91 72
60 91 0
0 87 71
60 87 0
0 82 70
60 82 0
0 82 70
60 82 0
0 79 69
60 79 0
0 70 0
0 75 68
60 75 0
0 70 68
60 70 0
0 58 0
0 63 0
0 67 0
0 58 79
0 63 79
0 66 79
0 70 86
480 94 72
60 94 0
0 90 72
60 90 0
0 87 71
60 87 0
0 82 70
60 82 0
0 82 70
60 82 0
0 78 69
60 78 0
0 70 0
0 75 68
60 75 0
0 70 68
60 70 0
0 58 0
0 63 0
0 66 0
0 58 79
0 63 79
0 65 79
0 70 86
480 94 72
60 94 0
0 89 72
60 89 0
0 87 71
60 87 0
0 82 70
60 82 0
0 82 70
60 82 0
0 77 69
60 77 0
0 70 0
0 75 68
60 75 0
0 70 68
60 70 0
0 58 0
0 63 0
0 65 0
0 58 79
0 62 79
0 68 79
0 70 86
480 94 72
60 94 0
0 92 72
60 92 0
0 86 71
60 86 0
0 82 70
60 82 0
0 82 70
60 82 0
0 80 69
60 80 0
0 70 0
0 74 68
60 74 0
0 70 68
60 70 0
0 58 0
0 62 0
0 68 0
240 62 67
60 62 0
0 68 62
60 68 0
0 70 60
60 70 0
0 74 60
60 74 0
240 74 76
60 74 0
0 80 79
60 80 0
0 82 83
60 82 0
0 86 87
60 86 0
80 89 51
0 92 51
0 94 51
0 101 68
152 101 0
0 89 0
0 92 0
0 94 0
8 89 51
0 92 51
0 94 51
0 101 67
152 101 0
0 89 0
0 92 0
0 94 0
8 89 50
0 92 50
0 94 50
0 101 67
76 101 0
0 89 0
0 92 0
0 94 0
84 89 50
0 92 50
0 94 50
0 101 67
152 101 0
0 89 0
0 92 0
0 94 0
8 89 52
0 92 52
0 94 52
0 101 69
152 101 0
0 89 0
0 92 0
0 94 0
8 89 53
0 92 53
0 94 53
0 101 73
76 101 0
0 89 0
0 92 0
0 94 0
84 77 67
0 80 67
0 82 67
0 89 80
152 89 0
0 77 0
0 80 0
0 82 0
8 77 61
0 80 61
0 82 61
0 89 73
152 89 0
0 77 0
0 80 0
0 82 0
8 77 61
0 80 61
0 82 61
0 89 73
76 89 0
0 77 0
0 80 0
0 82 0
84 77 67
0 80 67
0 82 67
0 89 79
152 89 0
0 77 0
0 80 0
0 82 0
8 77 61
0 80 61
0 82 61
0 89 72
152 89 0
0 77 0
0 80 0
0 82 0
8 70 81
0 82 96
80 82 0
0 70 0
0 82 92
0 79 84
0 75 70
0 70 70
1200 70 0
0 82 0
0 79 0
0 75 0
0 72 67
0 75 79
0 80 79
0 84 86
240 84 0
0 72 0
0 75 0
0 80 0
0 70 69
0 75 69
0 79 82
0 82 90
720 82 0
0 70 0
0 75 0
0 79 0
0 67 70
0 70 70
0 75 84
0 79 92
720 79 0
0 67 0
0 70 0
0 75 0
0 68 72
0 70 72
0 74 85
0 80 93
720 80 0
0 68 0
0 70 0
0 74 0
0 75 73
0 82 94
0 79 86
0 70 73
720 70 0
0 75 0
0 82 0
0 79 0
0 68 73
0 70 73
0 74 86
0 80 94
1200 80 0
0 68 0
0 70 0
0 74 0
0 67 69
0 70 69
0 74 82
0 79 90
240 79 0
0 67 0
0 70 0
0 74 0
0 65 67
0 68 67
0 74 80
0 77 88
720 77 0
0 65 0
0 68 0
0 74 0
0 67 74
0 70 74
0 75 89
0 79 97
720 79 0
0 67 0
0 70 0
0 75 0
0 67 77
0 70 77
0 75 99
720 75 0
0 70 0
0 67 0
0 75 73
0 82 94
0 79 86
0 70 73
720 70 0
0 75 0
0 82 0
0 79 0
0 70 75
0 74 75
0 77 90
0 82 99
1200 82 0
0 70 0
0 74 0
0 77 0
0 72 84
0 77 84
0 84 100
240 84 0
0 77 0
0 72 0
0 74 67
0 77 67
0 82 93
0 86 102
720 86 0
0 74 0
0 77 0
0 82 0
0 75 88
0 79 88
0 84 104
0 87 104
720 79 0
0 81 96
480 81 0
0 87 0
0 84 0
0 75 0
0 77 84
0 81 84
0 84 100
0 89 100
240 89 0
0 77 0
0 81 0
0 84 0
0 74 86
0 77 86
0 82 102
0 86 102
720 86 0
0 74 0
0 77 0
0 82 0
0 84 96
0 79 88
0 75 74
0 72 74
720 72 0
0 84 0
0 79 0
0 75 0
0 75 75
0 84 99
0 72 75
0 81 90
1200 81 0
0 75 0
0 84 0
0 72 0
0 70 70
0 74 70
0 77 84
0 82 92
220 82 0
0 70 0
0 74 0
0 77 0
20 70 74
0 74 74
0 77 89
0 82 97
1430 82 0
0 70 0
0 74 0
0 77 0
10 74 75
0 82 99
0 77 90
0 70 75
710 70 0
0 74 0
0 82 0
0 77 0
10 70 78
0 74 78
0 77 92
0 82 101
1200 82 0
0 70 0
0 74 0
0 77 0
0 80 90
0 72 75
0 77 75
0 84 99
240 84 0
0 80 0
0 72 0
0 77 0
0 74 80
0 77 80
0 82 94
0 86 103
720 86 0
0 74 0
0 77 0
0 82 0
0 75 85
0 79 85
0 82 101
0 87 111
1440 87 0
0 75 0
0 79 0
0 82 0
0 70 74
0 75 74
0 79 88
0 82 96
710 82 0
0 70 0
0 75 0
0 79 0
10 70 75
0 75 90
0 82 99
1200 82 0
0 75 0
0 70 0
0 72 70
0 75 70
0 84 92
240 84 0
0 75 0
0 72 0
0 70 74
0 74 74
0 80 96
480 80 0
0 74 0
0 70 0
0 70 69
0 74 69
0 82 90
240 82 0
0 74 0
0 70 0
0 67 73
0 70 73
0 75 86
0 79 94
710 75 0
0 67 0
0 70 0
10 79 0
0 63 72
0 67 72
0 70 85
0 75 93
710 75 0
0 63 0
0 67 0
0 70 0
10 67 70
0 75 92
0 70 84
0 63 70
710 63 0
0 67 0
0 75 0
0 70 0
10 68 75
0 72 75
0 75 90
0 80 99
1200 80 0
0 68 0
0 72 0
0 75 0
0 79 88
0 70 74
0 75 74
0 82 96
240 82 0
0 79 0
0 70 0
0 75 0
0 72 77
0 75 77
0 80 91
0 84 100
480 84 0
0 72 0
0 75 0
0 80 0
0 68 74
0 72 74
0 75 88
0 80 96
240 80 0
0 68 0
0 72 0
0 75 0
0 70 75
0 74 75
0 77 90
0 82 99
1200 82 0
0 70 0
0 74 0
0 77 0
0 68 70
0 74 70
0 77 84
0 80 92
240 80 0
0 68 0
0 74 0
0 77 0
0 67 74
0 70 74
0 75 88
0 79 96
720 79 0
0 67 0
0 70 0
0 75 0
0 80 96
0 75 88
0 72 74
0 68 74
720 68 0
0 80 0
0 75 0
0 72 0
0 70 75
0 77 99
0 65 75
0 74 90
1200 74 0
0 70 0
0 77 0
0 65 0
0 63 70
0 67 70
0 70 84
0 75 92
228 75 0
0 63 0
0 67 0
0 70 0
12 67 70
0 70 70
0 63 70
0 75 92
228 63 0
0 67 0
0 70 0
12 63 62
0 67 62
0 70 62
228 70 0
0 67 0
0 63 0
12 63 62
0 67 62
0 70 62
228 70 0
0 67 0
0 63 0
12 75 0
0 63 62
0 67 62
0 70 62
228 70 0
0 67 0
0 63 0
12 63 62
0 67 62
0 70 62
228 70 0
0 67 0
0 63 0
12 63 62
0 67 62
0 70 62
228 70 0
0 67 0
0 63 0
12 63 62
0 67 62
0 70 62
228 70 0
0 67 0
0 63 0
12 63 62
0 67 62
0 70 62
228 70 0
0 67 0
0 63 0
12 63 62
0 67 62
0 70 62
228 70 0
0 67 0
0 63 0
12 75 85
120 75 0
0 71 68
120 71 0
0 68 70
120 68 0
0 65 67
120 65 0
0 68 72
120 68 0
0 71 67
120 71 0
0 75 84
120 75 0
0 71 66
120 71 0
0 68 70
120 68 0
0 65 67
120 65 0
0 68 70
120 68 0
0 71 68
120 71 0
0 77 85
120 77 0
0 75 69
120 75 0
0 71 74
120 71 0
0 68 68
120 68 0
0 71 73
120 71 0
0 75 67
120 75 0
0 70 70
0 75 70
0 67 70
0 79 101
228 67 0
0 70 0
0 75 0
12 67 62
0 70 62
0 75 62
228 75 0
0 70 0
0 67 0
12 67 62
0 70 62
0 75 62
228 75 0
0 70 0
0 67 0
12 79 0
0 67 62
0 70 62
0 75 62
228 75 0
0 70 0
0 67 0
12 67 62
0 70 62
0 75 62
228 75 0
0 70 0
0 67 0
12 67 62
0 70 62
0 75 62
228 75 0
0 70 0
0 67 0
12 67 62
0 70 62
0 75 62
228 75 0
0 70 0
0 67 0
12 67 62
0 70 62
0 75 62
228 75 0
0 70 0
0 67 0
12 67 62
0 70 62
0 75 62
228 75 0
0 70 0
0 67 0
12 87 93
120 87 0
0 83 74
120 83 0
0 80 77
120 80 0
0 77 73
120 77 0
0 80 79
120 80 0
0 83 73
120 83 0
0 87 92
120 87 0
0 83 72
120 83 0
0 80 77
120 80 0
0 77 73
120 77 0
0 80 77
120 80 0
0 83 74
120 83 0
0 89 93
120 89 0
0 87 75
120 87 0
0 83 81
120 83 0
0 80 74
120 80 0
0 83 80
120 83 0
0 87 73
120 87 0
0 82 71
0 79 71
0 87 75
0 91 84
228 91 0
0 82 0
0 79 0
0 87 0
12 79 70
0 82 70
0 87 74
0 91 83
228 91 0
0 79 0
0 82 0
0 87 0
12 79 70
0 82 70
0 87 74
0 91 83
228 91 0
0 79 0
0 82 0
0 87 0
12 79 70
0 82 70
0 87 74
0 91 83
228 91 0
0 79 0
0 82 0
0 87 0
12 79 70
0 82 70
0 87 74
0 91 83
228 91 0
0 79 0
0 82 0
0 87 0
12 79 70
0 82 70
0 87 74
0 91 83
228 91 0
0 79 0
0 82 0
0 87 0
12 79 70
0 82 70
0 87 74
0 91 83
228 91 0
0 79 0
0 82 0
0 87 0
12 79 70
0 82 70
0 87 74
0 91 83
228 91 0
0 79 0
0 82 0
0 87 0
12 79 70
0 82 70
0 87 74
0 91 83
228 91 0
0 79 0
0 82 0
0 87 0
12 82 71
0 79 71
0 87 75
0 91 84
228 91 0
0 82 0
0 79 0
0 87 0
12 75 66
0 79 66
0 82 70
0 87 79
228 87 0
0 75 0
0 79 0
0 82 0
12 75 66
0 79 66
0 82 70
0 87 79
228 87 0
0 75 0
0 79 0
0 82 0
12 75 66
0 79 66
0 82 70
0 87 79
228 87 0
0 75 0
0 79 0
0 82 0
12 75 66
0 79 66
0 82 70
0 87 79
228 87 0
0 75 0
0 79 0
0 82 0
12 75 66
0 79 66
0 82 70
0 87 79
228 87 0
0 75 0
0 79 0
0 82 0
12 75 66
0 79 66
0 82 70
0 87 79
228 87 0
0 75 0
0 79 0
0 82 0
12 75 66
0 79 66
0 82 70
0 87 79
228 87 0
0 75 0
0 79 0
0 82 0
12 75 66
0 79 66
0 82 70
0 87 79
228 87 0
0 75 0
0 79 0
0 82 0
12 79 67
0 75 67
0 82 71
0 87 80
228 87 0
0 79 0
0 75 0
0 82 0
12 70 62
0 79 62
0 75 67
0 82 74
228 82 0
0 70 0
0 79 0
0 75 0
12 70 62
0 75 62
0 79 67
0 82 74
228 82 0
0 70 0
0 75 0
0 79 0
12 70 62
0 75 62
0 79 67
0 82 74
228 82 0
0 70 0
0 75 0
0 79 0
12 70 62
0 75 62
0 79 67
0 82 74
228 82 0
0 70 0
0 75 0
0 79 0
12 70 62
0 75 62
0 79 67
0 82 74
228 82 0
0 70 0
0 75 0
0 79 0
12 70 62
0 75 62
0 79 67
0 82 74
228 82 0
0 70 0
0 75 0
0 79 0
12 70 62
0 75 62
0 79 67
0 82 74
228 82 0
0 70 0
0 75 0
0 79 0
12 70 62
0 75 62
0 79 67
0 82 74
228 82 0
0 70 0
0 75 0
0 79 0
12 63 74
0 67 74
0 70 74
0 75 88
1200 75 0
0 63 0
0 67 0
0 70 0
0 82 82
0 79 82
0 87 97
0 91 97
228 91 0
0 82 0
0 79 0
0 87 0
12 79 82
0 82 82
0 87 97
0 91 97
480 91 0
0 79 0
0 82 0
0 87 0
0 55 74
0 58 74
0 63 89
228 63 0
0 58 0
0 55 0
12 55 74
0 58 74
60 63 57
20 58 0
0 55 0
40 63 0
0 55 42
0 58 67
60 63 56
20 58 0
0 55 0
40 63 0
0 58 69
0 55 46
60 63 57
20 55 0
0 58 0
40 63 0
0 55 47
0 58 71
60 63 58
20 58 0
0 55 0
40 63 0
0 55 45
0 58 71
60 63 60
20 58 0
0 55 0
40 63 0
0 55 49
0 58 74
60 63 59
20 58 0
0 55 0
40 63 0
0 58 75
0 55 50
60 63 60
20 55 0
0 58 0
40 63 0
0 55 48
0 58 75
60 63 61
20 58 0
0 55 0
40 63 0
0 58 77
0 55 49
60 63 64
20 55 0
0 58 0
40 63 0
0 55 50
0 58 79
60 63 66
20 58 0
0 55 0
40 63 0
0 55 51
0 58 80
60 63 65
20 58 0
0 55 0
40 63 0
0 55 52
0 58 81
60 63 65
20 58 0
0 55 0
40 63 0
0 58 84
0 55 56
60 63 66
20 55 0
0 58 0
40 63 0
0 55 57
0 58 85
60 63 72
20 58 0
0 55 0
40 63 0
0 55 55
0 58 86
60 63 73
20 58 0
0 55 0
40 63 0
0 55 59
0 58 89
60 63 75
20 58 0
0 55 0
40 63 0
0 58 90
0 55 60
60 63 74
20 55 0
0 58 0
40 63 0
0 55 57
0 58 90
60 63 75
20 58 0
0 55 0
40 63 0
0 75 99
0 79 99
0 82 103
0 87 105
240 87 0
0 75 0
0 79 0
0 82 0
0 39 70
0 51 84
57 58 74
0 46 63
20 51 0
0 39 0
460 39 70
0 51 84
20 58 0
0 46 0
460 34 62
0 46 73
20 39 0
0 51 0
460 39 75
0 27 63
20 34 0
0 46 0
460 34 58
0 46 69
20 39 0
0 27 0
460 34 0
0 46 0
0 39 70
0 51 84
480 58 74
0 46 63
20 51 0
0 39 0
460 39 70
0 51 84
20 58 0
0 46 0
460 46 73
0 34 62
20 39 0
0 51 0
460 27 64
0 39 77
20 46 0
0 34 0
460 34 60
0 46 72
20 27 0
0 39 0
460 34 0
0 46 0
0 51 84
0 39 70
198 39 0
0 51 0
0 58 73
0 46 62
480 46 0
0 58 0
0 48 70
0 60 84
254 60 0
0 48 0
0 43 64
0 55 75
480 55 0
0 43 0
0 50 80
0 38 67
254 38 0
0 50 0
0 34 62
0 46 74
480 46 0
0 34 0
0 39 70
0 51 84
254 51 0
0 39 0
0 46 62
0 58 73
480 58 0
0 46 0
0 44 67
0 56 80
226 56 0
0 44 0
0 46 60
0 58 71
480 58 0
0 46 0
0 48 67
0 60 79
103 48 0
10 60 0
0 36 58
0 48 69
480 48 0
0 36 0
0 43 66
0 55 78
226 55 0
0 43 0
0 46 66
0 58 66
480 58 0
0 46 0
0 44 67
0 56 79
198 56 0
0 44 0
0 39 56
0 51 67
480 51 0
0 39 0
0 55 79
0 43 66
141 43 0
0 55 0
0 31 60
0 43 70
480 43 0
0 31 0
0 32 67
0 44 80
198 44 0
0 32 0
0 56 72
0 44 61
480 44 0
0 56 0
0 53 81
0 41 68
170 41 0
0 53 0
0 58 72
0 46 61
480 46 0
0 58 0
0 55 85
0 43 70
85 43 0
0 55 0
0 51 77
0 39 63
480 39 0
0 51 0
0 32 70
0 44 84
226 44 0
0 32 0
0 44 64
0 56 77
480 56 0
0 44 0
0 46 70
0 58 84
198 58 0
0 46 0
0 48 64
0 60 77
480 60 0
0 48 0
0 46 66
0 58 78
254 58 0
0 46 0
0 46 69
0 34 58
480 34 0
0 46 0
0 46 51
0 39 34
25 51 46
20 39 0
0 46 0
40 51 0
0 39 34
0 46 51
60 51 45
20 46 0
0 39 0
40 51 0
0 39 36
0 46 52
60 51 45
20 46 0
0 39 0
40 51 0
0 46 52
0 39 36
60 51 45
20 39 0
0 46 0
40 51 0
0 46 51
0 39 34
60 51 44
20 39 0
0 46 0
40 51 0
0 46 52
0 39 36
60 51 44
20 39 0
0 46 0
40 51 0
0 39 36
0 46 52
60 51 45
20 46 0
0 39 0
40 51 0
0 39 34
0 46 51
60 51 45
20 46 0
0 39 0
40 51 0
0 46 51
0 39 34
60 51 45
20 39 0
0 46 0
40 51 0
0 46 51
0 39 34
60 51 45
20 39 0
0 46 0
40 51 0
0 39 36
0 46 52
60 51 46
20 46 0
0 39 0
40 51 0
0 39 36
0 46 52
60 51 46
20 46 0
0 39 0
40 51 0
0 39 37
0 46 53
60 51 47
20 46 0
0 39 0
40 51 0
0 39 38
0 46 55
60 51 47
20 46 0
0 39 0
40 51 0
0 39 38
0 46 55
60 51 47
20 46 0
0 39 0
40 51 0
0 39 37
0 46 53
60 51 47
20 46 0
0 39 0
40 51 0
0 46 57
0 39 39
60 51 50
20 39 0
0 46 0
40 51 0
0 39 40
0 46 58
60 51 52
20 46 0
0 39 0
40 51 0
0 39 42
0 46 62
60 51 57
20 46 0
0 39 0
40 51 0
0 46 64
0 39 44
60 51 57
20 39 0
0 46 0
40 51 0
0 39 44
0 46 66
60 51 59
20 46 0
0 39 0
40 51 0
0 39 48
0 46 68
60 51 61
20 46 0
0 39 0
40 51 0
0 46 70
0 39 49
60 51 62
20 39 0
0 46 0
40 51 0
0 39 49
0 46 72
60 51 62
20 46 0
0 39 0
40 51 0
0 75 64
30 82 64
30 87 76
800 87 0
0 82 0
0 75 0
0 63 36
30 67 36
30 70 42
890 70 0
0 67 0
0 63 0
0 60 34
21 67 34
30 72 41
882 72 0
0 67 0
0 60 0
0 62 36
16 70 36
30 74 42
872 74 0
0 70 0
0 62 0
0 63 36
22 70 36
30 75 42
886 75 0
0 70 0
0 63 0
0 58 34
27 65 34
0 70 41
900 70 0
0 65 0
0 58 0
0 60 34
15 67 41
30 72 41
868 72 0
0 67 0
0 60 0
0 55 36
24 62 36
30 67 42
879 67 0
0 62 0
0 55 0
0 56 34
15 63 34
30 68 41
861 68 0
0 63 0
0 56 0
0 51 36
21 58 36
30 63 42
875 63 0
0 58 0
0 51 0
0 56 34
16 63 34
30 68 41
879 68 0
0 63 0
0 56 0
0 53 36
22 58 36
30 65 42
861 65 0
0 58 0
0 53 0
0 55 37
20 63 44
30 67 44
858 67 0
0 63 0
0 55 0
0 56 39
24 63 39
30 68 46
837 68 0
0 63 0
0 56 0
0 58 37
17 65 37
30 70 44
1832 70 0
0 65 0
0 58 0
0 63 36
23 67 36
30 70 42
2799 70 0
0 67 0
0 63 0
283 63 57
240 63 0
240 70 63
228 70 0
226 68 60
240 68 0
240 67 60
226 67 0
226 63 55
240 63 0
240 56 38
17 63 40
0 68 44
900 68 0
0 63 0
0 56 0
148 84 48
60 84 0
0 80 46
60 80 0
0 75 44
60 75 0
0 72 42
60 72 0
240 80 44
60 80 0
0 75 42
60 75 0
0 72 42
60 72 0
0 68 41
60 68 0
212 74 55
240 74 0
240 72 63
14 72 0
240 68 60
240 68 0
240 67 60
28 67 0
240 70 55
240 70 0
240 62 58
69 62 0
240 65 55
240 65 0
240 70 63
46 70 0
240 74 53
240 74 0
240 72 60
69 72 0
240 69 55
240 69 0
240 58 49
14 65 53
0 70 57
900 70 0
0 65 0
0 58 0
148 86 48
60 86 0
0 82 46
60 82 0
0 77 44
60 77 0
0 74 42
60 74 0
240 82 44
60 82 0
0 77 42
60 77 0
0 74 42
60 74 0
0 70 41
60 70 0
847 51 66
843 51 0
10 44 53
0 51 63
523 51 0
0 44 0
10 53 67
0 41 56
577 41 0
0 53 0
10 43 56
0 51 67
470 51 0
0 43 0
10 44 53
0 51 63
470 51 0
0 44 0
10 46 55
0 51 66
470 51 0
0 46 0
10 44 67
556 44 0
0 46 67
960 46 0
0 51 62
0 39 52
756 39 0
0 51 0
0 39 39
146 39 0
0 46 39
151 46 0
0 51 39
160 51 0
640 63 39
160 63 0
0 67 40
160 67 0
0 70 44
160 70 0
0 75 44
160 75 0
0 79 44
160 79 0
0 79 44
104 79 0
0 82 37
160 82 0
0 79 44
160 79 0
0 82 37
160 82 0
0 79 44
160 79 0
0 82 37
160 82 0
0 80 40
63 80 0
0 83 36
160 83 0
0 80 39
160 80 0
0 83 35
160 83 0
0 80 39
160 80 0
0 83 35
160 83 0
0 82 44
0 75 44
840 75 0
0 82 0
798 48 39
0 39 39
381 48 0
0 47 36
470 39 0
10 47 0
0 39 28
0 46 34
470 46 0
0 39 0
10 39 23
0 46 28
950 46 0
0 39 0
10 39 23
0 46 28
950 46 0
0 39 0
10 46 28
0 39 23
2640 39 0
0 46 0
141 36 45
80 43 41
240 43 0
0 50 42
240 50 0
0 36 0
240 50 41
240 50 0
0 43 38
240 43 0
0 36 45
67 43 41
240 43 0
0 50 42
240 50 0
0 36 0
240 50 40
240 50 0
0 43 37
240 43 0
0 36 45
107 43 41
240 43 0
0 50 42
240 50 0
0 36 0
240 50 41
240 50 0
0 43 39
240 43 0
0 36 45
54 43 41
240 43 0
0 50 42
240 50 0
0 36 0
240 50 41
240 50 0
0 43 38
240 43 0
0 36 45
147 43 41
240 43 0
0 50 42
240 50 0
0 36 0
0 53 42
240 53 0
0 50 41
240 50 0
0 43 39
240 43 0
0 36 45
147 43 41
240 43 0
0 50 42
240 50 0
0 36 0
0 53 42
240 53 0
0 50 41
240 50 0
0 43 38
240 43 0
0 36 45
94 43 41
240 43 0
0 50 42
240 50 0
0 36 0
0 55 42
240 55 0
0 50 41
240 50 0
0 43 39
240 43 0
0 36 45
80 43 41
240 43 0
0 50 42
240 50 0
0 36 0
0 55 42
240 55 0
0 50 42
240 50 0
0 43 39
240 43 0
0 36 49
147 43 45
240 43 0
0 50 47
240 50 0
0 36 0
0 55 47
240 55 0
0 50 49
240 50 0
0 43 46
240 43 0
0 36 49
147 43 45
240 43 0
0 50 47
240 50 0
0 36 0
0 55 47
240 55 0
0 50 49
240 50 0
0 43 46
240 43 0
0 36 51
147 43 47
240 43 0
0 50 50
240 50 0
0 36 0
0 55 51
240 55 0
0 50 53
240 50 0
0 43 50
240 43 0
0 36 53
147 43 50
240 43 0
0 50 53
240 50 0
0 36 0
0 55 55
240 55 0
0 50 57
240 50 0
0 43 53
240 43 0
0 36 53
141 36 0
0 43 41
240 43 0
0 48 41
240 48 0
0 52 37
7 52 0
0 55 39
120 55 0
0 57 42
120 57 0
0 55 42
120 55 0
0 52 42
120 52 0
0 48 41
120 48 0
0 36 45
141 36 0
0 43 41
240 43 0
0 48 41
240 48 0
0 52 37
7 52 0
0 55 39
120 55 0
0 57 42
120 57 0
0 55 42
120 55 0
0 52 42
120 52 0
0 48 41
120 48 0
0 36 45
176 36 0
0 43 41
240 43 0
0 48 41
240 48 0
0 52 37
7 52 0
0 55 39
120 55 0
0 57 42
120 57 0
0 55 42
120 55 0
0 52 42
120 52 0
0 48 41
120 48 0
0 36 45
176 36 0
0 43 41
240 43 0
0 48 41
240 48 0
0 52 37
7 52 0
0 55 39
120 55 0
0 57 42
120 57 0
0 55 42
120 55 0
0 52 42
120 52 0
0 48 41
120 48 0
0 43 45
176 43 0
0 47 41
240 47 0
0 50 41
240 50 0
0 55 37
7 55 0
0 57 39
120 57 0
0 55 42
120 55 0
0 53 42
120 53 0
0 52 42
120 52 0
0 50 41
120 50 0
0 36 45
176 36 0
0 43 41
240 43 0
0 48 41
240 48 0
0 52 37
50 52 0
0 55 39
120 55 0
0 57 42
120 57 0
0 55 42
120 55 0
0 52 42
120 52 0
0 48 41
120 48 0
0 41 45
141 41 0
0 48 41
240 48 0
0 53 41
240 53 0
0 57 37
7 57 0
0 48 39
120 48 0
0 53 42
120 53 0
0 55 42
120 55 0
0 57 42
120 57 0
0 59 41
120 59 0
0 60 48
176 60 0
0 55 41
240 55 0
0 48 41
240 48 0
0 36 37
7 36 0
0 43 39
120 43 0
0 48 42
120 48 0
0 52 42
120 52 0
0 55 42
120 55 0
0 60 41
120 60 0
0 41 45
134 41 0
0 48 41
240 48 0
0 53 41
240 53 0
0 57 37
7 57 0
0 48 39
120 48 0
0 53 42
120 53 0
0 55 42
120 55 0
0 57 42
120 57 0
0 59 41
120 59 0
0 60 48
176 60 0
0 55 41
240 55 0
0 48 41
240 48 0
0 36 37
7 36 0
0 43 39
120 43 0
0 48 42
120 48 0
0 52 42
120 52 0
0 55 42
120 55 0
0 60 41
120 60 0
0 67 42
0 71 51
415 71 0
0 67 0
5 67 42
0 71 50
237 71 0
0 67 0
3 67 43
0 74 52
289 71 51
20 74 0
100 74 48
20 71 0
220 74 0
0 67 0
0 72 44
57 72 0
0 67 39
120 67 0
0 60 43
120 60 0
0 64 38
120 64 0
0 67 43
120 67 0
0 72 39
120 72 0
0 60 44
18 67 44
14 72 44
600 72 0
0 67 0
0 60 0
0 60 47
21 67 53
0 76 60
480 76 0
0 67 0
0 60 0
0 67 51
0 72 51
240 72 0
0 67 0
0 67 54
0 71 54
412 71 0
0 67 0
5 67 50
0 71 50
237 71 0
0 67 0
3 60 39
0 67 39
0 72 48
618 72 0
10 67 0
0 60 0
579 60 40
0 63 40
0 66 40
0 69 48
291 69 0
0 71 53
120 71 0
0 69 51
240 69 0
0 60 0
0 63 0
0 66 0
0 60 39
0 64 39
0 67 48
854 67 0
0 64 0
0 60 0
480 72 40
0 75 40
0 78 40
0 81 48
291 81 0
0 83 52
120 83 0
0 81 49
240 81 0
0 72 0
0 75 0
0 78 0
0 72 39
0 76 39
0 79 48
607 79 0
0 76 0
0 72 0
7 67 37
0 72 37
0 76 43
713 76 0
0 72 0
0 67 0
7 64 35
0 67 35
0 72 42
713 72 0
0 67 0
0 64 0
7 60 31
0 64 31
0 67 39
660 48 28
16 55 28
11 67 0
0 60 0
0 64 0
7 64 35
1680 64 0
0 48 0
0 55 0
0 60 55
0 64 55
0 70 61
1299 70 0
0 64 0
0 60 0
0 60 49
0 65 49
0 69 56
1271 69 0
0 65 0
0 60 0
0 60 49
0 67 56
71 67 0
0 60 0
240 60 47
0 67 52
445 67 0
0 60 0
0 60 47
0 65 52
346 65 0
0 60 0
0 60 46
0 67 51
127 67 0
0 60 0
240 48 51
38 48 0
395 53 55
240 53 0
240 60 46
0 69 53
0 65 48
240 65 0
0 69 0
0 60 0
395 53 55
240 53 0
240 60 46
0 69 51
0 65 46
85 65 0
0 69 0
0 60 0
480 53 55
160 53 0
240 60 46
0 65 46
0 69 51
143 69 0
0 65 0
0 60 0
720 58 55
403 58 0
0 62 46
0 65 46
0 70 51
113 70 0
0 65 0
0 62 0
395 60 55
155 60 0
240 67 39
0 72 44
0 70 39
85 70 0
0 72 0
0 67 0
395 60 55
155 60 0
240 67 39
0 72 44
0 70 39
85 70 0
0 72 0
0 67 0
480 60 55
160 60 0
240 64 46
0 70 46
0 72 51
115 72 0
0 70 0
0 64 0
720 53 55
353 53 0
0 65 39
0 69 39
0 72 45
113 72 0
0 69 0
0 65 0
395 53 55
240 53 0
240 63 46
0 69 51
0 65 46
240 65 0
0 69 0
0 63 0
395 53 55
240 53 0
240 63 46
0 69 51
0 65 46
85 65 0
0 69 0
0 63 0
431 53 55
160 53 0
240 63 46
0 65 46
0 69 51
103 69 0
0 65 0
0 63 0
720 53 55
346 53 0
0 62 46
0 65 46
0 70 51
113 70 0
0 65 0
0 62 0
297 58 49
0 60 49
0 64 55
0 67 55
461 67 0
0 58 0
0 60 0
0 64 0
5 58 49
0 60 49
0 64 55
0 67 55
475 67 0
0 58 0
0 60 0
0 64 0
5 57 51
0 60 51
0 65 58
747 65 0
0 60 0
0 57 0
480 43 46
0 55 51
46 55 0
0 43 0
240 43 46
0 54 51
183 54 0
0 43 0
234 53 51
0 43 46
11 43 0
0 53 0
240 48 46
0 52 51
184 52 0
0 48 0
240 36 44
14 36 0
457 41 46
254 48 44
480 53 44
480 53 0
0 48 0
0 41 0
0 43 45
282 52 44
480 48 44
480 48 0
0 52 0
0 43 0
0 45 48
346 48 44
480 45 0
0 41 39
480 41 0
0 48 0
0 36 44
373 48 44
114 48 0
0 36 0
423 53 46
282 60 39
480 65 44
480 65 0
0 60 0
0 53 0
0 55 45
282 64 44
480 60 44
480 60 0
0 64 0
0 55 0
0 57 44
159 57 0
240 58 41
156 58 0
240 60 41
170 60 0
240 65 44
320 65 0
0 53 44
198 53 0
374 64 55
0 70 61
0 60 55
1299 60 0
0 70 0
0 64 0
0 65 49
0 69 56
0 60 49
1271 60 0
0 69 0
0 65 0
0 67 56
0 60 49
36 60 0
0 67 0
240 67 52
0 60 47
205 60 0
0 67 0
240 60 47
0 67 52
240 67 0
0 60 0
240 53 52
0 65 52
185 65 0
0 53 0
240 51 56
0 63 56
422 63 0
0 51 0
0 50 57
0 62 57
425 62 0
0 50 0
0 48 60
0 60 60
405 60 0
0 48 0
20 46 72
106 53 53
240 53 0
0 58 58
240 58 0
0 53 52
240 53 0
0 46 0
0 51 72
71 58 52
240 58 0
0 63 57
240 63 0
0 58 52
240 58 0
0 51 0
0 46 72
134 53 52
240 53 0
0 58 57
240 58 0
0 46 0
0 60 52
240 60 0
0 58 67
155 53 44
240 53 0
0 58 0
0 60 61
78 53 42
240 53 0
0 60 0
0 46 72
120 53 53
240 53 0
0 58 58
240 58 0
0 53 52
240 53 0
0 46 0
0 51 72
71 58 52
240 58 0
0 63 57
240 63 0
0 58 52
240 58 0
0 51 0
0 46 72
120 53 52
240 53 0
0 58 57
240 58 0
0 46 0
0 60 52
240 60 0
0 58 67
155 53 44
240 53 0
0 58 0
0 60 61
85 53 42
240 53 0
0 60 0
0 46 72
120 53 53
240 53 0
0 58 58
240 58 0
0 53 52
240 53 0
0 46 0
0 45 74
106 53 53
240 53 0
0 57 62
240 57 0
0 53 53
240 53 0
0 45 0
0 43 74
155 48 68
240 48 0
0 52 73
240 52 0
0 43 0
0 48 66
240 48 0
0 41 73
166 48 68
240 48 0
0 41 0
0 50 75
169 53 69
240 53 0
0 50 0
0 48 72
166 53 58
240 53 0
0 57 69
240 57 0
0 60 58
240 60 0
0 48 0
0 48 69
71 55 58
240 55 0
0 58 69
240 58 0
0 60 58
240 60 0
0 48 0
0 41 72
78 41 0
0 48 55
240 48 0
0 53 62
240 53 0
0 57 52
240 57 0
0 53 63
0 60 72
35 60 0
0 53 0
480 53 49
0 57 49
0 60 55
678 60 0
0 57 0
0 58 42
0 62 49
240 62 0
0 58 0
0 57 49
0 60 55
339 60 0
0 57 0
0 58 50
0 62 50
355 53 0
5 62 0
0 58 0
0 53 49
0 60 46
0 63 52
579 63 0
0 60 0
0 62 42
0 65 48
240 65 0
0 62 0
0 60 42
0 63 49
593 63 0
0 60 0
0 53 0
240 58 51
0 62 57
649 62 0
0 60 46
0 63 52
230 58 0
10 63 0
0 60 0
0 58 51
0 62 57
381 62 0
0 60 49
0 63 55
343 58 0
10 63 0
0 60 0
0 58 53
0 62 51
0 65 57
621 65 0
0 62 0
0 63 46
0 67 52
240 67 0
0 63 0
0 62 48
0 65 53
593 65 0
0 62 0
0 58 0
240 58 69
0 62 69
0 65 78
381 65 0
0 62 0
0 69 68
0 65 61
413 65 0
0 69 0
0 58 0
0 63 62
0 70 62
0 75 69
413 75 0
0 70 0
0 63 0
0 62 61
0 65 61
0 74 68
371 74 0
0 65 0
0 62 0
0 58 64
0 62 64
0 65 72
374 65 0
0 62 0
0 58 0
0 63 61
0 70 61
0 75 68
374 75 0
0 70 0
0 63 0
0 62 62
0 70 69
0 74 69
360 74 0
0 70 0
0 62 0
0 60 61
0 67 61
0 72 68
339 72 0
0 67 0
0 60 0
0 53 61
0 65 68
0 58 61
0 62 68
847 62 0
0 53 0
0 65 0
0 58 0
0 65 67
0 63 67
0 53 60
0 57 60
854 57 0
0 65 0
0 63 0
0 53 0
0 46 80
57 50 51
120 50 0
0 53 56
120 53 0
0 58 51
120 58 0
0 46 0
0 41 74
120 46 51
120 46 0
0 50 55
120 50 0
0 53 51
120 53 0
0 41 0
0 43 78
64 46 51
120 46 0
0 50 55
120 50 0
0 55 51
120 55 0
0 43 0
0 41 74
46 48 55
120 51 57
20 48 0
100 53 51
20 51 0
100 53 0
0 41 0
0 46 78
71 50 51
120 50 0
0 53 56
120 53 0
0 58 51
120 58 0
0 46 0
0 41 67
120 46 51
120 46 0
0 50 55
120 50 0
0 53 51
120 53 0
0 41 0
0 42 72
74 46 51
120 46 0
0 49 55
120 49 0
0 54 51
120 54 0
0 42 0
0 41 64
36 48 40
120 51 46
20 48 0
100 53 40
20 51 0
100 53 0
0 41 0
0 46 40
163 46 0
0 53 39
240 53 0
0 58 39
240 58 0
0 62 39
240 62 0
0 65 35
240 65 0
0 70 36
240 70 0
0 74 38
240 74 0
0 77 40
240 77 0
0 82 42
240 82 0
0 86 40
240 86 0
0 82 40
240 82 0
0 77 40
240 77 0
0 74 44
240 74 0
0 70 40
240 70 0
0 65 40
240 65 0
0 70 40
240 70 0
0 74 42
240 74 0
0 77 40
240 77 0
0 74 40
240 74 0
0 70 40
240 70 0
0 65 41
240 65 0
0 62 37
240 62 0
0 58 38
240 58 0
0 62 38
240 62 0
0 65 40
240 65 0
0 70 37
240 70 0
0 65 37
240 65 0
0 62 37
240 62 0
0 58 39
240 58 0
0 53 36
240 53 0
0 50 36
240 50 0
0 53 37
240 53 0
0 34 27
14 34 0
0 46 25
60 46 0
0 34 27
60 34 0
0 46 25
60 46 0
0 34 27
60 34 0
0 46 24
60 46 0
0 34 27
60 34 0
0 46 24
60 46 0
0 34 27
60 34 0
0 46 25
60 46 0
0 34 27
60 34 0
0 46 25
60 46 0
0 34 27
60 34 0
0 46 24
60 46 0
0 34 27
60 34 0
0 46 24
60 46 0
0 34 27
60 34 0
0 46 25
60 46 0
0 34 27
60 34 0
0 46 25
60 46 0
0 34 27
60 34 0
0 46 24
60 46 0
0 34 27
60 34 0
0 46 24
60 46 0
0 34 27
60 34 0
0 46 25
60 46 0
0 34 27
60 34 0
0 46 25
60 46 0
0 34 27
60 34 0
0 46 24
60 46 0
0 34 27
60 34 0
0 46 24
50 46 0
10 34 24
0 46 24
1920 46 0
0 34 0
0 34 24
21 34 0
0 46 22
60 46 0
0 34 24
60 34 0
0 46 22
60 46 0
0 34 24
60 34 0
0 46 20
60 46 0
0 34 24
60 34 0
0 46 20
60 46 0
0 34 24
60 34 0
0 46 22
60 46 0
0 34 24
60 34 0
0 46 22
60 46 0
0 34 24
60 34 0
0 46 20
60 46 0
0 34 24
60 34 0
0 46 20
60 46 0
0 34 24
11 34 0
0 46 22
60 46 0
0 34 24
60 34 0
0 46 22
60 46 0
0 34 24
60 34 0
0 46 20
60 46 0
0 34 24
60 34 0
0 46 20
60 46 0
0 34 24
4 34 0
0 46 22
60 46 0
0 34 24
60 34 0
0 46 22
60 46 0
0 34 24
60 34 0
0 46 20
60 46 0
0 34 24
60 34 0
0 46 20
60 46 0
0 34 24
15 34 0
0 46 22
60 46 0
0 34 24
60 34 0
0 46 22
60 46 0
0 34 24
60 34 0
0 46 20
60 46 0
0 34 24
60 34 0
0 46 20
60 46 0
0 34 24
60 34 0
0 46 22
60 46 0
0 34 24
60 34 0
0 46 22
60 46 0
0 34 24
60 34 0
0 46 20
60 46 0
0 34 24
60 34 0
0 46 20
60 46 0
0 46 24
0 34 24
409 34 0
0 46 0
0 46 25
51 46 0
0 53 27
43 53 0
0 56 28
60 56 0
0 58 29
60 58 0
424 33 24
21 33 0
0 45 22
60 45 0
0 33 24
60 33 0
0 45 22
60 45 0
0 33 24
60 33 0
0 45 20
60 45 0
0 33 24
60 33 0
0 45 20
60 45 0
0 33 24
60 33 0
0 45 22
60 45 0
0 33 24
60 33 0
0 45 22
60 45 0
0 33 24
60 33 0
0 45 20
60 45 0
0 33 24
60 33 0
0 45 20
60 45 0
0 33 24
14 33 0
0 45 22
60 45 0
0 33 24
60 33 0
0 45 22
60 45 0
0 33 24
60 33 0
0 45 20
60 45 0
0 33 24
60 33 0
0 45 20
60 45 0
0 33 24
4 33 0
0 45 22
60 45 0
0 33 24
60 33 0
0 45 22
60 45 0
0 33 24
60 33 0
0 45 20
60 45 0
0 33 24
60 33 0
0 45 20
60 45 0
0 33 24
6 33 0
0 45 22
60 45 0
0 33 24
60 33 0
0 45 22
60 45 0
0 33 24
60 33 0
0 45 20
60 45 0
0 33 24
60 33 0
0 45 20
60 45 0
0 33 24
60 33 0
0 45 22
60 45 0
0 33 24
60 33 0
0 45 22
60 45 0
0 33 24
60 33 0
0 45 20
60 45 0
0 33 24
60 33 0
0 45 20
60 45 0
0 45 24
0 33 24
446 33 0
0 45 0
0 45 25
54 45 0
0 50 27
52 50 0
0 54 28
60 54 0
0 57 29
60 57 0
91 69 31
0 75 31
0 79 36
29 79 0
0 75 0
0 69 0
154 68 31
0 74 31
0 77 36
26 77 0
0 74 0
0 68 0
157 69 31
0 73 31
0 79 36
1440 79 0
0 73 0
0 69 0
240 79 70
60 79 0
0 76 61
60 76 0
0 73 60
60 73 0
0 69 59
60 69 0
240 67 70
60 67 0
0 64 61
60 64 0
0 61 60
60 61 0
0 57 59
60 57 0
240 55 70
60 55 0
0 52 61
60 52 0
0 49 60
60 49 0
0 45 59
60 45 0
0 33 77
711 33 0
0 35 72
240 35 0
0 33 79
634 33 0
0 37 56
120 37 0
0 40 58
120 40 0
0 43 60
120 43 0
0 45 59
120 45 0
0 49 59
120 49 0
0 52 60
120 52 0
0 55 61
120 55 0
0 57 59
120 57 0
0 61 60
120 61 0
0 64 61
120 64 0
0 67 62
120 67 0
875 68 50
0 57 45
857 57 0
0 68 0
0 67 44
0 57 39
389 57 0
0 67 0
0 38 31
0 50 35
366 50 0
0 38 0
0 37 31
0 49 36
367 49 0
0 37 0
0 38 29
0 50 32
311 50 0
0 38 0
0 43 32
0 55 37
403 55 0
0 43 0
0 38 29
0 50 32
360 50 0
0 38 0
0 33 31
0 45 35
402 45 0
0 33 0
338 43 34
0 50 38
433 50 0
0 43 0
0 38 35
0 50 39
381 50 0
0 38 0
0 31 31
0 43 31
417 43 0
0 31 0
0 33 36
0 45 40
346 45 0
0 33 0
0 33 31
0 45 35
374 45 0
0 33 0
0 38 34
0 50 38
402 50 0
0 38 0
480 62 36
30 69 36
450 69 0
0 62 0
0 38 36
0 50 40
399 50 0
0 38 0
0 40 37
0 47 42
367 47 0
0 40 0
0 42 37
367 42 0
0 35 38
0 47 43
325 47 0
0 35 0
0 37 32
0 52 37
367 52 0
0 37 0
0 33 36
0 45 40
402 45 0
0 33 0
0 49 38
160 52 35
20 49 0
140 57 38
20 52 0
140 57 37
10 57 0
17 64 37
417 64 0
0 57 0
0 38 31
0 50 35
427 50 0
0 38 0
0 37 31
0 49 36
388 49 0
0 37 0
0 38 29
0 50 32
367 50 0
0 38 0
0 43 32
0 55 37
396 55 0
0 43 0
0 38 29
0 50 32
367 50 0
0 38 0
0 33 31
0 45 35
433 45 0
0 33 0
351 43 34
0 50 38
398 50 0
0 43 0
0 38 35
0 50 39
395 50 0
0 38 0
0 31 31
0 43 35
374 43 0
0 31 0
0 33 36
0 45 40
346 45 0
0 33 0
0 33 31
0 45 35
367 45 0
0 33 0
0 38 34
0 50 38
402 50 0
0 38 0
480 62 36
30 69 36
210 69 0
0 62 0
396 74 54
210 74 0
30 74 49
210 74 0
30 74 54
210 74 0
30 74 50
210 74 0
30 74 47
50 74 0
30 74 40
210 74 0
30 74 41
210 74 0
30 74 40
210 74 0
30 74 46
73 74 0
30 74 39
210 74 0
30 74 47
210 74 0
30 74 44
210 74 0
30 62 47
149 68 48
240 68 0
0 69 50
141 69 0
0 71 51
240 71 0
0 72 48
116 72 0
0 74 42
210 74 0
30 62 0
0 74 44
210 74 0
30 74 42
210 74 0
30 74 44
61 74 0
30 62 38
210 62 0
30 62 41
210 62 0
30 62 38
210 62 0
30 62 44
5 62 0
30 62 38
210 62 0
30 62 44
210 62 0
30 62 39
210 62 0
30 50 41
201 56 42
240 56 0
0 57 45
182 57 0
0 59 46
240 59 0
0 60 48
199 60 0
0 48 52
240 48 0
0 50 0
0 47 56
240 47 0
0 45 55
240 45 0
0 43 52
480 43 0
0 50 43
480 50 0
0 55 44
0 59 44
424 59 0
0 55 0
0 50 39
480 50 0
0 45 50
436 45 0
0 50 39
436 50 0
0 60 42
0 54 42
442 54 0
0 60 0
0 50 39
480 50 0
0 45 50
448 45 0
0 50 43
480 50 0
0 54 44
0 60 44
436 60 0
0 54 0
0 50 39
480 50 0
0 43 50
420 43 0
0 50 39
440 50 0
0 59 42
0 55 42
449 55 0
0 59 0
0 50 35
480 50 0
0 43 50
431 43 0
0 50 43
480 50 0
0 55 44
0 59 44
420 59 0
0 55 0
0 50 39
480 50 0
0 45 50
434 45 0
0 50 39
429 50 0
0 54 42
441 54 0
0 57 38
480 57 0
0 59 50
434 59 0
0 66 39
438 66 0
0 52 44
427 52 0
0 59 39
438 59 0
0 57 50
53 57 0
360 45 39
14 45 0
39 50 44
240 50 0
0 48 58
230 48 0
0 47 57
240 47 0
0 45 54
180 45 0
0 43 50
480 43 0
0 50 43
480 50 0
0 55 44
0 59 44
424 59 0
0 55 0
0 50 39
480 50 0
0 45 50
448 45 0
0 50 39
433 50 0
0 60 42
0 54 42
436 54 0
0 60 0
0 50 39
480 50 0
0 45 50
442 45 0
0 50 43
480 50 0
0 54 44
0 60 44
429 60 0
0 54 0
0 50 39
480 50 0
0 43 50
440 43 0
0 50 39
440 50 0
0 59 42
0 55 42
426 55 0
0 59 0
0 50 35
480 50 0
0 43 50
434 43 0
0 50 43
480 50 0
0 55 44
0 59 44
431 59 0
0 55 0
0 50 39
480 50 0
0 48 50
437 48 0
0 55 39
417 55 0
0 60 42
409 60 0
0 55 38
173 55 0
0 62 50
428 62 0
10 62 44
438 62 0
0 62 46
131 62 0
240 66 51
0 62 45
448 62 0
0 66 0
0 55 42
0 62 42
0 67 48
25 67 0
0 62 0
0 55 0
240 67 52
0 74 58
42 74 0
0 67 0
0 38 66
240 42 63
240 42 0
0 45 63
240 45 0
0 50 63
240 50 0
0 38 0
0 45 66
160 49 66
240 49 0
0 52 63
240 52 0
0 57 63
240 57 0
0 45 0
0 40 62
137 44 59
240 44 0
0 47 60
240 47 0
0 52 60
240 52 0
0 40 0
0 45 66
85 49 61
240 49 0
0 52 61
240 52 0
0 57 61
240 57 0
0 45 0
0 38 62
0 42 58
240 42 0
0 45 58
240 45 0
0 50 58
240 50 0
0 38 0
0 43 66
56 47 62
240 47 0
0 50 62
240 50 0
0 55 62
240 55 0
0 43 0
0 45 70
50 52 62
240 52 0
0 55 62
240 55 0
0 57 62
240 57 0
0 45 0
0 38 73
0 50 73
402 50 0
0 38 0
0 69 57
80 69 0
0 69 59
80 69 0
0 74 60
80 74 0
0 78 61
80 78 0
0 81 63
80 81 0
0 86 64
80 86 0
0 81 66
0 74 66
42 74 0
0 81 0
480 38 66
205 42 63
240 42 0
0 45 63
240 45 0
0 50 63
240 50 0
0 38 0
0 36 66
186 39 63
240 39 0
0 43 63
240 43 0
0 48 63
240 48 0
0 36 0
0 39 66
186 43 63
240 43 0
0 46 63
240 46 0
0 51 63
240 51 0
0 39 0
0 34 66
186 38 63
240 38 0
0 41 63
240 41 0
0 46 63
240 46 0
0 34 0
0 36 66
0 48 66
174 48 0
0 36 0
0 39 66
0 51 66
240 51 0
0 39 0
0 36 66
0 48 66
177 48 0
0 36 0
0 32 66
0 44 66
240 44 0
0 32 0
0 34 66
186 39 63
240 39 0
0 43 63
240 43 0
0 46 63
240 46 0
0 34 0
0 34 66
186 39 63
240 39 0
0 42 63
240 42 0
0 46 63
240 46 0
0 34 0
0 34 66
186 39 63
240 39 0
0 41 63
240 41 0
0 46 63
240 46 0
0 34 0
0 34 66
186 41 63
240 41 0
0 44 63
240 44 0
0 46 63
240 46 0
0 34 0
0 58 70
14 65 63
60 65 0
0 68 63
60 68 0
0 70 63
60 70 0
240 70 75
60 77 67
60 77 0
0 80 67
60 80 0
0 82 67
60 82 0
240 58 0
0 82 90
0 80 75
0 74 75
86 74 0
0 80 0
0 82 0
8 82 84
0 80 70
0 74 70
152 74 0
0 80 0
0 82 0
8 82 84
0 80 70
0 74 70
152 74 0
0 80 0
0 82 0
8 70 0
0 82 88
0 80 74
0 74 74
152 74 0
0 80 0
0 82 0
8 82 86
0 80 73
0 74 73
152 74 0
0 80 0
0 82 0
8 82 86
0 80 73
0 74 73
152 74 0
0 80 0
0 82 0
8 70 83
0 68 71
0 62 71
106 62 0
0 68 0
0 70 0
8 70 83
0 68 71
0 62 71
152 62 0
0 68 0
0 70 0
8 70 83
0 68 71
0 62 71
152 62 0
0 68 0
0 70 0
8 70 89
0 68 73
0 62 73
152 62 0
0 68 0
0 70 0
8 70 82
0 68 70
0 62 70
152 62 0
0 68 0
0 70 0
8 46 105
0 34 89
57 34 0
0 46 0
0 39 70
0 51 84
144 51 0
0 39 0
12 63 59
0 58 50
0 55 50
228 55 0
0 58 0
0 63 0
12 63 60
0 58 51
0 55 51
228 55 0
0 58 0
0 63 0
12 63 63
0 58 53
0 55 53
228 55 0
0 58 0
0 63 0
12 63 60
0 58 50
0 55 50
228 55 0
0 58 0
0 63 0
12 63 65
0 60 65
0 56 55
228 56 0
0 60 0
0 63 0
12 63 72
0 58 61
0 55 61
73 55 0
0 58 0
0 63 0
12 63 62
0 58 52
0 55 52
228 55 0
0 58 0
0 63 0
12 63 62
0 58 52
0 55 52
228 55 0
0 58 0
0 63 0
12 39 66
0 51 77
102 51 0
0 39 0
12 63 60
0 58 50
0 55 50
228 55 0
0 58 0
0 63 0
12 55 50
0 58 50
0 63 60
228 63 0
0 58 0
0 55 0
12 41 80
0 53 80
51 53 0
0 41 0
12 62 58
0 58 49
0 56 49
0 53 49
228 53 0
0 62 0
0 58 0
0 56 0
12 53 49
0 56 49
0 58 49
0 62 58
228 62 0
0 53 0
0 56 0
0 58 0
12 43 63
0 55 75
64 55 0
0 43 0
12 63 63
0 58 53
0 55 53
228 55 0
0 58 0
0 63 0
12 55 53
0 58 53
0 63 63
228 63 0
0 58 0
0 55 0
12 41 66
0 53 77
108 53 0
0 41 0
12 56 51
0 58 51
0 62 61
228 62 0
0 58 0
0 56 0
12 56 48
0 58 48
0 62 57
228 62 0
0 58 0
0 56 0
12 62 60
0 58 50
0 56 50
228 56 0
0 58 0
0 62 0
12 62 57
0 58 48
0 56 48
228 56 0
0 58 0
0 62 0
12 62 57
0 58 48
0 56 48
228 56 0
0 58 0
0 62 0
12 46 80
77 46 0
12 62 56
0 56 47
0 58 47
228 58 0
0 56 0
0 62 0
12 62 56
0 56 46
0 58 46
228 58 0
0 56 0
0 62 0
12 39 68
0 51 81
45 51 0
0 39 0
12 63 68
0 58 57
0 55 57
228 55 0
0 58 0
0 63 0
12 55 53
0 58 53
0 63 63
228 63 0
0 58 0
0 55 0
12 55 52
0 58 52
0 63 62
228 63 0
0 58 0
0 55 0
12 63 62
0 58 52
0 55 52
228 55 0
0 58 0
0 63 0
12 55 52
0 58 52
0 63 62
228 63 0
0 58 0
0 55 0
12 51 73
228 51 0
12 63 67
0 58 56
0 55 56
228 55 0
0 58 0
0 63 0
12 55 56
0 58 56
0 63 67
228 63 0
0 58 0
0 55 0
12 38 66
0 50 77
45 50 0
0 38 0
12 53 51
0 58 51
0 62 61
228 62 0
0 58 0
0 53 0
12 53 48
0 58 48
0 62 57
228 62 0
0 58 0
0 53 0
12 62 61
0 58 51
0 53 51
228 53 0
0 58 0
0 62 0
12 62 56
0 58 46
0 53 46
228 53 0
0 58 0
0 62 0
12 62 57
0 58 48
0 53 48
228 53 0
0 58 0
0 62 0
12 50 70
108 50 0
12 62 63
0 53 53
0 58 53
228 58 0
0 53 0
0 62 0
12 62 63
0 53 53
0 58 53
228 58 0
0 53 0
0 62 0
12 36 66
0 48 77
114 48 0
0 36 0
12 55 53
0 60 53
0 63 63
228 63 0
0 60 0
0 55 0
12 55 53
0 60 53
0 63 63
228 63 0
0 60 0
0 55 0
12 53 68
0 41 57
57 41 0
0 53 0
12 63 60
0 57 50
0 53 50
228 53 0
0 57 0
0 63 0
12 63 57
0 57 48
0 53 48
228 53 0
0 57 0
0 63 0
12 46 60
0 58 70
114 58 0
0 46 0
12 62 55
0 53 46
0 58 46
228 58 0
0 53 0
0 62 0
12 62 56
0 53 46
0 58 46
228 58 0
0 53 0
0 62 0
12 36 66
0 48 77
108 48 0
0 36 0
12 55 53
0 60 53
0 63 64
228 63 0
0 60 0
0 55 0
12 55 53
0 60 53
0 63 64
228 63 0
0 60 0
0 55 0
12 53 74
0 41 62
108 41 0
0 53 0
12 63 60
0 57 51
0 53 51
228 53 0
0 57 0
0 63 0
12 63 60
0 57 51
0 53 51
228 53 0
0 57 0
0 63 0
11 63 61
0 57 61
0 65 61
114 65 0
0 57 0
0 63 0
12 65 57
0 57 57
0 63 57
228 63 0
0 57 0
0 65 0
12 65 56
0 58 47
0 62 47
228 62 0
0 58 0
0 65 0
12 34 66
0 46 77
31 46 0
0 34 0
12 62 57
0 58 47
0 53 47
228 53 0
0 58 0
0 62 0
12 53 47
0 58 47
0 62 57
228 62 0
0 58 0
0 53 0
12 53 47
0 58 47
0 62 57
228 62 0
0 58 0
0 53 0
12 62 57
0 58 47
0 53 47
228 53 0
0 58 0
0 62 0
12 53 47
0 58 47
0 62 57
228 62 0
0 58 0
0 53 0
12 58 47
0 62 47
0 65 58
228 65 0
0 62 0
0 58 0
12 65 61
0 62 51
0 58 51
228 58 0
0 62 0
0 65 0
12 58 56
0 62 56
0 65 66
228 65 0
0 62 0
0 58 0
12 46 82
77 46 0
12 56 51
0 58 51
0 62 61
228 62 0
0 58 0
0 56 0
12 56 49
0 58 49
0 62 58
228 62 0
0 58 0
0 56 0
12 62 66
0 58 56
0 56 56
228 56 0
0 58 0
0 62 0
12 62 60
0 58 51
0 56 51
228 56 0
0 58 0
0 62 0
12 62 62
0 58 52
0 56 52
228 56 0
0 58 0
0 62 0
12 46 73
89 46 0
12 62 66
0 56 56
0 58 56
228 58 0
0 56 0
0 62 0
12 62 66
0 56 56
0 58 56
228 58 0
0 56 0
0 62 0
12 43 68
0 55 80
108 55 0
0 43 0
12 55 53
0 58 53
0 63 63
228 63 0
0 58 0
0 55 0
12 55 53
0 58 53
0 63 63
228 63 0
0 58 0
0 55 0
12 55 52
0 58 52
0 63 62
228 63 0
0 58 0
0 55 0
12 63 62
0 58 52
0 55 52
228 55 0
0 58 0
0 63 0
12 63 60
0 58 50
0 55 50
228 55 0
0 58 0
0 63 0
12 58 48
0 63 48
0 67 57
228 67 0
0 63 0
0 58 0
12 67 57
0 58 48
0 63 48
228 63 0
0 58 0
0 67 0
12 67 58
0 58 48
0 63 48
228 63 0
0 58 0
0 67 0
12 41 66
0 53 77
108 53 0
0 41 0
12 53 51
0 60 51
0 63 61
228 63 0
0 60 0
0 53 0
12 53 48
0 60 48
0 63 57
228 63 0
0 60 0
0 53 0
12 63 61
0 60 51
0 53 51
228 53 0
0 60 0
0 63 0
12 63 56
0 60 46
0 53 46
228 53 0
0 60 0
0 63 0
12 63 57
0 60 48
0 53 48
228 53 0
0 60 0
0 63 0
12 46 55
64 46 0
12 62 58
0 56 49
0 58 49
228 58 0
0 56 0
0 62 0
12 62 58
0 56 49
0 58 49
228 58 0
0 56 0
0 62 0
12 39 62
0 51 74
59 51 0
0 39 0
12 58 59
0 55 49
0 51 49
228 51 0
0 55 0
0 58 0
12 51 49
0 55 49
0 58 59
228 58 0
0 55 0
0 51 0
12 51 49
0 55 49
0 58 59
228 58 0
0 55 0
0 51 0
12 58 59
0 55 49
0 51 49
228 51 0
0 55 0
0 58 0
12 51 49
0 55 49
0 58 59
228 58 0
0 55 0
0 51 0
12 39 55
0 51 64
228 51 0
0 39 0
12 58 61
0 55 50
0 51 50
228 51 0
0 55 0
0 58 0
12 51 50
0 55 50
0 58 61
228 58 0
0 55 0
0 51 0
12 36 66
0 48 77
45 48 0
0 36 0
12 60 61
0 63 61
228 63 0
0 60 0
12 60 57
0 63 57
228 63 0
0 60 0
12 63 61
0 60 61
228 60 0
0 63 0
12 63 56
0 60 56
228 60 0
0 63 0
12 63 57
0 58 57
228 58 0
0 63 0
12 56 57
0 63 57
31 63 0
0 56 0
12 63 63
0 56 63
228 56 0
0 63 0
12 63 63
0 60 63
228 60 0
0 63 0
12 38 63
0 50 75
108 50 0
0 38 0
12 53 49
0 58 49
0 62 59
228 62 0
0 58 0
0 53 0
12 53 49
0 58 49
0 62 59
228 62 0
0 58 0
0 53 0
12 53 47
0 58 47
0 62 57
73 62 0
0 58 0
0 53 0
12 62 57
0 58 47
0 53 47
228 53 0
0 58 0
0 62 0
12 62 53
0 58 45
0 53 45
228 53 0
0 58 0
0 62 0
12 39 60
0 51 70
59 51 0
0 39 0
12 63 55
0 55 46
0 58 46
228 58 0
0 55 0
0 63 0
12 63 56
0 55 46
0 58 46
228 58 0
0 55 0
0 63 0
12 41 66
0 53 77
115 53 0
0 41 0
12 53 51
0 60 51
0 63 61
228 63 0
0 60 0
0 53 0
12 53 51
0 60 51
0 63 61
228 63 0
0 60 0
0 53 0
12 46 74
0 34 62
39 34 0
0 46 0
12 62 53
0 58 45
0 56 45
228 56 0
0 58 0
0 62 0
12 62 53
0 58 45
0 56 45
228 56 0
0 58 0
0 62 0
12 58 53
0 56 53
0 62 63
228 62 0
0 56 0
0 58 0
12 62 53
0 56 45
0 58 45
228 58 0
0 56 0
0 62 0
12 39 44
0 51 52
228 51 0
0 39 0
12 27 57
0 39 57
621 39 0
0 27 0
0 39 73
35 38 68
20 39 0
100 39 68
6 38 0
50 41 66
20 39 0
100 43 68
12 41 0
71 46 70
20 43 0
100 51 73
13 46 0
57 50 68
20 51 0
100 51 68
13 50 0
71 53 64
20 51 0
100 55 72
11 53 0
36 58 73
20 55 0
100 58 0
0 51 49
0 56 49
0 59 56
168 59 0
0 56 0
0 51 0
12 51 49
0 56 49
0 59 56
228 59 0
0 56 0
0 51 0
12 51 49
0 56 49
0 59 56
228 59 0
0 56 0
0 51 0
12 51 49
0 56 49
0 59 56
228 59 0
0 56 0
0 51 0
12 51 49
0 56 49
0 59 56
228 59 0
0 56 0
0 51 0
12 51 49
0 56 49
0 59 56
228 59 0
0 56 0
0 51 0
12 51 49
0 56 49
0 59 56
228 59 0
0 56 0
0 51 0
12 51 49
0 56 49
0 59 56
228 59 0
0 56 0
0 51 0
12 51 49
0 56 49
0 59 56
228 59 0
0 56 0
0 51 0
12 27 57
0 39 57
607 39 0
0 27 0
0 39 73
35 38 68
20 39 0
100 39 68
6 38 0
43 41 66
20 39 0
100 43 68
6 41 0
50 46 70
20 43 0
100 51 73
13 46 0
36 50 68
20 51 0
100 51 68
13 50 0
57 53 64
20 51 0
100 55 72
12 53 0
64 58 73
20 55 0
100 58 0
0 51 53
0 56 53
0 59 61
125 59 0
0 56 0
0 51 0
12 51 53
0 56 53
0 59 61
228 59 0
0 56 0
0 51 0
12 51 53
0 56 53
0 59 61
228 59 0
0 56 0
0 51 0
12 51 53
0 56 53
0 59 61
228 59 0
0 56 0
0 51 0
12 51 53
0 56 53
0 59 61
228 59 0
0 56 0
0 51 0
12 51 53
0 56 53
0 59 61
228 59 0
0 56 0
0 51 0
12 51 53
0 56 53
0 59 61
228 59 0
0 56 0
0 51 0
12 51 53
0 56 53
0 59 61
228 59 0
0 56 0
0 51 0
12 51 53
0 56 53
0 59 61
228 59 0
0 56 0
0 51 0
12 27 75
0 39 90
600 39 0
0 27 0
0 62 81
0 74 96
720 74 0
0 62 0
0 60 77
0 72 91
720 72 0
0 60 0
0 58 81
0 70 96
551 70 0
0 58 0
0 55 81
0 67 96
720 67 0
0 55 0
0 51 81
0 63 96
720 63 0
0 51 0
0 48 81
0 60 96
600 60 0
0 48 0
0 46 81
0 58 96
720 58 0
0 46 0
0 43 81
0 55 96
720 55 0
0 43 0
0 39 44
0 46 67
7 51 59
20 46 0
0 39 0
40 51 0
0 39 44
0 46 67
60 51 58
20 46 0
0 39 0
40 51 0
0 46 68
0 39 46
60 51 60
20 39 0
0 46 0
40 51 0
0 39 46
0 46 68
60 51 59
20 46 0
0 39 0
40 51 0
0 39 44
0 46 67
60 51 60
20 46 0
0 39 0
40 51 0
0 39 46
0 46 68
60 51 60
20 46 0
0 39 0
40 51 0
0 46 68
0 39 46
60 51 60
20 39 0
0 46 0
40 51 0
0 39 44
0 46 67
60 51 59
20 46 0
0 39 0
40 51 0
0 46 67
0 39 44
60 51 59
20 39 0
0 46 0
40 51 0
0 39 44
0 46 67
60 51 59
20 46 0
0 39 0
40 51 0
0 39 44
0 46 67
60 51 59
20 46 0
0 39 0
40 51 0
0 39 44
0 46 67
60 51 59
20 46 0
0 39 0
40 51 0
0 39 48
0 46 69
60 51 61
20 46 0
0 39 0
40 51 0
0 39 49
0 46 71
60 51 61
20 46 0
0 39 0
40 51 0
0 39 49
0 46 71
60 51 61
20 46 0
0 39 0
40 51 0
0 39 48
0 46 69
60 51 61
20 46 0
0 39 0
40 51 0
0 39 73
0 46 73
0 51 73
148 51 0
0 46 0
0 39 0
0 39 73
0 46 73
60 51 52
20 46 0
0 39 0
40 51 0
0 39 39
0 46 60
60 51 53
20 46 0
0 39 0
40 51 0
0 39 41
0 46 62
60 51 54
20 46 0
0 39 0
40 51 0
0 39 42
0 46 63
60 51 55
20 46 0
0 39 0
40 51 0
0 39 42
0 46 63
60 51 57
20 46 0
0 39 0
40 51 0
0 46 66
0 39 44
60 51 59
20 39 0
0 46 0
40 51 0
0 39 45
0 46 67
60 51 59
20 46 0
0 39 0
40 51 0
0 39 44
0 46 67
60 51 60
20 46 0
0 39 0
40 51 0
0 46 69
0 39 45
60 51 62
20 39 0
0 46 0
40 51 0
0 46 70
0 39 46
60 51 61
20 39 0
0 46 0
40 51 0
0 39 47
0 46 71
60 51 62
20 46 0
0 39 0
40 51 0
0 39 48
0 46 73
60 51 63
20 46 0
0 39 0
40 51 0
0 39 50
0 46 75
60 51 64
20 46 0
0 39 0
40 51 0
0 46 76
0 39 51
60 51 67
20 39 0
0 46 0
40 51 0
0 39 51
0 46 77
60 51 68
20 46 0
0 39 0
40 51 0
0 39 53
0 46 79
60 51 71
20 46 0
0 39 0
40 51 0
0 39 54
0 46 81
60 51 72
20 46 0
0 39 0
40 51 0
0 39 53
0 46 80
60 51 71
20 46 0
0 39 0
40 51 0
0 27 79
0 39 91
240 39 0
0 27 0
