960 67 49
0 59 41
0 65 41
480 65 0
0 59 0
0 67 0
0 59 43
0 67 51
0 65 43
360 65 0
0 67 0
0 59 0
0 67 46
0 59 39
0 65 39
120 65 0
0 59 0
0 67 0
0 60 46
0 65 46
0 69 55
960 69 0
0 65 0
0 60 0
0 71 58
0 65 49
0 62 49
480 62 0
0 65 0
0 71 0
0 62 48
0 65 48
0 71 57
360 71 0
0 65 0
0 62 0
0 65 52
0 62 52
0 71 62
120 71 0
0 62 0
0 65 0
0 64 57
0 72 68
0 67 57
960 67 0
0 72 0
0 64 0
0 74 77
0 71 65
0 65 65
480 65 0
0 71 0
0 74 0
0 64 68
0 70 68
0 73 81
480 73 0
0 70 0
0 64 0
0 71 68
0 65 68
0 74 81
480 74 0
0 65 0
0 71 0
0 67 68
0 76 81
0 73 68
0 70 68
480 70 0
0 67 0
0 76 0
0 73 0
0 77 86
0 74 73
0 71 73
0 67 73
480 67 0
0 77 0
0 74 0
0 71 0
0 91 82
120 91 0
0 79 72
120 79 0
0 91 74
120 91 0
0 79 62
120 79 0
0 91 77
960 91 0
480 91 64
120 91 0
0 79 52
120 79 0
0 91 58
120 91 0
0 79 47
120 79 0
0 91 64
960 91 0
0 91 52
120 91 0
0 79 41
120 79 0
0 91 53
120 91 0
0 79 41
120 79 0
0 91 47
120 91 0
0 79 41
120 79 0
0 91 47
120 91 0
0 79 41
120 79 0
0 91 52
120 91 0
0 79 47
120 79 0
0 91 58
120 91 0
0 79 51
120 79 0
0 91 62
120 91 0
0 79 56
120 79 0
0 91 64
120 91 0
0 79 58
120 79 0
0 79 64
0 91 64
2880 91 0
0 79 0
960 67 76
0 72 90
0 64 68
0 60 68
960 67 0
0 62 68
0 67 76
0 71 90
20 72 0
0 60 0
0 64 0
940 62 0
0 66 72
0 62 65
0 69 85
20 67 0
0 71 0
940 62 0
0 62 68
0 71 90
0 67 76
20 66 0
0 69 0
940 71 0
0 62 0
0 67 0
0 67 90
0 60 68
960 60 0
0 60 68
0 65 76
0 69 90
20 67 0
940 65 0
0 65 73
0 62 66
0 71 86
20 60 0
0 69 0
940 60 68
0 72 90
0 67 76
0 64 68
20 62 0
0 71 0
0 65 0
700 72 0
0 60 0
0 67 0
0 64 0
240 79 38
0 84 45
0 76 38
960 76 0
0 84 0
0 79 0
0 76 31
0 84 37
0 81 31
960 81 0
0 84 0
0 76 0
0 74 40
0 79 48
960 79 0
0 74 0
0 76 47
0 79 56
960 79 0
0 76 0
0 76 46
0 72 46
480 76 0
0 77 41
480 77 0
0 72 0
0 72 42
0 79 50
960 79 0
0 72 0
0 72 40
0 77 48
960 77 0
0 72 0
0 71 42
0 76 50
720 76 0
0 71 0
240 72 51
0 76 61
960 76 0
0 72 0
0 81 58
0 72 49
0 77 49
960 77 0
0 72 0
0 81 0
0 72 57
0 74 57
0 81 68
960 81 0
0 74 0
0 72 0
0 79 72
0 71 61
0 74 61
960 74 0
0 71 0
0 79 0
0 83 73
0 74 62
0 76 62
960 76 0
0 74 0
0 83 0
0 72 62
0 81 73
0 84 73
0 76 62
960 76 0
0 72 0
0 81 0
0 84 0
0 81 72
0 78 61
960 78 0
0 81 0
0 79 77
0 74 65
720 74 0
0 79 0
330 60 65
30 64 65
30 69 69
30 72 70
780 72 0
0 60 0
0 64 0
0 69 0
0 67 71
0 64 62
0 59 62
0 71 84
960 71 0
0 67 0
0 64 0
0 59 0
90 57 71
30 60 62
30 65 81
30 69 70
780 69 0
0 57 0
0 60 0
0 65 0
0 55 66
0 60 74
0 67 88
0 64 74
960 64 0
0 55 0
0 60 0
0 67 0
0 64 74
0 57 66
0 69 88
960 69 0
0 57 0
0 64 0
0 65 91
0 62 77
0 57 68
480 65 0
0 64 78
480 64 0
0 57 0
0 62 0
0 59 77
0 62 91
960 62 0
0 59 0
0 60 93
240 64 64
40 64 0
0 67 58
40 67 0
0 72 58
40 72 0
0 76 64
40 76 0
0 72 58
40 72 0
0 67 58
40 67 0
0 60 0
240 76 72
40 76 0
0 79 68
40 79 0
0 84 69
40 84 0
0 88 78
40 88 0
0 84 74
40 84 0
0 79 74
40 79 0
240 88 78
40 88 0
0 91 72
40 91 0
0 96 72
40 96 0
0 100 78
40 100 0
0 96 72
40 96 0
0 91 72
40 91 0
240 88 72
40 88 0
0 91 66
40 91 0
0 96 66
40 96 0
0 100 58
40 100 0
0 96 53
40 96 0
0 91 48
40 91 0
0 96 62
0 88 52
1440 88 0
0 96 0
480 60 61
240 60 0
240 60 58
180 60 0
180 60 52
60 60 0
60 60 60
240 60 0
240 60 58
240 60 0
240 60 58
0 64 69
240 64 0
0 60 0
240 60 53
0 64 63
180 64 0
0 60 0
180 60 49
0 64 58
60 64 0
0 60 0
60 60 58
0 64 69
240 64 0
0 60 0
240 60 53
0 64 63
240 64 0
0 60 0
240 67 72
0 60 61
0 64 61
240 64 0
0 60 0
0 67 0
240 60 58
0 67 69
0 64 58
240 64 0
0 67 0
0 60 0
240 66 72
0 63 61
0 60 61
0 69 72
240 69 0
0 66 0
0 63 0
0 60 0
240 60 58
0 69 69
0 63 58
0 66 69
240 66 0
0 60 0
0 69 0
0 63 0
240 60 61
0 64 61
0 70 72
0 67 61
1440 67 0
0 60 0
0 64 0
0 70 0
480 60 59
0 57 59
0 65 70
240 65 0
0 57 0
0 60 0
0 57 46
0 65 55
0 60 46
240 60 0
0 65 0
0 57 0
0 57 51
0 60 51
0 65 61
240 65 0
0 60 0
0 57 0
0 60 57
0 57 48
180 57 0
0 60 0
60 69 70
0 65 59
0 60 59
240 60 0
0 65 0
0 69 0
0 60 47
0 65 47
0 69 56
240 69 0
0 65 0
0 60 0
0 65 52
0 60 52
0 69 62
240 69 0
0 60 0
0 65 0
0 60 48
0 65 57
180 65 0
0 60 0
60 69 58
0 72 69
180 72 0
0 69 0
60 69 50
0 72 59
180 72 0
0 69 0
60 67 56
0 70 66
180 70 0
0 67 0
60 70 57
0 67 48
180 67 0
0 70 0
60 65 53
0 69 63
180 69 0
0 65 0
60 69 53
0 65 45
220 65 0
0 69 0
20 64 52
0 67 62
460 67 0
0 64 0
20 57 59
0 60 59
0 65 70
240 65 0
0 60 0
0 57 0
0 65 55
0 57 46
0 60 46
240 60 0
0 57 0
0 65 0
0 57 51
0 60 51
0 65 61
240 65 0
0 60 0
0 57 0
0 57 48
0 60 57
180 60 0
0 57 0
60 60 58
0 65 58
0 69 69
240 69 0
0 65 0
0 60 0
0 69 56
0 60 47
0 65 47
240 65 0
0 60 0
0 69 0
0 60 52
0 65 52
0 69 62
240 69 0
0 65 0
0 60 0
0 60 48
0 65 57
180 65 0
0 60 0
60 72 69
0 69 58
180 69 0
0 72 0
60 69 50
0 72 59
180 72 0
0 69 0
60 70 66
0 67 56
180 67 0
0 70 0
60 67 48
0 70 57
180 70 0
0 67 0
60 65 53
0 69 63
180 69 0
0 65 0
60 65 45
0 69 53
180 69 0
0 65 0
60 64 52
0 67 62
460 67 0
0 64 0
20 69 61
0 72 72
120 72 0
0 69 0
120 72 64
0 69 54
120 69 0
0 72 0
120 65 61
0 69 72
240 69 0
0 65 0
0 65 66
240 65 0
0 74 78
0 65 66
0 70 66
120 70 0
0 65 0
0 74 0
120 65 60
0 70 60
0 74 71
120 74 0
0 70 0
0 65 0
120 72 70
0 65 65
0 69 65
460 69 0
0 65 0
0 72 0
20 65 68
0 69 68
0 77 81
0 72 68
360 72 0
0 65 0
0 69 0
0 77 0
0 72 77
120 72 0
0 69 83
240 69 0
0 65 71
240 65 0
0 64 62
0 72 74
0 67 62
120 67 0
0 72 0
0 64 0
120 64 54
0 67 54
0 72 64
120 72 0
0 67 0
0 64 0
120 65 72
360 65 0
120 72 58
120 72 0
0 74 60
120 74 0
0 76 62
120 76 0
0 77 64
120 77 0
0 79 66
120 79 0
0 77 64
120 77 0
0 76 62
120 76 0
0 74 61
120 74 0
0 72 66
120 72 0
0 77 59
120 77 0
0 81 66
120 81 0
0 77 61
120 77 0
0 84 66
240 84 0
240 84 61
120 84 0
0 86 62
120 86 0
0 88 63
120 88 0
0 89 66
120 89 0
0 91 68
240 91 0
240 89 59
120 89 0
0 91 62
120 91 0
0 93 63
120 93 0
0 94 67
120 94 0
0 96 70
240 96 0
240 72 58
120 72 0
0 74 60
120 74 0
0 76 62
120 76 0
0 77 64
120 77 0
0 79 66
120 79 0
0 77 64
120 77 0
0 76 62
120 76 0
0 74 61
120 74 0
0 72 66
120 72 0
0 77 59
120 77 0
0 81 66
120 81 0
0 77 61
120 77 0
0 84 66
240 84 0
240 84 58
120 84 0
0 86 60
120 86 0
0 88 62
120 88 0
0 89 64
120 89 0
0 91 66
120 91 0
0 88 64
120 88 0
0 86 62
120 86 0
0 84 61
120 84 0
0 89 68
120 89 0
120 87 67
120 87 0
0 89 63
120 89 0
0 91 67
120 91 0
0 89 63
120 89 0
0 87 67
120 87 0
0 86 63
120 86 0
0 84 69
120 84 0
120 84 67
120 84 0
0 86 63
120 86 0
0 87 67
120 87 0
0 86 63
120 86 0
0 84 67
120 84 0
0 82 63
120 82 0
0 81 69
120 81 0
120 81 67
120 81 0
0 82 63
120 82 0
0 84 67
120 84 0
0 82 63
120 82 0
0 81 67
120 81 0
0 79 63
120 79 0
0 77 69
120 77 0
360 65 70
360 65 0
0 64 61
120 64 0
0 65 64
240 65 0
0 63 71
240 63 0
0 62 77
210 62 0
30 63 68
0 65 80
0 57 68
240 57 0
0 65 0
0 63 0
0 58 73
0 62 73
0 70 82
0 65 82
360 65 0
0 58 0
0 62 0
0 70 0
0 62 66
0 65 74
0 70 74
120 70 0
0 65 0
0 62 0
0 70 81
0 65 81
0 62 72
420 62 0
0 65 0
0 70 0
60 65 73
0 69 82
0 72 82
480 72 0
0 69 0
0 65 0
0 74 84
0 65 75
0 70 84
360 70 0
0 65 0
0 74 0
0 65 72
0 70 81
0 74 81
120 74 0
0 70 0
0 65 0
0 74 85
0 65 77
0 70 85
440 70 0
0 65 0
0 74 0
40 67 62
0 70 69
0 74 69
480 74 0
0 70 0
0 67 0
0 72 74
0 67 62
240 67 0
0 72 0
0 67 56
0 71 56
0 74 66
240 74 0
0 71 0
0 67 0
0 75 69
0 72 58
0 67 58
460 67 0
0 72 0
0 75 0
20 63 51
0 69 61
480 69 0
0 63 0
0 63 54
0 72 64
0 69 54
480 69 0
0 72 0
0 63 0
0 62 51
0 70 61
420 70 0
0 62 0
60 75 39
0 69 39
0 77 47
480 77 0
0 69 0
0 75 0
0 77 41
0 74 41
0 70 41
0 82 49
360 82 0
0 77 0
0 74 0
0 70 0
0 74 38
0 82 45
0 77 38
120 77 0
0 82 0
0 74 0
0 74 40
0 77 40
0 82 48
420 82 0
0 77 0
0 74 0
60 84 49
0 81 41
0 77 41
480 77 0
0 81 0
0 84 0
0 77 43
0 82 43
0 86 51
360 86 0
0 82 0
0 77 0
0 86 48
0 77 40
0 82 40
120 82 0
0 77 0
0 86 0
0 77 44
0 82 44
0 86 52
460 86 0
0 82 0
0 77 0
20 86 41
0 79 34
0 82 34
480 82 0
0 79 0
0 86 0
0 79 45
0 84 45
240 84 0
0 79 0
0 79 39
0 86 39
0 83 39
240 83 0
0 86 0
0 79 0
0 79 41
0 84 41
0 87 41
460 87 0
0 84 0
0 79 0
20 81 37
0 75 37
480 75 0
0 81 0
0 81 39
0 75 39
0 84 39
480 84 0
0 75 0
0 81 0
0 74 37
0 82 37
450 82 0
0 74 0
270 74 62
0 77 73
240 77 0
0 74 0
0 74 63
0 77 75
240 77 0
0 74 0
0 74 73
0 70 62
240 70 0
0 74 0
0 75 82
0 79 69
720 79 0
0 75 0
0 74 66
0 77 78
240 77 0
0 74 0
0 74 68
0 77 80
240 77 0
0 74 0
0 75 73
0 72 62
240 72 0
0 75 0
0 72 62
0 75 73
720 75 0
0 72 0
0 75 73
0 72 62
240 72 0
0 75 0
0 75 75
0 72 63
240 72 0
0 75 0
0 69 62
0 72 73
240 72 0
0 69 0
0 77 81
0 74 68
720 74 0
0 77 0
0 72 63
0 75 75
240 75 0
0 72 0
0 72 68
0 75 80
240 75 0
0 72 0
0 70 62
0 74 73
240 74 0
0 70 0
0 74 73
0 70 62
450 70 0
0 74 0
30 57 63
0 65 80
0 63 80
480 63 0
0 65 0
0 57 0
0 62 64
0 70 82
0 65 82
0 58 64
360 58 0
0 62 0
0 70 0
0 65 0
0 70 74
0 65 74
0 62 59
120 62 0
0 65 0
0 70 0
0 62 64
0 65 81
0 70 81
420 70 0
0 65 0
0 62 0
60 72 82
0 65 64
0 69 82
480 69 0
0 65 0
0 72 0
0 65 67
0 70 84
0 74 84
360 74 0
0 70 0
0 65 0
0 74 81
0 65 64
0 70 81
120 70 0
0 65 0
0 74 0
0 65 68
0 70 85
0 74 85
460 74 0
0 70 0
0 65 0
20 74 63
0 67 50
0 70 63
480 70 0
0 67 0
0 74 0
0 67 46
0 72 68
240 72 0
0 67 0
0 74 60
0 71 60
0 67 39
240 67 0
0 71 0
0 74 0
0 67 42
0 72 53
0 75 63
460 75 0
0 72 0
0 67 0
20 69 57
0 63 38
480 63 0
0 69 0
0 63 39
0 69 59
0 72 59
480 72 0
0 69 0
0 63 0
0 70 57
0 62 38
450 62 0
0 70 0
30 86 38
0 82 38
0 79 38
480 79 0
0 82 0
0 86 0
0 79 41
0 84 41
240 84 0
0 79 0
0 86 36
0 79 36
0 83 36
240 83 0
0 79 0
0 86 0
0 79 38
0 84 38
0 87 38
460 87 0
0 84 0
0 79 0
20 75 34
0 81 34
480 81 0
0 75 0
0 75 36
0 81 36
0 84 36
480 84 0
0 81 0
0 75 0
0 82 34
0 74 34
450 74 0
0 82 0
30 77 64
120 77 0
0 82 67
120 82 0
0 86 69
120 86 0
0 89 74
120 89 0
0 89 88
120 89 0
0 87 70
120 87 0
0 84 68
120 84 0
0 77 68
120 77 0
0 89 88
120 89 0
0 87 69
120 87 0
0 84 68
120 84 0
0 77 68
120 77 0
0 76 68
120 76 0
0 77 64
120 77 0
0 81 68
120 81 0
0 84 64
120 84 0
0 87 88
120 87 0
0 86 69
120 86 0
0 82 66
120 82 0
0 77 66
120 77 0
0 87 85
120 87 0
0 86 68
120 86 0
0 82 64
120 82 0
0 77 64
120 77 0
0 76 64
120 76 0
0 77 62
120 77 0
0 76 64
120 76 0
0 77 62
120 77 0
0 81 81
120 81 0
0 69 50
120 69 0
0 79 78
120 79 0
0 69 52
120 69 0
0 77 80
120 77 0
0 69 52
120 69 0
0 75 80
120 75 0
0 69 53
120 69 0
0 74 82
120 74 0
0 69 55
120 69 0
0 72 84
120 72 0
0 69 57
120 69 0
0 79 89
0 75 89
360 75 0
0 79 0
120 74 74
0 77 74
360 77 0
0 74 0
120 77 69
120 77 0
0 82 72
120 82 0
0 86 77
120 86 0
0 89 81
120 89 0
0 89 94
120 89 0
0 87 78
120 87 0
0 84 74
120 84 0
0 77 74
120 77 0
0 89 94
120 89 0
0 87 77
120 87 0
0 84 74
120 84 0
0 77 74
120 77 0
0 76 74
120 76 0
0 77 69
120 77 0
0 81 74
120 81 0
0 84 69
120 84 0
0 87 96
120 87 0
0 86 77
120 86 0
0 82 70
120 82 0
0 77 70
120 77 0
0 87 96
120 87 0
0 86 75
120 86 0
0 82 69
120 82 0
0 77 69
120 77 0
0 76 75
120 76 0
0 77 73
120 77 0
0 76 80
120 76 0
0 77 75
120 77 0
0 79 82
120 79 0
0 77 79
120 77 0
0 75 79
120 75 0
0 74 79
120 74 0
0 72 79
120 72 0
0 74 79
120 74 0
0 75 78
120 75 0
0 77 79
120 77 0
0 79 81
120 79 0
0 81 84
120 81 0
0 82 85
120 82 0
0 83 90
120 83 0
0 84 94
120 84 0
300 101 70
60 101 0
0 89 93
120 89 0
600 74 58
0 77 69
120 77 0
0 74 0
120 74 63
0 77 75
480 77 0
0 74 0
0 74 69
0 70 58
210 70 0
0 74 0
30 74 53
0 77 63
180 77 0
0 74 0
60 77 74
0 74 62
480 74 0
0 77 0
0 70 58
0 74 69
210 74 0
0 70 0
30 74 53
0 77 63
240 77 0
0 74 0
0 72 56
0 75 67
480 75 0
0 72 0
0 72 61
0 69 51
240 69 0
0 72 0
0 72 50
0 75 59
240 75 0
0 72 0
0 74 62
0 70 52
480 70 0
0 74 0
240 77 69
0 74 58
120 74 0
0 77 0
120 74 63
0 77 75
480 77 0
0 74 0
0 74 69
0 70 58
210 70 0
0 74 0
30 74 53
0 77 63
120 77 0
0 74 0
120 74 62
0 77 74
480 77 0
0 74 0
0 70 58
0 74 69
210 74 0
0 70 0
30 77 63
0 74 53
240 74 0
0 77 0
0 72 56
0 75 67
480 75 0
0 72 0
0 72 61
0 69 51
240 69 0
0 72 0
0 72 50
0 75 59
240 75 0
0 72 0
0 70 52
0 74 62
480 74 0
0 70 0
240 70 52
0 74 62
240 74 0
0 70 0
0 69 56
0 72 67
480 72 0
0 69 0
0 69 52
0 72 62
240 72 0
0 69 0
0 72 62
0 69 52
240 69 0
0 72 0
0 72 57
0 75 68
480 75 0
0 72 0
0 75 64
0 72 54
240 72 0
0 75 0
0 72 61
0 75 72
240 75 0
0 72 0
0 70 68
0 74 80
480 74 0
0 70 0
0 70 67
0 74 79
240 74 0
0 70 0
0 74 82
0 70 69
240 70 0
0 74 0
0 70 78
0 79 86
0 75 86
720 75 0
0 79 0
0 70 0
0 79 81
0 75 81
0 70 72
240 70 0
0 75 0
0 79 0
0 70 78
0 74 86
0 77 86
480 77 0
0 74 0
0 70 0
0 74 82
0 70 73
0 77 82
240 77 0
0 70 0
0 74 0
0 70 70
0 77 79
0 74 79
240 74 0
0 77 0
0 70 0
0 77 92
0 82 92
0 74 83
0 70 83
480 70 0
0 77 0
0 82 0
0 74 0
0 70 74
0 74 83
0 77 83
240 77 0
0 74 0
0 70 0
0 70 79
0 65 70
0 74 79
240 74 0
0 65 0
0 70 0
0 67 77
0 75 85
0 72 85
480 72 0
0 75 0
0 67 0
0 69 80
0 63 71
0 72 80
240 72 0
0 63 0
0 69 0
0 60 63
0 69 71
0 63 71
240 63 0
0 69 0
0 60 0
0 62 62
0 65 69
0 70 69
480 70 0
0 65 0
0 62 0
480 63 49
0 60 49
0 55 49
480 55 0
0 60 0
0 63 0
0 60 42
0 57 42
240 57 0
0 60 0
0 53 42
0 57 42
240 57 0
0 53 0
0 58 49
0 53 49
480 53 0
0 58 0
480 77 56
0 70 47
480 70 0
0 77 0
0 70 43
0 74 51
240 74 0
0 70 0
0 70 45
0 77 53
240 77 0
0 70 0
0 70 50
0 80 59
480 80 0
0 70 0
0 74 57
0 77 60
240 77 0
0 74 0
0 80 63
0 74 53
240 74 0
0 80 0
0 84 68
0 74 57
480 74 0
0 84 0
0 83 67
0 74 56
480 74 0
0 83 0
0 82 67
60 82 0
0 86 56
60 86 0
0 89 62
60 89 0
0 92 61
60 92 0
0 94 67
60 94 0
0 92 62
60 92 0
0 89 66
60 89 0
0 86 61
60 86 0
0 82 63
60 82 0
0 80 60
60 80 0
0 77 62
60 77 0
0 74 57
60 74 0
0 70 60
34 70 0
0 68 59
34 68 0
0 65 58
34 65 0
0 62 58
34 62 0
0 58 57
34 58 0
0 56 56
34 56 0
0 53 56
46 53 0
3830 63 48
0 67 48
0 70 48
960 70 0
0 67 0
0 63 0
0 72 47
0 63 47
0 68 47
960 68 0
0 63 0
0 72 0
0 63 48
0 67 48
0 70 48
720 70 0
0 67 0
0 63 0
0 68 38
0 65 38
240 65 0
0 68 0
0 63 48
0 67 48
480 67 0
0 63 0
0 65 51
0 68 51
480 68 0
0 65 0
0 70 57
0 67 57
0 63 57
960 63 0
0 67 0
0 70 0
0 63 45
0 68 45
0 72 45
960 72 0
0 68 0
0 63 0
0 67 50
0 63 50
0 70 50
720 70 0
0 63 0
0 67 0
0 65 40
0 68 40
240 68 0
0 65 0
0 63 50
0 67 50
480 67 0
0 63 0
0 68 55
0 65 55
480 65 0
0 68 0
0 63 51
0 67 51
0 70 51
960 70 0
0 67 0
0 63 0
0 65 62
0 58 62
0 70 62
960 70 0
0 58 0
0 65 0
0 65 68
0 72 68
0 69 68
960 69 0
0 72 0
0 65 0
0 70 71
0 65 71
0 74 71
480 74 0
0 65 0
0 70 0
0 67 75
0 75 75
0 72 75
480 72 0
0 75 0
0 67 0
0 65 80
0 70 80
0 74 80
960 74 0
0 70 0
0 65 0
0 72 73
0 69 73
0 63 73
960 63 0
0 69 0
0 72 0
0 65 71
0 62 71
0 70 71
1920 70 0
0 62 0
0 65 0
0 58 41
0 65 41
0 62 41
720 58 0
0 58 37
0 63 37
0 67 37
20 62 0
0 65 0
220 58 0
0 65 41
0 62 41
0 58 41
20 63 0
0 67 0
460 58 0
0 58 41
0 63 41
0 67 41
20 65 0
0 62 0
460 63 0
0 58 0
0 67 0
0 68 41
0 58 41
0 65 41
720 58 0
0 58 35
0 67 35
0 70 35
20 65 0
0 68 0
220 58 0
0 68 41
0 58 41
0 65 41
20 67 0
0 70 0
940 58 0
0 68 0
0 65 0
0 58 48
0 63 48
0 67 48
720 58 0
0 68 40
0 58 40
0 65 40
20 67 0
0 63 0
220 58 0
0 58 52
0 67 52
4 63 52
16 68 0
0 65 0
460 58 0
0 68 52
0 65 52
0 58 52
20 67 0
4 63 0
456 65 0
0 68 0
0 58 0
0 63 57
0 67 57
0 70 57
720 63 0
0 68 45
0 63 45
0 72 45
20 70 0
0 67 0
220 63 0
0 63 57
0 70 57
0 67 57
20 68 0
0 72 0
940 70 0
0 63 0
0 67 0
0 70 79
0 67 79
0 63 79
0 75 89
480 75 0
0 70 0
0 67 0
0 63 0
0 63 78
0 74 86
0 70 78
480 70 0
0 74 0
0 63 0
0 63 74
0 68 83
0 72 74
480 72 0
0 68 0
0 63 0
0 70 82
0 67 73
0 63 73
480 63 0
0 67 0
0 70 0
0 63 83
0 72 83
0 75 93
480 75 0
0 72 0
0 63 0
0 72 80
0 63 71
0 68 71
480 68 0
0 63 0
0 72 0
0 60 72
0 67 72
0 70 81
480 70 0
0 67 0
0 60 0
0 68 74
0 60 67
0 65 67
480 65 0
0 60 0
0 68 0
0 58 79
0 63 79
0 67 89
960 67 0
0 63 0
0 58 0
0 62 59
0 65 66
0 58 66
0 56 58
960 56 0
0 62 0
0 65 0
0 58 0
0 55 59
0 63 67
0 58 59
480 58 0
0 63 0
0 55 0
0 82 61
120 82 0
0 70 50
120 70 0
0 82 66
120 82 0
0 70 53
120 70 0
0 82 67
120 82 0
0 70 53
120 70 0
0 82 70
120 82 0
0 70 57
120 70 0
0 82 71
120 82 0
0 70 60
120 70 0
0 82 74
120 82 0
0 70 62
120 70 0
0 75 75
0 82 84
0 79 75
0 70 75
960 70 0
0 75 0
0 82 0
0 79 0
0 80 74
0 84 83
0 75 74
0 72 74
960 72 0
0 80 0
0 84 0
0 75 0
0 70 75
0 82 84
0 79 75
0 75 84
720 75 0
0 70 0
0 82 0
0 79 0
0 68 61
0 77 60
0 80 68
240 80 0
0 77 0
0 68 0
0 79 84
0 67 75
0 75 75
480 75 0
0 67 0
0 79 0
0 68 83
0 77 82
0 80 92
480 80 0
0 77 0
0 68 0
0 79 89
0 82 100
0 75 89
0 70 89
960 70 0
0 79 0
0 82 0
0 75 0
0 72 82
0 75 82
0 84 91
0 80 81
960 80 0
0 72 0
0 75 0
0 84 0
0 70 85
0 75 85
0 79 86
0 82 96
720 82 0
0 70 0
0 75 0
0 79 0
0 80 72
0 77 64
0 68 64
240 68 0
0 77 0
0 80 0
0 67 80
0 75 79
0 79 89
480 79 0
0 75 0
0 67 0
0 77 86
0 68 85
0 80 96
480 80 0
0 68 0
0 77 0
0 70 88
0 82 99
0 79 89
0 75 88
960 75 0
0 70 0
0 82 0
0 79 0
0 74 89
0 82 100
0 77 89
0 70 89
960 70 0
0 74 0
0 82 0
0 77 0
0 81 90
0 84 101
0 77 90
0 72 90
960 72 0
0 81 0
0 84 0
0 77 0
0 77 93
0 86 104
0 82 93
0 74 93
480 74 0
0 77 0
0 86 0
0 82 0
0 75 97
0 79 97
0 84 97
0 87 108
480 87 0
0 75 0
0 79 0
0 84 0
0 77 101
0 86 112
0 82 100
0 74 101
960 74 0
0 77 0
0 86 0
0 82 0
0 81 91
0 84 102
0 75 91
0 72 91
960 72 0
0 81 0
0 84 0
0 75 0
0 70 88
0 74 88
0 77 89
0 82 99
1440 82 0
0 70 0
0 74 0
0 77 0
480 65 41
0 62 41
120 62 0
0 65 0
0 58 28
120 58 0
0 62 34
0 65 34
120 65 0
0 62 0
0 58 27
120 58 0
0 65 34
0 62 34
120 62 0
0 65 0
0 58 28
120 58 0
0 63 37
0 67 37
120 67 0
0 63 0
0 58 31
120 58 0
0 62 41
0 65 41
120 65 0
0 62 0
0 58 33
120 58 0
0 65 36
0 62 36
120 62 0
0 65 0
0 58 30
120 58 0
0 67 41
0 63 41
120 63 0
0 67 0
0 58 33
120 58 0
0 63 36
0 67 36
120 67 0
0 63 0
0 58 33
120 58 0
0 65 41
0 68 41
120 68 0
0 65 0
0 58 27
120 58 0
0 65 31
0 68 31
120 68 0
0 65 0
0 58 27
120 58 0
0 65 31
0 68 31
120 68 0
0 65 0
0 58 27
120 58 0
0 70 35
0 67 35
120 67 0
0 70 0
0 58 30
120 58 0
0 65 41
0 68 41
120 68 0
0 65 0
0 58 33
120 58 0
0 65 36
0 68 36
120 68 0
0 65 0
0 58 34
120 58 0
0 65 36
0 68 36
120 68 0
0 65 0
0 58 31
120 58 0
0 68 36
0 65 36
120 65 0
0 68 0
0 58 31
120 58 0
0 63 48
0 67 48
120 67 0
0 63 0
0 58 27
120 58 0
0 63 33
0 67 33
120 67 0
0 63 0
0 58 26
120 58 0
0 63 34
0 67 34
120 67 0
0 63 0
0 58 29
120 58 0
0 68 40
0 65 40
120 65 0
0 68 0
0 58 35
120 58 0
0 67 52
4 63 52
116 67 0
0 58 38
4 63 0
116 58 0
0 63 38
0 67 38
120 67 0
0 63 0
0 58 36
120 58 0
0 65 52
0 68 52
120 68 0
0 65 0
0 58 38
120 58 0
0 68 42
0 65 42
120 65 0
0 68 0
0 58 38
120 58 0
0 67 57
0 70 57
120 70 0
0 67 0
0 63 41
120 63 0
0 70 47
0 67 47
120 67 0
0 70 0
0 63 41
120 63 0
0 67 37
0 70 37
120 70 0
0 67 0
0 63 37
120 63 0
0 68 45
0 72 45
120 72 0
0 68 0
0 63 41
120 63 0
0 70 57
0 67 57
120 67 0
0 70 0
0 63 35
120 63 0
0 67 41
0 70 41
120 70 0
0 67 0
0 63 37
120 63 0
0 67 41
0 70 41
120 70 0
0 67 0
0 63 38
120 63 0
0 70 46
0 67 46
120 67 0
0 70 0
0 63 41
120 63 0
0 63 87
0 75 97
0 70 87
0 67 87
480 67 0
0 63 0
0 75 0
0 70 0
0 63 86
0 70 85
0 74 95
390 74 0
0 70 0
0 63 0
0 60 77
30 63 84
30 68 78
30 72 92
480 72 0
0 60 0
0 63 0
0 68 0
0 58 82
0 70 94
0 67 84
0 63 82
480 63 0
0 58 0
0 70 0
0 67 0
0 75 97
0 87 110
0 84 97
0 80 97
480 80 0
0 75 0
0 87 0
0 84 0
0 80 88
0 84 98
0 75 98
0 72 98
390 72 0
0 80 0
0 84 0
0 75 0
0 70 90
30 76 95
30 79 89
30 82 105
480 82 0
0 70 0
0 76 0
0 79 0
0 68 86
0 72 86
0 77 85
0 80 95
480 80 0
0 68 0
0 72 0
0 77 0
0 70 90
0 79 101
0 75 92
0 67 90
870 67 0
0 70 0
0 79 0
0 75 0
0 65 74
30 68 80
30 74 75
30 77 96
960 77 0
0 65 0
0 68 0
0 74 0
0 63 79
0 67 79
0 70 72
0 75 79
480 75 0
0 63 0
0 67 0
0 70 0
0 63 82
160 63 0
0 67 82
160 67 0
0 70 82
160 70 0
0 63 75
0 75 82
0 71 75
0 68 75
480 68 0
0 63 0
0 75 0
0 71 0
0 68 75
0 71 75
0 75 75
0 80 82
480 80 0
0 68 0
0 71 0
0 75 0
0 70 75
0 79 82
0 75 75
0 67 75
480 67 0
0 70 0
0 79 0
0 75 0
0 75 84
160 75 0
0 79 84
160 79 0
0 82 85
160 82 0
0 83 80
0 75 80
0 80 80
0 87 91
480 87 0
0 83 0
0 75 0
0 80 0
0 83 86
0 80 86
0 87 86
0 92 97
480 92 0
0 83 0
0 80 0
0 87 0
0 91 96
0 79 86
0 82 86
0 87 86
480 87 0
0 91 0
0 79 0
0 82 0
0 63 78
0 75 78
360 75 0
0 63 0
0 63 72
0 75 72
120 75 0
0 63 0
0 75 79
0 63 79
960 63 0
0 75 0
960 51 39
0 55 39
0 60 45
480 60 0
0 55 0
0 51 0
0 57 41
0 60 41
0 51 37
0 54 37
480 54 0
0 57 0
0 60 0
0 51 0
0 50 40
0 55 40
0 59 46
720 59 0
0 55 0
0 50 0
0 57 41
0 48 37
240 48 0
0 57 0
0 47 35
0 55 39
480 55 0
0 47 0
1440 55 49
0 60 49
0 63 56
0 51 49
480 51 0
0 55 0
0 60 0
0 63 0
0 63 55
0 54 49
0 60 49
0 57 49
480 57 0
0 63 0
0 54 0
0 60 0
0 55 51
0 59 51
0 62 58
1920 62 0
0 59 0
0 55 0
1440 83 39
160 83 0
0 86 31
160 86 0
0 91 31
160 91 0
0 103 38
1440 103 0
390 67 47
30 72 47
30 76 47
30 79 47
360 81 39
0 69 39
0 77 39
20 79 0
0 76 0
0 67 0
0 72 0
100 67 41
0 76 41
0 79 41
20 77 0
0 69 0
0 81 0
220 67 0
0 76 0
0 72 42
0 64 42
0 76 42
20 79 0
590 72 0
0 64 0
0 76 0
20 67 47
30 72 47
30 79 47
30 76 47
360 69 39
0 77 39
0 81 39
20 76 0
0 79 0
0 67 0
0 72 0
100 76 41
0 67 41
0 79 41
20 81 0
0 77 0
0 69 0
220 76 0
0 67 0
0 64 41
0 72 41
0 76 41
20 79 0
590 64 0
0 72 0
0 76 0
20 74 62
30 77 62
30 79 62
30 86 62
480 86 0
0 74 0
0 77 0
0 79 0
0 74 49
0 77 49
0 86 60
240 86 0
0 77 0
0 74 0
0 77 49
0 71 49
0 83 49
610 83 0
0 71 0
0 77 0
20 72 56
30 76 56
30 79 56
30 84 56
480 84 0
0 72 0
0 76 0
0 79 0
0 72 49
0 76 49
0 84 49
240 84 0
0 76 0
0 72 0
0 76 45
0 67 45
0 79 45
610 79 0
0 67 0
0 76 0
20 69 56
30 72 56
30 77 56
30 81 56
480 81 0
0 69 0
0 72 0
0 77 0
0 81 61
0 69 61
0 77 61
240 77 0
0 69 0
0 81 0
0 72 63
0 84 63
0 81 63
360 79 57
0 71 57
0 83 57
20 81 0
0 72 0
0 84 0
100 69 63
0 77 63
0 81 63
20 79 0
0 83 0
0 71 0
130 69 0
0 77 0
0 81 0
0 67 62
30 72 62
30 76 62
30 79 62
360 81 50
0 69 50
0 77 50
20 79 0
0 76 0
0 67 0
0 72 0
100 67 53
0 76 53
0 79 53
20 77 0
0 69 0
0 81 0
220 67 0
0 76 0
0 76 50
0 64 50
0 72 50
20 79 0
590 76 0
0 64 0
0 72 0
20 69 56
30 72 56
30 77 56
30 81 56
480 81 0
0 69 0
0 72 0
0 77 0
0 77 61
0 69 61
0 81 61
240 81 0
0 69 0
0 77 0
0 72 63
0 84 63
0 81 63
360 71 57
0 83 57
0 79 57
20 81 0
0 72 0
0 84 0
100 77 63
0 81 63
0 69 63
20 71 0
0 79 0
0 83 0
130 77 0
0 81 0
0 69 0
0 67 62
30 72 62
30 76 62
30 79 62
360 81 50
0 69 50
0 77 50
20 79 0
0 76 0
0 67 0
0 72 0
100 67 53
0 76 53
0 79 53
20 77 0
0 69 0
0 81 0
220 67 0
0 76 0
0 72 50
0 76 50
0 64 50
20 79 0
590 72 0
0 76 0
0 64 0
20 74 63
30 77 63
30 79 63
30 86 63
480 86 0
0 74 0
0 77 0
0 79 0
0 74 63
0 86 63
0 77 63
180 77 70
30 83 70
30 77 0
0 74 0
0 86 0
0 89 70
360 77 64
0 74 64
0 86 64
20 89 0
100 83 0
0 77 0
0 71 64
0 77 64
0 83 64
20 77 0
0 86 0
0 74 0
130 71 0
0 77 0
0 83 0
0 72 61
30 76 61
30 79 61
30 84 61
720 79 50
0 88 50
0 76 50
20 84 0
0 79 0
0 72 0
0 76 0
610 76 0
0 79 0
0 88 0
0 72 50
30 76 50
30 79 50
30 84 50
360 67 47
0 76 47
0 79 47
20 84 0
0 79 0
0 72 0
0 76 0
100 76 47
0 72 47
0 64 47
20 79 0
0 76 0
0 67 0
130 76 0
0 72 0
0 64 0
0 67 51
30 71 51
30 74 51
30 79 51
360 74 0
0 77 46
0 65 46
20 79 0
100 67 0
0 65 0
0 71 0
0 62 42
0 71 42
0 74 42
20 77 0
190 62 0
0 71 0
0 74 0
30 67 42
0 72 42
0 60 42
0 64 42
720 64 0
0 67 0
0 72 0
0 60 0
630 68 71
30 72 71
30 77 71
30 80 71
720 80 0
0 68 0
0 72 0
0 77 0
0 68 67
0 72 67
0 77 67
0 80 67
480 80 0
0 68 0
0 72 0
0 77 0
0 77 67
0 80 67
0 72 67
0 68 67
240 68 0
0 77 0
0 80 0
0 72 0
0 67 69
0 72 69
0 79 69
0 76 69
1350 76 0
0 67 0
0 72 0
0 79 0
0 72 73
30 77 73
30 80 73
30 84 73
720 84 0
0 72 0
0 77 0
0 80 0
0 80 75
0 77 75
0 72 75
0 84 75
480 84 0
0 80 0
0 77 0
0 72 0
0 84 81
0 80 72
0 72 81
0 77 81
240 77 0
0 84 0
0 80 0
0 72 0
0 84 91
0 72 82
0 79 81
0 76 82
720 76 0
0 84 0
0 72 0
0 79 0
0 84 83
0 79 83
0 91 92
0 88 82
720 88 0
0 84 0
0 79 0
0 91 0
0 96 96
0 84 89
0 91 89
0 88 89
930 88 0
0 96 0
0 84 0
0 91 0
30 84 45
0 81 38
0 76 38
960 76 0
0 81 0
0 84 0
0 83 37
0 79 31
0 76 31
960 76 0
0 79 0
0 83 0
0 77 41
0 72 41
0 81 49
960 81 0
0 72 0
0 77 0
0 76 53
0 72 53
0 79 63
960 79 0
0 72 0
0 76 0
0 81 74
0 73 62
0 76 62
960 76 0
0 73 0
0 81 0
0 74 70
0 77 83
960 77 0
0 74 0
0 74 91
0 71 77
960 71 0
0 74 0
0 72 82
0 60 73
0 67 73
0 64 73
240 64 67
40 64 0
0 67 61
40 67 0
0 72 61
40 72 0
0 76 67
40 76 0
0 72 61
40 72 0
0 67 61
40 67 0
0 64 0
0 72 0
0 60 0
0 67 0
240 76 75
40 76 0
0 79 69
40 79 0
0 84 70
40 84 0
0 88 82
40 88 0
0 84 73
40 84 0
0 79 73
40 79 0
240 88 82
40 88 0
0 91 75
40 91 0
0 96 75
40 96 0
0 100 82
40 100 0
0 96 75
40 96 0
0 91 75
40 91 0
240 88 83
40 88 0
0 91 79
40 91 0
0 96 79
40 96 0
0 100 86
40 100 0
0 96 82
40 96 0
0 91 82
40 91 0
0 96 102
0 88 91
960 88 0
0 96 0
0 84 99
0 76 88
0 79 89
960 79 0
0 76 0
0 84 0
0 64 88
0 67 89
0 72 99
960 72 0
0 67 0
0 64 0
0 55 85
0 52 84
0 60 95
960 60 0
0 52 0
0 55 0
0 48 104
1920 48 0
0 31 33
60 43 24
10 31 0
50 43 0
0 31 33
60 43 24
10 31 0
50 43 0
0 31 33
60 43 24
10 31 0
50 43 0
0 31 33
60 43 24
10 31 0
50 43 0
0 31 33
60 43 24
10 31 0
50 43 0
0 31 33
60 43 24
10 31 0
50 43 0
0 31 33
60 43 24
10 31 0
50 43 0
0 31 33
60 43 24
10 31 0
50 43 0
0 31 33
60 43 24
10 31 0
50 43 0
0 31 33
60 43 24
10 31 0
50 43 0
0 31 33
60 43 24
10 31 0
50 43 0
0 31 33
60 43 24
10 31 0
50 43 0
0 31 33
60 43 24
10 31 0
50 43 0
0 31 33
60 43 24
10 31 0
50 43 0
0 31 33
60 43 24
10 31 0
50 43 0
0 31 33
60 43 24
10 31 0
50 43 0
0 31 33
4 43 24
10 31 0
50 43 0
0 31 33
60 43 24
10 31 0
50 43 0
0 31 33
60 43 24
10 31 0
50 43 0
0 31 33
60 43 24
10 31 0
50 43 0
0 31 33
60 43 24
10 31 0
50 43 0
0 31 33
60 43 24
10 31 0
50 43 0
0 31 33
60 43 24
10 31 0
50 43 0
0 31 33
60 43 24
10 31 0
50 43 0
0 31 33
55 43 24
3 31 0
50 43 0
0 31 33
60 43 24
10 31 0
50 43 0
0 31 33
60 43 24
10 31 0
50 43 0
0 31 34
60 43 25
10 31 0
50 43 0
0 31 34
60 43 25
10 31 0
50 43 0
0 31 34
60 43 25
10 31 0
50 43 0
0 31 35
60 43 26
10 31 0
50 43 0
0 31 35
60 43 27
10 31 0
50 43 0
0 31 37
4 43 27
10 31 0
50 43 0
0 31 37
60 43 27
10 31 0
50 43 0
0 31 37
60 43 27
10 31 0
50 43 0
0 31 38
60 43 27
10 31 0
50 43 0
0 31 38
60 43 27
10 31 0
50 43 0
0 31 38
60 43 27
10 31 0
50 43 0
0 31 38
60 43 28
10 31 0
50 43 0
0 31 38
60 43 28
10 31 0
50 43 0
0 31 46
0 43 34
10 31 0
50 43 0
0 31 46
60 43 35
10 31 0
50 43 0
0 31 49
60 43 37
10 31 0
50 43 0
0 31 49
60 43 37
10 31 0
50 43 0
0 31 49
53 43 37
3 31 0
50 43 0
0 31 50
60 43 38
10 31 0
50 43 0
0 31 50
60 43 39
10 31 0
50 43 0
0 31 51
60 43 39
10 31 0
50 43 0
0 31 51
11 43 39
10 31 0
50 43 0
0 31 53
60 43 39
10 31 0
50 43 0
0 31 53
60 43 41
10 31 0
50 43 0
0 31 53
60 43 41
10 31 0
50 43 0
0 31 58
14 43 41
10 31 0
50 43 0
0 31 59
60 43 41
10 31 0
50 43 0
0 31 59
60 43 44
10 31 0
50 43 0
0 31 59
60 43 45
10 31 0
50 31 44
861 31 0
0 43 0
99 74 68
0 77 80
360 77 0
0 74 0
0 76 71
0 72 60
120 72 0
0 76 0
0 67 56
0 74 67
473 74 0
0 67 0
480 77 61
0 74 51
353 74 0
0 77 0
0 76 57
0 72 48
120 72 0
0 76 0
0 67 45
0 74 53
395 74 0
0 67 0
0 76 62
0 72 52
374 72 0
0 76 0
0 67 56
0 74 67
388 74 0
0 67 0
0 72 56
0 76 66
360 76 0
0 72 0
0 67 62
0 74 74
467 74 0
0 67 0
0 45 70
0 57 83
480 57 0
0 45 0
0 55 93
0 43 62
480 43 0
0 55 0
0 54 82
0 42 56
480 42 0
0 54 0
0 43 56
0 55 83
320 55 0
0 43 0
0 41 57
0 53 84
480 53 0
0 41 0
0 40 59
0 52 89
160 52 0
0 40 0
0 38 62
0 50 92
480 50 0
0 38 0
0 36 49
0 48 73
560 43 49
0 55 73
11 48 0
0 36 0
640 50 69
0 38 46
12 43 0
0 55 0
640 43 49
0 55 73
17 50 0
0 38 0
640 43 0
0 55 0
0 40 49
0 52 73
614 41 49
0 53 73
20 52 0
0 40 0
240 40 46
0 52 69
20 41 0
0 53 0
460 50 69
0 38 46
7 40 0
0 52 0
613 36 49
0 48 73
20 50 0
0 38 0
141 36 0
0 48 0
240 60 34
0 67 40
918 67 0
0 60 0
0 69 33
0 57 28
613 57 0
0 69 0
0 59 34
0 67 41
747 67 0
0 59 0
0 60 41
0 67 49
694 67 0
0 60 0
0 60 50
0 67 50
187 60 0
0 62 53
480 62 0
0 67 0
0 64 39
0 67 46
694 67 0
0 64 0
0 62 37
0 69 44
640 69 0
0 62 0
0 64 32
0 68 38
127 68 0
0 64 0
240 69 56
0 57 47
367 57 0
0 69 0
0 55 45
0 67 53
480 67 0
0 55 0
0 53 52
0 65 62
720 65 0
0 53 0
0 66 66
0 54 56
667 54 0
0 66 0
0 55 56
0 67 66
614 67 0
0 55 0
0 68 72
0 56 61
667 56 0
0 68 0
0 57 56
0 69 67
747 69 0
0 57 0
0 62 51
0 74 61
54 74 0
0 72 58
480 72 0
0 62 0
0 71 58
0 67 49
180 67 0
0 71 0
0 45 73
30 52 57
30 57 68
900 57 0
0 52 0
0 45 0
0 52 75
0 40 56
46 40 0
0 52 0
0 41 69
30 48 54
30 53 74
886 53 0
0 48 0
0 41 0
0 36 53
0 48 70
773 48 0
0 36 0
0 37 51
0 49 69
560 49 0
0 37 0
0 38 56
0 50 74
720 50 0
0 38 0
0 31 56
0 43 62
0 55 74
107 55 0
0 53 74
480 53 0
0 43 0
0 31 0
0 52 72
0 55 85
0 36 85
31 36 0
0 43 57
27 43 0
0 48 57
40 48 0
0 52 64
40 52 0
0 55 57
40 55 0
0 60 57
40 60 0
240 55 0
0 52 0
0 48 64
40 48 0
0 55 57
40 55 0
0 60 60
40 60 0
0 64 68
40 64 0
0 67 63
40 67 0
0 72 64
40 72 0
240 60 78
40 60 0
0 67 70
40 67 0
0 72 70
40 72 0
0 76 78
40 76 0
0 79 70
40 79 0
0 84 70
40 84 0
240 60 78
40 60 0
0 67 69
40 67 0
0 72 68
40 72 0
0 76 74
40 76 0
0 79 67
40 79 0
0 84 66
40 84 0
240 76 52
0 79 62
0 72 52
27 72 0
0 79 0
0 76 0
56 48 57
120 48 0
0 50 59
120 50 0
0 52 62
120 52 0
0 53 63
120 53 0
0 55 66
120 55 0
0 53 64
120 53 0
0 52 63
120 52 0
0 50 62
120 50 0
0 48 61
120 48 0
0 46 60
120 46 0
0 45 59
120 45 0
0 43 58
120 43 0
0 41 56
205 41 0
0 53 41
240 53 0
0 41 46
240 41 0
0 53 40
180 53 0
0 41 57
201 41 0
0 53 50
240 53 0
0 41 55
240 41 0
0 53 49
180 53 0
0 41 58
81 41 0
60 53 50
180 53 0
60 52 56
120 52 0
60 60 49
180 60 0
60 53 56
109 53 0
60 60 41
220 60 0
20 48 48
103 48 0
0 60 38
220 60 0
20 41 56
163 41 0
0 53 41
240 53 0
0 41 46
240 41 0
0 53 40
180 53 0
60 41 57
152 41 0
0 53 50
240 53 0
0 41 55
240 41 0
0 53 49
180 53 0
0 41 58
39 41 0
60 53 50
180 53 0
60 52 56
95 52 0
60 60 49
180 60 0
60 53 56
106 53 0
60 60 41
180 60 0
60 48 48
103 48 0
0 60 38
220 60 0
0 41 48
0 53 57
480 53 0
0 41 0
480 34 52
0 46 62
120 46 0
0 34 0
120 50 57
0 38 48
120 38 0
0 50 0
120 41 58
0 53 69
460 53 0
0 41 0
20 48 69
0 36 58
896 36 0
0 48 0
0 48 50
0 58 59
120 58 0
0 48 0
120 58 57
0 48 48
120 48 0
0 58 0
120 53 51
0 57 60
360 57 0
0 53 0
120 52 49
0 58 58
191 58 0
0 52 0
0 60 51
240 60 0
0 48 58
240 48 0
0 60 52
240 60 0
0 53 49
0 57 58
134 57 0
0 53 0
0 60 52
240 60 0
0 48 58
240 48 0
0 60 52
240 60 0
0 58 58
0 52 49
134 52 0
0 58 0
0 60 52
240 60 0
0 48 58
240 48 0
0 60 52
240 60 0
0 57 58
0 53 49
106 53 0
0 57 0
0 60 53
240 60 0
0 48 58
240 48 0
0 60 53
240 60 0
0 52 49
0 58 58
134 58 0
0 52 0
0 60 51
240 60 0
0 48 58
240 48 0
0 60 52
240 60 0
0 53 49
0 57 58
141 57 0
0 53 0
0 60 52
240 60 0
0 48 58
240 48 0
0 60 52
240 60 0
0 52 49
0 58 58
106 58 0
0 52 0
0 60 51
240 60 0
0 48 58
240 48 0
0 60 52
240 60 0
0 57 56
0 53 47
120 53 0
0 57 0
840 63 53
0 57 45
0 53 45
0 60 45
120 60 0
0 63 0
0 57 0
0 53 0
840 72 45
0 69 45
0 75 53
0 65 45
120 65 0
0 72 0
0 69 0
0 75 0
840 60 45
0 57 45
0 53 45
0 63 53
120 63 0
0 60 0
0 57 0
0 53 0
360 53 69
0 41 58
360 41 0
0 53 0
0 40 51
0 52 60
120 52 0
0 40 0
0 41 56
0 53 66
240 53 0
0 41 0
0 51 71
0 39 60
240 39 0
0 51 0
0 38 63
0 50 75
210 50 0
0 38 0
30 48 71
0 36 60
240 36 0
0 48 0
0 34 60
0 46 69
275 46 0
0 34 0
0 46 57
0 58 63
120 58 0
0 46 0
0 46 71
0 58 71
420 58 0
0 46 0
60 41 63
0 53 71
480 53 0
0 41 0
0 46 74
0 34 67
282 34 0
0 46 0
0 46 59
0 58 68
120 58 0
0 46 0
0 58 73
0 46 66
440 46 0
0 58 0
32 55 64
0 43 58
403 43 0
0 55 0
0 39 59
0 51 67
115 51 0
0 39 0
0 50 60
0 38 55
240 38 0
0 50 0
0 36 58
0 48 64
300 48 0
0 36 0
20 41 49
0 53 56
320 53 0
0 41 0
0 46 53
0 53 59
416 53 0
0 46 0
0 58 59
42 58 0
60 53 38
0 65 38
445 65 0
0 53 0
0 46 34
0 58 40
314 58 0
0 46 0
0 70 38
120 70 0
0 70 41
420 70 0
46 53 34
0 65 41
438 65 0
0 53 0
0 58 45
0 46 38
268 46 0
0 58 0
0 70 39
120 70 0
0 70 44
149 70 0
20 67 38
480 67 0
0 63 39
240 63 0
0 62 37
240 62 0
0 60 38
460 60 0
20 53 34
0 65 34
480 65 0
0 53 0
0 65 36
0 58 36
480 58 0
0 65 0
0 70 35
450 70 0
510 34 48
0 46 57
339 46 0
0 34 0
0 62 41
0 58 41
0 65 49
480 65 0
0 58 0
0 62 0
0 62 41
0 58 41
0 65 49
480 65 0
0 58 0
0 62 0
0 53 63
0 41 53
212 41 0
0 53 0
0 63 41
0 57 41
0 65 49
480 65 0
0 57 0
0 63 0
0 63 41
0 57 41
0 65 49
480 65 0
0 57 0
0 63 0
0 29 51
0 41 61
212 41 0
0 29 0
0 65 49
0 57 41
0 63 41
480 63 0
0 57 0
0 65 0
0 65 49
0 57 41
0 63 41
480 63 0
0 57 0
0 65 0
0 46 57
0 34 48
353 34 0
0 46 0
0 62 41
0 58 41
0 65 49
196 65 0
0 58 0
0 62 0
30 53 63
0 41 50
480 41 0
0 53 0
0 34 55
0 46 69
314 46 0
0 34 0
0 46 50
0 58 63
120 58 0
0 46 0
0 46 57
0 58 71
420 58 0
0 46 0
32 53 71
0 41 57
480 41 0
0 53 0
0 34 59
0 46 74
290 46 0
0 34 0
0 46 53
0 58 68
120 58 0
0 46 0
0 58 73
0 46 58
460 46 0
0 58 0
20 55 59
0 43 47
466 43 0
0 55 0
0 39 41
0 51 60
240 51 0
0 39 0
0 50 56
0 38 37
240 38 0
0 50 0
0 36 39
0 48 59
460 48 0
0 36 0
20 41 34
0 53 51
480 53 0
0 41 0
0 53 55
0 46 35
480 46 0
0 53 0
0 58 53
450 58 0
30 67 36
480 67 0
0 63 37
240 63 0
0 62 34
240 62 0
0 60 36
460 60 0
20 65 30
480 65 0
0 65 33
0 58 33
480 58 0
0 65 0
0 70 31
450 70 0
510 53 49
0 41 41
440 41 0
0 53 0
0 65 42
0 57 35
0 63 35
480 63 0
0 57 0
0 65 0
0 63 35
0 57 35
0 65 42
480 65 0
0 57 0
0 63 0
0 34 46
0 46 55
417 46 0
0 34 0
0 62 41
0 53 34
0 58 34
480 58 0
0 53 0
0 62 0
0 58 34
0 53 34
0 62 41
476 62 0
0 53 0
0 58 0
0 41 47
0 53 56
431 53 0
0 41 0
0 60 37
0 53 37
0 63 44
480 63 0
0 53 0
0 60 0
0 63 44
0 60 37
0 53 37
480 53 0
0 60 0
0 63 0
0 34 46
0 46 55
480 46 0
0 34 0
0 62 40
0 58 34
0 53 34
480 53 0
0 58 0
0 62 0
0 62 44
0 58 37
0 53 37
480 53 0
0 58 0
0 62 0
0 41 45
0 53 53
429 53 0
0 41 0
0 63 38
0 57 38
0 65 45
480 65 0
0 57 0
0 63 0
0 65 45
0 63 38
0 57 38
477 57 0
0 63 0
0 65 0
0 34 51
0 46 60
417 46 0
0 34 0
0 58 38
0 53 38
0 62 45
480 62 0
0 53 0
0 58 0
0 58 38
0 53 38
0 62 45
480 62 0
0 53 0
0 58 0
0 55 53
0 60 63
0 51 53
1440 51 0
0 60 0
0 55 0
0 63 63
0 53 53
0 57 53
88 57 0
0 53 0
0 63 0
840 29 66
0 41 78
180 41 0
0 29 0
300 34 60
0 46 71
194 46 0
0 34 0
0 53 45
240 53 0
0 62 49
0 58 41
210 58 0
0 62 0
30 53 45
148 53 0
60 46 72
184 46 0
0 53 44
240 53 0
0 58 40
0 62 48
210 62 0
0 58 0
30 53 44
240 53 0
0 41 48
0 53 57
57 53 0
0 41 0
0 53 44
240 53 0
0 63 49
0 57 41
240 57 0
0 63 0
0 53 45
240 53 0
0 46 68
141 46 0
0 53 44
240 53 0
0 62 51
0 58 43
240 58 0
0 62 0
226 46 71
0 34 60
184 34 0
0 46 0
0 53 45
240 53 0
0 58 41
0 62 49
210 62 0
0 58 0
30 53 45
113 53 0
120 46 72
127 46 0
0 53 44
240 53 0
0 62 48
0 58 40
210 58 0
0 62 0
30 53 44
240 53 0
0 53 57
0 41 48
28 41 0
0 53 0
0 53 44
240 53 0
0 63 49
0 57 41
240 57 0
0 63 0
0 53 45
240 53 0
0 46 68
71 46 0
0 53 44
240 53 0
0 62 51
0 58 43
42 58 0
0 62 0
240 41 49
71 41 0
0 53 41
120 53 0
0 41 49
120 41 0
0 53 41
120 53 0
0 41 49
120 41 0
0 53 41
120 53 0
0 41 49
120 41 0
0 53 41
120 53 0
0 41 49
120 41 0
0 53 41
120 53 0
0 41 51
120 41 0
0 53 44
120 53 0
0 41 52
120 41 0
0 53 45
120 53 0
0 41 53
120 41 0
0 53 47
120 53 0
0 46 59
14 46 0
0 58 48
120 58 0
0 46 62
120 46 0
0 58 50
120 58 0
0 46 64
120 46 0
0 58 52
120 58 0
0 46 66
120 46 0
0 58 55
120 58 0
0 39 52
0 51 59
508 51 0
0 39 0
0 39 55
0 51 60
240 51 0
0 39 0
0 41 58
0 53 66
226 53 0
0 41 0
0 53 61
0 41 56
240 41 0
0 53 0
0 41 56
0 53 61
240 53 0
0 41 0
0 29 61
0 41 69
297 41 0
0 29 0
0 41 58
0 53 64
240 53 0
0 41 0
0 53 59
0 41 53
240 41 0
0 53 0
0 53 64
0 41 58
268 41 0
0 53 0
0 53 59
0 41 53
240 41 0
0 53 0
0 41 53
0 53 59
240 53 0
0 41 0
0 46 46
0 53 51
480 53 0
0 46 0
480 48 42
0 36 38
367 36 0
0 48 0
0 41 34
0 51 38
85 51 0
0 41 0
0 51 38
0 41 34
240 41 0
0 51 0
0 50 42
0 46 38
240 46 0
0 50 0
427 62 34
0 58 34
0 68 40
381 68 0
0 58 0
0 62 0
0 68 38
0 62 32
0 58 32
240 58 0
0 62 0
0 68 0
0 68 38
0 62 32
0 58 32
240 58 0
0 62 0
0 68 0
0 68 41
0 58 34
0 62 34
268 62 0
0 58 0
0 68 0
0 62 37
0 58 37
0 68 44
240 68 0
0 58 0
0 62 0
0 68 44
0 58 37
0 62 37
240 62 0
0 58 0
0 68 0
0 62 41
0 58 41
0 68 49
183 68 0
0 58 0
0 62 0
0 68 46
0 65 39
0 58 39
480 58 0
0 65 0
0 68 0
0 46 41
28 53 41
10 56 41
30 62 49
870 62 0
0 46 0
0 53 0
0 56 0
0 39 44
0 51 55
134 51 0
0 39 0
0 34 39
0 46 49
480 46 0
0 34 0
0 51 55
0 39 44
480 39 0
0 51 0
0 46 49
0 34 39
480 34 0
0 46 0
0 51 55
0 39 44
480 39 0
0 51 0
0 46 50
0 34 39
480 34 0
0 46 0
0 39 44
0 51 55
480 51 0
0 39 0
0 34 39
0 46 49
480 46 0
0 34 0
0 39 44
0 51 55
214 51 0
0 39 0
0 46 49
0 34 39
480 34 0
0 46 0
0 51 55
0 39 44
160 39 0
0 51 0
0 46 49
0 34 39
480 34 0
0 46 0
0 51 56
0 39 44
325 39 0
0 51 0
0 34 39
0 46 50
480 46 0
0 34 0
0 39 44
0 51 55
353 51 0
0 39 0
0 34 39
0 46 49
480 46 0
0 34 0
0 39 44
0 51 55
160 51 0
0 39 0
0 46 48
0 34 38
480 34 0
0 46 0
0 44 61
0 32 49
160 32 0
0 44 0
0 48 50
0 36 39
480 36 0
0 48 0
0 51 56
0 39 44
283 39 0
0 51 0
0 46 49
0 34 39
480 34 0
0 46 0
0 39 44
0 51 56
212 51 0
0 39 0
0 34 39
0 46 50
480 46 0
0 34 0
0 51 58
0 39 46
160 39 0
0 51 0
0 34 40
0 46 51
480 46 0
0 34 0
0 50 62
0 38 49
160 38 0
0 50 0
0 46 56
0 34 44
480 34 0
0 46 0
0 53 67
0 41 52
214 41 0
0 53 0
0 48 58
0 36 46
480 36 0
0 48 0
0 46 77
0 34 61
134 34 0
0 46 0
0 39 56
0 51 70
480 51 0
0 39 0
0 29 66
0 41 82
240 41 0
0 29 0
0 53 70
480 53 0
0 29 61
0 41 78
134 41 0
0 29 0
0 53 66
480 53 0
0 34 60
0 46 75
80 46 0
0 34 0
0 46 64
0 58 81
480 58 0
0 46 0
0 53 73
0 41 59
480 41 0
0 53 0
0 38 52
0 50 66
480 50 0
0 38 0
0 34 33
0 46 41
413 46 0
0 34 0
0 70 36
180 70 0
300 70 39
92 70 0
300 70 41
180 70 0
0 46 48
0 34 48
403 34 0
0 46 0
0 82 49
180 82 0
300 82 49
92 82 0
300 82 50
180 82 0
0 51 49
11 39 49
417 51 0
0 75 52
11 39 0
169 75 0
300 75 52
124 75 0
300 75 56
180 75 0
300 39 59
0 51 59
403 51 0
0 39 0
0 87 66
180 87 0
300 87 66
74 87 0
300 87 66
180 87 0
49 51 72
0 39 64
774 39 0
0 51 0
0 44 55
0 56 61
294 56 0
0 44 0
0 39 53
0 51 60
214 51 0
0 39 0
0 32 71
0 44 80
667 44 0
0 32 0
0 48 71
0 36 62
267 36 0
0 48 0
0 53 61
0 41 55
214 41 0
0 53 0
0 46 77
0 34 68
325 34 0
0 46 0
0 70 62
240 70 0
240 34 67
0 46 74
212 46 0
0 34 0
0 82 68
240 82 0
240 39 51
0 51 58
374 51 0
0 39 0
0 63 58
0 58 58
0 67 58
353 67 0
0 58 0
0 63 0
0 58 61
0 56 61
0 65 61
353 65 0
0 56 0
0 58 0
0 58 62
0 53 62
0 62 62
353 62 0
0 53 0
0 58 0
0 39 75
120 39 0
0 46 62
113 46 0
0 51 70
120 51 0
0 55 61
120 55 0
0 58 75
120 58 0
0 63 63
120 63 0
0 67 70
120 67 0
0 63 62
120 63 0
0 68 81
106 68 0
0 63 72
240 63 0
0 60 78
240 60 0
0 56 72
240 56 0
0 39 75
28 39 0
0 46 68
120 46 0
0 51 68
120 51 0
0 55 68
120 55 0
0 58 78
240 58 0
0 63 68
240 63 0
0 51 83
169 51 0
0 63 75
240 63 0
0 46 83
120 46 0
0 58 68
240 58 0
0 39 81
7 39 0
0 46 64
120 46 0
0 51 64
120 51 0
0 55 64
120 55 0
0 58 75
120 58 0
0 63 63
120 63 0
0 67 63
120 67 0
0 63 63
120 63 0
0 68 81
155 68 0
0 63 68
240 63 0
0 60 75
240 60 0
0 56 68
240 56 0
0 39 77
56 39 0
0 46 62
120 46 0
0 51 62
120 51 0
0 55 62
120 55 0
0 58 68
240 58 0
0 63 62
240 63 0
0 51 68
156 51 0
0 63 62
240 63 0
0 46 68
141 46 0
0 58 62
240 58 0
0 39 77
56 39 0
0 46 63
120 46 0
0 51 63
120 51 0
0 55 63
120 55 0
0 46 73
120 46 0
0 51 63
120 51 0
0 55 63
120 55 0
0 58 64
120 58 0
0 50 82
14 50 0
0 53 66
120 53 0
0 58 66
120 58 0
0 62 66
120 62 0
0 58 82
120 58 0
0 62 68
120 62 0
0 58 68
120 58 0
0 53 68
120 53 0
0 41 82
183 41 0
0 45 68
120 45 0
0 48 68
120 48 0
0 53 74
120 53 0
0 57 68
120 57 0
0 60 68
120 60 0
0 65 68
120 65 0
0 58 81
0 46 81
343 46 0
0 58 0
0 51 83
0 39 83
360 39 0
0 51 0
0 41 85
0 53 85
132 53 0
0 41 0
0 70 81
120 70 0
0 69 81
120 69 0
0 67 80
120 67 0
0 65 80
120 65 0
0 63 78
120 63 0
0 62 78
120 62 0
0 60 74
17 60 0
0 58 74
120 58 0
0 57 73
120 57 0
0 55 72
120 55 0
0 53 71
120 53 0
0 51 71
120 51 0
0 50 70
120 50 0
0 48 69
120 48 0
0 46 82
160 46 0
0 58 84
0 46 75
480 46 0
0 58 0
0 41 70
0 53 79
480 53 0
0 41 0
0 38 69
0 50 77
480 50 0
0 38 0
0 34 37
0 46 41
353 46 0
0 34 0
240 70 49
240 70 0
0 70 53
381 70 0
0 70 52
480 70 0
0 34 48
0 46 48
311 46 0
0 34 0
240 82 56
240 82 0
0 82 55
868 82 0
0 51 49
11 39 49
402 51 0
11 39 0
229 75 57
240 75 0
0 75 58
374 75 0
0 75 56
480 75 0
0 51 59
0 39 59
396 39 0
0 51 0
240 87 72
240 87 0
0 87 75
854 87 0
0 51 71
0 39 63
347 39 0
0 51 0
0 55 71
0 43 71
230 43 0
0 55 0
4 44 58
30 51 61
30 56 70
480 56 0
0 51 0
0 44 0
0 51 65
0 39 58
400 39 0
0 51 0
0 32 74
0 44 81
320 44 0
0 32 0
0 44 74
0 56 74
70 56 0
0 44 0
0 48 58
30 52 59
30 55 60
30 60 70
320 60 0
0 48 0
0 52 0
0 55 0
0 41 63
0 53 72
293 53 0
0 41 0
0 58 73
0 46 65
325 46 0
0 58 0
0 46 74
0 34 74
9 34 0
0 46 0
0 53 57
30 56 61
30 58 64
30 62 70
282 62 0
0 53 0
0 56 0
0 58 0
0 34 73
0 46 73
480 46 0
0 34 0
0 39 66
20 39 0
0 51 55
80 51 0
0 39 61
80 39 0
0 51 54
80 51 0
0 39 61
80 39 0
0 51 54
80 51 0
0 39 66
80 39 0
0 51 55
80 51 0
0 39 61
80 39 0
0 51 54
80 51 0
0 39 61
80 39 0
0 51 54
80 51 0
0 39 71
20 39 0
0 51 55
80 51 0
0 39 61
80 39 0
0 51 54
80 51 0
0 39 61
80 39 0
0 51 54
80 51 0
0 39 74
27 39 0
0 51 55
80 51 0
0 39 64
80 39 0
0 51 54
80 51 0
0 39 65
80 39 0
0 51 54
80 51 0
0 39 74
20 39 0
0 51 55
80 51 0
0 39 64
80 39 0
0 51 54
80 51 0
0 39 64
80 39 0
0 51 54
80 51 0
0 39 66
80 39 0
0 51 55
80 51 0
0 39 63
80 39 0
0 51 54
80 51 0
0 39 63
80 39 0
0 51 54
80 51 0
0 39 73
34 39 0
0 51 55
80 51 0
0 39 65
80 39 0
0 51 54
80 51 0
0 39 64
80 39 0
0 51 54
80 51 0
0 39 72
6 39 0
0 51 55
80 51 0
0 39 64
80 39 0
0 51 54
80 51 0
0 39 63
80 39 0
0 51 54
80 51 0
0 39 63
25 27 63
933 39 0
27 27 0
453 39 45
0 27 39
360 27 0
0 39 0
0 29 37
0 41 41
120 41 0
0 29 0
0 31 41
0 43 47
480 43 0
0 31 0
0 43 41
0 31 37
480 31 0
0 43 0
0 31 39
0 43 44
480 43 0
0 31 0
0 43 41
0 31 37
480 31 0
0 43 0
0 31 39
0 43 44
99 43 0
0 31 0
0 27 39
0 39 45
360 39 0
0 27 0
0 29 37
0 41 41
120 41 0
0 29 0
0 43 47
0 31 41
480 31 0
0 43 0
0 43 41
0 31 37
480 31 0
0 43 0
0 31 47
0 43 52
480 43 0
0 31 0
0 31 46
0 43 51
480 43 0
0 31 0
0 31 45
109 31 0
0 38 38
160 38 0
0 43 38
160 43 0
0 47 45
160 47 0
0 50 38
160 50 0
0 55 38
160 55 0
0 43 47
160 43 0
0 50 38
160 50 0
0 55 40
160 55 0
0 59 44
160 59 0
0 62 36
160 62 0
0 67 36
160 67 0
0 55 41
160 55 0
0 62 34
160 62 0
0 67 34
160 67 0
0 71 40
160 71 0
0 74 35
160 74 0
0 79 34
160 79 0
0 67 37
160 67 0
0 74 30
160 74 0
0 79 35
160 79 0
74 48 28
0 36 28
120 36 0
0 48 0
0 52 31
120 52 0
0 55 36
120 55 0
0 60 39
120 60 0
0 55 37
120 55 0
0 52 30
120 52 0
0 48 30
60 48 0
0 52 33
120 52 0
0 55 36
120 55 0
0 60 31
120 60 0
0 55 31
120 55 0
0 52 29
30 52 0
39 36 30
0 48 30
120 48 0
0 36 0
0 52 33
120 52 0
0 55 35
120 55 0
0 60 36
120 60 0
0 55 35
120 55 0
0 52 33
120 52 0
0 48 33
78 48 0
0 52 35
120 52 0
0 55 37
120 55 0
0 60 36
120 60 0
0 55 34
120 55 0
0 52 33
5 52 0
53 31 31
0 43 31
120 43 0
0 31 0
0 53 34
120 53 0
0 55 35
120 55 0
0 59 34
120 59 0
0 55 33
120 55 0
0 53 33
120 53 0
0 43 29
120 43 0
0 53 31
120 53 0
0 55 34
120 55 0
0 59 34
120 59 0
0 55 33
120 55 0
0 53 29
2 53 0
67 48 33
0 36 33
120 36 0
0 48 0
0 52 34
120 52 0
0 55 35
120 55 0
0 60 36
120 60 0
0 55 37
120 55 0
0 52 34
120 52 0
0 48 37
120 48 0
0 52 31
120 52 0
0 55 34
120 55 0
0 60 31
120 60 0
0 55 31
120 55 0
0 52 34
19 52 0
28 53 33
0 41 33
120 41 0
0 53 0
0 57 34
120 57 0
0 60 35
120 60 0
0 65 36
120 65 0
0 60 40
120 60 0
0 57 34
120 57 0
0 53 37
120 53 0
0 57 31
120 57 0
0 60 35
120 60 0
0 65 34
120 65 0
0 60 33
11 60 0
0 57 34
30 57 0
67 36 33
0 48 33
120 48 0
0 36 0
0 52 34
120 52 0
0 55 35
120 55 0
0 60 36
120 60 0
0 55 37
120 55 0
0 52 34
120 52 0
0 48 37
120 48 0
0 52 31
120 52 0
0 55 33
120 55 0
0 60 30
120 60 0
0 55 30
120 55 0
0 52 29
30 52 0
50 53 33
0 41 33
120 41 0
0 53 0
0 57 34
120 57 0
0 60 35
120 60 0
0 65 36
120 65 0
0 60 40
120 60 0
0 57 34
120 57 0
0 53 37
120 53 0
0 57 31
120 57 0
0 60 35
120 60 0
0 65 34
120 65 0
0 60 33
120 60 0
0 57 34
5 57 0
53 48 33
0 36 33
120 36 0
0 48 0
0 52 34
120 52 0
0 55 35
120 55 0
0 60 36
120 60 0
0 55 37
120 55 0
0 52 34
120 52 0
0 48 37
120 48 0
0 52 31
120 52 0
0 55 33
120 55 0
0 60 30
120 60 0
0 55 30
120 55 0
0 52 29
30 52 0
39 31 31
0 43 31
120 43 0
0 31 0
0 53 34
120 53 0
0 55 35
120 55 0
0 59 34
120 59 0
0 55 33
120 55 0
0 53 33
120 53 0
0 43 29
120 43 0
0 53 31
120 53 0
0 55 34
120 55 0
0 59 37
120 59 0
0 55 34
120 55 0
0 53 33
30 53 0
49 48 33
0 36 33
120 36 0
0 48 0
0 52 34
120 52 0
0 55 35
120 55 0
0 60 36
120 60 0
0 55 37
120 55 0
0 52 34
120 52 0
0 48 30
120 48 0
0 52 25
120 52 0
0 55 29
120 55 0
0 60 25
120 60 0
0 64 24
70 64 0
0 31 36
0 43 36
120 43 0
0 31 0
0 52 33
120 52 0
0 55 33
120 55 0
0 60 33
120 60 0
0 55 29
12 55 0
0 52 29
30 52 0
80 31 36
0 43 36
120 43 0
0 31 0
0 53 33
120 53 0
0 55 28
120 55 0
0 59 30
120 59 0
0 55 29
120 55 0
0 53 30
120 53 0
0 48 33
0 36 33
24 36 0
0 48 0
0 52 34
120 52 0
0 55 35
120 55 0
0 60 36
120 60 0
0 55 37
120 55 0
0 52 34
120 52 0
0 48 37
120 48 0
0 52 35
120 52 0
0 55 37
120 55 0
0 60 40
120 60 0
0 55 39
120 55 0
0 52 37
30 52 0
46 36 41
0 48 41
120 48 0
0 36 0
0 53 42
120 53 0
0 56 45
120 56 0
0 60 46
120 60 0
0 56 47
120 56 0
0 53 42
120 53 0
0 48 47
120 48 0
0 53 45
120 53 0
0 56 47
120 56 0
0 60 51
120 60 0
0 56 50
120 56 0
0 53 47
120 53 0
0 36 41
0 48 41
56 48 0
0 36 0
0 52 42
120 52 0
0 55 45
120 55 0
0 60 46
120 60 0
0 55 47
120 55 0
0 52 42
120 52 0
0 48 47
120 48 0
0 52 45
120 52 0
0 55 47
120 55 0
0 60 51
120 60 0
0 55 50
120 55 0
0 52 47
9 52 0
63 36 41
0 48 41
120 48 0
0 36 0
0 53 42
120 53 0
0 56 45
120 56 0
0 60 46
120 60 0
0 56 47
120 56 0
0 53 42
120 53 0
0 48 47
120 48 0
0 53 45
120 53 0
0 56 47
120 56 0
0 60 51
120 60 0
0 56 50
120 56 0
0 53 47
120 53 0
0 36 50
0 48 50
43 48 0
0 36 0
0 52 51
120 52 0
0 55 53
120 55 0
0 60 56
120 60 0
0 55 57
120 55 0
0 52 51
120 52 0
0 48 57
120 48 0
0 52 53
120 52 0
0 55 57
120 55 0
0 60 62
120 60 0
0 55 60
120 55 0
0 52 57
120 52 0
0 48 69
0 36 69
664 36 0
0 48 0
30 69 34
0 72 40
534 72 0
0 69 0
0 64 28
0 71 33
613 71 0
0 64 0
0 65 35
0 69 42
534 69 0
0 65 0
0 67 51
0 60 43
694 60 0
0 67 0
0 69 62
0 57 52
640 57 0
0 69 0
0 69 68
0 62 57
640 62 0
0 69 0
0 67 74
0 55 62
213 67 0
0 65 83
480 65 0
0 55 0
0 36 85
1 36 0
0 43 60
40 43 0
0 48 60
40 48 0
0 52 67
40 52 0
0 55 60
40 55 0
0 60 60
40 60 0
240 48 67
40 48 0
0 55 60
40 55 0
0 60 62
40 60 0
0 64 71
40 64 0
0 67 66
40 67 0
0 72 67
40 72 0
240 60 77
40 60 0
0 67 70
40 67 0
0 72 71
40 72 0
0 76 77
40 76 0
0 79 71
40 79 0
0 84 71
40 84 0
240 60 79
40 60 0
0 67 74
40 67 0
0 72 74
40 72 0
0 76 83
40 76 0
0 79 77
40 79 0
0 84 77
40 84 0
240 72 79
0 76 79
0 79 88
960 79 0
0 76 0
0 72 0
0 67 72
0 72 81
0 60 72
960 60 0
0 72 0
0 67 0
0 55 72
0 60 81
0 48 72
960 48 0
0 60 0
0 55 0
0 43 72
0 48 81
0 36 72
960 36 0
0 48 0
0 43 0
0 36 86
0 24 78
1920 24 0
0 36 0
