1200 67 63
230 67 0
10 67 58
0 72 69
360 72 0
0 67 0
0 67 52
0 72 62
120 72 0
0 67 0
0 67 58
0 72 69
480 72 0
0 67 0
240 67 63
230 67 0
10 67 58
0 74 69
360 74 0
0 67 0
0 67 52
0 74 62
120 74 0
0 67 0
0 67 58
0 74 69
480 74 0
0 67 0
240 67 63
230 67 0
10 67 58
0 76 69
240 76 0
0 67 0
0 67 53
0 74 63
240 74 0
0 67 0
0 67 56
0 76 66
240 76 0
0 67 0
0 67 53
0 77 63
240 77 0
0 67 0
0 67 56
0 76 66
240 76 0
0 67 0
0 67 53
0 74 63
240 74 0
0 67 0
0 67 57
0 76 67
960 76 0
0 67 0
480 67 42
0 75 51
240 75 0
0 67 0
0 67 39
0 74 48
240 74 0
0 67 0
0 67 40
0 75 49
240 75 0
0 67 0
0 67 39
0 77 48
240 77 0
0 67 0
0 67 40
0 75 49
240 75 0
0 67 0
0 67 39
0 74 48
240 74 0
0 67 0
0 67 41
0 75 50
480 75 0
0 67 0
480 66 53
0 74 63
480 74 0
0 66 0
0 67 57
0 71 67
240 71 0
0 67 0
0 67 63
240 67 0
0 67 58
0 71 58
0 76 70
720 76 0
0 74 59
240 74 0
0 71 0
0 67 0
0 62 53
0 66 63
0 72 63
360 72 0
0 71 59
120 71 0
0 66 0
0 62 0
0 62 53
0 66 63
0 69 63
480 69 0
0 66 0
0 62 0
240 62 51
240 62 0
0 59 48
0 67 57
360 67 0
0 59 0
0 67 51
120 67 0
0 67 55
240 67 0
0 69 57
240 69 0
0 67 50
0 71 59
240 71 0
0 76 66
240 76 0
0 67 0
0 72 53
0 74 63
360 74 0
0 76 57
120 76 0
0 72 0
0 72 51
0 78 61
480 78 0
0 72 0
240 74 66
240 74 0
0 79 64
0 86 78
360 86 0
0 79 0
0 83 66
120 83 0
0 79 70
480 79 0
240 74 59
240 74 0
0 70 58
0 79 70
360 79 0
0 70 0
0 75 59
120 75 0
0 70 61
480 70 0
240 72 46
240 72 0
0 67 42
0 74 51
360 74 0
0 67 0
0 74 46
120 74 0
0 74 49
240 74 0
0 71 42
0 74 51
240 74 0
0 71 0
0 72 44
0 76 52
240 76 0
0 72 0
0 72 42
0 83 55
240 83 0
0 72 0
0 72 44
0 81 53
480 81 0
0 72 0
0 71 37
0 79 44
240 79 0
0 71 0
0 59 31
0 62 38
240 62 0
0 59 0
0 60 36
0 64 42
240 64 0
0 60 0
0 64 39
0 72 48
240 72 0
0 64 0
0 60 42
0 69 51
1440 69 0
0 60 0
0 59 36
0 67 42
230 67 0
10 59 0
0 67 35
240 67 0
0 79 46
240 79 0
0 67 37
240 67 0
0 79 52
240 79 0
0 67 46
240 67 0
0 79 56
240 79 0
0 67 47
240 67 0
0 79 56
240 79 0
0 67 46
240 67 0
0 79 51
240 79 0
0 67 42
240 67 0
0 79 49
240 79 0
0 67 36
240 67 0
0 79 47
240 79 0
0 67 39
240 67 0
0 79 48
240 79 0
0 67 37
240 67 0
0 79 49
240 79 0
0 67 38
240 67 0
0 79 49
240 79 0
0 67 40
240 67 0
0 79 48
240 79 0
0 67 37
240 67 0
0 79 55
240 79 0
0 67 42
240 67 0
0 79 58
240 79 0
0 67 48
240 67 0
0 79 58
240 79 0
0 67 51
240 67 0
0 79 62
240 79 0
0 67 50
240 67 0
0 79 60
240 79 0
0 67 48
240 67 0
0 79 58
240 79 0
0 67 47
240 67 0
0 82 62
240 82 0
0 70 53
240 70 0
0 82 69
240 82 0
0 70 60
240 70 0
0 82 69
240 82 0
0 70 62
240 70 0
0 86 62
240 86 0
0 74 53
240 74 0
0 86 69
240 86 0
0 74 60
240 74 0
0 83 69
240 83 0
0 74 62
240 74 0
0 82 62
240 82 0
0 70 53
240 70 0
0 82 69
240 82 0
0 70 60
240 70 0
0 82 69
240 82 0
0 70 62
240 70 0
0 86 62
240 86 0
0 74 53
240 74 0
0 86 69
240 86 0
0 74 60
240 74 0
0 83 69
240 83 0
0 74 62
240 74 0
0 69 55
240 69 0
0 76 59
240 76 0
0 71 53
0 79 63
240 79 0
0 71 0
0 67 57
240 67 0
0 74 60
0 71 51
240 71 0
0 74 0
0 67 55
240 67 0
0 69 55
240 69 0
0 76 59
240 76 0
0 71 53
0 79 63
240 79 0
0 71 0
0 67 57
240 67 0
0 74 60
0 71 51
240 71 0
0 74 0
0 67 55
240 67 0
0 72 40
0 79 49
240 79 0
0 72 0
0 69 38
240 69 0
0 67 35
0 72 41
240 72 0
0 67 0
0 69 31
240 69 0
0 67 49
0 76 49
240 76 0
0 67 0
0 69 41
240 69 0
0 67 55
0 76 55
240 67 0
0 69 44
240 69 0
0 67 41
240 67 0
0 69 39
240 69 0
0 76 0
0 66 34
0 74 40
240 66 0
0 69 36
240 69 0
0 74 0
0 66 38
0 74 46
240 74 0
0 66 0
0 69 39
240 69 0
0 67 38
0 76 47
240 76 0
0 67 0
0 73 40
240 73 0
0 66 38
0 74 47
240 74 0
0 66 0
0 69 38
240 69 0
0 67 39
0 76 48
240 76 0
0 67 0
0 73 39
240 73 0
0 66 39
0 74 48
240 74 0
0 66 0
0 69 42
240 69 0
0 67 44
0 76 52
240 76 0
0 67 0
0 73 48
240 73 0
0 66 42
0 74 51
240 74 0
0 66 0
0 69 42
240 69 0
0 67 46
0 76 55
240 76 0
0 67 0
0 73 46
240 73 0
0 66 47
0 74 55
240 74 0
0 66 0
0 69 49
240 69 0
0 66 50
0 74 61
240 74 0
0 66 0
0 69 39
240 69 0
480 62 55
480 62 0
0 59 51
0 67 61
360 67 0
0 59 0
0 59 47
0 67 56
120 67 0
0 59 0
0 59 51
0 67 61
480 67 0
0 59 0
240 62 49
0 66 49
0 69 57
230 62 0
10 69 0
0 66 0
0 62 51
0 67 51
0 71 61
360 71 0
0 67 0
0 62 0
0 62 47
0 67 47
0 71 56
120 71 0
0 67 0
0 62 0
0 62 51
0 67 51
0 71 61
480 71 0
0 67 0
0 62 0
240 71 51
240 71 0
0 64 48
0 69 57
240 69 0
0 71 58
240 71 0
0 64 0
0 64 48
0 69 48
0 72 57
480 72 0
0 69 0
0 64 0
0 60 42
0 66 51
480 66 0
0 60 0
0 60 46
0 66 46
0 69 55
480 69 0
0 66 0
0 60 0
0 59 39
0 67 48
480 67 0
0 59 0
240 71 42
0 74 51
216 74 0
0 71 0
24 71 48
0 74 57
240 74 0
0 71 0
0 67 41
0 71 50
240 71 0
0 67 0
0 72 50
0 76 59
720 76 0
0 72 0
0 71 40
0 74 49
216 74 0
0 71 0
24 66 46
0 71 46
0 74 55
240 74 0
0 71 0
0 66 0
0 69 40
0 72 49
216 72 0
0 69 0
24 69 40
0 72 49
480 72 0
0 69 0
240 69 42
0 72 51
216 72 0
0 69 0
24 69 48
0 72 57
240 72 0
0 69 0
0 66 41
0 69 50
240 69 0
0 66 0
0 71 50
0 74 59
720 74 0
0 71 0
0 69 40
0 72 49
216 72 0
0 69 0
24 69 46
0 72 55
240 72 0
0 69 0
0 67 40
0 71 49
216 71 0
0 67 0
24 67 40
0 71 49
480 71 0
0 67 0
240 62 56
240 62 0
0 59 51
0 67 61
360 67 0
0 59 0
0 59 47
0 67 56
120 67 0
0 59 0
0 59 51
0 67 61
480 67 0
0 59 0
240 62 49
0 66 49
0 69 57
216 69 0
0 66 0
0 62 0
24 62 51
0 67 51
0 71 61
360 71 0
0 67 0
0 62 0
0 62 47
0 67 47
0 71 56
120 71 0
0 67 0
0 62 0
0 62 51
0 67 51
0 71 61
480 71 0
0 67 0
0 62 0
240 71 51
240 71 0
0 64 48
0 69 57
240 69 0
0 68 48
0 71 58
240 71 0
0 68 0
0 64 0
0 64 48
0 69 48
0 72 57
480 72 0
0 69 0
0 64 0
0 60 42
0 66 51
480 66 0
0 60 0
0 60 46
0 66 46
0 69 55
480 69 0
0 66 0
0 60 0
0 59 39
0 67 48
480 67 0
0 59 0
240 71 42
0 74 51
216 74 0
0 71 0
24 71 48
0 74 57
240 74 0
0 71 0
0 71 50
240 71 0
0 72 50
0 76 59
240 76 0
0 72 0
0 79 59
240 79 0
0 72 50
0 76 59
240 76 0
0 72 0
0 71 40
0 74 49
240 74 0
0 71 0
0 71 46
0 74 55
240 74 0
0 71 0
0 72 49
216 72 0
24 69 40
0 72 49
480 72 0
0 69 0
240 72 50
216 72 0
24 69 48
0 72 57
720 72 0
0 69 0
0 72 50
0 76 50
240 76 0
0 72 0
0 71 50
0 74 50
240 74 0
0 71 0
0 69 40
0 72 49
216 72 0
0 69 0
24 69 46
0 72 55
240 72 0
0 69 0
0 71 49
240 71 0
0 67 40
0 71 49
240 67 0
0 69 46
240 69 0
0 71 0
0 67 51
240 67 0
0 67 55
0 65 55
240 65 0
0 67 0
0 64 51
0 72 61
360 72 0
0 64 0
0 64 47
0 72 56
108 72 0
0 64 0
12 64 51
0 72 61
480 72 0
0 64 0
240 67 64
240 67 0
0 67 58
0 76 71
360 76 0
0 67 0
0 67 53
0 76 63
108 76 0
0 67 0
12 67 58
0 76 71
480 76 0
0 67 0
240 76 62
240 76 0
0 67 58
0 71 58
0 74 70
480 74 0
0 71 0
0 67 0
240 64 51
240 64 0
0 60 44
0 66 52
240 66 0
0 60 0
0 71 49
240 71 0
0 59 37
0 67 44
960 67 0
0 59 0
480 66 49
0 74 49
0 72 49
960 72 0
0 74 0
0 72 44
0 76 44
480 76 0
0 72 0
0 66 0
0 67 49
0 71 49
0 74 49
720 74 0
0 71 0
0 67 0
0 69 44
0 72 44
240 72 0
0 69 0
0 67 44
0 71 44
480 71 0
0 67 0
0 62 49
0 60 49
960 60 0
0 62 0
0 60 44
0 62 44
470 62 0
10 60 0
0 59 50
0 62 50
0 67 50
960 67 0
0 62 0
0 59 0
480 59 47
0 62 47
0 67 47
960 67 0
0 62 0
0 59 0
0 57 37
0 60 37
0 64 37
480 64 0
0 60 0
0 57 0
0 59 42
0 62 42
0 67 42
960 67 0
0 62 0
0 59 0
0 57 37
0 60 37
0 64 37
480 64 0
0 60 0
0 57 0
0 59 44
0 62 44
0 67 44
1920 67 0
0 62 0
0 59 0
960 59 33
0 62 39
0 67 33
720 62 0
0 59 0
0 60 28
0 64 34
240 64 0
0 60 0
0 59 33
0 62 39
480 62 0
0 59 0
0 60 30
0 64 37
480 64 0
0 60 0
0 67 0
0 71 33
0 62 33
0 65 39
720 65 0
0 62 0
0 64 28
0 67 34
240 67 0
0 64 0
0 62 28
0 65 34
960 65 0
0 62 0
0 71 0
0 60 35
0 64 42
0 69 35
720 64 0
0 60 0
0 62 30
0 65 37
240 65 0
0 62 0
0 60 35
0 64 42
480 64 0
0 60 0
0 62 34
0 65 40
480 65 0
0 62 0
0 69 0
0 72 35
0 64 35
0 67 42
720 67 0
0 64 0
0 65 30
0 69 37
240 69 0
0 65 0
0 64 34
0 67 40
960 67 0
0 64 0
0 72 0
0 62 39
0 65 47
0 71 39
720 65 0
0 62 0
0 64 35
0 67 44
240 67 0
0 64 0
0 62 39
0 65 48
480 65 0
0 62 0
0 71 0
0 72 49
0 64 40
0 67 40
480 67 0
0 64 0
0 72 0
0 65 45
0 69 53
0 74 45
720 69 0
0 65 0
0 67 39
0 71 48
240 71 0
0 67 0
0 65 46
0 69 55
480 69 0
0 65 0
0 74 0
0 76 59
0 67 49
0 71 49
480 71 0
0 67 0
0 76 0
0 69 58
0 72 58
0 77 69
480 77 0
0 72 0
0 69 0
0 77 71
240 77 0
0 76 71
240 76 0
0 74 70
240 74 0
0 72 69
240 72 0
0 71 69
240 71 0
0 69 67
240 69 0
0 65 67
0 69 67
960 69 0
0 67 62
480 67 0
0 65 0
480 72 66
0 76 66
0 79 78
960 79 0
0 76 0
0 72 0
0 72 66
0 77 66
0 81 78
960 81 0
0 77 0
0 72 0
0 72 67
0 76 67
0 79 79
720 79 0
0 76 0
0 72 0
0 74 60
0 77 70
240 77 0
0 74 0
0 72 63
0 76 75
480 76 0
0 72 0
0 74 61
0 77 72
480 77 0
0 74 0
0 72 66
0 76 66
0 79 78
960 79 0
0 76 0
0 72 0
0 72 66
0 77 66
0 81 78
960 81 0
0 77 0
0 72 0
0 72 67
0 76 67
0 79 79
720 79 0
0 76 0
0 72 0
0 74 60
0 77 70
240 77 0
0 74 0
0 72 63
0 76 75
480 76 0
0 72 0
0 74 61
0 77 72
480 77 0
0 74 0
0 72 66
0 76 66
0 79 78
960 79 0
0 76 0
0 72 0
0 74 72
0 79 85
960 79 0
0 74 0
0 74 69
0 78 69
0 81 82
960 81 0
0 78 0
0 74 0
0 79 69
0 74 69
0 83 82
480 83 0
0 74 0
0 79 0
0 81 68
0 76 68
0 84 80
480 84 0
0 76 0
0 81 0
0 74 75
0 79 75
0 83 89
960 83 0
0 79 0
0 74 0
0 79 74
0 81 81
0 74 66
480 74 0
0 79 0
0 72 66
0 78 66
480 78 0
0 72 0
0 81 0
0 71 67
0 74 67
0 79 78
1440 79 0
0 74 0
0 71 0
480 67 51
240 67 0
0 79 44
240 79 0
0 67 51
240 67 0
0 79 46
240 79 0
0 67 50
240 67 0
0 79 45
240 79 0
0 67 50
240 67 0
0 79 47
240 79 0
0 67 53
240 67 0
0 79 47
240 79 0
0 67 53
240 67 0
0 79 48
240 79 0
0 67 53
240 67 0
0 79 48
240 79 0
0 67 53
240 67 0
0 79 49
240 79 0
0 67 57
240 67 0
0 79 48
240 79 0
0 67 57
240 67 0
0 79 49
240 79 0
0 67 56
240 67 0
0 79 49
240 79 0
0 67 56
240 67 0
0 79 50
240 79 0
0 72 59
240 72 0
0 79 50
240 79 0
0 72 59
240 72 0
0 84 51
240 84 0
0 72 59
240 72 0
0 79 51
240 79 0
0 72 59
240 72 0
0 84 53
240 84 0
0 76 62
0 84 88
240 76 0
0 78 65
240 78 0
0 84 0
0 79 62
0 83 81
240 79 0
0 76 66
240 76 0
0 83 0
0 72 72
0 81 84
240 72 0
0 74 68
240 74 0
0 81 0
0 76 72
0 79 79
240 76 0
0 72 65
240 72 0
0 79 0
0 69 69
0 72 81
240 69 0
0 65 63
240 65 0
0 72 0
0 69 72
240 65 60
240 65 0
0 69 0
0 67 79
240 64 66
240 64 0
0 67 0
0 65 78
240 62 63
240 62 0
0 65 0
0 60 81
0 64 81
960 64 0
0 60 0
0 60 48
0 62 72
480 60 0
0 59 48
480 59 0
0 62 0
0 60 67
480 60 0
720 64 41
240 64 0
0 67 45
240 67 0
0 72 49
240 72 0
0 71 44
0 74 53
720 74 0
0 71 0
0 72 41
0 76 50
240 76 0
0 72 0
0 71 44
0 74 53
480 74 0
0 71 0
0 72 42
0 76 52
480 76 0
0 72 0
0 74 46
0 77 55
720 77 0
0 74 0
0 79 53
0 76 44
240 76 0
0 79 0
0 74 46
0 77 55
960 77 0
0 74 0
0 72 49
0 76 58
720 76 0
0 72 0
0 74 44
0 77 53
240 77 0
0 74 0
0 72 49
0 76 58
480 76 0
0 72 0
0 72 48
0 77 56
480 77 0
0 72 0
0 72 51
0 79 61
720 79 0
0 72 0
0 81 60
240 81 0
0 71 55
0 79 64
960 79 0
0 71 0
0 76 62
0 84 88
480 84 0
0 83 79
480 83 0
0 76 0
0 77 72
0 81 84
480 81 0
0 83 79
480 83 0
0 77 0
0 76 69
0 84 81
480 84 0
0 79 78
480 79 0
0 76 0
0 69 62
0 74 62
0 79 79
480 79 0
0 77 78
480 77 0
0 74 0
0 69 0
0 67 64
0 72 64
0 76 77
960 76 0
0 72 0
0 67 0
0 65 61
0 74 61
7 72 61
459 71 55
21 72 0
459 71 0
14 74 0
0 65 0
0 64 48
0 67 48
0 72 48
960 67 0
0 64 0
0 64 38
0 67 38
960 67 0
0 64 0
0 72 0
0 62 38
0 67 38
0 71 38
960 71 0
0 67 0
0 62 0
0 60 38
0 65 38
0 69 38
960 69 0
0 65 0
0 60 0
0 62 38
0 67 38
0 71 38
960 71 0
0 67 0
0 62 0
0 64 38
0 67 38
960 67 0
0 64 0
0 65 41
0 69 41
0 72 41
960 72 0
0 69 0
0 65 0
0 65 50
0 71 50
0 74 50
960 74 0
0 71 0
0 65 0
0 72 60
0 76 60
0 79 60
1440 79 0
0 76 0
0 72 0
0 74 60
0 65 60
0 69 60
0 72 60
480 72 0
0 74 0
0 65 0
0 69 0
0 72 70
0 76 70
0 79 70
1440 79 0
0 76 0
0 72 0
0 65 59
0 69 59
0 72 59
0 74 59
480 74 0
0 65 0
0 69 0
0 72 0
0 72 67
0 76 67
0 79 67
1440 79 0
0 76 0
0 72 0
0 65 48
0 69 48
0 72 48
0 74 48
480 74 0
0 65 0
0 69 0
0 72 0
0 72 53
0 76 53
0 79 53
480 79 0
0 76 0
0 72 0
720 52 30
240 52 0
0 55 31
240 55 0
0 60 34
240 60 0
0 64 35
240 64 0
960 84 34
240 84 0
0 88 36
240 88 0
0 91 38
240 91 0
0 88 39
0 91 39
0 96 39
1440 96 0
0 91 0
0 88 0
480 64 30
0 67 30
0 72 36
951 72 0
0 67 0
0 64 0
9 64 30
0 67 30
0 72 36
951 72 0
0 67 0
0 64 0
9 64 30
0 67 30
0 72 36
1440 72 0
0 67 0
0 64 0
480 67 29
0 72 29
0 76 35
1440 76 0
0 72 0
0 67 0
480 52 29
0 55 29
0 60 35
1440 60 0
0 55 0
0 52 0
1440 64 58
0 60 49
360 60 0
0 64 0
0 60 44
0 64 52
120 64 0
0 60 0
0 64 58
0 60 49
480 60 0
0 64 0
480 65 58
0 59 49
360 59 0
0 65 0
0 59 44
0 65 52
120 65 0
0 59 0
0 65 58
0 59 49
480 59 0
0 65 0
480 64 60
0 60 51
240 60 0
0 64 0
0 62 55
0 59 46
240 59 0
0 62 0
0 60 50
0 64 59
240 64 0
0 60 0
0 65 52
0 62 44
240 62 0
0 65 0
0 64 52
0 60 44
240 60 0
0 64 0
0 62 52
0 59 44
240 59 0
0 62 0
0 64 57
0 60 48
960 60 0
0 64 0
480 63 44
0 60 37
240 60 0
0 63 0
0 62 40
0 59 34
240 59 0
0 62 0
0 60 37
0 63 44
240 63 0
0 60 0
0 65 38
0 62 31
240 62 0
0 65 0
0 63 38
0 60 31
240 60 0
0 63 0
0 62 38
0 59 31
240 59 0
0 62 0
0 63 41
0 60 35
480 60 0
0 63 0
480 50 35
0 57 35
0 60 41
480 60 0
0 57 0
0 50 0
0 38 48
480 38 0
120 50 42
120 50 0
0 55 47
120 55 0
0 59 49
120 59 0
0 62 51
480 62 0
0 50 41
0 57 50
480 57 0
0 50 0
0 60 48
360 60 0
0 59 44
120 59 0
0 57 44
240 57 0
240 43 38
0 50 38
0 55 46
480 55 0
0 50 0
0 43 0
0 59 48
240 59 0
0 62 41
240 62 0
0 55 46
240 55 0
0 61 51
240 61 0
0 66 52
0 62 44
480 62 0
0 66 0
0 62 42
0 66 51
360 66 0
0 67 46
120 67 0
0 69 53
240 69 0
0 62 0
240 67 44
0 71 52
480 71 0
0 67 0
0 67 49
0 71 49
0 74 58
360 74 0
0 71 0
0 67 0
0 71 46
120 71 0
0 67 56
240 67 0
240 63 38
0 67 47
480 67 0
0 63 0
0 63 42
0 67 51
360 67 0
0 63 0
0 63 40
120 63 0
0 58 50
240 58 0
240 50 34
0 55 34
0 59 40
480 59 0
0 55 0
0 50 0
240 62 31
0 67 37
240 67 0
0 62 0
0 62 34
0 67 40
240 67 0
0 62 0
0 62 38
0 64 46
240 64 0
0 62 0
0 66 46
0 62 38
480 62 0
0 66 0
0 67 37
240 67 0
0 55 30
240 55 0
0 48 29
0 55 35
240 55 0
0 48 0
0 45 31
0 55 38
240 55 0
0 45 0
0 55 42
0 50 36
480 55 0
0 54 34
240 54 0
0 52 30
240 52 0
0 54 36
480 54 0
0 50 0
0 43 34
0 55 40
480 55 0
0 43 0
1920 55 40
480 55 0
0 53 38
0 62 47
360 62 0
0 53 0
0 53 31
0 62 38
120 62 0
0 53 0
0 53 38
0 62 46
480 62 0
0 53 0
0 43 60
240 43 0
0 59 41
240 59 0
0 52 38
0 60 47
360 60 0
0 52 0
0 52 31
0 60 38
120 60 0
0 52 0
0 52 38
0 60 46
480 60 0
0 52 0
0 43 63
240 43 0
0 57 48
240 57 0
0 50 38
0 59 46
240 59 0
0 50 0
0 52 38
0 60 46
240 60 0
0 52 0
0 53 44
0 62 52
480 62 0
0 53 0
0 52 42
0 60 51
240 60 0
0 52 0
0 53 46
0 62 55
240 62 0
0 53 0
0 55 51
0 64 60
480 64 0
0 55 0
0 52 44
0 60 52
480 60 0
0 52 0
0 48 50
480 48 0
0 55 52
0 63 62
360 63 0
0 55 0
0 58 49
0 65 58
120 65 0
0 58 0
0 63 55
0 67 64
480 67 0
0 63 0
0 51 60
460 51 0
20 59 52
0 67 62
360 67 0
0 59 0
0 62 49
0 69 58
120 69 0
0 62 0
0 67 55
0 71 64
480 71 0
0 67 0
0 43 60
460 43 0
20 55 52
0 63 62
360 63 0
0 55 0
0 58 49
0 65 58
120 65 0
0 58 0
0 63 55
0 67 64
480 67 0
0 63 0
0 51 60
460 51 0
20 59 52
0 67 62
360 67 0
0 59 0
0 62 49
0 69 58
120 69 0
0 62 0
0 67 55
0 71 64
480 71 0
0 67 0
0 43 60
460 43 0
20 55 52
0 60 52
0 64 62
360 64 0
0 60 0
0 55 0
0 60 58
120 60 0
0 55 55
0 62 64
480 62 0
0 55 0
0 43 58
480 43 0
0 55 52
0 60 52
0 64 62
360 64 0
0 60 0
0 55 0
0 60 58
120 60 0
0 55 55
0 62 64
480 62 0
0 55 0
0 43 58
480 43 0
0 43 44
240 43 0
0 48 40
240 48 0
0 50 44
240 50 0
0 55 48
240 55 0
0 60 51
240 60 0
0 64 55
240 64 0
0 50 50
0 57 50
0 60 59
960 60 0
0 57 0
0 50 0
0 38 41
480 38 0
0 50 33
0 57 33
0 60 39
480 60 0
0 57 0
0 50 0
0 38 41
480 38 0
0 50 33
0 60 39
0 57 33
480 57 0
0 60 0
0 50 0
0 38 41
480 38 0
0 50 38
0 60 46
0 57 38
480 57 0
0 60 0
0 50 0
0 38 50
480 38 0
0 50 42
0 57 42
0 60 51
1440 60 0
0 57 0
0 50 0
0 38 56
480 38 0
0 50 48
240 50 0
0 48 41
240 48 0
0 47 47
240 47 0
0 45 49
240 45 0
0 50 51
0 43 42
360 43 0
0 50 0
0 43 39
0 50 47
120 50 0
0 43 0
0 50 51
0 43 42
480 43 0
0 50 0
240 50 49
230 50 0
17 50 51
0 43 42
353 43 39
0 50 47
7 43 0
0 50 0
113 43 0
0 50 0
0 43 42
0 50 51
480 50 0
0 43 0
480 48 50
240 48 0
0 47 47
240 47 0
0 45 52
480 45 0
0 50 47
480 50 0
0 43 55
480 43 0
0 55 48
480 55 0
480 43 46
240 43 0
0 50 31
240 50 0
0 55 41
240 55 0
0 50 31
240 50 0
0 55 41
240 55 0
0 50 31
240 50 0
0 38 42
240 38 0
0 50 30
240 50 0
0 54 38
240 54 0
0 50 31
240 50 0
0 54 39
240 54 0
0 50 33
240 50 0
0 38 46
240 38 0
0 50 31
240 50 0
0 54 41
240 54 0
0 50 31
240 50 0
0 54 41
240 54 0
0 50 31
240 50 0
14 43 42
226 50 30
14 43 0
226 50 0
0 55 38
240 55 0
0 50 31
240 50 0
14 55 38
240 55 0
226 50 51
0 43 42
360 43 0
0 50 0
0 43 39
0 50 47
120 50 0
0 43 0
0 50 51
0 43 42
480 43 0
0 50 0
240 50 49
216 50 0
31 50 51
0 43 42
353 43 39
0 50 47
7 43 0
0 50 0
113 43 0
0 50 0
0 43 42
0 50 51
480 50 0
0 43 0
240 52 49
240 52 0
0 48 50
240 48 0
0 47 47
240 47 0
0 45 52
480 45 0
0 50 47
480 50 0
0 43 55
480 43 0
0 55 48
480 55 0
240 67 42
216 67 0
24 67 46
480 67 0
0 67 41
720 67 0
0 68 46
240 68 0
0 69 51
240 69 0
240 57 38
240 57 0
0 64 34
240 64 0
0 69 39
240 69 0
0 67 35
240 67 0
0 66 46
240 66 0
0 64 38
240 64 0
0 62 41
480 62 0
0 64 41
240 64 0
0 66 40
240 66 0
0 67 42
240 67 0
240 55 47
240 55 0
0 65 40
240 65 0
0 64 46
240 64 0
0 62 51
240 62 0
0 60 51
480 60 0
0 48 51
0 55 60
360 55 0
0 48 0
0 48 47
0 55 56
108 55 0
0 48 0
12 48 51
0 55 60
240 55 0
0 48 0
240 49 52
0 58 58
480 58 0
0 49 0
0 49 58
0 58 70
360 58 0
0 49 0
0 49 55
0 58 63
108 58 0
0 49 0
12 49 58
0 58 70
240 58 0
0 49 0
240 50 50
240 50 0
0 55 47
120 55 0
0 59 51
120 59 0
0 62 56
240 62 0
240 38 38
0 50 47
480 50 0
0 38 0
0 43 42
240 43 0
0 50 36
240 50 0
0 55 39
240 55 0
0 50 36
240 50 0
0 55 39
240 55 0
0 50 36
240 50 0
0 43 44
240 43 0
0 50 36
240 50 0
0 54 39
240 54 0
0 50 36
240 50 0
0 54 41
240 54 0
0 50 36
240 50 0
0 43 44
240 43 0
0 50 35
240 50 0
0 55 39
240 55 0
0 50 35
240 50 0
0 55 35
240 55 0
0 50 35
240 50 0
0 43 44
240 43 0
0 50 38
240 50 0
0 54 41
240 54 0
0 50 38
240 50 0
0 54 42
240 54 0
0 50 38
240 50 0
0 43 44
240 43 0
0 50 34
240 50 0
0 55 41
240 55 0
0 50 34
240 50 0
0 55 34
240 55 0
0 50 34
240 50 0
0 43 44
240 43 0
0 50 35
240 50 0
0 55 44
240 55 0
0 50 34
240 50 0
0 55 34
240 55 0
0 50 34
240 50 0
0 43 44
240 43 0
0 50 36
240 50 0
0 55 42
240 55 0
0 50 33
240 50 0
0 55 37
240 55 0
0 50 31
240 50 0
0 43 44
240 43 0
0 50 34
240 50 0
0 55 39
240 55 0
0 50 36
240 50 0
0 55 39
240 55 0
0 50 34
240 50 0
0 43 38
480 43 0
960 43 37
240 43 0
0 55 29
240 55 0
0 43 29
240 43 0
0 55 29
240 55 0
0 43 37
240 43 0
0 55 29
240 55 0
0 43 29
240 43 0
0 55 29
240 55 0
0 43 37
240 43 0
0 55 29
240 55 0
0 43 29
240 43 0
0 55 29
240 55 0
0 43 36
240 43 0
0 55 29
240 55 0
0 43 29
240 43 0
0 55 29
240 55 0
0 43 40
240 43 0
0 55 30
240 55 0
0 43 30
240 43 0
0 55 30
240 55 0
0 43 40
240 43 0
0 55 33
240 55 0
0 43 33
240 43 0
0 55 33
240 55 0
0 43 40
240 43 0
0 55 30
240 55 0
0 43 30
240 43 0
0 55 30
240 55 0
0 43 39
240 43 0
0 55 30
240 55 0
0 43 30
240 43 0
0 55 30
240 55 0
0 43 46
240 43 0
0 55 36
240 55 0
0 43 36
240 43 0
0 55 36
240 55 0
0 43 46
240 43 0
0 55 38
240 55 0
0 43 38
240 43 0
0 55 38
240 55 0
0 43 48
240 43 0
0 55 37
240 55 0
0 43 37
240 43 0
0 55 37
240 55 0
0 43 50
240 43 0
0 55 41
240 55 0
0 43 41
240 43 0
0 55 41
240 55 0
0 43 57
480 43 0
0 69 59
240 69 0
0 67 59
240 67 0
0 65 59
240 65 0
0 64 58
240 64 0
0 62 58
240 62 0
0 60 57
240 60 0
0 60 57
480 60 0
0 55 52
480 55 0
0 59 59
480 59 0
480 60 53
0 64 53
0 67 63
480 67 0
0 64 0
0 60 0
0 36 79
480 36 0
0 60 53
0 65 53
0 69 53
480 69 0
0 65 0
0 60 0
0 41 79
480 41 0
0 60 60
0 64 60
0 67 70
480 67 0
0 64 0
0 60 0
0 36 78
240 36 0
0 62 55
0 65 66
240 65 0
0 62 0
0 60 60
0 64 70
480 64 0
0 60 0
0 62 55
0 65 66
480 65 0
0 62 0
0 60 53
0 64 53
0 67 63
480 67 0
0 64 0
0 60 0
0 36 75
480 36 0
0 60 53
0 65 53
0 69 53
480 69 0
0 65 0
0 60 0
0 41 79
480 41 0
0 60 60
0 64 60
0 67 70
480 67 0
0 64 0
0 60 0
0 36 77
240 36 0
0 62 55
0 65 66
240 65 0
0 62 0
0 60 60
0 64 70
480 64 0
0 60 0
0 62 55
0 65 66
480 65 0
0 62 0
0 60 53
0 64 53
0 67 63
480 67 0
0 64 0
0 60 0
0 36 76
480 36 0
0 59 53
0 62 53
0 67 53
480 67 0
0 62 0
0 59 0
0 31 79
480 31 0
0 62 62
0 66 62
0 69 73
480 69 0
0 66 0
0 62 0
0 38 80
480 38 0
0 62 66
0 67 66
0 71 77
480 71 0
0 67 0
0 62 0
0 64 61
0 69 61
0 72 73
480 72 0
0 69 0
0 64 0
0 62 61
0 67 61
0 71 72
480 71 0
0 67 0
0 62 0
0 38 82
480 38 0
0 62 53
0 69 53
480 69 0
0 62 0
0 38 72
480 38 0
0 59 53
0 62 53
0 67 63
480 67 0
0 62 0
0 59 0
0 43 58
480 43 0
0 31 63
480 31 0
480 55 45
0 59 45
0 62 53
480 62 0
0 59 0
0 55 0
0 43 53
240 43 0
0 60 40
0 64 49
240 64 0
0 60 0
0 59 45
0 62 53
480 62 0
0 59 0
0 60 44
0 64 51
480 64 0
0 60 0
0 55 47
0 62 47
0 65 56
720 65 0
0 62 0
0 55 0
0 67 53
0 64 45
240 64 0
0 67 0
0 62 47
0 65 56
960 65 0
0 62 0
0 55 49
0 60 49
0 64 59
480 64 0
0 60 0
0 55 0
0 48 59
240 48 0
0 62 45
0 65 55
240 65 0
0 62 0
0 60 49
0 64 59
480 64 0
0 60 0
0 62 48
0 65 57
480 65 0
0 62 0
0 60 50
0 64 50
0 67 60
720 67 0
0 64 0
0 60 0
0 69 59
0 65 49
240 65 0
0 69 0
0 64 50
0 67 60
960 67 0
0 64 0
0 69 58
0 72 69
480 72 0
0 69 0
0 64 53
0 71 64
480 71 0
0 64 0
0 65 56
0 69 67
480 69 0
0 65 0
0 60 52
0 67 62
480 67 0
0 60 0
0 53 53
0 60 64
960 60 0
0 53 0
0 49 53
0 58 63
480 58 0
0 49 0
0 50 49
0 57 58
480 57 0
0 50 0
0 43 50
240 43 0
0 55 37
240 55 0
0 43 48
240 43 0
0 55 41
240 55 0
0 43 37
240 43 0
0 55 30
240 55 0
0 43 37
240 43 0
0 55 29
240 55 0
0 48 38
0 52 38
240 52 0
0 48 0
0 48 42
240 48 0
0 52 45
240 52 0
0 55 48
240 55 0
0 60 50
240 60 0
720 67 48
480 67 0
0 67 48
960 67 0
0 67 41
960 67 0
0 67 42
960 67 0
0 68 48
480 68 0
0 69 48
480 69 0
0 69 44
480 69 0
0 67 44
480 67 0
0 65 48
0 69 48
480 69 0
0 65 0
0 64 48
0 67 48
480 67 0
0 64 0
0 63 46
0 66 46
480 66 0
0 63 0
0 62 47
0 65 47
480 65 0
0 62 0
0 67 49
480 67 0
0 60 58
0 67 69
960 67 0
0 60 0
0 53 56
0 60 67
960 60 0
0 53 0
0 48 53
0 55 53
0 60 64
960 60 0
0 55 0
0 48 0
0 41 53
0 53 63
960 53 0
0 41 0
0 55 46
0 43 37
960 43 0
0 55 0
0 43 39
0 55 39
960 55 0
0 43 0
0 36 36
240 36 0
0 48 29
240 48 0
0 36 30
240 36 0
0 48 30
240 48 0
0 36 28
240 36 0
0 48 28
240 48 0
0 36 28
240 36 0
0 48 28
240 48 0
0 36 34
240 36 0
0 48 29
240 48 0
0 36 29
240 36 0
0 48 29
240 48 0
0 36 29
240 36 0
0 48 29
240 48 0
0 36 29
240 36 0
0 48 29
240 48 0
0 36 33
240 36 0
0 48 28
240 48 0
0 36 28
240 36 0
0 48 28
240 48 0
0 36 28
240 36 0
0 48 28
240 48 0
0 36 28
240 36 0
0 48 28
240 48 0
0 36 34
240 36 0
0 48 34
240 48 0
0 36 35
240 36 0
0 48 36
240 48 0
0 36 37
240 36 0
0 48 37
240 48 0
0 36 38
240 36 0
0 48 39
240 48 0
0 36 40
240 36 0
0 48 40
240 48 0
0 36 41
240 36 0
0 48 42
240 48 0
0 36 44
240 36 0
0 48 46
240 48 0
0 36 47
240 36 0
0 48 48
240 48 0
0 36 49
240 36 0
0 48 42
240 48 0
0 36 42
240 36 0
0 48 42
240 48 0
0 36 42
240 36 0
0 48 42
240 48 0
0 36 35
240 36 0
0 48 35
240 48 0
0 36 42
240 36 0
0 48 35
240 48 0
0 36 34
240 36 0
0 48 33
240 48 0
0 36 31
240 36 0
0 48 30
240 48 0
0 36 29
240 36 0
0 48 29
240 48 0
0 36 29
228 36 0
12 36 28
240 36 0
0 40 29
240 40 0
0 43 30
240 43 0
0 48 31
240 48 0
960 67 31
240 67 0
0 72 33
240 72 0
0 76 34
240 76 0
0 79 35
240 79 0
720 72 34
0 79 34
1440 79 0
0 72 0
480 48 24
0 55 28
951 55 0
0 48 0
9 48 24
0 55 28
951 55 0
0 48 0
9 48 24
0 55 28
1440 55 0
0 48 0
480 48 24
0 55 28
1440 55 0
0 48 0
480 36 28
1440 36 0
