1200 71 39
0 59 31
0 67 31
240 67 0
0 59 0
0 71 0
0 72 33
90 72 0
390 79 40
0 71 32
0 76 32
240 76 0
0 71 0
0 79 0
0 70 33
90 70 0
390 71 39
0 59 31
0 67 31
240 67 0
0 59 0
0 71 0
0 72 33
90 72 0
390 79 40
0 71 32
0 76 32
240 76 0
0 71 0
0 79 0
0 64 33
90 64 0
390 72 42
0 60 34
0 69 34
240 69 0
0 60 0
0 72 0
0 74 36
90 74 0
390 81 42
0 72 33
0 78 33
240 78 0
0 72 0
0 81 0
0 71 34
90 71 0
390 72 39
0 60 31
0 69 31
240 69 0
0 60 0
0 72 0
0 74 33
90 74 0
390 81 40
0 72 32
0 78 32
240 78 0
0 72 0
0 81 0
0 66 33
90 66 0
390 74 46
0 62 37
0 71 37
240 71 0
0 62 0
0 74 0
0 76 39
120 76 0
360 83 52
0 74 42
0 80 42
240 80 0
0 74 0
0 83 0
0 68 58
120 68 0
360 76 55
0 64 45
0 72 45
240 72 0
0 64 0
0 76 0
0 77 58
120 77 0
360 85 60
0 76 47
0 82 47
240 82 0
0 76 0
0 85 0
0 70 64
120 70 0
360 77 50
0 65 40
0 74 40
240 74 0
0 65 0
0 77 0
0 79 50
180 79 0
300 85 46
0 78 36
240 85 0
0 67 35
180 67 0
0 78 0
300 83 43
0 76 34
240 83 0
0 66 33
180 66 0
0 76 0
300 82 41
0 74 32
480 74 0
0 73 34
120 73 0
0 82 0
120 78 52
0 66 42
0 74 42
240 74 0
0 66 0
0 78 0
0 83 44
120 83 0
360 88 60
0 81 46
0 85 46
240 85 0
0 88 0
0 73 48
120 73 0
0 81 0
360 86 50
0 79 39
0 83 39
240 83 0
0 86 0
0 71 40
120 71 0
0 79 0
360 85 40
0 78 32
0 82 32
240 82 0
0 85 0
0 70 33
240 70 0
0 78 0
0 76 33
240 76 0
0 64 32
0 70 32
240 70 0
0 73 39
1200 64 0
0 63 36
240 73 0
0 69 39
0 72 39
900 72 0
0 69 0
180 63 0
120 71 39
0 59 31
0 67 31
240 67 0
0 59 0
0 71 0
0 72 33
90 72 0
390 79 40
0 71 32
0 76 32
240 76 0
0 71 0
0 79 0
0 70 33
90 70 0
390 71 39
0 59 31
0 67 31
240 67 0
0 59 0
0 71 0
0 72 33
90 72 0
390 79 40
0 71 32
0 76 32
240 76 0
0 71 0
0 79 0
0 64 33
90 64 0
390 72 42
0 60 34
0 69 34
240 69 0
0 60 0
0 72 0
0 74 36
90 74 0
390 81 42
0 72 33
0 78 33
240 78 0
0 72 0
0 81 0
0 71 34
90 71 0
390 72 39
0 60 31
0 69 31
240 69 0
0 60 0
0 72 0
0 74 33
90 74 0
390 81 40
0 72 32
0 78 32
240 78 0
0 72 0
0 81 0
0 66 33
90 66 0
390 74 46
0 62 37
0 71 37
240 71 0
0 62 0
0 74 0
0 76 39
120 76 0
360 83 52
0 74 42
0 80 42
240 80 0
0 74 0
0 83 0
0 68 58
120 68 0
360 76 55
0 64 45
0 72 45
240 72 0
0 64 0
0 76 0
0 77 58
120 77 0
360 85 60
0 76 47
0 82 47
240 82 0
0 76 0
0 85 0
0 70 64
120 70 0
360 77 50
0 65 40
0 74 40
240 74 0
0 65 0
0 77 0
0 79 50
180 79 0
300 85 46
0 78 36
240 85 0
0 67 35
180 67 0
0 78 0
300 83 43
0 76 34
240 83 0
0 66 33
180 66 0
0 76 0
300 82 41
0 74 32
480 74 0
0 73 34
120 73 0
0 82 0
120 78 52
0 66 42
0 74 42
240 74 0
0 66 0
0 78 0
0 83 44
120 83 0
360 88 60
0 81 46
0 85 46
240 85 0
0 88 0
0 73 48
120 73 0
0 81 0
360 86 50
0 79 39
0 83 39
240 83 0
0 86 0
0 71 40
120 71 0
0 79 0
360 85 40
0 78 32
0 82 32
240 82 0
0 85 0
0 70 33
240 70 0
0 78 0
0 76 33
240 76 0
0 64 32
0 70 32
240 70 0
0 73 39
480 64 0
0 63 39
240 63 0
0 66 43
480 73 0
0 71 36
240 71 0
0 75 39
480 66 0
0 64 41
240 64 0
0 75 0
0 68 45
480 60 40
240 60 0
0 68 0
0 63 44
480 53 41
240 53 0
0 56 45
480 63 0
0 61 36
240 61 0
0 59 44
480 56 0
0 54 36
240 54 0
0 59 0
240 58 42
240 58 0
0 70 45
240 70 0
0 73 49
720 73 0
0 66 41
240 59 40
240 59 0
0 71 47
240 71 0
0 66 0
0 75 50
720 75 0
0 68 41
240 60 48
240 60 0
0 72 56
240 72 0
0 68 0
0 75 60
720 75 0
0 68 49
240 61 55
240 61 0
0 73 63
240 73 0
0 68 0
0 80 71
720 80 0
0 70 66
240 66 68
240 66 0
0 78 74
240 78 0
0 70 0
0 76 80
720 76 0
0 69 66
240 63 68
240 63 0
0 75 73
240 75 0
0 69 0
0 72 80
720 72 0
0 63 66
240 57 68
240 57 0
0 69 73
240 69 0
0 63 0
0 66 81
720 66 0
0 63 66
240 57 68
240 57 0
0 69 73
240 69 0
0 63 0
0 72 81
720 72 0
0 63 66
240 57 68
240 57 0
0 69 73
240 69 0
0 63 0
0 66 81
720 66 0
0 63 66
240 57 68
240 57 0
0 69 73
240 69 0
0 63 0
0 72 81
1680 72 0
240 71 44
0 69 37
0 63 37
240 63 0
0 69 0
0 71 0
0 66 37
240 66 0
240 71 43
0 69 36
0 64 36
240 64 0
0 69 0
0 71 0
0 72 36
240 72 0
240 71 42
0 69 35
0 63 35
240 63 0
0 69 0
0 71 0
0 66 37
240 66 0
240 75 40
0 72 34
0 67 34
240 67 0
0 72 0
0 75 0
0 76 35
240 76 0
240 75 37
0 72 31
0 66 31
240 66 0
0 72 0
0 75 0
0 69 32
240 69 0
240 75 34
0 72 29
0 67 29
240 67 0
0 72 0
0 75 0
0 76 29
240 76 0
240 75 30
0 72 26
0 66 26
240 66 0
0 72 0
0 75 0
0 69 26
240 69 0
240 76 31
0 64 24
0 72 24
240 72 0
0 64 0
0 76 0
0 77 26
120 77 0
360 84 32
0 76 25
0 81 25
240 81 0
0 76 0
0 84 0
0 75 26
120 75 0
360 76 31
0 64 24
0 72 24
240 72 0
0 64 0
0 76 0
0 77 26
120 77 0
360 84 32
0 75 25
0 81 25
240 81 0
0 75 0
0 84 0
0 69 26
120 69 0
360 74 33
0 62 27
0 71 27
240 71 0
0 62 0
0 74 0
0 75 28
120 75 0
360 83 33
0 74 26
0 79 26
240 79 0
0 74 0
0 83 0
0 73 27
120 73 0
360 74 31
0 62 24
0 71 24
240 71 0
0 62 0
0 74 0
0 75 26
120 75 0
360 82 35
0 73 27
0 79 27
240 79 0
0 73 0
0 82 0
0 67 28
120 67 0
360 72 60
0 60 46
0 69 46
240 69 0
0 60 0
0 72 0
0 73 54
180 73 0
300 72 62
0 65 49
0 69 49
240 69 0
0 65 0
0 72 0
0 74 55
180 74 0
300 81 72
0 72 57
0 77 57
240 77 0
0 72 0
0 81 0
0 71 66
180 71 0
300 77 74
0 69 58
0 72 58
240 72 0
0 69 0
0 77 0
0 67 67
180 67 0
300 69 53
0 65 63
0 72 60
240 65 0
0 64 69
720 64 0
0 63 66
480 72 0
0 69 0
0 72 50
240 72 0
0 71 50
720 71 0
0 63 0
0 64 38
0 70 45
480 70 0
0 64 0
0 70 36
240 70 0
0 73 39
480 63 39
240 63 0
0 66 43
480 73 0
0 71 36
240 71 0
0 75 39
480 66 0
0 64 41
240 64 0
0 75 0
0 68 45
480 60 40
240 60 0
0 68 0
0 63 44
480 53 41
240 53 0
0 56 45
480 63 0
0 61 36
240 61 0
0 59 44
480 56 0
0 54 36
240 54 0
0 59 0
240 58 42
240 58 0
0 70 45
240 70 0
0 73 49
720 73 0
0 66 41
240 59 40
240 59 0
0 71 47
240 71 0
0 66 0
0 75 50
720 75 0
0 68 41
240 60 48
240 60 0
0 72 56
240 72 0
0 68 0
0 75 60
720 75 0
0 68 49
240 61 55
240 61 0
0 73 63
240 73 0
0 68 0
0 80 73
720 80 0
0 70 66
240 66 68
240 66 0
0 78 73
240 78 0
0 70 0
0 76 80
720 76 0
0 69 66
240 63 68
240 63 0
0 75 73
240 75 0
0 69 0
0 72 80
720 72 0
0 63 66
240 57 68
240 57 0
0 69 73
240 69 0
0 63 0
0 66 81
720 66 0
0 63 66
240 57 68
240 57 0
0 69 73
240 69 0
0 63 0
0 72 81
720 72 0
0 63 66
240 57 68
240 57 0
0 69 73
240 69 0
0 63 0
0 66 81
720 66 0
0 63 66
240 57 68
240 57 0
0 69 73
240 69 0
0 63 0
0 72 81
1680 72 0
240 71 44
0 69 37
0 63 37
240 63 0
0 69 0
0 71 0
0 66 37
240 66 0
240 69 36
0 64 36
0 71 43
240 71 0
0 64 0
0 69 0
0 72 36
240 72 0
240 71 42
0 69 35
0 63 35
240 63 0
0 69 0
0 71 0
0 66 37
240 66 0
240 72 34
0 67 34
0 75 40
240 75 0
0 67 0
0 72 0
0 76 35
240 76 0
240 75 37
0 72 31
0 66 31
240 66 0
0 72 0
0 75 0
0 69 32
240 69 0
240 75 34
0 72 29
0 67 29
240 67 0
0 72 0
0 75 0
0 76 29
240 76 0
240 75 30
0 66 26
0 72 26
240 72 0
0 66 0
0 75 0
0 69 26
240 69 0
240 76 31
0 64 24
0 72 24
240 72 0
0 64 0
0 76 0
0 77 26
120 77 0
360 76 25
0 81 25
0 84 32
240 84 0
0 81 0
0 76 0
0 75 26
120 75 0
360 76 31
0 64 24
0 72 24
240 72 0
0 64 0
0 76 0
0 77 26
120 77 0
360 75 25
0 81 25
0 84 32
240 84 0
0 81 0
0 75 0
0 69 26
120 69 0
360 74 33
0 62 27
0 71 27
240 71 0
0 62 0
0 74 0
0 75 28
120 75 0
360 83 33
0 74 26
0 79 26
240 79 0
0 74 0
0 83 0
0 73 27
120 73 0
360 74 31
0 71 24
0 62 24
240 62 0
0 71 0
0 74 0
0 75 26
120 75 0
360 82 35
0 73 27
0 79 27
240 79 0
0 73 0
0 82 0
0 67 28
120 67 0
360 60 46
0 69 46
0 72 60
240 72 0
0 69 0
0 60 0
0 73 54
180 73 0
300 72 62
0 65 49
0 69 49
240 69 0
0 65 0
0 72 0
0 74 55
180 74 0
300 72 57
0 77 57
0 81 72
240 81 0
0 77 0
0 72 0
0 71 66
180 71 0
300 77 74
0 69 58
0 72 58
240 72 0
0 69 0
0 77 0
0 67 67
180 67 0
300 69 52
0 65 63
0 72 60
240 65 0
0 64 69
2160 64 0
0 72 0
0 69 0
0 57 40
0 71 50
0 63 40
720 63 0
0 69 43
720 69 0
0 71 0
0 57 0
0 59 49
0 68 47
0 71 53
720 68 0
0 59 0
0 57 48
0 66 55
0 63 49
1440 63 0
0 66 0
0 57 0
0 56 39
0 64 39
480 64 0
0 56 0
0 71 0
1200 64 24
0 52 19
0 55 19
240 55 0
0 52 0
0 64 0
0 51 25
90 51 0
390 52 24
0 43 19
0 47 19
240 47 0
0 43 0
0 52 0
0 54 26
90 54 0
390 64 24
0 52 19
0 55 19
240 55 0
0 52 0
0 64 0
0 51 25
90 51 0
390 52 24
0 43 19
0 47 19
240 47 0
0 43 0
0 52 0
0 55 26
90 55 0
390 66 27
0 54 20
0 57 20
240 57 0
0 54 0
0 66 0
0 53 27
90 53 0
390 54 25
0 45 20
0 48 20
240 48 0
0 45 0
0 54 0
0 55 27
90 55 0
390 66 24
0 54 19
0 57 19
240 57 0
0 54 0
0 66 0
0 53 25
90 53 0
390 54 24
0 45 19
0 48 19
240 48 0
0 45 0
0 54 0
0 57 26
90 57 0
390 67 37
0 55 28
0 59 28
240 59 0
0 55 0
0 67 0
0 54 29
120 54 0
360 56 41
0 47 33
0 50 33
240 50 0
0 47 0
0 56 0
0 62 42
120 62 0
360 69 45
0 57 35
0 60 35
240 60 0
0 57 0
0 69 0
0 56 50
120 56 0
360 58 46
0 49 35
0 52 35
240 52 0
0 49 0
0 58 0
0 64 49
120 64 0
360 71 40
0 59 30
0 62 30
240 62 0
0 59 0
0 71 0
0 50 31
180 50 0
300 61 35
0 52 27
0 55 27
240 55 0
0 52 0
0 61 0
0 66 26
180 66 0
300 59 33
0 54 26
240 54 0
0 59 0
0 64 25
180 64 0
300 58 31
0 54 24
240 66 26
240 66 0
0 64 25
120 64 0
0 54 0
0 58 0
120 71 42
0 59 32
0 62 32
240 62 0
0 59 0
0 71 0
0 50 33
120 50 0
360 61 45
0 52 34
0 57 34
240 57 0
0 52 0
0 61 0
0 69 38
120 69 0
360 62 38
0 54 30
0 59 30
240 59 0
0 54 0
0 62 0
0 67 32
120 67 0
360 64 31
0 54 24
0 61 24
240 61 0
0 54 0
0 64 0
0 66 26
240 66 0
240 35 37
240 35 0
0 47 44
480 52 39
240 52 0
0 55 43
480 55 0
0 54 37
240 54 0
0 57 38
900 57 0
0 47 0
300 64 24
0 52 19
0 55 19
240 55 0
0 52 0
0 64 0
0 51 25
90 51 0
390 52 24
0 43 19
0 47 19
240 47 0
0 43 0
0 52 0
0 54 26
90 54 0
390 64 24
0 52 19
0 55 19
240 55 0
0 52 0
0 64 0
0 51 25
90 51 0
390 52 24
0 43 19
0 47 19
240 47 0
0 43 0
0 52 0
0 55 26
90 55 0
390 66 27
0 54 20
0 57 20
240 57 0
0 54 0
0 66 0
0 53 27
90 53 0
390 54 25
0 45 20
0 48 20
240 48 0
0 45 0
0 54 0
0 55 27
90 55 0
390 66 24
0 54 19
0 57 19
240 57 0
0 54 0
0 66 0
0 53 25
90 53 0
390 54 24
0 45 19
0 48 19
240 48 0
0 45 0
0 54 0
0 57 26
90 57 0
390 67 37
0 55 28
0 59 28
240 59 0
0 55 0
0 67 0
0 54 29
120 54 0
360 56 41
0 47 33
0 50 33
240 50 0
0 47 0
0 56 0
0 62 42
120 62 0
360 69 45
0 57 35
0 60 35
240 60 0
0 57 0
0 69 0
0 56 50
120 56 0
360 58 46
0 49 35
0 52 35
240 52 0
0 49 0
0 58 0
0 64 49
120 64 0
360 71 40
0 59 30
0 62 30
240 62 0
0 59 0
0 71 0
0 50 31
180 50 0
300 61 35
0 52 27
0 55 27
240 55 0
0 52 0
0 61 0
0 66 26
180 66 0
300 59 33
0 54 26
240 54 0
0 59 0
0 64 25
180 64 0
300 58 31
0 54 24
240 66 26
240 66 0
0 64 25
120 64 0
0 54 0
0 58 0
120 71 42
0 59 32
0 62 32
240 62 0
0 59 0
0 71 0
0 50 33
120 50 0
360 61 45
0 52 34
0 57 34
240 57 0
0 52 0
0 61 0
0 69 38
120 69 0
360 62 38
0 54 30
0 59 30
240 59 0
0 54 0
0 62 0
0 67 32
120 67 0
360 64 31
0 54 24
0 61 24
240 61 0
0 54 0
0 64 0
0 66 26
240 66 0
240 35 37
240 35 0
0 42 44
480 42 0
0 47 39
240 47 0
0 51 43
480 51 0
0 35 40
240 35 0
0 44 47
480 44 0
0 47 39
240 47 0
0 52 43
480 52 0
0 35 40
240 35 0
0 41 47
480 41 0
0 44 39
240 44 0
0 47 43
480 47 0
0 35 40
240 35 0
0 40 47
480 40 0
0 43 33
240 43 0
0 47 27
0 49 27
0 52 33
720 52 0
0 49 0
0 47 0
0 47 42
240 47 0
0 51 36
240 51 0
0 63 36
240 63 0
480 35 34
120 35 0
120 47 43
240 47 0
0 52 36
240 52 0
0 64 36
240 64 0
480 35 40
120 35 0
120 47 51
240 47 0
0 53 43
240 53 0
0 65 43
240 65 0
480 35 50
120 35 0
120 47 62
240 47 0
0 52 52
240 52 0
0 64 52
240 64 0
480 35 46
120 35 0
120 47 66
240 47 0
0 54 57
240 54 0
0 66 57
240 66 0
0 35 46
720 35 0
0 47 66
240 47 0
0 54 57
240 54 0
0 64 57
240 64 0
0 35 46
720 35 0
0 48 66
240 57 57
240 57 0
0 48 0
0 64 57
240 64 0
0 47 46
480 47 0
240 45 66
240 54 57
240 54 0
0 45 0
0 64 57
240 64 0
0 47 46
480 47 0
240 48 66
240 57 57
240 57 0
0 48 0
0 64 57
240 64 0
0 47 46
480 47 0
240 45 66
240 54 57
240 54 0
0 45 0
0 64 57
120 64 0
120 42 66
240 57 57
240 57 0
0 42 0
0 64 57
120 64 0
120 47 48
240 47 0
0 57 39
240 57 0
480 59 27
240 59 0
480 57 27
0 47 23
240 47 0
0 57 0
480 59 26
240 59 0
480 47 15
0 57 21
240 57 0
0 47 0
480 59 21
240 59 0
480 47 13
0 57 17
240 57 0
0 47 0
480 59 22
240 59 0
0 69 24
0 57 19
0 60 19
240 60 0
0 57 0
0 69 0
0 56 20
120 56 0
360 57 24
0 48 19
0 52 19
240 52 0
0 48 0
0 57 0
0 59 20
120 59 0
360 69 24
0 57 19
0 60 19
240 60 0
0 57 0
0 69 0
0 56 20
120 56 0
360 57 24
0 48 19
0 54 19
240 54 0
0 48 0
0 57 0
0 63 20
120 63 0
360 67 27
0 55 20
0 59 20
240 59 0
0 55 0
0 67 0
0 54 21
120 54 0
360 55 25
0 47 20
0 50 20
240 50 0
0 47 0
0 55 0
0 57 21
120 57 0
360 67 24
0 55 19
0 59 19
240 59 0
0 55 0
0 67 0
0 54 20
120 54 0
360 55 26
0 46 20
0 52 20
240 52 0
0 46 0
0 55 0
0 61 22
120 61 0
360 65 43
0 53 33
0 57 33
240 57 0
0 53 0
0 65 0
0 52 37
180 52 0
300 60 54
0 53 42
0 57 42
240 57 0
0 53 0
0 60 0
0 52 44
180 52 0
300 53 58
0 45 46
0 48 46
240 48 0
0 45 0
0 53 0
0 56 52
180 56 0
300 57 62
0 48 49
0 53 49
240 53 0
0 48 0
0 57 0
0 59 56
180 59 0
300 53 48
0 57 47
0 60 52
960 53 0
0 54 48
480 60 0
0 57 0
0 57 42
240 57 0
0 59 42
720 59 0
0 61 37
480 61 0
0 54 0
0 35 40
240 35 0
0 42 44
480 42 0
0 47 39
240 47 0
0 51 43
480 51 0
0 35 40
240 35 0
0 44 47
480 44 0
0 47 39
240 47 0
0 52 43
480 52 0
0 35 40
240 35 0
0 41 47
480 41 0
0 44 39
240 44 0
0 47 43
480 47 0
0 35 40
240 35 0
0 40 47
480 40 0
0 43 33
240 43 0
0 49 27
0 52 33
0 47 27
720 47 0
0 52 0
0 49 0
0 47 42
240 47 0
0 51 36
240 51 0
0 63 36
240 63 0
480 35 34
120 35 0
120 47 43
240 47 0
0 52 36
240 52 0
0 64 36
240 64 0
480 35 40
120 35 0
120 47 51
240 47 0
0 53 43
240 53 0
0 65 43
240 65 0
480 35 50
120 35 0
120 47 62
240 47 0
0 52 52
240 52 0
0 64 52
240 64 0
480 35 46
120 35 0
120 47 66
240 47 0
0 54 57
240 54 0
0 66 57
240 66 0
0 35 46
720 35 0
0 47 66
240 47 0
0 54 57
240 54 0
0 64 57
240 64 0
0 35 46
720 35 0
0 48 66
240 57 57
240 57 0
0 48 0
0 64 57
240 64 0
0 47 46
480 47 0
240 45 66
240 54 57
240 54 0
0 45 0
0 64 57
240 64 0
0 47 46
480 47 0
240 48 66
240 57 57
240 57 0
0 48 0
0 64 57
240 64 0
0 47 46
480 47 0
240 45 66
240 54 57
240 54 0
0 45 0
0 64 57
120 64 0
120 42 66
240 57 57
240 57 0
0 42 0
0 64 57
120 64 0
120 47 48
240 47 0
0 57 39
240 57 0
480 59 27
240 59 0
480 57 27
0 47 23
240 47 0
0 57 0
480 59 26
240 59 0
480 47 15
0 57 21
240 57 0
0 47 0
480 59 21
240 59 0
480 57 17
0 47 13
240 47 0
0 57 0
480 59 17
230 59 0
10 57 19
0 60 19
0 69 24
240 69 0
0 60 0
0 57 0
0 56 20
120 56 0
360 57 24
0 48 19
0 52 19
240 52 0
0 48 0
0 57 0
0 59 20
120 59 0
360 69 24
0 60 19
0 57 19
240 57 0
0 60 0
0 69 0
0 56 20
120 56 0
360 57 24
0 54 19
0 48 19
240 48 0
0 54 0
0 57 0
0 63 20
120 63 0
360 55 20
0 59 20
0 67 27
240 67 0
0 59 0
0 55 0
0 54 21
120 54 0
360 55 25
0 47 20
0 50 20
240 50 0
0 47 0
0 55 0
0 57 21
120 57 0
360 67 24
0 55 19
0 59 19
240 59 0
0 55 0
0 67 0
0 54 20
120 54 0
360 55 26
0 52 20
0 46 20
240 46 0
0 52 0
0 55 0
0 61 22
120 61 0
360 65 43
0 53 33
0 57 33
240 57 0
0 53 0
0 65 0
0 52 37
180 52 0
300 53 42
0 57 42
0 60 54
240 60 0
0 57 0
0 53 0
0 52 44
180 52 0
300 53 58
0 45 46
0 48 46
240 48 0
0 45 0
0 53 0
0 56 52
180 56 0
300 57 62
0 48 49
0 53 49
240 53 0
0 48 0
0 57 0
0 59 56
180 59 0
300 57 47
0 60 52
0 53 48
2400 53 0
0 60 0
0 57 0
0 42 30
0 54 35
0 47 30
1440 47 0
0 54 0
0 42 0
0 35 30
0 47 38
1440 47 0
0 35 0
0 28 30
0 40 35
1440 40 0
0 28 0
