1200 79 58
480 79 0
0 79 57
480 79 0
0 79 64
480 79 0
0 78 55
480 78 0
0 77 56
480 77 0
0 78 62
480 78 0
0 83 64
480 83 0
0 79 63
480 79 0
0 78 57
480 78 0
0 76 57
480 76 0
0 79 64
480 79 0
0 78 63
480 78 0
0 77 57
480 77 0
0 78 57
480 78 0
0 79 64
480 79 0
0 79 63
480 79 0
0 80 70
480 80 0
0 80 70
480 80 0
0 81 72
480 81 0
0 76 63
480 76 0
0 75 57
480 75 0
0 76 57
480 76 0
0 79 64
480 79 0
0 78 63
480 78 0
0 76 57
480 76 0
0 75 57
480 75 0
0 76 55
120 76 0
2760 79 58
480 79 0
0 79 57
480 79 0
0 79 64
480 79 0
0 78 55
480 78 0
0 77 56
480 77 0
0 78 62
480 78 0
0 83 64
480 83 0
0 79 63
480 79 0
0 78 57
480 78 0
0 76 57
480 76 0
0 79 64
480 79 0
0 78 63
480 78 0
0 77 57
480 77 0
0 78 57
480 78 0
0 79 64
480 79 0
0 79 63
480 79 0
0 80 70
480 80 0
0 80 70
480 80 0
0 81 70
480 81 0
0 76 63
480 76 0
0 75 57
480 75 0
0 76 57
480 76 0
0 79 64
480 79 0
0 78 63
480 78 0
0 76 57
480 76 0
0 75 57
480 75 0
0 76 55
120 76 0
1800 62 45
480 62 0
0 67 45
480 67 0
0 69 58
480 69 0
0 71 57
480 71 0
0 71 64
480 71 0
0 69 55
480 69 0
0 68 56
480 68 0
0 69 62
480 69 0
0 62 51
480 62 0
0 67 54
480 67 0
0 69 63
480 69 0
0 71 66
480 71 0
0 74 69
480 74 0
0 73 64
480 73 0
0 72 68
480 72 0
0 69 64
480 69 0
0 71 58
480 71 0
0 71 66
480 71 0
0 76 72
480 76 0
0 71 65
480 71 0
0 72 63
480 72 0
0 72 69
480 72 0
0 79 76
480 79 0
0 74 72
480 74 0
0 76 71
480 76 0
0 76 69
480 76 0
0 76 73
480 76 0
0 76 66
480 76 0
0 75 71
480 75 0
0 71 72
480 71 0
0 71 78
480 71 0
0 71 83
150 59 66
30 64 66
30 67 66
30 71 0
0 71 83
240 71 0
0 67 0
0 64 0
0 59 0
960 79 58
480 79 0
0 79 57
480 79 0
0 79 64
480 79 0
0 78 55
480 78 0
0 77 56
480 77 0
0 78 62
480 78 0
0 84 69
480 84 0
0 83 66
480 83 0
0 79 57
480 79 0
0 76 57
480 76 0
0 79 64
480 79 0
0 78 63
480 78 0
0 77 57
480 77 0
0 78 57
480 78 0
0 79 64
480 79 0
0 79 63
480 79 0
0 80 70
480 80 0
0 80 70
480 80 0
0 81 73
480 81 0
0 76 63
480 76 0
0 75 57
480 75 0
0 76 57
480 76 0
0 79 64
480 79 0
0 78 63
480 78 0
0 76 57
480 76 0
0 75 57
480 75 0
0 76 55
120 76 0
1800 62 45
480 62 0
0 67 45
480 67 0
0 69 58
480 69 0
0 71 57
480 71 0
0 71 64
480 71 0
0 69 55
480 69 0
0 68 56
480 68 0
0 69 62
480 69 0
0 62 51
480 62 0
0 67 54
480 67 0
0 69 63
480 69 0
0 71 61
480 71 0
0 74 71
480 74 0
0 73 64
480 73 0
0 72 68
480 72 0
0 69 64
480 69 0
0 71 58
480 71 0
0 71 66
480 71 0
0 76 72
480 76 0
0 71 65
480 71 0
0 72 63
480 72 0
0 72 69
480 72 0
0 79 73
480 79 0
0 74 66
480 74 0
0 76 71
480 76 0
0 76 69
480 76 0
0 76 73
480 76 0
0 76 66
480 76 0
0 75 71
480 75 0
0 71 72
480 71 0
0 71 78
480 71 0
0 71 83
150 59 66
30 64 66
30 67 66
30 71 0
0 71 83
240 71 0
0 67 0
0 64 0
0 59 0
960 79 58
480 79 0
0 79 57
480 79 0
0 79 64
480 79 0
0 78 55
480 78 0
0 77 56
480 77 0
0 78 62
480 78 0
0 84 69
480 84 0
0 83 66
480 83 0
0 79 57
480 79 0
0 76 57
480 76 0
0 79 64
480 79 0
0 78 63
480 78 0
0 77 57
480 77 0
0 78 57
480 78 0
0 79 64
480 79 0
0 79 63
480 79 0
0 80 70
480 80 0
0 80 70
480 80 0
0 81 69
480 81 0
0 76 63
480 76 0
0 75 57
480 75 0
0 76 57
480 76 0
0 79 64
480 79 0
0 78 63
480 78 0
0 76 57
480 76 0
0 75 57
480 75 0
0 76 55
480 76 0
0 76 61
480 76 0
0 76 64
480 76 0
0 76 58
480 76 0
0 76 54
480 76 0
0 76 56
480 76 0
0 76 61
480 76 0
0 76 57
480 76 0
0 76 63
480 76 0
0 71 66
480 71 0
0 67 70
480 67 0
0 64 64
480 64 0
0 59 63
480 59 0
0 59 65
480 59 0
0 55 68
480 55 0
0 52 63
240 52 0
2880 67 70
0 71 70
0 76 70
0 79 88
240 79 0
0 67 0
0 71 0
0 76 0
720 52 92
960 52 0
0 64 28
28 64 0
0 67 21
120 67 0
0 71 36
120 71 0
0 67 22
120 67 0
0 64 29
120 64 0
0 67 22
120 67 0
0 71 39
120 71 0
0 67 23
120 67 0
0 64 32
120 64 0
0 67 26
120 67 0
120 71 24
120 71 0
0 64 37
120 64 0
0 67 29
120 67 0
120 71 28
120 71 0
0 63 36
57 63 0
0 69 29
120 69 0
120 71 29
120 71 0
0 63 37
120 63 0
0 69 30
120 69 0
120 71 28
120 71 0
0 63 37
120 63 0
0 69 30
120 69 0
120 71 28
120 71 0
0 63 37
120 63 0
0 69 30
120 69 0
120 71 28
120 71 0
0 64 36
57 64 0
0 67 29
120 67 0
120 71 41
120 71 0
0 64 47
120 64 0
0 67 40
120 67 0
120 71 39
120 71 0
0 64 46
120 64 0
0 67 38
120 67 0
120 71 28
120 71 0
0 64 37
120 64 0
0 67 30
120 67 0
120 71 28
120 71 0
0 63 36
57 63 0
0 69 29
120 69 0
120 71 36
120 71 0
0 63 41
120 63 0
0 69 34
120 69 0
120 71 34
120 71 0
0 63 40
120 63 0
0 69 35
120 69 0
120 71 28
120 71 0
0 63 37
120 63 0
0 69 30
120 69 0
120 71 28
120 71 0
0 64 36
57 64 0
0 67 29
120 67 0
120 71 36
120 71 0
0 64 41
120 64 0
0 67 34
120 67 0
120 71 39
120 71 0
0 62 47
51 62 0
0 65 40
120 65 0
120 71 38
120 71 0
0 62 50
120 62 0
0 65 42
120 65 0
120 71 46
120 71 0
0 60 53
40 60 0
0 64 45
120 64 0
120 69 36
120 69 0
0 60 41
120 60 0
0 64 34
120 64 0
120 69 34
120 69 0
0 60 40
120 60 0
0 64 35
120 64 0
120 69 28
120 69 0
0 60 37
120 60 0
0 64 30
120 64 0
120 69 28
120 69 0
0 59 36
57 59 0
0 64 29
120 64 0
120 71 36
120 71 0
0 59 41
68 59 0
0 69 34
120 69 0
120 71 34
120 71 0
0 59 40
51 59 0
0 67 35
120 67 0
120 71 28
120 71 0
0 59 37
45 59 0
0 66 30
120 66 0
120 71 28
120 71 0
0 64 36
57 64 0
0 67 29
120 67 0
120 71 33
120 71 0
0 70 38
17 70 0
0 71 29
120 71 0
0 72 42
120 72 0
0 71 30
120 71 0
0 70 38
51 70 0
0 71 34
120 71 0
0 72 42
120 72 0
0 71 26
120 71 0
0 70 34
45 70 0
0 71 27
120 71 0
0 72 39
120 72 0
0 71 24
120 71 0
0 64 28
28 64 0
0 67 21
120 67 0
0 71 35
120 71 0
0 67 22
120 67 0
0 64 29
120 64 0
0 67 22
120 67 0
0 71 36
120 71 0
0 67 23
120 67 0
0 64 32
120 64 0
0 67 26
120 67 0
120 71 24
120 71 0
0 64 37
120 64 0
0 67 29
120 67 0
120 71 28
120 71 0
0 63 36
57 63 0
0 69 29
120 69 0
120 71 29
120 71 0
0 63 37
120 63 0
0 69 30
120 69 0
120 71 28
120 71 0
0 63 37
120 63 0
0 69 30
120 69 0
120 71 28
120 71 0
0 63 37
120 63 0
0 69 30
120 69 0
120 71 28
120 71 0
0 64 36
57 64 0
0 67 29
120 67 0
120 71 39
120 71 0
0 64 46
120 64 0
0 67 39
120 67 0
120 71 37
120 71 0
0 64 43
120 64 0
0 67 38
120 67 0
120 71 28
120 71 0
0 64 37
120 64 0
0 67 30
120 67 0
120 71 28
120 71 0
0 63 36
57 63 0
0 69 29
120 69 0
120 71 36
120 71 0
0 63 41
120 63 0
0 69 34
120 69 0
120 71 34
120 71 0
0 63 40
120 63 0
0 69 35
120 69 0
120 71 28
120 71 0
0 63 37
120 63 0
0 69 30
120 69 0
120 71 28
120 71 0
0 64 36
57 64 0
0 67 29
120 67 0
120 71 36
120 71 0
0 64 41
120 64 0
0 67 34
120 67 0
120 71 39
120 71 0
0 62 47
51 62 0
0 65 40
120 65 0
120 71 38
120 71 0
0 62 50
120 62 0
0 65 42
120 65 0
120 71 45
120 71 0
0 60 52
40 60 0
0 64 43
120 64 0
120 69 39
120 69 0
0 60 46
120 60 0
0 64 38
120 64 0
120 69 34
120 69 0
0 60 40
120 60 0
0 64 35
120 64 0
120 69 28
120 69 0
0 60 37
120 60 0
0 64 30
120 64 0
120 69 28
120 69 0
0 59 36
57 59 0
0 64 29
120 64 0
120 71 36
120 71 0
0 59 41
68 59 0
0 69 34
120 69 0
120 71 34
120 71 0
0 59 40
51 59 0
0 67 35
120 67 0
120 71 28
120 71 0
0 59 37
45 59 0
0 66 30
120 66 0
120 71 28
120 71 0
0 64 36
57 64 0
0 67 29
120 67 0
120 71 33
120 71 0
0 70 38
17 70 0
0 71 29
120 71 0
0 72 42
120 72 0
0 71 30
120 71 0
0 70 38
51 70 0
0 71 35
120 71 0
0 72 43
120 72 0
0 71 28
120 71 0
0 70 37
45 70 0
0 71 30
120 71 0
0 72 37
120 72 0
0 71 28
120 71 0
0 55 35
28 55 0
0 59 27
120 59 0
120 59 27
120 59 0
0 55 35
120 55 0
0 59 26
120 59 0
120 62 27
120 62 0
0 55 36
120 55 0
0 59 29
120 59 0
120 62 26
120 62 0
0 55 39
120 55 0
0 59 31
120 59 0
120 62 29
120 62 0
0 54 36
57 54 0
0 60 29
120 60 0
120 62 29
120 62 0
0 54 37
120 54 0
0 60 30
120 60 0
120 62 28
120 62 0
0 54 37
120 54 0
0 60 30
120 60 0
120 62 28
120 62 0
0 54 37
120 54 0
0 60 30
120 60 0
120 62 28
120 62 0
0 55 35
28 55 0
0 59 27
120 59 0
120 59 27
120 59 0
0 55 35
120 55 0
0 59 26
120 59 0
120 62 27
120 62 0
0 55 36
120 55 0
0 59 29
120 59 0
120 62 26
120 62 0
0 55 39
120 55 0
0 59 35
120 59 0
120 62 42
120 62 0
0 54 50
57 54 0
0 57 46
120 57 0
120 62 47
120 62 0
0 54 56
120 54 0
0 57 48
120 57 0
120 62 37
120 62 0
0 54 45
120 54 0
0 57 33
120 57 0
120 62 28
120 62 0
0 54 37
120 54 0
0 60 30
120 60 0
120 62 28
120 62 0
0 55 35
28 55 0
0 59 27
120 59 0
120 62 36
120 62 0
0 55 46
120 55 0
0 59 37
120 59 0
120 62 39
120 62 0
0 56 48
112 56 0
0 59 39
120 59 0
120 64 46
120 64 0
0 56 53
120 56 0
0 59 45
120 59 0
120 64 37
120 64 0
0 57 44
28 57 0
0 60 27
120 60 0
120 64 39
120 64 0
0 57 50
120 57 0
0 60 40
120 60 0
120 64 47
120 64 0
0 59 56
112 59 0
0 62 49
120 62 0
120 67 56
120 67 0
0 59 62
120 59 0
0 62 56
120 62 0
120 67 46
120 67 0
0 60 56
28 60 0
0 64 47
120 64 0
120 67 45
120 67 0
0 60 54
120 60 0
0 64 45
120 64 0
120 68 47
120 68 0
0 60 56
112 60 0
0 64 48
120 64 0
120 69 50
120 69 0
0 60 58
120 60 0
0 64 49
120 64 0
120 70 40
120 70 0
0 59 44
28 59 0
0 66 37
120 66 0
120 71 45
120 71 0
0 47 62
120 47 0
0 59 45
120 59 0
120 59 54
120 59 0
0 43 69
112 43 0
0 55 52
120 55 0
120 59 58
120 59 0
0 42 71
7 42 0
0 54 57
120 54 0
120 59 50
25 59 0
95 40 71
0 52 71
190 52 0
0 40 0
0 71 37
49 71 0
0 67 22
120 67 0
0 64 28
120 64 0
0 67 21
120 67 0
0 71 37
120 71 0
0 67 22
120 67 0
0 64 30
120 64 0
0 67 25
120 67 0
120 71 23
120 71 0
0 64 36
120 64 0
0 67 29
120 67 0
120 71 28
120 71 0
0 63 36
57 63 0
0 69 29
120 69 0
120 71 29
120 71 0
0 63 37
120 63 0
0 69 30
120 69 0
120 71 28
120 71 0
0 63 37
120 63 0
0 69 30
120 69 0
120 71 28
120 71 0
0 63 37
120 63 0
0 69 30
120 69 0
120 71 28
120 71 0
0 64 36
57 64 0
0 67 29
120 67 0
120 71 41
120 71 0
0 64 47
120 64 0
0 67 39
120 67 0
120 71 38
120 71 0
0 64 44
120 64 0
0 67 35
120 67 0
120 71 28
120 71 0
0 64 37
120 64 0
0 67 30
120 67 0
120 71 28
120 71 0
0 63 36
57 63 0
0 69 29
120 69 0
120 71 36
120 71 0
0 63 41
120 63 0
0 69 34
120 69 0
120 71 34
120 71 0
0 63 40
120 63 0
0 69 35
120 69 0
120 71 28
120 71 0
0 63 37
120 63 0
0 69 30
120 69 0
120 71 28
120 71 0
0 64 36
57 64 0
0 67 29
120 67 0
120 71 36
120 71 0
0 64 41
120 64 0
0 67 34
120 67 0
120 71 39
120 71 0
0 62 47
51 62 0
0 65 40
120 65 0
120 71 43
120 71 0
0 62 54
120 62 0
0 65 48
120 65 0
120 71 47
120 71 0
0 60 55
40 60 0
0 64 47
120 64 0
120 69 36
120 69 0
0 60 41
120 60 0
0 64 34
120 64 0
120 69 34
120 69 0
0 60 40
120 60 0
0 64 35
120 64 0
120 69 28
120 69 0
0 60 37
120 60 0
0 64 30
120 64 0
120 69 28
120 69 0
0 59 36
57 59 0
0 64 29
120 64 0
120 71 36
120 71 0
0 59 41
68 59 0
0 69 34
120 69 0
120 71 34
120 71 0
0 59 40
51 59 0
0 67 35
120 67 0
120 71 28
120 71 0
0 59 37
45 59 0
0 66 30
120 66 0
120 71 28
120 71 0
0 64 36
57 64 0
0 67 29
120 67 0
120 71 33
120 71 0
0 70 38
17 70 0
0 71 29
120 71 0
0 72 42
120 72 0
0 71 30
120 71 0
0 70 38
51 70 0
0 71 35
120 71 0
0 72 44
120 72 0
0 71 28
120 71 0
0 70 37
45 70 0
0 71 30
120 71 0
0 72 39
120 72 0
0 71 28
120 71 0
0 55 35
28 55 0
0 59 27
120 59 0
120 59 27
120 59 0
0 55 35
120 55 0
0 59 26
120 59 0
120 62 27
120 62 0
0 55 36
120 55 0
0 59 29
120 59 0
120 62 26
120 62 0
0 55 39
120 55 0
0 59 31
120 59 0
120 62 38
120 62 0
0 54 44
57 54 0
0 60 37
120 60 0
120 62 38
120 62 0
0 54 43
120 54 0
0 60 37
120 60 0
120 62 28
120 62 0
0 54 37
120 54 0
0 60 30
120 60 0
120 62 28
120 62 0
0 54 37
120 54 0
0 60 30
120 60 0
120 62 28
120 62 0
0 55 35
28 55 0
0 59 27
120 59 0
120 59 27
120 59 0
0 55 35
120 55 0
0 59 26
120 59 0
120 62 27
120 62 0
0 55 36
120 55 0
0 59 29
120 59 0
120 62 26
120 62 0
0 55 39
120 55 0
0 59 35
120 59 0
120 62 42
120 62 0
0 54 50
57 54 0
0 57 43
120 57 0
120 62 45
120 62 0
0 54 54
120 54 0
0 57 48
120 57 0
120 62 37
120 62 0
0 54 45
120 54 0
0 57 33
120 57 0
120 62 28
120 62 0
0 54 37
120 54 0
0 60 30
120 60 0
120 62 28
120 62 0
0 55 35
28 55 0
0 59 27
120 59 0
120 62 36
120 62 0
0 55 46
120 55 0
0 59 37
120 59 0
120 62 39
120 62 0
0 56 48
112 56 0
0 59 39
120 59 0
120 64 49
120 64 0
0 56 56
120 56 0
0 59 50
120 59 0
120 64 37
120 64 0
0 57 44
28 57 0
0 60 27
120 60 0
120 64 39
120 64 0
0 57 50
120 57 0
0 60 40
120 60 0
120 64 42
120 64 0
0 59 52
112 59 0
0 62 42
120 62 0
120 67 50
120 67 0
0 59 58
120 59 0
0 62 49
120 62 0
120 67 40
120 67 0
0 60 44
28 60 0
0 64 37
120 64 0
120 67 45
120 67 0
0 60 54
120 60 0
0 64 45
120 64 0
120 68 47
120 68 0
0 60 56
112 60 0
0 64 48
120 64 0
120 69 50
120 69 0
0 60 58
120 60 0
0 64 49
120 64 0
120 70 45
120 70 0
0 59 53
28 59 0
0 66 46
120 66 0
120 71 45
120 71 0
0 47 62
120 47 0
0 59 45
120 59 0
120 59 54
120 59 0
0 43 69
112 43 0
0 55 52
120 55 0
120 59 58
120 59 0
0 42 71
7 42 0
0 54 57
120 54 0
120 59 50
25 59 0
95 40 71
0 52 71
190 52 0
0 40 0
0 71 37
53 71 0
0 67 22
120 67 0
0 64 28
120 64 0
0 67 21
120 67 0
0 71 37
120 71 0
0 67 22
120 67 0
0 64 30
120 64 0
0 67 25
120 67 0
120 71 23
120 71 0
0 64 36
120 64 0
0 67 29
120 67 0
120 71 28
120 71 0
0 63 36
57 63 0
0 69 29
120 69 0
120 71 29
120 71 0
0 63 37
120 63 0
0 69 30
120 69 0
120 71 28
120 71 0
0 63 37
120 63 0
0 69 30
120 69 0
120 71 28
120 71 0
0 63 37
120 63 0
0 69 30
120 69 0
120 71 28
120 71 0
0 64 36
57 64 0
0 67 29
120 67 0
120 71 38
120 71 0
0 64 45
120 64 0
0 67 39
120 67 0
120 71 35
120 71 0
0 64 43
120 64 0
0 67 35
120 67 0
120 71 28
120 71 0
0 64 37
120 64 0
0 67 30
120 67 0
120 71 28
120 71 0
0 63 36
57 63 0
0 69 29
120 69 0
120 71 36
120 71 0
0 63 41
120 63 0
0 69 34
120 69 0
120 71 34
120 71 0
0 63 40
120 63 0
0 69 35
120 69 0
120 71 28
120 71 0
0 63 37
120 63 0
0 69 30
120 69 0
120 71 28
120 71 0
0 64 36
57 64 0
0 67 29
120 67 0
120 71 36
120 71 0
0 64 41
120 64 0
0 67 34
120 67 0
120 71 39
120 71 0
0 62 47
51 62 0
0 65 40
120 65 0
120 71 45
120 71 0
0 62 54
120 62 0
0 65 47
120 65 0
120 71 47
120 71 0
0 60 54
40 60 0
0 64 46
120 64 0
120 69 36
120 69 0
0 60 41
120 60 0
0 64 34
120 64 0
120 69 34
120 69 0
0 60 40
120 60 0
0 64 35
120 64 0
120 69 28
120 69 0
0 60 37
120 60 0
0 64 30
120 64 0
120 69 28
120 69 0
0 59 36
57 59 0
0 64 29
120 64 0
120 71 41
120 71 0
0 59 47
68 59 0
0 69 41
120 69 0
120 71 34
120 71 0
0 59 40
51 59 0
0 67 35
120 67 0
120 71 28
120 71 0
0 59 37
45 59 0
0 66 30
120 66 0
120 71 28
120 71 0
0 64 36
57 64 0
0 67 29
120 67 0
120 71 33
120 71 0
0 64 36
120 64 0
0 67 29
120 67 0
120 71 40
120 71 0
0 64 45
51 64 0
0 69 41
120 69 0
120 72 47
120 72 0
0 64 51
45 64 0
0 66 45
120 66 0
120 69 33
120 69 0
0 64 36
57 64 0
0 67 29
120 67 0
120 71 34
120 71 0
0 64 40
120 64 0
0 67 33
120 67 0
120 71 40
120 71 0
0 64 48
51 64 0
0 69 43
120 69 0
120 72 43
120 72 0
0 64 55
45 64 0
0 66 47
120 66 0
120 69 41
120 69 0
0 64 45
57 64 0
0 67 36
120 67 0
120 71 41
120 71 0
0 64 45
120 64 0
0 67 36
120 67 0
120 67 44
120 67 0
0 59 51
120 59 0
0 64 42
120 64 0
120 64 46
120 64 0
0 55 54
120 55 0
0 59 45
120 59 0
120 59 49
120 59 0
0 52 54
120 52 0
0 55 47
120 55 0
120 55 53
120 55 0
0 52 59
120 52 0
0 55 47
120 55 0
120 55 53
120 55 0
0 47 59
120 47 0
0 52 47
120 52 0
120 52 53
120 52 0
0 43 59
120 43 0
0 47 56
120 47 0
120 47 49
120 47 0
0 40 74
120 43 33
120 43 0
0 47 54
120 47 0
0 43 34
120 43 0
0 40 0
0 40 67
120 43 33
120 43 0
0 47 51
120 47 0
0 43 37
120 43 0
0 40 0
0 40 66
120 43 33
120 43 0
0 47 56
120 47 0
0 43 38
120 43 0
0 40 0
0 40 70
120 43 33
120 43 0
0 47 57
120 47 0
0 43 38
120 43 0
0 40 0
0 40 83
480 40 0
480 64 82
0 59 65
0 52 65
53 52 0
0 59 0
0 64 0
720 40 88
0 28 70
186 28 0
0 40 0
