1440 59 55
360 59 0
0 71 52
120 71 0
0 71 62
1440 71 0
10 72 58
480 72 0
0 71 62
1440 71 0
0 72 58
480 72 0
0 71 62
1430 71 0
0 72 59
480 72 0
0 71 64
1440 71 0
5 70 58
480 70 0
0 69 62
1440 69 0
0 71 63
480 71 0
0 69 66
1440 69 0
0 71 67
480 71 0
0 69 67
1435 71 66
5 69 0
355 71 0
0 69 57
120 69 0
10 69 62
1430 69 0
0 68 62
960 68 0
0 69 65
240 69 0
0 71 69
240 71 0
0 74 74
240 74 0
0 72 65
240 72 0
0 64 68
240 64 0
0 69 62
240 69 0
0 66 62
1440 66 0
0 69 57
480 69 0
0 66 62
1380 66 0
0 71 52
60 71 0
0 69 62
480 69 0
0 67 62
240 67 0
0 66 46
240 66 0
0 60 54
240 60 0
0 59 42
240 59 0
0 63 64
240 63 0
0 66 59
240 66 0
0 74 65
160 74 0
0 72 62
160 72 0
0 71 57
160 71 0
0 71 62
1440 71 0
10 72 68
480 72 0
0 71 71
1435 72 74
5 71 0
475 72 0
0 71 76
1435 71 0
0 72 77
480 72 0
0 71 84
360 71 0
0 70 78
120 70 0
0 70 85
240 70 0
0 71 70
60 71 0
0 70 73
60 70 0
0 69 76
60 69 0
0 70 79
60 70 0
0 79 88
480 79 0
0 78 91
360 78 0
0 76 77
120 76 0
0 76 89
240 76 0
0 75 86
240 75 0
0 84 92
240 84 0
0 75 85
240 75 0
0 75 88
240 75 0
0 76 82
240 76 0
0 79 85
240 79 0
0 71 77
240 71 0
0 74 80
240 74 0
0 72 69
240 72 0
0 76 77
160 76 0
0 64 67
160 64 0
0 69 67
160 69 0
0 66 73
720 66 0
0 69 69
240 69 0
0 66 64
1380 66 0
0 71 47
60 71 0
0 69 57
480 69 0
0 66 57
1800 66 0
0 64 52
120 64 0
0 64 57
1440 64 0
0 66 52
480 66 0
0 64 52
1440 64 0
0 66 47
480 66 0
0 64 47
960 64 0
960 52 28
0 64 33
0 54 28
0 59 28
960 59 0
0 52 0
0 64 0
0 54 0
0 54 28
0 59 28
0 51 28
0 63 33
960 63 0
0 54 0
0 59 0
0 51 0
0 64 33
0 59 28
0 52 28
0 55 28
1920 55 0
0 64 0
0 59 0
0 52 0
0 55 21
0 59 25
0 64 31
216 64 0
0 59 0
0 55 0
24 55 18
0 59 22
0 64 27
216 64 0
0 59 0
0 55 0
24 55 18
0 59 22
0 64 27
216 64 0
0 59 0
0 55 0
24 55 18
0 59 22
0 64 27
216 64 0
0 59 0
0 55 0
24 55 18
0 59 22
0 64 27
216 64 0
0 59 0
0 55 0
24 55 18
0 59 22
0 64 27
216 64 0
0 59 0
0 55 0
24 55 16
0 59 19
0 64 24
103 64 0
0 59 0
0 55 0
24 55 16
0 59 19
0 64 24
216 64 0
0 59 0
0 55 0
24 54 21
0 64 31
0 57 25
125 57 0
0 64 0
0 54 0
24 54 18
0 57 22
0 64 27
216 64 0
0 57 0
0 54 0
24 54 18
0 64 27
0 57 22
216 57 0
0 64 0
0 54 0
24 57 22
0 54 18
0 64 27
216 64 0
0 54 0
0 57 0
24 57 22
0 54 18
0 63 27
113 63 0
0 54 0
0 57 0
24 63 27
0 57 22
0 54 18
216 54 0
0 57 0
0 63 0
24 54 16
0 57 19
0 63 24
90 63 0
0 57 0
0 54 0
24 54 16
0 57 19
0 63 24
216 63 0
0 57 0
0 54 0
24 53 21
0 57 25
0 63 31
92 63 0
0 57 0
0 53 0
24 53 18
0 63 27
0 57 22
216 57 0
0 63 0
0 53 0
24 63 27
0 57 22
0 53 18
216 53 0
0 57 0
0 63 0
24 53 18
0 57 22
0 63 27
216 63 0
0 57 0
0 53 0
24 57 22
0 62 27
0 53 18
108 53 0
0 62 0
0 57 0
24 53 18
0 62 27
0 57 22
216 57 0
0 62 0
0 53 0
24 53 16
0 62 24
0 56 19
125 56 0
0 62 0
0 53 0
24 53 16
0 56 19
0 62 24
216 62 0
0 56 0
0 53 0
24 52 21
0 56 25
0 62 31
136 62 0
0 56 0
0 52 0
24 56 22
0 62 27
0 52 18
216 52 0
0 62 0
0 56 0
24 56 22
0 62 27
0 52 18
216 52 0
0 62 0
0 56 0
24 62 27
0 56 22
0 52 18
216 52 0
0 56 0
0 62 0
24 62 27
0 55 22
0 52 18
125 52 0
0 55 0
0 62 0
24 52 18
0 55 22
0 62 27
216 62 0
0 55 0
0 52 0
24 61 24
0 52 16
0 55 19
113 55 0
0 52 0
0 61 0
24 52 16
0 55 19
0 61 24
216 61 0
0 55 0
0 52 0
24 52 21
0 60 31
0 55 25
115 55 0
0 60 0
0 52 0
24 55 22
0 52 18
0 60 27
216 60 0
0 52 0
0 55 0
24 55 23
0 52 18
0 60 28
216 60 0
0 52 0
0 55 0
24 55 23
0 60 28
0 52 19
216 52 0
0 60 0
0 55 0
24 60 31
0 52 20
0 54 26
102 54 0
0 52 0
0 60 0
24 60 34
0 52 22
0 54 26
216 54 0
0 52 0
0 60 0
24 54 23
0 52 19
0 60 31
102 60 0
0 52 0
0 54 0
24 52 19
0 54 25
0 60 32
216 60 0
0 54 0
0 52 0
24 54 34
0 60 39
0 52 27
102 52 0
0 60 0
0 54 0
24 54 27
0 60 35
0 52 23
216 52 0
0 60 0
0 54 0
24 54 27
0 60 35
0 52 22
216 52 0
0 60 0
0 54 0
24 52 22
0 60 34
0 54 26
216 54 0
0 60 0
0 52 0
24 51 26
0 60 32
0 54 26
90 54 0
0 60 0
0 51 0
24 51 25
0 54 25
0 60 32
216 60 0
0 54 0
0 51 0
24 51 20
0 54 20
0 60 27
79 60 0
0 54 0
0 51 0
24 54 20
0 60 26
0 51 20
216 51 0
0 60 0
0 54 0
24 54 29
0 50 25
0 60 37
117 60 0
0 50 0
0 54 0
24 50 20
0 54 26
0 60 32
216 60 0
0 54 0
0 50 0
24 54 26
0 60 32
0 50 20
216 50 0
0 60 0
0 54 0
24 60 32
0 50 20
0 54 26
216 54 0
0 50 0
0 60 0
24 60 32
0 50 20
0 54 26
216 54 0
0 50 0
0 60 0
24 50 20
0 54 26
0 60 32
216 60 0
0 54 0
0 50 0
24 50 17
0 60 26
0 54 20
216 54 0
0 60 0
0 50 0
24 54 20
0 50 17
0 60 26
216 60 0
0 50 0
0 54 0
24 53 25
0 50 21
0 60 31
113 60 0
0 50 0
0 53 0
24 60 27
0 53 22
0 50 18
216 50 0
0 53 0
0 60 0
24 50 18
0 53 22
0 60 27
216 60 0
0 53 0
0 50 0
24 50 18
0 60 27
0 53 22
216 53 0
0 60 0
0 50 0
24 50 18
0 53 22
0 59 27
113 59 0
0 53 0
0 50 0
24 50 18
0 53 22
0 59 27
216 59 0
0 53 0
0 50 0
24 53 19
0 59 24
0 50 16
101 50 0
0 59 0
0 53 0
24 53 19
0 59 24
0 50 16
216 50 0
0 59 0
0 53 0
24 52 29
0 59 29
0 48 24
75 48 0
0 59 0
0 52 0
24 48 23
0 59 28
0 52 28
216 52 0
0 59 0
0 48 0
24 48 26
0 57 32
0 52 32
75 52 0
0 57 0
0 48 0
24 57 35
0 48 27
0 52 35
216 52 0
0 48 0
0 57 0
24 48 27
0 52 35
0 57 35
75 57 0
0 52 0
0 48 0
24 48 26
0 57 32
0 52 32
216 52 0
0 57 0
0 48 0
24 52 26
0 48 20
0 57 26
18 57 0
0 48 0
0 52 0
24 52 25
0 48 20
0 57 25
216 57 0
0 48 0
0 52 0
24 52 29
0 57 29
0 47 24
125 47 0
0 57 0
0 52 0
24 57 27
0 47 22
0 52 27
216 52 0
0 47 0
0 57 0
24 57 27
0 47 22
0 51 27
125 51 0
0 47 0
0 57 0
24 47 22
0 51 27
0 57 27
216 57 0
0 51 0
0 47 0
24 48 22
0 57 27
0 52 27
90 52 0
0 57 0
0 48 0
24 48 22
0 52 27
0 57 27
216 57 0
0 52 0
0 48 0
24 48 19
0 52 23
0 57 23
216 57 0
0 52 0
0 48 0
24 48 19
0 52 23
0 57 23
216 57 0
0 52 0
0 48 0
24 47 24
0 51 29
0 57 29
160 57 0
0 51 0
0 47 0
24 47 22
0 51 27
0 57 27
216 57 0
0 51 0
0 47 0
24 47 22
0 51 27
0 57 27
216 57 0
0 51 0
0 47 0
24 47 22
0 51 27
0 57 27
216 57 0
0 51 0
0 47 0
24 48 22
0 52 27
0 57 27
106 57 0
0 52 0
0 48 0
24 48 22
0 52 27
0 57 27
216 57 0
0 52 0
0 48 0
24 48 19
0 52 23
0 57 23
216 57 0
0 52 0
0 48 0
24 48 19
0 52 23
0 57 23
216 57 0
0 52 0
0 48 0
24 47 24
0 51 29
0 57 29
470 57 0
0 51 0
0 47 0
0 55 21
0 59 25
0 64 31
216 64 0
0 59 0
0 55 0
24 55 18
0 59 22
0 64 27
216 64 0
0 59 0
0 55 0
24 55 18
0 59 22
0 64 29
216 64 0
0 59 0
0 55 0
24 55 19
0 59 24
0 64 29
216 64 0
0 59 0
0 55 0
24 55 19
0 59 25
0 64 31
216 64 0
0 59 0
0 55 0
24 55 20
0 59 26
0 64 32
216 64 0
0 59 0
0 55 0
24 55 20
0 59 24
0 64 32
75 64 0
0 59 0
0 55 0
24 55 20
0 59 26
0 64 33
216 64 0
0 59 0
0 55 0
24 54 23
0 64 35
0 57 28
125 57 0
0 64 0
0 54 0
24 54 20
0 57 25
0 64 32
216 64 0
0 57 0
0 54 0
24 54 21
0 64 33
0 57 26
216 57 0
0 64 0
0 54 0
24 57 27
0 54 22
0 64 35
216 64 0
0 54 0
0 57 0
24 57 28
0 53 22
0 63 35
113 63 0
0 53 0
0 57 0
24 63 38
0 57 29
0 53 24
216 53 0
0 57 0
0 63 0
24 53 24
0 57 27
0 63 38
90 63 0
0 57 0
0 53 0
24 53 25
0 57 30
0 63 38
216 63 0
0 57 0
0 53 0
24 53 30
0 56 37
0 63 45
101 63 0
0 56 0
0 53 0
24 53 26
0 63 40
0 56 33
216 56 0
0 63 0
0 53 0
24 62 41
0 56 34
0 53 27
67 53 0
0 56 0
0 62 0
24 53 27
0 56 36
0 62 41
216 62 0
0 56 0
0 53 0
24 56 36
0 62 44
0 52 29
113 52 0
0 62 0
0 56 0
24 52 29
0 62 45
0 56 37
216 56 0
0 62 0
0 52 0
24 52 27
0 62 40
0 56 31
56 56 0
0 62 0
0 52 0
24 52 27
0 56 31
0 62 41
216 62 0
0 56 0
0 52 0
24 52 42
0 55 42
0 62 50
165 62 0
0 55 0
0 52 0
24 52 36
0 55 36
0 62 42
216 62 0
0 55 0
0 52 0
24 52 38
0 55 38
0 61 45
144 61 0
0 55 0
0 52 0
24 52 46
0 55 46
0 61 55
216 61 0
0 55 0
0 52 0
24 49 46
0 52 46
0 58 56
144 58 0
0 52 0
0 49 0
24 49 43
0 52 43
0 58 52
216 58 0
0 52 0
0 49 0
24 48 43
0 52 43
0 57 52
159 57 0
0 52 0
0 48 0
24 48 45
0 52 45
0 57 54
216 57 0
0 52 0
0 48 0
24 35 57
0 47 69
67 47 0
0 35 0
24 69 54
0 66 54
0 60 45
0 57 45
216 57 0
0 69 0
0 66 0
0 60 0
24 57 45
0 60 45
0 66 54
0 69 54
216 69 0
0 57 0
0 60 0
0 66 0
24 57 45
0 60 45
0 66 54
0 69 54
216 69 0
0 57 0
0 60 0
0 66 0
24 66 57
0 63 57
0 59 47
0 55 47
125 55 0
0 66 0
0 63 0
0 59 0
24 64 49
0 59 41
0 55 41
125 55 0
0 59 0
0 64 0
24 55 41
0 59 41
0 64 49
113 64 0
0 59 0
0 55 0
24 55 41
0 59 41
0 64 49
216 64 0
0 59 0
0 55 0
24 64 53
0 60 44
0 57 44
124 57 0
0 60 0
0 64 0
24 57 38
0 60 38
0 64 46
216 64 0
0 60 0
0 57 0
24 45 44
89 45 0
24 60 44
0 54 37
0 52 37
216 52 0
0 54 0
0 60 0
24 47 38
0 52 38
0 59 46
124 59 0
0 52 0
0 47 0
24 47 33
0 52 33
0 59 38
216 59 0
0 52 0
0 47 0
24 48 33
0 52 33
0 57 38
131 57 0
0 52 0
0 48 0
24 48 29
0 52 29
0 57 36
216 57 0
0 52 0
0 48 0
24 47 24
0 52 29
0 59 29
160 59 0
0 52 0
0 47 0
24 47 22
0 52 27
0 59 27
216 59 0
0 52 0
0 47 0
24 47 22
0 59 27
4 52 27
212 59 0
0 47 0
4 52 0
20 47 22
0 52 27
0 59 27
216 59 0
0 52 0
0 47 0
24 48 22
0 52 27
0 57 27
117 57 0
0 52 0
0 48 0
24 48 22
0 52 27
0 57 27
216 57 0
0 52 0
0 48 0
24 48 19
0 52 23
0 57 23
216 57 0
0 52 0
0 48 0
24 48 19
0 52 23
0 57 23
216 57 0
0 52 0
0 48 0
24 47 24
0 52 29
0 59 29
82 59 0
0 52 0
0 47 0
24 47 22
0 52 27
0 59 27
216 59 0
0 52 0
0 47 0
24 47 22
0 59 27
4 52 27
212 59 0
0 47 0
4 52 0
20 47 22
0 52 27
0 59 27
216 59 0
0 52 0
0 47 0
24 47 22
0 51 27
0 59 27
110 59 0
0 51 0
0 47 0
24 47 22
0 51 27
0 59 27
216 59 0
0 51 0
0 47 0
24 47 19
0 51 23
0 57 23
216 57 0
0 51 0
0 47 0
24 47 19
0 51 23
0 57 23
216 57 0
0 51 0
0 47 0
24 48 32
0 55 32
101 55 0
0 48 0
24 48 29
0 55 29
216 55 0
0 48 0
24 48 29
0 55 29
216 55 0
0 48 0
24 48 28
0 55 28
216 55 0
0 48 0
24 48 28
0 58 28
56 58 0
0 48 0
24 48 28
0 58 28
216 58 0
0 48 0
24 48 19
0 52 23
0 57 23
101 57 0
0 52 0
0 48 0
24 48 19
0 52 23
0 57 23
216 57 0
0 52 0
0 48 0
24 47 24
0 52 29
0 57 29
79 57 0
0 52 0
0 47 0
24 47 22
0 52 27
0 57 27
216 57 0
0 52 0
0 47 0
24 47 22
0 56 27
4 52 27
101 56 0
0 47 0
4 52 0
20 47 22
0 52 27
0 56 27
216 56 0
0 52 0
0 47 0
24 47 22
0 52 27
0 55 27
67 55 0
0 52 0
0 47 0
24 47 22
0 52 27
0 55 27
216 55 0
0 52 0
0 47 0
24 47 19
0 52 23
0 55 23
67 55 0
0 52 0
0 47 0
24 47 19
0 52 23
0 55 23
216 55 0
0 52 0
0 47 0
24 46 24
0 48 29
0 55 29
519 55 0
0 48 0
0 46 0
958 35 19
0 47 23
666 47 0
0 35 0
0 35 19
0 42 23
0 47 23
587 47 0
0 42 0
0 35 0
0 28 19
0 40 23
1546 40 0
0 28 0
