480 59 47
120 59 0
0 64 40
120 64 0
0 68 40
120 68 0
0 71 40
120 71 0
480 71 46
120 71 0
0 76 40
120 76 0
0 80 40
120 80 0
0 83 40
120 83 0
0 59 45
120 59 0
0 68 40
120 68 0
0 71 40
120 71 0
0 76 40
120 76 0
0 80 47
120 80 0
0 83 41
120 83 0
0 88 42
120 88 0
0 92 45
120 92 0
0 95 47
240 95 0
240 63 38
0 59 32
0 57 32
240 57 0
0 59 0
0 63 0
240 56 34
0 59 34
0 64 40
240 64 0
0 59 0
0 56 0
720 68 51
0 59 43
0 64 43
480 64 0
0 59 0
0 68 0
0 66 47
360 66 0
0 64 42
110 64 0
10 64 42
0 71 50
240 71 0
0 69 40
480 69 0
0 68 40
216 68 0
24 64 0
0 66 43
0 58 36
216 66 0
24 64 40
216 64 0
24 63 40
216 63 0
24 64 40
216 64 0
24 58 0
0 68 45
0 59 38
480 68 0
0 66 38
240 66 0
0 59 0
240 66 60
0 62 50
0 59 50
480 59 0
0 62 0
0 66 0
0 66 71
0 61 56
360 61 0
0 66 0
0 59 56
0 65 56
0 68 67
120 68 0
0 65 0
0 59 0
0 57 57
0 66 57
0 69 68
720 69 0
0 66 0
0 57 0
0 66 42
240 66 0
0 61 45
0 57 38
240 61 0
0 63 37
240 63 0
0 68 45
360 68 0
0 66 41
120 66 0
0 57 0
0 64 41
0 56 34
480 56 0
0 64 0
480 68 51
0 59 43
0 64 43
480 64 0
0 59 0
0 68 0
0 66 47
360 66 0
0 64 42
110 64 0
10 64 50
0 76 67
720 76 0
0 75 55
216 75 0
24 73 58
216 73 0
24 71 55
216 71 0
24 64 0
0 65 49
0 69 55
216 69 0
24 68 55
216 68 0
24 73 62
480 73 0
0 65 0
0 66 38
240 66 0
240 66 48
0 62 40
0 59 40
480 59 0
0 62 0
0 66 0
0 66 56
0 61 44
360 61 0
0 66 0
0 59 44
0 65 44
0 68 53
120 68 0
0 65 0
0 59 0
0 57 45
0 66 45
0 69 54
720 69 0
0 66 0
0 57 0
0 66 42
240 66 0
0 61 45
0 57 38
240 61 0
0 63 37
240 63 0
0 68 45
360 68 0
0 66 41
120 66 0
0 57 0
0 64 41
0 56 34
720 56 0
0 64 0
240 59 60
0 56 50
480 56 0
0 59 0
0 54 56
0 61 71
0 58 56
360 58 0
0 61 0
0 54 0
0 60 56
0 63 67
120 63 0
0 60 0
0 64 73
0 61 62
0 56 62
720 56 0
0 61 0
0 64 0
0 68 62
0 64 52
0 61 52
216 61 0
0 64 0
0 68 0
24 66 59
0 64 59
0 61 59
216 61 0
0 64 0
0 66 0
24 70 64
0 64 54
0 61 54
216 61 0
0 64 0
0 70 0
24 73 73
0 64 62
0 61 62
342 61 0
0 64 0
0 73 0
18 61 55
0 64 55
0 71 65
108 71 0
0 64 0
0 61 0
12 61 60
0 71 75
0 64 60
480 64 0
0 71 0
0 61 0
0 70 68
240 70 0
240 71 79
0 76 79
0 68 67
480 68 0
0 76 0
0 71 0
0 70 65
0 75 77
0 66 65
360 66 0
0 75 0
0 70 0
0 73 63
0 64 53
120 64 0
0 73 0
0 63 65
0 66 65
0 71 77
480 71 0
0 66 0
0 63 0
0 61 52
0 70 62
0 64 52
360 64 0
0 70 0
0 61 0
0 59 44
0 63 44
0 68 52
120 68 0
0 63 0
0 59 0
0 58 58
0 64 58
0 66 69
240 66 0
0 64 0
0 58 0
0 61 48
0 64 57
240 64 0
0 61 0
0 58 56
0 64 56
0 68 66
240 68 0
0 64 0
0 58 0
0 64 56
0 61 47
240 61 0
0 64 0
0 59 54
0 63 64
216 63 0
0 59 0
24 63 39
0 59 39
0 66 47
240 59 0
0 63 0
0 61 39
0 58 39
240 58 0
0 61 0
0 66 0
0 59 39
0 56 39
0 64 47
216 64 0
0 56 0
0 59 0
24 54 39
0 59 39
0 63 51
216 63 0
24 64 47
216 64 0
24 59 0
0 54 0
0 54 39
0 58 39
0 63 52
360 63 0
0 61 42
120 61 0
0 58 0
0 54 0
0 54 43
0 59 49
216 59 0
0 54 0
24 63 39
0 59 39
0 66 47
240 59 0
0 63 0
0 61 39
0 58 39
240 58 0
0 61 0
0 66 0
0 59 39
0 56 39
0 64 47
216 64 0
0 56 0
0 59 0
24 54 39
0 59 39
0 63 51
216 63 0
24 64 47
216 64 0
24 59 0
0 54 0
0 54 39
0 58 39
0 63 52
360 63 0
0 61 42
120 61 0
0 58 0
0 54 0
0 59 49
216 59 0
24 71 55
0 63 46
0 66 46
240 66 0
0 63 0
0 64 62
240 64 0
0 71 0
0 69 61
0 66 51
216 66 0
0 69 0
24 68 51
0 59 43
0 64 43
480 64 0
0 59 0
0 68 0
0 66 50
360 66 0
0 64 42
110 64 0
10 64 42
0 71 50
240 71 0
0 69 40
480 69 0
0 68 40
216 68 0
24 64 0
0 66 43
0 58 36
216 66 0
24 64 40
216 64 0
24 63 40
216 63 0
24 64 40
216 64 0
24 58 0
0 68 45
0 59 38
480 68 0
0 66 38
240 66 0
0 59 0
240 66 60
0 62 50
0 59 50
480 59 0
0 62 0
0 66 0
0 66 71
0 61 56
360 61 0
0 66 0
0 59 56
0 65 56
0 68 67
120 68 0
0 65 0
0 59 0
0 57 57
0 66 57
0 69 68
716 66 0
4 69 0
0 57 0
0 66 42
240 66 0
0 61 45
0 57 38
240 61 0
0 63 37
240 63 0
0 68 45
360 68 0
0 66 41
120 66 0
0 57 0
0 64 41
0 56 34
480 56 0
0 64 0
480 68 69
0 71 69
0 64 58
480 64 0
0 71 0
0 68 0
0 66 70
0 71 83
360 71 0
0 66 0
0 73 74
0 70 62
0 67 62
0 64 62
120 64 0
0 73 0
0 70 0
0 67 0
0 63 73
0 75 86
0 71 73
0 66 73
960 66 0
0 63 0
0 75 0
0 71 0
0 68 69
0 71 69
0 64 58
480 64 0
0 71 0
0 68 0
0 66 70
0 71 83
360 71 0
0 66 0
0 73 74
0 70 62
0 67 62
0 64 62
120 64 0
0 73 0
0 70 0
0 67 0
0 63 73
0 75 86
0 71 73
0 66 73
912 66 0
0 63 0
0 75 0
0 71 0
48 66 54
0 62 45
0 59 45
480 59 0
0 62 0
0 66 0
0 66 63
0 61 50
360 61 0
0 66 0
0 59 50
0 65 50
0 68 60
120 68 0
0 65 0
0 59 0
0 57 51
0 66 51
0 69 61
720 69 0
0 66 0
0 57 0
0 66 37
240 66 0
0 61 40
0 57 34
240 61 0
0 63 33
240 63 0
0 68 40
360 68 0
0 66 36
120 66 0
0 57 0
0 64 36
480 64 0
0 59 39
120 59 0
0 64 34
120 64 0
0 68 34
120 68 0
0 71 34
120 71 0
480 71 39
120 71 0
0 76 34
120 76 0
0 80 34
120 80 0
0 83 34
120 83 0
0 59 38
120 59 0
0 68 34
120 68 0
0 71 34
120 71 0
0 76 34
120 76 0
0 80 39
120 80 0
0 83 34
120 83 0
0 88 35
120 88 0
0 92 38
120 92 0
0 95 39
240 95 0
240 63 32
0 59 27
0 57 27
240 57 0
0 59 0
0 63 0
240 56 28
0 59 28
0 64 34
240 64 0
0 59 0
0 56 0
0 40 49
120 40 0
0 47 40
120 47 0
0 52 40
120 52 0
0 56 40
120 56 0
480 56 45
120 56 0
0 59 40
120 59 0
0 64 40
120 64 0
0 68 40
120 68 0
1920 47 29
240 47 0
240 40 37
240 40 0
720 56 32
0 52 27
960 52 0
0 56 0
0 57 32
0 52 27
0 49 27
960 49 0
0 52 0
0 57 0
0 52 32
0 49 27
960 49 0
0 52 0
0 52 31
0 47 26
480 52 0
0 51 26
240 51 0
0 47 0
240 54 45
0 47 38
480 47 0
0 54 0
0 54 45
0 45 38
360 45 0
0 54 0
0 44 44
0 54 52
120 54 0
0 44 0
0 54 51
0 42 43
960 42 0
0 54 0
0 54 30
0 47 25
960 47 0
0 54 0
0 40 31
480 40 0
480 56 32
0 52 27
960 52 0
0 56 0
0 61 38
0 56 32
0 49 32
960 49 0
0 56 0
0 61 0
0 61 43
480 59 36
480 59 0
0 61 0
0 61 42
0 57 35
720 57 0
0 61 0
240 54 36
0 47 30
480 47 0
0 54 0
0 54 36
0 45 30
360 45 0
0 54 0
0 44 35
0 54 41
120 54 0
0 44 0
0 54 40
0 42 34
960 42 0
0 54 0
0 47 30
0 35 25
960 35 0
0 47 0
0 40 31
720 40 0
240 40 39
0 52 46
480 52 0
0 40 0
0 39 43
0 51 51
480 51 0
0 39 0
0 37 51
0 49 60
480 49 0
0 37 0
0 47 63
0 35 53
480 35 0
0 47 0
0 34 56
0 46 66
480 46 0
0 34 0
0 44 71
0 32 60
480 32 0
0 44 0
0 30 62
0 42 74
960 42 0
0 30 0
0 42 70
0 30 59
960 30 0
0 42 0
0 42 71
0 30 60
960 30 0
0 42 0
0 42 63
0 30 53
960 30 0
0 42 0
0 35 41
0 47 49
1440 47 0
0 35 0
0 52 38
0 42 32
480 42 0
0 52 0
0 47 37
0 51 44
480 51 0
0 47 0
960 52 38
0 42 32
480 42 0
0 52 0
0 47 37
0 51 44
216 51 0
0 47 0
24 47 42
0 59 50
240 59 0
0 47 0
0 59 59
0 49 50
240 49 0
0 59 0
0 59 53
0 51 45
216 51 0
0 59 0
24 56 32
0 52 27
480 51 27
480 51 0
0 52 0
0 56 0
0 57 32
0 52 27
0 49 27
960 49 0
0 52 0
0 57 0
0 52 32
0 49 27
960 49 0
0 52 0
0 52 31
0 47 26
480 52 0
0 51 26
240 51 0
0 47 0
240 54 45
0 47 38
480 47 0
0 54 0
0 54 45
0 45 38
360 45 0
0 54 0
0 44 44
0 54 52
120 54 0
0 44 0
0 54 51
0 42 43
960 42 0
0 54 0
0 54 30
0 47 25
960 47 0
0 54 0
0 40 31
480 40 0
480 59 53
0 52 45
480 52 0
0 59 0
0 59 60
0 51 50
360 51 0
0 59 0
0 59 51
0 49 43
110 59 0
10 49 0
0 59 61
0 47 51
960 47 0
0 59 0
0 59 53
0 52 45
480 52 0
0 59 0
0 59 60
0 51 50
360 51 0
0 59 0
0 59 51
0 49 43
120 49 0
0 59 0
0 59 61
0 47 51
912 47 0
0 59 0
48 54 40
0 47 34
480 47 0
0 54 0
0 54 40
0 45 34
360 45 0
0 54 0
0 44 39
0 54 46
120 54 0
0 44 0
0 54 45
0 42 38
960 42 0
0 54 0
0 47 27
0 35 22
960 35 0
0 47 0
0 40 41
120 40 0
0 47 34
120 47 0
0 52 34
120 52 0
0 56 34
120 56 0
480 56 38
120 56 0
0 59 34
120 59 0
0 64 34
120 64 0
0 68 34
120 68 0
1920 35 20
0 47 24
240 47 0
0 35 0
240 28 26
0 40 31
240 40 0
0 28 0
