480 71 66
120 71 0
0 69 64
120 69 0
0 68 64
120 68 0
0 69 64
120 69 0
0 72 71
120 72 0
360 74 66
120 74 0
0 72 63
120 72 0
0 71 63
120 71 0
0 72 63
120 72 0
0 76 72
120 76 0
360 77 66
120 77 0
0 76 63
120 76 0
0 75 63
120 75 0
0 76 63
120 76 0
0 83 70
120 83 0
0 81 64
120 81 0
0 80 64
120 80 0
0 81 64
120 81 0
0 83 69
120 83 0
0 81 64
120 81 0
0 80 64
120 80 0
0 81 64
120 81 0
0 84 72
480 84 0
0 81 68
120 81 0
120 84 65
120 84 0
60 79 63
30 79 0
0 81 63
30 81 0
0 83 80
120 83 0
120 78 54
0 81 64
120 81 0
0 78 0
120 76 58
0 79 69
120 79 0
0 76 0
120 78 54
0 81 64
120 81 0
0 78 0
60 79 65
30 79 0
0 81 65
30 81 0
0 83 82
120 83 0
120 78 56
0 81 66
120 81 0
0 78 0
120 76 58
0 79 69
120 79 0
0 76 0
120 78 55
0 81 65
120 81 0
0 78 0
60 79 64
30 79 0
0 81 64
30 83 79
30 81 0
90 83 0
120 78 57
0 81 68
120 81 0
0 78 0
120 76 58
0 79 69
120 79 0
0 76 0
120 75 56
0 78 66
120 78 0
0 75 0
120 76 69
450 76 0
30 71 66
120 71 0
0 69 64
120 69 0
0 68 64
120 68 0
0 69 64
120 69 0
0 72 71
120 72 0
360 74 66
120 74 0
0 72 63
120 72 0
0 71 63
120 71 0
0 72 63
120 72 0
0 76 72
120 76 0
360 77 66
120 77 0
0 76 63
120 76 0
0 75 63
120 75 0
0 76 63
120 76 0
0 83 70
120 83 0
0 81 64
120 81 0
0 80 64
120 80 0
0 81 64
120 81 0
0 83 69
120 83 0
0 81 64
120 81 0
0 80 64
120 80 0
0 81 64
120 81 0
0 84 72
480 84 0
0 81 68
120 81 0
120 84 65
120 84 0
60 79 63
30 79 0
0 81 63
30 81 0
0 83 80
120 83 0
120 78 54
0 81 64
120 81 0
0 78 0
120 76 58
0 79 69
120 79 0
0 76 0
120 78 54
0 81 64
120 81 0
0 78 0
60 79 65
30 79 0
0 81 65
30 81 0
0 83 82
120 83 0
120 78 56
0 81 66
120 81 0
0 78 0
120 76 58
0 79 69
120 79 0
0 76 0
120 78 55
0 81 65
120 81 0
0 78 0
60 79 64
30 79 0
0 81 64
30 83 79
30 81 0
90 83 0
120 78 57
0 81 68
120 81 0
0 78 0
120 76 58
0 79 69
120 79 0
0 76 0
120 75 56
0 78 66
120 78 0
0 75 0
120 76 69
450 76 0
30 72 56
0 76 56
120 76 0
0 72 0
120 74 56
0 77 56
120 77 0
0 74 0
120 76 66
0 79 66
120 79 0
0 76 0
120 76 57
0 79 57
120 79 0
0 76 0
120 81 64
120 81 0
0 79 57
120 79 0
0 77 57
120 77 0
0 76 57
120 76 0
0 74 65
0 71 65
240 71 0
0 67 59
240 67 0
0 74 0
0 72 56
0 76 56
120 76 0
0 72 0
120 74 56
0 77 56
120 77 0
0 74 0
120 76 66
0 79 66
120 79 0
0 76 0
120 76 57
0 79 57
120 79 0
0 76 0
120 81 64
120 81 0
0 79 57
120 79 0
0 77 57
120 77 0
0 76 57
120 76 0
0 74 65
0 71 65
480 71 0
0 74 0
0 69 56
0 72 56
120 72 0
0 69 0
120 71 56
0 74 56
120 74 0
0 71 0
120 72 66
0 76 66
120 76 0
0 72 0
120 72 57
0 76 57
120 76 0
0 72 0
120 77 64
120 77 0
0 76 57
120 76 0
0 74 57
120 74 0
0 72 57
120 72 0
0 71 65
0 68 65
240 68 0
0 64 59
240 64 0
0 71 0
0 69 56
0 72 56
120 72 0
0 69 0
120 71 56
0 74 56
120 74 0
0 71 0
120 72 66
0 76 66
120 76 0
0 72 0
120 72 57
0 76 57
120 76 0
0 72 0
120 77 64
120 77 0
0 76 57
120 76 0
0 74 57
120 74 0
0 72 57
120 72 0
0 71 65
0 68 65
480 68 0
0 71 0
0 71 56
120 71 0
0 69 56
120 69 0
0 68 56
120 68 0
0 69 56
120 69 0
0 72 59
120 72 0
360 74 62
120 74 0
0 72 57
120 72 0
0 71 57
120 71 0
0 72 57
120 72 0
0 76 66
120 76 0
360 77 63
120 77 0
0 76 58
120 76 0
0 75 58
120 75 0
0 76 58
120 76 0
0 83 70
120 83 0
0 81 63
120 81 0
0 80 63
120 80 0
0 81 63
120 81 0
0 83 71
120 83 0
0 81 64
120 81 0
0 80 64
120 80 0
0 81 64
120 81 0
0 84 76
480 84 0
0 81 62
120 81 0
120 83 62
120 83 0
120 84 70
120 84 0
120 83 62
120 83 0
120 81 62
120 81 0
120 80 62
120 80 0
120 81 71
120 81 0
120 76 64
120 76 0
124 77 64
120 77 0
116 74 64
120 74 0
120 72 74
480 72 0
0 71 64
60 71 0
0 72 57
60 72 0
0 71 57
60 71 0
0 72 57
60 72 0
0 71 57
4 71 0
36 72 57
40 72 0
0 71 57
40 71 0
0 69 64
60 69 0
0 71 57
60 71 0
0 69 65
450 69 0
30 72 56
0 76 56
120 76 0
0 72 0
120 74 56
0 77 56
120 77 0
0 74 0
120 76 66
0 79 66
120 79 0
0 76 0
120 76 57
0 79 57
120 79 0
0 76 0
120 81 64
120 81 0
0 79 57
120 79 0
0 77 57
120 77 0
0 76 57
120 76 0
0 74 65
0 71 65
240 71 0
0 67 59
240 67 0
0 74 0
0 72 56
0 76 56
120 76 0
0 72 0
120 74 56
0 77 56
120 77 0
0 74 0
120 76 66
0 79 66
120 79 0
0 76 0
120 76 57
0 79 57
120 79 0
0 76 0
120 81 64
120 81 0
0 79 57
120 79 0
0 77 57
120 77 0
0 76 57
120 76 0
0 74 65
0 71 65
480 71 0
0 74 0
0 69 56
0 72 56
120 72 0
0 69 0
120 71 56
0 74 56
120 74 0
0 71 0
120 72 66
0 76 66
120 76 0
0 72 0
120 72 57
0 76 57
120 76 0
0 72 0
120 77 64
120 77 0
0 76 57
120 76 0
0 74 57
120 74 0
0 72 57
120 72 0
0 71 65
0 68 65
240 68 0
0 64 59
240 64 0
0 71 0
0 69 56
0 72 56
120 72 0
0 69 0
120 71 56
0 74 56
120 74 0
0 71 0
120 72 66
0 76 66
120 76 0
0 72 0
120 72 57
0 76 57
120 76 0
0 72 0
120 77 64
120 77 0
0 76 57
120 76 0
0 74 57
120 74 0
0 72 57
120 72 0
0 71 65
0 68 65
480 68 0
0 71 0
0 71 56
120 71 0
0 69 56
120 69 0
0 68 56
120 68 0
0 69 56
120 69 0
0 72 59
120 72 0
360 74 62
120 74 0
0 72 57
120 72 0
0 71 57
120 71 0
0 72 57
120 72 0
0 76 66
120 76 0
360 77 63
120 77 0
0 76 58
120 76 0
0 75 58
120 75 0
0 76 58
120 76 0
0 83 70
120 83 0
0 81 63
120 81 0
0 80 63
120 80 0
0 81 63
120 81 0
0 83 71
120 83 0
0 81 64
120 81 0
0 80 64
120 80 0
0 81 64
120 81 0
0 84 76
480 84 0
0 81 62
120 81 0
120 83 62
120 83 0
120 84 70
120 84 0
120 83 62
120 83 0
120 81 62
120 81 0
120 80 62
120 80 0
120 81 71
120 81 0
120 76 64
120 76 0
124 77 64
120 77 0
116 74 64
120 74 0
120 72 74
480 72 0
0 71 64
60 71 0
0 72 57
60 72 0
0 71 57
60 71 0
0 72 57
60 72 0
0 71 57
4 71 0
36 72 57
40 72 0
0 71 57
40 71 0
0 69 64
60 69 0
0 71 57
60 71 0
0 69 65
450 69 0
30 69 73
0 81 84
120 81 0
0 69 0
120 71 73
0 83 84
120 83 0
0 71 0
120 73 78
0 85 90
480 85 0
0 73 0
0 69 73
0 81 84
120 81 0
0 69 0
120 71 73
0 83 84
120 83 0
0 71 0
120 73 79
0 85 91
120 85 0
0 73 0
120 71 72
0 83 82
120 83 0
0 71 0
120 69 77
0 81 89
120 81 0
0 69 0
120 68 73
0 80 84
120 80 0
0 68 0
120 66 80
0 78 92
120 78 0
0 66 0
120 68 69
0 80 78
120 80 0
0 68 0
120 69 75
0 81 86
120 81 0
0 69 0
120 71 70
0 83 80
120 83 0
0 71 0
120 68 78
0 80 90
240 80 0
0 68 0
0 64 73
0 76 84
120 76 0
0 64 0
120 69 73
0 81 84
120 81 0
0 69 0
120 71 73
0 83 84
120 83 0
0 71 0
120 73 78
0 85 90
480 85 0
0 73 0
0 69 73
0 81 84
120 81 0
0 69 0
120 71 73
0 83 84
120 83 0
0 71 0
120 73 79
0 85 91
120 85 0
0 73 0
120 71 72
0 83 82
120 83 0
0 71 0
120 69 77
0 81 89
120 81 0
0 69 0
120 68 73
0 80 84
120 80 0
0 68 0
120 66 80
0 78 92
120 78 0
0 66 0
120 71 69
0 83 78
120 83 0
0 71 0
120 68 75
0 80 86
120 80 0
0 68 0
120 64 70
0 76 80
120 76 0
0 64 0
120 69 78
0 81 90
450 81 0
0 69 0
30 69 73
0 81 84
120 81 0
0 69 0
120 71 73
0 83 84
120 83 0
0 71 0
120 73 78
0 85 90
480 85 0
0 73 0
0 69 73
0 81 84
120 81 0
0 69 0
120 71 73
0 83 84
120 83 0
0 71 0
120 73 79
0 85 91
120 85 0
0 73 0
120 71 72
0 83 82
120 83 0
0 71 0
120 69 77
0 81 89
120 81 0
0 69 0
120 68 73
0 80 84
120 80 0
0 68 0
120 66 80
0 78 92
120 78 0
0 66 0
120 68 69
0 80 78
120 80 0
0 68 0
120 69 75
0 81 86
120 81 0
0 69 0
120 71 70
0 83 80
120 83 0
0 71 0
120 68 78
0 80 90
240 80 0
0 68 0
0 64 73
0 76 84
120 76 0
0 64 0
120 69 73
0 81 84
120 81 0
0 69 0
120 71 73
0 83 84
120 83 0
0 71 0
120 73 78
0 85 90
480 85 0
0 73 0
0 69 73
0 81 84
120 81 0
0 69 0
120 71 73
0 83 84
120 83 0
0 71 0
120 73 79
0 85 91
120 85 0
0 73 0
120 71 72
0 83 82
120 83 0
0 71 0
120 69 77
0 81 89
120 81 0
0 69 0
120 68 73
0 80 84
120 80 0
0 68 0
120 66 80
0 78 92
120 78 0
0 66 0
120 71 69
0 83 78
120 83 0
0 71 0
120 68 75
0 80 86
120 80 0
0 68 0
120 64 70
0 76 80
120 76 0
0 64 0
120 69 78
0 81 90
450 81 0
0 69 0
30 85 60
120 86 52
12 85 0
108 85 52
12 86 0
108 83 52
12 85 0
108 81 58
12 83 0
108 83 50
12 81 0
108 81 50
12 83 0
108 80 50
12 81 0
108 78 56
12 80 0
108 81 50
12 78 0
108 80 46
12 81 0
108 78 46
12 80 0
108 77 58
12 78 0
108 78 47
12 77 0
108 80 49
12 78 0
108 77 46
12 80 0
108 73 56
12 77 0
108 75 47
12 73 0
108 77 50
12 75 0
108 73 47
12 77 0
108 78 56
12 73 0
108 77 47
12 78 0
108 78 51
12 77 0
108 80 48
12 78 0
108 81 58
12 80 0
108 80 54
12 81 0
108 81 56
12 80 0
108 83 59
12 81 0
108 85 68
12 83 0
108 84 62
12 85 0
108 85 66
12 84 0
108 84 59
12 85 0
108 84 0
0 85 61
120 86 55
12 85 0
108 85 55
12 86 0
108 83 55
12 85 0
108 81 58
12 83 0
108 83 47
12 81 0
108 81 53
12 83 0
108 80 47
12 81 0
108 78 54
12 80 0
108 81 47
12 78 0
108 80 50
12 81 0
108 78 46
12 80 0
108 76 56
12 78 0
108 78 47
12 76 0
108 80 50
12 78 0
108 76 47
12 80 0
108 73 54
12 76 0
108 75 47
12 73 0
108 76 53
12 75 0
108 73 47
12 76 0
108 75 53
12 73 0
108 76 47
12 75 0
108 78 51
12 76 0
108 75 47
12 78 0
108 72 50
12 75 0
108 73 47
12 72 0
108 75 50
12 73 0
108 72 46
12 75 0
108 73 52
12 72 0
438 73 0
30 85 60
120 86 52
12 85 0
108 85 52
12 86 0
108 83 52
12 85 0
108 81 58
12 83 0
108 83 50
12 81 0
108 81 50
12 83 0
108 80 50
12 81 0
108 78 56
12 80 0
108 81 50
12 78 0
108 80 46
12 81 0
108 78 46
12 80 0
108 77 58
12 78 0
108 78 47
12 77 0
108 80 49
12 78 0
108 77 46
12 80 0
108 73 56
12 77 0
108 75 47
12 73 0
108 77 50
12 75 0
108 73 47
12 77 0
108 78 56
12 73 0
108 77 47
12 78 0
108 78 51
12 77 0
108 80 48
12 78 0
108 81 58
12 80 0
108 80 54
12 81 0
108 81 56
12 80 0
108 83 59
12 81 0
108 85 68
12 83 0
108 84 62
12 85 0
108 85 66
12 84 0
108 84 59
12 85 0
108 84 0
0 85 64
120 86 57
12 85 0
108 85 57
12 86 0
108 83 57
12 85 0
108 81 60
12 83 0
108 83 51
12 81 0
108 81 55
12 83 0
108 80 47
12 81 0
108 78 54
12 80 0
108 81 47
12 78 0
108 80 50
12 81 0
108 78 46
12 80 0
108 76 53
12 78 0
108 78 47
12 76 0
108 80 50
12 78 0
108 76 47
12 80 0
108 73 54
12 76 0
108 75 47
12 73 0
108 76 53
12 75 0
108 73 47
12 76 0
108 75 53
12 73 0
108 76 47
12 75 0
108 78 51
12 76 0
108 75 47
12 78 0
108 72 50
12 75 0
108 73 47
12 72 0
108 75 50
12 73 0
108 72 46
12 75 0
108 73 52
12 72 0
438 73 0
30 76 69
120 74 59
12 76 0
108 73 59
12 74 0
108 71 59
12 73 0
108 69 66
12 71 0
108 71 57
12 69 0
108 73 57
12 71 0
108 74 57
12 73 0
108 76 64
12 74 0
108 78 57
12 76 0
108 80 56
12 78 0
108 81 56
12 80 0
103 81 0
5 81 66
120 80 60
12 81 0
108 78 60
12 80 0
108 76 57
12 78 0
103 76 0
5 76 64
120 74 59
12 76 0
108 73 59
12 74 0
108 71 59
12 73 0
108 69 64
12 71 0
108 71 54
12 69 0
108 73 57
12 71 0
108 74 54
12 73 0
108 76 64
12 74 0
108 78 58
12 76 0
108 80 60
12 78 0
108 81 63
12 80 0
108 81 0
0 82 75
240 82 0
0 83 69
132 83 0
108 76 69
120 74 59
12 76 0
108 73 59
12 74 0
108 71 59
12 73 0
108 69 66
12 71 0
108 71 57
12 69 0
108 73 57
12 71 0
108 74 57
12 73 0
108 76 64
12 74 0
108 78 57
12 76 0
108 80 56
12 78 0
108 81 56
12 80 0
103 81 0
5 81 66
120 80 57
12 81 0
108 78 60
12 80 0
108 76 57
12 78 0
103 76 0
5 76 64
120 74 59
12 76 0
108 73 59
12 74 0
108 71 59
12 73 0
108 73 64
12 71 0
108 76 54
12 73 0
108 69 57
12 76 0
108 73 54
12 69 0
108 71 64
12 73 0
108 74 58
12 71 0
108 68 60
12 74 0
108 71 55
12 68 0
108 71 0
0 69 66
360 69 0
120 85 60
120 86 52
12 85 0
108 85 52
12 86 0
108 83 52
12 85 0
108 81 58
12 83 0
108 83 50
12 81 0
108 81 50
12 83 0
108 80 50
12 81 0
108 78 56
12 80 0
108 81 50
12 78 0
108 80 46
12 81 0
108 78 46
12 80 0
108 77 58
12 78 0
108 78 47
12 77 0
108 80 49
12 78 0
108 77 46
12 80 0
108 73 56
12 77 0
108 75 47
12 73 0
108 77 50
12 75 0
108 73 47
12 77 0
108 78 56
12 73 0
108 77 47
12 78 0
108 78 50
12 77 0
108 80 47
12 78 0
108 81 56
12 80 0
108 80 51
12 81 0
108 81 53
12 80 0
108 83 55
12 81 0
108 85 62
12 83 0
108 84 57
12 85 0
108 85 60
12 84 0
108 84 54
12 85 0
108 84 0
0 85 62
120 86 56
12 85 0
108 85 65
12 86 0
108 82 60
12 85 0
108 86 69
12 82 0
108 85 63
12 86 0
108 86 69
12 85 0
108 85 64
12 86 0
108 86 68
12 85 0
108 85 66
12 86 0
108 86 72
12 85 0
108 85 68
12 86 0
108 86 70
12 85 0
108 85 69
12 86 0
108 83 67
12 85 0
108 81 66
12 83 0
108 80 64
12 81 0
108 81 61
12 80 0
108 83 64
12 81 0
108 80 61
12 83 0
108 81 57
12 80 0
108 83 49
12 81 0
108 85 55
12 83 0
108 78 50
12 85 0
108 77 53
12 78 0
108 78 47
12 77 0
108 80 54
12 78 0
108 77 47
12 80 0
108 78 54
12 77 0
438 78 0
30 76 69
120 74 59
12 76 0
108 73 59
12 74 0
108 71 59
12 73 0
108 69 66
12 71 0
108 71 57
12 69 0
108 73 57
12 71 0
108 74 57
12 73 0
108 76 64
12 74 0
108 78 57
12 76 0
108 80 56
12 78 0
108 81 56
12 80 0
103 81 0
5 81 66
120 80 60
12 81 0
108 78 60
12 80 0
108 76 57
12 78 0
103 76 0
5 76 64
120 74 59
12 76 0
108 73 59
12 74 0
108 71 59
12 73 0
108 69 64
12 71 0
108 71 54
12 69 0
108 73 57
12 71 0
108 74 54
12 73 0
108 76 64
12 74 0
108 78 58
12 76 0
108 80 60
12 78 0
108 81 63
12 80 0
108 81 0
0 82 75
240 82 0
0 83 69
132 83 0
108 76 69
120 74 59
12 76 0
108 73 59
12 74 0
108 71 59
12 73 0
108 69 66
12 71 0
108 71 57
12 69 0
108 73 57
12 71 0
108 74 57
12 73 0
108 76 64
12 74 0
108 78 57
12 76 0
108 80 56
12 78 0
108 81 56
12 80 0
103 81 0
5 81 66
120 80 57
12 81 0
108 78 60
12 80 0
108 76 57
12 78 0
103 76 0
5 76 64
120 74 59
12 76 0
108 73 59
12 74 0
108 71 59
12 73 0
108 73 64
12 71 0
108 76 54
12 73 0
108 69 57
12 76 0
108 73 54
12 69 0
108 71 64
12 73 0
108 74 58
12 71 0
108 68 60
12 74 0
108 71 55
12 68 0
108 71 0
0 69 66
360 69 0
120 85 60
120 86 52
12 85 0
108 85 52
12 86 0
108 83 52
12 85 0
108 81 58
12 83 0
108 83 50
12 81 0
108 81 50
12 83 0
108 80 50
12 81 0
108 78 56
12 80 0
108 81 50
12 78 0
108 80 46
12 81 0
108 78 46
12 80 0
108 77 58
12 78 0
108 78 47
12 77 0
108 80 49
12 78 0
108 77 46
12 80 0
108 73 56
12 77 0
108 75 47
12 73 0
108 77 50
12 75 0
108 73 47
12 77 0
108 78 56
12 73 0
108 77 47
12 78 0
108 78 50
12 77 0
108 80 47
12 78 0
108 81 56
12 80 0
108 80 51
12 81 0
108 81 53
12 80 0
108 83 55
12 81 0
108 85 62
12 83 0
108 84 57
12 85 0
108 85 60
12 84 0
108 84 54
12 85 0
108 84 0
0 85 62
120 86 56
12 85 0
108 85 65
12 86 0
108 82 60
12 85 0
108 86 69
12 82 0
108 85 63
12 86 0
108 86 69
12 85 0
108 85 64
12 86 0
108 86 68
12 85 0
108 85 66
12 86 0
108 86 72
12 85 0
108 85 68
12 86 0
108 86 70
12 85 0
108 85 69
12 86 0
108 83 67
12 85 0
108 81 66
12 83 0
108 80 64
12 81 0
108 81 61
12 80 0
108 83 64
12 81 0
108 80 61
12 83 0
108 81 57
12 80 0
108 83 49
12 81 0
108 85 55
12 83 0
108 78 50
12 85 0
108 77 53
12 78 0
108 78 47
12 77 0
108 80 54
12 78 0
108 77 47
12 80 0
108 78 54
12 77 0
438 78 0
30 69 73
0 81 84
120 81 0
0 69 0
120 71 73
0 83 84
120 83 0
0 71 0
120 73 78
0 85 90
480 85 0
0 73 0
0 69 73
0 81 84
120 81 0
0 69 0
120 71 73
0 83 84
120 83 0
0 71 0
120 73 79
0 85 91
120 85 0
0 73 0
120 71 72
0 83 82
120 83 0
0 71 0
120 69 77
0 81 89
120 81 0
0 69 0
120 68 73
0 80 84
120 80 0
0 68 0
120 66 80
0 78 92
120 78 0
0 66 0
120 68 69
0 80 78
120 80 0
0 68 0
120 69 75
0 81 86
120 81 0
0 69 0
120 71 70
0 83 80
120 83 0
0 71 0
120 68 78
0 80 90
240 80 0
0 68 0
0 64 73
0 76 84
120 76 0
0 64 0
120 69 73
0 81 84
120 81 0
0 69 0
120 71 73
0 83 84
120 83 0
0 71 0
120 73 78
0 85 90
480 85 0
0 73 0
0 69 73
0 81 84
120 81 0
0 69 0
120 71 73
0 83 84
120 83 0
0 71 0
120 73 79
0 85 91
120 85 0
0 73 0
120 71 72
0 83 82
120 83 0
0 71 0
120 69 77
0 81 89
120 81 0
0 69 0
120 68 73
0 80 84
120 80 0
0 68 0
120 66 80
0 78 92
120 78 0
0 66 0
120 71 69
0 83 78
120 83 0
0 71 0
120 68 75
0 80 86
120 80 0
0 68 0
120 64 70
0 76 80
120 76 0
0 64 0
120 69 78
0 81 90
450 81 0
0 69 0
30 69 73
0 81 84
120 81 0
0 69 0
120 71 73
0 83 84
120 83 0
0 71 0
120 73 78
0 85 90
480 85 0
0 73 0
0 69 73
0 81 84
120 81 0
0 69 0
120 71 73
0 83 84
120 83 0
0 71 0
120 73 79
0 85 91
120 85 0
0 73 0
120 71 72
0 83 82
120 83 0
0 71 0
120 69 77
0 81 89
120 81 0
0 69 0
120 68 73
0 80 84
120 80 0
0 68 0
120 66 80
0 78 92
120 78 0
0 66 0
120 68 69
0 80 78
120 80 0
0 68 0
120 69 75
0 81 86
120 81 0
0 69 0
120 71 70
0 83 80
120 83 0
0 71 0
120 68 78
0 80 90
240 80 0
0 68 0
0 64 73
0 76 84
120 76 0
0 64 0
120 69 73
0 81 84
120 81 0
0 69 0
120 71 73
0 83 84
120 83 0
0 71 0
120 73 78
0 85 90
480 85 0
0 73 0
0 69 73
0 81 84
120 81 0
0 69 0
120 71 73
0 83 84
120 83 0
0 71 0
120 73 79
0 85 91
120 85 0
0 73 0
120 71 72
0 83 82
120 83 0
0 71 0
120 69 77
0 81 89
120 81 0
0 69 0
120 68 73
0 80 84
120 80 0
0 68 0
120 66 80
0 78 92
120 78 0
0 66 0
120 71 69
0 83 78
120 83 0
0 71 0
120 68 75
0 80 86
120 80 0
0 68 0
120 64 70
0 76 80
120 76 0
0 64 0
120 69 78
0 81 90
450 81 0
0 69 0
30 71 66
120 71 0
0 69 64
120 69 0
0 68 64
120 68 0
0 69 64
120 69 0
0 72 71
120 72 0
360 74 66
120 74 0
0 72 63
120 72 0
0 71 63
120 71 0
0 72 63
120 72 0
0 76 72
120 76 0
360 77 66
120 77 0
0 76 63
120 76 0
0 75 63
120 75 0
0 76 63
120 76 0
0 83 70
120 83 0
0 81 64
120 81 0
0 80 64
120 80 0
0 81 64
120 81 0
0 83 69
120 83 0
0 81 64
120 81 0
0 80 64
120 80 0
0 81 64
120 81 0
0 84 72
480 84 0
0 81 68
120 81 0
120 84 65
120 84 0
60 79 63
30 79 0
0 81 63
30 81 0
0 83 80
120 83 0
120 78 54
0 81 64
120 81 0
0 78 0
120 76 58
0 79 69
120 79 0
0 76 0
120 78 54
0 81 64
120 81 0
0 78 0
60 79 65
30 79 0
0 81 65
30 81 0
0 83 82
120 83 0
120 78 56
0 81 66
120 81 0
0 78 0
120 76 58
0 79 69
120 79 0
0 76 0
120 78 55
0 81 65
120 81 0
0 78 0
60 79 64
30 79 0
0 81 64
30 83 79
30 81 0
90 83 0
120 78 57
0 81 68
120 81 0
0 78 0
120 76 58
0 79 69
120 79 0
0 76 0
120 75 56
0 78 66
120 78 0
0 75 0
120 76 69
450 76 0
30 71 66
120 71 0
0 69 64
120 69 0
0 68 64
120 68 0
0 69 64
120 69 0
0 72 71
120 72 0
360 74 66
120 74 0
0 72 63
120 72 0
0 71 63
120 71 0
0 72 63
120 72 0
0 76 72
120 76 0
360 77 66
120 77 0
0 76 63
120 76 0
0 75 63
120 75 0
0 76 63
120 76 0
0 83 70
120 83 0
0 81 64
120 81 0
0 80 64
120 80 0
0 81 64
120 81 0
0 83 69
120 83 0
0 81 64
120 81 0
0 80 64
120 80 0
0 81 64
120 81 0
0 84 72
480 84 0
0 81 68
120 81 0
120 84 65
120 84 0
60 79 63
30 79 0
0 81 63
30 81 0
0 83 80
120 83 0
120 78 54
0 81 64
120 81 0
0 78 0
120 76 58
0 79 69
120 79 0
0 76 0
120 78 54
0 81 64
120 81 0
0 78 0
60 79 65
30 79 0
0 81 65
30 81 0
0 83 82
120 83 0
120 78 56
0 81 66
120 81 0
0 78 0
120 76 58
0 79 69
120 79 0
0 76 0
120 78 55
0 81 65
120 81 0
0 78 0
60 79 64
30 79 0
0 81 64
30 83 79
30 81 0
90 83 0
120 78 57
0 81 68
120 81 0
0 78 0
120 76 58
0 79 69
120 79 0
0 76 0
120 75 56
0 78 66
120 78 0
0 75 0
120 76 69
450 76 0
30 72 56
0 76 56
120 76 0
0 72 0
120 74 56
0 77 56
120 77 0
0 74 0
120 76 66
0 79 66
120 79 0
0 76 0
120 76 57
0 79 57
120 79 0
0 76 0
120 81 64
120 81 0
0 79 57
120 79 0
0 77 57
120 77 0
0 76 57
120 76 0
0 74 65
0 71 65
240 71 0
0 67 59
240 67 0
0 74 0
0 72 56
0 76 56
120 76 0
0 72 0
120 74 56
0 77 56
120 77 0
0 74 0
120 76 66
0 79 66
120 79 0
0 76 0
120 76 57
0 79 57
120 79 0
0 76 0
120 81 64
120 81 0
0 79 57
120 79 0
0 77 57
120 77 0
0 76 57
120 76 0
0 74 65
0 71 65
480 71 0
0 74 0
0 69 56
0 72 56
120 72 0
0 69 0
120 71 56
0 74 56
120 74 0
0 71 0
120 72 66
0 76 66
120 76 0
0 72 0
120 72 57
0 76 57
120 76 0
0 72 0
120 77 64
120 77 0
0 76 57
120 76 0
0 74 57
120 74 0
0 72 57
120 72 0
0 71 65
0 68 65
240 68 0
0 64 59
240 64 0
0 71 0
0 69 56
0 72 56
120 72 0
0 69 0
120 71 56
0 74 56
120 74 0
0 71 0
120 72 66
0 76 66
120 76 0
0 72 0
120 72 57
0 76 57
120 76 0
0 72 0
120 77 64
120 77 0
0 76 57
120 76 0
0 74 57
120 74 0
0 72 57
120 72 0
0 71 65
0 68 65
480 68 0
0 71 0
0 71 56
120 71 0
0 69 56
120 69 0
0 68 56
120 68 0
0 69 56
120 69 0
0 72 59
120 72 0
360 74 62
120 74 0
0 72 57
120 72 0
0 71 57
120 71 0
0 72 57
120 72 0
0 76 66
120 76 0
360 77 63
120 77 0
0 76 58
120 76 0
0 75 58
120 75 0
0 76 58
120 76 0
0 83 70
120 83 0
0 81 63
120 81 0
0 80 63
120 80 0
0 81 63
120 81 0
0 83 71
120 83 0
0 81 64
120 81 0
0 80 64
120 80 0
0 81 64
120 81 0
0 84 76
480 84 0
0 81 62
120 81 0
120 83 62
120 83 0
120 84 70
120 84 0
120 83 62
120 83 0
120 81 62
120 81 0
120 80 62
120 80 0
120 81 71
120 81 0
120 76 64
120 76 0
124 77 64
120 77 0
116 74 64
120 74 0
120 72 74
480 72 0
0 71 64
60 71 0
0 72 57
60 72 0
0 71 57
60 71 0
0 72 57
60 72 0
0 71 57
4 71 0
36 72 57
40 72 0
0 71 57
40 71 0
0 69 64
60 69 0
0 71 57
60 71 0
0 69 65
450 69 0
30 72 56
0 76 56
120 76 0
0 72 0
120 74 56
0 77 56
120 77 0
0 74 0
120 76 66
0 79 66
120 79 0
0 76 0
120 76 57
0 79 57
120 79 0
0 76 0
120 81 64
120 81 0
0 79 57
120 79 0
0 77 57
120 77 0
0 76 57
120 76 0
0 74 65
0 71 65
240 71 0
0 67 59
240 67 0
0 74 0
0 72 56
0 76 56
120 76 0
0 72 0
120 74 56
0 77 56
120 77 0
0 74 0
120 76 66
0 79 66
120 79 0
0 76 0
120 76 57
0 79 57
120 79 0
0 76 0
120 81 64
120 81 0
0 79 57
120 79 0
0 77 57
120 77 0
0 76 57
120 76 0
0 74 65
0 71 65
480 71 0
0 74 0
0 69 56
0 72 56
120 72 0
0 69 0
120 71 56
0 74 56
120 74 0
0 71 0
120 72 66
0 76 66
120 76 0
0 72 0
120 72 57
0 76 57
120 76 0
0 72 0
120 77 64
120 77 0
0 76 57
120 76 0
0 74 57
120 74 0
0 72 57
120 72 0
0 71 65
0 68 65
240 68 0
0 64 59
240 64 0
0 71 0
0 69 56
0 72 56
120 72 0
0 69 0
120 71 56
0 74 56
120 74 0
0 71 0
120 72 66
0 76 66
120 76 0
0 72 0
120 72 57
0 76 57
120 76 0
0 72 0
120 77 64
120 77 0
0 76 57
120 76 0
0 74 57
120 74 0
0 72 57
120 72 0
0 71 65
0 68 65
480 68 0
0 71 0
0 71 56
120 71 0
0 69 56
120 69 0
0 68 56
120 68 0
0 69 56
120 69 0
0 72 59
120 72 0
360 74 62
120 74 0
0 72 57
120 72 0
0 71 57
120 71 0
0 72 57
120 72 0
0 76 66
120 76 0
360 77 63
120 77 0
0 76 58
120 76 0
0 75 58
120 75 0
0 76 58
120 76 0
0 83 70
120 83 0
0 81 63
120 81 0
0 80 63
120 80 0
0 81 63
120 81 0
0 83 71
120 83 0
0 81 64
120 81 0
0 80 64
120 80 0
0 81 64
120 81 0
0 84 76
480 84 0
0 81 62
120 81 0
120 83 62
120 83 0
120 84 70
120 84 0
120 83 62
120 83 0
120 81 62
120 81 0
120 80 62
120 80 0
120 81 71
120 81 0
120 76 64
120 76 0
124 77 64
120 77 0
116 74 64
120 74 0
120 72 74
480 72 0
0 71 64
60 71 0
0 72 57
60 72 0
0 71 57
60 71 0
0 72 57
60 72 0
0 71 57
4 71 0
36 72 57
40 72 0
0 71 57
40 71 0
0 69 64
60 69 0
0 71 57
60 71 0
0 69 65
450 69 0
30 69 82
120 69 0
0 81 79
120 81 0
0 71 83
120 71 0
0 83 80
120 83 0
0 73 89
120 73 0
0 85 84
120 85 0
240 69 85
120 69 0
0 81 73
120 81 0
0 71 84
120 71 0
0 83 72
120 83 0
0 73 90
120 73 0
0 85 75
120 85 0
0 71 84
120 71 0
0 83 73
120 83 0
0 69 87
120 69 0
0 81 74
120 81 0
0 68 83
120 68 0
0 80 76
120 80 0
0 66 88
120 66 0
0 78 75
120 78 0
0 68 83
120 68 0
0 80 69
120 80 0
0 69 79
120 69 0
0 81 71
120 81 0
0 71 81
120 71 0
0 83 73
120 83 0
0 68 86
120 68 0
0 80 73
120 80 0
0 64 81
120 64 0
0 76 72
120 76 0
0 69 83
120 69 0
0 81 73
120 81 0
0 71 82
120 71 0
0 83 73
120 83 0
0 73 89
120 73 0
0 85 77
120 85 0
240 69 85
120 69 0
0 81 76
120 81 0
0 71 84
120 71 0
0 83 77
120 83 0
0 73 92
120 73 0
0 85 77
120 85 0
0 71 84
120 71 0
0 83 75
120 83 0
0 69 88
120 69 0
0 81 77
120 81 0
0 68 84
120 68 0
0 80 75
120 80 0
0 66 91
120 66 0
0 78 79
120 78 0
0 71 82
120 71 0
0 83 72
120 83 0
0 68 86
120 68 0
0 80 75
120 80 0
0 64 80
120 64 0
0 76 74
120 76 0
0 69 78
0 81 90
450 81 0
0 69 0
30 69 82
120 69 0
0 81 79
120 81 0
0 71 83
120 71 0
0 83 80
120 83 0
0 73 89
120 73 0
0 85 84
120 85 0
240 69 85
120 69 0
0 81 73
120 81 0
0 71 84
120 71 0
0 83 72
120 83 0
0 73 90
120 73 0
0 85 75
120 85 0
0 71 84
120 71 0
0 83 73
120 83 0
0 69 87
120 69 0
0 81 74
120 81 0
0 68 83
120 68 0
0 80 76
120 80 0
0 66 88
120 66 0
0 78 75
120 78 0
0 68 83
120 68 0
0 80 69
120 80 0
0 69 79
120 69 0
0 81 71
120 81 0
0 71 81
120 71 0
0 83 73
120 83 0
0 68 86
120 68 0
0 80 73
120 80 0
0 64 81
120 64 0
0 76 72
120 76 0
0 69 83
120 69 0
0 81 73
120 81 0
0 71 82
120 71 0
0 83 73
120 83 0
0 73 89
120 73 0
0 85 77
120 85 0
240 69 85
120 69 0
0 81 76
120 81 0
0 71 84
120 71 0
0 83 77
120 83 0
0 73 92
120 73 0
0 85 77
120 85 0
0 71 84
120 71 0
0 83 75
120 83 0
0 69 88
120 69 0
0 81 77
120 81 0
0 68 84
120 68 0
0 80 75
120 80 0
0 66 91
120 66 0
0 78 79
120 78 0
0 71 82
120 71 0
0 83 72
120 83 0
0 68 86
120 68 0
0 80 75
120 80 0
0 64 80
120 64 0
0 76 74
120 76 0
0 69 78
0 81 90
480 81 0
0 69 0
0 85 90
0 73 78
360 85 0
0 85 90
90 85 0
0 73 74
10 76 77
10 81 80
10 73 0
0 85 90
480 73 0
0 81 0
0 76 0
450 73 74
10 76 77
10 81 80
10 85 0
0 85 90
480 73 0
0 81 0
0 76 0
480 85 0
0 86 90
120 86 0
0 85 87
120 85 0
0 83 86
60 83 0
60 85 86
60 85 0
60 86 90
120 86 0
0 85 84
120 85 0
0 83 84
60 83 0
60 85 85
60 85 0
60 78 80
0 81 80
0 86 90
930 86 76
30 86 0
0 78 0
0 81 0
0 86 0
0 76 76
0 81 76
0 85 90
60 85 0
0 81 0
0 76 0
150 86 76
30 86 0
0 76 72
0 81 72
0 85 85
60 85 0
0 81 0
0 76 0
150 86 76
30 86 0
0 76 72
0 81 72
0 85 85
60 85 0
0 81 0
0 76 0
150 86 76
30 86 0
0 76 72
0 81 72
0 85 85
60 85 0
0 81 0
0 76 0
180 76 80
0 80 80
0 83 90
840 83 0
0 88 103
90 88 0
0 73 74
10 76 77
10 81 80
10 80 0
0 76 0
0 85 90
480 76 0
0 81 0
0 73 0
450 73 74
10 76 77
10 81 80
10 85 0
0 85 90
480 73 0
0 81 0
0 76 0
480 85 0
0 86 90
120 86 0
0 85 87
120 85 0
0 83 86
60 83 0
60 85 86
60 85 0
60 86 90
120 86 0
0 85 84
120 85 0
0 83 84
60 83 0
60 85 85
60 85 0
60 78 80
0 81 80
0 86 90
930 86 76
30 86 0
0 78 0
0 81 0
0 86 0
0 76 76
0 81 76
0 85 90
930 85 76
30 85 0
0 76 0
0 81 0
0 85 0
0 76 76
0 80 76
0 83 90
60 83 0
0 80 0
0 76 0
150 85 76
30 85 0
0 76 72
0 80 72
0 83 85
60 83 0
0 80 0
0 76 0
150 85 76
30 85 0
0 76 72
0 80 72
0 83 85
60 83 0
0 80 0
0 76 0
150 85 76
30 85 0
0 76 72
0 80 72
0 83 85
60 83 0
0 80 0
0 76 0
180 81 90
420 81 0
0 76 55
30 76 0
0 81 60
30 81 0
0 85 67
360 85 0
0 85 63
60 85 0
0 76 55
30 76 0
0 81 60
30 81 0
0 85 70
900 85 0
0 76 55
30 76 0
0 81 60
30 81 0
0 85 69
960 85 0
0 86 69
120 86 0
0 85 60
120 85 0
0 83 60
60 83 0
60 85 60
60 85 0
60 86 68
120 86 0
0 85 61
120 85 0
0 83 61
60 83 0
60 85 61
60 85 0
60 86 67
930 86 59
30 86 0
0 86 0
0 85 71
60 85 0
150 86 56
30 86 0
0 85 64
60 85 0
150 86 57
30 86 0
0 85 65
60 85 0
150 86 59
30 86 0
0 85 66
60 85 0
180 83 67
840 83 0
0 88 94
90 88 0
0 73 74
10 76 77
10 81 80
10 85 90
480 81 0
0 73 0
0 76 0
450 73 74
10 76 77
10 81 80
10 85 0
0 85 90
480 73 0
0 81 0
0 76 0
480 85 0
0 86 90
120 86 0
0 85 87
120 85 0
0 83 86
60 83 0
60 85 86
60 85 0
60 86 90
120 86 0
0 85 84
120 85 0
0 83 84
60 83 0
60 85 85
60 85 0
60 78 80
0 81 80
0 86 90
930 86 76
30 86 0
0 78 0
0 81 0
0 86 0
0 76 76
0 81 76
0 85 90
930 85 76
30 85 0
0 76 0
0 81 0
0 85 0
0 76 76
0 80 76
0 83 90
60 83 0
0 80 0
0 76 0
150 85 76
30 85 0
0 76 72
0 80 72
0 83 85
60 83 0
0 80 0
0 76 0
150 85 76
30 85 0
0 76 72
0 80 72
0 83 85
60 83 0
0 80 0
0 76 0
150 85 76
30 85 0
0 76 72
0 80 72
0 83 85
60 83 0
0 80 0
0 76 0
180 69 90
0 73 90
0 76 90
0 81 90
720 81 0
0 69 0
0 73 0
0 76 0
0 73 73
0 85 87
60 85 0
0 73 0
180 69 90
0 81 90
720 81 0
0 69 0
0 73 73
0 85 87
60 85 0
0 73 0
180 69 90
0 81 90
720 81 0
0 69 0
0 73 73
0 85 87
60 85 0
0 73 0
180 69 82
0 81 97
120 81 0
0 69 0
120 73 78
0 85 92
120 85 0
0 73 0
120 69 83
0 81 99
120 81 0
0 69 0
120 73 79
0 85 93
120 85 0
0 73 0
120 69 90
0 81 108
480 81 0
0 69 0
0 69 82
0 73 82
0 76 82
0 81 97
480 81 0
0 69 0
0 73 0
0 76 0
0 69 86
0 73 86
0 76 86
0 81 103
480 81 0
0 69 0
0 73 0
0 76 0
960 57 57
120 57 0
120 64 52
0 60 43
120 60 0
0 64 0
120 60 43
0 64 52
120 64 0
0 60 0
120 60 42
0 64 51
120 64 0
0 60 0
120 57 57
120 57 0
120 64 52
0 60 43
120 60 0
0 64 0
120 64 52
0 60 43
120 60 0
0 64 0
120 64 52
0 60 43
120 60 0
0 64 0
120 57 57
120 57 0
120 64 50
0 60 42
120 60 0
0 64 0
120 57 57
120 57 0
120 64 52
0 60 43
120 60 0
0 64 0
120 57 57
120 57 0
120 64 50
0 60 42
120 60 0
0 64 0
120 64 50
0 60 42
120 60 0
0 64 0
120 64 50
0 60 42
120 60 0
0 64 0
120 52 65
120 52 0
120 64 53
0 59 44
120 59 0
0 64 0
120 64 53
0 59 44
120 59 0
0 64 0
120 64 53
0 59 44
120 59 0
0 64 0
120 52 66
120 52 0
120 64 52
0 59 43
120 59 0
0 64 0
120 64 52
0 59 43
120 59 0
0 64 0
120 64 52
0 59 43
120 59 0
0 64 0
120 52 67
120 52 0
120 64 52
0 59 43
120 59 0
0 64 0
120 47 52
120 47 0
120 59 52
120 59 0
120 52 57
450 52 0
510 57 57
120 57 0
120 64 52
0 60 43
120 60 0
0 64 0
120 60 43
0 64 52
120 64 0
0 60 0
120 60 42
0 64 51
120 64 0
0 60 0
120 57 57
120 57 0
120 64 52
0 60 43
120 60 0
0 64 0
120 64 52
0 60 43
120 60 0
0 64 0
120 64 52
0 60 43
120 60 0
0 64 0
120 57 57
120 57 0
120 64 50
0 60 42
120 60 0
0 64 0
120 57 57
120 57 0
120 64 52
0 60 43
120 60 0
0 64 0
120 57 57
120 57 0
120 64 50
0 60 42
120 60 0
0 64 0
120 64 50
0 60 42
120 60 0
0 64 0
120 64 50
0 60 42
120 60 0
0 64 0
120 52 65
120 52 0
120 64 53
0 59 44
120 59 0
0 64 0
120 64 53
0 59 44
120 59 0
0 64 0
120 64 53
0 59 44
120 59 0
0 64 0
120 52 66
120 52 0
120 64 52
0 59 43
120 59 0
0 64 0
120 64 52
0 59 43
120 59 0
0 64 0
120 64 52
0 59 43
120 59 0
0 64 0
120 52 67
120 52 0
120 64 52
0 59 43
120 59 0
0 64 0
120 47 52
120 47 0
120 59 52
120 59 0
120 52 57
450 52 0
510 48 59
120 48 0
120 60 53
120 60 0
120 52 59
120 52 0
120 64 57
120 64 0
120 55 60
480 55 0
480 48 59
120 48 0
120 60 53
120 60 0
120 52 59
120 52 0
120 64 57
120 64 0
120 55 60
480 55 0
480 45 59
120 45 0
120 57 53
120 57 0
120 48 59
120 48 0
120 60 57
120 60 0
120 52 60
480 52 0
480 45 59
120 45 0
120 57 53
120 57 0
120 48 59
120 48 0
120 60 57
120 60 0
120 52 60
480 52 0
480 57 53
120 57 0
120 64 47
0 60 47
120 60 0
0 64 0
120 60 47
0 64 47
120 64 0
0 60 0
120 60 47
0 64 47
120 64 0
0 60 0
120 57 54
120 57 0
120 64 48
0 60 48
120 60 0
0 64 0
120 64 48
0 60 48
120 60 0
0 64 0
120 64 48
0 60 48
120 60 0
0 64 0
120 57 56
120 57 0
120 64 49
0 60 49
120 60 0
0 64 0
120 57 57
120 57 0
120 64 52
0 60 43
120 60 0
0 64 0
120 53 57
120 53 0
120 63 51
0 57 51
120 57 0
0 63 0
120 63 43
0 57 43
120 57 0
0 63 0
120 63 39
0 57 39
120 57 0
0 63 0
120 52 46
120 52 0
120 64 42
0 57 42
120 57 0
0 64 0
120 50 42
120 50 0
120 59 42
0 53 42
120 53 0
0 59 0
120 48 47
120 48 0
120 57 39
0 52 39
120 52 0
0 57 0
120 50 41
120 50 0
120 59 41
0 53 41
120 53 0
0 59 0
120 52 48
0 57 48
120 57 0
0 52 0
120 57 41
0 52 41
120 52 0
0 57 0
115 52 41
5 56 41
115 52 0
5 56 0
120 52 41
0 56 41
120 56 0
0 52 0
120 45 46
0 57 46
450 57 0
30 45 0
480 48 59
120 48 0
120 60 53
120 60 0
120 52 59
120 52 0
120 64 57
120 64 0
120 55 60
480 55 0
480 48 59
120 48 0
120 60 53
120 60 0
120 52 59
120 52 0
120 64 57
120 64 0
120 55 60
480 55 0
480 45 59
120 45 0
120 57 53
120 57 0
120 48 59
120 48 0
120 60 57
120 60 0
120 52 60
480 52 0
480 45 59
120 45 0
120 57 53
120 57 0
120 48 59
120 48 0
120 60 57
120 60 0
120 52 60
480 52 0
480 57 53
120 57 0
120 64 47
0 60 47
120 60 0
0 64 0
120 60 47
0 64 47
120 64 0
0 60 0
120 60 47
0 64 47
120 64 0
0 60 0
120 57 54
120 57 0
120 64 48
0 60 48
120 60 0
0 64 0
120 64 48
0 60 48
120 60 0
0 64 0
120 64 48
0 60 48
120 60 0
0 64 0
120 57 56
120 57 0
120 64 49
0 60 49
120 60 0
0 64 0
120 57 57
120 57 0
120 64 52
0 60 43
120 60 0
0 64 0
120 53 57
120 53 0
120 63 51
0 57 51
120 57 0
0 63 0
120 63 43
0 57 43
120 57 0
0 63 0
120 63 39
0 57 39
120 57 0
0 63 0
120 52 46
120 52 0
120 64 42
0 57 42
120 57 0
0 64 0
120 50 42
120 50 0
120 59 42
0 53 42
120 53 0
0 59 0
120 48 47
120 48 0
120 57 39
0 52 39
120 52 0
0 57 0
120 50 41
120 50 0
120 59 41
0 53 41
120 53 0
0 59 0
120 52 48
0 57 48
120 57 0
0 52 0
120 57 41
0 52 41
120 52 0
0 57 0
115 52 41
5 56 41
115 52 0
5 56 0
120 52 41
0 56 41
120 56 0
0 52 0
120 45 46
0 57 46
450 57 0
30 45 0
360 45 64
40 45 0
0 49 64
40 49 0
0 52 64
40 52 0
0 57 73
120 57 0
120 57 69
120 57 0
120 57 69
120 57 0
120 57 69
120 57 0
0 45 60
40 45 0
0 49 60
40 49 0
0 52 60
40 52 0
0 57 72
120 57 0
120 57 64
120 57 0
120 57 65
120 57 0
120 57 67
120 57 0
0 38 63
40 38 0
0 42 63
40 42 0
0 45 63
40 45 0
0 50 73
120 50 0
120 50 69
120 50 0
0 39 63
40 39 0
0 42 63
40 42 0
0 45 63
40 45 0
0 51 73
120 51 0
120 51 71
120 51 0
0 40 63
40 40 0
0 44 63
40 44 0
0 47 63
40 47 0
0 52 73
240 52 0
0 52 73
120 52 0
480 45 64
40 45 0
0 49 64
40 49 0
0 52 64
40 52 0
0 57 73
120 57 0
120 57 69
120 57 0
120 57 69
120 57 0
120 57 69
120 57 0
0 45 60
40 45 0
0 49 60
40 49 0
0 52 60
40 52 0
0 57 72
120 57 0
120 57 64
120 57 0
120 57 65
120 57 0
120 57 67
120 57 0
0 38 63
40 38 0
0 42 63
40 42 0
0 45 63
40 45 0
0 50 73
120 50 0
120 50 69
120 50 0
0 40 63
40 40 0
0 44 63
40 44 0
0 47 63
40 47 0
0 52 73
120 52 0
120 52 71
120 52 0
120 45 73
450 45 0
390 45 64
40 45 0
0 49 64
40 49 0
0 52 64
40 52 0
0 57 73
120 57 0
120 57 69
120 57 0
120 57 69
120 57 0
120 57 69
120 57 0
0 45 60
40 45 0
0 49 60
40 49 0
0 52 60
40 52 0
0 57 72
120 57 0
120 57 64
120 57 0
120 57 65
120 57 0
120 57 67
120 57 0
0 38 63
40 38 0
0 42 63
40 42 0
0 45 63
40 45 0
0 50 73
120 50 0
120 50 69
120 50 0
0 39 63
40 39 0
0 42 63
40 42 0
0 45 63
40 45 0
0 51 73
120 51 0
120 51 71
120 51 0
0 40 63
40 40 0
0 44 63
40 44 0
0 47 63
40 47 0
0 52 73
240 52 0
0 52 73
120 52 0
480 45 64
40 45 0
0 49 64
40 49 0
0 52 64
40 52 0
0 57 73
120 57 0
120 57 69
120 57 0
120 57 69
120 57 0
120 57 69
120 57 0
0 45 60
40 45 0
0 49 60
40 49 0
0 52 60
40 52 0
0 57 72
120 57 0
120 57 64
120 57 0
120 57 65
120 57 0
120 57 67
120 57 0
0 38 63
40 38 0
0 42 63
40 42 0
0 45 63
40 45 0
0 50 73
120 50 0
120 50 69
120 50 0
0 40 63
40 40 0
0 44 63
40 44 0
0 47 63
40 47 0
0 52 73
120 52 0
120 52 71
120 52 0
120 45 73
450 45 0
510 54 50
120 54 0
120 61 37
0 57 31
120 57 0
0 61 0
120 61 37
0 57 31
120 57 0
0 61 0
120 61 37
0 57 31
120 57 0
0 61 0
120 56 50
120 56 0
120 61 36
0 59 30
120 59 0
0 61 0
120 61 36
0 59 30
120 59 0
0 61 0
120 61 36
0 59 30
120 59 0
0 61 0
120 54 50
120 54 0
120 61 36
0 57 30
120 57 0
0 61 0
120 61 37
0 57 31
120 57 0
0 61 0
120 61 38
0 57 32
120 57 0
0 61 0
120 53 55
120 53 0
120 61 38
0 56 31
120 56 0
0 61 0
120 61 38
0 56 31
120 56 0
0 61 0
120 61 38
0 56 31
120 56 0
0 61 0
120 54 50
120 54 0
120 61 36
0 57 30
120 57 0
0 61 0
120 61 36
0 57 30
120 57 0
0 61 0
120 61 36
0 57 30
120 57 0
0 61 0
120 56 50
120 56 0
120 64 36
0 61 30
120 61 0
0 64 0
120 64 36
0 61 30
120 61 0
0 64 0
120 64 36
0 61 30
120 61 0
0 64 0
120 56 50
120 56 0
120 66 37
0 63 31
120 63 0
0 66 0
120 63 31
0 66 37
120 66 0
0 63 0
120 63 31
0 66 37
120 66 0
0 63 0
120 64 50
0 61 42
450 61 0
0 64 0
510 54 50
120 54 0
120 61 37
0 57 31
120 57 0
0 61 0
120 61 37
0 57 31
120 57 0
0 61 0
120 61 37
0 57 31
120 57 0
0 61 0
120 56 50
120 56 0
120 61 36
0 59 30
120 59 0
0 61 0
120 61 36
0 59 30
120 59 0
0 61 0
120 61 36
0 59 30
120 59 0
0 61 0
120 54 50
120 54 0
120 61 36
0 57 30
120 57 0
0 61 0
120 61 37
0 57 31
120 57 0
0 61 0
120 61 38
0 57 32
120 57 0
0 61 0
120 53 55
120 53 0
120 61 38
0 56 31
120 56 0
0 61 0
120 61 38
0 56 31
120 56 0
0 61 0
120 61 38
0 56 31
120 56 0
0 61 0
120 54 50
120 54 0
120 61 36
0 57 30
120 57 0
0 61 0
120 61 36
0 57 30
120 57 0
0 61 0
120 61 36
0 57 30
120 57 0
0 61 0
120 56 50
120 56 0
120 64 36
0 61 30
120 61 0
0 64 0
120 64 36
0 61 30
120 61 0
0 64 0
120 64 36
0 61 30
120 61 0
0 64 0
120 56 50
120 56 0
120 66 37
0 63 31
120 63 0
0 66 0
120 63 31
0 66 37
120 66 0
0 63 0
120 63 31
0 66 37
120 66 0
0 63 0
120 64 50
0 61 42
450 61 0
0 64 0
510 57 57
120 57 0
120 64 43
0 61 36
120 61 0
0 64 0
120 64 43
0 61 36
120 61 0
0 64 0
120 64 43
0 61 36
120 61 0
0 64 0
120 59 57
120 59 0
120 64 42
0 62 35
120 62 0
0 64 0
120 56 57
120 56 0
120 64 42
0 62 35
120 62 0
0 64 0
120 57 57
120 57 0
120 64 41
0 61 35
120 61 0
0 64 0
120 64 41
0 61 35
120 61 0
0 64 0
120 64 41
0 61 35
120 61 0
0 64 0
120 52 57
240 52 0
0 62 39
0 56 33
120 56 0
0 62 0
120 56 33
0 62 39
120 62 0
0 56 0
120 56 33
0 62 39
120 62 0
0 56 0
120 57 57
120 57 0
120 64 43
0 61 36
120 61 0
0 64 0
120 64 43
0 61 36
120 61 0
0 64 0
120 64 43
0 61 36
120 61 0
0 64 0
120 59 57
120 59 0
120 64 42
0 62 35
120 62 0
0 64 0
120 56 57
120 56 0
120 64 42
0 62 35
120 62 0
0 64 0
120 57 57
120 57 0
120 54 46
120 54 0
120 50 46
120 50 0
120 52 46
120 52 0
120 45 57
240 45 0
0 57 44
120 57 0
600 52 50
120 52 0
120 61 42
0 57 35
120 57 0
0 61 0
120 61 42
0 57 35
120 57 0
0 61 0
120 61 42
0 57 35
120 57 0
0 61 0
120 56 50
120 56 0
120 61 41
0 59 34
120 59 0
0 61 0
120 61 41
0 59 34
120 59 0
0 61 0
120 61 41
0 59 34
120 59 0
0 61 0
120 54 50
120 54 0
120 61 40
0 57 34
120 57 0
0 61 0
120 61 40
0 57 34
120 57 0
0 61 0
120 61 40
0 57 34
120 57 0
0 61 0
120 49 50
120 49 0
120 61 49
0 56 41
120 56 0
0 61 0
120 61 48
0 55 40
120 55 0
0 61 0
120 61 48
0 54 40
120 54 0
0 61 0
120 47 59
120 47 0
120 59 53
0 54 45
120 54 0
0 59 0
120 59 56
0 54 47
120 54 0
0 59 0
120 59 54
0 54 45
120 54 0
0 59 0
120 47 65
120 47 0
120 59 54
0 56 45
120 56 0
0 59 0
120 59 60
0 56 51
120 56 0
0 59 0
120 59 54
0 56 45
120 56 0
0 59 0
120 49 58
120 49 0
120 57 47
0 54 39
120 54 0
0 57 0
120 49 55
120 49 0
120 56 41
0 59 49
120 59 0
0 56 0
120 57 46
0 54 39
450 54 0
0 57 0
510 57 57
120 57 0
120 64 43
0 61 36
120 61 0
0 64 0
120 64 43
0 61 36
120 61 0
0 64 0
120 64 43
0 61 36
120 61 0
0 64 0
120 59 57
120 59 0
120 64 42
0 62 35
120 62 0
0 64 0
120 56 57
120 56 0
120 64 42
0 62 35
120 62 0
0 64 0
120 57 57
120 57 0
120 64 41
0 61 35
120 61 0
0 64 0
120 64 41
0 61 35
120 61 0
0 64 0
120 64 41
0 61 35
120 61 0
0 64 0
120 52 57
240 52 0
0 62 39
0 56 33
120 56 0
0 62 0
120 56 33
0 62 39
120 62 0
0 56 0
120 56 33
0 62 39
120 62 0
0 56 0
120 57 57
120 57 0
120 64 43
0 61 36
120 61 0
0 64 0
120 64 43
0 61 36
120 61 0
0 64 0
120 64 43
0 61 36
120 61 0
0 64 0
120 59 57
120 59 0
120 64 42
0 62 35
120 62 0
0 64 0
120 56 57
120 56 0
120 64 42
0 62 35
120 62 0
0 64 0
120 57 57
120 57 0
120 54 46
120 54 0
120 50 46
120 50 0
120 52 46
120 52 0
120 45 57
240 45 0
0 57 44
120 57 0
600 52 50
120 52 0
120 61 42
0 57 35
120 57 0
0 61 0
120 61 42
0 57 35
120 57 0
0 61 0
120 61 42
0 57 35
120 57 0
0 61 0
120 56 50
120 56 0
120 61 41
0 59 34
120 59 0
0 61 0
120 61 41
0 59 34
120 59 0
0 61 0
120 61 41
0 59 34
120 59 0
0 61 0
120 54 50
120 54 0
120 61 40
0 57 34
120 57 0
0 61 0
120 61 40
0 57 34
120 57 0
0 61 0
120 61 40
0 57 34
120 57 0
0 61 0
120 49 50
120 49 0
120 61 49
0 56 41
120 56 0
0 61 0
120 61 48
0 55 40
120 55 0
0 61 0
120 61 48
0 54 40
120 54 0
0 61 0
120 47 59
120 47 0
120 59 53
0 54 45
120 54 0
0 59 0
120 59 56
0 54 47
120 54 0
0 59 0
120 59 54
0 54 45
120 54 0
0 59 0
120 47 65
120 47 0
120 59 54
0 56 45
120 56 0
0 59 0
120 59 60
0 56 51
120 56 0
0 59 0
120 59 54
0 56 45
120 56 0
0 59 0
120 49 58
120 49 0
120 57 47
0 54 39
120 54 0
0 57 0
120 49 55
120 49 0
120 56 41
0 59 49
120 59 0
0 56 0
120 57 46
0 54 39
450 54 0
0 57 0
390 45 64
40 45 0
0 49 64
40 49 0
0 52 64
40 52 0
0 57 73
120 57 0
120 57 69
120 57 0
120 57 69
120 57 0
120 57 69
120 57 0
0 45 60
40 45 0
0 49 60
40 49 0
0 52 60
40 52 0
0 57 72
120 57 0
120 57 64
120 57 0
120 57 65
120 57 0
120 57 67
120 57 0
0 38 63
40 38 0
0 42 63
40 42 0
0 45 63
40 45 0
0 50 73
120 50 0
120 50 69
120 50 0
0 39 63
40 39 0
0 42 63
40 42 0
0 45 63
40 45 0
0 51 73
120 51 0
120 51 71
120 51 0
0 40 63
40 40 0
0 44 63
40 44 0
0 47 63
40 47 0
0 52 73
240 52 0
0 52 73
120 52 0
480 45 64
40 45 0
0 49 64
40 49 0
0 52 64
40 52 0
0 57 73
120 57 0
120 57 69
120 57 0
120 57 69
120 57 0
120 57 69
120 57 0
0 45 60
40 45 0
0 49 60
40 49 0
0 52 60
40 52 0
0 57 72
120 57 0
120 57 64
120 57 0
120 57 65
120 57 0
120 57 67
120 57 0
0 38 63
40 38 0
0 42 63
40 42 0
0 45 63
40 45 0
0 50 73
120 50 0
120 50 69
120 50 0
0 40 63
40 40 0
0 44 63
40 44 0
0 47 63
40 47 0
0 52 73
120 52 0
120 52 71
120 52 0
120 45 73
450 45 0
390 45 64
40 45 0
0 49 64
40 49 0
0 52 64
40 52 0
0 57 73
120 57 0
120 57 69
120 57 0
120 57 69
120 57 0
120 57 69
120 57 0
0 45 60
40 45 0
0 49 60
40 49 0
0 52 60
40 52 0
0 57 72
120 57 0
120 57 64
120 57 0
120 57 65
120 57 0
120 57 67
120 57 0
0 38 63
40 38 0
0 42 63
40 42 0
0 45 63
40 45 0
0 50 73
120 50 0
120 50 69
120 50 0
0 39 63
40 39 0
0 42 63
40 42 0
0 45 63
40 45 0
0 51 73
120 51 0
120 51 71
120 51 0
0 40 63
40 40 0
0 44 63
40 44 0
0 47 63
40 47 0
0 52 73
240 52 0
0 52 73
120 52 0
480 45 64
40 45 0
0 49 64
40 49 0
0 52 64
40 52 0
0 57 73
120 57 0
120 57 69
120 57 0
120 57 69
120 57 0
120 57 69
120 57 0
0 45 60
40 45 0
0 49 60
40 49 0
0 52 60
40 52 0
0 57 72
120 57 0
120 57 64
120 57 0
120 57 65
120 57 0
120 57 67
120 57 0
0 38 63
40 38 0
0 42 63
40 42 0
0 45 63
40 45 0
0 50 73
120 50 0
120 50 69
120 50 0
0 40 63
40 40 0
0 44 63
40 44 0
0 47 63
40 47 0
0 52 73
120 52 0
120 52 71
120 52 0
120 45 73
450 45 0
510 57 57
120 57 0
120 64 52
0 60 43
120 60 0
0 64 0
120 60 43
0 64 52
120 64 0
0 60 0
120 60 42
0 64 51
120 64 0
0 60 0
120 57 57
120 57 0
120 64 52
0 60 43
120 60 0
0 64 0
120 64 52
0 60 43
120 60 0
0 64 0
120 64 52
0 60 43
120 60 0
0 64 0
120 57 57
120 57 0
120 64 50
0 60 42
120 60 0
0 64 0
120 57 57
120 57 0
120 64 52
0 60 43
120 60 0
0 64 0
120 57 57
120 57 0
120 64 50
0 60 42
120 60 0
0 64 0
120 64 50
0 60 42
120 60 0
0 64 0
120 64 50
0 60 42
120 60 0
0 64 0
120 52 65
120 52 0
120 64 53
0 59 44
120 59 0
0 64 0
120 64 53
0 59 44
120 59 0
0 64 0
120 64 53
0 59 44
120 59 0
0 64 0
120 52 66
120 52 0
120 64 52
0 59 43
120 59 0
0 64 0
120 64 52
0 59 43
120 59 0
0 64 0
120 64 52
0 59 43
120 59 0
0 64 0
120 52 67
120 52 0
120 64 52
0 59 43
120 59 0
0 64 0
120 47 52
120 47 0
120 59 52
120 59 0
120 52 57
450 52 0
510 57 57
120 57 0
120 64 52
0 60 43
120 60 0
0 64 0
120 60 43
0 64 52
120 64 0
0 60 0
120 60 42
0 64 51
120 64 0
0 60 0
120 57 57
120 57 0
120 64 52
0 60 43
120 60 0
0 64 0
120 64 52
0 60 43
120 60 0
0 64 0
120 64 52
0 60 43
120 60 0
0 64 0
120 57 57
120 57 0
120 64 50
0 60 42
120 60 0
0 64 0
120 57 57
120 57 0
120 64 52
0 60 43
120 60 0
0 64 0
120 57 57
120 57 0
120 64 50
0 60 42
120 60 0
0 64 0
120 64 50
0 60 42
120 60 0
0 64 0
120 64 50
0 60 42
120 60 0
0 64 0
120 52 65
120 52 0
120 64 53
0 59 44
120 59 0
0 64 0
120 64 53
0 59 44
120 59 0
0 64 0
120 64 53
0 59 44
120 59 0
0 64 0
120 52 66
120 52 0
120 64 52
0 59 43
120 59 0
0 64 0
120 64 52
0 59 43
120 59 0
0 64 0
120 64 52
0 59 43
120 59 0
0 64 0
120 52 67
120 52 0
120 64 52
0 59 43
120 59 0
0 64 0
120 47 52
120 47 0
120 59 52
120 59 0
120 52 57
450 52 0
510 48 59
120 48 0
120 60 53
120 60 0
120 52 59
120 52 0
120 64 57
120 64 0
120 55 60
480 55 0
480 48 59
120 48 0
120 60 53
120 60 0
120 52 59
120 52 0
120 64 57
120 64 0
120 55 60
480 55 0
480 45 59
120 45 0
120 57 53
120 57 0
120 48 59
120 48 0
120 60 57
120 60 0
120 52 60
480 52 0
480 45 59
120 45 0
120 57 53
120 57 0
120 48 59
120 48 0
120 60 57
120 60 0
120 52 60
480 52 0
480 57 53
120 57 0
120 64 47
0 60 47
120 60 0
0 64 0
120 60 47
0 64 47
120 64 0
0 60 0
120 60 47
0 64 47
120 64 0
0 60 0
120 57 54
120 57 0
120 64 48
0 60 48
120 60 0
0 64 0
120 64 48
0 60 48
120 60 0
0 64 0
120 64 48
0 60 48
120 60 0
0 64 0
120 57 56
120 57 0
120 64 49
0 60 49
120 60 0
0 64 0
120 57 57
120 57 0
120 64 52
0 60 43
120 60 0
0 64 0
120 53 57
120 53 0
120 63 51
0 57 51
120 57 0
0 63 0
120 63 43
0 57 43
120 57 0
0 63 0
120 63 39
0 57 39
120 57 0
0 63 0
120 52 46
120 52 0
120 64 42
0 57 42
120 57 0
0 64 0
120 50 42
120 50 0
120 59 42
0 53 42
120 53 0
0 59 0
120 48 47
120 48 0
120 57 39
0 52 39
120 52 0
0 57 0
120 50 41
120 50 0
120 59 41
0 53 41
120 53 0
0 59 0
120 52 48
0 57 48
120 57 0
0 52 0
120 57 41
0 52 41
120 52 0
0 57 0
115 52 41
5 56 41
115 52 0
5 56 0
120 52 41
0 56 41
120 56 0
0 52 0
120 45 46
0 57 46
450 57 0
30 45 0
480 48 59
120 48 0
120 60 53
120 60 0
120 52 59
120 52 0
120 64 57
120 64 0
120 55 60
480 55 0
480 48 59
120 48 0
120 60 53
120 60 0
120 52 59
120 52 0
120 64 57
120 64 0
120 55 60
480 55 0
480 45 59
120 45 0
120 57 53
120 57 0
120 48 59
120 48 0
120 60 57
120 60 0
120 52 60
480 52 0
480 45 59
120 45 0
120 57 53
120 57 0
120 48 59
120 48 0
120 60 57
120 60 0
120 52 60
480 52 0
480 57 53
120 57 0
120 64 47
0 60 47
120 60 0
0 64 0
120 60 47
0 64 47
120 64 0
0 60 0
120 60 47
0 64 47
120 64 0
0 60 0
120 57 54
120 57 0
120 64 48
0 60 48
120 60 0
0 64 0
120 64 48
0 60 48
120 60 0
0 64 0
120 64 48
0 60 48
120 60 0
0 64 0
120 57 56
120 57 0
120 64 49
0 60 49
120 60 0
0 64 0
120 57 57
120 57 0
120 64 52
0 60 43
120 60 0
0 64 0
120 57 57
120 57 0
120 63 51
0 57 51
120 57 0
0 63 0
120 63 43
0 57 43
120 57 0
0 63 0
120 63 39
0 57 39
120 57 0
0 63 0
120 52 46
120 52 0
120 64 42
0 57 42
120 57 0
0 64 0
120 50 42
120 50 0
120 59 42
0 53 42
120 53 0
0 59 0
120 48 47
120 48 0
120 57 39
0 52 39
120 52 0
0 57 0
120 50 41
120 50 0
120 59 41
0 53 41
120 53 0
0 59 0
120 52 48
0 57 48
120 57 0
0 52 0
120 57 41
0 52 41
120 52 0
0 57 0
115 52 41
5 56 41
115 52 0
5 56 0
120 52 41
0 56 41
120 56 0
0 52 0
120 45 46
0 57 46
450 57 0
30 45 0
360 45 64
40 45 0
0 49 70
40 49 0
0 52 76
40 52 0
0 57 87
120 57 0
120 57 69
120 57 0
120 57 69
120 57 0
120 57 69
120 57 0
0 45 65
40 45 0
0 49 69
40 49 0
0 52 73
40 52 0
0 57 85
120 57 0
120 57 64
120 57 0
120 57 65
120 57 0
120 57 67
120 57 0
0 38 66
40 38 0
0 42 71
40 42 0
0 45 77
40 45 0
0 50 85
120 50 0
120 50 69
120 50 0
0 39 68
40 39 0
0 42 72
40 42 0
0 45 75
40 45 0
0 51 85
120 51 0
120 51 71
120 51 0
0 40 64
40 40 0
0 44 69
40 44 0
0 47 74
40 47 0
0 52 85
240 52 0
0 52 73
120 52 0
480 45 67
40 45 0
0 49 71
40 49 0
0 52 76
40 52 0
0 57 84
120 57 0
120 57 69
120 57 0
120 57 69
120 57 0
120 57 69
120 57 0
0 45 61
40 45 0
0 49 66
40 49 0
0 52 72
40 52 0
0 57 87
120 57 0
120 57 64
120 57 0
120 57 65
120 57 0
120 57 67
120 57 0
0 38 68
40 38 0
0 42 72
40 42 0
0 45 76
40 45 0
0 50 83
120 50 0
120 50 69
120 50 0
0 40 67
40 40 0
0 44 72
40 44 0
0 47 78
40 47 0
0 52 82
120 52 0
120 52 71
120 52 0
120 45 84
450 45 0
390 45 64
40 45 0
0 49 70
40 49 0
0 52 76
40 52 0
0 57 87
120 57 0
120 57 69
120 57 0
120 57 69
120 57 0
120 57 69
120 57 0
0 45 65
40 45 0
0 49 69
40 49 0
0 52 73
40 52 0
0 57 85
120 57 0
120 57 64
120 57 0
120 57 65
120 57 0
120 57 67
120 57 0
0 38 66
40 38 0
0 42 71
40 42 0
0 45 77
40 45 0
0 50 85
120 50 0
120 50 69
120 50 0
0 39 68
40 39 0
0 42 72
40 42 0
0 45 75
40 45 0
0 51 85
120 51 0
120 51 71
120 51 0
0 40 64
40 40 0
0 44 69
40 44 0
0 47 74
40 47 0
0 52 85
240 52 0
0 52 73
120 52 0
480 45 67
40 45 0
0 49 71
40 49 0
0 52 76
40 52 0
0 57 84
120 57 0
120 57 69
120 57 0
120 57 69
120 57 0
120 57 69
120 57 0
0 45 61
40 45 0
0 49 66
40 49 0
0 52 72
40 52 0
0 57 87
120 57 0
120 57 64
120 57 0
120 57 65
120 57 0
120 57 67
120 57 0
0 38 68
40 38 0
0 42 72
40 42 0
0 45 76
40 45 0
0 50 83
120 50 0
120 50 69
120 50 0
0 40 67
40 40 0
0 44 72
40 44 0
0 47 78
40 47 0
0 52 82
120 52 0
120 52 71
120 52 0
0 45 61
40 45 0
0 49 66
40 49 0
0 52 72
40 52 0
0 57 87
120 57 0
120 57 64
120 57 0
120 57 65
120 57 0
120 57 64
120 57 0
0 45 61
40 45 0
0 49 66
40 49 0
0 52 72
40 52 0
0 57 87
120 57 0
120 57 68
120 57 0
120 57 68
120 57 0
120 57 68
120 57 0
0 45 61
40 45 0
0 49 66
40 49 0
0 52 72
40 52 0
0 57 87
120 57 0
120 57 68
120 57 0
120 57 68
120 57 0
120 57 68
120 57 0
0 45 61
40 45 0
0 49 66
40 49 0
0 52 72
40 52 0
0 57 87
120 57 0
120 57 67
120 57 0
120 57 67
120 57 0
120 57 67
120 57 0
0 38 61
40 38 0
0 42 66
40 42 0
0 45 72
40 45 0
0 50 87
120 50 0
120 50 67
120 50 0
120 50 67
120 50 0
113 50 67
120 50 0
7 45 61
40 45 0
0 49 66
40 49 0
0 52 72
40 52 0
0 57 87
60 57 0
180 57 67
60 57 0
180 57 67
60 57 0
180 57 67
60 57 0
60 40 61
40 40 0
0 44 66
40 44 0
0 47 72
40 47 0
0 52 87
120 52 0
120 52 66
120 52 0
120 52 66
120 52 0
120 52 66
120 52 0
0 45 61
40 45 0
0 49 66
40 49 0
0 52 72
40 52 0
0 57 87
120 57 0
120 57 68
120 57 0
120 57 68
120 57 0
120 57 68
120 57 0
0 45 61
40 45 0
0 49 66
40 49 0
0 52 72
40 52 0
0 57 87
120 57 0
120 57 66
120 57 0
120 57 66
120 57 0
120 57 66
120 57 0
0 45 61
40 45 0
0 49 66
40 49 0
0 52 72
40 52 0
0 57 87
120 57 0
120 57 66
120 57 0
120 57 66
120 57 0
120 57 66
120 57 0
0 38 61
40 38 0
0 42 66
40 42 0
0 45 72
40 45 0
0 50 87
120 50 0
120 50 66
120 50 0
120 50 66
120 50 0
113 50 66
120 50 0
7 45 61
40 45 0
0 49 66
40 49 0
0 52 72
40 52 0
0 57 87
120 57 0
120 57 66
120 57 0
120 57 66
120 57 0
120 57 66
120 57 0
0 40 61
40 40 0
0 44 66
40 44 0
0 47 72
40 47 0
0 52 87
60 52 0
180 52 66
60 52 0
180 52 65
60 52 0
180 52 65
60 52 0
180 57 64
120 57 0
0 64 54
120 64 0
0 61 54
120 61 0
0 64 54
120 64 0
0 57 40
120 57 0
0 64 31
120 64 0
0 61 31
120 61 0
0 64 31
120 64 0
0 57 40
120 57 0
0 64 31
120 64 0
0 61 31
120 61 0
0 64 31
120 64 0
0 57 40
120 57 0
0 64 31
120 64 0
0 61 31
120 61 0
0 64 31
120 64 0
0 57 40
120 57 0
0 64 31
120 64 0
0 61 31
120 61 0
0 64 31
120 64 0
0 57 40
120 57 0
0 64 31
120 64 0
0 61 31
120 61 0
0 64 31
120 64 0
0 57 40
120 57 0
0 64 31
120 64 0
0 61 31
120 61 0
0 64 31
120 64 0
0 57 40
120 57 0
0 64 31
120 64 0
0 61 31
120 61 0
0 64 31
120 64 0
0 57 40
120 57 0
0 66 31
120 66 0
0 62 31
120 62 0
0 66 31
120 66 0
0 57 40
120 57 0
0 66 31
120 66 0
0 62 31
120 62 0
0 66 31
120 66 0
0 57 40
120 57 0
0 64 31
120 64 0
0 61 31
120 61 0
0 64 31
120 64 0
0 57 40
120 57 0
0 64 31
120 64 0
0 61 31
120 61 0
0 64 31
120 64 0
0 52 40
120 52 0
0 64 31
120 64 0
0 59 31
120 59 0
0 64 31
120 64 0
0 52 40
120 52 0
0 64 31
120 64 0
0 59 31
120 59 0
0 64 31
60 64 0
0 45 61
20 45 0
0 49 61
20 49 0
0 52 61
20 52 0
0 57 87
120 57 0
120 57 67
120 57 0
120 57 67
120 57 0
120 57 64
120 57 0
0 45 61
40 45 0
0 49 66
40 49 0
0 52 72
40 52 0
0 57 87
120 57 0
120 57 66
120 57 0
120 57 66
120 57 0
120 57 66
120 57 0
0 45 61
40 45 0
0 49 66
40 49 0
0 52 72
40 52 0
0 57 87
120 57 0
120 57 67
120 57 0
120 57 67
120 57 0
120 57 67
120 57 0
0 38 61
40 38 0
0 42 66
40 42 0
0 45 72
40 45 0
0 50 87
120 50 0
120 50 68
120 50 0
120 50 68
120 50 0
113 50 68
120 50 0
7 45 61
40 45 0
0 49 66
40 49 0
0 52 72
40 52 0
0 57 87
120 57 0
120 57 67
120 57 0
120 57 67
120 57 0
120 57 67
120 57 0
0 40 61
40 40 0
0 44 66
40 44 0
0 47 72
40 47 0
0 52 87
60 52 0
180 52 67
60 52 0
180 52 67
60 52 0
180 52 67
60 52 0
60 45 61
40 45 0
0 49 66
40 49 0
0 52 72
40 52 0
0 57 87
120 57 0
120 57 67
120 57 0
120 57 67
120 57 0
120 57 67
120 57 0
0 45 61
40 45 0
0 49 66
40 49 0
0 52 72
40 52 0
0 57 87
120 57 0
120 57 66
120 57 0
120 57 66
120 57 0
120 57 66
120 57 0
0 45 61
40 45 0
0 49 66
40 49 0
0 52 72
40 52 0
0 57 87
120 57 0
120 57 67
120 57 0
120 57 67
120 57 0
120 57 67
120 57 0
0 45 61
40 45 0
0 49 66
40 49 0
0 52 72
40 52 0
0 57 95
120 57 0
120 57 70
120 57 0
0 45 67
40 45 0
0 49 72
40 49 0
0 52 79
40 52 0
0 57 95
120 57 0
120 57 70
120 57 0
120 45 88
480 45 0
0 57 88
480 57 0
0 45 74
0 49 74
0 52 74
0 57 88
480 57 0
0 45 0
0 49 0
0 52 0
