0 78 39
0 75 33
720 75 0
0 78 0
720 62 36
0 58 30
720 58 0
0 62 0
240 39 18
0 46 21
1920 46 0
0 39 0
0 58 37
80 58 0
0 59 42
80 59 0
0 57 43
80 57 0
0 58 48
80 58 0
0 63 49
80 63 0
0 61 47
80 61 0
0 62 54
80 62 0
0 63 57
80 63 0
0 66 51
80 66 0
0 67 63
80 67 0
0 70 64
80 70 0
0 68 59
80 68 0
0 71 69
80 71 0
0 74 71
80 74 0
0 75 75
80 75 0
0 78 75
80 78 0
0 75 80
80 75 0
0 74 74
80 74 0
0 77 92
80 77 0
0 74 81
80 74 0
0 73 75
80 73 0
0 76 87
80 76 0
0 73 75
80 73 0
0 72 69
80 72 0
0 75 81
80 75 0
0 72 75
80 72 0
0 71 71
80 71 0
0 70 78
80 70 0
0 71 75
80 71 0
0 69 70
80 69 0
0 75 78
80 75 0
0 70 71
80 70 0
0 65 64
80 65 0
0 66 75
80 66 0
0 63 71
80 63 0
0 65 66
80 65 0
0 62 77
80 62 0
0 61 74
80 61 0
0 64 70
80 64 0
0 61 63
80 61 0
0 60 58
80 60 0
0 63 56
80 63 0
0 60 60
80 60 0
0 59 52
80 59 0
0 62 50
80 62 0
0 59 50
80 59 0
0 58 49
80 58 0
0 61 48
80 61 0
0 57 56
80 57 0
0 60 46
80 60 0
0 56 44
80 56 0
0 59 43
80 59 0
0 55 40
80 55 0
0 58 36
80 58 0
0 54 41
80 54 0
0 53 35
80 53 0
0 56 35
80 56 0
0 54 41
80 54 0
0 52 36
80 52 0
0 56 36
80 56 0
0 54 40
80 54 0
0 51 35
80 51 0
0 56 34
80 56 0
0 54 39
80 54 0
0 53 34
80 53 0
0 46 32
80 46 0
0 58 37
80 58 0
0 54 37
80 54 0
0 56 33
80 56 0
0 57 37
80 57 0
0 59 34
80 59 0
0 58 34
80 58 0
0 65 31
80 65 0
0 59 34
80 59 0
0 57 35
80 57 0
0 58 40
80 58 0
0 63 42
80 63 0
0 61 40
80 61 0
0 62 48
80 62 0
0 63 50
80 63 0
0 66 47
80 66 0
0 67 57
80 67 0
0 70 59
80 70 0
0 68 56
80 68 0
0 71 65
80 71 0
0 74 70
80 74 0
0 75 74
80 75 0
0 78 77
80 78 0
0 75 80
80 75 0
0 74 75
80 74 0
0 77 92
80 77 0
0 74 81
80 74 0
0 73 75
80 73 0
0 76 87
80 76 0
0 73 75
80 73 0
0 72 69
80 72 0
0 75 81
80 75 0
0 72 75
80 72 0
0 71 71
80 71 0
0 70 89
80 70 0
0 71 75
80 71 0
0 69 70
80 69 0
0 75 88
80 75 0
0 70 74
80 70 0
0 65 64
80 65 0
0 66 81
80 66 0
0 63 72
80 63 0
0 65 66
80 65 0
0 62 77
80 62 0
0 61 75
80 61 0
0 64 71
80 64 0
0 61 65
80 61 0
0 60 60
80 60 0
0 63 59
80 63 0
0 60 71
80 60 0
0 59 57
80 59 0
0 62 55
80 62 0
0 59 64
80 59 0
0 58 55
80 58 0
0 61 55
80 61 0
0 58 66
80 58 0
0 57 49
80 57 0
0 61 49
80 61 0
0 57 63
80 57 0
0 56 52
80 56 0
0 57 51
80 57 0
0 58 51
80 58 0
0 59 46
80 59 0
0 57 43
80 57 0
0 58 49
80 58 0
0 59 42
80 59 0
0 56 40
80 56 0
0 58 47
80 58 0
0 59 40
80 59 0
0 49 40
80 49 0
0 54 43
80 54 0
0 58 37
80 58 0
0 61 36
80 61 0
0 63 41
80 63 0
0 65 35
80 65 0
0 66 33
80 66 0
0 68 39
80 68 0
0 70 37
80 70 0
0 71 33
80 71 0
0 73 36
80 73 0
0 75 32
80 75 0
0 77 32
80 77 0
0 78 35
80 78 0
0 80 32
80 80 0
0 81 32
80 81 0
0 82 38
80 82 0
0 77 32
80 77 0
0 73 30
80 73 0
0 77 30
80 77 0
0 78 31
80 78 0
0 80 31
80 80 0
0 82 35
80 82 0
0 77 32
80 77 0
0 70 32
80 70 0
0 77 31
80 77 0
0 78 33
80 78 0
0 80 34
80 80 0
0 82 37
240 82 0
0 50 64
80 50 0
0 56 67
80 56 0
0 58 68
80 58 0
0 62 72
80 62 0
0 68 73
80 68 0
0 70 75
80 70 0
0 75 84
0 63 84
80 63 0
0 75 0
0 68 71
80 68 0
0 67 70
80 67 0
0 66 71
0 68 71
80 68 0
0 66 0
0 65 60
80 65 0
0 64 60
80 64 0
0 63 65
80 63 0
0 58 57
80 58 0
0 56 57
80 56 0
0 55 65
80 55 0
0 54 58
80 54 0
0 53 58
80 53 0
80 59 67
80 59 0
0 64 68
80 64 0
0 65 72
80 65 0
0 71 73
80 71 0
0 73 75
80 73 0
0 78 86
0 66 86
80 66 0
0 78 0
0 73 71
80 73 0
0 71 70
80 71 0
0 69 71
80 69 0
0 68 60
80 68 0
0 67 60
80 67 0
0 66 65
80 66 0
0 65 57
80 65 0
0 64 57
80 64 0
240 99 72
80 99 0
0 87 49
80 87 0
0 99 40
80 99 0
0 97 63
80 97 0
0 85 40
80 85 0
0 97 47
80 97 0
0 99 64
80 99 0
0 87 48
80 87 0
0 99 48
80 99 0
0 87 64
120 87 0
120 97 59
80 97 0
0 85 45
80 85 0
0 97 45
80 97 0
0 99 69
80 99 0
0 87 46
80 87 0
0 99 40
80 99 0
0 87 57
120 87 0
120 97 68
80 97 0
0 85 45
80 85 0
0 97 45
80 97 0
0 99 71
80 99 0
0 87 46
80 87 0
0 99 46
80 99 0
0 87 57
120 87 0
120 63 62
80 63 0
0 61 65
80 61 0
0 59 67
80 59 0
0 58 66
80 58 0
0 59 56
80 59 0
0 57 57
80 57 0
0 58 64
80 58 0
0 63 59
80 63 0
0 61 60
80 61 0
0 62 68
80 62 0
0 63 60
80 63 0
0 66 60
80 66 0
0 67 69
80 67 0
0 70 61
80 70 0
0 68 62
80 68 0
0 71 72
80 71 0
0 74 63
80 74 0
0 75 64
80 75 0
0 78 79
80 78 0
0 75 65
80 75 0
0 74 66
80 74 0
0 77 86
80 77 0
0 74 67
80 74 0
0 73 67
80 73 0
0 76 78
80 76 0
0 73 67
80 73 0
0 72 67
80 72 0
0 75 79
80 75 0
0 72 67
80 72 0
0 71 67
80 71 0
0 70 78
80 70 0
0 71 67
80 71 0
0 69 67
80 69 0
0 75 77
80 75 0
0 70 67
80 70 0
0 65 67
80 65 0
240 77 64
0 67 54
80 67 0
0 73 45
80 73 0
0 72 45
80 72 0
0 71 53
80 71 0
0 72 47
80 72 0
0 73 47
80 73 0
0 69 53
80 69 0
0 70 47
80 70 0
0 73 47
80 73 0
0 67 53
80 67 0
0 68 47
80 68 0
0 71 47
80 71 0
0 77 0
0 80 73
0 83 77
240 83 0
0 80 0
0 75 67
240 75 0
0 65 58
0 74 69
80 65 0
0 71 51
80 71 0
0 70 50
80 70 0
0 69 50
80 69 0
0 70 46
80 70 0
0 71 45
80 71 0
0 67 47
80 67 0
0 68 42
80 68 0
0 71 41
80 71 0
0 64 45
80 64 0
0 65 39
80 65 0
0 68 38
80 74 0
0 75 65
240 68 0
0 69 40
240 69 0
0 75 0
0 70 45
80 70 0
0 67 41
80 67 0
0 68 41
80 68 0
0 69 45
80 69 0
0 70 42
80 70 0
0 71 42
80 71 0
0 75 55
80 73 45
40 75 0
40 73 0
0 74 45
80 74 0
0 75 45
0 77 63
80 75 0
0 69 45
40 77 0
40 69 0
0 70 45
80 70 0
0 71 45
80 71 0
0 72 42
80 72 0
0 73 42
80 73 0
0 79 55
80 73 41
40 79 0
40 73 0
0 74 41
80 74 0
0 75 45
0 80 64
80 75 0
0 71 45
40 80 0
40 71 0
0 73 45
80 73 0
0 75 45
80 75 0
0 76 42
80 76 0
0 77 42
80 77 0
0 78 45
0 81 55
80 78 0
0 77 42
10 81 0
70 77 0
0 78 42
80 82 61
80 78 0
0 77 42
10 82 0
70 77 0
0 78 41
80 78 0
0 79 45
0 84 58
80 79 0
0 80 42
10 84 0
70 80 0
0 81 42
80 81 0
0 82 45
0 86 60
80 82 0
0 80 40
10 86 0
70 80 0
0 78 40
80 87 66
240 87 0
0 78 0
0 83 49
80 83 0
0 79 43
80 79 0
0 74 43
80 74 0
0 82 49
80 82 0
0 78 42
80 78 0
0 73 42
80 73 0
0 81 49
80 81 0
0 77 43
80 77 0
0 72 43
80 72 0
0 80 49
80 80 0
0 76 42
80 76 0
0 71 42
80 71 0
0 79 49
80 79 0
0 71 43
80 71 0
0 69 43
80 69 0
0 78 49
80 78 0
0 73 42
80 73 0
0 66 42
80 66 0
0 71 49
80 71 0
0 67 44
80 67 0
0 62 44
80 62 0
0 70 49
80 70 0
0 66 42
80 66 0
0 61 42
80 61 0
0 69 49
80 69 0
0 65 40
80 65 0
0 60 40
80 60 0
0 68 50
80 68 0
0 64 44
80 64 0
0 59 44
80 59 0
0 67 50
80 67 0
0 59 43
80 59 0
0 57 43
80 57 0
0 66 50
80 66 0
0 58 42
80 58 0
0 51 44
80 51 0
0 63 73
240 63 0
0 67 50
80 67 0
0 59 43
80 59 0
0 57 43
80 57 0
0 66 50
80 66 0
0 58 46
80 58 0
0 51 46
80 51 0
0 63 71
240 63 0
0 67 50
80 67 0
0 59 46
80 59 0
0 57 46
80 57 0
0 66 50
80 66 0
0 58 46
80 58 0
0 51 47
80 51 0
0 63 100
240 59 86
240 59 0
0 56 97
240 56 0
0 63 0
0 53 80
120 53 0
0 51 86
120 51 0
0 50 90
120 50 0
0 48 93
120 48 0
0 46 98
240 46 0
0 38 63
80 38 0
0 44 64
80 44 0
0 46 65
80 46 0
0 50 67
80 50 0
0 56 68
80 56 0
0 58 73
80 58 0
0 63 80
0 51 80
80 51 0
0 63 0
0 56 76
80 56 0
0 55 69
80 55 0
0 54 65
80 54 0
0 53 63
80 53 0
0 52 65
80 52 0
0 51 64
80 51 0
0 46 62
80 46 0
0 44 61
80 44 0
0 43 61
80 43 0
0 42 58
80 42 0
0 41 59
80 41 0
80 47 64
80 47 0
0 49 65
80 49 0
0 53 67
80 53 0
0 59 68
80 59 0
0 61 73
80 61 0
0 66 80
0 54 80
80 54 0
0 66 0
0 61 77
80 61 0
0 59 74
80 59 0
0 57 73
80 57 0
0 56 72
80 56 0
0 55 72
80 55 0
0 54 71
80 54 0
0 53 70
80 53 0
0 52 70
80 52 0
160 54 61
80 54 0
0 55 61
80 55 0
0 61 61
80 61 0
0 63 64
80 63 0
0 67 67
80 67 0
0 73 70
80 73 0
0 75 75
80 75 0
0 80 80
0 68 80
80 68 0
0 80 0
0 73 77
80 73 0
0 72 71
80 72 0
0 71 73
80 71 0
0 70 72
80 70 0
0 69 72
80 69 0
0 68 71
80 68 0
0 67 70
80 67 0
0 66 70
80 66 0
80 69 68
80 69 0
0 75 70
80 75 0
0 77 72
80 77 0
0 81 73
80 81 0
0 87 78
80 87 0
0 93 81
0 81 81
80 81 0
0 93 0
0 89 84
80 89 0
0 87 86
80 87 0
0 94 85
0 82 85
80 82 0
0 94 0
0 89 78
80 89 0
0 87 81
80 87 0
0 73 81
80 73 0
0 84 81
80 84 0
0 87 81
80 87 0
0 94 80
80 94 0
0 96 80
80 96 0
0 99 79
80 99 0
0 106 89
0 94 89
240 94 0
0 106 0
0 106 72
80 106 0
0 94 49
80 94 0
0 106 40
80 106 0
0 104 63
80 104 0
0 92 40
80 92 0
0 104 50
80 104 0
0 106 60
80 106 0
0 94 48
80 94 0
0 106 48
80 106 0
0 94 64
120 94 0
120 104 59
80 104 0
0 92 45
80 92 0
0 104 45
80 104 0
0 106 69
80 106 0
0 94 46
80 94 0
0 106 40
80 106 0
0 94 57
120 94 0
120 104 68
80 104 0
0 92 45
80 92 0
0 104 45
80 104 0
0 106 71
80 106 0
0 94 46
80 94 0
0 106 46
80 106 0
0 94 57
120 94 0
120 61 54
80 61 0
0 60 57
80 60 0
0 59 58
80 59 0
0 58 56
80 58 0
0 59 47
80 59 0
0 57 48
80 57 0
0 58 55
80 58 0
0 63 50
80 63 0
0 61 52
80 61 0
0 62 59
80 62 0
0 63 49
80 63 0
0 66 50
80 66 0
0 67 60
80 67 0
0 70 51
80 70 0
0 68 52
80 68 0
0 71 64
80 71 0
0 74 53
80 74 0
0 75 53
80 75 0
0 78 63
80 78 0
0 75 55
80 75 0
0 74 55
80 74 0
0 77 66
80 77 0
0 74 53
80 74 0
0 73 53
80 73 0
0 76 65
80 76 0
0 73 53
80 73 0
0 72 53
80 72 0
0 75 66
80 75 0
0 70 57
80 70 0
0 71 57
80 71 0
0 74 67
80 74 0
0 75 58
80 75 0
0 78 59
80 78 0
0 79 73
80 79 0
0 82 60
80 82 0
0 80 61
80 80 0
0 83 70
80 83 0
0 80 63
80 80 0
0 79 63
80 79 0
0 82 79
80 82 0
0 79 70
80 79 0
0 78 66
80 78 0
0 81 78
80 81 0
0 78 67
80 78 0
0 77 67
80 77 0
0 80 78
80 80 0
0 75 69
80 75 0
0 76 69
80 76 0
0 79 70
80 79 0
0 80 63
80 80 0
0 83 63
80 83 0
0 84 71
80 84 0
0 87 63
80 87 0
0 85 64
80 85 0
0 88 73
80 88 0
0 85 66
80 85 0
0 84 66
80 84 0
0 87 74
80 87 0
0 84 68
80 84 0
0 83 68
80 83 0
0 86 76
80 86 0
0 82 70
80 82 0
0 86 70
80 86 0
0 78 73
0 90 87
80 90 0
0 78 0
0 87 70
80 87 0
0 86 72
80 86 0
0 77 78
0 89 92
80 89 0
0 77 0
0 86 72
80 86 0
0 85 72
80 85 0
0 76 80
0 88 95
80 88 0
0 76 0
0 85 73
80 85 0
0 84 74
80 84 0
0 75 82
0 87 97
80 87 0
0 75 0
0 83 75
80 83 0
0 82 76
80 82 0
0 76 95
0 88 104
80 85 68
80 85 0
0 84 69
80 84 0
0 83 71
80 83 0
0 82 70
80 82 0
0 81 72
80 81 0
0 80 72
80 80 0
0 79 72
80 79 0
0 78 69
80 78 0
0 88 0
0 76 0
0 77 90
0 89 104
80 83 81
80 83 0
0 88 81
80 88 0
0 89 94
80 89 0
0 95 87
80 95 0
0 100 91
80 100 0
0 101 96
80 101 0
0 95 89
80 95 0
0 89 81
80 89 0
0 89 0
0 77 0
0 74 95
0 86 104
80 83 68
80 83 0
0 82 68
80 82 0
0 81 68
80 81 0
0 80 70
80 80 0
0 79 70
80 79 0
0 78 70
80 78 0
0 77 70
80 77 0
0 76 76
80 76 0
0 86 0
0 74 0
0 75 90
0 87 104
80 78 81
80 78 0
0 83 81
80 83 0
0 84 93
80 84 0
0 90 85
80 90 0
0 95 101
80 95 0
0 96 103
80 96 0
0 90 89
80 90 0
0 84 81
80 84 0
0 87 0
0 75 0
0 82 70
0 70 70
80 70 0
0 78 65
80 78 0
0 70 64
80 70 0
80 69 60
80 69 0
0 70 58
80 70 0
0 82 0
0 71 64
80 76 58
80 76 0
0 83 58
80 83 0
0 71 0
0 79 62
80 76 56
80 76 0
0 67 55
80 67 0
80 66 51
80 66 0
0 67 50
80 67 0
0 79 0
0 68 55
80 75 50
80 75 0
0 80 49
80 80 0
0 68 0
80 66 41
80 66 0
0 68 41
80 68 0
0 69 45
80 69 0
0 70 42
80 70 0
0 71 42
80 71 0
0 75 55
80 73 45
40 75 0
40 73 0
0 74 45
80 74 0
0 75 45
0 77 63
80 75 0
0 69 45
40 77 0
40 69 0
0 70 45
80 70 0
0 71 45
80 71 0
0 72 42
80 72 0
0 73 42
80 73 0
0 79 55
80 73 41
40 79 0
40 73 0
0 74 41
80 74 0
0 75 45
0 80 64
80 75 0
0 71 45
40 80 0
40 71 0
0 73 45
80 73 0
0 75 45
80 75 0
0 76 42
80 76 0
0 77 42
80 77 0
0 78 45
0 81 55
80 78 0
0 77 42
10 81 0
70 77 0
0 78 42
80 82 61
80 78 0
0 77 42
10 82 0
70 77 0
0 78 41
80 78 0
0 79 45
0 84 58
80 79 0
0 80 42
10 84 0
70 80 0
0 81 42
80 81 0
0 82 45
0 86 60
80 82 0
0 80 40
10 86 0
70 80 0
0 78 40
80 87 66
160 82 44
80 82 0
0 87 0
0 78 0
0 87 53
80 87 0
0 90 44
80 90 0
0 94 44
80 94 0
0 99 53
80 99 0
0 91 44
80 91 0
0 90 44
80 90 0
0 98 52
80 98 0
0 90 45
80 90 0
0 89 45
80 89 0
0 97 54
80 97 0
0 89 45
80 89 0
0 88 46
80 88 0
0 96 53
80 96 0
0 88 46
80 88 0
0 87 46
80 87 0
0 78 54
80 78 0
0 81 47
80 81 0
0 82 47
80 82 0
0 86 57
80 86 0
0 87 47
80 87 0
0 90 47
80 90 0
0 94 58
80 94 0
0 86 48
80 86 0
0 85 48
80 85 0
0 93 59
80 93 0
0 85 49
80 85 0
0 84 49
80 84 0
0 92 61
80 92 0
0 84 49
80 84 0
0 83 50
80 83 0
0 91 60
80 91 0
0 83 50
80 83 0
0 82 50
80 82 0
0 72 61
80 72 0
0 75 54
80 75 0
0 78 56
80 78 0
0 80 62
80 80 0
0 81 51
80 81 0
0 84 51
80 84 0
0 87 62
80 87 0
0 79 52
80 79 0
0 78 52
80 78 0
0 86 61
80 86 0
0 78 52
80 78 0
0 77 53
80 77 0
0 85 62
80 85 0
0 77 53
80 77 0
0 76 53
80 76 0
0 84 62
80 84 0
0 76 54
80 76 0
0 75 54
80 75 0
0 66 78
80 66 0
0 69 54
80 69 0
0 70 54
80 70 0
0 74 64
80 74 0
0 75 52
80 75 0
0 78 51
80 78 0
0 82 62
80 82 0
0 74 51
80 74 0
0 73 50
80 73 0
0 81 61
80 81 0
0 73 48
80 73 0
0 72 48
80 72 0
0 80 58
80 80 0
0 72 47
80 72 0
0 71 46
80 71 0
0 79 55
80 79 0
0 71 45
80 71 0
0 70 44
80 70 0
0 78 55
80 78 0
0 70 51
80 70 0
0 75 51
80 75 0
0 83 49
80 83 0
0 79 43
80 79 0
0 74 43
80 74 0
0 82 49
80 82 0
0 78 42
80 78 0
0 73 42
80 73 0
0 81 49
80 81 0
0 77 43
80 77 0
0 72 43
80 72 0
0 80 49
80 80 0
0 76 42
80 76 0
0 71 42
80 71 0
0 79 49
80 79 0
0 71 43
80 71 0
0 69 43
80 69 0
0 78 49
80 78 0
0 73 42
80 73 0
0 66 42
80 66 0
0 71 49
80 71 0
0 67 44
80 67 0
0 62 44
80 62 0
0 70 49
80 70 0
0 66 42
80 66 0
0 61 42
80 61 0
0 69 49
80 69 0
0 65 40
80 65 0
0 60 40
80 60 0
0 68 50
80 68 0
0 64 44
80 64 0
0 59 44
80 59 0
0 67 50
80 67 0
0 59 43
80 59 0
0 57 43
80 57 0
0 66 50
80 66 0
0 58 42
80 58 0
320 66 42
80 66 0
0 65 38
80 65 0
0 70 38
80 70 0
0 58 42
0 66 42
0 63 42
80 63 0
0 66 0
0 58 0
0 68 37
80 68 0
0 69 38
80 69 0
0 70 42
80 70 0
0 74 39
80 74 0
0 75 39
80 75 0
0 78 42
80 78 0
0 77 40
80 77 0
0 82 40
80 82 0
0 70 42
0 75 42
0 78 42
80 78 0
0 75 0
0 70 0
0 80 38
80 80 0
0 81 38
80 81 0
0 82 42
80 82 0
0 86 38
80 86 0
0 87 38
80 87 0
0 90 42
80 90 0
0 89 40
80 89 0
0 94 40
80 94 0
0 90 42
80 90 0
0 91 44
80 91 0
0 92 47
80 92 0
0 93 48
80 93 0
0 94 50
80 94 0
0 95 53
80 95 0
0 96 54
80 96 0
0 97 55
80 97 0
0 98 56
80 98 0
0 99 65
240 99 0
0 90 57
0 87 57
120 87 0
0 90 0
120 78 53
0 75 53
120 75 0
0 78 0
1560 46 54
80 46 0
0 47 48
80 47 0
0 45 46
80 45 0
0 46 54
240 46 0
240 46 46
80 46 0
0 47 40
80 47 0
0 45 41
80 45 0
0 46 47
240 46 0
720 46 34
80 47 32
16 46 0
64 45 31
16 47 0
64 46 35
16 45 0
64 47 31
16 46 0
64 45 31
16 47 0
64 46 41
16 45 0
224 46 0
960 46 32
1440 46 0
720 72 34
0 69 28
720 69 0
0 72 0
720 54 28
0 51 23
2160 51 0
0 54 0
1440 78 89
0 66 89
1440 66 0
0 78 0
0 54 85
0 66 93
960 66 0
0 54 0
0 34 71
0 46 78
1920 46 0
0 34 0
1440 90 100
60 90 0
180 78 87
60 78 0
180 72 85
60 72 0
180 78 98
60 78 0
180 63 81
60 63 0
420 66 92
0 54 92
240 54 0
0 66 0
0 57 74
0 45 74
240 45 0
0 57 0
240 37 86
0 49 86
240 49 0
0 37 0
0 42 70
0 30 70
240 30 0
0 42 0
480 61 64
0 66 64
0 73 64
720 73 0
0 66 0
0 61 0
960 89 45
0 86 45
240 86 0
0 89 0
0 87 41
0 94 41
240 94 0
0 87 0
0 89 45
0 86 45
240 86 0
0 89 0
0 87 40
0 94 40
240 94 0
0 87 0
0 89 45
0 86 45
240 86 0
0 89 0
0 22 85
0 34 85
480 34 0
0 22 0
0 35 86
0 47 86
960 47 0
0 35 0
0 37 85
0 49 85
480 49 0
0 37 0
0 50 90
0 62 90
720 62 0
0 50 0
0 63 87
0 51 87
120 51 0
0 63 0
120 79 36
0 82 43
0 75 36
0 70 36
120 70 0
0 79 0
0 82 0
0 75 0
120 71 28
0 76 28
0 80 28
0 83 34
120 83 0
0 71 0
0 76 0
0 80 0
120 63 30
120 63 0
120 80 45
0 76 38
0 73 38
0 68 38
120 68 0
0 80 0
0 76 0
0 73 0
120 70 28
0 75 28
0 78 28
0 82 34
120 82 0
0 70 0
0 75 0
0 78 0
120 63 30
120 63 0
120 78 45
0 75 38
0 71 38
0 66 38
120 66 0
0 78 0
0 75 0
0 71 0
120 68 28
0 73 28
0 76 28
0 80 34
120 80 0
0 68 0
0 73 0
0 76 0
120 63 33
120 63 0
120 64 39
0 68 33
0 71 33
0 76 39
120 76 0
0 64 0
0 68 0
0 71 0
120 78 34
0 75 23
0 70 23
0 66 23
120 66 0
0 78 0
0 75 0
0 70 0
360 54 85
240 54 0
0 47 77
240 47 0
0 38 86
240 38 0
0 42 76
240 42 0
0 33 89
240 33 0
0 27 80
0 39 80
240 45 94
0 57 94
480 57 0
0 45 0
0 54 97
0 66 97
480 66 0
0 66 66
80 66 0
0 58 60
80 58 0
0 51 60
80 27 0
0 54 0
0 39 0
0 59 64
240 59 0
0 60 64
240 60 0
0 61 60
240 61 0
0 62 60
240 62 0
0 51 0
0 59 62
0 63 52
80 63 0
0 65 48
80 65 0
0 67 49
80 67 0
0 68 55
80 68 0
0 70 49
80 70 0
0 71 49
80 71 0
0 56 62
0 51 62
240 56 0
0 58 58
240 58 0
0 59 0
0 59 55
240 59 0
0 62 52
240 62 0
0 51 0
0 59 49
0 63 49
80 63 0
0 64 48
80 64 0
0 65 47
80 65 0
0 66 46
80 66 0
0 68 45
80 68 0
0 69 44
80 69 0
0 59 0
0 58 39
0 63 39
0 66 46
240 66 0
0 63 0
0 58 0
240 72 45
0 67 38
0 63 38
120 63 0
0 67 0
0 72 0
120 71 45
0 68 38
0 63 38
0 58 38
120 58 0
0 71 0
0 68 0
0 63 0
360 72 45
0 67 38
0 64 38
120 64 0
0 67 0
0 72 0
120 71 47
0 68 39
0 63 39
0 58 39
120 58 0
0 71 0
0 68 0
0 63 0
360 63 34
0 69 34
0 72 41
90 72 0
0 69 0
0 63 0
150 58 39
0 63 39
0 67 39
0 70 46
90 70 0
0 58 0
0 63 0
0 67 0
150 63 36
0 69 36
0 72 43
90 72 0
0 69 0
0 63 0
150 58 39
0 62 39
0 70 46
90 70 0
0 62 0
0 58 0
150 75 52
0 70 44
0 63 44
240 63 0
0 70 0
0 75 0
0 87 49
60 87 0
60 75 41
60 75 0
60 87 49
60 87 0
60 75 42
60 75 0
60 87 49
60 87 0
60 75 41
60 75 0
60 87 49
60 87 0
60 75 40
60 75 0
60 87 49
60 87 0
60 75 42
60 75 0
60 87 49
60 87 0
60 75 41
60 75 0
60 75 49
60 75 0
60 63 40
60 63 0
60 75 49
60 75 0
60 63 42
60 63 0
60 75 49
60 75 0
60 63 42
60 63 0
60 75 49
60 75 0
60 63 44
60 63 0
60 75 49
60 75 0
60 63 43
60 63 0
60 75 49
60 75 0
60 63 41
60 63 0
300 75 48
60 75 0
60 63 43
60 63 0
60 75 48
60 75 0
60 63 41
60 63 0
300 75 49
60 75 0
60 63 42
60 63 0
60 75 49
60 75 0
60 63 42
60 63 0
60 39 67
0 51 80
240 51 0
0 39 0
0 47 73
0 35 62
240 35 0
0 47 0
0 32 67
0 44 80
240 44 0
0 32 0
0 41 79
0 29 66
120 29 0
0 41 0
0 39 82
0 27 70
120 27 0
0 39 0
0 38 88
0 26 74
120 26 0
0 38 0
0 36 90
0 24 77
120 24 0
0 36 0
0 34 95
0 22 80
720 22 0
0 34 0
0 44 73
0 35 49
0 39 49
0 47 62
240 44 0
0 43 69
240 43 0
0 42 62
240 42 0
0 35 0
0 39 0
0 47 0
0 25 87
0 37 95
720 37 0
0 25 0
0 47 73
0 38 62
0 42 62
0 50 62
240 47 0
0 45 69
240 45 0
0 44 62
240 44 0
0 38 0
0 42 0
0 50 0
0 43 76
0 39 76
0 51 83
480 55 68
0 51 62
0 63 87
240 63 0
0 39 0
0 51 0
0 43 0
0 51 0
0 55 0
0 52 52
0 61 72
0 64 92
0 56 55
240 56 0
0 57 62
240 57 0
0 58 62
240 58 0
0 52 0
0 61 0
0 64 0
0 53 76
0 57 76
0 63 76
0 60 76
0 65 83
480 65 0
0 63 0
0 53 0
0 57 0
0 60 0
0 65 62
0 69 62
0 72 73
0 77 87
0 75 73
240 75 0
0 72 0
0 65 0
0 69 0
0 77 0
0 66 66
0 70 66
0 72 78
0 75 78
0 78 92
720 78 0
0 72 0
0 66 0
0 70 0
0 75 0
0 58 76
0 70 83
240 70 0
0 58 0
0 74 36
0 77 43
0 70 36
0 65 36
120 65 0
0 74 0
0 77 0
0 70 0
120 66 28
0 71 28
0 75 28
0 78 34
120 78 0
0 66 0
0 71 0
0 75 0
120 58 30
120 58 0
120 75 45
0 71 38
0 68 38
0 63 38
120 63 0
0 75 0
0 71 0
0 68 0
120 65 28
0 70 28
0 73 28
0 77 34
120 77 0
0 65 0
0 70 0
0 73 0
120 58 30
120 58 0
120 73 45
0 70 38
0 66 38
0 61 38
120 61 0
0 73 0
0 70 0
0 66 0
120 63 28
0 68 28
0 71 28
0 75 34
120 75 0
0 63 0
0 68 0
0 71 0
120 58 33
120 58 0
120 59 39
0 63 33
0 66 33
0 71 39
120 71 0
0 59 0
0 63 0
0 66 0
120 73 34
0 70 23
0 65 23
120 65 0
0 70 0
0 73 0
600 47 45
0 50 62
240 50 0
0 47 0
0 46 45
0 51 62
240 51 0
0 46 0
0 53 66
0 45 49
240 45 0
0 53 0
0 54 94
0 46 62
240 39 57
0 27 48
240 46 0
0 54 0
0 56 67
0 52 50
240 52 0
0 56 0
0 51 51
0 57 70
240 57 0
0 27 0
0 39 0
0 51 0
0 50 52
0 58 71
240 58 0
0 50 0
0 49 53
0 53 53
0 59 72
240 59 0
0 53 0
0 49 0
0 47 55
0 55 55
0 61 74
240 61 0
0 55 0
0 47 0
0 46 72
0 56 72
0 62 97
240 39 69
0 27 58
240 62 0
0 46 0
0 56 0
0 63 82
0 59 61
240 59 0
0 63 0
0 64 86
0 61 63
0 58 63
240 58 0
0 64 0
0 27 0
0 39 0
0 61 0
0 65 89
0 60 66
0 57 66
240 57 0
0 60 0
0 65 0
0 66 94
0 59 69
0 56 69
240 56 0
0 59 0
0 66 0
0 67 96
0 58 71
0 55 71
240 55 0
0 67 0
0 68 101
0 54 74
240 54 0
0 68 0
0 58 0
0 69 102
0 63 75
0 60 75
0 57 75
0 53 75
240 53 0
0 60 0
0 69 0
0 63 0
0 57 0
0 39 83
0 27 70
480 70 78
0 63 66
0 58 66
0 54 66
240 54 0
0 27 0
0 70 0
0 39 0
0 58 0
0 63 0
0 71 92
0 67 78
0 64 78
0 61 78
0 59 78
720 59 0
0 64 0
0 71 0
0 67 0
0 61 0
0 50 78
0 53 78
0 56 78
0 59 78
0 62 92
240 27 78
0 39 78
480 39 0
0 62 0
0 53 0
0 56 0
0 50 0
0 27 0
0 59 0
0 66 92
0 62 78
0 59 78
0 56 78
0 54 78
720 54 0
0 59 0
0 66 0
0 62 0
0 56 0
0 45 78
0 48 78
0 51 78
0 54 78
0 57 92
240 27 78
0 39 78
480 39 0
0 57 0
0 48 0
0 51 0
0 45 0
0 27 0
0 54 0
0 63 80
0 54 68
0 51 68
240 51 0
0 54 0
0 63 0
0 50 65
0 53 65
0 62 77
240 62 0
0 53 0
0 50 0
0 52 58
0 49 58
0 61 70
240 61 0
0 49 0
0 52 0
0 52 57
0 48 57
0 60 68
240 52 0
0 51 66
240 60 0
0 48 0
0 47 53
0 59 63
240 59 0
0 47 0
0 51 0
0 46 39
0 51 39
0 54 39
0 58 46
240 58 0
0 46 0
0 51 0
0 54 0
240 72 45
0 67 38
0 63 38
120 63 0
0 67 0
0 72 0
120 71 45
0 68 38
0 63 38
0 58 38
120 58 0
0 71 0
0 68 0
0 63 0
360 72 45
0 67 38
0 64 38
120 64 0
0 67 0
0 72 0
120 71 47
0 68 39
0 63 39
0 58 39
120 58 0
0 71 0
0 68 0
0 63 0
360 63 34
0 69 34
0 72 41
90 72 0
0 69 0
0 63 0
150 58 39
0 63 39
0 67 39
0 70 46
90 70 0
0 58 0
0 63 0
0 67 0
150 63 36
0 69 36
0 72 43
90 72 0
0 69 0
0 63 0
150 58 39
0 62 39
0 70 46
90 70 0
0 62 0
0 58 0
150 75 52
0 70 44
0 63 44
240 63 0
0 70 0
0 75 0
0 27 46
0 39 46
240 44 44
240 44 0
0 27 0
0 45 51
480 45 0
0 46 51
240 46 0
0 48 57
240 39 0
0 27 47
0 39 47
240 48 0
0 50 52
0 39 52
240 50 0
0 27 0
0 39 0
0 51 59
480 51 0
0 53 55
240 53 0
0 39 0
0 54 60
0 48 51
0 45 51
240 45 0
0 48 0
0 54 0
0 27 53
0 39 53
240 53 43
0 56 51
240 56 0
0 27 0
0 39 0
0 53 0
0 48 50
0 51 50
0 57 60
480 57 0
0 51 0
0 48 0
0 54 50
0 58 60
240 58 0
0 51 69
0 60 69
240 39 53
240 60 0
0 54 0
0 51 0
0 58 46
0 62 56
240 62 0
0 58 0
0 39 0
0 54 50
0 57 50
0 63 61
480 63 0
0 57 0
0 54 0
0 62 42
0 65 50
240 65 0
0 62 0
0 66 61
0 63 51
0 58 51
240 58 0
0 63 0
0 66 0
0 87 49
60 87 0
60 75 41
60 75 0
60 87 49
60 87 0
60 75 42
60 75 0
60 87 49
60 87 0
60 75 41
60 75 0
60 87 49
60 87 0
60 75 40
60 75 0
60 87 49
60 87 0
60 75 42
60 75 0
60 87 49
60 87 0
60 75 41
60 75 0
60 75 49
60 75 0
60 63 40
60 63 0
60 75 49
60 75 0
60 63 42
60 63 0
60 75 49
60 75 0
60 63 42
60 63 0
60 75 49
60 75 0
60 63 44
60 63 0
60 75 49
60 75 0
60 63 43
60 63 0
60 75 49
60 75 0
100 46 42
0 39 42
80 39 0
0 46 0
0 51 38
40 51 0
0 54 38
40 54 0
1 57 39
40 57 0
0 58 40
40 58 0
0 62 40
39 63 42
1 62 0
39 63 0
1680 87 42
0 82 42
240 82 0
0 87 0
0 91 42
0 88 42
240 88 0
0 91 0
0 89 45
0 92 45
240 92 0
0 89 0
0 87 48
0 90 48
0 94 48
240 94 0
0 90 0
0 87 0
480 72 44
0 69 44
120 69 0
0 72 0
120 60 40
0 57 40
120 57 0
0 60 0
120 50 34
0 46 34
120 46 0
0 50 0
120 42 34
0 39 34
240 27 34
5280 27 0
240 39 0
0 42 0
