0 62 74
720 61 69
720 61 0
0 60 64
720 57 61
720 54 57
2160 54 0
0 62 0
0 60 0
0 57 0
0 62 53
360 62 0
0 62 53
120 62 0
0 62 53
240 62 0
0 67 56
0 58 47
0 62 47
480 62 0
0 58 0
0 67 0
0 69 53
240 69 0
0 66 50
0 63 51
0 70 60
480 70 0
0 63 0
0 66 0
0 69 52
240 69 0
0 62 48
0 67 57
480 67 0
0 62 0
0 67 53
240 67 0
0 60 53
0 62 53
360 62 0
0 60 0
0 62 53
0 60 53
120 60 0
0 62 0
0 60 53
0 62 53
240 62 0
0 60 0
0 58 47
0 67 56
0 62 56
480 62 0
0 67 0
0 58 0
0 69 53
240 69 0
0 63 60
0 66 51
0 70 60
480 70 0
0 66 0
0 63 0
0 69 51
240 69 0
0 62 41
0 67 57
480 67 0
0 62 0
0 67 53
240 67 0
0 58 53
0 62 53
360 62 0
0 58 0
0 58 53
0 62 53
120 62 0
0 58 0
0 62 53
0 58 53
240 58 0
0 62 0
0 58 60
0 65 60
480 65 0
0 58 0
0 65 58
240 65 0
0 57 58
0 65 58
480 65 0
0 57 0
0 62 57
240 62 0
0 53 61
0 58 61
480 58 0
0 53 0
0 58 62
240 58 0
0 58 59
0 55 59
360 58 0
0 58 59
120 58 0
0 60 53
240 60 0
0 55 0
0 53 49
0 62 49
0 58 49
720 58 0
0 62 0
0 53 0
0 54 46
0 58 55
360 58 0
0 58 50
120 58 0
0 60 56
240 60 0
0 54 0
0 62 57
0 53 48
0 58 57
480 58 0
0 53 0
0 62 0
0 65 60
240 65 0
0 63 66
0 57 56
0 67 66
480 67 0
0 57 0
0 63 0
0 65 56
240 65 0
0 62 58
0 53 49
0 58 52
480 58 0
0 53 0
0 62 0
0 60 52
240 60 0
0 55 49
0 58 49
360 58 0
0 58 48
120 58 0
0 55 0
0 60 41
0 55 41
240 55 0
0 60 0
0 57 40
0 54 36
0 62 49
2160 62 0
0 54 0
0 57 0
0 74 53
360 74 0
0 74 53
120 74 0
0 74 53
240 74 0
0 74 47
0 70 47
0 79 56
480 79 0
0 70 0
0 74 0
0 81 53
240 81 0
0 75 47
0 78 51
0 82 60
480 82 0
0 78 0
0 75 0
0 81 51
240 81 0
0 74 48
0 79 57
480 79 0
0 74 0
0 79 53
240 79 0
0 72 53
0 74 53
360 74 0
0 72 0
0 72 53
0 74 53
120 74 0
0 72 0
0 74 53
0 72 53
240 72 0
0 74 0
0 79 56
0 74 56
0 70 47
480 70 0
0 74 0
0 79 0
0 81 53
240 81 0
0 78 52
0 75 52
0 82 60
480 82 0
0 75 0
0 78 0
0 81 51
240 81 0
0 74 57
0 79 57
480 79 0
0 74 0
0 79 53
240 79 0
0 70 53
0 74 53
360 74 0
0 70 0
0 74 53
0 70 53
120 70 0
0 74 0
0 70 53
0 74 53
240 74 0
0 70 0
0 70 60
0 77 60
480 77 0
0 70 0
0 77 55
240 77 0
0 69 51
0 77 58
480 77 0
0 69 0
0 70 61
240 70 0
0 65 55
0 70 61
480 70 0
0 65 0
0 70 62
240 70 0
0 67 59
0 70 59
360 70 0
0 70 59
120 70 0
0 72 58
240 72 0
0 67 0
0 65 49
0 74 49
0 70 49
720 70 0
0 74 0
0 65 0
0 66 46
0 70 55
360 70 0
0 70 50
120 70 0
0 72 56
240 72 0
0 66 0
0 74 57
0 65 48
0 70 57
480 70 0
0 65 0
0 74 0
0 77 57
240 77 0
0 75 56
0 69 56
0 79 66
480 79 0
0 69 0
0 75 0
0 77 56
240 77 0
0 74 58
0 65 49
0 70 58
480 70 0
0 65 0
0 74 0
0 72 52
240 72 0
0 67 49
0 70 49
360 70 0
0 70 48
120 70 0
0 72 41
240 72 0
0 67 0
0 74 49
0 69 40
0 66 40
2160 66 0
0 69 0
0 74 0
0 62 53
360 62 0
0 62 53
120 62 0
0 62 53
240 62 0
0 59 47
0 62 47
0 65 56
480 65 0
0 62 0
0 59 0
0 67 54
180 67 0
0 70 51
60 70 0
0 62 60
0 59 51
0 68 60
480 68 0
0 59 0
0 62 0
0 67 55
240 67 0
0 59 48
0 62 48
0 65 57
480 65 0
0 62 0
0 59 0
0 65 53
240 65 0
0 56 53
0 59 53
360 59 0
0 60 53
120 60 0
0 62 53
240 62 0
0 56 0
0 62 47
0 59 47
0 65 56
480 65 0
0 59 0
0 62 0
0 67 58
180 67 0
0 70 51
60 70 0
0 59 51
0 62 53
0 68 60
480 68 0
0 62 0
0 59 0
0 67 55
240 67 0
0 65 57
0 59 48
0 62 48
480 62 0
0 59 0
0 65 0
0 65 53
240 65 0
0 74 67
0 67 67
0 77 79
0 79 79
360 79 0
0 74 0
0 67 0
0 77 0
0 70 61
0 79 72
0 67 61
0 77 72
120 77 0
0 70 0
0 79 0
0 67 0
0 77 72
0 79 72
0 71 61
0 67 61
240 67 0
0 77 0
0 79 0
0 71 0
0 87 70
0 91 84
0 79 70
0 84 70
480 84 0
0 87 0
0 91 0
0 79 0
0 75 68
0 79 68
0 87 81
240 87 0
0 79 0
0 75 0
0 79 72
0 75 72
0 87 85
360 87 0
0 75 0
0 79 0
0 74 67
0 79 67
0 86 79
120 86 0
0 79 0
0 74 0
0 84 79
0 79 67
0 72 67
240 72 0
0 79 0
0 84 0
0 77 72
0 74 72
0 86 85
360 86 0
0 74 0
0 77 0
0 71 62
0 74 62
0 77 74
120 77 0
0 74 0
0 71 0
0 79 74
0 74 62
0 71 62
180 71 0
0 74 0
0 79 0
0 82 66
60 82 0
0 80 78
0 74 64
0 71 64
360 71 0
0 74 0
0 80 0
0 79 73
0 71 62
0 74 62
120 74 0
0 71 0
0 79 0
0 77 69
0 74 58
0 71 58
240 71 0
0 74 0
0 77 0
0 75 80
0 72 66
360 72 0
0 75 0
0 75 62
0 72 62
0 78 74
120 78 0
0 72 0
0 75 0
0 75 62
0 79 74
0 72 62
240 72 0
0 79 0
0 75 0
0 75 72
0 79 72
0 87 85
360 87 0
0 79 0
0 75 0
0 79 67
0 74 67
0 86 79
120 86 0
0 74 0
0 79 0
0 79 63
0 84 75
0 72 63
240 72 0
0 84 0
0 79 0
0 74 72
0 77 72
0 86 85
360 86 0
0 77 0
0 74 0
0 77 74
0 74 62
0 71 62
120 71 0
0 74 0
0 77 0
0 79 74
0 74 62
0 71 62
180 71 0
0 74 0
0 79 0
0 82 67
60 82 0
0 80 78
0 74 64
0 71 64
360 71 0
0 74 0
0 80 0
0 79 73
0 71 62
0 74 62
120 74 0
0 71 0
0 79 0
0 71 62
0 77 73
0 74 62
240 74 0
0 77 0
0 71 0
0 75 80
0 72 66
360 72 0
0 75 0
0 72 62
0 75 62
0 78 74
120 78 0
0 75 0
0 72 0
0 79 74
0 75 62
0 72 62
240 72 0
0 75 0
0 79 0
0 74 68
0 79 68
0 86 81
360 79 0
0 74 0
4 79 74
112 74 74
8 79 0
232 74 0
4 86 0
0 79 68
0 84 81
0 72 68
360 72 0
0 79 0
4 79 70
116 72 68
4 79 0
116 72 0
0 84 0
0 81 62
60 81 0
0 84 62
60 84 0
0 74 51
0 72 51
0 78 51
0 81 72
360 81 0
0 74 0
0 72 0
0 78 0
0 79 69
120 79 0
0 81 69
240 81 0
0 70 68
0 82 81
0 74 68
360 74 0
0 70 0
4 79 74
116 74 74
4 79 0
236 74 0
0 82 0
0 82 72
0 74 72
0 79 72
0 86 72
360 86 0
0 82 0
0 74 0
0 79 0
0 79 69
120 79 0
0 74 69
240 74 0
0 69 57
0 74 68
0 81 68
360 74 0
0 69 0
0 74 74
120 74 0
0 69 56
240 69 0
0 81 0
0 73 61
0 79 61
0 81 72
360 81 0
0 82 69
120 82 0
0 81 69
240 81 0
0 79 0
0 73 0
0 81 67
0 86 79
0 74 67
720 74 0
0 86 0
0 81 0
360 74 63
120 74 0
0 74 63
240 74 0
0 75 71
0 72 60
0 69 60
360 75 0
0 79 61
120 79 0
0 82 61
240 82 0
0 69 0
0 72 0
0 75 58
0 79 58
0 86 69
360 86 0
0 84 63
120 84 0
0 79 63
240 79 0
0 79 0
0 75 0
0 72 56
0 81 71
0 74 56
360 81 0
0 82 61
120 82 0
0 81 61
240 81 0
0 74 0
0 72 0
0 75 58
0 78 58
0 84 69
360 84 0
0 78 0
0 75 0
0 74 53
0 78 53
0 82 63
120 82 0
0 78 0
0 74 0
0 72 53
0 78 53
0 81 63
240 81 0
0 78 0
0 72 0
0 70 60
0 74 60
0 79 71
360 79 0
0 74 0
0 70 0
0 72 51
0 75 51
0 81 61
120 81 0
0 75 0
0 72 0
0 70 51
0 74 51
0 79 61
240 79 0
0 74 0
0 70 0
0 69 55
0 77 64
0 72 55
360 72 0
0 77 0
0 69 0
0 74 49
0 79 58
0 70 49
120 70 0
0 79 0
0 74 0
0 75 58
0 67 49
0 70 49
240 70 0
0 67 0
0 75 0
0 74 61
0 66 51
0 69 51
720 69 0
0 66 0
0 74 0
360 62 47
120 62 0
0 62 47
240 62 0
0 60 53
0 57 53
0 63 63
360 63 0
0 67 55
120 67 0
0 70 55
240 70 0
0 57 0
0 60 0
0 67 51
0 63 51
0 74 61
360 74 0
0 72 57
120 72 0
0 67 57
240 67 0
0 63 0
0 67 0
0 69 63
0 62 48
0 60 45
360 69 0
0 70 55
120 70 0
0 69 55
240 69 0
0 60 0
0 62 0
0 66 51
0 63 51
0 72 61
360 72 0
0 70 57
120 70 0
0 69 57
240 69 0
0 63 0
0 66 0
0 67 63
0 58 53
0 62 53
360 62 0
0 58 0
0 67 0
0 69 55
0 60 46
0 63 46
120 63 0
0 60 0
0 69 0
0 67 55
0 58 46
0 62 46
240 62 0
0 58 0
0 67 0
0 65 58
0 57 49
0 60 49
360 60 0
0 57 0
0 65 0
0 67 51
0 58 42
0 62 42
120 62 0
0 58 0
0 67 0
0 63 51
0 55 42
0 58 42
240 58 0
0 55 0
0 63 0
0 57 58
0 62 58
720 62 0
0 57 0
0 60 53
0 62 53
360 62 0
0 62 53
120 62 0
0 62 53
240 62 0
0 60 0
0 58 47
0 62 47
0 67 56
480 67 0
0 62 0
0 58 0
0 69 56
240 69 0
0 63 51
0 66 60
0 70 60
480 70 0
0 66 0
0 63 0
0 69 55
240 69 0
0 58 48
0 62 48
0 67 57
480 67 0
0 62 0
0 58 0
0 67 53
240 67 0
0 60 53
0 62 53
360 62 0
0 60 0
0 60 53
0 62 53
120 62 0
0 60 0
0 60 49
0 62 49
240 62 0
0 60 0
0 58 47
0 62 56
0 67 56
480 67 0
0 62 0
0 58 0
0 69 53
240 69 0
0 63 60
0 66 60
0 70 60
480 70 0
0 66 0
0 63 0
0 69 52
240 69 0
0 58 43
0 62 48
0 67 57
480 67 0
0 62 0
0 58 0
0 67 53
240 67 0
0 58 53
0 62 53
360 62 0
0 58 0
0 58 53
0 62 53
120 62 0
0 58 0
0 58 49
0 62 49
240 62 0
0 58 0
0 58 60
0 65 60
480 65 0
0 58 0
0 65 58
240 65 0
0 57 58
0 65 58
480 65 0
0 57 0
0 62 55
240 62 0
0 53 61
0 58 61
480 58 0
0 53 0
0 58 62
240 58 0
0 55 59
0 58 59
360 58 0
0 58 59
120 58 0
0 60 58
240 60 0
0 55 0
0 53 49
0 62 49
0 58 49
720 58 0
0 62 0
0 53 0
0 54 46
0 58 55
360 58 0
0 58 50
120 58 0
0 60 56
240 60 0
0 54 0
0 53 48
0 58 57
0 62 57
480 62 0
0 58 0
0 53 0
0 65 60
240 65 0
0 57 56
0 63 66
0 67 66
480 67 0
0 63 0
0 57 0
0 65 56
240 65 0
0 62 58
0 53 49
0 58 51
480 58 0
0 53 0
0 62 0
0 60 52
240 60 0
0 55 49
0 58 49
360 58 0
0 58 48
120 58 0
0 55 0
0 55 41
0 60 41
240 60 0
0 55 0
0 54 40
0 57 40
0 62 49
2160 62 0
0 57 0
0 54 0
0 62 53
360 62 0
0 62 53
120 62 0
0 62 53
240 62 0
0 59 47
0 62 47
0 65 56
480 65 0
0 62 0
0 59 0
0 67 56
180 67 0
0 70 51
60 70 0
0 59 51
0 62 60
0 68 60
480 68 0
0 62 0
0 59 0
0 67 56
240 67 0
0 59 48
0 62 48
0 65 57
480 65 0
0 62 0
0 59 0
0 65 53
240 65 0
0 56 53
0 59 53
360 59 0
0 60 53
120 60 0
0 62 53
240 62 0
0 56 0
0 59 47
0 62 47
0 65 56
480 65 0
0 62 0
0 59 0
0 67 58
180 67 0
0 70 51
60 70 0
0 59 51
0 62 60
0 68 60
480 68 0
0 62 0
0 59 0
0 67 59
240 67 0
0 59 48
0 62 48
0 65 57
480 65 0
0 62 0
0 59 0
0 65 53
240 65 0
0 67 67
0 74 67
0 77 79
0 79 79
360 79 0
0 67 0
0 74 0
0 77 0
0 70 61
0 67 61
0 77 72
0 79 72
120 79 0
0 70 0
0 67 0
0 77 0
0 67 61
0 71 61
0 77 72
0 79 72
240 79 0
0 67 0
0 71 0
0 77 0
0 91 84
0 87 70
0 84 70
0 79 70
1440 79 0
0 91 0
0 87 0
0 84 0
720 63 58
0 67 58
0 69 58
360 69 0
0 67 0
0 63 0
0 63 58
0 67 58
0 70 70
120 70 0
0 67 0
0 63 0
0 63 58
0 67 58
0 72 70
240 72 0
0 67 0
0 63 0
0 63 63
0 67 63
0 72 77
0 75 77
720 75 0
0 63 0
0 67 0
0 72 0
0 67 58
0 69 58
0 72 70
360 72 0
0 69 0
0 67 0
0 67 63
0 69 63
0 74 77
120 74 0
0 69 0
0 67 0
0 67 62
0 69 62
0 75 74
240 75 0
0 69 0
0 67 0
0 67 70
0 69 70
0 75 82
0 81 82
720 81 0
0 67 0
0 69 0
0 75 0
0 60 58
0 67 69
0 63 58
360 67 0
0 69 60
120 69 0
0 67 58
240 67 0
0 63 0
0 60 0
0 67 58
0 62 58
0 74 69
720 74 0
0 62 0
0 67 0
360 62 57
120 62 0
0 62 57
240 62 0
0 60 56
0 63 67
0 57 56
360 63 0
0 67 59
120 67 0
0 69 59
240 69 0
0 57 0
0 60 0
0 63 57
0 67 57
0 72 68
360 72 0
0 74 59
120 74 0
0 75 59
240 75 0
0 67 0
0 63 0
0 67 56
0 74 67
0 62 56
720 62 0
0 74 0
0 67 0
0 61 55
0 67 66
360 67 0
0 72 56
120 72 0
0 70 59
240 70 0
0 61 0
0 60 55
0 68 66
360 68 0
0 72 55
120 72 0
0 67 56
120 67 0
0 60 0
0 66 55
60 66 0
0 67 56
60 67 0
0 60 52
0 66 62
360 66 0
0 64 55
120 64 0
0 66 55
240 66 0
0 60 0
0 67 52
0 58 44
720 58 0
0 67 0
0 57 45
0 60 45
0 62 53
360 62 0
0 60 0
0 60 45
0 62 53
120 62 0
0 60 0
0 60 45
0 62 53
240 62 0
0 60 0
0 57 0
0 58 47
0 62 47
0 67 56
480 67 0
0 62 0
0 58 0
0 69 55
240 69 0
0 63 51
0 66 50
0 70 60
480 70 0
0 66 0
0 63 0
0 69 53
240 69 0
0 62 48
0 67 57
480 67 0
0 62 0
0 67 53
240 67 0
0 60 53
0 62 53
360 62 0
0 60 0
0 60 53
0 62 53
120 62 0
0 60 0
0 60 51
0 62 51
240 62 0
0 60 0
0 58 47
0 62 56
0 67 56
480 67 0
0 62 0
0 58 0
0 69 55
240 69 0
0 63 51
0 66 51
0 70 60
480 70 0
0 66 0
0 63 0
0 69 51
240 69 0
0 62 51
0 67 57
480 67 0
0 62 0
0 67 53
240 67 0
0 58 53
0 62 53
360 62 0
0 58 0
0 58 53
0 62 53
120 62 0
0 58 0
0 58 50
0 62 50
240 62 0
0 58 0
0 58 60
0 65 60
480 65 0
0 58 0
0 65 58
240 65 0
0 57 58
0 65 58
480 65 0
0 57 0
0 62 56
240 62 0
0 53 61
0 58 61
480 58 0
0 53 0
0 58 62
240 58 0
0 55 59
0 58 59
360 58 0
0 58 59
120 58 0
0 60 58
240 60 0
0 55 0
0 53 49
0 62 49
0 58 49
720 58 0
0 62 0
0 53 0
0 54 46
0 58 55
360 58 0
0 58 50
120 58 0
0 60 56
240 60 0
0 54 0
0 53 48
0 58 57
0 62 57
480 62 0
0 58 0
0 53 0
0 65 60
240 65 0
0 57 56
0 63 66
0 67 66
480 67 0
0 63 0
0 57 0
0 65 56
240 65 0
0 62 58
0 53 49
0 58 52
480 58 0
0 53 0
0 62 0
0 60 52
240 60 0
0 55 49
0 58 49
360 58 0
0 58 48
120 58 0
0 55 0
0 55 41
0 60 41
240 60 0
0 55 0
0 54 38
0 57 40
0 62 49
2160 62 0
0 57 0
0 54 0
0 74 53
360 74 0
0 74 53
120 74 0
0 74 53
240 74 0
0 70 47
0 74 47
0 79 56
480 79 0
0 74 0
0 70 0
0 81 53
240 81 0
0 75 51
0 78 51
0 82 60
480 82 0
0 78 0
0 75 0
0 81 50
240 81 0
0 74 48
0 79 57
480 79 0
0 74 0
0 79 53
240 79 0
0 72 53
0 74 53
360 74 0
0 72 0
0 72 53
0 74 53
120 74 0
0 72 0
0 72 53
0 74 53
240 74 0
0 72 0
0 70 47
0 74 56
0 79 56
480 79 0
0 74 0
0 70 0
0 81 55
240 81 0
0 75 51
0 78 51
0 82 60
480 82 0
0 78 0
0 75 0
0 81 53
240 81 0
0 74 57
0 79 57
480 79 0
0 74 0
0 79 53
240 79 0
0 70 53
0 74 53
360 74 0
0 70 0
0 70 53
0 74 53
120 74 0
0 70 0
0 70 53
0 74 53
240 74 0
0 70 0
0 70 60
0 77 60
480 77 0
0 70 0
0 77 58
240 77 0
0 69 58
0 77 58
480 77 0
0 69 0
0 70 61
240 70 0
0 65 54
0 70 61
480 70 0
0 65 0
0 70 62
240 70 0
0 67 59
0 70 59
360 70 0
0 70 59
120 70 0
0 72 58
240 72 0
0 67 0
0 65 49
0 74 49
0 70 49
720 70 0
0 74 0
0 65 0
0 66 46
0 70 55
360 70 0
0 70 50
120 70 0
0 72 56
240 72 0
0 66 0
0 65 48
0 70 57
0 74 57
480 74 0
0 70 0
0 65 0
0 77 60
240 77 0
0 69 56
0 75 66
0 79 66
480 79 0
0 75 0
0 69 0
0 77 56
240 77 0
0 74 58
0 65 49
0 70 58
480 70 0
0 65 0
0 74 0
0 72 52
240 72 0
0 67 49
0 70 49
360 70 0
0 70 48
120 70 0
0 72 41
240 72 0
0 67 0
0 66 40
0 69 40
0 74 49
2160 74 0
0 69 0
0 66 0
0 62 53
360 62 0
0 62 53
120 62 0
0 62 53
240 62 0
0 59 47
0 62 47
0 65 56
480 65 0
0 62 0
0 59 0
0 67 55
180 67 0
0 70 51
60 70 0
0 59 51
0 62 60
0 68 60
480 68 0
0 62 0
0 59 0
0 67 55
240 67 0
0 59 48
0 62 48
0 65 57
480 65 0
0 62 0
0 59 0
0 65 53
240 65 0
0 56 53
0 59 53
360 59 0
0 60 53
120 60 0
0 62 53
240 62 0
0 56 0
0 59 47
0 62 47
0 65 56
480 65 0
0 62 0
0 59 0
0 67 57
180 67 0
0 70 51
60 70 0
0 59 51
0 62 60
0 68 60
480 68 0
0 62 0
0 59 0
0 67 55
240 67 0
0 59 48
0 62 48
0 65 57
480 65 0
0 62 0
0 59 0
0 65 53
240 65 0
0 67 67
0 74 67
0 77 79
0 79 79
360 79 0
0 67 0
0 74 0
0 77 0
0 70 61
0 67 61
0 77 72
0 79 72
120 79 0
0 70 0
0 67 0
0 77 0
0 67 61
0 71 61
0 77 72
0 79 72
240 79 0
0 67 0
0 71 0
0 77 0
0 91 84
0 87 70
0 84 70
0 79 70
480 79 0
0 91 0
0 87 0
0 84 0
0 87 81
0 79 68
0 75 68
240 75 0
0 79 0
0 87 0
0 79 72
0 75 72
0 87 85
360 87 0
0 75 0
0 79 0
0 74 67
0 79 67
0 86 79
120 86 0
0 79 0
0 74 0
0 84 79
0 79 67
0 72 67
240 72 0
0 79 0
0 84 0
0 77 72
0 74 72
0 86 85
360 86 0
0 74 0
0 77 0
0 71 62
0 74 62
0 77 74
120 77 0
0 74 0
0 71 0
0 79 74
0 74 62
0 71 62
180 71 0
0 74 0
0 79 0
0 82 66
60 82 0
0 74 64
0 71 64
0 80 78
360 80 0
0 71 0
0 74 0
0 71 62
0 74 62
0 79 73
120 79 0
0 74 0
0 71 0
0 77 73
0 74 62
0 71 62
240 71 0
0 74 0
0 77 0
0 75 80
0 72 66
360 72 0
0 75 0
0 72 62
0 75 62
0 78 74
120 78 0
0 75 0
0 72 0
0 79 74
0 75 62
0 72 62
240 72 0
0 75 0
0 79 0
0 79 72
0 75 72
0 87 85
360 87 0
0 75 0
0 79 0
0 74 67
0 79 67
0 86 79
120 86 0
0 79 0
0 74 0
0 84 79
0 79 67
0 72 67
240 72 0
0 79 0
0 84 0
0 77 72
0 74 72
0 86 85
360 86 0
0 74 0
0 77 0
0 71 62
0 74 62
0 77 74
120 77 0
0 74 0
0 71 0
0 79 74
0 74 62
0 71 62
180 71 0
0 74 0
0 79 0
0 82 67
60 82 0
0 74 64
0 71 64
0 80 78
360 80 0
0 71 0
0 74 0
0 71 62
0 74 62
0 79 73
120 79 0
0 74 0
0 71 0
0 77 73
0 74 62
0 71 62
240 71 0
0 74 0
0 77 0
0 75 80
0 72 66
360 72 0
0 75 0
0 72 62
0 75 62
0 78 74
120 78 0
0 75 0
0 72 0
0 79 74
0 75 62
0 72 62
240 72 0
0 75 0
0 79 0
0 74 68
0 86 81
0 79 68
360 79 0
0 74 0
4 79 74
112 74 68
8 79 0
232 74 0
4 86 0
0 84 81
0 72 68
0 79 68
360 79 0
0 72 0
4 79 70
116 72 66
4 79 0
116 72 0
0 84 0
0 81 62
60 81 0
0 84 62
60 84 0
0 72 51
0 74 51
0 78 51
0 81 72
360 81 0
0 72 0
0 74 0
0 78 0
0 79 69
120 79 0
0 81 69
240 81 0
0 82 81
0 70 68
0 74 68
360 74 0
0 70 0
4 79 71
116 74 68
4 79 0
236 74 0
0 82 0
0 74 72
0 79 72
0 82 72
0 86 72
360 86 0
0 74 0
0 79 0
0 82 0
0 79 69
120 79 0
0 74 69
240 74 0
0 81 68
0 69 57
0 74 68
360 74 0
0 69 0
0 74 74
120 74 0
0 69 66
240 69 0
0 81 0
0 73 61
0 79 61
0 81 72
360 81 0
0 82 69
120 82 0
0 81 69
240 81 0
0 79 0
0 73 0
0 86 79
0 81 67
0 74 67
720 74 0
0 81 0
0 86 0
360 74 63
120 74 0
0 74 63
240 74 0
0 72 60
0 69 60
0 75 71
360 75 0
0 79 61
120 79 0
0 82 61
240 82 0
0 69 0
0 72 0
0 75 58
0 79 58
0 86 69
360 86 0
0 84 63
120 84 0
0 79 63
240 79 0
0 79 0
0 75 0
0 74 52
0 72 52
0 81 71
360 81 0
0 82 61
120 82 0
0 81 61
240 81 0
0 72 0
0 74 0
0 75 58
0 78 58
0 84 69
360 84 0
0 78 0
0 75 0
0 74 53
0 78 53
0 82 63
120 82 0
0 78 0
0 74 0
0 72 53
0 78 53
0 81 63
240 81 0
0 78 0
0 72 0
0 70 60
0 74 60
0 79 71
360 79 0
0 74 0
0 70 0
0 72 51
0 75 51
0 81 61
120 81 0
0 75 0
0 72 0
0 70 51
0 74 51
0 79 61
240 79 0
0 74 0
0 70 0
0 69 55
0 72 55
0 77 64
360 77 0
0 72 0
0 69 0
0 70 49
0 74 49
0 79 58
120 79 0
0 74 0
0 70 0
0 67 49
0 70 49
0 75 58
240 75 0
0 70 0
0 67 0
0 66 51
0 69 51
0 74 61
720 74 0
0 69 0
0 66 0
360 62 47
120 62 0
0 62 47
240 62 0
0 60 53
0 57 53
0 63 63
360 63 0
0 67 55
120 67 0
0 70 55
240 70 0
0 57 0
0 60 0
0 63 51
0 67 51
0 74 61
360 74 0
0 72 57
120 72 0
0 67 57
240 67 0
0 67 0
0 63 0
0 62 50
0 60 47
0 69 63
360 69 0
0 70 55
120 70 0
0 69 55
240 69 0
0 60 0
0 62 0
0 63 51
0 66 51
0 72 61
360 72 0
0 70 57
120 70 0
0 69 57
240 69 0
0 66 0
0 63 0
0 58 53
0 62 53
0 67 63
360 67 0
0 62 0
0 58 0
0 60 46
0 63 46
0 69 55
120 69 0
0 63 0
0 60 0
0 58 46
0 62 46
0 67 55
240 67 0
0 62 0
0 58 0
0 57 49
0 60 49
0 65 58
360 65 0
0 60 0
0 57 0
0 58 42
0 62 42
0 67 51
120 67 0
0 62 0
0 58 0
0 55 42
0 58 42
0 63 51
240 63 0
0 58 0
0 55 0
0 57 58
0 62 58
720 62 0
0 57 0
0 60 53
0 62 53
360 62 0
0 62 53
120 62 0
0 62 53
240 62 0
0 60 0
0 58 47
0 62 47
0 67 56
480 67 0
0 62 0
0 58 0
0 69 56
240 69 0
0 63 51
0 66 60
0 70 60
480 70 0
0 66 0
0 63 0
0 69 59
240 69 0
0 58 48
0 62 48
0 67 57
480 67 0
0 62 0
0 58 0
0 67 53
240 67 0
0 60 53
0 62 53
360 62 0
0 60 0
0 60 53
0 62 53
120 62 0
0 60 0
0 60 51
0 62 51
240 62 0
0 60 0
0 58 47
0 62 56
0 67 56
480 67 0
0 62 0
0 58 0
0 69 56
240 69 0
0 63 60
0 66 60
0 70 60
480 70 0
0 66 0
0 63 0
0 69 53
240 69 0
0 58 48
0 62 48
0 67 57
480 67 0
0 62 0
0 58 0
0 67 53
240 67 0
0 58 53
0 62 53
360 62 0
0 58 0
0 58 53
0 62 53
120 62 0
0 58 0
0 58 49
0 62 49
240 62 0
0 58 0
0 58 60
0 65 60
480 65 0
0 58 0
0 65 58
240 65 0
0 57 58
0 65 58
480 65 0
0 57 0
0 62 59
240 62 0
0 53 61
0 58 61
480 58 0
0 53 0
0 58 62
240 58 0
0 55 59
0 58 59
360 58 0
0 58 59
120 58 0
0 60 58
240 60 0
0 55 0
0 53 49
0 62 49
0 58 49
720 58 0
0 62 0
0 53 0
0 54 46
0 58 55
360 58 0
0 58 50
120 58 0
0 60 56
240 60 0
0 54 0
0 53 48
0 58 57
0 62 57
480 62 0
0 58 0
0 53 0
0 65 60
240 65 0
0 57 56
0 63 66
0 67 66
480 67 0
0 63 0
0 57 0
0 65 56
240 65 0
0 62 58
0 53 49
0 58 50
480 58 0
0 53 0
0 62 0
0 60 52
240 60 0
0 55 49
0 58 49
360 58 0
0 58 48
120 58 0
0 55 0
0 55 41
0 60 41
240 60 0
0 55 0
0 54 40
0 57 40
0 62 49
2160 62 0
0 57 0
0 54 0
0 62 53
360 62 0
0 62 53
120 62 0
0 62 53
240 62 0
0 59 47
0 62 47
0 65 56
480 65 0
0 62 0
0 59 0
0 67 58
180 67 0
0 70 51
60 70 0
0 59 51
0 62 60
0 68 60
480 68 0
0 62 0
0 59 0
0 67 55
240 67 0
0 59 48
0 62 48
0 65 57
480 65 0
0 62 0
0 59 0
0 65 53
240 65 0
0 56 53
0 59 53
360 59 0
0 60 53
120 60 0
0 62 53
240 62 0
0 56 0
0 59 47
0 62 47
0 65 56
480 65 0
0 62 0
0 59 0
0 67 58
180 67 0
0 70 51
60 70 0
0 59 51
0 62 60
0 68 60
480 68 0
0 62 0
0 59 0
0 67 56
240 67 0
0 59 48
0 62 48
0 65 57
480 65 0
0 62 0
0 59 0
0 65 53
240 65 0
0 67 67
0 74 67
0 77 79
0 79 79
360 79 0
0 67 0
0 74 0
0 77 0
0 70 61
0 67 61
0 77 72
0 79 72
120 79 0
0 70 0
0 67 0
0 77 0
0 67 61
0 71 61
0 77 72
0 79 72
240 79 0
0 67 0
0 71 0
0 77 0
0 91 84
0 87 70
0 84 70
0 79 70
1440 79 0
0 91 0
0 87 0
0 84 0
720 63 58
0 67 58
0 69 58
360 69 0
0 67 0
0 63 0
0 63 58
0 67 58
0 70 70
120 70 0
0 67 0
0 63 0
0 63 58
0 67 58
0 72 70
240 72 0
0 67 0
0 63 0
0 63 63
0 67 63
0 72 77
0 75 77
720 75 0
0 63 0
0 67 0
0 72 0
0 67 58
0 69 58
0 72 70
360 72 0
0 69 0
0 67 0
0 67 63
0 69 63
0 74 77
120 74 0
0 69 0
0 67 0
0 67 62
0 69 62
0 75 74
240 75 0
0 69 0
0 67 0
0 67 70
0 69 70
0 75 82
0 81 82
720 81 0
0 67 0
0 69 0
0 75 0
0 60 58
0 67 69
0 63 58
360 67 0
0 69 60
120 69 0
0 67 58
240 67 0
0 63 0
0 60 0
0 67 58
0 62 58
0 74 69
720 74 0
0 62 0
0 67 0
360 62 57
120 62 0
0 62 53
240 62 0
0 60 56
0 63 67
0 57 56
360 63 0
0 67 59
120 67 0
0 69 59
240 69 0
0 57 0
0 60 0
0 63 57
0 67 57
0 72 68
360 72 0
0 74 59
120 74 0
0 75 59
240 75 0
0 67 0
0 63 0
0 67 56
0 74 67
0 62 56
720 62 0
0 74 0
0 67 0
0 61 55
0 67 66
360 67 0
0 72 56
120 72 0
0 70 59
240 70 0
0 61 0
0 60 55
0 68 66
360 68 0
0 72 55
120 72 0
0 67 56
120 67 0
0 60 0
0 66 55
60 66 0
0 67 56
60 67 0
0 60 52
0 66 62
360 66 0
0 64 55
120 64 0
0 66 55
240 66 0
0 60 0
0 67 52
0 58 44
720 58 0
0 67 0
0 57 45
0 60 45
0 62 53
360 62 0
0 60 0
0 60 45
0 62 53
120 62 0
0 60 0
0 60 49
0 62 49
240 62 0
0 60 0
0 57 0
0 58 47
0 62 47
0 67 56
480 67 0
0 62 0
0 58 0
0 69 55
240 69 0
0 63 51
0 66 60
0 70 60
480 70 0
0 66 0
0 63 0
0 69 54
240 69 0
0 62 48
0 67 57
480 67 0
0 62 0
0 67 53
240 67 0
0 57 40
0 60 53
0 62 53
360 62 0
0 60 0
0 60 53
0 62 53
120 62 0
0 60 0
0 60 53
0 62 53
240 62 0
0 60 0
0 57 0
0 58 47
0 62 56
0 67 56
480 67 0
0 62 0
0 58 0
0 69 54
180 69 0
0 72 44
60 63 56
0 66 56
0 70 56
20 72 0
460 63 0
0 66 0
0 70 0
0 69 52
240 69 0
0 58 49
0 62 49
0 67 49
240 67 0
0 62 0
0 58 0
0 54 49
120 54 0
0 55 49
120 55 0
0 57 50
120 57 0
0 58 51
120 58 0
0 61 52
120 61 0
0 62 53
120 62 0
0 57 50
120 57 0
0 58 51
120 58 0
0 61 51
120 61 0
0 62 52
120 62 0
0 66 53
120 66 0
0 67 56
120 67 0
0 61 51
120 61 0
0 62 52
120 62 0
0 66 56
120 66 0
0 67 57
120 67 0
0 69 59
120 69 0
0 70 60
120 70 0
0 66 56
120 66 0
0 67 58
120 67 0
0 69 59
120 69 0
0 70 60
120 70 0
0 73 61
120 73 0
0 74 62
120 74 0
0 69 57
120 69 0
0 70 58
120 70 0
0 73 60
120 73 0
0 74 61
120 74 0
0 78 64
120 78 0
0 79 66
120 79 0
0 73 59
120 73 0
0 74 61
120 74 0
0 78 63
120 78 0
0 79 64
120 79 0
0 81 66
120 81 0
0 82 68
120 82 0
0 78 64
120 78 0
0 79 66
120 79 0
0 81 69
120 81 0
0 82 72
120 82 0
0 85 74
120 85 0
0 86 77
120 86 0
0 81 74
120 81 0
0 82 77
120 82 0
0 85 81
120 85 0
0 86 83
120 86 0
0 91 93
720 91 0
0 72 79
0 74 79
0 78 93
0 86 93
0 81 93
720 81 0
0 78 0
0 72 0
0 74 0
0 86 0
0 70 79
0 74 79
0 82 93
0 79 93
720 79 0
0 70 0
0 74 0
0 82 0
0 69 79
0 72 79
0 74 93
0 78 93
720 78 0
0 69 0
0 72 0
0 74 0
0 67 86
0 70 86
0 74 96
0 79 102
1440 79 0
0 67 0
0 70 0
0 74 0
0 91 108
0 86 102
0 79 90
1440 79 0
0 86 0
0 91 0
3480 50 45
7 50 0
0 53 39
60 53 0
0 51 49
536 51 0
0 50 48
550 50 0
0 50 40
0 43 34
0 55 40
453 55 0
0 43 0
0 50 0
0 43 38
0 60 47
560 60 0
0 43 0
0 43 35
0 58 41
574 58 0
0 43 0
0 43 35
0 57 41
0 50 41
635 50 0
0 57 0
0 43 0
0 50 40
0 43 34
0 55 40
507 55 0
0 43 0
0 50 0
0 60 47
0 43 38
480 43 0
0 60 0
0 43 35
0 58 41
611 58 0
2 43 0
0 54 41
0 42 35
557 42 0
0 54 0
0 41 39
0 50 48
533 50 0
0 51 42
466 51 0
0 41 0
0 46 48
0 50 48
613 50 0
0 46 0
0 39 39
0 46 48
635 46 0
0 39 0
0 34 36
0 46 42
614 46 0
0 34 0
0 39 48
0 46 48
600 46 0
0 39 0
0 34 38
0 46 46
560 46 0
0 34 0
0 48 46
0 41 38
520 41 0
0 48 0
0 46 48
613 46 0
0 39 33
0 51 39
332 51 0
0 39 0
0 45 37
240 45 0
0 38 31
0 50 38
1880 50 0
0 38 0
536 55 34
0 67 40
0 62 40
493 62 0
0 67 0
0 55 0
0 55 36
0 72 44
453 72 0
0 55 0
0 55 35
0 70 41
613 70 0
0 55 0
0 62 41
0 69 41
0 55 35
574 55 0
0 69 0
0 62 0
0 55 34
0 67 40
0 62 40
560 62 0
0 67 0
0 55 0
0 55 33
0 72 44
520 72 0
0 55 0
0 55 35
0 70 41
611 70 0
2 55 0
0 66 41
0 54 35
564 54 0
0 66 0
0 53 36
0 62 48
520 62 0
0 63 42
493 63 0
0 53 0
0 62 48
0 58 48
613 58 0
0 62 0
0 63 48
0 51 39
564 51 0
0 63 0
0 46 36
0 58 42
543 58 0
0 46 0
0 51 48
0 58 48
635 58 0
0 51 0
0 46 38
0 58 46
547 58 0
0 46 0
0 53 38
0 60 46
506 60 0
0 53 0
0 58 48
613 58 0
0 63 39
0 51 33
360 51 0
0 63 0
0 57 37
240 57 0
0 50 31
0 62 38
1900 62 0
7 50 0
536 56 40
0 43 34
586 43 0
0 56 0
0 55 41
0 43 35
544 55 0
0 53 41
204 53 0
0 51 39
120 51 0
0 50 40
240 50 0
0 43 0
0 56 40
0 43 34
589 43 0
0 56 0
0 56 41
0 43 35
553 43 0
0 43 66
60 56 0
0 59 62
257 59 0
0 61 55
120 61 0
0 62 57
240 62 0
0 43 0
0 36 69
0 48 69
296 48 0
0 36 0
0 60 50
0 72 60
0 67 50
240 67 0
0 72 0
0 60 0
0 67 53
0 72 64
0 60 53
212 60 0
0 72 0
0 67 0
0 67 52
0 60 52
0 72 62
120 72 0
0 60 0
0 67 0
0 67 62
0 60 52
240 60 0
0 67 0
0 60 53
0 71 64
0 68 53
268 68 0
0 71 0
0 60 0
0 60 49
0 68 59
120 68 0
0 60 0
0 60 49
0 68 59
180 68 0
0 60 0
60 60 50
0 68 61
215 68 0
0 60 0
0 68 58
0 60 48
120 60 0
0 68 0
0 68 55
0 60 45
240 60 0
0 68 0
0 67 61
0 60 50
211 60 0
0 67 0
0 67 57
0 60 47
120 60 0
0 67 0
0 67 57
0 60 47
240 60 0
0 67 0
0 67 53
0 72 64
0 60 53
194 60 0
0 72 0
0 67 0
0 60 52
0 72 62
0 67 52
120 67 0
0 72 0
0 60 0
0 60 49
0 67 49
240 67 0
0 60 0
0 68 53
0 71 64
0 60 53
268 60 0
0 71 0
0 68 0
0 60 49
0 68 59
120 68 0
0 60 0
0 60 49
0 68 59
180 68 0
0 60 0
60 60 50
0 68 61
240 68 0
0 60 0
0 68 58
0 60 48
120 60 0
0 68 0
0 68 58
0 60 48
240 60 0
0 68 0
0 60 50
0 67 61
591 67 0
0 60 0
0 58 50
0 67 50
596 67 0
0 58 0
0 57 50
0 63 50
572 63 0
0 62 50
624 62 0
0 57 0
0 62 50
0 55 50
543 62 0
0 64 50
515 64 0
0 55 0
0 57 50
0 65 50
543 65 0
0 64 50
332 64 0
0 67 45
240 67 0
0 57 0
0 62 53
0 66 45
280 62 0
0 61 50
110 61 0
0 62 50
240 62 0
0 66 0
0 62 53
600 62 0
0 67 49
0 62 49
280 62 0
0 61 42
120 61 0
0 62 49
240 62 0
0 62 50
577 62 0
0 67 0
0 62 49
0 66 49
240 62 0
0 61 42
120 61 0
0 62 49
240 62 0
0 62 50
554 62 0
0 66 0
0 62 49
198 62 0
0 62 42
120 62 0
0 62 49
240 62 0
0 62 50
579 62 0
0 62 49
191 62 0
0 63 39
120 63 0
0 62 44
240 62 0
0 62 44
42 62 0
480 55 44
0 50 44
211 50 0
0 49 38
120 49 0
0 50 44
240 50 0
0 50 45
634 50 0
0 55 0
0 54 44
0 50 44
228 50 0
0 49 38
120 49 0
0 50 44
240 50 0
0 50 45
623 50 0
0 54 0
0 50 44
268 50 0
0 50 38
120 50 0
0 50 44
240 50 0
0 50 45
579 50 0
0 54 38
0 50 38
69 50 0
0 49 38
120 49 0
0 50 38
120 50 0
0 49 37
120 49 0
0 50 38
120 50 0
0 49 33
120 49 0
0 54 0
0 54 38
0 51 38
34 51 0
0 50 33
120 50 0
0 49 38
120 49 0
0 50 34
120 50 0
0 51 38
120 51 0
0 50 30
120 50 0
0 54 0
0 55 37
0 43 37
57 55 0
0 54 40
120 54 0
0 53 41
120 53 0
0 52 42
120 52 0
0 51 44
120 51 0
0 50 47
120 50 0
0 43 0
0 49 47
34 49 0
0 50 44
120 50 0
0 51 42
120 51 0
0 52 41
120 52 0
0 53 40
120 53 0
0 54 40
120 54 0
0 43 41
0 55 41
57 55 0
0 54 36
120 54 0
0 55 41
120 55 0
0 50 37
120 50 0
0 49 41
120 49 0
0 50 36
120 50 0
0 43 0
0 54 41
40 54 0
0 50 40
120 50 0
0 49 41
120 49 0
0 50 36
120 50 0
0 51 42
120 51 0
0 50 41
120 50 0
0 55 37
0 43 37
68 55 0
0 54 40
120 54 0
0 53 42
120 53 0
0 52 44
120 52 0
0 51 44
120 51 0
0 50 42
120 50 0
0 43 0
0 49 42
34 49 0
0 50 41
120 50 0
0 51 40
120 51 0
0 52 37
120 52 0
0 53 41
120 53 0
0 54 41
120 54 0
0 43 41
0 55 41
63 55 0
0 54 36
120 54 0
0 55 41
120 55 0
0 50 37
120 50 0
0 49 47
120 49 0
0 50 42
120 50 0
0 43 0
0 42 47
23 50 41
120 50 0
0 49 40
120 49 0
0 50 41
120 50 0
0 51 41
120 51 0
0 50 41
120 50 0
0 42 0
0 50 49
0 41 49
63 50 0
0 49 40
120 49 0
0 50 49
120 50 0
0 49 40
120 49 0
0 50 48
120 50 0
0 49 42
120 49 0
0 41 0
0 51 47
0 41 47
34 51 0
0 50 41
120 50 0
0 51 48
120 51 0
0 48 41
120 48 0
0 53 47
120 53 0
0 51 41
120 51 0
0 41 0
0 46 47
0 50 47
57 50 0
0 49 38
120 49 0
0 50 47
120 50 0
0 49 38
120 49 0
0 50 47
120 50 0
0 49 41
120 49 0
0 46 0
0 39 47
45 39 0
0 45 41
120 45 0
0 46 48
120 46 0
0 51 44
120 51 0
0 55 52
120 55 0
0 51 41
120 51 0
0 46 49
45 46 0
0 52 44
120 52 0
0 53 48
120 53 0
0 49 41
120 49 0
0 50 49
120 50 0
0 46 41
120 46 0
0 39 47
6 39 0
0 45 41
120 45 0
0 46 42
120 46 0
0 52 41
120 52 0
0 54 47
120 54 0
0 52 41
120 52 0
0 46 48
40 46 0
0 45 41
120 45 0
0 46 48
120 46 0
0 49 44
120 49 0
0 50 47
120 50 0
0 46 41
120 46 0
0 41 52
34 41 0
0 47 41
120 47 0
0 48 44
120 48 0
0 50 47
120 50 0
0 51 48
120 51 0
0 41 41
120 41 0
0 46 49
34 46 0
0 45 41
120 45 0
0 46 47
120 46 0
0 49 40
120 49 0
0 50 47
120 50 0
0 46 41
120 46 0
0 39 44
6 39 0
0 45 41
120 45 0
0 46 44
120 46 0
0 48 37
120 48 0
0 51 41
120 51 0
0 45 37
120 45 0
0 38 47
34 38 0
0 49 41
120 49 0
0 50 47
57 50 0
0 44 41
120 44 0
0 46 47
63 46 0
0 45 41
120 45 0
0 41 47
68 41 0
0 42 41
120 42 0
0 37 47
57 37 0
0 38 41
120 38 0
0 32 47
63 32 0
0 33 41
120 33 0
0 38 49
1240 38 0
0 43 34
0 56 40
596 56 0
0 43 0
0 43 35
0 56 41
608 56 0
5 53 41
204 53 0
0 51 39
120 51 0
0 50 40
240 50 0
0 43 0
0 43 34
0 56 40
547 56 0
0 43 0
0 43 35
0 56 41
553 43 0
0 43 66
60 56 0
0 59 62
295 59 0
0 61 55
120 61 0
0 62 57
240 62 0
0 43 0
0 36 69
7 36 0
0 43 61
120 43 0
0 48 61
120 48 0
0 51 61
120 51 0
0 55 69
120 55 0
0 60 61
120 60 0
0 63 61
120 63 0
0 67 61
120 67 0
0 72 59
120 72 0
0 75 63
120 75 0
0 79 68
120 79 0
0 84 72
120 84 0
0 87 79
720 87 0
0 60 53
204 60 0
0 58 51
120 58 0
0 57 52
240 57 0
0 57 59
581 57 0
0 63 59
177 63 0
0 62 57
120 62 0
0 60 57
240 60 0
0 60 61
546 60 0
5 57 52
593 57 0
0 58 51
0 50 51
217 50 0
0 49 41
120 49 0
0 50 47
240 50 0
0 58 0
0 50 47
560 50 0
0 50 49
0 55 49
240 50 0
0 49 41
120 49 0
0 50 49
240 50 0
0 50 48
583 50 0
0 55 0
0 50 49
0 58 49
257 50 0
0 49 41
120 49 0
0 50 49
240 50 0
0 58 0
0 58 48
0 51 48
594 51 0
0 58 0
0 51 48
0 44 48
640 44 0
0 51 0
0 50 48
600 50 0
0 50 49
0 43 49
240 50 0
0 51 41
120 51 0
0 50 49
240 50 0
0 43 0
0 50 48
613 50 0
0 43 34
0 50 40
0 55 40
453 55 0
0 50 0
0 43 0
0 60 47
0 43 38
560 43 0
0 60 0
0 58 41
0 43 35
574 43 0
0 58 0
0 43 35
0 50 41
0 57 41
635 57 0
0 50 0
0 43 0
0 43 34
0 50 40
0 55 40
507 55 0
0 50 0
0 43 0
0 43 38
0 60 47
480 60 0
0 43 0
0 43 35
0 58 41
608 58 0
5 43 0
0 42 35
0 54 41
557 54 0
0 42 0
0 50 48
0 41 39
533 50 0
0 51 42
466 51 0
0 41 0
0 46 45
0 50 45
613 50 0
0 46 0
0 39 39
0 46 48
635 46 0
0 39 0
0 34 36
0 46 42
614 46 0
0 34 0
0 39 48
0 46 48
600 46 0
0 39 0
0 34 38
0 46 46
560 46 0
0 34 0
0 41 38
0 48 46
520 48 0
0 41 0
0 46 48
613 46 0
0 39 33
0 51 39
395 51 0
0 39 0
0 45 37
240 45 0
0 50 35
0 38 31
1880 38 0
0 50 0
607 62 40
0 55 34
0 67 40
493 67 0
0 55 0
0 62 0
0 72 43
0 55 38
453 55 0
0 72 0
0 55 35
0 70 41
613 70 0
0 55 0
0 55 35
0 62 41
0 69 41
574 69 0
0 62 0
0 55 0
0 55 34
0 62 40
0 67 40
560 67 0
0 62 0
0 55 0
0 55 38
0 72 45
520 72 0
0 55 0
0 55 35
0 70 41
608 70 0
5 55 0
0 66 41
0 54 35
564 54 0
0 66 0
0 62 48
0 53 39
520 62 0
0 63 42
493 63 0
0 53 0
0 58 42
0 62 48
613 62 0
0 58 0
0 51 39
0 63 48
635 63 0
0 51 0
0 46 36
0 58 42
600 58 0
0 46 0
0 58 48
0 51 48
635 51 0
0 58 0
0 58 46
0 46 38
547 46 0
0 58 0
0 60 46
0 53 38
506 53 0
0 60 0
0 58 48
613 58 0
0 51 33
0 63 39
360 63 0
0 51 0
0 57 37
240 57 0
0 50 31
0 62 38
1902 62 0
5 50 0
536 43 34
0 56 40
586 56 0
0 43 0
0 55 41
0 43 35
544 55 0
0 53 41
204 53 0
0 51 39
120 51 0
0 50 40
240 50 0
0 43 0
0 43 34
0 56 40
589 56 0
0 43 0
0 43 35
0 56 41
553 43 0
0 43 66
60 56 0
0 59 62
257 59 0
0 61 55
120 61 0
0 62 57
240 62 0
0 43 0
0 36 69
0 48 69
296 48 0
0 36 0
0 67 50
0 72 60
0 60 50
240 60 0
0 72 0
0 67 0
0 67 53
0 60 53
0 72 64
212 72 0
0 60 0
0 67 0
0 60 52
0 72 62
0 67 52
120 67 0
0 72 0
0 60 0
0 67 62
0 60 52
240 60 0
0 67 0
0 71 64
0 60 53
0 68 53
268 68 0
0 60 0
0 71 0
0 68 59
0 60 49
120 60 0
0 68 0
0 68 59
0 60 49
180 60 0
0 68 0
60 68 61
0 60 50
215 60 0
0 68 0
0 68 58
0 60 48
120 60 0
0 68 0
0 68 58
0 60 48
240 60 0
0 68 0
0 60 50
0 67 61
211 67 0
0 60 0
0 67 57
0 60 47
120 60 0
0 67 0
0 67 57
0 60 47
240 60 0
0 67 0
0 60 53
0 67 53
0 72 64
194 72 0
0 67 0
0 60 0
0 60 52
0 67 52
0 72 62
120 72 0
0 67 0
0 60 0
0 67 52
0 60 52
240 60 0
0 67 0
0 68 53
0 60 53
0 71 64
268 71 0
0 60 0
0 68 0
0 60 49
0 68 59
120 68 0
0 60 0
0 60 49
0 68 59
180 68 0
0 60 0
60 60 50
0 68 61
240 68 0
0 60 0
0 60 48
0 68 58
120 68 0
0 60 0
0 60 48
0 68 58
240 68 0
0 60 0
0 60 50
0 67 61
591 67 0
0 60 0
0 58 50
0 67 50
596 67 0
0 58 0
0 57 50
0 63 50
572 63 0
0 62 50
624 62 0
0 57 0
0 55 50
0 62 50
543 62 0
0 64 50
515 64 0
0 55 0
0 65 50
0 57 50
543 65 0
0 64 50
332 64 0
0 67 45
240 67 0
0 57 0
0 62 53
0 66 45
280 62 0
0 61 50
110 61 0
0 62 50
240 62 0
0 66 0
0 62 53
600 62 0
0 62 49
0 67 49
280 62 0
0 61 42
120 61 0
0 62 49
240 62 0
0 62 50
577 62 0
0 67 0
0 66 49
0 62 49
240 62 0
0 61 42
120 61 0
0 62 49
240 62 0
0 62 50
554 62 0
0 66 0
0 62 49
198 62 0
0 62 42
120 62 0
0 62 49
240 62 0
0 62 50
579 62 0
0 62 49
191 62 0
0 63 39
120 63 0
0 62 44
240 62 0
0 62 44
42 62 0
480 50 44
0 55 44
211 50 0
0 49 38
120 49 0
0 50 44
240 50 0
0 50 45
634 50 0
0 55 0
0 50 44
0 54 44
228 50 0
0 49 38
120 49 0
0 50 44
240 50 0
0 50 45
623 50 0
0 54 0
0 50 44
268 50 0
0 50 38
120 50 0
0 50 44
240 50 0
0 50 45
579 50 0
0 54 38
0 50 38
69 50 0
0 49 38
120 49 0
0 50 38
120 50 0
0 49 37
120 49 0
0 50 38
120 50 0
0 49 33
120 49 0
0 54 0
0 51 38
0 54 38
34 51 0
0 50 33
120 50 0
0 49 38
120 49 0
0 50 34
120 50 0
0 51 38
120 51 0
0 50 33
120 50 0
0 54 0
0 43 37
0 55 37
57 55 0
0 54 40
120 54 0
0 53 41
120 53 0
0 52 42
120 52 0
0 51 44
120 51 0
0 50 47
120 50 0
0 43 0
0 49 47
34 49 0
0 50 44
120 50 0
0 51 42
120 51 0
0 52 41
120 52 0
0 53 40
120 53 0
0 54 40
120 54 0
0 43 41
0 55 41
57 55 0
0 54 36
120 54 0
0 55 41
120 55 0
0 50 37
120 50 0
0 49 41
120 49 0
0 50 36
120 50 0
0 43 0
0 54 41
40 54 0
0 50 40
120 50 0
0 49 41
120 49 0
0 50 36
120 50 0
0 51 42
120 51 0
0 50 41
120 50 0
0 43 37
0 55 37
68 55 0
0 54 40
120 54 0
0 53 42
120 53 0
0 52 44
120 52 0
0 51 44
120 51 0
0 50 42
120 50 0
0 43 0
0 49 42
34 49 0
0 50 41
120 50 0
0 51 40
120 51 0
0 52 37
120 52 0
0 53 41
120 53 0
0 54 41
120 54 0
0 43 41
0 55 41
63 55 0
0 54 36
120 54 0
0 55 41
120 55 0
0 50 37
120 50 0
0 49 47
120 49 0
0 50 42
120 50 0
0 43 0
0 42 47
23 50 41
120 50 0
0 49 37
120 49 0
0 50 41
120 50 0
0 51 42
120 51 0
0 50 41
120 50 0
0 42 0
0 50 49
0 41 49
63 50 0
0 49 44
120 49 0
0 50 49
120 50 0
0 49 42
120 49 0
0 50 48
120 50 0
0 49 42
120 49 0
0 41 0
0 51 47
0 41 47
34 51 0
0 50 41
120 50 0
0 51 48
120 51 0
0 48 41
120 48 0
0 53 47
120 53 0
0 51 41
120 51 0
0 41 0
0 46 47
0 50 47
57 50 0
0 49 39
120 49 0
0 50 47
120 50 0
0 49 41
120 49 0
0 50 47
120 50 0
0 49 41
120 49 0
0 46 0
0 39 47
45 39 0
0 45 41
120 45 0
0 46 48
120 46 0
0 51 44
120 51 0
0 55 52
120 55 0
0 51 41
120 51 0
0 46 49
45 46 0
0 52 44
120 52 0
0 53 48
120 53 0
0 49 41
120 49 0
0 50 49
120 50 0
0 46 41
120 46 0
0 39 47
6 39 0
0 45 41
120 45 0
0 46 42
120 46 0
0 52 41
120 52 0
0 54 47
120 54 0
0 52 41
120 52 0
0 46 48
40 46 0
0 45 41
120 45 0
0 46 48
120 46 0
0 49 44
120 49 0
0 50 47
120 50 0
0 46 41
120 46 0
0 41 52
34 41 0
0 47 41
120 47 0
0 48 44
120 48 0
0 50 47
120 50 0
0 51 48
120 51 0
0 41 41
120 41 0
0 46 49
34 46 0
0 45 41
120 45 0
0 46 47
120 46 0
0 49 40
120 49 0
0 50 47
120 50 0
0 46 41
120 46 0
0 39 44
6 39 0
0 45 41
120 45 0
0 46 44
120 46 0
0 48 37
120 48 0
0 51 41
120 51 0
0 45 37
120 45 0
0 38 47
34 38 0
0 49 41
120 49 0
0 50 47
57 50 0
0 44 41
120 44 0
0 46 47
63 46 0
0 45 41
120 45 0
0 41 47
68 41 0
0 42 41
120 42 0
0 37 47
57 37 0
0 38 41
120 38 0
0 32 47
63 32 0
0 33 41
120 33 0
0 38 49
1240 38 0
0 43 34
0 56 40
596 56 0
0 43 0
0 43 35
0 56 41
608 56 0
5 53 41
204 53 0
0 51 39
120 51 0
0 50 40
240 50 0
0 43 0
0 43 34
0 56 40
547 56 0
0 43 0
0 56 41
0 43 35
553 43 0
0 43 66
60 56 0
0 59 62
295 59 0
0 61 55
120 61 0
0 62 57
240 62 0
0 43 0
0 36 69
7 36 0
0 43 61
120 43 0
0 48 61
120 48 0
0 51 61
120 51 0
0 55 69
120 55 0
0 60 61
120 60 0
0 63 61
120 63 0
0 67 61
120 67 0
0 72 59
120 72 0
0 75 63
120 75 0
0 79 68
120 79 0
0 84 72
120 84 0
0 87 79
720 87 0
0 60 53
204 60 0
0 58 51
120 58 0
0 57 52
240 57 0
0 57 59
581 57 0
0 63 59
177 63 0
0 62 57
120 62 0
0 60 57
240 60 0
0 60 61
546 60 0
5 57 52
593 57 0
0 58 51
0 50 51
217 50 0
0 49 41
120 49 0
0 50 47
240 50 0
0 58 0
0 50 47
588 50 0
0 55 49
0 50 49
240 50 0
0 49 41
120 49 0
0 50 49
240 50 0
0 50 48
583 50 0
0 55 0
0 50 49
0 58 49
257 50 0
0 49 41
120 49 0
0 50 49
240 50 0
0 58 0
0 51 48
0 58 48
594 58 0
0 51 0
0 51 48
0 44 48
640 44 0
0 51 0
0 50 48
600 50 0
0 43 49
0 50 49
240 50 0
0 51 41
120 51 0
0 50 49
240 50 0
0 43 0
0 50 48
613 50 0
0 43 51
0 50 51
212 50 0
0 51 42
120 51 0
0 50 51
240 50 0
0 43 0
0 50 50
586 50 0
0 50 51
0 43 51
253 50 0
0 51 42
120 51 0
0 50 51
240 50 0
0 43 0
0 50 50
594 50 0
0 50 51
0 43 51
229 50 0
0 51 40
120 51 0
0 50 49
240 50 0
0 43 0
0 50 47
0 60 47
627 60 0
0 50 0
0 50 41
0 43 41
198 43 0
0 50 0
0 42 49
68 42 0
0 43 49
120 43 0
0 45 50
120 45 0
0 46 51
120 46 0
0 49 52
120 49 0
0 50 53
120 50 0
0 45 50
51 45 0
0 46 51
120 46 0
0 49 51
120 49 0
0 50 52
120 50 0
0 54 53
120 54 0
0 55 56
120 55 0
0 49 51
63 49 0
0 50 52
120 50 0
0 54 56
120 54 0
0 55 57
120 55 0
0 57 59
120 57 0
0 58 60
120 58 0
0 54 56
45 54 0
0 55 58
120 55 0
0 57 59
120 57 0
0 58 60
120 58 0
0 61 61
120 61 0
0 62 62
120 62 0
0 57 57
51 57 0
0 58 58
120 58 0
0 61 60
120 61 0
0 62 61
120 62 0
0 66 64
120 66 0
0 67 66
120 67 0
0 61 68
40 61 0
0 62 61
120 62 0
0 66 63
120 66 0
0 67 65
120 67 0
0 69 67
120 69 0
0 70 68
120 70 0
0 66 70
34 66 0
0 67 62
120 67 0
0 69 66
120 69 0
0 70 69
120 70 0
0 73 72
120 73 0
0 74 76
120 74 0
0 69 74
51 69 0
0 70 77
120 70 0
0 73 81
120 73 0
0 74 83
120 74 0
0 79 93
453 79 0
0 50 84
0 38 70
400 38 0
0 50 0
0 43 84
0 55 84
506 55 0
0 43 0
0 50 84
0 38 70
440 38 0
0 50 0
0 31 77
0 43 92
1160 43 0
0 31 0
0 70 93
0 55 79
0 62 79
1440 62 0
0 55 0
0 70 0
