480 74 50
180 74 0
0 69 42
0 77 50
54 77 0
0 69 0
6 72 53
0 77 62
240 77 0
0 72 0
0 65 46
0 74 55
120 74 0
0 65 0
120 70 50
180 70 0
0 66 42
0 74 50
54 74 0
0 66 0
6 69 53
0 74 62
240 74 0
0 69 0
0 62 46
0 70 55
120 70 0
0 62 0
120 67 52
180 67 0
0 62 44
0 70 53
54 70 0
0 62 0
6 65 57
0 70 66
240 70 0
0 65 0
0 58 51
0 67 61
120 67 0
0 58 0
120 58 47
0 67 57
180 67 0
0 58 0
0 63 48
0 69 58
54 69 0
0 63 0
6 63 62
0 69 72
240 69 0
0 63 0
0 58 55
0 70 66
120 70 0
0 58 0
120 65 51
0 70 61
180 70 0
0 72 63
54 72 0
6 65 0
0 65 67
0 72 79
240 72 0
0 65 0
0 70 60
0 65 60
0 74 72
120 74 0
0 65 0
0 70 0
120 70 56
0 74 67
180 74 0
0 75 70
54 75 0
6 70 0
0 70 75
0 75 88
240 75 0
0 70 0
0 73 68
0 70 68
0 65 68
0 77 82
60 77 0
0 73 0
0 70 0
0 65 0
180 67 79
0 70 79
0 72 79
0 79 94
60 79 0
0 67 0
0 70 0
0 72 0
180 60 79
0 69 79
0 72 94
120 72 0
0 69 0
0 60 0
360 86 50
180 86 0
0 81 42
0 89 50
54 89 0
0 81 0
6 84 53
0 89 62
240 89 0
0 84 0
0 77 46
0 86 55
120 86 0
0 77 0
120 82 50
180 82 0
0 78 42
0 86 50
54 86 0
0 78 0
6 81 53
0 86 62
240 86 0
0 81 0
0 74 46
0 82 55
120 82 0
0 74 0
120 79 52
180 79 0
0 74 44
0 82 53
54 82 0
0 74 0
6 77 57
0 82 66
240 82 0
0 77 0
0 70 51
0 79 61
120 79 0
0 70 0
120 70 47
0 79 57
180 79 0
0 70 0
0 75 48
0 81 58
54 81 0
0 75 0
6 75 62
0 81 72
240 81 0
0 75 0
0 70 55
0 82 66
120 82 0
0 70 0
120 77 51
0 82 61
180 82 0
0 84 63
54 84 0
6 77 0
0 77 67
0 84 79
240 84 0
0 77 0
0 77 60
0 86 72
120 86 0
0 77 0
120 82 56
0 87 67
180 87 0
0 88 70
54 88 0
6 82 0
0 82 75
0 88 88
240 88 0
0 82 0
0 81 68
0 77 68
0 89 82
60 89 0
0 77 0
0 81 0
180 79 79
0 82 79
0 88 79
0 91 94
60 91 0
0 79 0
0 82 0
0 88 0
180 77 79
0 81 79
0 89 94
120 89 0
0 81 0
0 77 0
360 71 43
0 74 50
180 74 0
0 71 0
0 74 42
0 77 50
45 77 0
0 74 0
15 74 53
0 77 62
240 77 0
0 74 0
0 71 46
0 74 55
120 74 0
0 71 0
120 71 43
0 74 50
180 74 0
0 71 0
0 75 42
0 79 50
45 79 0
0 75 0
15 75 53
0 79 62
240 79 0
0 75 0
0 72 46
0 75 55
120 75 0
0 72 0
120 69 43
0 72 50
180 72 0
0 69 0
0 72 42
0 75 50
45 75 0
0 72 0
15 72 53
0 75 62
240 75 0
0 72 0
0 69 46
0 72 55
120 72 0
0 69 0
120 69 43
0 72 50
180 72 0
0 69 0
0 73 42
0 77 50
45 77 0
0 73 0
15 74 53
0 77 62
240 77 0
0 74 0
0 70 46
0 74 55
120 74 0
0 70 0
120 57 38
0 60 45
180 60 0
0 57 0
0 60 37
0 63 45
45 63 0
0 60 0
15 60 47
0 63 55
480 63 0
0 60 0
0 58 40
0 62 48
240 62 0
0 58 0
0 57 39
0 60 46
240 60 0
0 57 0
0 55 38
0 58 45
240 58 0
0 55 0
0 53 36
0 57 43
480 57 0
0 53 0
0 52 33
0 55 39
240 55 0
0 52 0
0 51 32
0 55 32
0 60 38
480 60 0
0 51 0
0 50 32
0 59 38
240 59 0
0 50 0
0 55 0
720 59 40
180 59 0
0 62 40
54 62 0
6 62 49
240 62 0
0 59 44
120 59 0
120 62 33
0 71 40
180 71 0
0 74 40
54 74 0
6 74 49
240 74 0
0 71 44
120 71 0
0 62 0
120 84 46
180 84 0
0 87 46
54 87 0
6 87 56
240 87 0
0 84 50
120 84 0
120 62 43
0 71 50
180 71 0
0 62 0
0 65 42
0 74 50
45 74 0
0 65 0
15 65 53
0 74 62
240 74 0
0 65 0
0 62 47
0 71 56
120 71 0
0 62 0
120 62 51
0 71 59
180 71 0
0 62 0
0 67 50
0 75 60
45 75 0
0 67 0
15 67 63
0 75 75
240 75 0
0 67 0
0 63 56
0 72 68
120 72 0
0 63 0
120 69 61
0 72 73
180 72 0
0 69 0
0 72 66
0 81 75
54 81 0
0 72 0
6 72 80
0 81 94
240 81 0
0 72 0
0 69 71
0 77 85
60 77 0
0 69 0
180 70 86
0 82 103
60 82 0
0 70 0
180 70 86
0 82 103
120 82 0
0 70 0
360 83 43
0 86 50
180 86 0
0 83 0
0 86 42
0 89 50
45 89 0
0 86 0
15 86 53
0 89 62
240 89 0
0 86 0
0 83 46
0 86 55
120 86 0
0 83 0
120 83 43
0 86 50
180 86 0
0 83 0
0 87 42
0 91 50
45 91 0
0 87 0
15 87 53
0 91 62
240 91 0
0 87 0
0 84 46
0 87 55
120 87 0
0 84 0
120 81 43
0 84 50
180 84 0
0 81 0
0 84 42
0 87 50
45 87 0
0 84 0
15 84 53
0 87 62
240 87 0
0 84 0
0 81 46
0 84 55
120 84 0
0 81 0
120 81 43
0 84 50
180 84 0
0 81 0
0 85 42
0 89 50
45 89 0
0 85 0
15 86 53
0 89 62
240 89 0
0 86 0
0 82 46
0 86 55
120 86 0
0 82 0
120 69 38
0 72 45
180 72 0
0 69 0
0 72 37
0 75 45
45 75 0
0 72 0
15 72 47
0 75 55
480 75 0
0 72 0
0 70 40
0 74 48
240 74 0
0 70 0
0 69 39
0 72 46
240 72 0
0 69 0
0 67 38
0 70 45
240 70 0
0 67 0
0 65 36
0 69 43
480 69 0
0 65 0
0 64 33
0 67 39
240 67 0
0 64 0
0 63 32
0 67 32
0 72 38
480 72 0
0 63 0
0 62 32
0 71 38
240 71 0
0 62 0
0 67 0
720 71 40
180 71 0
0 74 40
54 74 0
6 74 49
240 74 0
0 71 44
120 71 0
120 74 33
0 83 40
180 83 0
0 86 40
54 86 0
6 86 49
240 86 0
0 83 44
120 83 0
0 74 0
120 72 46
180 72 0
0 75 46
54 75 0
6 75 56
240 75 0
0 72 50
120 72 0
120 74 43
0 83 50
180 83 0
0 74 0
0 77 42
0 86 50
45 86 0
0 77 0
15 77 54
0 86 63
240 86 0
0 77 0
0 74 48
0 83 57
120 83 0
0 74 0
120 74 52
0 83 60
180 83 0
0 74 0
0 79 52
0 87 62
45 87 0
0 79 0
15 79 66
0 87 78
240 87 0
0 79 0
0 75 58
0 84 70
120 84 0
0 75 0
120 81 64
0 84 77
180 84 0
0 81 0
0 84 69
0 93 79
54 93 0
0 84 0
6 84 83
0 93 98
240 93 0
0 84 0
0 81 74
0 89 89
60 89 0
0 81 0
180 82 94
0 94 112
60 94 0
0 82 0
180 82 94
0 94 112
120 94 0
0 82 0
360 73 52
0 85 62
480 85 0
0 73 0
0 89 58
0 77 58
240 77 0
0 89 0
0 73 52
0 85 62
480 85 0
0 73 0
0 70 52
0 82 62
240 82 0
0 70 0
0 65 48
0 77 57
240 77 0
0 65 0
0 70 53
0 82 63
480 82 0
0 70 0
0 85 66
0 73 55
240 73 0
0 85 0
0 77 58
0 89 69
480 89 0
0 77 0
0 85 79
0 73 67
240 73 0
0 85 0
0 82 81
0 70 68
480 70 0
0 82 0
0 77 82
0 65 68
240 65 0
0 77 0
0 70 72
0 82 86
480 82 0
0 70 0
0 85 78
0 73 66
240 73 0
0 85 0
0 77 60
0 89 72
480 89 0
0 77 0
0 92 51
0 80 42
240 80 0
0 92 0
0 85 48
0 73 40
240 73 0
0 85 0
240 70 34
0 82 40
60 82 0
0 70 0
180 70 34
0 82 40
60 82 0
0 70 0
420 73 37
80 73 0
0 70 30
80 70 0
0 65 30
80 65 0
0 73 37
80 73 0
0 70 31
80 70 0
0 65 31
80 65 0
0 77 37
80 77 0
0 73 31
80 73 0
0 70 30
80 70 0
0 73 37
80 73 0
0 70 31
80 70 0
0 65 31
80 65 0
0 73 37
80 73 0
0 70 31
80 70 0
0 65 31
80 65 0
0 70 39
80 70 0
0 65 32
80 65 0
0 61 32
80 61 0
0 65 40
80 65 0
0 61 34
80 61 0
0 58 36
80 58 0
0 61 49
0 70 49
80 70 0
0 61 0
0 58 42
80 58 0
0 61 42
80 61 0
0 70 50
80 70 0
0 61 43
80 61 0
0 58 43
80 58 0
0 65 54
0 73 54
80 73 0
0 65 0
0 61 46
80 61 0
0 65 51
80 65 0
0 77 63
80 77 0
0 73 55
80 73 0
0 70 59
80 70 0
0 77 71
80 77 0
0 73 60
80 73 0
0 70 64
80 70 0
0 73 77
80 73 0
0 70 67
80 70 0
0 65 61
80 65 0
0 70 83
80 70 0
0 65 68
80 65 0
0 61 58
80 61 0
0 70 64
80 70 0
0 65 54
80 65 0
0 61 46
80 61 0
0 65 60
80 65 0
0 61 45
80 61 0
0 58 44
80 58 0
0 61 31
0 68 44
80 68 0
0 61 0
0 56 36
80 56 0
0 61 35
80 61 0
0 68 41
80 68 0
0 65 34
80 65 0
0 61 32
80 61 0
0 65 27
0 73 39
80 73 0
0 65 0
0 61 32
80 61 0
0 65 31
80 65 0
0 77 37
80 77 0
0 73 26
80 73 0
0 68 26
80 68 0
0 77 30
80 77 0
0 73 25
80 73 0
0 68 25
80 68 0
0 80 30
80 80 0
0 77 25
80 77 0
0 73 25
78 73 0
2 65 33
0 73 40
240 73 0
0 65 0
240 77 48
0 89 57
480 89 0
0 77 0
0 92 53
0 80 53
240 80 0
0 92 0
0 77 48
0 89 57
480 89 0
0 77 0
0 73 48
0 85 57
240 85 0
0 73 0
0 68 44
0 80 52
240 80 0
0 68 0
0 73 49
0 85 58
480 85 0
0 73 0
0 89 60
0 77 50
240 77 0
0 89 0
0 80 53
0 92 63
480 92 0
0 80 0
0 89 72
0 77 61
240 77 0
0 89 0
0 85 81
0 73 68
480 73 0
0 85 0
0 82 82
0 70 68
240 70 0
0 82 0
0 65 72
0 77 86
480 77 0
0 65 0
0 82 78
0 70 66
240 70 0
0 82 0
0 73 60
0 85 72
480 85 0
0 73 0
0 89 51
0 77 42
240 77 0
0 89 0
0 82 48
0 70 40
240 70 0
0 82 0
240 61 34
0 73 40
60 73 0
0 61 0
180 61 34
0 73 40
60 73 0
0 61 0
180 61 37
80 61 0
0 65 32
80 65 0
0 73 32
80 73 0
0 77 37
80 73 30
80 73 0
0 68 30
80 68 0
0 77 0
0 77 37
80 73 31
80 73 0
0 68 31
80 68 0
0 77 0
0 77 37
0 80 37
80 77 0
0 73 31
80 73 0
0 68 30
80 68 0
0 80 0
0 77 37
80 77 0
0 73 31
80 73 0
0 68 31
80 68 0
0 77 37
80 77 0
0 73 31
80 73 0
0 68 31
80 68 0
0 73 38
80 73 0
0 68 32
80 68 0
0 65 31
80 65 0
0 61 34
0 68 39
80 68 0
0 61 0
0 56 33
80 56 0
0 61 34
80 61 0
0 65 32
0 73 41
80 73 0
0 65 0
0 61 35
80 61 0
0 65 35
80 65 0
0 73 50
80 73 0
0 68 40
80 68 0
0 65 43
80 65 0
0 77 54
80 77 0
0 73 47
80 73 0
0 68 50
80 68 0
0 80 62
80 80 0
0 77 53
80 77 0
0 73 55
80 73 0
0 77 67
80 77 0
0 73 60
80 73 0
0 77 62
78 77 0
2 77 72
80 77 0
0 73 63
80 73 0
0 65 60
80 65 0
0 73 75
80 73 0
0 70 66
80 70 0
0 65 52
80 65 0
0 73 55
80 73 0
0 70 45
80 70 0
0 65 42
80 65 0
0 70 60
80 70 0
0 65 45
80 65 0
0 61 44
80 61 0
0 65 44
80 65 0
0 61 36
80 61 0
0 58 35
80 58 0
0 65 41
80 65 0
0 61 34
80 61 0
0 58 32
80 58 0
0 61 27
0 70 39
80 70 0
0 61 0
0 58 32
80 58 0
0 61 31
80 61 0
0 73 37
80 73 0
0 70 26
80 70 0
0 65 26
80 65 0
0 73 30
80 73 0
0 70 25
80 70 0
0 65 25
80 65 0
0 77 30
80 77 0
0 73 25
80 73 0
0 65 25
80 65 0
0 70 40
240 70 0
480 70 50
60 70 0
180 73 44
60 73 0
180 72 50
60 72 0
180 65 43
60 65 0
180 77 50
60 77 0
180 75 45
60 75 0
180 73 45
60 73 0
180 72 45
60 72 0
180 70 50
60 70 0
180 73 43
60 73 0
180 72 50
60 72 0
180 68 42
60 68 0
180 72 50
60 72 0
180 67 42
60 67 0
180 65 46
480 65 0
120 65 42
0 68 42
0 72 50
120 72 0
0 68 0
0 65 0
120 65 40
0 68 40
0 72 48
120 72 0
0 68 0
0 65 0
120 64 41
0 70 41
0 72 49
120 72 0
0 70 0
0 64 0
120 64 42
0 67 42
0 70 42
0 72 51
120 72 0
0 64 0
0 67 0
0 70 0
120 64 46
0 67 46
0 72 57
120 72 0
0 67 0
0 64 0
120 64 47
0 67 47
0 72 57
120 72 0
0 67 0
0 64 0
120 65 48
0 68 48
0 72 58
120 72 0
0 68 0
0 65 0
120 64 49
0 70 49
0 72 59
120 72 0
0 70 0
0 64 0
120 65 58
0 68 58
0 72 70
120 72 0
0 68 0
0 65 0
120 65 54
0 68 54
0 72 54
0 77 65
120 77 0
0 65 0
0 68 0
0 72 0
120 65 56
0 70 56
0 72 56
0 77 66
120 77 0
0 65 0
0 70 0
0 72 0
120 64 57
0 70 57
0 72 57
0 76 69
120 76 0
0 64 0
0 70 0
0 72 0
120 65 69
0 72 69
0 77 82
120 77 0
0 72 0
0 65 0
120 65 60
0 72 60
0 75 73
120 75 0
0 72 0
0 65 0
120 65 62
0 70 62
0 73 75
120 73 0
0 70 0
0 65 0
120 63 63
0 69 63
0 72 76
120 72 0
0 69 0
0 63 0
0 70 76
0 77 76
0 82 90
120 82 0
0 77 0
0 70 0
120 85 85
0 82 72
0 77 72
0 73 72
120 73 0
0 85 0
0 82 0
0 77 0
120 84 85
0 81 85
0 77 72
0 72 72
120 72 0
0 84 0
0 81 0
0 77 0
120 77 85
0 72 72
0 69 72
0 65 72
120 65 0
0 77 0
0 72 0
0 69 0
120 89 99
0 82 83
0 77 83
120 77 0
0 82 0
0 89 0
120 87 84
0 81 71
0 77 71
0 75 71
120 75 0
0 87 0
0 81 0
0 77 0
120 85 84
0 82 71
0 77 71
0 73 71
120 73 0
0 85 0
0 82 0
0 77 0
120 84 84
0 77 71
0 72 71
120 72 0
0 77 0
0 84 0
120 82 90
0 77 76
0 73 76
0 70 76
120 70 0
0 82 0
0 77 0
0 73 0
120 85 82
0 82 69
0 77 69
0 73 69
120 73 0
0 85 0
0 82 0
0 77 0
120 84 90
0 77 76
0 72 76
120 72 0
0 77 0
0 84 0
120 77 81
0 72 68
0 69 68
0 65 68
120 65 0
0 77 0
0 72 0
0 69 0
120 89 109
0 77 92
120 77 0
0 89 0
120 85 92
0 82 78
0 73 78
120 73 0
0 82 0
0 85 0
120 84 101
0 81 85
0 72 85
480 72 0
0 81 0
0 84 0
0 89 109
0 77 92
120 77 0
0 89 0
120 85 92
0 82 78
120 82 0
0 85 0
120 84 101
0 81 85
480 81 0
0 84 0
0 72 97
0 69 81
480 69 0
0 72 0
0 60 98
0 57 80
480 57 0
0 60 0
0 48 101
0 45 85
480 45 0
0 48 0
0 36 101
0 33 85
1200 33 0
0 36 0
2160 65 81
80 65 0
0 67 81
80 67 0
0 69 81
80 69 0
0 70 81
120 70 0
0 72 82
120 72 0
0 74 82
120 74 0
0 76 83
120 76 0
0 77 83
80 77 0
0 79 83
80 79 0
0 81 84
80 81 0
0 82 84
120 82 0
0 84 84
120 84 0
0 86 85
120 86 0
0 88 85
120 88 0
0 89 86
80 89 0
0 91 88
80 91 0
0 93 89
80 93 0
0 94 90
120 94 0
0 96 92
120 96 0
0 98 94
120 98 0
0 100 96
120 100 0
0 101 98
120 101 0
120 75 68
0 78 81
60 78 0
0 75 0
0 69 70
60 69 0
0 75 67
0 78 79
60 78 0
0 75 0
0 69 70
60 69 0
0 75 67
0 78 79
60 78 0
0 75 0
0 69 70
60 69 0
0 75 67
0 78 79
60 78 0
0 75 0
0 69 70
60 69 0
0 75 68
0 78 80
60 78 0
0 75 0
0 69 70
60 69 0
0 75 65
0 78 77
60 78 0
0 75 0
0 69 70
60 69 0
720 74 50
180 74 0
0 69 42
0 77 50
54 77 0
0 69 0
6 72 53
0 77 62
240 77 0
0 72 0
0 65 46
0 74 55
120 74 0
0 65 0
120 70 50
180 70 0
0 66 42
0 74 50
54 74 0
0 66 0
6 69 53
0 74 62
240 74 0
0 69 0
0 62 46
0 70 55
120 70 0
0 62 0
120 67 52
180 67 0
0 62 44
0 70 53
54 70 0
0 62 0
6 65 57
0 70 66
240 70 0
0 65 0
0 58 51
0 67 61
120 67 0
0 58 0
120 58 47
0 67 57
180 67 0
0 58 0
0 63 48
0 69 58
54 69 0
0 63 0
6 63 62
0 69 72
240 69 0
0 63 0
0 58 55
0 70 66
120 70 0
0 58 0
120 65 51
0 70 61
180 70 0
0 72 63
54 72 0
6 65 0
0 65 67
0 72 79
240 72 0
0 65 0
0 70 60
0 65 60
0 74 72
120 74 0
0 65 0
0 70 0
120 70 56
0 74 67
180 74 0
0 75 70
54 75 0
6 70 0
0 70 75
0 75 88
240 75 0
0 70 0
0 73 68
0 70 68
0 65 68
0 77 82
60 77 0
0 73 0
0 70 0
0 65 0
180 67 79
0 70 79
0 72 79
0 79 94
60 79 0
0 67 0
0 70 0
0 72 0
180 60 79
0 69 79
0 72 94
120 72 0
0 69 0
0 60 0
360 86 50
180 86 0
0 81 42
0 89 50
54 89 0
0 81 0
6 81 53
0 89 62
120 77 46
120 89 0
0 81 0
0 86 55
120 86 0
0 77 0
120 82 50
180 82 0
0 78 42
0 86 50
54 86 0
0 78 0
6 86 62
120 74 46
120 86 0
0 82 55
120 82 0
0 74 0
120 79 52
180 79 0
0 74 44
0 82 53
54 82 0
0 74 0
6 82 66
120 70 51
120 82 0
0 79 61
120 79 0
0 70 0
120 70 47
0 79 57
180 79 0
0 70 0
0 75 48
0 81 58
54 81 0
0 75 0
6 81 72
129 75 62
111 81 0
0 70 55
0 82 66
9 75 0
111 82 0
0 70 0
120 77 51
0 82 61
180 82 0
0 84 63
54 84 0
6 77 0
0 84 79
120 77 67
120 84 0
0 86 72
120 86 0
0 77 0
120 82 56
0 87 67
180 87 0
0 88 70
54 88 0
6 82 0
0 88 88
120 82 76
120 82 0
0 88 0
0 81 68
0 89 82
60 89 0
0 81 0
180 79 79
0 82 79
0 88 79
0 91 94
60 91 0
0 79 0
0 82 0
0 88 0
180 77 79
0 81 79
0 89 94
120 89 0
0 81 0
0 77 0
360 71 43
0 74 50
180 74 0
0 71 0
0 74 42
0 77 50
45 77 0
0 74 0
15 74 53
0 77 62
240 77 0
0 74 0
0 71 46
0 74 55
120 74 0
0 71 0
120 71 43
0 74 50
180 74 0
0 71 0
0 75 42
0 79 50
45 79 0
0 75 0
15 75 53
0 79 62
240 79 0
0 75 0
0 72 46
0 75 55
120 75 0
0 72 0
120 69 43
0 72 50
180 72 0
0 69 0
0 72 42
0 75 50
45 75 0
0 72 0
15 72 53
0 75 62
120 63 34
120 75 0
0 72 0
0 69 46
0 72 55
120 72 0
0 69 0
0 63 0
120 69 43
0 72 50
180 72 0
0 69 0
0 73 42
0 77 50
45 77 0
0 73 0
15 74 53
0 77 62
120 65 34
120 77 0
0 74 0
0 70 46
0 74 55
120 74 0
0 70 0
0 65 0
120 57 38
0 60 45
180 60 0
0 57 0
0 60 37
0 63 45
45 63 0
0 60 0
15 60 47
0 63 55
480 63 0
0 60 0
0 58 40
0 62 48
240 62 0
0 58 0
0 57 39
0 60 46
240 60 0
0 57 0
0 55 38
0 58 45
240 58 0
0 55 0
0 53 36
0 57 43
480 57 0
0 53 0
0 52 33
0 55 39
240 55 0
0 52 0
0 51 32
0 55 32
0 60 38
480 60 0
0 51 0
0 50 32
0 59 38
240 59 0
0 50 0
0 55 0
720 59 40
180 59 0
0 62 40
54 62 0
6 62 49
240 62 0
0 59 44
120 59 0
120 62 33
0 71 40
180 71 0
0 74 40
54 74 0
6 74 49
118 62 0
2 62 33
120 74 0
0 71 44
120 71 0
0 62 0
120 84 46
180 84 0
0 87 46
54 87 0
6 87 56
240 87 0
0 84 50
120 84 0
120 62 43
0 71 50
180 71 0
0 62 0
0 65 42
0 74 50
45 74 0
0 65 0
15 65 53
0 74 62
240 74 0
0 65 0
0 62 46
0 71 55
120 71 0
0 62 0
120 62 49
0 71 57
180 71 0
0 62 0
0 67 48
0 75 57
45 75 0
0 67 0
15 67 61
0 75 72
240 75 0
0 67 0
0 63 54
0 72 66
120 72 0
0 63 0
120 69 59
0 72 71
180 72 0
0 69 0
0 72 65
0 81 75
54 81 0
0 72 0
6 72 80
0 81 94
240 81 0
0 72 0
0 69 72
0 77 87
60 77 0
0 69 0
180 70 90
0 82 108
60 82 0
0 70 0
180 70 90
0 82 108
120 82 0
0 70 0
360 83 43
0 86 50
180 86 0
0 83 0
0 86 42
0 89 50
45 89 0
0 86 0
15 86 53
0 89 62
240 89 0
0 86 0
0 83 46
0 86 55
120 86 0
0 83 0
120 83 43
0 86 50
180 86 0
0 83 0
0 87 42
0 91 50
45 91 0
0 87 0
15 87 53
0 91 62
240 91 0
0 87 0
0 84 46
0 87 55
120 87 0
0 84 0
120 81 43
0 84 50
180 84 0
0 81 0
0 84 42
0 87 50
45 87 0
0 84 0
15 84 53
0 87 62
120 75 39
120 87 0
0 84 0
0 81 46
0 84 55
120 84 0
0 81 0
0 75 0
120 81 43
0 84 50
180 84 0
0 81 0
0 85 42
0 89 50
45 89 0
0 85 0
15 86 53
0 89 62
120 77 39
120 89 0
0 86 0
0 82 46
0 86 55
120 86 0
0 82 0
0 77 0
120 69 38
0 72 45
180 72 0
0 69 0
0 72 37
0 75 45
45 75 0
0 72 0
15 72 47
0 75 55
480 75 0
0 72 0
0 70 40
0 74 48
240 74 0
0 70 0
0 69 39
0 72 46
240 72 0
0 69 0
0 67 38
0 70 45
240 70 0
0 67 0
0 65 36
0 69 43
480 69 0
0 65 0
0 64 33
0 67 39
240 67 0
0 64 0
0 63 32
0 67 32
0 72 38
480 72 0
0 63 0
0 62 32
0 71 38
240 71 0
0 62 0
0 67 0
720 71 40
180 71 0
0 74 40
54 74 0
6 74 49
240 74 0
0 71 44
120 71 0
120 50 33
0 59 40
180 59 0
0 62 40
54 62 0
6 62 49
120 50 0
0 50 33
120 62 0
0 59 44
120 59 0
0 50 0
120 84 46
180 84 0
0 87 46
54 87 0
6 87 56
240 87 0
0 84 50
120 84 0
120 74 43
0 83 50
180 83 0
0 74 0
0 77 42
0 86 50
45 86 0
0 77 0
15 77 53
0 86 62
240 86 0
0 77 0
0 74 47
0 83 56
120 83 0
0 74 0
120 74 51
0 83 59
180 83 0
0 74 0
0 79 50
0 87 60
45 87 0
0 79 0
15 79 63
0 87 75
240 87 0
0 79 0
0 75 56
0 84 68
120 84 0
0 75 0
120 81 63
0 84 77
180 84 0
0 81 0
0 84 69
0 93 80
54 93 0
0 84 0
6 84 85
0 93 101
240 93 0
0 84 0
0 81 77
0 89 93
60 89 0
0 81 0
180 82 99
0 94 117
60 94 0
0 82 0
180 82 99
0 94 117
120 94 0
0 82 0
360 59 28
0 71 35
60 71 0
0 59 0
180 59 28
0 71 35
120 71 0
0 59 0
360 82 99
0 94 117
60 94 0
0 82 0
180 82 99
0 94 117
120 94 0
0 82 0
360 59 25
0 71 31
60 71 0
0 59 0
180 59 25
0 71 30
120 71 0
0 59 0
360 58 23
0 70 28
60 70 0
0 58 0
180 58 22
0 70 27
120 70 0
0 58 0
360 62 31
180 62 0
0 66 28
57 66 0
3 66 33
240 66 0
0 62 28
120 62 0
120 59 22
0 71 28
60 71 0
0 59 0
180 59 22
0 71 27
120 71 0
0 59 0
360 59 22
0 71 28
60 71 0
0 59 0
180 59 22
0 71 27
120 71 0
0 59 0
360 59 39
0 71 46
119 71 0
0 59 0
121 59 39
0 71 47
238 71 0
0 59 0
2 59 43
0 71 51
238 71 0
0 59 0
2 59 45
0 71 55
238 71 0
0 59 0
2 59 50
0 71 59
238 71 0
0 59 0
2 59 55
0 71 65
238 71 0
0 59 0
2 71 60
0 83 72
238 83 0
0 71 0
2 71 66
0 83 79
238 83 0
0 71 0
2 71 73
0 83 87
238 83 0
0 71 0
2 71 96
0 83 81
238 83 0
0 71 0
2 83 81
0 95 97
238 95 0
0 83 0
2 83 82
0 95 97
238 95 0
0 83 0
2 83 83
0 95 98
238 95 0
0 83 0
2 95 105
0 83 88
238 83 0
0 95 0
2 95 99
0 83 83
238 83 0
0 95 0
2 95 100
0 83 84
240 83 0
0 95 0
0 82 92
0 94 109
120 94 0
0 82 0
120 82 92
0 94 109
120 94 0
0 82 0
360 62 40
180 62 0
0 65 40
54 65 0
6 65 49
120 60 46
120 65 0
0 53 33
0 62 44
120 62 0
0 53 0
0 60 0
110 74 40
180 74 0
0 77 40
54 77 0
6 77 49
120 72 33
120 77 0
0 65 33
0 74 44
120 74 0
0 65 0
0 72 0
127 86 34
180 86 0
0 89 34
54 89 0
6 89 41
120 84 35
120 89 0
0 77 28
0 86 37
120 86 0
0 77 0
0 84 0
480 62 40
0 58 34
180 58 0
0 62 0
0 53 34
0 60 40
54 60 0
0 53 0
6 60 50
0 57 42
240 57 0
0 60 0
0 62 44
0 58 37
120 58 0
0 62 0
120 58 40
0 55 34
180 55 0
0 58 0
0 50 34
0 57 40
54 57 0
0 50 0
6 57 50
0 54 42
240 54 0
0 57 0
0 58 44
0 55 37
120 55 0
0 58 0
120 55 42
0 51 35
180 51 0
0 55 0
0 46 36
0 53 42
54 53 0
0 46 0
6 53 54
0 50 45
240 50 0
0 53 0
0 55 48
0 51 41
120 51 0
0 55 0
120 55 45
0 51 38
180 51 0
0 55 0
0 48 39
0 53 46
54 53 0
0 48 0
6 53 58
0 48 49
240 48 0
0 50 44
120 50 0
0 53 0
120 53 41
0 50 49
180 50 0
0 45 42
54 45 0
6 53 0
0 53 64
0 45 53
240 45 0
0 44 48
120 44 0
0 53 0
120 44 45
0 53 53
180 53 0
0 44 0
0 43 46
0 51 46
54 51 0
0 43 0
6 51 71
0 43 59
240 43 0
0 51 0
0 49 56
0 41 49
60 41 0
0 49 0
180 40 58
0 48 62
60 48 0
0 40 0
180 41 58
0 53 62
120 53 0
0 41 0
360 74 40
0 70 34
180 70 0
0 74 0
0 65 34
0 72 40
54 72 0
0 65 0
6 72 50
0 69 42
240 69 0
0 72 0
0 74 44
0 70 37
120 70 0
0 74 0
120 70 40
0 67 34
180 67 0
0 70 0
0 62 34
0 69 40
54 69 0
0 62 0
6 69 50
0 66 42
240 66 0
0 69 0
0 70 44
0 67 37
120 67 0
0 70 0
120 67 42
0 63 35
180 63 0
0 67 0
0 58 36
0 65 42
54 65 0
0 58 0
6 65 54
0 62 45
240 62 0
0 65 0
0 67 48
0 63 41
120 63 0
0 67 0
120 67 45
0 63 38
180 63 0
0 67 0
0 60 39
0 65 46
54 65 0
0 60 0
6 65 58
0 60 49
240 60 0
0 62 44
120 62 0
0 65 0
120 74 49
180 74 0
0 72 42
0 69 42
54 69 0
0 72 0
6 72 64
0 69 53
240 69 0
0 72 0
0 70 52
0 68 48
120 68 0
0 70 0
120 67 45
0 70 53
180 67 0
0 66 46
54 66 0
6 70 0
0 70 71
0 66 59
240 66 0
0 70 0
0 72 56
0 65 49
60 65 0
0 72 0
180 48 58
0 60 62
60 60 0
0 48 0
180 53 58
0 65 62
120 65 0
0 53 0
360 65 40
0 53 34
720 53 0
0 65 0
0 53 40
0 41 34
720 41 0
0 53 0
0 53 40
0 41 34
720 41 0
0 53 0
0 41 36
0 29 30
720 29 0
0 41 0
0 42 36
0 30 30
480 30 0
0 42 0
0 31 28
0 43 34
480 43 0
0 31 0
0 33 28
0 45 34
240 45 0
0 33 0
0 34 28
0 46 33
240 46 0
0 34 0
0 35 28
0 47 33
240 47 0
0 35 0
0 36 28
0 48 33
480 48 0
0 36 0
0 36 32
240 36 0
0 43 32
480 43 0
1440 43 32
0 55 27
180 43 0
0 47 32
54 47 0
6 47 40
240 47 0
0 43 35
120 43 0
0 55 0
120 72 36
180 72 0
0 75 36
54 75 0
6 75 46
240 75 0
0 72 40
120 72 0
120 55 40
0 43 34
720 43 0
0 55 0
0 48 48
0 36 40
720 36 0
0 48 0
0 29 57
0 41 71
480 41 0
0 29 0
0 41 57
0 53 60
60 53 0
0 41 0
180 34 63
0 46 68
60 46 0
0 34 0
180 34 63
0 46 68
120 46 0
0 34 0
360 77 40
0 65 34
720 65 0
0 77 0
0 65 40
0 53 34
720 53 0
0 65 0
0 65 40
0 53 34
720 53 0
0 65 0
0 53 36
0 41 30
720 41 0
0 53 0
0 54 36
0 42 30
480 42 0
0 54 0
0 54 28
0 60 28
0 63 34
240 63 0
0 60 0
0 54 0
0 55 28
0 58 28
0 62 34
240 62 0
0 58 0
0 55 0
0 57 28
0 60 34
240 60 0
0 57 0
0 46 28
0 55 28
0 58 33
240 58 0
0 55 0
0 46 0
0 53 28
0 47 28
0 57 33
240 47 0
0 48 28
240 57 0
0 53 0
0 52 27
0 55 33
240 55 0
0 52 0
0 48 0
0 51 27
0 55 33
0 60 32
240 55 0
0 51 0
0 55 32
240 60 0
0 59 30
240 59 0
0 55 0
1440 55 32
0 67 27
180 55 0
0 59 32
54 59 0
6 59 40
240 59 0
0 55 35
120 55 0
0 67 0
120 60 36
180 60 0
0 63 36
54 63 0
6 63 46
240 63 0
0 60 40
120 60 0
120 67 40
0 55 34
720 55 0
0 67 0
0 60 49
0 48 41
720 48 0
0 60 0
0 41 59
0 53 74
720 53 0
0 41 0
0 34 69
0 46 74
60 46 0
0 34 0
180 34 69
0 46 74
120 46 0
0 34 0
360 34 31
0 46 37
120 46 0
0 34 0
120 34 31
0 46 37
120 46 0
0 34 0
360 34 37
80 34 0
0 41 30
80 41 0
0 49 30
80 49 0
0 34 37
80 34 0
0 41 31
80 41 0
0 49 31
80 49 0
0 34 37
80 34 0
0 41 31
80 41 0
0 49 30
80 49 0
0 34 37
80 34 0
0 41 31
80 41 0
0 49 31
80 49 0
0 34 37
80 34 0
0 41 31
80 41 0
0 49 31
80 49 0
0 34 38
80 34 0
0 41 32
80 41 0
0 49 31
80 49 0
0 34 39
80 34 0
0 41 33
80 41 0
0 49 34
80 49 0
0 34 41
80 34 0
0 41 35
80 41 0
0 49 35
80 49 0
0 34 42
80 34 0
0 41 36
80 41 0
0 49 35
80 49 0
0 34 44
80 34 0
0 41 37
80 41 0
0 49 38
80 49 0
0 34 49
80 34 0
0 41 42
80 41 0
0 49 42
80 49 0
0 34 54
80 34 0
0 41 49
80 41 0
0 49 49
80 49 0
0 34 61
80 34 0
0 41 56
80 41 0
0 49 58
80 49 0
0 34 69
80 34 0
0 41 57
80 41 0
0 49 52
80 49 0
0 34 61
80 34 0
0 41 51
80 41 0
0 49 51
80 49 0
0 32 60
80 32 0
0 41 50
80 41 0
0 49 46
80 49 0
0 32 44
80 32 0
0 41 36
80 41 0
0 49 35
80 49 0
0 32 41
80 32 0
0 41 34
80 41 0
0 49 32
80 49 0
0 37 39
80 37 0
0 41 32
80 41 0
0 49 31
80 49 0
0 37 37
80 37 0
0 41 26
80 41 0
0 49 26
80 49 0
0 37 30
80 37 0
0 41 25
80 41 0
0 49 25
80 49 0
0 37 40
0 49 48
480 49 0
0 37 0
0 53 50
0 41 50
240 41 0
0 53 0
0 37 44
0 49 52
480 49 0
0 37 0
0 34 44
0 46 52
240 46 0
0 34 0
0 29 40
0 41 49
240 41 0
0 29 0
0 34 46
0 46 53
480 46 0
0 34 0
0 49 61
0 37 51
240 37 0
0 49 0
0 41 51
0 53 61
480 53 0
0 41 0
0 49 70
0 37 59
240 37 0
0 49 0
0 46 79
0 34 67
480 34 0
0 46 0
0 41 73
0 29 61
240 29 0
0 41 0
0 34 64
0 46 77
480 46 0
0 34 0
0 49 69
0 37 58
240 37 0
0 49 0
0 41 54
0 53 64
480 53 0
0 41 0
0 56 45
0 44 37
240 44 0
0 56 0
0 49 43
0 37 36
240 37 0
0 49 0
240 37 37
0 49 37
120 49 0
0 37 0
120 37 34
0 49 34
120 49 0
0 37 0
120 37 37
80 37 0
0 41 31
80 41 0
0 49 30
80 49 0
0 37 37
80 37 0
0 41 30
80 41 0
0 49 30
80 49 0
0 37 37
80 37 0
0 41 31
80 41 0
0 49 31
80 49 0
0 37 37
80 37 0
0 41 31
80 41 0
0 49 30
80 49 0
0 37 37
80 37 0
0 41 30
80 41 0
0 49 30
80 49 0
0 37 37
80 37 0
0 41 31
80 41 0
0 49 31
80 49 0
0 37 37
80 37 0
0 41 31
80 41 0
0 49 30
80 49 0
0 37 37
80 37 0
0 41 31
80 41 0
0 49 31
80 49 0
0 37 37
80 37 0
0 41 31
80 41 0
0 49 31
80 49 0
0 37 38
80 37 0
0 41 32
80 41 0
0 49 31
80 49 0
0 32 39
80 32 0
0 41 33
80 41 0
0 49 34
80 49 0
0 32 41
80 32 0
0 41 35
80 41 0
0 49 35
80 49 0
0 32 42
80 32 0
0 41 36
80 41 0
0 49 35
80 49 0
0 32 46
80 32 0
0 41 37
80 41 0
0 49 40
80 49 0
0 34 51
80 34 0
0 41 43
80 41 0
0 49 43
80 49 0
0 34 55
80 34 0
0 41 48
80 41 0
0 49 51
80 49 0
0 34 61
80 34 0
0 41 53
80 41 0
0 49 55
80 49 0
0 34 66
80 34 0
0 41 57
80 41 0
0 49 52
80 49 0
0 34 55
80 34 0
0 41 45
80 41 0
0 49 42
80 49 0
0 34 50
80 34 0
0 41 45
80 41 0
0 49 44
80 49 0
0 29 44
80 29 0
0 41 36
80 41 0
0 49 35
80 49 0
0 29 41
80 29 0
0 41 27
80 41 0
0 49 27
80 49 0
0 29 33
80 29 0
0 41 32
80 41 0
0 49 28
80 49 0
0 34 37
80 34 0
0 41 26
80 41 0
0 49 26
80 49 0
0 34 30
240 34 0
0 41 39
0 53 46
480 53 0
0 41 0
0 56 48
0 44 48
240 44 0
0 56 0
0 41 42
0 53 50
480 53 0
0 41 0
0 37 42
0 49 50
240 49 0
0 37 0
0 32 39
0 44 47
240 44 0
0 32 0
0 37 44
0 49 51
480 49 0
0 37 0
0 53 59
0 41 49
240 41 0
0 53 0
0 44 51
0 56 61
480 56 0
0 44 0
0 53 70
0 41 59
240 41 0
0 53 0
0 49 79
0 37 67
480 37 0
0 49 0
0 34 61
0 46 73
240 46 0
0 34 0
0 29 64
0 41 77
480 41 0
0 29 0
0 34 58
0 46 69
240 46 0
0 34 0
0 37 54
0 49 64
480 49 0
0 37 0
0 41 37
0 53 45
240 53 0
0 41 0
0 34 36
0 46 43
240 46 0
0 34 0
480 61 29
80 61 0
0 58 20
80 58 0
0 53 20
80 53 0
0 61 24
80 61 0
0 58 20
80 58 0
0 53 20
80 53 0
0 65 24
80 65 0
0 61 20
80 61 0
0 53 20
80 53 0
0 58 42
60 58 0
180 61 37
60 61 0
180 60 42
60 60 0
180 53 36
60 53 0
180 65 42
60 65 0
180 63 38
60 63 0
180 61 38
60 61 0
180 60 38
60 60 0
180 58 42
60 58 0
180 61 36
60 61 0
180 60 42
60 60 0
180 56 35
60 56 0
180 60 42
60 60 0
180 55 35
60 55 0
180 53 39
480 53 0
0 41 46
0 53 55
180 53 0
0 41 0
60 44 41
0 56 49
180 56 0
0 44 0
60 43 48
0 55 57
180 55 0
0 43 0
60 36 41
0 48 50
180 48 0
0 36 0
60 48 51
0 60 61
180 60 0
0 48 0
60 46 48
0 58 57
180 58 0
0 46 0
60 44 49
0 56 58
180 56 0
0 44 0
60 43 50
0 55 60
180 55 0
0 43 0
60 41 57
0 53 69
180 53 0
0 41 0
60 44 50
0 56 60
180 56 0
0 44 0
60 43 60
0 55 73
180 55 0
0 43 0
60 48 50
0 60 61
180 60 0
0 48 0
60 45 63
0 57 75
180 57 0
0 45 0
60 41 54
0 53 65
180 53 0
0 41 0
60 46 66
0 58 79
180 58 0
0 46 0
60 48 56
0 60 68
180 60 0
0 48 0
60 49 78
120 49 0
0 61 69
120 61 0
0 46 78
120 46 0
0 58 68
120 58 0
0 41 78
120 41 0
0 53 67
120 53 0
0 39 78
120 39 0
0 51 66
120 51 0
0 37 78
120 37 0
0 49 67
120 49 0
0 36 78
120 36 0
0 48 67
120 48 0
0 34 73
120 34 0
0 46 62
120 46 0
0 33 73
120 33 0
0 45 61
120 45 0
0 34 75
120 34 0
0 46 63
120 46 0
0 34 73
120 34 0
0 46 65
120 46 0
0 33 74
120 33 0
0 45 62
120 45 0
0 39 73
120 39 0
0 51 60
120 51 0
0 37 71
120 37 0
0 49 61
120 49 0
0 34 70
120 34 0
0 46 63
120 46 0
0 41 75
0 53 75
480 53 0
0 41 0
0 61 71
120 61 0
0 73 61
120 73 0
0 58 70
120 58 0
0 70 63
120 70 0
240 77 80
240 77 0
240 65 80
240 65 0
240 53 80
240 53 0
240 41 80
240 41 0
240 29 89
960 29 0
0 29 65
80 29 0
0 31 65
80 31 0
0 33 66
80 33 0
0 34 66
120 34 0
0 36 67
120 36 0
0 38 68
120 38 0
0 40 69
120 40 0
0 41 69
80 41 0
0 43 70
80 43 0
0 45 70
80 45 0
0 46 71
120 46 0
0 48 72
120 48 0
0 50 73
120 50 0
0 52 73
120 52 0
0 53 74
80 53 0
0 55 75
80 55 0
0 57 75
80 57 0
0 58 76
120 58 0
0 60 77
120 60 0
0 62 77
120 62 0
0 64 78
120 64 0
1440 65 60
80 65 0
0 67 61
80 67 0
0 69 62
80 69 0
0 70 63
120 70 0
0 72 64
120 72 0
0 74 65
120 74 0
0 76 67
120 76 0
0 77 68
120 77 0
120 53 66
60 53 0
0 63 58
60 63 0
0 53 66
60 53 0
0 63 58
60 63 0
0 53 66
60 53 0
0 63 58
60 63 0
0 53 66
60 53 0
0 63 58
60 63 0
0 53 66
60 53 0
0 63 57
60 63 0
0 53 65
60 53 0
0 63 58
60 63 0
720 62 40
0 58 34
180 58 0
0 62 0
0 53 34
0 60 40
54 60 0
0 53 0
6 60 50
0 57 42
240 57 0
0 60 0
0 62 44
0 58 37
120 58 0
0 62 0
120 58 40
0 55 34
180 55 0
0 58 0
0 50 34
0 57 40
54 57 0
0 50 0
6 57 50
0 54 42
240 54 0
0 57 0
0 58 44
0 55 37
120 55 0
0 58 0
120 55 42
0 51 35
180 51 0
0 55 0
0 46 36
0 53 42
54 53 0
0 46 0
6 53 54
0 50 45
240 50 0
0 53 0
0 55 48
0 51 41
120 51 0
0 55 0
120 55 45
0 51 38
180 51 0
0 55 0
0 48 39
0 53 46
54 53 0
0 48 0
6 53 58
0 48 49
240 48 0
0 50 44
120 50 0
0 53 0
120 53 41
0 50 49
180 50 0
0 45 42
54 45 0
6 53 0
0 53 64
0 45 53
240 45 0
0 44 48
120 44 0
0 53 0
120 44 45
0 53 53
180 53 0
0 44 0
0 43 46
0 51 46
54 51 0
0 43 0
6 51 71
0 43 59
240 43 0
0 51 0
0 49 56
0 41 49
60 41 0
0 49 0
180 40 58
0 48 62
60 48 0
0 40 0
180 41 58
0 53 62
120 53 0
0 41 0
360 74 40
0 70 34
180 70 0
0 74 0
0 65 34
0 72 40
54 72 0
0 65 0
6 72 50
0 69 42
240 69 0
0 72 0
0 74 44
0 70 37
120 70 0
0 74 0
120 70 40
0 67 34
180 67 0
0 70 0
0 62 34
0 69 40
54 69 0
0 62 0
6 69 50
0 66 42
240 66 0
0 69 0
0 70 44
0 67 37
120 67 0
0 70 0
120 67 42
0 63 35
180 63 0
0 67 0
0 58 36
0 65 42
54 65 0
0 58 0
6 65 54
0 62 45
240 62 0
0 65 0
0 67 48
0 63 41
120 63 0
0 67 0
120 67 45
0 63 38
180 63 0
0 67 0
0 60 39
0 65 46
54 65 0
0 60 0
6 65 58
0 60 49
240 60 0
0 62 44
120 62 0
0 65 0
120 74 49
180 74 0
0 72 42
0 69 42
54 69 0
0 72 0
6 72 64
0 69 53
240 69 0
0 72 0
0 70 52
0 68 48
120 68 0
0 70 0
120 67 45
0 70 53
180 67 0
0 66 46
54 66 0
6 70 0
0 70 71
0 66 59
240 66 0
0 70 0
0 72 56
0 65 49
60 65 0
0 72 0
180 48 58
0 60 62
60 60 0
0 48 0
180 53 58
0 65 62
120 65 0
0 53 0
360 65 40
0 53 34
360 53 0
0 65 0
0 53 34
120 53 0
0 65 39
120 65 0
120 53 40
0 41 34
360 41 0
0 53 0
0 41 34
120 41 0
0 53 39
120 53 0
120 53 40
0 41 34
360 41 0
0 53 0
0 41 34
120 41 0
0 53 39
120 53 0
120 41 36
0 29 30
360 29 0
0 41 0
0 29 34
120 29 0
0 41 39
120 41 0
120 42 36
0 30 30
480 30 0
0 42 0
0 31 28
0 43 34
720 43 0
0 31 0
0 33 28
0 45 33
240 45 0
0 33 0
0 34 28
0 46 33
240 46 0
0 34 0
0 35 28
0 47 33
240 47 0
0 35 0
0 36 28
0 48 33
240 48 0
0 36 0
0 36 32
240 36 0
0 43 32
480 43 0
1440 43 32
0 55 27
180 43 0
0 47 32
54 47 0
6 47 40
240 47 0
0 43 35
120 43 0
120 55 0
0 72 36
180 72 0
0 75 36
54 75 0
6 75 46
240 75 0
0 72 40
120 72 0
120 55 40
0 43 34
358 43 0
0 55 0
2 43 34
120 43 0
0 55 39
120 55 0
120 48 46
0 36 39
360 36 0
0 48 0
0 36 54
120 36 0
0 48 64
120 48 0
120 29 55
0 41 69
358 41 0
0 29 0
2 41 75
120 41 0
0 53 86
60 53 0
180 34 66
0 46 71
60 46 0
0 34 0
180 34 66
0 46 71
120 46 0
0 34 0
360 77 40
0 65 34
358 65 0
0 77 0
2 65 34
120 65 0
0 77 39
120 77 0
120 53 34
0 65 40
358 65 0
0 53 0
2 53 34
120 53 0
0 65 39
120 65 0
120 65 40
0 53 34
358 53 0
0 65 0
2 53 34
120 53 0
0 65 39
120 65 0
120 41 30
0 53 36
358 53 0
0 41 0
2 41 34
120 41 0
0 53 39
120 53 0
120 60 30
0 63 36
0 54 30
475 54 0
0 63 0
0 60 0
5 54 28
0 60 28
0 63 34
240 63 0
0 60 0
0 54 0
0 62 34
0 55 28
0 58 28
240 58 0
0 55 0
0 62 0
0 57 28
0 60 34
120 60 0
0 57 0
0 45 28
120 45 0
0 58 33
0 55 28
0 46 28
240 46 0
0 55 0
0 58 0
0 53 28
0 47 28
0 57 33
240 47 0
0 48 28
240 57 0
0 53 0
0 55 33
0 52 27
240 52 0
0 55 0
0 48 0
0 51 27
0 55 33
0 60 32
240 55 0
0 51 0
0 55 32
240 60 0
0 59 30
240 59 0
0 55 0
1440 31 32
0 43 27
180 31 0
0 35 32
54 35 0
6 35 40
240 35 0
0 31 35
120 31 0
120 43 0
0 72 36
180 72 0
0 75 36
54 75 0
6 75 46
240 75 0
0 72 40
120 72 0
120 67 40
0 55 34
360 55 0
0 67 0
0 55 34
120 55 0
0 67 40
120 67 0
120 60 48
0 48 40
360 48 0
0 60 0
0 48 55
120 48 0
0 60 64
120 60 0
120 41 59
0 53 74
360 53 0
0 41 0
0 41 70
120 41 0
0 53 78
60 53 0
180 34 72
0 46 78
60 46 0
0 34 0
180 34 72
0 46 78
120 46 0
0 34 0
360 35 21
0 47 23
60 47 0
0 35 0
180 35 21
0 47 23
120 47 0
0 35 0
360 34 72
0 46 78
60 46 0
0 34 0
180 34 72
0 46 78
120 46 0
0 34 0
360 35 18
0 47 20
60 47 0
0 35 0
180 35 18
0 47 19
120 47 0
0 35 0
360 34 17
0 46 18
60 46 0
0 34 0
180 34 17
0 46 18
120 46 0
0 34 0
1080 35 16
0 47 18
60 47 0
0 35 0
180 35 16
0 47 17
120 47 0
0 35 0
360 35 16
0 47 18
60 47 0
0 35 0
180 35 16
0 47 17
120 47 0
0 35 0
360 35 25
0 47 30
119 47 0
0 35 0
121 35 34
0 47 41
238 47 0
0 35 0
2 35 38
0 47 45
238 47 0
0 35 0
2 35 42
0 47 51
238 47 0
0 35 0
2 35 46
0 47 55
238 47 0
0 35 0
2 35 52
0 47 61
238 47 0
0 35 0
2 35 55
0 47 66
238 47 0
0 35 0
2 35 60
0 47 72
238 47 0
0 35 0
2 35 65
0 47 77
238 47 0
0 35 0
2 35 70
0 47 83
238 47 0
0 35 0
2 35 67
0 47 80
238 47 0
0 35 0
2 35 70
0 47 83
238 47 0
0 35 0
2 35 71
0 47 84
238 47 0
0 35 0
2 35 72
0 47 86
238 47 0
0 35 0
2 35 70
0 47 82
238 47 0
0 35 0
2 35 70
0 47 83
240 47 0
0 35 0
0 34 84
0 46 99
120 46 0
0 34 0
120 34 84
0 46 99
120 46 0
0 34 0
360 58 32
180 58 0
0 53 32
54 53 0
6 57 40
240 57 0
0 58 35
120 58 0
110 70 32
180 70 0
0 65 32
54 65 0
6 69 40
240 69 0
0 70 35
120 70 0
127 82 27
180 82 0
0 77 27
54 77 0
6 81 34
240 81 0
0 82 29
120 82 0
