1 58 41
479 57 29
1 58 0
79 57 0
0 58 31
80 58 0
0 61 33
80 61 0
0 65 37
120 65 0
360 57 29
80 57 0
0 58 31
80 58 0
0 61 32
80 61 0
0 65 37
120 65 0
1320 58 100
120 58 0
600 90 92
0 82 78
0 94 92
1440 94 0
0 82 0
0 90 0
0 75 51
0 84 61
0 87 61
360 87 0
0 84 0
0 75 0
0 84 68
0 77 57
0 89 68
120 89 0
0 77 0
0 84 0
0 90 71
0 78 60
0 84 71
240 84 0
0 78 0
0 90 0
0 85 68
0 77 57
0 89 68
240 89 0
0 77 0
0 85 0
240 57 27
80 57 0
0 58 29
80 58 0
0 61 30
80 61 0
0 65 35
120 65 0
360 57 27
80 57 0
0 58 29
80 58 0
0 61 30
80 61 0
0 65 35
120 65 0
1320 56 100
120 56 0
600 92 90
0 89 90
0 80 76
1440 80 0
0 89 0
0 92 0
0 84 60
0 75 51
0 87 60
360 87 0
0 75 0
0 84 0
0 84 65
0 89 65
0 77 55
120 77 0
0 89 0
0 84 0
0 84 70
0 90 70
0 78 59
240 78 0
0 90 0
0 84 0
0 77 56
0 85 67
0 89 67
240 89 0
0 85 0
0 77 0
480 77 81
0 69 81
480 69 0
0 77 0
240 57 81
0 65 81
480 65 0
0 57 0
480 57 27
80 57 0
0 58 29
80 58 0
0 61 30
80 61 0
0 65 34
120 65 0
360 57 29
80 57 0
0 58 30
80 58 0
0 61 31
80 61 0
0 65 36
120 65 0
1320 58 100
120 58 0
600 90 92
0 94 92
0 82 78
1080 82 0
0 94 0
0 90 0
0 87 58
0 84 58
0 75 49
120 75 0
0 84 0
0 87 0
0 84 58
0 75 49
0 87 58
240 87 0
0 75 0
0 84 0
0 75 51
0 84 61
0 87 61
360 87 0
0 84 0
0 75 0
0 89 68
0 84 68
0 77 57
120 77 0
0 84 0
0 89 0
0 84 71
0 90 71
0 78 60
240 78 0
0 90 0
0 84 0
0 85 68
0 89 68
0 77 57
240 77 0
0 89 0
0 85 0
240 57 29
80 57 0
0 58 30
80 58 0
0 61 32
80 61 0
0 65 37
120 65 0
360 57 29
80 57 0
0 58 30
80 58 0
0 61 32
80 61 0
0 65 37
120 65 0
1320 48 100
120 48 0
600 84 64
0 92 90
0 96 90
1440 96 0
0 92 0
0 84 0
0 88 60
0 79 43
0 91 60
360 91 0
0 79 0
0 88 0
0 80 46
0 88 65
0 92 65
120 92 0
0 88 0
0 80 0
0 88 70
0 82 50
0 94 70
240 94 0
0 82 0
0 88 0
0 80 47
0 92 67
0 89 67
240 89 0
0 92 0
0 80 0
480 80 81
0 72 68
0 68 68
0 77 81
480 77 0
0 80 0
0 72 0
0 68 0
240 68 81
0 56 68
0 60 68
0 65 81
480 65 0
0 68 0
0 56 0
0 60 0
3840 101 97
960 101 0
0 99 68
120 99 0
0 97 62
120 97 0
0 92 65
120 92 0
0 89 59
120 89 0
0 87 62
120 87 0
0 85 57
120 85 0
0 80 58
120 80 0
0 77 53
120 77 0
0 75 55
120 75 0
0 73 51
120 73 0
0 68 52
240 68 0
480 72 55
120 72 0
0 73 52
120 73 0
0 75 50
120 75 0
0 77 47
120 77 0
0 78 45
113 80 42
7 78 0
113 80 0
7 81 40
120 81 0
600 81 50
120 81 0
0 80 49
120 80 0
0 79 47
120 79 0
0 78 46
120 78 0
0 77 44
120 77 0
0 76 42
120 76 0
0 75 41
120 75 0
600 101 97
960 101 0
0 99 68
120 99 0
0 97 60
120 97 0
0 92 65
120 92 0
0 89 58
120 89 0
0 87 62
120 87 0
0 85 57
120 85 0
0 80 58
120 80 0
0 77 53
120 77 0
0 75 55
120 75 0
0 73 49
120 73 0
0 68 52
240 68 0
480 72 42
120 72 0
0 73 41
120 73 0
0 75 41
120 75 0
0 77 40
120 77 0
0 78 39
113 80 38
7 78 0
113 80 0
7 81 37
120 81 0
600 81 42
120 81 0
0 80 41
120 80 0
0 79 40
120 79 0
0 78 39
120 78 0
0 77 37
120 77 0
0 76 36
120 76 0
0 75 35
120 75 0
600 71 38
0 77 59
960 77 0
0 75 53
360 75 0
0 73 52
110 73 0
10 71 0
0 71 38
0 73 54
720 73 0
0 71 0
0 70 56
0 78 56
720 70 0
0 71 50
480 78 0
0 77 52
230 77 0
10 77 51
240 77 0
0 75 50
240 75 0
0 73 49
240 73 0
0 71 0
0 70 44
0 73 44
0 82 56
720 82 0
0 73 0
0 70 0
0 68 44
0 73 44
0 82 62
480 82 0
0 82 64
180 67 44
51 82 0
9 68 0
0 73 0
0 67 0
0 73 45
0 82 68
480 82 0
0 75 57
240 75 0
0 75 57
240 75 0
0 77 51
60 77 0
0 79 51
60 79 0
0 77 56
240 77 0
0 75 56
110 75 0
10 73 0
0 73 49
0 75 59
720 75 0
0 73 0
0 72 53
0 80 64
720 72 0
0 73 55
240 80 0
0 79 60
240 79 0
0 77 59
240 77 0
0 79 60
240 79 0
0 77 59
360 77 0
0 75 56
120 75 0
0 73 0
0 72 56
0 84 56
720 84 0
0 84 64
480 84 0
0 84 63
230 84 0
10 72 0
0 84 68
960 84 0
0 82 63
360 82 0
0 80 63
110 80 0
10 80 63
720 80 0
0 85 75
720 85 0
0 85 82
480 85 0
0 84 78
240 84 0
0 84 75
240 84 0
0 82 71
360 82 0
0 80 63
120 80 0
0 89 80
720 89 0
0 89 77
480 89 0
0 89 81
230 89 0
10 89 85
720 89 0
0 87 72
240 87 0
0 85 71
240 85 0
0 82 70
240 82 0
0 84 75
720 84 0
0 82 71
240 82 0
0 80 68
240 80 0
0 77 63
240 77 0
0 82 69
240 82 0
0 80 64
240 80 0
0 78 61
240 78 0
0 78 55
60 78 0
0 80 55
60 80 0
0 78 63
120 78 0
0 77 58
360 77 0
0 76 59
110 76 0
10 76 59
720 76 0
0 77 63
480 77 0
0 80 57
240 80 0
0 68 57
60 80 57
420 68 0
0 72 63
240 80 0
0 84 63
240 84 0
0 72 0
0 70 63
0 82 63
360 82 0
0 70 0
0 68 63
0 80 63
110 80 0
0 68 0
10 68 63
0 80 63
720 68 0
0 73 75
0 85 75
720 85 0
0 73 0
0 80 0
0 80 60
0 73 75
0 85 75
480 85 0
0 73 0
0 72 78
0 84 78
240 84 0
0 72 0
0 72 75
0 84 75
360 84 0
0 72 0
0 80 0
0 70 71
0 82 71
120 82 0
0 70 0
0 68 63
0 80 63
240 80 0
0 68 0
0 80 80
0 77 68
0 89 80
720 89 0
0 77 0
0 80 0
0 77 65
0 80 77
0 89 77
480 89 0
0 80 0
0 77 0
0 77 62
0 80 74
0 89 74
230 89 0
0 80 0
0 77 0
10 77 69
0 80 82
0 89 82
720 89 0
0 80 0
0 77 0
0 78 67
0 75 56
0 87 67
240 87 0
0 75 0
0 78 0
0 73 55
0 78 65
0 85 65
360 85 0
0 78 0
0 73 0
0 70 54
0 78 64
0 82 64
120 82 0
0 78 0
0 70 0
0 72 52
0 80 62
0 84 62
720 84 0
0 80 0
0 72 0
0 70 54
0 78 64
0 82 64
240 82 0
0 78 0
0 70 0
0 68 57
0 77 68
0 80 68
240 80 0
0 77 0
0 68 0
0 70 61
0 77 72
0 82 72
240 82 0
0 77 0
0 70 0
0 77 77
0 71 65
0 83 77
480 83 0
0 71 0
0 77 0
0 77 75
0 70 63
0 82 75
240 82 0
0 70 0
0 77 0
0 71 66
0 77 78
0 83 78
1200 83 0
0 77 0
0 71 0
0 70 64
0 77 76
0 82 76
240 82 0
0 77 0
0 70 0
0 71 68
0 77 81
0 83 81
240 83 0
0 77 0
0 71 0
0 70 66
0 77 78
0 82 78
240 82 0
0 77 0
0 70 0
0 71 66
0 77 78
0 83 78
240 83 0
0 77 0
0 71 0
0 71 68
0 78 81
0 83 81
480 83 0
0 78 0
0 71 0
0 70 69
0 78 82
0 82 82
240 82 0
0 78 0
0 70 0
0 94 96
0 90 96
0 82 81
1080 82 0
0 90 0
0 94 0
0 84 80
0 78 80
0 72 68
110 72 0
0 78 0
0 84 0
10 72 68
0 78 80
0 84 80
230 84 0
0 78 0
0 72 0
10 72 79
0 78 93
0 84 93
360 84 0
0 78 0
0 72 0
0 89 89
0 80 89
0 77 75
120 77 0
0 80 0
0 89 0
0 87 92
0 78 92
0 75 78
240 75 0
0 78 0
0 87 0
0 85 104
0 77 104
0 73 88
120 73 0
0 77 0
0 85 0
600 65 97
120 65 0
0 73 75
120 73 0
0 80 79
120 80 0
0 77 83
120 77 0
0 85 87
120 85 0
0 94 91
120 94 0
0 84 86
0 92 96
240 92 0
0 84 0
480 66 97
120 66 0
0 72 75
120 72 0
0 80 80
120 80 0
0 78 84
120 78 0
0 84 88
120 84 0
0 92 93
120 92 0
0 85 87
0 89 97
240 89 0
0 85 0
480 65 97
120 65 0
0 73 75
120 73 0
0 80 79
120 80 0
0 77 83
120 77 0
0 85 87
120 85 0
0 94 91
120 94 0
0 84 86
0 92 96
240 92 0
0 84 0
480 66 97
120 66 0
0 72 75
120 72 0
0 80 80
120 80 0
0 78 84
120 78 0
0 84 88
120 84 0
0 92 93
120 92 0
0 85 87
0 89 97
240 89 0
0 85 0
480 65 97
120 65 0
0 73 75
120 73 0
0 80 78
120 80 0
0 77 75
120 77 0
0 85 79
120 85 0
0 92 75
120 92 0
0 85 78
120 85 0
0 77 75
120 77 0
0 80 80
120 80 0
0 73 75
120 73 0
0 65 79
120 65 0
0 68 75
120 68 0
0 61 78
120 61 0
0 53 77
120 53 0
0 56 82
120 56 0
0 49 79
120 49 0
0 41 87
120 41 0
0 49 85
120 49 0
720 97 101
0 85 85
720 85 0
0 97 0
480 57 29
80 57 0
0 58 31
80 58 0
0 61 33
80 61 0
0 65 38
120 65 0
360 57 29
80 57 0
0 58 31
80 58 0
0 61 32
80 61 0
0 65 38
120 65 0
1320 58 100
120 58 0
600 94 92
0 90 92
0 82 78
1440 82 0
0 90 0
0 94 0
0 75 51
0 84 61
0 87 61
360 87 0
0 84 0
0 75 0
0 77 57
0 84 68
0 89 68
120 89 0
0 84 0
0 77 0
0 78 60
0 84 71
0 90 71
240 90 0
0 84 0
0 78 0
0 77 57
0 85 68
0 89 68
240 89 0
0 85 0
0 77 0
240 57 27
80 57 0
0 58 29
80 58 0
0 61 30
80 61 0
0 65 35
120 65 0
360 57 27
80 57 0
0 58 29
80 58 0
0 61 30
80 61 0
0 65 35
120 65 0
1320 56 100
120 56 0
600 92 90
0 89 90
0 80 76
1440 80 0
0 89 0
0 92 0
0 75 51
0 84 60
0 87 60
144 87 0
0 84 0
0 75 0
0 84 60
0 76 51
0 88 60
144 88 0
0 76 0
0 84 0
0 77 55
0 84 65
0 89 65
144 89 0
0 84 0
0 77 0
0 80 61
0 84 72
0 92 72
144 92 0
0 84 0
0 80 0
0 90 70
0 84 70
0 78 70
144 78 0
0 84 0
0 90 0
0 77 56
0 85 67
0 89 67
240 89 0
0 85 0
0 77 0
480 69 81
0 77 81
480 77 0
0 69 0
240 57 81
0 65 81
480 65 0
0 57 0
480 57 27
80 57 0
0 58 29
80 58 0
0 61 30
80 61 0
0 65 35
120 65 0
360 57 29
80 57 0
0 58 30
80 58 0
0 61 31
80 61 0
0 65 35
120 65 0
1320 58 100
120 58 0
600 82 78
0 90 92
0 94 92
1080 94 0
0 90 0
0 82 0
0 87 58
0 84 58
0 75 49
120 75 0
0 84 0
0 87 0
0 87 58
0 84 58
0 75 49
240 75 0
0 84 0
0 87 0
0 75 51
0 84 61
0 87 61
360 87 0
0 84 0
0 75 0
0 84 68
0 89 68
0 77 57
120 77 0
0 89 0
0 84 0
0 84 71
0 78 60
0 90 71
240 90 0
0 78 0
0 84 0
0 85 68
0 77 57
0 89 68
240 89 0
0 77 0
0 85 0
240 57 29
80 57 0
0 58 30
80 58 0
0 61 32
80 61 0
0 65 37
120 65 0
360 57 29
80 57 0
0 58 30
80 58 0
0 61 32
80 61 0
0 65 37
120 65 0
1320 48 100
120 48 0
600 84 76
0 92 90
0 96 90
1440 96 0
0 92 0
0 84 0
0 91 73
0 97 73
0 85 62
180 85 0
0 97 0
0 91 0
0 84 60
0 91 71
0 96 71
180 96 0
0 91 0
0 84 0
0 89 67
0 77 56
0 84 67
180 84 0
0 77 0
0 89 0
0 91 68
0 84 68
0 79 57
180 79 0
0 84 0
0 91 0
0 92 73
0 84 73
0 80 62
240 80 0
0 84 0
0 92 0
480 72 81
0 80 81
0 68 68
0 77 81
480 77 0
0 72 0
0 80 0
0 68 0
240 60 81
0 68 81
0 56 68
0 65 81
480 65 0
0 60 0
0 68 0
0 56 0
1680 41 94
720 41 0
0 38 50
80 39 51
10 38 0
70 41 51
10 39 0
70 39 52
10 41 0
70 41 53
10 39 0
70 39 55
10 41 0
70 41 56
10 39 0
70 39 56
10 41 0
70 41 57
10 39 0
70 39 58
10 41 0
50 41 59
10 39 0
50 39 60
10 41 0
50 41 61
10 39 0
50 41 0
0 39 62
60 39 0
0 41 62
60 41 0
0 39 62
60 39 0
0 41 63
60 41 0
0 39 64
80 38 73
10 39 0
70 39 73
10 38 0
70 101 97
10 39 0
950 101 0
0 99 68
120 99 0
0 97 61
120 97 0
0 92 65
120 92 0
0 89 59
120 89 0
0 87 62
120 87 0
0 85 56
120 85 0
0 80 58
120 80 0
0 77 53
120 77 0
0 75 55
120 75 0
0 73 50
120 73 0
0 68 52
240 68 0
480 72 55
120 72 0
0 73 52
120 73 0
0 75 50
120 75 0
0 77 47
120 77 0
0 78 45
113 80 42
7 78 0
113 80 0
7 81 40
120 81 0
600 81 50
120 81 0
0 80 49
120 80 0
0 79 47
120 79 0
0 78 46
120 78 0
0 77 44
120 77 0
0 76 42
120 76 0
0 75 41
120 75 0
600 101 97
960 101 0
0 99 68
120 99 0
0 97 61
120 97 0
0 92 65
120 92 0
0 89 59
120 89 0
0 87 62
120 87 0
0 85 57
120 85 0
0 80 58
120 80 0
0 77 53
120 77 0
0 75 55
120 75 0
0 73 51
120 73 0
0 68 52
240 68 0
480 72 42
120 72 0
0 73 41
120 73 0
0 75 41
120 75 0
0 77 40
120 77 0
0 78 39
113 80 38
7 78 0
113 80 0
7 81 37
120 81 0
600 81 42
120 81 0
0 80 41
120 80 0
0 79 40
120 79 0
0 78 39
120 78 0
0 77 37
120 77 0
0 76 36
120 76 0
0 75 35
240 75 0
480 71 40
0 77 59
960 77 0
0 75 53
360 75 0
0 73 52
110 73 0
10 71 0
0 71 43
0 73 58
720 73 0
0 71 0
0 70 56
0 78 56
720 70 0
0 71 50
480 78 0
0 77 52
240 77 0
0 77 51
240 77 0
0 75 50
240 75 0
0 73 49
230 73 0
10 71 0
0 70 44
0 73 44
0 82 56
720 82 0
0 73 0
0 70 0
0 68 44
0 73 44
0 82 62
480 82 0
0 82 64
180 67 44
60 67 0
0 68 0
0 73 0
0 82 0
0 73 45
0 82 68
480 82 0
0 75 57
240 75 0
0 75 57
240 75 0
0 77 51
60 77 0
0 79 51
60 79 0
0 77 56
240 77 0
0 75 56
110 75 0
10 73 0
0 73 49
0 75 59
720 75 0
0 73 0
0 72 53
0 80 64
720 72 0
0 73 55
240 80 0
0 79 60
240 79 0
0 77 59
240 77 0
0 79 60
240 79 0
0 77 59
360 77 0
0 75 56
120 75 0
0 73 0
0 72 56
0 84 56
720 84 0
0 84 64
480 84 0
0 84 63
230 84 0
10 72 0
0 84 68
960 84 0
0 82 63
360 82 0
0 80 63
110 80 0
10 80 63
720 80 0
0 85 75
720 85 0
0 85 82
480 85 0
0 84 78
230 84 0
10 84 75
240 84 0
0 82 71
360 82 0
0 80 63
120 80 0
0 89 80
720 89 0
0 89 77
480 89 0
0 89 81
230 89 0
10 89 85
720 89 0
0 87 72
240 87 0
0 85 71
240 85 0
0 82 70
240 82 0
0 84 75
720 84 0
0 82 71
240 82 0
0 80 68
240 80 0
0 77 63
240 77 0
0 82 69
240 82 0
0 80 64
240 80 0
0 78 61
230 78 0
10 78 55
60 78 0
0 80 55
60 80 0
0 78 63
120 78 0
0 77 58
360 77 0
0 76 59
110 76 0
10 76 59
720 76 0
0 77 63
480 77 0
0 80 57
240 80 0
0 68 57
60 80 57
420 68 0
0 72 63
240 80 0
0 84 63
240 84 0
0 72 0
0 70 63
0 82 63
360 82 0
0 70 0
0 68 63
0 80 63
110 80 0
0 68 0
10 68 63
0 80 63
720 68 0
0 73 75
0 85 75
720 85 0
0 73 0
0 80 0
0 78 60
0 80 60
0 73 75
0 85 75
360 85 0
0 73 0
0 84 71
0 72 71
120 72 0
0 84 0
0 80 70
0 78 70
0 72 70
0 84 70
240 84 0
0 80 0
0 80 0
0 78 0
0 72 0
0 78 0
0 80 60
0 78 60
0 72 75
0 84 75
360 84 0
0 80 0
0 78 0
0 72 0
0 70 71
0 82 71
120 82 0
0 70 0
0 78 60
0 68 63
0 80 63
240 80 0
0 68 0
0 78 0
0 80 80
0 77 68
0 89 80
720 89 0
0 77 0
0 80 0
0 77 65
0 80 77
0 89 77
480 89 0
0 80 0
0 77 0
0 77 66
0 80 78
0 89 78
230 89 0
0 80 0
0 77 0
10 77 69
0 80 82
0 89 82
720 89 0
0 80 0
0 77 0
0 78 67
0 75 56
0 87 67
240 87 0
0 75 0
0 78 0
0 73 55
0 78 65
0 85 65
360 85 0
0 78 0
0 73 0
0 70 54
0 78 64
0 82 64
120 82 0
0 78 0
0 70 0
0 72 52
0 80 62
0 84 62
720 84 0
0 80 0
0 72 0
0 70 54
0 78 64
0 82 64
240 82 0
0 78 0
0 70 0
0 68 57
0 77 68
0 80 68
240 80 0
0 77 0
0 68 0
0 70 61
0 77 72
0 82 72
240 82 0
0 77 0
0 70 0
0 77 77
0 71 65
0 83 77
480 83 0
0 71 0
0 77 0
0 77 75
0 70 63
0 82 75
240 82 0
0 70 0
0 77 0
0 71 66
0 77 78
0 83 78
1200 83 0
0 77 0
0 71 0
0 70 64
0 77 76
0 82 76
240 82 0
0 77 0
0 70 0
0 71 68
0 77 81
0 83 81
240 83 0
0 77 0
0 71 0
0 70 66
0 77 78
0 82 78
240 82 0
0 77 0
0 70 0
0 71 66
0 77 78
0 83 78
240 83 0
0 77 0
0 71 0
0 71 68
0 78 81
0 83 81
480 83 0
0 78 0
0 71 0
0 70 69
0 78 82
0 82 82
240 82 0
0 78 0
0 70 0
0 94 95
0 90 95
0 82 80
1080 82 0
0 90 0
0 94 0
0 84 80
0 78 80
0 72 68
110 72 0
0 78 0
0 84 0
10 72 68
0 78 80
0 84 80
230 84 0
0 78 0
0 72 0
10 72 79
0 78 93
0 84 93
360 84 0
0 78 0
0 72 0
0 89 89
0 80 89
0 77 75
120 77 0
0 80 0
0 89 0
0 87 92
0 78 92
0 75 78
240 75 0
0 78 0
0 87 0
0 85 101
0 77 101
0 73 85
120 73 0
0 77 0
0 85 0
600 65 97
120 65 0
0 73 75
120 73 0
0 80 79
120 80 0
0 77 83
120 77 0
0 85 87
120 85 0
0 94 91
120 94 0
0 84 86
0 92 96
240 92 0
0 84 0
480 66 97
120 66 0
0 72 75
120 72 0
0 80 80
120 80 0
0 78 84
120 78 0
0 84 88
120 84 0
0 92 93
120 92 0
0 85 87
0 89 97
240 89 0
0 85 0
480 65 97
120 65 0
0 73 75
120 73 0
0 80 79
120 80 0
0 77 83
120 77 0
0 85 87
120 85 0
0 94 91
120 94 0
0 84 86
0 92 96
240 92 0
0 84 0
480 66 97
120 66 0
0 72 75
120 72 0
0 80 80
120 80 0
0 78 84
120 78 0
0 84 88
120 84 0
0 92 93
120 92 0
0 85 97
0 89 97
240 89 0
0 85 0
480 65 97
120 65 0
0 73 75
120 73 0
0 80 78
120 80 0
0 77 75
120 77 0
0 85 79
120 85 0
0 92 75
120 92 0
0 85 78
120 85 0
0 77 75
120 77 0
0 80 80
120 80 0
0 73 75
120 73 0
0 65 79
120 65 0
0 68 75
120 68 0
0 61 78
120 61 0
0 53 77
120 53 0
0 56 82
120 56 0
0 49 79
120 49 0
0 41 87
120 41 0
0 49 85
120 49 0
720 97 101
0 85 85
720 85 0
0 97 0
0 52 44
0 61 52
0 64 52
720 64 0
0 61 0
0 52 0
0 54 37
0 61 44
0 66 44
720 54 0
240 61 0
0 59 57
240 59 0
0 61 57
240 61 0
0 64 60
240 64 0
0 62 56
240 62 0
0 61 56
230 61 0
10 66 0
0 52 44
0 61 52
0 64 52
720 64 0
0 61 0
0 52 0
0 54 37
0 61 44
0 66 44
720 54 0
240 61 0
0 59 57
240 59 0
0 61 57
240 61 0
0 64 60
240 64 0
0 62 56
360 62 0
0 61 56
110 61 0
10 66 0
0 56 37
0 61 44
0 64 44
720 61 0
0 59 37
480 59 0
0 56 0
0 57 32
240 57 0
0 64 0
0 61 30
1440 61 0
0 73 53
600 73 0
0 71 45
60 71 0
0 73 45
60 73 0
0 71 50
360 71 0
0 69 47
120 69 0
0 71 50
240 71 0
0 73 53
360 73 0
0 74 50
120 74 0
0 73 48
120 73 0
0 71 43
60 71 0
0 73 43
60 73 0
0 71 52
360 71 0
0 69 48
120 69 0
0 71 47
240 71 0
0 73 39
120 73 0
0 61 29
120 61 0
0 73 29
120 73 0
0 68 29
120 68 0
0 73 29
120 73 0
0 68 29
120 68 0
0 80 29
120 80 0
0 73 29
120 73 0
0 80 29
120 80 0
0 73 29
120 73 0
0 85 29
120 85 0
0 80 29
120 80 0
0 85 29
120 85 0
0 80 29
120 80 0
0 92 29
120 92 0
0 85 29
120 85 0
0 92 29
120 92 0
0 85 29
120 85 0
0 97 39
120 97 0
0 52 44
0 61 52
0 64 52
720 64 0
0 52 0
0 54 37
0 66 44
720 54 0
240 61 0
0 59 57
240 59 0
0 61 57
240 61 0
0 64 60
240 64 0
0 62 56
240 62 0
0 61 56
240 61 0
0 66 0
0 52 44
0 61 52
0 64 52
720 64 0
0 52 0
0 54 37
0 66 44
960 61 0
0 59 57
240 59 0
0 61 57
240 61 0
0 64 60
240 64 0
0 62 56
360 62 0
0 61 56
50 61 0
10 61 50
60 61 0
0 66 0
0 69 56
240 69 0
0 66 53
240 66 0
0 62 51
240 62 0
0 54 0
0 56 37
0 61 44
0 64 44
720 61 0
0 59 37
480 59 0
0 56 0
0 57 32
240 57 0
0 64 0
0 61 30
1440 61 0
720 73 42
1560 73 0
0 75 42
120 75 0
0 78 43
120 78 0
0 76 41
120 76 0
0 73 39
120 73 0
0 69 39
120 69 0
0 68 35
30 68 0
30 68 35
60 68 0
0 80 43
480 80 0
0 78 37
60 78 0
0 80 37
60 80 0
0 78 43
360 78 0
0 76 39
120 76 0
0 78 39
240 78 0
0 80 42
360 80 0
0 81 40
120 81 0
0 80 40
120 80 0
0 78 37
60 78 0
0 80 37
60 80 0
0 78 44
360 78 0
0 76 33
120 76 0
0 78 31
240 78 0
0 80 31
1080 80 0
0 68 25
120 68 0
0 80 25
120 80 0
0 75 25
120 75 0
0 80 25
120 80 0
0 75 25
120 75 0
0 87 21
120 87 0
0 80 21
120 80 0
0 87 21
120 87 0
0 80 21
120 80 0
0 92 28
120 92 0
120 80 44
240 80 0
0 78 44
240 78 0
0 76 45
240 67 34
120 67 0
0 68 34
120 68 0
0 71 34
80 71 0
0 69 34
80 69 0
0 68 34
80 68 0
0 68 43
240 76 0
0 76 42
240 76 0
0 75 42
240 75 0
0 73 44
240 73 0
0 68 0
0 67 36
120 67 0
0 68 32
120 68 0
0 71 36
80 71 0
0 69 36
80 69 0
0 68 32
80 68 0
0 68 44
240 80 43
240 80 0
0 78 40
240 78 0
0 76 46
240 68 0
0 67 38
120 67 0
0 68 34
120 68 0
0 71 38
80 71 0
0 69 38
80 69 0
0 68 35
80 68 0
0 68 42
240 76 0
0 76 43
240 76 0
0 75 41
240 75 0
0 68 0
0 73 47
240 73 0
0 72 37
120 72 0
0 73 37
120 73 0
0 76 37
80 76 0
0 74 37
80 74 0
0 73 34
80 73 0
0 73 41
240 85 46
240 85 0
0 83 44
240 83 0
0 81 53
240 73 0
0 72 32
120 72 0
0 73 30
120 73 0
0 76 32
80 76 0
0 74 32
80 74 0
0 73 30
80 73 0
0 73 37
240 81 0
0 81 38
240 81 0
0 80 36
240 80 0
0 78 40
240 78 0
0 73 0
0 72 27
120 72 0
0 73 28
120 73 0
0 76 30
80 76 0
0 74 30
80 74 0
0 73 27
80 73 0
0 73 38
240 85 40
240 85 0
0 83 37
240 83 0
0 81 45
240 73 0
0 72 37
120 72 0
0 73 37
120 73 0
0 76 37
80 76 0
0 74 37
80 74 0
0 73 34
80 73 0
0 73 42
240 81 0
0 81 44
240 81 0
0 80 42
240 80 0
0 78 47
240 73 0
0 72 37
120 72 0
0 73 34
120 73 0
0 76 37
80 76 0
0 74 37
80 74 0
0 73 34
80 73 0
0 73 41
240 78 0
0 80 43
240 80 0
0 81 42
240 81 0
0 73 0
0 80 50
240 80 0
0 67 32
120 67 0
0 68 30
120 68 0
0 71 32
80 71 0
0 69 32
80 69 0
0 68 30
80 68 0
0 68 37
240 78 47
240 78 0
0 76 47
240 76 0
0 75 53
240 68 0
0 67 38
120 67 0
0 68 35
120 68 0
0 71 38
80 71 0
0 69 38
80 69 0
0 68 35
80 68 0
0 68 46
240 75 0
0 75 47
240 75 0
0 73 44
240 73 0
0 72 52
240 72 0
0 68 0
0 67 41
120 67 0
0 68 39
120 68 0
0 71 41
80 71 0
0 69 41
80 69 0
0 68 38
80 68 0
0 68 52
240 78 43
240 78 0
0 76 41
240 76 0
0 75 47
240 75 0
0 68 0
0 70 38
120 70 0
0 71 36
120 71 0
0 75 38
80 75 0
0 73 38
80 73 0
0 71 35
80 71 0
0 71 41
240 76 34
240 76 0
0 78 34
240 78 0
0 71 0
0 68 35
120 68 0
0 71 37
120 71 0
0 76 40
120 76 0
0 80 42
120 80 0
0 78 44
120 78 0
0 76 42
120 76 0
0 80 38
120 80 0
0 83 40
120 83 0
0 88 43
120 88 0
0 92 46
120 92 0
0 90 50
120 90 0
0 88 47
120 88 0
0 83 44
120 83 0
0 80 43
120 80 0
0 78 42
120 78 0
0 76 41
120 76 0
0 71 40
120 71 0
0 68 39
120 68 0
0 66 38
120 66 0
0 64 37
120 64 0
0 59 36
120 59 0
0 68 39
120 68 0
0 66 38
120 66 0
0 64 37
120 64 0
0 61 36
120 61 0
0 64 34
120 64 0
0 66 37
120 66 0
0 69 39
120 69 0
0 73 41
120 73 0
0 76 43
120 76 0
0 78 46
120 78 0
0 81 48
120 81 0
0 85 50
120 85 0
0 88 51
120 88 0
0 90 49
120 90 0
0 93 47
120 93 0
0 92 50
120 92 0
0 90 49
120 90 0
0 87 49
120 87 0
0 81 48
120 81 0
0 80 47
120 80 0
0 78 46
120 78 0
0 75 45
120 75 0
0 71 44
120 71 0
0 75 45
120 75 0
0 73 42
120 73 0
0 71 39
120 71 0
0 69 37
120 69 0
0 68 35
120 68 0
0 71 37
120 71 0
0 76 40
120 76 0
0 80 42
120 80 0
0 78 44
120 78 0
0 76 42
120 76 0
0 80 38
120 80 0
0 83 40
120 83 0
0 88 43
120 88 0
0 92 46
120 92 0
0 90 50
120 90 0
0 88 47
120 88 0
0 83 44
120 83 0
0 80 43
120 80 0
0 78 42
120 78 0
0 76 41
120 76 0
0 71 40
120 71 0
0 68 39
120 68 0
0 66 38
120 66 0
0 64 37
120 64 0
0 59 36
120 59 0
0 68 39
120 68 0
0 66 38
120 66 0
0 64 37
120 64 0
0 61 36
120 61 0
0 64 34
113 64 0
7 66 37
120 66 0
0 69 39
120 69 0
0 73 41
120 73 0
0 76 43
120 76 0
0 78 46
120 78 0
0 81 48
120 81 0
0 85 50
120 85 0
0 88 51
120 88 0
0 90 49
120 90 0
0 93 47
120 93 0
0 92 47
120 92 0
0 90 48
120 90 0
0 87 49
120 87 0
0 81 50
120 81 0
0 80 51
120 80 0
0 78 52
120 78 0
0 75 53
120 75 0
0 71 52
120 71 0
0 75 51
120 75 0
0 73 51
120 73 0
0 71 53
120 71 0
0 69 57
120 69 0
0 68 56
120 68 0
0 71 59
120 71 0
0 76 61
120 76 0
0 80 63
120 80 0
0 78 65
120 78 0
0 76 63
120 76 0
0 80 61
120 80 0
0 83 61
120 83 0
0 88 64
120 88 0
0 92 66
120 92 0
0 90 69
120 90 0
0 88 65
120 88 0
0 84 62
120 84 0
0 81 61
120 81 0
0 78 60
120 78 0
0 76 60
120 76 0
0 72 59
120 72 0
0 69 58
120 69 0
0 66 57
120 66 0
0 64 56
120 64 0
0 60 55
120 60 0
0 57 54
120 57 0
0 54 53
120 54 0
0 52 52
120 52 0
0 56 52
120 56 0
0 59 51
120 59 0
0 64 52
120 64 0
0 68 53
120 68 0
0 66 54
120 66 0
0 64 52
120 64 0
0 68 49
120 68 0
0 71 51
120 71 0
0 76 54
120 76 0
0 80 57
120 80 0
0 78 59
120 78 0
0 76 57
120 76 0
0 72 59
120 72 0
0 69 61
120 69 0
0 66 62
120 66 0
0 64 64
120 64 0
0 60 66
120 60 0
0 57 67
120 57 0
0 54 69
120 54 0
0 52 71
120 52 0
0 48 73
120 48 0
0 45 74
120 45 0
0 42 76
120 42 0
0 40 78
120 40 0
240 47 73
120 47 0
0 52 68
120 52 0
0 57 68
120 57 0
0 56 68
120 56 0
0 59 73
120 59 0
0 64 67
120 64 0
0 69 67
120 69 0
0 68 68
120 68 0
0 71 72
120 71 0
0 76 73
120 76 0
0 81 76
120 81 0
0 80 71
120 80 0
0 83 71
120 83 0
0 88 71
120 88 0
0 93 71
120 93 0
0 92 71
120 92 0
0 88 77
120 88 0
0 83 71
120 83 0
0 81 71
120 81 0
0 80 71
120 80 0
0 76 71
120 76 0
0 71 71
120 71 0
0 69 71
120 69 0
0 68 72
120 68 0
0 64 73
120 64 0
0 59 75
120 59 0
0 57 77
120 57 0
0 56 78
120 56 0
0 52 80
120 52 0
0 47 81
120 47 0
0 45 82
120 45 0
0 44 84
120 44 0
0 40 86
120 40 0
0 35 88
120 35 0
0 52 55
0 61 65
0 64 65
720 64 0
0 61 0
0 52 0
0 54 46
0 61 55
0 66 55
720 54 0
240 61 0
0 59 71
240 59 0
0 61 71
240 61 0
0 64 75
240 64 0
0 62 70
360 62 0
0 61 64
110 61 0
10 66 0
0 52 55
0 61 65
0 64 65
720 64 0
0 61 0
0 52 0
0 54 46
0 61 55
0 66 55
960 61 0
0 59 67
240 59 0
0 61 67
240 61 0
0 64 72
240 64 0
0 62 66
360 62 0
0 61 57
50 61 0
10 61 54
60 66 0
0 69 63
240 69 0
0 66 62
240 61 0
0 62 57
240 62 0
0 66 0
0 54 0
0 56 52
0 61 52
0 64 52
720 61 0
0 59 43
480 59 0
0 56 0
0 57 37
240 57 0
0 64 0
0 61 35
1440 61 0
0 73 53
600 73 0
0 71 45
60 71 0
0 73 45
60 73 0
0 71 50
360 71 0
0 69 47
120 69 0
0 71 50
240 71 0
0 73 53
360 73 0
0 74 50
120 74 0
0 73 48
120 73 0
0 71 43
60 71 0
0 73 43
60 73 0
0 71 52
360 71 0
0 69 48
120 69 0
0 71 47
240 71 0
0 73 39
120 73 0
0 61 29
120 61 0
0 73 29
120 73 0
0 68 29
120 68 0
0 73 29
120 73 0
0 68 29
120 68 0
0 80 29
120 80 0
0 73 29
120 73 0
0 80 29
120 80 0
0 73 29
120 73 0
0 85 29
120 85 0
0 80 29
120 80 0
0 85 29
120 85 0
0 80 29
120 80 0
0 92 29
120 92 0
0 85 29
120 85 0
0 92 29
120 92 0
0 85 29
120 85 0
0 97 39
120 97 0
0 52 37
0 61 44
0 64 44
720 64 0
0 52 0
0 54 31
0 66 37
720 54 0
240 61 0
0 59 48
240 59 0
0 61 48
240 61 0
0 64 51
240 64 0
0 62 47
360 62 0
0 61 47
120 61 0
0 66 0
0 52 37
0 61 44
0 64 44
720 64 0
0 52 0
0 54 31
0 66 37
960 61 0
0 59 48
240 59 0
0 61 48
240 61 0
0 64 51
240 64 0
0 62 47
240 62 0
0 61 47
170 61 0
10 61 40
60 66 0
0 69 36
120 69 0
0 68 33
120 68 0
0 71 39
120 71 0
0 69 38
120 69 0
0 66 36
120 66 0
0 61 0
0 62 35
120 62 0
0 54 0
0 56 31
0 61 37
0 64 37
720 61 0
0 59 31
480 59 0
0 56 0
0 57 27
240 57 0
0 64 0
0 61 25
1440 61 0
720 73 42
1560 73 0
0 75 42
120 75 0
0 78 43
120 78 0
0 76 41
120 76 0
0 73 39
120 73 0
0 69 39
120 69 0
0 68 35
30 68 0
30 68 35
60 68 0
0 80 43
480 80 0
0 78 37
60 78 0
0 80 37
60 80 0
0 78 43
360 78 0
0 76 39
120 76 0
0 78 39
240 78 0
0 80 42
360 80 0
0 81 40
120 81 0
0 80 40
120 80 0
0 78 37
60 78 0
0 80 37
60 80 0
0 78 44
360 78 0
0 76 33
120 76 0
0 78 31
240 78 0
0 80 31
1080 80 0
0 68 25
120 68 0
0 80 25
120 80 0
0 75 25
120 75 0
0 80 25
120 80 0
0 75 25
120 75 0
0 87 21
120 87 0
0 80 21
120 80 0
0 87 21
120 87 0
0 80 21
120 80 0
0 92 28
120 92 0
120 80 44
240 80 0
0 78 44
240 78 0
0 76 45
240 67 34
120 67 0
0 68 31
120 68 0
0 71 34
80 71 0
0 69 34
80 69 0
0 68 32
80 68 0
0 68 43
240 76 0
0 76 42
240 76 0
0 75 39
240 75 0
0 73 44
240 73 0
0 68 0
0 67 36
120 67 0
0 68 33
120 68 0
0 71 36
80 71 0
0 69 36
80 69 0
0 68 33
80 68 0
0 68 44
240 80 43
240 80 0
0 78 39
240 78 0
0 76 46
240 68 0
0 67 38
120 67 0
0 68 35
120 68 0
0 71 38
80 71 0
0 69 38
80 69 0
0 68 36
80 68 0
0 68 42
240 76 0
0 76 43
240 76 0
0 75 38
240 75 0
0 68 0
0 73 47
240 73 0
0 72 37
120 72 0
0 73 35
120 73 0
0 76 37
80 76 0
0 74 37
80 74 0
0 73 35
70 73 0
10 73 41
240 85 46
240 85 0
0 83 43
240 83 0
0 81 53
240 73 0
0 72 32
120 72 0
0 73 30
120 73 0
0 76 32
80 76 0
0 74 32
80 74 0
0 73 30
70 73 0
10 73 37
240 81 0
0 81 38
240 81 0
0 80 36
240 80 0
0 78 40
240 78 0
0 73 0
0 72 27
120 72 0
0 73 27
120 73 0
0 76 30
80 76 0
0 74 30
80 74 0
0 73 29
70 73 0
10 73 38
240 85 40
240 85 0
0 83 38
240 83 0
0 81 45
240 73 0
0 72 37
120 72 0
0 73 37
120 73 0
0 76 37
80 76 0
0 74 37
80 74 0
0 73 34
70 73 0
10 73 42
240 81 0
0 81 44
240 81 0
0 80 40
240 80 0
0 78 47
240 73 0
0 72 37
120 72 0
0 73 35
120 73 0
0 76 37
80 76 0
0 74 37
80 74 0
0 73 35
70 73 0
10 73 41
240 78 0
0 80 43
240 80 0
0 81 40
240 81 0
0 73 0
0 80 50
240 80 0
0 67 32
120 67 0
0 68 30
120 68 0
0 71 32
80 71 0
0 69 32
80 69 0
0 68 30
70 68 0
10 68 37
240 78 47
240 78 0
0 76 44
240 76 0
0 75 53
240 68 0
0 67 38
120 67 0
0 68 38
120 68 0
0 71 38
80 71 0
0 69 38
80 69 0
0 68 35
70 68 0
10 68 46
240 75 0
0 75 47
240 75 0
0 73 44
240 73 0
0 72 52
240 72 0
0 68 0
0 67 41
120 67 0
0 68 38
120 68 0
0 71 41
80 71 0
0 69 41
80 69 0
0 68 38
70 68 0
10 68 52
240 78 43
240 78 0
0 76 39
240 76 0
0 75 47
240 75 0
0 68 0
0 70 38
120 70 0
0 71 36
120 71 0
0 75 38
80 75 0
0 73 38
80 73 0
0 71 35
70 71 0
10 71 41
240 76 34
240 76 0
0 78 34
240 78 0
0 71 0
0 68 35
120 68 0
0 71 37
120 71 0
0 76 40
120 76 0
0 80 42
120 80 0
0 78 44
120 78 0
0 76 42
120 76 0
0 80 38
120 80 0
0 83 40
120 83 0
0 88 43
120 88 0
0 92 46
120 92 0
0 90 50
120 90 0
0 88 47
120 88 0
0 83 44
120 83 0
0 80 43
120 80 0
0 78 42
120 78 0
0 76 41
120 76 0
0 71 40
120 71 0
0 68 39
120 68 0
0 66 38
120 66 0
0 64 37
120 64 0
0 59 36
120 59 0
0 68 39
120 68 0
0 66 38
120 66 0
0 64 37
120 64 0
0 61 36
120 61 0
0 64 34
120 64 0
0 66 37
120 66 0
0 69 39
120 69 0
0 73 41
120 73 0
0 76 43
120 76 0
0 78 46
120 78 0
0 81 48
120 81 0
0 85 50
120 85 0
0 88 51
120 88 0
0 90 49
120 90 0
0 93 47
120 93 0
0 92 50
120 92 0
0 90 49
120 90 0
0 87 49
120 87 0
0 81 48
120 81 0
0 80 47
120 80 0
0 78 46
120 78 0
0 75 45
120 75 0
0 71 44
120 71 0
0 75 45
120 75 0
0 73 42
120 73 0
0 71 39
120 71 0
0 69 37
120 69 0
0 68 35
120 68 0
0 71 37
120 71 0
0 76 40
120 76 0
0 80 42
120 80 0
0 78 44
120 78 0
0 76 42
120 76 0
0 80 38
120 80 0
0 83 40
120 83 0
0 88 43
120 88 0
0 92 46
120 92 0
0 90 50
120 90 0
0 88 47
120 88 0
0 83 44
120 83 0
0 80 43
120 80 0
0 78 42
120 78 0
0 76 41
120 76 0
0 71 40
120 71 0
0 68 39
120 68 0
0 66 38
120 66 0
0 64 37
120 64 0
0 59 36
120 59 0
0 68 39
120 68 0
0 66 38
120 66 0
0 64 37
120 64 0
0 61 36
120 61 0
0 64 34
113 64 0
7 66 37
120 66 0
0 69 39
120 69 0
0 73 41
120 73 0
0 76 43
120 76 0
0 78 46
120 78 0
0 81 48
120 81 0
0 85 50
120 85 0
0 88 51
120 88 0
0 90 49
120 90 0
0 93 47
120 93 0
0 92 47
120 92 0
0 90 48
120 90 0
0 87 49
120 87 0
0 81 50
120 81 0
0 80 51
120 80 0
0 78 52
120 78 0
0 75 53
120 75 0
0 71 52
120 71 0
0 75 51
120 75 0
0 73 51
120 73 0
0 71 53
120 71 0
0 69 57
120 69 0
0 68 56
120 68 0
0 71 59
120 71 0
0 76 61
120 76 0
0 80 63
120 80 0
0 78 65
120 78 0
0 76 63
120 76 0
0 80 61
120 80 0
0 83 61
120 83 0
0 88 64
120 88 0
0 92 66
120 92 0
0 90 69
120 90 0
0 88 65
120 88 0
0 84 62
120 84 0
0 81 61
120 81 0
0 78 60
120 78 0
0 76 60
120 76 0
0 72 59
120 72 0
0 69 58
120 69 0
0 66 57
120 66 0
0 64 56
120 64 0
0 60 55
120 60 0
0 57 54
120 57 0
0 54 53
120 54 0
0 52 52
120 52 0
0 56 52
120 56 0
0 59 51
120 59 0
0 64 52
120 64 0
0 68 53
120 68 0
0 66 54
120 66 0
0 64 52
120 64 0
0 68 49
120 68 0
0 71 51
120 71 0
0 76 54
120 76 0
0 80 57
120 80 0
0 78 59
120 78 0
0 76 57
120 76 0
0 72 59
120 72 0
0 69 61
120 69 0
0 66 62
120 66 0
0 64 64
120 64 0
0 60 66
120 60 0
0 57 67
120 57 0
0 54 69
120 54 0
0 52 71
120 52 0
0 48 73
120 48 0
0 45 74
120 45 0
0 42 76
120 42 0
0 40 78
120 40 0
240 47 73
120 47 0
0 52 68
120 52 0
0 57 68
120 57 0
0 56 68
120 56 0
0 59 73
120 59 0
0 64 67
120 64 0
0 69 67
120 69 0
0 68 68
120 68 0
0 71 72
120 71 0
0 76 73
120 76 0
0 81 76
120 81 0
0 80 71
120 80 0
0 83 71
120 83 0
0 88 71
120 88 0
0 93 71
120 93 0
0 92 71
120 92 0
0 88 77
120 88 0
0 83 71
120 83 0
0 81 71
120 81 0
0 80 71
120 80 0
0 76 71
120 76 0
0 71 71
120 71 0
0 69 71
120 69 0
0 68 72
120 68 0
0 64 73
120 64 0
0 59 75
120 59 0
0 57 77
120 57 0
0 56 78
120 56 0
0 52 80
120 52 0
0 47 81
120 47 0
0 45 82
120 45 0
0 44 84
120 44 0
0 40 86
120 40 0
0 35 88
120 35 0
1680 47 73
120 47 0
0 53 68
120 53 0
0 57 68
120 57 0
0 56 68
120 56 0
0 59 73
120 59 0
0 65 67
120 65 0
0 69 67
120 69 0
0 68 68
120 68 0
0 71 72
120 71 0
0 77 73
120 77 0
0 81 76
120 81 0
0 80 71
120 80 0
0 83 71
120 83 0
0 89 71
120 89 0
0 93 71
120 93 0
0 92 71
120 92 0
0 89 77
120 89 0
0 83 71
120 83 0
0 81 71
120 81 0
0 80 71
120 80 0
0 77 71
120 77 0
0 71 71
120 71 0
0 69 71
120 69 0
0 68 72
120 68 0
0 65 73
120 65 0
0 59 75
120 59 0
0 57 77
120 57 0
0 56 78
120 56 0
0 53 80
120 53 0
0 47 81
120 47 0
0 45 82
120 45 0
0 44 84
120 44 0
0 41 86
120 41 0
0 35 88
120 35 0
1680 70 66
120 70 0
0 68 67
120 68 0
0 71 68
120 71 0
0 77 69
120 77 0
0 82 71
120 82 0
0 80 72
120 80 0
0 83 73
120 83 0
0 89 74
120 89 0
0 94 75
120 94 0
0 92 77
120 92 0
0 82 80
120 82 0
0 88 74
120 88 0
0 92 77
120 92 0
0 91 81
120 91 0
0 88 80
120 88 0
0 82 78
120 82 0
0 80 76
120 80 0
0 79 76
120 79 0
0 76 76
120 76 0
0 70 76
120 70 0
0 68 74
120 68 0
0 67 73
120 67 0
0 57 73
120 57 0
0 63 73
120 63 0
0 68 74
120 68 0
0 66 75
120 66 0
0 69 76
120 69 0
0 75 76
120 75 0
0 80 77
120 80 0
0 78 76
120 78 0
0 81 79
120 81 0
0 87 81
120 87 0
0 92 84
120 92 0
0 90 86
120 90 0
0 80 88
120 80 0
0 85 87
120 85 0
0 90 87
120 90 0
0 89 85
120 89 0
0 85 83
120 85 0
0 80 82
120 80 0
0 78 80
120 78 0
0 77 78
120 77 0
0 73 76
120 73 0
0 68 74
120 68 0
0 66 72
120 66 0
0 65 71
120 65 0
0 60 71
120 60 0
0 66 71
120 66 0
0 71 71
120 71 0
0 69 71
120 69 0
0 72 71
120 72 0
0 78 71
120 78 0
0 83 69
120 83 0
0 81 71
120 81 0
0 84 73
120 84 0
0 90 75
120 90 0
0 95 76
120 95 0
0 93 78
120 93 0
0 83 80
120 83 0
0 89 82
120 89 0
0 93 82
120 93 0
0 92 80
120 92 0
0 89 79
120 89 0
0 83 78
120 83 0
0 81 77
120 81 0
0 80 76
120 80 0
0 77 75
120 77 0
0 71 74
120 71 0
0 69 73
120 69 0
0 68 72
120 68 0
0 58 71
120 58 0
0 64 71
120 64 0
0 69 71
120 69 0
0 67 71
120 67 0
0 70 71
120 70 0
0 76 71
120 76 0
0 81 69
120 81 0
0 79 71
120 79 0
0 82 73
120 82 0
0 88 75
120 88 0
0 93 76
120 93 0
0 91 78
120 91 0
0 81 80
120 81 0
0 86 82
120 86 0
0 91 82
120 91 0
0 90 80
120 90 0
0 86 79
120 86 0
0 81 78
120 81 0
0 79 76
120 79 0
0 78 75
120 78 0
0 74 73
120 74 0
0 69 71
120 69 0
0 67 70
120 67 0
0 66 68
120 66 0
0 62 66
0 67 66
0 74 66
240 74 0
0 67 0
0 62 0
0 73 58
120 73 0
0 74 55
120 74 0
0 77 58
80 77 0
0 75 58
80 75 0
0 74 55
80 74 0
0 74 67
240 86 66
0 78 66
240 86 0
0 84 64
240 84 0
0 78 0
0 79 70
0 82 70
240 82 0
0 79 0
0 74 0
0 73 59
120 73 0
0 74 55
120 74 0
0 77 59
80 77 0
0 75 59
80 75 0
0 74 55
80 74 0
0 74 69
240 70 65
0 82 65
240 82 0
0 70 0
0 69 62
0 81 62
240 81 0
0 69 0
0 67 69
0 79 69
240 79 0
0 67 0
0 74 0
0 73 59
120 73 0
0 74 55
120 74 0
0 77 59
80 77 0
0 75 59
80 75 0
0 74 55
80 74 0
0 74 70
240 86 65
0 78 65
240 86 0
0 84 65
240 84 0
0 78 0
0 79 69
0 82 69
240 82 0
0 79 0
0 74 0
0 66 58
120 66 0
0 67 53
120 67 0
0 70 58
80 70 0
0 68 58
80 68 0
0 67 55
80 67 0
0 67 70
240 79 63
0 74 63
240 79 0
0 77 63
240 77 0
0 74 0
0 72 71
0 75 71
240 75 0
0 72 0
0 67 0
0 78 57
120 78 0
0 79 57
120 79 0
0 82 57
80 82 0
0 80 57
80 80 0
0 79 54
80 79 0
0 79 71
240 91 63
0 83 63
240 91 0
0 89 63
240 89 0
0 83 0
0 84 71
0 87 71
240 87 0
0 84 0
0 79 0
0 78 59
120 78 0
0 79 56
120 79 0
0 82 59
80 82 0
0 80 59
80 80 0
0 79 55
80 79 0
0 79 70
240 75 64
0 87 64
240 87 0
0 75 0
0 74 64
0 86 64
240 86 0
0 74 0
0 79 0
0 79 70
0 72 70
0 84 70
240 84 0
0 72 0
0 79 0
0 66 59
120 66 0
0 67 55
120 67 0
0 70 59
80 70 0
0 68 59
80 68 0
0 67 56
80 67 0
0 67 71
240 79 56
0 71 56
240 79 0
0 77 55
240 77 0
0 71 0
0 72 60
0 75 60
240 75 0
0 72 0
0 67 0
0 62 53
120 62 0
0 63 53
120 63 0
0 67 53
80 67 0
0 65 53
80 65 0
0 63 50
80 63 0
0 63 61
240 75 58
0 67 58
240 75 0
0 73 56
240 73 0
0 67 0
0 68 63
0 71 63
240 71 0
0 68 0
0 63 0
0 74 54
120 74 0
0 75 51
120 75 0
0 78 54
80 78 0
0 76 54
80 76 0
0 75 51
80 75 0
0 75 62
240 87 58
0 82 58
240 87 0
0 85 59
240 85 0
0 82 0
0 80 67
0 83 67
240 83 0
0 80 0
0 75 0
0 74 59
120 74 0
0 75 56
120 75 0
0 78 59
80 78 0
0 76 59
80 76 0
0 75 55
73 75 0
7 75 68
240 71 63
0 83 63
240 83 0
0 71 0
0 70 63
0 82 63
240 82 0
0 70 0
0 75 0
0 75 69
0 68 69
0 80 69
240 80 0
0 68 0
0 75 0
0 74 60
120 74 0
0 75 56
120 75 0
0 78 60
80 78 0
0 76 60
80 76 0
0 75 56
71 75 0
9 75 74
240 87 65
0 82 65
240 87 0
0 85 65
240 85 0
0 82 0
0 80 76
0 83 76
240 83 0
0 80 0
0 75 0
0 74 66
120 74 0
0 75 61
120 75 0
0 78 66
80 78 0
0 76 66
80 76 0
0 75 61
74 75 0
6 75 82
240 71 73
0 83 73
240 83 0
0 71 0
0 70 73
0 82 73
240 82 0
0 70 0
0 75 0
0 76 87
0 68 73
0 80 87
240 80 0
0 68 0
0 76 0
420 80 70
60 80 0
0 92 95
240 92 0
0 90 81
120 90 0
0 88 76
120 88 0
0 83 79
120 83 0
0 80 72
120 80 0
0 78 76
120 78 0
0 76 71
120 76 0
0 71 74
120 71 0
0 68 68
120 68 0
0 66 71
120 66 0
0 64 66
120 64 0
0 59 69
240 59 0
480 75 55
120 75 0
0 76 52
120 76 0
0 78 50
120 78 0
0 80 44
120 80 0
0 81 45
120 81 0
0 83 42
120 83 0
0 84 40
240 84 0
480 84 50
120 84 0
0 83 46
120 83 0
0 81 47
120 81 0
0 80 43
120 80 0
0 78 44
120 78 0
0 76 42
120 76 0
0 75 41
240 75 0
420 80 81
60 80 0
0 92 115
960 92 0
0 90 81
120 90 0
0 88 73
120 88 0
0 83 79
120 83 0
0 80 73
120 80 0
0 78 76
120 78 0
0 76 70
120 76 0
0 71 74
120 71 0
0 68 69
120 68 0
0 66 71
120 66 0
0 64 70
120 64 0
0 59 69
240 59 0
480 77 57
120 77 0
0 78 55
120 78 0
0 80 53
120 80 0
0 81 52
120 81 0
0 83 50
120 83 0
0 85 48
120 85 0
0 86 46
240 86 0
480 86 56
120 86 0
0 85 54
120 85 0
0 83 53
120 83 0
0 81 52
120 81 0
0 80 51
120 80 0
0 78 50
120 78 0
0 77 48
240 77 0
480 79 66
120 79 0
0 80 65
120 80 0
0 82 64
120 82 0
0 83 63
120 83 0
0 85 62
120 85 0
0 87 61
120 87 0
0 88 60
240 88 0
480 88 65
120 88 0
0 87 64
120 87 0
0 85 62
120 85 0
0 83 61
120 83 0
0 82 59
120 82 0
0 80 58
120 80 0
0 79 56
240 79 0
480 81 71
120 81 0
0 82 72
120 82 0
0 84 73
120 84 0
0 85 75
120 85 0
0 87 76
120 87 0
0 89 77
120 89 0
0 90 78
120 90 0
0 99 78
120 99 0
0 90 77
120 90 0
0 89 76
120 89 0
0 87 75
120 87 0
0 85 75
120 85 0
0 84 71
120 84 0
0 85 72
120 85 0
0 86 73
120 86 0
0 87 74
120 87 0
0 88 76
120 88 0
0 89 77
120 89 0
0 90 78
120 90 0
0 99 79
120 99 0
0 90 80
120 90 0
0 89 82
120 89 0
0 87 83
120 87 0
0 85 84
120 85 0
0 84 85
120 84 0
120 101 93
120 101 0
0 100 83
120 100 0
0 99 81
120 99 0
0 96 78
120 96 0
0 93 76
240 93 0
240 77 90
120 77 0
0 76 82
120 76 0
0 75 80
120 75 0
0 72 78
120 72 0
0 69 76
240 69 0
240 53 90
120 53 0
0 52 84
120 52 0
0 51 82
120 51 0
0 48 80
120 48 0
240 85 89
0 73 89
240 73 0
0 85 0
0 76 74
120 76 0
0 77 71
120 77 0
0 80 74
80 80 0
0 78 74
80 78 0
0 77 71
70 77 0
10 77 89
240 77 0
0 88 81
0 76 81
240 76 0
0 88 0
0 77 81
0 89 81
240 89 0
0 77 0
0 70 89
0 82 89
240 82 0
0 70 0
0 72 73
120 72 0
0 73 71
120 73 0
0 77 73
80 77 0
0 75 73
80 75 0
0 73 69
70 73 0
10 73 89
240 73 0
0 84 81
0 72 81
240 72 0
0 84 0
0 73 81
0 85 81
240 85 0
0 73 0
0 66 89
0 78 89
240 78 0
0 66 0
0 69 73
120 69 0
0 70 69
120 70 0
0 73 73
80 73 0
0 72 73
80 72 0
0 70 69
70 70 0
10 70 89
240 70 0
0 81 81
0 69 81
240 69 0
0 81 0
0 70 81
0 82 81
240 82 0
0 70 0
0 63 89
0 75 89
240 75 0
0 63 0
0 65 74
120 65 0
0 66 70
120 66 0
0 70 74
80 70 0
0 68 74
80 68 0
0 66 71
70 66 0
10 66 89
240 74 85
0 77 85
240 77 0
0 74 0
0 75 85
0 78 85
240 78 0
0 75 0
0 66 0
0 65 84
0 72 84
0 75 84
0 77 84
240 77 0
0 65 0
0 72 0
0 75 0
0 64 68
120 64 0
0 65 66
120 65 0
0 68 68
80 66 68
20 68 0
60 65 66
20 66 0
50 65 0
10 53 59
15 58 59
15 61 59
15 65 59
195 65 0
0 53 0
0 58 0
0 61 0
0 87 73
0 75 73
240 75 0
0 87 0
0 85 73
0 73 73
240 73 0
0 85 0
0 72 68
15 77 69
15 81 72
15 84 77
195 84 0
0 72 0
0 77 0
0 81 0
0 64 68
120 64 0
0 65 66
120 65 0
0 68 69
80 66 69
20 68 0
60 65 67
20 66 0
50 65 0
10 53 60
15 58 60
15 61 60
15 65 60
195 65 0
0 53 0
0 58 0
0 61 0
0 84 74
0 72 74
240 72 0
0 84 0
0 70 74
0 82 74
240 82 0
0 70 0
0 69 69
15 72 70
15 77 74
15 81 76
195 81 0
0 69 0
0 72 0
0 77 0
0 64 65
120 64 0
0 65 60
120 65 0
0 68 65
80 66 65
20 68 0
60 65 61
20 66 0
50 65 0
10 53 56
15 58 56
15 61 56
15 65 56
195 65 0
0 53 0
0 58 0
0 61 0
0 87 78
0 75 78
240 75 0
0 87 0
0 73 78
0 85 78
240 85 0
0 73 0
0 72 74
15 77 75
15 81 77
15 84 80
195 84 0
0 72 0
0 77 0
0 81 0
0 64 70
120 64 0
0 65 67
120 65 0
0 68 70
80 66 70
20 68 0
60 65 68
20 66 0
50 65 0
10 53 62
15 58 62
15 61 62
15 65 62
195 65 0
0 53 0
0 58 0
0 61 0
0 84 77
0 72 77
240 72 0
0 84 0
0 70 77
0 82 77
240 82 0
0 70 0
0 69 73
15 72 74
15 77 77
15 81 81
195 81 0
0 69 0
0 72 0
0 77 0
0 64 67
120 64 0
0 65 64
120 65 0
0 68 67
80 66 67
20 68 0
60 65 64
20 66 0
50 65 0
10 65 80
240 65 0
0 85 77
0 73 77
240 73 0
0 85 0
0 72 78
0 84 78
240 84 0
0 72 0
0 69 74
15 72 75
15 77 78
15 81 83
195 81 0
0 69 0
0 72 0
0 77 0
0 59 70
120 59 0
0 60 66
120 60 0
0 63 70
80 61 70
20 63 0
60 60 66
20 61 0
50 60 0
10 60 80
240 60 0
0 70 78
240 70 0
0 69 75
240 69 0
0 69 65
15 72 67
15 77 71
15 81 71
195 81 0
0 69 0
0 72 0
0 77 0
0 64 70
120 64 0
0 65 67
120 65 0
0 68 70
80 66 70
20 68 0
60 65 66
20 66 0
50 65 0
10 65 80
240 65 0
0 85 77
0 73 77
240 73 0
0 85 0
0 72 77
0 84 77
240 84 0
0 72 0
0 69 65
15 72 66
15 77 70
15 81 76
195 81 0
0 69 0
0 72 0
0 77 0
0 59 69
120 59 0
0 60 67
120 60 0
0 63 69
80 61 69
20 63 0
60 60 66
20 61 0
50 60 0
10 60 78
240 60 0
0 70 77
240 70 0
0 69 74
240 69 0
0 69 62
15 72 63
15 77 65
15 81 69
195 81 0
0 69 0
0 72 0
0 77 0
0 59 64
120 59 0
0 60 59
120 60 0
0 63 64
80 61 64
20 63 0
60 60 60
20 61 0
50 60 0
10 60 72
240 60 0
0 70 71
240 70 0
0 69 69
240 69 0
0 69 58
15 72 59
15 77 61
15 81 63
195 81 0
0 69 0
0 72 0
0 77 0
0 59 59
120 59 0
0 60 56
120 60 0
0 63 59
80 61 59
20 63 0
60 60 55
20 61 0
50 60 0
10 60 67
240 60 0
0 70 67
240 70 0
0 69 64
240 69 0
0 69 54
15 72 54
15 77 56
15 81 58
195 81 0
0 69 0
0 72 0
0 77 0
0 47 53
120 48 51
30 47 0
90 51 53
30 48 0
50 49 53
20 51 0
60 48 49
20 49 0
50 48 0
10 48 59
240 48 0
0 58 56
120 58 0
120 57 58
120 57 0
120 53 62
240 53 0
0 47 46
120 48 43
30 47 0
90 51 46
30 48 0
50 49 46
20 51 0
60 48 42
20 49 0
50 48 0
10 48 51
240 48 0
0 58 52
120 58 0
120 57 52
120 57 0
120 53 56
240 53 0
1440 47 47
120 48 44
30 47 0
90 51 47
30 48 0
50 49 47
20 51 0
60 48 44
20 49 0
50 48 0
10 48 55
120 48 0
120 58 52
120 58 0
120 57 49
120 57 0
120 53 55
240 53 0
720 46 46
240 46 0
0 45 45
240 45 0
0 41 46
720 41 0
480 57 29
80 57 0
0 58 31
80 58 0
0 61 33
80 61 0
0 65 37
120 65 0
360 57 29
80 57 0
0 58 31
80 58 0
0 61 32
80 61 0
0 65 43
1440 65 0
0 58 100
120 58 0
600 94 92
0 90 92
0 82 78
1440 82 0
0 90 0
0 94 0
0 75 51
0 84 61
0 87 61
360 87 0
0 84 0
0 75 0
0 77 57
0 84 68
0 89 68
120 89 0
0 84 0
0 77 0
0 78 60
0 84 71
0 90 71
240 90 0
0 84 0
0 78 0
0 77 57
0 85 68
0 89 68
240 89 0
0 85 0
0 77 0
240 57 27
80 57 0
0 58 29
80 58 0
0 61 30
80 61 0
0 65 35
120 65 0
360 57 27
80 57 0
0 58 29
80 58 0
0 61 30
80 61 0
0 65 39
1440 65 0
0 56 100
120 56 0
600 92 90
0 89 90
0 80 76
1440 80 0
0 89 0
0 92 0
0 75 51
0 84 60
0 87 60
360 87 0
0 84 0
0 75 0
0 77 55
0 84 65
0 89 65
120 89 0
0 84 0
0 77 0
0 78 59
0 84 70
0 90 70
240 90 0
0 84 0
0 78 0
0 77 56
0 85 67
0 89 67
240 89 0
0 85 0
0 77 0
480 69 81
0 77 81
480 77 0
0 69 0
240 57 81
0 65 81
480 65 0
0 57 0
480 57 27
80 57 0
0 58 29
80 58 0
0 61 30
80 61 0
0 65 34
120 65 0
360 57 29
80 57 0
0 58 30
80 58 0
0 61 31
80 61 0
0 65 39
1440 65 0
0 58 100
120 58 0
600 82 78
0 90 92
0 94 92
1080 94 0
0 90 0
0 82 0
0 87 58
0 84 58
0 75 49
120 75 0
0 84 0
0 87 0
0 87 58
0 84 58
0 75 49
240 75 0
0 84 0
0 87 0
0 75 51
0 84 61
0 87 61
360 87 0
0 84 0
0 75 0
0 84 68
0 89 68
0 77 57
120 77 0
0 89 0
0 84 0
0 84 71
0 78 60
0 90 71
240 90 0
0 78 0
0 84 0
0 85 68
0 77 57
0 89 68
240 89 0
0 77 0
0 85 0
240 57 29
80 57 0
0 58 30
80 58 0
0 61 32
80 61 0
0 65 37
120 65 0
360 57 29
80 57 0
0 58 30
80 58 0
0 61 32
80 61 0
0 65 39
1440 65 0
0 48 100
120 48 0
600 84 76
0 92 90
0 96 90
1440 96 0
0 92 0
0 84 0
0 91 60
0 88 60
0 79 51
360 79 0
0 88 0
0 91 0
0 80 55
0 88 65
0 92 65
120 92 0
0 88 0
0 80 0
0 82 59
0 88 70
0 94 70
240 94 0
0 88 0
0 82 0
0 92 67
0 89 67
0 80 56
240 80 0
0 89 0
0 92 0
480 72 81
0 80 81
0 68 68
0 77 81
480 77 0
0 72 0
0 80 0
0 68 0
240 60 81
0 68 81
0 56 68
0 65 81
480 65 0
0 60 0
0 68 0
0 56 0
1680 41 94
720 41 0
0 38 50
80 39 51
10 38 0
70 41 51
10 39 0
70 39 52
10 41 0
70 39 0
0 41 53
80 39 55
10 41 0
67 41 56
13 39 0
70 39 56
7 41 0
73 41 57
10 39 0
70 39 58
10 41 0
50 41 59
10 39 0
50 39 60
10 41 0
50 41 61
10 39 0
47 39 62
13 41 0
47 39 0
3 41 62
60 39 62
10 41 0
50 41 63
10 39 0
50 39 64
10 41 0
70 38 73
10 39 0
70 39 73
10 38 0
70 101 97
10 39 0
950 101 0
0 99 68
120 99 0
0 97 62
120 97 0
0 92 65
120 92 0
0 89 60
120 89 0
0 87 62
120 87 0
0 85 57
120 85 0
0 80 58
120 80 0
0 77 52
120 77 0
0 75 55
120 75 0
0 73 51
120 73 0
0 68 52
240 68 0
480 72 55
120 72 0
0 73 52
120 73 0
0 75 50
120 75 0
0 77 47
120 77 0
0 78 45
113 80 42
7 78 0
113 80 0
7 81 40
120 81 0
600 81 50
120 81 0
0 80 49
120 80 0
0 79 47
120 79 0
0 78 46
120 78 0
0 77 44
120 77 0
0 76 42
120 76 0
0 75 41
120 75 0
600 101 97
960 101 0
0 99 68
120 99 0
0 97 61
120 97 0
0 92 65
120 92 0
0 89 59
120 89 0
0 87 62
120 87 0
0 85 57
120 85 0
0 80 58
120 80 0
0 77 57
120 77 0
0 75 55
120 75 0
0 73 51
120 73 0
0 68 52
240 68 0
480 72 42
120 72 0
0 73 41
120 73 0
0 75 41
120 75 0
0 77 40
120 77 0
0 78 39
113 80 38
7 78 0
113 80 0
7 81 37
120 81 0
600 81 42
120 81 0
0 80 41
120 80 0
0 79 40
120 79 0
0 78 39
120 78 0
0 77 37
120 77 0
0 76 36
120 76 0
0 75 35
240 75 0
480 71 40
0 77 59
960 77 0
0 75 53
360 75 0
0 73 52
110 73 0
10 71 0
0 71 38
0 73 56
720 73 0
0 71 0
0 70 56
0 78 56
720 70 0
0 71 50
480 78 0
0 77 52
230 77 0
10 77 51
240 77 0
0 75 50
240 75 0
0 73 49
240 73 0
0 71 0
0 70 44
0 73 44
0 82 56
720 82 0
0 73 0
0 70 0
0 68 44
0 73 44
0 82 62
480 82 0
0 82 64
180 67 44
60 67 0
0 68 0
0 73 0
0 82 0
0 73 45
0 82 68
480 82 0
0 75 57
240 75 0
0 75 57
240 75 0
0 77 51
60 77 0
0 79 51
60 79 0
0 77 56
240 77 0
0 75 56
110 75 0
10 73 0
0 73 49
0 75 59
720 75 0
0 73 0
0 72 53
0 80 64
720 72 0
0 73 55
240 80 0
0 79 60
240 79 0
0 77 59
240 77 0
0 79 60
240 79 0
0 77 59
360 77 0
0 75 56
120 75 0
0 73 0
0 72 56
0 84 56
720 84 0
0 84 64
480 84 0
0 84 63
230 84 0
10 72 0
0 84 68
960 84 0
0 82 63
360 82 0
0 80 63
110 80 0
10 80 63
720 80 0
0 85 75
720 85 0
0 85 82
480 85 0
0 84 78
230 84 0
10 84 75
240 84 0
0 82 71
360 82 0
0 80 63
120 80 0
0 89 80
720 89 0
0 89 77
480 89 0
0 89 81
230 89 0
10 89 85
720 89 0
0 87 72
240 87 0
0 85 71
240 85 0
0 82 70
240 82 0
0 84 75
720 84 0
0 82 71
240 82 0
0 80 68
240 80 0
0 77 63
240 77 0
0 82 69
240 82 0
0 80 64
240 80 0
0 78 61
230 78 0
10 78 55
60 78 0
0 80 55
60 80 0
0 78 63
120 78 0
0 77 58
360 77 0
0 76 59
110 76 0
10 76 59
720 76 0
0 77 63
480 77 0
0 80 57
240 80 0
0 68 57
60 80 57
420 68 0
0 72 63
240 80 0
0 84 63
240 84 0
0 72 0
0 70 63
0 82 63
360 82 0
0 70 0
0 68 63
0 80 63
110 80 0
0 68 0
10 68 63
0 80 63
720 68 0
0 73 75
0 85 75
720 85 0
0 73 0
0 80 0
0 78 60
0 80 60
0 73 75
0 85 75
360 85 0
0 73 0
0 75 71
0 84 71
120 84 0
0 78 0
0 80 0
0 75 0
0 80 60
0 78 60
0 72 78
0 84 78
240 84 0
0 80 0
0 78 0
0 72 0
0 80 60
0 78 60
0 72 75
0 84 75
360 84 0
0 80 0
0 78 0
0 72 0
0 70 71
0 82 71
120 82 0
0 70 0
0 78 60
0 68 63
0 80 63
240 80 0
0 68 0
0 78 0
0 80 80
0 77 68
0 89 80
720 89 0
0 77 0
0 80 0
0 77 65
0 80 77
0 89 77
480 89 0
0 80 0
0 77 0
0 77 66
0 80 78
0 89 78
240 89 0
0 80 0
0 77 0
0 77 69
0 80 82
0 89 82
720 89 0
0 80 0
0 77 0
0 78 67
0 75 56
0 87 67
240 87 0
0 75 0
0 78 0
0 73 55
0 78 65
0 85 65
360 85 0
0 78 0
0 73 0
0 70 54
0 78 64
0 82 64
120 82 0
0 78 0
0 70 0
0 72 52
0 80 62
0 84 62
720 84 0
0 80 0
0 72 0
0 70 54
0 78 64
0 82 64
240 82 0
0 78 0
0 70 0
0 68 57
0 77 68
0 80 68
240 80 0
0 77 0
0 68 0
0 70 61
0 77 72
0 82 72
240 82 0
0 77 0
0 70 0
0 77 77
0 71 65
0 83 77
480 83 0
0 71 0
0 77 0
0 77 75
0 70 63
0 82 75
240 82 0
0 70 0
0 77 0
0 71 66
0 77 78
0 83 78
1200 83 0
0 77 0
0 71 0
0 70 64
0 77 76
0 82 76
240 82 0
0 77 0
0 70 0
0 71 68
0 77 81
0 83 81
240 83 0
0 77 0
0 71 0
0 70 66
0 77 78
0 82 78
240 82 0
0 77 0
0 70 0
0 71 66
0 77 78
0 83 78
240 83 0
0 77 0
0 71 0
0 71 68
0 78 81
0 83 81
480 83 0
0 78 0
0 71 0
0 70 69
0 78 82
0 82 82
240 82 0
0 78 0
0 70 0
0 73 74
0 79 88
0 85 88
1200 85 0
0 79 0
0 73 0
0 72 69
0 79 82
0 84 82
240 84 0
0 79 0
0 72 0
0 73 73
0 79 86
0 85 86
240 85 0
0 79 0
0 73 0
0 72 68
0 79 81
0 84 81
240 84 0
0 79 0
0 72 0
0 73 72
0 79 85
0 85 85
240 85 0
0 79 0
0 73 0
0 73 74
0 80 88
0 85 88
480 85 0
0 80 0
0 73 0
0 72 77
0 80 91
0 84 91
240 84 0
0 80 0
0 72 0
0 81 90
0 75 76
0 87 90
480 87 0
0 75 0
0 81 0
0 87 88
0 81 88
0 75 74
240 75 0
0 81 0
0 87 0
0 87 92
0 80 92
0 75 78
480 75 0
0 80 0
0 87 0
0 86 88
0 80 88
0 74 74
240 74 0
0 80 0
0 86 0
0 89 99
0 83 99
0 77 84
480 77 0
0 83 0
0 89 0
0 89 95
0 83 95
0 77 80
240 77 0
0 83 0
0 89 0
0 89 96
0 82 96
0 77 81
480 77 0
0 82 0
0 89 0
0 88 96
0 82 96
0 76 81
240 76 0
0 82 0
0 88 0
0 91 101
0 85 101
0 79 85
480 79 0
0 85 0
0 91 0
0 91 98
0 85 98
0 79 83
240 79 0
0 85 0
0 91 0
0 91 98
0 84 98
0 79 83
480 79 0
0 84 0
0 91 0
0 92 94
0 84 94
0 80 79
240 80 0
0 84 0
0 92 0
0 93 110
0 84 110
0 81 93
480 81 0
0 84 0
0 93 0
0 84 94
0 78 94
0 72 79
240 72 0
0 78 0
0 84 0
0 85 109
0 77 109
0 73 92
180 73 0
0 77 0
0 85 0
540 65 97
120 65 0
0 73 75
120 73 0
0 80 79
120 80 0
0 77 83
120 77 0
0 85 87
120 85 0
0 94 91
120 94 0
0 84 96
0 92 96
240 92 0
0 84 0
480 66 97
120 66 0
0 72 75
120 72 0
0 80 80
120 80 0
0 78 84
120 78 0
0 84 88
120 84 0
0 92 93
120 92 0
0 85 97
0 89 97
240 89 0
0 85 0
480 65 97
120 65 0
0 73 75
120 73 0
0 80 79
120 80 0
0 77 83
120 77 0
0 85 87
120 85 0
0 94 91
120 94 0
0 84 96
0 92 96
240 92 0
0 84 0
480 66 97
120 66 0
0 72 75
120 72 0
0 80 80
120 80 0
0 78 84
120 78 0
0 84 88
120 84 0
0 92 93
60 92 0
0 85 100
60 85 0
0 97 113
240 97 0
0 95 111
120 95 0
0 93 103
120 93 0
0 88 107
120 88 0
0 85 98
120 85 0
0 83 102
120 83 0
0 81 94
120 81 0
0 76 98
120 76 0
0 73 91
120 73 0
0 71 94
120 71 0
0 69 85
120 69 0
0 64 90
120 64 0
0 61 82
120 61 0
0 59 85
120 59 0
0 57 77
120 57 0
0 52 81
240 52 0
0 53 93
0 65 93
480 65 0
0 53 0
0 52 87
0 64 87
180 64 0
0 52 0
0 85 100
60 85 0
0 97 113
240 97 0
0 95 111
120 95 0
0 93 103
120 93 0
0 88 107
120 88 0
0 85 98
120 85 0
0 83 102
120 83 0
0 81 96
120 81 0
0 76 98
120 76 0
0 73 91
120 73 0
0 71 94
120 71 0
0 69 87
120 69 0
0 64 90
120 64 0
0 61 82
120 61 0
0 59 85
120 59 0
0 57 78
120 57 0
0 52 81
240 52 0
0 53 93
0 65 93
480 65 0
0 53 0
0 52 87
0 64 87
240 64 0
0 52 0
0 53 87
0 65 87
180 65 0
0 53 0
60 53 43
120 53 0
0 57 45
120 57 0
0 61 46
120 61 0
0 65 48
120 65 0
0 73 54
0 77 54
240 77 0
0 73 0
0 53 43
120 53 0
0 57 44
120 57 0
0 61 45
120 61 0
0 65 46
120 65 0
0 73 54
0 77 54
240 77 0
0 73 0
0 53 46
120 53 0
0 58 46
120 58 0
0 61 47
120 61 0
0 65 47
120 65 0
0 73 54
0 77 54
240 77 0
0 73 0
0 53 45
120 53 0
0 58 46
120 58 0
0 62 47
120 62 0
0 65 49
120 65 0
0 74 55
0 77 55
240 77 0
0 74 0
0 54 46
120 54 0
0 58 47
120 58 0
0 62 48
120 62 0
0 66 49
120 66 0
0 74 57
0 78 57
240 78 0
0 74 0
0 54 47
120 54 0
0 58 48
120 58 0
0 63 49
120 63 0
0 66 51
120 66 0
0 75 57
0 78 57
240 78 0
0 75 0
0 55 47
120 55 0
0 61 48
120 61 0
0 64 50
120 64 0
0 67 51
120 67 0
0 76 60
0 79 60
240 79 0
0 76 0
0 68 56
120 68 0
0 73 60
120 73 0
0 77 63
120 77 0
0 80 67
120 92 77
0 89 77
0 85 77
240 85 0
0 80 0
0 92 0
0 89 0
240 60 63
80 60 0
0 61 64
80 61 0
0 65 66
80 65 0
0 68 68
240 68 0
240 59 62
80 59 0
0 60 63
80 60 0
0 65 65
80 65 0
0 68 67
240 68 0
240 57 62
80 57 0
0 58 64
80 58 0
0 65 66
80 65 0
0 68 68
240 68 0
480 56 86
240 56 0
480 92 90
0 89 90
0 80 90
960 80 0
0 89 0
0 92 0
0 80 77
0 87 77
0 92 77
240 92 0
0 87 0
0 80 0
0 80 77
0 89 77
0 92 77
240 92 0
0 89 0
0 80 0
0 80 75
0 87 75
0 92 75
240 92 0
0 87 0
0 80 0
0 80 80
0 89 80
0 92 80
240 92 0
0 89 0
0 80 0
0 80 79
0 92 79
0 87 79
240 87 0
0 92 0
0 80 0
0 92 90
0 89 90
0 85 90
0 80 90
180 80 0
0 92 0
0 89 0
0 85 0
300 60 63
80 60 0
0 61 64
80 61 0
0 65 66
80 65 0
0 68 68
240 68 0
240 59 62
80 59 0
0 60 63
80 60 0
0 65 65
80 65 0
0 68 67
240 68 0
240 57 62
80 57 0
0 58 64
80 58 0
0 65 66
80 65 0
0 68 68
240 68 0
480 56 86
240 56 0
480 92 90
0 89 90
0 80 90
960 80 0
0 89 0
0 92 0
0 80 74
0 87 74
0 92 74
240 92 0
0 87 0
0 80 0
0 80 71
0 89 71
0 92 71
240 92 0
0 89 0
0 80 0
0 80 68
0 87 68
0 92 68
240 92 0
0 87 0
0 80 0
0 80 66
0 89 66
0 92 66
240 92 0
0 89 0
0 80 0
0 80 63
0 92 63
0 87 63
240 87 0
0 92 0
0 80 0
0 89 59
0 92 59
0 80 59
480 89 0
0 87 59
240 87 0
0 80 0
0 92 0
0 89 58
0 93 58
0 81 58
480 89 0
0 87 58
240 87 0
0 81 0
0 93 0
0 89 60
0 81 60
0 93 60
480 89 0
0 87 58
240 87 0
0 93 0
0 81 0
0 90 62
0 82 62
0 94 62
480 90 0
0 88 63
240 88 0
0 94 0
0 82 0
0 90 64
0 82 64
0 94 64
480 90 0
0 88 70
240 88 0
0 94 0
0 82 0
0 91 74
0 83 74
0 95 74
480 91 0
0 89 73
240 89 0
0 95 0
0 83 0
0 91 78
0 83 78
0 95 78
480 91 0
0 89 78
240 89 0
0 95 0
0 83 0
0 92 84
0 96 84
0 84 84
480 92 0
0 90 86
240 90 0
0 84 0
0 96 0
0 101 101
240 101 0
0 99 100
120 99 0
0 97 96
120 97 0
0 92 98
120 92 0
0 89 93
120 89 0
0 87 95
120 87 0
0 85 89
120 85 0
0 80 92
120 80 0
0 77 86
120 77 0
0 75 89
120 75 0
0 73 83
120 73 0
0 68 86
120 68 0
0 65 81
120 65 0
0 63 83
120 63 0
0 61 79
120 61 0
0 56 80
240 56 0
0 65 64
0 57 88
0 69 88
480 69 0
0 57 0
0 56 83
0 68 83
240 68 0
0 56 0
0 65 0
0 101 100
240 101 0
0 99 99
120 99 0
0 97 92
120 97 0
0 92 96
120 92 0
0 89 91
120 89 0
0 87 93
120 87 0
0 85 88
120 85 0
0 80 90
120 80 0
0 77 86
120 77 0
0 75 87
120 75 0
0 73 81
120 73 0
0 68 84
120 68 0
0 65 79
120 65 0
0 63 82
120 63 0
0 61 76
120 61 0
0 56 79
240 56 0
0 65 82
0 57 82
0 69 82
480 69 0
0 57 0
0 56 77
0 68 77
240 68 0
0 56 0
0 65 0
0 56 70
0 65 70
0 68 70
240 68 0
0 65 0
0 56 0
480 57 82
0 69 82
480 69 0
0 57 0
0 56 77
0 68 77
240 68 0
0 56 0
0 56 71
0 65 71
0 68 71
240 68 0
0 65 0
0 56 0
480 57 83
0 69 83
480 69 0
0 57 0
0 56 77
0 68 77
240 68 0
0 56 0
0 56 74
0 65 74
0 68 74
240 68 0
0 65 0
0 56 0
480 57 86
0 69 86
480 69 0
0 57 0
0 56 81
0 68 81
240 68 0
0 56 0
0 57 71
0 65 71
0 69 71
180 69 0
0 65 0
0 57 0
60 56 73
0 65 73
0 68 73
180 68 0
0 65 0
0 56 0
60 57 74
0 65 74
0 69 74
180 69 0
0 65 0
0 57 0
60 56 76
0 65 76
0 68 76
180 68 0
0 65 0
0 56 0
60 57 77
0 65 77
0 69 77
180 69 0
0 65 0
0 57 0
60 56 79
0 65 79
0 68 79
180 68 0
0 65 0
0 56 0
60 57 89
0 65 89
0 69 89
180 69 0
0 65 0
0 57 0
540 60 85
0 64 85
0 70 100
0 72 100
240 72 0
0 60 0
0 64 0
0 70 0
480 69 85
0 72 100
0 81 100
0 77 100
240 77 0
0 69 0
0 72 0
0 81 0
480 66 85
0 68 85
0 72 100
0 75 100
0 78 100
0 80 100
240 80 0
0 68 0
0 72 0
0 66 0
0 78 0
0 75 0
480 65 85
0 68 85
0 73 100
0 77 100
720 77 0
0 65 0
0 68 0
0 73 0
720 53 85
0 56 85
0 61 101
0 65 101
720 65 0
0 53 0
0 56 0
0 61 0
600 61 73
0 68 87
0 73 87
120 73 0
0 68 0
0 61 0
0 101 123
720 101 0
1 46 41
479 45 27
1 46 0
79 45 0
0 46 28
80 46 0
0 49 29
80 49 0
0 53 33
120 53 0
360 45 26
80 45 0
0 46 27
80 46 0
0 49 29
80 49 0
0 53 32
120 53 0
1320 34 95
0 46 95
49 46 0
0 34 0
600 58 72
0 60 72
0 63 85
0 66 85
0 70 85
1440 70 0
0 63 0
0 58 0
0 60 0
0 66 0
0 58 47
0 60 47
0 63 56
0 66 56
0 70 56
360 70 0
0 63 0
0 58 0
0 60 0
0 66 0
0 58 51
0 60 51
0 63 61
0 66 61
0 70 61
120 70 0
0 63 0
0 58 0
0 60 0
0 66 0
0 58 56
0 60 56
0 63 66
0 66 66
0 70 66
240 70 0
0 63 0
0 58 0
0 60 0
0 66 0
0 58 52
0 61 52
0 65 62
0 70 62
240 70 0
0 58 0
0 61 0
0 65 0
240 45 27
80 45 0
0 46 28
80 46 0
0 49 30
80 49 0
0 53 33
120 53 0
360 45 26
80 45 0
0 46 28
80 46 0
0 49 30
80 49 0
0 53 34
120 53 0
1320 32 95
0 44 95
35 44 0
0 32 0
540 56 72
30 65 76
30 73 89
1440 73 0
0 65 0
0 56 0
0 56 49
0 63 58
0 66 58
0 68 58
360 68 0
0 56 0
0 63 0
0 66 0
0 56 53
0 63 63
0 66 63
0 68 63
120 68 0
0 56 0
0 63 0
0 66 0
0 56 57
0 63 68
0 66 68
0 68 68
240 68 0
0 56 0
0 63 0
0 66 0
0 68 65
0 61 55
0 65 65
240 65 0
0 61 0
0 68 0
480 65 77
0 60 77
0 53 65
373 53 0
0 60 0
0 65 0
240 41 65
0 48 77
0 53 77
480 53 0
0 48 0
0 41 0
237 29 79
0 41 94
1680 41 0
0 29 0
0 30 82
0 42 97
180 42 0
0 30 0
480 45 27
80 45 0
0 46 28
80 46 0
0 49 29
80 49 0
0 53 33
120 53 0
360 45 27
80 45 0
0 46 28
80 46 0
0 49 29
80 49 0
0 53 33
120 53 0
1320 46 95
0 34 95
35 34 0
0 46 0
600 63 85
0 58 72
0 60 72
0 70 85
0 66 85
1080 66 0
0 60 0
0 63 0
0 58 0
0 70 0
0 58 47
0 60 47
0 63 56
0 66 56
0 70 56
120 70 0
0 63 0
0 58 0
0 60 0
0 66 0
0 58 47
0 60 47
0 63 56
0 66 56
0 70 56
240 70 0
0 63 0
0 58 0
0 60 0
0 66 0
0 63 56
0 58 47
0 60 47
0 66 56
0 70 56
360 70 0
0 60 0
0 63 0
0 58 0
0 66 0
0 60 51
0 63 61
0 58 51
0 66 61
0 70 61
120 70 0
0 58 0
0 60 0
0 63 0
0 66 0
0 63 66
0 66 66
0 58 56
0 60 56
0 70 66
240 70 0
0 58 0
0 63 0
0 66 0
0 60 0
0 65 62
0 58 52
0 61 52
0 70 62
228 70 0
0 65 0
0 58 0
0 61 0
240 45 27
80 45 0
0 46 29
80 46 0
0 49 30
80 49 0
0 53 34
120 53 0
360 45 24
80 45 0
0 46 26
80 46 0
0 49 27
80 49 0
0 53 32
120 53 0
1320 24 95
0 36 95
14 36 0
0 24 0
600 68 89
0 72 89
0 65 63
0 60 63
1440 60 0
0 68 0
0 72 0
0 65 0
0 60 41
0 70 58
0 64 41
0 72 58
360 72 0
0 60 0
0 70 0
0 64 0
0 64 45
0 60 45
0 72 63
0 70 63
120 70 0
0 64 0
0 60 0
0 72 0
0 70 68
0 60 48
0 64 48
0 72 68
240 72 0
0 70 0
0 60 0
0 64 0
0 72 65
0 65 46
0 68 65
240 68 0
0 65 0
0 72 0
480 53 65
0 65 77
0 60 77
480 60 0
0 65 0
0 53 0
240 53 77
0 48 77
0 41 65
480 41 0
0 48 0
0 53 0
240 28 79
0 40 94
1680 40 0
0 28 0
0 29 82
0 41 97
180 41 0
0 29 0
1740 25 71
0 37 84
56 37 0
0 25 0
360 44 45
0 56 45
240 56 0
0 44 0
0 61 53
0 53 53
240 53 0
0 61 0
240 44 42
0 56 42
240 56 0
0 44 0
0 53 47
0 61 47
240 61 0
0 53 0
0 32 44
0 44 52
120 44 0
0 32 0
600 66 38
0 55 38
0 60 38
238 60 0
0 55 0
0 66 0
0 56 35
0 60 35
0 66 35
240 66 0
0 60 0
0 56 0
0 66 31
0 56 31
0 60 31
120 60 0
0 56 0
0 66 0
720 57 35
0 60 35
0 66 35
235 66 0
0 60 0
0 57 0
0 66 32
0 60 32
0 56 32
240 56 0
0 60 0
0 66 0
0 66 28
0 60 28
0 56 28
120 56 0
0 60 0
0 66 0
120 25 68
0 37 82
49 37 0
0 25 0
360 44 45
0 56 45
240 56 0
0 44 0
0 61 53
0 53 53
240 53 0
0 61 0
240 44 42
0 56 42
240 56 0
0 44 0
0 53 47
0 61 47
240 61 0
0 53 0
720 44 20
0 51 20
0 54 20
720 54 0
0 51 0
0 44 0
0 60 32
120 60 0
0 61 32
120 61 0
0 63 32
120 63 0
0 65 32
120 65 0
0 66 32
120 66 0
0 68 32
120 68 0
0 69 32
120 69 0
600 57 30
120 57 0
0 56 29
120 56 0
0 55 28
120 55 0
0 54 27
120 54 0
0 53 26
120 53 0
0 51 25
120 51 0
0 49 30
77 49 0
0 56 28
120 56 0
0 61 30
120 61 0
0 65 34
120 65 0
0 61 31
120 61 0
0 56 30
120 56 0
0 49 28
68 49 0
0 59 28
120 59 0
0 61 30
120 61 0
0 65 31
120 65 0
0 61 30
120 61 0
0 59 29
120 59 0
0 54 28
57 54 0
0 59 28
120 59 0
0 61 31
120 61 0
0 66 34
120 66 0
0 61 31
120 61 0
0 59 29
120 59 0
0 49 30
111 49 0
0 58 28
106 58 0
0 61 30
120 61 0
0 66 33
120 66 0
0 61 31
120 61 0
0 58 30
120 58 0
0 56 30
34 56 0
0 59 28
120 59 0
0 61 30
120 61 0
0 68 33
120 68 0
0 61 31
120 61 0
0 59 29
120 59 0
0 49 30
34 49 0
0 59 28
120 59 0
0 61 30
120 61 0
0 65 31
120 65 0
0 61 30
120 61 0
0 59 29
120 59 0
0 54 32
21 54 0
0 58 30
120 58 0
0 61 34
120 61 0
0 66 35
120 66 0
0 61 34
120 61 0
0 58 33
120 58 0
0 52 33
60 52 0
0 58 36
120 58 0
0 61 39
120 61 0
0 68 37
120 68 0
0 61 34
120 61 0
0 58 31
120 58 0
0 51 36
17 51 0
0 58 38
120 58 0
0 61 41
120 61 0
0 67 45
120 67 0
0 61 42
120 61 0
0 58 39
120 58 0
0 55 39
54 55 0
0 61 38
120 61 0
0 63 41
120 63 0
0 70 46
120 70 0
0 63 42
120 63 0
0 61 39
120 61 0
0 56 38
109 56 0
0 61 38
106 61 0
0 63 42
120 63 0
0 68 45
120 68 0
0 63 41
120 63 0
0 61 38
120 61 0
0 51 38
108 51 0
0 60 37
120 60 0
0 63 40
120 63 0
0 68 44
120 68 0
0 63 41
120 63 0
0 60 39
120 60 0
0 58 39
111 58 0
0 61 37
120 61 0
0 63 40
120 63 0
0 70 42
120 70 0
0 63 41
120 63 0
0 61 39
120 61 0
0 51 38
11 51 0
0 61 36
120 61 0
0 63 38
120 63 0
0 67 40
120 67 0
0 63 40
120 63 0
0 61 37
120 61 0
0 56 38
110 56 0
0 60 40
113 60 0
0 63 44
120 63 0
0 68 45
120 68 0
0 63 44
120 63 0
0 60 42
120 60 0
0 55 40
111 56 41
106 56 0
0 60 45
120 60 0
0 63 49
120 63 0
0 60 47
120 60 0
0 56 41
120 56 0
0 55 0
0 54 36
0 56 36
120 56 0
0 60 39
120 60 0
0 63 42
120 63 0
0 60 41
120 60 0
0 56 38
120 56 0
0 54 0
0 54 38
120 56 41
120 56 0
0 60 41
120 60 0
0 63 41
120 63 0
0 60 38
120 60 0
0 56 35
120 56 0
0 54 0
0 53 33
7 56 33
120 56 0
0 61 36
120 61 0
0 65 39
120 65 0
0 61 37
120 61 0
0 56 35
120 56 0
0 53 0
0 53 35
109 53 0
0 56 38
113 56 0
0 61 41
120 61 0
0 68 42
120 68 0
0 61 40
120 61 0
0 56 37
120 56 0
0 51 35
28 51 0
0 56 38
120 56 0
0 60 41
120 60 0
0 66 41
120 66 0
0 60 39
120 60 0
0 56 36
120 56 0
0 51 35
120 51 0
0 56 34
92 56 0
0 60 37
120 60 0
0 66 39
120 66 0
0 60 36
120 60 0
0 56 31
120 56 0
0 50 32
40 50 0
0 56 31
120 56 0
0 59 35
120 59 0
0 65 37
120 65 0
0 59 36
120 59 0
0 56 34
120 56 0
0 50 33
34 50 0
0 56 30
120 56 0
0 58 35
120 58 0
0 65 37
120 65 0
0 58 36
120 58 0
0 56 34
120 56 0
0 51 35
28 51 0
0 54 35
120 54 0
0 58 38
120 58 0
0 63 39
120 63 0
0 58 38
120 58 0
0 54 36
120 54 0
0 42 32
14 42 0
0 54 31
120 54 0
0 58 36
120 58 0
0 63 38
120 63 0
0 58 36
120 58 0
0 54 34
120 54 0
0 44 34
7 44 0
0 53 36
120 53 0
0 56 37
120 56 0
0 61 39
120 61 0
0 56 37
120 56 0
0 53 35
120 53 0
0 44 36
120 44 0
0 53 34
120 53 0
0 56 35
120 56 0
0 61 38
120 61 0
0 56 37
120 56 0
0 53 36
120 53 0
0 44 36
28 44 0
0 54 34
120 54 0
0 56 36
120 56 0
0 60 36
120 60 0
0 56 35
120 56 0
0 54 34
120 54 0
0 44 34
120 44 0
0 54 31
120 54 0
0 56 35
120 56 0
0 60 37
120 60 0
0 56 35
120 56 0
0 54 33
120 54 0
0 49 34
21 49 0
0 56 33
120 56 0
0 61 36
120 61 0
0 65 37
120 65 0
0 61 36
120 61 0
0 58 35
120 58 0
0 56 37
111 61 36
106 61 0
0 56 0
0 65 39
120 65 0
0 68 40
120 68 0
0 65 39
120 65 0
0 61 38
120 61 0
0 54 42
49 56 42
120 56 0
0 60 42
120 60 0
0 63 42
120 63 0
0 60 42
120 60 0
0 56 42
120 56 0
0 54 0
0 54 51
120 56 45
120 56 0
0 60 45
120 60 0
0 63 45
120 63 0
0 60 41
120 60 0
0 56 38
120 56 0
0 54 0
0 53 37
110 56 36
113 56 0
0 61 39
120 61 0
0 65 42
120 65 0
0 61 40
120 61 0
0 56 38
120 56 0
0 53 0
0 53 39
120 53 0
0 56 41
120 56 0
0 61 45
120 61 0
0 68 46
120 68 0
0 61 44
120 61 0
0 56 40
120 56 0
0 51 39
21 51 0
0 56 41
120 56 0
0 60 45
120 60 0
0 66 45
120 66 0
0 60 42
120 60 0
0 56 39
120 56 0
0 51 37
120 51 0
0 56 37
120 56 0
0 60 40
120 60 0
0 66 42
120 66 0
0 60 39
120 60 0
0 56 34
120 56 0
0 50 39
57 50 0
0 56 37
120 56 0
0 59 41
120 59 0
0 65 44
120 65 0
0 59 42
120 59 0
0 56 40
120 56 0
0 50 35
45 50 0
0 56 36
120 56 0
0 58 41
120 58 0
0 65 44
120 65 0
0 58 42
120 58 0
0 56 40
120 56 0
0 51 35
113 51 0
0 54 38
106 54 0
0 58 41
120 58 0
0 63 42
120 63 0
0 58 41
120 58 0
0 54 39
120 54 0
0 42 34
14 42 0
0 54 34
120 54 0
0 58 39
120 58 0
0 63 41
120 63 0
0 58 39
120 58 0
0 54 37
120 54 0
0 44 36
35 44 0
0 53 39
120 53 0
0 56 40
120 56 0
0 61 42
120 61 0
0 56 40
120 56 0
0 53 38
120 53 0
0 44 35
120 44 0
0 53 35
120 53 0
0 56 37
120 56 0
0 61 39
120 61 0
0 56 37
120 56 0
0 53 35
120 53 0
0 44 35
40 44 0
0 53 37
120 53 0
0 56 39
120 56 0
0 62 41
120 62 0
0 56 39
120 56 0
0 53 36
120 53 0
0 44 37
45 44 0
0 53 39
120 53 0
0 56 43
120 56 0
0 62 48
120 62 0
0 56 45
120 56 0
0 53 41
120 53 0
0 44 39
120 44 0
0 53 40
120 53 0
0 56 43
120 56 0
0 62 45
120 62 0
0 56 42
120 56 0
0 53 36
120 53 0
0 44 39
63 44 0
0 53 40
120 53 0
0 56 43
120 56 0
0 62 47
120 62 0
0 56 44
120 56 0
0 53 40
120 53 0
0 44 41
42 44 0
0 51 43
120 51 0
0 54 47
120 54 0
0 63 50
120 63 0
0 54 46
120 54 0
0 51 43
120 51 0
0 44 67
120 44 0
0 51 50
120 51 0
0 54 55
120 54 0
0 63 58
120 63 0
0 54 55
120 54 0
0 51 52
120 51 0
0 44 62
21 44 0
0 51 50
120 51 0
0 54 55
120 54 0
0 60 58
120 60 0
0 54 55
120 54 0
0 51 51
120 51 0
0 44 67
111 44 0
0 51 57
120 51 0
0 54 61
120 54 0
0 60 65
120 60 0
0 54 62
120 54 0
0 51 59
120 51 0
0 37 71
13 37 0
360 44 70
120 44 0
0 53 75
120 53 0
0 61 83
240 61 0
480 32 73
21 32 0
360 44 68
120 44 0
0 51 74
120 51 0
0 60 84
240 60 0
480 37 78
14 37 0
360 44 70
120 44 0
0 53 75
120 53 0
0 61 83
240 61 0
480 32 78
12 32 0
360 44 68
120 44 0
0 51 74
120 51 0
0 60 84
240 60 0
480 25 82
84 25 0
240 44 68
120 44 0
0 53 74
120 53 0
0 61 84
240 61 0
1920 25 86
0 37 102
120 37 0
0 25 0
600 61 86
0 73 102
720 73 0
0 61 0
480 45 27
80 45 0
0 46 28
80 46 0
0 49 29
80 49 0
0 53 34
120 53 0
360 45 26
80 45 0
0 46 27
80 46 0
0 49 29
80 49 0
0 53 34
120 53 0
1320 34 95
0 46 95
49 46 0
0 34 0
600 58 72
0 60 72
0 63 85
0 66 85
0 70 85
1440 70 0
0 63 0
0 58 0
0 60 0
0 66 0
0 58 47
0 60 47
0 63 56
0 66 56
0 70 56
360 70 0
0 63 0
0 58 0
0 60 0
0 66 0
0 58 51
0 60 51
0 63 61
0 66 61
0 70 61
120 70 0
0 63 0
0 58 0
0 60 0
0 66 0
0 58 56
0 60 56
0 63 66
0 66 66
0 70 66
240 70 0
0 63 0
0 58 0
0 60 0
0 66 0
0 58 52
0 61 52
0 65 62
0 70 62
232 70 0
0 58 0
0 61 0
0 65 0
240 45 27
80 45 0
0 46 28
80 46 0
0 49 30
80 49 0
0 53 35
120 53 0
360 45 26
80 45 0
0 46 28
80 46 0
0 49 30
80 49 0
0 53 34
120 53 0
1320 32 95
0 44 95
49 44 0
0 32 0
540 56 75
30 65 89
30 73 89
1440 73 0
0 65 0
0 56 0
0 56 44
0 63 52
0 66 52
0 68 52
96 68 0
0 56 0
0 63 0
0 66 0
0 66 52
0 63 52
0 56 44
0 68 52
144 68 0
0 66 0
0 63 0
0 56 0
0 68 54
0 66 54
0 63 54
0 56 45
144 56 0
0 68 0
0 66 0
0 63 0
0 68 61
0 66 61
0 63 61
0 56 51
144 56 0
0 68 0
0 66 0
0 63 0
0 68 58
0 66 58
0 63 58
0 56 49
144 56 0
0 68 0
0 66 0
0 63 0
0 68 58
0 61 49
0 65 58
225 65 0
0 61 0
0 68 0
0 65 77
0 60 77
0 53 77
480 53 0
0 60 0
0 65 0
240 41 77
0 48 77
0 53 77
480 53 0
0 48 0
0 41 0
240 29 79
0 41 94
1680 41 0
0 29 0
0 30 82
0 42 97
180 42 0
0 30 0
480 45 27
80 45 0
0 46 28
80 46 0
0 49 29
80 49 0
0 53 34
120 53 0
360 45 27
80 45 0
0 46 28
80 46 0
0 49 29
80 49 0
0 53 34
120 53 0
1320 46 95
0 34 95
56 34 0
0 46 0
600 63 85
0 58 72
0 60 72
0 70 85
0 66 85
1080 66 0
0 60 0
0 63 0
0 58 0
0 70 0
0 58 47
0 60 47
0 63 56
0 66 56
0 70 56
120 70 0
0 63 0
0 58 0
0 60 0
0 66 0
0 58 47
0 60 47
0 63 56
0 66 56
0 70 56
240 70 0
0 63 0
0 58 0
0 60 0
0 66 0
0 63 56
0 58 47
0 60 47
0 66 56
0 70 56
360 70 0
0 60 0
0 63 0
0 58 0
0 66 0
0 60 51
0 63 61
0 58 51
0 66 61
0 70 61
120 70 0
0 58 0
0 60 0
0 63 0
0 66 0
0 63 66
0 66 66
0 58 56
0 60 56
0 70 66
240 70 0
0 58 0
0 63 0
0 66 0
0 60 0
0 65 62
0 58 52
0 61 52
0 70 62
229 70 0
0 65 0
0 58 0
0 61 0
240 45 27
80 45 0
0 46 29
80 46 0
0 49 30
80 49 0
0 53 35
120 53 0
360 45 24
80 45 0
0 46 26
80 46 0
0 49 27
80 49 0
0 53 34
120 53 0
1320 24 95
0 36 95
35 36 0
0 24 0
600 68 89
0 72 89
0 65 89
0 60 75
1440 60 0
0 68 0
0 72 0
0 65 0
0 60 58
0 70 69
0 64 69
0 72 69
126 72 0
0 60 0
0 70 0
0 64 0
0 60 53
0 64 63
0 70 63
0 72 63
180 72 0
0 60 0
0 64 0
0 70 0
0 64 61
0 60 51
0 72 61
0 70 61
180 70 0
0 64 0
0 60 0
0 72 0
0 72 62
0 64 62
0 60 52
0 70 62
180 70 0
0 72 0
0 64 0
0 60 0
0 72 68
0 65 68
0 68 68
227 68 0
0 65 0
0 72 0
480 53 65
0 65 77
0 60 77
480 60 0
0 65 0
0 53 0
240 53 77
0 48 77
0 41 65
480 41 0
0 48 0
0 53 0
240 28 79
0 40 94
1440 40 0
0 28 0
0 29 94
720 29 0
0 26 45
80 27 45
10 26 0
70 29 45
10 27 0
70 27 46
10 29 0
70 29 47
10 27 0
70 27 49
10 29 0
70 29 50
10 27 0
70 27 51
10 29 0
70 29 51
10 27 0
70 27 52
10 29 0
50 29 53
10 27 0
50 27 53
10 29 0
50 29 54
10 27 0
50 29 0
0 27 55
60 27 0
0 29 55
60 29 0
0 27 56
60 27 0
0 29 56
60 29 0
0 27 59
80 26 73
10 27 0
70 27 73
10 26 0
0 25 74
0 37 88
10 27 0
110 37 0
0 25 0
353 44 45
0 56 45
240 56 0
0 44 0
0 61 53
0 53 53
240 53 0
0 61 0
240 44 42
0 56 42
240 56 0
0 44 0
0 53 47
0 61 47
240 61 0
0 53 0
0 32 52
0 44 52
120 44 0
0 32 0
600 66 38
0 55 38
0 60 38
231 60 0
0 55 0
0 66 0
0 56 35
0 60 35
0 66 35
240 66 0
0 60 0
0 56 0
0 66 31
0 56 31
0 60 31
120 60 0
0 56 0
0 66 0
840 57 35
0 60 35
0 66 35
240 66 0
0 60 0
0 57 0
0 66 32
0 60 32
0 56 32
240 56 0
0 60 0
0 66 0
0 66 28
0 60 28
0 56 28
120 56 0
0 60 0
0 66 0
120 25 74
0 37 88
63 37 0
0 25 0
360 44 45
0 56 45
240 56 0
0 44 0
0 61 53
0 53 53
240 53 0
0 61 0
240 44 42
0 56 42
240 56 0
0 44 0
0 53 47
0 61 47
240 61 0
0 53 0
709 44 25
0 51 25
0 54 25
720 54 0
0 51 0
0 44 0
0 60 32
120 60 0
0 61 32
120 61 0
0 63 32
120 63 0
0 65 32
120 65 0
0 66 32
120 66 0
0 68 32
120 68 0
0 69 32
120 69 0
600 57 30
120 57 0
0 56 29
120 56 0
0 55 28
120 55 0
0 54 27
120 54 0
0 53 26
120 53 0
0 51 25
120 51 0
0 49 27
63 49 0
0 56 28
120 56 0
0 61 30
120 61 0
0 65 34
120 65 0
0 61 31
120 61 0
0 56 30
120 56 0
0 49 29
51 49 0
0 59 28
120 59 0
0 61 30
120 61 0
0 65 31
120 65 0
0 61 30
120 61 0
0 59 29
120 59 0
0 54 28
39 54 0
0 59 28
120 59 0
0 61 31
120 61 0
0 66 34
120 66 0
0 61 31
120 61 0
0 59 29
120 59 0
0 49 29
35 49 0
0 58 28
120 58 0
0 61 30
120 61 0
0 66 33
120 66 0
0 61 31
120 61 0
0 58 30
120 58 0
0 56 28
68 56 0
0 59 28
120 59 0
0 61 30
120 61 0
0 68 33
120 68 0
0 61 31
120 61 0
0 59 29
120 59 0
0 49 29
11 49 0
0 59 28
120 59 0
0 61 30
120 61 0
0 65 31
120 65 0
0 61 30
120 61 0
0 59 29
120 59 0
0 54 29
110 54 0
0 58 30
113 58 0
0 61 34
120 61 0
0 66 35
120 66 0
0 61 34
120 61 0
0 58 33
120 58 0
0 52 35
68 52 0
0 58 36
120 58 0
0 61 39
120 61 0
0 68 37
120 68 0
0 61 34
120 61 0
0 58 31
120 58 0
0 51 36
28 51 0
0 58 38
120 58 0
0 61 41
120 61 0
0 67 45
120 67 0
0 61 42
120 61 0
0 58 39
120 58 0
0 55 36
74 55 0
0 61 38
120 61 0
0 63 41
120 63 0
0 70 46
120 70 0
0 63 42
120 63 0
0 61 39
120 61 0
0 56 37
14 56 0
0 61 38
120 61 0
0 63 42
120 63 0
0 68 45
120 68 0
0 63 41
120 63 0
0 61 38
120 61 0
0 51 36
14 51 0
0 60 37
120 60 0
0 63 40
120 63 0
0 68 44
120 68 0
0 63 41
120 63 0
0 60 39
120 60 0
0 58 36
111 58 0
0 61 37
106 61 0
0 63 40
120 63 0
0 70 42
120 70 0
0 63 41
120 63 0
0 61 39
120 61 0
0 51 37
34 51 0
0 61 36
120 61 0
0 63 38
120 63 0
0 67 40
120 67 0
0 63 40
120 63 0
0 61 37
120 61 0
0 56 50
110 56 0
0 60 40
99 60 0
0 63 44
120 63 0
0 68 45
120 68 0
0 63 44
120 63 0
0 60 42
120 60 0
0 55 39
35 56 41
120 56 0
0 60 45
120 60 0
0 63 49
120 63 0
0 60 47
120 60 0
0 56 41
120 56 0
0 55 0
0 54 38
107 56 36
106 56 0
0 60 39
120 60 0
0 63 42
120 63 0
0 60 41
120 60 0
0 56 38
120 56 0
0 54 0
0 54 47
120 56 41
120 56 0
0 60 41
120 60 0
0 63 41
120 63 0
0 60 38
120 60 0
0 56 35
120 56 0
0 54 0
0 53 34
7 56 33
120 56 0
0 61 36
120 61 0
0 65 39
120 65 0
0 61 37
120 61 0
0 56 35
120 56 0
0 53 0
0 53 36
120 53 0
0 56 38
120 56 0
0 61 41
120 61 0
0 68 42
120 68 0
0 61 40
120 61 0
0 56 37
120 56 0
0 51 35
28 51 0
0 56 38
120 56 0
0 60 41
120 60 0
0 66 41
120 66 0
0 60 39
120 60 0
0 56 36
120 56 0
0 51 34
120 51 0
0 56 34
120 56 0
0 60 37
120 60 0
0 66 39
120 66 0
0 60 36
120 60 0
0 56 31
120 56 0
0 50 31
45 50 0
0 56 31
120 56 0
0 59 35
120 59 0
0 65 37
120 65 0
0 59 36
120 59 0
0 56 34
120 56 0
0 50 34
51 50 0
0 56 30
120 56 0
0 58 35
120 58 0
0 65 37
120 65 0
0 58 36
120 58 0
0 56 34
120 56 0
0 51 34
42 51 0
0 54 35
120 54 0
0 58 38
120 58 0
0 63 39
120 63 0
0 58 38
120 58 0
0 54 36
120 54 0
0 42 34
21 42 0
0 54 31
120 54 0
0 58 36
120 58 0
0 63 38
120 63 0
0 58 36
120 58 0
0 54 34
120 54 0
0 44 35
14 44 0
0 53 36
120 53 0
0 56 37
120 56 0
0 61 39
120 61 0
0 56 37
120 56 0
0 53 35
120 53 0
0 44 33
120 44 0
0 53 34
120 53 0
0 56 35
120 56 0
0 61 38
120 61 0
0 56 37
120 56 0
0 53 36
120 53 0
0 44 39
14 44 0
0 54 34
120 54 0
0 56 36
120 56 0
0 60 36
120 60 0
0 56 35
120 56 0
0 54 34
120 54 0
0 44 31
60 44 0
0 54 31
120 54 0
0 56 35
120 56 0
0 60 37
120 60 0
0 56 35
120 56 0
0 54 33
120 54 0
0 49 33
42 49 0
0 56 33
120 56 0
0 61 36
120 61 0
0 65 37
120 65 0
0 61 36
120 61 0
0 58 35
120 58 0
0 56 36
108 56 0
0 61 36
106 61 0
0 65 39
120 65 0
0 68 40
120 68 0
0 65 39
120 65 0
0 61 38
120 61 0
0 54 38
63 56 42
120 56 0
0 60 42
120 60 0
0 63 42
120 63 0
0 60 42
120 60 0
0 56 42
120 56 0
0 54 0
0 54 41
120 56 45
120 56 0
0 60 45
120 60 0
0 63 45
120 63 0
0 60 41
120 60 0
0 56 38
120 56 0
0 54 0
0 53 37
21 56 36
120 56 0
0 61 39
120 61 0
0 65 42
120 65 0
0 61 40
120 61 0
0 56 38
120 56 0
0 53 0
0 53 39
120 53 0
0 56 41
120 56 0
0 61 45
120 61 0
0 68 46
120 68 0
0 61 44
120 61 0
0 56 40
120 56 0
0 51 39
14 51 0
0 56 41
120 56 0
0 60 45
120 60 0
0 66 45
120 66 0
0 60 42
120 60 0
0 56 39
120 56 0
0 51 38
120 51 0
0 56 37
120 56 0
0 60 40
120 60 0
0 66 42
120 66 0
0 60 39
120 60 0
0 56 34
120 56 0
0 50 35
51 50 0
0 56 37
120 56 0
0 59 41
120 59 0
0 65 44
120 65 0
0 59 42
120 59 0
0 56 40
120 56 0
0 50 35
40 50 0
0 56 36
120 56 0
0 58 41
120 58 0
0 65 44
120 65 0
0 58 42
120 58 0
0 56 40
120 56 0
0 51 37
7 51 0
0 54 38
120 54 0
0 58 41
120 58 0
0 63 42
120 63 0
0 58 41
120 58 0
0 54 39
120 54 0
0 42 37
21 42 0
0 54 34
120 54 0
0 58 39
120 58 0
0 63 41
120 63 0
0 58 39
120 58 0
0 54 37
120 54 0
0 44 37
108 44 0
0 53 39
120 53 0
0 56 40
120 56 0
0 61 42
120 61 0
0 56 40
120 56 0
0 53 38
120 53 0
0 44 35
120 44 0
0 53 35
120 53 0
0 56 37
120 56 0
0 61 39
120 61 0
0 56 37
120 56 0
0 53 35
120 53 0
0 44 38
108 44 0
0 53 37
108 53 0
0 56 39
120 56 0
0 62 41
120 62 0
0 56 39
120 56 0
0 53 36
120 53 0
0 44 40
34 44 0
0 53 39
120 53 0
0 56 43
120 56 0
0 62 48
120 62 0
0 56 45
120 56 0
0 53 41
120 53 0
0 44 40
120 44 0
0 53 40
120 53 0
0 56 43
120 56 0
0 62 45
120 62 0
0 56 42
120 56 0
0 53 36
120 53 0
0 44 52
51 44 0
0 53 40
120 53 0
0 56 43
120 56 0
0 62 47
120 62 0
0 56 44
120 56 0
0 53 40
120 53 0
0 44 54
14 44 0
0 51 43
120 51 0
0 54 47
120 54 0
0 63 50
120 63 0
0 54 46
120 54 0
0 51 43
120 51 0
0 44 67
120 44 0
0 51 50
120 51 0
0 54 55
120 54 0
0 63 58
120 63 0
0 54 55
120 54 0
0 51 52
120 51 0
0 44 62
14 44 0
0 51 50
120 51 0
0 54 55
120 54 0
0 60 58
120 60 0
0 54 55
120 54 0
0 51 51
120 51 0
0 44 67
42 44 0
0 51 57
120 51 0
0 54 61
120 54 0
0 60 65
120 60 0
0 54 62
120 54 0
0 51 59
120 51 0
0 37 71
28 37 0
360 44 70
120 44 0
0 53 75
120 53 0
0 61 83
240 61 0
480 32 87
14 32 0
360 44 68
120 44 0
0 51 74
120 51 0
0 60 84
240 60 0
480 37 87
14 37 0
360 44 70
120 44 0
0 53 75
120 53 0
0 61 83
240 61 0
480 32 87
106 32 0
360 44 68
120 44 0
0 51 74
120 51 0
0 60 84
240 60 0
480 25 82
92 25 0
240 44 68
120 44 0
0 53 74
120 53 0
0 61 84
240 61 0
1920 25 96
0 37 96
120 37 0
0 25 0
600 61 86
0 73 102
720 73 0
0 61 0
1440 33 40
0 45 40
720 33 0
0 38 36
2160 38 0
0 45 0
0 33 40
0 45 40
720 33 0
0 38 36
2160 38 0
0 45 0
0 40 34
0 50 34
1200 50 0
0 40 0
0 45 30
0 49 30
240 49 0
0 52 26
1440 52 0
0 45 0
480 52 32
0 55 32
0 58 32
240 58 0
0 55 0
0 52 0
0 50 38
0 54 38
0 59 38
240 59 0
0 54 0
0 50 0
240 54 32
0 57 32
0 62 32
240 62 0
0 57 0
0 54 0
0 53 36
0 56 36
0 61 36
480 61 0
0 56 0
0 53 0
0 52 31
0 55 31
0 58 31
240 58 0
0 55 0
0 52 0
0 50 37
0 54 37
0 59 37
240 59 0
0 54 0
0 50 0
240 54 32
0 57 32
0 62 32
240 62 0
0 57 0
0 54 0
0 49 29
30 56 29
30 65 29
180 65 0
0 56 0
0 49 0
480 37 25
120 37 0
501 33 40
0 45 40
720 33 0
0 38 36
2160 38 0
0 45 0
0 33 40
0 45 40
720 33 0
0 38 36
2880 38 0
0 45 0
0 40 34
0 52 34
720 52 0
0 50 34
480 50 0
0 40 0
0 45 30
0 49 30
240 49 0
0 45 0
0 45 26
0 52 26
1440 52 0
0 45 0
3360 59 26
0 62 26
0 65 26
240 65 0
0 62 0
0 59 0
0 57 31
0 61 31
0 66 31
240 66 0
0 61 0
0 57 0
240 61 28
0 64 28
0 69 28
240 69 0
0 64 0
0 61 0
0 60 31
0 63 31
0 68 31
480 68 0
0 63 0
0 60 0
0 59 27
0 62 27
0 65 27
240 65 0
0 62 0
0 59 0
0 57 31
0 61 31
0 66 31
240 66 0
0 61 0
0 57 0
240 61 25
0 64 25
0 69 25
240 69 0
0 64 0
0 61 0
0 56 24
0 63 24
0 72 24
103 72 0
0 63 0
0 56 0
480 44 24
240 44 0
565 49 33
240 64 30
240 64 0
0 56 30
240 49 0
0 51 33
0 54 33
240 56 0
0 60 32
240 60 0
0 56 32
240 54 0
0 51 0
0 52 33
240 56 0
0 61 32
240 61 0
0 56 32
240 52 0
0 48 33
240 56 0
0 63 31
240 63 0
0 56 31
240 48 0
0 49 33
240 56 0
0 64 33
240 64 0
0 56 31
240 49 0
0 51 33
0 54 33
240 56 0
0 60 31
240 60 0
0 56 31
240 54 0
0 51 0
0 52 33
240 56 0
0 61 31
240 61 0
0 56 31
240 56 0
0 52 0
0 59 31
0 53 33
240 59 0
0 68 31
240 68 0
0 61 31
240 53 0
0 54 36
0 57 36
240 61 0
0 66 31
240 66 0
0 61 31
240 57 0
0 54 0
0 56 33
0 59 33
240 61 0
0 65 31
240 65 0
0 61 31
240 59 0
0 56 0
0 57 33
240 61 0
0 66 27
240 66 0
0 61 27
240 57 0
0 53 30
240 61 0
0 68 31
240 68 0
0 61 31
240 53 0
0 54 33
0 57 33
240 61 0
0 69 31
240 69 0
0 61 31
240 57 0
0 54 0
0 56 33
0 59 33
240 61 0
0 65 31
240 65 0
0 61 31
240 59 0
0 56 0
0 57 33
240 61 0
0 66 31
240 66 0
0 61 31
240 61 0
0 57 0
0 45 31
63 45 0
120 61 28
240 61 0
0 54 28
240 54 0
0 44 30
0 51 30
123 44 0
0 60 27
240 60 0
0 54 27
240 54 0
0 51 0
0 52 31
230 61 33
240 61 0
0 56 33
240 56 0
0 52 0
0 44 38
0 54 38
184 44 0
0 60 32
240 60 0
0 56 32
240 54 0
0 52 37
234 56 0
0 61 31
240 61 0
0 56 31
240 56 0
0 52 0
0 44 36
0 51 36
186 44 0
0 60 34
240 60 0
0 56 34
240 51 0
0 52 38
227 56 0
0 61 31
240 61 0
0 56 31
240 56 0
0 52 0
0 47 33
187 54 29
240 57 29
240 63 33
465 63 0
0 47 0
0 54 0
0 57 0
0 52 32
106 64 29
0 59 29
240 59 0
0 64 0
0 56 30
240 56 0
0 52 0
0 51 35
176 64 30
0 59 30
240 59 0
0 64 0
0 56 32
240 56 0
0 51 0
0 52 32
148 52 0
0 64 30
0 59 30
240 59 0
0 64 0
0 56 30
240 56 0
0 47 32
628 47 0
0 45 36
115 45 0
99 64 31
0 61 31
240 61 0
0 64 0
0 54 31
240 54 0
0 42 40
120 42 0
120 64 35
0 61 35
240 61 0
0 64 0
0 54 35
240 54 0
0 47 38
40 47 0
120 59 34
0 63 34
240 54 31
240 54 0
0 56 38
205 56 0
0 54 40
240 54 0
0 56 48
240 56 0
0 63 0
0 59 0
0 52 35
183 64 31
0 59 31
240 59 0
0 64 0
0 56 33
240 56 0
0 52 0
0 51 38
99 64 33
0 59 33
240 59 0
0 64 0
0 56 35
240 56 0
0 51 0
0 52 35
127 52 0
0 64 33
0 59 33
240 59 0
0 64 0
0 56 33
240 56 0
0 47 35
712 47 0
0 45 36
49 45 0
120 64 31
0 61 31
240 61 0
0 64 0
0 54 31
240 54 0
0 42 40
120 42 0
120 64 35
0 61 35
240 61 0
0 64 0
0 54 35
240 54 0
0 47 42
28 47 0
120 59 36
0 63 36
240 54 36
240 54 0
0 56 38
234 56 0
0 54 40
240 54 0
0 56 45
240 56 0
0 63 0
0 59 0
0 52 49
162 64 44
0 59 44
240 59 0
0 64 0
0 56 44
240 56 0
0 52 0
0 47 67
120 47 0
120 64 74
0 59 74
240 59 0
0 64 0
0 56 74
240 56 0
0 45 70
0 57 70
165 57 0
0 45 0
0 48 77
0 60 77
480 60 0
0 48 0
720 40 66
183 52 52
240 52 0
0 47 52
240 47 0
0 40 0
0 35 68
84 35 0
120 52 68
240 52 0
0 47 68
240 47 0
0 33 75
0 45 75
160 45 0
0 33 0
0 36 86
0 48 86
480 48 0
0 36 0
720 28 98
162 28 0
1200 68 80
0 59 80
0 52 80
240 52 0
0 59 0
0 68 0
0 28 96
720 28 0
720 33 50
0 45 50
720 33 0
0 38 44
2160 38 0
0 45 0
0 33 50
0 45 50
720 33 0
0 38 44
2880 38 0
0 45 0
0 40 41
0 52 41
720 52 0
0 50 39
480 50 0
0 40 0
0 45 36
0 49 36
240 49 0
0 52 32
1440 52 0
0 45 0
480 52 32
0 55 32
0 58 32
240 58 0
0 55 0
0 52 0
0 50 38
0 54 38
0 59 38
240 59 0
0 54 0
0 50 0
240 54 32
0 57 32
0 62 32
240 62 0
0 57 0
0 54 0
0 53 36
0 56 36
0 61 36
480 61 0
0 56 0
0 53 0
0 52 31
0 55 31
0 58 31
240 58 0
0 55 0
0 52 0
0 50 37
0 54 37
0 59 37
240 59 0
0 54 0
0 50 0
240 54 32
0 57 32
0 62 32
240 62 0
0 57 0
0 54 0
0 49 29
30 56 29
30 65 29
159 65 0
0 56 0
0 49 0
480 37 25
120 37 0
501 45 34
720 38 30
2160 38 0
0 45 0
0 33 34
0 45 34
720 33 0
0 38 30
2880 38 0
0 45 0
0 40 28
0 52 28
720 52 0
0 50 28
480 50 0
0 40 0
0 45 25
0 49 25
240 49 0
0 52 22
1440 52 0
0 45 0
3360 59 26
0 62 26
0 65 26
240 65 0
0 62 0
0 59 0
0 57 31
0 61 31
0 66 31
240 66 0
0 61 0
0 57 0
240 61 28
0 64 28
0 69 28
240 69 0
0 64 0
0 61 0
0 60 31
0 63 31
0 68 31
480 68 0
0 63 0
0 60 0
0 59 27
0 62 27
0 65 27
240 65 0
0 62 0
0 59 0
0 57 31
0 61 31
0 66 31
240 66 0
0 61 0
0 57 0
240 61 25
0 64 25
0 69 25
240 69 0
0 64 0
0 61 0
0 56 24
0 63 24
0 72 24
57 72 0
0 63 0
0 56 0
480 44 24
240 44 0
565 49 33
240 64 30
240 64 0
0 56 30
240 49 0
0 51 33
0 54 33
240 56 0
0 60 32
240 60 0
0 56 32
240 54 0
0 51 0
0 52 33
240 56 0
0 61 32
240 61 0
0 56 32
240 52 0
0 48 33
240 56 0
0 63 31
240 63 0
0 56 31
240 48 0
0 49 33
240 56 0
0 64 33
240 64 0
0 56 31
240 49 0
0 51 33
0 54 33
240 56 0
0 60 31
240 60 0
0 56 31
240 54 0
0 51 0
0 52 33
240 56 0
0 61 31
240 61 0
0 56 31
240 56 0
0 52 0
0 59 31
0 53 33
240 59 0
0 68 31
240 68 0
0 61 31
240 53 0
0 54 36
0 57 36
240 61 0
0 66 31
240 66 0
0 61 31
240 57 0
0 54 0
0 56 33
0 59 33
240 61 0
0 65 31
240 65 0
0 61 31
240 59 0
0 56 0
0 57 33
240 61 0
0 66 27
240 66 0
0 61 27
240 57 0
0 53 30
240 61 0
0 68 31
240 68 0
0 61 31
240 53 0
0 54 33
0 57 33
240 61 0
0 69 31
240 69 0
0 61 31
240 57 0
0 54 0
0 56 33
0 59 33
240 61 0
0 65 31
240 65 0
0 61 31
240 59 0
0 56 0
0 57 33
240 61 0
0 66 31
240 66 0
0 61 31
240 61 0
0 57 0
0 45 31
63 45 0
120 61 28
240 61 0
0 54 28
240 54 0
0 44 30
0 51 30
162 44 0
0 60 27
240 60 0
0 54 27
240 54 0
0 51 0
0 52 31
240 61 33
227 61 0
0 56 33
240 56 0
0 52 0
0 44 38
0 54 38
144 44 0
0 60 32
240 60 0
0 56 32
240 54 0
0 52 37
240 56 0
0 61 31
240 61 0
0 56 31
240 56 0
0 52 0
0 44 36
0 51 36
163 44 0
0 60 34
240 60 0
0 56 34
240 51 0
0 52 38
227 56 0
0 61 31
240 61 0
0 56 31
240 56 0
0 52 0
0 47 33
197 54 29
240 57 29
240 63 33
467 63 0
0 47 0
0 54 0
0 57 0
0 52 32
141 64 29
0 59 29
240 59 0
0 64 0
0 56 30
240 56 0
0 52 0
0 51 35
134 64 30
0 59 30
240 59 0
0 64 0
0 56 32
240 56 0
0 51 0
0 52 32
106 52 0
0 64 30
0 59 30
240 59 0
0 64 0
0 56 30
240 56 0
0 47 32
713 47 0
0 45 36
114 45 0
92 64 31
0 61 31
240 61 0
0 64 0
0 54 31
240 54 0
0 42 40
120 42 0
120 64 35
0 61 35
240 61 0
0 64 0
0 54 35
240 54 0
0 47 38
23 47 0
120 59 34
0 63 34
240 54 31
240 54 0
0 56 38
234 56 0
0 54 40
240 54 0
0 56 48
240 56 0
0 63 0
0 59 0
0 52 35
183 64 31
0 59 31
240 59 0
0 64 0
0 56 33
240 56 0
0 52 0
0 51 38
162 64 33
0 59 33
240 59 0
0 64 0
0 56 35
240 56 0
0 51 0
0 52 35
113 52 0
0 64 33
0 59 33
240 59 0
0 64 0
0 56 33
240 56 0
0 47 35
635 47 0
0 45 36
111 45 0
113 64 31
0 61 31
240 61 0
0 64 0
0 54 31
240 54 0
0 42 40
120 42 0
120 64 35
0 61 35
240 61 0
0 64 0
0 54 35
240 54 0
0 47 42
112 47 0
114 59 36
0 63 36
240 54 36
240 54 0
0 56 38
228 56 0
0 54 40
240 54 0
0 56 45
240 56 0
0 63 0
0 59 0
0 52 49
169 64 44
0 59 44
240 59 0
0 64 0
0 56 44
240 56 0
0 52 0
0 47 62
120 47 0
120 64 67
0 59 67
240 59 0
0 64 0
0 56 67
240 56 0
0 45 70
0 57 70
165 57 0
0 45 0
0 48 77
0 60 77
480 60 0
0 48 0
720 40 66
148 52 52
240 52 0
0 47 52
240 47 0
0 40 0
0 35 68
35 35 0
120 52 66
240 52 0
0 47 66
240 47 0
0 33 75
0 45 75
160 45 0
0 33 0
0 36 86
0 48 86
480 48 0
0 36 0
720 28 104
120 28 0
1200 68 80
0 59 80
0 52 80
240 52 0
0 59 0
0 68 0
2640 28 96
706 28 0
720 38 98
0 26 83
171 26 0
0 38 0
1200 56 80
0 65 80
0 59 80
0 50 68
240 50 0
0 56 0
0 65 0
0 59 0
0 26 96
1440 26 0
0 25 86
0 37 102
240 37 0
0 25 0
480 44 84
0 56 84
240 56 0
0 44 0
0 51 90
0 63 90
240 63 0
0 51 0
0 49 84
0 61 84
240 61 0
0 49 0
0 49 95
0 61 95
411 61 0
0 49 0
240 37 90
0 49 90
120 49 0
0 37 0
600 25 90
0 37 90
137 37 0
0 25 0
0 42 82
0 54 82
240 54 0
0 42 0
0 51 87
0 63 87
240 63 0
0 51 0
0 49 82
0 61 82
240 61 0
0 49 0
0 49 93
0 61 93
120 61 0
0 49 0
120 31 71
0 43 71
240 43 0
0 31 0
0 32 71
0 44 71
240 44 0
0 32 0
0 32 71
0 44 71
240 44 0
0 32 0
0 39 75
0 51 75
240 51 0
0 39 0
0 37 74
0 49 74
240 49 0
0 37 0
0 38 93
0 50 93
172 50 0
0 38 0
0 45 81
0 57 81
240 57 0
0 45 0
0 64 86
0 52 86
240 52 0
0 64 0
0 50 79
0 62 79
240 62 0
0 50 0
0 50 93
0 62 93
440 62 0
0 50 0
240 38 97
0 50 97
120 50 0
0 38 0
0 38 93
0 26 79
154 26 0
0 38 0
0 43 81
0 55 81
240 55 0
0 43 0
0 64 86
0 52 86
240 52 0
0 64 0
0 50 79
0 62 79
240 62 0
0 50 0
0 50 86
0 62 86
120 62 0
0 50 0
120 37 71
0 49 71
240 49 0
0 37 0
0 38 71
0 50 71
240 50 0
0 38 0
0 38 77
0 50 77
120 50 0
0 38 0
120 35 70
0 47 70
240 47 0
0 35 0
0 36 71
0 48 71
240 48 0
0 36 0
0 34 84
0 46 84
120 46 0
0 34 0
0 62 56
240 62 0
0 50 56
0 55 56
234 55 0
0 50 0
0 45 68
125 45 0
0 62 56
240 62 0
0 50 56
0 57 56
240 57 0
0 50 0
0 43 66
185 43 0
0 62 56
240 62 0
0 50 56
0 58 56
232 58 0
0 50 0
0 48 65
103 62 56
240 62 0
0 54 56
0 57 56
225 57 0
0 54 0
0 48 0
0 46 65
171 46 0
0 62 56
240 62 0
0 50 56
0 55 56
226 55 0
0 50 0
0 45 66
148 45 0
0 62 56
240 62 0
0 50 56
0 57 56
240 57 0
0 50 0
0 43 65
185 43 0
0 62 56
240 62 0
0 55 56
233 55 0
0 47 64
171 47 0
0 62 56
240 62 0
0 55 56
240 55 0
0 48 65
148 48 0
0 63 56
240 63 0
0 55 56
231 55 0
0 50 65
171 50 0
0 65 54
240 65 0
0 55 54
0 59 54
240 59 0
0 55 0
0 51 66
148 51 0
0 67 54
240 67 0
0 55 54
0 60 54
230 60 0
0 55 0
0 53 64
183 67 54
240 67 0
0 55 54
0 59 54
226 59 0
0 55 0
0 53 0
0 51 63
203 63 52
240 63 0
0 55 52
0 60 52
229 60 0
0 55 0
0 51 0
0 50 58
148 62 51
240 62 0
0 55 51
240 55 0
0 50 0
0 48 57
143 60 49
240 60 0
0 51 49
0 55 49
230 55 0
0 51 0
0 48 0
0 46 55
183 61 50
240 61 0
0 51 50
0 55 50
240 55 0
0 51 0
0 46 0
0 44 56
145 44 0
0 59 50
240 59 0
0 51 50
0 56 50
231 56 0
0 51 0
0 43 57
125 43 0
0 63 52
240 63 0
0 51 52
0 58 52
240 58 0
0 51 0
0 44 59
140 44 0
0 63 53
240 63 0
0 51 53
0 56 53
0 59 53
231 59 0
0 56 0
0 51 0
0 46 64
148 46 0
0 63 54
240 63 0
0 51 54
0 55 54
0 61 54
240 61 0
0 55 0
0 51 0
0 47 66
145 47 0
0 63 57
240 63 0
0 51 57
0 56 57
0 59 57
230 59 0
0 56 0
0 51 0
0 43 68
68 43 0
0 63 60
240 63 0
0 51 60
0 58 60
240 58 0
0 51 0
0 44 70
157 44 0
0 63 60
240 63 0
0 51 60
0 56 60
0 59 60
232 59 0
0 56 0
0 51 0
0 46 72
205 46 0
0 63 67
240 63 0
0 51 72
0 55 72
0 61 72
231 61 0
0 55 0
0 51 0
0 35 86
0 47 86
120 47 0
0 35 0
360 64 50
0 56 50
240 56 0
0 64 0
0 71 62
0 59 62
134 59 0
0 71 0
240 56 51
0 64 51
240 64 0
0 56 0
0 59 61
0 71 61
240 71 0
0 59 0
0 35 40
0 47 40
120 47 0
0 35 0
600 63 38
0 66 38
0 57 38
0 60 38
228 60 0
0 63 0
0 66 0
0 57 0
0 60 44
0 57 44
0 63 44
0 68 44
240 68 0
0 60 0
0 57 0
0 63 0
0 63 42
0 66 42
0 57 42
0 60 42
240 60 0
0 63 0
0 66 0
0 57 0
0 66 39
0 63 39
0 60 39
0 57 39
71 57 0
0 66 0
0 63 0
0 60 0
600 35 53
0 47 53
231 47 0
0 35 0
0 45 49
0 33 49
240 33 0
0 45 0
0 36 53
0 48 53
240 48 0
0 36 0
0 35 52
0 47 52
28 47 0
0 35 0
120 64 45
0 56 45
240 56 0
0 64 0
0 64 45
0 56 45
240 56 0
0 64 0
0 71 51
0 59 51
360 59 0
0 71 0
0 64 45
0 56 45
120 56 0
0 64 0
0 56 45
0 64 45
240 64 0
0 56 0
0 59 52
0 71 52
240 71 0
0 59 0
712 38 40
0 50 40
85 50 0
0 38 0
600 66 38
0 68 38
0 59 38
50 59 0
0 68 0
0 66 0
0 59 44
0 66 44
0 69 44
240 69 0
0 66 0
0 59 0
0 66 42
0 68 42
0 59 42
240 59 0
0 68 0
0 66 0
0 68 39
0 65 39
0 59 39
45 59 0
0 65 0
0 68 0
600 38 53
0 50 53
103 50 0
0 38 0
0 48 53
0 36 53
240 36 0
0 48 0
0 37 53
0 49 53
125 49 0
0 37 0
0 40 47
0 52 47
68 52 0
0 40 0
600 68 48
0 70 48
0 61 48
116 61 0
0 70 0
0 68 0
0 61 53
0 68 53
0 71 53
240 71 0
0 68 0
0 61 0
0 68 51
0 70 51
0 61 51
240 61 0
0 70 0
0 68 0
0 70 49
0 67 49
0 61 49
45 61 0
0 67 0
0 70 0
600 40 58
0 52 58
114 52 0
0 40 0
0 50 58
0 38 58
240 38 0
0 50 0
0 39 58
0 51 58
137 51 0
0 39 0
0 42 55
0 54 55
51 54 0
0 42 0
360 60 49
0 63 49
0 69 49
240 69 0
0 63 0
0 60 0
0 63 54
0 69 54
0 75 54
240 75 0
0 69 0
0 63 0
240 60 52
0 63 52
0 69 52
240 69 0
0 63 0
0 60 0
0 63 56
0 69 56
0 75 56
240 75 0
0 69 0
0 63 0
240 54 70
0 66 70
228 66 0
0 54 0
12 54 70
0 66 70
228 66 0
0 54 0
12 54 70
0 66 70
228 66 0
0 54 0
12 54 70
0 66 70
228 66 0
0 54 0
12 53 73
0 60 73
0 63 73
0 69 73
240 69 0
0 53 0
0 60 0
0 63 0
0 89 89
120 89 0
0 88 81
120 88 0
0 87 79
120 87 0
0 84 78
120 84 0
0 81 76
240 81 0
240 65 88
120 65 0
0 64 81
120 64 0
0 63 79
120 63 0
0 60 77
120 60 0
0 57 75
240 57 0
240 41 117
240 41 0
0 34 100
0 46 100
194 46 0
0 34 0
0 70 58
0 58 58
240 58 0
0 70 0
0 65 58
0 61 58
240 61 0
0 65 0
0 44 81
0 56 81
45 56 0
0 44 0
0 68 58
0 56 58
240 56 0
0 68 0
0 65 58
0 60 58
137 60 0
0 65 0
0 42 81
0 54 81
152 54 0
0 42 0
0 66 58
0 54 58
240 54 0
0 66 0
0 61 58
0 58 58
240 58 0
0 61 0
0 41 80
0 53 80
80 53 0
0 41 0
0 65 56
0 53 56
240 53 0
0 65 0
0 61 56
0 56 56
120 56 0
0 61 0
0 39 81
0 51 81
144 51 0
0 39 0
0 63 56
0 51 56
240 51 0
0 63 0
0 58 56
0 54 56
240 54 0
0 58 0
0 37 81
0 49 81
114 49 0
0 37 0
0 61 62
0 49 62
240 49 0
0 61 0
0 53 61
0 58 61
114 58 0
0 53 0
0 36 81
0 48 81
113 48 0
0 36 0
0 60 57
0 48 57
240 48 0
0 60 0
0 51 57
0 54 57
240 54 0
0 51 0
0 34 80
0 46 80
125 46 0
0 34 0
0 58 58
0 46 58
240 51 58
0 54 58
137 54 0
0 58 0
0 46 0
0 51 0
0 48 76
0 45 76
0 53 76
0 57 76
160 57 0
0 48 0
0 45 0
0 53 0
0 52 64
120 52 0
0 53 61
120 53 0
0 56 64
14 54 64
20 56 0
60 53 61
20 54 0
50 53 0
10 34 57
19 46 57
148 46 0
0 34 0
0 63 71
0 51 71
240 51 0
0 63 0
0 49 72
0 61 72
173 61 0
0 49 0
0 41 74
8 48 74
15 57 74
131 57 0
0 48 0
0 41 0
0 52 62
120 52 0
0 53 59
120 53 0
0 56 62
45 54 62
20 56 0
60 53 58
20 54 0
50 53 0
0 34 54
30 46 54
152 46 0
0 34 0
0 60 69
0 48 69
240 48 0
0 60 0
0 46 69
0 58 69
162 58 0
0 46 0
0 41 75
6 48 75
15 57 75
148 57 0
0 48 0
0 41 0
0 52 61
120 52 0
0 53 58
120 53 0
0 56 61
40 54 61
20 56 0
60 53 57
20 54 0
50 53 0
10 34 55
5 46 55
144 46 0
0 34 0
0 63 74
0 51 74
240 51 0
0 63 0
0 49 73
0 61 73
183 61 0
0 49 0
0 41 75
15 48 75
15 57 74
157 57 0
0 48 0
0 41 0
0 52 67
120 52 0
0 53 63
120 53 0
0 56 67
25 54 67
20 56 0
60 53 62
20 54 0
50 53 0
10 34 60
23 46 60
148 46 0
0 34 0
0 60 74
0 48 74
240 48 0
0 60 0
0 46 74
0 58 74
152 58 0
0 46 0
0 41 75
15 48 75
4 57 74
165 57 0
0 48 0
0 41 0
0 52 63
120 52 0
0 53 60
120 53 0
0 56 63
20 54 63
20 56 0
60 53 60
20 54 0
50 53 0
0 53 74
120 53 0
0 61 71
240 61 0
0 60 73
146 60 0
0 41 76
0 48 76
15 57 76
152 57 0
0 48 0
0 41 0
0 47 67
120 47 0
0 48 64
120 48 0
0 51 67
20 49 67
20 51 0
60 48 64
20 49 0
50 48 0
0 36 74
0 48 74
91 48 0
0 36 0
0 58 73
240 58 0
0 57 70
125 57 0
0 41 69
6 48 69
15 57 69
191 57 0
0 48 0
0 41 0
0 52 66
120 52 0
0 53 63
120 53 0
0 56 66
40 54 66
20 56 0
60 53 63
20 54 0
50 53 0
0 53 74
120 53 0
0 61 74
240 61 0
0 60 71
93 60 0
0 41 68
15 48 68
15 57 68
166 57 0
0 48 0
0 41 0
0 47 66
120 47 0
0 48 64
120 48 0
0 51 66
30 49 66
20 51 0
60 48 63
20 49 0
50 48 0
0 36 75
0 48 75
68 48 0
0 36 0
0 58 69
240 58 0
0 57 71
148 57 0
0 41 59
10 48 59
15 57 59
155 57 0
0 48 0
0 41 0
0 47 61
120 47 0
0 48 57
120 48 0
0 51 61
23 49 61
20 51 0
60 48 57
20 49 0
50 48 0
0 36 69
0 48 69
60 48 0
0 36 0
0 58 67
240 58 0
0 57 65
137 57 0
0 41 62
1 48 62
15 57 62
180 57 0
0 48 0
0 41 0
0 47 56
120 47 0
0 48 53
120 48 0
0 51 57
20 49 57
20 51 0
60 48 54
20 49 0
50 48 0
0 36 65
0 48 65
45 48 0
0 36 0
0 58 60
240 58 0
0 57 60
226 57 0
0 41 56
15 48 56
15 53 56
210 53 0
0 48 0
0 41 0
0 35 48
120 36 44
30 35 0
90 39 48
30 36 0
50 37 48
20 39 0
60 36 45
20 37 0
50 36 0
10 36 55
240 36 0
0 46 55
120 46 0
120 45 53
120 45 0
120 41 56
240 41 0
0 35 43
120 36 40
30 35 0
90 39 43
30 36 0
50 37 43
20 39 0
60 36 40
20 37 0
50 36 0
10 36 46
240 36 0
0 46 49
120 46 0
120 45 49
120 45 0
120 41 52
240 41 0
1440 35 44
120 36 41
30 35 0
90 39 44
30 36 0
50 37 44
20 39 0
60 36 41
20 37 0
50 36 0
10 36 52
120 36 0
120 46 49
120 46 0
120 45 46
120 45 0
120 41 52
240 41 0
720 34 43
240 34 0
0 33 43
240 33 0
0 29 43
720 29 0
480 45 27
80 45 0
0 46 28
80 46 0
0 49 29
80 49 0
0 53 33
120 53 0
360 45 26
80 45 0
0 46 27
80 46 0
0 49 29
80 49 0
0 53 38
1440 53 0
0 34 95
0 46 95
70 46 0
0 34 0
600 58 72
0 60 72
0 63 85
0 66 85
0 70 85
1440 70 0
0 63 0
0 58 0
0 60 0
0 66 0
0 58 47
0 60 47
0 63 56
0 66 56
0 70 56
360 70 0
0 63 0
0 58 0
0 60 0
0 66 0
0 58 51
0 60 51
0 63 61
0 66 61
0 70 61
120 70 0
0 63 0
0 58 0
0 60 0
0 66 0
0 58 56
0 60 56
0 63 66
0 66 66
0 70 66
240 70 0
0 63 0
0 58 0
0 60 0
0 66 0
0 58 52
0 61 52
0 65 62
0 70 62
240 70 0
0 58 0
0 61 0
0 65 0
240 45 27
80 45 0
0 46 28
80 46 0
0 49 30
80 49 0
0 53 33
120 53 0
360 45 26
80 45 0
0 46 28
80 46 0
0 49 30
80 49 0
0 53 37
1440 53 0
0 32 95
0 44 95
70 44 0
0 32 0
540 56 75
30 65 89
30 73 89
1440 73 0
0 65 0
0 56 0
0 56 49
0 63 58
0 66 58
0 68 58
360 68 0
0 56 0
0 63 0
0 66 0
0 56 53
0 63 63
0 66 63
0 68 63
120 68 0
0 56 0
0 63 0
0 66 0
0 56 57
0 63 68
0 66 68
0 68 68
240 68 0
0 56 0
0 63 0
0 66 0
0 68 65
0 61 55
0 65 65
235 65 0
0 61 0
0 68 0
0 65 77
0 60 77
0 53 65
480 53 0
0 60 0
0 65 0
240 41 65
0 48 77
0 53 77
480 53 0
0 48 0
0 41 0
240 29 79
0 41 94
1680 41 0
0 29 0
0 30 82
0 42 97
180 42 0
0 30 0
480 45 27
80 45 0
0 46 28
80 46 0
0 49 29
80 49 0
0 53 33
120 53 0
360 45 27
80 45 0
0 46 28
80 46 0
0 49 29
80 49 0
0 53 37
1440 53 0
0 46 95
0 34 95
28 34 0
0 46 0
600 63 85
0 58 72
0 60 72
0 70 85
0 66 85
1080 66 0
0 60 0
0 63 0
0 58 0
0 70 0
0 58 47
0 60 47
0 63 56
0 66 56
0 70 56
120 70 0
0 63 0
0 58 0
0 60 0
0 66 0
0 58 47
0 60 47
0 63 56
0 66 56
0 70 56
240 70 0
0 63 0
0 58 0
0 60 0
0 66 0
0 63 56
0 58 47
0 60 47
0 66 56
0 70 56
360 70 0
0 60 0
0 63 0
0 58 0
0 66 0
0 60 51
0 63 61
0 58 51
0 66 61
0 70 61
120 70 0
0 58 0
0 60 0
0 63 0
0 66 0
0 63 66
0 66 66
0 58 56
0 60 56
0 70 66
240 70 0
0 58 0
0 63 0
0 66 0
0 60 0
0 65 62
0 58 52
0 61 62
0 70 62
234 70 0
0 65 0
0 58 0
0 61 0
240 45 27
80 45 0
0 46 29
80 46 0
0 49 30
80 49 0
0 53 34
120 53 0
360 45 24
80 45 0
0 46 26
80 46 0
0 49 27
80 49 0
0 53 37
1440 53 0
0 24 95
0 36 95
63 36 0
0 24 0
600 68 89
0 72 89
0 65 75
0 60 75
1440 60 0
0 68 0
0 72 0
0 65 0
0 60 49
0 70 58
0 64 58
0 72 58
360 72 0
0 60 0
0 70 0
0 64 0
0 64 63
0 60 53
0 72 63
0 70 63
120 70 0
0 64 0
0 60 0
0 72 0
0 70 68
0 60 57
0 64 68
0 72 68
240 72 0
0 70 0
0 60 0
0 64 0
0 72 65
0 65 55
0 68 65
232 68 0
0 65 0
0 72 0
480 53 65
0 65 77
0 60 77
480 60 0
0 65 0
0 53 0
240 53 77
0 48 77
0 41 65
480 41 0
0 48 0
0 53 0
240 28 79
0 40 94
1440 40 0
0 28 0
0 29 94
720 29 0
0 26 45
80 27 45
10 26 0
70 29 45
10 27 0
70 27 46
10 29 0
70 29 47
10 27 0
70 29 0
0 27 49
80 29 50
10 27 0
70 27 51
10 29 0
70 29 51
10 27 0
70 27 52
10 29 0
50 29 53
10 27 0
50 27 53
10 29 0
50 29 54
10 27 0
50 27 55
10 29 0
50 29 55
10 27 0
50 27 56
10 29 0
50 29 56
10 27 0
50 27 59
10 29 0
70 26 73
10 27 0
70 27 73
10 26 0
0 25 74
0 37 88
10 27 0
110 37 0
0 25 0
346 44 45
0 56 45
240 56 0
0 44 0
0 61 53
0 53 53
240 53 0
0 61 0
240 44 42
0 56 42
240 56 0
0 44 0
0 53 47
0 61 47
240 61 0
0 53 0
0 32 52
0 44 52
120 44 0
0 32 0
0 66 38
0 55 38
0 60 38
240 60 0
0 55 0
0 66 0
0 56 35
0 60 35
0 66 35
240 66 0
0 60 0
0 56 0
0 66 31
0 56 31
0 60 31
120 60 0
0 56 0
0 66 0
840 57 35
0 60 35
0 66 35
240 66 0
0 60 0
0 57 0
0 66 32
0 60 32
0 56 32
240 56 0
0 60 0
0 66 0
0 66 28
0 60 28
0 56 28
120 56 0
0 60 0
0 66 0
120 25 74
0 37 88
56 37 0
0 25 0
360 44 45
0 56 45
240 56 0
0 44 0
0 61 53
0 53 53
240 53 0
0 61 0
240 44 42
0 56 42
240 56 0
0 44 0
0 53 47
0 61 47
240 61 0
0 53 0
713 44 25
0 51 25
0 54 25
720 54 0
0 51 0
0 44 0
0 60 32
120 60 0
0 61 32
120 61 0
0 63 32
120 63 0
0 65 32
120 65 0
0 66 32
120 66 0
0 68 32
120 68 0
0 69 32
120 69 0
600 57 30
120 57 0
0 56 29
120 56 0
0 55 28
120 55 0
0 54 27
120 54 0
0 53 26
120 53 0
0 51 25
120 51 0
0 49 27
77 49 0
0 56 28
120 56 0
0 61 30
120 61 0
0 65 34
120 65 0
0 61 31
120 61 0
0 56 30
120 56 0
0 49 29
120 49 0
0 59 28
120 59 0
0 61 30
120 61 0
0 65 31
120 65 0
0 61 30
120 61 0
0 59 29
120 59 0
0 54 28
23 54 0
0 59 28
120 59 0
0 61 31
120 61 0
0 66 34
120 66 0
0 61 31
120 61 0
0 59 29
120 59 0
0 49 29
42 49 0
0 58 28
120 58 0
0 61 30
120 61 0
0 66 33
120 66 0
0 61 31
120 61 0
0 58 30
120 58 0
0 56 28
51 56 0
0 59 28
120 59 0
0 61 30
120 61 0
0 68 33
120 68 0
0 61 31
120 61 0
0 59 29
120 59 0
0 49 29
34 49 0
0 59 28
120 59 0
0 61 30
120 61 0
0 65 31
120 65 0
0 61 30
120 61 0
0 59 29
120 59 0
0 54 29
14 54 0
0 58 30
120 58 0
0 61 34
120 61 0
0 66 35
120 66 0
0 61 34
120 61 0
0 58 33
120 58 0
0 52 35
63 52 0
0 58 36
120 58 0
0 61 39
120 61 0
0 68 37
120 68 0
0 61 34
120 61 0
0 58 31
120 58 0
0 51 36
28 51 0
0 58 38
120 58 0
0 61 41
120 61 0
0 67 45
120 67 0
0 61 42
120 61 0
0 58 39
120 58 0
0 55 36
65 55 0
0 61 38
120 61 0
0 63 41
120 63 0
0 70 46
120 70 0
0 63 42
120 63 0
0 61 39
120 61 0
0 56 37
42 56 0
0 61 38
120 61 0
0 63 42
120 63 0
0 68 45
120 68 0
0 63 41
120 63 0
0 61 38
120 61 0
0 51 36
35 51 0
0 60 37
120 60 0
0 63 40
120 63 0
0 68 44
120 68 0
0 63 41
120 63 0
0 60 39
120 60 0
0 58 36
14 58 0
0 61 37
120 61 0
0 63 40
120 63 0
0 70 42
120 70 0
0 63 41
120 63 0
0 61 39
120 61 0
0 51 37
113 51 0
0 61 36
120 61 0
0 63 38
120 63 0
0 67 40
120 67 0
0 63 40
120 63 0
0 61 37
120 61 0
0 56 50
14 56 0
0 60 40
120 60 0
0 63 44
120 63 0
0 68 45
120 68 0
0 63 44
120 63 0
0 60 42
120 60 0
0 55 39
49 56 41
120 56 0
0 60 45
120 60 0
0 63 49
120 63 0
0 60 47
120 60 0
0 56 41
120 56 0
0 55 0
0 54 38
14 56 36
120 56 0
0 60 39
120 60 0
0 63 42
120 63 0
0 60 41
120 60 0
0 56 38
120 56 0
0 54 0
0 54 47
120 56 41
120 56 0
0 60 41
120 60 0
0 63 41
120 63 0
0 60 38
120 60 0
0 56 35
120 56 0
0 54 0
0 53 34
0 56 33
120 56 0
0 61 36
120 61 0
0 65 39
120 65 0
0 61 37
120 61 0
0 56 35
120 56 0
0 53 0
0 53 36
120 53 0
0 56 38
120 56 0
0 61 41
120 61 0
0 68 42
120 68 0
0 61 40
120 61 0
0 56 37
120 56 0
0 51 35
63 51 0
0 56 38
120 56 0
0 60 41
120 60 0
0 66 41
120 66 0
0 60 39
120 60 0
0 56 36
120 56 0
0 51 34
120 51 0
0 56 34
120 56 0
0 60 37
120 60 0
0 66 39
120 66 0
0 60 36
120 60 0
0 56 31
120 56 0
0 50 31
57 50 0
0 56 31
120 56 0
0 59 35
120 59 0
0 65 37
120 65 0
0 59 36
120 59 0
0 56 34
120 56 0
0 50 34
57 50 0
0 56 30
120 56 0
0 58 35
120 58 0
0 65 37
120 65 0
0 58 36
120 58 0
0 56 34
120 56 0
0 51 34
14 51 0
0 54 35
120 54 0
0 58 38
120 58 0
0 63 39
120 63 0
0 58 38
120 58 0
0 54 36
120 54 0
0 42 34
120 42 0
0 54 31
120 54 0
0 58 36
120 58 0
0 63 38
120 63 0
0 58 36
120 58 0
0 54 34
120 54 0
0 44 35
116 44 0
0 53 36
120 53 0
0 56 37
120 56 0
0 61 39
120 61 0
0 56 37
120 56 0
0 53 35
120 53 0
0 44 33
120 44 0
0 53 34
120 53 0
0 56 35
120 56 0
0 61 38
120 61 0
0 56 37
120 56 0
0 53 36
120 53 0
0 44 39
21 44 0
0 54 34
120 54 0
0 56 36
120 56 0
0 60 36
120 60 0
0 56 35
120 56 0
0 54 34
120 54 0
0 44 31
67 44 0
0 54 31
120 54 0
0 56 35
120 56 0
0 60 37
120 60 0
0 56 35
120 56 0
0 54 33
120 54 0
0 49 33
56 49 0
0 56 33
120 56 0
0 61 36
120 61 0
0 65 37
120 65 0
0 61 36
120 61 0
0 58 35
120 58 0
0 56 36
35 61 36
120 61 0
0 56 0
0 65 39
120 65 0
0 68 40
120 68 0
0 65 39
120 65 0
0 61 38
120 61 0
0 54 38
63 56 42
120 56 0
0 60 42
120 60 0
0 63 42
120 63 0
0 60 42
120 60 0
0 56 42
120 56 0
0 54 0
0 54 41
120 56 45
120 56 0
0 60 45
120 60 0
0 63 45
120 63 0
0 60 41
120 60 0
0 56 38
120 56 0
0 54 0
0 53 37
21 56 36
120 56 0
0 61 39
120 61 0
0 65 42
120 65 0
0 61 40
120 61 0
0 56 38
120 56 0
0 53 0
0 53 39
120 53 0
0 56 41
120 56 0
0 61 45
120 61 0
0 68 46
120 68 0
0 61 44
120 61 0
0 56 40
120 56 0
0 51 39
7 51 0
0 56 41
120 56 0
0 60 45
120 60 0
0 66 45
120 66 0
0 60 42
120 60 0
0 56 39
120 56 0
0 51 38
111 51 0
0 56 37
99 56 0
0 60 40
120 60 0
0 66 42
120 66 0
0 60 39
120 60 0
0 56 34
120 56 0
0 50 35
23 50 0
0 56 37
120 56 0
0 59 41
120 59 0
0 65 44
120 65 0
0 59 42
120 59 0
0 56 40
120 56 0
0 50 35
45 50 0
0 56 36
120 56 0
0 58 41
120 58 0
0 65 44
120 65 0
0 58 42
120 58 0
0 56 40
120 56 0
0 51 37
56 51 0
0 54 38
120 54 0
0 58 41
120 58 0
0 63 42
120 63 0
0 58 41
120 58 0
0 54 39
120 54 0
0 42 37
7 42 0
0 54 34
120 54 0
0 58 39
120 58 0
0 63 41
120 63 0
0 58 39
120 58 0
0 54 37
120 54 0
0 44 37
14 44 0
0 53 39
120 53 0
0 56 40
120 56 0
0 61 42
120 61 0
0 56 40
120 56 0
0 53 38
120 53 0
0 44 35
28 44 0
0 53 35
120 53 0
0 56 37
120 56 0
0 61 39
120 61 0
0 56 37
120 56 0
0 53 35
120 53 0
0 44 38
34 44 0
0 53 37
120 53 0
0 56 39
120 56 0
0 62 41
120 62 0
0 56 39
120 56 0
0 53 36
120 53 0
0 44 40
63 44 0
0 53 39
120 53 0
0 56 43
120 56 0
0 62 48
120 62 0
0 56 45
120 56 0
0 53 41
120 53 0
0 44 40
120 44 0
0 53 40
120 53 0
0 56 43
120 56 0
0 62 45
120 62 0
0 56 42
120 56 0
0 53 36
120 53 0
0 44 52
23 44 0
0 53 40
120 53 0
0 56 43
120 56 0
0 62 47
120 62 0
0 56 44
120 56 0
0 53 40
120 53 0
0 44 54
49 44 0
0 51 43
120 51 0
0 54 47
120 54 0
0 63 50
120 63 0
0 54 46
120 54 0
0 51 43
120 51 0
0 44 56
34 44 0
0 52 47
120 52 0
0 55 49
120 55 0
0 64 51
120 64 0
0 55 49
120 55 0
0 52 47
120 52 0
0 44 57
120 44 0
0 52 48
120 52 0
0 55 51
120 55 0
0 64 53
120 64 0
0 55 51
120 55 0
0 52 49
120 52 0
0 44 61
34 44 0
0 52 51
120 52 0
0 55 54
120 55 0
0 64 56
120 64 0
0 55 54
120 55 0
0 52 51
120 52 0
0 44 64
7 44 0
0 53 54
120 53 0
0 56 56
120 56 0
0 65 59
120 65 0
0 56 55
120 56 0
0 53 52
120 53 0
0 44 67
114 44 0
0 51 55
120 51 0
0 54 57
120 54 0
0 60 60
120 60 0
0 54 58
120 54 0
0 51 55
120 51 0
0 44 68
40 44 0
0 47 57
120 47 0
0 53 59
120 53 0
0 59 60
120 59 0
0 53 59
120 53 0
0 47 57
120 47 0
0 44 68
40 44 0
0 53 56
120 53 0
0 56 60
120 56 0
0 62 62
120 62 0
0 56 60
120 56 0
0 53 57
120 53 0
0 44 70
57 44 0
0 49 59
120 49 0
0 55 62
120 55 0
0 61 65
120 61 0
0 55 62
120 55 0
0 49 59
120 49 0
0 44 72
11 44 0
0 52 59
120 52 0
0 58 64
120 58 0
0 64 66
120 64 0
0 58 62
120 58 0
0 52 59
120 52 0
0 44 72
114 44 0
0 51 58
120 51 0
0 54 63
120 54 0
0 63 68
120 63 0
0 54 65
120 54 0
0 51 62
120 51 0
0 44 72
35 44 0
0 51 60
120 51 0
0 54 64
120 54 0
0 60 69
120 60 0
0 54 65
120 54 0
0 51 63
120 51 0
0 37 78
88 37 0
304 44 68
116 51 68
4 44 0
116 51 0
0 61 83
240 61 0
480 32 87
18 32 0
360 44 68
120 44 0
0 51 74
120 51 0
0 60 84
240 60 0
480 37 87
114 37 0
353 44 70
120 44 0
0 53 75
120 53 0
0 61 83
240 61 0
480 32 87
10 32 0
360 44 68
120 44 0
0 51 74
120 51 0
0 60 84
240 60 0
60 33 97
0 45 97
120 45 0
0 33 0
120 39 82
0 51 82
240 51 0
0 39 0
0 40 90
0 52 90
240 52 0
0 40 0
0 40 90
0 52 90
720 52 0
0 40 0
240 39 77
176 39 0
0 40 77
240 40 0
0 33 81
0 41 81
469 41 0
0 33 0
0 40 75
0 33 75
240 33 0
0 40 0
0 33 97
0 45 97
49 45 0
0 33 0
120 39 82
0 51 82
240 51 0
0 39 0
0 40 90
0 52 90
240 52 0
0 40 0
0 40 90
0 52 90
656 52 0
0 40 0
240 39 77
219 39 0
0 40 77
240 40 0
0 33 81
0 41 81
472 41 0
0 33 0
0 40 75
0 33 75
240 33 0
0 40 0
0 33 87
0 41 87
123 41 0
0 33 0
237 33 38
0 45 38
180 45 0
0 33 0
0 41 42
0 53 42
240 53 0
0 41 0
231 33 39
0 45 39
188 45 0
0 33 0
0 41 43
0 53 43
240 53 0
0 41 0
231 34 39
0 46 39
212 46 0
0 34 0
0 41 43
0 53 43
240 53 0
0 41 0
230 34 40
0 46 40
211 46 0
0 34 0
0 41 44
0 53 44
240 53 0
0 41 0
217 34 42
0 46 42
205 46 0
0 34 0
0 42 48
0 54 48
240 54 0
0 42 0
222 34 44
0 46 44
155 46 0
0 34 0
0 42 48
0 54 48
240 54 0
0 42 0
226 33 46
0 45 46
188 45 0
0 33 0
0 45 51
0 57 51
240 57 0
0 45 0
231 32 54
0 44 54
226 44 0
0 32 0
0 65 65
0 61 65
0 56 65
0 53 65
240 53 0
0 65 0
0 61 0
0 56 0
173 48 58
80 48 0
0 49 60
80 49 0
0 53 61
80 53 0
0 56 63
240 56 0
240 47 58
80 47 0
0 48 60
80 48 0
0 53 62
80 53 0
0 56 64
240 56 0
240 45 57
80 45 0
0 46 58
80 46 0
0 53 61
80 53 0
0 56 63
240 56 0
0 32 81
0 44 81
240 44 0
0 32 0
480 66 85
0 72 85
0 77 85
133 77 0
0 72 0
0 66 0
0 66 65
0 72 65
0 75 65
240 75 0
0 72 0
0 66 0
0 66 65
0 72 65
0 77 65
240 77 0
0 72 0
0 66 0
0 66 63
0 72 63
0 75 63
240 75 0
0 72 0
0 66 0
0 66 67
0 72 67
0 77 67
240 77 0
0 72 0
0 66 0
0 75 66
0 72 66
0 66 66
240 66 0
0 72 0
0 75 0
0 65 76
0 68 76
0 73 76
0 77 76
180 77 0
0 65 0
0 68 0
0 73 0
300 48 58
80 48 0
0 49 60
80 49 0
0 53 61
80 53 0
0 56 63
240 56 0
240 47 58
80 47 0
0 48 60
80 48 0
0 53 62
80 53 0
0 56 64
240 56 0
240 45 57
80 45 0
0 46 58
80 46 0
0 53 61
80 53 0
0 56 63
240 56 0
0 32 81
0 44 81
240 44 0
0 32 0
480 66 85
0 72 85
0 77 85
133 77 0
0 72 0
0 66 0
0 66 70
0 72 70
0 75 70
240 75 0
0 72 0
0 66 0
0 66 68
0 72 68
0 77 68
240 77 0
0 72 0
0 66 0
0 66 66
0 72 66
0 75 66
240 75 0
0 72 0
0 66 0
0 66 64
0 72 64
0 77 64
240 77 0
0 72 0
0 66 0
0 75 61
0 72 61
0 66 61
240 66 0
0 72 0
0 75 0
0 77 59
0 66 59
0 72 59
480 77 0
0 75 56
240 75 0
0 72 0
0 66 0
0 77 55
0 66 55
0 72 55
480 77 0
0 75 58
240 75 0
0 72 0
0 66 0
0 77 60
0 66 60
0 72 60
480 77 0
0 75 57
240 75 0
0 72 0
0 66 0
0 78 61
0 67 61
0 73 61
480 78 0
0 76 63
240 76 0
0 73 0
0 67 0
0 78 67
0 67 67
0 73 67
480 78 0
0 76 69
240 76 0
0 73 0
0 67 0
0 79 72
0 68 72
0 74 72
480 79 0
0 77 74
240 77 0
0 74 0
0 68 0
0 79 75
0 68 75
0 74 75
480 79 0
0 77 79
240 77 0
0 74 0
0 68 0
0 80 83
0 68 83
0 75 83
480 80 0
0 78 86
240 78 0
0 75 0
0 68 0
0 37 90
0 49 90
197 49 0
0 37 0
0 43 74
240 43 0
0 44 74
240 44 0
0 44 79
169 44 0
0 42 62
0 54 62
240 54 0
0 42 0
0 41 58
0 53 58
240 53 0
0 41 0
0 41 68
0 53 68
42 53 0
0 41 0
120 43 59
240 43 0
0 44 59
240 44 0
0 45 73
473 45 0
0 44 70
240 44 0
0 37 90
0 49 90
162 49 0
0 37 0
0 43 73
240 43 0
0 44 75
240 44 0
0 44 77
148 44 0
0 42 62
0 54 62
240 54 0
0 42 0
0 41 58
0 53 58
240 53 0
0 41 0
0 41 68
0 53 68
42 53 0
0 41 0
120 43 59
240 43 0
0 44 59
240 44 0
0 45 73
472 45 0
0 44 70
240 44 0
0 37 60
0 49 60
120 49 0
0 37 0
120 43 68
240 43 0
0 44 68
240 44 0
240 42 70
0 54 70
240 54 0
0 42 0
0 41 70
0 53 70
240 53 0
0 41 0
0 37 63
0 49 63
120 49 0
0 37 0
120 43 69
240 43 0
0 44 69
240 44 0
240 42 70
0 54 70
240 54 0
0 42 0
0 41 70
0 53 70
240 53 0
0 41 0
0 37 64
0 49 64
120 49 0
0 37 0
120 43 69
240 43 0
0 44 69
240 44 0
240 42 70
0 54 70
240 54 0
0 42 0
0 41 70
0 53 70
240 53 0
0 41 0
0 37 67
0 45 67
180 45 0
0 37 0
60 37 68
0 44 68
180 44 0
0 37 0
60 37 70
0 45 70
180 45 0
0 37 0
60 37 71
0 44 71
180 44 0
0 37 0
60 37 73
0 45 73
180 45 0
0 37 0
60 37 74
0 44 74
180 44 0
0 37 0
60 36 84
0 45 84
134 45 0
0 36 0
540 36 85
0 43 101
0 48 101
91 48 0
0 43 0
0 36 0
480 41 85
0 48 101
0 53 101
68 53 0
0 48 0
0 41 0
480 44 85
0 51 101
0 56 101
25 56 0
0 51 0
0 44 0
480 49 85
0 56 101
0 61 101
453 61 0
0 56 0
0 49 0
720 37 85
0 44 100
0 49 100
720 49 0
0 44 0
0 37 0
540 49 69
30 56 82
30 65 82
120 65 0
0 56 0
0 49 0
0 25 100
0 37 109
720 37 0
0 25 0
