1680 62 36
60 62 0
0 64 36
60 64 0
0 65 36
60 65 0
0 67 36
60 67 0
0 69 38
120 69 0
120 74 34
0 62 34
0 65 34
120 65 0
0 62 0
0 74 0
120 62 34
0 74 34
0 65 34
120 65 0
0 74 0
0 62 0
120 73 34
0 62 34
0 65 34
120 65 0
0 62 0
0 73 0
120 73 36
0 62 36
0 65 36
120 65 0
0 62 0
0 73 0
120 65 34
0 62 34
0 72 34
120 72 0
0 62 0
0 65 0
120 72 34
0 62 34
0 65 34
120 65 0
0 62 0
0 72 0
120 62 34
0 71 34
0 65 34
120 65 0
0 71 0
0 62 0
120 71 36
0 62 36
0 65 36
120 65 0
0 62 0
0 71 0
120 70 33
0 62 33
0 65 33
120 65 0
0 62 0
0 70 0
120 65 33
0 62 33
0 70 33
120 70 0
0 62 0
0 65 0
120 69 32
0 62 32
0 65 32
120 65 0
0 62 0
0 69 0
120 59 43
0 68 43
0 64 43
120 64 0
0 68 0
0 59 0
120 64 43
0 68 43
0 59 43
480 59 0
0 68 0
0 64 0
0 67 36
60 67 0
0 69 36
60 69 0
0 70 36
60 70 0
0 72 36
60 72 0
0 74 38
120 74 0
120 67 34
0 70 34
0 79 34
120 79 0
0 70 0
0 67 0
120 70 34
0 79 34
0 67 34
120 67 0
0 79 0
0 70 0
120 78 34
0 67 34
0 70 34
120 70 0
0 67 0
0 78 0
120 70 36
0 78 36
0 67 36
120 67 0
0 78 0
0 70 0
120 77 34
0 70 34
0 67 34
120 67 0
0 70 0
0 77 0
120 70 34
0 77 34
0 67 34
120 67 0
0 77 0
0 70 0
120 70 34
0 67 34
0 76 34
120 76 0
0 67 0
0 70 0
120 76 36
0 70 36
0 67 36
120 67 0
0 70 0
0 76 0
120 75 32
0 67 32
0 70 32
120 70 0
0 67 0
0 75 0
120 75 32
0 67 32
0 70 32
120 70 0
0 67 0
0 75 0
120 74 32
0 67 32
0 70 32
120 70 0
0 67 0
0 74 0
120 64 44
0 73 44
0 69 44
120 69 0
0 73 0
0 64 0
120 64 44
0 73 44
0 69 44
480 69 0
0 73 0
0 64 0
240 74 46
60 74 0
0 76 35
60 76 0
0 77 35
60 77 0
0 79 35
60 79 0
0 81 40
120 81 0
120 79 46
60 79 0
0 77 36
60 77 0
0 76 36
60 76 0
0 74 36
60 74 0
0 72 40
120 72 0
120 70 45
60 70 0
0 72 36
60 72 0
0 74 36
60 74 0
0 76 36
60 76 0
0 77 41
120 77 0
120 76 46
60 76 0
0 74 37
60 74 0
0 72 37
60 72 0
0 70 37
60 70 0
0 69 43
120 69 0
120 67 46
60 67 0
0 69 37
60 69 0
0 70 37
60 70 0
0 72 37
60 72 0
0 74 44
120 74 0
120 72 47
60 72 0
0 70 37
60 70 0
0 69 37
60 69 0
0 67 37
60 67 0
0 65 43
120 65 0
360 64 45
0 57 45
720 57 0
0 64 0
0 86 47
60 86 0
0 84 37
60 84 0
0 82 37
60 82 0
0 81 37
60 81 0
0 79 40
120 79 0
120 74 48
60 74 0
0 72 37
60 72 0
0 70 37
60 70 0
0 69 37
60 69 0
0 67 40
120 67 0
360 64 45
0 57 45
720 57 0
0 64 0
0 86 47
60 86 0
0 84 37
60 84 0
0 82 37
60 82 0
0 81 37
60 81 0
0 79 40
120 79 0
120 74 48
60 74 0
0 72 37
60 72 0
0 70 37
60 70 0
0 69 37
60 69 0
0 67 40
120 67 0
360 57 45
0 64 45
240 64 0
0 57 0
0 74 40
60 74 0
0 72 36
60 72 0
0 70 36
60 70 0
0 69 36
60 69 0
0 67 40
120 67 0
360 64 38
0 57 38
240 57 0
0 64 0
0 74 34
60 74 0
0 72 34
60 72 0
0 70 34
60 70 0
0 69 34
60 69 0
0 67 32
120 67 0
360 64 37
0 57 37
240 57 0
0 64 0
0 74 32
60 74 0
0 72 32
60 72 0
0 70 32
60 70 0
0 69 32
60 69 0
0 67 29
120 67 0
360 64 35
0 57 35
240 57 0
0 64 0
0 74 32
60 74 0
0 72 32
60 72 0
0 70 32
60 70 0
0 69 32
60 69 0
0 67 29
120 67 0
360 57 37
0 64 37
0 61 37
120 61 0
0 64 0
0 57 0
360 64 37
0 58 37
0 61 37
120 61 0
0 58 0
0 64 0
360 64 34
0 56 34
0 61 34
120 61 0
0 56 0
0 64 0
360 61 35
0 57 35
0 64 35
120 64 0
0 57 0
0 61 0
360 64 36
0 58 36
0 61 36
120 61 0
0 58 0
0 64 0
360 59 40
0 64 40
0 61 40
120 61 0
0 64 0
0 59 0
360 64 41
0 60 41
0 61 41
120 61 0
0 60 0
0 64 0
360 64 43
0 59 43
0 61 43
120 61 0
0 59 0
0 64 0
360 61 45
0 58 45
0 64 45
120 64 0
0 58 0
0 61 0
360 64 48
0 57 48
0 61 48
120 61 0
0 57 0
0 64 0
360 56 49
0 64 49
0 61 49
120 61 0
0 64 0
0 56 0
360 61 51
0 55 51
0 58 51
120 58 0
0 55 0
0 61 0
360 61 53
0 58 53
0 54 53
120 54 0
0 58 0
0 61 0
360 61 55
0 58 55
0 53 55
120 53 0
0 58 0
0 61 0
360 61 58
0 52 58
0 57 58
120 57 0
0 52 0
0 61 0
360 55 59
0 61 59
0 51 59
0 57 59
120 57 0
0 55 0
0 61 0
0 51 0
1800 74 86
60 74 0
0 76 86
60 76 0
0 77 86
60 77 0
0 79 86
60 79 0
0 81 90
120 81 0
120 86 81
0 74 68
0 77 68
120 77 0
0 74 0
0 86 0
120 86 81
0 74 68
0 77 68
120 77 0
0 74 0
0 86 0
120 77 68
0 74 68
0 85 81
120 85 0
0 74 0
0 77 0
120 85 86
0 74 73
0 77 73
120 77 0
0 74 0
0 85 0
120 74 68
0 84 81
0 77 68
120 77 0
0 84 0
0 74 0
120 84 81
0 74 68
0 77 68
120 77 0
0 74 0
0 84 0
120 83 81
0 74 68
0 77 68
120 77 0
0 74 0
0 83 0
120 77 73
0 74 73
0 83 86
120 83 0
0 74 0
0 77 0
120 77 69
0 74 69
0 82 82
120 82 0
0 74 0
0 77 0
120 82 82
0 77 69
0 74 69
120 74 0
0 77 0
0 82 0
120 81 82
0 74 69
0 77 82
120 77 0
0 74 0
0 81 0
120 76 79
0 71 79
0 80 93
120 80 0
0 71 0
0 76 0
120 80 97
0 71 82
0 76 82
480 76 0
0 71 0
0 80 0
0 79 86
60 79 0
0 81 86
60 81 0
0 82 86
60 82 0
0 84 86
60 84 0
0 86 90
120 86 0
120 79 68
0 82 68
0 91 81
120 91 0
0 82 0
0 79 0
120 82 68
0 91 81
0 79 68
120 79 0
0 91 0
0 82 0
120 90 81
0 79 68
0 82 68
120 82 0
0 79 0
0 90 0
120 82 73
0 90 86
0 79 73
120 79 0
0 90 0
0 82 0
120 89 81
0 82 68
0 79 68
120 79 0
0 82 0
0 89 0
120 82 68
0 89 81
0 79 68
120 79 0
0 89 0
0 82 0
120 82 68
0 79 68
0 88 81
120 88 0
0 79 0
0 82 0
120 88 86
0 79 73
0 82 73
120 82 0
0 79 0
0 88 0
120 82 69
0 87 82
0 79 69
120 79 0
0 87 0
0 82 0
120 87 82
0 79 69
0 82 69
120 82 0
0 79 0
0 87 0
120 82 69
0 86 82
0 79 69
120 79 0
0 86 0
0 82 0
120 81 79
0 76 79
0 85 93
120 85 0
0 76 0
0 81 0
120 85 97
0 81 82
0 76 82
480 76 0
0 81 0
0 85 0
240 86 106
60 86 0
0 88 83
60 88 0
0 89 83
60 89 0
0 91 83
60 91 0
0 93 83
120 93 0
120 91 104
60 91 0
0 89 84
60 89 0
0 88 84
60 88 0
0 86 84
60 86 0
0 84 85
120 84 0
120 82 104
60 82 0
0 84 84
60 84 0
0 86 84
60 86 0
0 88 84
60 88 0
0 89 84
120 89 0
120 88 104
60 88 0
0 86 84
60 86 0
0 84 84
60 84 0
0 82 84
60 82 0
0 81 84
120 81 0
120 79 104
60 79 0
0 81 86
60 81 0
0 82 86
60 82 0
0 84 86
60 84 0
0 86 86
120 86 0
120 84 104
60 84 0
0 82 86
60 82 0
0 81 85
60 81 0
0 79 85
60 79 0
0 77 85
120 77 0
120 76 94
0 81 94
0 88 94
120 88 0
0 81 0
0 76 0
120 76 94
0 88 94
0 81 94
480 81 0
0 88 0
0 76 0
240 82 92
60 82 0
0 84 83
60 84 0
0 86 83
60 86 0
0 88 83
60 88 0
0 89 83
120 89 0
120 88 92
60 88 0
0 86 84
60 86 0
0 84 84
60 84 0
0 82 84
60 82 0
0 81 85
120 81 0
120 79 92
60 79 0
0 81 84
60 81 0
0 82 84
60 82 0
0 84 84
60 84 0
0 86 84
120 86 0
120 84 92
60 84 0
0 82 84
60 82 0
0 81 84
60 81 0
0 79 84
60 79 0
0 77 84
120 77 0
120 75 94
60 75 0
0 77 83
60 77 0
0 79 83
60 79 0
0 81 83
60 81 0
0 82 83
120 82 0
120 81 92
60 81 0
0 79 83
60 79 0
0 77 83
60 77 0
0 75 83
60 75 0
0 74 83
120 74 0
120 69 86
0 81 86
0 76 86
120 76 0
0 81 0
0 69 0
120 76 86
0 81 86
0 69 86
480 69 0
0 81 0
0 76 0
240 74 75
60 74 0
0 76 66
60 76 0
0 77 66
60 77 0
0 79 66
60 79 0
0 81 66
120 81 0
120 79 77
60 79 0
0 77 65
60 77 0
0 76 65
60 76 0
0 74 65
60 74 0
0 72 65
120 72 0
120 70 73
60 70 0
0 72 65
60 72 0
0 74 64
60 74 0
0 76 64
60 76 0
0 77 64
120 77 0
120 76 72
60 76 0
0 74 64
60 74 0
0 72 63
60 72 0
0 70 63
60 70 0
0 69 63
120 69 0
120 67 71
60 67 0
0 69 63
60 69 0
0 70 63
60 70 0
0 72 62
60 72 0
0 74 62
120 74 0
120 72 71
60 72 0
0 70 62
60 70 0
0 69 62
60 69 0
0 67 60
60 67 0
0 65 60
120 65 0
120 64 60
0 76 71
0 69 60
120 69 0
0 76 0
0 64 0
120 69 61
0 64 61
0 76 72
480 76 0
0 64 0
0 69 0
240 70 58
60 70 0
0 72 54
60 72 0
0 74 54
60 74 0
0 76 54
60 76 0
0 77 54
120 77 0
120 76 60
60 76 0
0 74 54
60 74 0
0 72 54
60 72 0
0 70 54
60 70 0
0 69 55
120 69 0
120 67 59
60 67 0
0 69 54
60 69 0
0 70 54
60 70 0
0 72 54
60 72 0
0 74 52
120 74 0
120 72 56
60 72 0
0 70 52
60 70 0
0 69 52
60 69 0
0 67 52
60 67 0
0 65 52
120 65 0
120 63 56
60 63 0
0 65 51
60 65 0
0 67 51
60 67 0
0 69 51
60 69 0
0 70 51
120 70 0
120 69 55
60 69 0
0 67 50
60 67 0
0 65 50
60 65 0
0 63 50
60 63 0
0 62 50
120 62 0
120 57 43
0 64 43
0 69 51
120 69 0
0 64 0
0 57 0
120 57 44
0 69 52
0 64 44
480 64 0
0 69 0
0 57 0
240 86 59
60 86 0
0 84 47
60 84 0
0 82 47
60 82 0
0 81 47
60 81 0
0 79 51
120 79 0
120 74 60
60 74 0
0 72 47
60 72 0
0 70 47
60 70 0
0 69 47
60 69 0
0 67 51
120 67 0
360 69 51
0 57 43
0 64 43
720 64 0
0 57 0
0 69 0
0 86 59
60 86 0
0 84 47
60 84 0
0 82 47
60 82 0
0 81 47
60 81 0
0 79 51
120 79 0
120 74 60
60 74 0
0 72 47
60 72 0
0 70 47
60 70 0
0 69 47
60 69 0
0 67 51
120 67 0
360 69 43
0 64 36
0 57 36
120 57 0
0 64 0
0 69 0
120 74 51
60 74 0
0 72 46
60 72 0
0 70 46
60 70 0
0 69 46
60 69 0
0 67 50
120 67 0
360 69 43
0 64 36
0 57 36
120 57 0
0 64 0
0 69 0
120 74 42
60 74 0
0 72 42
60 72 0
0 70 42
60 70 0
0 69 42
60 69 0
0 67 40
120 67 0
360 57 34
0 69 40
0 64 34
120 64 0
0 69 0
0 57 0
120 74 40
60 74 0
0 72 40
60 72 0
0 70 40
60 70 0
0 69 39
60 69 0
0 67 36
120 67 0
360 57 30
0 64 30
0 69 36
120 69 0
0 64 0
0 57 0
120 74 37
60 74 0
0 72 37
60 72 0
0 70 37
60 70 0
0 69 37
60 69 0
0 67 35
120 67 0
840 50 46
60 50 0
0 52 46
60 52 0
0 53 46
60 53 0
0 55 46
60 55 0
0 57 50
120 57 0
120 53 36
0 50 36
0 62 43
120 62 0
0 50 0
0 53 0
120 50 36
0 53 36
0 62 43
120 62 0
0 53 0
0 50 0
120 50 36
0 61 43
0 53 36
120 53 0
0 61 0
0 50 0
120 50 39
0 61 46
0 53 39
120 53 0
0 61 0
0 50 0
120 53 36
0 50 36
0 60 43
120 60 0
0 50 0
0 53 0
120 53 36
0 50 36
0 60 43
120 60 0
0 50 0
0 53 0
120 50 36
0 53 36
0 59 43
120 59 0
0 53 0
0 50 0
120 50 39
0 59 46
0 53 39
120 53 0
0 59 0
0 50 0
120 50 35
0 58 42
0 53 35
120 53 0
0 58 0
0 50 0
120 53 35
0 50 35
0 58 42
120 58 0
0 50 0
0 53 0
120 53 34
0 57 41
0 50 34
1200 50 0
0 57 0
0 53 0
960 62 40
120 62 0
120 69 39
120 69 0
120 74 36
120 74 0
120 81 42
0 74 27
0 78 27
480 81 0
0 83 48
240 83 0
0 85 48
240 85 0
0 78 0
0 74 0
0 74 27
0 86 52
480 86 0
0 85 48
240 85 0
0 83 48
240 83 0
0 74 0
0 74 26
0 78 26
0 85 50
240 85 0
0 81 48
480 81 0
0 85 46
180 85 0
0 85 39
60 85 0
0 78 0
0 74 0
0 74 23
0 78 42
960 78 0
0 74 0
0 81 48
0 74 27
0 78 27
480 81 0
0 83 48
240 83 0
0 85 48
240 85 0
0 78 0
0 74 0
0 74 27
0 86 52
480 86 0
0 85 48
240 85 0
0 83 48
240 83 0
0 74 0
0 74 26
0 85 50
240 85 0
0 78 48
480 78 0
0 85 46
180 85 0
0 85 39
60 85 0
0 74 0
0 73 23
0 81 42
960 81 0
0 73 0
0 69 42
240 62 27
0 66 27
240 69 0
0 71 42
240 71 0
0 73 42
240 73 0
0 66 0
0 62 0
0 74 47
240 62 27
240 74 0
0 73 42
240 73 0
0 71 42
240 71 0
0 62 0
0 73 44
240 73 0
0 66 26
0 62 26
240 69 42
240 69 0
0 73 41
180 73 0
0 73 34
60 73 0
0 62 0
0 66 0
0 66 37
240 62 23
720 62 0
0 66 0
0 69 42
240 62 27
0 66 27
240 69 0
0 71 42
240 71 0
0 73 42
240 73 0
0 66 0
0 62 0
0 74 47
240 62 27
240 74 0
0 73 44
240 73 0
0 71 46
240 71 0
0 62 0
0 73 51
240 62 35
240 73 0
0 66 42
240 66 0
0 73 41
180 73 0
0 73 34
60 73 0
0 62 0
0 69 37
240 61 23
720 61 0
0 69 0
240 76 35
80 76 0
0 79 35
80 79 0
0 88 35
80 88 0
0 83 41
480 83 0
240 76 35
80 76 0
0 79 35
80 79 0
0 88 35
80 88 0
0 83 41
480 83 0
240 67 40
120 67 0
0 73 36
120 73 0
0 71 40
120 71 0
0 76 36
120 76 0
0 74 40
120 74 0
0 79 36
120 79 0
0 76 39
120 76 0
0 81 36
120 81 0
0 79 39
120 79 0
0 85 35
120 85 0
0 83 39
120 83 0
0 88 36
120 88 0
480 72 35
77 75 35
3 72 0
77 75 0
3 84 35
80 84 0
0 79 40
480 79 0
240 72 35
80 72 0
0 75 35
80 75 0
0 84 35
80 84 0
0 79 40
480 79 0
240 63 40
120 63 0
0 69 36
120 69 0
0 67 40
120 67 0
0 72 36
120 72 0
0 70 40
120 70 0
0 75 36
120 75 0
0 72 39
120 72 0
0 77 36
120 77 0
0 75 39
120 75 0
0 81 35
120 81 0
0 79 39
120 79 0
0 84 36
120 84 0
480 60 33
120 60 0
0 66 31
120 66 0
0 64 33
120 64 0
0 69 31
120 69 0
0 67 33
120 67 0
0 72 31
120 72 0
0 69 32
120 69 0
0 74 29
120 74 0
0 72 31
120 72 0
0 78 27
120 78 0
0 76 29
120 76 0
0 81 25
120 81 0
0 79 24
0 83 24
0 86 44
480 86 0
0 88 42
240 88 0
0 90 42
240 90 0
0 83 0
0 79 0
0 79 24
0 91 47
480 91 0
0 90 42
240 90 0
0 88 42
240 88 0
0 79 0
0 79 23
0 83 23
0 90 44
240 90 0
0 86 42
480 86 0
0 90 41
180 90 0
0 90 34
60 90 0
0 83 0
0 79 0
0 79 20
0 83 37
960 83 0
0 79 0
0 86 42
0 79 24
0 83 24
480 86 0
0 88 42
240 88 0
0 90 42
240 90 0
0 83 0
0 79 0
0 79 24
0 91 47
480 91 0
0 90 42
240 90 0
0 88 42
240 88 0
0 79 0
0 79 23
0 90 44
240 90 0
0 83 42
480 83 0
0 90 41
180 90 0
0 90 34
60 90 0
0 79 0
0 78 20
0 86 37
960 86 0
0 78 0
0 74 41
240 71 26
0 67 26
240 74 0
0 76 41
240 76 0
0 78 41
240 78 0
0 67 0
0 71 0
0 79 44
240 67 26
240 79 0
0 78 41
240 78 0
0 76 41
240 76 0
0 67 0
0 78 43
240 78 0
0 67 25
0 71 25
240 74 41
240 74 0
0 78 40
180 78 0
0 78 33
60 78 0
0 71 0
0 67 0
0 71 35
240 67 21
720 67 0
0 71 0
0 74 43
240 67 26
0 71 26
240 74 0
0 76 43
240 76 0
0 78 43
240 78 0
0 71 0
0 67 0
0 79 47
240 67 26
240 79 0
0 78 42
240 78 0
0 76 44
240 76 0
0 67 0
0 78 50
240 67 33
240 78 0
0 71 41
240 71 0
0 78 40
180 78 0
0 78 33
60 78 0
0 67 0
0 74 35
240 66 21
720 66 0
0 74 0
240 81 35
80 81 0
0 84 35
80 84 0
0 93 35
80 93 0
0 88 41
480 88 0
240 79 40
120 79 0
0 86 36
120 86 0
0 83 40
120 83 0
0 91 36
120 91 0
0 86 40
120 86 0
0 95 36
120 95 0
240 76 35
80 76 0
0 79 35
80 79 0
0 88 35
80 88 0
0 83 41
480 83 0
240 78 40
120 78 0
0 86 36
120 86 0
0 81 40
120 81 0
0 90 36
120 90 0
0 86 40
120 86 0
0 93 36
120 93 0
240 69 35
80 69 0
0 72 35
80 72 0
0 81 34
80 81 0
0 76 40
480 76 0
240 71 37
120 71 0
0 74 35
120 74 0
0 71 37
120 71 0
0 79 34
120 79 0
0 74 37
120 74 0
0 83 34
120 83 0
240 64 33
80 64 0
0 67 33
80 67 0
0 76 33
80 76 0
0 71 39
480 71 0
240 66 37
120 66 0
0 74 35
120 74 0
0 69 39
120 69 0
0 78 35
120 78 0
0 74 39
120 74 0
0 81 35
120 81 0
1680 62 36
60 62 0
0 64 36
60 64 0
0 65 36
60 65 0
0 67 36
60 67 0
0 69 38
120 69 0
120 62 34
0 65 34
0 74 34
120 74 0
0 65 0
0 62 0
120 62 34
0 74 34
0 65 34
120 65 0
0 74 0
0 62 0
120 62 34
0 73 34
0 65 34
120 65 0
0 73 0
0 62 0
120 65 36
0 73 36
0 62 36
120 62 0
0 73 0
0 65 0
120 62 34
0 72 34
0 65 34
120 65 0
0 72 0
0 62 0
120 65 34
0 62 34
0 72 34
120 72 0
0 62 0
0 65 0
120 65 34
0 62 34
0 71 34
120 71 0
0 62 0
0 65 0
120 62 36
0 65 36
0 71 36
120 71 0
0 65 0
0 62 0
120 62 33
0 70 33
0 65 33
120 65 0
0 70 0
0 62 0
120 62 33
0 70 33
0 65 33
120 65 0
0 70 0
0 62 0
120 65 32
0 62 32
0 69 32
120 69 0
0 62 0
0 65 0
120 64 43
0 59 43
0 68 43
120 68 0
0 59 0
0 64 0
120 59 43
0 64 43
0 68 43
480 68 0
0 64 0
0 59 0
0 67 36
60 67 0
0 69 36
60 69 0
0 70 36
60 70 0
0 72 36
60 72 0
0 74 38
120 74 0
120 67 34
0 70 34
0 79 34
120 79 0
0 70 0
0 67 0
120 79 34
0 70 34
0 67 34
120 67 0
0 70 0
0 79 0
120 70 34
0 78 34
0 67 34
120 67 0
0 78 0
0 70 0
120 70 36
0 78 36
0 67 36
120 67 0
0 78 0
0 70 0
120 67 34
0 70 34
0 77 34
120 77 0
0 70 0
0 67 0
120 70 34
0 67 34
0 77 34
120 77 0
0 67 0
0 70 0
120 67 34
0 70 34
0 76 34
120 76 0
0 70 0
0 67 0
120 70 36
0 76 36
0 67 36
120 67 0
0 76 0
0 70 0
120 75 32
0 67 32
0 70 32
120 70 0
0 67 0
0 75 0
120 70 32
0 67 32
0 75 32
120 75 0
0 67 0
0 70 0
120 74 32
0 70 32
0 67 32
120 67 0
0 70 0
0 74 0
120 64 44
0 69 44
0 73 44
120 73 0
0 69 0
0 64 0
120 73 44
0 69 44
0 64 44
480 64 0
0 69 0
0 73 0
240 74 46
60 74 0
0 76 35
60 76 0
0 77 35
60 77 0
0 79 35
60 79 0
0 81 40
120 81 0
120 79 46
60 79 0
0 77 36
60 77 0
0 76 36
60 76 0
0 74 36
60 74 0
0 72 40
120 72 0
120 70 45
60 70 0
0 72 36
60 72 0
0 74 36
60 74 0
0 76 36
60 76 0
0 77 41
120 77 0
120 76 46
60 76 0
0 74 37
60 74 0
0 72 37
60 72 0
0 70 37
60 70 0
0 69 43
120 69 0
120 67 46
60 67 0
0 69 37
60 69 0
0 70 37
60 70 0
0 72 37
60 72 0
0 74 44
120 74 0
120 72 47
60 72 0
0 70 37
60 70 0
0 69 37
60 69 0
0 67 37
60 67 0
0 65 43
120 65 0
360 57 45
0 64 45
720 64 0
0 57 0
0 86 47
60 86 0
0 84 37
60 84 0
0 82 37
60 82 0
0 81 37
60 81 0
0 79 40
120 79 0
120 74 48
60 74 0
0 72 37
60 72 0
0 70 37
60 70 0
0 69 37
60 69 0
0 67 40
120 67 0
360 57 45
0 64 45
720 64 0
0 57 0
0 86 47
60 86 0
0 84 37
60 84 0
0 82 37
60 82 0
0 81 37
60 81 0
0 79 40
120 79 0
120 74 48
60 74 0
0 72 37
60 72 0
0 70 37
60 70 0
0 69 37
60 69 0
0 67 40
120 67 0
360 57 45
0 64 45
240 64 0
0 57 0
0 74 40
60 74 0
0 72 36
60 72 0
0 70 36
60 70 0
0 69 36
60 69 0
0 67 40
120 67 0
360 64 38
0 57 38
240 57 0
0 64 0
0 74 34
60 74 0
0 72 34
60 72 0
0 70 34
60 70 0
0 69 34
60 69 0
0 67 32
120 67 0
360 64 37
0 57 37
240 57 0
0 64 0
0 74 32
60 74 0
0 72 32
60 72 0
0 70 32
60 70 0
0 69 32
60 69 0
0 67 29
120 67 0
360 57 35
0 64 35
240 64 0
0 57 0
0 74 32
60 74 0
0 72 32
60 72 0
0 70 32
60 70 0
0 69 32
60 69 0
0 67 29
120 67 0
360 57 37
0 64 37
0 61 37
120 61 0
0 64 0
0 57 0
360 58 37
0 64 37
0 61 37
120 61 0
0 64 0
0 58 0
360 61 34
0 56 34
0 64 34
120 64 0
0 56 0
0 61 0
360 61 35
0 64 35
0 57 35
120 57 0
0 64 0
0 61 0
360 61 36
0 58 36
0 64 36
120 64 0
0 58 0
0 61 0
360 61 40
0 59 40
0 64 40
120 64 0
0 59 0
0 61 0
360 60 41
0 61 41
0 64 41
120 64 0
0 61 0
0 60 0
360 59 43
0 64 43
0 61 43
120 61 0
0 64 0
0 59 0
360 58 45
0 64 45
0 61 45
120 61 0
0 64 0
0 58 0
360 61 48
0 57 48
0 64 48
120 64 0
0 57 0
0 61 0
360 61 49
0 56 49
0 64 49
120 64 0
0 56 0
0 61 0
360 55 51
0 58 51
0 61 51
120 61 0
0 58 0
0 55 0
360 54 53
0 61 53
0 58 53
120 58 0
0 61 0
0 54 0
360 53 55
0 61 55
0 58 55
120 58 0
0 61 0
0 53 0
360 57 58
0 52 58
0 61 58
120 61 0
0 52 0
0 57 0
360 55 59
0 57 59
0 61 59
0 51 59
120 51 0
0 55 0
0 57 0
0 61 0
1800 74 86
60 74 0
0 76 86
60 76 0
0 77 86
60 77 0
0 79 86
60 79 0
0 81 90
120 81 0
120 74 68
0 77 68
0 86 81
120 86 0
0 77 0
0 74 0
120 74 68
0 77 68
0 86 81
120 86 0
0 77 0
0 74 0
120 74 68
0 77 68
0 85 81
120 85 0
0 77 0
0 74 0
120 74 73
0 77 73
0 85 86
120 85 0
0 77 0
0 74 0
120 74 68
0 77 68
0 84 81
120 84 0
0 77 0
0 74 0
120 77 68
0 84 81
0 74 68
120 74 0
0 84 0
0 77 0
120 74 68
0 77 68
0 83 81
120 83 0
0 77 0
0 74 0
120 74 73
0 77 73
0 83 86
120 83 0
0 77 0
0 74 0
120 74 69
0 77 69
0 82 82
120 82 0
0 77 0
0 74 0
120 74 69
0 77 69
0 82 82
120 82 0
0 77 0
0 74 0
120 77 69
0 81 82
0 74 69
120 74 0
0 81 0
0 77 0
120 71 79
0 76 79
0 80 93
120 80 0
0 76 0
0 71 0
120 71 82
0 76 82
0 80 97
480 80 0
0 76 0
0 71 0
0 79 86
60 79 0
0 81 86
60 81 0
0 82 86
60 82 0
0 84 86
60 84 0
0 86 90
120 86 0
120 79 68
0 91 81
0 82 68
120 82 0
0 91 0
0 79 0
120 91 81
0 79 68
0 82 68
120 82 0
0 79 0
0 91 0
120 79 68
0 82 68
0 90 81
120 90 0
0 82 0
0 79 0
120 90 86
0 82 73
0 79 73
120 79 0
0 82 0
0 90 0
120 79 68
0 89 81
0 82 68
120 82 0
0 89 0
0 79 0
120 82 68
0 79 68
0 89 81
120 89 0
0 79 0
0 82 0
120 79 68
0 88 81
0 82 68
120 82 0
0 88 0
0 79 0
120 82 73
0 79 73
0 88 86
120 88 0
0 79 0
0 82 0
120 79 69
0 87 82
0 82 69
120 82 0
0 87 0
0 79 0
120 82 69
0 87 82
0 79 69
120 79 0
0 87 0
0 82 0
120 86 82
0 82 69
0 79 69
120 79 0
0 82 0
0 86 0
120 76 79
0 85 93
0 81 79
120 81 0
0 85 0
0 76 0
120 85 97
0 76 82
0 81 82
480 81 0
0 76 0
0 85 0
240 86 106
60 86 0
0 88 83
60 88 0
0 89 83
60 89 0
0 91 83
60 91 0
0 93 83
120 93 0
120 91 104
60 91 0
0 89 84
60 89 0
0 88 84
60 88 0
0 86 84
60 86 0
0 84 85
120 84 0
120 82 104
60 82 0
0 84 84
60 84 0
0 86 84
60 86 0
0 88 84
60 88 0
0 89 84
120 89 0
120 88 104
60 88 0
0 86 84
60 86 0
0 84 84
60 84 0
0 82 84
60 82 0
0 81 84
120 81 0
120 79 104
60 79 0
0 81 86
60 81 0
0 82 86
60 82 0
0 84 86
60 84 0
0 86 86
120 86 0
120 84 104
60 84 0
0 82 86
60 82 0
0 81 85
60 81 0
0 79 85
60 79 0
0 77 85
120 77 0
120 81 94
0 88 94
0 76 94
120 76 0
0 88 0
0 81 0
120 76 94
0 81 94
0 88 94
480 88 0
0 81 0
0 76 0
240 82 92
60 82 0
0 84 83
60 84 0
0 86 83
60 86 0
0 88 83
60 88 0
0 89 83
120 89 0
120 88 92
60 88 0
0 86 84
60 86 0
0 84 84
60 84 0
0 82 84
60 82 0
0 81 85
120 81 0
120 79 92
60 79 0
0 81 84
60 81 0
0 82 84
60 82 0
0 84 84
60 84 0
0 86 84
120 86 0
120 84 92
60 84 0
0 82 84
60 82 0
0 81 84
60 81 0
0 79 84
60 79 0
0 77 84
120 77 0
120 75 94
60 75 0
0 77 83
60 77 0
0 79 83
60 79 0
0 81 83
60 81 0
0 82 83
120 82 0
120 81 92
60 81 0
0 79 83
60 79 0
0 77 83
60 77 0
0 75 83
60 75 0
0 74 83
120 74 0
120 76 86
0 81 86
0 69 86
120 69 0
0 81 0
0 76 0
120 69 86
0 76 86
0 81 86
480 81 0
0 76 0
0 69 0
240 74 75
60 74 0
0 76 66
60 76 0
0 77 66
60 77 0
0 79 66
60 79 0
0 81 66
120 81 0
120 79 77
60 79 0
0 77 65
60 77 0
0 76 65
60 76 0
0 74 65
60 74 0
0 72 65
120 72 0
120 70 73
60 70 0
0 72 65
60 72 0
0 74 64
60 74 0
0 76 64
60 76 0
0 77 64
120 77 0
120 76 72
60 76 0
0 74 64
60 74 0
0 72 63
60 72 0
0 70 63
60 70 0
0 69 63
120 69 0
120 67 71
60 67 0
0 69 63
60 69 0
0 70 63
60 70 0
0 72 62
60 72 0
0 74 62
120 74 0
120 72 71
60 72 0
0 70 62
60 70 0
0 69 62
60 69 0
0 67 60
60 67 0
0 65 60
120 65 0
120 64 71
0 69 71
0 76 71
120 76 0
0 69 0
0 64 0
120 64 72
0 69 72
0 76 72
480 76 0
0 69 0
0 64 0
240 70 58
60 70 0
0 72 54
60 72 0
0 74 54
60 74 0
0 76 54
60 76 0
0 77 54
120 77 0
120 76 60
60 76 0
0 74 54
60 74 0
0 72 54
60 72 0
0 70 54
60 70 0
0 69 55
120 69 0
120 67 59
60 67 0
0 69 54
60 69 0
0 70 54
60 70 0
0 72 54
60 72 0
0 74 52
120 74 0
120 72 56
60 72 0
0 70 52
60 70 0
0 69 52
60 69 0
0 67 52
60 67 0
0 65 52
120 65 0
120 63 56
60 63 0
0 65 51
60 65 0
0 67 51
60 67 0
0 69 51
60 69 0
0 70 51
120 70 0
120 69 55
60 69 0
0 67 50
60 67 0
0 65 50
60 65 0
0 63 50
60 63 0
0 62 50
120 62 0
120 57 43
0 64 43
0 69 51
120 69 0
0 64 0
0 57 0
120 57 44
0 64 44
0 69 52
480 69 0
0 64 0
0 57 0
240 86 59
60 86 0
0 84 47
60 84 0
0 82 47
60 82 0
0 81 47
60 81 0
0 79 51
120 79 0
120 74 60
60 74 0
0 72 47
60 72 0
0 70 47
60 70 0
0 69 47
60 69 0
0 67 51
120 67 0
360 69 51
0 57 43
0 64 43
720 64 0
0 57 0
0 69 0
0 86 59
60 86 0
0 84 47
60 84 0
0 82 47
60 82 0
0 81 47
60 81 0
0 79 51
120 79 0
120 74 60
60 74 0
0 72 47
60 72 0
0 70 47
60 70 0
0 69 47
60 69 0
0 67 51
120 67 0
360 69 43
0 57 36
0 64 36
120 64 0
0 57 0
0 69 0
120 74 51
60 74 0
0 72 46
60 72 0
0 70 46
60 70 0
0 69 46
60 69 0
0 67 50
120 67 0
360 69 43
0 57 36
0 64 36
120 64 0
0 57 0
0 69 0
120 74 42
60 74 0
0 72 42
60 72 0
0 70 42
60 70 0
0 69 42
60 69 0
0 67 40
120 67 0
360 69 40
0 57 34
0 64 34
120 64 0
0 57 0
0 69 0
120 74 40
60 74 0
0 72 40
60 72 0
0 70 40
60 70 0
0 69 39
60 69 0
0 67 36
120 67 0
360 69 36
0 57 36
0 64 36
120 64 0
0 57 0
0 69 0
120 74 37
60 74 0
0 72 37
60 72 0
0 70 37
60 70 0
0 69 37
60 69 0
0 67 35
120 67 0
840 50 46
60 50 0
0 52 46
60 52 0
0 53 46
60 53 0
0 55 46
60 55 0
0 57 50
120 57 0
120 50 36
0 53 36
0 62 43
120 62 0
0 53 0
0 50 0
120 50 36
0 53 36
0 62 43
120 62 0
0 53 0
0 50 0
120 50 36
0 53 36
0 61 43
120 61 0
0 53 0
0 50 0
120 53 39
0 61 46
0 50 39
120 50 0
0 61 0
0 53 0
120 50 36
0 53 36
0 60 43
120 60 0
0 53 0
0 50 0
120 50 36
0 53 36
0 60 43
120 60 0
0 53 0
0 50 0
120 50 36
0 53 36
0 59 43
120 59 0
0 53 0
0 50 0
120 50 39
0 53 39
0 59 46
120 59 0
0 53 0
0 50 0
120 53 35
0 58 42
0 50 35
120 50 0
0 58 0
0 53 0
120 50 35
0 53 35
0 58 42
120 58 0
0 53 0
0 50 0
120 50 34
0 53 34
0 57 41
1200 57 0
0 53 0
0 50 0
960 62 40
120 62 0
120 69 39
120 69 0
120 74 36
120 74 0
120 81 42
1200 81 0
0 86 113
0 81 95
0 74 95
120 74 0
0 81 0
0 86 0
0 74 86
0 81 86
0 86 102
120 86 0
0 81 0
0 74 0
1 38 32
120 38 0
119 45 31
120 45 0
120 38 32
120 38 0
120 45 31
120 45 0
120 38 32
120 38 0
120 45 31
120 45 0
120 38 32
120 38 0
120 45 31
120 45 0
120 38 32
120 38 0
120 45 31
120 45 0
120 38 32
120 38 0
120 45 31
120 45 0
120 38 32
120 38 0
120 45 31
120 45 0
120 38 32
120 38 0
120 45 31
120 45 0
120 38 32
120 38 0
120 45 29
120 45 0
120 38 32
120 38 0
120 45 29
120 45 0
120 38 32
120 38 0
120 45 31
120 45 0
120 38 32
120 38 0
120 45 31
120 45 0
120 38 32
120 38 0
120 45 31
120 45 0
120 38 32
120 38 0
120 45 31
120 45 0
120 38 32
120 38 0
120 45 31
120 45 0
120 38 32
120 38 0
120 45 31
120 45 0
120 38 32
120 38 0
120 45 29
120 45 0
120 38 32
120 38 0
120 45 29
120 45 0
120 38 32
120 38 0
120 45 31
120 45 0
120 38 32
120 38 0
120 45 31
120 45 0
360 58 32
0 65 32
120 65 0
0 58 0
360 53 32
0 60 32
120 60 0
0 53 0
360 62 32
0 55 32
120 55 0
0 62 0
360 50 32
0 57 32
120 57 0
0 50 0
360 58 32
0 51 32
120 51 0
0 58 0
360 53 32
0 46 32
120 46 0
0 53 0
120 45 37
120 45 0
120 52 32
120 52 0
120 45 38
120 45 0
120 52 32
120 52 0
120 39 37
120 39 0
120 46 32
120 46 0
120 39 37
120 39 0
120 46 32
120 46 0
120 45 37
120 45 0
120 52 32
120 52 0
120 45 38
120 45 0
120 52 32
120 52 0
120 39 37
120 39 0
120 46 32
120 46 0
120 39 37
120 39 0
120 46 32
120 46 0
120 45 37
120 45 0
120 52 32
120 52 0
120 39 38
120 39 0
120 46 31
120 46 0
120 45 34
120 45 0
120 52 32
120 52 0
120 39 34
120 39 0
120 46 29
120 46 0
120 45 35
120 45 0
120 52 32
120 52 0
120 39 34
120 39 0
120 46 28
120 46 0
120 45 32
120 45 0
120 52 29
120 52 0
120 39 32
120 39 0
120 46 27
120 46 0
120 45 46
120 45 0
120 52 41
120 52 0
120 46 46
120 46 0
120 52 41
120 52 0
120 44 44
120 44 0
120 52 42
120 52 0
120 45 46
120 45 0
120 52 43
120 52 0
120 46 48
120 46 0
120 52 43
120 52 0
120 47 51
120 47 0
120 52 45
120 52 0
120 48 53
120 48 0
120 52 49
120 52 0
120 47 57
120 47 0
120 52 50
120 52 0
120 46 58
120 46 0
120 52 53
120 52 0
120 45 60
120 45 0
120 52 54
120 52 0
120 44 63
120 44 0
120 52 58
120 52 0
120 43 66
120 43 0
120 49 60
120 49 0
120 42 69
120 42 0
120 49 64
120 49 0
120 41 77
120 41 0
120 49 69
120 49 0
120 40 83
120 40 0
120 49 76
120 49 0
120 39 86
120 39 0
120 49 79
120 49 0
120 50 94
0 38 80
120 38 0
0 50 0
120 45 80
0 33 68
120 33 0
0 45 0
120 50 94
0 38 80
120 38 0
0 50 0
120 33 68
0 45 80
120 45 0
0 33 0
120 38 80
0 50 94
120 50 0
0 38 0
120 33 68
0 45 80
120 45 0
0 33 0
120 50 94
0 38 80
120 38 0
0 50 0
120 33 68
0 45 80
120 45 0
0 33 0
120 38 71
0 50 84
120 50 0
0 38 0
120 33 60
0 45 71
120 45 0
0 33 0
120 38 71
0 50 84
120 50 0
0 38 0
120 33 60
0 45 71
120 45 0
0 33 0
120 50 84
0 38 71
120 38 0
0 50 0
120 33 60
0 45 71
120 45 0
0 33 0
120 38 71
0 50 84
120 50 0
0 38 0
120 33 60
0 45 71
120 45 0
0 33 0
120 50 84
0 38 71
120 38 0
0 50 0
120 45 71
0 33 60
120 33 0
0 45 0
120 50 84
0 38 71
120 38 0
0 50 0
120 45 71
0 33 60
120 33 0
0 45 0
120 38 71
0 50 84
120 50 0
0 38 0
120 33 60
0 45 71
120 45 0
0 33 0
120 38 71
0 50 84
120 50 0
0 38 0
120 33 60
0 45 71
120 45 0
0 33 0
120 50 84
0 38 71
120 38 0
0 50 0
120 45 71
0 33 60
120 33 0
0 45 0
120 50 84
0 38 71
120 38 0
0 50 0
120 45 71
0 33 60
120 33 0
0 45 0
120 38 71
0 50 84
120 50 0
0 38 0
120 45 71
0 33 60
120 33 0
0 45 0
120 50 84
0 38 71
120 38 0
0 50 0
120 45 71
0 33 60
120 33 0
0 45 0
120 38 71
0 50 84
120 50 0
0 38 0
120 33 60
0 45 71
120 45 0
0 33 0
120 50 84
0 38 71
120 38 0
0 50 0
120 33 60
0 45 71
120 45 0
0 33 0
120 38 71
0 50 84
120 50 0
0 38 0
120 33 60
0 45 71
120 45 0
0 33 0
120 38 71
0 50 84
120 50 0
0 38 0
120 33 60
0 45 71
120 45 0
0 33 0
120 53 71
0 65 84
120 65 0
0 53 0
120 50 71
0 38 50
120 38 0
0 50 0
120 64 84
0 52 71
120 52 0
0 64 0
120 38 50
0 50 71
120 50 0
0 38 0
120 62 84
0 50 71
120 50 0
0 62 0
120 50 71
0 38 50
120 38 0
0 50 0
120 60 84
0 48 71
120 48 0
0 60 0
120 38 50
0 50 71
120 50 0
0 38 0
120 46 60
0 58 84
120 58 0
0 46 0
120 38 50
0 50 71
120 50 0
0 38 0
120 57 84
0 45 60
120 45 0
0 57 0
120 50 71
0 38 50
120 38 0
0 50 0
120 43 60
0 55 84
120 55 0
0 43 0
120 50 71
0 38 50
120 38 0
0 50 0
120 55 84
0 43 60
120 43 0
0 55 0
120 38 50
0 50 71
120 50 0
0 38 0
120 62 84
0 50 71
120 50 0
0 62 0
120 38 60
0 50 71
120 50 0
0 38 0
120 60 84
0 48 71
120 48 0
0 60 0
120 50 71
0 38 60
120 38 0
0 50 0
120 58 84
0 46 71
120 46 0
0 58 0
120 38 60
0 50 71
120 50 0
0 38 0
120 57 84
0 45 71
120 45 0
0 57 0
120 50 71
0 38 60
120 38 0
0 50 0
120 55 84
0 43 71
120 43 0
0 55 0
120 50 71
0 38 60
120 38 0
0 50 0
120 41 71
0 53 84
120 53 0
0 41 0
120 38 60
0 50 71
120 50 0
0 38 0
120 40 71
0 52 84
120 52 0
0 40 0
120 50 71
0 38 60
120 38 0
0 50 0
120 52 84
0 40 71
120 40 0
0 52 0
120 38 60
0 50 71
120 50 0
0 38 0
120 53 62
120 53 0
120 38 52
120 38 0
120 52 60
120 52 0
120 38 51
120 38 0
120 50 59
120 50 0
120 38 50
120 38 0
120 48 58
120 48 0
120 38 49
120 38 0
120 46 57
120 46 0
120 38 48
120 38 0
120 45 56
120 45 0
120 38 48
120 38 0
120 43 55
120 43 0
120 38 47
120 38 0
120 43 54
120 43 0
120 38 46
120 38 0
120 50 49
120 50 0
120 38 41
120 38 0
120 48 48
120 48 0
120 38 41
120 38 0
120 46 48
120 46 0
120 38 40
120 38 0
120 45 47
120 45 0
120 38 40
120 38 0
120 43 47
120 43 0
120 38 40
120 38 0
120 41 46
120 41 0
120 38 39
120 38 0
120 40 46
120 40 0
120 38 37
120 38 0
120 40 44
120 40 0
120 38 37
120 38 0
120 39 47
120 39 0
120 45 41
120 45 0
120 39 47
120 39 0
120 45 41
120 45 0
120 38 47
120 38 0
120 45 41
120 45 0
120 38 48
120 38 0
120 45 41
120 45 0
120 39 47
120 39 0
120 45 41
120 45 0
120 39 47
120 39 0
120 45 41
120 45 0
120 38 47
120 38 0
120 45 41
120 45 0
120 39 48
120 39 0
120 45 39
120 45 0
120 38 43
120 38 0
120 45 41
120 45 0
120 39 43
120 39 0
120 45 36
120 45 0
120 38 43
120 38 0
120 45 39
120 45 0
120 39 42
120 39 0
120 45 34
120 45 0
120 38 39
120 38 0
120 45 36
120 45 0
120 39 37
120 39 0
120 45 32
120 45 0
120 38 41
120 38 0
120 45 39
120 45 0
120 38 41
120 38 0
120 45 39
120 45 0
120 38 41
120 38 0
120 45 39
120 45 0
120 38 41
120 38 0
120 45 39
120 45 0
120 38 41
120 38 0
120 45 39
120 45 0
120 38 41
120 38 0
120 45 39
120 45 0
120 38 41
120 38 0
120 45 37
120 45 0
120 38 41
120 38 0
120 45 37
120 45 0
120 38 43
120 38 0
120 45 40
120 45 0
120 38 43
120 38 0
120 45 41
120 45 0
120 38 42
120 38 0
120 45 40
120 45 0
120 50 42
120 50 0
120 57 40
120 57 0
0 62 27
0 69 27
212 69 0
0 62 0
0 66 27
0 71 27
0 59 27
776 59 0
0 71 0
0 66 0
0 62 27
0 69 27
875 69 0
0 62 0
0 71 23
0 59 23
0 66 23
666 66 0
0 59 0
0 71 0
0 62 36
0 69 27
353 62 0
0 61 36
339 61 0
0 69 0
0 71 27
0 66 37
0 59 27
339 66 0
0 65 35
240 65 0
0 59 0
0 71 0
0 69 40
0 64 27
416 69 0
0 68 37
346 68 0
0 64 0
0 64 35
0 69 23
0 57 23
287 64 0
0 65 33
181 69 0
2 65 0
0 57 0
70 57 27
0 50 21
310 50 0
0 57 0
155 47 21
0 59 27
0 54 21
296 54 0
0 59 0
0 47 0
173 57 27
0 50 21
720 50 0
0 57 0
236 59 23
0 47 18
0 54 18
677 54 0
0 47 0
0 59 0
99 57 27
0 50 35
56 50 0
0 49 34
240 49 0
0 57 0
91 47 31
0 59 31
0 54 39
91 54 0
0 53 35
240 53 0
0 59 0
0 47 0
92 40 27
60 57 35
480 57 0
0 56 34
240 56 0
0 40 0
238 52 18
0 57 23
0 45 18
692 45 0
0 57 0
0 52 0
0 57 35
41 57 0
0 67 35
80 67 0
0 73 35
80 73 0
240 79 40
480 79 0
0 57 35
80 57 0
0 67 35
80 67 0
0 73 35
80 73 0
240 79 40
480 79 0
0 57 40
120 57 0
120 64 40
120 64 0
120 67 39
120 67 0
120 71 39
120 71 0
120 73 37
120 73 0
120 76 36
120 76 0
120 79 36
120 79 0
0 53 35
80 53 0
0 63 35
80 63 0
0 69 35
80 69 0
240 75 39
480 75 0
0 53 35
80 53 0
0 63 35
80 63 0
0 69 35
80 69 0
240 75 41
480 75 0
0 53 40
120 53 0
120 60 40
120 60 0
120 63 39
120 63 0
120 67 39
120 67 0
120 69 37
120 69 0
120 72 36
120 72 0
120 75 36
120 75 0
148 50 33
120 50 0
120 57 33
120 57 0
120 60 32
120 60 0
120 64 32
120 64 0
120 66 31
120 66 0
120 69 29
120 69 0
120 72 28
120 72 0
0 74 24
0 67 24
875 67 0
0 74 0
0 76 24
0 71 24
0 64 24
790 64 0
0 71 0
0 76 0
0 67 24
0 74 24
868 74 0
0 67 0
0 64 20
0 71 20
0 76 20
640 76 0
0 71 0
0 64 0
0 67 32
0 74 24
367 67 0
0 66 32
480 66 0
0 74 0
0 76 24
0 64 24
0 71 33
353 71 0
0 70 31
480 70 0
0 64 0
0 76 0
0 69 24
0 74 35
427 74 0
0 73 33
480 73 0
0 69 0
0 62 20
0 69 31
0 74 20
388 69 0
0 70 27
203 74 0
2 70 0
0 62 0
84 55 26
0 62 26
296 62 0
0 55 0
113 52 26
0 59 26
0 64 26
268 64 0
0 59 0
0 52 0
155 55 26
0 62 26
720 62 0
0 55 0
28 64 21
0 52 21
0 59 21
720 59 0
0 52 0
0 64 0
56 55 33
0 62 26
70 55 0
0 54 33
240 54 0
0 62 0
114 52 29
0 59 37
0 64 29
91 59 0
0 58 33
240 58 0
0 64 0
0 52 0
102 45 26
60 62 33
480 62 0
0 61 33
240 61 0
0 45 0
234 62 21
0 50 21
0 57 21
663 57 0
0 50 0
0 62 0
0 62 35
34 62 0
0 72 35
80 72 0
0 78 35
80 78 0
240 84 40
480 84 0
0 62 40
7 62 0
120 71 40
120 71 0
120 74 39
120 74 0
120 79 39
120 79 0
120 62 35
23 62 0
0 69 35
80 69 0
0 73 35
80 73 0
240 79 40
480 79 0
0 62 40
49 62 0
120 69 40
120 69 0
120 74 39
120 74 0
120 78 39
120 78 0
120 50 35
31 50 0
1 60 35
79 66 35
1 60 0
79 66 0
240 72 39
480 72 0
0 50 39
14 50 0
120 59 37
120 59 0
120 62 36
120 62 0
120 67 36
120 67 0
0 50 33
30 50 0
0 57 33
80 57 0
0 61 33
80 61 0
240 67 37
480 67 0
0 50 35
7 50 0
120 57 37
120 57 0
120 62 40
120 62 0
120 69 42
120 69 0
0 74 46
120 74 0
120 69 43
120 69 0
120 62 43
120 62 0
120 69 43
120 69 0
120 62 43
120 62 0
120 57 43
120 57 0
120 62 42
120 62 0
120 57 41
120 57 0
120 50 42
120 50 0
120 57 40
120 57 0
120 50 42
120 50 0
120 45 41
120 45 0
0 38 41
120 38 0
120 45 31
120 45 0
120 38 32
120 38 0
120 45 31
120 45 0
120 38 32
120 38 0
120 45 31
120 45 0
120 38 32
120 38 0
120 45 31
120 45 0
120 38 32
120 38 0
120 45 31
120 45 0
120 38 32
120 38 0
120 45 31
120 45 0
120 38 32
120 38 0
120 45 31
120 45 0
120 38 32
120 38 0
120 45 31
120 45 0
120 38 32
120 38 0
120 45 29
120 45 0
120 38 32
120 38 0
120 45 29
120 45 0
120 38 32
120 38 0
120 45 31
120 45 0
120 38 32
120 38 0
120 45 31
120 45 0
120 38 32
120 38 0
120 45 31
120 45 0
120 38 32
120 38 0
120 45 31
120 45 0
120 38 32
120 38 0
120 45 31
120 45 0
120 38 32
120 38 0
120 45 31
120 45 0
120 38 32
120 38 0
120 45 29
120 45 0
120 38 32
120 38 0
120 45 29
120 45 0
120 38 32
120 38 0
120 45 31
120 45 0
120 38 32
120 38 0
120 45 31
120 45 0
360 65 32
0 58 32
120 58 0
0 65 0
360 60 32
0 53 32
120 53 0
0 60 0
360 62 32
0 55 32
120 55 0
0 62 0
360 50 32
0 57 32
120 57 0
0 50 0
360 51 32
0 58 32
120 58 0
0 51 0
360 46 32
0 53 32
120 53 0
0 46 0
120 45 37
120 45 0
120 52 32
120 52 0
120 45 38
120 45 0
120 52 32
120 52 0
120 39 37
120 39 0
120 46 32
120 46 0
120 39 37
120 39 0
120 46 32
120 46 0
120 45 37
120 45 0
120 52 32
120 52 0
120 45 38
120 45 0
120 52 32
120 52 0
120 39 37
120 39 0
120 46 32
120 46 0
120 39 37
120 39 0
120 46 32
120 46 0
120 45 37
120 45 0
120 52 32
120 52 0
120 39 38
120 39 0
120 46 31
120 46 0
120 45 34
120 45 0
120 52 32
120 52 0
120 39 34
120 39 0
120 46 29
120 46 0
120 45 35
120 45 0
120 52 32
120 52 0
120 39 34
120 39 0
120 46 28
120 46 0
120 45 32
120 45 0
120 52 29
120 52 0
120 39 32
120 39 0
120 46 27
120 46 0
120 45 46
120 45 0
120 52 41
120 52 0
120 46 46
120 46 0
120 52 41
120 52 0
120 44 44
120 44 0
120 52 42
120 52 0
120 45 46
120 45 0
120 52 43
120 52 0
120 46 48
120 46 0
120 52 43
120 52 0
120 47 51
120 47 0
120 52 45
120 52 0
120 48 53
120 48 0
120 52 49
120 52 0
120 47 57
120 47 0
120 52 50
120 52 0
120 46 58
120 46 0
120 52 53
120 52 0
120 45 60
120 45 0
120 52 54
120 52 0
120 44 63
120 44 0
120 52 58
120 52 0
120 43 66
120 43 0
120 49 60
120 49 0
120 42 69
120 42 0
120 49 64
120 49 0
120 41 77
120 41 0
120 49 69
120 49 0
120 40 83
120 40 0
120 49 76
120 49 0
120 39 86
120 39 0
120 49 79
120 49 0
120 38 87
0 50 102
120 50 0
0 38 0
120 33 68
0 45 80
120 45 0
0 33 0
120 38 80
0 50 94
120 50 0
0 38 0
120 33 68
0 45 80
120 45 0
0 33 0
120 38 80
0 50 94
120 50 0
0 38 0
120 33 68
0 45 80
120 45 0
0 33 0
120 38 80
0 50 94
120 50 0
0 38 0
120 45 80
0 33 68
120 33 0
0 45 0
120 38 71
0 50 84
120 50 0
0 38 0
120 33 60
0 45 71
120 45 0
0 33 0
120 38 71
0 50 84
120 50 0
0 38 0
120 45 71
0 33 60
120 33 0
0 45 0
120 38 71
0 50 84
120 50 0
0 38 0
120 33 60
0 45 71
120 45 0
0 33 0
120 38 71
0 50 84
120 50 0
0 38 0
120 45 71
0 33 60
120 33 0
0 45 0
120 38 71
0 50 84
120 50 0
0 38 0
120 33 60
0 45 71
120 45 0
0 33 0
120 38 71
0 50 84
120 50 0
0 38 0
120 45 71
0 33 60
120 33 0
0 45 0
120 38 71
0 50 84
120 50 0
0 38 0
120 33 60
0 45 71
120 45 0
0 33 0
120 38 71
0 50 84
120 50 0
0 38 0
120 45 71
0 33 60
120 33 0
0 45 0
120 38 71
0 50 84
120 50 0
0 38 0
120 33 60
0 45 71
120 45 0
0 33 0
120 38 71
0 50 84
120 50 0
0 38 0
120 45 71
0 33 60
120 33 0
0 45 0
120 38 71
0 50 84
120 50 0
0 38 0
120 33 60
0 45 71
120 45 0
0 33 0
120 38 71
0 50 84
120 50 0
0 38 0
120 45 71
0 33 60
120 33 0
0 45 0
120 38 71
0 50 84
120 50 0
0 38 0
120 33 60
0 45 71
120 45 0
0 33 0
120 38 71
0 50 84
120 50 0
0 38 0
120 45 71
0 33 60
120 33 0
0 45 0
120 38 71
0 50 84
120 50 0
0 38 0
120 33 60
0 45 71
120 45 0
0 33 0
120 38 71
0 50 84
120 50 0
0 38 0
120 45 71
0 33 60
120 33 0
0 45 0
120 65 84
0 53 71
120 53 0
0 65 0
120 38 60
0 50 71
120 50 0
0 38 0
120 52 71
0 64 84
120 64 0
0 52 0
120 38 60
0 50 71
120 50 0
0 38 0
120 62 84
0 50 71
120 50 0
0 62 0
120 38 60
0 50 71
120 50 0
0 38 0
120 48 71
0 60 84
120 60 0
0 48 0
120 38 60
0 50 71
120 50 0
0 38 0
120 46 71
0 58 84
120 58 0
0 46 0
120 38 60
0 50 71
120 50 0
0 38 0
120 45 71
0 57 84
120 57 0
0 45 0
120 38 60
0 50 71
120 50 0
0 38 0
120 43 71
0 55 84
120 55 0
0 43 0
120 38 60
0 50 71
120 50 0
0 38 0
120 43 71
0 55 84
120 55 0
0 43 0
120 38 60
0 50 71
120 50 0
0 38 0
120 62 84
0 50 71
120 50 0
0 62 0
120 38 60
0 50 71
120 50 0
0 38 0
120 48 71
0 60 84
120 60 0
0 48 0
120 38 60
0 50 71
120 50 0
0 38 0
120 58 84
0 46 71
120 46 0
0 58 0
120 38 60
0 50 71
120 50 0
0 38 0
120 45 71
0 57 84
120 57 0
0 45 0
120 38 60
0 50 71
120 50 0
0 38 0
120 43 71
0 55 84
120 55 0
0 43 0
120 38 60
0 50 71
120 50 0
0 38 0
120 41 71
0 53 84
120 53 0
0 41 0
120 38 60
0 50 71
120 50 0
0 38 0
120 40 71
0 52 84
120 52 0
0 40 0
120 38 60
0 50 71
120 50 0
0 38 0
120 40 71
0 52 84
120 52 0
0 40 0
120 38 60
0 50 71
120 50 0
0 38 0
120 53 62
120 53 0
120 38 52
120 38 0
120 52 60
120 52 0
120 38 51
120 38 0
120 50 59
120 50 0
120 38 50
120 38 0
120 48 58
120 48 0
120 38 49
120 38 0
120 46 57
120 46 0
120 38 48
120 38 0
120 45 56
120 45 0
120 38 48
120 38 0
120 43 55
120 43 0
120 38 47
120 38 0
120 43 54
120 43 0
120 38 46
120 38 0
120 50 49
120 50 0
120 38 41
120 38 0
120 48 48
120 48 0
120 38 41
120 38 0
120 46 48
120 46 0
120 38 40
120 38 0
120 45 47
120 45 0
120 38 40
120 38 0
120 43 47
120 43 0
120 38 40
120 38 0
120 41 46
120 41 0
120 38 39
120 38 0
120 40 46
120 40 0
120 38 37
120 38 0
120 40 44
120 40 0
120 38 37
120 38 0
120 39 47
120 39 0
120 45 41
120 45 0
120 39 47
120 39 0
120 45 41
120 45 0
120 38 47
120 38 0
120 45 41
120 45 0
120 38 48
120 38 0
120 45 41
120 45 0
120 39 47
120 39 0
120 45 41
120 45 0
120 39 47
120 39 0
120 45 41
120 45 0
120 38 47
120 38 0
120 45 41
120 45 0
120 39 48
120 39 0
120 45 39
120 45 0
120 38 43
120 38 0
120 45 41
120 45 0
120 39 43
120 39 0
120 45 36
120 45 0
120 38 43
120 38 0
120 45 39
120 45 0
120 39 42
120 39 0
120 45 34
120 45 0
120 38 39
120 38 0
120 45 36
120 45 0
120 39 37
120 39 0
120 45 32
120 45 0
120 38 41
120 38 0
120 45 39
120 45 0
120 38 41
120 38 0
120 45 39
120 45 0
120 38 41
120 38 0
120 45 39
120 45 0
120 38 41
120 38 0
120 45 39
120 45 0
120 38 41
120 38 0
120 45 39
120 45 0
120 38 41
120 38 0
120 45 39
120 45 0
120 38 41
120 38 0
120 45 37
120 45 0
120 38 41
120 38 0
120 45 37
120 45 0
120 38 43
120 38 0
120 45 40
120 45 0
120 38 43
120 38 0
120 45 41
120 45 0
120 38 42
120 38 0
120 45 40
120 45 0
120 50 42
120 50 0
120 57 40
120 57 0
1179 50 90
0 38 75
0 45 75
120 45 0
0 38 0
0 50 0
0 38 68
0 50 81
0 45 68
120 45 0
0 50 0
0 38 0
