0 74 63
240 74 0
0 79 65
240 79 0
0 83 68
240 83 0
0 86 71
480 86 0
0 74 63
240 74 0
0 76 68
240 76 0
0 84 63
240 84 0
0 76 58
240 76 0
0 74 58
240 74 0
480 72 51
240 72 0
0 81 45
240 81 0
0 72 45
240 72 0
0 71 52
120 71 0
0 79 44
120 79 0
0 72 54
120 72 0
0 79 44
120 79 0
0 74 53
120 74 0
0 79 45
120 79 0
0 72 56
120 72 0
0 76 41
120 76 0
0 74 52
120 74 0
0 72 42
120 72 0
0 71 49
120 71 0
0 69 40
120 69 0
0 67 49
240 67 0
480 74 63
240 74 0
0 79 65
240 79 0
0 83 68
240 83 0
0 86 71
480 86 0
0 74 63
240 74 0
0 76 68
240 76 0
0 84 63
240 84 0
0 76 58
240 76 0
0 74 58
240 74 0
480 72 51
240 72 0
0 81 45
240 81 0
0 72 45
240 72 0
0 71 52
120 71 0
0 79 44
120 79 0
0 72 54
120 72 0
0 79 44
120 79 0
0 74 53
120 74 0
0 79 45
120 79 0
0 72 56
120 72 0
0 76 41
120 76 0
0 74 52
120 74 0
0 72 42
120 72 0
0 71 49
120 71 0
0 69 40
120 69 0
0 67 49
240 67 0
480 66 56
120 66 0
0 62 48
120 62 0
0 66 56
120 66 0
0 62 47
120 62 0
0 66 56
120 66 0
0 62 49
120 62 0
0 67 56
120 67 0
0 62 50
120 62 0
0 69 59
120 69 0
0 62 54
120 62 0
0 71 62
120 71 0
0 62 55
120 62 0
0 72 65
120 72 0
0 62 56
120 62 0
0 72 64
120 72 0
0 62 56
120 62 0
0 71 63
120 71 0
0 62 53
120 62 0
0 69 61
120 69 0
0 74 47
120 74 0
0 66 59
120 66 0
0 69 44
120 69 0
0 62 54
238 62 0
2 66 70
120 66 0
0 74 59
120 74 0
0 66 70
120 66 0
0 74 58
120 74 0
0 66 70
120 66 0
0 74 56
120 74 0
0 67 71
120 67 0
0 74 63
120 74 0
0 69 73
120 69 0
0 74 62
120 74 0
0 71 78
120 71 0
0 74 75
120 74 0
0 72 80
120 72 0
0 74 71
120 74 0
0 72 75
120 72 0
0 74 64
120 74 0
0 71 72
120 71 0
0 74 60
120 74 0
0 69 70
120 69 0
0 74 54
120 74 0
0 66 67
120 66 0
0 69 50
120 69 0
0 62 62
240 62 0
0 74 50
240 74 0
0 79 52
240 79 0
0 83 54
240 83 0
0 86 56
480 86 0
0 74 50
240 74 0
0 76 54
240 76 0
0 84 50
240 84 0
0 76 46
240 76 0
0 74 46
240 74 0
480 72 68
240 72 0
0 81 60
240 81 0
0 72 60
240 72 0
0 71 70
120 71 0
0 79 59
120 79 0
0 72 72
120 72 0
0 79 59
120 79 0
0 74 71
120 74 0
0 79 60
120 79 0
0 72 75
120 72 0
0 76 64
120 76 0
0 74 70
120 74 0
0 72 62
120 72 0
0 71 66
120 71 0
0 69 59
120 69 0
0 67 74
240 67 0
480 66 56
120 66 0
0 62 48
120 62 0
0 66 56
120 66 0
0 62 47
120 62 0
0 66 56
120 66 0
0 62 49
120 62 0
0 67 56
120 67 0
0 62 50
120 62 0
0 69 59
120 69 0
0 62 54
120 62 0
0 71 62
120 71 0
0 62 55
120 62 0
0 72 65
120 72 0
0 62 56
120 62 0
0 72 64
120 72 0
0 62 56
120 62 0
0 71 63
120 71 0
0 62 53
120 62 0
0 69 61
120 69 0
0 74 47
120 74 0
0 66 59
120 66 0
0 69 44
120 69 0
0 62 54
238 62 0
2 66 70
120 66 0
0 74 59
120 74 0
0 66 70
120 66 0
0 74 58
120 74 0
0 66 70
120 66 0
0 74 56
120 74 0
0 67 71
120 67 0
0 74 63
120 74 0
0 69 73
120 69 0
0 74 62
120 74 0
0 71 78
120 71 0
0 74 75
120 74 0
0 72 80
120 72 0
0 74 71
120 74 0
0 72 75
120 72 0
0 74 64
120 74 0
0 71 72
120 71 0
0 74 60
120 74 0
0 69 70
120 69 0
0 74 54
120 74 0
0 66 67
120 66 0
0 69 50
120 69 0
0 62 62
240 62 0
0 74 50
240 74 0
0 79 52
240 79 0
0 83 54
240 83 0
0 86 56
480 86 0
0 74 50
240 74 0
0 76 54
240 76 0
0 84 50
240 84 0
0 76 46
240 76 0
0 74 46
240 74 0
480 72 68
240 72 0
0 81 60
240 81 0
0 72 60
240 72 0
0 71 70
120 71 0
0 79 59
120 79 0
0 72 72
120 72 0
0 79 59
120 79 0
0 74 71
120 74 0
0 79 60
120 79 0
0 72 75
120 72 0
0 76 64
120 76 0
0 74 70
120 74 0
0 72 62
120 72 0
0 71 66
120 71 0
0 69 59
120 69 0
0 67 74
240 67 0
0 67 40
120 67 0
0 71 36
120 71 0
0 67 41
120 67 0
0 71 38
120 71 0
0 67 43
120 67 0
0 71 39
120 71 0
0 67 45
120 67 0
0 71 40
120 71 0
0 67 45
120 67 0
0 71 41
120 71 0
0 67 44
120 67 0
0 71 38
120 71 0
0 67 45
120 67 0
0 72 40
120 72 0
0 67 45
120 67 0
0 72 34
120 72 0
0 67 44
120 67 0
0 72 34
120 72 0
0 67 43
120 67 0
0 71 34
120 71 0
0 67 38
120 67 0
0 71 32
120 71 0
0 67 38
120 67 0
0 71 32
120 71 0
0 62 35
120 62 0
0 69 31
120 69 0
0 62 35
120 62 0
0 69 31
120 69 0
0 62 35
120 62 0
0 69 31
120 69 0
0 67 40
120 67 0
120 69 37
120 69 0
120 71 41
120 71 0
120 60 45
480 60 0
0 62 32
240 62 0
0 55 37
240 55 0
0 50 35
120 50 0
120 43 37
120 43 0
120 67 40
120 67 0
0 71 36
120 71 0
0 67 41
120 67 0
0 71 38
120 71 0
0 67 43
120 67 0
0 71 39
120 71 0
0 67 45
120 67 0
0 71 40
120 71 0
0 67 45
120 67 0
0 71 41
120 71 0
0 67 44
120 67 0
0 71 38
120 71 0
0 67 45
120 67 0
0 72 40
120 72 0
0 67 45
120 67 0
0 72 38
120 72 0
0 67 45
120 67 0
0 72 34
120 72 0
0 67 44
120 67 0
0 71 30
120 71 0
0 67 39
120 67 0
0 71 32
120 71 0
0 67 38
120 67 0
0 71 32
120 71 0
0 62 35
120 62 0
0 69 31
120 69 0
0 62 35
120 62 0
0 69 31
120 69 0
0 62 35
120 62 0
0 69 31
120 69 0
0 67 40
120 67 0
120 69 37
120 69 0
120 71 41
120 71 0
120 60 45
480 60 0
0 62 32
240 62 0
0 55 37
240 55 0
0 50 35
120 50 0
120 43 37
120 43 0
120 50 40
480 60 39
240 60 0
0 50 0
0 59 45
240 59 0
0 54 40
240 54 0
0 55 42
240 55 0
0 57 52
240 57 0
0 54 47
240 54 0
0 55 47
240 55 0
0 50 56
0 54 56
480 54 0
0 50 0
240 62 67
0 50 57
480 50 0
0 62 0
0 48 51
0 60 62
240 60 0
0 48 0
0 47 60
0 59 72
240 59 0
0 47 0
0 45 54
0 57 64
240 57 0
0 45 0
0 43 56
0 55 66
240 55 0
0 43 0
0 42 62
0 54 73
480 54 0
0 42 0
0 43 49
0 55 59
240 55 0
0 43 0
0 38 54
0 50 64
480 50 0
0 38 0
240 67 32
120 67 0
0 71 28
120 71 0
0 67 32
120 67 0
0 71 30
120 71 0
0 67 34
120 67 0
0 71 31
120 71 0
0 67 36
120 67 0
0 71 32
120 71 0
0 67 36
120 67 0
0 71 32
120 71 0
0 67 35
120 67 0
0 71 30
120 71 0
0 67 36
120 67 0
0 72 32
120 72 0
0 67 36
120 67 0
0 72 32
120 72 0
0 67 39
120 67 0
0 72 34
120 72 0
0 67 38
120 67 0
0 71 27
120 71 0
0 67 32
120 67 0
0 71 25
120 71 0
0 67 30
120 67 0
0 71 25
120 71 0
0 62 47
120 62 0
0 69 41
120 69 0
0 62 47
120 62 0
0 69 41
120 69 0
0 62 47
120 62 0
0 69 41
120 69 0
0 67 54
120 67 0
120 69 49
120 69 0
120 71 55
120 71 0
120 60 60
480 60 0
0 62 51
240 62 0
0 55 57
240 55 0
0 50 54
120 50 0
120 43 55
120 43 0
120 50 40
480 60 39
240 60 0
0 50 0
0 59 45
240 59 0
0 54 40
240 54 0
0 55 42
240 55 0
0 57 52
240 57 0
0 54 47
240 54 0
0 55 47
240 55 0
0 50 56
0 54 56
480 54 0
0 50 0
240 62 67
0 50 57
480 50 0
0 62 0
0 48 51
0 60 62
240 60 0
0 48 0
0 47 60
0 59 72
240 59 0
0 47 0
0 45 54
0 57 64
240 57 0
0 45 0
0 43 56
0 55 66
240 55 0
0 43 0
0 42 62
0 54 73
480 54 0
0 42 0
0 43 49
0 55 59
240 55 0
0 43 0
0 38 54
0 50 64
480 50 0
0 38 0
240 67 32
120 67 0
0 71 28
120 71 0
0 67 32
120 67 0
0 71 30
120 71 0
0 67 34
120 67 0
0 71 31
120 71 0
0 67 36
120 67 0
0 71 32
120 71 0
0 67 36
120 67 0
0 71 32
120 71 0
0 67 35
120 67 0
0 71 30
120 71 0
0 67 36
120 67 0
0 72 32
120 72 0
0 67 36
120 67 0
0 72 32
120 72 0
0 67 39
120 67 0
0 72 34
120 72 0
0 67 38
120 67 0
0 71 27
120 71 0
0 67 32
120 67 0
0 71 25
120 71 0
0 67 30
120 67 0
0 71 25
120 71 0
0 62 47
120 62 0
0 69 41
120 69 0
0 62 47
120 62 0
0 69 41
120 69 0
0 62 47
120 62 0
0 69 41
120 69 0
0 67 54
120 67 0
120 69 49
120 69 0
120 71 55
120 71 0
120 60 60
480 60 0
0 62 51
240 62 0
0 55 57
240 55 0
0 50 54
120 50 0
120 43 55
240 43 0
