2880 62 50
720 62 0
0 65 61
1440 65 0
0 63 57
720 63 0
0 62 50
1200 62 0
2880 74 53
0 70 45
240 70 0
0 74 0
0 72 61
0 69 51
480 69 0
0 72 0
0 67 42
0 70 50
240 70 0
0 67 0
0 69 55
0 66 46
475 66 0
0 69 0
5 69 42
0 72 50
240 72 0
0 69 0
0 70 56
0 62 47
480 62 0
0 70 0
0 60 42
0 69 50
240 69 0
0 60 0
0 67 55
0 58 46
480 58 0
0 67 0
0 62 50
240 62 0
0 63 55
0 60 46
470 60 0
0 63 0
10 60 42
0 63 50
230 63 0
0 60 0
10 63 48
0 60 40
120 60 0
0 63 0
0 65 53
0 62 45
120 62 0
0 65 0
0 67 54
0 63 45
120 63 0
0 67 0
120 60 42
0 63 50
120 63 0
0 60 0
120 62 46
1200 74 53
0 70 45
240 70 0
0 74 0
0 72 61
0 69 51
480 69 0
0 72 0
0 67 42
0 70 50
240 70 0
0 67 0
0 69 55
0 66 46
470 66 0
0 69 0
10 69 42
0 72 50
240 72 0
0 69 0
0 62 0
0 70 56
0 62 47
480 62 0
0 70 0
0 60 42
0 69 50
240 69 0
0 60 0
0 67 55
0 58 46
210 58 0
0 67 0
30 67 62
240 67 0
0 69 63
240 69 0
0 70 69
240 70 0
0 73 62
240 73 0
0 74 67
240 74 0
0 73 66
0 77 78
240 77 0
0 73 0
0 76 66
240 76 0
0 74 72
240 74 0
0 81 78
0 74 56
480 74 0
0 81 0
0 77 68
240 77 0
0 74 63
480 74 0
0 69 55
240 69 0
0 70 57
240 70 0
0 64 48
0 73 57
240 73 0
0 64 0
0 65 48
0 74 57
240 74 0
0 65 0
0 69 53
0 77 63
240 77 0
0 69 0
0 76 57
0 67 48
240 67 0
0 76 0
0 74 54
0 65 45
228 65 0
0 74 0
12 74 65
0 65 55
1170 65 0
0 74 0
30 74 59
240 74 0
0 77 70
240 65 39
240 65 0
0 77 0
0 67 34
0 74 61
240 74 0
0 67 0
0 72 65
240 65 39
240 65 0
0 72 0
0 67 34
0 71 61
240 71 0
0 67 0
0 72 70
240 60 39
0 63 39
240 63 0
0 60 0
0 72 0
0 67 58
240 67 0
0 68 65
240 62 39
0 65 39
240 65 0
0 62 0
0 68 0
0 71 65
240 71 0
0 72 69
240 60 39
0 63 39
240 63 0
0 60 0
0 72 0
0 67 56
240 67 0
0 68 62
240 62 39
0 65 39
240 65 0
0 62 0
0 68 0
0 71 56
240 71 0
0 72 64
240 63 39
240 63 0
0 67 34
240 67 0
240 72 0
0 63 39
240 63 0
0 67 27
0 72 47
240 72 0
0 67 0
0 75 58
240 63 31
240 63 0
0 75 0
0 66 27
0 69 48
240 69 0
0 66 0
0 75 52
240 63 31
240 63 0
0 75 0
0 66 27
0 69 48
240 69 0
0 66 0
0 75 58
240 63 31
240 63 0
0 66 46
0 69 46
240 69 0
0 66 0
240 63 31
240 63 0
0 75 0
0 69 31
0 74 52
240 74 0
0 69 0
0 72 55
240 62 31
240 62 0
0 72 0
0 67 31
0 70 44
237 69 31
3 70 0
0 67 0
237 69 0
3 61 31
0 70 31
240 70 0
0 61 0
0 67 44
240 67 0
0 62 44
0 66 44
0 69 44
0 74 55
240 74 0
0 62 0
0 66 0
0 69 0
0 74 55
180 74 0
60 74 61
180 74 0
60 74 71
180 74 0
60 74 68
180 74 0
60 74 63
180 74 0
60 74 63
216 74 0
24 62 38
0 67 38
0 70 55
216 70 0
0 67 0
0 62 0
24 66 42
0 72 42
0 75 60
216 75 0
0 72 0
0 66 0
24 74 63
240 67 42
0 70 42
216 70 0
0 67 0
24 74 0
0 70 42
0 74 42
0 79 61
216 79 0
0 74 0
0 70 0
24 74 64
216 74 0
24 62 38
0 67 38
0 70 55
216 70 0
0 67 0
0 62 0
24 66 43
0 72 43
0 75 62
216 75 0
0 72 0
0 66 0
24 74 65
240 67 42
0 70 42
216 70 0
0 67 0
24 74 0
0 70 42
0 74 42
0 79 59
216 79 0
0 74 0
0 70 0
24 74 65
216 74 0
24 62 38
0 67 38
0 72 55
216 72 0
0 67 0
0 62 0
24 62 38
0 67 38
0 70 55
216 70 0
0 67 0
0 62 0
24 69 61
240 63 42
0 67 42
216 67 0
0 63 0
24 69 0
0 63 42
0 67 42
0 69 55
216 69 0
0 67 0
0 63 0
24 74 63
240 62 42
0 66 42
216 66 0
0 62 0
24 74 0
0 62 42
0 66 42
0 69 55
216 69 0
0 66 0
0 62 0
24 72 63
240 62 42
0 69 42
216 69 0
0 62 0
24 72 0
0 62 42
0 67 42
0 70 55
216 70 0
0 67 0
0 62 0
24 74 63
216 74 0
24 62 38
0 67 38
0 70 55
216 70 0
0 67 0
0 62 0
24 66 42
0 72 42
0 75 60
216 75 0
0 72 0
0 66 0
24 74 64
240 67 42
0 70 42
216 70 0
0 67 0
24 74 0
0 70 42
0 74 42
0 79 58
216 79 0
0 74 0
0 70 0
24 74 65
216 74 0
24 62 40
0 67 40
0 70 40
216 70 0
0 67 0
0 62 0
24 66 43
0 72 43
0 75 62
216 75 0
0 72 0
0 66 0
24 74 65
240 67 40
0 71 40
216 71 0
0 67 0
0 74 0
24 71 57
0 74 57
0 77 57
0 79 82
240 77 0
0 71 0
0 74 0
0 72 57
0 75 57
240 75 0
0 72 0
0 79 0
0 79 72
216 79 0
24 75 71
216 75 0
24 74 69
216 74 0
24 75 66
216 75 0
24 72 59
216 72 0
24 70 64
216 70 0
24 67 45
0 72 54
216 72 0
0 67 0
24 63 47
0 69 56
216 69 0
0 63 0
24 67 54
216 67 0
24 69 49
216 69 0
24 60 41
0 62 41
0 66 49
216 66 0
0 62 0
0 60 0
24 58 49
0 62 49
0 67 58
240 67 0
0 62 0
0 58 0
960 74 53
0 70 45
240 70 0
0 74 0
0 72 61
0 69 51
480 69 0
0 72 0
0 67 42
0 70 50
240 70 0
0 67 0
0 69 55
0 66 46
480 66 0
0 69 0
0 72 53
0 63 45
240 63 0
0 72 0
0 70 61
0 62 51
480 62 0
0 70 0
0 74 42
0 86 50
216 86 0
0 74 0
24 86 55
0 74 46
480 74 0
0 86 0
0 70 47
0 62 40
240 62 0
0 70 0
0 69 53
0 60 44
480 60 0
0 69 0
0 58 35
0 67 42
240 67 0
0 58 0
0 66 45
0 57 37
480 57 0
0 66 0
0 69 41
0 66 35
240 66 0
0 69 0
0 67 42
0 62 35
480 62 0
0 67 0
0 74 29
0 86 35
216 86 0
0 74 0
24 86 38
0 74 32
480 74 0
0 86 0
0 70 37
0 62 31
240 62 0
0 70 0
0 67 42
480 67 0
0 74 29
0 86 35
216 86 0
0 74 0
24 86 38
0 74 32
480 74 0
0 86 0
960 65 37
1440 65 0
0 63 37
720 63 0
0 62 37
1200 62 0
2400 62 37
960 62 0
480 62 37
960 62 0
0 43 36
240 58 28
0 55 24
240 55 0
0 58 0
0 43 0
0 50 28
240 50 0
0 43 36
240 58 30
0 55 25
240 55 0
0 58 0
0 43 0
0 50 30
240 50 0
0 43 36
240 58 28
0 55 24
240 55 0
0 58 0
0 43 0
0 50 28
240 50 0
0 43 36
240 57 25
0 60 30
0 55 25
240 55 0
0 43 0
0 57 0
0 60 0
0 51 30
240 51 0
0 31 30
0 43 36
240 55 26
0 58 31
240 58 0
0 31 0
0 43 0
0 55 0
0 50 36
240 50 0
0 41 44
0 29 36
240 57 29
0 60 35
240 60 0
0 41 0
0 29 0
0 57 0
0 53 30
240 53 0
0 31 30
0 43 36
240 62 28
0 58 24
240 58 0
0 31 0
0 43 0
0 62 0
0 53 28
240 53 0
0 36 30
0 48 36
240 60 30
0 55 25
240 55 0
0 36 0
0 48 0
0 60 0
0 51 30
240 51 0
0 38 36
240 58 28
0 55 24
240 55 0
0 58 0
0 38 0
0 50 28
240 50 0
0 38 36
240 58 30
0 55 30
240 55 0
0 58 0
0 38 0
0 50 30
240 50 0
0 38 36
240 60 28
0 57 24
240 57 0
0 60 0
0 38 0
0 50 28
240 50 0
0 38 36
240 57 30
0 54 25
240 54 0
0 57 0
0 38 0
0 50 30
240 50 0
0 43 36
180 43 0
60 58 28
0 55 24
240 55 0
0 58 0
0 50 28
240 50 0
0 43 36
180 43 0
60 58 30
0 55 25
240 55 0
0 58 0
0 50 30
240 50 0
0 43 36
180 43 0
60 60 28
0 57 24
240 57 0
0 60 0
0 50 28
240 50 0
0 43 36
180 43 0
60 60 30
0 57 25
240 57 0
0 60 0
0 50 30
240 50 0
0 43 36
180 43 0
60 58 28
0 55 24
240 55 0
0 58 0
0 50 28
240 50 0
0 43 36
180 43 0
60 55 30
240 55 0
0 50 30
240 50 0
0 43 36
180 43 0
60 55 28
240 55 0
0 51 28
240 51 0
0 43 36
180 43 0
60 60 30
0 55 25
240 55 0
0 60 0
0 51 30
240 51 0
0 43 36
180 43 0
60 58 28
0 55 24
240 55 0
0 58 0
0 50 28
240 50 0
0 43 36
180 43 0
60 58 30
0 55 25
240 55 0
0 58 0
0 50 30
240 50 0
0 43 36
180 43 0
60 60 28
0 57 24
240 57 0
0 60 0
0 50 28
240 50 0
0 43 36
180 43 0
60 60 30
0 57 25
240 57 0
0 60 0
0 50 30
240 50 0
0 43 36
180 43 0
60 58 28
0 55 24
240 55 0
0 58 0
0 50 28
240 50 0
0 43 36
180 43 0
60 55 33
240 55 0
0 50 35
240 50 0
0 43 50
180 43 0
60 62 40
0 58 40
240 58 0
0 62 0
0 55 47
240 55 0
0 43 49
180 43 0
60 61 45
0 58 45
240 58 0
0 61 0
0 55 47
240 55 0
0 41 55
180 41 0
60 57 34
0 62 41
240 62 0
0 57 0
0 53 34
240 53 0
0 41 40
180 41 0
60 57 33
0 62 39
240 62 0
0 57 0
0 53 34
240 53 0
0 43 45
180 43 0
60 58 26
0 62 31
240 62 0
0 58 0
0 55 34
240 55 0
0 43 37
180 43 0
60 61 34
240 61 0
0 57 34
240 57 0
0 53 41
180 53 0
60 62 35
0 57 29
240 57 0
0 62 0
0 53 30
240 53 0
0 53 41
180 53 0
60 62 35
0 57 29
240 57 0
0 62 0
0 53 30
240 53 0
0 43 41
180 43 0
60 59 35
0 55 29
240 55 0
0 59 0
0 50 30
240 50 0
0 43 41
180 43 0
60 59 35
0 55 29
240 55 0
0 59 0
0 50 30
240 50 0
0 36 51
180 36 0
60 55 32
240 55 0
0 51 30
240 51 0
0 48 41
180 48 0
60 56 35
0 53 29
240 53 0
0 56 0
0 50 30
240 50 0
0 36 43
180 36 0
60 55 29
240 55 0
0 51 30
240 51 0
0 48 41
180 48 0
60 56 32
0 53 27
240 53 0
0 56 0
0 50 30
240 50 0
0 36 41
180 36 0
60 55 35
0 51 29
240 51 0
0 55 0
0 48 30
240 48 0
0 36 37
180 36 0
60 51 22
0 55 27
240 55 0
0 51 0
0 48 20
240 48 0
0 42 32
180 42 0
60 57 27
0 51 23
240 51 0
0 57 0
0 48 24
240 48 0
0 42 32
180 42 0
60 57 27
0 51 23
240 51 0
0 57 0
0 48 24
240 48 0
0 42 40
180 42 0
60 51 22
0 57 25
240 57 0
0 51 0
0 48 24
240 48 0
0 42 32
180 42 0
60 57 27
0 51 23
240 51 0
0 57 0
0 48 24
240 48 0
0 43 34
180 43 0
60 50 23
0 55 23
240 55 0
0 50 0
0 46 24
240 46 0
0 39 32
180 39 0
60 58 25
0 55 21
240 55 0
0 58 0
0 51 24
240 51 0
0 38 34
480 38 0
960 31 37
0 43 44
240 43 0
0 31 0
1200 31 37
0 43 44
240 43 0
0 31 0
1200 34 37
0 46 44
240 46 0
0 34 0
480 36 37
0 48 44
240 48 0
0 36 0
480 38 37
0 50 44
240 50 0
0 38 0
480 43 37
0 55 44
240 55 0
0 43 0
480 31 37
0 43 44
240 43 0
0 31 0
1200 43 37
0 55 44
240 55 0
0 43 0
1200 36 74
0 48 74
240 48 0
0 36 0
720 67 49
216 67 0
24 63 44
216 63 0
24 62 48
216 62 0
24 63 40
216 63 0
24 60 42
216 60 0
24 62 40
216 62 0
264 50 41
216 50 0
24 43 40
180 43 0
60 58 28
0 55 24
240 55 0
0 58 0
0 50 28
240 50 0
0 43 36
180 43 0
60 58 30
0 55 25
240 55 0
0 58 0
0 50 30
240 50 0
0 43 36
180 43 0
60 60 28
0 57 24
240 57 0
0 60 0
0 50 28
240 50 0
0 43 36
180 43 0
60 60 30
0 57 25
240 57 0
0 60 0
0 50 30
240 50 0
0 43 36
180 43 0
60 58 28
0 55 24
240 55 0
0 58 0
0 50 28
240 50 0
0 43 36
180 43 0
60 58 30
0 55 25
240 55 0
0 58 0
0 50 27
240 50 0
0 43 31
180 43 0
60 55 24
240 55 0
0 50 23
240 50 0
0 43 28
180 43 0
60 62 24
0 60 19
240 60 0
0 62 0
0 50 23
240 50 0
0 43 25
180 43 0
60 58 19
0 55 16
240 55 0
0 58 0
0 50 19
240 50 0
0 43 25
180 43 0
60 58 20
0 55 17
240 55 0
0 58 0
0 50 20
240 50 0
0 43 25
180 43 0
60 58 19
0 55 16
240 55 0
0 58 0
0 50 19
240 50 0
0 43 25
180 43 0
60 58 20
0 55 17
240 55 0
0 58 0
0 50 19
240 50 0
0 43 25
180 43 0
60 58 20
0 55 17
240 55 0
0 58 0
0 50 19
240 50 0
0 29 21
0 41 25
240 60 20
0 57 17
240 57 0
0 29 0
0 41 0
0 60 0
0 53 19
240 53 0
0 34 21
0 46 25
240 62 20
0 58 17
240 58 0
0 34 0
0 46 0
0 62 0
0 53 19
240 53 0
0 36 21
0 48 25
240 60 20
0 55 17
240 55 0
0 36 0
0 48 0
0 60 0
0 51 19
240 51 0
0 38 25
240 58 20
0 55 17
240 55 0
0 58 0
0 38 0
0 50 19
240 50 0
0 38 25
240 55 17
0 58 20
240 58 0
0 55 0
0 38 0
0 50 19
240 50 0
0 38 25
240 60 20
0 57 17
240 57 0
0 60 0
0 38 0
0 50 19
240 50 0
0 38 25
240 57 20
0 54 17
240 54 0
0 57 0
0 38 0
0 50 19
240 50 0
0 31 25
240 58 20
0 55 17
240 55 0
0 58 0
0 31 0
0 50 19
240 50 0
720 31 25
240 58 20
0 55 17
240 55 0
0 58 0
0 31 0
0 50 19
240 50 0
720 31 21
1440 31 0
