4200 70 81
0 82 91
120 82 0
0 70 0
0 74 75
0 77 84
840 77 0
0 74 0
0 70 75
0 82 84
120 82 0
0 70 0
0 74 69
0 77 77
80 77 0
0 74 0
0 69 70
0 81 78
80 81 0
0 69 0
0 70 71
0 74 79
80 74 0
0 70 0
0 67 72
0 79 81
80 79 0
0 67 0
0 70 72
0 74 81
80 74 0
0 70 0
0 65 72
0 77 81
80 77 0
0 65 0
0 70 90
0 74 90
396 74 0
0 70 0
4 74 84
0 70 84
72 70 0
0 74 0
8 70 89
0 74 89
360 74 0
0 70 0
0 53 66
0 58 66
0 62 74
0 65 74
108 65 0
0 53 0
0 58 0
0 62 0
12 53 66
0 58 66
0 62 74
0 65 74
78 53 0
2 58 0
0 62 0
0 65 0
0 70 74
80 70 0
0 74 74
78 74 0
2 65 76
0 70 76
0 74 85
0 77 85
480 65 0
160 70 0
0 74 0
0 77 0
0 67 55
0 70 55
0 75 62
0 79 62
80 79 0
0 67 0
0 70 0
0 75 0
0 77 92
0 74 92
0 70 82
0 65 82
360 65 0
0 77 0
0 74 0
0 70 0
0 70 86
0 82 96
120 82 0
0 70 0
0 74 75
0 77 84
840 77 0
0 74 0
0 70 75
0 82 84
120 82 0
0 70 0
0 74 75
0 77 84
80 77 0
0 74 0
0 69 79
0 81 79
80 81 0
0 69 0
0 70 62
0 74 62
80 74 0
0 70 0
0 67 62
0 79 62
80 79 0
0 67 0
0 70 62
0 74 62
80 74 0
0 70 0
0 65 62
0 77 62
80 77 0
0 65 0
0 70 81
0 74 81
238 70 0
0 74 0
2 70 57
0 74 57
72 74 0
0 70 0
8 70 57
0 74 57
72 74 0
0 70 0
8 70 57
0 74 57
72 74 0
0 70 0
8 70 87
0 74 87
360 74 0
0 70 0
0 53 68
0 58 68
0 62 76
0 65 76
108 65 0
0 53 0
0 58 0
0 62 0
12 53 65
0 58 65
0 62 73
0 65 73
80 65 0
0 53 0
0 58 0
0 62 0
0 70 59
80 70 0
0 74 59
80 74 0
0 65 76
0 70 76
0 74 85
0 77 85
480 65 0
160 70 0
0 74 0
0 77 0
0 67 69
0 70 69
0 74 77
0 79 77
80 79 0
0 67 0
0 70 0
0 74 0
0 74 87
0 65 78
0 69 78
0 77 87
400 77 0
0 74 0
0 65 0
0 69 0
0 86 86
0 74 86
80 74 0
0 86 0
0 81 86
0 77 86
80 77 0
0 81 0
0 84 61
0 72 61
80 72 0
0 84 0
0 77 59
0 74 59
80 74 0
0 77 0
0 82 60
0 70 60
80 70 0
0 82 0
0 74 60
0 77 60
80 77 0
0 74 0
0 81 60
0 69 60
80 69 0
0 81 0
0 72 74
0 77 74
400 77 0
0 72 0
0 69 76
0 81 76
80 81 0
0 69 0
0 72 76
0 77 76
240 77 0
0 72 0
0 57 53
0 65 59
0 69 59
72 69 0
0 65 0
0 57 0
8 57 52
0 65 58
0 69 58
72 69 0
0 65 0
0 57 0
8 57 52
0 65 58
0 69 58
72 69 0
0 65 0
0 57 0
8 57 66
0 65 74
0 69 74
400 69 0
0 65 0
0 57 0
0 86 75
0 74 75
80 74 0
0 86 0
0 81 59
0 77 59
80 77 0
0 81 0
0 84 59
0 72 59
80 72 0
0 84 0
0 77 59
0 74 59
80 74 0
0 77 0
0 82 59
0 70 59
80 70 0
0 82 0
0 74 59
0 77 59
80 77 0
0 74 0
0 81 59
0 69 59
80 69 0
0 81 0
0 72 74
0 77 74
360 77 0
0 72 0
0 69 73
0 81 73
120 81 0
0 69 0
0 72 77
0 77 77
360 77 0
0 72 0
0 89 91
0 77 91
120 77 0
0 89 0
0 86 87
0 80 87
0 74 78
0 77 78
480 77 0
0 80 0
0 79 78
0 76 78
360 76 0
0 86 0
0 74 0
0 79 0
0 84 89
0 72 89
120 72 0
0 84 0
0 69 89
0 75 89
0 81 89
400 81 0
0 75 0
0 69 0
0 79 89
0 67 89
80 67 0
0 79 0
0 63 89
0 75 89
400 75 0
0 63 0
0 62 84
0 74 84
80 74 0
0 62 0
0 58 75
0 70 84
80 70 0
0 58 0
0 57 75
0 69 84
80 69 0
0 57 0
0 55 75
0 67 84
80 67 0
0 55 0
0 53 75
0 65 84
640 65 0
0 53 0
0 53 72
0 57 72
0 63 81
0 65 81
76 65 0
0 53 0
0 57 0
0 63 0
0 50 73
0 53 73
0 58 82
0 62 82
400 62 0
0 50 0
0 53 0
0 58 0
0 70 91
0 82 91
80 82 0
0 70 0
0 74 84
0 77 84
400 77 0
0 74 0
0 58 78
0 70 87
80 70 0
0 58 0
0 53 74
0 62 83
0 65 83
240 53 0
160 65 0
0 62 0
0 70 84
0 82 84
80 82 0
0 70 0
0 74 84
0 77 84
80 77 0
0 74 0
0 69 65
0 81 65
80 81 0
0 69 0
0 70 65
0 74 65
80 74 0
0 70 0
0 67 65
0 79 65
80 79 0
0 67 0
0 70 65
0 74 65
80 74 0
0 70 0
0 65 65
0 77 65
80 77 0
0 65 0
0 70 72
0 74 72
317 74 0
0 70 0
3 74 63
0 70 63
72 70 0
0 74 0
8 74 64
0 70 64
72 70 0
0 74 0
8 70 68
0 74 68
360 74 0
0 70 0
0 53 60
0 58 60
0 62 67
0 65 67
108 65 0
0 53 0
0 58 0
0 62 0
12 53 58
0 58 58
0 62 65
0 65 65
80 65 0
0 53 0
0 58 0
0 62 0
0 70 65
80 70 0
0 74 65
80 74 0
0 65 64
0 70 64
0 74 72
0 77 72
480 65 0
160 70 0
0 74 0
0 77 0
0 67 55
0 70 55
0 75 62
0 79 62
80 79 0
0 67 0
0 70 0
0 75 0
0 77 66
0 74 66
0 70 59
0 65 59
400 65 0
0 77 0
0 74 0
0 70 0
0 70 96
0 82 96
80 82 0
0 70 0
0 74 84
0 77 84
240 77 0
0 74 0
0 58 84
0 70 84
72 70 0
0 58 0
8 58 84
0 70 84
72 70 0
0 58 0
8 58 84
0 70 84
72 70 0
0 58 0
8 53 75
0 62 84
0 65 84
240 53 0
160 65 0
0 62 0
0 70 84
0 82 84
80 82 0
0 70 0
0 74 84
0 77 84
80 77 0
0 74 0
0 69 66
0 81 66
80 81 0
0 69 0
0 70 63
0 74 63
80 74 0
0 70 0
0 67 66
0 79 66
80 79 0
0 67 0
0 70 66
0 74 66
80 74 0
0 70 0
0 65 66
0 77 66
80 77 0
0 65 0
0 70 72
0 74 72
238 74 0
0 70 0
2 70 64
0 74 64
72 74 0
0 70 0
8 70 64
0 74 64
72 74 0
0 70 0
8 70 64
0 74 64
72 74 0
0 70 0
8 70 68
0 74 68
360 74 0
0 70 0
0 53 61
0 58 61
0 62 68
0 65 68
108 65 0
0 53 0
0 58 0
0 62 0
12 53 61
0 58 61
0 62 68
0 65 68
80 65 0
0 53 0
0 58 0
0 62 0
0 70 66
80 70 0
0 74 70
80 74 0
0 65 65
0 70 65
0 74 73
0 77 73
480 65 0
160 70 0
0 74 0
0 77 0
0 67 64
0 70 64
0 74 72
0 79 72
76 79 0
0 67 0
0 70 0
0 74 0
4 65 64
0 69 64
0 74 72
0 77 72
240 77 0
0 65 0
0 69 0
0 74 0
0 57 61
0 62 61
0 65 68
0 69 68
80 69 0
0 57 0
0 62 0
0 65 0
0 74 72
80 74 0
0 77 73
80 77 0
0 69 75
0 74 75
0 77 84
0 81 84
400 81 0
0 69 0
0 74 0
0 77 0
0 70 75
0 73 75
0 77 84
0 82 84
80 82 0
0 70 0
0 73 0
0 77 0
0 69 75
0 72 75
0 77 84
0 81 84
240 81 0
0 69 0
0 72 0
0 77 0
0 60 63
0 65 63
0 69 70
0 72 70
80 72 0
0 60 0
0 65 0
0 69 0
0 77 72
80 77 0
0 81 76
78 81 0
2 72 75
0 77 75
0 81 84
0 84 84
400 84 0
0 72 0
0 77 0
0 81 0
0 75 68
0 78 68
0 84 76
0 87 76
80 87 0
0 75 0
0 78 0
0 84 0
0 74 75
0 86 84
0 82 84
0 79 75
400 79 0
0 74 0
0 86 0
0 82 0
0 72 75
0 75 75
0 78 84
0 84 84
80 84 0
0 72 0
0 75 0
0 78 0
0 70 75
0 74 75
0 82 84
0 79 84
400 79 0
0 70 0
0 74 0
0 82 0
0 67 75
0 72 75
0 75 84
0 79 84
80 79 0
0 67 0
0 72 0
0 75 0
0 65 75
0 74 84
0 77 84
160 77 0
0 74 0
0 65 0
0 63 75
0 72 84
0 75 84
160 75 0
0 72 0
0 63 0
0 62 75
0 70 84
0 74 84
160 74 0
0 70 0
0 62 0
0 70 77
0 76 86
0 74 86
0 82 86
96 82 0
0 70 0
0 76 0
0 74 0
0 81 83
0 76 83
0 73 74
0 69 74
96 69 0
0 81 0
0 76 0
0 73 0
0 77 81
0 74 81
0 69 72
0 65 72
96 65 0
0 77 0
0 74 0
0 69 0
0 74 81
0 70 81
0 65 72
0 62 72
96 62 0
0 74 0
0 70 0
0 65 0
0 79 80
0 75 80
0 70 72
0 67 72
96 67 0
0 79 0
0 75 0
0 70 0
0 65 75
0 70 75
0 74 84
0 77 84
475 74 0
0 70 0
5 75 58
0 69 57
352 65 0
0 77 0
5 75 0
0 69 0
3 65 97
0 77 97
120 77 0
0 65 0
0 74 95
0 70 92
0 65 85
0 62 82
80 94 74
0 82 74
80 82 0
0 94 0
0 89 71
0 86 71
80 86 0
0 89 0
0 93 72
0 81 72
80 81 0
0 93 0
0 89 70
0 86 70
80 86 0
0 89 0
0 91 72
0 79 72
80 79 0
0 91 0
0 86 70
0 82 70
80 82 0
0 86 0
0 89 72
0 77 72
80 77 0
0 89 0
0 86 70
0 82 70
80 82 0
0 86 0
0 91 72
0 79 72
80 79 0
0 91 0
0 86 69
0 82 69
80 82 0
0 86 0
0 86 72
0 74 72
80 74 0
0 86 0
0 79 70
80 79 0
0 82 68
0 70 68
80 70 0
0 82 0
0 82 66
80 82 0
0 86 64
0 74 64
80 74 0
0 86 0
0 82 63
80 82 0
0 86 61
0 74 61
80 74 0
0 86 0
0 82 60
80 82 0
0 72 58
0 84 58
80 84 0
0 72 0
0 82 56
80 82 0
0 86 55
0 74 55
80 74 0
0 86 0
0 77 53
80 77 0
0 82 51
0 70 51
80 70 0
0 70 0
0 65 0
0 74 0
0 82 0
0 62 0
80 86 75
0 74 75
80 74 0
0 86 0
0 82 71
0 77 71
80 77 0
0 82 0
0 89 72
0 77 72
80 77 0
0 89 0
0 86 68
0 82 68
80 82 0
0 86 0
0 86 68
0 74 68
80 74 0
0 86 0
0 82 63
0 77 63
80 77 0
0 82 0
0 84 64
0 72 64
80 72 0
0 84 0
0 82 58
0 77 58
80 77 0
0 82 0
0 86 61
0 74 61
80 74 0
0 86 0
0 77 60
80 77 0
0 82 58
0 70 58
80 70 0
0 82 0
0 74 56
80 74 0
0 79 54
0 67 54
80 67 0
0 79 0
0 74 53
80 74 0
0 82 51
0 70 51
80 70 0
0 82 0
0 74 48
80 74 0
0 79 47
0 67 47
80 67 0
0 79 0
0 70 45
80 70 0
0 77 45
0 65 45
80 65 0
0 77 0
0 70 45
80 70 0
0 75 45
0 63 45
80 63 0
0 75 0
0 70 45
80 70 0
0 62 45
0 74 45
80 74 0
0 62 0
0 61 48
0 66 48
0 70 54
0 73 54
80 90 55
0 78 55
40 73 0
0 70 0
0 61 0
0 66 0
40 78 0
0 90 0
0 85 51
0 82 51
80 82 0
0 85 0
0 89 54
0 77 54
80 77 0
0 89 0
0 85 49
0 82 49
80 82 0
0 85 0
0 87 52
0 75 52
80 75 0
0 87 0
0 82 48
0 78 48
80 78 0
0 82 0
0 85 50
0 73 50
80 73 0
0 85 0
0 82 45
0 78 45
80 78 0
0 82 0
0 87 48
0 75 48
80 75 0
0 87 0
0 82 45
0 78 45
80 78 0
0 82 0
0 85 46
0 73 46
80 73 0
0 85 0
0 78 47
80 78 0
0 82 46
0 70 46
80 70 0
0 82 0
0 78 45
80 78 0
0 85 45
0 73 45
80 73 0
0 85 0
0 78 45
80 78 0
0 82 44
0 70 44
80 70 0
0 82 0
0 73 43
80 73 0
0 80 42
0 68 42
80 68 0
0 80 0
0 73 41
80 73 0
0 82 40
0 70 40
80 70 0
0 82 0
0 73 40
80 73 0
0 78 40
0 66 40
80 66 0
0 78 0
80 85 54
0 73 54
80 73 0
0 85 0
0 82 49
0 77 49
80 77 0
0 82 0
0 89 52
0 77 52
80 77 0
0 89 0
0 85 48
0 82 48
80 82 0
0 85 0
0 85 50
0 73 50
80 73 0
0 85 0
0 82 47
0 77 47
80 77 0
0 82 0
0 84 48
0 72 48
80 72 0
0 84 0
0 82 44
0 77 44
80 77 0
0 82 0
0 85 46
0 73 46
80 73 0
0 85 0
0 82 44
0 77 44
80 77 0
0 82 0
0 84 45
0 72 45
80 72 0
0 84 0
0 77 45
80 77 0
0 82 45
0 70 45
80 70 0
0 82 0
0 77 45
80 77 0
0 85 45
0 73 45
80 73 0
0 85 0
0 77 45
80 77 0
0 82 48
0 70 48
80 70 0
0 82 0
0 73 45
80 73 0
0 78 49
0 66 49
80 66 0
0 78 0
0 73 46
80 73 0
0 82 50
0 70 50
80 70 0
0 82 0
0 73 48
80 73 0
0 77 53
80 77 0
80 85 59
0 73 59
80 73 0
0 85 0
0 82 56
0 78 56
80 78 0
0 82 0
0 87 59
0 75 59
80 75 0
0 87 0
0 82 55
0 78 55
80 78 0
0 82 0
0 85 59
0 73 59
80 73 0
0 85 0
0 78 58
80 78 0
0 82 58
0 70 58
80 70 0
0 82 0
0 78 55
80 78 0
0 84 56
0 72 56
80 72 0
0 84 0
0 78 53
80 78 0
0 85 55
0 73 55
80 73 0
0 85 0
0 84 52
0 80 52
80 80 0
0 84 0
0 75 54
0 87 54
80 87 0
0 75 0
0 84 50
0 80 50
80 80 0
0 84 0
0 77 52
0 89 52
80 89 0
0 77 0
0 84 48
0 80 48
80 80 0
0 84 0
0 78 51
0 90 51
80 90 0
0 78 0
0 84 47
0 87 47
80 87 0
0 84 0
0 78 48
0 90 48
80 90 0
0 78 0
0 84 41
0 87 41
80 87 0
0 84 0
0 92 43
0 80 43
80 80 0
0 92 0
0 87 39
0 84 39
80 84 0
0 87 0
0 94 42
0 82 42
80 82 0
0 94 0
0 85 36
0 89 36
80 89 0
0 85 0
0 82 40
0 94 40
80 94 0
0 82 0
0 89 40
80 89 0
0 84 42
0 96 42
80 96 0
0 84 0
0 89 43
80 89 0
0 85 45
0 97 45
80 97 0
0 85 0
0 89 47
80 89 0
0 84 48
0 96 48
80 96 0
0 84 0
0 89 48
80 89 0
0 82 48
0 94 48
80 94 0
0 82 0
0 89 48
80 89 0
0 80 48
0 92 48
80 92 0
0 80 0
0 85 46
80 85 0
0 78 45
0 90 45
80 90 0
0 78 0
0 85 45
80 85 0
0 77 43
0 89 43
80 89 0
0 77 0
0 80 43
80 80 0
0 75 42
0 87 42
80 87 0
0 75 0
0 80 41
80 80 0
0 75 42
0 87 42
80 87 0
0 75 0
0 80 42
80 80 0
0 73 42
0 85 42
78 73 0
2 85 0
0 73 42
80 65 37
0 77 42
80 77 0
0 65 0
0 64 35
0 76 39
80 76 0
0 64 0
0 73 0
0 75 43
0 87 43
80 87 0
0 75 0
0 80 40
0 85 40
80 85 0
0 80 0
0 88 43
0 76 43
80 76 0
0 88 0
0 85 40
0 80 40
80 80 0
0 85 0
0 87 43
0 75 43
80 75 0
0 87 0
0 85 39
0 80 39
80 80 0
0 85 0
0 88 43
0 76 43
80 76 0
0 88 0
0 85 39
0 80 39
80 80 0
0 85 0
0 78 43
0 90 43
80 90 0
0 78 0
0 85 40
0 80 40
80 80 0
0 85 0
0 88 43
0 76 43
80 76 0
0 88 0
0 80 41
80 80 0
0 87 43
0 75 43
80 75 0
0 87 0
0 80 45
80 80 0
0 88 47
0 76 47
80 76 0
0 88 0
0 80 48
80 80 0
0 87 50
0 75 50
80 75 0
0 87 0
0 79 53
80 79 0
0 85 50
0 73 50
80 73 0
0 85 0
0 79 48
80 79 0
0 83 46
0 71 46
80 71 0
0 83 0
0 79 44
80 79 0
0 82 43
0 70 43
80 70 0
0 82 0
0 80 39
0 75 39
80 75 0
0 80 0
0 82 43
0 70 43
80 70 0
0 82 0
0 80 39
0 75 39
80 75 0
0 80 0
0 83 43
0 71 43
80 71 0
0 83 0
0 80 39
0 75 39
80 75 0
0 80 0
0 82 43
0 70 43
80 70 0
0 82 0
0 75 43
80 75 0
0 67 43
0 79 43
80 79 0
0 67 0
0 75 43
80 75 0
0 80 43
0 68 43
80 68 0
0 80 0
0 75 43
80 75 0
0 82 43
0 70 43
80 70 0
0 82 0
0 80 39
0 75 39
80 75 0
0 80 0
0 83 43
0 71 43
80 71 0
0 83 0
0 80 38
0 75 38
80 75 0
0 80 0
0 82 43
0 70 43
80 70 0
0 82 0
0 80 39
0 75 39
80 75 0
0 80 0
0 83 45
0 71 45
80 71 0
0 83 0
0 80 40
80 80 0
0 82 47
0 70 47
80 70 0
0 82 0
0 80 43
80 80 0
0 83 49
0 71 49
80 71 0
0 83 0
0 80 46
80 80 0
0 85 50
0 73 50
80 73 0
0 85 0
0 83 49
0 80 49
80 80 0
0 83 0
0 86 54
0 74 54
80 74 0
0 86 0
0 83 52
0 80 52
80 80 0
0 83 0
0 87 54
0 75 54
80 75 0
0 87 0
0 83 51
0 80 51
80 80 0
0 83 0
0 88 54
0 76 54
80 76 0
0 88 0
0 83 52
0 80 52
80 80 0
0 83 0
0 89 54
0 77 54
80 77 0
0 89 0
0 83 52
0 80 52
80 80 0
0 83 0
0 88 54
0 76 54
80 76 0
0 88 0
0 83 52
0 80 52
80 80 0
0 83 0
0 89 54
0 77 54
80 77 0
0 89 0
0 82 51
0 80 51
80 80 0
0 82 0
0 86 52
0 74 52
80 74 0
0 86 0
0 82 49
0 80 49
80 80 0
0 82 0
0 87 50
0 75 50
80 75 0
0 87 0
0 82 46
0 80 46
80 80 0
0 82 0
0 88 48
0 76 48
80 76 0
0 88 0
0 82 43
0 86 43
80 86 0
0 82 0
0 89 45
0 77 45
80 77 0
0 89 0
0 82 41
0 86 41
80 86 0
0 82 0
0 90 39
0 78 39
80 78 0
0 90 0
0 92 36
0 80 36
80 80 0
0 92 0
0 94 35
0 82 35
80 82 0
0 94 0
0 90 31
0 87 31
80 87 0
0 90 0
0 99 33
0 87 33
80 87 0
0 99 0
0 94 31
0 90 31
80 90 0
0 94 0
0 95 33
0 83 33
80 83 0
0 95 0
0 90 31
0 87 31
80 87 0
0 90 0
0 94 33
0 82 33
80 82 0
0 94 0
0 90 31
0 87 31
80 87 0
0 90 0
0 95 33
0 83 33
80 83 0
0 95 0
0 90 31
0 87 31
80 87 0
0 90 0
0 94 33
0 82 33
80 82 0
0 94 0
0 90 31
0 87 31
80 87 0
0 90 0
0 92 33
0 80 33
80 80 0
0 92 0
0 87 33
80 87 0
0 90 33
0 78 33
80 78 0
0 90 0
0 87 33
80 87 0
0 92 33
0 80 33
80 80 0
0 92 0
0 87 33
80 87 0
0 90 33
0 78 33
80 78 0
0 90 0
0 82 33
80 82 0
0 77 33
0 89 33
80 89 0
0 77 0
0 82 33
80 82 0
0 75 33
0 87 33
80 87 0
0 75 0
0 78 33
80 78 0
0 70 33
0 82 33
80 82 0
0 70 0
80 77 35
0 71 35
80 71 0
0 77 0
0 65 33
60 65 0
20 78 36
0 71 36
80 71 0
0 78 0
0 66 34
80 66 0
0 70 35
0 66 35
60 66 0
0 70 0
20 59 37
80 59 0
0 71 30
0 68 30
60 68 0
0 71 0
20 63 38
80 63 0
0 75 32
0 71 32
60 71 0
0 75 0
20 64 39
80 64 0
0 76 32
0 71 32
60 71 0
0 76 0
20 68 40
80 68 0
0 80 35
0 75 35
60 75 0
0 80 0
20 70 41
80 70 0
0 82 36
0 75 36
60 75 0
0 82 0
20 71 42
80 71 0
0 83 36
0 75 36
80 75 0
0 83 0
0 71 41
60 71 0
20 82 44
0 76 44
80 76 0
0 82 0
0 70 42
60 70 0
20 83 45
0 76 45
80 76 0
0 83 0
0 71 42
60 71 0
20 85 45
0 76 45
80 76 0
0 85 0
0 73 43
60 73 0
20 75 45
0 81 45
80 81 0
0 75 0
0 69 45
60 69 0
20 75 45
0 82 45
80 82 0
0 75 0
0 70 45
80 70 0
0 74 42
0 70 42
60 70 0
0 74 0
20 63 48
80 63 0
0 75 40
0 71 40
60 71 0
0 75 0
20 67 49
80 67 0
0 75 40
0 79 40
60 79 0
0 75 0
20 68 50
80 68 0
0 75 41
0 80 41
60 80 0
0 75 0
100 83 53
0 78 53
80 78 0
0 83 0
0 71 52
60 71 0
20 85 54
0 78 54
80 78 0
0 85 0
0 73 54
60 73 0
20 87 56
0 78 56
80 78 0
0 87 0
0 75 54
60 75 0
20 87 56
0 82 56
80 82 0
0 87 0
0 75 54
60 75 0
20 89 58
0 82 58
80 82 0
0 89 0
0 77 56
60 77 0
20 90 60
0 82 60
80 82 0
0 90 0
0 78 63
60 78 0
20 89 63
0 87 63
0 81 63
80 81 0
0 87 0
0 89 0
0 77 63
60 77 0
20 90 63
0 87 63
0 81 63
80 81 0
0 87 0
0 90 0
0 78 63
60 78 0
20 82 56
0 78 56
0 75 56
80 75 0
0 78 0
0 82 0
0 70 57
60 70 0
20 83 58
0 78 58
0 75 58
80 75 0
0 78 0
0 83 0
0 71 60
60 71 0
20 86 61
0 83 61
0 78 61
80 78 0
0 83 0
0 86 0
0 74 62
60 74 0
20 87 63
0 83 63
0 78 63
80 78 0
0 83 0
0 87 0
0 75 63
60 75 0
20 89 64
0 87 64
0 82 64
80 82 0
0 87 0
0 89 0
0 77 65
60 77 0
20 90 66
0 87 66
0 82 66
80 82 0
0 87 0
0 90 0
0 78 68
60 78 0
20 81 61
0 78 61
0 75 61
80 75 0
0 78 0
0 81 0
0 69 61
60 69 0
20 82 62
0 78 62
0 75 62
80 75 0
0 78 0
0 82 0
0 70 63
60 70 0
20 86 63
0 82 63
0 78 63
80 78 0
0 82 0
0 86 0
0 74 64
60 74 0
20 87 65
0 82 65
0 78 65
80 78 0
0 82 0
0 87 0
0 75 66
60 75 0
20 88 67
0 82 67
80 82 0
0 88 0
0 76 68
60 76 0
20 89 69
0 82 69
80 82 0
0 89 0
0 77 71
60 77 0
20 90 72
0 88 72
0 82 72
80 82 0
0 88 0
0 90 0
0 78 73
60 78 0
20 88 75
0 82 75
80 82 0
0 88 0
0 76 69
60 76 0
20 89 71
0 82 71
80 82 0
0 89 0
0 77 72
60 77 0
20 90 72
0 82 72
0 88 72
80 88 0
0 82 0
0 90 0
0 78 74
60 78 0
20 88 76
0 82 76
80 82 0
0 88 0
0 76 72
60 76 0
20 89 72
0 82 72
80 82 0
0 89 0
0 77 74
60 77 0
20 90 76
0 82 76
0 88 76
80 88 0
0 82 0
0 90 0
0 78 77
60 78 0
20 89 79
0 82 79
80 82 0
0 89 0
0 77 74
60 77 0
20 90 77
0 82 77
80 82 0
0 90 0
0 78 81
60 78 0
20 91 91
0 88 91
0 82 81
0 79 81
80 79 0
0 91 0
0 88 0
0 82 0
0 88 91
0 82 91
0 79 81
0 76 81
400 76 0
0 88 0
0 82 0
0 79 0
0 74 80
0 79 80
0 82 89
0 86 89
76 86 0
0 74 0
0 79 0
0 82 0
4 84 89
0 82 89
0 79 80
0 72 80
400 72 0
0 84 0
0 82 0
0 79 0
0 69 76
0 72 76
0 76 76
0 81 76
80 81 0
0 69 0
0 72 0
0 76 0
0 67 68
0 72 68
0 76 76
0 79 76
159 79 0
0 67 0
0 72 0
0 76 0
1 64 68
0 70 76
0 76 76
79 76 0
0 70 0
0 64 0
1 62 68
0 70 76
0 74 76
159 74 0
0 70 0
0 62 0
1 60 68
0 70 76
0 72 76
79 72 0
0 70 0
0 60 0
1 60 69
0 69 69
80 69 0
0 60 0
0 67 69
80 67 0
0 64 69
80 64 0
0 62 69
80 62 0
0 60 69
80 60 0
0 70 72
0 79 81
0 76 81
0 67 72
79 67 0
0 70 0
0 79 0
0 76 0
1 64 72
0 67 72
0 70 81
0 76 81
400 76 0
0 64 0
0 67 0
0 70 0
0 62 72
0 67 72
0 70 81
0 74 81
79 74 0
0 62 0
0 67 0
0 70 0
1 60 72
0 67 81
0 72 81
400 72 0
0 67 0
0 60 0
0 57 70
0 60 70
0 69 78
79 69 0
0 60 0
0 57 0
1 55 70
0 60 70
0 67 78
160 67 0
0 60 0
0 55 0
0 52 70
0 58 78
0 64 78
79 64 0
0 58 0
0 52 0
1 50 70
0 58 78
0 62 78
159 62 0
0 58 0
0 50 0
1 48 69
0 58 77
0 60 77
79 60 0
0 58 0
0 48 0
1 48 75
0 57 75
80 57 0
0 48 0
0 55 72
80 55 0
0 52 71
80 52 0
0 50 68
80 50 0
0 48 64
80 48 0
0 55 63
40 55 0
0 50 62
40 50 0
0 51 56
60 51 0
0 48 56
60 48 0
0 50 56
60 50 0
0 43 56
60 43 0
0 45 56
60 45 0
0 41 56
60 41 0
0 67 64
0 63 64
0 55 57
108 55 0
0 63 0
0 67 0
12 67 64
0 63 64
0 55 57
360 55 0
0 63 0
0 67 0
0 60 56
60 60 0
0 55 56
60 55 0
0 57 56
60 57 0
0 53 56
60 53 0
0 55 56
60 55 0
0 50 56
60 50 0
0 51 56
60 51 0
0 48 56
60 48 0
0 60 56
0 63 56
0 72 63
108 72 0
0 63 0
0 60 0
12 60 56
0 63 56
0 72 63
360 72 0
0 63 0
0 60 0
0 67 56
60 67 0
0 62 56
60 62 0
0 63 56
60 63 0
0 60 56
60 60 0
0 62 56
60 62 0
0 55 56
60 55 0
0 57 56
60 57 0
0 53 56
60 53 0
0 67 64
0 75 72
0 79 72
108 79 0
0 75 0
0 67 0
12 67 64
0 75 72
0 79 72
360 79 0
0 75 0
0 67 0
0 72 61
60 72 0
0 67 61
60 67 0
0 69 61
60 69 0
0 65 61
60 65 0
0 67 61
60 67 0
0 62 61
60 62 0
0 63 61
60 63 0
0 60 61
60 60 0
0 84 81
0 75 72
0 72 72
108 72 0
0 75 0
0 84 0
12 72 72
0 75 72
0 84 81
360 84 0
0 75 0
0 72 0
0 72 70
60 72 0
0 67 70
60 67 0
0 69 69
60 69 0
0 65 68
60 65 0
0 67 68
60 67 0
0 62 67
60 62 0
0 63 66
60 63 0
0 60 67
60 60 0
0 79 72
60 79 0
0 74 72
60 74 0
0 75 72
60 75 0
0 72 72
60 72 0
0 74 72
60 74 0
0 67 71
60 67 0
0 69 71
60 69 0
0 65 70
60 65 0
0 84 74
60 84 0
0 79 68
60 79 0
0 81 71
60 81 0
0 77 68
60 77 0
0 84 72
60 84 0
0 79 67
60 79 0
0 81 70
60 81 0
0 77 65
60 77 0
0 84 72
60 84 0
0 79 69
60 79 0
0 81 71
60 81 0
0 77 67
60 77 0
0 84 74
60 84 0
0 79 70
60 79 0
0 81 72
60 81 0
0 77 69
60 77 0
120 87 76
0 75 76
30 75 0
0 87 0
0 86 75
0 74 75
30 74 0
0 86 0
0 84 75
0 72 75
30 72 0
0 84 0
0 82 76
0 70 76
30 70 0
0 82 0
0 81 76
0 69 76
30 69 0
0 81 0
0 79 76
0 67 76
30 67 0
0 79 0
0 77 77
0 65 77
30 77 0
0 75 77
30 75 0
0 74 78
30 74 0
0 65 0
0 72 79
0 63 79
30 72 0
0 70 79
30 70 0
0 69 80
30 69 0
0 63 0
0 67 81
0 53 81
30 67 0
0 65 81
30 65 0
0 63 81
30 63 0
0 62 81
30 62 0
0 53 0
0 60 81
0 53 81
30 60 0
0 58 82
30 58 0
0 57 82
30 57 0
0 53 0
0 55 83
0 51 83
30 55 0
0 53 84
30 53 0
0 51 84
30 51 0
0 51 0
0 50 85
0 41 85
30 50 0
0 48 85
30 48 0
0 46 86
30 46 0
0 41 0
0 41 87
0 45 87
30 45 0
0 43 87
30 43 0
0 41 88
30 41 0
0 41 0
0 39 89
0 29 89
40 39 0
0 38 89
40 38 0
0 36 89
40 36 0
0 29 0
360 70 86
0 82 96
120 82 0
0 70 0
0 74 81
0 77 91
840 77 0
0 74 0
0 70 75
0 82 84
120 82 0
0 70 0
0 74 69
0 77 77
80 77 0
0 74 0
0 69 70
0 81 78
80 81 0
0 69 0
0 70 71
0 74 79
80 74 0
0 70 0
0 67 72
0 79 81
80 79 0
0 67 0
0 70 72
0 74 81
80 74 0
0 70 0
0 65 72
0 77 81
80 77 0
0 65 0
0 70 90
0 74 90
396 74 0
0 70 0
4 74 84
0 70 84
72 70 0
0 74 0
8 70 89
0 74 89
360 74 0
0 70 0
0 53 66
0 58 66
0 62 74
0 65 74
108 65 0
0 53 0
0 58 0
0 62 0
12 53 66
0 58 66
0 62 74
0 65 74
80 65 0
0 53 0
0 58 0
0 62 0
0 70 72
80 70 0
0 74 71
80 74 0
0 65 76
0 70 76
0 74 85
0 77 85
478 65 0
162 70 0
0 74 0
0 77 0
0 67 55
0 70 55
0 75 62
0 79 62
79 79 0
0 67 0
0 70 0
0 75 0
1 77 92
0 74 92
0 70 82
0 65 82
360 65 0
0 77 0
0 74 0
0 70 0
0 70 86
0 82 96
120 82 0
0 70 0
0 74 75
0 77 84
840 77 0
0 74 0
0 70 75
0 82 84
120 82 0
0 70 0
0 74 75
0 77 84
80 77 0
0 74 0
0 69 84
0 81 84
80 81 0
0 69 0
0 70 61
0 74 61
80 74 0
0 70 0
0 67 61
0 79 61
80 79 0
0 67 0
0 70 61
0 74 61
80 74 0
0 70 0
0 65 62
0 77 62
80 77 0
0 65 0
0 70 90
0 74 90
238 74 0
0 70 0
2 70 65
0 74 65
72 74 0
0 70 0
8 70 66
0 74 66
72 74 0
0 70 0
8 70 67
0 74 67
72 74 0
0 70 0
8 70 89
0 74 89
360 74 0
0 70 0
0 53 68
0 58 68
0 62 76
0 65 76
108 65 0
0 53 0
0 58 0
0 62 0
12 53 57
0 58 57
0 62 64
0 65 64
80 65 0
0 53 0
0 58 0
0 62 0
0 70 65
80 70 0
0 74 65
80 74 0
0 65 76
0 70 76
0 74 85
0 77 85
478 65 0
162 70 0
0 74 0
0 77 0
0 67 69
0 70 69
0 74 77
0 79 77
76 79 0
0 67 0
0 70 0
0 74 0
4 74 87
0 65 78
0 69 78
0 77 87
400 77 0
0 74 0
0 65 0
0 69 0
0 86 86
0 74 86
80 74 0
0 86 0
0 81 86
0 77 86
80 77 0
0 81 0
0 84 57
0 72 57
80 72 0
0 84 0
0 77 57
0 74 57
80 74 0
0 77 0
0 82 57
0 70 57
80 70 0
0 82 0
0 74 57
0 77 57
80 77 0
0 74 0
0 81 57
0 69 57
80 69 0
0 81 0
0 72 74
0 77 74
400 77 0
0 72 0
0 69 76
0 81 76
80 81 0
0 69 0
0 72 76
0 77 76
240 77 0
0 72 0
0 57 52
0 65 58
0 69 58
72 69 0
0 65 0
0 57 0
8 57 52
0 65 58
0 69 58
72 69 0
0 65 0
0 57 0
8 57 52
0 65 58
0 69 58
72 69 0
0 65 0
0 57 0
8 57 68
0 65 76
0 69 76
400 69 0
0 65 0
0 57 0
0 86 76
0 74 76
80 74 0
0 86 0
0 81 61
0 77 61
80 77 0
0 81 0
0 84 61
0 72 61
80 72 0
0 84 0
0 77 63
0 74 63
80 74 0
0 77 0
0 82 63
0 70 63
80 70 0
0 82 0
0 74 63
0 77 63
80 77 0
0 74 0
0 81 63
0 69 63
80 69 0
0 81 0
0 72 74
0 77 74
360 77 0
0 72 0
0 69 68
0 81 76
120 81 0
0 69 0
0 72 77
0 77 77
360 77 0
0 72 0
0 89 94
0 77 84
119 77 0
0 89 0
1 86 90
0 80 90
0 74 81
0 77 81
480 77 0
0 80 0
0 76 64
0 79 64
360 79 0
0 86 0
0 74 0
0 76 0
0 84 89
0 72 80
120 72 0
0 84 0
0 69 80
0 75 89
0 81 89
400 81 0
0 75 0
0 69 0
0 79 89
0 67 80
80 67 0
0 79 0
0 63 80
0 75 89
400 75 0
0 63 0
0 62 75
0 74 84
80 74 0
0 62 0
0 58 75
0 70 84
80 70 0
0 58 0
0 57 75
0 69 84
80 69 0
0 57 0
0 55 75
0 67 84
80 67 0
0 55 0
0 53 75
0 65 84
640 65 0
0 53 0
0 53 72
0 57 72
0 63 81
0 65 81
79 65 0
0 53 0
0 57 0
0 63 0
0 50 73
0 53 73
0 58 82
0 62 82
400 62 0
0 50 0
0 53 0
0 58 0
0 70 81
0 82 91
80 82 0
0 70 0
0 74 75
0 77 84
400 77 0
0 74 0
0 58 81
0 70 90
80 70 0
0 58 0
0 53 72
0 62 89
0 65 89
238 53 0
162 65 0
0 62 0
0 70 84
0 82 84
80 82 0
0 70 0
0 74 84
0 77 84
80 77 0
0 74 0
0 69 62
0 81 62
80 81 0
0 69 0
0 70 62
0 74 62
80 74 0
0 70 0
0 67 62
0 79 62
80 79 0
0 67 0
0 70 62
0 74 62
80 74 0
0 70 0
0 65 62
0 77 62
80 77 0
0 65 0
0 70 76
0 74 76
317 74 0
0 70 0
3 74 65
0 70 65
72 70 0
0 74 0
8 74 65
0 70 65
72 70 0
0 74 0
8 70 69
0 74 69
360 74 0
0 70 0
0 53 62
0 58 62
0 62 69
0 65 69
108 65 0
0 53 0
0 58 0
0 62 0
12 53 62
0 58 62
0 62 69
0 65 69
80 65 0
0 53 0
0 58 0
0 62 0
0 70 72
80 70 0
0 74 72
78 74 0
2 65 66
0 70 66
0 74 74
0 77 74
478 65 0
162 70 0
0 74 0
0 77 0
0 67 55
0 70 55
0 75 62
0 79 62
79 79 0
0 67 0
0 70 0
0 75 0
1 77 92
0 74 92
0 70 82
0 65 82
400 65 0
0 77 0
0 74 0
0 70 0
0 70 86
0 82 96
80 82 0
0 70 0
0 74 75
0 77 84
240 77 0
0 74 0
0 58 75
0 70 84
72 70 0
0 58 0
8 58 75
0 70 84
72 70 0
0 58 0
8 58 75
0 70 84
72 70 0
0 58 0
8 53 75
0 62 84
0 65 84
240 53 0
160 65 0
0 62 0
0 70 84
0 82 84
80 82 0
0 70 0
0 74 84
0 77 84
80 77 0
0 74 0
0 69 59
0 81 59
80 81 0
0 69 0
0 70 59
0 74 59
80 74 0
0 70 0
0 67 59
0 79 59
80 79 0
0 67 0
0 70 59
0 74 59
80 74 0
0 70 0
0 65 59
0 77 59
80 77 0
0 65 0
0 70 68
0 74 68
238 74 0
0 70 0
2 70 60
0 74 60
72 74 0
0 70 0
8 70 60
0 74 60
72 74 0
0 70 0
8 70 60
0 74 60
72 74 0
0 70 0
8 70 70
0 74 70
360 74 0
0 70 0
0 53 59
0 58 59
0 62 66
0 65 66
108 65 0
0 53 0
0 58 0
0 62 0
12 53 59
0 58 59
0 62 66
0 65 66
80 65 0
0 53 0
0 58 0
0 62 0
0 70 63
80 70 0
0 74 63
77 74 0
3 65 60
0 70 60
0 74 67
0 77 67
478 65 0
162 70 0
0 74 0
0 77 0
0 67 64
0 70 64
0 74 72
0 79 72
76 79 0
0 67 0
0 70 0
0 74 0
4 65 64
0 69 64
0 74 72
0 77 72
240 77 0
0 65 0
0 69 0
0 74 0
0 57 61
0 62 61
0 65 68
0 69 68
80 69 0
0 57 0
0 62 0
0 65 0
0 74 72
80 74 0
0 77 73
80 77 0
0 69 75
0 74 75
0 77 84
0 81 84
400 81 0
0 69 0
0 74 0
0 77 0
0 70 75
0 73 75
0 77 84
0 82 84
76 82 0
0 70 0
0 73 0
0 77 0
4 69 75
0 72 75
0 77 84
0 81 84
240 81 0
0 69 0
0 72 0
0 77 0
0 60 63
0 65 63
0 69 70
0 72 70
80 72 0
0 60 0
0 65 0
0 69 0
0 77 72
80 77 0
0 81 76
78 81 0
2 72 75
0 77 75
0 81 84
0 84 84
400 84 0
0 72 0
0 77 0
0 81 0
0 75 68
0 78 68
0 84 76
0 87 76
80 87 0
0 75 0
0 78 0
0 84 0
0 74 75
0 86 84
0 82 84
0 79 75
400 79 0
0 74 0
0 86 0
0 82 0
0 72 75
0 75 75
0 78 84
0 84 84
80 84 0
0 72 0
0 75 0
0 78 0
0 70 75
0 74 75
0 82 84
0 79 84
400 79 0
0 70 0
0 74 0
0 82 0
0 67 75
0 72 75
0 75 84
0 79 84
80 79 0
0 67 0
0 72 0
0 75 0
0 70 80
0 65 75
0 74 84
0 77 84
160 77 0
0 70 0
0 65 0
0 74 0
0 63 75
0 72 84
0 75 84
160 75 0
0 72 0
0 63 0
0 62 75
0 70 84
0 74 84
160 74 0
0 70 0
0 62 0
0 67 60
0 75 67
0 79 67
96 79 0
0 75 0
0 67 0
0 77 67
0 74 67
0 65 60
96 65 0
0 74 0
0 77 0
0 70 59
0 74 59
0 62 53
96 62 0
0 74 0
0 70 0
0 74 57
0 58 51
0 62 57
96 62 0
0 58 0
0 74 0
0 72 56
0 75 56
0 63 50
96 63 0
0 75 0
0 72 0
0 62 54
0 70 61
0 74 61
70 74 0
0 70 0
0 62 0
10 70 62
0 74 62
0 76 69
0 82 69
80 82 0
0 70 0
0 74 0
0 76 0
0 69 61
0 73 61
0 76 68
0 81 68
80 81 0
0 69 0
0 73 0
0 76 0
0 65 60
0 69 60
0 74 67
0 77 67
80 77 0
0 65 0
0 69 0
0 74 0
0 62 59
0 65 59
0 70 66
0 74 66
80 74 0
0 62 0
0 65 0
0 70 0
0 67 58
0 70 58
0 75 65
0 79 65
80 79 0
0 67 0
0 70 0
0 75 0
0 65 57
0 70 57
0 74 64
0 77 64
70 77 0
0 65 0
0 70 0
0 74 0
10 75 57
0 84 64
0 87 64
80 87 0
0 84 0
0 75 0
0 74 64
0 82 72
0 86 72
80 86 0
0 82 0
0 74 0
0 70 63
0 74 71
0 82 71
80 82 0
0 74 0
0 70 0
0 67 63
0 70 63
0 79 70
80 79 0
0 70 0
0 67 0
0 72 62
0 75 69
0 84 69
80 84 0
0 75 0
0 72 0
0 70 61
0 74 68
0 82 68
80 82 0
0 74 0
0 70 0
0 69 60
0 74 67
0 81 67
80 81 0
0 74 0
0 69 0
0 70 60
0 74 67
0 82 67
80 82 0
0 74 0
0 70 0
0 64 63
0 67 63
0 73 70
0 76 70
80 76 0
0 64 0
0 67 0
0 73 0
0 69 60
0 72 60
0 78 67
0 81 67
70 81 0
0 69 0
0 72 0
0 78 0
10 62 63
0 65 63
0 71 71
0 74 71
80 74 0
0 62 0
0 65 0
0 71 0
0 67 63
0 70 63
0 75 71
0 79 71
80 79 0
0 67 0
0 70 0
0 75 0
0 60 61
0 63 61
0 69 68
0 72 68
80 72 0
0 60 0
0 63 0
0 69 0
0 65 67
0 68 75
0 74 75
0 77 75
80 77 0
0 65 0
0 68 0
0 74 0
0 63 65
0 67 65
0 72 73
0 75 73
80 75 0
0 63 0
0 67 0
0 72 0
0 60 64
0 67 64
0 72 72
80 72 0
0 67 0
0 60 0
0 67 72
0 70 72
0 72 81
0 79 81
80 79 0
0 67 0
0 70 0
0 72 0
0 60 78
0 70 87
0 65 78
0 74 87
480 65 0
0 70 0
0 63 79
0 69 88
360 69 0
0 74 0
0 60 0
0 63 0
0 70 89
0 65 80
0 62 80
0 74 89
118 62 0
0 70 0
0 65 0
0 74 0
2 62 80
0 65 80
0 70 89
0 74 89
240 98 62
48 98 0
0 99 62
48 99 0
0 98 62
48 98 0
0 96 62
48 96 0
0 98 62
48 98 0
0 103 62
48 103 0
0 101 62
48 101 0
0 98 62
48 98 0
0 96 62
48 96 0
0 94 62
48 94 0
0 101 62
48 101 0
0 98 62
48 98 0
0 96 62
48 96 0
0 94 62
48 94 0
0 91 62
48 91 0
0 70 0
0 62 0
0 65 0
0 74 0
0 98 62
48 98 0
0 96 62
48 96 0
0 94 62
48 94 0
0 91 62
48 91 0
0 89 62
48 89 0
0 91 62
48 91 0
0 89 62
48 89 0
0 86 62
48 86 0
0 84 62
48 84 0
0 82 62
48 82 0
0 89 61
48 89 0
0 86 61
48 86 0
0 84 62
48 84 0
0 82 64
48 82 0
0 79 67
48 79 0
0 81 67
40 81 0
0 82 67
40 82 0
0 83 66
40 83 0
0 84 62
40 84 0
0 87 62
40 87 0
0 90 61
40 90 0
0 89 59
0 86 59
240 86 0
0 89 0
0 89 56
48 89 0
0 91 56
48 91 0
0 89 56
48 89 0
0 88 56
48 88 0
0 89 56
48 89 0
0 94 56
48 94 0
0 91 56
48 91 0
0 89 56
48 89 0
0 87 56
48 87 0
0 86 56
48 86 0
0 91 56
48 91 0
0 89 56
48 89 0
0 86 56
48 86 0
0 84 56
48 84 0
0 82 56
48 82 0
0 89 56
48 89 0
0 86 56
48 86 0
0 84 55
48 84 0
0 82 54
48 82 0
0 79 53
48 79 0
0 86 52
48 86 0
0 84 51
48 84 0
0 82 50
48 82 0
0 79 50
48 79 0
0 77 49
48 77 0
0 75 48
48 75 0
0 74 50
48 74 0
0 72 51
48 72 0
0 75 54
48 75 0
0 77 55
48 77 0
0 78 56
40 78 0
0 80 54
40 80 0
0 81 52
40 81 0
0 83 50
40 83 0
0 84 49
40 84 0
0 87 47
40 87 0
0 82 47
0 86 47
240 86 0
0 82 0
0 82 46
48 82 0
0 84 46
48 84 0
0 82 46
48 82 0
0 81 46
48 81 0
0 82 46
48 82 0
0 86 46
48 86 0
0 84 46
48 84 0
0 82 46
48 82 0
0 79 46
48 79 0
0 77 46
48 77 0
0 79 46
48 79 0
0 77 46
48 77 0
0 74 46
48 74 0
0 72 46
48 72 0
0 70 46
48 70 0
0 77 45
48 77 0
0 74 44
48 74 0
0 72 43
48 72 0
0 70 42
48 70 0
0 67 42
48 67 0
0 77 40
48 77 0
0 74 39
48 74 0
0 72 38
48 72 0
0 70 37
48 70 0
0 67 36
48 67 0
0 74 34
48 74 0
0 72 35
48 72 0
0 70 36
48 70 0
0 67 37
48 67 0
0 65 38
48 65 0
0 69 37
40 69 0
0 70 37
40 70 0
0 71 36
40 71 0
0 72 36
40 72 0
0 75 35
40 75 0
0 78 34
40 78 0
0 74 34
0 77 34
80 77 0
0 74 0
80 72 32
80 72 0
0 74 32
48 74 0
0 72 32
48 72 0
0 70 32
48 70 0
0 67 32
48 67 0
0 65 32
48 65 0
0 70 32
48 70 0
0 67 32
48 67 0
0 65 32
48 65 0
0 63 32
48 63 0
0 62 32
48 62 0
0 63 32
40 63 0
0 66 31
40 66 0
0 69 30
40 69 0
0 71 29
40 71 0
0 72 29
40 72 0
0 75 28
40 75 0
0 70 27
0 74 27
80 74 0
0 70 0
80 65 32
80 65 0
0 70 32
48 70 0
0 67 32
48 67 0
0 65 32
48 65 0
0 63 32
48 63 0
0 62 32
48 62 0
0 65 32
48 65 0
0 63 32
48 63 0
0 62 32
48 62 0
0 60 32
48 60 0
0 58 32
48 58 0
0 57 30
40 57 0
0 58 30
40 58 0
0 59 29
40 59 0
0 60 28
40 60 0
0 63 27
40 63 0
0 66 27
40 66 0
0 62 26
0 65 27
240 65 0
0 62 0
120 58 33
0 70 33
120 70 0
0 58 0
0 62 33
0 65 33
880 65 0
0 62 0
0 62 48
0 74 48
80 74 0
0 62 0
0 65 48
0 70 48
880 70 0
0 65 0
0 65 60
0 77 60
80 77 0
0 65 0
0 62 54
0 70 60
0 74 60
400 74 0
0 70 0
0 62 0
0 70 73
0 82 73
80 82 0
0 70 0
0 65 65
0 74 73
0 77 73
400 77 0
0 74 0
0 65 0
0 86 86
0 74 86
80 74 0
0 86 0
0 82 86
0 79 86
0 70 77
400 70 0
0 79 0
0 82 0
0 77 81
0 82 81
0 86 86
0 89 90
79 89 0
0 77 0
0 82 0
0 86 0
1 86 90
0 82 82
0 77 81
0 74 81
108 74 0
0 86 0
0 82 0
0 77 0
12 94 84
0 89 84
0 86 75
0 82 75
120 82 0
0 94 0
0 89 0
0 86 0
0 89 78
0 86 78
0 82 70
0 77 70
120 77 0
0 89 0
0 86 0
0 82 0
0 91 81
0 79 72
120 79 0
0 91 0
0 86 79
0 74 71
108 74 0
0 86 0
12 89 87
0 77 78
120 77 0
0 89 0
0 82 82
0 70 73
120 70 0
0 82 0
0 86 87
0 74 78
120 74 0
0 86 0
0 79 82
0 67 73
108 67 0
0 79 0
12 82 88
0 70 79
120 70 0
0 82 0
0 77 82
0 65 73
120 65 0
0 77 0
0 79 89
0 67 80
120 67 0
0 79 0
0 74 82
0 62 73
108 62 0
0 74 0
12 77 88
0 65 79
120 65 0
0 77 0
0 70 83
0 58 74
120 58 0
0 70 0
0 74 95
0 62 86
120 62 0
0 74 0
0 53 90
0 65 100
480 81 92
0 75 92
0 72 82
0 69 82
480 69 0
0 65 0
0 81 0
0 53 0
0 72 0
0 75 0
0 46 97
240 82 97
0 77 93
0 74 87
0 70 87
720 70 0
0 77 0
0 46 0
0 82 0
0 74 0
0 22 76
0 34 85
80 34 0
0 22 0
0 41 57
80 41 0
0 46 58
80 46 0
0 50 60
80 50 0
0 52 62
80 52 0
0 53 63
80 53 0
0 62 64
0 58 64
80 58 0
0 62 0
0 55 63
80 55 0
0 53 62
80 53 0
0 50 60
80 50 0
0 46 58
80 46 0
0 41 57
80 41 0
0 34 56
80 34 0
0 41 57
80 41 0
0 46 58
80 46 0
0 50 60
80 50 0
0 52 62
80 52 0
0 53 63
80 53 0
0 62 64
0 58 64
80 58 0
0 62 0
0 55 64
80 55 0
0 53 63
80 53 0
0 50 61
80 50 0
0 46 59
80 46 0
0 41 57
80 41 0
0 22 76
0 34 85
80 34 0
0 22 0
0 41 57
80 41 0
0 46 58
80 46 0
0 50 60
80 50 0
0 52 61
80 52 0
0 53 63
80 53 0
0 62 64
0 58 64
80 58 0
0 62 0
0 55 63
80 55 0
0 53 62
80 53 0
0 50 60
80 50 0
0 46 58
80 46 0
0 41 57
80 41 0
0 34 56
80 34 0
0 41 57
80 41 0
0 46 59
80 46 0
0 50 61
80 50 0
0 52 63
80 52 0
0 53 64
80 53 0
0 62 64
0 58 64
80 58 0
0 62 0
0 55 63
80 55 0
0 53 62
80 53 0
0 50 60
80 50 0
0 46 58
80 46 0
0 41 57
80 41 0
0 22 76
0 34 87
80 34 0
0 22 0
0 41 57
80 41 0
0 46 58
80 46 0
0 50 60
80 50 0
0 52 62
80 52 0
0 53 63
80 53 0
0 62 64
0 58 64
80 58 0
0 62 0
0 55 63
80 55 0
0 53 63
80 53 0
0 50 61
80 50 0
0 46 59
80 46 0
0 41 58
80 41 0
0 34 56
80 34 0
0 41 57
80 41 0
0 46 59
80 46 0
0 50 61
80 50 0
0 52 63
80 52 0
0 53 64
80 53 0
0 62 64
0 58 64
80 58 0
0 62 0
0 53 64
80 53 0
0 50 63
80 50 0
0 46 62
80 46 0
0 41 60
80 41 0
0 34 58
160 34 0
0 41 56
80 41 0
0 46 57
80 46 0
0 50 59
80 50 0
0 52 61
80 52 0
0 53 63
80 53 0
0 62 64
0 58 64
80 58 0
0 62 0
0 55 63
80 55 0
0 53 62
80 53 0
0 50 61
80 50 0
0 46 59
80 46 0
0 41 58
80 41 0
0 34 57
0 41 57
80 41 0
0 34 0
0 46 57
80 46 0
0 50 58
80 50 0
0 53 59
80 53 0
0 46 60
80 46 0
0 50 61
80 50 0
0 53 62
80 53 0
0 58 63
80 58 0
0 62 63
80 62 0
0 65 64
160 65 0
0 55 54
0 58 54
0 63 54
80 63 0
0 58 0
0 55 0
0 22 50
0 34 56
80 34 0
0 22 0
0 41 57
80 41 0
0 46 58
80 46 0
0 50 60
80 50 0
0 52 62
80 52 0
0 53 63
80 53 0
0 62 64
0 58 64
80 58 0
0 62 0
0 55 63
80 55 0
0 53 63
80 53 0
0 50 61
80 50 0
0 46 59
80 46 0
0 41 58
80 41 0
0 34 56
80 34 0
0 41 57
80 41 0
0 46 59
80 46 0
0 50 61
80 50 0
0 52 63
80 52 0
0 53 64
80 53 0
0 62 64
0 58 64
80 58 0
0 62 0
0 53 64
80 53 0
0 50 63
80 50 0
0 46 62
80 46 0
0 41 60
80 41 0
0 34 58
160 34 0
0 41 56
80 41 0
0 46 57
80 46 0
0 50 59
80 50 0
0 52 61
80 52 0
0 53 63
80 53 0
0 62 64
0 58 64
80 58 0
0 62 0
0 55 63
80 55 0
0 53 62
80 53 0
0 50 61
80 50 0
0 46 59
80 46 0
0 41 58
80 41 0
0 34 57
0 41 57
80 41 0
0 34 0
0 46 57
80 46 0
0 50 58
80 50 0
0 53 59
80 53 0
0 46 60
80 46 0
0 50 61
80 50 0
0 53 62
80 53 0
0 58 63
80 58 0
0 62 63
80 62 0
0 65 64
160 65 0
0 55 62
0 58 62
0 62 62
80 62 0
0 58 0
0 55 0
0 38 58
0 45 58
80 45 0
0 38 0
0 50 59
80 50 0
0 53 61
80 53 0
0 57 62
80 57 0
0 56 63
80 56 0
0 57 64
80 57 0
80 65 61
80 65 0
0 62 58
80 62 0
0 53 56
76 53 0
4 53 54
80 53 0
0 50 53
80 50 0
0 41 50
0 48 50
80 48 0
0 41 0
0 53 49
80 53 0
0 57 51
80 57 0
0 60 53
80 60 0
0 59 55
80 59 0
0 60 57
80 60 0
80 60 56
80 60 0
0 57 55
78 57 0
2 53 54
80 53 0
0 48 54
80 48 0
0 46 53
80 46 0
0 38 51
0 45 51
80 45 0
0 38 0
0 50 52
80 50 0
0 53 54
80 53 0
0 57 55
80 57 0
0 56 56
80 56 0
0 57 57
80 57 0
80 65 61
80 65 0
0 62 58
80 62 0
0 53 56
75 53 0
5 53 54
80 53 0
0 50 53
80 50 0
0 41 50
0 48 50
80 48 0
0 41 0
0 53 49
80 53 0
0 57 51
80 57 0
0 60 53
80 60 0
0 59 55
80 59 0
0 60 57
80 60 0
80 60 55
80 60 0
0 57 56
80 57 0
0 53 58
80 53 0
0 48 60
80 48 0
0 36 63
80 36 0
0 48 63
80 48 0
0 56 63
80 56 0
0 59 64
80 59 0
0 62 65
80 62 0
0 64 67
80 64 0
0 65 68
80 65 0
0 55 72
0 58 72
0 64 72
360 64 0
0 58 0
0 55 0
0 29 71
0 41 79
120 41 0
0 29 0
0 51 80
0 57 80
240 57 0
0 51 0
0 41 61
0 48 61
80 48 0
0 41 0
0 51 61
80 51 0
0 55 81
80 55 0
0 51 81
400 51 0
0 50 72
80 50 0
0 46 72
80 46 0
0 45 72
80 45 0
0 43 71
80 43 0
0 41 71
640 41 0
0 29 73
0 41 82
76 41 0
0 29 0
4 22 81
0 34 91
80 34 0
0 22 0
0 41 63
80 41 0
0 46 64
80 46 0
0 50 65
80 50 0
0 52 67
80 52 0
0 53 69
80 53 0
0 62 72
0 58 72
80 58 0
0 62 0
0 55 69
80 55 0
0 53 68
80 53 0
0 50 66
80 50 0
0 46 64
80 46 0
0 41 64
80 41 0
0 34 63
80 34 0
0 41 63
80 41 0
0 46 64
80 46 0
0 50 66
80 50 0
0 52 68
80 52 0
0 53 71
80 53 0
0 62 72
0 58 72
80 58 0
0 62 0
0 53 71
80 53 0
0 50 68
80 50 0
0 46 67
80 46 0
0 41 65
80 41 0
0 34 64
160 34 0
0 41 63
80 41 0
0 46 63
80 46 0
0 50 64
80 50 0
0 52 66
80 52 0
0 53 68
80 53 0
0 62 71
0 58 71
80 58 0
0 62 0
0 55 69
80 55 0
0 53 67
80 53 0
0 50 66
80 50 0
0 46 64
80 46 0
0 41 64
80 41 0
0 34 63
0 41 63
80 41 0
0 34 0
0 46 63
80 46 0
0 50 64
80 50 0
0 53 64
80 53 0
0 46 65
80 46 0
0 50 66
80 50 0
0 53 67
80 53 0
0 58 68
80 58 0
0 62 69
80 62 0
0 65 71
160 65 0
0 55 58
0 58 58
0 63 58
80 63 0
0 58 0
0 55 0
0 22 55
0 34 62
80 34 0
0 22 0
0 41 63
80 41 0
0 46 64
80 46 0
0 50 65
80 50 0
0 52 67
80 52 0
0 53 69
80 53 0
0 62 72
0 58 72
80 58 0
0 62 0
0 55 69
80 55 0
0 53 68
80 53 0
0 50 66
80 50 0
0 46 64
80 46 0
0 41 64
80 41 0
0 34 63
80 34 0
0 41 63
80 41 0
0 46 64
80 46 0
0 50 66
80 50 0
0 52 68
80 52 0
0 53 71
80 53 0
0 62 72
0 58 72
80 58 0
0 62 0
0 53 71
80 53 0
0 50 68
80 50 0
0 46 67
80 46 0
0 41 65
80 41 0
0 34 64
160 34 0
0 41 63
80 41 0
0 46 63
80 46 0
0 50 64
80 50 0
0 52 66
80 52 0
0 53 68
80 53 0
0 62 71
0 58 71
80 58 0
0 62 0
0 55 69
80 55 0
0 53 67
80 53 0
0 50 66
80 50 0
0 46 64
80 46 0
0 41 64
80 41 0
0 34 63
0 41 63
80 41 0
0 34 0
0 46 63
80 46 0
0 50 64
80 50 0
0 53 64
80 53 0
0 46 65
80 46 0
0 50 66
80 50 0
0 53 67
80 53 0
0 58 68
80 58 0
0 62 69
80 62 0
0 65 71
160 65 0
0 55 67
0 58 67
0 62 67
76 62 0
0 58 0
0 55 0
4 38 67
0 45 67
80 45 0
0 38 0
0 50 67
80 50 0
0 53 67
80 53 0
240 38 63
0 45 63
80 45 0
0 38 0
0 50 64
80 50 0
0 53 65
76 53 0
4 53 67
80 53 0
0 57 69
80 57 0
0 49 71
0 58 71
80 58 0
0 49 0
0 48 72
0 57 72
160 57 0
0 48 0
0 41 69
0 48 69
80 48 0
0 41 0
0 57 72
240 57 0
0 41 68
0 48 68
80 48 0
0 41 0
0 53 68
80 53 0
0 57 70
70 57 0
10 57 72
80 57 0
0 60 73
80 60 0
0 54 75
0 63 75
80 63 0
0 54 0
0 62 81
0 58 81
0 55 72
400 55 0
0 58 0
0 62 0
0 57 72
0 60 80
0 66 80
80 66 0
0 60 0
0 57 0
0 67 80
0 62 80
0 58 72
400 58 0
0 62 0
0 67 0
0 48 80
0 51 80
0 57 80
80 57 0
0 51 0
0 48 0
0 50 80
0 53 80
0 58 80
160 58 0
0 53 0
0 50 0
0 41 72
0 53 80
160 53 0
0 41 0
0 42 72
0 54 80
160 54 0
0 42 0
0 43 71
0 55 79
96 55 0
0 43 0
0 57 77
0 45 69
96 45 0
0 57 0
0 50 75
0 38 67
96 38 0
0 50 0
0 58 73
0 46 65
96 46 0
0 58 0
0 51 72
0 39 64
96 39 0
0 51 0
0 41 80
0 53 80
480 53 0
0 41 0
0 63 90
0 53 81
0 57 90
360 57 0
0 53 0
0 63 0
0 22 81
0 34 81
120 34 0
0 22 0
0 53 76
0 50 76
0 46 68
0 41 68
120 34 73
0 41 73
120 41 0
0 34 0
0 46 74
120 46 0
0 50 75
120 50 0
0 53 77
160 53 0
0 58 78
160 58 0
0 62 80
160 62 0
0 65 75
160 65 0
0 62 72
160 62 0
0 58 67
160 58 0
0 53 63
160 53 0
0 50 59
160 50 0
0 46 55
160 46 0
0 41 0
0 53 0
0 50 0
0 46 0
0 34 72
0 41 72
160 41 0
0 34 0
0 46 63
160 46 0
0 50 64
160 50 0
0 53 65
160 53 0
0 58 66
160 58 0
0 62 68
160 62 0
160 50 54
160 50 0
0 46 54
160 46 0
0 53 72
0 41 48
160 41 0
0 34 48
160 34 0
0 41 49
160 41 0
0 53 0
0 46 64
0 54 64
160 34 45
160 34 0
0 46 46
158 54 0
0 46 0
2 46 0
0 54 48
160 54 0
0 61 50
160 61 0
0 66 53
160 66 0
0 61 54
160 61 0
0 54 51
160 54 0
0 46 48
160 46 0
0 56 69
240 56 0
0 58 69
240 53 50
0 61 76
160 34 40
160 34 0
0 46 41
158 53 0
1 58 0
1 46 0
0 53 43
160 53 0
0 58 45
160 58 0
0 60 47
160 60 0
0 61 0
0 61 50
160 61 0
0 58 47
160 58 0
0 46 48
0 53 48
160 53 0
0 46 0
0 63 76
240 63 0
0 58 48
0 65 81
120 51 54
40 58 61
40 61 61
40 65 0
0 58 0
0 66 85
160 39 57
160 39 0
0 46 57
158 61 0
0 58 0
2 46 0
0 54 57
160 54 0
0 58 57
160 58 0
0 61 57
160 61 0
0 51 0
0 60 55
0 56 55
0 54 55
160 54 0
0 56 0
0 60 0
0 44 54
80 68 66
80 44 0
40 54 52
40 60 52
40 63 52
40 68 0
0 66 0
0 70 61
240 70 0
0 72 58
140 37 35
20 44 35
20 53 39
20 56 39
20 65 39
20 72 0
0 63 0
0 60 0
0 54 0
0 73 54
160 44 40
160 44 0
0 53 40
160 53 0
0 61 40
160 61 0
0 65 40
80 44 0
0 56 0
0 53 0
0 37 0
0 65 0
0 73 0
80 65 0
0 72 50
160 72 0
0 61 49
0 70 49
240 70 0
0 68 49
240 68 0
0 65 49
240 65 0
0 61 0
0 55 49
120 37 38
40 44 43
40 52 43
40 55 0
0 56 50
158 37 0
2 37 40
160 37 0
0 44 40
158 56 0
0 52 0
0 44 0
2 44 0
0 52 40
160 52 0
0 56 40
160 56 0
0 64 40
160 64 0
0 58 47
240 58 0
0 59 50
120 39 38
40 49 44
40 55 45
40 59 0
0 61 54
240 61 0
0 63 49
240 63 0
0 39 0
0 49 0
0 55 0
0 44 41
0 51 46
0 59 51
158 44 0
2 32 41
160 32 0
0 44 41
158 59 0
0 51 0
2 44 0
0 51 41
320 51 0
0 44 41
160 44 0
0 59 41
160 59 0
0 51 41
160 51 0
0 44 41
160 44 0
0 62 54
0 56 41
0 51 41
240 62 0
0 63 57
240 63 0
0 51 0
0 56 0
0 59 55
0 56 49
0 65 55
160 44 45
160 44 0
0 53 47
158 59 0
2 53 0
0 59 48
160 59 0
0 53 50
160 53 0
0 59 51
158 56 0
2 59 0
0 56 48
0 62 54
0 58 48
160 58 0
0 65 0
0 56 0
0 62 0
0 46 42
160 46 0
0 66 56
160 66 0
0 68 59
0 62 43
0 58 38
0 56 38
240 68 0
0 70 63
80 39 25
40 46 25
40 54 25
40 58 28
40 70 0
0 62 0
0 56 0
0 58 0
0 66 54
158 39 0
2 27 30
160 27 0
0 39 32
158 58 0
0 54 0
0 46 0
2 39 0
0 46 34
160 46 0
0 54 36
160 54 0
0 58 36
160 58 0
0 66 39
160 66 0
0 58 36
160 58 0
0 54 35
160 54 0
0 46 34
160 46 0
0 39 32
160 39 0
0 46 32
160 46 0
0 66 0
0 59 47
120 47 31
120 47 0
0 39 31
120 39 0
0 59 0
0 57 45
120 57 0
0 56 51
120 47 33
120 47 0
0 40 34
120 40 0
0 47 34
120 47 0
0 56 0
0 63 54
120 59 36
120 59 0
0 56 36
120 56 0
0 51 36
120 51 0
0 63 0
0 61 56
120 52 38
120 52 0
0 42 38
120 42 0
0 61 0
0 59 56
120 59 0
0 58 61
120 51 48
120 51 0
0 43 48
120 43 0
0 51 48
120 51 0
0 58 0
0 59 64
120 51 56
120 51 0
0 44 56
120 44 0
0 51 56
120 51 0
0 59 0
0 66 72
120 63 58
120 63 0
0 59 58
120 59 0
0 54 58
120 54 0
0 46 58
120 46 0
0 54 58
120 54 0
0 66 0
0 65 72
120 65 0
0 63 72
30 47 72
30 54 81
30 57 81
30 63 0
0 63 81
160 63 0
0 57 0
0 54 0
0 47 0
0 71 89
80 71 0
0 66 89
400 66 0
0 63 80
80 63 0
0 59 83
160 59 0
0 54 80
80 54 0
0 47 83
0 51 83
160 51 0
0 47 0
0 70 90
80 70 0
0 66 90
400 66 0
0 63 80
80 63 0
0 58 81
160 58 0
0 54 80
80 54 0
0 49 81
0 52 81
160 52 0
0 49 0
0 70 89
80 70 0
0 66 89
400 66 0
0 52 80
0 64 80
80 64 0
0 52 0
0 49 81
0 61 81
160 61 0
0 49 0
0 46 81
0 58 81
80 58 0
0 46 0
0 42 82
0 54 82
160 54 0
0 42 0
0 40 81
0 52 81
80 52 0
0 40 0
0 37 84
0 49 84
160 49 0
0 37 0
0 34 87
0 46 87
80 46 0
0 34 0
0 30 81
0 42 90
160 42 0
0 30 0
0 28 78
0 40 87
80 40 0
0 28 0
0 25 81
0 37 90
160 37 0
0 25 0
0 24 91
80 24 0
0 36 97
80 36 0
0 55 69
80 55 0
0 58 72
80 58 0
0 64 72
80 64 0
0 65 74
80 65 0
0 67 76
80 67 0
0 64 80
0 58 80
240 58 0
0 64 0
0 57 75
80 57 0
0 55 73
80 55 0
0 48 72
80 48 0
0 55 71
0 58 71
159 58 0
0 55 0
1 55 72
0 58 72
79 58 0
0 55 0
1 53 72
0 58 72
159 58 0
0 53 0
1 52 72
0 58 72
79 58 0
0 52 0
1 48 72
0 58 72
240 58 0
0 48 0
0 50 63
80 50 0
0 48 63
80 48 0
0 43 61
80 43 0
0 36 63
80 36 0
0 43 63
80 43 0
0 48 64
80 48 0
0 52 64
80 52 0
0 53 65
80 53 0
0 55 66
80 55 0
0 46 67
0 52 67
240 52 0
0 46 0
0 45 65
80 45 0
0 43 64
80 43 0
0 36 63
79 36 0
1 43 55
0 46 55
160 46 0
0 43 0
0 43 64
0 46 64
79 46 0
0 43 0
1 41 64
0 46 64
159 46 0
0 41 0
1 40 64
0 46 64
79 46 0
0 40 0
1 36 64
0 46 64
480 46 0
0 36 0
0 29 50
360 29 0
0 43 50
60 43 0
0 38 50
60 38 0
0 39 50
60 39 0
0 36 50
60 36 0
0 38 50
60 38 0
0 31 50
60 31 0
0 33 50
60 33 0
0 29 50
180 29 0
0 51 57
360 51 0
0 48 51
60 48 0
0 43 51
60 43 0
0 45 50
60 45 0
0 41 50
60 41 0
0 43 50
60 43 0
0 38 50
60 38 0
0 39 50
60 39 0
0 36 50
60 36 0
0 29 54
0 41 60
120 41 0
0 29 0
0 51 60
0 55 60
178 55 0
182 51 0
0 55 53
60 55 0
0 50 53
60 50 0
0 51 53
60 51 0
0 48 53
60 48 0
0 50 53
60 50 0
0 43 53
60 43 0
0 45 53
60 45 0
0 41 53
60 41 0
0 51 66
120 51 0
0 63 66
238 63 0
122 60 60
60 60 0
0 55 59
60 55 0
0 57 58
60 57 0
0 53 57
60 53 0
0 55 57
60 55 0
0 50 56
60 50 0
0 51 56
60 51 0
0 48 55
60 48 0
0 60 65
60 60 0
0 55 64
60 55 0
0 57 64
60 57 0
0 53 64
60 53 0
0 55 63
60 55 0
0 50 62
60 50 0
0 51 61
60 51 0
0 48 60
60 48 0
0 67 68
60 67 0
0 62 68
60 62 0
0 63 67
60 63 0
0 60 66
60 60 0
0 62 65
60 62 0
0 55 64
60 55 0
0 57 64
60 57 0
0 53 64
60 53 0
0 72 69
60 72 0
0 67 65
60 67 0
0 69 65
60 69 0
0 63 63
60 63 0
0 72 69
60 72 0
0 67 64
60 67 0
0 69 67
60 69 0
0 63 62
60 63 0
0 72 69
60 72 0
0 67 65
60 67 0
0 69 67
60 69 0
0 63 61
60 63 0
0 72 71
60 72 0
0 67 67
60 67 0
0 69 67
60 69 0
0 63 61
60 63 0
1080 22 85
0 34 95
80 34 0
0 22 0
0 41 63
80 41 0
0 46 64
80 46 0
0 50 65
80 50 0
0 52 67
80 52 0
0 53 69
80 53 0
0 62 72
0 58 72
80 58 0
0 62 0
0 55 69
80 55 0
0 53 68
80 53 0
0 50 66
80 50 0
0 46 64
80 46 0
0 41 64
80 41 0
0 34 63
80 34 0
0 41 63
80 41 0
0 46 64
80 46 0
0 50 66
80 50 0
0 52 68
80 52 0
0 53 71
80 53 0
0 62 72
0 58 72
80 58 0
0 62 0
0 53 71
80 53 0
0 50 68
80 50 0
0 46 67
80 46 0
0 41 65
80 41 0
0 34 64
160 34 0
0 41 63
80 41 0
0 46 63
80 46 0
0 50 64
80 50 0
0 52 66
80 52 0
0 53 68
80 53 0
0 62 71
0 58 71
80 58 0
0 62 0
0 55 69
80 55 0
0 53 67
80 53 0
0 50 66
80 50 0
0 46 64
80 46 0
0 41 64
80 41 0
0 34 63
0 41 63
80 41 0
0 34 0
0 46 63
80 46 0
0 50 64
80 50 0
0 53 64
80 53 0
0 46 65
80 46 0
0 50 66
80 50 0
0 53 67
80 53 0
0 58 68
80 58 0
0 62 69
80 62 0
0 65 71
160 65 0
0 55 58
0 58 58
0 63 58
80 63 0
0 58 0
0 55 0
0 22 55
0 34 62
80 34 0
0 22 0
0 41 63
80 41 0
0 46 64
80 46 0
0 50 65
80 50 0
0 52 67
80 52 0
0 53 69
80 53 0
0 62 72
0 58 72
80 58 0
0 62 0
0 55 69
80 55 0
0 53 68
80 53 0
0 50 66
80 50 0
0 46 64
80 46 0
0 41 64
80 41 0
0 34 63
80 34 0
0 41 63
80 41 0
0 46 64
80 46 0
0 50 66
80 50 0
0 52 68
80 52 0
0 53 71
80 53 0
0 62 72
0 58 72
80 58 0
0 62 0
0 53 71
80 53 0
0 50 68
80 50 0
0 46 67
80 46 0
0 41 65
80 41 0
0 34 64
160 34 0
0 41 63
80 41 0
0 46 63
80 46 0
0 50 64
80 50 0
0 52 66
80 52 0
0 53 68
80 53 0
0 62 71
0 58 71
80 58 0
0 62 0
0 55 69
80 55 0
0 53 67
80 53 0
0 50 66
80 50 0
0 46 64
80 46 0
0 41 64
80 41 0
0 34 63
0 41 63
80 41 0
0 34 0
0 46 63
80 46 0
0 50 64
80 50 0
0 53 64
80 53 0
0 46 65
80 46 0
0 50 66
80 50 0
0 53 67
80 53 0
0 58 68
80 58 0
0 62 69
80 62 0
0 65 71
160 65 0
0 55 67
0 58 67
0 62 67
80 62 0
0 58 0
0 55 0
0 38 64
0 45 64
80 45 0
0 38 0
0 50 64
80 50 0
0 53 66
80 53 0
0 57 67
80 57 0
0 56 69
80 56 0
0 57 71
80 57 0
80 65 66
80 65 0
0 62 64
80 62 0
0 53 63
78 53 0
2 53 59
80 53 0
0 50 57
80 50 0
0 41 55
0 48 55
80 48 0
0 41 0
0 53 54
80 53 0
0 57 56
80 57 0
0 60 57
80 60 0
0 59 60
80 59 0
0 60 63
80 60 0
80 60 62
80 60 0
0 57 60
78 57 0
2 53 59
80 53 0
0 48 58
80 48 0
0 46 57
80 46 0
0 38 56
0 45 56
80 45 0
0 38 0
0 50 56
80 50 0
0 53 58
80 53 0
0 57 60
80 57 0
0 56 62
80 56 0
0 57 63
80 57 0
80 65 66
80 65 0
0 62 64
80 62 0
0 53 63
78 53 0
2 53 59
80 53 0
0 50 57
80 50 0
0 41 55
0 48 55
80 48 0
0 41 0
0 53 54
80 53 0
0 57 56
80 57 0
0 60 57
80 60 0
0 59 60
80 59 0
0 60 63
80 60 0
80 60 60
80 60 0
0 57 63
80 57 0
0 53 64
80 53 0
0 48 65
80 48 0
0 36 68
80 36 0
0 48 68
80 48 0
0 56 69
80 56 0
0 59 72
80 59 0
0 62 72
80 62 0
0 64 73
80 64 0
0 65 74
80 65 0
0 55 70
0 58 78
0 64 78
360 64 0
0 58 0
0 55 0
0 29 69
0 41 77
120 41 0
0 29 0
0 51 78
0 57 78
240 57 0
0 51 0
0 41 61
0 48 61
80 48 0
0 41 0
0 51 61
80 51 0
0 55 78
80 55 0
0 51 78
400 51 0
0 50 74
80 50 0
0 46 73
80 46 0
0 45 73
80 45 0
0 43 72
80 43 0
0 41 72
640 41 0
0 29 82
0 41 82
79 41 0
0 29 0
1 22 81
0 34 91
80 34 0
0 22 0
0 41 63
80 41 0
0 46 64
80 46 0
0 50 65
80 50 0
0 52 67
80 52 0
0 53 69
80 53 0
0 62 72
0 58 72
80 58 0
0 62 0
0 55 69
80 55 0
0 53 68
80 53 0
0 50 66
80 50 0
0 46 64
80 46 0
0 41 64
80 41 0
0 34 63
80 34 0
0 41 63
80 41 0
0 46 64
80 46 0
0 50 66
80 50 0
0 52 68
80 52 0
0 53 71
80 53 0
0 62 72
0 58 72
80 58 0
0 62 0
0 53 71
80 53 0
0 50 68
80 50 0
0 46 67
80 46 0
0 41 65
80 41 0
0 34 64
160 34 0
0 41 63
80 41 0
0 46 63
80 46 0
0 50 64
80 50 0
0 52 66
80 52 0
0 53 68
80 53 0
0 62 71
0 58 71
80 58 0
0 62 0
0 55 69
80 55 0
0 53 67
80 53 0
0 50 66
80 50 0
0 46 64
80 46 0
0 41 64
80 41 0
0 34 63
0 41 63
80 41 0
0 34 0
0 46 63
80 46 0
0 50 64
80 50 0
0 53 64
80 53 0
0 46 65
80 46 0
0 50 66
80 50 0
0 53 67
80 53 0
0 58 68
80 58 0
0 62 69
80 62 0
0 65 71
160 65 0
0 55 58
0 58 58
0 63 58
80 63 0
0 58 0
0 55 0
0 22 55
0 34 62
80 34 0
0 22 0
0 41 63
80 41 0
0 46 64
80 46 0
0 50 65
80 50 0
0 52 67
80 52 0
0 53 69
80 53 0
0 62 72
0 58 72
80 58 0
0 62 0
0 55 69
80 55 0
0 53 68
80 53 0
0 50 66
80 50 0
0 46 64
80 46 0
0 41 64
80 41 0
0 34 63
80 34 0
0 41 63
80 41 0
0 46 64
80 46 0
0 50 66
80 50 0
0 52 68
80 52 0
0 53 71
80 53 0
0 62 72
0 58 72
80 58 0
0 62 0
0 53 71
80 53 0
0 50 68
80 50 0
0 46 67
80 46 0
0 41 65
80 41 0
0 34 64
160 34 0
0 41 63
80 41 0
0 46 63
80 46 0
0 50 64
80 50 0
0 52 66
80 52 0
0 53 68
80 53 0
0 62 71
0 58 71
80 58 0
0 62 0
0 55 69
80 55 0
0 53 67
80 53 0
0 50 66
80 50 0
0 46 64
80 46 0
0 41 64
80 41 0
0 34 63
0 41 63
80 41 0
0 34 0
0 46 63
80 46 0
0 50 64
80 50 0
0 53 64
80 53 0
0 46 65
80 46 0
0 50 66
80 50 0
0 53 67
80 53 0
0 58 68
80 58 0
0 62 69
80 62 0
0 65 71
160 65 0
0 55 67
0 58 67
0 62 67
80 62 0
0 58 0
0 55 0
0 38 67
0 45 67
80 45 0
0 38 0
0 50 67
80 50 0
0 53 67
80 53 0
240 38 63
0 45 63
80 45 0
0 38 0
0 50 64
80 50 0
0 53 65
78 53 0
2 53 67
80 53 0
0 57 69
80 57 0
0 49 71
0 58 71
80 58 0
0 49 0
0 48 72
0 57 72
160 57 0
0 48 0
0 41 69
0 48 69
80 48 0
0 41 0
0 57 72
240 57 0
0 41 68
0 48 68
80 48 0
0 41 0
0 53 68
80 53 0
0 57 70
78 57 0
2 57 72
80 57 0
0 60 73
80 60 0
0 54 75
0 63 75
80 63 0
0 54 0
0 62 81
0 58 81
0 55 81
400 55 0
0 58 0
0 62 0
0 57 72
0 60 72
0 66 72
80 66 0
0 60 0
0 57 0
0 67 72
0 62 72
0 58 72
400 58 0
0 62 0
0 67 0
0 48 72
0 51 72
0 57 72
80 57 0
0 51 0
0 48 0
0 50 72
0 53 72
0 58 72
160 58 0
0 53 0
0 50 0
0 42 64
0 54 72
160 54 0
0 42 0
0 43 64
0 55 72
160 55 0
0 43 0
0 36 54
0 48 60
96 48 0
0 36 0
0 50 60
0 38 54
96 38 0
0 50 0
0 54 50
0 42 45
96 42 0
0 54 0
0 55 49
0 43 44
96 43 0
0 55 0
0 57 48
0 45 43
96 45 0
0 57 0
0 46 48
0 58 54
70 58 0
0 46 0
10 43 57
0 55 64
80 55 0
0 43 0
0 45 57
0 57 64
80 57 0
0 45 0
0 38 56
0 50 63
80 50 0
0 38 0
0 46 56
0 58 63
80 58 0
0 46 0
0 39 55
0 51 62
80 51 0
0 39 0
0 41 54
0 53 61
70 53 0
0 41 0
10 42 54
0 54 60
80 54 0
0 42 0
0 43 57
0 55 64
80 55 0
0 43 0
0 50 57
0 62 64
80 62 0
0 50 0
0 51 56
0 63 63
80 63 0
0 51 0
0 45 54
0 57 61
80 57 0
0 45 0
0 46 60
0 58 60
80 58 0
0 46 0
0 42 52
0 54 58
80 54 0
0 42 0
0 43 50
0 55 56
80 55 0
0 43 0
0 45 51
0 57 57
80 57 0
0 45 0
0 38 53
0 50 59
70 50 0
0 38 0
10 43 54
0 55 60
80 55 0
0 43 0
0 36 57
0 48 64
80 48 0
0 36 0
0 41 54
0 53 60
80 53 0
0 41 0
0 35 64
0 47 72
80 47 0
0 35 0
0 36 62
0 48 69
80 48 0
0 36 0
0 39 59
0 51 66
80 51 0
0 39 0
0 40 66
0 52 74
80 52 0
0 40 0
0 41 72
0 53 80
480 53 0
0 41 0
0 57 70
0 48 63
0 51 70
360 51 0
0 48 0
0 57 0
0 22 67
0 34 75
118 34 0
0 22 0
2 41 67
0 46 67
0 50 75
0 53 75
240 53 64
240 53 0
0 58 65
240 58 0
0 62 66
240 62 0
0 50 0
0 41 0
0 46 0
0 53 0
0 65 67
240 65 0
0 70 68
480 70 0
0 63 63
0 66 71
0 72 70
240 72 0
0 66 0
0 63 0
0 58 59
0 65 65
0 74 63
240 74 0
0 65 0
0 58 0
0 34 41
0 41 41
0 50 49
240 50 0
0 41 0
0 34 0
0 53 54
240 53 0
0 58 50
240 58 0
0 62 54
240 62 0
0 65 50
480 65 0
0 54 50
0 60 50
0 63 56
0 69 55
120 53 42
60 62 47
60 69 0
0 63 0
0 54 0
0 60 0
0 70 46
240 70 0
0 62 0
0 53 0
0 34 45
0 41 44
240 41 0
0 34 0
0 46 44
240 46 0
0 50 44
240 50 0
0 53 45
240 53 0
0 58 40
480 58 0
0 51 44
0 54 44
0 60 43
120 46 39
60 53 39
60 60 0
0 51 0
0 54 0
0 62 37
240 62 0
0 46 0
0 53 0
0 34 37
240 34 0
0 50 31
0 41 32
240 41 0
0 50 0
0 48 32
0 51 32
0 57 35
240 57 0
0 51 0
0 48 0
0 41 28
0 50 32
0 58 35
240 58 0
0 50 0
0 41 0
0 34 36
240 34 0
0 50 31
0 41 32
240 41 0
0 50 0
0 51 32
0 54 35
240 54 0
0 51 0
0 46 32
0 53 35
240 53 0
0 46 0
0 34 31
0 41 31
80 41 0
0 34 0
0 46 32
80 46 0
0 50 32
80 50 0
0 53 33
80 53 0
0 50 35
80 50 0
0 46 36
80 46 0
0 50 36
80 50 0
0 46 38
80 46 0
0 41 39
80 41 0
0 34 40
80 34 0
0 41 40
80 41 0
0 46 42
80 46 0
0 50 43
80 50 0
0 49 44
80 49 0
0 50 45
80 50 0
0 53 46
80 53 0
0 50 47
80 50 0
0 46 48
80 46 0
0 50 49
80 50 0
0 46 50
80 46 0
0 41 51
80 41 0
0 34 53
80 34 0
0 41 54
80 41 0
0 46 54
80 46 0
0 50 56
80 50 0
0 49 56
80 49 0
0 50 57
80 50 0
0 58 58
80 58 0
0 50 60
80 50 0
0 46 61
80 46 0
0 50 62
80 50 0
0 46 63
80 46 0
0 41 64
80 41 0
0 34 64
80 34 0
0 41 65
80 41 0
0 46 67
80 46 0
0 50 68
80 50 0
0 53 69
80 53 0
80 40 72
80 40 0
0 46 72
80 46 0
0 50 72
80 50 0
0 55 74
80 55 0
0 58 75
80 58 0
0 50 79
0 46 71
0 41 73
0 53 79
79 53 0
0 50 0
0 46 0
0 41 0
1 65 79
0 62 79
0 58 71
0 53 71
108 53 0
0 65 0
0 62 0
0 58 0
12 70 74
0 62 66
0 58 66
120 58 0
0 62 0
0 70 0
0 65 70
0 62 70
0 58 63
0 53 63
120 53 0
0 65 0
0 62 0
0 58 0
0 67 72
0 55 64
120 55 0
0 67 0
0 62 70
0 50 63
108 50 0
0 62 0
12 65 75
0 53 67
120 53 0
0 65 0
0 58 72
0 46 64
120 46 0
0 58 0
0 62 76
0 50 68
120 50 0
0 62 0
0 55 72
0 43 64
108 43 0
0 55 0
12 58 77
0 46 69
120 46 0
0 58 0
0 53 72
0 41 64
120 41 0
0 53 0
0 43 69
0 55 77
120 55 0
0 43 0
0 50 72
0 38 64
108 38 0
0 50 0
12 41 71
0 53 79
120 53 0
0 41 0
0 34 65
0 46 73
120 46 0
0 34 0
0 50 85
0 38 76
120 38 0
0 50 0
0 29 78
0 41 88
480 63 81
0 60 81
0 57 72
0 51 72
480 51 0
0 41 0
0 63 0
0 29 0
0 57 0
0 60 0
0 22 78
0 34 87
240 62 85
0 58 83
0 53 78
0 50 78
720 50 0
0 34 0
0 62 0
0 22 0
0 53 0
0 58 0
