0 67 84
0 79 95
1410 79 0
0 67 0
30 71 44
360 71 0
0 72 38
120 72 0
0 74 51
338 74 0
142 74 42
338 74 0
142 74 42
338 74 0
142 72 46
360 72 0
0 74 47
120 74 0
0 75 53
720 75 0
0 74 44
240 74 0
0 72 39
480 72 0
0 74 49
360 74 0
0 72 42
120 72 0
0 71 46
480 71 0
0 69 44
360 69 0
0 71 36
120 71 0
0 72 48
480 72 0
0 74 43
360 74 0
0 75 44
120 75 0
0 74 51
1440 74 0
0 62 37
0 67 37
0 71 44
241 71 0
0 67 0
0 62 0
119 63 35
0 67 35
0 72 42
60 72 0
0 67 0
0 63 0
60 65 43
0 67 43
0 74 51
241 74 0
0 67 0
0 65 0
239 65 35
0 67 35
0 74 42
241 74 0
0 67 0
0 65 0
239 65 35
0 67 35
0 74 42
241 74 0
0 67 0
0 65 0
239 63 39
0 67 39
0 72 39
241 72 0
0 67 0
0 63 0
119 65 39
0 67 39
0 74 47
60 74 0
0 67 0
0 65 0
60 67 45
0 75 53
840 75 0
0 67 0
0 65 37
0 67 37
0 74 44
60 74 0
0 67 0
0 65 0
60 63 33
0 67 33
0 72 39
240 72 0
0 67 0
0 63 0
240 65 41
0 68 41
0 74 49
241 74 0
0 68 0
0 65 0
119 63 35
0 68 42
0 72 42
60 72 0
0 68 0
0 63 0
60 62 39
0 67 39
0 71 46
240 71 0
0 67 0
0 62 0
240 60 37
0 67 37
0 69 44
241 69 0
0 67 0
0 60 0
119 62 30
0 67 30
0 71 36
60 71 0
0 67 0
0 62 0
60 63 40
0 67 40
0 72 48
240 72 0
0 67 0
0 63 0
240 67 45
0 75 53
241 75 0
0 67 0
119 65 37
0 67 37
0 74 44
60 74 0
0 67 0
0 65 0
60 63 43
0 67 43
0 72 51
1440 72 0
0 67 0
0 63 0
0 74 44
360 74 0
0 75 38
120 75 0
0 77 51
338 77 0
142 77 42
338 77 0
142 77 42
338 77 0
142 75 46
360 75 0
0 74 47
120 74 0
0 79 53
720 79 0
0 77 44
240 77 0
0 75 39
480 75 0
0 74 49
360 74 0
0 72 42
120 72 0
0 71 46
480 71 0
0 69 44
360 69 0
0 71 36
120 71 0
0 72 48
480 72 0
0 77 43
360 77 0
0 75 44
120 75 0
0 74 51
1440 74 0
0 65 37
0 70 37
0 74 44
241 74 0
0 70 0
0 65 0
119 67 35
0 70 35
0 75 42
60 75 0
0 70 0
0 67 0
60 68 43
0 70 43
0 77 51
241 77 0
0 70 0
0 68 0
239 68 35
0 70 35
0 77 42
241 77 0
0 70 0
0 68 0
239 68 35
0 70 35
0 77 42
241 77 0
0 70 0
0 68 0
239 67 39
0 70 39
0 75 46
241 75 0
0 70 0
0 67 0
119 65 39
0 70 39
0 74 47
60 74 0
0 70 0
0 65 0
60 70 47
0 79 56
840 79 0
0 70 0
0 68 41
0 70 41
0 77 49
60 77 0
0 70 0
0 68 0
60 67 35
0 70 35
0 75 42
240 75 0
0 70 0
0 67 0
240 65 44
0 68 44
0 74 52
241 74 0
0 68 0
0 65 0
119 63 35
0 68 35
0 72 42
60 72 0
0 68 0
0 63 0
60 62 39
0 67 39
0 71 46
240 71 0
0 67 0
0 62 0
240 60 37
0 67 37
0 69 44
241 69 0
0 67 0
0 60 0
119 62 30
0 67 30
0 71 36
60 71 0
0 67 0
0 62 0
60 63 40
0 67 40
0 72 48
240 72 0
0 67 0
0 63 0
240 67 45
0 75 53
241 75 0
0 67 0
119 65 37
0 67 37
0 74 44
60 74 0
0 67 0
0 65 0
60 63 43
0 67 43
0 72 51
1440 72 0
0 67 0
0 63 0
0 71 48
360 71 0
0 72 41
120 72 0
0 74 56
338 74 0
142 68 39
0 71 46
0 74 46
338 74 0
22 71 0
0 68 0
120 69 39
0 72 39
0 74 46
338 74 0
22 72 0
0 69 0
120 69 39
0 72 50
360 72 0
0 74 51
120 74 0
0 69 0
0 72 50
0 69 49
60 72 0
0 74 53
60 74 0
0 75 58
600 75 0
0 74 48
240 74 0
0 72 42
480 72 0
0 69 0
0 69 40
0 74 55
360 74 0
0 72 48
120 72 0
0 69 0
0 67 44
0 71 52
480 71 0
0 67 0
0 67 46
0 69 54
360 69 0
0 67 0
0 67 36
0 71 44
120 71 0
0 67 0
0 67 50
0 72 59
480 72 0
0 67 0
0 67 51
0 74 61
360 74 0
0 67 0
0 67 52
0 75 62
120 75 0
0 67 0
0 67 61
0 74 73
1440 74 0
0 67 0
0 62 64
0 67 64
0 71 77
241 71 0
0 67 0
0 62 0
119 63 61
0 67 61
0 72 73
60 72 0
0 67 0
0 63 0
60 65 74
0 67 74
0 74 89
241 74 0
0 67 0
0 65 0
239 65 68
0 67 68
0 74 81
241 74 0
0 67 0
0 65 0
239 65 68
0 67 68
0 74 81
241 74 0
0 67 0
0 65 0
239 63 68
0 67 68
0 72 80
241 72 0
0 67 0
0 63 0
119 65 69
0 67 69
0 74 82
60 74 0
0 67 0
0 65 0
60 67 78
0 75 92
840 75 0
0 67 0
0 65 64
0 67 64
0 74 77
120 74 0
0 67 0
0 65 0
0 63 57
0 67 57
0 72 68
240 72 0
0 67 0
0 63 0
240 65 72
0 68 72
0 74 85
241 74 0
0 68 0
0 65 0
119 63 61
0 68 61
0 72 73
60 72 0
0 68 0
0 63 0
60 62 68
0 67 68
0 71 80
240 71 0
0 67 0
0 62 0
240 60 64
0 67 64
0 69 77
241 69 0
0 67 0
0 60 0
119 62 52
0 67 52
0 71 62
60 71 0
0 67 0
0 62 0
60 63 70
0 67 70
0 72 83
240 72 0
0 67 0
0 63 0
240 67 78
0 75 92
241 75 0
0 67 0
119 65 64
0 67 64
0 74 77
60 74 0
0 67 0
0 65 0
60 63 74
0 67 74
0 72 89
1440 72 0
0 67 0
0 63 0
0 74 55
360 74 0
0 75 47
120 75 0
0 77 64
338 77 0
142 71 44
0 68 44
0 74 44
0 77 52
338 77 0
22 71 0
0 68 0
0 74 0
120 68 44
0 70 44
0 77 52
338 77 0
22 70 0
0 68 0
120 70 39
0 68 39
0 75 47
60 75 0
0 77 47
60 77 0
0 75 70
240 75 0
0 74 58
120 74 0
0 68 0
0 70 0
0 70 56
0 67 56
0 79 66
480 67 0
0 70 0
0 74 44
0 68 36
360 79 0
0 77 55
120 77 0
0 68 0
0 74 0
0 67 56
0 75 48
480 75 0
0 67 0
0 65 53
0 68 46
0 74 63
360 74 0
0 65 0
0 63 46
0 72 54
120 72 0
0 63 0
0 68 0
0 62 50
0 67 50
0 71 59
480 71 0
0 67 0
0 62 0
0 60 52
0 67 52
0 69 61
360 69 0
0 67 0
0 60 0
0 62 42
0 67 42
0 71 50
120 71 0
0 67 0
0 62 0
0 63 57
0 67 57
0 72 68
480 72 0
0 67 0
0 63 0
0 67 59
0 77 78
360 77 0
0 67 0
0 67 60
0 75 71
120 75 0
0 67 0
0 67 71
0 74 84
1440 74 0
0 67 0
0 65 70
0 70 70
0 74 83
241 74 0
0 70 0
0 65 0
119 67 67
0 70 67
0 75 79
60 75 0
0 70 0
0 67 0
60 68 64
0 70 81
0 77 96
241 77 0
0 70 0
0 68 0
239 68 60
0 70 75
0 77 88
241 77 0
0 70 0
0 68 0
239 68 60
0 70 75
0 77 88
241 77 0
0 70 0
0 68 0
239 67 58
0 70 73
0 75 86
241 75 0
0 70 0
0 67 0
119 65 60
0 70 76
0 74 89
60 74 0
0 70 0
0 65 0
60 70 84
0 79 99
840 79 0
0 70 0
0 68 70
0 70 70
0 77 83
120 77 0
0 70 0
0 68 0
0 67 62
0 70 62
0 75 74
240 75 0
0 70 0
0 67 0
240 65 77
0 68 77
0 74 92
241 74 0
0 68 0
0 65 0
119 63 67
0 68 67
0 72 79
60 72 0
0 68 0
0 63 0
60 62 73
0 67 73
0 71 86
240 71 0
0 67 0
0 62 0
240 60 70
0 67 70
0 69 83
241 69 0
0 67 0
0 60 0
119 62 57
0 67 57
0 71 67
60 71 0
0 67 0
0 62 0
60 63 76
0 67 76
0 72 90
240 72 0
0 67 0
0 63 0
240 67 84
0 75 99
241 75 0
0 67 0
119 65 70
0 67 70
0 74 83
60 74 0
0 67 0
0 65 0
60 63 81
0 67 81
0 72 96
1440 72 0
0 67 0
0 63 0
0 75 78
360 75 0
0 74 70
120 74 0
0 63 71
0 68 71
0 72 83
1440 72 0
0 68 0
0 63 0
0 72 69
60 72 0
0 75 78
300 75 0
0 74 70
120 74 0
0 67 71
0 72 83
1440 72 0
0 67 0
0 74 78
360 74 0
0 75 67
120 75 0
0 68 62
0 72 62
0 77 73
480 77 0
0 72 0
0 68 0
0 67 59
0 72 59
0 75 70
241 75 0
0 72 0
0 67 0
119 65 48
0 74 57
60 74 0
0 65 0
60 63 64
0 72 76
480 72 0
0 63 0
0 67 60
0 62 60
0 71 71
480 67 0
0 63 57
0 67 57
0 72 68
2 71 0
0 62 0
1438 67 0
0 63 0
0 72 0
0 75 60
360 75 0
0 74 54
120 74 0
0 63 55
0 68 55
0 72 65
1440 72 0
0 68 0
0 63 0
0 75 59
360 75 0
0 74 52
120 74 0
0 67 51
0 72 61
1440 72 0
0 67 0
0 73 54
360 73 0
0 75 46
120 75 0
0 73 40
0 68 40
60 73 0
0 75 43
60 75 0
0 77 51
360 77 0
0 68 0
0 68 41
0 75 49
241 75 0
0 68 0
119 68 33
0 73 39
60 73 0
0 68 0
60 68 44
0 72 53
240 72 0
0 68 0
240 63 37
0 67 37
0 61 37
0 70 44
240 67 0
0 63 0
1 61 0
0 70 0
239 60 39
0 63 39
0 68 47
960 68 0
0 63 0
0 60 0
480 68 53
360 68 0
0 72 47
120 72 0
0 75 57
360 75 0
120 75 51
360 75 0
120 75 53
360 75 0
120 75 52
360 75 0
120 77 58
960 77 0
0 75 55
960 75 0
0 73 58
960 73 0
0 72 52
960 72 0
0 70 40
480 70 0
0 73 34
480 73 0
0 72 40
480 72 0
0 70 37
480 70 0
0 68 48
960 68 0
480 68 53
360 68 0
0 72 47
120 72 0
0 75 57
338 75 0
142 63 42
0 75 51
360 75 0
0 63 0
120 63 45
0 75 53
360 75 0
0 63 0
120 63 44
0 75 52
360 75 0
0 63 0
120 64 49
0 76 58
960 76 0
0 64 0
0 63 46
0 75 55
960 75 0
0 63 0
0 73 58
960 73 0
0 71 52
720 71 0
0 70 45
240 70 0
0 68 40
480 68 0
0 68 33
60 68 0
0 76 52
420 76 0
0 75 46
480 75 0
0 73 42
480 73 0
0 71 48
1440 71 0
0 71 57
360 71 0
0 75 50
120 75 0
0 66 46
0 78 62
479 78 0
0 66 0
1 66 48
0 78 59
479 78 0
0 66 0
1 67 57
0 79 67
479 79 0
0 67 0
1 68 59
0 80 71
479 80 0
0 68 0
1 70 64
0 82 79
479 82 0
0 70 0
1 73 64
0 85 77
479 85 0
0 73 0
1 71 62
0 83 74
479 83 0
0 71 0
1 70 49
0 82 58
360 82 0
0 70 0
0 68 42
0 80 51
120 80 0
0 68 0
0 67 49
0 79 58
480 79 0
0 67 0
0 67 46
0 79 55
480 79 0
0 67 0
0 68 45
0 80 53
240 80 0
0 68 0
0 67 37
0 79 45
240 79 0
0 67 0
0 65 38
0 77 46
240 77 0
0 65 0
0 67 37
0 79 45
240 79 0
0 67 0
0 68 40
0 80 48
1440 80 0
0 68 0
0 80 57
360 80 0
0 84 50
120 84 0
0 75 57
0 87 68
360 87 0
0 75 0
120 75 52
0 87 62
360 87 0
0 75 0
120 75 56
0 87 67
360 87 0
0 75 0
120 75 60
0 87 71
360 87 0
0 75 0
120 77 58
0 89 69
479 89 0
0 77 0
1 79 57
0 91 72
479 91 0
0 79 0
1 80 58
0 92 69
479 92 0
0 80 0
1 75 51
0 87 61
360 87 0
0 75 0
120 75 56
0 87 66
480 87 0
0 75 0
0 73 45
0 85 54
240 85 0
0 73 0
240 73 52
0 85 62
480 85 0
0 73 0
0 72 46
0 84 55
240 84 0
0 72 0
240 82 56
480 82 0
0 85 50
480 85 0
0 84 57
480 84 0
0 82 49
480 82 0
0 80 53
160 80 0
0 63 48
160 63 0
0 68 48
160 68 0
0 72 59
160 72 0
0 68 48
160 68 0
0 63 49
160 63 0
0 75 59
160 75 0
0 72 53
160 72 0
0 68 54
160 68 0
0 68 59
160 68 0
0 72 53
160 72 0
0 75 53
160 75 0
0 75 59
160 75 0
0 70 53
160 70 0
0 67 53
160 67 0
0 75 59
160 75 0
0 70 52
160 70 0
0 67 52
160 67 0
0 75 59
160 75 0
0 72 51
160 72 0
0 68 51
160 68 0
0 70 62
160 70 0
0 75 55
160 75 0
0 79 57
160 79 0
0 80 66
160 80 0
0 75 59
160 75 0
0 68 59
160 68 0
0 80 67
160 80 0
0 74 59
160 74 0
0 68 59
160 68 0
0 80 65
160 80 0
0 75 54
160 75 0
0 70 54
150 70 0
10 70 61
160 70 0
0 75 52
160 75 0
0 79 52
160 79 0
0 77 59
160 77 0
0 70 51
160 70 0
0 67 52
160 67 0
0 77 59
160 77 0
0 71 53
160 71 0
0 67 53
160 67 0
0 77 57
160 77 0
0 72 51
160 72 0
0 68 51
150 68 0
10 68 59
160 68 0
0 72 52
160 72 0
0 75 52
160 75 0
0 61 59
160 61 0
0 68 54
160 68 0
0 73 54
160 73 0
0 65 59
160 65 0
0 68 55
160 68 0
0 70 56
160 70 0
0 63 59
160 63 0
0 68 54
160 68 0
0 72 54
160 72 0
0 63 59
0 67 70
160 75 63
160 75 0
0 73 67
160 73 0
0 67 0
0 63 0
0 63 60
0 68 60
0 72 71
160 72 0
0 68 0
0 63 0
0 63 59
160 63 0
0 68 59
160 68 0
0 72 67
160 72 0
0 68 56
160 68 0
0 63 56
160 63 0
0 75 66
160 75 0
0 72 57
160 72 0
0 68 57
150 68 0
10 68 68
160 68 0
0 72 60
160 72 0
0 75 60
160 75 0
0 75 69
160 75 0
0 70 59
160 70 0
0 67 59
160 67 0
0 75 70
160 75 0
0 70 57
160 70 0
0 67 57
160 67 0
0 75 71
160 75 0
0 71 61
160 71 0
0 68 59
160 68 0
0 70 68
160 70 0
0 75 62
160 75 0
0 79 63
160 79 0
0 80 68
160 80 0
0 75 58
160 75 0
0 68 58
160 68 0
0 80 67
160 80 0
0 73 59
160 73 0
0 70 59
160 70 0
0 80 67
160 80 0
0 75 57
160 75 0
0 71 57
150 71 0
10 71 65
160 71 0
0 75 57
160 75 0
0 78 57
160 78 0
0 76 65
160 76 0
0 71 55
160 71 0
0 67 55
160 67 0
0 76 62
160 76 0
0 70 53
160 70 0
0 67 53
160 67 0
0 76 64
160 76 0
0 71 55
160 71 0
0 68 55
150 68 0
10 68 65
160 68 0
0 71 56
160 71 0
0 75 56
160 75 0
0 68 66
160 68 0
0 71 59
160 71 0
0 73 57
160 73 0
0 68 67
160 68 0
0 71 56
160 71 0
0 76 56
160 76 0
0 66 66
160 66 0
0 71 56
160 71 0
0 75 56
160 75 0
0 66 56
0 70 67
160 78 57
160 78 0
0 76 57
160 76 0
0 70 0
0 66 0
0 66 53
0 71 53
0 75 53
160 75 0
0 71 0
0 66 0
0 63 48
160 63 0
0 66 48
160 66 0
0 71 59
160 71 0
0 66 48
160 66 0
0 63 49
160 63 0
0 75 59
160 75 0
0 71 53
160 71 0
0 66 54
160 66 0
0 71 59
160 71 0
0 75 53
160 75 0
0 78 53
160 78 0
0 66 46
0 78 62
360 78 0
0 66 0
120 66 48
0 78 59
479 78 0
0 66 0
1 67 57
0 79 67
479 79 0
0 67 0
1 68 60
0 80 72
479 80 0
0 68 0
1 70 64
0 82 79
479 82 0
0 70 0
1 73 64
0 85 77
479 85 0
0 73 0
1 71 62
0 83 74
479 83 0
0 71 0
1 70 49
0 82 58
360 82 0
0 70 0
0 68 42
0 80 51
120 80 0
0 68 0
0 67 49
0 79 58
480 79 0
0 67 0
0 67 46
0 79 55
480 79 0
0 67 0
0 68 45
0 80 53
240 80 0
0 68 0
0 67 37
0 79 45
240 79 0
0 67 0
0 65 38
0 77 46
240 77 0
0 65 0
0 67 37
0 79 45
240 79 0
0 67 0
0 68 40
0 80 48
960 80 0
0 68 0
0 73 53
240 72 53
12 73 0
228 71 53
12 72 0
228 72 53
12 71 0
228 72 0
0 72 48
120 72 0
0 77 48
840 77 0
0 72 53
240 70 53
12 72 0
228 69 53
12 70 0
228 70 53
12 69 0
228 70 0
0 70 48
120 70 0
0 75 48
840 75 0
0 73 58
240 72 60
12 73 0
228 70 63
12 72 0
228 68 66
12 70 0
228 68 0
0 67 57
0 75 68
240 75 0
0 67 0
0 65 56
0 73 66
240 73 0
0 65 0
0 63 53
0 72 63
240 72 0
0 63 0
0 61 51
0 70 60
240 70 0
0 61 0
0 60 49
0 68 58
480 68 0
0 60 0
0 63 55
0 72 55
360 72 0
0 63 0
0 61 54
0 70 54
120 70 0
0 61 0
0 60 40
0 68 48
480 68 0
0 60 0
480 73 53
240 72 53
12 73 0
228 71 53
12 72 0
228 72 53
12 71 0
228 72 0
0 84 53
0 77 48
240 82 53
12 84 0
228 81 53
12 82 0
228 82 53
12 81 0
228 82 0
0 77 0
0 72 53
240 70 53
12 72 0
228 69 53
12 70 0
228 70 53
12 69 0
228 70 0
0 82 58
0 75 48
240 82 0
0 80 60
240 80 0
0 79 63
240 79 0
0 80 66
240 80 0
0 75 0
0 73 58
240 72 60
12 73 0
228 70 63
12 72 0
228 68 66
12 70 0
228 68 0
0 75 57
0 67 57
0 79 68
240 79 0
0 67 0
0 75 0
0 73 56
0 65 56
0 77 66
240 77 0
0 65 0
0 73 0
0 72 53
0 63 53
0 75 63
240 75 0
0 63 0
0 72 0
0 70 51
0 61 51
0 73 60
240 73 0
0 61 0
0 70 0
0 72 58
0 60 49
0 68 49
480 68 0
0 60 0
0 72 0
0 61 46
0 67 46
0 73 55
360 73 0
0 70 54
120 70 0
0 67 0
0 61 0
0 56 40
0 63 40
0 60 40
0 68 48
1440 68 0
0 56 0
0 63 0
0 60 0
0 60 40
360 60 0
0 63 37
120 63 0
0 56 37
0 68 44
360 68 0
0 56 0
120 56 34
0 68 40
360 68 0
0 56 0
120 56 34
0 68 40
360 68 0
0 56 0
120 56 34
0 68 40
360 68 0
0 56 0
120 55 40
0 67 48
1440 67 0
0 55 0
0 60 40
360 60 0
0 63 37
120 63 0
0 55 37
0 67 44
360 67 0
0 55 0
120 67 43
0 55 37
360 55 0
0 67 0
120 55 42
0 67 50
360 67 0
0 55 0
120 55 47
0 67 56
360 67 0
0 55 0
120 53 60
0 65 73
960 65 0
0 53 0
0 54 60
0 66 73
960 66 0
0 54 0
0 67 39
0 55 39
120 55 0
0 67 0
40 55 22
0 67 27
120 67 0
0 55 0
40 55 22
0 67 27
120 67 0
0 55 0
40 55 25
0 67 30
120 67 0
0 55 0
40 55 25
0 67 30
120 67 0
0 55 0
40 55 25
0 67 30
120 67 0
0 55 0
40 55 32
0 67 38
120 67 0
0 55 0
40 55 24
0 67 28
120 67 0
0 55 0
40 55 25
0 67 30
120 67 0
0 55 0
40 55 33
0 67 39
120 67 0
0 55 0
40 55 25
0 67 30
120 67 0
0 55 0
40 55 25
0 67 30
120 67 0
0 55 0
40 67 39
0 55 39
120 55 0
0 67 0
40 55 22
0 67 27
120 67 0
0 55 0
40 55 22
0 67 27
120 67 0
0 55 0
40 55 25
0 67 30
120 67 0
0 55 0
40 55 25
0 67 30
120 67 0
0 55 0
40 55 25
0 67 30
120 67 0
0 55 0
40 55 32
0 67 38
120 67 0
0 55 0
40 55 24
0 67 28
120 67 0
0 55 0
40 55 25
0 67 30
120 67 0
0 55 0
40 55 33
0 67 39
120 67 0
0 55 0
40 55 25
0 67 30
120 67 0
0 55 0
40 55 25
0 67 30
120 67 0
0 55 0
40 67 39
0 55 39
120 55 0
0 67 0
40 55 22
0 67 27
120 67 0
0 55 0
40 55 22
0 67 27
120 67 0
0 55 0
40 55 25
0 67 30
120 67 0
0 55 0
40 55 25
0 67 30
120 67 0
0 55 0
40 55 25
0 67 30
120 67 0
0 55 0
40 55 32
0 67 38
120 67 0
0 55 0
40 55 24
0 67 28
120 67 0
0 55 0
40 55 25
0 67 30
120 67 0
0 55 0
40 55 33
0 67 39
120 67 0
0 55 0
40 55 25
0 67 30
120 67 0
0 55 0
40 53 25
0 65 30
120 65 0
0 53 0
40 63 39
0 60 39
0 67 39
0 55 39
120 55 0
0 63 0
0 60 0
0 67 0
40 63 22
0 60 22
0 55 22
0 67 27
120 67 0
0 63 0
0 60 0
0 55 0
40 63 22
0 60 22
0 55 22
0 67 27
120 67 0
0 63 0
0 60 0
0 55 0
40 63 22
0 60 22
0 55 25
0 67 30
120 67 0
0 63 0
0 60 0
0 55 0
40 63 22
0 60 22
0 55 25
0 67 30
120 67 0
0 63 0
0 60 0
0 55 0
40 63 22
0 60 22
0 55 25
0 67 30
120 67 0
0 63 0
0 60 0
0 55 0
40 62 32
0 59 32
0 55 32
0 67 38
120 67 0
0 62 0
0 59 0
0 55 0
40 62 32
0 59 32
0 55 24
0 67 28
120 67 0
0 62 0
0 59 0
0 55 0
40 62 32
0 59 32
0 55 25
0 67 30
120 67 0
0 62 0
0 59 0
0 55 0
40 62 33
0 59 33
0 55 33
0 67 39
120 67 0
0 62 0
0 59 0
0 55 0
40 62 25
0 59 25
0 55 25
0 67 30
120 67 0
0 62 0
0 59 0
0 55 0
40 62 25
0 59 25
0 55 25
0 67 30
120 67 0
0 62 0
0 59 0
0 55 0
40 63 39
0 60 39
0 67 39
0 55 39
120 55 0
0 63 0
0 60 0
0 67 0
40 55 22
0 67 27
120 67 0
0 55 0
40 55 22
0 67 27
120 67 0
0 55 0
40 55 28
0 67 34
120 67 0
0 55 0
40 55 29
0 67 35
120 67 0
0 55 0
40 55 30
0 67 36
120 67 0
0 55 0
40 55 40
0 67 48
120 67 0
0 55 0
40 55 32
0 67 36
120 67 0
0 55 0
40 55 34
0 67 41
120 67 0
0 55 0
40 55 47
0 67 56
120 67 0
0 55 0
40 55 36
0 67 43
120 67 0
0 55 0
40 55 37
0 67 44
120 67 0
0 55 0
40 67 59
0 55 59
120 55 0
0 67 0
40 55 33
0 67 41
120 67 0
0 55 0
40 55 33
0 67 41
120 67 0
0 55 0
40 55 37
0 67 46
120 67 0
0 55 0
40 55 37
0 67 46
120 67 0
0 55 0
40 55 37
0 67 46
120 67 0
0 55 0
40 55 49
0 67 58
120 67 0
0 55 0
40 55 36
0 67 42
120 67 0
0 55 0
40 55 37
0 67 46
120 67 0
0 55 0
40 56 55
0 68 65
120 68 0
0 56 0
40 56 42
0 68 52
120 68 0
0 56 0
40 56 44
0 68 55
120 68 0
0 56 0
40 67 70
0 55 70
120 55 0
0 67 0
40 55 40
0 67 50
120 67 0
0 55 0
40 55 40
0 67 50
120 67 0
0 55 0
40 55 46
0 67 55
120 67 0
0 55 0
40 55 44
0 67 55
120 67 0
0 55 0
40 55 44
0 67 54
120 67 0
0 55 0
40 55 57
0 67 69
120 67 0
0 55 0
40 55 42
0 67 49
120 67 0
0 55 0
40 55 42
0 67 52
120 67 0
0 55 0
40 55 57
0 67 67
120 67 0
0 55 0
40 55 42
0 67 51
120 67 0
0 55 0
40 53 41
0 65 50
120 65 0
0 53 0
40 63 59
0 60 59
0 67 59
0 55 59
120 55 0
0 63 0
0 60 0
0 67 0
40 63 33
0 60 33
0 55 33
0 67 41
120 67 0
0 63 0
0 60 0
0 55 0
40 63 33
0 60 33
0 55 33
0 67 41
120 67 0
0 63 0
0 60 0
0 55 0
40 63 33
0 60 33
0 55 37
0 67 46
120 67 0
0 63 0
0 60 0
0 55 0
40 63 33
0 60 33
0 55 37
0 67 46
120 67 0
0 63 0
0 60 0
0 55 0
40 63 33
0 60 33
0 55 37
0 67 46
120 67 0
0 63 0
0 60 0
0 55 0
40 62 49
0 59 49
0 55 49
0 67 58
120 67 0
0 62 0
0 59 0
0 55 0
40 62 49
0 59 49
0 55 36
0 67 42
120 67 0
0 62 0
0 59 0
0 55 0
40 62 49
0 59 49
0 55 37
0 67 46
120 67 0
0 62 0
0 59 0
0 55 0
40 62 50
0 59 50
0 55 50
0 67 59
120 67 0
0 62 0
0 59 0
0 55 0
40 62 37
0 59 37
0 55 37
0 67 46
120 67 0
0 62 0
0 59 0
0 55 0
40 62 37
0 59 37
0 55 37
0 67 46
120 67 0
0 62 0
0 59 0
0 55 0
40 55 40
0 60 40
0 63 40
0 67 48
960 67 0
0 55 0
0 60 0
0 63 0
480 71 44
360 71 0
0 72 38
120 72 0
0 74 51
338 74 0
142 65 35
0 74 42
338 74 0
22 65 0
120 68 35
0 74 42
338 74 0
22 68 0
120 72 46
360 72 0
0 74 47
120 74 0
0 75 53
480 63 39
240 75 0
0 74 44
240 74 0
0 63 0
0 67 33
0 72 39
480 72 0
0 67 0
0 74 49
360 74 0
0 72 42
120 72 0
0 71 46
480 71 0
0 65 37
0 69 44
360 69 0
0 71 36
120 71 0
0 65 0
0 63 37
0 72 48
480 72 0
0 63 0
0 60 37
0 74 43
360 74 0
0 75 44
120 75 0
0 60 0
0 68 47
0 74 51
120 68 0
0 67 43
1320 67 0
0 74 0
0 59 52
0 67 52
0 71 62
360 71 0
0 67 0
0 59 0
0 60 50
0 69 50
0 72 60
120 72 0
0 69 0
0 60 0
0 62 61
0 71 61
0 74 73
480 74 0
0 71 0
0 62 0
0 62 55
0 71 55
0 74 66
480 74 0
0 71 0
0 62 0
0 62 55
0 71 55
0 74 66
480 74 0
0 71 0
0 62 0
0 60 63
0 67 64
0 72 66
360 72 0
0 67 0
0 60 0
0 62 55
0 67 55
0 74 67
120 74 0
0 67 0
0 62 0
0 67 64
0 63 64
0 75 75
840 75 0
0 63 0
0 62 69
0 74 69
120 74 0
0 62 0
0 67 0
0 60 60
0 67 64
0 72 76
480 72 0
0 67 0
0 60 0
0 66 58
0 62 58
0 74 69
360 74 0
0 72 60
120 72 0
0 62 0
0 66 0
0 62 55
0 65 55
0 71 66
480 71 0
0 65 0
0 62 0
0 62 52
0 67 52
0 71 62
360 67 0
0 68 51
120 68 0
0 71 0
0 62 0
0 60 57
0 67 59
0 72 73
480 72 0
0 67 0
0 60 0
0 65 64
0 71 64
0 75 75
360 75 0
0 74 62
120 74 0
0 71 0
0 65 0
0 63 61
0 72 73
1440 72 0
0 63 0
0 74 44
360 74 0
0 75 38
120 75 0
0 77 51
480 77 0
0 65 35
0 77 42
480 77 0
0 65 0
0 68 35
0 77 42
480 77 0
0 68 0
0 75 46
360 75 0
0 74 47
120 74 0
0 79 53
480 67 50
240 79 0
0 77 44
120 67 0
0 68 53
120 68 0
0 77 0
0 75 39
480 75 0
0 74 49
360 74 0
0 72 42
120 72 0
0 71 46
480 71 0
0 68 41
0 71 44
240 68 0
0 67 40
240 67 0
0 71 0
0 65 41
0 72 48
240 65 0
0 63 41
240 63 0
0 72 0
0 62 41
0 77 43
240 62 0
0 60 41
120 77 0
0 75 44
120 75 0
0 60 0
0 68 41
0 74 51
120 68 0
0 67 47
1320 67 0
0 74 0
0 74 62
360 74 0
0 75 60
120 75 0
0 65 61
0 74 61
0 77 73
480 77 0
0 74 0
0 65 0
0 65 50
0 74 50
0 77 60
480 77 0
0 74 0
0 65 0
0 65 50
0 74 50
0 77 60
480 77 0
0 74 0
0 65 0
0 67 63
0 75 63
0 79 63
360 79 0
0 75 0
0 67 0
0 68 55
0 77 55
0 80 67
120 80 0
0 77 0
0 68 0
0 79 64
0 70 64
0 82 75
480 82 0
0 70 0
0 79 0
0 68 69
0 80 69
480 80 0
0 68 0
0 75 64
0 79 76
480 79 0
0 75 0
0 65 58
0 77 69
360 77 0
0 74 60
120 74 0
0 65 0
0 62 55
0 65 55
0 71 66
480 71 0
0 65 0
0 62 0
0 62 52
0 67 52
0 71 62
360 67 0
0 68 51
120 68 0
0 71 0
0 62 0
0 60 57
0 67 59
0 72 73
480 72 0
0 67 0
0 60 0
0 65 64
0 71 64
0 75 75
360 75 0
0 74 62
120 74 0
0 71 0
0 65 0
0 63 64
0 72 76
1440 72 0
0 63 0
0 60 72
0 72 86
144 72 0
0 60 0
16 60 72
0 72 86
144 72 0
0 60 0
16 60 72
0 72 86
144 72 0
0 60 0
16 84 94
0 80 79
0 74 79
0 72 79
1440 72 0
0 84 0
0 80 0
0 74 0
0 60 71
0 72 83
144 72 0
0 60 0
16 60 71
0 72 83
144 72 0
0 60 0
16 60 71
0 72 83
144 72 0
0 60 0
16 84 95
0 79 80
0 75 80
0 72 80
1440 72 0
0 84 0
0 79 0
0 75 0
0 60 71
0 72 83
144 72 0
0 60 0
16 60 71
0 72 83
144 72 0
0 60 0
16 60 71
0 72 83
144 72 0
0 60 0
16 73 90
0 65 77
0 61 77
480 61 0
0 65 0
0 73 0
0 65 74
0 77 88
360 77 0
0 65 0
0 68 66
0 80 79
120 80 0
0 68 0
0 67 75
0 72 75
0 75 75
0 79 89
480 79 0
0 67 0
0 72 0
0 75 0
0 67 71
0 71 71
0 74 71
0 79 83
480 79 0
0 67 0
0 71 0
0 74 0
0 67 64
0 60 64
0 63 64
0 72 76
1440 72 0
0 67 0
0 60 0
0 63 0
0 60 72
0 72 86
144 72 0
0 60 0
16 60 72
0 72 86
144 72 0
0 60 0
16 60 72
0 72 86
144 72 0
0 60 0
16 84 94
0 74 79
0 72 79
1440 72 0
0 74 0
0 84 0
0 60 71
0 72 83
144 72 0
0 60 0
16 60 71
0 72 83
144 72 0
0 60 0
16 60 71
0 72 83
144 72 0
0 60 0
16 84 95
0 79 80
0 72 80
1440 72 0
0 79 0
0 84 0
0 60 71
0 72 83
144 72 0
0 60 0
16 60 71
0 72 83
144 72 0
0 60 0
16 60 71
0 72 83
144 72 0
0 60 0
16 73 90
0 65 77
0 61 77
480 61 0
0 65 0
0 73 0
0 65 74
0 77 88
360 77 0
0 65 0
0 68 66
0 80 79
120 80 0
0 68 0
0 67 75
0 72 75
0 75 75
0 79 89
480 79 0
0 67 0
0 72 0
0 75 0
0 67 71
0 71 71
0 74 71
0 79 83
480 79 0
0 67 0
0 71 0
0 74 0
0 67 64
0 60 64
0 63 64
0 72 76
1440 72 0
0 67 0
0 60 0
0 63 0
0 60 68
0 72 57
120 72 0
0 60 0
40 60 63
0 72 53
120 72 0
0 60 0
40 60 63
0 72 53
120 72 0
0 60 0
40 61 62
0 72 52
120 72 0
0 61 0
40 72 46
0 61 55
120 61 0
0 72 0
40 61 55
0 72 46
120 72 0
0 61 0
40 62 58
0 72 49
120 72 0
0 62 0
40 72 42
0 62 50
120 62 0
0 72 0
40 62 50
0 72 42
120 72 0
0 62 0
40 72 46
0 63 55
120 63 0
0 72 0
40 72 42
0 63 50
120 63 0
0 72 0
40 63 54
0 72 45
120 72 0
0 63 0
40 64 54
0 72 49
120 72 0
0 64 0
40 72 37
0 64 44
120 64 0
0 72 0
40 72 37
0 64 44
120 64 0
0 72 0
40 64 47
0 72 39
120 72 0
0 64 0
40 64 37
0 72 31
120 72 0
0 64 0
40 64 37
0 72 31
120 72 0
0 64 0
40 64 46
0 72 38
120 72 0
0 64 0
40 64 37
0 72 30
120 72 0
0 64 0
40 64 36
0 72 30
120 72 0
0 64 0
40 65 45
0 72 38
120 72 0
0 65 0
40 65 36
0 72 29
120 72 0
0 65 0
40 65 35
0 72 29
120 72 0
0 65 0
40 63 31
0 66 31
0 72 37
120 72 0
0 66 0
0 63 0
40 63 26
0 66 26
0 72 31
120 72 0
0 66 0
0 63 0
40 63 26
0 66 26
0 72 31
120 72 0
0 66 0
0 63 0
40 63 31
0 66 31
0 72 37
120 72 0
0 66 0
0 63 0
40 62 27
0 66 27
0 72 32
120 72 0
0 66 0
0 62 0
40 62 27
0 66 27
0 72 32
120 72 0
0 66 0
0 62 0
40 62 31
0 66 31
0 72 37
120 72 0
0 66 0
0 62 0
40 62 26
0 66 26
0 72 31
120 72 0
0 66 0
0 62 0
40 62 26
0 66 26
0 72 31
120 72 0
0 66 0
0 62 0
40 62 31
0 67 31
0 72 37
120 72 0
0 67 0
0 62 0
40 62 27
0 67 27
0 72 32
120 72 0
0 67 0
0 62 0
40 62 27
0 67 27
0 72 32
120 72 0
0 67 0
0 62 0
40 62 31
0 67 31
0 70 37
120 70 0
0 67 0
0 62 0
40 62 27
0 67 27
0 70 32
120 70 0
0 67 0
0 62 0
40 62 27
0 67 27
0 70 32
120 70 0
0 67 0
0 62 0
40 60 31
0 63 31
0 70 37
120 70 0
0 63 0
0 60 0
40 60 26
0 63 26
0 70 31
120 70 0
0 63 0
0 60 0
40 60 26
0 63 26
0 70 31
120 70 0
0 63 0
0 60 0
40 60 31
0 63 31
0 69 37
120 69 0
0 63 0
0 60 0
40 60 27
0 63 27
0 69 32
120 69 0
0 63 0
0 60 0
40 60 27
0 63 27
0 69 32
120 69 0
0 63 0
0 60 0
40 58 31
0 62 31
0 67 37
120 67 0
0 62 0
0 58 0
40 58 26
0 62 26
0 67 31
120 67 0
0 62 0
0 58 0
40 58 26
0 62 26
0 67 31
120 67 0
0 62 0
0 58 0
40 57 31
0 62 31
0 66 37
120 66 0
0 62 0
0 57 0
40 57 27
0 62 27
0 66 32
120 66 0
0 62 0
0 57 0
40 57 27
0 62 27
0 66 32
120 66 0
0 62 0
0 57 0
40 58 31
0 62 31
0 67 37
960 67 0
0 62 0
0 58 0
480 67 39
360 67 0
0 70 39
120 70 0
0 74 44
120 62 29
120 67 30
12 62 0
108 70 28
12 67 0
108 70 0
0 74 0
0 74 40
120 62 28
120 67 30
12 62 0
108 70 28
12 67 0
108 70 0
0 74 0
0 74 45
120 62 27
120 66 30
12 62 0
108 69 28
12 66 0
108 69 0
0 74 0
0 74 46
120 62 27
120 67 30
12 62 0
108 70 26
12 67 0
108 70 0
0 74 0
0 75 51
120 63 31
120 67 33
12 63 0
108 72 31
12 67 0
108 66 36
12 72 0
108 72 27
12 66 0
108 69 30
12 72 0
108 66 27
12 69 0
108 66 0
0 75 0
0 74 41
120 62 27
120 67 30
12 62 0
108 70 26
12 67 0
108 62 30
12 70 0
108 70 28
12 62 0
108 67 30
12 70 0
108 62 27
12 67 0
108 62 0
0 74 0
0 72 50
120 60 28
120 63 30
12 60 0
108 66 28
12 63 0
108 60 30
12 66 0
108 66 30
12 60 0
108 63 30
12 66 0
108 60 27
12 63 0
108 60 0
0 72 0
0 70 45
120 58 27
120 62 30
12 58 0
108 67 27
12 62 0
108 58 30
12 67 0
108 67 28
12 58 0
108 62 30
12 67 0
108 58 28
12 62 0
108 58 0
0 70 0
0 69 50
120 57 28
120 60 30
12 57 0
108 67 28
12 60 0
108 67 0
0 69 0
0 72 46
120 63 29
120 67 30
12 63 0
108 69 28
12 67 0
108 69 0
0 72 0
0 70 49
120 58 27
120 62 30
12 58 0
108 67 27
12 62 0
108 67 0
0 70 0
0 69 45
120 60 26
120 62 30
12 60 0
108 66 27
12 62 0
108 66 0
0 69 0
0 67 50
120 55 28
120 58 32
12 55 0
108 62 34
12 58 0
108 63 35
12 62 0
108 60 37
12 63 0
108 57 39
12 60 0
108 63 44
12 57 0
108 62 44
12 63 0
108 58 33
12 62 0
108 62 37
12 58 0
108 66 28
12 62 0
108 67 0
0 67 34
12 66 0
108 62 26
12 67 0
108 67 30
12 62 0
108 70 26
12 67 0
108 70 0
0 74 44
120 62 29
120 67 30
12 62 0
108 70 28
12 67 0
108 70 0
0 74 0
0 74 40
120 62 28
120 67 30
12 62 0
108 70 28
12 67 0
108 70 0
0 74 0
0 74 45
120 62 27
120 66 30
12 62 0
108 69 28
12 66 0
108 69 0
0 74 0
0 74 46
120 62 27
120 67 30
12 62 0
108 70 26
12 67 0
108 70 0
0 74 0
0 75 51
120 63 31
120 67 33
12 63 0
108 72 31
12 67 0
108 69 41
12 72 0
108 72 33
12 69 0
108 69 41
12 72 0
108 65 34
12 69 0
108 65 0
0 75 0
0 74 57
120 62 34
120 65 40
12 62 0
108 70 33
12 65 0
108 65 41
12 70 0
108 70 28
12 65 0
108 65 35
12 70 0
108 62 27
12 65 0
108 62 0
0 74 0
0 72 60
120 60 35
120 63 39
12 60 0
108 69 28
12 63 0
108 66 40
12 69 0
108 69 27
12 66 0
108 66 30
12 69 0
108 62 27
12 66 0
108 62 0
0 72 0
0 70 45
120 58 27
120 62 30
12 58 0
108 67 27
12 62 0
108 58 30
12 67 0
108 67 28
12 58 0
108 62 30
12 67 0
108 58 28
12 62 0
108 58 0
0 70 0
0 67 50
120 63 28
120 62 30
12 63 0
108 60 28
12 62 0
108 60 0
0 67 0
0 75 46
120 63 29
120 67 30
12 63 0
108 72 28
12 67 0
108 72 0
0 75 0
0 74 49
120 62 27
120 65 30
12 62 0
108 70 27
12 65 0
108 70 0
0 74 0
0 72 45
120 63 26
120 65 30
12 63 0
108 69 27
12 65 0
108 69 0
0 72 0
0 70 50
120 58 28
120 62 32
12 58 0
108 65 34
12 62 0
108 66 35
12 65 0
108 63 37
12 66 0
108 60 39
12 63 0
108 66 44
12 60 0
108 65 44
12 66 0
108 62 33
12 65 0
108 65 37
12 62 0
108 69 34
12 65 0
108 70 0
0 70 40
12 69 0
108 65 43
12 70 0
108 70 46
12 65 0
108 74 49
12 70 0
108 74 0
0 65 41
0 77 55
360 77 0
0 65 0
120 65 44
0 77 54
479 77 0
0 65 0
1 66 54
0 78 64
479 78 0
0 66 0
1 67 60
0 79 72
479 79 0
0 67 0
1 69 61
0 81 75
479 81 0
0 69 0
1 72 64
0 84 78
479 84 0
0 72 0
1 70 63
0 82 77
479 82 0
0 70 0
1 69 49
0 81 58
360 81 0
0 69 0
0 67 42
0 79 51
120 79 0
0 67 0
0 66 49
0 78 58
480 78 0
0 66 0
0 66 46
0 78 55
480 78 0
0 66 0
0 67 45
0 79 53
240 79 0
0 67 0
0 66 37
0 78 45
240 78 0
0 66 0
0 64 38
0 76 46
240 76 0
0 64 0
0 66 37
0 78 45
240 78 0
0 66 0
0 67 40
0 79 48
960 79 0
0 67 0
120 67 53
120 67 0
0 70 55
120 70 0
0 74 57
120 74 0
0 79 59
120 79 0
0 70 61
120 70 0
0 74 63
120 74 0
0 79 65
120 79 0
240 69 63
0 74 63
0 78 74
120 78 0
0 74 0
0 69 0
360 81 74
0 72 63
0 74 63
120 74 0
0 72 0
0 81 0
360 70 63
0 74 63
0 79 74
120 79 0
0 74 0
0 70 0
360 69 63
0 74 63
0 78 74
120 78 0
0 74 0
0 69 0
360 67 65
0 74 65
0 79 78
120 79 0
0 74 0
0 67 0
120 67 66
0 72 66
0 79 79
120 79 0
0 72 0
0 67 0
120 85 83
0 79 71
0 73 71
120 73 0
0 79 0
0 85 0
360 86 83
0 81 83
0 79 71
0 74 71
120 74 0
0 86 0
0 81 0
0 79 0
120 74 69
0 78 69
0 81 69
0 86 81
120 86 0
0 74 0
0 78 0
0 81 0
120 66 66
0 69 66
0 74 79
120 74 0
0 69 0
0 66 0
360 63 63
0 70 63
0 75 74
120 75 0
0 70 0
0 63 0
120 63 69
0 69 69
0 75 81
120 75 0
0 69 0
0 63 0
120 81 74
0 75 63
0 69 63
120 69 0
0 75 0
0 81 0
360 82 74
0 77 63
0 75 63
0 70 63
120 70 0
0 82 0
0 77 0
0 75 0
120 70 66
0 74 66
0 77 66
0 82 79
120 82 0
0 70 0
0 74 0
0 77 0
120 62 63
0 65 63
0 70 74
120 70 0
0 65 0
0 62 0
360 63 63
0 67 63
0 72 74
120 72 0
0 67 0
0 63 0
360 66 63
0 69 63
0 75 74
120 75 0
0 69 0
0 66 0
360 67 65
0 70 65
0 74 78
120 74 0
0 70 0
0 67 0
360 72 66
0 74 66
0 78 79
120 78 0
0 74 0
0 72 0
360 70 69
0 74 69
0 79 81
240 79 0
0 74 0
0 70 0
0 62 67
0 70 67
0 74 80
240 74 0
0 70 0
0 62 0
0 62 65
0 69 65
0 72 78
240 72 0
0 69 0
0 62 0
0 62 64
0 67 64
0 70 64
240 70 0
0 67 0
0 62 0
0 67 63
0 70 63
0 74 74
240 74 0
0 70 0
0 67 0
0 70 63
0 74 63
0 79 74
240 79 0
0 74 0
0 70 0
0 67 63
0 70 63
0 74 74
240 74 0
0 70 0
0 67 0
240 66 63
0 69 63
0 74 74
120 74 0
0 69 0
0 66 0
360 81 74
0 72 63
0 74 63
120 74 0
0 72 0
0 81 0
360 70 63
0 74 63
0 79 74
120 79 0
0 74 0
0 70 0
360 69 63
0 74 63
0 78 74
120 78 0
0 74 0
0 69 0
360 67 65
0 74 65
0 79 78
120 79 0
0 74 0
0 67 0
120 67 66
0 72 66
0 79 79
120 79 0
0 72 0
0 67 0
120 85 83
0 79 71
0 73 71
120 73 0
0 79 0
0 85 0
360 86 83
0 81 83
0 79 71
0 74 71
120 74 0
0 86 0
0 81 0
0 79 0
120 74 69
0 77 69
0 81 69
0 86 81
120 86 0
0 74 0
0 77 0
0 81 0
120 65 66
0 69 66
0 74 79
120 74 0
0 69 0
0 65 0
360 63 63
0 70 63
0 75 74
120 75 0
0 70 0
0 63 0
120 63 69
0 69 69
0 75 81
120 75 0
0 69 0
0 63 0
120 81 74
0 75 63
0 69 63
120 69 0
0 75 0
0 81 0
360 82 74
0 77 63
0 75 63
0 70 63
120 70 0
0 82 0
0 77 0
0 75 0
120 70 66
0 74 66
0 77 66
0 82 79
120 82 0
0 70 0
0 74 0
0 77 0
120 65 63
0 72 74
120 72 0
0 65 0
360 63 63
0 70 63
0 75 74
120 75 0
0 70 0
0 63 0
360 67 63
0 70 63
0 72 74
120 72 0
0 70 0
0 67 0
360 65 65
0 70 65
0 77 78
120 77 0
0 70 0
0 65 0
360 69 50
0 75 66
0 77 66
0 81 79
120 81 0
0 69 0
0 75 0
0 77 0
360 75 69
0 70 69
0 77 69
0 82 81
240 82 0
0 75 0
0 70 0
0 77 0
0 74 67
0 70 67
0 77 67
0 82 80
240 82 0
0 74 0
0 70 0
0 77 0
0 70 65
0 74 65
0 77 78
240 77 0
0 74 0
0 70 0
0 65 54
0 70 54
0 74 64
240 74 0
0 70 0
0 65 0
0 62 53
0 65 53
0 70 63
240 70 0
0 65 0
0 62 0
0 58 46
0 70 55
360 70 0
0 58 0
0 62 46
0 74 55
120 74 0
0 62 0
0 65 41
0 77 55
360 77 0
0 65 0
120 65 44
0 77 54
479 77 0
0 65 0
1 66 53
0 78 63
479 78 0
0 66 0
1 67 57
0 79 68
479 79 0
0 67 0
1 69 58
0 81 71
479 81 0
0 69 0
1 72 60
0 84 72
479 84 0
0 72 0
1 70 58
0 82 70
479 82 0
0 70 0
1 69 49
0 81 58
360 81 0
0 69 0
0 67 42
0 79 51
120 79 0
0 67 0
0 66 49
0 78 58
480 78 0
0 66 0
0 66 46
0 78 55
480 78 0
0 66 0
0 67 45
0 79 53
240 79 0
0 67 0
0 66 37
0 78 45
240 78 0
0 66 0
0 64 38
0 76 46
240 76 0
0 64 0
0 66 37
0 78 45
240 78 0
0 66 0
0 67 40
0 79 48
960 79 0
0 67 0
0 72 53
240 71 53
12 72 0
228 70 53
12 71 0
228 71 53
12 70 0
228 71 0
0 71 48
120 71 0
0 76 48
840 76 0
0 71 53
240 69 53
12 71 0
228 68 53
12 69 0
228 69 53
12 68 0
228 69 0
0 69 48
120 69 0
0 74 48
840 74 0
0 72 58
240 71 60
12 72 0
228 69 63
12 71 0
228 67 66
12 69 0
228 67 0
0 66 57
0 74 68
240 74 0
0 66 0
0 64 56
0 72 66
240 72 0
0 64 0
0 62 53
0 71 63
240 71 0
0 62 0
0 60 51
0 69 60
240 69 0
0 60 0
0 59 49
0 67 58
480 67 0
0 59 0
0 62 55
0 71 55
360 71 0
0 62 0
0 60 54
0 69 54
120 69 0
0 60 0
0 59 40
0 67 48
480 67 0
0 59 0
480 72 53
240 71 53
12 72 0
228 70 53
12 71 0
228 71 53
12 70 0
228 71 0
0 83 53
0 76 48
240 81 53
12 83 0
228 80 53
12 81 0
228 81 53
12 80 0
228 81 0
0 76 0
0 71 53
240 69 53
12 71 0
228 68 53
12 69 0
228 69 53
12 68 0
228 69 0
0 81 58
0 74 48
240 81 0
0 79 60
240 79 0
0 78 63
240 78 0
0 79 66
240 79 0
0 74 0
0 72 58
240 71 60
12 72 0
228 69 63
12 71 0
228 67 66
12 69 0
228 67 0
0 74 57
0 66 57
0 78 68
240 78 0
0 66 0
0 74 0
0 72 56
0 64 56
0 76 66
240 76 0
0 64 0
0 72 0
0 71 53
0 62 53
0 74 63
240 74 0
0 62 0
0 71 0
0 69 51
0 60 51
0 72 60
240 72 0
0 60 0
0 69 0
0 71 58
0 59 49
0 67 49
480 67 0
0 59 0
0 71 0
0 60 46
0 66 46
0 72 55
360 72 0
0 69 54
120 69 0
0 66 0
0 60 0
0 67 39
0 55 39
120 55 0
0 67 0
40 55 22
0 67 27
120 67 0
0 55 0
40 55 22
0 67 27
120 67 0
0 55 0
40 55 25
0 67 30
120 67 0
0 55 0
40 55 25
0 67 30
120 67 0
0 55 0
40 55 25
0 67 30
120 67 0
0 55 0
40 55 32
0 67 38
120 67 0
0 55 0
40 55 24
0 67 28
120 67 0
0 55 0
40 55 25
0 67 30
120 67 0
0 55 0
40 55 33
0 67 39
120 67 0
0 55 0
40 55 25
0 67 30
120 67 0
0 55 0
40 55 25
0 67 30
120 67 0
0 55 0
40 67 39
0 55 39
120 55 0
0 67 0
40 55 22
0 67 27
120 67 0
0 55 0
40 55 22
0 67 27
120 67 0
0 55 0
40 55 25
0 67 30
120 67 0
0 55 0
40 55 25
0 67 30
120 67 0
0 55 0
40 55 25
0 67 30
120 67 0
0 55 0
40 55 32
0 67 38
120 67 0
0 55 0
40 55 24
0 67 28
120 67 0
0 55 0
40 55 25
0 67 30
120 67 0
0 55 0
40 55 33
0 67 39
120 67 0
0 55 0
40 55 25
0 67 30
120 67 0
0 55 0
40 55 25
0 67 30
120 67 0
0 55 0
40 67 39
0 55 39
120 55 0
0 67 0
40 55 22
0 67 27
120 67 0
0 55 0
40 55 22
0 67 27
120 67 0
0 55 0
40 55 25
0 67 30
120 67 0
0 55 0
40 55 25
0 67 30
120 67 0
0 55 0
40 55 25
0 67 30
120 67 0
0 55 0
40 55 32
0 67 38
120 67 0
0 55 0
40 55 24
0 67 28
120 67 0
0 55 0
40 55 25
0 67 30
120 67 0
0 55 0
40 55 33
0 67 39
120 67 0
0 55 0
40 55 25
0 67 30
120 67 0
0 55 0
40 53 25
0 65 30
120 65 0
0 53 0
40 63 39
0 60 39
0 67 39
0 55 39
120 55 0
0 63 0
0 60 0
0 67 0
40 63 22
0 60 22
0 55 22
0 67 27
120 67 0
0 63 0
0 60 0
0 55 0
40 63 22
0 60 22
0 55 22
0 67 27
120 67 0
0 63 0
0 60 0
0 55 0
40 63 22
0 60 22
0 55 25
0 67 30
120 67 0
0 63 0
0 60 0
0 55 0
40 63 22
0 60 22
0 55 25
0 67 30
120 67 0
0 63 0
0 60 0
0 55 0
40 63 22
0 60 22
0 55 25
0 67 30
120 67 0
0 63 0
0 60 0
0 55 0
40 62 32
0 59 32
0 55 32
0 67 38
120 67 0
0 62 0
0 59 0
0 55 0
40 62 32
0 59 32
0 55 24
0 67 28
120 67 0
0 62 0
0 59 0
0 55 0
40 62 32
0 59 32
0 55 25
0 67 30
120 67 0
0 62 0
0 59 0
0 55 0
40 62 33
0 59 33
0 55 33
0 67 39
120 67 0
0 62 0
0 59 0
0 55 0
40 62 25
0 59 25
0 55 25
0 67 30
120 67 0
0 62 0
0 59 0
0 55 0
40 62 25
0 59 25
0 55 25
0 67 30
120 67 0
0 62 0
0 59 0
0 55 0
40 63 39
0 60 39
0 67 39
0 55 39
120 55 0
0 63 0
0 60 0
0 67 0
40 55 22
0 67 27
120 67 0
0 55 0
40 55 22
0 67 27
120 67 0
0 55 0
40 55 28
0 67 34
120 67 0
0 55 0
40 55 29
0 67 35
120 67 0
0 55 0
40 55 30
0 67 36
120 67 0
0 55 0
40 55 40
0 67 48
120 67 0
0 55 0
40 55 32
0 67 36
120 67 0
0 55 0
40 55 34
0 67 41
120 67 0
0 55 0
40 55 47
0 67 56
120 67 0
0 55 0
40 55 36
0 67 43
120 67 0
0 55 0
40 55 37
0 67 44
120 67 0
0 55 0
40 67 59
0 55 59
120 55 0
0 67 0
40 55 33
0 67 41
120 67 0
0 55 0
40 55 33
0 67 41
120 67 0
0 55 0
40 55 37
0 67 46
120 67 0
0 55 0
40 55 37
0 67 46
120 67 0
0 55 0
40 55 37
0 67 46
120 67 0
0 55 0
40 55 49
0 67 58
120 67 0
0 55 0
40 55 36
0 67 42
120 67 0
0 55 0
40 55 37
0 67 46
120 67 0
0 55 0
40 56 55
0 68 65
120 68 0
0 56 0
40 56 42
0 68 52
120 68 0
0 56 0
40 56 44
0 68 55
120 68 0
0 56 0
40 67 70
0 55 70
120 55 0
0 67 0
40 55 40
0 67 50
120 67 0
0 55 0
40 55 40
0 67 50
120 67 0
0 55 0
40 55 46
0 67 55
120 67 0
0 55 0
40 55 44
0 67 55
120 67 0
0 55 0
40 55 44
0 67 54
120 67 0
0 55 0
40 55 57
0 67 69
120 67 0
0 55 0
40 55 42
0 67 49
120 67 0
0 55 0
40 55 42
0 67 52
120 67 0
0 55 0
40 55 57
0 67 67
120 67 0
0 55 0
40 55 42
0 67 51
120 67 0
0 55 0
40 53 41
0 65 50
120 65 0
0 53 0
40 64 59
0 60 59
0 67 59
0 55 59
120 55 0
0 64 0
0 60 0
0 67 0
40 64 33
0 60 33
0 55 33
0 67 41
120 67 0
0 64 0
0 60 0
0 55 0
40 64 33
0 60 33
0 55 33
0 67 41
120 67 0
0 64 0
0 60 0
0 55 0
40 64 33
0 60 33
0 55 37
0 67 46
120 67 0
0 64 0
0 60 0
0 55 0
40 64 33
0 60 33
0 55 37
0 67 46
120 67 0
0 64 0
0 60 0
0 55 0
40 64 33
0 60 33
0 55 37
0 67 46
120 67 0
0 64 0
0 60 0
0 55 0
40 62 49
0 59 49
0 55 49
0 67 58
120 67 0
0 62 0
0 59 0
0 55 0
40 62 49
0 59 49
0 55 36
0 67 42
120 67 0
0 62 0
0 59 0
0 55 0
40 62 49
0 59 49
0 55 37
0 67 46
120 67 0
0 62 0
0 59 0
0 55 0
40 62 50
0 59 50
0 55 50
0 67 59
120 67 0
0 62 0
0 59 0
0 55 0
40 62 37
0 59 37
0 55 37
0 67 46
120 67 0
0 62 0
0 59 0
0 55 0
40 62 37
0 59 37
0 55 37
0 67 46
120 67 0
0 62 0
0 59 0
0 55 0
40 55 40
0 60 40
0 64 40
0 67 48
960 67 0
0 55 0
0 60 0
0 64 0
480 62 37
0 67 37
0 71 44
360 71 0
0 67 0
0 62 0
0 64 32
0 67 32
0 72 38
120 72 0
0 67 0
0 64 0
0 65 35
0 67 35
0 74 51
338 74 0
22 67 0
0 65 0
120 67 35
0 65 35
0 74 42
338 74 0
22 65 0
0 67 0
120 65 35
0 67 35
0 74 42
338 74 0
22 67 0
0 65 0
120 64 39
0 67 39
0 72 46
360 72 0
0 67 0
0 64 0
0 65 39
0 67 39
0 74 47
120 74 0
0 67 0
0 65 0
0 67 45
0 76 53
720 76 0
0 67 0
0 65 37
0 67 37
0 74 44
240 74 0
0 67 0
0 65 0
0 64 33
0 67 33
0 72 39
480 72 0
0 67 0
0 64 0
0 65 41
0 67 41
0 74 49
360 74 0
0 67 0
0 65 0
0 64 35
0 67 35
0 72 42
120 72 0
0 67 0
0 64 0
0 62 39
0 67 39
0 71 46
480 71 0
0 67 0
0 62 0
0 60 37
0 67 37
0 69 44
360 69 0
0 67 0
0 60 0
0 62 30
0 67 30
0 71 36
120 71 0
0 67 0
0 62 0
0 64 40
0 67 40
0 72 48
480 72 0
0 67 0
0 64 0
0 67 36
0 71 36
0 74 43
360 74 0
0 71 0
0 67 0
0 67 37
0 72 37
0 76 44
120 76 0
0 72 0
0 67 0
0 71 43
0 67 43
0 74 51
1440 74 0
0 67 0
0 71 0
0 59 52
0 67 52
0 71 62
360 71 0
0 67 0
0 59 0
0 60 50
0 69 50
0 72 60
120 72 0
0 69 0
0 60 0
0 62 61
0 71 61
0 74 73
480 74 0
0 71 0
0 62 0
0 62 50
0 71 50
0 74 60
480 74 0
0 71 0
0 62 0
0 62 50
0 71 50
0 74 60
480 74 0
0 71 0
0 62 0
0 64 49
0 72 51
0 76 61
360 76 0
0 72 0
0 64 0
0 65 46
0 74 46
0 77 67
120 77 0
0 74 0
0 65 0
0 76 54
0 67 54
0 79 75
480 79 0
0 67 0
0 76 0
0 74 58
0 71 58
0 77 69
480 77 0
0 71 0
0 74 0
0 72 54
0 76 76
480 76 0
0 72 0
0 69 58
0 77 69
360 77 0
0 69 0
0 65 51
0 69 51
0 74 60
120 74 0
0 69 0
0 65 0
0 62 55
0 65 55
0 71 66
480 71 0
0 65 0
0 62 0
0 65 55
0 71 66
0 62 55
480 62 0
0 71 0
0 65 0
0 71 66
0 65 55
0 62 55
480 62 0
0 65 0
0 71 0
0 76 75
0 67 64
360 67 0
0 76 0
0 65 52
0 67 52
0 74 62
120 74 0
0 67 0
0 65 0
0 67 61
0 64 61
0 72 73
960 72 0
0 64 0
0 67 0
480 83 52
360 83 0
0 84 45
120 84 0
0 86 61
480 86 0
0 77 35
0 80 35
0 83 35
0 86 50
480 86 0
0 77 0
0 80 0
0 83 0
0 78 35
0 81 35
0 84 35
0 86 50
480 86 0
0 78 0
0 81 0
0 84 0
0 78 35
0 81 35
0 84 55
360 84 0
0 86 56
120 86 0
0 81 0
0 78 0
0 78 35
0 81 35
0 87 63
720 87 0
0 86 52
240 86 0
0 84 46
480 84 0
0 81 0
0 78 0
0 74 35
0 81 35
0 86 58
360 86 0
0 84 50
120 84 0
0 81 0
0 74 0
0 74 35
0 79 35
0 83 55
480 83 0
0 79 0
0 74 0
0 74 35
0 79 35
0 81 52
360 81 0
0 83 52
120 83 0
0 79 0
0 74 0
0 72 35
0 79 35
0 84 57
480 84 0
0 79 0
0 72 0
0 79 35
0 83 39
0 86 51
360 86 0
0 83 0
0 84 40
0 87 52
120 87 0
0 84 0
0 79 0
0 79 39
0 83 39
0 86 51
1440 86 0
0 83 0
0 79 0
0 74 55
360 74 0
0 75 47
120 75 0
0 77 64
338 77 0
142 71 44
0 68 44
0 74 44
0 77 52
338 77 0
22 71 0
0 68 0
0 74 0
120 68 44
0 70 44
0 77 52
338 77 0
22 70 0
0 68 0
120 70 39
0 68 39
0 75 47
60 75 0
0 77 47
60 77 0
0 75 70
240 75 0
0 74 58
120 74 0
0 68 0
0 70 0
0 70 56
0 67 56
0 79 66
480 67 0
0 70 0
0 74 44
0 68 36
240 79 0
0 77 55
240 77 0
0 68 0
0 74 0
0 67 56
0 75 48
480 75 0
0 67 0
0 65 53
0 68 46
0 74 63
360 74 0
0 65 0
0 63 46
0 72 54
120 72 0
0 63 0
0 68 0
0 62 50
0 67 50
0 71 59
480 71 0
0 67 0
0 62 0
0 62 49
0 67 47
0 69 61
360 69 0
0 71 50
120 71 0
0 67 0
0 62 0
0 60 63
0 67 63
0 72 63
480 72 0
0 67 0
0 60 0
0 67 53
0 77 63
360 77 0
0 72 46
0 75 55
120 75 0
0 72 0
0 67 0
0 71 43
0 67 43
0 74 51
1440 74 0
0 67 0
0 71 0
0 59 57
0 67 57
0 71 68
360 71 0
0 67 0
0 59 0
0 60 55
0 69 55
0 72 66
120 72 0
0 69 0
0 60 0
0 62 67
0 71 67
0 74 80
480 74 0
0 71 0
0 62 0
0 62 55
0 71 55
0 74 66
480 74 0
0 71 0
0 62 0
0 62 56
0 71 56
0 74 67
480 74 0
0 71 0
0 62 0
0 64 53
0 72 53
0 76 63
360 76 0
0 72 0
0 64 0
0 65 54
0 74 54
0 77 79
120 77 0
0 74 0
0 65 0
0 76 67
0 67 67
0 79 93
720 79 0
0 67 0
0 76 0
0 74 62
0 65 62
0 77 74
240 77 0
0 65 0
0 74 0
0 64 55
0 73 55
0 76 77
480 76 0
0 73 0
0 64 0
480 55 51
0 61 51
0 64 60
720 64 0
0 65 54
240 65 0
0 64 50
480 64 0
0 61 0
0 55 0
480 74 67
0 65 67
0 77 93
720 77 0
0 65 0
0 74 0
0 72 62
0 63 62
0 75 74
240 75 0
0 63 0
0 72 0
0 62 55
0 71 55
0 74 77
480 74 0
0 71 0
0 62 0
480 53 51
0 59 51
0 62 60
720 62 0
0 63 54
240 63 0
0 62 50
480 62 0
0 59 0
0 53 0
480 69 43
0 75 60
960 75 0
0 74 53
480 74 0
0 72 50
480 72 0
0 69 0
0 67 51
960 67 0
0 72 51
0 65 36
240 72 0
0 71 46
240 71 0
0 69 49
240 69 0
0 71 41
240 71 0
0 65 0
0 64 34
0 72 48
2880 64 0
480 72 0
0 71 37
360 71 0
0 72 32
120 72 0
0 74 43
338 74 0
142 74 35
338 74 0
142 74 35
338 74 0
142 72 39
240 72 0
0 71 39
240 71 0
0 75 45
720 75 0
0 74 37
240 74 0
0 72 33
240 72 0
0 67 33
240 67 0
0 72 35
240 72 0
0 74 40
240 74 0
0 75 45
480 75 0
0 74 45
240 74 0
0 72 42
240 72 0
0 67 46
360 67 0
120 71 38
0 65 32
360 65 0
0 71 0
120 64 36
0 72 43
1440 72 0
0 64 0
960 67 29
0 79 37
960 79 0
0 67 0
960 67 29
0 79 36
960 79 0
0 67 0
0 75 35
240 75 0
0 77 40
240 77 0
0 79 45
240 79 0
0 75 40
240 75 0
0 71 45
240 71 0
0 72 42
240 72 0
0 67 46
360 67 0
120 71 38
0 65 32
360 65 0
0 71 0
120 64 36
0 72 43
960 72 0
0 64 0
0 67 46
360 67 0
120 71 38
0 65 32
360 65 0
0 71 0
120 64 36
0 72 43
960 72 0
0 64 0
0 55 48
480 55 0
0 59 41
0 53 34
480 53 0
0 59 0
0 52 40
0 60 48
960 60 0
0 52 0
0 55 38
0 52 38
0 60 46
960 60 0
0 52 0
0 55 0
0 55 38
0 52 38
0 60 46
1920 60 0
0 52 0
0 55 0
0 43 70
0 31 60
1410 31 0
0 43 0
7710 55 35
240 55 0
120 55 33
60 55 0
60 55 40
240 55 0
240 55 33
240 55 0
240 55 33
240 55 0
240 55 46
240 55 0
120 55 47
60 55 0
60 55 53
120 55 0
360 57 53
120 57 0
240 59 43
60 59 0
60 60 49
240 60 0
240 53 45
240 53 0
120 53 36
60 53 0
60 55 44
840 55 0
0 55 36
0 53 30
60 53 0
0 55 0
60 51 40
0 55 48
240 55 0
0 51 0
240 43 45
0 55 53
240 55 0
0 43 0
120 55 44
0 43 37
60 43 0
0 55 0
60 48 46
0 55 55
1440 55 0
0 48 0
7680 58 35
240 58 0
120 58 33
60 58 0
60 58 40
240 58 0
240 58 33
240 58 0
240 58 33
240 58 0
240 58 46
240 58 0
120 58 47
60 58 0
60 58 53
120 58 0
360 60 53
120 60 0
240 62 43
60 62 0
60 63 49
240 63 0
240 53 45
240 53 0
120 53 36
60 53 0
60 55 44
840 55 0
0 53 30
0 55 36
60 55 0
0 53 0
60 51 40
0 55 48
240 55 0
0 51 0
240 55 53
0 43 45
240 43 0
0 55 0
120 55 44
0 43 37
60 43 0
0 55 0
60 48 46
0 55 55
1440 55 0
0 48 0
960 65 36
360 65 0
120 66 36
360 66 0
120 66 36
0 62 30
480 62 0
0 66 0
0 66 39
0 60 46
720 60 0
0 62 46
240 62 0
0 63 46
480 63 0
0 66 0
0 54 31
0 62 37
480 62 0
0 54 0
0 55 35
0 62 42
480 62 0
0 55 0
0 53 35
0 62 43
0 55 35
360 55 0
0 62 0
0 53 0
0 55 29
0 53 29
0 62 35
120 62 0
0 53 0
0 55 0
0 55 39
0 51 39
0 60 47
480 60 0
0 51 0
0 55 0
0 59 48
0 55 40
0 50 40
360 50 0
0 55 0
0 59 0
0 48 41
0 60 49
0 55 41
120 55 0
0 60 0
0 48 0
0 59 57
0 55 48
1440 55 0
0 59 0
0 55 61
0 43 51
240 43 0
0 55 0
120 55 57
0 43 48
60 43 0
0 55 0
60 55 70
0 43 59
240 43 0
0 55 0
240 55 64
0 43 55
240 43 0
0 55 0
240 55 66
0 43 56
240 43 0
0 55 0
240 55 80
0 43 68
240 43 0
0 55 0
120 43 56
0 55 66
60 55 0
0 43 0
60 55 73
0 43 61
120 43 0
0 55 0
360 57 84
0 45 70
120 45 0
0 57 0
240 47 56
0 59 68
120 59 0
0 47 0
0 48 64
0 60 78
240 60 0
0 48 0
240 53 62
0 41 52
240 41 0
0 53 0
120 53 49
0 41 41
60 41 0
0 53 0
60 43 51
0 55 61
240 55 0
0 43 0
240 55 61
240 55 0
120 55 49
0 53 41
60 53 0
0 55 0
60 51 56
0 55 66
240 55 0
0 51 0
240 31 61
0 43 73
240 43 0
0 31 0
120 43 61
0 31 51
60 31 0
0 43 0
60 43 77
0 36 64
1440 36 0
0 43 0
960 65 41
360 65 0
120 62 34
0 65 41
360 65 0
0 62 0
120 58 34
0 65 41
480 65 0
0 58 0
0 63 52
480 63 0
0 59 30
0 65 36
0 62 30
480 62 0
0 65 0
0 59 0
0 60 44
0 63 52
480 63 0
0 60 0
0 53 43
480 53 0
0 55 48
480 55 0
0 55 49
360 55 0
0 53 34
0 55 40
120 55 0
0 53 0
0 51 45
0 55 53
480 55 0
0 51 0
0 50 46
0 55 46
0 59 55
360 59 0
0 55 0
0 50 0
0 60 56
0 55 47
0 48 47
120 48 0
0 55 0
0 60 0
0 55 55
0 59 64
1440 59 0
0 55 0
0 34 56
0 46 66
240 46 0
0 34 0
120 46 60
0 34 52
60 34 0
0 46 0
60 46 76
0 34 64
240 34 0
0 46 0
240 34 57
0 46 69
240 46 0
0 34 0
240 46 71
0 34 59
240 34 0
0 46 0
240 46 86
0 34 73
240 34 0
0 46 0
120 34 59
0 46 71
60 46 0
0 34 0
60 34 67
0 46 79
120 46 0
0 34 0
360 36 76
0 48 91
120 48 0
0 36 0
240 38 60
0 50 74
120 50 0
0 38 0
0 39 71
0 51 84
240 51 0
0 39 0
240 41 57
0 53 67
240 53 0
0 41 0
120 41 44
0 53 53
60 53 0
0 41 0
60 55 66
0 43 56
240 43 0
0 55 0
240 55 66
240 55 0
120 55 53
0 53 44
60 53 0
0 55 0
60 51 59
0 55 71
240 55 0
0 51 0
240 43 79
0 31 67
240 31 0
0 43 0
120 43 66
0 31 56
60 31 0
0 43 0
60 43 83
0 36 70
1440 36 0
0 43 0
480 44 61
0 51 61
0 56 72
1440 56 0
0 51 0
0 44 0
480 48 61
0 39 61
0 51 72
1440 51 0
0 39 0
0 48 0
0 48 48
0 60 57
480 60 0
0 48 0
0 53 56
0 41 47
480 41 0
0 53 0
0 43 47
0 55 56
240 55 0
0 43 0
120 44 38
0 56 45
60 56 0
0 44 0
60 55 60
0 43 51
480 43 0
0 55 0
0 43 56
0 31 47
480 31 0
0 43 0
0 48 59
0 43 50
0 36 50
1440 36 0
0 43 0
0 48 0
480 44 47
0 51 47
0 56 56
1440 56 0
0 51 0
0 44 0
480 39 50
0 48 50
0 51 59
1440 51 0
0 48 0
0 39 0
480 49 39
480 49 0
0 51 39
240 51 0
120 53 31
60 53 0
60 51 42
240 51 0
240 51 35
0 39 28
240 39 0
0 51 0
240 44 40
160 44 0
0 48 33
160 48 0
0 51 33
160 51 0
0 48 40
160 48 0
0 51 29
160 51 0
0 56 30
160 56 0
0 47 40
160 47 0
0 50 33
160 50 0
0 56 33
160 56 0
0 48 40
160 48 0
0 51 35
160 51 0
0 56 35
160 56 0
0 44 40
160 44 0
0 48 33
160 48 0
0 56 33
160 56 0
0 48 40
160 48 0
0 51 29
160 51 0
0 56 30
160 56 0
0 47 40
160 47 0
0 50 33
160 50 0
0 56 33
160 56 0
0 48 40
160 48 0
0 51 35
160 51 0
0 56 35
160 56 0
0 49 40
160 49 0
0 53 33
160 53 0
0 56 33
160 56 0
0 49 40
160 49 0
0 55 29
160 55 0
0 58 30
160 58 0
0 48 40
160 48 0
0 56 33
160 56 0
0 60 33
160 60 0
0 48 40
160 48 0
0 51 35
160 51 0
0 56 35
160 56 0
0 46 40
160 46 0
0 51 33
160 51 0
0 56 33
160 56 0
0 46 40
160 46 0
0 51 29
160 51 0
0 55 30
160 55 0
0 44 35
160 44 0
0 51 28
160 51 0
0 58 28
160 58 0
0 44 35
160 44 0
0 51 27
160 51 0
0 56 35
160 56 0
0 49 30
160 49 0
0 56 24
160 56 0
0 58 24
160 58 0
0 53 32
160 53 0
0 56 23
160 56 0
0 61 24
160 61 0
0 51 30
160 51 0
0 56 23
160 56 0
0 60 23
160 60 0
0 51 29
160 51 0
0 55 23
160 55 0
0 58 23
160 58 0
0 44 33
160 44 0
0 48 23
160 48 0
0 56 23
160 56 0
0 48 31
160 48 0
0 51 25
160 51 0
0 56 26
160 56 0
0 47 40
160 47 0
0 50 31
160 50 0
0 56 31
160 56 0
0 48 40
160 48 0
0 51 35
160 51 0
0 56 35
160 56 0
0 44 40
160 44 0
0 48 33
160 48 0
0 56 33
160 56 0
0 48 40
160 48 0
0 51 29
160 51 0
0 56 30
160 56 0
0 47 40
160 47 0
0 50 33
160 50 0
0 56 33
160 56 0
0 48 40
160 48 0
0 51 35
160 51 0
0 56 35
160 56 0
0 49 40
160 49 0
0 52 33
160 52 0
0 56 33
160 56 0
0 49 40
160 49 0
0 52 29
160 52 0
0 58 30
160 58 0
0 47 40
160 47 0
0 54 33
160 54 0
0 59 33
160 59 0
0 47 40
160 47 0
0 54 35
160 54 0
0 59 35
160 59 0
0 52 40
160 52 0
0 56 33
160 56 0
0 61 33
160 61 0
0 52 40
160 52 0
0 54 29
160 54 0
0 58 30
160 58 0
0 51 35
160 51 0
0 54 28
160 54 0
0 59 28
160 59 0
0 51 35
160 51 0
0 55 27
160 55 0
0 61 35
160 61 0
0 52 30
160 52 0
0 56 24
160 56 0
0 59 24
160 59 0
0 56 32
160 56 0
0 59 23
160 59 0
0 64 24
160 64 0
0 54 30
160 54 0
0 59 23
160 59 0
0 63 23
160 63 0
0 54 29
160 54 0
0 58 23
160 58 0
0 61 23
160 61 0
0 47 33
160 47 0
0 51 23
160 51 0
0 59 23
160 59 0
0 51 31
160 51 0
0 54 25
160 54 0
0 59 27
160 59 0
0 50 42
160 50 0
0 53 32
160 53 0
0 59 32
160 59 0
0 51 42
160 51 0
0 54 37
160 54 0
0 59 38
160 59 0
0 47 44
160 47 0
0 51 36
160 51 0
0 54 37
160 54 0
0 47 47
160 47 0
0 51 34
160 51 0
0 54 36
160 54 0
0 46 51
160 46 0
0 49 48
160 49 0
0 51 49
160 51 0
0 44 62
160 44 0
0 49 55
160 49 0
0 51 56
160 51 0
0 43 72
160 43 0
0 49 58
160 49 0
0 51 62
160 51 0
0 43 69
160 43 0
0 46 48
160 46 0
0 51 55
160 51 0
0 44 62
160 44 0
0 47 49
160 47 0
0 51 48
160 51 0
0 49 44
160 49 0
0 52 38
160 52 0
0 58 38
160 58 0
0 51 33
160 51 0
0 58 27
160 58 0
0 61 27
160 61 0
0 51 34
160 51 0
0 58 25
160 58 0
0 61 26
160 61 0
0 51 36
160 51 0
0 58 29
160 58 0
0 61 29
160 61 0
0 51 35
160 51 0
0 58 28
160 58 0
0 61 28
160 61 0
0 56 33
160 56 0
0 60 23
160 60 0
0 63 23
160 63 0
0 60 31
160 60 0
0 63 25
160 63 0
0 68 27
160 68 0
0 59 38
160 59 0
0 62 32
160 62 0
0 68 32
160 68 0
0 60 42
160 60 0
0 63 37
160 63 0
0 68 38
160 68 0
0 56 44
160 56 0
0 60 36
160 60 0
0 68 37
160 68 0
0 60 47
160 60 0
0 63 34
160 63 0
0 68 36
160 68 0
0 59 50
160 59 0
0 62 42
160 62 0
0 68 43
160 68 0
0 60 55
160 60 0
0 63 47
160 63 0
0 68 45
160 68 0
0 61 61
160 61 0
0 65 46
160 65 0
0 68 51
160 68 0
0 61 61
160 61 0
0 63 49
160 63 0
0 70 49
160 70 0
0 60 57
160 60 0
0 63 45
160 63 0
0 68 44
160 68 0
0 60 44
160 60 0
0 63 38
160 63 0
0 68 38
160 68 0
0 58 44
160 58 0
0 63 36
160 63 0
0 70 37
160 70 0
0 58 47
160 58 0
0 63 34
160 63 0
0 67 36
160 67 0
0 56 45
160 56 0
0 63 36
160 63 0
0 68 36
160 68 0
0 56 46
160 56 0
0 63 37
160 63 0
0 68 36
160 68 0
0 61 30
160 61 0
0 68 24
160 68 0
0 70 24
160 70 0
0 65 32
160 65 0
0 68 23
160 68 0
0 73 24
160 73 0
0 63 30
160 63 0
0 68 23
160 68 0
0 72 23
160 72 0
0 63 29
160 63 0
0 67 23
160 67 0
0 70 23
160 70 0
0 60 25
0 56 25
0 68 30
240 68 0
0 56 0
0 60 0
1200 56 58
360 56 0
0 60 51
120 60 0
0 63 62
360 63 0
120 63 56
360 63 0
120 63 58
360 63 0
120 63 57
360 63 0
120 65 63
960 65 0
0 63 60
960 63 0
0 61 63
960 61 0
0 60 57
960 60 0
0 58 57
480 58 0
0 61 55
480 61 0
0 60 61
480 60 0
0 51 45
0 58 54
480 58 0
0 51 0
0 56 60
0 51 51
0 44 51
480 44 0
0 51 0
0 56 0
960 56 63
0 44 63
360 44 0
0 56 0
0 48 56
0 60 56
120 60 0
0 48 0
0 51 68
0 63 68
338 63 0
22 51 0
120 63 61
0 51 50
360 51 0
0 63 0
120 51 53
0 63 63
360 63 0
0 51 0
120 51 52
0 63 62
360 63 0
0 51 0
120 52 58
0 64 69
960 64 0
0 52 0
0 51 55
0 63 66
960 63 0
0 51 0
0 49 58
0 61 69
960 61 0
0 49 0
0 59 62
0 47 52
720 59 0
0 58 68
240 58 0
0 47 0
0 56 61
0 52 52
480 52 0
0 56 0
0 49 46
0 56 46
0 64 55
480 64 0
0 56 0
0 49 0
0 63 56
0 54 47
480 54 0
0 63 0
0 54 42
0 61 50
480 61 0
0 54 0
0 47 50
0 54 50
0 59 59
480 59 0
0 54 0
0 47 0
1440 47 44
160 47 0
0 51 36
160 51 0
0 54 37
160 54 0
0 47 47
160 47 0
0 51 34
160 51 0
0 54 36
160 54 0
0 46 51
160 46 0
0 49 48
160 49 0
0 51 49
160 51 0
0 44 62
160 44 0
0 49 55
160 49 0
0 51 56
160 51 0
0 43 72
160 43 0
0 49 58
160 49 0
0 51 62
160 51 0
0 43 69
160 43 0
0 46 48
160 46 0
0 51 55
160 51 0
0 44 62
160 44 0
0 47 49
160 47 0
0 51 48
160 51 0
0 49 44
160 49 0
0 52 38
160 52 0
0 58 38
160 58 0
0 51 33
160 51 0
0 58 27
160 58 0
0 61 27
160 61 0
0 51 34
160 51 0
0 58 25
160 58 0
0 61 26
160 61 0
0 51 36
160 51 0
0 58 29
160 58 0
0 61 29
160 61 0
0 51 35
160 51 0
0 58 28
160 58 0
0 61 28
160 61 0
0 44 33
120 44 0
40 51 19
0 56 19
0 60 23
120 60 0
0 56 0
0 51 0
40 51 19
0 56 19
0 60 23
120 60 0
0 56 0
0 51 0
40 51 21
0 56 21
0 60 25
120 60 0
0 56 0
0 51 0
40 51 21
0 60 25
0 56 21
120 56 0
0 60 0
0 51 0
40 60 25
0 56 21
0 51 21
120 51 0
0 56 0
0 60 0
40 60 32
0 51 27
0 56 27
120 56 0
0 51 0
0 60 0
40 60 24
0 51 20
0 56 20
120 56 0
0 51 0
0 60 0
40 51 21
0 60 25
0 56 21
120 56 0
0 60 0
0 51 0
40 60 33
0 56 28
0 51 28
120 51 0
0 56 0
0 60 0
40 56 21
0 60 25
0 51 21
120 51 0
0 60 0
0 56 0
40 60 25
0 56 21
0 51 21
120 51 0
0 56 0
0 60 0
40 37 33
120 37 0
40 53 19
0 60 23
0 49 19
120 49 0
0 60 0
0 53 0
40 60 23
0 53 19
0 49 19
120 49 0
0 53 0
0 60 0
40 57 30
0 49 25
0 53 25
120 53 0
0 49 0
0 57 0
40 53 21
0 49 21
0 57 25
120 57 0
0 49 0
0 53 0
40 49 21
0 57 25
0 53 21
120 53 0
0 57 0
0 49 0
40 49 27
0 58 32
0 53 27
120 53 0
0 58 0
0 49 0
40 49 20
0 53 20
0 58 24
120 58 0
0 53 0
0 49 0
40 58 25
0 49 21
0 53 21
120 53 0
0 49 0
0 58 0
40 49 28
0 58 33
0 53 28
120 53 0
0 58 0
0 49 0
40 49 21
0 53 21
0 58 25
120 58 0
0 53 0
0 49 0
40 53 21
0 49 21
0 58 25
120 58 0
0 49 0
0 53 0
40 36 33
120 36 0
40 48 19
0 51 19
0 58 23
120 58 0
0 51 0
0 48 0
40 51 19
0 48 19
0 58 23
120 58 0
0 48 0
0 51 0
40 48 25
0 55 30
0 51 25
120 51 0
0 55 0
0 48 0
40 55 25
0 51 21
0 48 21
120 48 0
0 51 0
0 55 0
40 48 21
0 51 21
0 55 25
120 55 0
0 51 0
0 48 0
40 56 35
0 51 29
0 48 29
120 48 0
0 51 0
0 56 0
40 51 22
0 48 22
0 56 27
120 56 0
0 48 0
0 51 0
40 51 24
0 56 29
0 48 24
120 48 0
0 56 0
0 51 0
40 48 33
0 56 39
0 51 33
120 51 0
0 56 0
0 48 0
40 48 25
0 56 30
0 51 25
120 51 0
0 56 0
0 48 0
40 51 26
0 48 26
0 56 31
120 56 0
0 48 0
0 51 0
40 37 42
120 37 0
40 53 30
0 49 25
120 49 0
0 53 0
40 53 31
0 49 26
120 49 0
0 53 0
40 49 33
0 53 39
120 53 0
0 49 0
40 49 24
0 53 29
120 53 0
0 49 0
40 53 28
0 49 23
120 49 0
0 53 0
40 39 36
120 39 0
40 51 21
0 56 26
120 56 0
0 51 0
40 56 26
0 51 22
120 51 0
0 56 0
40 39 34
120 39 0
40 51 21
0 55 26
120 55 0
0 51 0
40 51 21
0 55 25
120 55 0
0 51 0
40 44 33
120 44 0
40 60 23
0 51 19
0 56 19
120 56 0
0 51 0
0 60 0
40 56 19
0 60 23
0 51 19
120 51 0
0 60 0
0 56 0
40 60 25
0 51 21
0 56 21
120 56 0
0 51 0
0 60 0
40 60 25
0 56 21
0 51 21
120 51 0
0 56 0
0 60 0
40 60 25
0 51 21
0 56 21
120 56 0
0 51 0
0 60 0
40 60 32
0 51 27
0 56 27
120 56 0
0 51 0
0 60 0
40 56 20
0 60 24
0 51 20
120 51 0
0 60 0
0 56 0
40 51 21
0 56 21
0 60 25
120 60 0
0 56 0
0 51 0
40 60 33
0 56 28
0 51 28
120 51 0
0 56 0
0 60 0
40 51 21
0 56 21
0 60 25
120 60 0
0 56 0
0 51 0
40 51 21
0 60 25
0 56 21
120 56 0
0 60 0
0 51 0
40 37 33
120 37 0
40 49 19
0 53 19
0 60 23
120 60 0
0 53 0
0 49 0
40 60 23
0 53 19
0 49 19
120 49 0
0 53 0
0 60 0
40 49 25
0 60 30
0 53 25
120 53 0
0 60 0
0 49 0
40 53 21
0 60 25
0 49 21
120 49 0
0 60 0
0 53 0
40 53 21
0 49 21
0 60 25
120 60 0
0 49 0
0 53 0
40 58 32
0 53 27
0 49 27
120 49 0
0 53 0
0 58 0
40 53 20
0 58 24
0 49 20
120 49 0
0 58 0
0 53 0
40 53 21
0 58 25
0 49 21
120 49 0
0 58 0
0 53 0
40 53 28
0 58 33
0 49 28
120 49 0
0 58 0
0 53 0
40 53 21
0 49 21
0 58 25
120 58 0
0 49 0
0 53 0
40 49 21
0 58 25
0 53 21
120 53 0
0 58 0
0 49 0
40 36 33
120 36 0
40 58 23
0 51 19
0 48 19
120 48 0
0 51 0
0 58 0
40 58 23
0 48 19
0 51 19
120 51 0
0 48 0
0 58 0
40 51 25
0 58 30
0 48 25
120 48 0
0 58 0
0 51 0
40 51 21
0 48 21
0 58 25
120 58 0
0 48 0
0 51 0
40 58 25
0 48 21
0 51 21
120 51 0
0 48 0
0 58 0
40 51 29
0 48 29
0 56 35
120 56 0
0 48 0
0 51 0
40 56 27
0 48 22
0 51 22
120 51 0
0 48 0
0 56 0
40 51 24
0 48 24
0 56 29
120 56 0
0 48 0
0 51 0
40 51 33
0 56 39
0 48 33
120 48 0
0 56 0
0 51 0
40 51 25
0 48 25
0 56 30
120 56 0
0 48 0
0 51 0
40 51 26
0 56 31
0 48 26
120 48 0
0 56 0
0 51 0
40 37 42
120 37 0
40 56 30
0 49 25
0 53 25
120 53 0
0 49 0
0 56 0
40 53 26
0 56 31
0 49 26
120 49 0
0 56 0
0 53 0
40 53 33
0 57 39
0 49 33
120 49 0
0 57 0
0 53 0
40 53 24
0 49 24
0 57 29
120 57 0
0 49 0
0 53 0
40 58 28
0 49 23
0 53 23
120 53 0
0 49 0
0 58 0
40 39 36
120 39 0
40 51 21
0 56 26
120 56 0
0 51 0
40 51 22
0 56 26
120 56 0
0 51 0
40 39 34
120 39 0
40 58 26
0 55 21
0 51 21
120 51 0
0 55 0
0 58 0
40 58 25
0 55 21
0 51 21
120 51 0
0 55 0
0 58 0
40 32 33
0 44 33
120 44 0
40 51 23
0 44 19
0 48 21
120 48 0
0 44 0
0 51 0
40 48 19
0 44 19
0 51 23
120 51 0
0 44 0
0 48 0
40 44 21
0 48 21
0 51 25
120 51 0
0 48 0
0 44 0
40 48 21
0 51 25
0 44 21
120 44 0
0 51 0
0 48 0
40 51 25
0 48 21
0 44 21
120 44 0
0 48 0
0 51 0
40 44 27
0 51 32
0 48 27
120 48 0
0 51 0
0 44 0
40 44 20
0 51 24
0 48 27
120 48 0
0 51 0
0 44 0
40 44 21
0 48 21
0 51 25
120 51 0
0 48 0
0 44 0
40 32 0
0 51 33
0 48 28
0 44 28
120 44 0
0 48 0
0 51 0
40 44 21
0 48 21
0 51 25
120 51 0
0 48 0
0 44 0
40 44 21
0 48 21
0 51 25
120 51 0
0 48 0
0 44 0
40 44 33
0 32 33
120 44 0
40 51 23
0 44 19
0 48 21
120 48 0
0 44 0
0 51 0
40 48 19
0 44 19
0 51 23
120 51 0
0 44 0
0 48 0
40 44 21
0 48 21
0 51 25
120 51 0
0 48 0
0 44 0
40 48 21
0 51 25
0 44 21
120 44 0
0 51 0
0 48 0
40 48 21
0 44 21
0 51 25
120 51 0
0 44 0
0 48 0
40 32 0
0 51 32
0 48 27
0 44 27
120 44 0
0 48 0
0 51 0
40 48 27
0 44 20
0 51 24
120 51 0
0 44 0
0 48 0
40 51 25
0 44 21
0 48 21
120 48 0
0 44 0
0 51 0
40 44 28
0 51 33
0 48 28
120 48 0
0 51 0
0 44 0
40 51 25
0 48 21
0 44 21
120 44 0
0 48 0
0 51 0
40 44 21
0 51 25
0 48 21
120 48 0
0 51 0
0 44 0
40 31 33
0 43 33
120 43 0
40 43 19
0 51 23
0 48 21
120 48 0
0 51 0
0 43 0
40 48 19
0 51 23
0 43 19
120 43 0
0 51 0
0 48 0
40 48 21
0 51 25
0 43 21
120 43 0
0 51 0
0 48 0
40 43 21
0 48 21
0 51 25
120 51 0
0 48 0
0 43 0
40 48 21
0 43 21
0 51 25
120 51 0
0 43 0
0 48 0
40 31 0
0 43 27
0 51 32
0 48 27
120 48 0
0 51 0
0 43 0
40 51 24
0 48 27
0 43 20
120 43 0
0 48 0
0 51 0
40 48 21
0 51 25
0 43 21
120 43 0
0 51 0
0 48 0
40 43 28
0 51 33
0 48 28
120 48 0
0 51 0
0 43 0
40 51 25
0 43 21
0 48 21
120 48 0
0 43 0
0 51 0
40 48 21
0 43 21
0 51 25
120 51 0
0 43 0
0 48 0
40 31 33
0 43 33
120 43 0
40 51 23
0 43 19
0 48 21
120 48 0
0 43 0
0 51 0
40 51 24
0 48 19
0 43 19
120 43 0
0 48 0
0 51 0
40 43 22
0 48 22
0 51 26
120 51 0
0 48 0
0 43 0
40 48 24
0 43 24
0 51 28
120 51 0
0 43 0
0 48 0
40 51 29
0 48 24
0 43 24
120 43 0
0 48 0
0 51 0
40 31 0
0 51 39
0 48 33
0 43 33
120 43 0
0 48 0
0 51 0
40 51 31
0 43 24
0 48 34
120 48 0
0 43 0
0 51 0
40 51 34
0 48 28
0 43 28
120 43 0
0 48 0
0 51 0
40 43 39
0 48 39
0 51 46
120 51 0
0 48 0
0 43 0
40 43 31
0 51 36
0 48 31
120 48 0
0 51 0
0 43 0
40 51 37
0 48 31
0 43 31
120 43 0
0 48 0
0 51 0
40 29 55
0 41 55
120 41 0
40 41 28
0 51 35
0 48 32
120 48 0
0 51 0
0 41 0
40 41 28
0 51 35
0 48 28
120 48 0
0 51 0
0 41 0
40 41 32
0 48 32
0 51 37
120 51 0
0 48 0
0 41 0
40 48 32
0 41 32
0 51 37
120 51 0
0 41 0
0 48 0
40 51 37
0 48 32
0 41 32
120 41 0
0 48 0
0 51 0
40 29 0
0 30 55
0 42 55
120 42 0
40 48 32
0 42 28
0 51 35
120 51 0
0 42 0
0 48 0
40 51 35
0 42 28
0 48 28
120 48 0
0 42 0
0 51 0
40 51 37
0 48 32
0 42 32
120 42 0
0 48 0
0 51 0
40 51 37
0 48 32
0 42 32
120 42 0
0 48 0
0 51 0
40 42 32
0 48 32
0 51 37
120 51 0
0 48 0
0 42 0
40 30 0
0 43 48
0 47 48
0 50 48
1440 50 0
0 47 0
0 43 0
0 47 35
360 47 0
0 48 30
120 48 0
0 50 40
338 50 0
142 50 33
338 50 0
142 50 33
338 50 0
142 48 36
360 48 0
0 50 37
120 50 0
0 51 42
720 51 0
0 50 35
240 50 0
0 48 31
480 48 0
0 46 39
360 46 0
0 44 33
120 44 0
0 43 36
480 43 0
0 43 36
480 43 0
0 43 36
480 43 0
0 43 36
480 43 0
0 48 48
960 48 0
480 35 42
0 47 50
360 47 0
0 35 0
0 36 37
0 48 44
120 48 0
0 36 0
0 50 62
0 38 51
338 50 0
22 38 0
120 38 42
0 50 50
338 50 0
22 38 0
120 38 42
0 50 50
338 50 0
22 38 0
120 36 50
0 48 59
360 48 0
0 36 0
0 38 57
0 50 67
120 50 0
0 38 0
0 39 63
0 51 76
720 51 0
0 39 0
0 38 54
0 50 64
240 50 0
0 38 0
0 36 46
0 48 55
480 48 0
0 36 0
0 34 57
0 46 67
360 46 0
0 34 0
0 44 55
0 32 46
120 32 0
0 44 0
0 31 46
0 43 55
480 43 0
0 31 0
0 31 46
0 43 55
480 43 0
0 31 0
0 43 55
0 31 46
480 31 0
0 43 0
0 43 55
0 31 46
480 31 0
0 43 0
0 36 40
0 48 40
160 48 0
0 36 0
0 55 31
120 55 0
40 55 31
120 55 0
40 55 31
120 55 0
40 55 29
120 55 0
40 55 29
120 55 0
40 55 29
120 55 0
40 55 28
120 55 0
40 55 28
120 55 0
40 55 31
120 55 0
40 55 30
120 55 0
40 55 30
120 55 0
40 55 31
120 55 0
40 55 27
120 55 0
40 55 27
120 55 0
40 55 31
120 55 0
40 55 28
120 55 0
40 55 28
120 55 0
40 55 31
120 55 0
40 55 31
120 55 0
40 55 31
120 55 0
40 55 31
120 55 0
40 55 31
120 55 0
40 55 32
120 55 0
40 55 40
120 55 0
40 55 31
120 55 0
40 55 26
120 55 0
40 55 33
120 55 0
40 55 29
120 55 0
40 55 26
120 55 0
40 55 33
120 55 0
40 55 30
120 55 0
40 55 29
120 55 0
40 55 33
120 55 0
40 55 30
120 55 0
40 55 30
120 55 0
40 55 31
120 55 0
40 55 28
120 55 0
40 55 28
120 55 0
40 55 31
120 55 0
40 55 28
120 55 0
40 55 31
120 55 0
40 55 36
120 55 0
40 55 29
120 55 0
40 55 29
120 55 0
40 55 36
120 55 0
40 55 31
120 55 0
40 55 31
120 55 0
40 55 37
120 55 0
40 55 29
120 55 0
40 55 29
120 55 0
40 55 44
120 55 0
40 55 37
120 55 0
40 55 39
120 55 0
40 55 53
120 55 0
40 55 39
120 55 0
40 55 40
120 55 0
40 55 52
120 55 0
40 55 45
120 55 0
40 55 52
120 55 0
40 55 59
120 55 0
40 55 47
120 55 0
40 55 47
120 55 0
40 55 52
0 54 52
120 54 0
0 55 0
40 55 43
0 54 43
120 54 0
0 55 0
40 55 43
0 54 43
120 54 0
0 55 0
40 53 54
0 55 54
120 55 0
0 53 0
40 55 45
0 53 45
120 53 0
0 55 0
40 55 45
0 53 45
120 53 0
0 55 0
40 55 53
0 51 53
120 51 0
0 55 0
40 50 43
0 55 43
120 55 0
0 50 0
40 48 44
0 55 44
120 55 0
0 48 0
40 48 57
0 55 57
120 55 0
0 48 0
40 48 45
0 55 45
120 55 0
0 48 0
40 55 45
0 48 45
120 48 0
0 55 0
40 55 54
0 46 54
120 46 0
0 55 0
40 55 45
0 46 45
120 46 0
0 55 0
40 46 45
0 55 45
120 55 0
0 46 0
40 45 55
0 55 55
120 55 0
0 45 0
40 45 43
0 55 43
120 55 0
0 45 0
40 45 43
0 55 43
120 55 0
0 45 0
40 44 52
0 54 52
120 54 0
0 44 0
40 44 43
0 54 43
120 54 0
0 44 0
40 54 42
0 44 42
120 44 0
0 54 0
40 43 54
0 53 54
120 53 0
0 43 0
40 43 45
0 53 45
120 53 0
0 43 0
40 43 45
0 53 45
120 53 0
0 43 0
40 43 54
0 41 54
120 41 0
0 43 0
40 41 43
0 43 43
120 43 0
0 41 0
40 43 43
0 41 43
120 41 0
0 43 0
40 39 55
0 43 55
120 43 0
0 39 0
40 43 43
0 39 43
120 39 0
0 43 0
40 39 43
0 43 43
120 43 0
0 39 0
40 31 57
0 43 57
120 43 0
0 31 0
40 43 43
0 31 43
120 31 0
0 43 0
40 43 43
0 31 43
120 31 0
0 43 0
40 36 40
0 48 40
160 48 0
0 36 0
0 55 31
120 55 0
40 55 31
120 55 0
40 55 31
120 55 0
40 55 29
120 55 0
40 55 29
120 55 0
40 55 29
120 55 0
40 55 28
120 55 0
40 55 28
120 55 0
40 55 31
120 55 0
40 55 30
120 55 0
40 55 30
120 55 0
40 56 31
120 56 0
40 56 27
120 56 0
40 56 27
120 56 0
40 57 31
120 57 0
40 57 28
120 57 0
40 57 28
120 57 0
40 58 31
120 58 0
40 58 31
120 58 0
40 58 31
120 58 0
40 58 31
120 58 0
40 58 31
120 58 0
40 58 32
120 58 0
40 58 40
120 58 0
40 58 31
120 58 0
40 58 26
120 58 0
40 59 33
120 59 0
40 59 29
120 59 0
40 59 26
120 59 0
40 60 33
120 60 0
40 55 30
120 55 0
40 55 29
120 55 0
40 55 33
120 55 0
40 55 30
120 55 0
40 55 30
120 55 0
40 55 31
120 55 0
40 55 28
120 55 0
40 55 28
120 55 0
40 55 31
120 55 0
40 55 28
120 55 0
40 55 31
120 55 0
40 55 36
120 55 0
40 55 29
120 55 0
40 55 29
120 55 0
40 55 36
120 55 0
40 55 31
120 55 0
40 55 31
120 55 0
40 55 37
120 55 0
40 55 29
120 55 0
40 55 29
120 55 0
40 55 42
120 55 0
40 55 35
120 55 0
40 55 37
120 55 0
40 55 49
160 55 0
0 56 36
160 56 0
0 57 36
160 57 0
0 58 52
120 58 0
40 58 45
120 58 0
40 58 52
120 58 0
40 58 59
120 58 0
40 58 47
120 58 0
40 58 47
120 58 0
40 57 44
0 58 52
120 58 0
0 57 0
40 58 43
0 57 36
120 57 0
0 58 0
40 58 43
0 57 36
120 57 0
0 58 0
40 58 54
0 56 45
120 56 0
0 58 0
40 56 38
0 58 45
120 58 0
0 56 0
40 56 38
0 58 45
120 58 0
0 56 0
40 58 53
0 55 45
120 55 0
0 58 0
40 58 43
0 55 36
120 55 0
0 58 0
40 53 37
0 58 44
0 56 37
120 56 0
0 58 0
0 53 0
40 51 48
0 58 57
0 55 57
120 55 0
0 58 0
0 51 0
40 51 38
0 55 45
0 58 45
120 58 0
0 55 0
0 51 0
40 51 38
0 58 45
0 55 45
120 55 0
0 58 0
0 51 0
40 47 45
0 53 45
0 56 54
120 56 0
0 53 0
0 47 0
40 47 38
0 53 45
0 56 45
120 56 0
0 53 0
0 47 0
40 47 38
0 53 45
0 56 45
120 56 0
0 53 0
0 47 0
40 48 46
0 55 55
0 51 46
120 51 0
0 55 0
0 48 0
40 48 36
0 51 36
0 55 43
120 55 0
0 51 0
0 48 0
40 48 36
0 51 36
0 55 43
120 55 0
0 51 0
0 48 0
40 44 44
0 53 52
120 53 0
0 44 0
40 53 43
0 46 36
120 46 0
0 53 0
40 53 42
0 44 35
120 44 0
0 53 0
40 43 47
0 53 56
120 53 0
0 43 0
40 44 40
0 53 47
120 53 0
0 44 0
40 43 40
0 53 48
120 53 0
0 43 0
40 43 58
0 41 48
120 41 0
0 43 0
40 43 47
120 43 0
40 43 47
0 41 39
120 41 0
0 43 0
40 39 51
0 43 61
120 43 0
0 39 0
40 41 41
0 43 49
120 43 0
0 41 0
40 43 49
0 39 41
120 39 0
0 43 0
40 31 55
0 43 66
120 43 0
0 31 0
40 43 50
0 32 42
120 32 0
0 43 0
40 43 51
0 31 42
120 31 0
0 43 0
40 36 53
0 43 53
0 48 63
160 48 0
0 43 0
0 36 0
0 50 60
160 50 0
0 48 60
160 48 0
0 46 68
160 46 0
0 48 62
160 48 0
0 46 62
160 46 0
0 44 73
0 48 62
144 48 0
0 44 0
16 46 63
0 48 53
144 48 0
0 46 0
16 44 64
0 48 54
144 48 0
0 44 0
16 43 78
0 48 65
144 48 0
0 43 0
16 44 65
0 48 55
144 48 0
0 44 0
16 43 65
0 48 55
144 48 0
0 43 0
16 41 79
0 48 66
160 48 0
0 41 0
0 43 65
0 48 55
160 48 0
0 43 0
0 41 65
0 48 55
160 48 0
0 41 0
0 44 78
0 48 65
160 48 0
0 44 0
0 46 65
0 48 55
160 48 0
0 46 0
0 44 65
0 48 55
160 48 0
0 44 0
0 43 73
0 48 62
144 48 0
0 43 0
16 44 65
0 48 55
144 48 0
0 44 0
16 43 65
0 48 55
144 48 0
0 43 0
16 41 74
0 48 63
144 48 0
0 41 0
16 43 65
0 48 55
144 48 0
0 43 0
16 41 65
0 48 55
144 48 0
0 41 0
16 39 79
0 48 66
144 48 0
0 39 0
16 41 65
0 48 55
144 48 0
0 41 0
16 39 65
0 48 55
144 48 0
0 39 0
16 43 77
0 48 64
144 48 0
0 43 0
16 44 65
0 48 55
144 48 0
0 44 0
16 43 65
0 48 55
144 48 0
0 43 0
16 41 75
0 48 64
144 48 0
0 41 0
16 43 65
0 48 55
144 48 0
0 43 0
16 41 65
0 48 55
144 48 0
0 41 0
16 39 74
0 48 63
144 48 0
0 39 0
16 41 66
0 48 56
144 48 0
0 41 0
16 39 66
0 48 56
144 48 0
0 39 0
16 37 75
0 44 64
144 44 0
0 37 0
16 39 64
0 44 54
144 44 0
0 39 0
16 36 64
0 44 54
144 44 0
0 36 0
16 37 72
0 44 60
144 44 0
0 37 0
16 39 63
0 44 52
144 44 0
0 39 0
16 41 63
0 44 52
144 44 0
0 41 0
16 31 62
0 43 73
144 43 0
0 31 0
16 43 65
144 43 0
16 43 60
144 43 0
16 31 59
0 43 71
144 43 0
0 31 0
16 43 63
144 43 0
16 43 63
144 43 0
16 36 53
0 43 53
0 48 63
160 48 0
0 43 0
0 36 0
0 51 60
160 51 0
0 50 60
160 50 0
0 48 68
160 48 0
0 50 62
160 50 0
0 48 62
160 48 0
0 47 73
160 47 0
0 48 63
160 48 0
0 47 64
160 47 0
0 46 78
160 46 0
0 48 65
160 48 0
0 46 65
160 46 0
0 45 79
0 48 66
144 48 0
0 45 0
16 46 65
0 48 55
144 48 0
0 46 0
16 45 65
0 48 55
144 48 0
0 45 0
16 44 78
0 48 65
144 48 0
0 44 0
16 46 65
0 48 55
144 48 0
0 46 0
16 44 65
0 48 55
144 48 0
0 44 0
16 43 73
0 48 62
144 48 0
0 43 0
16 44 65
0 48 55
144 48 0
0 44 0
16 43 65
0 48 55
144 48 0
0 43 0
16 41 74
0 48 63
144 48 0
0 41 0
16 43 65
0 48 55
144 48 0
0 43 0
16 41 65
0 48 55
144 48 0
0 41 0
16 40 79
0 48 66
144 48 0
0 40 0
16 41 65
0 48 55
144 48 0
0 41 0
16 40 65
0 48 55
144 48 0
0 40 0
16 39 77
0 48 64
144 48 0
0 39 0
16 41 65
0 48 55
144 48 0
0 41 0
16 39 65
0 48 55
144 48 0
0 39 0
16 38 75
0 48 64
144 48 0
0 38 0
16 39 65
0 48 55
144 48 0
0 39 0
16 38 65
0 48 55
144 48 0
0 38 0
16 36 74
0 48 63
144 48 0
0 36 0
16 38 66
0 48 56
144 48 0
0 38 0
16 39 66
0 48 56
144 48 0
0 39 0
16 41 75
0 44 64
144 44 0
0 41 0
16 39 64
0 44 54
144 44 0
0 39 0
16 37 64
0 44 54
135 44 0
0 37 0
25 37 72
0 44 60
144 44 0
0 37 0
16 39 63
0 44 52
144 44 0
0 39 0
16 41 63
0 44 52
144 44 0
0 41 0
16 31 62
0 43 73
144 43 0
0 31 0
16 43 65
144 43 0
16 43 60
144 43 0
16 31 59
0 43 71
144 43 0
0 31 0
16 43 63
144 43 0
16 43 63
144 43 0
16 36 74
0 48 62
120 48 0
0 36 0
40 36 67
0 48 56
120 48 0
0 36 0
40 36 67
0 48 56
120 48 0
0 36 0
40 38 74
0 48 62
120 48 0
0 38 0
40 38 69
0 48 58
120 48 0
0 38 0
40 38 65
0 48 55
120 48 0
0 38 0
40 39 74
0 48 62
120 48 0
0 39 0
40 39 67
0 48 56
120 48 0
0 39 0
40 39 67
0 48 56
120 48 0
0 39 0
40 40 73
0 48 62
120 48 0
0 40 0
40 40 66
0 48 56
120 48 0
0 40 0
40 40 66
0 48 56
120 48 0
0 40 0
40 41 72
0 48 61
120 48 0
0 41 0
40 41 68
0 48 57
120 48 0
0 41 0
40 41 68
0 48 57
120 48 0
0 41 0
40 42 69
0 46 58
120 46 0
0 42 0
40 42 63
0 46 53
120 46 0
0 42 0
40 42 63
0 46 53
120 46 0
0 42 0
40 43 66
0 48 56
120 48 0
0 43 0
40 43 60
0 48 51
120 48 0
0 43 0
40 43 66
0 48 56
120 48 0
0 43 0
40 44 69
0 48 61
120 48 0
0 44 0
40 44 57
0 48 48
120 48 0
0 44 0
40 44 57
0 48 48
120 48 0
0 44 0
40 44 55
0 48 46
120 48 0
0 44 0
40 44 54
0 48 42
120 48 0
0 44 0
40 44 53
0 48 41
120 48 0
0 44 0
40 44 53
0 48 45
120 48 0
0 44 0
40 44 47
0 48 40
120 48 0
0 44 0
40 44 46
0 48 39
120 48 0
0 44 0
40 44 51
0 48 43
120 48 0
0 44 0
40 44 46
0 48 39
120 48 0
0 44 0
40 44 46
0 48 39
120 48 0
0 44 0
40 45 31
0 48 37
120 48 0
0 45 0
40 45 26
0 48 31
120 48 0
0 45 0
40 45 26
0 48 31
120 48 0
0 45 0
40 45 34
0 48 40
120 48 0
0 45 0
40 45 27
0 50 32
120 50 0
0 45 0
40 45 28
0 50 33
120 50 0
0 45 0
40 45 31
0 50 37
120 50 0
0 45 0
40 45 28
0 50 33
120 50 0
0 45 0
40 45 28
0 50 33
120 50 0
0 45 0
40 46 32
0 50 38
120 50 0
0 46 0
40 46 28
0 50 34
120 50 0
0 46 0
40 46 28
0 50 34
120 50 0
0 46 0
40 46 31
0 50 37
120 50 0
0 46 0
40 46 28
0 50 33
120 50 0
0 46 0
40 46 28
0 50 33
120 50 0
0 46 0
40 48 31
0 51 37
120 51 0
0 48 0
40 48 27
0 51 32
120 51 0
0 48 0
40 48 27
0 51 32
120 51 0
0 48 0
40 48 31
0 51 37
120 51 0
0 48 0
40 48 26
0 51 31
120 51 0
0 48 0
40 48 26
0 51 31
120 51 0
0 48 0
40 50 37
120 50 0
40 50 32
120 50 0
40 50 32
120 50 0
40 50 37
120 50 0
40 50 32
120 50 0
40 50 32
120 50 0
40 50 37
0 43 31
120 50 0
40 50 29
120 50 0
40 50 29
120 50 0
40 50 32
120 50 0
40 50 29
120 50 0
40 50 29
120 50 0
40 43 0
0 50 31
120 50 0
40 50 29
120 50 0
40 50 29
120 50 0
40 50 32
120 50 0
40 50 29
120 50 0
40 50 29
120 50 0
280 43 32
120 43 0
360 43 32
120 43 0
360 38 36
120 38 0
360 43 32
120 43 0
360 36 38
120 36 0
360 36 35
120 36 0
360 43 37
120 43 0
360 43 32
120 43 0
360 44 36
120 44 0
360 45 32
120 45 0
360 46 32
120 46 0
360 50 32
120 50 0
360 51 39
120 51 0
360 48 32
120 48 0
360 50 32
120 50 0
360 38 32
120 38 0
360 43 30
120 43 0
120 45 37
120 45 0
120 48 40
120 48 0
120 50 44
120 50 0
120 55 35
120 55 0
120 50 39
120 50 0
120 46 32
120 46 0
360 43 32
120 43 0
360 43 32
120 43 0
360 38 36
120 38 0
360 43 32
120 43 0
360 36 38
120 36 0
360 41 43
120 41 0
360 34 45
120 34 0
360 46 43
120 46 0
360 45 50
120 45 0
360 38 42
120 38 0
360 43 42
120 43 0
360 31 41
120 31 0
360 39 39
120 39 0
360 36 32
120 36 0
360 41 32
120 41 0
360 29 32
120 29 0
360 46 30
120 46 0
120 48 37
120 48 0
120 51 40
120 51 0
120 50 44
120 50 0
120 58 35
120 58 0
120 53 39
120 53 0
120 50 32
120 50 0
120 46 44
120 46 0
0 50 36
120 50 0
0 53 36
120 53 0
0 50 36
120 50 0
0 46 45
120 46 0
0 50 38
120 50 0
0 53 38
120 53 0
0 50 46
120 50 0
0 45 55
120 45 0
0 48 46
120 48 0
0 50 47
120 50 0
0 48 50
120 48 0
0 43 60
120 43 0
0 48 52
120 48 0
0 50 49
120 50 0
0 48 50
120 48 0
0 42 72
120 42 0
0 48 55
120 48 0
0 50 59
120 50 0
0 48 59
120 48 0
0 42 68
120 42 0
0 45 53
120 45 0
0 50 53
120 50 0
0 45 53
120 45 0
0 43 63
120 43 0
0 46 48
120 46 0
0 50 48
120 50 0
0 46 48
120 46 0
0 48 48
120 48 0
0 51 35
120 51 0
0 57 35
120 57 0
0 51 36
120 51 0
0 50 50
120 50 0
0 57 39
120 57 0
0 60 39
120 60 0
0 57 39
120 57 0
0 50 47
120 50 0
0 57 39
120 57 0
0 60 39
120 60 0
0 57 39
120 57 0
0 50 47
120 50 0
0 57 40
120 57 0
0 60 40
120 60 0
0 57 40
120 57 0
0 50 44
120 50 0
0 57 36
120 57 0
0 60 36
120 60 0
0 57 36
120 57 0
0 55 44
120 55 0
0 58 37
120 58 0
0 55 37
120 55 0
0 50 37
120 50 0
0 46 44
120 46 0
0 55 38
120 55 0
0 50 38
120 50 0
0 46 38
120 46 0
0 43 44
120 43 0
360 43 58
0 55 69
360 55 0
0 43 0
0 46 51
0 58 61
120 58 0
0 46 0
0 50 62
0 62 74
360 62 0
0 50 0
120 50 56
0 62 67
360 62 0
0 50 0
120 50 58
0 62 69
360 62 0
0 50 0
120 50 57
0 62 68
360 62 0
0 50 0
120 51 63
0 63 75
960 63 0
0 51 0
0 50 61
0 62 72
960 62 0
0 50 0
0 48 63
0 60 75
960 60 0
0 48 0
0 46 57
0 58 68
960 58 0
0 46 0
0 45 57
0 57 68
480 57 0
0 45 0
0 48 56
0 60 66
480 60 0
0 48 0
0 46 62
0 58 73
480 58 0
0 46 0
0 45 45
0 57 64
480 57 0
0 45 0
0 55 72
0 43 51
1440 43 0
0 55 0
0 55 69
0 43 69
360 43 0
0 55 0
0 46 61
0 58 61
120 58 0
0 46 0
0 50 74
0 62 74
338 62 0
22 50 0
120 62 67
0 50 55
360 50 0
0 62 0
120 50 58
0 62 69
360 62 0
0 50 0
120 50 57
0 62 68
360 62 0
0 50 0
120 51 63
0 63 75
960 63 0
0 51 0
0 50 60
0 62 72
960 62 0
0 50 0
0 48 63
0 60 75
960 60 0
0 48 0
0 58 68
0 46 57
720 46 0
0 58 0
0 45 60
0 57 66
240 57 0
0 45 0
0 55 70
0 43 60
480 43 0
0 55 0
0 51 55
0 63 66
480 63 0
0 51 0
0 62 67
0 50 56
480 50 0
0 62 0
0 48 50
0 60 60
480 60 0
0 48 0
0 46 60
0 58 70
1440 58 0
0 46 0
480 46 44
120 46 0
0 50 36
120 50 0
0 53 36
120 53 0
0 50 36
120 50 0
0 46 45
120 46 0
0 50 38
120 50 0
0 53 38
120 53 0
0 50 46
120 50 0
0 45 54
120 45 0
0 48 45
120 48 0
0 50 45
120 50 0
0 48 48
120 48 0
0 43 57
120 43 0
0 48 49
120 48 0
0 50 46
120 50 0
0 48 46
120 48 0
0 42 66
120 42 0
0 48 50
120 48 0
0 50 54
120 50 0
0 48 54
120 48 0
0 42 62
120 42 0
0 45 49
120 45 0
0 50 49
120 50 0
0 45 49
120 45 0
0 43 58
120 43 0
0 46 44
120 46 0
0 50 44
120 50 0
0 46 44
120 46 0
0 48 48
120 48 0
0 51 35
120 51 0
0 57 35
120 57 0
0 51 36
120 51 0
0 50 50
120 50 0
0 57 39
120 57 0
0 60 39
120 60 0
0 57 39
120 57 0
0 50 47
120 50 0
0 57 39
120 57 0
0 60 39
120 60 0
0 57 39
120 57 0
0 50 47
120 50 0
0 57 40
120 57 0
0 60 40
120 60 0
0 57 40
120 57 0
0 50 44
120 50 0
0 57 36
120 57 0
0 60 36
120 60 0
0 57 36
120 57 0
0 43 33
120 43 0
40 50 19
0 55 19
0 59 23
120 59 0
0 55 0
0 50 0
40 50 19
0 55 19
0 59 23
120 59 0
0 55 0
0 50 0
40 50 21
0 55 21
0 59 25
120 59 0
0 55 0
0 50 0
40 50 21
0 59 25
0 55 21
120 55 0
0 59 0
0 50 0
40 59 25
0 55 21
0 50 21
120 50 0
0 55 0
0 59 0
40 59 32
0 50 27
0 55 27
120 55 0
0 50 0
0 59 0
40 59 24
0 50 20
0 55 20
120 55 0
0 50 0
0 59 0
40 50 21
0 59 25
0 55 21
120 55 0
0 59 0
0 50 0
40 59 33
0 55 28
0 50 28
120 50 0
0 55 0
0 59 0
40 55 21
0 59 25
0 50 21
120 50 0
0 59 0
0 55 0
40 59 25
0 55 21
0 50 21
120 50 0
0 55 0
0 59 0
40 36 33
120 36 0
40 52 19
0 59 23
0 48 19
120 48 0
0 59 0
0 52 0
40 59 23
0 52 19
0 48 19
120 48 0
0 52 0
0 59 0
40 56 30
0 48 25
0 52 25
120 52 0
0 48 0
0 56 0
40 52 21
0 48 21
0 56 25
120 56 0
0 48 0
0 52 0
40 48 21
0 56 25
0 52 21
120 52 0
0 56 0
0 48 0
40 48 27
0 57 32
0 52 27
120 52 0
0 57 0
0 48 0
40 48 20
0 52 20
0 57 24
120 57 0
0 52 0
0 48 0
40 57 25
0 48 21
0 52 21
120 52 0
0 48 0
0 57 0
40 48 28
0 57 33
0 52 28
120 52 0
0 57 0
0 48 0
40 48 21
0 52 21
0 57 25
120 57 0
0 52 0
0 48 0
40 52 21
0 48 21
0 57 25
120 57 0
0 48 0
0 52 0
40 35 33
120 35 0
40 47 19
0 50 19
0 57 23
120 57 0
0 50 0
0 47 0
40 50 19
0 47 19
0 57 23
120 57 0
0 47 0
0 50 0
40 47 25
0 54 30
0 50 25
120 50 0
0 54 0
0 47 0
40 54 25
0 50 21
0 47 21
120 47 0
0 50 0
0 54 0
40 47 21
0 50 21
0 54 25
120 54 0
0 50 0
0 47 0
40 55 35
0 50 29
0 47 29
120 47 0
0 50 0
0 55 0
40 50 22
0 47 22
0 55 27
120 55 0
0 47 0
0 50 0
40 50 24
0 55 29
0 47 24
120 47 0
0 55 0
0 50 0
40 47 33
0 55 39
0 50 33
120 50 0
0 55 0
0 47 0
40 47 25
0 55 30
0 50 25
120 50 0
0 55 0
0 47 0
40 50 26
0 47 26
0 55 31
120 55 0
0 47 0
0 50 0
40 36 42
120 36 0
40 52 30
0 48 25
120 48 0
0 52 0
40 52 31
0 48 26
120 48 0
0 52 0
40 48 33
0 52 39
120 52 0
0 48 0
40 48 24
0 52 29
120 52 0
0 48 0
40 52 28
0 48 23
120 48 0
0 52 0
40 38 36
120 38 0
40 50 21
0 55 26
120 55 0
0 50 0
40 55 26
0 50 22
120 50 0
0 55 0
40 38 34
120 38 0
40 50 21
0 54 26
120 54 0
0 50 0
40 50 21
0 54 25
120 54 0
0 50 0
40 43 33
120 43 0
40 59 23
0 50 19
0 55 19
120 55 0
0 50 0
0 59 0
40 55 19
0 59 23
0 50 19
120 50 0
0 59 0
0 55 0
40 59 25
0 50 21
0 55 21
120 55 0
0 50 0
0 59 0
40 59 25
0 55 21
0 50 21
120 50 0
0 55 0
0 59 0
40 59 25
0 50 21
0 55 21
120 55 0
0 50 0
0 59 0
40 59 32
0 50 27
0 55 27
120 55 0
0 50 0
0 59 0
40 55 20
0 59 24
0 50 20
120 50 0
0 59 0
0 55 0
40 50 21
0 55 21
0 59 25
120 59 0
0 55 0
0 50 0
40 59 33
0 55 28
0 50 28
120 50 0
0 55 0
0 59 0
40 50 21
0 55 21
0 59 25
120 59 0
0 55 0
0 50 0
40 50 21
0 59 25
0 55 21
120 55 0
0 59 0
0 50 0
40 36 33
120 36 0
40 48 19
0 52 19
0 59 23
120 59 0
0 52 0
0 48 0
40 59 23
0 52 19
0 48 19
120 48 0
0 52 0
0 59 0
40 48 25
0 59 30
0 52 25
120 52 0
0 59 0
0 48 0
40 52 21
0 59 25
0 48 21
120 48 0
0 59 0
0 52 0
40 52 21
0 48 21
0 59 25
120 59 0
0 48 0
0 52 0
40 57 32
0 52 27
0 48 27
120 48 0
0 52 0
0 57 0
40 52 20
0 57 24
0 48 20
120 48 0
0 57 0
0 52 0
40 52 21
0 57 25
0 48 21
120 48 0
0 57 0
0 52 0
40 52 28
0 57 33
0 48 28
120 48 0
0 57 0
0 52 0
40 52 21
0 48 21
0 57 25
120 57 0
0 48 0
0 52 0
40 48 21
0 57 25
0 52 21
120 52 0
0 57 0
0 48 0
40 35 33
120 35 0
40 57 23
0 50 19
0 47 19
120 47 0
0 50 0
0 57 0
40 57 23
0 47 19
0 50 19
120 50 0
0 47 0
0 57 0
40 50 25
0 57 30
0 47 25
120 47 0
0 57 0
0 50 0
40 50 21
0 47 21
0 57 25
120 57 0
0 47 0
0 50 0
40 57 25
0 47 21
0 50 21
120 50 0
0 47 0
0 57 0
40 50 29
0 47 29
0 55 35
120 55 0
0 47 0
0 50 0
40 55 27
0 47 22
0 50 22
120 50 0
0 47 0
0 55 0
40 50 24
0 47 24
0 55 29
120 55 0
0 47 0
0 50 0
40 50 33
0 55 39
0 47 33
120 47 0
0 55 0
0 50 0
40 50 25
0 47 25
0 55 30
120 55 0
0 47 0
0 50 0
40 50 26
0 55 31
0 47 26
120 47 0
0 55 0
0 50 0
40 36 42
120 36 0
40 55 30
0 48 25
0 52 25
120 52 0
0 48 0
0 55 0
40 52 26
0 55 31
0 48 26
120 48 0
0 55 0
0 52 0
40 52 33
0 56 39
0 48 33
120 48 0
0 56 0
0 52 0
40 52 24
0 48 24
0 56 29
120 56 0
0 48 0
0 52 0
40 57 28
0 48 23
0 52 23
120 52 0
0 48 0
0 57 0
40 38 36
120 38 0
40 50 21
0 55 26
120 55 0
0 50 0
40 50 22
0 55 26
120 55 0
0 50 0
40 38 34
120 38 0
40 54 21
0 57 26
0 50 21
120 50 0
0 57 0
0 54 0
40 54 21
0 57 25
0 50 21
120 50 0
0 57 0
0 54 0
40 43 48
0 50 48
0 55 48
480 55 0
0 50 0
0 43 0
960 47 35
360 47 0
0 48 30
120 48 0
0 50 40
338 50 0
142 50 33
338 50 0
142 50 33
338 50 0
142 48 36
360 48 0
0 50 37
120 50 0
0 51 42
720 51 0
0 50 35
240 50 0
0 48 31
480 48 0
0 46 39
360 46 0
0 44 33
120 44 0
0 43 36
480 43 0
0 43 36
480 43 0
0 43 36
480 43 0
0 43 36
480 43 0
0 48 48
960 48 0
480 35 42
0 47 50
360 47 0
0 35 0
0 36 37
0 48 44
120 48 0
0 36 0
0 50 62
0 38 51
338 50 0
22 38 0
120 38 42
0 50 50
338 50 0
22 38 0
120 38 42
0 50 50
338 50 0
22 38 0
120 36 50
0 48 59
360 48 0
0 36 0
0 38 57
0 50 67
120 50 0
0 38 0
0 39 63
0 51 76
720 51 0
0 39 0
0 38 54
0 50 64
240 50 0
0 38 0
0 36 46
0 48 55
480 48 0
0 36 0
0 34 57
0 46 67
360 46 0
0 34 0
0 44 55
0 32 46
120 32 0
0 44 0
0 31 46
0 43 55
480 43 0
0 31 0
0 31 46
0 43 55
480 43 0
0 31 0
0 43 55
0 31 46
480 31 0
0 43 0
0 43 55
0 31 46
480 31 0
0 43 0
0 36 40
0 48 40
160 48 0
0 36 0
0 55 31
120 55 0
40 55 31
120 55 0
40 55 31
120 55 0
40 55 29
120 55 0
40 55 29
120 55 0
40 55 29
120 55 0
40 55 28
120 55 0
40 55 28
120 55 0
40 55 31
120 55 0
40 55 30
120 55 0
40 55 30
120 55 0
40 55 31
120 55 0
40 55 27
120 55 0
40 55 27
120 55 0
40 55 31
120 55 0
40 55 28
120 55 0
40 55 28
120 55 0
40 55 31
120 55 0
40 55 31
120 55 0
40 55 31
120 55 0
40 55 31
120 55 0
40 55 31
120 55 0
40 55 32
120 55 0
40 55 40
120 55 0
40 55 31
120 55 0
40 55 26
120 55 0
40 55 33
120 55 0
40 55 29
120 55 0
40 55 26
120 55 0
40 55 33
120 55 0
40 55 30
120 55 0
40 55 29
120 55 0
40 55 33
120 55 0
40 55 30
120 55 0
40 55 30
120 55 0
40 55 31
120 55 0
40 55 28
120 55 0
40 55 28
120 55 0
40 55 31
120 55 0
40 55 28
120 55 0
40 53 26
0 55 31
120 55 0
0 53 0
40 52 30
0 55 36
120 55 0
0 52 0
40 55 29
120 55 0
40 55 29
120 55 0
40 48 30
0 55 36
120 55 0
0 48 0
40 55 31
120 55 0
40 55 31
120 55 0
40 43 35
0 55 37
120 55 0
0 43 0
40 55 29
120 55 0
40 55 29
120 55 0
40 55 44
120 55 0
40 55 37
120 55 0
40 55 39
120 55 0
40 55 53
120 55 0
40 55 39
120 55 0
40 55 40
120 55 0
40 55 52
120 55 0
40 55 45
120 55 0
40 55 52
120 55 0
40 55 59
120 55 0
40 55 47
120 55 0
40 55 47
120 55 0
40 55 52
0 54 52
120 54 0
0 55 0
40 55 43
0 54 43
120 54 0
0 55 0
40 55 43
0 54 43
120 54 0
0 55 0
40 53 54
0 55 54
120 55 0
0 53 0
40 55 45
0 53 45
120 53 0
0 55 0
40 55 45
0 53 45
120 53 0
0 55 0
40 55 53
0 52 53
120 52 0
0 55 0
40 52 43
0 55 43
120 55 0
0 52 0
40 53 44
0 50 44
0 55 44
120 55 0
0 50 0
0 53 0
40 52 57
0 48 57
0 55 57
120 55 0
0 48 0
0 52 0
40 52 45
0 48 45
0 55 45
120 55 0
0 48 0
0 52 0
40 52 45
0 55 45
0 48 45
120 48 0
0 55 0
0 52 0
40 44 54
0 53 54
0 50 54
120 50 0
0 53 0
0 44 0
40 44 45
0 53 45
0 50 45
120 50 0
0 53 0
0 44 0
40 44 45
0 50 45
0 53 45
120 53 0
0 50 0
0 44 0
40 48 55
0 45 55
0 52 55
120 52 0
0 45 0
0 48 0
40 48 43
0 45 43
0 52 43
120 52 0
0 45 0
0 48 0
40 48 43
0 45 43
0 52 43
120 52 0
0 45 0
0 48 0
40 41 52
160 41 0
0 53 43
0 57 43
120 57 0
0 53 0
40 57 42
0 53 42
120 53 0
0 57 0
40 43 54
160 43 0
0 55 45
120 55 0
40 55 45
120 55 0
40 43 54
160 43 0
0 55 45
120 55 0
40 55 45
120 55 0
40 43 54
160 43 0
0 55 45
120 55 0
40 55 45
120 55 0
40 55 57
120 55 0
40 57 43
0 55 43
120 55 0
0 57 0
40 59 43
0 55 43
120 55 0
0 59 0
40 55 40
0 48 40
0 60 40
160 60 0
0 48 0
0 55 31
20 55 0
100 55 0
40 55 31
120 55 0
40 55 31
120 55 0
40 55 29
120 55 0
40 55 29
120 55 0
40 55 29
120 55 0
40 55 28
120 55 0
40 55 28
120 55 0
40 55 31
120 55 0
40 55 30
120 55 0
40 55 30
120 55 0
40 55 31
120 55 0
40 55 27
120 55 0
40 55 27
120 55 0
40 55 31
120 55 0
40 55 28
120 55 0
40 55 28
120 55 0
40 55 31
120 55 0
40 55 31
120 55 0
40 55 31
120 55 0
40 55 31
120 55 0
40 55 31
120 55 0
40 55 32
120 55 0
40 60 53
0 55 40
120 55 0
40 55 31
120 55 0
40 55 26
120 55 0
40 55 33
120 55 0
40 55 29
80 60 0
0 62 44
40 55 0
40 55 26
120 55 0
40 62 0
0 63 39
0 55 33
120 55 0
40 55 30
120 55 0
40 55 29
120 55 0
40 63 0
0 66 39
0 55 33
120 55 0
40 55 30
120 55 0
40 55 30
120 55 0
40 66 0
0 67 39
0 55 31
120 55 0
40 55 28
120 55 0
40 55 28
120 55 0
40 67 0
0 65 39
0 55 31
120 55 0
40 55 28
120 55 0
40 55 31
120 55 0
40 65 0
0 63 37
0 55 36
120 55 0
40 55 29
120 55 0
40 55 29
120 55 0
40 63 0
0 60 35
0 55 36
120 55 0
40 55 31
120 55 0
40 55 31
120 55 0
40 60 0
0 67 35
0 55 37
120 55 0
40 55 29
120 55 0
40 55 29
120 55 0
40 55 42
120 55 0
40 55 35
120 55 0
40 55 37
120 55 0
40 67 0
0 55 49
160 55 0
0 56 36
160 56 0
0 57 36
160 57 0
0 58 52
120 58 0
40 58 45
120 58 0
40 58 52
120 58 0
40 58 52
120 58 0
40 58 46
120 58 0
40 58 46
120 58 0
40 58 44
0 65 52
120 65 0
0 58 0
40 58 39
0 65 46
120 65 0
0 58 0
40 58 39
0 65 46
120 65 0
0 58 0
40 58 44
0 62 52
120 62 0
0 58 0
40 58 38
0 62 45
120 62 0
0 58 0
40 58 45
0 62 45
120 62 0
0 58 0
40 58 52
120 58 0
40 58 47
120 58 0
40 58 47
120 58 0
40 63 56
120 63 0
40 63 39
120 63 0
40 63 39
120 63 0
40 59 38
0 62 38
0 65 45
120 65 0
0 62 0
0 59 0
40 59 32
0 62 32
0 65 38
120 65 0
0 62 0
0 59 0
40 59 32
0 62 32
0 65 38
120 65 0
0 62 0
0 59 0
40 63 47
0 60 39
120 60 0
0 63 0
40 63 42
0 60 35
120 60 0
0 63 0
40 63 42
0 60 35
120 60 0
0 63 0
40 53 44
0 56 52
120 56 0
0 53 0
40 53 38
0 56 45
120 56 0
0 53 0
40 53 38
0 56 45
120 56 0
0 53 0
40 55 50
120 55 0
40 55 40
120 55 0
40 55 40
120 55 0
40 53 42
0 55 50
120 55 0
0 53 0
40 55 39
120 55 0
40 55 39
120 55 0
40 51 39
0 55 47
120 55 0
0 51 0
40 55 38
120 55 0
40 55 38
120 55 0
40 48 40
0 55 48
120 55 0
0 48 0
40 55 38
120 55 0
40 55 38
120 55 0
40 43 45
0 55 45
120 55 0
0 43 0
40 55 36
120 55 0
40 55 36
120 55 0
40 55 42
120 55 0
40 55 35
120 55 0
40 55 37
120 55 0
40 55 49
120 55 0
40 55 36
120 55 0
40 55 36
120 55 0
40 55 57
120 55 0
40 55 49
120 55 0
40 55 57
120 55 0
40 55 64
120 55 0
40 55 51
120 55 0
40 55 51
120 55 0
40 55 57
0 54 57
120 54 0
0 55 0
40 55 47
0 54 47
120 54 0
0 55 0
40 55 47
0 54 47
120 54 0
0 55 0
40 53 60
0 55 60
120 55 0
0 53 0
40 55 50
0 52 50
120 52 0
0 55 0
40 55 51
0 50 51
120 50 0
0 55 0
40 55 61
0 48 61
120 48 0
0 55 0
40 47 50
0 55 50
120 55 0
0 47 0
40 55 51
0 46 52
120 46 0
0 55 0
40 45 71
0 55 71
120 55 0
0 45 0
40 45 54
0 55 54
120 55 0
0 45 0
40 55 53
0 45 53
120 45 0
0 55 0
40 45 61
0 55 61
120 55 0
0 45 0
40 45 49
0 55 49
120 55 0
0 45 0
40 45 47
0 55 47
120 55 0
0 45 0
40 45 56
0 55 56
120 55 0
0 45 0
40 45 43
120 45 0
40 45 43
120 45 0
40 45 54
120 45 0
40 45 46
120 45 0
40 45 46
120 45 0
40 46 50
120 46 0
40 45 41
120 45 0
40 45 41
120 45 0
40 45 48
120 45 0
40 45 41
120 45 0
40 45 41
120 45 0
40 45 49
120 45 0
40 45 41
120 45 0
40 45 41
120 45 0
40 45 41
120 45 0
40 45 41
120 45 0
40 45 41
120 45 0
40 44 71
120 44 0
40 44 54
120 44 0
40 44 53
120 44 0
40 44 61
120 44 0
40 44 49
120 44 0
40 44 47
120 44 0
40 44 56
120 44 0
40 44 43
120 44 0
40 44 43
120 44 0
40 44 54
120 44 0
40 44 46
120 44 0
40 44 46
120 44 0
40 43 50
120 43 0
40 44 41
120 44 0
40 44 41
120 44 0
40 44 48
120 44 0
40 44 41
120 44 0
40 44 41
120 44 0
40 44 49
120 44 0
40 44 41
120 44 0
40 44 41
120 44 0
40 43 41
120 43 0
40 43 41
120 43 0
40 43 41
120 43 0
40 42 34
0 48 53
120 42 0
40 42 34
120 42 0
40 42 34
120 42 0
40 42 41
120 42 0
40 42 33
120 42 0
40 42 33
120 42 0
40 48 0
0 42 34
0 50 43
120 42 0
40 42 32
120 42 0
40 42 32
120 42 0
40 50 0
0 42 34
0 51 44
120 42 0
40 42 33
120 42 0
40 42 33
120 42 0
40 51 0
0 43 34
0 52 46
120 43 0
40 43 34
120 43 0
40 43 34
120 43 0
40 43 34
120 43 0
40 43 34
120 43 0
40 43 34
120 43 0
40 52 0
0 43 34
0 50 45
120 43 0
40 43 34
120 43 0
40 43 35
120 43 0
40 43 35
120 43 0
40 43 30
120 43 0
40 43 30
120 43 0
40 50 0
0 36 32
0 48 38
120 36 0
40 36 38
120 36 0
40 36 37
120 36 0
40 36 37
120 36 0
40 36 36
120 36 0
40 36 35
120 36 0
40 36 35
120 36 0
40 36 34
120 36 0
40 36 34
120 36 0
40 36 33
120 36 0
40 36 33
120 36 0
40 36 32
120 36 0
40 36 31
120 36 0
40 36 31
120 36 0
40 36 30
120 36 0
40 36 30
120 36 0
40 36 29
120 36 0
40 36 28
120 36 0
40 48 0
0 36 34
480 36 0
960 67 29
0 55 24
960 55 0
0 67 0
960 55 24
0 67 29
960 67 0
0 55 0
0 60 29
240 60 0
0 62 35
240 62 0
0 63 40
480 63 0
0 62 33
240 62 0
0 60 30
240 60 0
0 64 33
0 55 28
360 55 0
0 64 0
120 62 30
0 55 25
360 55 0
0 62 0
120 48 24
0 55 27
0 60 33
1440 60 0
0 55 0
0 48 0
0 59 33
360 59 0
0 60 28
120 60 0
0 62 38
338 62 0
142 62 31
338 62 0
142 62 31
338 62 0
142 60 35
360 60 0
0 62 35
120 62 0
0 63 40
720 63 0
0 62 33
240 62 0
0 60 29
240 60 0
0 55 29
240 55 0
0 60 29
240 60 0
0 62 35
240 62 0
0 63 40
480 63 0
0 62 33
240 62 0
0 60 30
240 60 0
0 64 33
0 55 28
360 55 0
0 64 0
120 62 30
0 55 25
360 55 0
0 62 0
120 48 25
0 55 25
0 60 30
960 60 0
0 55 0
0 48 0
0 64 33
0 55 28
360 55 0
0 64 0
120 62 30
0 55 25
360 55 0
0 62 0
120 48 25
0 55 25
0 60 30
960 60 0
0 55 0
0 48 0
0 52 34
0 43 29
480 43 0
0 52 0
0 50 32
0 43 27
480 43 0
0 50 0
0 36 29
0 43 29
0 48 36
960 48 0
0 43 0
0 36 0
0 36 28
0 43 28
0 48 34
960 48 0
0 43 0
0 36 0
0 36 28
0 43 28
0 48 34
1920 48 0
0 43 0
0 36 0
