960 66 45
0 71 49
240 71 0
0 66 0
0 65 46
240 65 0
0 66 45
0 71 49
480 71 0
0 66 0
0 64 45
0 70 49
240 70 0
0 64 0
240 62 45
0 67 49
240 67 0
0 62 0
0 61 45
240 61 0
0 67 49
0 62 45
480 62 0
0 67 0
0 61 44
0 66 47
240 66 0
0 61 0
240 60 45
0 66 49
240 66 0
0 60 0
0 59 46
240 59 0
0 60 45
0 66 49
480 66 0
0 60 0
0 64 46
0 59 43
240 59 0
0 64 0
240 64 49
0 58 45
240 58 0
0 64 0
240 58 47
0 62 52
240 62 0
0 58 0
240 58 45
0 61 50
240 61 0
0 58 0
0 59 47
240 59 0
720 62 47
0 74 47
0 71 47
120 71 0
0 74 0
0 62 0
120 74 49
0 71 49
0 64 49
120 64 0
0 71 0
0 74 0
120 74 46
0 71 46
0 65 46
120 65 0
0 71 0
0 74 0
840 56 45
0 66 45
0 59 45
120 59 0
0 66 0
0 56 0
120 61 46
0 58 46
0 64 46
120 64 0
0 58 0
0 61 0
120 59 46
0 62 46
120 62 0
0 59 0
840 74 47
0 71 47
0 62 47
120 62 0
0 71 0
0 74 0
120 74 49
0 64 49
0 71 49
120 71 0
0 64 0
0 74 0
120 65 45
0 71 45
0 74 45
120 74 0
0 71 0
0 65 0
840 66 47
0 59 47
0 56 47
120 56 0
0 59 0
0 66 0
120 64 46
0 61 46
0 58 46
120 58 0
0 61 0
0 64 0
120 59 46
0 62 46
120 62 0
0 59 0
120 66 45
0 71 49
240 71 0
0 66 0
0 65 46
240 65 0
0 66 45
0 71 49
480 71 0
0 66 0
0 70 49
0 64 45
240 64 0
0 70 0
240 62 45
0 67 49
240 67 0
0 62 0
0 61 45
240 61 0
0 62 45
0 67 49
480 67 0
0 62 0
0 61 44
0 66 47
240 66 0
0 61 0
240 66 49
0 60 45
240 60 0
0 66 0
0 59 46
240 59 0
0 66 49
0 60 45
480 60 0
0 66 0
0 59 43
0 64 46
240 64 0
0 59 0
240 58 45
0 64 49
240 64 0
0 58 0
240 58 47
0 62 52
240 62 0
0 58 0
240 61 50
0 58 45
240 58 0
0 61 0
0 59 47
240 59 0
720 62 47
0 71 47
0 74 47
120 74 0
0 71 0
0 62 0
120 74 49
0 71 49
0 64 49
120 64 0
0 71 0
0 74 0
120 74 46
0 71 46
0 65 46
120 65 0
0 71 0
0 74 0
840 66 45
0 59 45
0 56 45
120 56 0
0 59 0
0 66 0
120 64 44
0 61 44
0 58 44
120 58 0
0 61 0
0 64 0
120 59 46
0 62 46
120 62 0
0 59 0
840 71 50
0 62 50
0 74 50
120 74 0
0 62 0
0 71 0
120 64 53
0 71 53
0 74 53
120 74 0
0 71 0
0 64 0
120 65 58
0 71 58
0 74 58
480 74 0
0 71 0
0 65 0
0 65 62
0 71 62
0 73 62
480 73 0
0 71 0
0 65 0
0 71 68
0 73 68
0 77 68
480 77 0
0 73 0
0 71 0
0 78 69
0 73 69
0 70 69
180 70 0
0 73 0
0 78 0
60 83 49
0 78 45
240 78 0
0 83 0
0 77 46
240 77 0
0 78 45
0 83 49
480 83 0
0 78 0
0 76 45
0 82 49
240 82 0
0 76 0
240 74 45
0 79 49
240 79 0
0 74 0
0 73 45
240 73 0
0 74 45
0 79 49
480 79 0
0 74 0
0 73 44
0 78 47
240 78 0
0 73 0
240 72 62
0 78 69
240 78 0
0 72 0
0 71 64
240 71 0
0 72 62
0 78 69
240 78 0
0 72 0
0 72 67
0 66 67
240 66 0
0 72 0
0 65 60
240 65 0
0 66 64
0 72 64
240 72 0
0 66 0
0 60 67
0 64 67
240 64 0
0 60 0
0 59 67
240 59 0
0 60 64
0 64 64
240 64 0
0 60 0
240 63 66
0 54 66
0 57 66
120 57 0
0 54 0
0 63 0
120 64 70
0 59 70
0 55 70
120 55 0
0 59 0
0 64 0
120 83 50
0 88 55
240 88 0
0 83 0
0 82 52
240 82 0
0 83 50
0 88 55
480 88 0
0 83 0
0 87 55
0 81 50
240 81 0
0 87 0
240 79 50
0 84 55
240 84 0
0 79 0
0 78 51
240 78 0
0 79 50
0 84 55
480 84 0
0 79 0
0 78 49
0 83 53
240 83 0
0 78 0
240 77 62
0 83 69
240 83 0
0 77 0
0 76 64
240 76 0
0 77 62
0 83 69
240 83 0
0 77 0
0 71 67
0 77 67
240 77 0
0 71 0
0 70 60
240 70 0
0 71 64
0 77 64
240 77 0
0 71 0
0 69 67
0 65 67
240 65 0
0 69 0
0 64 67
240 64 0
0 65 64
0 69 64
240 69 0
0 65 0
240 68 58
0 62 58
0 59 52
240 59 0
0 62 0
0 68 0
0 69 58
0 60 52
240 60 0
0 69 0
0 69 56
0 60 50
480 60 0
0 69 0
0 62 49
0 68 55
0 71 55
480 71 0
0 68 0
0 62 0
0 72 57
0 69 57
0 64 51
240 64 0
0 69 0
0 72 0
240 69 57
0 60 51
480 60 0
0 69 0
0 68 55
0 62 55
0 59 49
480 59 0
0 62 0
0 68 0
0 69 55
0 60 55
0 57 49
240 57 0
0 60 0
0 69 0
240 64 52
0 72 58
480 72 0
0 64 0
0 74 61
0 71 61
0 65 54
480 65 0
0 71 0
0 74 0
0 64 56
0 72 63
0 76 63
240 76 0
0 72 0
0 64 0
240 64 53
0 72 59
480 72 0
0 64 0
0 62 51
0 71 57
0 65 51
480 65 0
0 71 0
0 62 0
0 72 58
0 64 58
0 60 52
240 60 0
0 64 0
0 72 0
240 67 55
0 76 62
480 76 0
0 67 0
0 69 54
0 75 55
0 78 61
480 78 0
0 75 0
0 69 0
0 79 61
0 67 54
0 76 61
240 76 0
0 67 0
0 79 0
240 71 60
0 79 67
480 79 0
0 71 0
0 72 57
0 81 64
0 78 57
480 78 0
0 81 0
0 72 0
0 71 57
0 79 64
0 83 64
240 83 0
0 79 0
0 71 0
240 83 69
0 74 62
480 74 0
0 83 0
0 85 67
0 82 60
0 76 60
480 76 0
0 82 0
0 85 0
0 74 65
0 83 72
0 86 72
240 86 0
0 83 0
0 74 0
240 78 74
0 86 83
480 86 0
0 78 0
0 85 71
0 88 79
0 79 71
480 79 0
0 88 0
0 85 0
0 90 81
0 86 81
0 78 72
240 78 0
0 86 0
0 90 0
240 78 74
0 86 83
0 90 83
480 90 0
0 86 0
0 78 0
0 86 80
0 78 71
0 90 80
480 90 0
0 78 0
0 86 0
0 90 81
0 86 81
0 78 72
480 78 0
0 86 0
0 90 0
0 88 82
0 90 82
0 78 73
480 78 0
0 90 0
0 88 0
0 90 78
0 88 78
0 78 69
480 78 0
0 88 0
0 90 0
0 78 70
0 88 79
0 90 79
480 90 0
0 88 0
0 78 0
0 76 79
0 70 70
0 78 79
480 78 0
0 70 0
0 76 0
0 76 79
0 70 70
0 78 79
480 78 0
0 70 0
0 76 0
0 70 69
0 76 77
0 78 77
480 78 0
0 76 0
0 70 0
0 64 70
0 66 70
0 58 63
480 58 0
0 66 0
0 64 0
0 66 70
0 64 70
0 58 63
480 58 0
0 64 0
0 66 0
0 64 69
0 66 69
0 58 62
420 58 0
0 66 0
0 64 0
60 66 45
0 71 49
240 71 0
0 66 0
0 65 46
240 65 0
0 66 45
0 71 49
480 71 0
0 66 0
0 70 49
0 64 45
240 64 0
0 70 0
240 62 45
0 67 49
240 67 0
0 62 0
0 61 45
240 61 0
0 62 45
0 67 49
480 67 0
0 62 0
0 61 44
0 66 47
240 66 0
0 61 0
240 60 45
0 66 49
240 66 0
0 60 0
0 59 46
240 59 0
0 66 49
0 60 45
480 60 0
0 66 0
0 59 43
0 64 46
240 64 0
0 59 0
240 58 45
0 64 49
240 64 0
0 58 0
240 58 47
0 62 52
240 62 0
0 58 0
240 61 50
0 58 45
240 58 0
0 61 0
0 59 47
240 59 0
720 62 47
0 71 47
0 74 47
120 74 0
0 71 0
0 62 0
120 74 49
0 71 49
0 64 49
120 64 0
0 71 0
0 74 0
120 74 46
0 71 46
0 65 46
120 65 0
0 71 0
0 74 0
840 66 45
0 59 45
0 56 45
120 56 0
0 59 0
0 66 0
120 64 46
0 61 46
0 58 46
120 58 0
0 61 0
0 64 0
120 59 46
0 62 46
120 62 0
0 59 0
840 71 47
0 62 47
0 74 47
120 74 0
0 62 0
0 71 0
120 64 49
0 71 49
0 74 49
120 74 0
0 71 0
0 64 0
120 65 45
0 71 45
0 74 45
120 74 0
0 71 0
0 65 0
840 66 47
0 59 47
0 56 47
120 56 0
0 59 0
0 66 0
120 58 46
0 61 46
0 64 46
120 64 0
0 61 0
0 58 0
120 59 46
0 62 46
120 62 0
0 59 0
840 57 47
0 69 47
0 64 47
120 64 0
0 69 0
0 57 0
120 67 46
0 64 46
0 57 46
120 57 0
0 64 0
0 67 0
120 66 47
0 62 47
0 57 47
120 57 0
0 62 0
0 66 0
840 61 55
0 73 55
0 68 55
120 68 0
0 73 0
0 61 0
120 68 55
0 61 55
0 71 55
120 71 0
0 61 0
0 68 0
120 61 55
0 66 55
0 70 55
120 70 0
0 66 0
0 61 0
120 73 66
0 78 66
240 78 0
0 76 66
240 76 0
0 73 0
0 74 64
0 71 64
240 71 0
0 74 0
0 73 72
0 78 72
240 78 0
0 76 69
240 76 0
0 73 0
0 71 70
0 74 70
240 74 0
0 71 0
0 73 77
0 78 77
240 78 0
0 76 78
240 76 0
0 73 0
0 71 80
0 74 80
240 74 0
0 71 0
0 78 82
0 73 82
120 73 0
0 78 0
120 71 78
0 74 78
120 74 0
0 71 0
120 76 88
0 71 74
0 67 74
0 79 88
720 79 0
0 76 0
0 71 0
0 67 0
480 64 64
120 64 0
0 67 63
120 67 0
0 76 61
120 76 0
0 73 60
120 73 0
0 71 59
120 71 0
0 67 58
120 67 0
0 64 56
120 64 0
480 49 58
120 49 0
0 47 58
120 47 0
0 43 58
120 43 0
480 59 56
0 55 56
0 64 56
120 64 0
0 55 0
0 59 0
600 67 63
120 67 0
0 71 63
120 71 0
0 79 61
120 79 0
0 76 60
120 76 0
0 73 59
120 73 0
0 71 58
120 71 0
0 67 57
120 67 0
480 52 58
120 52 0
0 49 58
120 49 0
0 47 58
120 47 0
480 64 62
0 67 62
0 71 62
0 59 62
120 59 0
0 64 0
0 67 0
0 71 0
600 59 71
120 59 0
0 62 73
120 62 0
0 66 75
120 66 0
0 71 78
120 71 0
0 62 79
0 74 79
120 74 0
0 62 0
0 66 81
0 78 81
120 78 0
0 66 0
0 71 84
0 83 84
120 83 0
0 71 0
0 86 86
0 74 86
120 74 0
0 86 0
0 90 90
0 78 81
240 78 0
0 90 0
0 64 72
0 91 95
0 79 85
0 76 80
120 76 0
0 64 0
0 91 0
0 79 0
120 61 68
0 88 90
0 76 81
0 73 76
120 73 0
0 61 0
0 88 0
0 76 0
120 90 95
0 74 80
0 62 72
0 78 85
120 78 0
0 90 0
0 74 0
0 62 0
120 74 81
0 71 76
0 59 68
0 86 90
120 86 0
0 74 0
0 71 0
0 59 0
120 73 80
0 76 85
0 88 95
0 61 80
120 61 0
0 73 0
0 76 0
0 88 0
120 73 81
0 85 90
0 58 68
0 70 76
120 70 0
0 73 0
0 85 0
0 58 0
120 86 94
0 74 84
0 71 79
0 59 71
120 59 0
0 86 0
0 74 0
0 71 0
120 70 77
0 66 73
0 54 65
0 82 86
120 82 0
0 70 0
0 66 0
0 54 0
120 71 82
0 83 92
120 83 0
0 71 0
120 78 85
0 66 76
120 66 0
0 78 0
120 79 90
0 67 81
120 67 0
0 79 0
120 64 75
0 76 84
120 76 0
0 64 0
120 66 81
0 78 91
120 78 0
0 66 0
120 62 74
0 74 83
120 74 0
0 62 0
120 76 90
0 64 81
120 64 0
0 76 0
120 73 82
0 61 73
120 61 0
0 73 0
120 62 81
0 74 90
120 74 0
0 62 0
120 58 75
0 70 84
120 70 0
0 58 0
120 59 81
0 71 91
120 71 0
0 59 0
120 66 82
0 54 73
120 54 0
0 66 0
120 55 80
0 67 89
480 67 0
0 55 0
0 61 72
0 64 72
0 70 80
240 70 0
0 64 0
0 61 0
0 62 77
0 66 77
0 71 86
240 71 0
0 66 0
0 62 0
720 74 56
0 73 56
0 61 56
120 61 0
0 73 0
0 74 0
120 62 53
0 73 53
0 74 53
120 74 0
0 73 0
0 62 0
120 74 52
0 73 52
0 64 52
120 64 0
0 73 0
0 74 0
840 66 53
0 56 53
0 59 53
120 59 0
0 56 0
0 66 0
120 58 52
0 61 52
0 66 52
120 66 0
0 61 0
0 58 0
120 62 52
0 59 52
0 66 52
120 66 0
0 59 0
0 62 0
840 74 54
0 73 54
0 61 54
120 61 0
0 73 0
0 74 0
120 74 55
0 73 55
0 62 55
120 62 0
0 73 0
0 74 0
120 74 51
0 73 51
0 64 51
120 64 0
0 73 0
0 74 0
840 56 55
0 66 55
0 59 55
120 59 0
0 66 0
0 56 0
120 66 55
0 61 55
0 58 55
120 58 0
0 61 0
0 66 0
120 66 52
0 62 52
0 59 52
120 59 0
0 62 0
0 66 0
120 62 60
0 71 66
0 66 60
120 66 0
0 71 0
0 62 0
120 70 62
0 66 57
0 62 57
120 62 0
0 66 0
0 70 0
120 62 60
0 66 60
0 71 66
120 71 0
0 66 0
0 62 0
120 74 67
0 71 61
0 66 61
120 66 0
0 71 0
0 74 0
120 73 63
0 66 58
0 71 58
120 71 0
0 66 0
0 73 0
120 66 63
0 71 63
0 74 69
120 74 0
0 71 0
0 66 0
120 78 69
0 74 63
0 71 63
120 71 0
0 74 0
0 78 0
120 77 67
0 74 61
0 71 61
120 71 0
0 74 0
0 77 0
120 78 72
0 74 66
0 71 66
120 71 0
0 74 0
0 78 0
120 83 73
0 78 67
0 74 67
120 74 0
0 78 0
0 83 0
120 74 63
0 82 69
0 78 63
120 78 0
0 82 0
0 74 0
120 83 74
0 78 68
0 74 68
120 74 0
0 78 0
0 83 0
120 86 75
0 83 69
0 78 69
120 78 0
0 83 0
0 86 0
120 78 63
0 85 69
0 83 63
120 83 0
0 85 0
0 78 0
120 83 70
0 78 70
0 86 77
120 86 0
0 78 0
0 83 0
120 83 71
0 86 71
0 90 78
120 90 0
0 86 0
0 83 0
120 83 66
0 86 66
0 89 72
120 89 0
0 86 0
0 83 0
120 86 73
0 83 73
0 90 80
120 90 0
0 83 0
0 86 0
120 86 73
0 90 73
0 95 80
120 95 0
0 90 0
0 86 0
120 86 70
0 90 70
0 94 76
120 94 0
0 90 0
0 86 0
120 95 86
0 90 78
0 86 78
120 86 0
0 90 0
0 95 0
120 86 82
0 90 82
0 95 90
120 95 0
0 90 0
0 86 0
120 94 85
0 90 77
0 86 77
120 86 0
0 90 0
0 94 0
120 95 93
0 86 85
0 90 85
120 90 0
0 86 0
0 95 0
600 74 81
0 78 81
0 83 89
120 83 0
0 78 0
0 74 0
600 71 89
0 66 81
0 62 81
120 62 0
0 66 0
0 71 0
1320 66 42
0 74 55
720 74 0
0 73 51
720 73 0
0 71 52
480 71 0
0 69 47
240 69 0
0 69 47
720 69 0
0 66 0
0 64 42
0 71 55
720 71 0
0 69 51
720 69 0
0 64 0
0 63 42
0 67 55
480 67 0
0 66 51
240 66 0
0 66 51
720 66 0
0 63 0
0 69 55
0 62 42
720 62 0
0 69 0
0 62 51
720 62 0
0 62 42
0 66 55
480 66 0
0 64 51
240 64 0
0 64 51
720 64 0
0 62 0
0 66 55
0 59 42
720 59 0
0 66 0
0 59 51
720 59 0
0 58 40
0 62 53
480 62 0
0 61 49
240 61 0
0 61 49
720 61 0
0 58 0
0 57 47
0 69 47
0 62 47
1440 62 0
0 69 0
0 57 0
0 54 46
0 57 46
1440 57 0
0 54 0
0 64 49
0 71 49
0 74 49
1440 74 0
0 71 0
0 64 0
0 59 52
0 64 52
1440 64 0
0 59 0
0 64 52
0 76 52
1440 76 0
0 64 0
0 63 50
0 69 50
1440 69 0
0 63 0
0 69 56
0 76 56
0 81 56
720 81 0
0 76 0
0 69 0
0 69 56
0 73 56
720 73 0
0 69 0
0 68 53
0 73 69
480 73 0
0 71 60
240 71 0
0 68 0
0 69 60
720 69 0
0 67 47
0 76 55
720 76 0
0 69 51
720 69 0
0 67 0
0 66 47
0 71 55
480 71 0
0 69 51
240 69 0
0 69 51
720 69 0
0 66 0
0 71 47
0 69 47
1440 69 0
0 71 0
0 69 47
0 67 47
720 67 0
0 69 0
0 68 36
0 71 36
720 71 0
0 68 0
0 71 49
0 80 57
720 80 0
0 73 53
720 73 0
0 71 0
0 74 57
0 69 49
480 74 0
13 73 53
227 73 53
13 73 0
707 73 0
0 69 0
0 74 49
0 72 49
1440 72 0
0 74 0
0 73 49
0 70 49
720 70 0
0 73 0
0 71 45
0 74 45
720 74 0
0 71 0
0 74 53
0 83 62
720 83 0
0 76 58
720 76 0
0 74 0
0 75 65
0 73 56
480 75 0
0 76 63
240 76 0
0 76 63
720 76 0
0 73 0
0 76 54
0 85 68
720 85 0
0 78 63
720 78 0
0 76 0
0 77 71
0 74 61
480 77 0
0 78 69
240 78 0
0 78 69
720 78 0
0 74 0
0 68 58
0 71 58
2880 71 0
0 68 0
0 67 57
0 74 64
720 74 0
0 67 0
0 67 57
720 67 0
0 67 58
0 74 58
480 74 0
0 73 51
240 73 0
0 73 53
720 73 0
0 67 0
0 66 42
0 74 55
720 74 0
0 73 51
720 73 0
0 71 52
480 71 0
0 69 47
240 69 0
0 69 47
720 69 0
0 66 0
0 64 42
0 71 55
720 71 0
0 69 51
720 69 0
0 64 0
0 63 42
0 67 55
480 67 0
0 66 51
240 66 0
0 66 51
720 66 0
0 63 0
0 69 55
0 62 42
720 62 0
0 69 0
0 62 51
720 62 0
0 62 42
0 66 55
480 66 0
0 64 51
240 64 0
0 64 51
720 64 0
0 62 0
0 66 55
0 59 42
720 59 0
0 66 0
0 59 51
720 59 0
0 58 40
0 62 53
480 62 0
0 61 49
240 61 0
0 61 49
720 61 0
0 58 0
0 57 47
0 69 47
0 62 47
1440 62 0
0 69 0
0 57 0
0 62 46
0 54 46
0 57 46
1440 57 0
0 54 0
0 62 0
0 62 49
0 74 49
0 67 49
1440 67 0
0 74 0
0 62 0
0 71 48
0 59 48
0 65 48
1440 65 0
0 59 0
0 71 0
0 57 51
0 69 51
0 66 51
1440 66 0
0 69 0
0 57 0
0 59 50
0 64 50
1440 64 0
0 59 0
0 55 45
0 61 45
1440 61 0
0 55 0
0 54 40
0 62 40
1440 62 0
0 54 0
0 66 39
0 71 55
720 71 0
0 70 51
720 70 0
0 66 0
0 61 36
0 67 55
480 67 0
0 66 51
240 66 0
0 66 51
720 66 0
0 61 0
0 64 35
0 66 37
0 74 49
720 74 0
0 73 45
720 73 0
0 66 0
0 64 0
0 62 44
0 66 43
0 71 47
720 71 0
0 66 0
0 62 0
0 66 44
0 70 44
720 70 0
0 66 0
0 78 39
0 83 55
720 83 0
0 82 51
720 82 0
0 78 0
0 73 36
0 79 55
480 79 0
0 78 51
240 78 0
0 78 51
720 78 0
0 73 0
0 76 39
0 78 39
0 86 49
720 86 0
0 85 45
720 85 0
0 78 0
0 76 0
0 74 44
0 78 43
0 83 47
720 83 0
0 78 0
0 74 0
0 78 44
0 82 44
720 82 0
0 78 0
0 76 31
0 83 44
480 83 0
0 82 40
240 82 0
0 82 40
720 82 0
0 76 0
1440 64 31
0 71 44
480 71 0
0 70 40
240 70 0
0 70 40
720 70 0
0 64 0
3840 66 45
0 71 49
240 71 0
0 66 0
0 65 46
240 65 0
0 66 45
0 71 49
480 71 0
0 66 0
0 64 45
0 70 49
240 70 0
0 64 0
240 62 45
0 67 49
240 67 0
0 62 0
0 61 45
240 61 0
0 62 45
0 67 49
480 67 0
0 62 0
0 61 44
0 66 47
240 66 0
0 61 0
240 60 45
0 66 49
240 66 0
0 60 0
0 59 46
240 59 0
0 60 45
0 66 49
480 66 0
0 60 0
0 59 43
0 64 46
240 64 0
0 59 0
240 58 45
0 64 49
240 64 0
0 58 0
240 58 47
0 62 52
240 62 0
0 58 0
240 58 45
0 61 50
240 61 0
0 58 0
0 59 47
240 59 0
720 62 47
0 71 47
0 74 47
120 74 0
0 71 0
0 62 0
120 64 49
0 71 49
0 74 49
120 74 0
0 71 0
0 64 0
120 65 46
0 71 46
0 74 46
120 74 0
0 71 0
0 65 0
840 56 45
0 59 45
0 66 45
120 66 0
0 59 0
0 56 0
120 58 46
0 61 46
0 64 46
120 64 0
0 61 0
0 58 0
120 59 46
0 62 46
120 62 0
0 59 0
840 62 47
0 71 47
0 74 47
120 74 0
0 71 0
0 62 0
120 64 49
0 71 49
0 74 49
120 74 0
0 71 0
0 64 0
120 65 45
0 71 45
0 74 45
120 74 0
0 71 0
0 65 0
840 56 47
0 59 47
0 66 47
120 66 0
0 59 0
0 56 0
120 58 46
0 61 46
0 64 46
120 64 0
0 61 0
0 58 0
120 59 46
0 62 46
120 62 0
0 59 0
120 66 45
0 71 49
240 71 0
0 66 0
0 65 46
240 65 0
0 66 45
0 71 49
480 71 0
0 66 0
0 64 45
0 70 49
240 70 0
0 64 0
240 62 45
0 67 49
240 67 0
0 62 0
0 61 45
240 61 0
0 62 45
0 67 49
480 67 0
0 62 0
0 61 44
0 66 47
240 66 0
0 61 0
240 60 45
0 66 49
240 66 0
0 60 0
0 59 46
240 59 0
0 60 45
0 66 49
480 66 0
0 60 0
0 59 43
0 64 46
240 64 0
0 59 0
240 58 45
0 64 49
240 64 0
0 58 0
240 58 47
0 62 52
240 62 0
0 58 0
240 58 45
0 61 50
240 61 0
0 58 0
0 59 47
240 59 0
720 62 47
0 71 47
0 74 47
120 74 0
0 71 0
0 62 0
120 64 49
0 71 49
0 74 49
120 74 0
0 71 0
0 64 0
120 65 46
0 71 46
0 74 46
120 74 0
0 71 0
0 65 0
840 56 45
0 59 45
0 66 45
120 66 0
0 59 0
0 56 0
120 58 44
0 61 44
0 64 44
120 64 0
0 61 0
0 58 0
120 59 46
0 62 46
120 62 0
0 59 0
840 62 50
0 71 50
0 74 50
120 74 0
0 71 0
0 62 0
120 64 54
0 71 54
0 74 54
120 74 0
0 71 0
0 64 0
120 65 58
0 71 58
0 74 58
480 74 0
0 71 0
0 65 0
0 73 63
0 71 63
0 65 63
480 65 0
0 71 0
0 73 0
0 71 68
0 73 68
0 77 68
480 77 0
0 73 0
0 71 0
0 70 69
0 73 69
0 78 69
180 78 0
0 73 0
0 70 0
60 78 45
0 83 49
240 83 0
0 78 0
0 77 46
240 77 0
0 78 45
0 83 49
480 83 0
0 78 0
0 76 45
0 82 49
240 82 0
0 76 0
240 74 45
0 79 49
240 79 0
0 74 0
0 73 45
240 73 0
0 74 45
0 79 49
480 79 0
0 74 0
0 73 44
0 78 47
240 78 0
0 73 0
240 72 62
0 78 69
240 78 0
0 72 0
0 71 64
240 71 0
0 72 62
0 78 69
240 78 0
0 72 0
0 66 67
0 72 67
240 72 0
0 66 0
0 65 60
240 65 0
0 66 64
0 72 64
240 72 0
0 66 0
0 60 67
0 64 67
240 64 0
0 60 0
0 59 67
240 59 0
0 60 64
0 64 64
240 64 0
0 60 0
240 54 66
0 57 66
0 63 66
120 63 0
0 57 0
0 54 0
120 55 70
0 59 70
0 64 70
120 64 0
0 59 0
0 55 0
120 83 45
0 88 49
240 88 0
0 83 0
0 82 46
240 82 0
0 83 45
0 88 49
480 88 0
0 83 0
0 81 45
0 87 49
240 87 0
0 81 0
240 79 45
0 84 49
240 84 0
0 79 0
0 78 45
240 78 0
0 79 45
0 84 49
480 84 0
0 79 0
0 78 44
0 83 47
240 83 0
0 78 0
240 77 62
0 83 69
240 83 0
0 77 0
0 76 64
240 76 0
0 77 62
0 83 69
240 83 0
0 77 0
0 71 67
0 77 67
240 77 0
0 71 0
0 70 60
240 70 0
0 71 64
0 77 64
240 77 0
0 71 0
0 65 67
0 69 67
240 69 0
0 65 0
0 64 67
240 64 0
0 65 64
0 69 64
240 69 0
0 65 0
240 59 52
0 62 58
0 68 58
240 68 0
0 62 0
0 59 0
0 60 52
0 69 58
240 69 0
0 60 0
0 60 50
0 69 56
480 69 0
0 60 0
0 62 49
0 68 55
0 71 55
480 71 0
0 68 0
0 62 0
0 64 51
0 69 57
0 72 57
240 72 0
0 69 0
0 64 0
240 60 51
0 69 57
480 69 0
0 60 0
0 59 46
0 62 52
0 68 52
480 68 0
0 62 0
0 59 0
0 57 46
0 60 52
0 69 52
240 69 0
0 60 0
0 57 0
240 64 52
0 72 58
480 72 0
0 64 0
0 65 54
0 71 61
0 74 61
480 74 0
0 71 0
0 65 0
0 64 56
0 72 63
0 76 63
240 76 0
0 72 0
0 64 0
240 64 53
0 72 59
480 72 0
0 64 0
0 62 51
0 65 51
0 71 57
480 71 0
0 65 0
0 62 0
0 60 52
0 64 58
0 72 58
240 72 0
0 64 0
0 60 0
240 67 55
0 76 62
480 76 0
0 67 0
0 69 54
0 75 55
0 78 61
480 78 0
0 75 0
0 69 0
0 67 54
0 76 61
0 79 61
240 79 0
0 76 0
0 67 0
240 71 60
0 79 67
480 79 0
0 71 0
0 72 57
0 81 64
0 78 57
480 78 0
0 81 0
0 72 0
0 71 57
0 79 64
0 83 64
240 83 0
0 79 0
0 71 0
240 74 62
0 83 69
480 83 0
0 74 0
0 85 66
0 82 59
0 76 59
480 76 0
0 82 0
0 85 0
0 86 68
0 83 68
0 74 61
240 74 0
0 83 0
0 86 0
240 86 76
0 78 68
480 78 0
0 86 0
0 88 74
0 85 66
0 79 66
480 79 0
0 85 0
0 88 0
0 90 79
0 86 79
0 78 70
240 78 0
0 86 0
0 90 0
240 78 74
0 86 83
0 90 83
480 90 0
0 86 0
0 78 0
0 78 71
0 86 80
0 90 80
480 90 0
0 86 0
0 78 0
0 90 81
0 86 81
0 78 72
480 78 0
0 86 0
0 90 0
0 88 82
0 90 82
0 78 73
480 78 0
0 90 0
0 88 0
0 78 69
0 88 78
0 90 78
480 90 0
0 88 0
0 78 0
0 78 70
0 88 79
0 90 79
480 90 0
0 88 0
0 78 0
0 78 79
0 70 70
0 76 79
480 76 0
0 70 0
0 78 0
0 70 70
0 78 79
0 76 79
480 76 0
0 78 0
0 70 0
0 70 69
0 76 77
0 78 77
480 78 0
0 76 0
0 70 0
0 58 63
0 66 70
0 64 70
480 64 0
0 66 0
0 58 0
0 58 63
0 64 70
0 66 70
480 66 0
0 64 0
0 58 0
0 58 62
0 66 69
0 64 69
420 64 0
0 66 0
0 58 0
60 66 45
0 71 49
240 71 0
0 66 0
0 65 46
240 65 0
0 66 45
0 71 49
480 71 0
0 66 0
0 64 45
0 70 49
240 70 0
0 64 0
240 62 45
0 67 49
240 67 0
0 62 0
0 61 45
240 61 0
0 62 45
0 67 49
480 67 0
0 62 0
0 61 44
0 66 47
240 66 0
0 61 0
240 60 45
0 66 49
240 66 0
0 60 0
0 59 46
240 59 0
0 60 45
0 66 49
480 66 0
0 60 0
0 59 43
0 64 46
240 64 0
0 59 0
240 58 45
0 64 49
240 64 0
0 58 0
240 58 47
0 62 52
240 62 0
0 58 0
240 58 45
0 61 50
240 61 0
0 58 0
0 59 47
240 59 0
720 62 47
0 71 47
0 74 47
120 74 0
0 71 0
0 62 0
120 64 49
0 71 49
0 74 49
120 74 0
0 71 0
0 64 0
120 65 46
0 71 46
0 74 46
120 74 0
0 71 0
0 65 0
840 56 45
0 59 45
0 66 45
120 66 0
0 59 0
0 56 0
120 58 46
0 61 46
0 64 46
120 64 0
0 61 0
0 58 0
120 59 46
0 62 46
120 62 0
0 59 0
840 62 47
0 71 47
0 74 47
120 74 0
0 71 0
0 62 0
120 64 49
0 71 49
0 74 49
120 74 0
0 71 0
0 64 0
120 65 45
0 71 45
0 74 45
120 74 0
0 71 0
0 65 0
840 56 47
0 59 47
0 66 47
120 66 0
0 59 0
0 56 0
120 58 46
0 61 46
0 64 46
120 64 0
0 61 0
0 58 0
120 59 46
0 62 46
120 62 0
0 59 0
840 57 47
0 64 47
0 69 47
120 69 0
0 64 0
0 57 0
120 57 46
0 64 46
0 67 46
120 67 0
0 64 0
0 57 0
120 57 47
0 62 47
0 66 47
120 66 0
0 62 0
0 57 0
840 61 55
0 68 55
0 73 55
120 73 0
0 68 0
0 61 0
120 61 55
0 68 55
0 71 55
120 71 0
0 68 0
0 61 0
120 61 55
0 66 55
0 70 55
120 70 0
0 66 0
0 61 0
120 73 66
0 78 66
240 78 0
0 76 66
240 76 0
0 73 0
0 71 64
0 74 64
240 74 0
0 71 0
0 73 72
0 78 72
240 78 0
0 76 69
240 76 0
0 73 0
0 71 70
0 74 70
240 74 0
0 71 0
0 73 77
0 78 77
240 78 0
0 76 78
240 76 0
0 73 0
0 71 80
0 74 80
240 74 0
0 71 0
0 78 82
0 73 82
120 73 0
0 78 0
120 71 78
0 74 78
120 74 0
0 71 0
120 67 74
0 71 74
0 76 88
0 79 88
720 79 0
0 67 0
0 71 0
0 76 0
480 64 64
120 64 0
0 67 63
120 67 0
0 76 61
120 76 0
0 73 60
120 73 0
0 71 59
120 71 0
0 67 58
120 67 0
0 64 56
120 64 0
480 49 58
120 49 0
0 47 58
120 47 0
0 43 58
120 43 0
480 55 56
0 59 56
0 64 56
120 64 0
0 59 0
0 55 0
600 67 63
120 67 0
0 71 63
120 71 0
0 79 61
120 79 0
0 76 60
120 76 0
0 73 59
120 73 0
0 71 58
120 71 0
0 67 57
120 67 0
480 52 58
120 52 0
0 49 58
120 49 0
0 47 58
120 47 0
480 71 62
0 59 62
0 64 62
0 67 62
120 67 0
0 71 0
0 59 0
0 64 0
600 59 71
120 59 0
0 62 73
120 62 0
0 66 75
120 66 0
0 71 78
120 71 0
0 62 79
0 74 79
120 74 0
0 62 0
0 66 81
0 78 81
120 78 0
0 66 0
0 71 84
0 83 84
120 83 0
0 71 0
0 74 86
0 86 86
120 86 0
0 74 0
0 90 90
0 78 81
240 78 0
0 90 0
0 64 72
0 76 80
0 79 85
0 91 95
120 91 0
0 64 0
0 76 0
0 79 0
120 61 68
0 73 76
0 76 81
0 88 90
120 88 0
0 61 0
0 73 0
0 76 0
120 62 72
0 74 80
0 90 95
0 78 85
120 78 0
0 62 0
0 74 0
0 90 0
120 59 68
0 71 76
0 74 81
0 86 90
120 86 0
0 59 0
0 71 0
0 74 0
120 61 80
0 73 80
0 88 95
0 76 85
120 76 0
0 61 0
0 73 0
0 88 0
120 58 68
0 70 76
0 73 81
0 85 90
120 85 0
0 58 0
0 70 0
0 73 0
120 59 71
0 71 79
0 86 94
0 74 84
120 74 0
0 59 0
0 71 0
0 86 0
120 54 65
0 66 73
0 70 77
0 82 86
120 82 0
0 54 0
0 66 0
0 70 0
120 71 82
0 83 92
120 83 0
0 71 0
120 78 85
0 66 76
120 66 0
0 78 0
120 67 81
0 79 90
120 79 0
0 67 0
120 64 75
0 76 84
120 76 0
0 64 0
120 66 81
0 78 91
120 78 0
0 66 0
120 62 74
0 74 83
120 74 0
0 62 0
120 64 81
0 76 90
120 76 0
0 64 0
120 61 73
0 73 82
120 73 0
0 61 0
120 62 81
0 74 90
120 74 0
0 62 0
120 58 75
0 70 84
120 70 0
0 58 0
120 59 81
0 71 91
120 71 0
0 59 0
120 54 73
0 66 82
120 66 0
0 54 0
120 55 80
0 67 89
480 67 0
0 55 0
0 61 72
0 64 72
0 70 80
240 70 0
0 64 0
0 61 0
0 62 77
0 66 77
0 71 86
240 71 0
0 66 0
0 62 0
720 61 56
0 73 56
0 74 56
120 74 0
0 73 0
0 61 0
120 62 53
0 73 53
0 74 53
120 74 0
0 73 0
0 62 0
120 64 52
0 73 52
0 74 52
120 74 0
0 73 0
0 64 0
840 56 53
0 59 53
0 66 53
120 66 0
0 59 0
0 56 0
120 58 52
0 61 52
0 66 52
120 66 0
0 61 0
0 58 0
120 66 52
0 59 52
0 62 52
120 62 0
0 59 0
0 66 0
840 61 54
0 73 54
0 74 54
120 74 0
0 73 0
0 61 0
120 62 55
0 73 55
0 74 55
120 74 0
0 73 0
0 62 0
120 64 51
0 73 51
0 74 51
120 74 0
0 73 0
0 64 0
840 56 55
0 59 55
0 66 55
120 66 0
0 59 0
0 56 0
120 58 55
0 61 55
0 66 55
120 66 0
0 61 0
0 58 0
120 59 52
0 62 52
0 66 52
120 66 0
0 62 0
0 59 0
120 62 60
0 66 60
0 71 66
120 71 0
0 66 0
0 62 0
120 62 57
0 66 57
0 70 62
120 70 0
0 66 0
0 62 0
120 62 60
0 66 60
0 71 66
120 71 0
0 66 0
0 62 0
120 66 61
0 71 61
0 74 67
120 74 0
0 71 0
0 66 0
120 66 58
0 71 58
0 73 63
120 73 0
0 71 0
0 66 0
120 66 63
0 71 63
0 74 69
120 74 0
0 71 0
0 66 0
120 71 63
0 74 63
0 78 69
120 78 0
0 74 0
0 71 0
120 71 61
0 74 61
0 77 67
120 77 0
0 74 0
0 71 0
120 71 66
0 74 66
0 78 72
120 78 0
0 74 0
0 71 0
120 74 67
0 78 67
0 83 73
120 83 0
0 78 0
0 74 0
120 74 63
0 78 63
0 82 69
120 82 0
0 78 0
0 74 0
120 74 68
0 78 68
0 83 74
120 83 0
0 78 0
0 74 0
120 78 69
0 83 69
0 86 75
120 86 0
0 83 0
0 78 0
120 78 63
0 83 63
0 85 69
120 85 0
0 83 0
0 78 0
120 78 70
0 83 70
0 86 77
120 86 0
0 83 0
0 78 0
120 83 71
0 86 71
0 90 78
120 90 0
0 86 0
0 83 0
120 83 66
0 86 66
0 89 72
120 89 0
0 86 0
0 83 0
120 83 73
0 86 73
0 90 80
120 90 0
0 86 0
0 83 0
120 86 73
0 90 73
0 95 80
120 95 0
0 90 0
0 86 0
120 86 70
0 90 70
0 94 76
120 94 0
0 90 0
0 86 0
120 86 78
0 90 78
0 95 86
120 95 0
0 90 0
0 86 0
120 86 82
0 90 82
0 95 90
120 95 0
0 90 0
0 86 0
120 86 77
0 90 77
0 94 85
120 94 0
0 90 0
0 86 0
120 86 85
0 90 85
0 95 93
120 95 0
0 90 0
0 86 0
600 74 81
0 78 81
0 83 89
120 83 0
0 78 0
0 74 0
600 62 81
0 66 81
0 71 89
120 71 0
0 66 0
0 62 0
1320 62 81
0 66 81
0 71 89
120 71 0
0 66 0
0 62 0
600 71 80
0 74 80
0 78 89
0 83 89
120 83 0
0 71 0
0 74 0
0 78 0
600 59 94
1440 59 0
960 62 45
240 62 0
0 61 43
240 61 0
0 62 45
163 47 38
240 47 0
0 62 0
0 61 43
225 61 0
0 47 37
240 47 0
0 59 44
137 59 0
0 58 42
240 58 0
0 59 45
149 47 39
240 47 0
0 59 0
0 58 44
229 58 0
0 47 38
240 47 0
0 57 44
160 57 0
0 56 41
240 56 0
0 57 45
126 47 38
240 47 0
0 57 0
0 56 44
229 56 0
0 47 35
240 47 0
0 55 45
217 55 0
0 47 43
240 47 0
0 54 49
126 54 0
0 47 50
240 47 0
0 52 47
223 52 0
0 47 44
0 50 44
240 50 0
0 47 0
0 53 52
120 53 0
120 54 54
120 54 0
120 55 59
651 55 0
0 43 49
223 43 0
0 45 51
120 45 0
120 43 49
120 43 0
120 42 51
646 42 0
0 47 48
224 47 0
0 53 51
120 53 0
120 54 54
120 54 0
120 55 58
634 55 0
0 43 49
231 43 0
0 45 51
120 45 0
120 43 49
120 43 0
120 42 49
623 42 0
0 47 49
109 47 0
120 62 45
114 62 0
0 61 43
240 61 0
0 62 45
156 47 41
240 47 0
0 62 0
0 61 43
235 61 0
0 47 37
240 47 0
0 59 44
137 59 0
0 58 42
240 58 0
0 59 45
149 47 40
240 47 0
0 59 0
0 58 44
226 58 0
0 47 36
240 47 0
0 57 44
160 57 0
0 56 41
240 56 0
0 57 45
126 47 42
240 47 0
0 57 0
0 56 44
226 56 0
0 47 38
240 47 0
0 55 45
217 55 0
0 47 43
240 47 0
0 54 49
126 54 0
0 47 50
240 47 0
0 52 47
240 52 0
0 50 44
0 47 44
236 47 0
0 50 0
0 53 52
120 53 0
120 54 54
120 54 0
120 55 59
623 55 0
0 43 49
224 43 0
0 45 51
120 45 0
120 43 49
120 43 0
120 42 51
646 42 0
0 47 48
230 47 0
0 53 51
120 53 0
120 54 54
120 54 0
120 55 60
231 55 0
0 56 66
176 56 0
0 61 66
116 61 0
0 68 68
240 68 0
0 66 61
163 66 0
60 74 45
91 74 0
0 73 43
240 73 0
0 74 45
146 66 36
240 66 0
0 74 0
0 73 43
225 73 0
0 66 33
240 71 44
137 71 0
0 70 42
240 70 0
0 71 45
149 66 0
0 66 39
240 66 0
0 71 0
0 70 44
229 70 0
0 66 37
240 66 0
0 69 60
0 64 60
640 64 0
0 69 0
0 64 53
0 57 53
617 57 0
0 64 0
0 57 53
0 54 53
240 54 0
0 57 0
0 48 53
120 48 0
6 47 46
120 47 0
120 52 53
105 52 0
120 79 50
131 79 0
0 78 48
240 78 0
0 79 50
154 71 46
240 71 0
0 79 0
0 78 48
222 78 0
0 71 43
240 76 49
137 76 0
0 75 47
240 75 0
0 76 50
149 71 0
0 71 44
240 71 0
0 76 0
0 75 49
229 75 0
0 71 38
240 71 0
0 69 60
0 74 60
640 74 0
0 69 0
0 62 53
0 69 53
617 69 0
0 62 0
0 59 53
0 62 53
240 62 0
0 59 0
0 53 53
120 53 0
6 52 40
120 52 0
120 45 47
103 45 0
120 53 37
57 53 0
120 52 37
120 52 0
120 45 43
29 45 0
120 53 37
120 53 0
120 52 37
120 52 0
120 45 43
110 45 0
120 53 37
40 53 0
120 52 37
120 52 0
120 45 43
11 45 0
120 53 38
113 53 0
120 52 38
120 52 0
120 45 45
120 45 0
120 57 39
46 57 0
120 56 39
120 56 0
120 48 48
86 48 0
120 57 44
120 57 0
120 56 44
120 56 0
120 48 47
109 48 0
120 57 44
74 57 0
120 56 44
120 56 0
120 48 47
34 48 0
120 57 43
120 57 0
120 56 43
120 56 0
120 48 49
103 48 0
120 60 44
69 60 0
120 59 44
120 59 0
120 52 48
112 52 0
120 60 43
120 60 0
120 59 43
114 59 0
120 52 49
120 52 0
120 64 44
51 64 0
120 63 44
120 63 0
120 55 51
29 55 0
120 64 46
120 64 0
120 63 47
120 63 0
120 55 51
115 55 0
120 67 46
120 67 0
114 66 46
120 66 0
120 59 54
23 59 0
120 67 49
120 67 0
120 66 51
114 66 0
120 59 57
120 59 0
120 71 53
51 71 0
120 70 51
120 70 0
120 62 62
40 62 0
120 71 52
120 71 0
120 70 61
120 70 0
120 62 49
112 62 0
120 70 62
194 70 0
0 62 48
240 62 0
0 70 61
240 70 0
0 62 48
240 62 0
0 70 61
240 70 0
0 62 48
240 62 0
0 70 61
91 70 0
0 61 48
240 61 0
0 70 58
240 70 0
0 61 46
240 61 0
0 70 57
240 70 0
0 61 46
240 61 0
0 61 57
148 61 0
0 54 46
240 54 0
0 61 56
240 61 0
0 54 42
240 54 0
0 61 57
240 61 0
0 54 44
240 54 0
0 49 50
88 49 0
0 42 40
240 42 0
0 49 50
240 49 0
0 42 41
240 42 0
0 49 49
240 49 0
0 42 41
171 42 0
60 62 45
171 62 0
0 61 43
240 61 0
0 62 45
158 47 40
240 47 0
0 62 0
0 61 43
229 61 0
0 47 36
240 47 0
0 59 44
137 59 0
0 58 42
240 58 0
0 59 45
149 47 39
240 47 0
0 59 0
0 58 44
225 58 0
0 47 36
240 47 0
0 57 44
160 57 0
0 56 41
240 56 0
0 57 45
126 47 40
240 47 0
0 57 0
0 56 44
224 56 0
0 47 37
240 47 0
0 55 45
217 55 0
0 47 43
240 47 0
0 54 49
126 54 0
0 47 50
240 47 0
0 52 47
240 52 0
0 47 44
0 50 44
237 50 0
0 47 0
0 53 52
120 53 0
120 54 54
120 54 0
120 55 59
657 55 0
0 43 49
222 43 0
0 45 51
120 45 0
120 43 49
120 43 0
120 42 51
657 42 0
0 47 48
223 47 0
0 53 51
120 53 0
120 54 54
120 54 0
120 55 58
686 55 0
0 43 49
229 43 0
0 45 54
120 45 0
120 43 51
120 43 0
120 42 52
680 42 0
0 47 49
225 47 0
0 52 55
120 52 0
120 50 52
120 50 0
120 49 51
680 49 0
0 50 50
226 50 0
0 56 58
120 56 0
120 54 56
120 54 0
120 53 55
680 53 0
0 54 52
6 54 0
0 66 56
0 58 56
480 58 0
0 56 60
240 56 0
0 66 0
0 66 60
0 58 60
366 58 0
0 56 65
240 56 0
0 66 0
0 66 65
0 58 65
343 58 0
0 56 71
240 56 0
0 66 0
0 58 72
0 66 72
120 66 0
0 58 0
120 66 69
0 59 69
120 59 0
0 66 0
120 59 63
0 52 63
0 64 75
623 64 0
0 52 0
0 59 0
0 52 54
0 55 56
120 55 0
0 59 57
120 59 0
0 61 59
120 61 0
0 52 0
840 61 57
120 61 0
0 59 57
56 59 0
0 55 56
120 55 0
0 52 56
120 52 0
360 40 57
240 40 0
0 49 57
240 49 0
233 52 53
78 52 0
0 59 55
120 59 0
0 61 56
120 61 0
0 64 58
120 64 0
840 64 58
120 64 0
0 61 57
14 61 0
0 59 56
120 59 0
0 55 56
120 55 0
360 43 60
240 43 0
0 49 57
240 49 0
0 42 63
120 42 0
0 47 65
120 47 0
0 50 68
120 50 0
0 54 70
120 54 0
240 54 75
120 54 0
0 59 77
120 59 0
2153 55 70
0 67 78
120 67 0
0 55 0
120 62 72
0 50 64
120 50 0
0 62 0
120 64 76
0 52 68
120 52 0
0 64 0
120 49 63
0 61 71
120 61 0
0 49 0
120 50 69
0 62 77
120 62 0
0 50 0
120 59 70
0 47 63
120 47 0
0 59 0
120 49 68
0 61 76
120 61 0
0 49 0
120 58 69
0 46 62
120 46 0
0 58 0
120 59 68
0 47 68
120 47 0
0 59 0
120 54 71
0 42 63
120 42 0
0 54 0
120 43 69
0 55 77
120 55 0
0 43 0
120 38 62
0 50 62
120 50 0
0 38 0
120 40 67
0 52 75
354 52 0
0 40 0
0 42 61
0 54 68
143 54 0
0 42 0
0 47 68
227 47 0
0 52 58
120 52 0
120 54 60
120 54 0
120 55 66
223 55 0
0 45 57
120 45 0
120 43 55
120 43 0
120 42 57
657 42 0
0 47 54
221 47 0
0 52 57
120 52 0
120 54 60
120 54 0
120 55 65
219 55 0
0 45 61
120 45 0
120 43 57
120 43 0
120 42 58
651 42 0
0 47 58
120 47 0
120 54 49
0 50 49
0 59 55
51 59 0
0 50 0
0 54 0
120 50 45
0 58 50
0 54 45
120 54 0
0 58 0
0 50 0
120 54 48
0 59 54
0 50 48
120 50 0
0 59 0
0 54 0
120 54 50
0 62 56
0 59 50
117 59 0
0 62 0
0 54 0
120 59 48
0 54 48
0 61 54
120 61 0
0 54 0
0 59 0
120 59 52
0 54 52
0 62 58
120 62 0
0 54 0
0 59 0
120 62 48
0 59 48
0 66 54
62 66 0
0 59 0
0 62 0
120 65 59
0 59 53
0 62 53
120 62 0
0 59 0
0 65 0
120 62 54
0 66 60
0 59 54
120 59 0
0 66 0
0 62 0
120 66 51
0 71 57
0 62 51
17 62 0
0 71 0
0 66 0
120 62 55
0 70 62
0 66 55
120 66 0
0 70 0
0 62 0
120 62 55
0 71 62
0 66 55
120 66 0
0 71 0
0 62 0
120 71 55
0 66 55
0 74 62
54 74 0
0 66 0
0 71 0
120 71 52
0 73 58
0 66 52
120 66 0
0 73 0
0 71 0
120 71 57
0 66 57
0 74 64
120 74 0
0 66 0
0 71 0
120 71 58
0 78 65
0 74 58
50 74 0
0 78 0
0 71 0
120 74 56
0 71 56
0 77 63
120 77 0
0 71 0
0 74 0
120 71 60
0 78 67
0 74 60
120 74 0
0 78 0
0 71 0
0 74 60
0 71 60
0 83 67
0 78 67
29 78 0
0 74 0
0 71 0
0 83 0
120 74 57
0 71 57
0 82 64
0 78 64
120 78 0
0 74 0
0 71 0
0 82 0
120 71 65
0 78 72
0 74 65
0 83 72
120 83 0
0 71 0
0 78 0
0 74 0
120 71 65
0 78 73
0 74 65
0 83 73
29 83 0
0 71 0
0 78 0
0 74 0
120 71 63
0 78 71
0 74 63
0 82 71
120 82 0
0 71 0
0 78 0
0 74 0
120 74 69
0 71 69
0 83 78
0 78 78
120 78 0
0 74 0
0 71 0
0 83 0
600 66 66
0 71 74
0 59 66
111 59 0
0 71 0
0 66 0
593 54 66
0 59 74
0 47 66
120 47 0
0 59 0
0 54 0
600 42 66
0 35 66
0 50 74
0 54 74
0 59 81
0 47 74
120 47 0
0 35 0
0 50 0
0 42 0
0 59 0
0 54 0
219 57 36
0 50 36
1200 50 0
0 57 0
0 49 36
0 57 36
1200 49 0
0 48 36
1280 48 0
0 57 0
0 47 36
0 54 36
1293 54 0
0 56 36
1267 56 0
0 47 0
0 44 36
0 50 36
1293 50 0
0 44 0
0 43 36
0 52 36
1280 52 0
0 43 0
0 42 47
0 45 58
600 45 0
0 47 55
600 47 0
0 42 0
0 45 46
0 49 57
293 49 0
0 50 54
240 50 0
0 50 54
493 50 0
0 45 0
0 44 49
0 52 58
520 52 0
0 54 57
547 54 0
0 44 0
0 50 52
0 55 67
354 55 0
0 56 59
240 56 0
0 56 59
560 56 0
0 50 0
0 49 54
0 56 70
587 56 0
0 57 66
520 57 0
0 49 0
0 54 69
0 59 69
354 59 0
0 60 63
240 60 0
0 60 63
503 60 0
0 54 0
0 52 60
0 61 68
547 61 0
0 66 68
320 66 0
0 64 55
240 64 0
0 52 0
0 52 45
0 62 49
533 62 0
0 52 0
0 57 43
0 61 46
467 61 0
0 57 0
0 57 41
0 49 41
1227 49 0
0 50 41
1293 50 0
0 57 0
0 66 55
0 51 41
587 66 0
0 59 51
720 59 0
0 51 0
0 61 53
0 52 48
333 61 0
0 59 50
240 59 0
0 59 50
507 59 0
0 52 0
0 61 43
0 53 43
1200 53 0
0 54 43
1293 54 0
0 61 0
0 69 57
0 54 43
493 69 0
0 62 53
720 62 0
0 54 0
0 64 55
0 55 50
333 64 0
0 62 52
240 62 0
0 62 52
453 62 0
0 55 0
0 64 47
0 56 47
1200 56 0
0 57 47
1253 57 0
0 64 0
0 66 51
0 58 46
1200 58 0
0 59 47
1293 59 0
0 66 0
0 66 63
0 52 51
480 66 0
0 59 56
720 59 0
0 66 60
333 66 0
0 64 54
240 64 0
0 64 54
720 64 0
0 52 0
0 52 45
0 46 45
1213 46 0
0 45 39
1293 45 0
0 52 0
0 57 36
0 50 36
1173 50 0
0 57 0
0 49 36
0 57 36
1240 49 0
0 48 36
1240 48 0
0 57 0
0 47 36
0 54 36
1120 54 0
0 56 36
1267 56 0
0 47 0
0 44 36
0 50 36
1293 50 0
0 44 0
0 43 36
0 52 36
1240 52 0
0 43 0
0 42 47
0 45 58
547 45 0
0 47 55
507 47 0
0 42 0
0 45 46
0 47 57
293 47 0
0 48 54
240 48 0
0 48 54
514 48 0
0 45 0
0 43 49
0 46 61
520 46 0
0 47 57
520 47 0
0 43 0
0 44 48
0 49 60
293 49 0
0 50 56
240 50 0
0 50 56
560 50 0
0 44 0
0 45 51
0 50 64
520 50 0
0 51 59
493 51 0
0 45 0
0 43 50
0 57 63
293 57 0
0 55 57
240 55 0
0 55 57
533 55 0
0 43 0
0 45 45
0 54 54
293 54 0
0 52 50
240 52 0
0 52 50
533 52 0
0 45 0
0 38 40
0 46 48
293 46 0
0 45 44
240 45 0
0 45 44
547 45 0
0 38 0
0 62 46
0 54 34
493 62 0
0 61 43
533 61 0
0 59 44
573 59 0
0 58 41
547 58 0
0 54 0
0 54 55
0 56 34
560 56 0
0 58 51
547 58 0
0 59 53
333 59 0
0 61 49
240 61 0
0 61 49
573 61 0
0 54 0
0 74 46
0 66 34
493 74 0
0 73 43
493 73 0
0 71 44
333 71 0
0 70 41
240 70 0
0 70 41
537 70 0
0 66 0
0 66 55
0 68 34
640 68 0
0 70 51
520 70 0
0 71 55
333 71 0
0 73 51
240 73 0
0 73 51
573 73 0
0 66 0
0 67 36
0 73 27
493 67 0
0 66 34
594 66 0
0 73 0
0 67 39
320 67 0
0 66 35
240 66 0
0 66 35
627 66 0
0 55 36
0 61 27
493 55 0
0 54 34
594 54 0
0 61 0
0 55 35
320 55 0
0 54 29
240 54 0
0 54 30
573 54 0
0 55 33
320 55 0
0 54 29
240 54 0
0 54 29
573 54 0
0 55 31
320 55 0
0 54 26
240 54 0
0 54 26
240 54 0
0 62 45
240 62 0
0 61 43
240 61 0
0 62 45
160 47 38
240 47 0
0 62 0
0 61 43
230 61 0
0 47 37
240 47 0
0 59 44
137 59 0
0 58 42
240 58 0
0 59 45
149 47 39
240 47 0
0 59 0
0 58 44
229 58 0
0 47 38
240 47 0
0 57 44
160 57 0
0 56 41
240 56 0
0 57 45
126 47 38
240 47 0
0 57 0
0 56 44
225 56 0
0 47 35
240 47 0
0 55 45
217 55 0
0 47 43
240 47 0
0 54 49
126 54 0
0 47 50
240 47 0
0 52 47
223 52 0
0 47 44
0 50 44
240 50 0
0 47 0
0 53 52
120 53 0
120 54 54
120 54 0
120 55 59
657 55 0
0 43 49
235 43 0
0 45 51
120 45 0
120 43 49
120 43 0
120 42 51
657 42 0
0 47 48
222 47 0
0 53 51
120 53 0
120 54 54
120 54 0
120 55 58
686 55 0
0 43 49
222 43 0
0 45 51
120 45 0
120 43 49
120 43 0
120 42 49
680 42 0
0 47 49
116 47 0
120 62 45
114 62 0
0 61 43
240 61 0
0 62 45
156 47 41
240 47 0
0 62 0
0 61 43
224 61 0
0 47 37
240 47 0
0 59 44
137 59 0
0 58 42
240 58 0
0 59 45
149 47 40
240 47 0
0 59 0
0 58 44
229 58 0
0 47 36
240 47 0
0 57 44
160 57 0
0 56 41
240 56 0
0 57 45
126 47 42
240 47 0
0 57 0
0 56 44
224 56 0
0 47 38
240 47 0
0 55 45
217 55 0
0 47 43
240 47 0
0 54 49
126 54 0
0 47 50
240 47 0
0 52 47
234 52 0
0 47 44
0 50 44
240 50 0
0 47 0
0 53 52
120 53 0
120 54 54
120 54 0
120 55 59
657 55 0
0 43 49
233 43 0
0 45 51
120 45 0
120 43 49
120 43 0
120 42 51
657 42 0
0 47 48
230 47 0
0 53 51
120 53 0
120 54 54
120 54 0
120 55 60
226 55 0
0 56 67
176 56 0
0 61 66
116 61 0
0 68 68
240 68 0
0 66 61
172 66 0
60 74 45
157 74 0
0 73 43
240 73 0
0 74 45
114 66 36
240 66 0
0 74 0
0 73 43
229 73 0
0 66 33
240 71 44
137 71 0
0 70 42
240 70 0
0 71 45
149 66 0
0 66 39
240 66 0
0 71 0
0 70 44
224 70 0
0 66 37
240 66 0
0 64 60
0 69 60
640 69 0
0 64 0
0 64 53
0 57 53
606 57 0
0 64 0
0 54 53
0 57 53
240 57 0
0 54 0
0 48 53
120 48 0
6 47 46
120 47 0
120 52 53
110 52 0
120 79 45
69 79 0
0 78 43
240 78 0
0 79 45
152 71 41
240 71 0
0 79 0
0 78 43
232 78 0
0 71 38
240 76 44
160 76 0
0 75 42
240 75 0
0 76 45
149 71 0
0 71 39
240 71 0
0 76 0
0 75 44
222 75 0
0 71 34
240 71 0
0 69 60
0 74 60
640 74 0
0 69 0
0 69 53
0 62 53
617 62 0
0 69 0
0 59 53
0 62 53
240 62 0
0 59 0
0 53 53
120 53 0
6 52 40
120 52 0
120 45 47
109 45 0
120 53 37
57 53 0
120 52 37
120 52 0
120 45 43
23 45 0
120 53 37
120 53 0
120 52 37
120 52 0
120 45 43
103 45 0
120 53 37
40 53 0
120 52 37
120 52 0
120 45 43
69 45 0
120 53 38
120 53 0
120 52 38
114 52 0
120 45 45
120 45 0
120 57 39
46 57 0
120 56 39
120 56 0
120 48 48
66 48 0
120 57 44
120 57 0
120 56 44
120 56 0
120 48 47
103 48 0
120 57 44
74 57 0
120 56 44
120 56 0
120 48 47
44 48 0
120 57 43
120 57 0
120 56 43
113 56 0
120 48 49
120 48 0
120 60 44
69 60 0
120 59 44
120 59 0
120 52 48
34 52 0
120 60 43
120 60 0
120 59 43
114 59 0
120 52 49
120 52 0
120 64 44
51 64 0
120 63 44
120 63 0
120 55 51
47 55 0
120 64 46
120 64 0
0 63 47
120 63 0
120 55 51
120 55 0
120 67 46
120 67 0
114 66 46
120 66 0
120 59 53
56 59 0
120 67 47
120 67 0
120 66 48
114 66 0
120 59 53
120 59 0
120 71 49
51 71 0
120 70 47
120 70 0
120 62 58
46 62 0
120 71 50
120 71 0
120 70 59
120 70 0
120 62 48
112 62 0
120 70 62
234 70 0
0 62 48
240 62 0
0 70 61
240 70 0
0 62 48
240 62 0
0 70 61
240 70 0
0 62 48
240 62 0
0 70 61
91 70 0
0 61 48
240 61 0
0 70 58
240 70 0
0 61 46
240 61 0
0 70 57
240 70 0
0 61 46
240 61 0
0 61 57
149 61 0
0 54 46
240 54 0
0 61 56
240 61 0
0 54 42
240 54 0
0 61 57
240 61 0
0 54 44
240 54 0
0 49 50
160 49 0
0 42 40
240 42 0
0 49 50
240 49 0
0 42 41
240 42 0
0 49 49
240 49 0
0 42 41
180 42 0
60 62 45
60 62 0
0 61 43
240 61 0
0 62 45
146 47 40
240 47 0
0 62 0
0 61 43
229 61 0
0 47 36
240 47 0
0 59 44
137 59 0
0 58 42
240 58 0
0 59 45
149 47 39
240 47 0
0 59 0
0 58 44
232 58 0
0 47 36
240 47 0
0 57 44
160 57 0
0 56 41
240 56 0
0 57 45
126 47 40
240 47 0
0 57 0
0 56 44
226 56 0
0 47 37
240 47 0
0 55 45
217 55 0
0 47 43
240 47 0
0 54 49
126 54 0
0 47 50
240 47 0
0 52 47
240 52 0
0 47 44
0 50 44
233 50 0
0 47 0
0 53 52
120 53 0
120 54 54
120 54 0
120 55 59
657 55 0
0 43 49
225 43 0
0 45 51
120 45 0
120 43 49
120 43 0
120 42 51
657 42 0
0 47 48
226 47 0
0 53 51
120 53 0
120 54 54
120 54 0
120 55 58
686 55 0
0 43 49
223 43 0
0 45 54
120 45 0
120 43 51
120 43 0
120 42 52
680 42 0
0 47 49
222 47 0
0 52 55
120 52 0
120 50 52
120 50 0
120 49 51
680 49 0
0 50 50
229 50 0
0 56 58
120 56 0
120 54 56
120 54 0
120 53 55
680 53 0
0 54 52
6 54 0
0 58 56
0 66 56
480 58 0
0 56 60
240 56 0
0 66 0
0 58 60
0 66 60
366 58 0
0 56 65
240 56 0
0 66 0
0 58 65
0 66 65
343 58 0
0 56 71
206 56 0
0 66 0
0 58 72
0 66 72
120 66 0
0 58 0
120 59 69
0 66 69
120 66 0
0 59 0
120 52 63
0 59 63
0 64 75
623 64 0
0 59 0
0 52 0
0 52 54
55 55 56
120 55 0
0 59 57
120 59 0
0 61 59
120 61 0
0 52 0
840 61 57
120 61 0
0 59 57
67 59 0
0 55 56
120 55 0
0 52 56
120 52 0
360 40 57
240 40 0
0 49 57
240 49 0
233 52 53
78 52 0
0 59 55
120 59 0
0 61 56
120 61 0
0 64 58
120 64 0
840 64 58
120 64 0
0 61 57
62 61 0
0 59 56
120 59 0
0 55 56
120 55 0
360 43 60
240 43 0
0 49 57
240 49 0
0 42 63
120 42 0
0 47 65
120 47 0
0 50 68
120 50 0
0 54 70
120 54 0
240 54 75
120 54 0
0 59 77
120 59 0
2160 67 78
0 55 70
120 55 0
0 67 0
120 50 64
0 62 72
120 62 0
0 50 0
120 52 68
0 64 76
120 64 0
0 52 0
120 49 63
0 61 71
120 61 0
0 49 0
120 50 69
0 62 77
120 62 0
0 50 0
120 47 63
0 59 70
120 59 0
0 47 0
120 49 68
0 61 76
120 61 0
0 49 0
120 46 62
0 58 69
120 58 0
0 46 0
120 47 68
0 59 68
120 59 0
0 47 0
120 42 63
0 54 71
120 54 0
0 42 0
120 43 69
0 55 77
120 55 0
0 43 0
120 38 62
0 50 62
120 50 0
0 38 0
120 40 67
0 52 75
406 52 0
0 40 0
0 42 61
0 54 68
149 54 0
0 42 0
0 47 68
240 47 0
0 52 58
120 52 0
120 54 60
120 54 0
120 55 66
236 55 0
0 45 57
120 45 0
120 43 55
120 43 0
120 42 57
657 42 0
0 47 54
223 47 0
0 52 57
120 52 0
120 54 60
120 54 0
120 55 65
222 55 0
0 45 61
120 45 0
120 43 57
120 43 0
120 42 58
651 42 0
0 47 58
120 47 0
120 50 49
0 54 49
0 59 55
51 59 0
0 54 0
0 50 0
120 50 45
0 54 45
0 58 50
120 58 0
0 54 0
0 50 0
120 50 48
0 54 48
0 59 54
120 59 0
0 54 0
0 50 0
120 54 50
0 59 50
0 62 56
23 62 0
0 59 0
0 54 0
120 54 48
0 59 48
0 61 54
120 61 0
0 59 0
0 54 0
120 54 52
0 59 52
0 62 58
120 62 0
0 59 0
0 54 0
120 66 54
0 62 48
0 59 48
62 59 0
0 62 0
0 66 0
120 65 59
0 62 53
0 59 53
120 59 0
0 62 0
0 65 0
120 66 60
0 62 54
0 59 54
120 59 0
0 62 0
0 66 0
120 62 51
0 66 51
0 71 57
54 71 0
0 66 0
0 62 0
120 62 55
0 66 55
0 70 62
120 70 0
0 66 0
0 62 0
120 62 55
0 66 55
0 71 62
120 71 0
0 66 0
0 62 0
120 66 55
0 71 55
0 74 62
58 74 0
0 71 0
0 66 0
120 66 52
0 71 52
0 73 58
120 73 0
0 71 0
0 66 0
120 66 57
0 71 57
0 74 64
120 74 0
0 71 0
0 66 0
120 71 58
0 74 58
0 78 65
50 78 0
0 74 0
0 71 0
120 71 56
0 74 56
0 77 63
120 77 0
0 74 0
0 71 0
120 71 60
0 74 60
0 78 67
120 78 0
0 74 0
0 71 0
120 71 60
0 74 60
0 78 67
0 83 67
29 83 0
0 71 0
0 74 0
0 78 0
120 71 57
0 74 57
0 78 64
0 82 64
120 82 0
0 71 0
0 74 0
0 78 0
120 71 65
0 74 65
0 78 72
0 83 72
120 83 0
0 71 0
0 74 0
0 78 0
120 71 65
0 74 65
0 78 73
0 83 73
29 83 0
0 71 0
0 74 0
0 78 0
120 71 63
0 74 63
0 78 71
0 82 71
120 82 0
0 71 0
0 74 0
0 78 0
120 71 69
0 74 69
0 78 78
0 83 78
120 83 0
0 71 0
0 74 0
0 78 0
600 59 66
0 66 66
0 71 74
7 71 0
0 66 0
0 59 0
600 47 66
0 54 66
0 59 74
120 59 0
0 54 0
0 47 0
600 35 66
0 42 66
0 47 74
0 50 74
0 54 74
0 59 81
120 59 0
0 42 0
0 47 0
0 35 0
0 54 0
0 50 0
600 47 66
0 54 66
0 59 74
120 59 0
0 54 0
0 47 0
420 47 63
60 54 63
60 59 70
60 62 70
120 62 0
0 47 0
0 54 0
0 59 0
600 35 75
0 47 75
1440 47 0
0 35 0
