0.5 0.0 0.6220472440944882 0.5433070866141733
0.5 0.4235294117647059 0.6220472440944882 0.0
0.5 0.0 0.5905511811023622 0.0
0.5 0.0 0.5826771653543307 0.5196850393700787
0.5 0.0 0.6062992125984252 0.6141732283464567
0.5 0.1411764705882353 0.6062992125984252 0.0
0.5 0.0 0.5826771653543307 0.5354330708661418
0.5 0.0 0.6062992125984252 0.6299212598425197
0.5 0.0 0.6062992125984252 0.6141732283464567
0.5 0.1411764705882353 0.6062992125984252 0.0
0.623403 0.371456 0.735836 0.490740
0.705047 0.303952 0.838723 0.492223
0.786500 0.234568 0.915715 0.493125
0.847289 0.178950 0.956092 0.489731
0.884700 0.141450 0.974057 0.481183
0.906613 0.117575 0.982290 0.469883
0.919756 0.102342 0.986448 0.458556
0.927871 0.092585 0.988726 0.449030
0.932865 0.086541 0.990019 0.442454
0.935788 0.083251 0.990760 0.440121
0.935788 0.083251 0.990760 0.440121
0.935788 0.083251 0.990760 0.440121
0.935788 0.083251 0.990760 0.440121
0.935788 0.083251 0.990760 0.440121
0.935788 0.083251 0.990760 0.440121
0.935788 0.083251 0.990760 0.440121
0.935788 0.083251 0.990760 0.440121
0.935788 0.083251 0.990760 0.440121
0.935788 0.083251 0.990760 0.440121
0.935788 0.083251 0.990760 0.440121
0.935788 0.083251 0.990760 0.440121
0.935788 0.083251 0.990760 0.440121
0.935788 0.083251 0.990760 0.440121
0.935788 0.083251 0.990760 0.440121
0.935788 0.083251 0.990760 0.440121
0.935788 0.083251 0.990760 0.440121
0.935788 0.083251 0.990760 0.440121
0.935788 0.083251 0.990760 0.440121
0.935788 0.083251 0.990760 0.440121
0.935788 0.083251 0.990760 0.440121
0.935788 0.083251 0.990760 0.440121
0.935788 0.083251 0.990760 0.440121
0.935788 0.083251 0.990760 0.440121
0.935788 0.083251 0.990760 0.440121
0.935788 0.083251 0.990760 0.440121
0.935788 0.083251 0.990760 0.440121
0.935788 0.083251 0.990760 0.440121
0.935788 0.083251 0.990760 0.440121
0.935788 0.083251 0.990760 0.440121
0.935788 0.083251 0.990760 0.440121
0.935788 0.083251 0.990760 0.440121
0.935788 0.083251 0.990760 0.440121
0.935788 0.083251 0.990760 0.440121
0.935788 0.083251 0.990760 0.440121
0.935788 0.083251 0.990760 0.440121
0.935788 0.083251 0.990760 0.440121
0.935788 0.083251 0.990760 0.440121
0.935788 0.083251 0.990760 0.440121
0.935788 0.083251 0.990760 0.440121
0.935788 0.083251 0.990760 0.440121
0.935788 0.083251 0.990760 0.440121
0.935788 0.083251 0.990760 0.440121
0.935788 0.083251 0.990760 0.440121
0.935788 0.083251 0.990760 0.440121
0.935788 0.083251 0.990760 0.440121
0.935788 0.083251 0.990760 0.440121
0.935788 0.083251 0.990760 0.440121
0.935788 0.083251 0.990760 0.440121
0.935788 0.083251 0.990760 0.440121
0.935788 0.083251 0.990760 0.440121
0.935788 0.083251 0.990760 0.440121
0.935788 0.083251 0.990760 0.440121
0.935788 0.083251 0.990760 0.440121
0.935788 0.083251 0.990760 0.440121
0.935788 0.083251 0.990760 0.440121
0.935788 0.083251 0.990760 0.440121
0.935788 0.083251 0.990760 0.440121
0.935788 0.083251 0.990760 0.440121
0.935788 0.083251 0.990760 0.440121
0.935788 0.083251 0.990760 0.440121
0.935788 0.083251 0.990760 0.440121
0.935788 0.083251 0.990760 0.440121
0.935788 0.083251 0.990760 0.440121
0.935788 0.083251 0.990760 0.440121
0.935788 0.083251 0.990760 0.440121
0.935788 0.083251 0.990760 0.440121
0.935788 0.083251 0.990760 0.440121
0.935788 0.083251 0.990760 0.440121
0.935788 0.083251 0.990760 0.440121
0.935788 0.083251 0.990760 0.440121
0.935788 0.083251 0.990760 0.440121
0.935788 0.083251 0.990760 0.440121
0.935788 0.083251 0.990760 0.440121
0.935788 0.083251 0.990760 0.440121
0.935788 0.083251 0.990760 0.440121
0.935788 0.083251 0.990760 0.440121
0.935788 0.083251 0.990760 0.440121
0.935788 0.083251 0.990760 0.440121
0.935788 0.083251 0.990760 0.440121
0.935788 0.083251 0.990760 0.440121
0.935788 0.083251 0.990760 0.440121
0.935788 0.083251 0.990760 0.440121
0.935788 0.083251 0.990760 0.440121
0.935788 0.083251 0.990760 0.440121
0.935788 0.083251 0.990760 0.440121
0.935788 0.083251 0.990760 0.440121
0.935788 0.083251 0.990760 0.440121
0.935788 0.083251 0.990760 0.440121
0.935788 0.083251 0.990760 0.440121
0.935788 0.083251 0.990760 0.440121
0.935788 0.083251 0.990760 0.440121
0.935788 0.083251 0.990760 0.440121
0.5 0.0 0.6220472440944882 0.5433070866141733
0.5 0.4235294117647059 0.6220472440944882 0.0
0.5 0.0 0.5905511811023622 0.0
0.5 0.0 0.5826771653543307 0.5196850393700787
0.5 0.0 0.6062992125984252 0.6141732283464567
0.5 0.1411764705882353 0.6062992125984252 0.0
0.5 0.0 0.5826771653543307 0.5354330708661418
0.5 0.0 0.6062992125984252 0.6299212598425197
0.5 0.0 0.6062992125984252 0.6141732283464567
0.5 0.1411764705882353 0.6062992125984252 0.0
0.561227 0.413770 0.635802 0.474946
0.5 0.0 0.6220472440944882 0.5433070866141733
0.5 0.4235294117647059 0.6220472440944882 0.0
0.5 0.0 0.5905511811023622 0.0
0.5 0.0 0.5826771653543307 0.5196850393700787
0.5 0.0 0.6062992125984252 0.6141732283464567
0.5 0.1411764705882353 0.6062992125984252 0.0
0.5 0.0 0.5826771653543307 0.5354330708661418
0.5 0.0 0.6062992125984252 0.6299212598425197
0.5 0.0 0.6062992125984252 0.6141732283464567
0.5 0.1411764705882353 0.6062992125984252 0.0
0.851247 0.257294 0.919703 0.550025
0.5 0.0 0.6220472440944882 0.5433070866141733
0.5 0.4235294117647059 0.6220472440944882 0.0
0.5 0.0 0.5905511811023622 0.0
0.5 0.0 0.5826771653543307 0.5196850393700787
0.5 0.0 0.6062992125984252 0.6141732283464567
0.5 0.1411764705882353 0.6062992125984252 0.0
0.5 0.0 0.5826771653543307 0.5354330708661418
0.5 0.0 0.6062992125984252 0.6299212598425197
0.5 0.0 0.6062992125984252 0.6141732283464567
0.5 0.1411764705882353 0.6062992125984252 0.0
0.646093 0.353280 0.710359 0.520670
0.751776 0.259639 0.820055 0.534300
0.851342 0.173881 0.904357 0.546186
0.915570 0.117855 0.948142 0.552567
0.948431 0.087142 0.967585 0.554298
0.964717 0.070513 0.976634 0.553627
0.973281 0.061080 0.981298 0.552012
0.978066 0.055484 0.983913 0.550292
0.980813 0.052048 0.985439 0.549136
0.982319 0.049938 0.986328 0.548820
0.982319 0.049938 0.986328 0.548820
0.982319 0.049938 0.986328 0.548820
0.982319 0.049938 0.986328 0.548820
0.982319 0.049938 0.986328 0.548820
0.982319 0.049938 0.986328 0.548820
0.982319 0.049938 0.986328 0.548820
0.982319 0.049938 0.986328 0.548820
0.982319 0.049938 0.986328 0.548820
0.982319 0.049938 0.986328 0.548820
0.982319 0.049938 0.986328 0.548820
0.982319 0.049938 0.986328 0.548820
0.982319 0.049938 0.986328 0.548820
0.982319 0.049938 0.986328 0.548820
0.982319 0.049938 0.986328 0.548820
0.982319 0.049938 0.986328 0.548820
0.982319 0.049938 0.986328 0.548820
0.982319 0.049938 0.986328 0.548820
0.982319 0.049938 0.986328 0.548820
0.982319 0.049938 0.986328 0.548820
0.982319 0.049938 0.986328 0.548820
0.982319 0.049938 0.986328 0.548820
0.982319 0.049938 0.986328 0.548820
0.982319 0.049938 0.986328 0.548820
0.982319 0.049938 0.986328 0.548820
0.982319 0.049938 0.986328 0.548820
0.982319 0.049938 0.986328 0.548820
0.982319 0.049938 0.986328 0.548820
0.982319 0.049938 0.986328 0.548820
0.982319 0.049938 0.986328 0.548820
0.982319 0.049938 0.986328 0.548820
0.982319 0.049938 0.986328 0.548820
0.982319 0.049938 0.986328 0.548820
0.982319 0.049938 0.986328 0.548820
0.982319 0.049938 0.986328 0.548820
0.982319 0.049938 0.986328 0.548820
0.982319 0.049938 0.986328 0.548820
0.982319 0.049938 0.986328 0.548820
0.982319 0.049938 0.986328 0.548820
0.982319 0.049938 0.986328 0.548820
0.982319 0.049938 0.986328 0.548820
0.982319 0.049938 0.986328 0.548820
0.982319 0.049938 0.986328 0.548820
0.982319 0.049938 0.986328 0.548820
0.982319 0.049938 0.986328 0.548820
0.982319 0.049938 0.986328 0.548820
0.982319 0.049938 0.986328 0.548820
0.982319 0.049938 0.986328 0.548820
0.982319 0.049938 0.986328 0.548820
0.982319 0.049938 0.986328 0.548820
0.982319 0.049938 0.986328 0.548820
0.982319 0.049938 0.986328 0.548820
0.982319 0.049938 0.986328 0.548820
0.982319 0.049938 0.986328 0.548820
0.982319 0.049938 0.986328 0.548820
0.982319 0.049938 0.986328 0.548820
0.982319 0.049938 0.986328 0.548820
0.982319 0.049938 0.986328 0.548820
0.982319 0.049938 0.986328 0.548820
0.982319 0.049938 0.986328 0.548820
0.982319 0.049938 0.986328 0.548820
0.982319 0.049938 0.986328 0.548820
0.982319 0.049938 0.986328 0.548820
0.982319 0.049938 0.986328 0.548820
0.982319 0.049938 0.986328 0.548820
0.982319 0.049938 0.986328 0.548820
0.982319 0.049938 0.986328 0.548820
0.982319 0.049938 0.986328 0.548820
0.982319 0.049938 0.986328 0.548820
0.982319 0.049938 0.986328 0.548820
0.982319 0.049938 0.986328 0.548820
0.982319 0.049938 0.986328 0.548820
0.982319 0.049938 0.986328 0.548820
0.982319 0.049938 0.986328 0.548820
0.982319 0.049938 0.986328 0.548820
0.982319 0.049938 0.986328 0.548820
0.982319 0.049938 0.986328 0.548820
0.982319 0.049938 0.986328 0.548820
0.982319 0.049938 0.986328 0.548820
0.982319 0.049938 0.986328 0.548820
0.982319 0.049938 0.986328 0.548820
0.982319 0.049938 0.986328 0.548820
0.982319 0.049938 0.986328 0.548820
0.982319 0.049938 0.986328 0.548820
0.982319 0.049938 0.986328 0.548820
0.982319 0.049938 0.986328 0.548820
0.982319 0.049938 0.986328 0.548820
0.982319 0.049938 0.986328 0.548820
0.982319 0.049938 0.986328 0.548820
0.982319 0.049938 0.986328 0.548820
0.982319 0.049938 0.986328 0.548820
0.982319 0.049938 0.986328 0.548820
0.982319 0.049938 0.986328 0.548820
0.5 0.0 0.6220472440944882 0.5433070866141733
0.5 0.4235294117647059 0.6220472440944882 0.0
0.5 0.0 0.5905511811023622 0.0
0.5 0.0 0.5826771653543307 0.5196850393700787
0.5 0.0 0.6062992125984252 0.6141732283464567
0.5 0.1411764705882353 0.6062992125984252 0.0
0.5 0.0 0.5826771653543307 0.5354330708661418
0.5 0.0 0.6062992125984252 0.6299212598425197
0.5 0.0 0.6062992125984252 0.6141732283464567
0.5 0.1411764705882353 0.6062992125984252 0.0
0.539176 0.306685 0.569539 0.430228
0.557310 0.238312 0.594119 0.404558
0.576681 0.178426 0.619944 0.378162
0.595042 0.132539 0.644860 0.353356
0.610783 0.100396 0.667250 0.331711
0.623322 0.078864 0.686349 0.313852
0.632777 0.064686 0.702010 0.299764
0.639511 0.055499 0.714310 0.289193
0.643859 0.049845 0.723223 0.281902
0.645858 0.047035 0.728405 0.277938
0.645858 0.047035 0.728405 0.277938
0.645858 0.047035 0.728405 0.277938
0.645858 0.047035 0.728405 0.277938
0.645858 0.047035 0.728405 0.277938
0.645858 0.047035 0.728405 0.277938
0.645858 0.047035 0.728405 0.277938
0.645858 0.047035 0.728405 0.277938
0.645858 0.047035 0.728405 0.277938
0.645858 0.047035 0.728405 0.277938
0.645858 0.047035 0.728405 0.277938
0.645858 0.047035 0.728405 0.277938
0.645858 0.047035 0.728405 0.277938
0.645858 0.047035 0.728405 0.277938
0.645858 0.047035 0.728405 0.277938
0.645858 0.047035 0.728405 0.277938
0.645858 0.047035 0.728405 0.277938
0.645858 0.047035 0.728405 0.277938
0.645858 0.047035 0.728405 0.277938
0.645858 0.047035 0.728405 0.277938
0.645858 0.047035 0.728405 0.277938
0.645858 0.047035 0.728405 0.277938
0.645858 0.047035 0.728405 0.277938
0.645858 0.047035 0.728405 0.277938
0.645858 0.047035 0.728405 0.277938
0.645858 0.047035 0.728405 0.277938
0.645858 0.047035 0.728405 0.277938
0.645858 0.047035 0.728405 0.277938
0.645858 0.047035 0.728405 0.277938
0.645858 0.047035 0.728405 0.277938
0.645858 0.047035 0.728405 0.277938
0.645858 0.047035 0.728405 0.277938
0.645858 0.047035 0.728405 0.277938
0.645858 0.047035 0.728405 0.277938
0.645858 0.047035 0.728405 0.277938
0.645858 0.047035 0.728405 0.277938
0.645858 0.047035 0.728405 0.277938
0.645858 0.047035 0.728405 0.277938
0.645858 0.047035 0.728405 0.277938
0.645858 0.047035 0.728405 0.277938
0.645858 0.047035 0.728405 0.277938
0.645858 0.047035 0.728405 0.277938
0.645858 0.047035 0.728405 0.277938
0.645858 0.047035 0.728405 0.277938
0.645858 0.047035 0.728405 0.277938
0.645858 0.047035 0.728405 0.277938
0.645858 0.047035 0.728405 0.277938
0.645858 0.047035 0.728405 0.277938
0.645858 0.047035 0.728405 0.277938
0.645858 0.047035 0.728405 0.277938
0.645858 0.047035 0.728405 0.277938
0.645858 0.047035 0.728405 0.277938
0.645858 0.047035 0.728405 0.277938
0.645858 0.047035 0.728405 0.277938
0.645858 0.047035 0.728405 0.277938
0.645858 0.047035 0.728405 0.277938
0.645858 0.047035 0.728405 0.277938
0.645858 0.047035 0.728405 0.277938
0.645858 0.047035 0.728405 0.277938
0.645858 0.047035 0.728405 0.277938
0.645858 0.047035 0.728405 0.277938
0.645858 0.047035 0.728405 0.277938
0.645858 0.047035 0.728405 0.277938
0.645858 0.047035 0.728405 0.277938
0.645858 0.047035 0.728405 0.277938
0.645858 0.047035 0.728405 0.277938
0.645858 0.047035 0.728405 0.277938
0.645858 0.047035 0.728405 0.277938
0.645858 0.047035 0.728405 0.277938
0.645858 0.047035 0.728405 0.277938
0.645858 0.047035 0.728405 0.277938
0.645858 0.047035 0.728405 0.277938
0.645858 0.047035 0.728405 0.277938
0.645858 0.047035 0.728405 0.277938
0.645858 0.047035 0.728405 0.277938
0.645858 0.047035 0.728405 0.277938
0.645858 0.047035 0.728405 0.277938
0.645858 0.047035 0.728405 0.277938
0.645858 0.047035 0.728405 0.277938
0.645858 0.047035 0.728405 0.277938
0.645858 0.047035 0.728405 0.277938
0.645858 0.047035 0.728405 0.277938
0.645858 0.047035 0.728405 0.277938
0.645858 0.047035 0.728405 0.277938
0.645858 0.047035 0.728405 0.277938
0.645858 0.047035 0.728405 0.277938
0.645858 0.047035 0.728405 0.277938
0.645858 0.047035 0.728405 0.277938
0.645858 0.047035 0.728405 0.277938
0.645858 0.047035 0.728405 0.277938
0.645858 0.047035 0.728405 0.277938
0.645858 0.047035 0.728405 0.277938
0.645858 0.047035 0.728405 0.277938
0.5 0.0 0.6220472440944882 0.5433070866141733
0.5 0.4235294117647059 0.6220472440944882 0.0
0.5 0.0 0.5905511811023622 0.0
0.5 0.0 0.5826771653543307 0.5196850393700787
0.5 0.0 0.6062992125984252 0.6141732283464567
0.5 0.1411764705882353 0.6062992125984252 0.0
0.5 0.0 0.5826771653543307 0.5354330708661418
0.5 0.0 0.6062992125984252 0.6299212598425197
0.5 0.0 0.6062992125984252 0.6141732283464567
0.5 0.1411764705882353 0.6062992125984252 0.0
0.484777 0.294343 0.489067 0.389973
0.468097 0.210590 0.474892 0.342717
0.451387 0.150264 0.461962 0.302363
0.436336 0.111963 0.452087 0.271099
0.423729 0.088495 0.445442 0.247809
0.413685 0.073969 0.441496 0.230546
0.406054 0.064812 0.439614 0.217674
0.400678 0.059035 0.439207 0.208110
0.397461 0.055556 0.439681 0.201289
0.396315 0.053805 0.440270 0.197167
0.396315 0.053805 0.440270 0.197167
0.396315 0.053805 0.440270 0.197167
0.396315 0.053805 0.440270 0.197167
0.396315 0.053805 0.440270 0.197167
0.396315 0.053805 0.440270 0.197167
0.396315 0.053805 0.440270 0.197167
0.396315 0.053805 0.440270 0.197167
0.396315 0.053805 0.440270 0.197167
0.396315 0.053805 0.440270 0.197167
0.396315 0.053805 0.440270 0.197167
0.396315 0.053805 0.440270 0.197167
0.396315 0.053805 0.440270 0.197167
0.396315 0.053805 0.440270 0.197167
0.396315 0.053805 0.440270 0.197167
0.396315 0.053805 0.440270 0.197167
0.396315 0.053805 0.440270 0.197167
0.396315 0.053805 0.440270 0.197167
0.396315 0.053805 0.440270 0.197167
0.396315 0.053805 0.440270 0.197167
0.396315 0.053805 0.440270 0.197167
0.396315 0.053805 0.440270 0.197167
0.396315 0.053805 0.440270 0.197167
0.396315 0.053805 0.440270 0.197167
0.396315 0.053805 0.440270 0.197167
0.396315 0.053805 0.440270 0.197167
0.396315 0.053805 0.440270 0.197167
0.396315 0.053805 0.440270 0.197167
0.396315 0.053805 0.440270 0.197167
0.396315 0.053805 0.440270 0.197167
0.396315 0.053805 0.440270 0.197167
0.396315 0.053805 0.440270 0.197167
0.396315 0.053805 0.440270 0.197167
0.396315 0.053805 0.440270 0.197167
0.396315 0.053805 0.440270 0.197167
0.396315 0.053805 0.440270 0.197167
0.396315 0.053805 0.440270 0.197167
0.396315 0.053805 0.440270 0.197167
0.396315 0.053805 0.440270 0.197167
0.396315 0.053805 0.440270 0.197167
0.396315 0.053805 0.440270 0.197167
0.396315 0.053805 0.440270 0.197167
0.396315 0.053805 0.440270 0.197167
0.396315 0.053805 0.440270 0.197167
0.396315 0.053805 0.440270 0.197167
0.396315 0.053805 0.440270 0.197167
0.396315 0.053805 0.440270 0.197167
0.396315 0.053805 0.440270 0.197167
0.396315 0.053805 0.440270 0.197167
0.396315 0.053805 0.440270 0.197167
0.396315 0.053805 0.440270 0.197167
0.396315 0.053805 0.440270 0.197167
0.396315 0.053805 0.440270 0.197167
0.396315 0.053805 0.440270 0.197167
0.396315 0.053805 0.440270 0.197167
0.396315 0.053805 0.440270 0.197167
0.396315 0.053805 0.440270 0.197167
0.396315 0.053805 0.440270 0.197167
0.396315 0.053805 0.440270 0.197167
0.396315 0.053805 0.440270 0.197167
0.396315 0.053805 0.440270 0.197167
0.396315 0.053805 0.440270 0.197167
0.396315 0.053805 0.440270 0.197167
0.396315 0.053805 0.440270 0.197167
0.396315 0.053805 0.440270 0.197167
0.396315 0.053805 0.440270 0.197167
0.396315 0.053805 0.440270 0.197167
0.396315 0.053805 0.440270 0.197167
0.396315 0.053805 0.440270 0.197167
0.396315 0.053805 0.440270 0.197167
0.396315 0.053805 0.440270 0.197167
0.396315 0.053805 0.440270 0.197167
0.396315 0.053805 0.440270 0.197167
0.396315 0.053805 0.440270 0.197167
0.396315 0.053805 0.440270 0.197167
0.396315 0.053805 0.440270 0.197167
0.396315 0.053805 0.440270 0.197167
0.396315 0.053805 0.440270 0.197167
0.396315 0.053805 0.440270 0.197167
0.396315 0.053805 0.440270 0.197167
0.396315 0.053805 0.440270 0.197167
0.396315 0.053805 0.440270 0.197167
0.396315 0.053805 0.440270 0.197167
0.396315 0.053805 0.440270 0.197167
0.396315 0.053805 0.440270 0.197167
0.396315 0.053805 0.440270 0.197167
0.396315 0.053805 0.440270 0.197167
0.396315 0.053805 0.440270 0.197167
0.396315 0.053805 0.440270 0.197167
0.396315 0.053805 0.440270 0.197167
0.396315 0.053805 0.440270 0.197167
0.396315 0.053805 0.440270 0.197167
0.396315 0.053805 0.440270 0.197167
0.5 0.0 0.6220472440944882 0.5433070866141733
0.5 0.4235294117647059 0.6220472440944882 0.0
0.5 0.0 0.5905511811023622 0.0
0.5 0.0 0.5826771653543307 0.5196850393700787
0.5 0.0 0.6062992125984252 0.6141732283464567
0.5 0.1411764705882353 0.6062992125984252 0.0
0.5 0.0 0.5826771653543307 0.5354330708661418
0.5 0.0 0.6062992125984252 0.6299212598425197
0.5 0.0 0.6062992125984252 0.6141732283464567
0.5 0.1411764705882353 0.6062992125984252 0.0
0.561382 0.344352 0.612243 0.452494
0.561382 0.344352 0.612243 0.452494
0.561382 0.344352 0.612243 0.452494
0.561382 0.344352 0.612243 0.452494
0.561382 0.344352 0.612243 0.452494
0.561382 0.344352 0.612243 0.452494
0.561382 0.344352 0.612243 0.452494
0.561382 0.344352 0.612243 0.452494
0.561382 0.344352 0.612243 0.452494
0.561382 0.344352 0.612243 0.452494
0.561382 0.344352 0.612243 0.452494
0.561382 0.344352 0.612243 0.452494
0.561382 0.344352 0.612243 0.452494
0.561382 0.344352 0.612243 0.452494
0.561382 0.344352 0.612243 0.452494
0.561382 0.344352 0.612243 0.452494
0.561382 0.344352 0.612243 0.452494
0.561382 0.344352 0.612243 0.452494
0.561382 0.344352 0.612243 0.452494
0.561382 0.344352 0.612243 0.452494
0.561382 0.344352 0.612243 0.452494
0.561382 0.344352 0.612243 0.452494
0.561382 0.344352 0.612243 0.452494
0.561382 0.344352 0.612243 0.452494
0.561382 0.344352 0.612243 0.452494
0.561382 0.344352 0.612243 0.452494
0.561382 0.344352 0.612243 0.452494
0.561382 0.344352 0.612243 0.452494
0.561382 0.344352 0.612243 0.452494
0.561382 0.344352 0.612243 0.452494
0.561382 0.344352 0.612243 0.452494
0.561382 0.344352 0.612243 0.452494
0.561382 0.344352 0.612243 0.452494
0.561382 0.344352 0.612243 0.452494
0.561382 0.344352 0.612243 0.452494
0.561382 0.344352 0.612243 0.452494
0.561382 0.344352 0.612243 0.452494
0.561382 0.344352 0.612243 0.452494
0.561382 0.344352 0.612243 0.452494
0.561382 0.344352 0.612243 0.452494
0.561382 0.344352 0.612243 0.452494
0.561382 0.344352 0.612243 0.452494
0.561382 0.344352 0.612243 0.452494
0.561382 0.344352 0.612243 0.452494
0.561382 0.344352 0.612243 0.452494
0.561382 0.344352 0.612243 0.452494
0.561382 0.344352 0.612243 0.452494
0.561382 0.344352 0.612243 0.452494
0.561382 0.344352 0.612243 0.452494
0.561382 0.344352 0.612243 0.452494
0.561382 0.344352 0.612243 0.452494
0.561382 0.344352 0.612243 0.452494
0.561382 0.344352 0.612243 0.452494
0.561382 0.344352 0.612243 0.452494
0.561382 0.344352 0.612243 0.452494
0.561382 0.344352 0.612243 0.452494
0.561382 0.344352 0.612243 0.452494
0.561382 0.344352 0.612243 0.452494
0.561382 0.344352 0.612243 0.452494
0.561382 0.344352 0.612243 0.452494
0.561382 0.344352 0.612243 0.452494
0.561382 0.344352 0.612243 0.452494
0.561382 0.344352 0.612243 0.452494
0.561382 0.344352 0.612243 0.452494
0.561382 0.344352 0.612243 0.452494
0.561382 0.344352 0.612243 0.452494
0.561382 0.344352 0.612243 0.452494
0.561382 0.344352 0.612243 0.452494
0.561382 0.344352 0.612243 0.452494
0.561382 0.344352 0.612243 0.452494
0.561382 0.344352 0.612243 0.452494
0.561382 0.344352 0.612243 0.452494
0.561382 0.344352 0.612243 0.452494
0.561382 0.344352 0.612243 0.452494
0.561382 0.344352 0.612243 0.452494
0.561382 0.344352 0.612243 0.452494
0.561382 0.344352 0.612243 0.452494
0.561382 0.344352 0.612243 0.452494
0.561382 0.344352 0.612243 0.452494
0.561382 0.344352 0.612243 0.452494
0.561382 0.344352 0.612243 0.452494
0.561382 0.344352 0.612243 0.452494
0.561382 0.344352 0.612243 0.452494
0.561382 0.344352 0.612243 0.452494
0.561382 0.344352 0.612243 0.452494
0.561382 0.344352 0.612243 0.452494
0.561382 0.344352 0.612243 0.452494
0.561382 0.344352 0.612243 0.452494
0.561382 0.344352 0.612243 0.452494
0.561382 0.344352 0.612243 0.452494
0.561382 0.344352 0.612243 0.452494
0.561382 0.344352 0.612243 0.452494
0.561382 0.344352 0.612243 0.452494
0.561382 0.344352 0.612243 0.452494
0.561382 0.344352 0.612243 0.452494
0.561382 0.344352 0.612243 0.452494
0.561382 0.344352 0.612243 0.452494
0.561382 0.344352 0.612243 0.452494
0.561382 0.344352 0.612243 0.452494
0.561382 0.344352 0.612243 0.452494
0.561382 0.344352 0.612243 0.452494
0.561382 0.344352 0.612243 0.452494
0.5 0.0 0.6220472440944882 0.5433070866141733
0.5 0.4235294117647059 0.6220472440944882 0.0
0.5 0.0 0.5905511811023622 0.0
0.5 0.0 0.5826771653543307 0.5196850393700787
0.5 0.0 0.6062992125984252 0.6141732283464567
0.5 0.1411764705882353 0.6062992125984252 0.0
0.5 0.0 0.5826771653543307 0.5354330708661418
0.5 0.0 0.6062992125984252 0.6299212598425197
0.5 0.0 0.6062992125984252 0.6141732283464567
0.5 0.1411764705882353 0.6062992125984252 0.0
0.527429 0.394565 0.548393 0.465351
0.527429 0.394565 0.548393 0.465351
0.527429 0.394565 0.548393 0.465351
0.527429 0.394565 0.548393 0.465351
0.527429 0.394565 0.548393 0.465351
0.527429 0.394565 0.548393 0.465351
0.527429 0.394565 0.548393 0.465351
0.527429 0.394565 0.548393 0.465351
0.527429 0.394565 0.548393 0.465351
0.527429 0.394565 0.548393 0.465351
0.527429 0.394565 0.548393 0.465351
0.527429 0.394565 0.548393 0.465351
0.527429 0.394565 0.548393 0.465351
0.527429 0.394565 0.548393 0.465351
0.527429 0.394565 0.548393 0.465351
0.527429 0.394565 0.548393 0.465351
0.527429 0.394565 0.548393 0.465351
0.527429 0.394565 0.548393 0.465351
0.527429 0.394565 0.548393 0.465351
0.527429 0.394565 0.548393 0.465351
0.527429 0.394565 0.548393 0.465351
0.527429 0.394565 0.548393 0.465351
0.527429 0.394565 0.548393 0.465351
0.527429 0.394565 0.548393 0.465351
0.527429 0.394565 0.548393 0.465351
0.527429 0.394565 0.548393 0.465351
0.527429 0.394565 0.548393 0.465351
0.527429 0.394565 0.548393 0.465351
0.527429 0.394565 0.548393 0.465351
0.527429 0.394565 0.548393 0.465351
0.527429 0.394565 0.548393 0.465351
0.527429 0.394565 0.548393 0.465351
0.527429 0.394565 0.548393 0.465351
0.527429 0.394565 0.548393 0.465351
0.527429 0.394565 0.548393 0.465351
0.527429 0.394565 0.548393 0.465351
0.527429 0.394565 0.548393 0.465351
0.527429 0.394565 0.548393 0.465351
0.527429 0.394565 0.548393 0.465351
0.527429 0.394565 0.548393 0.465351
0.527429 0.394565 0.548393 0.465351
0.527429 0.394565 0.548393 0.465351
0.527429 0.394565 0.548393 0.465351
0.527429 0.394565 0.548393 0.465351
0.527429 0.394565 0.548393 0.465351
0.527429 0.394565 0.548393 0.465351
0.527429 0.394565 0.548393 0.465351
0.527429 0.394565 0.548393 0.465351
0.5 0.0 0.6220472440944882 0.5433070866141733
0.5 0.4235294117647059 0.6220472440944882 0.0
0.5 0.0 0.5905511811023622 0.0
0.5 0.0 0.5826771653543307 0.5196850393700787
0.5 0.0 0.6062992125984252 0.6141732283464567
0.5 0.1411764705882353 0.6062992125984252 0.0
0.5 0.0 0.5826771653543307 0.5354330708661418
0.5 0.0 0.6062992125984252 0.6299212598425197
0.5 0.0 0.6062992125984252 0.6141732283464567
0.5 0.1411764705882353 0.6062992125984252 0.0
0.522781 0.367257 0.643260 0.469100
0.522781 0.367257 0.643260 0.469100
0.522781 0.367257 0.643260 0.469100
0.522781 0.367257 0.643260 0.469100
0.522781 0.367257 0.643260 0.469100
0.522781 0.367257 0.643260 0.469100
0.522781 0.367257 0.643260 0.469100
0.522781 0.367257 0.643260 0.469100
0.522781 0.367257 0.643260 0.469100
0.522781 0.367257 0.643260 0.469100
0.522781 0.367257 0.643260 0.469100
0.522781 0.367257 0.643260 0.469100
0.522781 0.367257 0.643260 0.469100
0.522781 0.367257 0.643260 0.469100
0.522781 0.367257 0.643260 0.469100
0.522781 0.367257 0.643260 0.469100
0.522781 0.367257 0.643260 0.469100
0.522781 0.367257 0.643260 0.469100
0.522781 0.367257 0.643260 0.469100
0.522781 0.367257 0.643260 0.469100
0.522781 0.367257 0.643260 0.469100
0.522781 0.367257 0.643260 0.469100
0.522781 0.367257 0.643260 0.469100
0.522781 0.367257 0.643260 0.469100
0.522781 0.367257 0.643260 0.469100
0.522781 0.367257 0.643260 0.469100
0.522781 0.367257 0.643260 0.469100
0.522781 0.367257 0.643260 0.469100
0.522781 0.367257 0.643260 0.469100
0.522781 0.367257 0.643260 0.469100
0.522781 0.367257 0.643260 0.469100
0.522781 0.367257 0.643260 0.469100
0.522781 0.367257 0.643260 0.469100
0.522781 0.367257 0.643260 0.469100
0.522781 0.367257 0.643260 0.469100
0.522781 0.367257 0.643260 0.469100
0.522781 0.367257 0.643260 0.469100
0.522781 0.367257 0.643260 0.469100
0.522781 0.367257 0.643260 0.469100
0.522781 0.367257 0.643260 0.469100
0.522781 0.367257 0.643260 0.469100
0.522781 0.367257 0.643260 0.469100
0.522781 0.367257 0.643260 0.469100
0.522781 0.367257 0.643260 0.469100
0.522781 0.367257 0.643260 0.469100
0.522781 0.367257 0.643260 0.469100
0.522781 0.367257 0.643260 0.469100
0.522781 0.367257 0.643260 0.469100
0.522781 0.367257 0.643260 0.469100
0.522781 0.367257 0.643260 0.469100
0.522781 0.367257 0.643260 0.469100
0.522781 0.367257 0.643260 0.469100
0.522781 0.367257 0.643260 0.469100
0.522781 0.367257 0.643260 0.469100
0.522781 0.367257 0.643260 0.469100
0.522781 0.367257 0.643260 0.469100
0.522781 0.367257 0.643260 0.469100
0.522781 0.367257 0.643260 0.469100
0.522781 0.367257 0.643260 0.469100
0.522781 0.367257 0.643260 0.469100
0.522781 0.367257 0.643260 0.469100
0.522781 0.367257 0.643260 0.469100
0.522781 0.367257 0.643260 0.469100
0.522781 0.367257 0.643260 0.469100
0.522781 0.367257 0.643260 0.469100
0.522781 0.367257 0.643260 0.469100
0.522781 0.367257 0.643260 0.469100
0.522781 0.367257 0.643260 0.469100
0.522781 0.367257 0.643260 0.469100
0.522781 0.367257 0.643260 0.469100
0.522781 0.367257 0.643260 0.469100
0.522781 0.367257 0.643260 0.469100
0.522781 0.367257 0.643260 0.469100
0.522781 0.367257 0.643260 0.469100
0.522781 0.367257 0.643260 0.469100
0.522781 0.367257 0.643260 0.469100
0.522781 0.367257 0.643260 0.469100
0.522781 0.367257 0.643260 0.469100
0.522781 0.367257 0.643260 0.469100
0.522781 0.367257 0.643260 0.469100
0.522781 0.367257 0.643260 0.469100
0.522781 0.367257 0.643260 0.469100
0.522781 0.367257 0.643260 0.469100
0.522781 0.367257 0.643260 0.469100
0.522781 0.367257 0.643260 0.469100
0.522781 0.367257 0.643260 0.469100
0.522781 0.367257 0.643260 0.469100
0.522781 0.367257 0.643260 0.469100
0.522781 0.367257 0.643260 0.469100
0.522781 0.367257 0.643260 0.469100
0.522781 0.367257 0.643260 0.469100
0.522781 0.367257 0.643260 0.469100
0.522781 0.367257 0.643260 0.469100
0.522781 0.367257 0.643260 0.469100
0.522781 0.367257 0.643260 0.469100
0.522781 0.367257 0.643260 0.469100
0.522781 0.367257 0.643260 0.469100
0.522781 0.367257 0.643260 0.469100
0.522781 0.367257 0.643260 0.469100
0.522781 0.367257 0.643260 0.469100
0.522781 0.367257 0.643260 0.469100
0.522781 0.367257 0.643260 0.469100
0.5 0.0 0.6220472440944882 0.5433070866141733
0.5 0.4235294117647059 0.6220472440944882 0.0
0.5 0.0 0.5905511811023622 0.0
0.5 0.0 0.5826771653543307 0.5196850393700787
0.5 0.0 0.6062992125984252 0.6141732283464567
0.5 0.1411764705882353 0.6062992125984252 0.0
0.5 0.0 0.5826771653543307 0.5354330708661418
0.5 0.0 0.6062992125984252 0.6299212598425197
0.5 0.0 0.6062992125984252 0.6141732283464567
0.5 0.1411764705882353 0.6062992125984252 0.0
0.555823 0.409623 0.580963 0.475494
0.555823 0.409623 0.580963 0.475494
0.555823 0.409623 0.580963 0.475494
0.555823 0.409623 0.580963 0.475494
0.555823 0.409623 0.580963 0.475494
0.555823 0.409623 0.580963 0.475494
0.555823 0.409623 0.580963 0.475494
0.555823 0.409623 0.580963 0.475494
0.555823 0.409623 0.580963 0.475494
0.555823 0.409623 0.580963 0.475494
0.555823 0.409623 0.580963 0.475494
0.555823 0.409623 0.580963 0.475494
0.555823 0.409623 0.580963 0.475494
0.555823 0.409623 0.580963 0.475494
0.555823 0.409623 0.580963 0.475494
0.555823 0.409623 0.580963 0.475494
0.555823 0.409623 0.580963 0.475494
0.555823 0.409623 0.580963 0.475494
0.555823 0.409623 0.580963 0.475494
0.555823 0.409623 0.580963 0.475494
0.555823 0.409623 0.580963 0.475494
0.555823 0.409623 0.580963 0.475494
0.555823 0.409623 0.580963 0.475494
0.555823 0.409623 0.580963 0.475494
0.555823 0.409623 0.580963 0.475494
0.555823 0.409623 0.580963 0.475494
0.555823 0.409623 0.580963 0.475494
0.555823 0.409623 0.580963 0.475494
0.555823 0.409623 0.580963 0.475494
0.555823 0.409623 0.580963 0.475494
0.555823 0.409623 0.580963 0.475494
0.555823 0.409623 0.580963 0.475494
0.555823 0.409623 0.580963 0.475494
0.555823 0.409623 0.580963 0.475494
0.555823 0.409623 0.580963 0.475494
0.555823 0.409623 0.580963 0.475494
0.555823 0.409623 0.580963 0.475494
0.555823 0.409623 0.580963 0.475494
0.555823 0.409623 0.580963 0.475494
0.555823 0.409623 0.580963 0.475494
0.555823 0.409623 0.580963 0.475494
0.555823 0.409623 0.580963 0.475494
0.555823 0.409623 0.580963 0.475494
0.555823 0.409623 0.580963 0.475494
0.555823 0.409623 0.580963 0.475494
0.555823 0.409623 0.580963 0.475494
0.555823 0.409623 0.580963 0.475494
0.555823 0.409623 0.580963 0.475494
0.555823 0.409623 0.580963 0.475494
0.555823 0.409623 0.580963 0.475494
0.555823 0.409623 0.580963 0.475494
0.555823 0.409623 0.580963 0.475494
0.555823 0.409623 0.580963 0.475494
0.555823 0.409623 0.580963 0.475494
0.555823 0.409623 0.580963 0.475494
0.555823 0.409623 0.580963 0.475494
0.555823 0.409623 0.580963 0.475494
0.555823 0.409623 0.580963 0.475494
0.555823 0.409623 0.580963 0.475494
0.555823 0.409623 0.580963 0.475494
0.555823 0.409623 0.580963 0.475494
0.555823 0.409623 0.580963 0.475494
0.555823 0.409623 0.580963 0.475494
0.555823 0.409623 0.580963 0.475494
0.555823 0.409623 0.580963 0.475494
0.555823 0.409623 0.580963 0.475494
0.555823 0.409623 0.580963 0.475494
0.555823 0.409623 0.580963 0.475494
0.555823 0.409623 0.580963 0.475494
0.555823 0.409623 0.580963 0.475494
0.555823 0.409623 0.580963 0.475494
0.555823 0.409623 0.580963 0.475494
0.555823 0.409623 0.580963 0.475494
0.555823 0.409623 0.580963 0.475494
0.555823 0.409623 0.580963 0.475494
0.555823 0.409623 0.580963 0.475494
0.555823 0.409623 0.580963 0.475494
0.555823 0.409623 0.580963 0.475494
0.555823 0.409623 0.580963 0.475494
0.555823 0.409623 0.580963 0.475494
0.555823 0.409623 0.580963 0.475494
0.555823 0.409623 0.580963 0.475494
0.555823 0.409623 0.580963 0.475494
0.555823 0.409623 0.580963 0.475494
0.555823 0.409623 0.580963 0.475494
0.555823 0.409623 0.580963 0.475494
0.555823 0.409623 0.580963 0.475494
0.555823 0.409623 0.580963 0.475494
0.555823 0.409623 0.580963 0.475494
0.555823 0.409623 0.580963 0.475494
0.555823 0.409623 0.580963 0.475494
0.555823 0.409623 0.580963 0.475494
0.555823 0.409623 0.580963 0.475494
0.555823 0.409623 0.580963 0.475494
0.555823 0.409623 0.580963 0.475494
0.555823 0.409623 0.580963 0.475494
0.555823 0.409623 0.580963 0.475494
0.555823 0.409623 0.580963 0.475494
0.555823 0.409623 0.580963 0.475494
0.555823 0.409623 0.580963 0.475494
0.555823 0.409623 0.580963 0.475494
0.555823 0.409623 0.580963 0.475494
0.5 0.0 0.6220472440944882 0.5433070866141733
0.5 0.4235294117647059 0.6220472440944882 0.0
0.5 0.0 0.5905511811023622 0.0
0.5 0.0 0.5826771653543307 0.5196850393700787
0.5 0.0 0.6062992125984252 0.6141732283464567
0.5 0.1411764705882353 0.6062992125984252 0.0
0.5 0.0 0.5826771653543307 0.5354330708661418
0.5 0.0 0.6062992125984252 0.6299212598425197
0.5 0.0 0.6062992125984252 0.6141732283464567
0.5 0.1411764705882353 0.6062992125984252 0.0
0.491508 0.414549 0.476661 0.455624
0.491508 0.414549 0.476661 0.455624
0.491508 0.414549 0.476661 0.455624
0.491508 0.414549 0.476661 0.455624
0.491508 0.414549 0.476661 0.455624
0.491508 0.414549 0.476661 0.455624
0.491508 0.414549 0.476661 0.455624
0.491508 0.414549 0.476661 0.455624
0.491508 0.414549 0.476661 0.455624
0.491508 0.414549 0.476661 0.455624
0.491508 0.414549 0.476661 0.455624
0.5 0.0 0.6220472440944882 0.5433070866141733
0.5 0.4235294117647059 0.6220472440944882 0.0
0.5 0.0 0.5905511811023622 0.0
0.5 0.0 0.5826771653543307 0.5196850393700787
0.5 0.0 0.6062992125984252 0.6141732283464567
0.5 0.1411764705882353 0.6062992125984252 0.0
0.5 0.0 0.5826771653543307 0.5354330708661418
0.5 0.0 0.6062992125984252 0.6299212598425197
0.5 0.0 0.6062992125984252 0.6141732283464567
0.5 0.1411764705882353 0.6062992125984252 0.0
0.5 0.0 0.6220472440944882 0.5433070866141733
0.5 0.4235294117647059 0.6220472440944882 0.0
0.5 0.0 0.5905511811023622 0.0
0.5 0.0 0.5826771653543307 0.5196850393700787
0.5 0.0 0.6062992125984252 0.6141732283464567
0.5 0.1411764705882353 0.6062992125984252 0.0
0.5 0.0 0.5826771653543307 0.5354330708661418
0.5 0.0 0.6062992125984252 0.6299212598425197
0.5 0.0 0.6062992125984252 0.6141732283464567
0.5 0.1411764705882353 0.6062992125984252 0.0
0.5 0.0 0.6220472440944882 0.5433070866141733
0.5 0.4235294117647059 0.6220472440944882 0.0
0.5 0.0 0.5905511811023622 0.0
0.5 0.0 0.5826771653543307 0.5196850393700787
0.5 0.0 0.6062992125984252 0.6141732283464567
0.5 0.1411764705882353 0.6062992125984252 0.0
0.5 0.0 0.5826771653543307 0.5354330708661418
0.5 0.0 0.6062992125984252 0.6299212598425197
0.5 0.0 0.6062992125984252 0.6141732283464567
0.5 0.1411764705882353 0.6062992125984252 0.0
0.5 0.0 0.6220472440944882 0.5433070866141733
0.5 0.4235294117647059 0.6220472440944882 0.0
0.5 0.0 0.5905511811023622 0.0
0.5 0.0 0.5826771653543307 0.5196850393700787
0.5 0.0 0.6062992125984252 0.6141732283464567
0.5 0.1411764705882353 0.6062992125984252 0.0
0.5 0.0 0.5826771653543307 0.5354330708661418
0.5 0.0 0.6062992125984252 0.6299212598425197
0.5 0.0 0.6062992125984252 0.6141732283464567
0.5 0.1411764705882353 0.6062992125984252 0.0
0.5 0.0 0.6220472440944882 0.5433070866141733
0.5 0.4235294117647059 0.6220472440944882 0.0
0.5 0.0 0.5905511811023622 0.0
0.5 0.0 0.5826771653543307 0.5196850393700787
0.5 0.0 0.6062992125984252 0.6141732283464567
0.5 0.1411764705882353 0.6062992125984252 0.0
0.5 0.0 0.5826771653543307 0.5354330708661418
0.5 0.0 0.6062992125984252 0.6299212598425197
0.5 0.0 0.6062992125984252 0.6141732283464567
0.5 0.1411764705882353 0.6062992125984252 0.0
0.5 0.0 0.6220472440944882 0.5433070866141733
0.5 0.4235294117647059 0.6220472440944882 0.0
0.5 0.0 0.5905511811023622 0.0
0.5 0.0 0.5826771653543307 0.5196850393700787
0.5 0.0 0.6062992125984252 0.6141732283464567
0.5 0.1411764705882353 0.6062992125984252 0.0
0.5 0.0 0.5826771653543307 0.5354330708661418
0.5 0.0 0.6062992125984252 0.6299212598425197
0.5 0.0 0.6062992125984252 0.6141732283464567
0.5 0.1411764705882353 0.6062992125984252 0.0
0.5 0.0 0.6220472440944882 0.5433070866141733
0.5 0.4235294117647059 0.6220472440944882 0.0
0.5 0.0 0.5905511811023622 0.0
0.5 0.0 0.5826771653543307 0.5196850393700787
0.5 0.0 0.6062992125984252 0.6141732283464567
0.5 0.1411764705882353 0.6062992125984252 0.0
0.5 0.0 0.5826771653543307 0.5354330708661418
0.5 0.0 0.6062992125984252 0.6299212598425197
0.5 0.0 0.6062992125984252 0.6141732283464567
0.5 0.1411764705882353 0.6062992125984252 0.0
0.5 0.0 0.6220472440944882 0.5433070866141733
0.5 0.4235294117647059 0.6220472440944882 0.0
0.5 0.0 0.5905511811023622 0.0
0.5 0.0 0.5826771653543307 0.5196850393700787
0.5 0.0 0.6062992125984252 0.6141732283464567
0.5 0.1411764705882353 0.6062992125984252 0.0
0.5 0.0 0.5826771653543307 0.5354330708661418
0.5 0.0 0.6062992125984252 0.6299212598425197
0.5 0.0 0.6062992125984252 0.6141732283464567
0.5 0.1411764705882353 0.6062992125984252 0.0
0.5 0.0 0.6220472440944882 0.5433070866141733
0.5 0.4235294117647059 0.6220472440944882 0.0
0.5 0.0 0.5905511811023622 0.0
0.5 0.0 0.5826771653543307 0.5196850393700787
0.5 0.0 0.6062992125984252 0.6141732283464567
0.5 0.1411764705882353 0.6062992125984252 0.0
0.5 0.0 0.5826771653543307 0.5354330708661418
0.5 0.0 0.6062992125984252 0.6299212598425197
0.5 0.0 0.6062992125984252 0.6141732283464567
0.5 0.1411764705882353 0.6062992125984252 0.0
0.5 0.0 0.6220472440944882 0.5433070866141733
0.5 0.4235294117647059 0.6220472440944882 0.0
0.5 0.0 0.5905511811023622 0.0
0.5 0.0 0.5826771653543307 0.5196850393700787
0.5 0.0 0.6062992125984252 0.6141732283464567
0.5 0.1411764705882353 0.6062992125984252 0.0
0.5 0.0 0.5826771653543307 0.5354330708661418
0.5 0.0 0.6062992125984252 0.6299212598425197
0.5 0.0 0.6062992125984252 0.6141732283464567
0.5 0.1411764705882353 0.6062992125984252 0.0
0.5 0.0 0.6220472440944882 0.5433070866141733
0.5 0.4235294117647059 0.6220472440944882 0.0
0.5 0.0 0.5905511811023622 0.0
0.5 0.0 0.5826771653543307 0.5196850393700787
0.5 0.0 0.6062992125984252 0.6141732283464567
0.5 0.1411764705882353 0.6062992125984252 0.0
0.5 0.0 0.5826771653543307 0.5354330708661418
0.5 0.0 0.6062992125984252 0.6299212598425197
0.5 0.0 0.6062992125984252 0.6141732283464567
0.5 0.1411764705882353 0.6062992125984252 0.0
0.5 0.0 0.6220472440944882 0.5433070866141733
0.5 0.4235294117647059 0.6220472440944882 0.0
0.5 0.0 0.5905511811023622 0.0
0.5 0.0 0.5826771653543307 0.5196850393700787
0.5 0.0 0.6062992125984252 0.6141732283464567
0.5 0.1411764705882353 0.6062992125984252 0.0
0.5 0.0 0.5826771653543307 0.5354330708661418
0.5 0.0 0.6062992125984252 0.6299212598425197
0.5 0.0 0.6062992125984252 0.6141732283464567
0.5 0.1411764705882353 0.6062992125984252 0.0
0.5 0.0 0.6220472440944882 0.5433070866141733
0.5 0.4235294117647059 0.6220472440944882 0.0
0.5 0.0 0.5905511811023622 0.0
0.5 0.0 0.5826771653543307 0.5196850393700787
0.5 0.0 0.6062992125984252 0.6141732283464567
0.5 0.1411764705882353 0.6062992125984252 0.0
0.5 0.0 0.5826771653543307 0.5354330708661418
0.5 0.0 0.6062992125984252 0.6299212598425197
0.5 0.0 0.6062992125984252 0.6141732283464567
0.5 0.1411764705882353 0.6062992125984252 0.0
0.5 0.0 0.6220472440944882 0.5433070866141733
0.5 0.4235294117647059 0.6220472440944882 0.0
0.5 0.0 0.5905511811023622 0.0
0.5 0.0 0.5826771653543307 0.5196850393700787
0.5 0.0 0.6062992125984252 0.6141732283464567
0.5 0.1411764705882353 0.6062992125984252 0.0
0.5 0.0 0.5826771653543307 0.5354330708661418
0.5 0.0 0.6062992125984252 0.6299212598425197
0.5 0.0 0.6062992125984252 0.6141732283464567
0.5 0.1411764705882353 0.6062992125984252 0.0
