0 0 7 100
0 0 10 64
0.5 0 58 38
0.5 0 67 49
0.5 0 63 41
0 0 91 127
0.5 240 58 0
0.5 0 57 37
0.5 240 57 0
0.5 0 58 38
0.5 240 58 0
0.5 0 63 0
0.5 0 67 0
0.5 0 55 45
0.5 240 55 0
0.5 0 67 50
0.5 0 63 50
0.5 0 55 47
0.5 240 55 0
0.5 0 58 42
0.5 240 58 0
0.5 0 63 0
0.5 0 67 0
0.5 0 57 38
0.5 0 62 41
0.5 0 68 49
0.5 240 57 0
0.5 0 58 38
0.5 240 58 0
0.5 0 60 42
0.5 240 60 0
0.5 0 68 0
0.5 0 62 0
0.5 0 61 39
0.5 240 61 0
0.5 0 62 38
0.5 0 68 48
0.5 240 62 0
0.5 0 58 40
0.5 240 58 0
0.5 0 68 0
0.5 0 67 46
0.5 0 58 36
0.5 0 63 38
0.5 240 58 0
0.5 0 57 38
0.5 240 57 0
0.5 0 58 42
0.5 240 58 0
0.5 0 63 0
0.5 0 67 0
0.5 0 55 45
0.5 240 55 0
0.5 0 67 50
0.5 0 63 50
0.5 0 55 47
0.5 240 55 0
0.5 0 58 41
0.5 240 58 0
0.5 0 63 0
0.5 0 67 0
0.5 0 62 38
0.5 0 57 36
0.5 0 68 46
0.5 240 57 0
0.5 0 58 37
0.5 240 58 0
0.5 0 60 42
0.5 240 60 0
0.5 0 68 0
0.5 0 62 0
0.5 0 61 42
0.5 240 61 0
0.5 0 62 38
0.5 0 68 48
0.5 240 62 0
0.5 0 58 40
0.5 240 58 0
0.5 0 68 0
0.5 0 63 47
0.5 0 75 47
0.5 240 75 0
0.5 0 63 0
0.5 0 65 41
0.5 0 77 41
0.5 240 77 0
0.5 0 65 0
0.5 0 79 49
0.5 240 79 0
0.5 0 70 52
0.5 0 82 52
0.5 360 82 0
0.5 0 70 0
0.5 0 70 43
0.5 0 82 43
0.5 360 82 0
0.5 0 70 0
0.5 240 70 52
0.5 0 82 52
0.5 240 82 0
0.5 0 70 0
0.5 0 72 50
0.5 0 84 50
0.5 240 84 0
0.5 0 72 0
0.5 0 74 55
0.5 0 86 55
0.5 240 86 0
0.5 0 74 0
0.5 0 89 54
0.5 0 77 54
0.5 240 77 0
0.5 0 89 0
0.5 0 86 53
0.5 0 74 53
0.5 240 74 0
0.5 0 86 0
0.5 0 84 55
0.5 0 72 55
0.5 240 72 0
0.5 0 84 0
0.5 0 74 53
0.5 0 86 53
0.5 240 86 0
0.5 0 74 0
0.5 0 72 46
0.5 0 84 46
0.5 240 84 0
0.5 0 72 0
0.5 0 67 51
0.5 0 79 51
0.5 360 79 0
0.5 0 67 0
0.5 0 67 43
0.5 0 79 43
0.5 360 79 0
0.5 0 67 0
0.5 240 65 52
0.5 0 77 52
0.5 240 77 0
0.5 0 65 0
0.5 0 67 50
0.5 0 79 50
0.5 240 79 0
0.5 0 67 0
0.5 0 68 55
0.5 0 80 55
0.5 240 80 0
0.5 0 68 0
0.5 0 82 53
0.5 0 70 53
0.5 240 70 0
0.5 0 82 0
0.5 0 80 53
0.5 0 68 53
0.5 240 68 0
0.5 0 80 0
0.5 0 79 55
0.5 0 67 55
0.5 238 67 0
0.5 2 79 0
0.5 0 65 50
0.5 0 77 50
0.5 240 77 0
0.5 0 65 0
0.5 0 63 46
0.5 0 75 46
0.5 240 75 0
0.5 0 63 0
0.5 0 58 46
0.5 0 70 46
0.5 360 70 0
0.5 0 58 0
0.5 0 58 43
0.5 0 70 43
0.5 360 70 0
0.5 0 58 0
0.5 240 62 46
0.5 0 65 52
0.5 240 65 0
0.5 0 67 49
0.5 240 67 0
0.5 0 68 55
0.5 240 68 0
0.5 0 70 53
0.5 240 70 0
0.5 0 68 53
0.5 120 68 0
0.5 0 67 49
0.5 60 67 0
0.5 0 68 50
0.5 60 68 0
0.5 0 62 0
0.5 0 63 48
0.5 0 67 55
0.5 240 67 0
0.5 0 65 50
0.5 240 65 0
0.5 0 63 0
0.5 0 63 46
0.5 240 63 0
0.5 0 58 51
0.5 238 58 0
0.5 2 60 50
0.5 240 60 0
0.5 0 63 50
0.5 240 63 0
0.5 0 56 48
0.5 0 62 55
0.5 238 56 0
0.5 2 62 0
0.5 0 65 50
0.5 240 65 0
0.5 0 62 46
0.5 120 62 0
0.5 0 60 41
0.5 60 60 0
0.5 0 62 41
0.5 60 62 0
0.5 0 60 50
0.5 360 60 0
0.5 0 58 45
0.5 0 56 45
0.5 360 56 0
0.5 0 58 0
0.5 0 58 38
0.5 0 67 49
0.5 0 63 41
0.5 240 58 0
0.5 0 57 41
0.5 240 57 0
0.5 0 58 41
0.5 240 58 0
0.5 0 63 0
0.5 0 67 0
0.5 0 55 47
0.5 240 55 0
0.5 0 67 50
0.5 0 63 50
0.5 0 55 47
0.5 240 55 0
0.5 0 58 42
0.5 240 58 0
0.5 0 63 0
0.5 0 67 0
0.5 0 57 38
0.5 0 62 41
0.5 0 68 49
0.5 240 57 0
0.5 0 58 38
0.5 240 58 0
0.5 0 60 42
0.5 240 60 0
0.5 0 68 0
0.5 0 62 0
0.5 0 61 39
0.5 240 61 0
0.5 0 62 38
0.5 0 68 48
0.5 240 62 0
0.5 0 58 40
0.5 240 58 0
0.5 0 68 0
0.5 0 58 36
0.5 0 67 46
0.5 0 63 38
0.5 240 58 0
0.5 0 57 44
0.5 240 57 0
0.5 0 58 44
0.5 240 58 0
0.5 0 63 0
0.5 0 67 0
0.5 0 55 47
0.5 240 55 0
0.5 0 67 50
0.5 0 63 50
0.5 0 55 47
0.5 240 55 0
0.5 0 58 41
0.5 240 58 0
0.5 0 63 0
0.5 0 67 0
0.5 0 57 36
0.5 0 62 38
0.5 0 68 46
0.5 240 57 0
0.5 0 58 39
0.5 240 58 0
0.5 0 60 42
0.5 240 60 0
0.5 0 68 0
0.5 0 62 0
0.5 0 61 39
0.5 240 61 0
0.5 0 62 38
0.5 0 68 48
0.5 240 62 0
0.5 0 58 40
0.5 240 58 0
0.5 0 68 0
0.5 0 63 47
0.5 0 75 47
0.5 240 75 0
0.5 0 63 0
0.5 0 65 41
0.5 0 77 41
0.5 240 77 0
0.5 0 65 0
0.5 0 79 42
0.5 240 79 0
0.5 0 70 54
0.5 0 82 54
0.5 360 82 0
0.5 0 70 0
0.5 0 70 43
0.5 0 82 43
0.5 360 82 0
0.5 0 70 0
0.5 240 70 52
0.5 0 82 52
0.5 240 82 0
0.5 0 70 0
0.5 0 72 48
0.5 0 84 48
0.5 240 84 0
0.5 0 72 0
0.5 0 74 55
0.5 0 86 55
0.5 240 86 0
0.5 0 74 0
0.5 0 89 50
0.5 0 77 50
0.5 240 77 0
0.5 0 89 0
0.5 0 86 53
0.5 0 74 53
0.5 240 74 0
0.5 0 86 0
0.5 0 84 55
0.5 0 72 55
0.5 240 72 0
0.5 0 84 0
0.5 0 74 53
0.5 0 86 53
0.5 240 86 0
0.5 0 74 0
0.5 0 72 46
0.5 0 84 46
0.5 240 84 0
0.5 0 72 0
0.5 0 67 51
0.5 0 79 51
0.5 360 79 0
0.5 0 67 0
0.5 0 67 43
0.5 0 79 43
0.5 360 79 0
0.5 0 67 0
0.5 240 65 52
0.5 0 77 52
0.5 240 77 0
0.5 0 65 0
0.5 0 67 53
0.5 0 79 53
0.5 240 79 0
0.5 0 67 0
0.5 0 68 53
0.5 0 80 53
0.5 240 80 0
0.5 0 68 0
0.5 0 82 53
0.5 0 70 53
0.5 240 70 0
0.5 0 82 0
0.5 0 80 53
0.5 0 68 53
0.5 240 68 0
0.5 0 80 0
0.5 0 79 55
0.5 0 67 55
0.5 238 67 0
0.5 2 79 0
0.5 0 65 48
0.5 0 77 48
0.5 240 77 0
0.5 0 65 0
0.5 0 63 46
0.5 0 75 46
0.5 240 75 0
0.5 0 63 0
0.5 0 58 49
0.5 0 70 49
0.5 360 70 0
0.5 0 58 0
0.5 0 58 43
0.5 0 70 43
0.5 360 70 0
0.5 0 58 0
0.5 240 62 46
0.5 0 65 52
0.5 240 65 0
0.5 0 67 53
0.5 240 67 0
0.5 0 68 55
0.5 240 68 0
0.5 0 70 53
0.5 240 70 0
0.5 0 68 53
0.5 120 68 0
0.5 0 67 49
0.5 60 67 0
0.5 0 68 50
0.5 60 68 0
0.5 0 62 0
0.5 0 63 48
0.5 0 67 55
0.5 240 67 0
0.5 0 65 50
0.5 240 65 0
0.5 0 63 0
0.5 0 63 46
0.5 240 63 0
0.5 0 58 51
0.5 238 58 0
0.5 2 60 50
0.5 240 60 0
0.5 0 63 50
0.5 240 63 0
0.5 0 56 48
0.5 0 62 55
0.5 238 56 0
0.5 2 62 0
0.5 0 65 50
0.5 240 65 0
0.5 0 62 46
0.5 120 62 0
0.5 0 60 41
0.5 60 60 0
0.5 0 62 41
0.5 60 62 0
0.5 0 60 50
0.5 360 60 0
0.5 0 58 45
0.5 0 56 45
0.5 360 56 0
0.5 0 58 0
0.5 0 58 38
0.5 0 67 49
0.5 0 63 41
0.5 240 58 0
0.5 0 57 44
0.5 240 57 0
0.5 0 58 44
0.5 240 58 0
0.5 0 63 0
0.5 0 67 0
0.5 0 55 47
0.5 240 55 0
0.5 0 67 50
0.5 0 63 50
0.5 0 55 47
0.5 240 55 0
0.5 0 58 42
0.5 240 58 0
0.5 0 63 0
0.5 0 67 0
0.5 0 57 38
0.5 0 62 41
0.5 0 68 49
0.5 240 57 0
0.5 0 58 42
0.5 240 58 0
0.5 0 60 42
0.5 240 60 0
0.5 0 68 0
0.5 0 62 0
0.5 0 61 42
0.5 240 61 0
0.5 0 62 38
0.5 0 68 48
0.5 240 62 0
0.5 0 58 40
0.5 240 58 0
0.5 0 68 0
0.5 0 58 36
0.5 0 67 46
0.5 0 63 38
0.5 240 58 0
0.5 0 57 44
0.5 240 57 0
0.5 0 58 44
0.5 240 58 0
0.5 0 63 0
0.5 0 67 0
0.5 0 55 47
0.5 240 55 0
0.5 0 67 50
0.5 0 63 50
0.5 0 55 47
0.5 240 55 0
0.5 0 58 41
0.5 240 58 0
0.5 0 63 0
0.5 0 67 0
0.5 0 57 36
0.5 0 62 38
0.5 0 68 46
0.5 240 57 0
0.5 0 58 42
0.5 240 58 0
0.5 0 60 42
0.5 240 60 0
0.5 0 68 0
0.5 0 62 0
0.5 0 61 38
0.5 240 61 0
0.5 0 62 38
0.5 0 68 48
0.5 240 62 0
0.5 0 58 40
0.5 240 58 0
0.5 0 68 0
0.5 0 63 47
0.5 0 75 47
0.5 240 75 0
0.5 0 63 0
0.5 0 65 46
0.5 0 77 46
0.5 240 77 0
0.5 0 65 0
0.5 0 79 42
0.5 240 79 0
0.5 0 70 53
0.5 0 82 53
0.5 720 82 0
0.5 0 70 0
0.5 240 70 52
0.5 0 82 52
0.5 240 82 0
0.5 0 70 0
0.5 0 72 50
0.5 0 84 50
0.5 240 84 0
0.5 0 72 0
0.5 0 73 55
0.5 0 85 55
0.5 240 85 0
0.5 0 73 0
0.5 0 89 47
0.5 0 77 38
0.5 240 77 0
0.5 0 89 0
0.5 0 85 53
0.5 0 73 53
0.5 240 73 0
0.5 0 85 0
0.5 0 84 55
0.5 0 72 55
0.5 240 72 0
0.5 0 84 0
0.5 0 70 52
0.5 0 82 52
0.5 240 82 0
0.5 0 70 0
0.5 0 63 46
0.5 0 75 46
0.5 240 75 0
0.5 0 63 0
0.5 0 63 51
0.5 0 75 51
0.5 240 75 0
0.5 0 63 0
0.5 0 65 49
0.5 0 77 51
0.5 480 77 0
0.5 0 65 0
0.5 240 67 52
0.5 0 79 52
0.5 240 79 0
0.5 0 67 0
0.5 0 68 49
0.5 0 80 49
0.5 240 80 0
0.5 0 68 0
0.5 0 70 55
0.5 0 82 55
0.5 240 82 0
0.5 0 70 0
0.5 0 87 55
0.5 0 75 55
0.5 240 75 0
0.5 0 87 0
0.5 0 84 49
0.5 0 72 49
0.5 240 72 0
0.5 0 84 0
0.5 0 82 55
0.5 0 70 55
0.5 240 70 0
0.5 0 82 0
0.5 0 68 50
0.5 0 80 50
0.5 240 80 0
0.5 0 68 0
0.5 0 63 46
0.5 0 75 46
0.5 240 75 0
0.5 0 63 0
0.5 0 63 51
0.5 0 75 51
0.5 240 75 0
0.5 0 63 0
0.5 0 68 55
0.5 0 80 55
0.5 720 80 0
0.5 0 68 0
0.5 0 72 52
0.5 0 75 52
0.5 0 84 61
0.5 0 80 61
0.5 720 80 0
0.5 0 72 0
0.5 0 75 0
0.5 0 84 0
0.5 0 87 67
0.5 0 84 67
0.5 0 80 55
0.5 0 75 55
0.5 480 75 0
0.5 0 87 0
0.5 0 84 0
0.5 0 80 0
0.5 240 63 57
0.5 0 75 57
0.5 720 75 0
0.5 0 63 0
0.5 0 68 63
0.5 0 80 64
0.5 720 80 0
0.5 0 68 0
0.5 0 71 56
0.5 0 75 56
0.5 0 83 67
0.5 0 80 67
0.5 720 80 0
0.5 0 71 0
0.5 0 75 0
0.5 0 83 0
0.5 0 87 71
0.5 0 83 71
0.5 0 80 59
0.5 0 75 59
0.5 480 75 0
0.5 0 87 0
0.5 0 83 0
0.5 0 80 0
0.5 0 63 46
0.5 0 75 60
0.5 240 75 0
0.5 0 63 0
0.5 0 65 56
0.5 0 77 56
0.5 240 77 0
0.5 0 65 0
0.5 0 79 55
0.5 240 79 0
0.5 0 70 54
0.5 0 82 66
0.5 360 82 0
0.5 0 70 0
0.5 0 70 43
0.5 0 82 53
0.5 360 82 0
0.5 0 70 0
0.5 240 70 52
0.5 0 82 65
0.5 240 82 0
0.5 0 70 0
0.5 0 72 60
0.5 0 84 60
0.5 240 84 0
0.5 0 72 0
0.5 0 74 66
0.5 0 86 66
0.5 240 86 0
0.5 0 74 0
0.5 0 89 61
0.5 0 77 54
0.5 240 77 0
0.5 0 89 0
0.5 0 86 66
0.5 0 74 53
0.5 240 74 0
0.5 0 86 0
0.5 0 84 68
0.5 0 72 68
0.5 240 72 0
0.5 0 84 0
0.5 0 74 53
0.5 0 86 66
0.5 240 86 0
0.5 0 74 0
0.5 0 72 45
0.5 0 84 57
0.5 240 84 0
0.5 0 72 0
0.5 0 67 51
0.5 0 79 63
0.5 360 79 0
0.5 0 67 0
0.5 0 67 43
0.5 0 79 53
0.5 360 79 0
0.5 0 67 0
0.5 240 70 52
0.5 0 82 62
0.5 240 82 0
0.5 0 70 0
0.5 0 72 51
0.5 0 84 51
0.5 240 84 0
0.5 0 72 0
0.5 0 70 55
0.5 0 82 65
0.5 240 82 0
0.5 0 70 0
0.5 0 80 60
0.5 0 68 51
0.5 240 68 0
0.5 0 80 0
0.5 0 79 58
0.5 0 67 49
0.5 240 67 0
0.5 0 79 0
0.5 0 77 62
0.5 0 65 52
0.5 240 65 0
0.5 0 77 0
0.5 0 67 49
0.5 0 79 58
0.5 240 79 0
0.5 0 67 0
0.5 0 68 47
0.5 0 80 56
0.5 240 80 0
0.5 0 68 0
0.5 0 75 62
0.5 0 87 66
0.5 360 87 0
0.5 0 75 0
0.5 0 72 51
0.5 0 84 55
0.5 360 84 0
0.5 0 72 0
0.5 240 72 52
0.5 0 84 62
0.5 240 84 0
0.5 0 72 0
0.5 0 75 49
0.5 0 87 58
0.5 240 87 0
0.5 0 75 0
0.5 0 72 54
0.5 0 84 60
0.5 240 84 0
0.5 0 72 0
0.5 0 80 57
0.5 0 68 52
0.5 240 68 0
0.5 0 80 0
0.5 0 79 58
0.5 0 67 49
0.5 240 67 0
0.5 0 79 0
0.5 0 77 58
0.5 0 65 49
0.5 240 65 0
0.5 0 77 0
0.5 0 67 49
0.5 0 79 58
0.5 240 79 0
0.5 0 67 0
0.5 0 68 47
0.5 0 80 56
0.5 240 80 0
0.5 0 68 0
0.5 0 74 57
0.5 0 86 68
0.5 360 86 0
0.5 0 74 0
0.5 0 72 48
0.5 0 84 57
0.5 600 84 0
0.5 0 72 0
0.5 0 64 44
0.5 0 76 52
0.5 240 76 0
0.5 0 64 0
0.5 0 65 40
0.5 0 77 48
0.5 240 77 0
0.5 0 65 0
0.5 0 68 47
0.5 0 80 57
0.5 360 80 0
0.5 0 68 0
0.5 0 67 43
0.5 0 79 51
0.5 360 79 0
0.5 0 67 0
0.5 0 58 38
0.5 0 67 49
0.5 0 63 41
0.5 240 58 0
0.5 0 57 44
0.5 240 57 0
0.5 0 58 44
0.5 240 58 0
0.5 0 63 0
0.5 0 67 0
0.5 0 55 47
0.5 240 55 0
0.5 0 67 50
0.5 0 63 50
0.5 0 55 47
0.5 240 55 0
0.5 0 58 42
0.5 240 58 0
0.5 0 63 0
0.5 0 67 0
0.5 0 57 38
0.5 0 62 41
0.5 0 68 49
0.5 240 57 0
0.5 0 58 37
0.5 240 58 0
0.5 0 60 42
0.5 240 60 0
0.5 0 68 0
0.5 0 62 0
0.5 0 61 38
0.5 240 61 0
0.5 0 62 38
0.5 0 68 48
0.5 240 62 0
0.5 0 58 40
0.5 240 58 0
0.5 0 68 0
0.5 0 58 36
0.5 0 67 46
0.5 0 63 38
0.5 240 58 0
0.5 0 57 40
0.5 240 57 0
0.5 0 58 44
0.5 240 58 0
0.5 0 63 0
0.5 0 67 0
0.5 0 55 47
0.5 240 55 0
0.5 0 67 50
0.5 0 63 50
0.5 0 55 47
0.5 240 55 0
0.5 0 58 41
0.5 240 58 0
0.5 0 63 0
0.5 0 67 0
0.5 0 57 36
0.5 0 62 38
0.5 0 68 46
0.5 240 57 0
0.5 0 58 38
0.5 240 58 0
0.5 0 60 42
0.5 240 60 0
0.5 0 68 0
0.5 0 62 0
0.5 0 61 38
0.5 240 61 0
0.5 0 62 38
0.5 0 68 48
0.5 240 62 0
0.5 0 58 40
0.5 240 58 0
0.5 0 68 0
0.5 0 63 31
0.5 0 75 31
0.5 240 75 0
0.5 0 63 0
0.5 0 65 32
0.5 0 77 32
0.5 240 77 0
0.5 0 65 0
0.5 0 79 32
0.5 240 79 0
0.5 0 70 36
0.5 0 82 36
0.5 360 82 0
0.5 0 70 0
0.5 0 70 28
0.5 0 82 28
0.5 360 82 0
0.5 0 70 0
0.5 240 70 35
0.5 0 82 35
0.5 240 82 0
0.5 0 70 0
0.5 0 72 29
0.5 0 84 29
0.5 240 84 0
0.5 0 72 0
0.5 0 74 36
0.5 0 86 36
0.5 240 86 0
0.5 0 74 0
0.5 0 89 37
0.5 0 77 35
0.5 240 77 0
0.5 0 89 0
0.5 0 86 36
0.5 0 74 36
0.5 240 74 0
0.5 0 86 0
0.5 0 84 36
0.5 0 72 36
0.5 240 72 0
0.5 0 84 0
0.5 0 74 36
0.5 0 86 36
0.5 240 86 0
0.5 0 74 0
0.5 0 72 31
0.5 0 84 31
0.5 240 84 0
0.5 0 72 0
0.5 0 67 34
0.5 0 79 34
0.5 360 79 0
0.5 0 67 0
0.5 0 67 28
0.5 0 79 28
0.5 360 79 0
0.5 0 67 0
0.5 240 65 35
0.5 0 77 35
0.5 240 77 0
0.5 0 65 0
0.5 0 67 36
0.5 0 79 36
0.5 240 79 0
0.5 0 67 0
0.5 0 68 36
0.5 0 80 36
0.5 240 80 0
0.5 0 68 0
0.5 0 82 36
0.5 0 70 36
0.5 240 70 0
0.5 0 82 0
0.5 0 80 32
0.5 0 68 32
0.5 240 68 0
0.5 0 80 0
0.5 0 79 36
0.5 0 67 36
0.5 238 67 0
0.5 2 79 0
0.5 0 65 33
0.5 0 77 33
0.5 240 77 0
0.5 0 65 0
0.5 0 63 31
0.5 0 75 31
0.5 240 75 0
0.5 0 63 0
0.5 0 58 34
0.5 0 70 34
0.5 360 70 0
0.5 0 58 0
0.5 0 58 28
0.5 0 70 28
0.5 360 70 0
0.5 0 58 0
0.5 240 62 31
0.5 0 65 35
0.5 240 65 0
0.5 0 67 36
0.5 240 67 0
0.5 0 68 36
0.5 240 68 0
0.5 0 70 36
0.5 240 70 0
0.5 0 68 36
0.5 120 68 0
0.5 0 67 32
0.5 60 67 0
0.5 0 68 33
0.5 60 68 0
0.5 0 62 0
0.5 0 63 32
0.5 0 67 36
0.5 240 67 0
0.5 0 65 33
0.5 240 65 0
0.5 0 63 0
0.5 0 63 31
0.5 240 63 0
0.5 0 58 34
0.5 238 58 0
0.5 2 60 33
0.5 240 60 0
0.5 0 63 33
0.5 240 63 0
0.5 0 56 32
0.5 0 62 36
0.5 238 56 0
0.5 2 62 0
0.5 0 65 33
0.5 240 65 0
0.5 0 62 31
0.5 120 62 0
0.5 0 60 27
0.5 60 60 0
0.5 0 62 27
0.5 60 62 0
0.5 0 60 33
0.5 360 60 0
0.5 0 58 30
0.5 0 56 30
0.5 360 56 0
0.5 0 58 0
0.5 0 63 31
0.5 0 75 31
0.5 240 75 0
0.5 0 63 0
0.5 0 65 28
0.5 0 77 28
0.5 240 77 0
0.5 0 65 0
0.5 0 79 32
0.5 240 79 0
0.5 0 70 36
0.5 0 82 36
0.5 360 82 0
0.5 0 70 0
0.5 0 70 28
0.5 0 82 28
0.5 360 82 0
0.5 0 70 0
0.5 240 70 35
0.5 0 82 35
0.5 240 82 0
0.5 0 70 0
0.5 0 72 31
0.5 0 84 31
0.5 240 84 0
0.5 0 72 0
0.5 0 74 36
0.5 0 86 36
0.5 240 86 0
0.5 0 74 0
0.5 0 89 37
0.5 0 77 33
0.5 240 77 0
0.5 0 89 0
0.5 0 86 36
0.5 0 74 36
0.5 240 74 0
0.5 0 86 0
0.5 0 84 36
0.5 0 72 36
0.5 240 72 0
0.5 0 84 0
0.5 0 74 36
0.5 0 86 36
0.5 240 86 0
0.5 0 74 0
0.5 0 72 28
0.5 0 84 28
0.5 240 84 0
0.5 0 72 0
0.5 0 67 34
0.5 0 79 34
0.5 360 79 0
0.5 0 67 0
0.5 0 67 28
0.5 0 79 28
0.5 360 79 0
0.5 0 67 0
0.5 240 65 35
0.5 0 77 35
0.5 240 77 0
0.5 0 65 0
0.5 0 67 36
0.5 0 79 36
0.5 240 79 0
0.5 0 67 0
0.5 0 68 36
0.5 0 80 36
0.5 240 80 0
0.5 0 68 0
0.5 0 82 36
0.5 0 70 36
0.5 240 70 0
0.5 0 82 0
0.5 0 80 36
0.5 0 68 36
0.5 240 68 0
0.5 0 80 0
0.5 0 79 36
0.5 0 67 36
0.5 238 67 0
0.5 2 79 0
0.5 0 65 33
0.5 0 77 33
0.5 240 77 0
0.5 0 65 0
0.5 0 63 31
0.5 0 75 31
0.5 240 75 0
0.5 0 63 0
0.5 0 58 34
0.5 0 70 34
0.5 360 70 0
0.5 0 58 0
0.5 0 58 28
0.5 0 70 28
0.5 360 70 0
0.5 0 58 0
0.5 240 62 31
0.5 0 65 35
0.5 240 65 0
0.5 0 67 36
0.5 240 67 0
0.5 0 68 36
0.5 240 68 0
0.5 0 70 36
0.5 240 70 0
0.5 0 68 36
0.5 120 68 0
0.5 0 67 32
0.5 60 67 0
0.5 0 68 33
0.5 60 68 0
0.5 0 62 0
0.5 0 63 32
0.5 0 67 36
0.5 240 67 0
0.5 0 65 33
0.5 240 65 0
0.5 0 63 0
0.5 0 63 31
0.5 240 63 0
0.5 0 58 34
0.5 238 58 0
0.5 2 60 33
0.5 240 60 0
0.5 0 63 33
0.5 240 63 0
0.5 0 56 32
0.5 0 62 36
0.5 238 56 0
0.5 2 62 0
0.5 0 65 33
0.5 240 65 0
0.5 0 62 31
0.5 120 62 0
0.5 0 60 27
0.5 60 60 0
0.5 0 62 27
0.5 60 62 0
0.5 0 60 33
0.5 360 60 0
0.5 0 58 30
0.5 0 56 30
0.5 360 56 0
0.5 0 58 0
0.5 0 58 28
0.5 0 67 36
0.5 0 63 30
0.5 240 58 0
0.5 0 57 33
0.5 240 57 0
0.5 0 58 33
0.5 240 58 0
0.5 0 63 0
0.5 0 67 0
0.5 0 55 35
0.5 240 55 0
0.5 0 67 37
0.5 0 63 37
0.5 0 55 35
0.5 240 55 0
0.5 0 58 31
0.5 240 58 0
0.5 0 63 0
0.5 0 67 0
0.5 0 57 28
0.5 0 62 30
0.5 0 68 36
0.5 240 57 0
0.5 0 58 31
0.5 240 58 0
0.5 0 60 31
0.5 240 60 0
0.5 0 68 0
0.5 0 62 0
0.5 0 61 31
0.5 240 61 0
0.5 0 62 28
0.5 0 68 36
0.5 240 62 0
0.5 0 58 30
0.5 240 58 0
0.5 0 68 0
0.5 0 58 27
0.5 0 67 35
0.5 0 63 28
0.5 240 58 0
0.5 0 57 33
0.5 240 57 0
0.5 0 58 33
0.5 240 58 0
0.5 0 63 0
0.5 0 67 0
0.5 0 55 35
0.5 240 55 0
0.5 0 67 37
0.5 0 63 37
0.5 0 55 35
0.5 240 55 0
0.5 0 58 30
0.5 240 58 0
0.5 0 63 0
0.5 0 67 0
0.5 0 57 27
0.5 0 62 28
0.5 0 68 35
0.5 240 57 0
0.5 0 58 31
0.5 240 58 0
0.5 0 60 31
0.5 240 60 0
0.5 0 68 0
0.5 0 62 0
0.5 0 61 31
0.5 240 61 0
0.5 0 62 28
0.5 0 68 36
0.5 240 62 0
0.5 0 58 30
0.5 240 58 0
0.5 0 68 0
0.5 0 58 27
0.5 0 67 35
0.5 0 63 28
0.5 240 58 0
0.5 0 57 32
0.5 240 57 0
0.5 0 58 32
0.5 240 58 0
0.5 0 63 0
0.5 0 67 0
0.5 0 55 33
0.5 240 55 0
0.5 0 67 36
0.5 0 63 36
0.5 0 55 33
0.5 240 55 0
0.5 0 58 28
0.5 240 58 0
0.5 0 63 0
0.5 0 67 0
0.5 0 58 25
0.5 0 67 32
0.5 0 63 27
0.5 240 58 0
0.5 0 57 27
0.5 240 57 0
0.5 0 58 30
0.5 240 58 0
0.5 0 63 0
0.5 0 67 0
0.5 0 55 31
0.5 240 55 0
0.5 0 67 29
0.5 0 63 29
0.5 0 55 27
0.5 240 55 0
0.5 0 58 23
0.5 240 58 0
0.5 0 63 0
0.5 0 67 0
0.5 0 55 22
0.5 0 63 22
0.5 0 67 27
0.5 2160 67 0
0.5 0 63 0
0.5 0 55 0
0.5 720 71 51
0.5 0 75 51
0.5 1440 75 0
0.5 0 71 0
0.5 0 73 57
0.5 240 73 0
0.5 0 75 52
0.5 240 75 0
0.5 0 76 50
0.5 240 76 0
0.5 0 78 53
0.5 240 78 0
0.5 0 82 53
0.5 240 82 0
0.5 0 80 51
0.5 240 80 0
0.5 0 71 51
0.5 0 75 51
0.5 1440 75 0
0.5 0 71 0
0.5 0 73 57
0.5 240 73 0
0.5 0 75 50
0.5 240 75 0
0.5 0 76 50
0.5 240 76 0
0.5 0 78 53
0.5 240 78 0
0.5 0 80 53
0.5 240 80 0
0.5 0 76 55
0.5 240 76 0
0.5 0 75 58
0.5 240 75 0
0.5 0 73 53
0.5 240 73 0
0.5 0 71 55
0.5 240 71 0
0.5 0 68 52
0.5 240 68 0
0.5 0 70 52
0.5 240 70 0
0.5 0 71 52
0.5 240 71 0
0.5 0 68 51
0.5 0 73 57
0.5 240 73 0
0.5 0 68 0
0.5 0 75 50
0.5 240 75 0
0.5 0 73 48
0.5 240 73 0
0.5 0 76 44
0.5 240 76 0
0.5 0 78 42
0.5 240 78 0
0.5 0 76 41
0.5 240 76 0
0.5 0 68 38
0.5 0 71 38
0.5 0 75 38
0.5 0 80 38
0.5 1440 80 0
0.5 0 68 0
0.5 0 71 0
0.5 0 75 0
0.5 0 75 38
0.5 1440 75 0
0.5 0 71 51
0.5 0 75 51
0.5 1440 75 0
0.5 0 71 0
0.5 0 73 57
0.5 240 73 0
0.5 0 75 51
0.5 240 75 0
0.5 0 76 51
0.5 240 76 0
0.5 0 78 53
0.5 240 78 0
0.5 0 82 55
0.5 240 82 0
0.5 0 80 53
0.5 240 80 0
0.5 0 71 51
0.5 0 75 51
0.5 1440 75 0
0.5 0 71 0
0.5 0 73 57
0.5 240 73 0
0.5 0 75 51
0.5 240 75 0
0.5 0 76 52
0.5 240 76 0
0.5 0 78 52
0.5 240 78 0
0.5 0 80 53
0.5 240 80 0
0.5 0 76 55
0.5 240 76 0
0.5 0 75 58
0.5 240 75 0
0.5 0 73 53
0.5 240 73 0
0.5 0 71 55
0.5 240 71 0
0.5 0 68 52
0.5 240 68 0
0.5 0 70 52
0.5 240 70 0
0.5 0 71 52
0.5 240 71 0
0.5 0 68 49
0.5 0 73 57
0.5 240 73 0
0.5 0 68 0
0.5 0 75 49
0.5 240 75 0
0.5 0 73 47
0.5 240 73 0
0.5 0 76 45
0.5 240 76 0
0.5 0 78 42
0.5 240 78 0
0.5 0 76 41
0.5 240 76 0
0.5 0 68 38
0.5 0 71 38
0.5 0 75 38
0.5 0 80 38
0.5 1440 80 0
0.5 0 68 0
0.5 0 71 0
0.5 0 75 0
0.5 1380 70 44
0.5 60 70 0
0.5 0 75 55
0.5 1440 75 0
0.5 240 73 52
0.5 240 73 0
0.5 0 75 50
0.5 240 75 0
0.5 0 76 50
0.5 240 76 0
0.5 0 78 53
0.5 240 78 0
0.5 0 80 50
0.5 180 80 0
0.5 0 70 42
0.5 60 70 0
0.5 0 75 51
0.5 1440 75 0
0.5 240 70 54
0.5 240 70 0
0.5 0 73 57
0.5 120 73 0
0.5 0 71 38
0.5 60 73 37
0.5 20 71 0
0.5 40 71 49
0.5 20 73 0
0.5 220 71 0
0.5 0 70 58
0.5 240 70 0
0.5 0 68 56
0.5 180 68 0
0.5 60 67 63
0.5 240 67 0
0.5 0 68 58
0.5 240 68 0
0.5 0 70 60
0.5 240 70 0
0.5 0 75 57
0.5 240 75 0
0.5 0 77 61
0.5 240 77 0
0.5 0 79 57
0.5 240 79 0
0.5 0 71 62
0.5 0 80 62
0.5 240 80 0
0.5 0 71 0
0.5 0 75 59
0.5 240 75 0
0.5 0 73 59
0.5 120 73 0
0.5 0 71 42
0.5 60 73 42
0.5 20 71 0
0.5 40 71 53
0.5 20 73 0
0.5 220 71 0
0.5 0 70 49
0.5 240 70 0
0.5 0 68 49
0.5 180 68 0
0.5 0 67 48
0.5 60 75 59
0.5 1440 75 0
0.5 0 67 0
0.5 0 62 46
0.5 0 68 54
0.5 1380 68 0
0.5 0 62 0
0.5 0 70 49
0.5 60 70 0
0.5 0 75 59
0.5 1440 75 0
0.5 240 73 52
0.5 240 73 0
0.5 0 75 52
0.5 240 75 0
0.5 0 76 50
0.5 240 76 0
0.5 0 78 53
0.5 240 78 0
0.5 0 80 50
0.5 180 80 0
0.5 0 70 42
0.5 60 70 0
0.5 0 75 51
0.5 1440 75 0
0.5 240 70 52
0.5 240 70 0
0.5 0 73 57
0.5 120 73 0
0.5 0 71 36
0.5 60 73 36
0.5 20 71 0
0.5 40 71 49
0.5 20 73 0
0.5 220 71 0
0.5 0 70 58
0.5 240 70 0
0.5 0 68 52
0.5 180 68 0
0.5 60 67 63
0.5 240 67 0
0.5 0 68 58
0.5 240 68 0
0.5 0 70 60
0.5 240 70 0
0.5 0 75 57
0.5 240 75 0
0.5 0 77 61
0.5 240 77 0
0.5 0 79 57
0.5 240 79 0
0.5 0 71 62
0.5 0 80 62
0.5 240 80 0
0.5 0 71 0
0.5 0 75 55
0.5 240 75 0
0.5 0 73 59
0.5 120 73 0
0.5 0 71 38
0.5 60 73 39
0.5 20 71 0
0.5 40 71 51
0.5 20 73 0
0.5 220 71 0
0.5 0 70 49
0.5 240 70 0
0.5 0 68 49
0.5 180 68 0
0.5 0 67 48
0.5 60 75 59
0.5 2880 75 0
0.5 0 67 0
0.5 0 71 51
0.5 0 75 51
0.5 1440 75 0
0.5 0 71 0
0.5 0 73 57
0.5 240 73 0
0.5 0 75 51
0.5 240 75 0
0.5 0 76 52
0.5 240 76 0
0.5 0 78 51
0.5 240 78 0
0.5 0 82 53
0.5 240 82 0
0.5 0 80 52
0.5 240 80 0
0.5 0 71 51
0.5 0 75 51
0.5 1440 75 0
0.5 0 71 0
0.5 0 73 57
0.5 240 73 0
0.5 0 75 52
0.5 240 75 0
0.5 0 76 52
0.5 240 76 0
0.5 0 78 51
0.5 240 78 0
0.5 0 80 53
0.5 240 80 0
0.5 0 76 55
0.5 240 76 0
0.5 0 75 58
0.5 240 75 0
0.5 0 73 53
0.5 240 73 0
0.5 0 71 55
0.5 240 71 0
0.5 0 68 52
0.5 240 68 0
0.5 0 70 52
0.5 240 70 0
0.5 0 71 49
0.5 240 71 0
0.5 0 68 43
0.5 0 73 57
0.5 240 73 0
0.5 0 68 0
0.5 0 75 50
0.5 240 75 0
0.5 0 73 49
0.5 240 73 0
0.5 0 76 42
0.5 240 76 0
0.5 0 78 42
0.5 240 78 0
0.5 0 76 41
0.5 240 76 0
0.5 0 68 38
0.5 0 71 38
0.5 0 75 38
0.5 0 80 38
0.5 1190 68 0
0.5 250 71 0
0.5 0 75 0
0.5 0 80 0
0.5 0 71 38
0.5 240 71 0
0.5 0 70 38
0.5 240 70 0
0.5 0 68 36
0.5 240 68 0
0.5 0 63 33
0.5 240 63 0
0.5 0 59 36
0.5 240 59 0
0.5 0 56 35
0.5 240 56 0
0.5 0 59 28
0.5 0 68 37
0.5 0 63 30
0.5 240 59 0
0.5 0 58 30
0.5 240 58 0
0.5 0 59 32
0.5 240 59 0
0.5 0 63 0
0.5 0 68 0
0.5 0 56 31
0.5 240 56 0
0.5 0 59 33
0.5 240 59 0
0.5 0 63 31
0.5 240 63 0
0.5 0 59 28
0.5 0 68 37
0.5 0 63 30
0.5 240 59 0
0.5 0 58 30
0.5 240 58 0
0.5 0 59 33
0.5 240 59 0
0.5 0 63 0
0.5 0 68 0
0.5 0 56 30
0.5 240 56 0
0.5 0 59 35
0.5 240 59 0
0.5 0 63 31
0.5 240 63 0
0.5 0 59 29
0.5 0 68 39
0.5 0 63 31
0.5 240 59 0
0.5 0 58 31
0.5 240 58 0
0.5 0 59 34
0.5 240 59 0
0.5 0 63 0
0.5 0 68 0
0.5 0 56 31
0.5 240 56 0
0.5 0 59 37
0.5 240 59 0
0.5 0 63 32
0.5 240 63 0
0.5 0 59 29
0.5 0 68 39
0.5 0 63 31
0.5 240 59 0
0.5 0 58 32
0.5 240 58 0
0.5 0 59 34
0.5 240 59 0
0.5 0 63 0
0.5 0 68 0
0.5 0 56 30
0.5 240 56 0
0.5 0 59 37
0.5 240 59 0
0.5 0 63 32
0.5 240 63 0
0.5 0 58 25
0.5 0 67 33
0.5 0 63 27
0.5 240 58 0
0.5 0 57 28
0.5 240 57 0
0.5 0 58 29
0.5 240 58 0
0.5 0 63 0
0.5 0 67 0
0.5 0 55 27
0.5 240 55 0
0.5 0 58 31
0.5 240 58 0
0.5 0 63 28
0.5 240 63 0
0.5 0 58 25
0.5 0 67 33
0.5 0 63 27
0.5 240 58 0
0.5 0 57 28
0.5 240 57 0
0.5 0 58 29
0.5 240 58 0
0.5 0 63 0
0.5 0 67 0
0.5 0 55 28
0.5 240 55 0
0.5 0 58 31
0.5 240 58 0
0.5 0 63 28
0.5 240 63 0
0.5 0 62 35
0.5 0 68 35
0.5 0 72 35
0.5 240 72 0
0.5 0 68 0
0.5 0 62 0
0.5 0 62 32
0.5 0 68 32
0.5 0 70 32
0.5 240 70 0
0.5 0 68 0
0.5 0 62 0
0.5 0 62 39
0.5 0 68 39
0.5 0 72 39
0.5 240 72 0
0.5 0 68 0
0.5 0 62 0
0.5 0 62 34
0.5 0 68 34
0.5 0 70 34
0.5 240 70 0
0.5 0 68 0
0.5 0 62 0
0.5 0 62 45
0.5 0 68 45
0.5 0 72 45
0.5 240 72 0
0.5 0 68 0
0.5 0 62 0
0.5 0 62 39
0.5 0 68 39
0.5 0 70 39
0.5 240 70 0
0.5 0 68 0
0.5 0 62 0
0.5 0 74 52
0.5 0 80 52
0.5 0 84 52
0.5 240 84 0
0.5 0 80 0
0.5 0 74 0
0.5 0 74 47
0.5 0 82 47
0.5 0 80 47
0.5 240 80 0
0.5 0 82 0
0.5 0 74 0
0.5 0 74 55
0.5 0 80 55
0.5 0 84 55
0.5 240 84 0
0.5 0 80 0
0.5 0 74 0
0.5 0 74 47
0.5 0 80 47
0.5 0 82 47
0.5 240 82 0
0.5 0 80 0
0.5 0 74 0
0.5 0 74 60
0.5 0 80 60
0.5 0 84 60
0.5 240 84 0
0.5 0 80 0
0.5 0 74 0
0.5 0 74 52
0.5 0 80 52
0.5 0 82 52
0.5 240 82 0
0.5 0 80 0
0.5 0 74 0
0.5 0 58 38
0.5 0 67 49
0.5 0 63 41
0.5 240 58 0
0.5 0 57 44
0.5 240 57 0
0.5 0 58 44
0.5 240 58 0
0.5 0 63 0
0.5 0 67 0
0.5 0 55 47
0.5 240 55 0
0.5 0 67 50
0.5 0 63 50
0.5 0 55 47
0.5 240 55 0
0.5 0 58 42
0.5 240 58 0
0.5 0 63 0
0.5 0 67 0
0.5 0 57 38
0.5 0 62 41
0.5 0 68 49
0.5 240 57 0
0.5 0 58 39
0.5 240 58 0
0.5 0 60 42
0.5 240 60 0
0.5 0 68 0
0.5 0 62 0
0.5 0 61 38
0.5 240 61 0
0.5 0 62 38
0.5 0 68 48
0.5 240 62 0
0.5 0 58 40
0.5 240 58 0
0.5 0 68 0
0.5 0 58 36
0.5 0 67 46
0.5 0 63 38
0.5 240 58 0
0.5 0 57 40
0.5 240 57 0
0.5 0 58 44
0.5 240 58 0
0.5 0 63 0
0.5 0 67 0
0.5 0 55 47
0.5 240 55 0
0.5 0 67 50
0.5 0 63 50
0.5 0 55 47
0.5 240 55 0
0.5 0 58 41
0.5 240 58 0
0.5 0 63 0
0.5 0 67 0
0.5 0 57 36
0.5 0 62 38
0.5 0 68 46
0.5 240 57 0
0.5 0 58 42
0.5 240 58 0
0.5 0 60 42
0.5 240 60 0
0.5 0 68 0
0.5 0 62 0
0.5 0 61 42
0.5 240 61 0
0.5 0 62 38
0.5 0 68 48
0.5 240 62 0
0.5 0 58 40
0.5 240 58 0
0.5 0 68 0
0.5 0 63 47
0.5 0 75 47
0.5 240 75 0
0.5 0 63 0
0.5 0 65 46
0.5 0 77 46
0.5 240 77 0
0.5 0 65 0
0.5 0 79 41
0.5 240 79 0
0.5 0 70 54
0.5 0 82 54
0.5 360 82 0
0.5 0 70 0
0.5 0 70 43
0.5 0 82 43
0.5 360 82 0
0.5 0 70 0
0.5 240 70 52
0.5 0 82 52
0.5 240 82 0
0.5 0 70 0
0.5 0 72 52
0.5 0 84 52
0.5 240 84 0
0.5 0 72 0
0.5 0 74 55
0.5 0 86 55
0.5 240 86 0
0.5 0 74 0
0.5 0 89 52
0.5 0 77 49
0.5 240 77 0
0.5 0 89 0
0.5 0 86 53
0.5 0 74 53
0.5 240 74 0
0.5 0 86 0
0.5 0 84 55
0.5 0 72 55
0.5 240 72 0
0.5 0 84 0
0.5 0 74 53
0.5 0 86 53
0.5 240 86 0
0.5 0 74 0
0.5 0 72 42
0.5 0 84 42
0.5 240 84 0
0.5 0 72 0
0.5 0 67 50
0.5 0 79 50
0.5 360 79 0
0.5 0 67 0
0.5 0 67 43
0.5 0 79 43
0.5 360 79 0
0.5 0 67 0
0.5 240 65 52
0.5 0 77 52
0.5 240 77 0
0.5 0 65 0
0.5 0 67 51
0.5 0 79 51
0.5 240 79 0
0.5 0 67 0
0.5 0 68 55
0.5 0 80 55
0.5 240 80 0
0.5 0 68 0
0.5 0 82 53
0.5 0 70 53
0.5 240 70 0
0.5 0 82 0
0.5 0 80 49
0.5 0 68 49
0.5 240 68 0
0.5 0 80 0
0.5 0 79 55
0.5 0 67 55
0.5 238 67 0
0.5 2 79 0
0.5 0 65 47
0.5 0 77 47
0.5 240 77 0
0.5 0 65 0
0.5 0 63 46
0.5 0 75 46
0.5 240 75 0
0.5 0 63 0
0.5 0 58 51
0.5 0 70 51
0.5 360 70 0
0.5 0 58 0
0.5 0 58 43
0.5 0 70 43
0.5 360 70 0
0.5 0 58 0
0.5 240 62 46
0.5 0 65 52
0.5 240 65 0
0.5 0 67 53
0.5 240 67 0
0.5 0 68 55
0.5 240 68 0
0.5 0 70 53
0.5 240 70 0
0.5 0 68 50
0.5 120 68 0
0.5 0 67 49
0.5 60 67 0
0.5 0 68 50
0.5 60 68 0
0.5 0 62 0
0.5 0 63 48
0.5 0 67 55
0.5 240 67 0
0.5 0 65 50
0.5 240 65 0
0.5 0 63 0
0.5 0 63 46
0.5 240 63 0
0.5 0 58 51
0.5 238 58 0
0.5 2 60 50
0.5 240 60 0
0.5 0 63 50
0.5 240 63 0
0.5 0 56 48
0.5 0 62 55
0.5 238 56 0
0.5 2 62 0
0.5 0 65 50
0.5 240 65 0
0.5 0 62 46
0.5 120 62 0
0.5 0 60 41
0.5 60 60 0
0.5 0 62 41
0.5 60 62 0
0.5 0 60 50
0.5 360 60 0
0.5 0 58 45
0.5 0 56 45
0.5 360 56 0
0.5 0 58 0
0.5 0 58 38
0.5 0 67 49
0.5 0 63 41
0.5 240 58 0
0.5 0 57 44
0.5 240 57 0
0.5 0 58 44
0.5 240 58 0
0.5 0 63 0
0.5 0 67 0
0.5 0 55 47
0.5 240 55 0
0.5 0 67 50
0.5 0 63 50
0.5 0 55 47
0.5 240 55 0
0.5 0 58 42
0.5 240 58 0
0.5 0 63 0
0.5 0 67 0
0.5 0 57 38
0.5 0 62 41
0.5 0 68 49
0.5 240 57 0
0.5 0 58 42
0.5 240 58 0
0.5 0 60 42
0.5 240 60 0
0.5 0 68 0
0.5 0 62 0
0.5 0 61 42
0.5 240 61 0
0.5 0 62 38
0.5 0 68 48
0.5 240 62 0
0.5 0 58 40
0.5 240 58 0
0.5 0 68 0
0.5 0 58 36
0.5 0 67 46
0.5 0 63 38
0.5 240 58 0
0.5 0 57 44
0.5 240 57 0
0.5 0 58 44
0.5 240 58 0
0.5 0 63 0
0.5 0 67 0
0.5 0 55 47
0.5 240 55 0
0.5 0 67 50
0.5 0 63 50
0.5 0 55 47
0.5 240 55 0
0.5 0 58 41
0.5 240 58 0
0.5 0 63 0
0.5 0 67 0
0.5 0 57 36
0.5 0 62 38
0.5 0 68 46
0.5 240 57 0
0.5 0 58 42
0.5 240 58 0
0.5 0 60 42
0.5 240 60 0
0.5 0 68 0
0.5 0 62 0
0.5 0 61 42
0.5 240 61 0
0.5 0 62 38
0.5 0 68 48
0.5 240 62 0
0.5 0 58 40
0.5 240 58 0
0.5 0 68 0
0.5 0 63 47
0.5 0 75 47
0.5 240 75 0
0.5 0 63 0
0.5 0 65 47
0.5 0 77 47
0.5 240 77 0
0.5 0 65 0
0.5 0 79 47
0.5 240 79 0
0.5 0 70 53
0.5 0 82 53
0.5 720 82 0
0.5 0 70 0
0.5 240 70 52
0.5 0 82 52
0.5 240 82 0
0.5 0 70 0
0.5 0 72 43
0.5 0 84 43
0.5 240 84 0
0.5 0 72 0
0.5 0 73 55
0.5 0 85 55
0.5 240 85 0
0.5 0 73 0
0.5 0 89 44
0.5 0 77 38
0.5 240 77 0
0.5 0 89 0
0.5 0 85 53
0.5 0 73 53
0.5 240 73 0
0.5 0 85 0
0.5 0 84 55
0.5 0 72 55
0.5 240 72 0
0.5 0 84 0
0.5 0 70 53
0.5 0 82 53
0.5 240 82 0
0.5 0 70 0
0.5 0 63 46
0.5 0 75 46
0.5 240 75 0
0.5 0 63 0
0.5 0 63 51
0.5 0 75 51
0.5 240 75 0
0.5 0 63 0
0.5 0 65 51
0.5 0 77 51
0.5 480 77 0
0.5 0 65 0
0.5 240 67 52
0.5 0 79 52
0.5 240 79 0
0.5 0 67 0
0.5 0 68 47
0.5 0 80 47
0.5 240 80 0
0.5 0 68 0
0.5 0 70 55
0.5 0 82 55
0.5 240 82 0
0.5 0 70 0
0.5 0 87 53
0.5 0 75 51
0.5 240 75 0
0.5 0 87 0
0.5 0 84 47
0.5 0 72 47
0.5 240 72 0
0.5 0 84 0
0.5 0 82 55
0.5 0 70 55
0.5 240 70 0
0.5 0 82 0
0.5 0 68 50
0.5 0 80 50
0.5 240 80 0
0.5 0 68 0
0.5 0 63 46
0.5 0 75 46
0.5 240 75 0
0.5 0 63 0
0.5 0 63 51
0.5 0 75 51
0.5 240 75 0
0.5 0 63 0
0.5 0 68 49
0.5 0 80 55
0.5 720 80 0
0.5 0 68 0
0.5 0 72 52
0.5 0 75 52
0.5 0 84 61
0.5 0 80 61
0.5 720 80 0
0.5 0 72 0
0.5 0 75 0
0.5 0 84 0
0.5 0 87 67
0.5 0 84 67
0.5 0 80 55
0.5 0 75 55
0.5 480 75 0
0.5 0 87 0
0.5 0 84 0
0.5 0 80 0
0.5 240 63 57
0.5 0 75 57
0.5 720 75 0
0.5 0 63 0
0.5 0 68 58
0.5 0 80 64
0.5 720 80 0
0.5 0 68 0
0.5 0 71 56
0.5 0 75 56
0.5 0 83 67
0.5 0 80 67
0.5 720 80 0
0.5 0 71 0
0.5 0 75 0
0.5 0 83 0
0.5 0 87 71
0.5 0 83 71
0.5 0 80 59
0.5 0 75 59
0.5 480 75 0
0.5 0 87 0
0.5 0 83 0
0.5 0 80 0
0.5 0 63 46
0.5 0 75 60
0.5 240 75 0
0.5 0 63 0
0.5 0 65 48
0.5 0 77 55
0.5 240 77 0
0.5 0 65 0
0.5 0 67 50
0.5 0 79 57
0.5 240 79 0
0.5 0 67 0
0.5 0 70 54
0.5 0 82 66
0.5 360 82 0
0.5 0 70 0
0.5 0 70 43
0.5 0 82 53
0.5 360 82 0
0.5 0 70 0
0.5 240 70 52
0.5 0 82 65
0.5 240 82 0
0.5 0 70 0
0.5 0 72 47
0.5 0 84 59
0.5 240 84 0
0.5 0 72 0
0.5 0 74 54
0.5 0 86 70
0.5 240 86 0
0.5 0 74 0
0.5 0 89 58
0.5 0 77 52
0.5 240 77 0
0.5 0 89 0
0.5 0 86 66
0.5 0 74 53
0.5 240 74 0
0.5 0 86 0
0.5 0 84 67
0.5 0 72 53
0.5 240 72 0
0.5 0 84 0
0.5 0 74 53
0.5 0 86 66
0.5 240 86 0
0.5 0 74 0
0.5 0 72 45
0.5 0 84 57
0.5 240 84 0
0.5 0 72 0
0.5 0 67 51
0.5 0 79 63
0.5 360 79 0
0.5 0 67 0
0.5 0 67 43
0.5 0 79 53
0.5 360 79 0
0.5 0 67 0
0.5 240 70 52
0.5 0 82 62
0.5 240 82 0
0.5 0 70 0
0.5 0 72 44
0.5 0 84 52
0.5 240 84 0
0.5 0 72 0
0.5 0 70 55
0.5 0 82 65
0.5 240 82 0
0.5 0 70 0
0.5 0 80 60
0.5 0 68 48
0.5 240 68 0
0.5 0 80 0
0.5 0 79 58
0.5 0 67 49
0.5 240 67 0
0.5 0 79 0
0.5 0 77 62
0.5 0 65 52
0.5 240 65 0
0.5 0 77 0
0.5 0 67 49
0.5 0 79 58
0.5 240 79 0
0.5 0 67 0
0.5 0 68 47
0.5 0 80 56
0.5 240 80 0
0.5 0 68 0
0.5 0 75 57
0.5 0 87 71
0.5 360 87 0
0.5 0 75 0
0.5 0 72 48
0.5 0 84 57
0.5 360 84 0
0.5 0 72 0
0.5 240 72 52
0.5 0 84 62
0.5 240 84 0
0.5 0 72 0
0.5 0 75 49
0.5 0 87 58
0.5 240 87 0
0.5 0 75 0
0.5 0 72 49
0.5 0 84 61
0.5 240 84 0
0.5 0 72 0
0.5 0 80 60
0.5 0 68 51
0.5 240 68 0
0.5 0 80 0
0.5 0 79 58
0.5 0 67 49
0.5 240 67 0
0.5 0 79 0
0.5 0 77 58
0.5 0 65 49
0.5 240 65 0
0.5 0 77 0
0.5 0 67 49
0.5 0 79 58
0.5 240 79 0
0.5 0 67 0
0.5 0 68 47
0.5 0 80 56
0.5 240 80 0
0.5 0 68 0
0.5 0 74 57
0.5 0 86 71
0.5 360 86 0
0.5 0 74 0
0.5 0 72 48
0.5 0 84 57
0.5 600 84 0
0.5 0 72 0
0.5 0 64 44
0.5 0 76 52
0.5 240 76 0
0.5 0 64 0
0.5 0 65 40
0.5 0 77 48
0.5 240 77 0
0.5 0 65 0
0.5 0 68 47
0.5 0 80 57
0.5 360 80 0
0.5 0 68 0
0.5 0 67 43
0.5 0 79 51
0.5 360 79 0
0.5 0 67 0
0.5 0 58 38
0.5 0 67 49
0.5 0 63 41
0.5 240 58 0
0.5 0 57 41
0.5 240 57 0
0.5 0 58 44
0.5 240 58 0
0.5 0 63 0
0.5 0 67 0
0.5 0 55 47
0.5 240 55 0
0.5 0 67 50
0.5 0 63 50
0.5 0 55 47
0.5 240 55 0
0.5 0 58 42
0.5 240 58 0
0.5 0 63 0
0.5 0 67 0
0.5 0 57 38
0.5 0 62 41
0.5 0 68 49
0.5 240 57 0
0.5 0 58 39
0.5 240 58 0
0.5 0 60 42
0.5 240 60 0
0.5 0 68 0
0.5 0 62 0
0.5 0 61 38
0.5 240 61 0
0.5 0 62 38
0.5 0 68 48
0.5 240 62 0
0.5 0 58 40
0.5 240 58 0
0.5 0 68 0
0.5 0 58 36
0.5 0 67 46
0.5 0 63 38
0.5 240 58 0
0.5 0 57 44
0.5 240 57 0
0.5 0 58 42
0.5 240 58 0
0.5 0 63 0
0.5 0 67 0
0.5 0 55 47
0.5 240 55 0
0.5 0 67 50
0.5 0 63 50
0.5 0 55 47
0.5 240 55 0
0.5 0 58 41
0.5 240 58 0
0.5 0 63 0
0.5 0 67 0
0.5 0 57 36
0.5 0 62 38
0.5 0 68 46
0.5 240 57 0
0.5 0 58 39
0.5 240 58 0
0.5 0 60 42
0.5 240 60 0
0.5 0 68 0
0.5 0 62 0
0.5 0 61 37
0.5 240 61 0
0.5 0 62 38
0.5 0 68 48
0.5 240 62 0
0.5 0 58 40
0.5 240 58 0
0.5 0 68 0
0.5 0 63 31
0.5 0 75 31
0.5 240 75 0
0.5 0 63 0
0.5 0 65 30
0.5 0 77 30
0.5 240 77 0
0.5 0 65 0
0.5 0 79 30
0.5 240 79 0
0.5 0 70 36
0.5 0 82 36
0.5 360 82 0
0.5 0 70 0
0.5 0 70 28
0.5 0 82 28
0.5 360 82 0
0.5 0 70 0
0.5 240 70 35
0.5 0 82 35
0.5 240 82 0
0.5 0 70 0
0.5 0 72 31
0.5 0 84 31
0.5 240 84 0
0.5 0 72 0
0.5 0 74 36
0.5 0 86 36
0.5 240 86 0
0.5 0 74 0
0.5 0 89 33
0.5 0 77 33
0.5 240 77 0
0.5 0 89 0
0.5 0 86 36
0.5 0 74 36
0.5 240 74 0
0.5 0 86 0
0.5 0 84 36
0.5 0 72 36
0.5 240 72 0
0.5 0 84 0
0.5 0 74 33
0.5 0 86 33
0.5 240 86 0
0.5 0 74 0
0.5 0 72 31
0.5 0 84 31
0.5 240 84 0
0.5 0 72 0
0.5 0 67 34
0.5 0 79 34
0.5 360 79 0
0.5 0 67 0
0.5 0 67 28
0.5 0 79 28
0.5 360 79 0
0.5 0 67 0
0.5 240 65 35
0.5 0 77 35
0.5 240 77 0
0.5 0 65 0
0.5 0 67 32
0.5 0 79 32
0.5 240 79 0
0.5 0 67 0
0.5 0 68 36
0.5 0 80 36
0.5 240 80 0
0.5 0 68 0
0.5 0 82 36
0.5 0 70 36
0.5 240 70 0
0.5 0 82 0
0.5 0 80 36
0.5 0 68 36
0.5 240 68 0
0.5 0 80 0
0.5 0 79 36
0.5 0 67 36
0.5 238 67 0
0.5 2 79 0
0.5 0 65 33
0.5 0 77 33
0.5 240 77 0
0.5 0 65 0
0.5 0 63 31
0.5 0 75 31
0.5 240 75 0
0.5 0 63 0
0.5 0 58 34
0.5 0 70 34
0.5 360 70 0
0.5 0 58 0
0.5 0 58 28
0.5 0 70 28
0.5 360 70 0
0.5 0 58 0
0.5 240 62 31
0.5 0 65 35
0.5 240 65 0
0.5 0 67 32
0.5 240 67 0
0.5 0 68 36
0.5 240 68 0
0.5 0 70 36
0.5 240 70 0
0.5 0 68 36
0.5 120 68 0
0.5 0 67 32
0.5 60 67 0
0.5 0 68 33
0.5 60 68 0
0.5 0 62 0
0.5 0 63 32
0.5 0 67 36
0.5 240 67 0
0.5 0 65 33
0.5 240 65 0
0.5 0 63 0
0.5 0 63 31
0.5 240 63 0
0.5 0 58 34
0.5 238 58 0
0.5 2 60 33
0.5 240 60 0
0.5 0 63 33
0.5 240 63 0
0.5 0 56 32
0.5 0 62 36
0.5 238 56 0
0.5 2 62 0
0.5 0 65 33
0.5 240 65 0
0.5 0 62 31
0.5 120 62 0
0.5 0 60 27
0.5 60 60 0
0.5 0 62 27
0.5 60 62 0
0.5 0 60 33
0.5 360 60 0
0.5 0 58 30
0.5 0 56 30
0.5 360 56 0
0.5 0 58 0
0.5 0 63 31
0.5 0 75 31
0.5 240 75 0
0.5 0 63 0
0.5 0 65 28
0.5 0 77 28
0.5 240 77 0
0.5 0 65 0
0.5 0 79 27
0.5 240 79 0
0.5 0 70 36
0.5 0 82 36
0.5 360 82 0
0.5 0 70 0
0.5 0 70 28
0.5 0 82 28
0.5 360 82 0
0.5 0 70 0
0.5 240 70 35
0.5 0 82 35
0.5 240 82 0
0.5 0 70 0
0.5 0 72 28
0.5 0 84 28
0.5 240 84 0
0.5 0 72 0
0.5 0 74 36
0.5 0 86 36
0.5 240 86 0
0.5 0 74 0
0.5 0 89 30
0.5 0 77 28
0.5 240 77 0
0.5 0 89 0
0.5 0 86 36
0.5 0 74 36
0.5 240 74 0
0.5 0 86 0
0.5 0 84 36
0.5 0 72 36
0.5 240 72 0
0.5 0 84 0
0.5 0 74 32
0.5 0 86 32
0.5 240 86 0
0.5 0 74 0
0.5 0 72 31
0.5 0 84 31
0.5 240 84 0
0.5 0 72 0
0.5 0 67 34
0.5 0 79 34
0.5 360 79 0
0.5 0 67 0
0.5 0 67 28
0.5 0 79 28
0.5 360 79 0
0.5 0 67 0
0.5 240 65 35
0.5 0 77 35
0.5 240 77 0
0.5 0 65 0
0.5 0 67 32
0.5 0 79 32
0.5 240 79 0
0.5 0 67 0
0.5 0 68 36
0.5 0 80 36
0.5 240 80 0
0.5 0 68 0
0.5 0 82 32
0.5 0 70 32
0.5 240 70 0
0.5 0 82 0
0.5 0 80 36
0.5 0 68 36
0.5 240 68 0
0.5 0 80 0
0.5 0 79 36
0.5 0 67 36
0.5 238 67 0
0.5 2 79 0
0.5 0 65 33
0.5 0 77 33
0.5 240 77 0
0.5 0 65 0
0.5 0 63 31
0.5 0 75 31
0.5 240 75 0
0.5 0 63 0
0.5 0 58 34
0.5 0 70 34
0.5 360 70 0
0.5 0 58 0
0.5 0 58 28
0.5 0 70 28
0.5 360 70 0
0.5 0 58 0
0.5 240 62 31
0.5 0 65 35
0.5 240 65 0
0.5 0 67 32
0.5 240 67 0
0.5 0 68 36
0.5 240 68 0
0.5 0 70 34
0.5 240 70 0
0.5 0 68 36
0.5 120 68 0
0.5 0 67 32
0.5 60 67 0
0.5 0 68 33
0.5 60 68 0
0.5 0 62 0
0.5 0 63 32
0.5 0 67 36
0.5 240 67 0
0.5 0 65 33
0.5 240 65 0
0.5 0 63 0
0.5 0 63 31
0.5 240 63 0
0.5 0 58 34
0.5 238 58 0
0.5 2 60 33
0.5 240 60 0
0.5 0 63 33
0.5 240 63 0
0.5 0 56 32
0.5 0 62 36
0.5 238 56 0
0.5 2 62 0
0.5 0 65 33
0.5 240 65 0
0.5 0 62 31
0.5 120 62 0
0.5 0 60 27
0.5 60 60 0
0.5 0 62 27
0.5 60 62 0
0.5 0 60 33
0.5 360 60 0
0.5 0 58 30
0.5 0 56 30
0.5 360 56 0
0.5 0 58 0
0.5 0 58 28
0.5 0 67 36
0.5 0 63 30
0.5 240 58 0
0.5 0 57 33
0.5 240 57 0
0.5 0 58 33
0.5 240 58 0
0.5 0 63 0
0.5 0 67 0
0.5 0 55 35
0.5 240 55 0
0.5 0 67 37
0.5 0 63 37
0.5 0 55 35
0.5 240 55 0
0.5 0 58 31
0.5 240 58 0
0.5 0 63 0
0.5 0 67 0
0.5 0 57 28
0.5 0 62 30
0.5 0 68 36
0.5 240 57 0
0.5 0 58 31
0.5 240 58 0
0.5 0 60 31
0.5 240 60 0
0.5 0 68 0
0.5 0 62 0
0.5 0 61 31
0.5 240 61 0
0.5 0 62 28
0.5 0 68 36
0.5 240 62 0
0.5 0 58 30
0.5 240 58 0
0.5 0 68 0
0.5 0 58 27
0.5 0 67 35
0.5 0 63 28
0.5 240 58 0
0.5 0 57 33
0.5 240 57 0
0.5 0 58 33
0.5 240 58 0
0.5 0 63 0
0.5 0 67 0
0.5 0 55 35
0.5 240 55 0
0.5 0 67 37
0.5 0 63 37
0.5 0 55 35
0.5 240 55 0
0.5 0 58 30
0.5 240 58 0
0.5 0 63 0
0.5 0 67 0
0.5 0 57 27
0.5 0 62 28
0.5 0 68 35
0.5 240 57 0
0.5 0 58 31
0.5 240 58 0
0.5 0 60 31
0.5 240 60 0
0.5 0 68 0
0.5 0 62 0
0.5 0 61 31
0.5 240 61 0
0.5 0 62 28
0.5 0 68 36
0.5 240 62 0
0.5 0 58 30
0.5 240 58 0
0.5 0 68 0
0.5 0 58 27
0.5 0 67 35
0.5 0 63 28
0.5 240 58 0
0.5 0 57 31
0.5 240 57 0
0.5 0 58 31
0.5 240 58 0
0.5 0 63 0
0.5 0 67 0
0.5 0 55 33
0.5 240 55 0
0.5 0 67 36
0.5 0 63 36
0.5 0 55 33
0.5 240 55 0
0.5 0 58 28
0.5 240 58 0
0.5 0 63 0
0.5 0 67 0
0.5 0 58 25
0.5 0 67 32
0.5 0 63 27
0.5 240 58 0
0.5 0 57 29
0.5 240 57 0
0.5 0 58 28
0.5 240 58 0
0.5 0 63 0
0.5 0 67 0
0.5 0 55 31
0.5 240 55 0
0.5 0 67 29
0.5 0 63 29
0.5 0 55 27
0.5 240 55 0
0.5 0 58 23
0.5 240 58 0
0.5 0 63 0
0.5 0 67 0
0.5 0 55 22
0.5 0 63 22
0.5 0 67 27
0.5 2158 63 0
0.5 2 67 0
0.5 0 55 0
0.5 0 75 27
0.5 0 79 27
0.5 0 87 33
0.5 720 87 0
0.5 0 79 0
0.5 0 75 0
0.5 0 94 27
0.5 0 87 27
0.5 0 91 27
0.5 0 99 33
0.5 1440 99 0
0.5 0 94 0
0.5 0 87 0
0.5 0 91 0
1 0 0 0
0 0 7 100
0 0 10 64
0 0 64 127
0.5 0 39 36
0.5 0 51 43
0.5 720 51 0
0.5 0 39 0
0.5 240 34 34
0.5 0 46 41
0 16 64 0
0 121 64 127
0.5 343 46 0
0.5 0 34 0
0.5 0 53 44
0.5 0 41 36
0 7 64 0
0 130 64 127
0.5 583 41 0
0.5 0 53 0
0.5 240 34 34
0.5 0 46 41
0 17 64 0
0 143 64 127
0.5 320 46 0
0.5 0 34 0
0.5 0 51 40
0.5 0 39 34
0 8 64 0
0 129 64 127
0.5 583 39 0
0.5 0 51 0
0.5 240 34 34
0.5 0 46 41
0 16 64 0
0 167 64 127
0.5 297 46 0
0.5 0 34 0
0 0 64 0
0.5 0 53 41
0.5 0 41 34
0 137 64 127
0.5 583 41 0
0.5 0 53 0
0.5 240 34 34
0.5 0 46 41
0 16 64 0
0 179 64 127
0.5 285 46 0
0.5 0 34 0
0.5 0 51 44
0 15 64 0
0 112 64 127
0.5 113 51 0
0.5 0 67 39
0.5 240 67 0
0.5 0 67 39
0 252 64 0
0 108 64 127
0.5 120 67 0
0.5 0 63 36
0.5 240 63 0
0.5 0 58 32
0.5 240 58 0
0.5 0 51 44
0 9 64 0
0 138 64 127
0.5 93 51 0
0.5 0 68 39
0 497 64 0
0 130 64 127
0.5 93 68 0
0.5 0 62 37
0.5 240 62 0
0.5 0 58 37
0.5 240 58 0
0.5 0 51 44
0 8 64 0
0 91 64 127
0.5 141 51 0
0.5 0 67 39
0.5 478 67 0
0 12 64 0
0 131 64 127
0.5 99 63 37
0.5 240 63 0
0.5 0 58 37
0.5 240 58 0
0.5 0 51 44
0 9 64 0
0 218 64 127
0.5 13 51 0
0.5 0 68 39
0.5 478 68 0
0 19 64 0
0 143 64 127
0.5 80 62 37
0.5 240 62 0
0.5 0 58 37
0.5 240 58 0
0.5 0 51 44
0 10 64 0
0 89 64 127
0.5 141 51 0
0.5 0 67 39
0 494 64 0
0 71 64 127
0.5 155 67 0
0.5 0 63 37
0.5 240 63 0
0.5 0 55 36
0.5 240 55 0
0.5 0 46 44
0 15 64 0
0 78 64 127
0.5 147 46 0
0.5 0 56 39
0 491 64 0
0 70 64 127
0.5 159 56 0
0.5 0 52 37
0.5 240 52 0
0.5 0 53 37
0.5 240 53 0
0.5 0 46 44
0 9 64 0
0 98 64 127
0.5 133 46 0
0.5 0 55 39
0 494 64 0
0 106 64 127
0.5 120 55 0
0.5 0 58 37
0.5 240 58 0
0.5 0 55 37
0.5 240 55 0
0.5 0 46 44
0 11 64 0
0 45 64 127
0.5 184 46 0
0.5 0 56 39
0 494 64 0
0 71 64 127
0.5 155 56 0
0.5 0 52 37
0.5 240 52 0
0.5 0 53 37
0.5 240 53 0
0.5 0 39 36
0.5 0 51 43
0 9 64 0
0 140 64 127
0.5 571 51 0
0.5 0 39 0
0.5 240 34 34
0.5 0 46 41
0 16 64 0
0 133 64 127
0.5 331 46 0
0.5 0 34 0
0.5 0 41 36
0.5 0 53 44
0 11 64 0
0 126 64 127
0.5 583 53 0
0.5 0 41 0
0.5 240 34 34
0.5 0 46 41
0 14 64 0
0 77 64 127
0.5 389 46 0
0.5 0 34 0
0.5 0 39 34
0.5 0 51 40
0 12 64 0
0 125 64 127
0.5 583 51 0
0.5 0 39 0
0.5 240 34 34
0.5 0 46 41
0 11 64 0
0 138 64 127
0.5 331 46 0
0.5 0 34 0
0 0 64 0
0.5 0 41 34
0.5 0 53 41
0 137 64 127
0.5 583 53 0
0.5 0 41 0
0.5 240 34 34
0.5 0 46 41
0 17 64 0
0 166 64 127
0.5 297 46 0
0.5 0 34 0
0.5 0 51 44
0 17 64 0
0 110 64 127
0.5 113 51 0
0.5 0 67 39
0.5 240 67 0
0.5 0 67 39
0 252 64 0
0 108 64 127
0.5 120 67 0
0.5 0 63 37
0.5 240 63 0
0.5 0 58 37
0.5 240 58 0
0.5 0 51 44
0 9 64 0
0 138 64 127
0.5 93 51 0
0.5 0 68 39
0 497 64 0
0 130 64 127
0.5 93 68 0
0.5 0 62 37
0.5 240 62 0
0.5 0 58 37
0.5 240 58 0
0.5 0 51 44
0 8 64 0
0 91 64 127
0.5 141 51 0
0.5 0 67 39
0.5 478 67 0
0 12 64 0
0 131 64 127
0.5 99 63 37
0.5 240 63 0
0.5 0 58 33
0.5 240 58 0
0.5 0 51 44
0 9 64 0
0 218 64 127
0.5 13 51 0
0.5 0 68 39
0.5 478 68 0
0 19 64 0
0 143 64 127
0.5 80 62 37
0.5 240 62 0
0.5 0 58 37
0.5 240 58 0
0.5 0 51 44
0 10 64 0
0 89 64 127
0.5 141 51 0
0.5 0 67 39
0 494 64 0
0 71 64 127
0.5 155 67 0
0.5 0 63 37
0.5 240 63 0
0.5 0 55 35
0.5 240 55 0
0.5 0 46 44
0 15 64 0
0 78 64 127
0.5 147 46 0
0.5 0 56 39
0 491 64 0
0 70 64 127
0.5 159 56 0
0.5 0 52 37
0.5 240 52 0
0.5 0 53 37
0.5 240 53 0
0.5 0 46 44
0 9 64 0
0 98 64 127
0.5 133 46 0
0.5 0 55 39
0 494 64 0
0 106 64 127
0.5 120 55 0
0.5 0 58 37
0.5 240 58 0
0.5 0 55 37
0.5 240 55 0
0.5 0 46 44
0 11 64 0
0 45 64 127
0.5 184 46 0
0.5 0 56 39
0 494 64 0
0 71 64 127
0.5 155 56 0
0.5 0 52 37
0.5 240 52 0
0.5 0 53 37
0.5 240 53 0
0.5 0 39 36
0.5 0 51 43
0 9 64 0
0 140 64 127
0.5 571 51 0
0.5 0 39 0
0.5 240 34 34
0.5 0 46 41
0 16 64 0
0 133 64 127
0.5 331 46 0
0.5 0 34 0
0.5 0 41 36
0.5 0 53 44
0 11 64 0
0 126 64 127
0.5 583 53 0
0.5 0 41 0
0.5 240 34 34
0.5 0 46 41
0 14 64 0
0 77 64 127
0.5 389 46 0
0.5 0 34 0
0.5 0 39 34
0.5 0 51 40
0 12 64 0
0 125 64 127
0.5 583 51 0
0.5 0 39 0
0.5 240 34 34
0.5 0 46 41
0 11 64 0
0 138 64 127
0.5 331 46 0
0.5 0 34 0
0.5 0 41 34
0.5 0 53 41
0 0 64 0
0 137 64 127
0.5 583 53 0
0.5 0 41 0
0.5 240 34 34
0.5 0 46 41
0 17 64 0
0 166 64 127
0.5 297 46 0
0.5 0 34 0
0.5 0 51 44
0 12 64 0
0 135 64 127
0.5 93 51 0
0.5 0 67 39
0.5 240 67 0
0.5 0 67 41
0 256 64 0
0 164 64 127
0.5 60 67 0
0.5 0 63 37
0.5 240 63 0
0.5 0 58 37
0.5 240 58 0
0.5 0 51 44
0 7 64 0
0 113 64 127
0.5 120 51 0
0.5 0 68 39
0 497 64 0
0 143 64 127
0.5 80 68 0
0.5 0 61 37
0.5 240 61 0
0.5 0 58 37
0.5 240 58 0
0.5 0 51 44
0 13 64 0
0 107 64 127
0.5 120 51 0
0.5 0 67 39
0 494 64 0
0 106 64 127
0.5 120 67 0
0.5 0 61 37
0.5 240 61 0
0.5 0 58 37
0.5 240 58 0
0.5 0 51 44
0 11 64 0
0 109 64 127
0.5 120 51 0
0.5 0 61 39
0 497 64 0
0 143 64 127
0.5 80 61 0
0.5 0 55 37
0.5 240 55 0
0.5 0 51 37
0.5 240 51 0
0.5 0 44 44
0 8 64 0
0 112 64 127
0.5 120 44 0
0.5 0 60 39
0 494 64 0
0 166 64 127
0.5 60 60 0
0.5 0 56 39
0.5 240 56 0
0.5 0 51 39
0.5 240 51 0
0.5 0 44 48
0.5 240 44 0
0.5 0 63 42
0.5 720 63 0
0.5 0 60 48
0.5 240 60 0
0.5 0 56 46
0.5 240 56 0
0.5 0 44 50
0 10 64 0
0 110 64 127
0.5 120 44 0
0.5 0 59 45
0 494 64 0
0 106 64 127
0.5 120 59 0
0.5 0 56 44
0.5 240 56 0
0.5 0 51 45
0.5 240 51 0
0.5 0 44 54
0.5 240 44 0
0.5 0 63 49
0.5 720 63 0
0.5 0 59 48
0.5 240 59 0
0.5 0 56 49
0.5 240 56 0
0.5 0 46 65
0 15 64 0
0 105 64 127
0.5 120 46 0
0.5 0 67 45
0.5 240 67 0
0.5 0 67 45
0 252 64 0
0 108 64 127
0.5 120 67 0
0.5 0 63 43
0.5 240 63 0
0.5 0 58 43
0.5 240 58 0
0.5 0 46 51
0 10 64 0
0 110 64 127
0.5 120 46 0
0.5 0 68 45
0 497 64 0
0 143 64 127
0.5 80 68 0
0.5 0 62 43
0.5 240 62 0
0.5 0 58 43
0.5 240 58 0
0.5 0 51 51
0 8 64 0
0 112 64 127
0.5 120 51 0
0.5 0 67 45
0.5 478 67 0
0 16 64 0
0 106 64 127
0.5 120 63 43
0.5 240 63 0
0.5 0 58 43
0.5 240 58 0
0.5 0 48 51
0 11 64 0
0 109 64 127
0.5 120 48 0
0.5 0 61 45
0 497 64 0
0 143 64 127
0.5 80 61 0
0.5 0 60 43
0.5 240 60 0
0.5 0 64 43
0.5 240 64 0
0.5 0 41 51
0 9 64 0
0 111 64 127
0.5 120 41 0
0.5 0 63 45
0 494 64 0
0 71 64 127
0.5 155 63 0
0.5 0 53 43
0.5 240 53 0
0.5 0 63 43
0.5 240 63 0
0.5 0 46 51
0 8 64 0
0 172 64 127
0.5 60 46 0
0.5 0 56 45
0 497 64 0
0 143 64 127
0.5 80 56 0
0.5 0 53 43
0.5 240 53 0
0.5 0 63 43
0.5 240 63 0
0.5 0 46 48
0 10 64 0
0 110 64 127
0.5 120 46 0
0.5 0 63 45
0 494 64 0
0 71 64 127
0.5 155 63 0
0.5 0 58 43
0.5 240 58 0
0.5 0 68 43
0.5 240 68 0
0.5 0 46 45
0 11 64 0
0 109 64 127
0.5 120 46 0
0.5 0 55 40
0.5 240 55 0
0.5 0 56 38
0.5 240 56 0
0.5 0 60 35
0 14 64 0
0 71 64 127
0.5 275 60 0
0.5 0 58 34
0.5 360 58 0
0.5 0 39 36
0.5 0 51 43
0 10 64 0
0 104 64 127
0.5 606 51 0
0.5 0 39 0
0.5 240 34 34
0.5 0 46 41
0 13 64 0
0 101 64 127
0.5 366 46 0
0.5 0 34 0
0.5 0 41 36
0.5 0 53 44
0 12 64 0
0 125 64 127
0.5 583 53 0
0.5 0 41 0
0.5 240 34 34
0.5 0 46 41
0 13 64 0
0 107 64 127
0.5 360 46 0
0.5 0 34 0
0.5 0 39 34
0.5 0 51 40
0 13 64 0
0 124 64 127
0.5 583 51 0
0.5 0 39 0
0.5 240 34 34
0.5 0 46 41
0 18 64 0
0 102 64 127
0.5 360 46 0
0.5 0 34 0
0.5 0 41 34
0.5 0 53 41
0 11 64 0
0 126 64 127
0.5 583 53 0
0.5 0 41 0
0.5 240 34 34
0.5 0 46 41
0 15 64 0
0 105 64 127
0.5 360 46 0
0.5 0 34 0
0.5 0 51 29
0 9 64 0
0 111 64 127
0.5 120 51 0
0.5 0 67 26
0.5 240 67 0
0.5 0 67 26
0 252 64 0
0 87 64 127
0.5 141 67 0
0.5 0 63 24
0.5 240 63 0
0.5 0 58 23
0.5 240 58 0
0.5 0 53 29
0 10 64 0
0 110 64 127
0.5 120 53 0
0.5 0 68 26
0 497 64 0
0 143 64 127
0.5 80 68 0
0.5 0 62 24
0.5 240 62 0
0.5 0 58 24
0.5 240 58 0
0.5 0 51 29
0 10 64 0
0 110 64 127
0.5 120 51 0
0.5 0 67 26
0.5 478 67 0
0 16 64 0
0 106 64 127
0.5 120 63 24
0.5 240 63 0
0.5 0 58 24
0.5 240 58 0
0.5 0 53 29
0 12 64 0
0 168 64 127
0.5 60 53 0
0.5 0 68 26
0.5 478 68 0
0 19 64 0
0 143 64 127
0.5 80 62 24
0.5 240 62 0
0.5 0 58 24
0.5 240 58 0
0.5 0 51 29
0 16 64 0
0 104 64 127
0.5 120 51 0
0.5 0 67 26
0 494 64 0
0 71 64 127
0.5 155 67 0
0.5 0 63 24
0.5 240 63 0
0.5 0 55 24
0.5 240 55 0
0.5 0 46 29
0 11 64 0
0 82 64 127
0.5 147 46 0
0.5 0 56 26
0 498 64 0
0 88 64 127
0.5 134 56 0
0.5 0 52 24
0.5 240 52 0
0.5 0 53 24
0.5 240 53 0
0.5 0 46 29
0 12 64 0
0 135 64 127
0.5 93 46 0
0.5 0 55 26
0 494 64 0
0 160 64 127
0.5 66 55 0
0.5 0 58 24
0.5 240 58 0
0.5 0 55 24
0.5 240 55 0
0.5 0 46 29
0 13 64 0
0 43 64 127
0.5 184 46 0
0.5 0 56 26
0 494 64 0
0 71 64 127
0.5 155 56 0
0.5 0 52 24
0.5 240 52 0
0.5 0 53 24
0.5 240 53 0
0 0 64 0
0.5 0 51 29
0 120 64 127
0.5 120 51 0
0.5 0 67 26
0.5 240 67 0
0.5 0 67 26
0 252 64 0
0 87 64 127
0.5 141 67 0
0.5 0 63 24
0.5 240 63 0
0.5 0 58 24
0.5 240 58 0
0.5 0 53 29
0 10 64 0
0 137 64 127
0.5 93 53 0
0.5 0 68 26
0 497 64 0
0 143 64 127
0.5 80 68 0
0.5 0 62 24
0.5 240 62 0
0.5 0 58 24
0.5 240 58 0
0.5 0 51 29
0 15 64 0
0 98 64 127
0.5 127 51 0
0.5 0 67 26
0.5 478 67 0
0 16 64 0
0 71 64 127
0.5 155 63 24
0.5 240 63 0
0.5 0 58 24
0.5 240 58 0
0.5 0 53 29
0 9 64 0
0 151 64 127
0.5 80 53 0
0.5 0 68 26
0.5 478 68 0
0 19 64 0
0 143 64 127
0.5 80 62 24
0.5 240 62 0
0.5 0 58 24
0.5 240 58 0
0.5 0 51 29
0 14 64 0
0 106 64 127
0.5 120 51 0
0.5 0 67 26
0 494 64 0
0 106 64 127
0.5 120 67 0
0.5 0 63 24
0.5 240 63 0
0.5 0 55 24
0.5 240 55 0
0.5 0 46 29
0 12 64 0
0 81 64 127
0.5 147 46 0
0.5 0 56 26
0 497 64 0
0 93 64 127
0.5 130 56 0
0.5 0 52 24
0.5 240 52 0
0.5 0 53 24
0.5 240 53 0
0.5 0 46 29
0 11 64 0
0 136 64 127
0.5 93 46 0
0.5 0 55 26
0 494 64 0
0 120 64 127
0.5 106 55 0
0.5 0 58 24
0.5 240 58 0
0.5 0 55 24
0.5 240 55 0
0.5 0 46 29
0 12 64 0
0 44 64 127
0.5 184 46 0
0.5 0 56 26
0 494 64 0
0 71 64 127
0.5 155 56 0
0.5 0 52 24
0.5 240 52 0
0.5 0 53 24
0.5 240 53 0
0.5 0 39 27
0.5 0 51 32
0 9 64 0
0 151 64 127
0.5 560 51 0
0.5 0 39 0
0.5 240 34 25
0.5 0 46 30
0 18 64 0
0 131 64 127
0.5 331 46 0
0.5 0 34 0
0.5 0 41 27
0.5 0 53 33
0 11 64 0
0 126 64 127
0.5 583 53 0
0.5 0 41 0
0.5 240 34 25
0.5 0 46 30
0 11 64 0
0 172 64 127
0.5 297 46 0
0.5 0 34 0
0.5 0 39 25
0.5 0 51 30
0 13 64 0
0 124 64 127
0.5 583 51 0
0.5 0 39 0
0.5 240 34 25
0.5 0 46 30
0 16 64 0
0 201 64 127
0.5 263 46 0
0.5 0 34 0
0.5 0 41 25
0.5 0 53 30
0 14 64 0
0 123 64 127
0.5 583 53 0
0.5 0 41 0
0.5 240 34 25
0.5 0 46 30
0 11 64 0
0 138 64 127
0.5 331 46 0
0.5 0 34 0
0.5 0 39 25
0.5 0 51 30
0 16 64 0
0 190 64 127
0.5 514 51 0
0.5 0 39 0
0.5 240 34 23
0.5 0 46 28
0 17 64 0
0 143 64 127
0.5 320 46 0
0.5 0 34 0
0.5 0 39 23
0.5 0 51 27
0 10 64 0
0 127 64 127
0.5 583 51 0
0.5 0 39 0
0.5 240 34 19
0.5 0 46 24
0 18 64 0
0 131 64 127
0.5 331 46 0
0.5 0 34 0
0.5 0 39 20
0.5 0 51 25
0 22 64 0
0 338 64 127
0.5 1800 51 0
0.5 0 39 0
0 147 64 0
0 573 64 127
0.5 0 44 36
0.5 240 44 0
0.5 0 51 33
0.5 240 51 0
0.5 0 56 30
0.5 240 56 0
0.5 0 59 31
0.5 240 59 0
0.5 0 61 34
0 16 64 0
0 144 64 127
0.5 80 61 0
0.5 0 63 33
0.5 240 63 0
0.5 0 68 36
0.5 0 64 36
0 67 64 0
0 80 64 127
0 829 64 0
0 211 64 127
0.5 253 64 0
0.5 0 68 0
0 0 64 0
0.5 0 44 36
0 107 64 127
0.5 133 44 0
0.5 0 51 33
0.5 240 51 0
0.5 0 56 30
0.5 240 56 0
0.5 0 59 31
0.5 240 59 0
0.5 0 61 34
0 14 64 0
0 146 64 127
0.5 80 61 0
0.5 0 63 36
0.5 240 63 0
0.5 0 68 36
0.5 0 64 36
0 67 64 0
0 80 64 127
0 826 64 0
0 134 64 127
0.5 333 64 0
0.5 0 68 0
0 0 64 0
0.5 0 44 36
0 107 64 127
0.5 133 44 0
0.5 0 51 33
0.5 240 51 0
0.5 0 56 30
0.5 240 56 0
0.5 0 59 31
0.5 240 59 0
0.5 0 61 34
0 13 64 0
0 80 64 127
0.5 147 61 0
0.5 0 63 36
0.5 240 63 0
0 0 64 0
0.5 0 64 36
0.5 0 56 36
0 120 64 127
0 857 64 0
0 156 64 127
0.5 307 56 0
0.5 0 64 0
0.5 0 44 24
0 4 64 0
0 103 64 127
0.5 133 44 0
0.5 0 51 21
0.5 240 51 0
0.5 0 56 20
0.5 240 56 0
0.5 0 59 20
0.5 240 59 0
0.5 0 61 22
0 13 64 0
0 107 64 127
0.5 120 61 0
0.5 0 63 24
0.5 240 63 0
0.5 0 67 24
0.5 0 61 23
0 13 64 0
0 227 64 127
0.5 1200 61 0
0.5 0 67 0
0.5 0 44 36
0 12 64 0
0 188 64 127
0.5 40 44 0
0.5 0 51 33
0.5 240 51 0
0.5 0 56 30
0.5 240 56 0
0.5 0 59 31
0.5 240 59 0
0.5 0 61 34
0 20 64 0
0 87 64 127
0.5 133 61 0
0.5 0 63 36
0.5 240 63 0
0.5 0 68 36
0.5 0 64 36
0 67 64 0
0 80 64 127
0 830 64 0
0 116 64 127
0.5 347 64 0
0.5 0 68 0
0 0 64 0
0.5 0 44 36
0 107 64 127
0.5 133 44 0
0.5 0 51 33
0.5 240 51 0
0.5 0 56 30
0.5 240 56 0
0.5 0 59 31
0.5 240 59 0
0.5 0 61 34
0 20 64 0
0 87 64 127
0.5 133 61 0
0.5 0 63 36
0.5 240 63 0
0.5 0 68 36
0.5 0 64 36
0 67 64 0
0 80 64 127
0 821 64 0
0 112 64 127
0.5 360 64 0
0.5 0 68 0
0.5 0 44 36
0 10 64 0
0 97 64 127
0.5 133 44 0
0.5 0 51 33
0.5 240 51 0
0.5 0 56 30
0.5 240 56 0
0.5 0 59 31
0.5 240 59 0
0.5 0 61 34
0 17 64 0
0 116 64 127
0.5 107 61 0
0.5 0 63 36
0.5 240 63 0
0 0 64 0
0.5 0 64 36
0.5 0 56 36
0 120 64 127
0 860 64 0
0 113 64 127
0.5 347 56 0
0.5 0 64 0
0.5 0 44 24
0 9 64 0
0 98 64 127
0.5 133 44 0
0.5 0 51 21
0.5 240 51 0
0.5 0 56 20
0.5 240 56 0
0.5 0 59 20
0.5 240 59 0
0.5 0 61 22
0 27 64 0
0 66 64 127
0.5 147 61 0
0.5 0 63 24
0.5 240 63 0
0 0 64 0
0.5 0 68 30
0 107 64 127
0.5 133 68 0
0.5 0 63 30
0.5 240 63 0
0.5 0 61 28
0.5 240 61 0
0.5 0 59 28
0.5 240 59 0
0.5 0 58 27
0 7 64 0
0 60 64 127
0.5 173 58 0
0.5 0 56 25
0.5 240 56 0
0 0 64 0
0.5 0 39 30
0 217 64 127
0.5 23 39 0
0.5 0 46 29
0.5 240 46 0
0.5 0 51 28
0.5 240 51 0
0.5 0 55 30
0.5 240 55 0
0.5 0 58 34
0 20 64 0
0 140 64 127
0.5 80 58 0
0.5 0 63 38
0.5 240 63 0
0.5 0 58 41
0.5 0 68 41
0.5 0 64 41
0 17 64 0
0 130 64 127
0 829 64 0
0 108 64 127
0.5 356 64 0
0.5 0 68 0
0.5 0 58 0
0.5 0 39 36
0 8 64 0
0 99 64 127
0.5 133 39 0
0.5 0 46 33
0.5 240 46 0
0.5 0 51 30
0.5 240 51 0
0.5 0 55 31
0.5 240 55 0
0.5 0 58 34
0 20 64 0
0 40 64 127
0.5 180 58 0
0.5 0 63 36
0.5 195 51 35
0.5 15 58 38
0.5 15 61 40
0.5 15 63 0
0.5 0 64 42
0 67 64 0
0 80 64 127
0 829 64 0
0 65 64 127
0.5 339 64 0
0.5 0 61 0
0.5 0 58 0
0.5 0 51 0
0.5 0 39 39
0 15 64 0
0 33 64 127
0.5 12 39 0
0.5 0 63 39
0.5 240 63 0
0.5 0 59 36
0.5 240 59 0
0.5 0 58 33
0.5 240 58 0
0.5 0 55 35
0.5 240 55 0
0.5 0 50 39
0 17 64 0
0 155 64 127
0.5 68 50 0
0.5 0 51 45
0.5 240 51 0
0.5 0 44 49
0 11 64 0
0 109 64 127
0.5 120 44 0
0.5 0 50 46
0.5 240 50 0
0.5 0 51 45
0.5 240 51 0
0.5 0 55 36
0.5 240 55 0
0.5 0 56 42
0 17 64 0
0 116 64 127
0.5 107 56 0
0.5 0 59 41
0.5 240 59 0
0.5 0 39 36
0 2 64 0
0 105 64 127
0.5 133 39 0
0.5 0 45 38
0.5 240 45 0
0.5 0 46 40
0.5 240 46 0
0.5 0 51 41
0.5 240 51 0
0.5 0 55 44
0 19 64 0
0 101 64 127
0.5 120 55 0
0.5 0 58 46
0.5 240 58 0
0.5 0 59 45
0 13 64 0
0 134 64 127
0.5 93 59 0
0.5 0 56 39
0.5 240 56 0
0.5 0 52 39
0.5 240 52 0
0.5 0 47 38
0.5 240 47 0
0.5 0 44 36
0.5 240 44 0
0.5 0 40 34
0.5 180 40 0
0 7 64 0
0.5 53 39 36
0 0 64 127
0.5 240 39 0
0.5 0 46 35
0.5 240 46 0
0.5 0 51 34
0.5 240 51 0
0.5 0 55 36
0.5 240 55 0
0.5 0 58 40
0 16 64 0
0 121 64 127
0.5 103 58 0
0.5 0 63 45
0.5 240 63 0
0.5 0 58 49
0.5 0 68 49
0.5 0 64 49
0 17 64 0
0 130 64 127
0 831 64 0
0 63 64 127
0.5 399 64 0
0.5 0 68 0
0.5 0 58 0
0.5 0 39 36
0 12 64 0
0 95 64 127
0.5 133 39 0
0.5 0 46 33
0.5 240 46 0
0.5 0 51 30
0.5 240 51 0
0.5 0 55 31
0.5 240 55 0
0.5 0 58 34
0 15 64 0
0 45 64 127
0.5 180 58 0
0.5 0 63 36
0.5 195 51 35
0.5 15 58 38
0.5 15 61 40
0.5 15 63 0
0.5 0 64 42
0 17 64 0
0 130 64 127
0 838 64 0
0 35 64 127
0.5 360 64 0
0.5 0 61 0
0.5 0 58 0
0.5 0 51 0
0.5 0 39 39
0 8 64 0
0 21 64 127
0.5 31 39 0
0.5 0 63 39
0.5 240 63 0
0.5 0 59 36
0.5 240 59 0
0.5 0 58 33
0.5 240 58 0
0.5 0 55 35
0.5 240 55 0
0.5 0 50 39
0 18 64 0
0 89 64 127
0.5 133 50 0
0.5 0 51 45
0.5 240 51 0
0.5 0 44 49
0 10 64 0
0 110 64 127
0.5 120 44 0
0.5 0 50 46
0.5 240 50 0
0.5 0 51 45
0.5 240 51 0
0.5 0 55 38
0.5 240 55 0
0.5 0 56 42
0 15 64 0
0 118 64 127
0.5 107 56 0
0.5 0 59 41
0.5 240 59 0
0.5 0 39 36
0 12 64 0
0 95 64 127
0.5 133 39 0
0.5 0 45 38
0.5 240 45 0
0.5 0 46 40
0.5 240 46 0
0.5 0 51 41
0.5 240 51 0
0.5 0 55 44
0 19 64 0
0 101 64 127
0.5 120 55 0
0.5 0 58 46
0.5 240 58 0
0.5 0 61 45
0 13 64 0
0 134 64 127
0.5 93 61 0
0.5 0 59 35
0.5 240 59 0
0.5 0 58 39
0.5 240 58 0
0.5 0 55 38
0.5 240 55 0
0.5 0 52 36
0 17 64 0
0 86 64 127
0.5 137 52 0
0.5 0 51 34
0.5 240 51 0
0.5 0 44 36
0 27 64 0
0 133 64 127
0.5 80 44 0
0.5 0 51 33
0.5 240 51 0
0.5 0 56 30
0.5 240 56 0
0.5 0 59 31
0.5 240 59 0
0.5 0 61 34
0 13 64 0
0 94 64 127
0.5 133 61 0
0.5 0 63 32
0.5 240 63 0
0.5 0 68 36
0.5 0 64 36
0 15 64 0
0 132 64 127
0 828 64 0
0 145 64 127
0.5 320 64 0
0.5 0 68 0
0.5 0 44 36
0 14 64 0
0 93 64 127
0.5 133 44 0
0.5 0 51 33
0.5 240 51 0
0.5 0 56 30
0.5 240 56 0
0.5 0 59 31
0.5 240 59 0
0.5 0 61 34
0 13 64 0
0 121 64 127
0.5 106 61 0
0.5 0 63 36
0.5 240 63 0
0.5 0 68 36
0.5 0 64 36
0 17 64 0
0 223 64 127
0 733 64 0
0 120 64 127
0.5 347 64 0
0.5 0 68 0
0.5 0 44 36
0 10 64 0
0 97 64 127
0.5 133 44 0
0.5 0 51 33
0.5 240 51 0
0.5 0 56 30
0.5 240 56 0
0.5 0 59 31
0.5 240 59 0
0.5 0 61 34
0 13 64 0
0 94 64 127
0.5 133 61 0
0.5 0 63 36
0.5 240 63 0
0.5 0 64 36
0.5 0 56 36
0 8 64 0
0 112 64 127
0 857 64 0
0 157 64 127
0.5 306 56 0
0.5 0 64 0
0.5 0 44 24
0 14 64 0
0 93 64 127
0.5 133 44 0
0.5 0 51 21
0.5 240 51 0
0.5 0 56 20
0.5 240 56 0
0.5 0 59 20
0.5 240 59 0
0.5 0 63 22
0.5 240 63 0
0.5 0 68 24
0.5 240 68 0
0 11 64 0
0 96 64 127
0 628 64 0
0 105 64 127
0.5 600 41 27
0.5 0 51 32
0 8 64 0
0 166 64 127
0.5 1266 51 0
0.5 0 41 0
0.5 0 71 32
0 10 64 0
0 124 64 127
0.5 1306 71 0
0.5 0 41 28
0.5 0 47 33
0 10 64 0
0 93 64 127
0.5 1337 47 0
0.5 0 41 0
0.5 0 71 33
0 10 64 0
0 93 64 127
0.5 1337 71 0
0.5 0 34 23
0.5 0 46 28
0 15 64 0
0 88 64 127
0.5 1337 46 0
0.5 0 34 0
0.5 0 70 28
0 15 64 0
0 145 64 127
0.5 1280 70 0
0.5 0 34 28
0.5 0 46 28
0 15 64 0
0 28 64 127
0 457 64 0
0 77 64 127
0.5 83 77 33
0.5 60 77 0
0.5 0 46 0
0.5 0 34 0
0.5 0 82 49
0 257 64 0
0 109 64 127
0.5 354 82 0
0 0 64 0
0.5 0 46 42
0.5 0 58 42
0 43 64 127
0 457 64 0
0 77 64 127
0.5 83 89 45
0.5 60 89 0
0.5 0 58 0
0.5 0 46 0
0.5 0 94 68
0 258 64 0
0 108 64 127
0.5 354 94 0
0.5 0 39 36
0.5 0 51 43
0 13 64 0
0 136 64 127
0.5 571 51 0
0.5 0 39 0
0.5 240 34 34
0.5 0 46 41
0 11 64 0
0 126 64 127
0.5 343 46 0
0.5 0 34 0
0.5 0 41 36
0.5 0 53 44
0 12 64 0
0 125 64 127
0.5 583 53 0
0.5 0 41 0
0.5 240 34 34
0.5 0 46 41
0 16 64 0
0 133 64 127
0.5 331 46 0
0.5 0 34 0
0.5 0 39 34
0.5 0 51 40
0 9 64 0
0 128 64 127
0.5 583 51 0
0.5 0 39 0
0.5 240 34 34
0.5 0 46 41
0 11 64 0
0 103 64 127
0.5 366 46 0
0.5 0 34 0
0.5 0 41 34
0.5 0 53 41
0 8 64 0
0 129 64 127
0.5 583 53 0
0.5 0 41 0
0.5 240 34 34
0.5 0 46 41
0 19 64 0
0 164 64 127
0.5 297 46 0
0.5 0 34 0
0.5 0 51 44
0 8 64 0
0 105 64 127
0.5 127 51 0
0.5 0 67 39
0.5 240 67 0
0.5 0 67 39
0 252 64 0
0 87 64 127
0.5 141 67 0
0.5 0 63 37
0.5 240 63 0
0.5 0 58 37
0.5 240 58 0
0.5 0 51 44
0 16 64 0
0 77 64 127
0.5 147 51 0
0.5 0 68 39
0 497 64 0
0 143 64 127
0.5 80 68 0
0.5 0 62 37
0.5 240 62 0
0.5 0 58 37
0.5 240 58 0
0.5 0 51 44
0 12 64 0
0 44 64 127
0.5 184 51 0
0.5 0 67 39
0.5 478 67 0
0 16 64 0
0 71 64 127
0.5 155 63 35
0.5 240 63 0
0.5 0 58 31
0.5 240 58 0
0.5 0 51 44
0 10 64 0
0 150 64 127
0.5 80 51 0
0.5 0 68 39
0.5 478 68 0
0 19 64 0
0 143 64 127
0.5 80 62 37
0.5 240 62 0
0.5 0 58 37
0.5 240 58 0
0.5 0 51 44
0 14 64 0
0 42 64 127
0.5 184 51 0
0.5 0 67 39
0 494 64 0
0 71 64 127
0.5 155 67 0
0.5 0 63 36
0.5 240 63 0
0.5 0 55 34
0.5 240 55 0
0.5 0 46 44
0 11 64 0
0 82 64 127
0.5 147 46 0
0.5 0 56 39
0 493 64 0
0 65 64 127
0.5 162 56 0
0.5 0 52 37
0.5 240 52 0
0.5 0 53 37
0.5 240 53 0
0.5 0 46 44
0 13 64 0
0 121 64 127
0.5 106 46 0
0.5 0 55 39
0 494 64 0
0 160 64 127
0.5 66 55 0
0.5 0 58 37
0.5 240 58 0
0.5 0 55 37
0.5 240 55 0
0.5 0 46 44
0 11 64 0
0 45 64 127
0.5 184 46 0
0.5 0 56 39
0 494 64 0
0 71 64 127
0.5 155 56 0
0.5 0 52 37
0.5 240 52 0
0.5 0 53 37
0.5 240 53 0
0.5 0 39 36
0.5 0 51 43
0 5 64 0
0 178 64 127
0.5 537 51 0
0.5 0 39 0
0.5 240 34 34
0.5 0 46 41
0 11 64 0
0 161 64 127
0.5 308 46 0
0.5 0 34 0
0.5 0 41 36
0.5 0 53 44
0 8 64 0
0 129 64 127
0.5 583 53 0
0.5 0 41 0
0.5 240 34 34
0.5 0 46 41
0 11 64 0
0 92 64 127
0.5 377 46 0
0.5 0 34 0
0.5 0 39 34
0.5 0 51 40
0 8 64 0
0 129 64 127
0.5 583 51 0
0.5 0 39 0
0.5 240 34 34
0.5 0 46 41
0 16 64 0
0 156 64 127
0.5 308 46 0
0.5 0 34 0
0.5 0 41 34
0.5 0 53 41
0 10 64 0
0 127 64 127
0.5 583 53 0
0.5 0 41 0
0.5 240 34 34
0.5 0 46 41
0 12 64 0
0 148 64 127
0.5 320 46 0
0.5 0 34 0
0 0 64 0
0.5 0 51 44
0 134 64 127
0.5 106 51 0
0.5 0 67 39
0.5 240 67 0
0.5 0 67 39
0 252 64 0
0 162 64 127
0.5 66 67 0
0.5 0 63 37
0.5 240 63 0
0.5 0 58 37
0.5 240 58 0
0.5 0 51 44
0 8 64 0
0 141 64 127
0.5 91 51 0
0.5 0 68 39
0 507 64 0
0 133 64 127
0.5 80 68 0
0.5 0 61 37
0.5 240 61 0
0.5 0 58 37
0.5 240 58 0
0.5 0 51 44
0 14 64 0
0 101 64 127
0.5 125 51 0
0.5 0 67 39
0 494 64 0
0 123 64 127
0.5 103 67 0
0.5 0 61 37
0.5 240 61 0
0.5 0 58 37
0.5 240 58 0
0.5 0 51 44
0 10 64 0
0 164 64 127
0.5 66 51 0
0.5 0 61 39
0 497 64 0
0 143 64 127
0.5 80 61 0
0.5 0 55 37
0.5 240 55 0
0.5 0 51 37
0.5 240 51 0
0.5 0 44 44
0 8 64 0
0 139 64 127
0.5 93 44 0
0.5 0 60 39
0 494 64 0
0 173 64 127
0.5 53 60 0
0.5 0 56 39
0.5 240 56 0
0.5 0 51 39
0.5 240 51 0
0.5 0 44 48
0.5 240 44 0
0.5 0 63 42
0.5 720 63 0
0.5 0 60 39
0.5 240 60 0
0.5 0 56 39
0.5 240 56 0
0.5 0 44 50
0 7 64 0
0 100 64 127
0.5 133 44 0
0.5 0 59 45
0 494 64 0
0 146 64 127
0.5 80 59 0
0.5 0 56 44
0.5 240 56 0
0.5 0 51 45
0.5 240 51 0
0.5 0 44 54
0.5 240 44 0
0.5 0 63 49
0.5 720 63 0
0.5 0 59 48
0.5 240 59 0
0.5 0 56 49
0.5 240 56 0
0.5 0 46 65
0 8 64 0
0 155 64 127
0.5 77 46 0
0.5 0 67 45
0.5 240 67 0
0.5 0 67 45
0 258 64 0
0 81 64 127
0.5 139 67 0
0.5 2 63 43
0.5 240 63 0
0.5 0 58 43
0.5 240 58 0
0.5 0 46 51
0 10 64 0
0 137 64 127
0.5 93 46 0
0.5 0 68 45
0 497 64 0
0 143 64 127
0.5 80 68 0
0.5 0 62 43
0.5 240 62 0
0.5 0 58 43
0.5 240 58 0
0.5 0 51 51
0 9 64 0
0 97 64 127
0.5 134 51 0
0.5 0 67 45
0.5 478 67 0
0 16 64 0
0 71 64 127
0.5 155 63 43
0.5 240 63 0
0.5 0 58 43
0.5 240 58 0
0.5 0 48 51
0 10 64 0
0 127 64 127
0.5 103 48 0
0.5 0 61 45
0 497 64 0
0 143 64 127
0.5 80 61 0
0.5 0 60 43
0.5 240 60 0
0.5 0 64 43
0.5 240 64 0
0.5 0 41 51
0 10 64 0
0 96 64 127
0.5 134 41 0
0.5 0 63 45
0 494 64 0
0 71 64 127
0.5 155 63 0
0.5 0 53 43
0.5 240 53 0
0.5 0 63 43
0.5 240 63 0
0.5 0 46 51
0 5 64 0
0 142 64 127
0.5 93 46 0
0.5 0 56 45
0 497 64 0
0 143 64 127
0.5 80 56 0
0.5 0 55 43
0.5 240 55 0
0.5 0 63 43
0.5 240 63 0
0.5 0 46 48
0 8 64 0
0 48 64 127
0.5 184 46 0
0.5 0 63 45
0 494 64 0
0 71 64 127
0.5 155 63 0
0.5 0 58 43
0.5 240 58 0
0.5 0 68 43
0.5 240 68 0
0.5 0 46 45
0 10 64 0
0 96 64 127
0.5 134 46 0
0.5 0 55 40
0.5 240 55 0
0.5 0 56 38
0.5 240 56 0
0.5 0 60 35
0 14 64 0
0 71 64 127
0.5 275 60 0
0.5 0 58 34
0.5 360 58 0
0.5 0 39 36
0.5 0 51 43
0 9 64 0
0 140 64 127
0.5 571 51 0
0.5 0 39 0
0.5 240 34 34
0.5 0 46 41
0 16 64 0
0 87 64 127
0.5 377 46 0
0.5 0 34 0
0.5 0 41 36
0.5 0 53 44
0 12 64 0
0 125 64 127
0.5 583 53 0
0.5 0 41 0
0.5 240 34 34
0.5 0 46 41
0 16 64 0
0 75 64 127
0.5 389 46 0
0.5 0 34 0
0.5 0 39 34
0.5 0 51 40
0 17 64 0
0 120 64 127
0.5 583 51 0
0.5 0 39 0
0.5 240 34 34
0.5 0 46 41
0 17 64 0
0 86 64 127
0.5 377 46 0
0.5 0 34 0
0.5 0 41 34
0.5 0 53 41
0 12 64 0
0 125 64 127
0.5 583 53 0
0.5 0 41 0
0.5 240 34 34
0.5 0 46 41
0 16 64 0
0 110 64 127
0.5 354 46 0
0.5 0 34 0
0.5 0 51 29
0 11 64 0
0 102 64 127
0.5 127 51 0
0.5 0 67 26
0.5 240 67 0
0.5 0 67 26
0 252 64 0
0 87 64 127
0.5 141 67 0
0.5 0 63 24
0.5 240 63 0
0.5 0 58 24
0.5 240 58 0
0.5 0 51 29
0 11 64 0
0 163 64 127
0.5 66 51 0
0.5 0 68 26
0 497 64 0
0 143 64 127
0.5 80 68 0
0.5 0 62 24
0.5 240 62 0
0.5 0 58 24
0.5 240 58 0
0.5 0 51 29
0 10 64 0
0 82 64 127
0.5 148 51 0
0.5 0 67 26
0.5 478 67 0
0 16 64 0
0 71 64 127
0.5 155 63 24
0.5 240 63 0
0.5 0 58 24
0.5 240 58 0
0.5 0 51 29
0 14 64 0
0 186 64 127
0.5 40 51 0
0.5 0 68 26
0.5 478 68 0
0 19 64 0
0 143 64 127
0.5 80 62 24
0.5 240 62 0
0.5 0 58 24
0.5 240 58 0
0.5 0 51 29
0 13 64 0
0 43 64 127
0.5 184 51 0
0.5 0 67 26
0 494 64 0
0 71 64 127
0.5 155 67 0
0.5 0 63 24
0.5 240 63 0
0.5 0 55 24
0.5 240 55 0
0.5 0 46 29
0 9 64 0
0 84 64 127
0.5 147 46 0
0.5 0 56 26
0 494 64 0
0 146 64 127
0.5 80 56 0
0.5 0 52 24
0.5 240 52 0
0.5 0 53 24
0.5 240 53 0
0.5 0 46 29
0 9 64 0
0 138 64 127
0.5 93 46 0
0.5 0 55 26
0 494 64 0
0 160 64 127
0.5 66 55 0
0.5 0 58 24
0.5 240 58 0
0.5 0 55 24
0.5 240 55 0
0.5 0 46 29
0 11 64 0
0 45 64 127
0.5 184 46 0
0.5 0 56 26
0 494 64 0
0 71 64 127
0.5 155 56 0
0.5 0 52 24
0.5 240 52 0
0.5 0 53 24
0.5 240 53 0
0.5 0 51 29
0 13 64 0
0 135 64 127
0.5 92 51 0
0.5 0 67 26
0.5 240 67 0
0.5 0 67 26
0 252 64 0
0 122 64 127
0.5 106 67 0
0.5 0 63 24
0.5 240 63 0
0.5 0 58 24
0.5 240 58 0
0.5 0 51 29
0 9 64 0
0 98 64 127
0.5 133 51 0
0.5 0 68 26
0 497 64 0
0 143 64 127
0.5 80 68 0
0.5 0 62 24
0.5 240 62 0
0.5 0 58 24
0.5 240 58 0
0.5 0 51 29
0 10 64 0
0 103 64 127
0.5 127 51 0
0.5 0 67 26
0.5 478 67 0
0 16 64 0
0 71 64 127
0.5 155 63 24
0.5 240 63 0
0.5 0 58 24
0.5 240 58 0
0.5 0 51 29
0 9 64 0
0 84 64 127
0.5 147 51 0
0.5 0 68 26
0.5 478 68 0
0 19 64 0
0 143 64 127
0.5 80 62 24
0.5 240 62 0
0.5 0 58 24
0.5 240 58 0
0.5 0 51 29
0 10 64 0
0 89 64 127
0.5 141 51 0
0.5 0 67 26
0 494 64 0
0 71 64 127
0.5 155 67 0
0.5 0 63 24
0.5 240 63 0
0.5 0 55 24
0.5 240 55 0
0.5 0 46 29
0 10 64 0
0 83 64 127
0.5 147 46 0
0.5 0 56 26
0 491 64 0
0 109 64 127
0.5 120 56 0
0.5 0 52 24
0.5 240 52 0
0.5 0 53 24
0.5 240 53 0
0.5 0 46 29
0 10 64 0
0 164 64 127
0.5 66 46 0
0.5 0 55 26
0 494 64 0
0 120 64 127
0.5 106 55 0
0.5 0 58 24
0.5 240 58 0
0.5 0 55 24
0.5 240 55 0
0.5 0 46 29
0 10 64 0
0 46 64 127
0.5 184 46 0
0.5 0 56 26
0 494 64 0
0 71 64 127
0.5 155 56 0
0.5 0 52 24
0.5 240 52 0
0.5 0 53 24
0.5 240 53 0
0.5 0 39 27
0.5 0 51 32
0 11 64 0
0 149 64 127
0.5 560 51 0
0.5 0 39 0
0.5 240 34 25
0.5 0 46 30
0 14 64 0
0 100 64 127
0.5 366 46 0
0.5 0 34 0
0.5 0 41 27
0.5 0 53 33
0 12 64 0
0 125 64 127
0.5 583 53 0
0.5 0 41 0
0.5 240 34 25
0.5 0 46 30
0 14 64 0
0 112 64 127
0.5 354 46 0
0.5 0 34 0
0.5 0 39 25
0.5 0 51 30
0 8 64 0
0 129 64 127
0.5 583 51 0
0.5 0 39 0
0.5 240 34 25
0.5 0 46 30
0 11 64 0
0 80 64 127
0.5 389 46 0
0.5 0 34 0
0.5 0 41 25
0.5 0 53 30
0 11 64 0
0 126 64 127
0.5 583 53 0
0.5 0 41 0
0.5 240 34 25
0.5 0 46 30
0 11 64 0
0 126 64 127
0.5 343 46 0
0.5 0 34 0
0.5 0 39 25
0.5 0 51 30
0 14 64 0
0 123 64 127
0.5 583 51 0
0.5 0 39 0
0.5 240 34 23
0.5 0 46 28
0 16 64 0
0 121 64 127
0.5 343 46 0
0.5 0 34 0
0.5 0 39 23
0.5 0 51 27
0 9 64 0
0 128 64 127
0.5 583 51 0
0.5 0 39 0
0.5 240 34 19
0.5 0 46 24
0 14 64 0
0 135 64 127
0.5 331 46 0
0.5 0 34 0
0.5 0 39 20
0.5 0 51 25
0 16 64 0
0 171 64 127
0.5 1973 51 0
0.5 0 39 0
0.5 0 51 25
0.5 0 63 30
0.5 720 63 0
0.5 0 51 0
0.5 0 39 25
0.5 0 51 30
0.5 1440 51 0
0.5 0 39 0
0 1374 64 0
1 0 0 0
