0 0 7 100
0 0 10 64
0 0 91 127
0 0 91 127
0.5 2 72 96
0.5 118 63 80
0.5 22 72 0
0.5 97 62 77
0.5 21 63 0
0.5 99 63 77
0.5 20 62 0
0.5 103 60 80
0.5 17 63 0
0.5 102 63 76
0.5 21 60 0
0.5 99 62 76
0.5 20 63 0
0.5 97 63 76
0.5 23 62 0
0.5 97 63 0
0.5 4 72 96
0.5 119 63 80
0.5 21 72 0
0.5 98 62 78
0.5 21 63 0
0.5 97 63 78
0.5 22 62 0
0.5 97 60 80
0.5 21 63 0
0.5 99 63 78
0.5 20 60 0
0.5 102 62 77
0.5 18 63 0
0.5 100 63 77
0.5 22 62 0
0.5 98 63 0
0.5 0 68 96
0.5 125 65 80
0.5 15 68 0
0.5 102 64 76
0.5 23 65 0
0.5 95 65 76
0.5 22 64 0
0.5 98 60 80
0.5 20 65 0
0.5 100 65 76
0.5 20 60 0
0.5 102 64 76
0.5 18 65 0
0.5 103 65 76
0.5 19 64 0
0.5 101 65 0
0.5 0 68 96
0.5 120 65 80
0.5 20 68 0
0.5 100 64 77
0.5 20 65 0
0.5 97 65 77
0.5 23 64 0
0.5 100 60 80
0.5 17 65 0
0.5 102 65 76
0.5 21 60 0
0.5 99 64 76
0.5 20 65 0
0.5 98 65 76
0.5 22 64 0
0.5 98 65 0
0.5 3 71 96
0.5 121 65 80
0.5 19 71 0
0.5 101 63 76
0.5 20 65 0
0.5 99 65 75
0.5 21 63 0
0.5 97 62 80
0.5 22 65 0
0.5 102 65 76
0.5 16 62 0
0.5 103 63 76
0.5 21 65 0
0.5 100 65 76
0.5 19 63 0
0.5 101 65 0
0.5 0 71 96
0.5 118 65 80
0.5 22 71 0
0.5 95 63 76
0.5 23 65 0
0.5 99 65 80
0.5 18 63 0
0.5 101 62 80
0.5 21 65 0
0.5 103 65 77
0.5 16 62 0
0.5 100 63 77
0.5 24 65 0
0.5 99 65 77
0.5 17 63 0
0.5 103 65 0
0.5 1 72 96
0.5 120 67 80
0.5 20 72 0
0.5 100 65 75
0.5 20 67 0
0.5 98 67 75
0.5 22 65 0
0.5 97 63 80
0.5 21 67 0
0.5 98 67 76
0.5 21 63 0
0.5 99 65 76
0.5 20 67 0
0.5 104 67 76
0.5 16 65 0
0.5 99 72 96
0.5 5 67 0
0.5 117 67 80
0.5 18 72 0
0.5 100 65 75
0.5 22 67 0
0.5 102 67 75
0.5 16 65 0
0.5 100 63 80
0.5 24 67 0
0.5 96 67 76
0.5 20 63 0
0.5 105 65 76
0.5 15 67 0
0.5 101 67 76
0.5 24 65 0
0.5 96 67 0
0.5 0 75 96
0.5 122 68 80
0.5 18 75 0
0.5 103 67 76
0.5 19 68 0
0.5 102 68 76
0.5 19 67 0
0.5 100 63 80
0.5 21 68 0
0.5 97 68 75
0.5 22 63 0
0.5 97 67 75
0.5 21 68 0
0.5 102 68 76
0.5 17 67 0
0.5 101 75 96
0.5 2 68 0
0.5 118 68 80
0.5 20 75 0
0.5 103 67 75
0.5 17 68 0
0.5 102 68 75
0.5 21 67 0
0.5 95 63 80
0.5 24 68 0
0.5 99 68 75
0.5 17 63 0
0.5 102 67 76
0.5 21 68 0
0.5 101 68 76
0.5 18 67 0
0.5 101 74 96
0.5 1 68 0
0.5 119 66 80
0.5 20 74 0
0.5 99 64 76
0.5 21 66 0
0.5 97 66 76
0.5 22 64 0
0.5 99 62 80
0.5 19 66 0
0.5 102 66 76
0.5 19 62 0
0.5 103 64 76
0.5 18 66 0
0.5 101 66 76
0.5 21 64 0
0.5 99 66 0
0.5 2 74 96
0.5 119 66 80
0.5 21 74 0
0.5 97 64 75
0.5 22 66 0
0.5 97 66 75
0.5 21 64 0
0.5 101 62 80
0.5 18 66 0
0.5 101 66 76
0.5 21 62 0
0.5 97 64 77
0.5 22 66 0
0.5 102 66 77
0.5 16 64 0
0.5 103 74 96
0.5 1 66 0
0.5 116 67 80
0.5 23 74 0
0.5 102 66 75
0.5 15 67 0
0.5 100 67 75
0.5 25 66 0
0.5 100 62 80
0.5 15 67 0
0.5 104 67 75
0.5 21 62 0
0.5 96 66 75
0.5 23 67 0
0.5 98 67 75
0.5 19 66 0
0.5 99 74 96
0.5 2 67 0
0.5 123 67 80
0.5 15 74 0
0.5 104 66 76
0.5 21 67 0
0.5 95 67 77
0.5 24 66 0
0.5 101 62 80
0.5 15 67 0
0.5 104 67 75
0.5 21 62 0
0.5 98 66 75
0.5 21 67 0
0.5 97 67 74
0.5 22 66 0
0.5 98 67 0
0.5 0 72 96
0.5 123 64 80
0.5 17 72 0
0.5 101 62 76
0.5 22 64 0
0.5 96 64 76
0.5 22 62 0
0.5 101 60 80
0.5 17 64 0
0.5 104 64 76
0.5 19 60 0
0.5 99 62 76
0.5 22 64 0
0.5 97 64 75
0.5 21 62 0
0.5 99 64 0
0.5 2 72 96
0.5 121 64 80
0.5 19 72 0
0.5 101 62 76
0.5 20 64 0
0.5 100 64 76
0.5 20 62 0
0.5 98 60 80
0.5 22 64 0
0.5 96 64 75
0.5 22 60 0
0.5 100 62 75
0.5 18 64 0
0.5 105 64 75
0.5 17 62 0
0.5 98 72 96
0.5 5 64 0
0.5 118 65 80
0.5 17 72 0
0.5 103 64 76
0.5 20 65 0
0.5 99 65 76
0.5 21 64 0
0.5 97 60 80
0.5 22 65 0
0.5 103 65 74
0.5 15 60 0
0.5 105 64 74
0.5 20 65 0
0.5 98 65 74
0.5 22 64 0
0.5 97 72 96
0.5 1 65 0
0.5 119 65 80
0.5 20 72 0
0.5 100 64 75
0.5 20 65 0
0.5 103 65 75
0.5 17 64 0
0.5 99 60 80
0.5 24 65 0
0.5 97 65 75
0.5 19 60 0
0.5 100 64 75
0.5 21 65 0
0.5 103 65 75
0.5 16 64 0
0.5 100 70 96
0.5 4 65 0
0.5 119 65 80
0.5 17 70 0
0.5 102 63 76
0.5 21 65 0
0.5 97 65 76
0.5 22 63 0
0.5 101 62 79
0.5 17 65 0
0.5 104 65 75
0.5 19 62 0
0.5 98 63 74
0.5 23 65 0
0.5 98 65 74
0.5 19 63 0
0.5 101 65 0
0.5 2 70 94
0.5 115 65 78
0.5 25 70 0
0.5 100 63 74
0.5 15 65 0
0.5 103 65 74
0.5 22 63 0
0.5 95 62 77
0.5 23 65 0
0.5 100 65 76
0.5 17 62 0
0.5 101 63 73
0.5 22 65 0
0.5 102 65 72
0.5 16 63 0
0.5 102 70 91
0.5 2 65 0
0.5 118 67 76
0.5 20 70 0
0.5 98 65 72
0.5 22 67 0
0.5 102 67 72
0.5 16 65 0
0.5 99 63 75
0.5 25 67 0
0.5 95 67 72
0.5 20 63 0
0.5 104 65 72
0.5 16 67 0
0.5 101 67 71
0.5 23 65 0
0.5 97 67 0
0.5 4 70 89
0.5 116 67 74
0.5 24 70 0
0.5 97 65 69
0.5 19 67 0
0.5 99 67 69
0.5 22 65 0
0.5 102 63 73
0.5 16 67 0
0.5 105 67 68
0.5 19 63 0
0.5 100 65 68
0.5 21 67 0
0.5 98 67 68
0.5 21 65 0
0.5 99 67 0
0.5 1 68 86
0.5 117 67 72
0.5 23 68 0
0.5 96 65 68
0.5 21 67 0
0.5 99 67 68
0.5 20 65 0
0.5 100 63 71
0.5 20 67 0
0.5 104 67 67
0.5 16 63 0
0.5 105 65 67
0.5 19 67 0
0.5 97 67 66
0.5 24 65 0
0.5 95 68 84
0.5 1 67 0
0.5 122 67 70
0.5 17 68 0
0.5 100 65 65
0.5 23 67 0
0.5 97 67 65
0.5 20 65 0
0.5 102 63 69
0.5 18 67 0
0.5 104 67 63
0.5 18 63 0
0.5 102 65 63
0.5 20 67 0
0.5 99 67 63
0.5 21 65 0
0.5 96 68 81
0.5 3 67 0
0.5 119 62 68
0.5 18 68 0
0.5 101 60 64
0.5 21 62 0
0.5 102 62 64
0.5 17 60 0
0.5 100 58 67
0.5 23 62 0
0.5 98 62 61
0.5 19 58 0
0.5 100 60 61
0.5 21 62 0
0.5 101 62 61
0.5 18 60 0
0.5 102 62 0
0.5 0 68 79
0.5 120 62 60
0.5 20 68 0
0.5 97 60 57
0.5 23 62 0
0.5 100 62 57
0.5 17 60 0
0.5 105 58 60
0.5 18 62 0
0.5 101 62 54
0.5 21 58 0
0.5 100 60 54
0.5 19 62 0
0.5 97 62 55
0.5 24 60 0
0.5 96 62 0
0.5 1 67 76
0.5 119 58 58
0.5 21 67 0
0.5 103 56 54
0.5 16 58 0
0.5 101 58 54
0.5 23 56 0
0.5 100 63 64
0.5 17 58 0
0.5 98 58 54
0.5 25 63 0
0.5 98 56 54
0.5 17 58 0
0.5 100 58 54
0.5 23 56 0
0.5 97 58 0
0.5 2 67 76
0.5 123 58 57
0.5 17 67 0
0.5 98 56 53
0.5 25 58 0
0.5 100 58 53
0.5 15 56 0
0.5 101 63 57
0.5 24 58 0
0.5 96 58 53
0.5 20 63 0
0.5 103 56 53
0.5 17 58 0
0.5 101 58 53
0.5 22 56 0
0.5 97 65 76
0.5 1 58 0
0.5 121 60 58
0.5 18 65 0
0.5 102 58 53
0.5 20 60 0
0.5 99 60 53
0.5 21 58 0
0.5 99 57 58
0.5 20 60 0
0.5 101 60 53
0.5 19 57 0
0.5 101 58 53
0.5 20 60 0
0.5 102 60 53
0.5 18 58 0
0.5 101 65 76
0.5 1 60 0
0.5 118 60 59
0.5 21 65 0
0.5 100 58 54
0.5 19 60 0
0.5 100 60 54
0.5 21 58 0
0.5 98 57 59
0.5 21 60 0
0.5 98 60 54
0.5 21 57 0
0.5 102 58 54
0.5 17 60 0
0.5 102 60 53
0.5 21 58 0
0.5 99 60 0
0.5 2 65 76
0.5 116 62 60
0.5 24 65 0
0.5 96 60 55
0.5 20 62 0
0.5 102 62 55
0.5 18 60 0
0.5 103 59 60
0.5 19 62 0
0.5 100 62 55
0.5 21 59 0
0.5 98 60 55
0.5 21 62 0
0.5 99 62 55
0.5 20 60 0
0.5 98 65 76
0.5 2 62 0
0.5 122 62 60
0.5 16 65 0
0.5 103 60 56
0.5 21 62 0
0.5 99 62 56
0.5 20 60 0
0.5 101 59 60
0.5 19 62 0
0.5 101 62 55
0.5 20 59 0
0.5 96 60 55
0.5 24 62 0
0.5 99 62 55
0.5 17 60 0
0.5 103 62 0
0.5 2 65 76
0.5 120 62 61
0.5 20 65 0
0.5 98 60 52
0.5 22 62 0
0.5 99 62 54
0.5 19 60 0
0.5 97 59 61
0.5 24 62 0
0.5 100 62 55
0.5 16 59 0
0.5 105 60 55
0.5 19 62 0
0.5 97 62 55
0.5 24 60 0
0.5 96 62 0
0.5 2 65 76
0.5 118 62 61
0.5 22 65 0
0.5 98 60 55
0.5 20 62 0
0.5 99 62 55
0.5 21 60 0
0.5 104 59 61
0.5 15 62 0
0.5 105 62 54
0.5 20 59 0
0.5 99 60 54
0.5 21 62 0
0.5 95 62 54
0.5 24 60 0
0.5 96 62 0
0.5 1 63 76
0.5 119 60 61
0.5 21 63 0
0.5 99 59 61
0.5 20 60 0
0.5 103 60 55
0.5 17 59 0
0.5 104 55 61
0.5 19 60 0
0.5 100 60 55
0.5 21 55 0
0.5 98 59 55
0.5 21 60 0
0.5 99 60 55
0.5 20 59 0
0.5 99 63 76
0.5 1 60 0
0.5 120 60 61
0.5 19 63 0
0.5 102 59 55
0.5 19 60 0
0.5 98 60 55
0.5 23 59 0
0.5 98 55 61
0.5 19 60 0
0.5 104 60 55
0.5 17 55 0
0.5 100 59 55
0.5 23 60 0
0.5 100 60 56
0.5 17 59 0
0.5 103 60 0
0.5 1 53 76
0.5 120 63 64
0.5 20 53 0
0.5 99 62 57
0.5 21 63 0
0.5 96 63 57
0.5 23 62 0
0.5 101 65 64
0.5 16 63 0
0.5 99 63 58
0.5 25 65 0
0.5 95 62 58
0.5 20 63 0
0.5 104 63 58
0.5 16 62 0
0.5 103 53 76
0.5 1 63 0
0.5 119 63 64
0.5 20 53 0
0.5 102 62 57
0.5 18 63 0
0.5 97 63 59
0.5 25 62 0
0.5 100 65 64
0.5 15 63 0
0.5 103 63 57
0.5 22 65 0
0.5 96 62 57
0.5 22 63 0
0.5 97 63 57
0.5 21 62 0
0.5 99 63 0
0.5 3 54 76
0.5 118 60 64
0.5 22 54 0
0.5 98 59 57
0.5 20 60 0
0.5 104 60 58
0.5 16 59 0
0.5 102 63 64
0.5 22 60 0
0.5 98 60 58
0.5 20 63 0
0.5 97 59 58
0.5 23 60 0
0.5 99 60 58
0.5 18 59 0
0.5 102 60 0
0.5 0 54 76
0.5 120 60 64
0.5 20 54 0
0.5 102 59 58
0.5 18 60 0
0.5 101 60 58
0.5 21 59 0
0.5 98 63 64
0.5 21 60 0
0.5 101 60 58
0.5 18 63 0
0.5 101 59 58
0.5 21 60 0
0.5 99 60 58
0.5 20 59 0
0.5 99 63 76
0.5 1 60 0
0.5 117 60 64
0.5 22 63 0
0.5 102 59 58
0.5 16 60 0
0.5 100 60 58
0.5 24 59 0
0.5 99 55 63
0.5 17 60 0
0.5 105 60 57
0.5 18 55 0
0.5 99 59 57
0.5 23 60 0
0.5 99 60 57
0.5 18 59 0
0.5 100 63 76
0.5 2 60 0
0.5 118 60 58
0.5 20 63 0
0.5 102 59 58
0.5 18 60 0
0.5 101 60 58
0.5 21 59 0
0.5 98 55 63
0.5 21 60 0
0.5 102 60 57
0.5 17 55 0
0.5 101 59 58
0.5 22 60 0
0.5 96 60 58
0.5 22 59 0
0.5 98 60 0
0.5 1 66 76
0.5 118 60 64
0.5 22 66 0
0.5 102 59 57
0.5 16 60 0
0.5 105 60 58
0.5 19 59 0
0.5 99 57 63
0.5 22 60 0
0.5 95 60 57
0.5 23 57 0
0.5 98 59 57
0.5 19 60 0
0.5 100 60 57
0.5 21 59 0
0.5 99 60 0
0.5 3 66 76
0.5 117 60 64
0.5 23 66 0
0.5 102 59 57
0.5 15 60 0
0.5 105 60 57
0.5 20 59 0
0.5 98 57 64
0.5 22 60 0
0.5 99 60 58
0.5 19 57 0
0.5 102 59 58
0.5 19 60 0
0.5 96 60 58
0.5 25 59 0
0.5 95 60 0
0.5 0 67 79
0.5 124 60 65
0.5 16 67 0
0.5 103 59 57
0.5 21 60 0
0.5 97 60 58
0.5 22 59 0
0.5 97 62 66
0.5 21 60 0
0.5 100 60 58
0.5 19 62 0
0.5 103 59 58
0.5 18 60 0
0.5 101 60 58
0.5 21 59 0
0.5 98 67 79
0.5 1 60 0
0.5 120 60 67
0.5 19 67 0
0.5 102 59 58
0.5 19 60 0
0.5 102 60 58
0.5 19 59 0
0.5 101 62 67
0.5 20 60 0
0.5 99 60 59
0.5 21 62 0
0.5 99 59 59
0.5 20 60 0
0.5 101 60 59
0.5 19 59 0
0.5 101 60 0
0.5 1 68 80
0.5 115 60 67
0.5 25 68 0
0.5 98 59 61
0.5 17 60 0
0.5 102 60 61
0.5 21 59 0
0.5 98 62 68
0.5 21 60 0
0.5 98 60 60
0.5 21 62 0
0.5 104 59 60
0.5 15 60 0
0.5 100 60 60
0.5 25 59 0
0.5 95 60 0
0.5 2 68 83
0.5 121 60 69
0.5 19 68 0
0.5 99 59 62
0.5 22 60 0
0.5 100 60 62
0.5 18 59 0
0.5 100 62 69
0.5 22 60 0
0.5 98 60 61
0.5 20 62 0
0.5 99 59 61
0.5 21 60 0
0.5 103 60 61
0.5 16 59 0
0.5 104 60 0
0.5 358 53 74
0.5 120 56 74
0.5 20 53 0
0.5 100 53 70
0.5 20 56 0
0.5 100 52 70
0.5 20 53 0
0.5 100 53 70
0.5 20 52 0
0.5 100 59 74
0.5 20 53 0
0.5 100 53 70
0.5 20 59 0
0.5 100 62 74
0.5 20 53 0
0.5 100 59 70
0.5 20 62 0
0.5 100 56 72
0.5 20 59 0
0.5 100 53 71
0.5 20 56 0
0.5 100 52 70
0.5 20 53 0
0.5 100 53 69
0.5 20 52 0
0.5 100 53 0
0.5 360 55 72
0.5 120 60 75
0.5 20 55 0
0.5 100 55 70
0.5 20 60 0
0.5 100 54 70
0.5 20 55 0
0.5 100 55 70
0.5 20 54 0
0.5 100 63 74
0.5 20 55 0
0.5 100 60 70
0.5 20 63 0
0.5 100 67 74
0.5 20 60 0
0.5 100 63 70
0.5 20 67 0
0.5 100 60 74
0.5 20 63 0
0.5 100 56 70
0.5 20 60 0
0.5 100 55 72
0.5 20 56 0
0.5 100 56 70
0.5 20 55 0
0.5 100 56 0
0.5 360 60 71
0.5 120 63 75
0.5 20 60 0
0.5 100 60 70
0.5 20 63 0
0.5 100 59 70
0.5 20 60 0
0.5 100 60 70
0.5 20 59 0
0.5 100 66 74
0.5 20 60 0
0.5 100 60 70
0.5 20 66 0
0.5 100 69 74
0.5 20 60 0
0.5 100 66 70
0.5 20 69 0
0.5 100 63 73
0.5 20 66 0
0.5 100 60 70
0.5 20 63 0
0.5 100 59 70
0.5 20 60 0
0.5 100 60 70
0.5 20 59 0
0.5 100 60 0
0.5 120 74 67
0.5 120 72 65
0.5 20 74 0
0.5 100 74 65
0.5 20 72 0
0.5 100 75 72
0.5 20 74 0
0.5 100 72 67
0.5 20 75 0
0.5 100 71 63
0.5 20 72 0
0.5 100 72 63
0.5 20 71 0
0.5 100 69 73
0.5 20 72 0
0.5 100 72 67
0.5 20 69 0
0.5 100 71 64
0.5 20 72 0
0.5 100 72 64
0.5 20 71 0
0.5 100 74 67
0.5 20 72 0
0.5 100 71 64
0.5 20 74 0
0.5 100 69 64
0.5 20 71 0
0.5 100 71 64
0.5 20 69 0
0.5 100 71 0
0.5 0 67 75
0.5 120 71 67
0.5 20 67 0
0.5 100 69 64
0.5 20 71 0
0.5 100 71 64
0.5 20 69 0
0.5 100 72 70
0.5 20 71 0
0.5 100 69 64
0.5 20 72 0
0.5 100 67 64
0.5 20 69 0
0.5 100 69 65
0.5 20 67 0
0.5 100 69 0
0.5 0 66 75
0.5 120 69 67
0.5 20 66 0
0.5 100 67 64
0.5 20 69 0
0.5 100 69 64
0.5 20 67 0
0.5 100 71 70
0.5 20 69 0
0.5 100 67 65
0.5 20 71 0
0.5 100 66 65
0.5 20 67 0
0.5 100 67 65
0.5 20 66 0
0.5 100 67 0
0.5 0 62 75
0.5 120 79 70
0.5 20 62 0
0.5 100 77 67
0.5 20 79 0
0.5 100 79 67
0.5 20 77 0
0.5 100 80 73
0.5 20 79 0
0.5 100 77 68
0.5 20 80 0
0.5 100 75 68
0.5 20 77 0
0.5 100 77 68
0.5 20 75 0
0.5 100 77 0
0.5 0 74 77
0.5 120 77 70
0.5 20 74 0
0.5 100 75 66
0.5 20 77 0
0.5 100 77 66
0.5 20 75 0
0.5 100 79 73
0.5 20 77 0
0.5 100 75 67
0.5 20 79 0
0.5 100 74 67
0.5 20 75 0
0.5 100 75 68
0.5 20 74 0
0.5 100 75 0
0.5 0 72 75
0.5 120 75 67
0.5 20 72 0
0.5 100 74 65
0.5 20 75 0
0.5 100 75 67
0.5 20 74 0
0.5 100 77 71
0.5 20 75 0
0.5 100 74 65
0.5 20 77 0
0.5 100 72 65
0.5 20 74 0
0.5 100 74 65
0.5 20 72 0
0.5 100 74 0
0.5 0 71 75
0.5 120 74 67
0.5 20 71 0
0.5 100 72 65
0.5 20 74 0
0.5 100 74 67
0.5 20 72 0
0.5 100 75 71
0.5 20 74 0
0.5 100 72 65
0.5 20 75 0
0.5 100 71 65
0.5 20 72 0
0.5 100 72 65
0.5 20 71 0
0.5 100 72 0
0.5 0 67 75
0.5 120 72 67
0.5 20 67 0
0.5 100 71 64
0.5 20 72 0
0.5 100 72 65
0.5 20 71 0
0.5 100 68 80
0.5 20 72 0
0.5 100 77 65
0.5 20 68 0
0.5 100 75 65
0.5 20 77 0
0.5 100 77 64
0.5 20 75 0
0.5 100 77 0
0.5 0 67 80
0.5 120 75 67
0.5 20 67 0
0.5 100 74 65
0.5 20 75 0
0.5 100 75 67
0.5 20 74 0
0.5 100 65 81
0.5 20 75 0
0.5 100 74 65
0.5 20 65 0
0.5 100 72 65
0.5 20 74 0
0.5 100 74 65
0.5 20 72 0
0.5 100 74 0
0.5 0 63 81
0.5 120 72 67
0.5 20 63 0
0.5 100 71 65
0.5 20 72 0
0.5 100 72 67
0.5 20 71 0
0.5 100 68 81
0.5 20 72 0
0.5 100 65 66
0.5 20 68 0
0.5 100 63 66
0.5 20 65 0
0.5 100 65 66
0.5 20 63 0
0.5 100 65 0
0.5 0 67 81
0.5 120 63 67
0.5 20 67 0
0.5 100 62 65
0.5 20 63 0
0.5 100 63 65
0.5 20 62 0
0.5 100 65 81
0.5 20 63 0
0.5 100 62 66
0.5 20 65 0
0.5 100 60 66
0.5 20 62 0
0.5 100 62 67
0.5 20 60 0
0.5 100 62 0
0.5 45 60 67
0.5 15 64 67
0.5 240 64 0
0.5 0 60 58
0.5 60 60 0
0.5 0 62 60
0.5 60 62 0
0.5 0 64 63
0.5 60 64 0
0.5 0 60 0
0.5 0 65 66
0.5 30 65 0
0.5 0 67 67
0.5 30 67 0
0.5 0 68 68
0.5 30 68 0
0.5 0 70 68
0.5 30 70 0
0.5 0 72 66
0.5 30 72 0
0.5 0 70 65
0.5 30 70 0
0.5 0 68 64
0.5 30 68 0
0.5 0 67 63
0.5 30 67 0
0.5 0 65 62
0.5 120 65 0
0.5 0 67 67
0.5 60 67 0
0.5 0 64 67
0.5 60 64 0
0.5 45 60 67
0.5 15 65 80
0.5 20 65 0
0.5 0 64 70
0.5 20 64 0
0.5 0 65 78
0.5 200 65 0
0.5 0 67 67
0.5 60 67 0
0.5 0 65 64
0.5 60 65 0
0.5 0 64 64
0.5 60 64 0
0.5 0 60 0
0.5 0 65 65
0.5 60 65 0
0.5 0 67 65
0.5 60 67 0
0.5 0 68 67
0.5 60 68 0
0.5 0 67 67
0.5 60 67 0
0.5 0 65 66
0.5 30 65 0
0.5 0 63 65
0.5 30 63 0
0.5 0 62 64
0.5 30 62 0
0.5 0 63 65
0.5 30 63 0
0.5 0 65 68
0.5 30 65 0
0.5 0 62 63
0.5 30 62 0
0.5 0 63 65
0.5 30 63 0
0.5 0 65 67
0.5 30 65 0
0.5 0 59 67
0.5 360 59 0
0.5 0 50 69
0.5 120 53 69
0.5 20 50 0
0.5 100 56 72
0.5 20 53 0
0.5 100 55 71
0.5 20 56 0
0.5 100 53 69
0.5 20 55 0
0.5 100 59 72
0.5 20 53 0
0.5 100 53 67
0.5 20 59 0
0.5 100 62 74
0.5 20 53 0
0.5 100 53 67
0.5 20 62 0
0.5 100 59 70
0.5 20 53 0
0.5 100 56 69
0.5 20 59 0
0.5 100 55 68
0.5 20 56 0
0.5 100 53 67
0.5 20 55 0
0.5 100 53 0
0.5 0 52 72
0.5 120 61 67
0.5 20 52 0
0.5 100 58 67
0.5 20 61 0
0.5 100 55 67
0.5 20 58 0
0.5 100 60 72
0.5 20 55 0
0.5 100 56 67
0.5 20 60 0
0.5 100 53 67
0.5 20 56 0
0.5 100 56 67
0.5 20 53 0
0.5 100 55 72
0.5 20 56 0
0.5 100 58 67
0.5 20 55 0
0.5 100 55 67
0.5 20 58 0
0.5 100 52 67
0.5 20 55 0
0.5 100 56 72
0.5 20 52 0
0.5 100 53 67
0.5 20 56 0
0.5 100 50 67
0.5 20 53 0
0.5 100 53 67
0.5 20 50 0
0.5 100 52 71
0.5 20 53 0
0.5 100 55 67
0.5 20 52 0
0.5 100 52 67
0.5 20 55 0
0.5 100 48 67
0.5 20 52 0
0.5 100 53 73
0.5 20 48 0
0.5 100 50 67
0.5 20 53 0
0.5 100 47 67
0.5 20 50 0
0.5 100 50 67
0.5 20 47 0
0.5 100 50 0
0.5 360 50 67
0.5 120 52 68
0.5 20 50 0
0.5 100 55 67
0.5 20 52 0
0.5 100 58 71
0.5 20 55 0
0.5 100 55 67
0.5 20 58 0
0.5 100 56 68
0.5 20 55 0
0.5 100 60 65
0.5 20 56 0
0.5 100 65 68
0.5 20 60 0
0.5 100 62 67
0.5 20 65 0
0.5 100 65 64
0.5 20 62 0
0.5 100 68 59
0.5 20 65 0
0.5 100 72 62
0.5 20 68 0
0.5 100 71 57
0.5 20 72 0
0.5 100 72 59
0.5 20 71 0
0.5 100 67 54
0.5 20 72 0
0.5 100 65 52
0.5 20 67 0
0.5 100 62 49
0.5 20 65 0
0.5 100 64 42
0.5 20 62 0
0.5 340 64 0
1 0 0 0
0 0 7 100
0 0 10 64
0 0 91 127
0 0 64 0
0.5 3 48 88
0.5 120 55 73
0.5 20 48 0
0.5 99 53 72
0.5 21 55 0
0.5 99 55 72
0.5 20 53 0
0.5 99 51 80
0.5 21 55 0
0.5 98 55 72
0.5 21 51 0
0.5 102 53 73
0.5 17 55 0
0.5 99 55 73
0.5 24 53 0
0.5 96 55 0
0.5 4 48 88
0.5 116 55 74
0.5 24 48 0
0.5 96 53 74
0.5 20 55 0
0.5 102 55 72
0.5 18 53 0
0.5 104 51 80
0.5 18 55 0
0.5 97 55 73
0.5 25 51 0
0.5 95 53 73
0.5 20 55 0
0.5 103 55 73
0.5 17 53 0
0.5 102 48 88
0.5 1 55 0
0.5 117 56 73
0.5 22 48 0
0.5 99 55 73
0.5 19 56 0
0.5 105 56 73
0.5 16 55 0
0.5 100 53 80
0.5 24 56 0
0.5 95 56 73
0.5 21 53 0
0.5 99 55 73
0.5 20 56 0
0.5 105 56 73
0.5 15 55 0
0.5 100 48 88
0.5 5 56 0
0.5 115 56 74
0.5 20 48 0
0.5 100 55 72
0.5 20 56 0
0.5 102 56 72
0.5 18 55 0
0.5 105 53 80
0.5 17 56 0
0.5 100 56 74
0.5 23 53 0
0.5 97 55 74
0.5 20 56 0
0.5 103 56 74
0.5 17 55 0
0.5 103 56 0
0.5 0 48 88
0.5 118 56 74
0.5 22 48 0
0.5 100 55 74
0.5 18 56 0
0.5 101 56 74
0.5 21 55 0
0.5 97 53 80
0.5 22 56 0
0.5 97 56 74
0.5 21 53 0
0.5 98 55 74
0.5 21 56 0
0.5 102 56 73
0.5 17 55 0
0.5 103 56 0
0.5 2 48 88
0.5 117 56 75
0.5 23 48 0
0.5 96 55 75
0.5 21 56 0
0.5 101 56 75
0.5 18 55 0
0.5 100 53 80
0.5 22 56 0
0.5 101 56 74
0.5 17 53 0
0.5 104 55 74
0.5 19 56 0
0.5 98 56 74
0.5 23 55 0
0.5 97 56 0
0.5 3 48 88
0.5 115 51 75
0.5 25 48 0
0.5 100 50 75
0.5 15 51 0
0.5 103 51 75
0.5 22 50 0
0.5 99 55 80
0.5 19 51 0
0.5 100 51 75
0.5 21 55 0
0.5 96 50 75
0.5 23 51 0
0.5 98 51 75
0.5 19 50 0
0.5 101 51 0
0.5 1 48 88
0.5 118 51 75
0.5 22 48 0
0.5 100 50 75
0.5 18 51 0
0.5 100 51 75
0.5 22 50 0
0.5 101 55 80
0.5 17 51 0
0.5 105 51 75
0.5 18 55 0
0.5 97 50 75
0.5 25 51 0
0.5 99 51 75
0.5 16 50 0
0.5 103 48 88
0.5 1 51 0
0.5 120 60 75
0.5 19 48 0
0.5 101 58 75
0.5 20 60 0
0.5 99 60 75
0.5 21 58 0
0.5 100 56 80
0.5 19 60 0
0.5 97 60 75
0.5 24 56 0
0.5 100 58 75
0.5 16 60 0
0.5 104 60 74
0.5 20 58 0
0.5 100 60 0
0.5 0 48 88
0.5 116 60 76
0.5 24 48 0
0.5 101 58 76
0.5 15 60 0
0.5 103 60 76
0.5 22 58 0
0.5 99 56 80
0.5 19 60 0
0.5 97 60 75
0.5 24 56 0
0.5 99 58 75
0.5 17 60 0
0.5 105 60 75
0.5 18 58 0
0.5 97 48 88
0.5 5 60 0
0.5 116 57 76
0.5 19 48 0
0.5 100 55 76
0.5 21 57 0
0.5 104 57 76
0.5 15 55 0
0.5 103 54 80
0.5 22 57 0
0.5 96 57 75
0.5 22 54 0
0.5 102 55 75
0.5 16 57 0
0.5 101 57 75
0.5 23 55 0
0.5 97 57 0
0.5 2 48 88
0.5 117 57 75
0.5 23 48 0
0.5 96 55 75
0.5 21 57 0
0.5 100 57 75
0.5 19 55 0
0.5 103 54 80
0.5 18 57 0
0.5 104 57 74
0.5 18 54 0
0.5 97 55 74
0.5 25 57 0
0.5 100 57 74
0.5 15 55 0
0.5 102 46 88
0.5 3 57 0
0.5 115 58 75
0.5 22 46 0
0.5 102 57 75
0.5 16 58 0
0.5 101 58 75
0.5 23 57 0
0.5 101 55 80
0.5 16 58 0
0.5 103 58 74
0.5 21 55 0
0.5 100 57 74
0.5 19 58 0
0.5 97 58 74
0.5 24 57 0
0.5 96 58 0
0.5 1 46 88
0.5 118 58 74
0.5 22 46 0
0.5 102 57 74
0.5 16 58 0
0.5 100 58 74
0.5 24 57 0
0.5 98 55 80
0.5 18 58 0
0.5 101 58 74
0.5 21 55 0
0.5 103 57 74
0.5 16 58 0
0.5 99 58 74
0.5 25 57 0
0.5 95 58 0
0.5 1 46 88
0.5 120 55 75
0.5 20 46 0
0.5 100 53 75
0.5 20 55 0
0.5 99 55 75
0.5 21 53 0
0.5 102 52 80
0.5 17 55 0
0.5 105 55 74
0.5 18 52 0
0.5 102 53 74
0.5 20 55 0
0.5 96 55 74
0.5 24 53 0
0.5 96 55 0
0.5 3 46 88
0.5 119 55 73
0.5 21 46 0
0.5 99 53 73
0.5 20 55 0
0.5 102 55 73
0.5 18 53 0
0.5 99 52 80
0.5 23 55 0
0.5 100 55 73
0.5 17 52 0
0.5 101 53 73
0.5 22 55 0
0.5 95 55 73
0.5 23 53 0
0.5 97 55 0
0.5 3 44 88
0.5 120 56 73
0.5 20 44 0
0.5 99 55 73
0.5 21 56 0
0.5 102 56 73
0.5 17 55 0
0.5 101 53 80
0.5 22 56 0
0.5 98 56 73
0.5 20 53 0
0.5 100 55 73
0.5 20 56 0
0.5 98 56 74
0.5 22 55 0
0.5 98 56 0
0.5 1 44 88
0.5 120 56 75
0.5 20 44 0
0.5 98 55 76
0.5 22 56 0
0.5 102 56 74
0.5 16 55 0
0.5 101 53 80
0.5 23 56 0
0.5 96 56 74
0.5 21 53 0
0.5 101 55 74
0.5 18 56 0
0.5 103 56 74
0.5 19 55 0
0.5 98 44 88
0.5 3 56 0
0.5 118 50 75
0.5 19 44 0
0.5 100 48 75
0.5 21 50 0
0.5 102 50 75
0.5 17 48 0
0.5 102 53 79
0.5 21 50 0
0.5 100 50 74
0.5 19 53 0
0.5 102 48 74
0.5 19 50 0
0.5 99 50 74
0.5 22 48 0
0.5 98 50 0
0.5 2 44 86
0.5 118 50 73
0.5 22 44 0
0.5 101 48 72
0.5 17 50 0
0.5 101 50 77
0.5 22 48 0
0.5 96 53 77
0.5 22 50 0
0.5 102 50 72
0.5 16 53 0
0.5 104 48 72
0.5 20 50 0
0.5 97 50 72
0.5 23 48 0
0.5 97 50 0
0.5 3 43 83
0.5 116 51 72
0.5 24 43 0
0.5 100 50 72
0.5 16 51 0
0.5 102 51 72
0.5 22 50 0
0.5 97 55 75
0.5 21 51 0
0.5 100 51 70
0.5 19 55 0
0.5 102 50 70
0.5 19 51 0
0.5 97 51 70
0.5 24 50 0
0.5 96 51 0
0.5 1 43 81
0.5 120 51 69
0.5 20 43 0
0.5 101 50 69
0.5 19 51 0
0.5 104 51 69
0.5 17 50 0
0.5 102 55 73
0.5 21 51 0
0.5 99 51 67
0.5 20 55 0
0.5 101 50 66
0.5 19 51 0
0.5 98 51 66
0.5 23 50 0
0.5 97 51 0
0.5 0 48 79
0.5 123 51 69
0.5 17 48 0
0.5 99 50 69
0.5 24 51 0
0.5 97 51 65
0.5 19 50 0
0.5 102 56 71
0.5 19 51 0
0.5 100 51 65
0.5 21 56 0
0.5 101 50 63
0.5 18 51 0
0.5 102 51 63
0.5 20 50 0
0.5 100 51 0
0.5 0 48 77
0.5 120 51 64
0.5 20 48 0
0.5 96 50 64
0.5 24 51 0
0.5 97 51 64
0.5 19 50 0
0.5 101 56 69
0.5 20 51 0
0.5 103 51 61
0.5 17 56 0
0.5 104 50 61
0.5 19 51 0
0.5 98 51 61
0.5 23 50 0
0.5 97 51 0
0.5 1 50 74
0.5 117 53 59
0.5 23 50 0
0.5 102 51 60
0.5 15 53 0
0.5 101 53 59
0.5 24 51 0
0.5 98 56 66
0.5 18 53 0
0.5 102 53 59
0.5 20 56 0
0.5 99 51 59
0.5 21 53 0
0.5 101 53 59
0.5 18 51 0
0.5 98 50 73
0.5 4 53 0
0.5 116 53 56
0.5 20 50 0
0.5 100 51 55
0.5 20 53 0
0.5 100 53 55
0.5 20 51 0
0.5 102 56 61
0.5 18 53 0
0.5 101 53 56
0.5 21 56 0
0.5 102 51 56
0.5 17 53 0
0.5 99 53 56
0.5 24 51 0
0.5 96 53 0
0.5 2 51 70
0.5 118 55 53
0.5 22 51 0
0.5 102 53 53
0.5 16 55 0
0.5 104 55 53
0.5 20 53 0
0.5 97 56 57
0.5 23 55 0
0.5 100 55 53
0.5 17 56 0
0.5 102 53 53
0.5 21 55 0
0.5 99 55 53
0.5 20 53 0
0.5 100 55 0
0.5 0 51 70
0.5 117 55 53
0.5 23 51 0
0.5 100 53 53
0.5 17 55 0
0.5 100 55 53
0.5 23 53 0
0.5 102 56 56
0.5 15 55 0
0.5 102 55 52
0.5 23 56 0
0.5 100 53 52
0.5 17 55 0
0.5 102 55 52
0.5 21 53 0
0.5 98 51 70
0.5 1 55 0
0.5 120 57 52
0.5 19 51 0
0.5 101 55 52
0.5 20 57 0
0.5 98 57 52
0.5 22 55 0
0.5 96 57 0
0.5 2 53 55
0.5 118 57 52
0.5 22 53 0
0.5 102 55 52
0.5 16 57 0
0.5 101 57 52
0.5 23 55 0
0.5 96 51 70
0.5 1 57 0
0.5 120 57 51
0.5 19 51 0
0.5 104 55 51
0.5 17 57 0
0.5 100 57 51
0.5 23 55 0
0.5 95 57 0
0.5 2 53 56
0.5 121 57 51
0.5 19 53 0
0.5 99 55 51
0.5 22 57 0
0.5 100 57 51
0.5 18 55 0
0.5 102 57 0
0.5 1 50 70
0.5 120 53 52
0.5 20 50 0
0.5 101 51 52
0.5 19 53 0
0.5 99 53 52
0.5 22 51 0
0.5 98 56 58
0.5 20 53 0
0.5 103 53 52
0.5 17 56 0
0.5 103 51 52
0.5 20 53 0
0.5 98 53 52
0.5 22 51 0
0.5 98 53 0
0.5 2 50 70
0.5 115 53 54
0.5 25 50 0
0.5 98 51 54
0.5 17 53 0
0.5 105 53 54
0.5 18 51 0
0.5 99 56 60
0.5 23 53 0
0.5 96 53 53
0.5 21 56 0
0.5 99 51 54
0.5 20 53 0
0.5 99 53 54
0.5 21 51 0
0.5 99 53 0
0.5 3 48 70
0.5 119 53 52
0.5 21 48 0
0.5 97 52 52
0.5 22 53 0
0.5 98 53 52
0.5 20 52 0
0.5 102 56 60
0.5 18 53 0
0.5 105 53 53
0.5 17 56 0
0.5 103 52 53
0.5 20 53 0
0.5 97 53 53
0.5 23 52 0
0.5 97 53 0
0.5 2 48 70
0.5 119 53 53
0.5 21 48 0
0.5 100 52 53
0.5 19 53 0
0.5 102 53 53
0.5 19 52 0
0.5 99 56 60
0.5 22 53 0
0.5 98 53 53
0.5 20 56 0
0.5 97 52 53
0.5 23 53 0
0.5 101 53 53
0.5 16 52 0
0.5 102 48 70
0.5 2 53 0
0.5 119 51 54
0.5 19 48 0
0.5 101 50 54
0.5 20 51 0
0.5 100 51 54
0.5 20 50 0
0.5 101 53 60
0.5 19 51 0
0.5 101 51 54
0.5 20 53 0
0.5 98 50 54
0.5 22 51 0
0.5 96 51 54
0.5 22 50 0
0.5 98 51 0
0.5 1 46 70
0.5 121 51 54
0.5 19 46 0
0.5 100 50 54
0.5 21 51 0
0.5 102 51 54
0.5 17 50 0
0.5 101 53 61
0.5 22 51 0
0.5 101 51 53
0.5 17 53 0
0.5 98 50 53
0.5 25 51 0
0.5 99 51 53
0.5 16 50 0
0.5 103 44 70
0.5 1 51 0
0.5 121 48 54
0.5 18 44 0
0.5 98 47 53
0.5 24 48 0
0.5 98 48 53
0.5 18 47 0
0.5 104 50 64
0.5 18 48 0
0.5 101 48 54
0.5 21 50 0
0.5 100 47 54
0.5 19 48 0
0.5 97 48 54
0.5 24 47 0
0.5 96 48 0
0.5 4 44 70
0.5 119 48 55
0.5 21 44 0
0.5 100 47 55
0.5 19 48 0
0.5 101 48 55
0.5 20 47 0
0.5 100 50 64
0.5 20 48 0
0.5 98 48 56
0.5 22 50 0
0.5 96 47 56
0.5 22 48 0
0.5 100 48 56
0.5 18 47 0
0.5 100 45 70
0.5 2 48 0
0.5 118 51 56
0.5 20 45 0
0.5 103 50 56
0.5 17 51 0
0.5 103 51 56
0.5 20 50 0
0.5 97 48 64
0.5 23 51 0
0.5 100 51 56
0.5 17 48 0
0.5 101 50 56
0.5 22 51 0
0.5 96 51 56
0.5 22 50 0
0.5 98 51 0
0.5 4 45 70
0.5 121 51 57
0.5 19 45 0
0.5 96 50 58
0.5 25 51 0
0.5 96 51 58
0.5 19 50 0
0.5 103 48 64
0.5 18 51 0
0.5 101 51 56
0.5 21 48 0
0.5 101 50 56
0.5 18 51 0
0.5 99 51 56
0.5 23 50 0
0.5 97 51 0
0.5 3 43 70
0.5 121 51 56
0.5 19 43 0
0.5 96 50 56
0.5 25 51 0
0.5 98 51 56
0.5 17 50 0
0.5 104 53 64
0.5 19 51 0
0.5 98 51 56
0.5 23 53 0
0.5 96 50 56
0.5 21 51 0
0.5 100 51 56
0.5 19 50 0
0.5 101 51 0
0.5 3 43 70
0.5 121 51 57
0.5 19 43 0
0.5 99 50 57
0.5 22 51 0
0.5 97 51 57
0.5 21 50 0
0.5 101 53 64
0.5 18 51 0
0.5 99 51 57
0.5 23 53 0
0.5 99 50 57
0.5 18 51 0
0.5 100 51 57
0.5 22 50 0
0.5 98 51 0
0.5 0 43 70
0.5 124 51 56
0.5 16 43 0
0.5 100 50 56
0.5 24 51 0
0.5 95 51 56
0.5 21 50 0
0.5 103 48 64
0.5 16 51 0
0.5 100 51 56
0.5 24 48 0
0.5 96 50 56
0.5 20 51 0
0.5 100 51 56
0.5 20 50 0
0.5 100 51 0
0.5 2 43 71
0.5 121 51 56
0.5 19 43 0
0.5 100 50 56
0.5 21 51 0
0.5 99 51 56
0.5 20 50 0
0.5 100 48 65
0.5 20 51 0
0.5 98 51 56
0.5 22 48 0
0.5 101 50 57
0.5 17 51 0
0.5 104 51 57
0.5 19 50 0
0.5 99 43 73
0.5 2 51 0
0.5 119 51 58
0.5 19 43 0
0.5 103 50 58
0.5 18 51 0
0.5 100 51 58
0.5 22 50 0
0.5 98 53 66
0.5 20 51 0
0.5 97 51 58
0.5 23 53 0
0.5 99 50 58
0.5 18 51 0
0.5 101 51 58
0.5 21 50 0
0.5 99 51 0
0.5 1 43 73
0.5 123 51 58
0.5 17 43 0
0.5 100 50 58
0.5 23 51 0
0.5 95 51 58
0.5 22 50 0
0.5 101 53 67
0.5 17 51 0
0.5 104 51 58
0.5 19 53 0
0.5 101 50 58
0.5 20 51 0
0.5 101 51 58
0.5 19 50 0
0.5 101 51 0
0.5 0 43 75
0.5 116 51 59
0.5 24 43 0
0.5 100 50 59
0.5 16 51 0
0.5 102 51 59
0.5 22 50 0
0.5 99 53 68
0.5 19 51 0
0.5 101 51 58
0.5 20 53 0
0.5 100 50 58
0.5 20 51 0
0.5 101 51 59
0.5 19 50 0
0.5 101 51 0
0.5 0 43 75
0.5 120 51 60
0.5 20 43 0
0.5 98 50 60
0.5 22 51 0
0.5 97 51 60
0.5 21 50 0
0.5 97 53 69
0.5 22 51 0
0.5 100 51 61
0.5 18 53 0
0.5 104 50 61
0.5 18 51 0
0.5 100 51 61
0.5 22 50 0
0.5 98 51 0
0.5 0 43 65
0.5 120 47 68
0.5 20 43 0
0.5 100 50 71
0.5 20 47 0
0.5 120 50 0
0.5 1540 43 64
0.5 120 48 66
0.5 20 43 0
0.5 100 51 68
0.5 20 48 0
0.5 120 51 0
0.5 1540 43 67
0.5 120 45 70
0.5 20 43 0
0.5 100 54 70
0.5 20 45 0
0.5 120 54 0
0.5 1540 43 67
0.5 2040 43 0
0.5 0 62 60
0.5 120 60 60
0.5 20 62 0
0.5 100 62 61
0.5 20 60 0
0.5 100 63 70
0.5 20 62 0
0.5 100 60 67
0.5 20 63 0
0.5 100 59 60
0.5 20 60 0
0.5 100 60 60
0.5 20 59 0
0.5 100 60 0
0.5 0 57 75
0.5 120 60 61
0.5 20 57 0
0.5 100 59 61
0.5 20 60 0
0.5 100 60 61
0.5 20 59 0
0.5 100 62 70
0.5 20 60 0
0.5 100 59 61
0.5 20 62 0
0.5 100 57 61
0.5 20 59 0
0.5 100 59 61
0.5 20 57 0
0.5 100 59 0
0.5 0 55 74
0.5 120 59 61
0.5 20 55 0
0.5 100 57 61
0.5 20 59 0
0.5 100 59 61
0.5 20 57 0
0.5 100 60 71
0.5 20 59 0
0.5 100 56 61
0.5 20 60 0
0.5 100 55 61
0.5 20 56 0
0.5 100 56 61
0.5 20 55 0
0.5 100 56 0
0.5 0 53 74
0.5 120 57 63
0.5 20 53 0
0.5 100 55 63
0.5 20 57 0
0.5 100 57 63
0.5 20 55 0
0.5 100 59 71
0.5 20 57 0
0.5 100 55 62
0.5 20 59 0
0.5 100 53 62
0.5 20 55 0
0.5 100 55 62
0.5 20 53 0
0.5 100 55 0
0.5 0 51 76
0.5 120 67 63
0.5 20 51 0
0.5 100 65 63
0.5 20 67 0
0.5 100 67 63
0.5 20 65 0
0.5 100 68 71
0.5 20 67 0
0.5 100 65 63
0.5 20 68 0
0.5 100 63 63
0.5 20 65 0
0.5 100 65 63
0.5 20 63 0
0.5 100 65 0
0.5 0 62 76
0.5 120 65 64
0.5 20 62 0
0.5 100 63 65
0.5 20 65 0
0.5 100 65 63
0.5 20 63 0
0.5 100 67 71
0.5 20 65 0
0.5 100 63 63
0.5 20 67 0
0.5 100 62 62
0.5 20 63 0
0.5 100 63 62
0.5 20 62 0
0.5 100 63 0
0.5 0 60 74
0.5 120 63 63
0.5 20 60 0
0.5 100 62 63
0.5 20 63 0
0.5 100 63 63
0.5 20 62 0
0.5 100 65 77
0.5 20 63 0
0.5 100 62 60
0.5 20 65 0
0.5 100 60 60
0.5 20 62 0
0.5 100 62 61
0.5 20 60 0
0.5 100 62 0
0.5 0 63 77
0.5 120 60 62
0.5 20 63 0
0.5 100 59 63
0.5 20 60 0
0.5 100 60 63
0.5 20 59 0
0.5 100 62 77
0.5 20 60 0
0.5 100 59 63
0.5 20 62 0
0.5 100 57 63
0.5 20 59 0
0.5 100 59 62
0.5 20 57 0
0.5 100 59 0
0.5 0 60 77
0.5 120 63 60
0.5 20 60 0
0.5 100 62 60
0.5 20 63 0
0.5 100 63 61
0.5 20 62 0
0.5 100 53 77
0.5 20 63 0
0.5 100 62 62
0.5 20 53 0
0.5 100 60 62
0.5 20 62 0
0.5 100 62 62
0.5 20 60 0
0.5 100 62 0
0.5 0 51 77
0.5 120 60 62
0.5 20 51 0
0.5 100 59 62
0.5 20 60 0
0.5 100 60 62
0.5 20 59 0
0.5 100 50 77
0.5 20 60 0
0.5 100 59 61
0.5 20 50 0
0.5 100 57 61
0.5 20 59 0
0.5 100 59 61
0.5 20 57 0
0.5 100 59 0
0.5 0 48 67
0.5 15 55 67
0.5 15 58 67
0.5 450 58 0
0.5 0 55 0
0.5 0 48 0
0.5 480 48 67
0.5 15 53 67
0.5 15 56 67
0.5 450 56 0
0.5 0 53 0
0.5 0 48 0
0.5 600 36 60
0.5 120 47 65
0.5 20 36 0
0.5 1660 47 0
0.5 2880 36 72
0.5 120 43 67
0.5 120 48 67
0.5 20 43 0
0.5 2500 48 0
0.5 0 36 0
1 0 0 0
