0 0 7 100
0 0 64 0
0 0 91 127
0 1679 91 127
0.5 1 68 51
0.5 240 68 0
0.5 0 63 46
0.5 0 59 46
0.5 0 68 55
0.5 240 68 0
0.5 0 70 49
0.5 240 70 0
0.5 0 70 51
0.5 240 70 0
0.5 0 59 0
0.5 0 63 0
0.5 0 68 49
0.5 0 59 49
0.5 0 63 49
0.5 240 63 0
0.5 0 59 0
0.5 0 68 0
0.5 0 59 46
0.5 0 63 46
0.5 0 68 55
0.5 240 68 0
0.5 0 70 51
0.5 240 70 0
0.5 0 70 52
0.5 240 70 0
0.5 0 63 0
0.5 0 59 0
0.5 0 68 56
0.5 0 59 47
0.5 0 62 47
0.5 240 62 0
0.5 0 59 0
0.5 0 68 0
0.5 0 59 49
0.5 0 62 49
0.5 0 68 58
0.5 240 68 0
0.5 0 70 53
0.5 240 70 0
0.5 0 70 55
0.5 240 70 0
0.5 0 62 0
0.5 0 59 0
0.5 0 62 48
0.5 0 59 48
0.5 0 68 57
0.5 240 68 0
0.5 0 59 0
0.5 0 62 0
0.5 0 59 50
0.5 0 63 50
0.5 0 68 60
0.5 240 68 0
0.5 0 70 56
0.5 240 70 0
0.5 0 70 56
0.5 240 70 0
0.5 0 63 0
0.5 0 59 0
0.5 0 64 50
0.5 0 59 50
0.5 0 68 60
0.5 240 68 0
0.5 0 59 0
0.5 0 64 0
0.5 0 59 52
0.5 0 65 52
0.5 0 68 62
0.5 240 68 0
0.5 0 70 57
0.5 240 70 0
0.5 0 70 58
0.5 240 70 0
0.5 0 68 47
0.5 240 68 0
0.5 0 68 51
0.5 240 68 0
0.5 0 73 42
0.5 240 73 0
0.5 0 65 0
0.5 0 59 0
0.5 0 73 40
0.5 480 73 0
0.5 1680 58 40
0.5 0 66 46
0.5 240 66 0
0.5 0 58 0
0.5 0 66 49
0.5 0 58 41
0.5 240 70 44
0.5 240 70 0
0.5 0 70 46
0.5 240 70 0
0.5 0 58 0
0.5 0 66 0
0.5 0 58 39
0.5 0 65 44
0.5 240 65 0
0.5 0 58 0
0.5 0 65 48
0.5 0 58 42
0.5 240 70 45
0.5 240 70 0
0.5 0 70 47
0.5 240 70 0
0.5 0 58 0
0.5 0 65 0
0.5 0 58 38
0.5 0 63 42
0.5 240 63 0
0.5 0 58 0
0.5 0 63 49
0.5 0 58 44
0.5 240 70 44
0.5 240 70 0
0.5 0 70 46
0.5 240 70 0
0.5 0 58 0
0.5 0 63 0
0.5 0 61 44
0.5 0 58 39
0.5 180 58 0
0.5 0 61 0
0.5 60 58 42
0.5 0 63 48
0.5 180 63 0
0.5 0 58 0
0.5 60 58 42
0.5 0 65 42
0.5 180 65 0
0.5 0 58 0
0.5 60 66 48
0.5 0 58 42
0.5 180 58 0
0.5 0 66 0
0.5 60 58 44
0.5 0 70 44
0.5 180 70 0
0.5 0 58 0
0.5 60 59 44
0.5 0 68 49
0.5 240 71 44
0.5 240 71 0
0.5 0 71 46
0.5 240 71 0
0.5 0 68 0
0.5 0 59 0
0.5 0 66 44
0.5 0 59 39
0.5 240 59 0
0.5 0 66 0
0.5 0 59 42
0.5 0 66 48
0.5 240 71 45
0.5 240 71 0
0.5 0 71 47
0.5 240 71 0
0.5 0 66 0
0.5 0 59 0
0.5 0 65 42
0.5 0 59 38
0.5 240 59 0
0.5 0 65 0
0.5 0 59 44
0.5 0 65 49
0.5 240 71 44
0.5 240 71 0
0.5 0 71 46
0.5 240 71 0
0.5 0 65 0
0.5 0 59 0
0.5 0 65 44
0.5 0 59 39
0.5 120 65 0
0.5 120 59 0
0.5 0 59 42
0.5 0 66 48
0.5 180 66 0
0.5 60 65 42
0.5 180 65 0
0.5 60 66 48
0.5 180 66 0
0.5 60 68 44
0.5 180 68 0
0.5 60 59 0
0.5 0 58 44
0.5 0 66 49
0.5 240 70 44
0.5 240 70 0
0.5 0 70 50
0.5 240 70 0
0.5 0 66 0
0.5 0 58 0
0.5 0 58 44
0.5 0 65 48
0.5 240 65 0
0.5 0 58 0
0.5 0 58 50
0.5 0 65 57
0.5 240 70 55
0.5 240 70 0
0.5 0 70 61
0.5 240 70 0
0.5 0 65 0
0.5 0 58 0
0.5 0 64 57
0.5 0 58 50
0.5 240 58 0
0.5 0 64 0
0.5 0 58 62
0.5 0 64 70
0.5 240 70 62
0.5 240 70 0
0.5 0 70 66
0.5 240 70 0
0.5 0 64 0
0.5 0 58 0
0.5 0 64 62
0.5 0 58 56
0.5 240 58 0
0.5 0 64 0
0.5 0 58 59
0.5 0 64 66
0.5 240 72 59
0.5 240 72 0
0.5 0 64 0
0.5 0 72 58
0.5 240 72 0
0.5 0 58 0
0.5 0 70 49
0.5 0 64 49
0.5 240 64 0
0.5 0 70 0
0.5 0 65 45
0.5 0 69 50
0.5 0 60 45
0.5 720 60 0
0.5 0 69 0
0.5 0 65 0
0.5 0 60 42
0.5 0 67 48
0.5 0 72 48
0.5 240 72 0
0.5 0 67 0
0.5 0 60 0
0.5 0 72 50
0.5 0 67 50
0.5 0 60 45
0.5 720 60 0
0.5 0 67 0
0.5 0 72 0
0.5 0 69 52
0.5 0 65 52
0.5 0 74 58
0.5 240 74 0
0.5 0 65 0
0.5 0 69 0
0.5 0 65 55
0.5 0 69 55
0.5 0 74 62
0.5 720 74 0
0.5 0 69 0
0.5 0 65 0
0.5 0 77 56
0.5 0 69 49
0.5 0 72 49
0.5 180 72 0
0.5 0 69 0
0.5 0 77 0
0.5 60 65 55
0.5 0 69 55
0.5 0 74 60
0.5 180 74 0
0.5 0 69 0
0.5 0 65 0
0.5 60 72 50
0.5 0 64 45
0.5 0 67 45
0.5 180 67 0
0.5 0 64 0
0.5 0 72 0
0.5 60 60 46
0.5 0 65 46
0.5 0 69 51
0.5 180 69 0
0.5 0 65 0
0.5 0 60 0
0.5 60 58 40
0.5 0 67 45
0.5 0 62 40
0.5 180 62 0
0.5 0 67 0
0.5 0 58 0
0.5 60 62 45
0.5 0 58 45
0.5 0 67 50
0.5 240 58 0
0.5 480 67 0
0.5 0 62 0
0.5 0 62 42
0.5 0 67 48
0.5 0 70 48
0.5 240 70 0
0.5 0 67 0
0.5 0 62 0
0.5 0 62 45
0.5 0 70 50
0.5 0 67 50
0.5 720 67 0
0.5 0 70 0
0.5 0 62 0
0.5 0 67 52
0.5 0 70 52
0.5 0 74 58
0.5 240 74 0
0.5 0 70 0
0.5 0 67 0
0.5 0 67 55
0.5 0 70 55
0.5 0 74 62
0.5 720 74 0
0.5 0 70 0
0.5 0 67 0
0.5 0 70 50
0.5 0 67 50
0.5 0 74 50
0.5 0 77 57
0.5 180 77 0
0.5 0 70 0
0.5 0 67 0
0.5 0 74 0
0.5 60 67 56
0.5 0 77 62
0.5 0 70 56
0.5 0 74 56
0.5 180 74 0
0.5 0 67 0
0.5 0 77 0
0.5 0 70 0
0.5 60 67 46
0.5 0 70 46
0.5 0 76 52
0.5 180 76 0
0.5 0 70 0
0.5 0 67 0
0.5 60 67 49
0.5 0 77 55
0.5 0 74 49
0.5 0 70 49
0.5 180 70 0
0.5 0 67 0
0.5 0 77 0
0.5 0 74 0
0.5 60 72 42
0.5 0 70 42
0.5 0 67 42
0.5 0 79 48
0.5 120 65 39
0.5 60 79 0
0.5 0 67 0
0.5 0 72 0
0.5 0 70 0
0.5 0 72 45
0.5 60 81 50
0.5 720 81 0
0.5 0 72 0
0.5 0 65 0
0.5 0 84 52
0.5 0 72 47
0.5 0 79 52
0.5 240 79 0
0.5 0 72 0
0.5 0 84 0
0.5 0 84 56
0.5 0 79 56
0.5 0 72 50
0.5 720 72 0
0.5 0 79 0
0.5 0 84 0
0.5 0 86 64
0.5 0 77 59
0.5 0 81 59
0.5 240 81 0
0.5 0 77 0
0.5 0 86 0
0.5 0 77 61
0.5 0 81 61
0.5 0 86 69
0.5 720 86 0
0.5 0 81 0
0.5 0 77 0
0.5 0 81 55
0.5 0 84 55
0.5 0 89 62
0.5 180 89 0
0.5 0 84 0
0.5 0 81 0
0.5 60 81 59
0.5 0 77 59
0.5 0 86 66
0.5 180 86 0
0.5 0 77 0
0.5 0 81 0
0.5 60 76 48
0.5 0 79 48
0.5 0 84 52
0.5 180 84 0
0.5 0 79 0
0.5 0 76 0
0.5 60 81 51
0.5 0 77 46
0.5 0 72 46
0.5 180 72 0
0.5 0 77 0
0.5 0 81 0
0.5 60 70 39
0.5 0 74 39
0.5 0 79 44
0.5 180 79 0
0.5 0 74 0
0.5 0 70 0
0.5 60 79 50
0.5 0 70 45
0.5 0 74 45
0.5 720 74 0
0.5 0 70 0
0.5 0 79 0
0.5 0 70 48
0.5 0 67 42
0.5 0 74 48
0.5 240 74 0
0.5 0 67 0
0.5 0 70 0
0.5 0 74 50
0.5 0 70 50
0.5 0 67 45
0.5 720 67 0
0.5 0 70 0
0.5 0 74 0
0.5 0 70 49
0.5 0 60 49
0.5 0 67 49
0.5 0 72 55
0.5 240 72 0
0.5 0 70 0
0.5 0 60 0
0.5 0 67 0
0.5 0 60 47
0.5 0 72 52
0.5 0 67 47
0.5 0 70 47
0.5 720 70 0
0.5 0 60 0
0.5 0 72 0
0.5 0 67 0
0.5 0 66 49
0.5 0 60 49
0.5 0 70 56
0.5 0 72 56
0.5 240 72 0
0.5 0 66 0
0.5 0 60 0
0.5 0 70 0
0.5 0 60 53
0.5 0 66 53
0.5 0 70 59
0.5 0 72 59
0.5 720 72 0
0.5 0 60 0
0.5 0 66 0
0.5 0 70 0
0.5 0 70 59
0.5 0 66 59
0.5 0 61 59
0.5 0 73 66
0.5 240 73 0
0.5 0 70 0
0.5 0 66 0
0.5 0 61 0
0.5 0 61 61
0.5 0 73 70
0.5 0 66 61
0.5 0 70 61
0.5 720 70 0
0.5 0 61 0
0.5 0 73 0
0.5 0 66 0
0.5 0 66 61
0.5 0 63 61
0.5 0 70 69
0.5 0 75 69
0.5 240 75 0
0.5 0 66 0
0.5 0 63 0
0.5 0 70 0
0.5 0 63 67
0.5 0 66 67
0.5 0 75 74
0.5 0 70 74
0.5 720 70 0
0.5 0 63 0
0.5 0 66 0
0.5 0 75 0
0.5 0 63 52
0.5 240 63 0
0.5 0 63 58
0.5 240 70 45
0.5 240 70 0
0.5 0 70 39
0.5 960 70 0
0.5 0 63 0
0.5 1680 63 41
0.5 240 63 0
0.5 0 63 48
0.5 240 70 41
0.5 240 70 0
0.5 0 70 42
0.5 1440 70 0
0.5 0 63 0
0.5 240 68 51
0.5 240 68 0
0.5 0 59 46
0.5 0 63 46
0.5 0 68 55
0.5 240 68 0
0.5 0 70 49
0.5 240 70 0
0.5 0 70 51
0.5 240 70 0
0.5 0 63 0
0.5 0 59 0
0.5 0 63 49
0.5 0 59 49
0.5 0 68 49
0.5 240 68 0
0.5 0 59 0
0.5 0 63 0
0.5 0 59 46
0.5 0 63 46
0.5 0 68 55
0.5 240 68 0
0.5 0 70 51
0.5 240 70 0
0.5 0 70 52
0.5 240 70 0
0.5 0 63 0
0.5 0 59 0
0.5 0 59 47
0.5 0 62 47
0.5 0 68 56
0.5 240 68 0
0.5 0 62 0
0.5 0 59 0
0.5 0 59 49
0.5 0 62 49
0.5 0 68 58
0.5 240 68 0
0.5 0 70 53
0.5 240 70 0
0.5 0 70 55
0.5 240 70 0
0.5 0 62 0
0.5 0 59 0
0.5 0 59 48
0.5 0 62 48
0.5 0 68 57
0.5 240 68 0
0.5 0 62 0
0.5 0 59 0
0.5 0 68 60
0.5 0 59 50
0.5 0 63 50
0.5 240 68 0
0.5 0 70 56
0.5 240 70 0
0.5 0 70 56
0.5 240 70 0
0.5 0 63 0
0.5 0 59 0
0.5 0 59 50
0.5 0 64 50
0.5 0 68 60
0.5 240 68 0
0.5 0 64 0
0.5 0 59 0
0.5 0 65 52
0.5 0 68 62
0.5 0 59 52
0.5 240 68 0
0.5 0 70 57
0.5 240 70 0
0.5 0 70 58
0.5 240 70 0
0.5 0 68 47
0.5 240 68 0
0.5 0 68 51
0.5 240 68 0
0.5 0 73 42
0.5 240 73 0
0.5 0 59 0
0.5 0 65 0
0.5 0 73 40
0.5 480 73 0
0.5 1680 66 46
0.5 0 58 38
0.5 240 58 0
0.5 0 66 0
0.5 0 58 40
0.5 0 66 49
0.5 240 70 44
0.5 240 70 0
0.5 0 70 46
0.5 240 70 0
0.5 0 66 0
0.5 0 58 0
0.5 0 58 39
0.5 0 65 44
0.5 240 65 0
0.5 0 58 0
0.5 0 65 48
0.5 0 58 42
0.5 240 70 45
0.5 240 70 0
0.5 0 70 47
0.5 240 70 0
0.5 0 58 0
0.5 0 65 0
0.5 0 58 38
0.5 0 63 42
0.5 240 63 0
0.5 0 58 0
0.5 0 63 49
0.5 0 58 44
0.5 240 70 44
0.5 240 70 0
0.5 0 70 46
0.5 240 70 0
0.5 0 58 0
0.5 0 63 0
0.5 0 58 39
0.5 0 61 44
0.5 180 61 0
0.5 0 58 0
0.5 60 63 48
0.5 0 58 42
0.5 180 58 0
0.5 0 63 0
0.5 60 58 42
0.5 0 65 42
0.5 180 65 0
0.5 0 58 0
0.5 60 58 42
0.5 0 66 48
0.5 180 66 0
0.5 0 58 0
0.5 60 58 44
0.5 0 70 44
0.5 180 70 0
0.5 0 58 0
0.5 60 59 44
0.5 0 68 49
0.5 240 71 44
0.5 240 71 0
0.5 0 71 46
0.5 240 71 0
0.5 0 68 0
0.5 0 59 0
0.5 0 59 39
0.5 0 66 44
0.5 240 66 0
0.5 0 59 0
0.5 0 59 42
0.5 0 66 48
0.5 240 71 45
0.5 240 71 0
0.5 0 71 47
0.5 240 71 0
0.5 0 66 0
0.5 0 59 0
0.5 0 59 38
0.5 0 65 42
0.5 240 65 0
0.5 0 59 0
0.5 0 59 44
0.5 0 65 49
0.5 240 71 44
0.5 240 71 0
0.5 0 71 46
0.5 240 71 0
0.5 0 65 0
0.5 0 59 0
0.5 0 65 44
0.5 0 59 39
0.5 120 65 0
0.5 120 59 0
0.5 0 59 42
0.5 0 66 48
0.5 180 66 0
0.5 60 65 42
0.5 180 65 0
0.5 60 66 48
0.5 180 66 0
0.5 60 68 44
0.5 180 68 0
0.5 60 59 0
0.5 0 58 44
0.5 0 66 49
0.5 240 70 44
0.5 240 70 0
0.5 0 70 48
0.5 240 70 0
0.5 0 66 0
0.5 0 58 0
0.5 0 58 41
0.5 0 65 46
0.5 240 65 0
0.5 0 58 0
0.5 0 58 45
0.5 0 65 50
0.5 240 70 45
0.5 240 70 0
0.5 0 70 50
0.5 240 70 0
0.5 0 65 0
0.5 0 58 0
0.5 0 58 48
0.5 0 63 48
0.5 240 63 0
0.5 0 58 0
0.5 0 58 48
0.5 0 63 53
0.5 240 70 49
0.5 240 70 0
0.5 0 70 53
0.5 240 70 0
0.5 0 63 0
0.5 0 58 0
0.5 0 63 53
0.5 0 57 48
0.5 240 57 0
0.5 0 63 0
0.5 0 57 56
0.5 0 63 63
0.5 240 69 61
0.5 240 69 0
0.5 0 69 70
0.5 240 69 0
0.5 0 63 0
0.5 0 57 0
0.5 0 63 67
0.5 0 57 59
0.5 240 57 0
0.5 0 63 0
0.5 0 58 44
0.5 0 66 49
0.5 240 70 44
0.5 240 70 0
0.5 0 70 46
0.5 240 70 0
0.5 0 66 0
0.5 0 58 0
0.5 0 66 44
0.5 0 58 39
0.5 240 58 0
0.5 0 66 0
0.5 0 58 42
0.5 0 66 48
0.5 240 70 45
0.5 240 70 0
0.5 0 70 47
0.5 240 70 0
0.5 0 66 0
0.5 0 58 0
0.5 0 58 38
0.5 0 66 42
0.5 180 66 0
0.5 0 58 0
0.5 60 59 44
0.5 0 63 49
0.5 240 70 44
0.5 240 70 0
0.5 0 70 46
0.5 240 70 0
0.5 0 63 0
0.5 0 59 0
0.5 0 59 39
0.5 0 63 44
0.5 240 63 0
0.5 0 59 0
0.5 0 59 42
0.5 0 63 48
0.5 240 70 45
0.5 240 70 0
0.5 0 70 47
0.5 240 70 0
0.5 0 63 0
0.5 0 59 0
0.5 0 59 38
0.5 0 63 42
0.5 180 63 0
0.5 0 59 0
0.5 60 58 44
0.5 0 66 49
0.5 240 70 44
0.5 240 70 0
0.5 0 70 46
0.5 240 70 0
0.5 0 66 0
0.5 0 58 0
0.5 0 66 44
0.5 0 58 39
0.5 240 58 0
0.5 0 66 0
0.5 0 58 42
0.5 0 66 48
0.5 240 70 45
0.5 240 70 0
0.5 0 70 47
0.5 240 70 0
0.5 0 66 0
0.5 0 58 0
0.5 0 58 48
0.5 0 66 42
0.5 240 66 0
0.5 0 58 0
0.5 0 59 44
0.5 0 63 49
0.5 240 70 44
0.5 240 70 0
0.5 0 70 46
0.5 240 70 0
0.5 0 63 0
0.5 0 59 0
0.5 0 59 39
0.5 0 63 44
0.5 240 63 0
0.5 0 59 0
0.5 0 59 42
0.5 0 63 48
0.5 240 70 45
0.5 240 70 0
0.5 0 70 47
0.5 240 70 0
0.5 0 63 0
0.5 0 59 0
0.5 0 59 38
0.5 0 63 42
0.5 240 63 0
0.5 0 59 0
0.5 0 58 44
0.5 0 66 49
0.5 240 70 44
0.5 240 70 0
0.5 0 70 46
0.5 240 70 0
0.5 0 66 0
0.5 0 58 0
0.5 0 58 39
0.5 0 66 44
0.5 240 66 0
0.5 0 58 0
0.5 0 58 42
0.5 0 66 48
0.5 240 70 45
0.5 240 70 0
0.5 0 70 47
0.5 240 70 0
0.5 0 66 0
0.5 0 58 0
0.5 0 66 42
0.5 0 58 48
0.5 240 58 0
0.5 0 66 0
0.5 0 58 41
0.5 0 66 46
0.5 240 70 40
0.5 240 70 0
0.5 0 70 41
0.5 240 70 0
0.5 0 66 0
0.5 0 58 0
0.5 0 66 39
0.5 0 58 35
0.5 240 58 0
0.5 0 66 0
0.5 0 66 41
0.5 0 58 37
0.5 240 70 38
0.5 240 70 0
0.5 0 70 39
0.5 240 70 0
0.5 0 58 0
0.5 0 66 0
0.5 0 58 39
0.5 0 66 34
0.5 240 66 0
0.5 0 58 0
0.5 0 66 39
0.5 240 66 0
0.5 0 70 34
0.5 240 70 0
0.5 0 70 39
0.5 240 70 0
0.5 0 66 34
0.5 240 66 0
0.5 0 73 39
0.5 0 66 39
0.5 240 66 0
0.5 0 70 33
0.5 240 70 0
0.5 0 70 39
0.5 240 70 0
0.5 0 66 33
0.5 240 66 0
0.5 0 73 0
0.5 0 66 37
0.5 240 66 0
0.5 0 70 30
0.5 240 70 0
0.5 0 70 36
0.5 240 70 0
0.5 0 66 28
0.5 240 66 0
0.5 0 73 35
0.5 0 66 35
0.5 240 66 0
0.5 0 70 28
0.5 240 70 0
0.5 0 70 34
0.5 240 70 0
0.5 0 66 28
0.5 240 66 0
0.5 0 73 0
0.5 240 70 31
0.5 240 70 0
0.5 0 70 30
0.5 240 70 0
1 0 0 0
0 0 7 100
0 1679 91 127
0 241 64 127
0.5 0 54 45
0.5 720 54 0
0.5 0 54 39
0 25 64 0
0.5 215 54 0
0.5 0 53 45
0 91 64 127
0.5 629 53 0
0.5 0 53 45
0 50 64 0
0.5 190 53 0
0.5 0 52 49
0 70 64 127
0 600 64 0
0.5 50 52 0
0.5 0 52 49
0.5 240 52 0
0.5 0 51 53
0 110 64 127
0 580 64 0
0.5 30 51 0
0.5 0 50 49
0.5 240 50 0
0.5 0 49 53
0 240 64 127
0 649 64 0
0 43 64 127
0.5 508 49 0
0 339 64 0
0.5 141 42 29
0 0 64 127
0.5 0 49 33
0.5 240 37 27
0.5 240 37 0
0.5 0 37 30
0.5 240 37 0
0.5 0 49 0
0.5 0 42 0
0.5 0 42 26
0.5 0 49 29
0 25 64 0
0.5 215 49 0
0.5 0 42 0
0.5 0 42 29
0.5 0 49 33
0 91 64 127
0.5 149 37 26
0.5 240 37 0
0.5 0 37 29
0.5 240 37 0
0.5 0 49 0
0.5 0 42 0
0.5 0 42 26
0.5 0 49 29
0 50 64 0
0.5 190 49 0
0.5 0 42 0
0.5 0 42 29
0 0 64 127
0.5 0 49 33
0.5 240 37 27
0.5 240 37 0
0.5 0 37 30
0.5 240 37 0
0.5 0 49 0
0.5 0 42 0
0.5 0 49 28
0.5 0 42 25
0.5 240 42 0
0.5 0 49 0
0 0 64 0
0.5 0 42 29
0.5 0 49 33
0 91 64 127
0.5 149 37 26
0.5 240 37 0
0.5 0 37 29
0.5 240 37 0
0.5 0 49 0
0.5 0 42 0
0.5 0 42 26
0.5 0 49 29
0.5 240 49 0
0.5 0 42 0
0 0 64 0
0.5 0 42 29
0 0 64 127
0.5 0 49 33
0.5 240 37 27
0.5 240 37 0
0.5 0 37 30
0 233 64 0
0.5 7 37 0
0.5 0 49 0
0.5 0 42 0
0.5 0 49 28
0.5 0 42 25
0.5 240 42 0
0.5 0 49 0
0.5 0 42 29
0.5 0 49 33
0.5 240 37 26
0.5 240 37 0
0.5 0 37 29
0.5 240 37 0
0.5 0 49 0
0.5 0 42 0
0.5 0 42 26
0.5 0 49 29
0.5 240 49 0
0.5 0 42 0
0.5 0 42 29
0.5 0 49 33
0 42 64 127
0.5 198 37 27
0.5 240 37 0
0.5 0 37 30
0.5 240 37 0
0.5 0 49 0
0.5 0 42 0
0.5 0 49 28
0.5 0 42 25
0.5 240 42 0
0.5 0 49 0
0 0 64 0
0.5 0 42 29
0.5 0 49 33
0 91 64 127
0.5 149 37 26
0.5 240 37 0
0.5 0 37 29
0.5 240 37 0
0.5 0 49 0
0.5 0 42 0
0.5 0 42 26
0.5 0 49 29
0.5 240 49 0
0.5 0 42 0
0 0 64 0
0.5 0 42 29
0 0 64 127
0.5 0 49 33
0.5 240 37 27
0.5 240 37 0
0.5 0 37 30
0 215 64 0
0.5 25 37 0
0.5 0 49 0
0.5 0 42 0
0.5 0 49 28
0.5 0 42 25
0.5 240 42 0
0.5 0 49 0
0.5 0 39 35
0.5 0 49 27
0.5 180 39 0
0.5 60 37 30
0.5 180 37 0
0.5 60 39 36
0.5 180 39 0
0.5 60 41 30
0.5 180 41 0
0.5 60 49 0
0.5 0 42 29
0 0 64 127
0.5 0 49 33
0.5 240 37 27
0.5 240 37 0
0.5 0 37 33
0.5 240 37 0
0.5 0 49 0
0.5 0 42 0
0.5 0 49 30
0.5 0 42 27
0.5 240 42 0
0.5 0 49 0
0 0 64 0
0.5 0 42 34
0.5 0 49 39
0 91 64 127
0.5 149 37 33
0.5 240 37 0
0.5 0 37 38
0.5 240 37 0
0.5 0 49 0
0.5 0 42 0
0.5 0 42 34
0.5 0 48 39
0 235 64 0
0.5 5 48 0
0.5 0 42 0
0.5 0 42 41
0 0 64 127
0.5 0 48 47
0.5 240 36 37
0.5 240 36 0
0.5 0 36 44
0.5 240 36 0
0.5 0 48 0
0.5 0 42 0
0.5 0 48 39
0.5 0 43 35
0.5 240 43 0
0.5 0 48 0
0 0 64 0
0.5 0 43 39
0.5 0 48 46
0 91 64 127
0.5 149 36 34
0.5 240 36 0
0.5 0 36 37
0.5 240 36 0
0.5 0 48 0
0.5 0 43 0
0.5 0 43 30
0.5 0 48 33
0 91 64 0
0.5 149 48 0
0.5 0 43 0
0.5 0 41 50
0.5 0 53 50
0 212 64 127
0.5 28 57 44
0.5 240 57 0
0.5 0 57 48
0.5 240 57 0
0.5 0 53 0
0.5 0 52 48
0 141 64 0
0.5 99 52 0
0.5 0 52 50
0 113 64 127
0.5 127 57 46
0.5 240 57 0
0.5 0 57 49
0.5 240 57 0
0.5 0 52 0
0.5 0 50 53
0 28 64 0
0.5 212 50 0
0.5 0 50 56
0 28 64 127
0.5 212 57 47
0.5 240 57 0
0.5 0 57 49
0 191 64 0
0.5 49 57 0
0.5 0 50 0
0.5 0 48 48
0.5 180 48 0
0.5 60 50 53
0.5 180 50 0
0.5 60 52 46
0.5 180 52 0
0.5 60 53 49
0.5 180 53 0
0.5 60 55 44
0 145 64 127
0.5 35 55 0
0.5 0 41 0
0.5 0 41 50
0.5 60 55 50
0.5 240 58 44
0.5 240 58 0
0.5 0 58 48
0.5 240 58 0
0.5 0 55 0
0.5 0 53 48
0 141 64 0
0.5 99 53 0
0.5 0 53 50
0 113 64 127
0.5 127 58 46
0.5 240 58 0
0.5 0 58 49
0.5 240 58 0
0.5 0 53 0
0.5 0 52 53
0 28 64 0
0.5 212 52 0
0.5 0 52 56
0 28 64 127
0.5 212 58 47
0.5 240 58 0
0.5 0 58 49
0 191 64 0
0.5 49 58 0
0.5 0 52 0
0.5 0 50 48
0.5 180 50 0
0.5 60 50 53
0.5 180 50 0
0.5 60 48 46
0.5 180 48 0
0.5 60 50 49
0.5 180 50 0
0.5 60 52 44
0.5 180 52 0
0.5 60 41 0
0.5 0 41 50
0.5 0 53 50
0 212 64 127
0.5 28 57 44
0.5 240 57 0
0.5 0 57 49
0.5 240 57 0
0.5 0 53 0
0.5 0 52 52
0 141 64 0
0.5 99 52 0
0.5 0 52 56
0 113 64 127
0.5 127 57 52
0.5 240 57 0
0.5 0 57 57
0.5 240 57 0
0.5 0 52 0
0.5 0 50 60
0 28 64 0
0.5 212 50 0
0.5 0 50 63
0 28 64 127
0.5 212 57 53
0.5 240 57 0
0.5 0 57 56
0 191 64 0
0.5 49 57 0
0.5 0 50 0
0.5 0 48 55
0.5 180 48 0
0.5 60 50 59
0.5 180 50 0
0.5 60 52 49
0.5 180 52 0
0.5 60 53 50
0.5 180 53 0
0.5 60 55 44
0 145 64 127
0.5 35 55 0
0.5 0 41 0
0.5 0 41 50
0.5 60 55 50
0.5 240 58 44
0.5 240 58 0
0.5 0 58 48
0.5 240 58 0
0.5 0 55 0
0.5 0 53 48
0 141 64 0
0.5 99 53 0
0.5 0 41 0
0.5 0 53 50
0 113 64 127
0.5 127 58 46
0.5 240 58 0
0.5 0 58 50
0.5 240 58 0
0.5 0 53 0
0.5 0 52 55
0 28 64 0
0.5 212 52 0
0.5 0 52 52
0 41 64 127
0.5 199 58 47
0.5 240 58 0
0.5 0 58 55
0.5 240 58 0
0.5 0 52 0
0.5 0 51 56
0 141 64 0
0.5 99 51 0
0.5 0 51 59
0 113 64 127
0.5 127 58 57
0.5 240 58 0
0.5 0 58 61
0.5 240 58 0
0.5 0 51 0
0.5 0 49 66
0 28 64 0
0.5 212 49 0
0.5 0 49 70
0 114 64 127
0.5 126 58 60
0.5 240 58 0
0.5 0 58 67
0.5 240 58 0
0.5 0 49 0
0.5 0 48 69
0 141 64 0
0.5 99 48 0
0.5 0 48 74
0 103 64 127
0.5 137 58 62
0.5 240 58 0
0.5 0 58 69
0 1560 64 0
0.5 360 58 0
0.5 0 48 0
0 160 64 127
0.5 80 47 34
0.5 240 47 0
0.5 0 47 39
0.5 240 56 33
0.5 240 56 0
0.5 0 56 33
0 629 64 0
0 57 64 127
0 2061 64 0
0.5 133 56 0
0.5 0 47 0
0 480 64 127
0.5 0 54 45
0.5 720 54 0
0.5 0 54 39
0 25 64 0
0.5 215 54 0
0.5 0 53 45
0 91 64 127
0.5 629 53 0
0.5 0 53 45
0 50 64 0
0.5 190 53 0
0.5 0 52 49
0 70 64 127
0 600 64 0
0.5 50 52 0
0.5 0 52 49
0.5 240 52 0
0.5 0 51 53
0 110 64 127
0 580 64 0
0.5 30 51 0
0.5 0 50 49
0.5 240 50 0
0.5 0 49 53
0 240 64 127
0 649 64 0
0 43 64 127
0.5 508 49 0
0 339 64 0
0.5 141 42 29
0 0 64 127
0.5 0 49 33
0.5 240 37 27
0.5 240 37 0
0.5 0 37 30
0.5 240 37 0
0.5 0 49 0
0.5 0 42 0
0.5 0 42 26
0.5 0 49 29
0 25 64 0
0.5 215 49 0
0.5 0 42 0
0.5 0 42 29
0.5 0 49 33
0 91 64 127
0.5 149 37 26
0.5 240 37 0
0.5 0 37 29
0.5 240 37 0
0.5 0 49 0
0.5 0 42 0
0.5 0 42 26
0.5 0 49 29
0 50 64 0
0.5 190 49 0
0.5 0 42 0
0.5 0 42 29
0 0 64 127
0.5 0 49 33
0.5 240 37 27
0.5 240 37 0
0.5 0 37 30
0.5 240 37 0
0.5 0 49 0
0.5 0 42 0
0.5 0 49 28
0.5 0 42 25
0.5 240 42 0
0.5 0 49 0
0 0 64 0
0.5 0 42 29
0.5 0 49 33
0 91 64 127
0.5 149 37 26
0.5 240 37 0
0.5 0 37 29
0.5 240 37 0
0.5 0 49 0
0.5 0 42 0
0.5 0 42 26
0.5 0 49 29
0.5 240 49 0
0.5 0 42 0
0 0 64 0
0.5 0 42 29
0 0 64 127
0.5 0 49 33
0.5 240 37 27
0.5 240 37 0
0.5 0 37 30
0 233 64 0
0.5 7 37 0
0.5 0 49 0
0.5 0 42 0
0.5 0 49 28
0.5 0 42 25
0.5 240 42 0
0.5 0 49 0
0.5 0 42 29
0.5 0 49 33
0.5 240 37 26
0.5 240 37 0
0.5 0 37 29
0.5 240 37 0
0.5 0 49 0
0.5 0 42 0
0.5 0 42 26
0.5 0 49 29
0.5 240 49 0
0.5 0 42 0
0.5 0 42 29
0 0 64 127
0.5 0 49 33
0.5 240 37 27
0.5 240 37 0
0.5 0 37 30
0.5 240 37 0
0.5 0 49 0
0.5 0 42 0
0.5 0 49 28
0.5 0 42 25
0.5 240 42 0
0.5 0 49 0
0 0 64 0
0.5 0 42 29
0.5 0 49 33
0 91 64 127
0.5 149 37 26
0.5 240 37 0
0.5 0 37 29
0.5 240 37 0
0.5 0 49 0
0.5 0 42 0
0.5 0 42 26
0.5 0 49 29
0.5 240 49 0
0.5 0 42 0
0 0 64 0
0.5 0 42 29
0 0 64 127
0.5 0 49 33
0.5 240 37 27
0.5 240 37 0
0.5 0 37 30
0 215 64 0
0.5 25 37 0
0.5 0 49 0
0.5 0 42 0
0.5 0 49 28
0.5 0 42 25
0.5 240 42 0
0.5 0 49 0
0.5 0 39 35
0.5 0 49 27
0.5 180 39 0
0.5 60 37 30
0.5 180 37 0
0.5 60 39 36
0.5 180 39 0
0.5 60 41 30
0.5 180 41 0
0.5 60 49 0
0.5 0 42 29
0 0 64 127
0.5 0 49 33
0.5 240 37 27
0.5 240 37 0
0.5 0 37 31
0.5 240 37 0
0.5 0 49 0
0.5 0 42 0
0.5 0 49 29
0.5 0 42 26
0.5 240 42 0
0.5 0 49 0
0 0 64 0
0.5 0 42 31
0.5 0 49 36
0 91 64 127
0.5 149 37 29
0.5 240 37 0
0.5 0 37 34
0.5 240 37 0
0.5 0 49 0
0.5 0 42 0
0.5 0 42 24
0.5 0 47 27
0 127 64 0
0.5 113 47 0
0.5 0 42 0
0.5 0 42 30
0 0 64 127
0.5 0 47 35
0.5 240 35 31
0.5 240 35 0
0.5 0 35 35
0.5 240 35 0
0.5 0 47 0
0.5 0 42 0
0.5 0 48 34
0.5 0 42 30
0.5 240 42 0
0.5 0 48 0
0.5 0 42 38
0.5 0 48 42
0 46 64 0
0 45 64 127
0.5 149 36 36
0.5 240 36 0
0.5 0 36 45
0.5 240 36 0
0.5 0 48 0
0.5 0 42 0
0.5 0 42 40
0.5 0 48 45
0 127 64 0
0 49 64 127
0.5 4 37 53
0.5 60 48 0
0.5 0 42 0
0.5 0 54 56
0.5 480 54 0
0.5 0 53 52
0 445 64 0
0.5 35 53 0
0.5 0 51 56
0 14 64 127
0.5 466 51 0
0.5 0 49 51
0 296 64 0
0.5 64 37 47
0 14 64 127
0.5 46 49 0
0.5 60 37 0
0.5 0 58 66
0.5 480 58 0
0.5 0 56 57
0.5 360 56 0
0.5 0 54 53
0 14 64 0
0 99 64 127
0.5 7 54 0
0.5 0 54 59
0.5 240 54 0
0.5 0 53 53
0.5 240 53 0
0.5 0 51 57
0.5 240 51 0
0.5 0 53 52
0 49 64 0
0 117 64 127
0.5 14 53 0
0.5 0 37 0
0.5 0 37 47
0.5 60 54 56
0.5 480 54 0
0.5 0 49 52
0.5 240 49 0
0.5 0 50 47
0 205 64 0
0.5 35 50 0
0.5 0 51 56
0 14 64 127
0.5 226 51 0
0.5 0 48 48
0.5 240 48 0
0.5 0 49 51
0 296 64 0
0.5 64 37 47
0 14 64 127
0.5 106 49 0
0.5 0 37 0
0.5 0 58 66
0.5 480 58 0
0.5 0 56 57
0.5 360 56 0
0.5 0 54 53
0 14 64 0
0 99 64 127
0.5 7 54 0
0.5 0 54 59
0.5 240 54 0
0.5 0 53 53
0.5 240 53 0
0.5 0 51 57
0.5 240 51 0
0.5 0 53 52
0 49 64 0
0.5 131 37 0
0.5 60 53 0
0.5 0 42 48
0.5 0 49 55
0 46 64 127
0 614 64 0
0.5 60 49 0
0.5 0 42 0
0.5 0 36 47
0.5 180 36 0
0.5 60 37 53
0.5 180 37 0
0.5 60 42 48
0.5 180 42 0
0.5 60 46 51
0.5 180 46 0
0.5 60 49 48
0.5 180 49 0
0.5 60 51 51
0 46 64 127
0 614 64 0
0.5 60 51 0
0.5 0 48 41
0.5 180 48 0
0.5 60 49 47
0.5 180 49 0
0.5 60 54 40
0.5 180 54 0
0.5 60 58 42
0.5 180 58 0
0.5 60 61 39
0.5 180 61 0
0.5 60 63 41
0 14 64 127
0 890 64 0
0.5 56 63 0
0.5 0 58 39
0 28 64 127
0.5 932 58 0
0 0 64 0
0.5 0 63 39
0 85 64 127
0 819 64 0
0.5 56 63 0
0 0 64 127
0.5 0 58 35
0.5 960 58 0
0.5 0 66 28
0 1736 64 0
0.5 184 66 0
1 0 0 0
