0 0 7 100
0.5 0 57 48
0.5 0 64 55
0 0 91 127
0.5 360 64 0
0.5 0 65 51
0.5 120 65 0
0.5 0 69 55
0.5 160 69 0
0.5 0 67 51
0.5 160 67 0
0.5 0 65 51
0.5 160 65 0
0.5 0 64 53
0.5 240 64 0
0.5 0 65 52
0.5 240 65 0
0.5 0 57 0
0.5 0 62 52
0.5 0 57 48
0.5 360 62 0
0.5 120 69 58
0.5 960 69 0
0.5 0 57 0
0.5 0 55 48
0.5 0 62 55
0.5 360 62 0
0.5 0 64 50
0.5 120 64 0
0.5 0 67 55
0.5 160 67 0
0.5 0 65 51
0.5 160 65 0
0.5 0 64 51
0.5 160 64 0
0.5 0 62 55
0.5 240 62 0
0.5 0 64 52
0.5 240 64 0
0.5 0 55 0
0.5 0 62 51
0.5 0 64 55
0.5 240 62 0
0.5 0 61 44
0.5 240 61 0
0.5 0 59 47
0.5 240 59 0
0.5 0 61 42
0.5 240 61 0
0.5 0 59 47
0.5 240 59 0
0.5 0 57 42
0.5 240 57 0
0.5 0 64 0
0.5 0 57 48
0.5 0 64 55
0.5 360 64 0
0.5 0 65 51
0.5 120 65 0
0.5 0 69 55
0.5 160 69 0
0.5 0 67 51
0.5 160 67 0
0.5 0 65 51
0.5 160 65 0
0.5 0 64 53
0.5 240 64 0
0.5 0 65 52
0.5 240 65 0
0.5 0 57 0
0.5 0 57 48
0.5 0 62 52
0.5 360 62 0
0.5 120 69 57
0.5 960 69 0
0.5 0 57 0
0.5 0 69 57
0.5 0 62 50
0.5 360 69 0
0.5 0 71 52
0.5 120 71 0
0.5 0 74 57
0.5 160 74 0
0.5 0 72 53
0.5 160 72 0
0.5 0 71 53
0.5 160 71 0
0.5 0 69 57
0.5 240 69 0
0.5 0 71 55
0.5 240 71 0
0.5 0 67 57
0.5 240 67 0
0.5 0 69 51
0.5 240 69 0
0.5 0 62 0
0.5 0 60 47
0.5 0 67 59
0.5 240 67 0
0.5 0 69 53
0.5 240 69 0
0.5 0 71 59
0.5 240 71 0
0.5 0 72 55
0.5 240 72 0
0.5 0 60 0
0.5 0 65 57
0.5 0 59 50
0.5 360 65 0
0.5 0 67 52
0.5 120 67 0
0.5 0 71 57
0.5 160 71 0
0.5 0 69 53
0.5 160 69 0
0.5 0 67 53
0.5 160 67 0
0.5 0 59 0
0.5 0 65 57
0.5 0 59 48
0.5 240 65 0
0.5 0 67 55
0.5 240 67 0
0.5 0 59 0
0.5 0 59 50
0.5 0 64 57
0.5 960 59 0
0.5 480 64 0
0.5 480 69 47
0.5 0 74 62
0.5 480 74 0
0.5 0 81 66
0.5 960 81 0
0.5 0 72 60
0.5 480 72 0
0.5 0 69 0
0.5 0 67 47
0.5 0 79 62
0.5 480 79 0
0.5 0 67 0
0.5 480 77 62
0.5 0 71 48
0.5 480 71 0
0.5 0 77 0
0.5 0 67 46
0.5 0 79 60
0.5 460 79 0
0.5 0 67 0
0.5 20 67 48
0.5 0 79 62
0.5 480 79 0
0.5 0 67 0
0.5 0 72 57
0.5 480 72 0
0.5 480 53 69
0.5 360 53 0
0.5 0 55 63
0.5 120 58 69
0.5 10 55 0
0.5 150 56 64
0.5 10 58 0
0.5 150 55 64
0.5 10 56 0
0.5 150 53 69
0.5 10 55 0
0.5 230 55 66
0.5 10 53 0
0.5 230 55 0
0.5 0 75 72
0.5 0 68 59
0.5 360 75 0
0.5 0 77 66
0.5 120 77 0
0.5 0 80 71
0.5 160 80 0
0.5 0 79 69
0.5 160 79 0
0.5 0 77 69
0.5 160 77 0
0.5 0 75 71
0.5 240 75 0
0.5 0 77 70
0.5 240 77 0
0.5 0 68 0
0.5 0 67 55
0.5 0 73 71
0.5 360 73 0
0.5 0 75 66
0.5 120 75 0
0.5 0 79 71
0.5 160 79 0
0.5 0 77 69
0.5 160 77 0
0.5 0 75 69
0.5 160 75 0
0.5 0 73 71
0.5 240 73 0
0.5 0 75 70
0.5 240 75 0
0.5 0 67 0
0.5 0 63 55
0.5 0 60 55
0.5 0 72 61
0.5 1440 72 0
0.5 0 60 0
0.5 0 63 0
0.5 0 60 55
0.5 0 64 55
0.5 0 72 61
0.5 1440 72 0
0.5 0 64 0
0.5 0 60 0
0.5 0 68 66
0.5 0 65 51
0.5 0 60 51
0.5 240 68 0
0.5 0 70 61
0.5 240 70 0
0.5 0 68 66
0.5 240 68 0
0.5 0 70 62
0.5 240 70 0
0.5 0 72 66
0.5 240 72 0
0.5 0 73 62
0.5 240 73 0
0.5 0 60 0
0.5 0 65 0
0.5 0 70 72
0.5 0 65 51
0.5 240 70 0
0.5 0 72 63
0.5 240 72 0
0.5 0 70 70
0.5 240 70 0
0.5 0 72 66
0.5 240 72 0
0.5 0 73 64
0.5 160 73 0
0.5 0 75 70
0.5 160 75 0
0.5 0 77 73
0.5 160 77 0
0.5 0 65 0
0.5 0 79 78
0.5 0 65 59
0.5 0 70 58
0.5 480 65 0
0.5 0 64 59
0.5 960 64 0
0.5 0 70 0
0.5 0 79 0
0.5 0 69 68
0.5 0 76 83
0.5 360 76 0
0.5 0 77 77
0.5 120 77 0
0.5 0 81 73
0.5 160 81 0
0.5 0 79 74
0.5 160 79 0
0.5 0 77 73
0.5 160 77 0
0.5 0 76 77
0.5 240 76 0
0.5 0 77 75
0.5 240 77 0
0.5 0 74 78
0.5 460 74 0
0.5 0 69 0
0.5 20 69 63
0.5 0 81 84
0.5 960 81 0
0.5 0 69 0
0.5 0 74 84
0.5 0 67 68
0.5 360 74 0
0.5 0 76 73
0.5 120 76 0
0.5 0 79 73
0.5 160 79 0
0.5 0 77 73
0.5 160 77 0
0.5 0 76 72
0.5 160 76 0
0.5 0 67 0
0.5 0 67 62
0.5 0 74 78
0.5 240 74 0
0.5 0 76 74
0.5 240 76 0
0.5 0 67 0
0.5 0 74 77
0.5 0 67 68
0.5 0 76 71
0.5 240 74 0
0.5 0 73 64
0.5 240 73 0
0.5 0 71 69
0.5 240 71 0
0.5 0 73 62
0.5 240 73 0
0.5 0 76 0
0.5 0 67 0
0.5 0 71 69
0.5 240 71 0
0.5 0 69 62
0.5 240 69 0
0.5 0 76 84
0.5 0 69 68
0.5 360 76 0
0.5 0 77 77
0.5 120 77 0
0.5 0 81 75
0.5 160 81 0
0.5 0 79 73
0.5 160 79 0
0.5 0 77 72
0.5 160 77 0
0.5 0 76 75
0.5 240 76 0
0.5 0 77 74
0.5 240 77 0
0.5 0 74 78
0.5 450 74 0
0.5 30 69 0
0.5 0 69 73
0.5 0 81 80
0.5 960 81 0
0.5 0 69 0
0.5 0 65 57
0.5 0 74 71
0.5 0 67 57
0.5 360 74 0
0.5 0 76 62
0.5 120 76 0
0.5 0 79 67
0.5 160 79 0
0.5 0 77 62
0.5 160 77 0
0.5 0 76 60
0.5 160 76 0
0.5 0 74 62
0.5 240 74 0
0.5 0 76 58
0.5 240 76 0
0.5 0 67 0
0.5 0 65 0
0.5 0 72 57
0.5 0 69 47
0.5 0 65 47
0.5 240 72 0
0.5 0 74 51
0.5 240 74 0
0.5 0 72 59
0.5 240 72 0
0.5 0 74 53
0.5 240 74 0
0.5 0 76 59
0.5 240 76 0
0.5 0 77 55
0.5 240 77 0
0.5 0 65 0
0.5 0 69 0
0.5 0 64 50
0.5 0 70 57
0.5 360 70 0
0.5 0 72 52
0.5 120 72 0
0.5 0 76 57
0.5 160 76 0
0.5 0 74 53
0.5 160 74 0
0.5 0 72 53
0.5 160 72 0
0.5 0 70 57
0.5 240 70 0
0.5 0 72 55
0.5 240 72 0
0.5 0 64 0
0.5 0 63 42
0.5 0 69 48
0.5 1440 69 0
0.5 0 63 0
0.5 0 62 55
0.5 0 69 52
0.5 360 62 0
0.5 0 64 53
0.5 120 64 0
0.5 0 69 0
0.5 0 67 57
0.5 160 65 53
0.5 160 65 0
0.5 0 64 50
0.5 160 64 0
0.5 0 67 0
0.5 0 74 60
0.5 480 57 47
0.5 0 65 47
0.5 480 74 0
0.5 0 65 60
0.5 480 65 0
0.5 0 72 60
0.5 480 65 0
0.5 0 57 0
0.5 480 72 0
0.5 0 70 60
0.5 480 70 0
0.5 0 64 60
0.5 0 72 60
0.5 480 72 0
0.5 0 64 0
0.5 0 72 48
0.5 0 65 42
0.5 1440 65 0
0.5 0 72 0
0.5 0 79 57
0.5 360 79 0
0.5 0 81 52
0.5 120 81 0
0.5 0 84 57
0.5 160 84 0
0.5 0 82 53
0.5 160 82 0
0.5 0 81 53
0.5 160 81 0
0.5 0 79 57
0.5 240 79 0
0.5 0 81 55
0.5 240 81 0
0.5 0 77 57
0.5 240 77 0
0.5 0 79 51
0.5 240 79 0
0.5 0 77 59
0.5 240 77 0
0.5 0 79 53
0.5 240 79 0
0.5 0 81 59
0.5 240 81 0
0.5 0 82 55
0.5 240 82 0
0.5 0 74 57
0.5 360 74 0
0.5 0 76 52
0.5 120 76 0
0.5 0 79 57
0.5 160 79 0
0.5 0 77 53
0.5 160 77 0
0.5 0 76 53
0.5 160 76 0
0.5 0 74 57
0.5 240 74 0
0.5 0 76 55
0.5 240 76 0
0.5 0 77 57
0.5 0 72 57
0.5 1440 72 0
0.5 0 77 0
0.5 0 70 50
0.5 0 65 50
0.5 0 77 57
0.5 1440 77 0
0.5 0 65 0
0.5 0 70 0
0.5 0 84 57
0.5 0 72 50
0.5 0 77 50
0.5 1440 77 0
0.5 0 72 0
0.5 0 84 0
0.5 0 77 49
0.5 0 89 56
0.5 0 82 49
0.5 1440 82 0
0.5 0 89 0
0.5 0 77 0
0.5 0 96 55
0.5 0 89 49
0.5 0 84 49
0.5 1920 84 0
0.5 0 89 0
0.5 0 96 0
0.5 2880 58 45
0.5 0 63 50
0.5 480 63 0
0.5 0 58 0
0.5 0 60 48
0.5 0 65 53
0.5 480 65 0
0.5 0 60 0
0.5 0 61 50
0.5 0 65 57
0.5 480 65 0
0.5 0 61 0
0.5 0 58 44
0.5 0 68 49
0.5 480 68 0
0.5 0 58 0
0.5 0 61 42
0.5 0 65 48
0.5 480 65 0
0.5 0 61 0
0.5 480 58 45
0.5 0 63 50
0.5 480 63 0
0.5 0 58 0
0.5 0 60 48
0.5 0 65 53
0.5 480 65 0
0.5 0 60 0
0.5 0 61 50
0.5 0 65 57
0.5 480 65 0
0.5 0 61 0
0.5 0 58 44
0.5 0 68 49
0.5 480 68 0
0.5 0 58 0
0.5 0 65 42
0.5 0 70 48
0.5 480 70 0
0.5 0 65 0
0.5 480 63 49
0.5 0 68 55
0.5 480 68 0
0.5 0 63 0
0.5 0 65 52
0.5 0 70 58
0.5 480 70 0
0.5 0 65 0
0.5 0 66 55
0.5 0 70 62
0.5 480 70 0
0.5 0 66 0
0.5 0 63 48
0.5 0 73 53
0.5 480 73 0
0.5 0 63 0
0.5 0 66 46
0.5 0 70 52
0.5 480 70 0
0.5 0 66 0
0.5 0 63 49
0.5 0 68 55
0.5 480 68 0
0.5 0 63 0
0.5 0 58 42
0.5 0 65 48
0.5 480 65 0
0.5 0 58 0
0.5 0 63 48
0.5 0 68 55
0.5 480 68 0
0.5 0 63 0
0.5 0 61 44
0.5 0 65 49
0.5 480 65 0
0.5 0 61 0
0.5 0 58 47
0.5 0 66 52
0.5 480 66 0
0.5 0 58 0
0.5 0 60 42
0.5 0 63 48
0.5 480 63 0
0.5 0 60 0
0.5 480 58 50
0.5 240 63 39
0.5 240 63 0
0.5 0 58 0
0.5 0 60 53
0.5 240 65 41
0.5 240 65 0
0.5 0 60 0
0.5 0 61 55
0.5 240 65 42
0.5 240 65 0
0.5 0 58 49
0.5 240 58 0
0.5 0 68 37
0.5 240 68 0
0.5 0 61 0
0.5 0 61 47
0.5 240 65 35
0.5 240 65 0
0.5 0 61 0
0.5 480 58 45
0.5 240 63 35
0.5 240 63 0
0.5 0 58 0
0.5 0 60 48
0.5 240 65 37
0.5 240 65 0
0.5 0 60 0
0.5 0 61 49
0.5 240 65 38
0.5 240 65 0
0.5 0 58 44
0.5 240 58 0
0.5 0 68 33
0.5 240 68 0
0.5 0 61 0
0.5 0 65 41
0.5 240 70 30
0.5 240 70 0
0.5 0 65 0
0.5 480 62 49
0.5 0 67 55
0.5 480 67 0
0.5 0 62 0
0.5 0 64 52
0.5 0 69 58
0.5 480 69 0
0.5 0 64 0
0.5 0 65 55
0.5 0 69 62
0.5 480 69 0
0.5 0 65 0
0.5 0 65 48
0.5 0 72 53
0.5 480 72 0
0.5 0 65 0
0.5 0 65 46
0.5 0 69 52
0.5 480 69 0
0.5 0 65 0
0.5 480 62 55
0.5 240 67 44
0.5 240 67 0
0.5 0 62 0
0.5 0 64 57
0.5 240 69 45
0.5 240 69 0
0.5 0 64 0
0.5 0 65 60
0.5 240 69 47
0.5 240 69 0
0.5 0 65 0
0.5 0 65 57
0.5 240 72 45
0.5 240 72 0
0.5 0 65 0
0.5 0 69 53
0.5 240 74 42
0.5 240 74 0
0.5 0 69 0
0.5 480 84 51
0.5 0 79 45
0.5 480 79 0
0.5 0 84 0
0.5 0 74 39
0.5 0 81 44
0.5 480 81 0
0.5 0 74 0
0.5 0 84 51
0.5 0 79 45
0.5 480 79 0
0.5 0 84 0
0.5 0 77 39
0.5 0 81 44
0.5 480 81 0
0.5 0 77 0
0.5 0 74 45
0.5 0 82 51
0.5 480 82 0
0.5 0 74 0
0.5 0 76 37
0.5 0 79 41
0.5 480 79 0
0.5 0 76 0
0.5 0 72 51
0.5 0 67 45
0.5 480 67 0
0.5 0 72 0
0.5 0 62 39
0.5 0 69 44
0.5 480 69 0
0.5 0 62 0
0.5 0 72 51
0.5 0 67 45
0.5 480 67 0
0.5 0 72 0
0.5 0 65 39
0.5 0 69 44
0.5 480 69 0
0.5 0 65 0
0.5 0 62 45
0.5 0 70 51
0.5 480 70 0
0.5 0 62 0
0.5 0 64 37
0.5 0 67 41
0.5 480 67 0
0.5 0 64 0
0.5 0 60 48
0.5 0 69 51
0.5 960 69 0
0.5 0 60 0
0.5 0 62 40
0.5 0 65 44
0.5 480 65 0
0.5 0 62 0
0.5 0 58 48
0.5 0 67 51
0.5 960 67 0
0.5 0 58 0
0.5 0 58 40
0.5 0 67 44
0.5 480 62 42
0.5 480 64 42
0.5 20 62 0
0.5 460 58 0
0.5 0 67 0
0.5 0 65 45
0.5 20 64 0
0.5 460 64 39
0.5 20 65 0
0.5 220 62 30
0.5 20 64 0
0.5 220 64 33
0.5 20 62 0
0.5 460 64 0
0.5 0 57 48
0.5 0 64 55
0.5 360 64 0
0.5 0 65 51
0.5 120 65 0
0.5 0 69 55
0.5 160 69 0
0.5 0 67 51
0.5 160 67 0
0.5 0 65 51
0.5 160 65 0
0.5 0 64 53
0.5 240 64 0
0.5 0 65 52
0.5 240 65 0
0.5 0 57 0
0.5 0 57 48
0.5 0 62 52
0.5 360 62 0
0.5 120 69 58
0.5 960 69 0
0.5 0 57 0
0.5 0 55 48
0.5 0 62 55
0.5 360 62 0
0.5 0 64 50
0.5 120 64 0
0.5 0 67 55
0.5 160 67 0
0.5 0 65 51
0.5 160 65 0
0.5 0 64 51
0.5 160 64 0
0.5 0 62 55
0.5 240 62 0
0.5 0 64 52
0.5 240 64 0
0.5 0 55 0
0.5 0 62 51
0.5 0 64 55
0.5 240 62 0
0.5 0 61 44
0.5 240 61 0
0.5 0 59 47
0.5 240 59 0
0.5 0 61 42
0.5 240 61 0
0.5 0 59 47
0.5 240 59 0
0.5 0 57 42
0.5 240 57 0
0.5 0 64 0
0.5 0 57 48
0.5 0 64 55
0.5 360 64 0
0.5 0 65 51
0.5 120 65 0
0.5 0 69 55
0.5 160 69 0
0.5 0 67 51
0.5 160 67 0
0.5 0 65 51
0.5 160 65 0
0.5 0 64 53
0.5 240 64 0
0.5 0 65 52
0.5 240 65 0
0.5 0 57 0
0.5 0 57 48
0.5 0 62 52
0.5 360 62 0
0.5 120 69 57
0.5 960 69 0
0.5 0 57 0
0.5 0 62 50
0.5 0 69 57
0.5 360 69 0
0.5 0 71 52
0.5 120 71 0
0.5 0 74 57
0.5 160 74 0
0.5 0 72 53
0.5 160 72 0
0.5 0 71 53
0.5 160 71 0
0.5 0 69 57
0.5 240 69 0
0.5 0 71 55
0.5 240 71 0
0.5 0 67 57
0.5 240 67 0
0.5 0 69 51
0.5 240 69 0
0.5 0 62 0
0.5 0 60 47
0.5 0 67 59
0.5 240 67 0
0.5 0 69 53
0.5 240 69 0
0.5 0 71 59
0.5 240 71 0
0.5 0 72 55
0.5 240 72 0
0.5 0 60 0
0.5 0 59 50
0.5 0 65 57
0.5 360 65 0
0.5 0 67 52
0.5 120 67 0
0.5 0 71 57
0.5 160 71 0
0.5 0 69 53
0.5 160 69 0
0.5 0 67 53
0.5 160 67 0
0.5 0 59 0
0.5 0 59 48
0.5 0 65 57
0.5 240 65 0
0.5 0 67 55
0.5 240 67 0
0.5 0 59 0
0.5 0 59 50
0.5 0 64 57
0.5 960 59 0
0.5 480 64 0
0.5 480 69 47
0.5 0 74 62
0.5 480 74 0
0.5 0 81 67
0.5 960 81 0
0.5 0 72 60
0.5 480 72 0
0.5 0 69 0
0.5 0 67 47
0.5 0 79 62
0.5 480 79 0
0.5 0 67 0
0.5 480 71 48
0.5 0 77 62
0.5 480 77 0
0.5 0 71 0
0.5 0 67 46
0.5 0 79 60
0.5 460 79 0
0.5 0 67 0
0.5 20 67 48
0.5 0 79 62
0.5 480 79 0
0.5 0 67 0
0.5 0 72 57
0.5 480 72 0
0.5 480 53 69
0.5 360 53 0
0.5 0 55 63
0.5 120 58 69
0.5 10 55 0
0.5 150 56 64
0.5 10 58 0
0.5 150 55 64
0.5 10 56 0
0.5 150 53 69
0.5 10 55 0
0.5 230 55 66
0.5 10 53 0
0.5 230 55 0
0.5 0 68 59
0.5 0 75 72
0.5 360 75 0
0.5 0 77 66
0.5 120 77 0
0.5 0 80 71
0.5 160 80 0
0.5 0 79 69
0.5 160 79 0
0.5 0 77 69
0.5 160 77 0
0.5 0 75 71
0.5 240 75 0
0.5 0 77 70
0.5 240 77 0
0.5 0 68 0
0.5 0 67 55
0.5 0 73 71
0.5 360 73 0
0.5 0 75 66
0.5 120 75 0
0.5 0 79 71
0.5 160 79 0
0.5 0 77 69
0.5 160 77 0
0.5 0 75 69
0.5 160 75 0
0.5 0 73 71
0.5 240 73 0
0.5 0 75 70
0.5 240 75 0
0.5 0 67 0
0.5 0 60 55
0.5 0 63 55
0.5 0 72 61
0.5 1440 72 0
0.5 0 63 0
0.5 0 60 0
0.5 0 60 55
0.5 0 64 55
0.5 0 72 61
0.5 1440 72 0
0.5 0 64 0
0.5 0 60 0
0.5 0 60 51
0.5 0 65 51
0.5 0 68 66
0.5 240 68 0
0.5 0 70 61
0.5 240 70 0
0.5 0 68 66
0.5 240 68 0
0.5 0 70 62
0.5 240 70 0
0.5 0 72 66
0.5 240 72 0
0.5 0 73 62
0.5 240 73 0
0.5 0 65 0
0.5 0 60 0
0.5 0 65 51
0.5 0 70 72
0.5 240 70 0
0.5 0 72 63
0.5 240 72 0
0.5 0 70 70
0.5 240 70 0
0.5 0 72 66
0.5 240 72 0
0.5 0 73 64
0.5 160 73 0
0.5 0 75 70
0.5 160 75 0
0.5 0 77 73
0.5 160 77 0
0.5 0 65 0
0.5 0 65 59
0.5 0 70 58
0.5 0 79 78
0.5 480 65 0
0.5 0 64 59
0.5 960 64 0
0.5 0 79 0
0.5 0 70 0
0.5 0 69 68
0.5 0 76 83
0.5 360 76 0
0.5 0 77 77
0.5 120 77 0
0.5 0 81 73
0.5 160 81 0
0.5 0 79 74
0.5 160 79 0
0.5 0 77 73
0.5 160 77 0
0.5 0 76 77
0.5 240 76 0
0.5 0 77 75
0.5 240 77 0
0.5 0 74 78
0.5 460 74 0
0.5 0 69 0
0.5 20 69 63
0.5 0 81 84
0.5 960 81 0
0.5 0 69 0
0.5 0 67 68
0.5 0 74 84
0.5 360 74 0
0.5 0 76 73
0.5 120 76 0
0.5 0 79 73
0.5 160 79 0
0.5 0 77 73
0.5 160 77 0
0.5 0 76 72
0.5 160 76 0
0.5 0 67 0
0.5 0 67 62
0.5 0 74 78
0.5 240 74 0
0.5 0 76 74
0.5 240 76 0
0.5 0 67 0
0.5 0 67 68
0.5 0 74 77
0.5 0 76 71
0.5 240 74 0
0.5 0 73 64
0.5 240 73 0
0.5 0 71 69
0.5 240 71 0
0.5 0 73 62
0.5 240 73 0
0.5 0 76 0
0.5 0 67 0
0.5 0 71 69
0.5 240 71 0
0.5 0 69 62
0.5 240 69 0
0.5 0 69 68
0.5 0 76 84
0.5 360 76 0
0.5 0 77 77
0.5 120 77 0
0.5 0 81 75
0.5 160 81 0
0.5 0 79 73
0.5 160 79 0
0.5 0 77 72
0.5 160 77 0
0.5 0 76 75
0.5 240 76 0
0.5 0 77 74
0.5 240 77 0
0.5 0 74 78
0.5 450 74 0
0.5 30 69 0
0.5 0 69 73
0.5 0 81 80
0.5 960 81 0
0.5 0 69 0
0.5 0 65 57
0.5 0 67 57
0.5 0 74 71
0.5 360 74 0
0.5 0 76 62
0.5 120 76 0
0.5 0 79 67
0.5 160 79 0
0.5 0 77 62
0.5 160 77 0
0.5 0 76 60
0.5 160 76 0
0.5 0 74 62
0.5 240 74 0
0.5 0 76 58
0.5 240 76 0
0.5 0 67 0
0.5 0 65 0
0.5 0 69 47
0.5 0 65 47
0.5 0 72 57
0.5 240 72 0
0.5 0 74 51
0.5 240 74 0
0.5 0 72 59
0.5 240 72 0
0.5 0 74 53
0.5 240 74 0
0.5 0 76 59
0.5 240 76 0
0.5 0 77 55
0.5 240 77 0
0.5 0 65 0
0.5 0 69 0
0.5 0 64 50
0.5 0 70 57
0.5 360 70 0
0.5 0 72 52
0.5 120 72 0
0.5 0 76 57
0.5 160 76 0
0.5 0 74 53
0.5 160 74 0
0.5 0 72 53
0.5 160 72 0
0.5 0 70 57
0.5 240 70 0
0.5 0 72 55
0.5 240 72 0
0.5 0 64 0
0.5 0 63 42
0.5 0 69 48
0.5 1440 69 0
0.5 0 63 0
0.5 0 69 52
0.5 0 62 55
0.5 360 62 0
0.5 0 64 53
0.5 120 64 0
0.5 0 69 0
0.5 0 67 57
0.5 160 65 53
0.5 160 65 0
0.5 0 64 50
0.5 160 64 0
0.5 0 67 0
0.5 0 74 60
0.5 480 57 47
0.5 0 65 47
0.5 480 74 0
0.5 0 65 60
0.5 480 65 0
0.5 0 72 60
0.5 480 65 0
0.5 0 57 0
0.5 480 72 0
0.5 0 70 60
0.5 480 70 0
0.5 0 64 60
0.5 0 72 60
0.5 480 72 0
0.5 0 64 0
0.5 0 65 42
0.5 0 72 48
0.5 1440 72 0
0.5 0 65 0
0.5 0 79 57
0.5 360 79 0
0.5 0 81 52
0.5 120 81 0
0.5 0 84 57
0.5 160 84 0
0.5 0 82 53
0.5 160 82 0
0.5 0 81 53
0.5 160 81 0
0.5 0 79 57
0.5 240 79 0
0.5 0 81 55
0.5 240 81 0
0.5 0 77 57
0.5 240 77 0
0.5 0 79 51
0.5 240 79 0
0.5 0 77 59
0.5 240 77 0
0.5 0 79 53
0.5 240 79 0
0.5 0 81 59
0.5 240 81 0
0.5 0 82 55
0.5 240 82 0
0.5 0 74 57
0.5 360 74 0
0.5 0 76 52
0.5 120 76 0
0.5 0 79 57
0.5 160 79 0
0.5 0 77 53
0.5 160 77 0
0.5 0 76 53
0.5 160 76 0
0.5 0 74 57
0.5 240 74 0
0.5 0 76 55
0.5 240 76 0
0.5 0 72 57
0.5 0 77 57
0.5 1440 77 0
0.5 0 72 0
0.5 0 65 50
0.5 0 70 50
0.5 0 77 57
0.5 1440 77 0
0.5 0 70 0
0.5 0 65 0
0.5 0 84 57
0.5 0 72 50
0.5 0 77 50
0.5 1440 77 0
0.5 0 72 0
0.5 0 84 0
0.5 0 89 56
0.5 0 82 49
0.5 0 77 49
0.5 1440 77 0
0.5 0 82 0
0.5 0 89 0
0.5 0 96 55
0.5 0 89 49
0.5 0 84 49
0.5 1920 84 0
0.5 0 89 0
0.5 0 96 0
1 0 0 0
0 0 7 100
0 0 64 127
0.5 0 48 48
0.5 0 41 44
0 762 64 0
0.5 198 48 0
0.5 0 49 45
0 78 64 127
0 310 64 0
0.5 92 49 0
0.5 0 41 0
0.5 0 50 48
0.5 0 41 44
0 91 64 127
0.5 869 50 0
0.5 0 49 39
0 91 64 0
0.5 389 49 0
0.5 0 41 0
0.5 0 50 48
0.5 0 46 44
0 42 64 127
0.5 438 50 0
0.5 0 52 48
0 416 64 0
0 71 64 127
0 367 64 0
0.5 106 46 0
0.5 0 45 44
0 23 64 127
0.5 457 52 0
0.5 0 55 45
0.5 480 55 0
0.5 0 45 0
0.5 0 45 45
0 171 64 0
0.5 309 45 0
0 0 64 127
0.5 0 48 48
0.5 0 41 44
0 762 64 0
0.5 198 48 0
0.5 0 49 45
0 78 64 127
0 310 64 0
0.5 92 49 0
0.5 0 41 0
0.5 0 50 48
0.5 0 41 44
0 91 64 127
0.5 869 50 0
0.5 0 52 39
0 91 64 0
0.5 389 52 0
0.5 0 41 0
0.5 0 53 47
0 42 64 127
0.5 438 53 0
0.5 0 55 53
0 416 64 0
0.5 64 55 0
0.5 0 53 50
0 7 64 127
0 367 64 0
0.5 106 53 0
0.5 0 52 44
0 23 64 127
0 397 64 0
0.5 60 52 0
0.5 0 57 51
0 23 64 127
0.5 457 57 0
0.5 0 55 47
0 354 64 0
0.5 126 55 0
0.5 0 50 47
0 42 64 127
0.5 438 50 0
0.5 0 55 53
0 416 64 0
0.5 64 55 0
0.5 0 50 47
0 7 64 127
0 367 64 0
0.5 106 56 50
0 293 64 127
0.5 187 50 0
0.5 0 50 47
0 267 64 0
0.5 213 50 0
0.5 0 56 0
0.5 0 48 38
0.5 0 57 45
0 133 64 127
0 134 64 0
0.5 213 57 0
0.5 0 48 0
0.5 0 53 45
0.5 0 57 57
0 29 64 127
0.5 331 57 0
0.5 0 59 53
0 109 64 0
0.5 11 59 0
0.5 0 62 56
0 29 64 127
0.5 131 62 0
0.5 0 60 55
0.5 160 60 0
0.5 0 59 55
0.5 160 59 0
0.5 0 57 57
0.5 240 57 0
0.5 0 59 56
0 143 64 0
0.5 97 59 0
0.5 0 53 0
0.5 0 52 41
0.5 0 55 55
0 69 64 127
0.5 171 55 0
0.5 0 57 52
0.5 240 57 0
0.5 0 55 59
0.5 240 55 0
0.5 0 57 55
0 160 64 0
0.5 80 57 0
0.5 0 59 59
0 23 64 127
0.5 217 59 0
0.5 0 60 51
0 149 64 0
0.5 91 60 0
0.5 0 52 0
0.5 0 50 45
0.5 0 53 57
0 35 64 127
0.5 325 53 0
0.5 0 55 53
0 92 64 0
0.5 28 55 0
0.5 0 59 59
0 11 64 127
0.5 149 59 0
0.5 0 57 57
0.5 160 57 0
0.5 0 55 57
0.5 160 55 0
0.5 0 50 0
0.5 0 43 42
0.5 0 53 59
0 25 64 0
0 24 64 127
0.5 191 53 0
0.5 0 55 58
0 162 64 0
0.5 78 55 0
0.5 0 43 0
0.5 0 48 45
0.5 0 53 53
0 85 64 127
0.5 155 53 0
0.5 0 52 51
0.5 240 52 0
0.5 0 50 55
0.5 240 50 0
0.5 0 52 51
0.5 240 52 0
0.5 0 48 0
0.5 0 50 47
0 14 64 0
0 113 64 127
0.5 113 50 0
0.5 0 48 41
0 85 64 0
0.5 155 48 0
0.5 0 41 57
0.5 360 41 0
0.5 0 43 53
0.5 120 46 56
0.5 10 43 0
0.5 150 44 55
0.5 10 46 0
0.5 150 43 55
0.5 10 44 0
0.5 150 41 57
0.5 10 43 0
0.5 230 43 56
0.5 10 41 0
0.5 230 43 0
0.5 0 39 55
0.5 0 51 59
0 92 64 127
0.5 388 51 0
0.5 0 39 0
0 0 64 0
0.5 0 48 55
0.5 0 60 59
0 71 64 127
0 833 64 0
0.5 56 60 0
0.5 0 48 0
0.5 0 46 55
0.5 0 58 59
0 7 64 127
0.5 473 58 0
0.5 0 46 0
0 0 64 0
0.5 0 39 55
0.5 0 51 59
0 42 64 127
0 798 64 0
0.5 120 51 0
0.5 0 39 0
0.5 0 44 52
0.5 0 51 59
0 42 64 127
0.5 198 51 0
0.5 0 53 55
0.5 240 53 0
0.5 0 51 56
0.5 240 51 0
0.5 0 53 58
0.5 240 53 0
0.5 0 55 61
0.5 240 55 0
0.5 0 56 63
0 14 64 0
0.5 166 56 0
0.5 0 43 64
0 11 64 127
0.5 49 44 0
0.5 0 58 63
0.5 360 43 0
0.5 0 44 61
0 49 64 0
0.5 71 44 0
0.5 0 58 0
0.5 0 48 64
0.5 160 46 62
0.5 10 48 0
0.5 150 44 62
0.5 10 46 0
0.5 150 43 64
0.5 10 44 0
0.5 230 44 63
0.5 10 43 0
0.5 230 44 0
0.5 0 41 59
0.5 0 53 66
0 14 64 127
0 847 64 0
0.5 99 53 0
0.5 0 41 0
0.5 0 39 51
0.5 0 51 57
0 42 64 127
0 311 64 0
0.5 127 51 0
0.5 0 39 0
0.5 0 37 53
0.5 0 49 60
0 56 64 127
0.5 424 49 0
0.5 0 37 0
0.5 0 43 57
0.5 0 55 63
0 416 64 0
0.5 64 55 0
0.5 0 43 0
0.5 0 37 51
0.5 0 49 58
0 49 64 127
0 346 64 0
0.5 85 49 0
0.5 0 37 0
0 0 64 127
0.5 0 36 50
0.5 0 48 57
0 427 64 0
0 160 64 127
0.5 373 48 0
0.5 0 36 0
0.5 0 60 57
0 187 64 0
0.5 293 60 0
0.5 0 29 60
0 0 64 127
0.5 0 41 68
0.5 480 60 66
0.5 0 48 59
0 282 64 0
0.5 198 48 0
0.5 0 60 0
0.5 0 61 63
0.5 0 49 56
0 78 64 127
0 310 64 0
0.5 92 49 0
0.5 0 61 0
0.5 0 62 68
0.5 0 50 68
0 91 64 127
0.5 389 41 0
0.5 0 29 0
0.5 480 29 53
0.5 0 41 60
0 91 64 0
0.5 389 41 0
0.5 0 50 0
0.5 0 62 0
0.5 0 29 0
0.5 0 34 68
0.5 0 46 68
0 42 64 127
0.5 438 64 68
0.5 0 52 61
0 416 64 0
0.5 64 46 0
0.5 0 34 0
0.5 0 34 53
0.5 0 46 60
0 7 64 127
0 367 64 0
0.5 106 46 0
0.5 0 52 0
0.5 0 64 0
0.5 0 34 0
0.5 0 33 55
0.5 0 45 62
0 23 64 127
0.5 457 57 67
0.5 480 45 0
0.5 0 33 0
0.5 0 33 56
0.5 0 45 63
0 171 64 0
0.5 309 45 0
0.5 0 33 0
0.5 0 57 0
0.5 0 29 60
0 0 64 127
0.5 0 41 68
0.5 480 48 59
0.5 0 60 66
0 282 64 0
0.5 198 60 0
0.5 0 48 0
0.5 0 61 63
0.5 0 49 56
0 78 64 127
0 310 64 0
0.5 92 49 0
0.5 0 61 0
0.5 0 62 68
0.5 0 50 62
0 91 64 127
0.5 869 50 0
0.5 0 62 0
0.5 0 65 63
0.5 0 53 55
0 91 64 0
0.5 389 53 0
0.5 0 29 0
0.5 0 41 0
0.5 0 65 0
0.5 0 46 53
0 42 64 127
0.5 438 46 0
0.5 0 58 60
0 416 64 0
0 71 64 127
0 367 64 0
0.5 106 58 0
0.5 0 60 44
0 23 64 127
0 397 64 0
0.5 60 60 0
0.5 0 48 51
0 23 64 127
0 811 64 0
0.5 126 48 0
0.5 0 55 47
0 42 64 127
0.5 438 55 0
0.5 0 48 53
0 416 64 0
0 71 64 127
0 367 64 0
0.5 106 48 0
0.5 0 54 42
0 293 64 127
0.5 187 54 0
0.5 0 48 39
0 267 64 0
0 346 64 127
0 134 64 0
0.5 213 48 0
0.5 0 46 53
0 42 64 127
0.5 438 46 0
0.5 0 58 60
0 416 64 0
0.5 64 62 53
0 7 64 127
0.5 233 62 0
0.5 0 64 50
0 134 64 0
0.5 106 64 0
0.5 0 58 0
0.5 0 60 53
0.5 0 57 44
0 23 64 127
0.5 217 60 0
0.5 0 62 48
0 180 64 0
0.5 60 62 0
0.5 0 60 56
0 23 64 127
0.5 217 60 0
0.5 0 62 50
0.5 240 62 0
0.5 0 64 56
0.5 240 64 0
0.5 0 65 51
0 114 64 0
0.5 126 65 0
0.5 0 57 0
0.5 0 58 53
0.5 0 55 47
0 42 64 127
0.5 318 58 0
0.5 0 60 49
0.5 120 60 0
0.5 0 64 53
0.5 160 64 0
0.5 0 62 50
0.5 160 62 0
0.5 0 60 50
0 96 64 0
0.5 64 60 0
0.5 0 55 0
0.5 0 58 49
0.5 0 48 47
0 7 64 127
0.5 233 58 0
0.5 0 60 47
0 134 64 0
0.5 106 60 0
0.5 0 48 0
0.5 0 58 46
0.5 0 53 46
0.5 240 58 0
0.5 0 57 41
0 53 64 127
0.5 187 57 0
0.5 0 55 45
0.5 240 55 0
0.5 0 57 40
0 141 64 0
0.5 99 57 0
0.5 0 53 0
0 0 64 127
0.5 0 55 40
0.5 240 55 0
0.5 0 53 40
0 27 64 0
0.5 213 53 0
0.5 0 75 47
0 42 64 127
0.5 438 65 42
0 416 64 0
0 71 64 127
0 367 64 0
0.5 106 75 0
0.5 0 75 44
0 23 64 127
0 397 64 0
0.5 60 75 0
0.5 0 74 51
0 23 64 127
0.5 457 65 0
0.5 0 65 42
0 354 64 0
0.5 126 74 0
0.5 0 70 47
0 42 64 127
0.5 438 65 0
0.5 0 65 42
0 416 64 0
0 71 64 127
0 367 64 0
0.5 106 70 0
0.5 0 70 48
0.5 240 70 0
0.5 0 69 42
0 53 64 127
0.5 187 69 0
0.5 0 67 46
0.5 240 67 0
0.5 0 69 41
0.5 240 69 0
0.5 0 65 0
0 0 64 0
0.5 0 67 41
0 133 64 127
0.5 107 67 0
0.5 0 65 38
0 27 64 0
0.5 213 65 0
0.5 0 63 44
0 120 64 127
0.5 120 63 0
0.5 0 62 39
0.5 240 62 0
0.5 0 60 42
0.5 240 60 0
0.5 0 62 38
0.5 240 62 0
0 0 64 0
0.5 0 60 38
0 133 64 127
0.5 107 60 0
0.5 0 58 35
0 27 64 0
0.5 213 58 0
0.5 0 58 44
0 60 64 127
0.5 180 58 0
0.5 0 57 39
0.5 240 57 0
0.5 0 55 41
0.5 240 55 0
0.5 0 57 37
0.5 240 57 0
0 0 64 0
0.5 0 55 37
0 133 64 127
0.5 107 55 0
0.5 0 53 34
0 27 64 0
0.5 213 53 0
0.5 0 51 41
0 60 64 127
0.5 180 51 0
0.5 0 50 37
0.5 240 50 0
0.5 0 48 40
0.5 240 48 0
0.5 0 50 36
0.5 240 50 0
0 0 64 0
0.5 0 48 36
0 133 64 127
0.5 107 48 0
0.5 0 46 33
0 27 64 0
0.5 213 46 0
0.5 0 46 40
0.5 240 46 0
0.5 0 45 36
0 53 64 127
0.5 187 45 0
0.5 0 43 39
0.5 240 43 0
0.5 0 45 35
0.5 240 45 0
0 0 64 0
0.5 0 43 35
0 133 64 127
0.5 107 43 0
0.5 0 41 31
0 27 64 0
0.5 213 41 0
0 0 64 127
0.5 0 41 34
0.5 480 41 0
0.5 0 29 20
0.5 240 29 0
0.5 240 29 19
0.5 240 29 0
0.5 240 29 19
0.5 240 29 0
0 113 64 0
0.5 1087 37 38
0 480 64 127
0.5 0 42 40
0.5 480 42 0
0.5 0 44 44
0 229 64 0
0.5 251 44 0
0 0 64 127
0.5 0 46 46
0.5 480 46 0
0.5 0 53 42
0.5 480 53 0
0 0 64 0
0.5 0 46 38
0.5 480 46 0
0.5 0 37 0
0.5 0 37 38
0 480 64 127
0.5 0 42 40
0.5 480 42 0
0.5 0 44 44
0 229 64 0
0.5 251 44 0
0 0 64 127
0.5 0 46 46
0.5 480 46 0
0.5 0 53 42
0.5 480 53 0
0 0 64 0
0.5 0 49 38
0.5 480 49 0
0.5 0 37 0
0.5 0 37 41
0 480 64 127
0.5 0 47 44
0.5 480 47 0
0.5 0 49 48
0 229 64 0
0.5 251 49 0
0 0 64 127
0.5 0 51 50
0.5 480 51 0
0.5 0 58 46
0.5 480 58 0
0 0 64 0
0.5 0 51 41
0.5 480 51 0
0.5 0 37 0
0.5 0 37 44
0.5 0 48 44
0 91 64 127
0.5 389 48 0
0.5 0 49 38
0.5 480 49 0
0.5 0 37 0
0.5 0 37 42
0.5 0 48 42
0 114 64 0
0 137 64 127
0.5 229 48 0
0.5 0 46 37
0 160 64 0
0.5 320 46 0
0.5 0 37 0
0.5 0 37 41
0.5 0 51 41
0 69 64 127
0.5 411 51 0
0.5 0 44 41
0 114 64 0
0.5 366 44 0
0.5 0 37 0
0.5 0 37 38
0 480 64 127
0.5 0 42 40
0.5 480 42 0
0.5 0 44 44
0 423 64 0
0.5 57 44 0
0 0 64 127
0.5 0 46 46
0.5 480 46 0
0.5 0 53 42
0.5 480 53 0
0.5 0 46 38
0 331 64 0
0.5 149 46 0
0.5 0 37 0
0.5 0 37 34
0 480 64 127
0.5 0 42 36
0.5 480 42 0
0.5 0 44 39
0 423 64 0
0.5 57 44 0
0 0 64 127
0.5 0 46 40
0.5 480 46 0
0.5 0 53 38
0.5 480 53 0
0.5 0 49 34
0 331 64 0
0.5 149 49 0
0.5 0 37 0
0.5 0 36 41
0 480 64 127
0.5 0 58 50
0.5 480 58 0
0.5 0 60 55
0 229 64 0
0.5 251 60 0
0 0 64 127
0.5 0 62 57
0.5 480 57 46
0.5 480 57 0
0.5 0 62 0
0 0 64 0
0.5 0 60 41
0.5 480 60 0
0.5 0 36 0
0.5 0 36 41
0 480 64 127
0.5 0 58 50
0.5 480 58 0
0.5 0 60 55
0 229 64 0
0.5 251 60 0
0 0 64 127
0.5 0 62 55
0.5 480 57 46
0.5 480 57 0
0.5 0 62 0
0.5 0 60 41
0 226 64 0
0.5 254 60 0
0.5 0 36 0
0.5 0 36 38
0.5 480 64 41
0 160 64 127
0.5 320 64 0
0.5 0 65 36
0.5 480 65 0
0 0 64 0
0.5 0 64 41
0 160 64 127
0.5 320 64 0
0.5 0 62 34
0 427 64 0
0.5 53 62 0
0.5 0 67 41
0 107 64 127
0.5 373 67 0
0.5 0 60 36
0 320 64 0
0.5 160 60 0
0.5 0 36 0
0.5 0 52 41
0 160 64 127
0.5 320 52 0
0.5 0 53 36
0.5 480 53 0
0 0 64 0
0.5 0 52 41
0 160 64 127
0.5 320 52 0
0.5 0 50 34
0 427 64 0
0.5 53 50 0
0.5 0 55 41
0 107 64 127
0.5 373 55 0
0.5 0 48 36
0 320 64 0
0.5 160 48 0
0.5 0 45 41
0 160 64 127
0.5 800 45 0
0.5 0 46 36
0 160 64 0
0.5 320 46 0
0.5 0 43 41
0 80 64 127
0 613 64 0
0.5 267 43 0
0.5 0 48 36
0.5 2400 48 0
0 480 64 127
0.5 0 48 48
0.5 0 41 44
0 762 64 0
0.5 198 48 0
0.5 0 49 45
0 78 64 127
0 310 64 0
0.5 92 49 0
0.5 0 41 0
0.5 0 50 48
0.5 0 41 44
0 91 64 127
0.5 869 50 0
0.5 0 49 39
0 91 64 0
0.5 389 49 0
0.5 0 41 0
0.5 0 50 48
0.5 0 46 44
0 42 64 127
0.5 438 50 0
0.5 0 52 48
0 416 64 0
0 71 64 127
0 367 64 0
0.5 106 46 0
0.5 0 45 44
0 23 64 127
0.5 457 52 0
0.5 0 55 45
0.5 480 55 0
0.5 0 45 0
0.5 0 45 45
0 171 64 0
0.5 309 45 0
0 0 64 127
0.5 0 48 48
0.5 0 41 44
0 762 64 0
0.5 198 48 0
0.5 0 49 45
0 78 64 127
0 310 64 0
0.5 92 49 0
0.5 0 41 0
0.5 0 50 48
0.5 0 41 44
0 91 64 127
0.5 869 50 0
0.5 0 52 39
0 91 64 0
0.5 389 52 0
0.5 0 41 0
0.5 0 53 47
0 42 64 127
0.5 438 53 0
0.5 0 55 53
0 416 64 0
0.5 64 55 0
0.5 0 53 50
0 7 64 127
0 367 64 0
0.5 106 53 0
0.5 0 52 44
0 23 64 127
0 397 64 0
0.5 60 52 0
0.5 0 57 51
0 23 64 127
0.5 457 57 0
0.5 0 55 47
0 354 64 0
0.5 126 55 0
0.5 0 50 47
0 42 64 127
0.5 438 50 0
0.5 0 55 53
0 416 64 0
0.5 64 55 0
0.5 0 50 47
0 7 64 127
0 367 64 0
0.5 106 56 50
0 293 64 127
0.5 187 50 0
0.5 0 50 47
0 267 64 0
0.5 213 50 0
0.5 0 56 0
0.5 0 48 38
0.5 0 57 45
0 133 64 127
0 134 64 0
0.5 213 57 0
0.5 0 48 0
0.5 0 53 45
0.5 0 57 57
0 29 64 127
0.5 331 57 0
0.5 0 59 53
0 109 64 0
0.5 11 59 0
0.5 0 62 56
0 29 64 127
0.5 131 62 0
0.5 0 60 55
0.5 160 60 0
0.5 0 59 55
0.5 160 59 0
0.5 0 57 57
0.5 240 57 0
0.5 0 59 56
0 143 64 0
0.5 97 59 0
0.5 0 53 0
0.5 0 52 41
0.5 0 55 55
0 69 64 127
0.5 171 55 0
0.5 0 57 52
0.5 240 57 0
0.5 0 55 59
0.5 240 55 0
0.5 0 57 55
0 160 64 0
0.5 80 57 0
0.5 0 59 59
0 23 64 127
0.5 217 59 0
0.5 0 60 51
0 149 64 0
0.5 91 60 0
0.5 0 52 0
0.5 0 50 45
0.5 0 53 57
0 35 64 127
0.5 325 53 0
0.5 0 55 53
0 92 64 0
0.5 28 55 0
0.5 0 59 59
0 11 64 127
0.5 149 59 0
0.5 0 57 57
0.5 160 57 0
0.5 0 55 57
0.5 160 55 0
0.5 0 50 0
0.5 0 43 42
0.5 0 53 59
0 25 64 0
0 24 64 127
0.5 191 53 0
0.5 0 55 58
0 162 64 0
0.5 78 55 0
0.5 0 43 0
0.5 0 48 45
0.5 0 53 53
0 85 64 127
0.5 155 53 0
0.5 0 52 51
0.5 240 52 0
0.5 0 50 55
0.5 240 50 0
0.5 0 52 51
0.5 240 52 0
0.5 0 48 0
0.5 0 50 47
0 14 64 0
0 113 64 127
0.5 113 50 0
0.5 0 48 41
0 85 64 0
0.5 155 48 0
0.5 0 41 57
0.5 360 41 0
0.5 0 43 53
0.5 120 46 56
0.5 10 43 0
0.5 150 44 55
0.5 10 46 0
0.5 150 43 55
0.5 10 44 0
0.5 150 41 57
0.5 10 43 0
0.5 230 43 56
0.5 10 41 0
0.5 230 43 0
0.5 0 39 55
0.5 0 51 59
0 92 64 127
0.5 388 51 0
0.5 0 39 0
0 0 64 0
0.5 0 48 55
0.5 0 60 59
0 71 64 127
0 833 64 0
0.5 56 60 0
0.5 0 48 0
0.5 0 46 55
0.5 0 58 59
0 7 64 127
0.5 473 58 0
0.5 0 46 0
0 0 64 0
0.5 0 39 55
0.5 0 51 59
0 42 64 127
0 798 64 0
0.5 120 51 0
0.5 0 39 0
0.5 0 44 52
0.5 0 51 59
0 42 64 127
0.5 198 51 0
0.5 0 53 55
0.5 240 53 0
0.5 0 51 56
0.5 240 51 0
0.5 0 53 58
0.5 240 53 0
0.5 0 55 61
0.5 240 55 0
0.5 0 56 63
0 14 64 0
0.5 166 56 0
0.5 0 43 64
0 11 64 127
0.5 49 44 0
0.5 0 58 63
0.5 360 43 0
0.5 0 44 61
0 49 64 0
0.5 71 44 0
0.5 0 58 0
0.5 0 48 64
0.5 160 46 62
0.5 10 48 0
0.5 150 44 62
0.5 10 46 0
0.5 150 43 64
0.5 10 44 0
0.5 230 44 63
0.5 10 43 0
0.5 230 44 0
0.5 0 41 59
0.5 0 53 66
0 14 64 127
0 847 64 0
0.5 99 53 0
0.5 0 41 0
0.5 0 39 51
0.5 0 51 57
0 42 64 127
0 311 64 0
0.5 127 51 0
0.5 0 39 0
0.5 0 37 53
0.5 0 49 60
0 56 64 127
0.5 424 49 0
0.5 0 37 0
0.5 0 43 57
0.5 0 55 63
0 416 64 0
0.5 64 55 0
0.5 0 43 0
0.5 0 37 51
0.5 0 49 58
0 49 64 127
0 346 64 0
0.5 85 49 0
0.5 0 37 0
0 0 64 127
0.5 0 36 50
0.5 0 48 57
0 427 64 0
0 160 64 127
0.5 373 48 0
0.5 0 36 0
0.5 0 60 57
0 187 64 0
0.5 293 60 0
0.5 0 29 60
0 0 64 127
0.5 0 41 68
0.5 480 60 68
0.5 0 48 61
0 282 64 0
0.5 198 48 0
0.5 0 60 0
0.5 0 61 63
0.5 0 49 56
0 78 64 127
0 310 64 0
0.5 92 49 0
0.5 0 61 0
0.5 0 62 68
0.5 0 50 68
0 91 64 127
0.5 389 41 0
0.5 0 29 0
0.5 480 29 53
0.5 0 41 60
0 91 64 0
0.5 389 41 0
0.5 0 50 0
0.5 0 62 0
0.5 0 29 0
0.5 0 34 68
0.5 0 46 68
0 42 64 127
0.5 438 64 68
0.5 0 52 61
0 416 64 0
0.5 64 46 0
0.5 0 34 0
0.5 0 34 53
0.5 0 46 60
0 7 64 127
0 367 64 0
0.5 106 46 0
0.5 0 52 0
0.5 0 64 0
0.5 0 34 0
0.5 0 33 55
0.5 0 45 62
0 23 64 127
0.5 457 57 67
0.5 480 45 0
0.5 0 33 0
0.5 0 33 56
0.5 0 45 63
0 171 64 0
0.5 309 45 0
0.5 0 33 0
0.5 0 57 0
0.5 0 29 60
0 0 64 127
0.5 0 41 68
0.5 480 48 61
0.5 0 60 68
0 282 64 0
0.5 198 60 0
0.5 0 48 0
0.5 0 61 63
0.5 0 49 56
0 78 64 127
0 310 64 0
0.5 92 49 0
0.5 0 61 0
0.5 0 62 68
0.5 0 50 62
0 91 64 127
0.5 869 50 0
0.5 0 62 0
0.5 0 65 63
0.5 0 53 55
0 91 64 0
0.5 389 53 0
0.5 0 29 0
0.5 0 41 0
0.5 0 65 0
0.5 0 46 53
0 42 64 127
0.5 438 46 0
0.5 0 58 60
0 416 64 0
0 71 64 127
0 367 64 0
0.5 106 58 0
0.5 0 60 44
0 23 64 127
0 397 64 0
0.5 60 60 0
0.5 0 48 51
0 23 64 127
0 811 64 0
0.5 126 48 0
0.5 0 55 47
0 42 64 127
0.5 438 55 0
0.5 0 48 53
0 416 64 0
0 71 64 127
0 367 64 0
0.5 106 48 0
0.5 0 54 42
0 293 64 127
0.5 187 54 0
0.5 0 48 39
0 267 64 0
0 346 64 127
0 134 64 0
0.5 213 48 0
0.5 0 46 53
0 42 64 127
0.5 438 46 0
0.5 0 58 60
0 416 64 0
0.5 64 62 53
0 7 64 127
0.5 233 62 0
0.5 0 64 50
0 134 64 0
0.5 106 64 0
0.5 0 58 0
0.5 0 60 53
0.5 0 57 44
0 23 64 127
0.5 217 60 0
0.5 0 62 48
0 180 64 0
0.5 60 62 0
0.5 0 60 56
0 23 64 127
0.5 217 60 0
0.5 0 62 50
0.5 240 62 0
0.5 0 64 56
0.5 240 64 0
0.5 0 65 51
0 114 64 0
0.5 126 65 0
0.5 0 57 0
0.5 0 58 53
0.5 0 55 47
0 42 64 127
0.5 318 58 0
0.5 0 60 49
0.5 120 60 0
0.5 0 64 53
0.5 160 64 0
0.5 0 62 50
0.5 160 62 0
0.5 0 60 50
0 96 64 0
0.5 64 60 0
0.5 0 55 0
0.5 0 58 49
0.5 0 48 47
0 7 64 127
0.5 233 58 0
0.5 0 60 47
0 134 64 0
0.5 106 60 0
0.5 0 48 0
0.5 0 58 46
0.5 0 53 46
0.5 240 58 0
0.5 0 57 41
0 53 64 127
0.5 187 57 0
0.5 0 55 45
0.5 240 55 0
0.5 0 57 40
0 141 64 0
0.5 99 57 0
0.5 0 53 0
0 0 64 127
0.5 0 55 40
0.5 240 55 0
0.5 0 53 40
0 27 64 0
0.5 213 53 0
0.5 0 75 47
0 42 64 127
0.5 438 65 42
0 416 64 0
0 71 64 127
0 367 64 0
0.5 106 75 0
0.5 0 75 44
0 23 64 127
0 397 64 0
0.5 60 75 0
0.5 0 74 51
0 23 64 127
0.5 457 65 0
0.5 0 65 42
0 354 64 0
0.5 126 74 0
0.5 0 70 47
0 42 64 127
0.5 438 65 0
0.5 0 65 42
0 416 64 0
0 71 64 127
0 367 64 0
0.5 106 70 0
0.5 0 70 48
0.5 240 70 0
0.5 0 69 42
0 53 64 127
0.5 187 69 0
0.5 0 67 46
0.5 240 67 0
0.5 0 69 41
0.5 240 69 0
0.5 0 65 0
0 0 64 0
0.5 0 67 41
0 133 64 127
0.5 107 67 0
0.5 0 65 38
0 27 64 0
0.5 213 65 0
0.5 0 63 44
0 120 64 127
0.5 120 63 0
0.5 0 62 39
0.5 240 62 0
0.5 0 60 42
0.5 240 60 0
0.5 0 62 38
0.5 240 62 0
0 0 64 0
0.5 0 60 38
0 133 64 127
0.5 107 60 0
0.5 0 58 35
0 27 64 0
0.5 213 58 0
0.5 0 58 44
0 60 64 127
0.5 180 58 0
0.5 0 57 39
0.5 240 57 0
0.5 0 55 41
0.5 240 55 0
0.5 0 57 37
0.5 240 57 0
0 0 64 0
0.5 0 55 37
0 133 64 127
0.5 107 55 0
0.5 0 53 34
0 27 64 0
0.5 213 53 0
0.5 0 51 41
0 60 64 127
0.5 180 51 0
0.5 0 50 37
0.5 240 50 0
0.5 0 48 40
0.5 240 48 0
0.5 0 50 36
0.5 240 50 0
0 0 64 0
0.5 0 48 36
0 133 64 127
0.5 107 48 0
0.5 0 46 33
0 27 64 0
0.5 213 46 0
0.5 0 46 40
0.5 240 46 0
0.5 0 45 36
0 53 64 127
0.5 187 45 0
0.5 0 43 39
0.5 240 43 0
0.5 0 45 35
0.5 240 45 0
0 0 64 0
0.5 0 43 35
0 133 64 127
0.5 107 43 0
0.5 0 41 31
0 27 64 0
0.5 213 41 0
0 0 64 127
0.5 0 41 34
0.5 480 41 0
0.5 0 29 20
0.5 240 29 0
0.5 240 29 19
0.5 240 29 0
0.5 240 29 19
0.5 240 29 0
0 113 64 0
1 0 0 0
