0 0 7 127
0 0 10 64
0.5 1200 79 58
0.5 480 79 0
0.5 0 79 57
0.5 480 79 0
0.5 0 79 64
0.5 480 79 0
0.5 0 78 55
0.5 480 78 0
0.5 0 77 56
0.5 480 77 0
0.5 0 78 62
0.5 480 78 0
0.5 0 83 64
0.5 480 83 0
0.5 0 79 63
0.5 480 79 0
0.5 0 78 57
0.5 480 78 0
0.5 0 76 57
0.5 480 76 0
0.5 0 79 64
0.5 480 79 0
0.5 0 78 63
0.5 480 78 0
0.5 0 77 57
0.5 480 77 0
0.5 0 78 57
0.5 480 78 0
0.5 0 79 64
0.5 480 79 0
0.5 0 79 63
0.5 480 79 0
0.5 0 80 70
0.5 480 80 0
0.5 0 80 70
0.5 480 80 0
0.5 0 81 72
0.5 480 81 0
0.5 0 76 63
0.5 480 76 0
0.5 0 75 57
0.5 480 75 0
0.5 0 76 57
0.5 480 76 0
0.5 0 79 64
0.5 480 79 0
0.5 0 78 63
0.5 480 78 0
0.5 0 76 57
0.5 480 76 0
0.5 0 75 57
0.5 480 75 0
0.5 0 76 55
0.5 120 76 0
0.5 2760 79 58
0.5 480 79 0
0.5 0 79 57
0.5 480 79 0
0.5 0 79 64
0.5 480 79 0
0.5 0 78 55
0.5 480 78 0
0.5 0 77 56
0.5 480 77 0
0.5 0 78 62
0.5 480 78 0
0.5 0 83 64
0.5 480 83 0
0.5 0 79 63
0.5 480 79 0
0.5 0 78 57
0.5 480 78 0
0.5 0 76 57
0.5 480 76 0
0.5 0 79 64
0.5 480 79 0
0.5 0 78 63
0.5 480 78 0
0.5 0 77 57
0.5 480 77 0
0.5 0 78 57
0.5 480 78 0
0.5 0 79 64
0.5 480 79 0
0.5 0 79 63
0.5 480 79 0
0.5 0 80 70
0.5 480 80 0
0.5 0 80 70
0.5 480 80 0
0.5 0 81 70
0.5 480 81 0
0.5 0 76 63
0.5 480 76 0
0.5 0 75 57
0.5 480 75 0
0.5 0 76 57
0.5 480 76 0
0.5 0 79 64
0.5 480 79 0
0.5 0 78 63
0.5 480 78 0
0.5 0 76 57
0.5 480 76 0
0.5 0 75 57
0.5 480 75 0
0.5 0 76 55
0.5 120 76 0
0.5 1800 62 45
0.5 480 62 0
0.5 0 67 45
0.5 480 67 0
0.5 0 69 58
0.5 480 69 0
0.5 0 71 57
0.5 480 71 0
0.5 0 71 64
0.5 480 71 0
0.5 0 69 55
0.5 480 69 0
0.5 0 68 56
0.5 480 68 0
0.5 0 69 62
0.5 480 69 0
0.5 0 62 51
0.5 480 62 0
0.5 0 67 54
0.5 480 67 0
0.5 0 69 63
0.5 480 69 0
0.5 0 71 66
0.5 480 71 0
0.5 0 74 69
0.5 480 74 0
0.5 0 73 64
0.5 480 73 0
0.5 0 72 68
0.5 480 72 0
0.5 0 69 64
0.5 480 69 0
0.5 0 71 58
0.5 480 71 0
0.5 0 71 66
0.5 480 71 0
0.5 0 76 72
0.5 480 76 0
0.5 0 71 65
0.5 480 71 0
0.5 0 72 63
0.5 480 72 0
0.5 0 72 69
0.5 480 72 0
0.5 0 79 76
0.5 480 79 0
0.5 0 74 72
0.5 480 74 0
0.5 0 76 71
0.5 480 76 0
0.5 0 76 69
0.5 480 76 0
0.5 0 76 73
0.5 480 76 0
0.5 0 76 66
0.5 480 76 0
0.5 0 75 71
0.5 480 75 0
0.5 0 71 72
0.5 480 71 0
0.5 0 71 78
0.5 480 71 0
0.5 0 71 83
0.5 150 59 66
0.5 30 64 66
0.5 30 67 66
0.5 30 71 0
0.5 0 71 83
0.5 240 71 0
0.5 0 67 0
0.5 0 64 0
0.5 0 59 0
0.5 960 79 58
0.5 480 79 0
0.5 0 79 57
0.5 480 79 0
0.5 0 79 64
0.5 480 79 0
0.5 0 78 55
0.5 480 78 0
0.5 0 77 56
0.5 480 77 0
0.5 0 78 62
0.5 480 78 0
0.5 0 84 69
0.5 480 84 0
0.5 0 83 66
0.5 480 83 0
0.5 0 79 57
0.5 480 79 0
0.5 0 76 57
0.5 480 76 0
0.5 0 79 64
0.5 480 79 0
0.5 0 78 63
0.5 480 78 0
0.5 0 77 57
0.5 480 77 0
0.5 0 78 57
0.5 480 78 0
0.5 0 79 64
0.5 480 79 0
0.5 0 79 63
0.5 480 79 0
0.5 0 80 70
0.5 480 80 0
0.5 0 80 70
0.5 480 80 0
0.5 0 81 73
0.5 480 81 0
0.5 0 76 63
0.5 480 76 0
0.5 0 75 57
0.5 480 75 0
0.5 0 76 57
0.5 480 76 0
0.5 0 79 64
0.5 480 79 0
0.5 0 78 63
0.5 480 78 0
0.5 0 76 57
0.5 480 76 0
0.5 0 75 57
0.5 480 75 0
0.5 0 76 55
0.5 120 76 0
0.5 1800 62 45
0.5 480 62 0
0.5 0 67 45
0.5 480 67 0
0.5 0 69 58
0.5 480 69 0
0.5 0 71 57
0.5 480 71 0
0.5 0 71 64
0.5 480 71 0
0.5 0 69 55
0.5 480 69 0
0.5 0 68 56
0.5 480 68 0
0.5 0 69 62
0.5 480 69 0
0.5 0 62 51
0.5 480 62 0
0.5 0 67 54
0.5 480 67 0
0.5 0 69 63
0.5 480 69 0
0.5 0 71 61
0.5 480 71 0
0.5 0 74 71
0.5 480 74 0
0.5 0 73 64
0.5 480 73 0
0.5 0 72 68
0.5 480 72 0
0.5 0 69 64
0.5 480 69 0
0.5 0 71 58
0.5 480 71 0
0.5 0 71 66
0.5 480 71 0
0.5 0 76 72
0.5 480 76 0
0.5 0 71 65
0.5 480 71 0
0.5 0 72 63
0.5 480 72 0
0.5 0 72 69
0.5 480 72 0
0.5 0 79 73
0.5 480 79 0
0.5 0 74 66
0.5 480 74 0
0.5 0 76 71
0.5 480 76 0
0.5 0 76 69
0.5 480 76 0
0.5 0 76 73
0.5 480 76 0
0.5 0 76 66
0.5 480 76 0
0.5 0 75 71
0.5 480 75 0
0.5 0 71 72
0.5 480 71 0
0.5 0 71 78
0.5 480 71 0
0.5 0 71 83
0.5 150 59 66
0.5 30 64 66
0.5 30 67 66
0.5 30 71 0
0.5 0 71 83
0.5 240 71 0
0.5 0 67 0
0.5 0 64 0
0.5 0 59 0
0.5 960 79 58
0.5 480 79 0
0.5 0 79 57
0.5 480 79 0
0.5 0 79 64
0.5 480 79 0
0.5 0 78 55
0.5 480 78 0
0.5 0 77 56
0.5 480 77 0
0.5 0 78 62
0.5 480 78 0
0.5 0 84 69
0.5 480 84 0
0.5 0 83 66
0.5 480 83 0
0.5 0 79 57
0.5 480 79 0
0.5 0 76 57
0.5 480 76 0
0.5 0 79 64
0.5 480 79 0
0.5 0 78 63
0.5 480 78 0
0.5 0 77 57
0.5 480 77 0
0.5 0 78 57
0.5 480 78 0
0.5 0 79 64
0.5 480 79 0
0.5 0 79 63
0.5 480 79 0
0.5 0 80 70
0.5 480 80 0
0.5 0 80 70
0.5 480 80 0
0.5 0 81 69
0.5 480 81 0
0.5 0 76 63
0.5 480 76 0
0.5 0 75 57
0.5 480 75 0
0.5 0 76 57
0.5 480 76 0
0.5 0 79 64
0.5 480 79 0
0.5 0 78 63
0.5 480 78 0
0.5 0 76 57
0.5 480 76 0
0.5 0 75 57
0.5 480 75 0
0.5 0 76 55
0.5 480 76 0
0.5 0 76 61
0.5 480 76 0
0.5 0 76 64
0.5 480 76 0
0.5 0 76 58
0.5 480 76 0
0.5 0 76 54
0.5 480 76 0
0.5 0 76 56
0.5 480 76 0
0.5 0 76 61
0.5 480 76 0
0.5 0 76 57
0.5 480 76 0
0.5 0 76 63
0.5 480 76 0
0.5 0 71 66
0.5 480 71 0
0.5 0 67 70
0.5 480 67 0
0.5 0 64 64
0.5 480 64 0
0.5 0 59 63
0.5 480 59 0
0.5 0 59 65
0.5 480 59 0
0.5 0 55 68
0.5 480 55 0
0.5 0 52 63
0.5 240 52 0
0.5 2880 67 70
0.5 0 71 70
0.5 0 76 70
0.5 0 79 88
0.5 240 79 0
0.5 0 67 0
0.5 0 71 0
0.5 0 76 0
0.5 720 52 92
0.5 960 52 0
1 0 0 0
0 0 7 127
0 0 10 64
0.5 0 64 28
0 92 64 127
0.5 28 64 0
0.5 0 67 21
0.5 120 67 0
0.5 0 71 36
0.5 120 71 0
0.5 0 67 22
0.5 120 67 0
0.5 0 64 29
0.5 120 64 0
0.5 0 67 22
0.5 120 67 0
0.5 0 71 39
0.5 120 71 0
0.5 0 67 23
0.5 120 67 0
0.5 0 64 32
0.5 120 64 0
0.5 0 67 26
0.5 120 67 0
0.5 120 71 24
0.5 120 71 0
0.5 0 64 37
0.5 120 64 0
0.5 0 67 29
0.5 120 67 0
0.5 120 71 28
0.5 120 71 0
0.5 0 63 36
0 27 64 0
0 36 64 127
0.5 57 63 0
0.5 0 69 29
0.5 120 69 0
0.5 120 71 29
0.5 120 71 0
0.5 0 63 37
0.5 120 63 0
0.5 0 69 30
0.5 120 69 0
0.5 120 71 28
0.5 120 71 0
0.5 0 63 37
0.5 120 63 0
0.5 0 69 30
0.5 120 69 0
0.5 120 71 28
0.5 120 71 0
0.5 0 63 37
0.5 120 63 0
0.5 0 69 30
0.5 120 69 0
0.5 120 71 28
0.5 120 71 0
0.5 0 64 36
0 12 64 0
0 51 64 127
0.5 57 64 0
0.5 0 67 29
0.5 120 67 0
0.5 120 71 41
0.5 120 71 0
0.5 0 64 47
0.5 120 64 0
0.5 0 67 40
0.5 120 67 0
0.5 120 71 39
0.5 120 71 0
0.5 0 64 46
0.5 120 64 0
0.5 0 67 38
0.5 120 67 0
0.5 120 71 28
0.5 120 71 0
0.5 0 64 37
0.5 120 64 0
0.5 0 67 30
0.5 120 67 0
0.5 120 71 28
0.5 120 71 0
0.5 0 63 36
0 10 64 0
0 53 64 127
0.5 57 63 0
0.5 0 69 29
0.5 120 69 0
0.5 120 71 36
0.5 120 71 0
0.5 0 63 41
0.5 120 63 0
0.5 0 69 34
0.5 120 69 0
0.5 120 71 34
0.5 120 71 0
0.5 0 63 40
0.5 120 63 0
0.5 0 69 35
0.5 120 69 0
0.5 120 71 28
0.5 120 71 0
0.5 0 63 37
0.5 120 63 0
0.5 0 69 30
0.5 120 69 0
0.5 120 71 28
0.5 120 71 0
0.5 0 64 36
0 10 64 0
0 53 64 127
0.5 57 64 0
0.5 0 67 29
0.5 120 67 0
0.5 120 71 36
0.5 120 71 0
0.5 0 64 41
0.5 120 64 0
0.5 0 67 34
0.5 120 67 0
0.5 120 71 39
0.5 120 71 0
0.5 0 62 47
0 13 64 0
0 56 64 127
0.5 51 62 0
0.5 0 65 40
0.5 120 65 0
0.5 120 71 38
0.5 120 71 0
0.5 0 62 50
0.5 120 62 0
0.5 0 65 42
0.5 120 65 0
0.5 120 71 46
0.5 120 71 0
0.5 0 60 53
0 23 64 0
0 57 64 127
0.5 40 60 0
0.5 0 64 45
0.5 120 64 0
0.5 120 69 36
0.5 120 69 0
0.5 0 60 41
0.5 120 60 0
0.5 0 64 34
0.5 120 64 0
0.5 120 69 34
0.5 120 69 0
0.5 0 60 40
0.5 120 60 0
0.5 0 64 35
0.5 120 64 0
0.5 120 69 28
0.5 120 69 0
0.5 0 60 37
0.5 120 60 0
0.5 0 64 30
0.5 120 64 0
0.5 120 69 28
0.5 120 69 0
0.5 0 59 36
0 4 64 0
0 59 64 127
0.5 57 59 0
0.5 0 64 29
0.5 120 64 0
0.5 120 71 36
0.5 120 71 0
0.5 0 59 41
0 9 64 0
0 43 64 127
0.5 68 59 0
0.5 0 69 34
0.5 120 69 0
0.5 120 71 34
0.5 120 71 0
0.5 0 59 40
0 8 64 0
0 61 64 127
0.5 51 59 0
0.5 0 67 35
0.5 120 67 0
0.5 120 71 28
0.5 120 71 0
0.5 0 59 37
0 15 64 0
0 60 64 127
0.5 45 59 0
0.5 0 66 30
0.5 120 66 0
0.5 120 71 28
0.5 120 71 0
0.5 0 64 36
0 9 64 0
0 54 64 127
0.5 57 64 0
0.5 0 67 29
0.5 120 67 0
0.5 120 71 33
0.5 120 71 0
0.5 0 70 38
0 12 64 0
0 91 64 127
0.5 17 70 0
0.5 0 71 29
0.5 120 71 0
0.5 0 72 42
0.5 120 72 0
0.5 0 71 30
0.5 120 71 0
0.5 0 70 38
0 6 64 0
0 63 64 127
0.5 51 70 0
0.5 0 71 34
0.5 120 71 0
0.5 0 72 42
0.5 120 72 0
0.5 0 71 26
0.5 120 71 0
0.5 0 70 34
0 15 64 0
0 60 64 127
0.5 45 70 0
0.5 0 71 27
0.5 120 71 0
0.5 0 72 39
0.5 120 72 0
0.5 0 71 24
0.5 120 71 0
0 0 64 0
0.5 0 64 28
0 92 64 127
0.5 28 64 0
0.5 0 67 21
0.5 120 67 0
0.5 0 71 35
0.5 120 71 0
0.5 0 67 22
0.5 120 67 0
0.5 0 64 29
0.5 120 64 0
0.5 0 67 22
0.5 120 67 0
0.5 0 71 36
0.5 120 71 0
0.5 0 67 23
0.5 120 67 0
0.5 0 64 32
0.5 120 64 0
0.5 0 67 26
0.5 120 67 0
0.5 120 71 24
0.5 120 71 0
0.5 0 64 37
0.5 120 64 0
0.5 0 67 29
0.5 120 67 0
0.5 120 71 28
0.5 120 71 0
0.5 0 63 36
0 27 64 0
0 36 64 127
0.5 57 63 0
0.5 0 69 29
0.5 120 69 0
0.5 120 71 29
0.5 120 71 0
0.5 0 63 37
0.5 120 63 0
0.5 0 69 30
0.5 120 69 0
0.5 120 71 28
0.5 120 71 0
0.5 0 63 37
0.5 120 63 0
0.5 0 69 30
0.5 120 69 0
0.5 120 71 28
0.5 120 71 0
0.5 0 63 37
0.5 120 63 0
0.5 0 69 30
0.5 120 69 0
0.5 120 71 28
0.5 120 71 0
0.5 0 64 36
0 12 64 0
0 51 64 127
0.5 57 64 0
0.5 0 67 29
0.5 120 67 0
0.5 120 71 39
0.5 120 71 0
0.5 0 64 46
0.5 120 64 0
0.5 0 67 39
0.5 120 67 0
0.5 120 71 37
0.5 120 71 0
0.5 0 64 43
0.5 120 64 0
0.5 0 67 38
0.5 120 67 0
0.5 120 71 28
0.5 120 71 0
0.5 0 64 37
0.5 120 64 0
0.5 0 67 30
0.5 120 67 0
0.5 120 71 28
0.5 120 71 0
0.5 0 63 36
0 10 64 0
0 53 64 127
0.5 57 63 0
0.5 0 69 29
0.5 120 69 0
0.5 120 71 36
0.5 120 71 0
0.5 0 63 41
0.5 120 63 0
0.5 0 69 34
0.5 120 69 0
0.5 120 71 34
0.5 120 71 0
0.5 0 63 40
0.5 120 63 0
0.5 0 69 35
0.5 120 69 0
0.5 120 71 28
0.5 120 71 0
0.5 0 63 37
0.5 120 63 0
0.5 0 69 30
0.5 120 69 0
0.5 120 71 28
0.5 120 71 0
0.5 0 64 36
0 10 64 0
0 53 64 127
0.5 57 64 0
0.5 0 67 29
0.5 120 67 0
0.5 120 71 36
0.5 120 71 0
0.5 0 64 41
0.5 120 64 0
0.5 0 67 34
0.5 120 67 0
0.5 120 71 39
0.5 120 71 0
0.5 0 62 47
0 13 64 0
0 56 64 127
0.5 51 62 0
0.5 0 65 40
0.5 120 65 0
0.5 120 71 38
0.5 120 71 0
0.5 0 62 50
0.5 120 62 0
0.5 0 65 42
0.5 120 65 0
0.5 120 71 45
0.5 120 71 0
0.5 0 60 52
0 23 64 0
0 57 64 127
0.5 40 60 0
0.5 0 64 43
0.5 120 64 0
0.5 120 69 39
0.5 120 69 0
0.5 0 60 46
0.5 120 60 0
0.5 0 64 38
0.5 120 64 0
0.5 120 69 34
0.5 120 69 0
0.5 0 60 40
0.5 120 60 0
0.5 0 64 35
0.5 120 64 0
0.5 120 69 28
0.5 120 69 0
0.5 0 60 37
0.5 120 60 0
0.5 0 64 30
0.5 120 64 0
0.5 120 69 28
0.5 120 69 0
0.5 0 59 36
0 4 64 0
0 59 64 127
0.5 57 59 0
0.5 0 64 29
0.5 120 64 0
0.5 120 71 36
0.5 120 71 0
0.5 0 59 41
0 9 64 0
0 43 64 127
0.5 68 59 0
0.5 0 69 34
0.5 120 69 0
0.5 120 71 34
0.5 120 71 0
0.5 0 59 40
0 8 64 0
0 61 64 127
0.5 51 59 0
0.5 0 67 35
0.5 120 67 0
0.5 120 71 28
0.5 120 71 0
0.5 0 59 37
0 15 64 0
0 60 64 127
0.5 45 59 0
0.5 0 66 30
0.5 120 66 0
0.5 120 71 28
0.5 120 71 0
0.5 0 64 36
0 9 64 0
0 54 64 127
0.5 57 64 0
0.5 0 67 29
0.5 120 67 0
0.5 120 71 33
0.5 120 71 0
0.5 0 70 38
0 12 64 0
0 91 64 127
0.5 17 70 0
0.5 0 71 29
0.5 120 71 0
0.5 0 72 42
0.5 120 72 0
0.5 0 71 30
0.5 120 71 0
0.5 0 70 38
0 6 64 0
0 63 64 127
0.5 51 70 0
0.5 0 71 35
0.5 120 71 0
0.5 0 72 43
0.5 120 72 0
0.5 0 71 28
0.5 120 71 0
0.5 0 70 37
0 15 64 0
0 60 64 127
0.5 45 70 0
0.5 0 71 30
0.5 120 71 0
0.5 0 72 37
0.5 120 72 0
0.5 0 71 28
0.5 120 71 0
0.5 0 55 35
0 5 64 0
0 87 64 127
0.5 28 55 0
0.5 0 59 27
0.5 120 59 0
0.5 120 59 27
0.5 120 59 0
0.5 0 55 35
0.5 120 55 0
0.5 0 59 26
0.5 120 59 0
0.5 120 62 27
0.5 120 62 0
0.5 0 55 36
0.5 120 55 0
0.5 0 59 29
0.5 120 59 0
0.5 120 62 26
0.5 120 62 0
0.5 0 55 39
0.5 120 55 0
0.5 0 59 31
0.5 120 59 0
0.5 120 62 29
0.5 120 62 0
0.5 0 54 36
0 27 64 0
0 36 64 127
0.5 57 54 0
0.5 0 60 29
0.5 120 60 0
0.5 120 62 29
0.5 120 62 0
0.5 0 54 37
0.5 120 54 0
0.5 0 60 30
0.5 120 60 0
0.5 120 62 28
0.5 120 62 0
0.5 0 54 37
0.5 120 54 0
0.5 0 60 30
0.5 120 60 0
0.5 120 62 28
0.5 120 62 0
0.5 0 54 37
0.5 120 54 0
0.5 0 60 30
0.5 120 60 0
0.5 120 62 28
0.5 120 62 0
0.5 0 55 35
0 5 64 0
0 87 64 127
0.5 28 55 0
0.5 0 59 27
0.5 120 59 0
0.5 120 59 27
0.5 120 59 0
0.5 0 55 35
0.5 120 55 0
0.5 0 59 26
0.5 120 59 0
0.5 120 62 27
0.5 120 62 0
0.5 0 55 36
0.5 120 55 0
0.5 0 59 29
0.5 120 59 0
0.5 120 62 26
0.5 120 62 0
0.5 0 55 39
0.5 120 55 0
0.5 0 59 35
0.5 120 59 0
0.5 120 62 42
0.5 120 62 0
0.5 0 54 50
0 27 64 0
0 36 64 127
0.5 57 54 0
0.5 0 57 46
0.5 120 57 0
0.5 120 62 47
0.5 120 62 0
0.5 0 54 56
0.5 120 54 0
0.5 0 57 48
0.5 120 57 0
0.5 120 62 37
0.5 120 62 0
0.5 0 54 45
0.5 120 54 0
0.5 0 57 33
0.5 120 57 0
0.5 120 62 28
0.5 120 62 0
0.5 0 54 37
0.5 120 54 0
0.5 0 60 30
0.5 120 60 0
0.5 120 62 28
0.5 120 62 0
0.5 0 55 35
0 5 64 0
0 87 64 127
0.5 28 55 0
0.5 0 59 27
0.5 120 59 0
0.5 120 62 36
0.5 120 62 0
0.5 0 55 46
0.5 120 55 0
0.5 0 59 37
0.5 120 59 0
0.5 120 62 39
0.5 120 62 0
0.5 0 56 48
0 8 64 0
0.5 112 56 0
0.5 0 59 39
0 0 64 127
0.5 120 59 0
0.5 120 64 46
0.5 120 64 0
0.5 0 56 53
0.5 120 56 0
0.5 0 59 45
0.5 120 59 0
0.5 120 64 37
0.5 120 64 0
0.5 0 57 44
0 5 64 0
0 87 64 127
0.5 28 57 0
0.5 0 60 27
0.5 120 60 0
0.5 120 64 39
0.5 120 64 0
0.5 0 57 50
0.5 120 57 0
0.5 0 60 40
0.5 120 60 0
0.5 120 64 47
0.5 120 64 0
0.5 0 59 56
0 8 64 0
0.5 112 59 0
0.5 0 62 49
0 0 64 127
0.5 120 62 0
0.5 120 67 56
0.5 120 67 0
0.5 0 59 62
0.5 120 59 0
0.5 0 62 56
0.5 120 62 0
0.5 120 67 46
0.5 120 67 0
0.5 0 60 56
0 5 64 0
0 87 64 127
0.5 28 60 0
0.5 0 64 47
0.5 120 64 0
0.5 120 67 45
0.5 120 67 0
0.5 0 60 54
0.5 120 60 0
0.5 0 64 45
0.5 120 64 0
0.5 120 68 47
0.5 120 68 0
0.5 0 60 56
0 8 64 0
0.5 112 60 0
0.5 0 64 48
0 0 64 127
0.5 120 64 0
0.5 120 69 50
0.5 120 69 0
0.5 0 60 58
0.5 120 60 0
0.5 0 64 49
0.5 120 64 0
0.5 120 70 40
0.5 120 70 0
0.5 0 59 44
0 5 64 0
0 87 64 127
0.5 28 59 0
0.5 0 66 37
0.5 120 66 0
0.5 120 71 45
0.5 120 71 0
0.5 0 47 62
0.5 120 47 0
0.5 0 59 45
0.5 120 59 0
0.5 120 59 54
0.5 120 59 0
0.5 0 43 69
0 8 64 0
0.5 112 43 0
0.5 0 55 52
0 0 64 127
0.5 120 55 0
0.5 120 59 58
0.5 120 59 0
0.5 0 42 71
0 10 64 0
0 103 64 127
0.5 7 42 0
0.5 0 54 57
0.5 120 54 0
0.5 120 59 50
0.5 25 59 0
0.5 95 40 71
0.5 0 52 71
0 0 64 0
0 50 64 127
0.5 190 52 0
0.5 0 40 0
0.5 0 71 37
0 14 64 0
0 57 64 127
0.5 49 71 0
0.5 0 67 22
0.5 120 67 0
0.5 0 64 28
0.5 120 64 0
0.5 0 67 21
0.5 120 67 0
0.5 0 71 37
0.5 120 71 0
0.5 0 67 22
0.5 120 67 0
0.5 0 64 30
0.5 120 64 0
0.5 0 67 25
0.5 120 67 0
0.5 120 71 23
0.5 120 71 0
0.5 0 64 36
0.5 120 64 0
0.5 0 67 29
0.5 120 67 0
0.5 120 71 28
0.5 120 71 0
0.5 0 63 36
0 27 64 0
0 36 64 127
0.5 57 63 0
0.5 0 69 29
0.5 120 69 0
0.5 120 71 29
0.5 120 71 0
0.5 0 63 37
0.5 120 63 0
0.5 0 69 30
0.5 120 69 0
0.5 120 71 28
0.5 120 71 0
0.5 0 63 37
0.5 120 63 0
0.5 0 69 30
0.5 120 69 0
0.5 120 71 28
0.5 120 71 0
0.5 0 63 37
0.5 120 63 0
0.5 0 69 30
0.5 120 69 0
0.5 120 71 28
0.5 120 71 0
0.5 0 64 36
0 12 64 0
0 51 64 127
0.5 57 64 0
0.5 0 67 29
0.5 120 67 0
0.5 120 71 41
0.5 120 71 0
0.5 0 64 47
0.5 120 64 0
0.5 0 67 39
0.5 120 67 0
0.5 120 71 38
0.5 120 71 0
0.5 0 64 44
0.5 120 64 0
0.5 0 67 35
0.5 120 67 0
0.5 120 71 28
0.5 120 71 0
0.5 0 64 37
0.5 120 64 0
0.5 0 67 30
0.5 120 67 0
0.5 120 71 28
0.5 120 71 0
0.5 0 63 36
0 10 64 0
0 53 64 127
0.5 57 63 0
0.5 0 69 29
0.5 120 69 0
0.5 120 71 36
0.5 120 71 0
0.5 0 63 41
0.5 120 63 0
0.5 0 69 34
0.5 120 69 0
0.5 120 71 34
0.5 120 71 0
0.5 0 63 40
0.5 120 63 0
0.5 0 69 35
0.5 120 69 0
0.5 120 71 28
0.5 120 71 0
0.5 0 63 37
0.5 120 63 0
0.5 0 69 30
0.5 120 69 0
0.5 120 71 28
0.5 120 71 0
0.5 0 64 36
0 10 64 0
0 53 64 127
0.5 57 64 0
0.5 0 67 29
0.5 120 67 0
0.5 120 71 36
0.5 120 71 0
0.5 0 64 41
0.5 120 64 0
0.5 0 67 34
0.5 120 67 0
0.5 120 71 39
0.5 120 71 0
0.5 0 62 47
0 13 64 0
0 56 64 127
0.5 51 62 0
0.5 0 65 40
0.5 120 65 0
0.5 120 71 43
0.5 120 71 0
0.5 0 62 54
0.5 120 62 0
0.5 0 65 48
0.5 120 65 0
0.5 120 71 47
0.5 120 71 0
0.5 0 60 55
0 23 64 0
0 57 64 127
0.5 40 60 0
0.5 0 64 47
0.5 120 64 0
0.5 120 69 36
0.5 120 69 0
0.5 0 60 41
0.5 120 60 0
0.5 0 64 34
0.5 120 64 0
0.5 120 69 34
0.5 120 69 0
0.5 0 60 40
0.5 120 60 0
0.5 0 64 35
0.5 120 64 0
0.5 120 69 28
0.5 120 69 0
0.5 0 60 37
0.5 120 60 0
0.5 0 64 30
0.5 120 64 0
0.5 120 69 28
0.5 120 69 0
0.5 0 59 36
0 4 64 0
0 59 64 127
0.5 57 59 0
0.5 0 64 29
0.5 120 64 0
0.5 120 71 36
0.5 120 71 0
0.5 0 59 41
0 9 64 0
0 43 64 127
0.5 68 59 0
0.5 0 69 34
0.5 120 69 0
0.5 120 71 34
0.5 120 71 0
0.5 0 59 40
0 8 64 0
0 61 64 127
0.5 51 59 0
0.5 0 67 35
0.5 120 67 0
0.5 120 71 28
0.5 120 71 0
0.5 0 59 37
0 15 64 0
0 60 64 127
0.5 45 59 0
0.5 0 66 30
0.5 120 66 0
0.5 120 71 28
0.5 120 71 0
0.5 0 64 36
0 9 64 0
0 54 64 127
0.5 57 64 0
0.5 0 67 29
0.5 120 67 0
0.5 120 71 33
0.5 120 71 0
0.5 0 70 38
0 12 64 0
0 91 64 127
0.5 17 70 0
0.5 0 71 29
0.5 120 71 0
0.5 0 72 42
0.5 120 72 0
0.5 0 71 30
0.5 120 71 0
0.5 0 70 38
0 6 64 0
0 63 64 127
0.5 51 70 0
0.5 0 71 35
0.5 120 71 0
0.5 0 72 44
0.5 120 72 0
0.5 0 71 28
0.5 120 71 0
0.5 0 70 37
0 15 64 0
0 60 64 127
0.5 45 70 0
0.5 0 71 30
0.5 120 71 0
0.5 0 72 39
0.5 120 72 0
0.5 0 71 28
0.5 120 71 0
0.5 0 55 35
0 5 64 0
0 87 64 127
0.5 28 55 0
0.5 0 59 27
0.5 120 59 0
0.5 120 59 27
0.5 120 59 0
0.5 0 55 35
0.5 120 55 0
0.5 0 59 26
0.5 120 59 0
0.5 120 62 27
0.5 120 62 0
0.5 0 55 36
0.5 120 55 0
0.5 0 59 29
0.5 120 59 0
0.5 120 62 26
0.5 120 62 0
0.5 0 55 39
0.5 120 55 0
0.5 0 59 31
0.5 120 59 0
0.5 120 62 38
0.5 120 62 0
0.5 0 54 44
0 27 64 0
0 36 64 127
0.5 57 54 0
0.5 0 60 37
0.5 120 60 0
0.5 120 62 38
0.5 120 62 0
0.5 0 54 43
0.5 120 54 0
0.5 0 60 37
0.5 120 60 0
0.5 120 62 28
0.5 120 62 0
0.5 0 54 37
0.5 120 54 0
0.5 0 60 30
0.5 120 60 0
0.5 120 62 28
0.5 120 62 0
0.5 0 54 37
0.5 120 54 0
0.5 0 60 30
0.5 120 60 0
0.5 120 62 28
0.5 120 62 0
0.5 0 55 35
0 5 64 0
0 87 64 127
0.5 28 55 0
0.5 0 59 27
0.5 120 59 0
0.5 120 59 27
0.5 120 59 0
0.5 0 55 35
0.5 120 55 0
0.5 0 59 26
0.5 120 59 0
0.5 120 62 27
0.5 120 62 0
0.5 0 55 36
0.5 120 55 0
0.5 0 59 29
0.5 120 59 0
0.5 120 62 26
0.5 120 62 0
0.5 0 55 39
0.5 120 55 0
0.5 0 59 35
0.5 120 59 0
0.5 120 62 42
0.5 120 62 0
0.5 0 54 50
0 27 64 0
0 36 64 127
0.5 57 54 0
0.5 0 57 43
0.5 120 57 0
0.5 120 62 45
0.5 120 62 0
0.5 0 54 54
0.5 120 54 0
0.5 0 57 48
0.5 120 57 0
0.5 120 62 37
0.5 120 62 0
0.5 0 54 45
0.5 120 54 0
0.5 0 57 33
0.5 120 57 0
0.5 120 62 28
0.5 120 62 0
0.5 0 54 37
0.5 120 54 0
0.5 0 60 30
0.5 120 60 0
0.5 120 62 28
0.5 120 62 0
0.5 0 55 35
0 5 64 0
0 87 64 127
0.5 28 55 0
0.5 0 59 27
0.5 120 59 0
0.5 120 62 36
0.5 120 62 0
0.5 0 55 46
0.5 120 55 0
0.5 0 59 37
0.5 120 59 0
0.5 120 62 39
0.5 120 62 0
0.5 0 56 48
0 8 64 0
0.5 112 56 0
0.5 0 59 39
0 0 64 127
0.5 120 59 0
0.5 120 64 49
0.5 120 64 0
0.5 0 56 56
0.5 120 56 0
0.5 0 59 50
0.5 120 59 0
0.5 120 64 37
0.5 120 64 0
0.5 0 57 44
0 5 64 0
0 87 64 127
0.5 28 57 0
0.5 0 60 27
0.5 120 60 0
0.5 120 64 39
0.5 120 64 0
0.5 0 57 50
0.5 120 57 0
0.5 0 60 40
0.5 120 60 0
0.5 120 64 42
0.5 120 64 0
0.5 0 59 52
0 8 64 0
0.5 112 59 0
0.5 0 62 42
0 0 64 127
0.5 120 62 0
0.5 120 67 50
0.5 120 67 0
0.5 0 59 58
0.5 120 59 0
0.5 0 62 49
0.5 120 62 0
0.5 120 67 40
0.5 120 67 0
0.5 0 60 44
0 5 64 0
0 87 64 127
0.5 28 60 0
0.5 0 64 37
0.5 120 64 0
0.5 120 67 45
0.5 120 67 0
0.5 0 60 54
0.5 120 60 0
0.5 0 64 45
0.5 120 64 0
0.5 120 68 47
0.5 120 68 0
0.5 0 60 56
0 8 64 0
0.5 112 60 0
0.5 0 64 48
0 0 64 127
0.5 120 64 0
0.5 120 69 50
0.5 120 69 0
0.5 0 60 58
0.5 120 60 0
0.5 0 64 49
0.5 120 64 0
0.5 120 70 45
0.5 120 70 0
0.5 0 59 53
0 5 64 0
0 87 64 127
0.5 28 59 0
0.5 0 66 46
0.5 120 66 0
0.5 120 71 45
0.5 120 71 0
0.5 0 47 62
0.5 120 47 0
0.5 0 59 45
0.5 120 59 0
0.5 120 59 54
0.5 120 59 0
0.5 0 43 69
0 8 64 0
0.5 112 43 0
0.5 0 55 52
0 0 64 127
0.5 120 55 0
0.5 120 59 58
0.5 120 59 0
0.5 0 42 71
0 10 64 0
0 103 64 127
0.5 7 42 0
0.5 0 54 57
0.5 120 54 0
0.5 120 59 50
0.5 25 59 0
0.5 95 40 71
0.5 0 52 71
0 0 64 0
0 50 64 127
0.5 190 52 0
0.5 0 40 0
0.5 0 71 37
0 6 64 0
0 61 64 127
0.5 53 71 0
0.5 0 67 22
0.5 120 67 0
0.5 0 64 28
0.5 120 64 0
0.5 0 67 21
0.5 120 67 0
0.5 0 71 37
0.5 120 71 0
0.5 0 67 22
0.5 120 67 0
0.5 0 64 30
0.5 120 64 0
0.5 0 67 25
0.5 120 67 0
0.5 120 71 23
0.5 120 71 0
0.5 0 64 36
0.5 120 64 0
0.5 0 67 29
0.5 120 67 0
0.5 120 71 28
0.5 120 71 0
0.5 0 63 36
0 27 64 0
0 36 64 127
0.5 57 63 0
0.5 0 69 29
0.5 120 69 0
0.5 120 71 29
0.5 120 71 0
0.5 0 63 37
0.5 120 63 0
0.5 0 69 30
0.5 120 69 0
0.5 120 71 28
0.5 120 71 0
0.5 0 63 37
0.5 120 63 0
0.5 0 69 30
0.5 120 69 0
0.5 120 71 28
0.5 120 71 0
0.5 0 63 37
0.5 120 63 0
0.5 0 69 30
0.5 120 69 0
0.5 120 71 28
0.5 120 71 0
0.5 0 64 36
0 12 64 0
0 51 64 127
0.5 57 64 0
0.5 0 67 29
0.5 120 67 0
0.5 120 71 38
0.5 120 71 0
0.5 0 64 45
0.5 120 64 0
0.5 0 67 39
0.5 120 67 0
0.5 120 71 35
0.5 120 71 0
0.5 0 64 43
0.5 120 64 0
0.5 0 67 35
0.5 120 67 0
0.5 120 71 28
0.5 120 71 0
0.5 0 64 37
0.5 120 64 0
0.5 0 67 30
0.5 120 67 0
0.5 120 71 28
0.5 120 71 0
0.5 0 63 36
0 10 64 0
0 53 64 127
0.5 57 63 0
0.5 0 69 29
0.5 120 69 0
0.5 120 71 36
0.5 120 71 0
0.5 0 63 41
0.5 120 63 0
0.5 0 69 34
0.5 120 69 0
0.5 120 71 34
0.5 120 71 0
0.5 0 63 40
0.5 120 63 0
0.5 0 69 35
0.5 120 69 0
0.5 120 71 28
0.5 120 71 0
0.5 0 63 37
0.5 120 63 0
0.5 0 69 30
0.5 120 69 0
0.5 120 71 28
0.5 120 71 0
0.5 0 64 36
0 10 64 0
0 53 64 127
0.5 57 64 0
0.5 0 67 29
0.5 120 67 0
0.5 120 71 36
0.5 120 71 0
0.5 0 64 41
0.5 120 64 0
0.5 0 67 34
0.5 120 67 0
0.5 120 71 39
0.5 120 71 0
0.5 0 62 47
0 13 64 0
0 56 64 127
0.5 51 62 0
0.5 0 65 40
0.5 120 65 0
0.5 120 71 45
0.5 120 71 0
0.5 0 62 54
0.5 120 62 0
0.5 0 65 47
0.5 120 65 0
0.5 120 71 47
0.5 120 71 0
0.5 0 60 54
0 23 64 0
0 57 64 127
0.5 40 60 0
0.5 0 64 46
0.5 120 64 0
0.5 120 69 36
0.5 120 69 0
0.5 0 60 41
0.5 120 60 0
0.5 0 64 34
0.5 120 64 0
0.5 120 69 34
0.5 120 69 0
0.5 0 60 40
0.5 120 60 0
0.5 0 64 35
0.5 120 64 0
0.5 120 69 28
0.5 120 69 0
0.5 0 60 37
0.5 120 60 0
0.5 0 64 30
0.5 120 64 0
0.5 120 69 28
0.5 120 69 0
0.5 0 59 36
0 4 64 0
0 59 64 127
0.5 57 59 0
0.5 0 64 29
0.5 120 64 0
0.5 120 71 41
0.5 120 71 0
0.5 0 59 47
0 9 64 0
0 43 64 127
0.5 68 59 0
0.5 0 69 41
0.5 120 69 0
0.5 120 71 34
0.5 120 71 0
0.5 0 59 40
0 8 64 0
0 61 64 127
0.5 51 59 0
0.5 0 67 35
0.5 120 67 0
0.5 120 71 28
0.5 120 71 0
0.5 0 59 37
0 15 64 0
0 60 64 127
0.5 45 59 0
0.5 0 66 30
0.5 120 66 0
0.5 120 71 28
0.5 120 71 0
0.5 0 64 36
0 9 64 0
0 54 64 127
0.5 57 64 0
0.5 0 67 29
0.5 120 67 0
0.5 120 71 33
0.5 120 71 0
0.5 0 64 36
0.5 120 64 0
0.5 0 67 29
0.5 120 67 0
0.5 120 71 40
0.5 120 71 0
0.5 0 64 45
0 6 64 0
0 63 64 127
0.5 51 64 0
0.5 0 69 41
0.5 120 69 0
0.5 120 72 47
0.5 120 72 0
0.5 0 64 51
0 15 64 0
0 60 64 127
0.5 45 64 0
0.5 0 66 45
0.5 120 66 0
0.5 120 69 33
0.5 120 69 0
0.5 0 64 36
0 9 64 0
0 54 64 127
0.5 57 64 0
0.5 0 67 29
0.5 120 67 0
0.5 120 71 34
0.5 120 71 0
0.5 0 64 40
0.5 120 64 0
0.5 0 67 33
0.5 120 67 0
0.5 120 71 40
0.5 120 71 0
0.5 0 64 48
0 6 64 0
0 63 64 127
0.5 51 64 0
0.5 0 69 43
0.5 120 69 0
0.5 120 72 43
0.5 120 72 0
0.5 0 64 55
0 15 64 0
0 60 64 127
0.5 45 64 0
0.5 0 66 47
0.5 120 66 0
0.5 120 69 41
0.5 120 69 0
0.5 0 64 45
0 9 64 0
0 54 64 127
0.5 57 64 0
0.5 0 67 36
0.5 120 67 0
0.5 120 71 41
0.5 120 71 0
0.5 0 64 45
0.5 120 64 0
0.5 0 67 36
0.5 120 67 0
0.5 120 67 44
0.5 120 67 0
0.5 0 59 51
0.5 120 59 0
0.5 0 64 42
0.5 120 64 0
0.5 120 64 46
0.5 120 64 0
0.5 0 55 54
0.5 120 55 0
0.5 0 59 45
0.5 120 59 0
0.5 120 59 49
0.5 120 59 0
0.5 0 52 54
0.5 120 52 0
0.5 0 55 47
0.5 120 55 0
0.5 120 55 53
0.5 120 55 0
0.5 0 52 59
0.5 120 52 0
0.5 0 55 47
0.5 120 55 0
0.5 120 55 53
0.5 120 55 0
0.5 0 47 59
0.5 120 47 0
0.5 0 52 47
0.5 120 52 0
0.5 120 52 53
0.5 120 52 0
0.5 0 43 59
0.5 120 43 0
0.5 0 47 56
0.5 120 47 0
0.5 120 47 49
0.5 120 47 0
0.5 0 40 74
0.5 120 43 33
0.5 120 43 0
0.5 0 47 54
0.5 120 47 0
0.5 0 43 34
0.5 120 43 0
0.5 0 40 0
0.5 0 40 67
0.5 120 43 33
0.5 120 43 0
0.5 0 47 51
0.5 120 47 0
0.5 0 43 37
0.5 120 43 0
0.5 0 40 0
0.5 0 40 66
0.5 120 43 33
0.5 120 43 0
0.5 0 47 56
0.5 120 47 0
0.5 0 43 38
0.5 120 43 0
0.5 0 40 0
0.5 0 40 70
0.5 120 43 33
0.5 120 43 0
0.5 0 47 57
0.5 120 47 0
0.5 0 43 38
0.5 120 43 0
0.5 0 40 0
0.5 0 40 83
0.5 480 40 0
0 0 64 0
0.5 480 64 82
0.5 0 59 65
0.5 0 52 65
0 187 64 127
0.5 53 52 0
0.5 0 59 0
0.5 0 64 0
0.5 720 40 88
0.5 0 28 70
0 774 64 0
0.5 186 28 0
0.5 0 40 0
1 0 0 0
