0 0 7 100
0 0 10 64
0 0 91 127
0.5 2880 69 79
0.5 480 69 0
0.5 0 65 73
0.5 240 65 0
0.5 0 62 70
0.5 1440 62 0
0.5 0 65 72
0.5 240 65 0
0.5 0 69 77
0.5 360 69 0
0.5 0 74 78
0.5 120 74 0
0.5 0 72 77
0.5 1320 72 0
0.5 0 70 75
0.5 120 70 0
0.5 0 69 70
0.5 720 69 0
0.5 600 69 77
0.5 120 69 0
0.5 0 69 77
0.5 480 69 0
0.5 120 65 63
0.5 36 62 63
0.5 4 65 0
0.5 24 62 0
0.5 0 64 63
0.5 28 64 0
0.5 0 65 63
0.5 28 65 0
0.5 0 64 72
0.5 240 64 0
0.5 0 62 72
0.5 240 62 0
0.5 720 65 70
0.5 240 65 0
0.5 0 69 72
0.5 240 69 0
0.5 0 74 76
0.5 360 74 0
0.5 0 77 77
0.5 120 77 0
0.5 0 76 79
0.5 1320 76 0
0.5 0 74 79
0.5 120 74 0
0.5 0 69 79
0.5 360 69 0
0.5 0 69 57
0.5 60 69 0
0.5 0 71 57
0.5 60 71 0
0.5 0 72 58
0.5 60 72 0
0.5 0 71 58
0.5 60 71 0
0.5 0 72 59
0.5 60 72 0
0.5 0 71 59
0.5 60 71 0
0.5 0 72 60
0.5 60 72 0
0.5 0 71 60
0.5 60 71 0
0.5 0 72 61
0.5 60 72 0
0.5 0 71 61
0.5 60 71 0
0.5 0 72 62
0.5 60 72 0
0.5 0 71 62
0.5 60 71 0
0.5 0 72 63
0.5 60 72 0
0.5 0 71 63
0.5 60 71 0
0.5 0 72 63
0.5 60 72 0
0.5 0 71 63
0.5 60 71 0
0.5 0 69 64
0.5 60 69 0
0.5 0 71 64
0.5 60 71 0
0.5 0 72 79
0.5 720 72 0
0.5 0 70 78
0.5 480 70 0
0.5 0 69 73
0.5 240 69 0
0.5 0 67 60
0.5 60 67 0
0.5 0 69 61
0.5 60 69 0
0.5 0 67 61
0.5 60 67 0
0.5 0 69 62
0.5 60 69 0
0.5 0 67 63
0.5 60 67 0
0.5 0 69 63
0.5 60 69 0
0.5 0 67 63
0.5 60 67 0
0.5 0 69 64
0.5 60 69 0
0.5 0 67 64
0.5 60 67 0
0.5 0 69 65
0.5 60 69 0
0.5 0 65 66
0.5 60 65 0
0.5 0 67 67
0.5 60 67 0
0.5 0 69 78
0.5 480 69 0
0.5 120 65 78
0.5 120 65 0
0.5 0 60 72
0.5 1440 60 0
0.5 0 60 72
0.5 144 60 0
0.5 0 62 61
0.5 48 62 0
0.5 0 60 62
0.5 48 60 0
0.5 0 59 63
0.5 48 59 0
0.5 0 60 63
0.5 48 60 0
0.5 0 62 63
0.5 48 62 0
0.5 0 64 64
0.5 48 64 0
0.5 0 65 64
0.5 48 65 0
0.5 0 67 65
0.5 48 67 0
0.5 0 69 66
0.5 48 69 0
0.5 0 70 66
0.5 48 70 0
0.5 0 72 67
0.5 48 72 0
0.5 0 74 68
0.5 48 74 0
0.5 0 76 69
0.5 48 76 0
0.5 0 77 69
0.5 48 77 0
0.5 0 79 70
0.5 48 79 0
0.5 0 81 71
0.5 48 81 0
0.5 0 82 71
0.5 48 82 0
0.5 0 84 72
0.5 48 84 0
0.5 0 86 72
0.5 48 86 0
0.5 0 88 72
0.5 48 88 0
0.5 0 89 73
0.5 48 89 0
0.5 0 91 74
0.5 48 91 0
0.5 0 93 75
0.5 48 93 0
0.5 0 94 75
0.5 48 94 0
0.5 0 96 76
0.5 48 96 0
0.5 0 98 77
0.5 48 98 0
0.5 0 100 77
0.5 48 100 0
0.5 0 101 90
0.5 480 101 0
0.5 960 71 64
0.5 60 71 0
0.5 0 72 64
0.5 60 72 0
0.5 0 71 64
0.5 60 71 0
0.5 0 72 64
0.5 60 72 0
0.5 0 71 64
0.5 60 71 0
0.5 0 72 64
0.5 60 72 0
0.5 0 71 65
0.5 60 71 0
0.5 0 72 65
0.5 60 72 0
0.5 0 71 65
0.5 60 71 0
0.5 0 72 65
0.5 60 72 0
0.5 0 69 65
0.5 60 69 0
0.5 0 71 65
0.5 60 71 0
0.5 0 72 77
0.5 480 72 0
0.5 120 69 77
0.5 120 69 0
0.5 0 64 76
0.5 480 64 0
0.5 0 89 87
0.5 276 89 0
0.5 0 88 74
0.5 57 88 0
0.5 0 84 73
0.5 57 84 0
0.5 0 81 72
0.5 57 81 0
0.5 0 77 72
0.5 57 77 0
0.5 0 76 72
0.5 57 76 0
0.5 0 72 72
0.5 57 72 0
0.5 0 69 71
0.5 57 69 0
0.5 0 65 70
0.5 57 65 0
0.5 0 64 70
0.5 57 64 0
0.5 0 60 69
0.5 57 60 0
0.5 0 57 68
0.5 57 57 0
0.5 0 53 68
0.5 57 53 0
0.5 0 52 85
0.5 480 52 0
0.5 0 52 64
0.5 96 52 0
0.5 0 53 65
0.5 32 53 0
0.5 0 52 66
0.5 32 52 0
0.5 0 51 67
0.5 32 51 0
0.5 0 52 67
0.5 32 52 0
0.5 0 54 68
0.5 32 54 0
0.5 0 56 68
0.5 32 56 0
0.5 0 57 68
0.5 32 57 0
0.5 0 59 69
0.5 32 59 0
0.5 0 60 69
0.5 32 60 0
0.5 0 62 70
0.5 32 62 0
0.5 0 64 70
0.5 32 64 0
0.5 0 66 71
0.5 32 66 0
0.5 0 68 71
0.5 32 68 0
0.5 0 69 72
0.5 32 69 0
0.5 0 71 72
0.5 32 71 0
0.5 0 72 72
0.5 32 72 0
0.5 0 74 72
0.5 32 74 0
0.5 0 76 73
0.5 32 76 0
0.5 0 78 74
0.5 32 78 0
0.5 0 80 74
0.5 32 80 0
0.5 0 81 75
0.5 32 81 0
0.5 0 83 75
0.5 32 83 0
0.5 0 84 76
0.5 32 84 0
0.5 0 86 76
0.5 32 86 0
0.5 0 88 77
0.5 32 88 0
0.5 0 90 77
0.5 32 90 0
0.5 0 92 78
0.5 32 92 0
0.5 0 93 85
0.5 480 93 0
0.5 2400 64 77
0.5 480 64 0
0.5 0 60 70
0.5 240 60 0
0.5 0 57 67
0.5 1440 57 0
0.5 0 60 72
0.5 240 60 0
0.5 0 64 77
0.5 360 64 0
0.5 0 69 78
0.5 120 69 0
0.5 0 67 77
0.5 1320 67 0
0.5 0 65 75
0.5 120 65 0
0.5 0 64 70
0.5 720 64 0
0.5 600 64 77
0.5 120 64 0
0.5 0 64 77
0.5 480 64 0
0.5 120 60 63
0.5 36 57 63
0.5 4 60 0
0.5 24 57 0
0.5 0 59 63
0.5 28 59 0
0.5 0 60 63
0.5 28 60 0
0.5 0 59 72
0.5 240 59 0
0.5 0 57 72
0.5 240 57 0
0.5 720 60 70
0.5 240 60 0
0.5 0 64 72
0.5 240 64 0
0.5 0 69 76
0.5 360 69 0
0.5 0 72 77
0.5 120 72 0
0.5 0 71 79
0.5 1320 71 0
0.5 0 69 79
0.5 120 69 0
0.5 0 64 79
0.5 360 64 0
0.5 0 64 57
0.5 60 64 0
0.5 0 66 57
0.5 60 66 0
0.5 0 67 58
0.5 60 67 0
0.5 0 66 58
0.5 60 66 0
0.5 0 67 59
0.5 60 67 0
0.5 0 66 59
0.5 60 66 0
0.5 0 67 60
0.5 60 67 0
0.5 0 66 60
0.5 60 66 0
0.5 0 67 61
0.5 60 67 0
0.5 0 66 61
0.5 60 66 0
0.5 0 67 62
0.5 60 67 0
0.5 0 66 62
0.5 60 66 0
0.5 0 67 63
0.5 60 67 0
0.5 0 66 63
0.5 60 66 0
0.5 0 67 63
0.5 60 67 0
0.5 0 66 63
0.5 60 66 0
0.5 0 64 64
0.5 60 64 0
0.5 0 66 64
0.5 60 66 0
0.5 0 67 79
0.5 720 67 0
0.5 0 65 78
0.5 480 65 0
0.5 0 64 77
0.5 240 64 0
0.5 0 62 60
0.5 60 62 0
0.5 0 64 61
0.5 60 64 0
0.5 0 62 61
0.5 60 62 0
0.5 0 64 62
0.5 60 64 0
0.5 0 62 63
0.5 60 62 0
0.5 0 64 63
0.5 60 64 0
0.5 0 62 63
0.5 60 62 0
0.5 0 64 64
0.5 60 64 0
0.5 0 62 64
0.5 60 62 0
0.5 0 64 65
0.5 60 64 0
0.5 0 60 66
0.5 60 60 0
0.5 0 62 67
0.5 60 62 0
0.5 0 64 78
0.5 480 64 0
0.5 120 60 78
0.5 120 60 0
0.5 0 55 72
0.5 1440 55 0
0.5 0 55 72
0.5 144 55 0
0.5 0 57 61
0.5 48 57 0
0.5 0 55 62
0.5 48 55 0
0.5 0 54 63
0.5 48 54 0
0.5 0 55 63
0.5 48 55 0
0.5 0 57 63
0.5 48 57 0
0.5 0 59 64
0.5 48 59 0
0.5 0 60 64
0.5 48 60 0
0.5 0 62 65
0.5 48 62 0
0.5 0 64 66
0.5 48 64 0
0.5 0 65 66
0.5 48 65 0
0.5 0 67 67
0.5 48 67 0
0.5 0 69 68
0.5 48 69 0
0.5 0 71 69
0.5 48 71 0
0.5 0 72 69
0.5 48 72 0
0.5 0 74 70
0.5 48 74 0
0.5 0 76 71
0.5 48 76 0
0.5 0 77 71
0.5 48 77 0
0.5 0 79 72
0.5 48 79 0
0.5 0 81 72
0.5 48 81 0
0.5 0 83 72
0.5 48 83 0
0.5 0 84 73
0.5 48 84 0
0.5 0 86 74
0.5 48 86 0
0.5 0 88 75
0.5 48 88 0
0.5 0 89 75
0.5 48 89 0
0.5 0 91 76
0.5 48 91 0
0.5 0 93 77
0.5 48 93 0
0.5 0 95 77
0.5 48 95 0
0.5 0 96 90
0.5 480 96 0
0.5 960 66 64
0.5 60 66 0
0.5 0 67 64
0.5 60 67 0
0.5 0 66 64
0.5 60 66 0
0.5 0 67 64
0.5 60 67 0
0.5 0 66 64
0.5 60 66 0
0.5 0 67 64
0.5 60 67 0
0.5 0 66 65
0.5 60 66 0
0.5 0 67 65
0.5 60 67 0
0.5 0 66 65
0.5 60 66 0
0.5 0 67 65
0.5 60 67 0
0.5 0 64 65
0.5 60 64 0
0.5 0 66 65
0.5 60 66 0
0.5 0 67 77
0.5 480 67 0
0.5 120 64 77
0.5 120 64 0
0.5 0 59 76
0.5 480 59 0
0.5 0 84 87
0.5 288 84 0
0.5 0 83 74
0.5 56 83 0
0.5 0 79 73
0.5 56 79 0
0.5 0 76 72
0.5 56 76 0
0.5 0 72 72
0.5 56 72 0
0.5 0 71 72
0.5 56 71 0
0.5 0 67 72
0.5 56 67 0
0.5 0 64 71
0.5 56 64 0
0.5 0 60 70
0.5 56 60 0
0.5 0 59 70
0.5 56 59 0
0.5 0 55 69
0.5 56 55 0
0.5 0 52 68
0.5 56 52 0
0.5 0 48 68
0.5 56 48 0
0.5 0 47 90
0.5 792 47 0
0.5 0 48 60
0.5 36 48 0
0.5 0 51 62
0.5 36 51 0
0.5 0 54 63
0.5 36 54 0
0.5 0 57 63
0.5 36 57 0
0.5 0 60 64
0.5 36 60 0
0.5 0 63 65
0.5 36 63 0
0.5 0 66 67
0.5 36 66 0
0.5 0 69 68
0.5 36 69 0
0.5 0 72 69
0.5 36 72 0
0.5 0 75 71
0.5 36 75 0
0.5 0 78 72
0.5 36 78 0
0.5 0 81 72
0.5 36 81 0
0.5 0 84 73
0.5 36 84 0
0.5 0 87 75
0.5 36 87 0
0.5 0 90 76
0.5 36 90 0
0.5 0 93 77
0.5 36 93 0
0.5 0 96 78
0.5 36 96 0
0.5 0 99 79
0.5 36 99 0
0.5 0 100 90
0.5 480 100 0
0.5 240 67 79
0.5 1200 67 0
0.5 0 67 78
0.5 160 67 0
0.5 0 67 72
0.5 40 67 0
0.5 0 70 72
0.5 40 70 0
0.5 0 68 80
0.5 480 68 0
0.5 120 67 78
0.5 120 67 0
0.5 0 67 77
0.5 480 67 0
0.5 0 63 80
0.5 240 63 0
0.5 0 60 78
0.5 1440 60 0
0.5 0 63 76
0.5 240 63 0
0.5 0 67 78
0.5 360 67 0
0.5 0 72 81
0.5 120 72 0
0.5 0 70 81
0.5 480 70 0
0.5 0 68 79
0.5 240 68 0
0.5 0 63 79
0.5 960 68 81
0.5 36 63 0
0.5 324 68 0
0.5 0 68 78
0.5 120 68 0
0.5 0 68 74
0.5 120 65 76
0.5 120 65 0
0.5 0 66 78
0.5 120 66 0
0.5 0 63 80
0.5 120 63 0
0.5 0 66 81
0.5 120 66 0
0.5 0 56 82
0.5 120 56 0
0.5 0 68 0
0.5 0 68 84
0.5 480 68 0
0.5 0 65 82
0.5 240 65 0
0.5 0 61 82
0.5 1200 61 0
0.5 0 65 77
0.5 240 65 0
0.5 0 68 79
0.5 240 68 0
0.5 0 73 81
0.5 360 73 0
0.5 0 77 82
0.5 120 77 0
0.5 0 75 79
0.5 480 75 0
0.5 0 73 77
0.5 240 73 0
0.5 0 68 72
0.5 720 68 0
0.5 480 65 54
0.5 240 65 0
0.5 0 68 56
0.5 240 68 0
0.5 0 73 58
0.5 360 73 0
0.5 0 77 61
0.5 120 77 0
0.5 0 75 60
0.5 480 75 0
0.5 0 73 59
0.5 240 73 0
0.5 0 69 52
0.5 960 69 0
0.5 0 69 60
0.5 240 69 0
0.5 0 69 58
0.5 240 69 0
0.5 0 69 62
0.5 240 69 0
0.5 0 65 55
0.5 240 65 0
0.5 120 67 62
0.5 120 67 0
0.5 0 69 62
0.5 1680 69 0
0.5 0 69 62
0.5 0 81 62
0.5 240 81 0
0.5 0 69 0
0.5 0 81 64
0.5 0 69 64
0.5 240 69 0
0.5 0 81 0
0.5 0 69 67
0.5 0 81 67
0.5 180 81 0
0.5 0 69 0
0.5 0 84 60
0.5 0 72 60
0.5 60 72 0
0.5 0 84 0
0.5 0 82 66
0.5 0 70 66
0.5 360 70 0
0.5 0 82 0
0.5 0 69 72
0.5 0 81 72
0.5 120 81 0
0.5 0 69 0
0.5 0 69 68
0.5 0 81 68
0.5 480 81 0
0.5 0 69 0
0.5 0 65 66
0.5 0 77 66
0.5 240 77 0
0.5 0 65 0
0.5 0 74 66
0.5 0 62 66
0.5 1160 74 0
0.5 20 62 0
0.5 20 65 70
0.5 0 77 70
0.5 240 77 0
0.5 0 65 0
0.5 0 81 72
0.5 0 69 72
0.5 240 69 0
0.5 0 81 0
0.5 0 86 75
0.5 0 74 75
0.5 360 74 0
0.5 0 86 0
0.5 0 89 79
0.5 0 77 79
0.5 120 77 0
0.5 0 89 0
0.5 0 88 81
0.5 0 76 81
0.5 480 76 0
0.5 0 88 0
0.5 0 86 76
0.5 0 74 76
0.5 240 74 0
0.5 0 86 0
0.5 0 67 80
0.5 0 79 80
0.5 240 79 0
0.5 0 67 0
0.5 0 86 83
0.5 0 74 83
0.5 360 74 0
0.5 0 86 0
0.5 0 89 84
0.5 0 77 84
0.5 120 77 0
0.5 0 89 0
0.5 0 76 84
0.5 0 88 84
0.5 480 88 0
0.5 0 76 0
0.5 0 86 82
0.5 0 74 82
0.5 240 74 0
0.5 0 86 0
0.5 0 80 78
0.5 0 68 78
0.5 240 68 0
0.5 0 80 0
0.5 0 74 81
0.5 0 86 81
0.5 240 86 0
0.5 0 74 0
0.5 0 89 83
0.5 0 77 83
0.5 240 77 0
0.5 0 89 0
0.5 0 98 72
0.5 0 101 72
0.5 80 101 0
0.5 0 98 0
0.5 0 100 72
0.5 0 97 72
0.5 80 97 0
0.5 0 100 0
0.5 0 96 72
0.5 0 99 72
0.5 80 99 0
0.5 0 96 0
0.5 0 98 71
0.5 0 95 71
0.5 80 95 0
0.5 0 98 0
0.5 0 97 71
0.5 0 94 71
0.5 80 94 0
0.5 0 97 0
0.5 0 93 71
0.5 0 96 71
0.5 80 96 0
0.5 0 93 0
0.5 0 95 70
0.5 0 92 70
0.5 80 92 0
0.5 0 95 0
0.5 0 91 70
0.5 0 94 70
0.5 80 94 0
0.5 0 91 0
0.5 0 93 70
0.5 0 90 70
0.5 80 90 0
0.5 0 93 0
0.5 0 92 69
0.5 0 89 69
0.5 80 89 0
0.5 0 92 0
0.5 0 88 69
0.5 0 91 69
0.5 80 91 0
0.5 0 88 0
0.5 0 87 69
0.5 0 90 69
0.5 80 90 0
0.5 0 87 0
0.5 0 89 68
0.5 0 86 68
0.5 80 86 0
0.5 0 89 0
0.5 0 85 68
0.5 0 88 68
0.5 80 88 0
0.5 0 85 0
0.5 0 84 68
0.5 0 87 68
0.5 80 87 0
0.5 0 84 0
0.5 0 83 67
0.5 0 86 67
0.5 80 86 0
0.5 0 83 0
0.5 0 85 67
0.5 0 82 67
0.5 80 82 0
0.5 0 85 0
0.5 0 84 67
0.5 0 81 67
0.5 80 81 0
0.5 0 84 0
0.5 0 80 66
0.5 0 83 66
0.5 80 83 0
0.5 0 80 0
0.5 0 82 66
0.5 0 79 66
0.5 80 79 0
0.5 0 82 0
0.5 0 78 66
0.5 0 81 66
0.5 80 81 0
0.5 0 78 0
0.5 0 80 65
0.5 0 77 65
0.5 80 77 0
0.5 0 80 0
0.5 0 79 65
0.5 0 76 65
0.5 80 76 0
0.5 0 79 0
0.5 0 75 65
0.5 0 78 65
0.5 80 78 0
0.5 0 75 0
0.5 0 77 64
0.5 0 74 64
0.5 80 74 0
0.5 0 77 0
0.5 0 73 64
0.5 0 76 64
0.5 80 76 0
0.5 0 73 0
0.5 0 75 64
0.5 0 72 64
0.5 80 72 0
0.5 0 75 0
0.5 0 74 64
0.5 0 71 64
0.5 80 71 0
0.5 0 74 0
0.5 0 70 64
0.5 0 73 64
0.5 80 73 0
0.5 0 70 0
0.5 0 72 64
0.5 0 69 64
0.5 80 69 0
0.5 0 72 0
0.5 0 68 63
0.5 0 71 63
0.5 80 71 0
0.5 0 68 0
0.5 0 70 63
0.5 0 67 63
0.5 80 67 0
0.5 0 70 0
0.5 0 69 63
0.5 0 66 63
0.5 80 66 0
0.5 0 69 0
0.5 0 65 63
0.5 0 68 63
0.5 80 68 0
0.5 0 65 0
0.5 0 64 63
0.5 0 67 63
0.5 80 67 0
0.5 0 64 0
0.5 0 62 63
0.5 0 67 63
0.5 80 67 0
0.5 0 62 0
0.5 0 57 85
0.5 480 57 0
0.5 120 69 83
0.5 120 69 0
0.5 0 69 86
0.5 960 69 0
0.5 0 67 81
0.5 360 67 0
0.5 0 65 78
0.5 120 65 0
0.5 0 64 76
0.5 120 64 0
0.5 0 65 78
0.5 100 65 0
0.5 0 64 78
0.5 100 64 0
0.5 0 62 78
0.5 100 62 0
0.5 0 64 78
0.5 100 64 0
0.5 0 65 78
0.5 100 65 0
0.5 0 62 73
0.5 100 62 0
0.5 0 69 78
0.5 0 57 78
0.5 240 57 0
0.5 0 69 0
0.5 240 81 84
0.5 0 69 84
0.5 120 69 0
0.5 0 81 0
0.5 120 93 84
0.5 0 81 84
0.5 960 81 0
0.5 0 93 0
0.5 0 91 85
0.5 0 79 85
0.5 360 79 0
0.5 0 91 0
0.5 0 89 87
0.5 0 77 87
0.5 120 77 0
0.5 0 89 0
0.5 0 88 80
0.5 0 76 80
0.5 120 76 0
0.5 0 88 0
0.5 0 89 82
0.5 0 77 82
0.5 100 77 0
0.5 0 89 0
0.5 0 88 82
0.5 0 76 82
0.5 100 76 0
0.5 0 88 0
0.5 0 86 82
0.5 0 74 82
0.5 100 74 0
0.5 0 86 0
0.5 0 88 82
0.5 0 76 82
0.5 100 76 0
0.5 0 88 0
0.5 0 89 82
0.5 0 77 82
0.5 100 77 0
0.5 0 89 0
0.5 40 86 82
0.5 0 74 82
0.5 60 74 0
0.5 0 86 0
0.5 0 82 89
0.5 0 94 89
0.5 240 94 0
0.5 0 82 0
0.5 0 88 84
0.5 0 76 84
0.5 240 76 0
0.5 0 88 0
0.5 0 77 84
0.5 0 89 84
0.5 240 89 0
0.5 0 77 0
0.5 0 93 87
0.5 0 81 87
0.5 240 81 0
0.5 0 93 0
0.5 0 91 84
0.5 0 79 84
0.5 240 79 0
0.5 0 91 0
0.5 0 70 84
0.5 0 82 84
0.5 240 82 0
0.5 0 70 0
0.5 0 74 88
0.5 0 86 88
0.5 240 86 0
0.5 0 74 0
0.5 0 79 83
0.5 0 67 83
0.5 240 67 0
0.5 0 79 0
0.5 0 69 80
0.5 0 81 80
0.5 240 81 0
0.5 0 69 0
0.5 0 72 86
0.5 0 84 86
0.5 240 84 0
0.5 0 72 0
0.5 0 70 82
0.5 0 82 82
0.5 240 82 0
0.5 0 70 0
0.5 120 64 79
0.5 0 76 79
0.5 120 76 0
0.5 0 64 0
0.5 0 79 87
0.5 0 67 87
0.5 240 67 0
0.5 0 79 0
0.5 0 58 81
0.5 0 70 81
0.5 240 70 0
0.5 0 58 0
0.5 0 60 79
0.5 0 72 79
0.5 240 72 0
0.5 0 60 0
0.5 0 64 83
0.5 0 76 83
0.5 240 76 0
0.5 0 64 0
0.5 0 62 78
0.5 0 74 78
0.5 240 74 0
0.5 0 62 0
0.5 0 67 78
0.5 0 55 78
0.5 240 55 0
0.5 0 67 0
0.5 0 58 86
0.5 0 70 86
0.5 720 70 0
0.5 0 58 0
0.5 0 61 84
0.5 0 49 84
0.5 720 49 0
0.5 0 61 0
0.5 0 50 86
0.5 0 62 86
0.5 480 62 0
0.5 0 50 0
0.5 960 89 90
0.5 0 101 90
0.5 480 89 0
0.5 120 101 0
0.5 0 100 81
0.5 40 100 0
0.5 0 98 80
0.5 40 98 0
0.5 0 95 80
0.5 40 95 0
0.5 0 91 79
0.5 40 91 0
0.5 0 89 79
0.5 40 89 0
0.5 0 88 78
0.5 40 88 0
0.5 0 86 78
0.5 40 86 0
0.5 0 83 77
0.5 40 83 0
0.5 0 79 77
0.5 40 79 0
0.5 0 77 76
0.5 40 77 0
0.5 0 76 76
0.5 40 76 0
0.5 0 74 75
0.5 40 74 0
0.5 0 71 75
0.5 40 71 0
0.5 0 67 75
0.5 40 67 0
0.5 0 65 74
0.5 40 65 0
0.5 0 64 74
0.5 40 64 0
0.5 0 62 73
0.5 40 62 0
0.5 0 59 73
0.5 40 59 0
0.5 0 55 72
0.5 40 55 0
0.5 0 53 72
0.5 40 53 0
0.5 0 52 72
0.5 40 52 0
0.5 0 50 90
0.5 960 50 0
0.5 480 59 73
0.5 0 65 73
0.5 0 71 73
0.5 720 71 0
0.5 0 59 0
0.5 0 58 72
0.5 0 70 72
0.5 720 70 0
0.5 0 58 0
0.5 0 65 0
0.5 0 57 69
0.5 0 65 69
0.5 0 69 69
0.5 480 69 0
0.5 0 65 0
0.5 0 57 0
0.5 960 89 90
0.5 0 101 90
0.5 480 89 0
0.5 120 101 0
0.5 0 100 80
0.5 40 100 0
0.5 0 98 79
0.5 40 98 0
0.5 0 95 79
0.5 40 95 0
0.5 0 91 78
0.5 40 91 0
0.5 0 89 78
0.5 40 89 0
0.5 0 88 78
0.5 40 88 0
0.5 0 86 77
0.5 40 86 0
0.5 0 83 77
0.5 40 83 0
0.5 0 79 76
0.5 40 79 0
0.5 0 77 76
0.5 40 77 0
0.5 0 76 75
0.5 40 76 0
0.5 0 74 75
0.5 40 74 0
0.5 0 71 75
0.5 40 71 0
0.5 0 67 74
0.5 40 67 0
0.5 0 65 74
0.5 40 65 0
0.5 0 64 73
0.5 40 64 0
0.5 0 62 73
0.5 40 62 0
0.5 0 59 73
0.5 40 59 0
0.5 0 55 72
0.5 40 55 0
0.5 0 53 72
0.5 40 53 0
0.5 0 52 72
0.5 40 52 0
0.5 0 50 90
0.5 960 50 0
0.5 480 71 72
0.5 0 59 61
0.5 0 65 61
0.5 130 65 0
0.5 0 59 0
0.5 0 71 0
0.5 14 71 73
0.5 0 65 62
0.5 0 59 62
0.5 130 59 0
0.5 0 65 0
0.5 0 71 0
0.5 14 71 74
0.5 0 65 63
0.5 0 59 63
0.5 130 59 0
0.5 0 65 0
0.5 0 71 0
0.5 14 59 63
0.5 0 65 63
0.5 0 71 75
0.5 130 71 0
0.5 0 65 0
0.5 0 59 0
0.5 14 65 64
0.5 0 59 64
0.5 0 71 76
0.5 130 71 0
0.5 0 59 0
0.5 0 65 0
0.5 14 70 77
0.5 0 58 65
0.5 0 65 65
0.5 130 65 0
0.5 0 58 0
0.5 0 70 0
0.5 14 58 67
0.5 0 65 67
0.5 0 70 79
0.5 130 70 0
0.5 0 65 0
0.5 0 58 0
0.5 14 70 80
0.5 0 58 67
0.5 0 65 67
0.5 130 65 0
0.5 0 58 0
0.5 0 70 0
0.5 14 65 68
0.5 0 70 81
0.5 0 58 68
0.5 130 58 0
0.5 0 70 0
0.5 0 65 0
0.5 14 65 68
0.5 0 70 81
0.5 0 58 68
0.5 130 58 0
0.5 0 70 0
0.5 0 65 0
0.5 104 57 77
0.5 30 65 81
0.5 60 69 85
0.5 60 65 0
0.5 0 57 0
0.5 30 69 0
0.5 450 98 102
0.5 0 86 90
0.5 720 86 0
0.5 0 98 0
0.5 0 94 86
0.5 60 94 0
0.5 0 93 86
0.5 60 93 0
0.5 0 89 86
0.5 60 89 0
0.5 0 86 85
0.5 60 86 0
0.5 0 82 85
0.5 60 82 0
0.5 0 81 85
0.5 60 81 0
0.5 0 77 84
0.5 60 77 0
0.5 0 74 84
0.5 60 74 0
0.5 0 70 84
0.5 60 70 0
0.5 0 69 83
0.5 60 69 0
0.5 0 65 83
0.5 60 65 0
0.5 0 62 83
0.5 60 62 0
0.5 0 58 82
0.5 60 58 0
0.5 0 57 82
0.5 60 57 0
0.5 0 53 82
0.5 60 53 0
0.5 0 50 81
0.5 60 50 0
0.5 0 46 81
0.5 60 46 0
0.5 0 45 81
0.5 60 45 0
0.5 0 41 81
0.5 60 41 0
0.5 0 38 81
0.5 60 38 0
0.5 0 34 81
0.5 60 34 0
0.5 0 33 80
0.5 60 33 0
0.5 0 29 80
0.5 60 29 0
0.5 0 28 79
0.5 60 28 0
0.5 0 26 113
0.5 1200 26 0
0.5 240 26 115
0.5 1200 26 0
0.5 240 26 113
0.5 1200 26 0
1 0 0 0
0 0 7 100
0 0 10 64
0 0 64 127
0.5 0 38 92
0.5 120 38 0
0.5 0 45 56
0.5 120 53 56
0.5 120 53 0
0.5 0 38 46
0.5 120 38 0
0.5 0 57 69
0.5 120 45 0
0.5 120 57 0
0.5 0 38 75
0.5 120 38 0
0.5 0 45 53
0.5 120 53 53
0.5 120 53 0
0.5 0 38 48
0.5 120 38 0
0.5 0 57 65
0.5 120 45 0
0.5 120 57 0
0.5 0 38 63
0.5 120 38 0
0.5 0 45 51
0.5 120 53 51
0.5 120 53 0
0.5 0 38 46
0.5 120 38 0
0.5 0 57 60
0.5 120 45 0
0.5 120 57 0
0.5 0 38 61
0.5 120 38 0
0.5 0 45 52
0.5 120 53 53
0.5 120 53 0
0.5 0 38 46
0.5 120 38 0
0.5 0 57 60
0.5 120 45 0
0.5 120 57 0
0.5 0 38 55
0.5 120 38 0
0.5 0 45 48
0.5 120 53 47
0.5 120 53 0
0.5 0 38 41
0.5 120 38 0
0.5 0 57 50
0.5 120 45 0
0.5 120 57 0
0.5 0 38 54
0.5 120 38 0
0.5 0 45 45
0.5 120 53 45
0.5 120 53 0
0.5 0 38 38
0.5 120 38 0
0.5 0 57 53
0.5 120 45 0
0.5 120 57 0
0.5 0 38 55
0.5 120 38 0
0.5 0 45 45
0.5 120 53 46
0.5 120 53 0
0.5 0 38 40
0.5 120 38 0
0.5 0 57 53
0.5 120 45 0
0.5 120 57 0
0.5 0 38 54
0.5 120 38 0
0.5 0 45 47
0.5 120 53 47
0.5 120 53 0
0.5 0 38 42
0.5 120 38 0
0.5 0 57 56
0.5 120 45 0
0.5 120 57 0
0.5 0 38 57
0 7 64 0
0 49 64 127
0.5 64 38 0
0.5 0 45 49
0.5 120 53 49
0.5 120 53 0
0.5 0 38 44
0.5 120 38 0
0.5 0 57 54
0.5 120 45 0
0.5 120 57 0
0.5 0 38 56
0.5 120 38 0
0.5 0 45 48
0.5 120 53 49
0.5 120 53 0
0.5 0 38 43
0.5 120 38 0
0.5 0 57 54
0.5 120 45 0
0.5 120 57 0
0.5 0 38 54
0 8 64 0
0 56 64 127
0.5 56 38 0
0.5 0 45 48
0.5 120 53 48
0.5 120 53 0
0.5 0 38 43
0.5 120 38 0
0.5 0 57 51
0.5 120 45 0
0.5 120 57 0
0.5 0 38 53
0.5 120 38 0
0.5 0 45 48
0.5 120 53 48
0.5 120 53 0
0.5 0 38 42
0.5 120 38 0
0.5 0 57 51
0.5 120 45 0
0.5 120 57 0
0.5 0 38 57
0.5 120 38 0
0.5 0 45 47
0.5 120 53 47
0.5 120 53 0
0.5 0 38 42
0.5 120 38 0
0.5 0 57 54
0.5 120 45 0
0.5 120 57 0
0.5 0 38 54
0.5 120 38 0
0.5 0 45 45
0.5 120 53 45
0.5 120 53 0
0.5 0 38 41
0.5 120 38 0
0.5 0 57 53
0.5 120 45 0
0.5 120 57 0
0.5 0 38 55
0.5 120 38 0
0.5 0 45 45
0.5 120 53 45
0.5 120 53 0
0.5 0 38 39
0.5 120 38 0
0.5 0 57 53
0.5 120 45 0
0.5 120 57 0
0.5 0 38 54
0.5 120 38 0
0.5 0 45 46
0.5 120 53 46
0.5 120 53 0
0.5 0 38 40
0.5 120 38 0
0.5 0 57 53
0.5 120 45 0
0.5 120 57 0
0.5 0 38 55
0 6 64 0
0.5 114 38 0
0.5 0 45 47
0 14 64 127
0.5 106 53 47
0.5 120 53 0
0.5 0 38 41
0.5 120 38 0
0.5 0 57 53
0.5 120 45 0
0.5 120 57 0
0.5 0 38 54
0.5 120 38 0
0.5 0 45 47
0.5 120 53 46
0.5 120 53 0
0.5 0 38 43
0.5 120 38 0
0.5 0 57 53
0.5 120 45 0
0.5 120 57 0
0.5 0 38 55
0.5 120 38 0
0.5 0 45 47
0.5 120 53 47
0.5 120 53 0
0.5 0 38 44
0.5 120 38 0
0.5 0 57 53
0.5 120 45 0
0.5 120 57 0
0.5 0 38 54
0 12 64 0
0 31 64 127
0.5 77 38 0
0.5 0 43 46
0.5 120 53 47
0.5 120 53 0
0.5 0 38 42
0.5 120 38 0
0.5 0 55 53
0.5 120 43 0
0.5 120 55 0
0.5 0 36 62
0 14 64 0
0 92 64 97
0.5 14 36 0
0.5 0 45 48
0.5 120 53 48
0.5 120 53 0
0.5 0 36 44
0.5 120 36 0
0.5 0 57 56
0.5 120 45 0
0.5 120 57 0
0.5 0 36 60
0 7 64 0
0 64 64 97
0.5 49 36 0
0.5 0 45 49
0.5 120 53 49
0.5 120 53 0
0.5 0 36 45
0.5 120 36 0
0.5 0 57 55
0.5 120 45 0
0.5 120 57 0
0.5 0 36 59
0 8 64 32
0 34 64 96
0.5 78 36 0
0.5 0 43 48
0.5 120 43 0
0.5 0 53 49
0.5 120 53 0
0.5 0 36 45
0.5 120 36 0
0.5 0 55 63
0.5 240 55 0
0.5 0 36 60
0.5 120 36 0
0.5 0 43 49
0.5 120 43 0
0.5 0 53 49
0.5 120 53 0
0.5 0 36 43
0.5 120 36 0
0.5 0 55 62
0.5 240 55 0
0 0 64 32
0.5 0 36 63
0.5 120 36 0
0 0 64 96
0.5 0 46 50
0.5 120 46 0
0.5 0 53 50
0.5 120 53 0
0.5 0 36 45
0.5 120 36 0
0.5 0 55 63
0.5 240 55 0
0.5 0 36 63
0.5 120 36 0
0.5 0 46 48
0.5 120 46 0
0.5 0 53 48
0.5 120 53 0
0.5 0 36 42
0.5 120 36 0
0.5 0 55 63
0.5 240 55 0
0.5 0 36 61
0 6 64 31
0 43 64 96
0.5 71 36 0
0.5 0 46 51
0.5 120 46 0
0.5 0 52 50
0.5 120 52 0
0.5 0 36 44
0.5 120 36 0
0.5 0 55 56
0.5 240 55 0
0.5 0 36 61
0.5 120 36 0
0.5 0 46 49
0.5 120 46 0
0.5 0 52 49
0.5 120 52 0
0.5 0 36 45
0.5 120 36 0
0.5 0 55 57
0.5 240 55 0
0 0 64 32
0.5 0 41 64
0 92 64 95
0.5 28 41 0
0.5 0 48 52
0.5 120 48 0
0.5 0 57 52
0.5 120 57 0
0.5 0 41 45
0.5 120 41 0
0.5 0 60 59
0.5 240 60 0
0.5 0 41 64
0.5 120 41 0
0.5 0 48 52
0.5 120 48 0
0.5 0 57 52
0.5 120 57 0
0.5 0 41 45
0.5 120 41 0
0.5 0 60 59
0.5 240 60 0
0.5 0 41 64
0 10 64 32
0 36 64 96
0.5 74 41 0
0.5 0 51 54
0.5 120 51 0
0.5 0 57 54
0.5 120 57 0
0.5 0 41 46
0.5 120 41 0
0.5 0 59 60
0.5 240 59 0
0.5 0 41 64
0 12 64 0
0 45 64 97
0.5 63 41 0
0.5 0 47 53
0.5 120 47 0
0.5 0 57 53
0.5 120 57 0
0.5 0 41 45
0.5 120 41 0
0.5 0 59 59
0.5 240 59 0
0.5 0 40 64
0 7 64 32
0 56 64 95
0.5 57 40 0
0.5 0 48 52
0.5 120 48 0
0.5 0 57 52
0.5 120 57 0
0.5 0 40 45
0.5 120 40 0
0.5 0 60 60
0.5 240 60 0
0.5 0 40 64
0.5 120 40 0
0.5 0 48 54
0.5 120 48 0
0.5 0 57 54
0.5 120 57 0
0.5 0 40 46
0.5 120 40 0
0.5 0 60 61
0.5 240 60 0
0.5 0 40 64
0 11 64 32
0 23 64 96
0.5 86 40 0
0.5 0 50 54
0.5 120 50 0
0.5 0 56 54
0.5 120 56 0
0.5 0 40 49
0.5 120 40 0
0.5 0 59 60
0.5 240 59 0
0.5 0 40 64
0.5 120 40 0
0.5 0 50 53
0.5 120 50 0
0.5 0 56 53
0.5 120 56 0
0.5 0 40 47
0.5 120 40 0
0.5 0 59 64
0.5 240 59 0
0.5 0 33 67
0 3 64 32
0 82 64 95
0.5 35 33 0
0.5 0 40 53
0.5 120 40 0
0.5 0 48 54
0.5 120 48 0
0.5 0 33 47
0.5 120 33 0
0.5 0 52 59
0.5 240 52 0
0.5 0 33 65
0.5 120 33 0
0.5 0 40 53
0.5 120 40 0
0.5 0 48 53
0.5 120 48 0
0.5 0 33 47
0.5 120 33 0
0.5 0 52 58
0.5 240 52 0
0.5 0 33 64
0.5 120 33 0
0.5 0 40 50
0.5 120 40 0
0.5 0 48 50
0.5 120 48 0
0.5 0 33 45
0.5 120 33 0
0.5 0 52 59
0.5 240 52 0
0.5 0 33 64
0.5 120 33 0
0.5 0 40 48
0.5 120 40 0
0.5 0 48 48
0.5 120 48 0
0.5 0 33 45
0.5 120 33 0
0.5 0 52 58
0.5 240 52 0
0.5 0 33 55
0.5 120 33 0
0.5 0 40 46
0.5 120 40 0
0.5 0 48 46
0.5 120 48 0
0.5 0 33 40
0.5 120 33 0
0.5 0 52 53
0.5 240 52 0
0.5 0 33 54
0.5 120 33 0
0.5 0 40 45
0.5 120 40 0
0.5 0 48 46
0.5 120 48 0
0.5 0 33 41
0.5 120 33 0
0.5 0 52 53
0.5 240 52 0
0.5 0 33 55
0.5 120 33 0
0.5 0 40 46
0.5 120 40 0
0.5 0 48 47
0.5 120 48 0
0.5 0 33 41
0.5 120 33 0
0.5 0 52 53
0.5 240 52 0
0.5 0 33 54
0.5 120 33 0
0.5 0 40 48
0.5 120 40 0
0.5 0 48 48
0.5 120 48 0
0.5 0 33 43
0.5 120 33 0
0.5 0 52 56
0.5 240 52 0
0.5 0 33 57
0 9 64 0
0 47 64 127
0.5 64 33 0
0.5 0 40 48
0.5 120 40 0
0.5 0 48 48
0.5 120 48 0
0.5 0 33 43
0.5 120 33 0
0.5 0 52 54
0.5 240 52 0
0.5 0 33 56
0.5 120 33 0
0.5 0 40 48
0.5 120 40 0
0.5 0 48 48
0.5 120 48 0
0.5 0 33 44
0.5 120 33 0
0.5 0 52 54
0.5 240 52 0
0.5 0 33 54
0 11 64 0
0 53 64 127
0.5 56 33 0
0.5 0 40 48
0.5 120 40 0
0.5 0 48 48
0.5 120 48 0
0.5 0 33 43
0.5 120 33 0
0.5 0 52 51
0.5 240 52 0
0.5 0 33 53
0.5 120 33 0
0.5 0 40 47
0.5 120 40 0
0.5 0 48 47
0.5 120 48 0
0.5 0 33 43
0.5 120 33 0
0.5 0 52 51
0.5 240 52 0
0.5 0 33 57
0 7 64 0
0 47 64 127
0.5 66 33 0
0.5 0 40 48
0.5 120 40 0
0.5 0 48 48
0.5 120 48 0
0.5 0 33 45
0.5 120 33 0
0.5 0 52 54
0.5 240 52 0
0.5 0 33 54
0 11 64 0
0.5 109 33 0
0.5 0 40 46
0.5 120 40 0
0.5 0 48 45
0 13 64 127
0.5 107 48 0
0.5 0 33 41
0.5 120 33 0
0.5 0 52 53
0.5 240 52 0
0.5 0 33 55
0.5 120 33 0
0.5 0 40 45
0.5 120 40 0
0.5 0 48 45
0.5 120 48 0
0.5 0 33 39
0.5 120 33 0
0.5 0 52 53
0.5 240 52 0
0.5 0 33 54
0.5 120 33 0
0.5 0 40 47
0.5 120 40 0
0.5 0 48 47
0.5 120 48 0
0.5 0 33 42
0.5 120 33 0
0.5 0 52 53
0.5 240 52 0
0.5 0 33 55
0 3 64 0
0 53 64 127
0.5 64 33 0
0.5 0 40 46
0.5 120 40 0
0.5 0 48 46
0.5 120 48 0
0.5 0 33 43
0.5 120 33 0
0.5 0 52 53
0.5 240 52 0
0.5 0 33 54
0.5 120 33 0
0.5 0 40 48
0.5 120 40 0
0.5 0 48 47
0.5 120 48 0
0.5 0 33 42
0.5 120 33 0
0.5 0 52 53
0.5 240 52 0
0.5 0 33 55
0.5 120 33 0
0.5 0 40 47
0.5 120 40 0
0.5 0 48 47
0.5 120 48 0
0.5 0 33 44
0.5 120 33 0
0.5 0 52 53
0.5 240 52 0
0.5 0 33 54
0 13 64 0
0 30 64 127
0.5 77 33 0
0.5 0 38 47
0.5 120 38 0
0.5 0 48 47
0.5 120 48 0
0.5 0 33 42
0.5 120 33 0
0.5 0 50 53
0.5 240 50 0
0.5 0 31 62
0 14 64 0
0 92 64 97
0.5 14 31 0
0.5 0 40 48
0.5 120 40 0
0.5 0 48 48
0.5 120 48 0
0.5 0 31 42
0.5 120 31 0
0.5 0 52 56
0.5 240 52 0
0.5 0 31 60
0.5 120 31 0
0.5 0 40 50
0.5 120 40 0
0.5 0 48 49
0.5 120 48 0
0.5 0 31 44
0.5 120 31 0
0.5 0 52 55
0.5 240 52 0
0.5 0 31 59
0 10 64 32
0 32 64 96
0.5 78 31 0
0.5 0 38 48
0.5 120 38 0
0.5 0 48 48
0.5 120 48 0
0.5 0 31 44
0.5 120 31 0
0.5 0 50 53
0.5 240 50 0
0.5 0 31 60
0 10 64 0
0 29 64 97
0.5 81 31 0
0.5 0 38 50
0.5 120 38 0
0.5 0 48 50
0.5 120 48 0
0.5 0 31 44
0.5 120 31 0
0.5 0 50 56
0.5 240 50 0
0.5 0 31 60
0 6 64 32
0 79 64 96
0.5 35 31 0
0.5 0 38 50
0.5 120 38 0
0.5 0 48 49
0.5 120 48 0
0.5 0 31 45
0.5 120 31 0
0.5 0 50 55
0.5 240 50 0
0.5 0 31 60
0.5 120 31 0
0.5 0 38 50
0.5 120 38 0
0.5 0 48 48
0.5 120 48 0
0.5 0 31 44
0.5 120 31 0
0.5 0 50 55
0.5 240 50 0
0.5 0 31 61
0 7 64 31
0 34 64 96
0.5 79 31 0
0.5 0 41 51
0.5 120 41 0
0.5 0 47 50
0.5 120 47 0
0.5 0 31 44
0.5 120 31 0
0.5 0 50 50
0.5 240 50 0
0.5 0 31 61
0.5 120 31 0
0.5 0 41 52
0.5 120 41 0
0.5 0 47 51
0.5 120 47 0
0.5 0 31 45
0.5 120 31 0
0.5 0 50 57
0.5 240 50 0
0.5 0 36 64
0 9 64 32
0 69 64 95
0.5 42 36 0
0.5 0 43 54
0.5 120 43 0
0.5 0 52 52
0.5 120 52 0
0.5 0 36 47
0.5 120 36 0
0.5 0 55 59
0.5 240 55 0
0.5 0 36 64
0.5 120 36 0
0.5 0 43 51
0.5 120 43 0
0.5 0 52 51
0.5 120 52 0
0.5 0 36 45
0.5 120 36 0
0.5 0 55 59
0.5 240 55 0
0.5 0 36 64
0 13 64 32
0 58 64 96
0.5 49 36 0
0.5 0 42 53
0.5 120 42 0
0.5 0 52 53
0.5 120 52 0
0.5 0 36 47
0.5 120 36 0
0.5 0 54 60
0.5 240 54 0
0.5 0 36 64
0.5 120 36 0
0.5 0 42 52
0.5 120 42 0
0.5 0 52 52
0.5 120 52 0
0.5 0 36 45
0.5 120 36 0
0.5 0 54 59
0.5 240 54 0
0.5 0 35 64
0 10 64 32
0 39 64 95
0.5 71 35 0
0.5 0 43 51
0.5 120 43 0
0.5 0 52 51
0.5 120 52 0
0.5 0 35 45
0.5 120 35 0
0.5 0 55 60
0.5 240 55 0
0.5 0 35 64
0.5 120 35 0
0.5 0 43 54
0.5 120 43 0
0.5 0 52 54
0.5 120 52 0
0.5 0 35 46
0.5 120 35 0
0.5 0 55 61
0.5 240 55 0
0.5 0 35 64
0 10 64 0
0 36 64 96
0.5 74 35 0
0.5 0 45 54
0.5 120 45 0
0.5 0 51 54
0.5 120 51 0
0.5 0 35 48
0.5 120 35 0
0.5 0 54 59
0.5 240 54 0
0.5 0 35 64
0.5 120 35 0
0.5 0 45 55
0.5 120 45 0
0.5 0 51 55
0.5 120 51 0
0.5 0 35 47
0.5 120 35 0
0.5 0 54 61
0.5 240 54 0
0.5 0 40 64
0 11 64 32
0 92 64 95
0.5 17 40 0
0.5 0 47 54
0.5 120 47 0
0.5 0 55 54
0.5 120 55 0
0.5 0 40 48
0.5 120 40 0
0.5 0 59 60
0.5 240 59 0
0.5 0 40 62
0.5 120 40 0
0.5 0 47 52
0.5 120 47 0
0.5 0 55 52
0.5 120 55 0
0.5 0 40 45
0.5 120 40 0
0.5 0 59 56
0.5 240 59 0
0.5 0 39 61
0 3 64 31
0 43 64 96
0.5 74 39 0
0.5 0 47 51
0.5 120 47 0
0.5 0 55 51
0.5 120 55 0
0.5 0 39 45
0.5 120 39 0
0.5 0 59 57
0.5 240 59 0
0.5 0 38 61
0 12 64 31
0 59 64 96
0.5 49 38 0
0.5 0 47 52
0.5 120 47 0
0.5 0 53 52
0.5 120 53 0
0.5 0 38 45
0.5 120 38 0
0.5 0 55 57
0.5 240 55 0
0.5 0 36 64
0 8 64 31
0 95 64 96
0.5 17 36 0
0.5 0 43 52
0.5 120 43 0
0.5 0 51 52
0.5 120 51 0
0.5 0 36 45
0.5 120 36 0
0.5 0 55 57
0.5 240 55 0
0.5 0 36 63
0.5 120 36 0
0.5 0 43 53
0.5 120 43 0
0.5 0 51 53
0.5 120 51 0
0.5 0 36 45
0.5 120 36 0
0.5 0 55 61
0.5 240 55 0
0.5 0 36 61
0.5 120 36 0
0.5 0 43 52
0.5 120 43 0
0.5 0 51 52
0.5 120 51 0
0.5 0 36 45
0.5 120 36 0
0.5 0 55 57
0.5 240 55 0
0.5 0 36 60
0.5 120 36 0
0.5 0 43 52
0.5 120 43 0
0.5 0 51 52
0.5 120 51 0
0.5 0 36 44
0.5 120 36 0
0.5 0 55 55
0.5 240 55 0
0.5 0 36 63
0 8 64 31
0 61 64 96
0.5 51 36 0
0.5 0 44 49
0.5 120 44 0
0.5 0 51 49
0.5 120 51 0
0.5 0 36 44
0.5 120 36 0
0.5 0 56 58
0.5 240 56 0
0.5 0 36 62
0.5 120 36 0
0.5 0 44 53
0.5 120 44 0
0.5 0 51 51
0.5 120 51 0
0.5 0 36 45
0.5 120 36 0
0.5 0 56 57
0.5 240 56 0
0.5 0 36 63
0.5 120 36 0
0.5 0 44 51
0.5 120 44 0
0.5 0 54 51
0.5 120 54 0
0.5 0 36 45
0.5 120 36 0
0.5 0 56 58
0.5 240 56 0
0.5 0 36 64
0.5 120 36 0
0.5 0 44 52
0.5 120 44 0
0.5 0 54 52
0.5 120 54 0
0.5 0 36 45
0.5 120 36 0
0.5 0 56 58
0.5 240 56 0
0 0 64 32
0.5 0 37 64
0 51 64 95
0.5 69 37 0
0.5 0 44 51
0.5 120 44 0
0.5 0 53 52
0.5 120 53 0
0.5 0 37 45
0.5 120 37 0
0.5 0 56 57
0.5 240 56 0
0.5 0 37 64
0.5 120 37 0
0.5 0 44 53
0.5 120 44 0
0.5 0 53 52
0.5 120 53 0
0.5 0 37 46
0.5 120 37 0
0.5 0 56 58
0.5 240 56 0
0.5 0 37 63
0.5 120 37 0
0.5 0 44 53
0.5 120 44 0
0.5 0 53 53
0.5 120 53 0
0.5 0 37 46
0.5 120 37 0
0.5 0 56 59
0.5 240 56 0
0.5 0 37 64
0.5 120 37 0
0.5 0 44 53
0.5 120 44 0
0.5 0 53 53
0.5 120 53 0
0.5 0 37 45
0.5 120 37 0
0.5 0 56 58
0.5 240 56 0
0.5 0 37 62
0.5 120 37 0
0.5 0 44 52
0.5 120 44 0
0.5 0 53 52
0.5 120 53 0
0.5 0 37 45
0.5 120 37 0
0.5 0 56 59
0.5 240 56 0
0.5 0 37 56
0.5 120 37 0
0.5 0 44 49
0.5 120 44 0
0.5 0 53 46
0.5 120 53 0
0.5 0 37 43
0.5 120 37 0
0.5 0 56 50
0.5 240 56 0
0.5 0 37 50
0.5 120 37 0
0.5 0 44 34
0.5 120 44 0
0.5 0 53 35
0.5 120 53 0
0.5 0 37 29
0.5 120 37 0
0.5 0 56 42
0.5 240 56 0
0.5 0 37 48
0.5 120 37 0
0.5 0 44 34
0.5 120 44 0
0.5 0 53 34
0.5 120 53 0
0.5 0 37 27
0.5 120 37 0
0.5 0 56 42
0.5 240 56 0
0.5 0 37 43
0 5 64 31
0 98 64 96
0.5 17 37 0
0.5 0 45 32
0.5 120 45 0
0.5 0 53 32
0.5 120 53 0
0.5 0 37 27
0.5 120 37 0
0.5 0 57 42
0.5 240 57 0
0.5 0 37 44
0.5 120 37 0
0.5 0 45 32
0.5 120 45 0
0.5 0 53 32
0.5 120 53 0
0.5 0 37 27
0.5 120 37 0
0.5 0 57 41
0.5 240 57 0
0.5 0 37 46
0.5 120 37 0
0.5 0 45 33
0.5 120 45 0
0.5 0 53 33
0.5 120 53 0
0.5 0 37 27
0.5 120 37 0
0.5 0 57 41
0.5 240 57 0
0.5 0 37 45
0.5 120 37 0
0.5 0 45 33
0.5 120 45 0
0.5 0 53 33
0.5 120 53 0
0.5 0 37 28
0.5 120 37 0
0.5 0 57 41
0.5 240 57 0
0.5 0 37 45
0 8 64 0
0 61 64 96
0.5 51 37 0
0.5 0 45 33
0.5 120 45 0
0.5 0 53 33
0.5 120 53 0
0.5 0 37 27
0.5 120 37 0
0.5 0 57 41
0.5 240 57 0
0.5 0 37 46
0.5 120 37 0
0.5 0 45 34
0.5 120 45 0
0.5 0 53 33
0.5 120 53 0
0.5 0 37 27
0.5 120 37 0
0.5 0 57 41
0.5 240 57 0
0.5 0 37 45
0.5 120 37 0
0.5 0 45 33
0.5 120 45 0
0.5 0 53 33
0.5 120 53 0
0.5 0 37 25
0.5 120 37 0
0.5 0 57 40
0.5 240 57 0
0.5 0 37 45
0.5 120 37 0
0.5 0 45 35
0.5 120 45 0
0.5 0 53 33
0.5 120 53 0
0.5 0 37 26
0.5 120 37 0
0.5 0 57 39
0.5 240 57 0
0.5 0 38 61
0 11 64 31
0.5 109 38 0
0.5 0 45 45
0 49 64 96
0.5 71 45 0
0.5 0 53 45
0.5 120 53 0
0.5 0 38 40
0.5 120 38 0
0.5 0 57 56
0.5 240 57 0
0.5 0 38 56
0.5 120 38 0
0.5 0 45 45
0.5 120 45 0
0.5 0 53 45
0.5 120 53 0
0.5 0 38 39
0.5 120 38 0
0.5 0 57 55
0.5 240 57 0
0.5 0 38 64
0.5 120 38 0
0.5 0 45 45
0.5 120 45 0
0.5 0 53 45
0.5 120 53 0
0.5 0 38 39
0.5 120 38 0
0.5 0 57 57
0.5 240 57 0
0.5 0 38 59
0.5 120 38 0
0.5 0 45 49
0.5 120 45 0
0.5 0 53 47
0.5 120 53 0
0.5 0 38 42
0.5 120 38 0
0.5 0 57 60
0.5 240 57 0
0.5 0 34 64
0 16 64 32
0.5 104 34 0
0.5 0 43 51
0 7 64 96
0.5 113 43 0
0.5 0 50 51
0.5 120 50 0
0.5 0 34 43
0.5 120 34 0
0.5 0 52 63
0.5 240 52 0
0.5 0 34 64
0.5 120 34 0
0.5 0 43 52
0.5 120 43 0
0.5 0 50 52
0.5 120 50 0
0.5 0 34 45
0.5 120 34 0
0.5 0 52 63
0.5 240 52 0
0.5 0 34 72
0 6 64 31
0 63 64 95
0.5 51 34 0
0.5 0 44 59
0.5 120 44 0
0.5 0 50 58
0.5 120 50 0
0.5 0 34 50
0.5 120 34 0
0.5 0 53 64
0.5 240 53 0
0.5 0 34 71
0.5 120 34 0
0.5 0 44 58
0.5 120 44 0
0.5 0 50 58
0.5 120 50 0
0.5 0 34 51
0.5 120 34 0
0.5 0 53 64
0.5 240 53 0
0.5 0 34 72
0.5 120 34 0
0.5 0 44 61
0.5 120 44 0
0.5 0 50 61
0.5 120 50 0
0.5 0 34 54
0.5 120 34 0
0.5 0 53 64
0.5 240 53 0
0.5 0 34 70
0.5 120 34 0
0.5 0 44 60
0.5 120 44 0
0.5 0 50 60
0.5 120 50 0
0.5 0 34 53
0.5 120 34 0
0.5 0 53 64
0.5 240 53 0
0.5 0 34 68
0.5 120 34 0
0.5 0 44 60
0.5 120 44 0
0.5 0 50 60
0.5 120 50 0
0.5 0 34 54
0.5 120 34 0
0.5 0 53 64
0.5 240 53 0
0.5 0 34 67
0.5 120 34 0
0.5 0 44 58
0.5 120 44 0
0.5 0 50 58
0.5 120 50 0
0.5 0 34 52
0.5 120 34 0
0.5 0 53 64
0.5 240 53 0
0.5 0 33 65
0 7 64 32
0.5 113 33 0
0.5 0 41 54
0 42 64 96
0.5 78 41 0
0.5 0 50 54
0.5 120 50 0
0.5 0 33 48
0.5 120 33 0
0.5 0 53 62
0.5 240 53 0
0.5 0 33 66
0.5 120 33 0
0.5 0 41 55
0.5 120 41 0
0.5 0 50 55
0.5 120 50 0
0.5 0 33 49
0.5 120 33 0
0.5 0 53 61
0.5 240 53 0
0.5 0 33 67
0.5 120 33 0
0.5 0 41 55
0.5 120 41 0
0.5 0 50 55
0.5 120 50 0
0.5 0 33 50
0.5 120 33 0
0.5 0 53 63
0.5 240 53 0
0.5 0 33 66
0.5 120 33 0
0.5 0 41 56
0.5 120 41 0
0.5 0 50 56
0.5 120 50 0
0.5 0 33 50
0.5 120 33 0
0.5 0 53 63
0.5 240 53 0
0.5 0 33 67
0 2 64 0
0.5 118 33 0
0 0 64 127
0.5 0 41 57
0.5 120 41 0
0.5 0 50 57
0.5 120 50 0
0.5 0 33 49
0.5 120 33 0
0.5 0 53 61
0.5 240 53 0
0.5 0 33 67
0.5 120 33 0
0.5 0 41 59
0.5 120 41 0
0.5 0 50 59
0.5 120 50 0
0.5 0 33 54
0.5 120 33 0
0.5 0 53 63
0.5 240 53 0
0.5 0 33 70
0.5 120 33 0
0.5 0 41 59
0.5 120 41 0
0.5 0 50 59
0.5 120 50 0
0.5 0 33 53
0.5 120 33 0
0.5 0 53 67
0.5 240 53 0
0.5 0 33 71
0.5 120 33 0
0.5 0 41 59
0.5 120 41 0
0.5 0 50 59
0.5 120 50 0
0.5 0 33 52
0.5 120 33 0
0.5 0 53 67
0.5 240 53 0
0.5 0 33 72
0 4 64 32
0.5 116 33 0
0 0 64 96
0.5 0 43 61
0.5 120 43 0
0.5 0 50 61
0.5 120 50 0
0.5 0 33 54
0.5 120 33 0
0.5 0 52 71
0.5 240 52 0
0.5 0 33 72
0.5 120 33 0
0.5 0 43 58
0.5 120 43 0
0.5 0 50 58
0.5 120 50 0
0.5 0 33 51
0.5 120 33 0
0.5 0 52 70
0.5 240 52 0
0.5 0 33 72
0 10 64 32
0 75 64 96
0.5 35 33 0
0.5 0 43 63
0.5 120 43 0
0.5 0 50 63
0.5 120 50 0
0.5 0 33 57
0.5 120 33 0
0.5 0 52 68
0.5 240 52 0
0.5 0 33 71
0 15 64 31
0 84 64 95
0.5 21 33 0
0.5 0 43 63
0.5 120 43 0
0.5 0 50 63
0.5 120 50 0
0.5 0 33 58
0.5 120 33 0
0.5 0 52 66
0.5 240 52 0
0.5 0 33 71
0 7 64 31
0 85 64 96
0.5 28 33 0
0.5 0 43 61
0.5 120 43 0
0.5 0 50 61
0.5 120 50 0
0.5 0 33 56
0.5 120 33 0
0.5 0 52 65
0.5 240 52 0
0.5 0 33 70
0 9 64 30
0 69 64 96
0.5 42 33 0
0.5 0 43 60
0.5 120 43 0
0.5 0 50 60
0.5 120 50 0
0.5 0 33 54
0.5 120 33 0
0.5 0 52 66
0.5 240 52 0
0.5 0 33 72
0 21 64 0
0 43 64 96
0.5 56 33 0
0.5 0 43 59
0.5 120 43 0
0.5 0 50 60
0.5 120 50 0
0.5 0 33 54
0.5 120 33 0
0.5 0 52 67
0.5 240 52 0
0.5 0 33 71
0 14 64 31
0.5 106 33 0
0.5 0 43 61
0 14 64 97
0.5 106 43 0
0.5 0 45 61
0.5 120 45 0
0.5 0 33 54
0.5 120 33 0
0.5 0 52 65
0.5 240 52 0
0.5 0 38 71
0 10 64 31
0 54 64 96
0.5 56 38 0
0.5 0 45 63
0.5 120 45 0
0.5 0 53 62
0.5 120 53 0
0.5 0 38 57
0.5 120 38 0
0.5 0 57 67
0.5 240 57 0
0.5 0 38 68
0.5 120 38 0
0.5 0 45 62
0.5 120 45 0
0.5 0 53 62
0.5 120 53 0
0.5 0 38 58
0.5 120 38 0
0.5 0 57 66
0.5 240 57 0
0.5 0 38 68
0 11 64 31
0 29 64 96
0.5 80 38 0
0.5 0 44 62
0.5 120 44 0
0.5 0 53 62
0.5 120 53 0
0.5 0 38 56
0.5 120 38 0
0.5 0 56 66
0.5 240 56 0
0.5 0 38 68
0.5 120 38 0
0.5 0 44 61
0.5 120 44 0
0.5 0 53 61
0.5 120 53 0
0.5 0 38 56
0.5 120 38 0
0.5 0 56 65
0.5 240 56 0
0.5 0 38 64
0 7 64 32
0 92 64 95
0.5 21 38 0
0.5 0 45 52
0.5 120 45 0
0.5 0 53 52
0.5 120 53 0
0.5 0 38 45
0.5 120 38 0
0.5 0 57 62
0.5 240 57 0
0.5 0 38 64
0.5 120 38 0
0.5 0 45 53
0.5 120 45 0
0.5 0 53 53
0.5 120 53 0
0.5 0 38 46
0.5 120 38 0
0.5 0 57 63
0.5 240 57 0
0.5 0 38 61
0 8 64 31
0 83 64 95
0.5 29 38 0
0.5 0 44 51
0.5 120 44 0
0.5 0 53 51
0.5 120 53 0
0.5 0 38 46
0.5 120 38 0
0.5 0 56 56
0.5 240 56 0
0.5 0 38 61
0 15 64 31
0 54 64 95
0.5 51 38 0
0.5 0 44 49
0.5 120 44 0
0.5 0 53 49
0.5 120 53 0
0.5 0 38 44
0.5 120 38 0
0.5 0 56 56
0.5 240 56 0
0.5 0 38 61
0 8 64 31
0 77 64 95
0.5 35 38 0
0.5 0 45 49
0.5 120 45 0
0.5 0 53 48
0.5 120 53 0
0.5 0 38 41
0.5 120 38 0
0.5 0 57 56
0.5 240 57 0
0.5 0 38 61
0.5 120 38 0
0.5 0 45 48
0.5 120 45 0
0.5 0 53 48
0.5 120 53 0
0.5 0 38 41
0.5 120 38 0
0.5 0 57 56
0.5 240 57 0
0.5 0 38 68
0 13 64 31
0 24 64 95
0.5 83 38 0
0.5 0 44 52
0.5 120 44 0
0.5 0 53 52
0.5 120 53 0
0.5 0 38 45
0.5 120 38 0
0.5 0 56 61
0.5 240 56 0
0.5 0 38 64
0.5 120 38 0
0.5 0 44 52
0.5 120 44 0
0.5 0 53 52
0.5 120 53 0
0.5 0 38 45
0.5 120 38 0
0.5 0 56 60
0.5 240 56 0
0.5 0 38 64
0 7 64 33
0 92 64 95
0.5 21 38 0
0.5 0 45 52
0.5 120 45 0
0.5 0 53 52
0.5 120 53 0
0.5 0 38 42
0.5 120 38 0
0.5 0 57 60
0.5 240 57 0
0.5 0 38 66
0.5 120 38 0
0.5 0 45 51
0.5 120 45 0
0.5 0 53 51
0.5 120 53 0
0.5 0 38 43
0.5 120 38 0
0.5 0 57 62
0.5 240 57 0
0.5 0 38 68
0 8 64 32
0 59 64 95
0.5 53 38 0
0.5 0 44 51
0.5 120 44 0
0.5 0 53 51
0.5 120 53 0
0.5 0 38 44
0.5 120 38 0
0.5 0 56 61
0.5 240 56 0
0.5 0 38 61
0 15 64 31
0 45 64 96
0.5 60 38 0
0.5 0 44 51
0.5 120 44 0
0.5 0 53 52
0.5 120 53 0
0.5 0 38 45
0.5 120 38 0
0.5 0 56 61
0.5 240 56 0
0.5 0 38 50
0 9 64 31
0.5 21 45 52
0.5 30 53 54
0 4 64 96
0.5 176 53 0
0.5 0 45 0
0.5 240 38 0
0.5 240 69 68
0.5 0 74 81
0.5 0 65 68
0.5 0 77 81
0.5 720 77 0
0.5 0 69 0
0.5 0 74 0
0.5 0 65 0
0 1440 64 0
0 147 64 96
0 5387 64 0
1 0 0 0
