0 0 7 100
0 0 10 64
0 0 91 127
0.5 480 64 90
0.5 120 64 0
0.5 0 60 77
0.5 120 60 0
0.5 0 67 80
0.5 120 67 0
0.5 0 72 78
0.5 120 72 0
0.5 0 76 93
0.5 120 76 0
0.5 0 72 79
0.5 120 72 0
0.5 0 79 82
0.5 120 79 0
0.5 0 84 80
0.5 120 84 0
0.5 0 88 93
0.5 120 88 0
0.5 0 84 80
0.5 120 84 0
0.5 0 91 83
0.5 120 91 0
0.5 0 96 81
0.5 120 96 0
0.5 0 100 95
0.5 120 100 0
0.5 0 96 80
0.5 120 96 0
0.5 0 91 84
0.5 120 91 0
0.5 0 84 80
0.5 120 84 0
0.5 0 88 94
0.5 120 88 0
0.5 0 84 80
0.5 120 84 0
0.5 0 79 83
0.5 120 79 0
0.5 0 72 79
0.5 120 72 0
0.5 0 76 93
0.5 120 76 0
0.5 0 72 79
0.5 120 72 0
0.5 0 67 81
0.5 120 67 0
0.5 0 60 78
0.5 120 60 0
0.5 0 64 92
0.5 120 64 0
0.5 0 60 76
0.5 120 60 0
0.5 720 65 91
0.5 120 65 0
0.5 0 60 77
0.5 120 60 0
0.5 0 69 80
0.5 120 69 0
0.5 0 72 78
0.5 120 72 0
0.5 0 77 93
0.5 120 77 0
0.5 0 72 78
0.5 120 72 0
0.5 0 81 82
0.5 120 81 0
0.5 0 84 80
0.5 120 84 0
0.5 0 89 94
0.5 120 89 0
0.5 0 84 81
0.5 120 84 0
0.5 0 93 83
0.5 120 93 0
0.5 0 96 80
0.5 120 96 0
0.5 0 100 96
0.5 120 100 0
0.5 0 96 80
0.5 120 96 0
0.5 0 93 84
0.5 120 93 0
0.5 0 84 80
0.5 120 84 0
0.5 0 88 95
0.5 120 88 0
0.5 0 84 80
0.5 120 84 0
0.5 0 81 83
0.5 120 81 0
0.5 0 72 79
0.5 120 72 0
0.5 0 76 93
0.5 120 76 0
0.5 0 72 78
0.5 120 72 0
0.5 0 69 81
0.5 120 69 0
0.5 0 60 77
0.5 120 60 0
0.5 0 62 92
0.5 120 62 0
0.5 0 60 76
0.5 120 60 0
0.5 720 62 90
0.5 120 62 0
0.5 0 59 77
0.5 120 59 0
0.5 0 67 80
0.5 120 67 0
0.5 0 71 78
0.5 120 71 0
0.5 0 74 93
0.5 120 74 0
0.5 0 71 79
0.5 120 71 0
0.5 0 79 82
0.5 120 79 0
0.5 0 83 80
0.5 120 83 0
0.5 0 86 94
0.5 120 86 0
0.5 0 83 80
0.5 120 83 0
0.5 0 91 83
0.5 120 91 0
0.5 0 93 79
0.5 120 93 0
0.5 0 98 97
0.5 120 98 0
0.5 0 93 80
0.5 120 93 0
0.5 0 90 84
0.5 120 90 0
0.5 0 84 80
0.5 120 84 0
0.5 0 86 95
0.5 120 86 0
0.5 0 81 80
0.5 120 81 0
0.5 0 78 82
0.5 120 78 0
0.5 0 72 79
0.5 120 72 0
0.5 0 74 94
0.5 120 74 0
0.5 0 69 77
0.5 120 69 0
0.5 0 66 81
0.5 120 66 0
0.5 0 60 77
0.5 120 60 0
0.5 0 62 80
0.5 120 62 0
0.5 840 62 91
0.5 120 62 0
0.5 0 60 76
0.5 120 60 0
0.5 0 65 80
0.5 120 65 0
0.5 0 68 77
0.5 120 68 0
0.5 0 74 92
0.5 120 74 0
0.5 0 72 78
0.5 120 72 0
0.5 0 77 82
0.5 120 77 0
0.5 0 80 79
0.5 120 80 0
0.5 0 86 93
0.5 120 86 0
0.5 0 84 80
0.5 120 84 0
0.5 0 89 83
0.5 120 89 0
0.5 0 92 80
0.5 120 92 0
0.5 0 98 95
0.5 120 98 0
0.5 0 91 79
0.5 120 91 0
0.5 0 89 84
0.5 120 89 0
0.5 0 83 79
0.5 120 83 0
0.5 0 86 94
0.5 120 86 0
0.5 0 79 79
0.5 120 79 0
0.5 0 77 83
0.5 120 77 0
0.5 0 71 78
0.5 120 71 0
0.5 0 74 93
0.5 120 74 0
0.5 0 67 77
0.5 120 67 0
0.5 0 65 81
0.5 120 65 0
0.5 0 59 77
0.5 120 59 0
0.5 0 63 95
0.5 120 63 0
0.5 840 64 85
0.5 120 64 0
0.5 0 60 76
0.5 120 60 0
0.5 0 67 80
0.5 120 67 0
0.5 0 72 78
0.5 120 72 0
0.5 0 76 89
0.5 120 76 0
0.5 0 72 78
0.5 120 72 0
0.5 0 79 82
0.5 120 79 0
0.5 0 84 79
0.5 120 84 0
0.5 0 88 90
0.5 120 88 0
0.5 0 84 80
0.5 120 84 0
0.5 0 91 83
0.5 120 91 0
0.5 0 96 80
0.5 120 96 0
0.5 0 100 92
0.5 120 100 0
0.5 0 96 80
0.5 120 96 0
0.5 0 91 84
0.5 120 91 0
0.5 0 84 80
0.5 120 84 0
0.5 0 88 92
0.5 120 88 0
0.5 0 84 81
0.5 120 84 0
0.5 0 79 83
0.5 120 79 0
0.5 0 72 79
0.5 120 72 0
0.5 0 76 90
0.5 120 76 0
0.5 0 72 78
0.5 120 72 0
0.5 0 67 81
0.5 120 67 0
0.5 0 60 77
0.5 120 60 0
0.5 0 64 89
0.5 120 64 0
0.5 0 60 77
0.5 120 60 0
0.5 720 65 87
0.5 120 65 0
0.5 0 60 76
0.5 120 60 0
0.5 0 65 80
0.5 120 65 0
0.5 0 72 77
0.5 120 72 0
0.5 0 77 89
0.5 120 77 0
0.5 0 72 77
0.5 120 72 0
0.5 0 77 82
0.5 120 77 0
0.5 0 84 79
0.5 120 84 0
0.5 0 89 92
0.5 120 89 0
0.5 0 84 80
0.5 120 84 0
0.5 0 89 83
0.5 120 89 0
0.5 0 96 80
0.5 120 96 0
0.5 0 100 93
0.5 120 100 0
0.5 0 96 80
0.5 120 96 0
0.5 0 90 84
0.5 120 90 0
0.5 0 84 79
0.5 120 84 0
0.5 0 88 93
0.5 120 88 0
0.5 0 84 80
0.5 120 84 0
0.5 0 78 83
0.5 120 78 0
0.5 0 72 79
0.5 120 72 0
0.5 0 76 90
0.5 120 76 0
0.5 0 72 79
0.5 120 72 0
0.5 0 66 81
0.5 120 66 0
0.5 0 60 78
0.5 120 60 0
0.5 0 64 89
0.5 120 64 0
0.5 0 60 77
0.5 120 60 0
0.5 720 62 81
0.5 120 62 0
0.5 0 60 73
0.5 120 60 0
0.5 0 67 76
0.5 120 67 0
0.5 0 72 74
0.5 120 72 0
0.5 0 74 86
0.5 120 74 0
0.5 0 72 74
0.5 120 72 0
0.5 0 79 77
0.5 120 79 0
0.5 0 84 75
0.5 120 84 0
0.5 0 86 88
0.5 120 86 0
0.5 0 84 76
0.5 120 84 0
0.5 0 91 78
0.5 120 91 0
0.5 0 96 76
0.5 120 96 0
0.5 0 98 89
0.5 120 98 0
0.5 0 95 76
0.5 120 95 0
0.5 0 91 79
0.5 120 91 0
0.5 0 83 75
0.5 120 83 0
0.5 0 86 87
0.5 120 86 0
0.5 0 83 75
0.5 120 83 0
0.5 0 79 78
0.5 120 79 0
0.5 0 71 74
0.5 120 71 0
0.5 0 74 86
0.5 120 74 0
0.5 0 71 75
0.5 120 71 0
0.5 0 67 76
0.5 120 67 0
0.5 0 59 74
0.5 120 59 0
0.5 0 62 83
0.5 120 62 0
0.5 0 59 73
0.5 120 59 0
0.5 720 64 77
0.5 120 64 0
0.5 0 62 70
0.5 120 62 0
0.5 0 67 75
0.5 120 67 0
0.5 0 74 72
0.5 120 74 0
0.5 0 76 77
0.5 120 76 0
0.5 0 74 72
0.5 120 74 0
0.5 0 79 74
0.5 120 79 0
0.5 0 86 72
0.5 120 86 0
0.5 0 88 80
0.5 120 88 0
0.5 0 86 72
0.5 120 86 0
0.5 0 91 74
0.5 120 91 0
0.5 0 98 72
0.5 120 98 0
0.5 0 100 78
0.5 120 100 0
0.5 0 96 69
0.5 120 96 0
0.5 0 91 73
0.5 120 91 0
0.5 0 84 69
0.5 120 84 0
0.5 0 88 78
0.5 120 88 0
0.5 0 84 68
0.5 120 84 0
0.5 0 79 71
0.5 120 79 0
0.5 0 72 65
0.5 120 72 0
0.5 0 76 75
0.5 120 76 0
0.5 0 72 66
0.5 120 72 0
0.5 0 67 69
0.5 120 67 0
0.5 0 60 64
0.5 120 60 0
0.5 0 64 71
0.5 120 64 0
0.5 0 60 64
0.5 120 60 0
0.5 600 64 53
0.5 120 64 0
0.5 0 65 59
0.5 120 65 0
0.5 0 64 51
0.5 120 64 0
0.5 0 72 54
0.5 120 72 0
0.5 0 76 52
0.5 120 76 0
0.5 0 77 61
0.5 120 77 0
0.5 0 76 51
0.5 120 76 0
0.5 0 84 56
0.5 120 84 0
0.5 0 88 52
0.5 120 88 0
0.5 0 89 62
0.5 120 89 0
0.5 0 88 54
0.5 120 88 0
0.5 0 96 56
0.5 120 96 0
0.5 0 100 52
0.5 120 100 0
0.5 0 101 63
0.5 120 101 0
0.5 0 98 53
0.5 120 98 0
0.5 0 95 56
0.5 120 95 0
0.5 0 86 53
0.5 120 86 0
0.5 0 89 62
0.5 120 89 0
0.5 0 86 53
0.5 120 86 0
0.5 0 83 56
0.5 120 83 0
0.5 0 74 52
0.5 120 74 0
0.5 0 77 61
0.5 120 77 0
0.5 0 74 51
0.5 120 74 0
0.5 0 71 55
0.5 120 71 0
0.5 0 62 51
0.5 120 62 0
0.5 0 65 60
0.5 120 65 0
0.5 0 62 50
0.5 120 62 0
0.5 0 59 54
0.5 120 59 0
0.5 600 64 64
0.5 120 64 0
0.5 0 62 51
0.5 120 62 0
0.5 0 71 55
0.5 120 71 0
0.5 0 74 53
0.5 120 74 0
0.5 0 76 66
0.5 120 76 0
0.5 0 74 52
0.5 120 74 0
0.5 0 83 58
0.5 120 83 0
0.5 0 86 53
0.5 120 86 0
0.5 0 88 66
0.5 120 88 0
0.5 0 86 54
0.5 120 86 0
0.5 0 95 59
0.5 120 95 0
0.5 0 98 55
0.5 120 98 0
0.5 0 100 68
0.5 120 100 0
0.5 0 96 57
0.5 120 96 0
0.5 0 93 59
0.5 120 93 0
0.5 0 84 57
0.5 120 84 0
0.5 0 88 71
0.5 120 88 0
0.5 0 84 58
0.5 120 84 0
0.5 0 81 63
0.5 120 81 0
0.5 0 72 61
0.5 120 72 0
0.5 0 76 74
0.5 120 76 0
0.5 0 72 61
0.5 120 72 0
0.5 0 69 66
0.5 120 69 0
0.5 0 60 61
0.5 120 60 0
0.5 0 64 77
0.5 120 64 0
0.5 0 60 63
0.5 120 60 0
0.5 720 64 82
0.5 120 64 0
0.5 0 60 67
0.5 120 60 0
0.5 0 69 72
0.5 120 69 0
0.5 0 72 68
0.5 120 72 0
0.5 0 76 82
0.5 120 76 0
0.5 0 72 69
0.5 120 72 0
0.5 0 81 73
0.5 120 81 0
0.5 0 84 70
0.5 120 84 0
0.5 0 88 83
0.5 120 88 0
0.5 0 84 71
0.5 120 84 0
0.5 0 93 74
0.5 120 93 0
0.5 0 96 71
0.5 120 96 0
0.5 0 99 86
0.5 120 99 0
0.5 0 95 71
0.5 120 95 0
0.5 0 93 75
0.5 120 93 0
0.5 0 83 68
0.5 120 83 0
0.5 0 87 78
0.5 120 87 0
0.5 0 83 63
0.5 120 83 0
0.5 0 81 67
0.5 120 81 0
0.5 0 71 62
0.5 120 71 0
0.5 0 75 72
0.5 120 75 0
0.5 0 71 59
0.5 120 71 0
0.5 0 69 63
0.5 120 69 0
0.5 0 59 55
0.5 120 59 0
0.5 0 63 61
0.5 120 63 0
0.5 840 64 61
0.5 120 64 0
0.5 0 59 50
0.5 120 59 0
0.5 0 69 54
0.5 120 69 0
0.5 0 71 49
0.5 120 71 0
0.5 0 76 62
0.5 120 76 0
0.5 0 71 50
0.5 120 71 0
0.5 0 81 54
0.5 120 81 0
0.5 0 83 50
0.5 120 83 0
0.5 0 88 62
0.5 120 88 0
0.5 0 83 50
0.5 120 83 0
0.5 0 93 54
0.5 120 93 0
0.5 0 95 50
0.5 120 95 0
0.5 0 100 62
0.5 120 100 0
0.5 0 95 49
0.5 120 95 0
0.5 0 92 54
0.5 120 92 0
0.5 0 83 49
0.5 120 83 0
0.5 0 88 61
0.5 120 88 0
0.5 0 83 50
0.5 120 83 0
0.5 0 80 54
0.5 120 80 0
0.5 0 71 50
0.5 120 71 0
0.5 0 76 61
0.5 120 76 0
0.5 0 71 50
0.5 120 71 0
0.5 0 68 54
0.5 120 68 0
0.5 0 59 50
0.5 120 59 0
0.5 0 64 53
0.5 120 64 0
0.5 0 59 50
0.5 120 59 0
0.5 720 67 61
0.5 120 67 0
0.5 0 64 50
0.5 120 64 0
0.5 0 69 54
0.5 120 69 0
0.5 0 73 51
0.5 120 73 0
0.5 0 79 62
0.5 120 79 0
0.5 0 76 50
0.5 120 76 0
0.5 0 81 55
0.5 120 81 0
0.5 0 85 50
0.5 120 85 0
0.5 0 91 63
0.5 120 91 0
0.5 0 85 52
0.5 120 85 0
0.5 0 81 57
0.5 120 81 0
0.5 0 76 52
0.5 120 76 0
0.5 0 91 65
0.5 120 91 0
0.5 0 84 52
0.5 120 84 0
0.5 0 81 57
0.5 120 81 0
0.5 0 76 52
0.5 120 76 0
0.5 0 79 65
0.5 120 79 0
0.5 0 72 53
0.5 120 72 0
0.5 0 69 57
0.5 120 69 0
0.5 0 64 53
0.5 120 64 0
0.5 0 67 65
0.5 120 67 0
0.5 0 60 53
0.5 120 60 0
0.5 240 66 64
0.5 120 66 0
0.5 0 60 56
0.5 120 60 0
0.5 720 65 72
0.5 120 65 0
0.5 0 62 59
0.5 120 62 0
0.5 0 67 64
0.5 120 67 0
0.5 0 72 62
0.5 120 72 0
0.5 0 77 73
0.5 120 77 0
0.5 0 74 63
0.5 120 74 0
0.5 0 79 67
0.5 120 79 0
0.5 0 84 62
0.5 120 84 0
0.5 0 89 72
0.5 120 89 0
0.5 0 86 64
0.5 120 86 0
0.5 0 91 67
0.5 120 91 0
0.5 0 96 64
0.5 120 96 0
0.5 0 101 74
0.5 120 101 0
0.5 0 95 64
0.5 120 95 0
0.5 0 91 68
0.5 120 91 0
0.5 0 86 64
0.5 120 86 0
0.5 0 89 74
0.5 120 89 0
0.5 0 83 65
0.5 120 83 0
0.5 0 79 68
0.5 120 79 0
0.5 0 74 64
0.5 120 74 0
0.5 0 77 72
0.5 120 77 0
0.5 0 71 64
0.5 120 71 0
0.5 0 67 68
0.5 120 67 0
0.5 0 62 68
0.5 120 62 0
0.5 0 65 72
0.5 120 65 0
0.5 840 64 80
0.5 120 64 0
0.5 0 60 72
0.5 120 60 0
0.5 0 67 76
0.5 120 67 0
0.5 0 70 73
0.5 120 70 0
0.5 0 76 85
0.5 120 76 0
0.5 0 72 73
0.5 120 72 0
0.5 0 79 77
0.5 120 79 0
0.5 0 82 73
0.5 120 82 0
0.5 0 88 86
0.5 120 88 0
0.5 0 84 75
0.5 120 84 0
0.5 0 91 78
0.5 120 91 0
0.5 0 96 75
0.5 120 96 0
0.5 0 99 89
0.5 120 99 0
0.5 0 94 75
0.5 120 94 0
0.5 0 87 79
0.5 120 87 0
0.5 0 84 74
0.5 120 84 0
0.5 0 87 87
0.5 120 87 0
0.5 0 82 74
0.5 120 82 0
0.5 0 75 78
0.5 120 75 0
0.5 0 72 73
0.5 120 72 0
0.5 0 75 85
0.5 120 75 0
0.5 0 70 74
0.5 120 70 0
0.5 0 63 76
0.5 120 63 0
0.5 0 60 73
0.5 120 60 0
0.5 0 63 83
0.5 120 63 0
0.5 0 58 72
0.5 120 58 0
0.5 720 63 79
0.5 120 63 0
0.5 0 60 71
0.5 120 60 0
0.5 0 63 76
0.5 120 63 0
0.5 0 69 73
0.5 120 69 0
0.5 0 75 82
0.5 120 75 0
0.5 0 72 75
0.5 120 72 0
0.5 0 75 77
0.5 120 75 0
0.5 0 81 74
0.5 120 81 0
0.5 0 87 85
0.5 120 87 0
0.5 0 84 75
0.5 120 84 0
0.5 0 87 78
0.5 120 87 0
0.5 0 93 75
0.5 120 93 0
0.5 0 99 86
0.5 120 99 0
0.5 0 92 73
0.5 120 92 0
0.5 0 87 77
0.5 120 87 0
0.5 0 83 73
0.5 120 83 0
0.5 0 87 85
0.5 120 87 0
0.5 0 80 71
0.5 120 80 0
0.5 0 75 76
0.5 120 75 0
0.5 0 71 71
0.5 120 71 0
0.5 0 75 80
0.5 120 75 0
0.5 0 68 70
0.5 120 68 0
0.5 0 63 72
0.5 120 63 0
0.5 0 59 67
0.5 120 59 0
0.5 0 63 71
0.5 120 63 0
0.5 840 62 76
0.5 120 62 0
0.5 0 58 64
0.5 120 58 0
0.5 0 65 69
0.5 120 65 0
0.5 0 68 65
0.5 120 68 0
0.5 0 74 76
0.5 120 74 0
0.5 0 70 66
0.5 120 70 0
0.5 0 77 71
0.5 120 77 0
0.5 0 80 67
0.5 120 80 0
0.5 0 86 76
0.5 120 86 0
0.5 0 82 65
0.5 120 82 0
0.5 0 89 71
0.5 120 89 0
0.5 0 92 67
0.5 120 92 0
0.5 0 98 83
0.5 120 98 0
0.5 0 92 70
0.5 120 92 0
0.5 0 88 74
0.5 120 88 0
0.5 0 82 70
0.5 120 82 0
0.5 0 86 84
0.5 120 86 0
0.5 0 80 71
0.5 120 80 0
0.5 0 76 76
0.5 120 76 0
0.5 0 70 71
0.5 120 70 0
0.5 0 74 87
0.5 120 74 0
0.5 0 68 72
0.5 120 68 0
0.5 0 64 76
0.5 120 64 0
0.5 0 58 70
0.5 120 58 0
0.5 0 62 86
0.5 120 62 0
0.5 840 61 81
0.5 120 61 0
0.5 0 57 70
0.5 120 57 0
0.5 0 64 76
0.5 120 64 0
0.5 0 69 74
0.5 120 69 0
0.5 0 73 83
0.5 120 73 0
0.5 0 69 74
0.5 120 69 0
0.5 0 76 77
0.5 120 76 0
0.5 0 81 73
0.5 120 81 0
0.5 0 85 85
0.5 120 85 0
0.5 0 81 74
0.5 120 81 0
0.5 0 88 78
0.5 120 88 0
0.5 0 93 74
0.5 120 93 0
0.5 0 97 87
0.5 120 97 0
0.5 0 93 74
0.5 120 93 0
0.5 0 88 79
0.5 120 88 0
0.5 0 81 74
0.5 120 81 0
0.5 0 85 85
0.5 120 85 0
0.5 0 81 72
0.5 120 81 0
0.5 0 76 77
0.5 120 76 0
0.5 0 69 72
0.5 120 69 0
0.5 0 73 86
0.5 120 73 0
0.5 0 69 72
0.5 120 69 0
0.5 0 64 74
0.5 120 64 0
0.5 0 57 69
0.5 120 57 0
0.5 0 61 84
0.5 120 61 0
0.5 840 60 74
0.5 120 60 0
0.5 0 57 68
0.5 120 57 0
0.5 0 62 71
0.5 120 62 0
0.5 0 66 66
0.5 120 66 0
0.5 0 72 74
0.5 120 72 0
0.5 0 69 66
0.5 120 69 0
0.5 0 74 71
0.5 120 74 0
0.5 0 78 68
0.5 120 78 0
0.5 0 84 75
0.5 120 84 0
0.5 0 81 67
0.5 120 81 0
0.5 0 86 70
0.5 120 86 0
0.5 0 90 67
0.5 120 90 0
0.5 0 96 76
0.5 120 96 0
0.5 0 89 68
0.5 120 89 0
0.5 0 86 71
0.5 120 86 0
0.5 0 79 68
0.5 120 79 0
0.5 0 84 73
0.5 120 84 0
0.5 0 77 66
0.5 120 77 0
0.5 0 74 69
0.5 120 74 0
0.5 0 67 63
0.5 120 67 0
0.5 0 72 74
0.5 120 72 0
0.5 0 65 63
0.5 120 65 0
0.5 0 62 66
0.5 120 62 0
0.5 1320 60 61
0.5 120 60 0
0.5 0 64 65
0.5 120 64 0
0.5 0 71 72
0.5 120 71 0
0.5 0 67 61
0.5 120 67 0
0.5 0 72 66
0.5 120 72 0
0.5 0 76 61
0.5 120 76 0
0.5 0 83 73
0.5 120 83 0
0.5 0 79 64
0.5 120 79 0
0.5 0 84 66
0.5 120 84 0
0.5 0 88 63
0.5 120 88 0
0.5 0 95 75
0.5 120 95 0
0.5 0 88 65
0.5 120 88 0
0.5 0 84 67
0.5 120 84 0
0.5 0 77 67
0.5 120 77 0
0.5 0 83 74
0.5 120 83 0
0.5 0 76 64
0.5 120 76 0
0.5 0 72 66
0.5 120 72 0
0.5 0 65 61
0.5 120 65 0
0.5 0 71 73
0.5 120 71 0
0.5 0 64 66
0.5 120 64 0
0.5 0 60 61
0.5 120 60 0
0.5 1440 62 66
0.5 120 62 0
0.5 0 69 74
0.5 120 69 0
0.5 0 65 64
0.5 120 65 0
0.5 0 71 68
0.5 120 71 0
0.5 0 74 63
0.5 120 74 0
0.5 0 81 74
0.5 120 81 0
0.5 0 77 64
0.5 120 77 0
0.5 0 83 68
0.5 120 83 0
0.5 0 86 64
0.5 120 86 0
0.5 0 91 75
0.5 120 91 0
0.5 0 86 65
0.5 120 86 0
0.5 0 83 68
0.5 120 83 0
0.5 0 76 65
0.5 120 76 0
0.5 0 79 75
0.5 120 79 0
0.5 0 74 65
0.5 120 74 0
0.5 0 71 68
0.5 120 71 0
0.5 0 64 64
0.5 120 64 0
0.5 0 69 75
0.5 120 69 0
0.5 0 72 64
0.5 120 72 0
0.5 0 79 68
0.5 120 79 0
0.5 0 76 64
0.5 120 76 0
0.5 0 81 75
0.5 120 81 0
0.5 0 84 65
0.5 120 84 0
0.5 0 91 69
0.5 120 91 0
0.5 0 88 65
0.5 120 88 0
0.5 0 89 76
0.5 120 89 0
0.5 0 84 67
0.5 120 84 0
0.5 0 81 70
0.5 120 81 0
0.5 0 74 66
0.5 120 74 0
0.5 0 77 77
0.5 120 77 0
0.5 0 72 67
0.5 120 72 0
0.5 0 69 72
0.5 120 69 0
0.5 0 62 67
0.5 120 62 0
0.5 0 67 78
0.5 120 67 0
0.5 0 71 66
0.5 120 71 0
0.5 0 77 72
0.5 120 77 0
0.5 0 74 68
0.5 120 74 0
0.5 0 79 78
0.5 120 79 0
0.5 0 83 68
0.5 120 83 0
0.5 0 89 74
0.5 120 89 0
0.5 0 86 68
0.5 120 86 0
0.5 0 88 80
0.5 120 88 0
0.5 0 83 70
0.5 120 83 0
0.5 0 79 75
0.5 120 79 0
0.5 0 72 70
0.5 120 72 0
0.5 0 76 83
0.5 120 76 0
0.5 0 71 70
0.5 120 71 0
0.5 0 67 76
0.5 120 67 0
0.5 0 60 70
0.5 120 60 0
0.5 0 65 86
0.5 120 65 0
0.5 0 69 71
0.5 120 69 0
0.5 0 76 77
0.5 120 76 0
0.5 0 72 71
0.5 120 72 0
0.5 0 77 86
0.5 120 77 0
0.5 0 81 73
0.5 120 81 0
0.5 0 88 79
0.5 120 88 0
0.5 0 84 75
0.5 120 84 0
0.5 0 86 90
0.5 120 86 0
0.5 0 81 76
0.5 120 81 0
0.5 0 77 80
0.5 120 77 0
0.5 0 71 75
0.5 120 71 0
0.5 0 74 90
0.5 120 74 0
0.5 0 69 76
0.5 120 69 0
0.5 0 65 80
0.5 120 65 0
0.5 0 59 74
0.5 120 59 0
0.5 0 62 90
0.5 120 62 0
0.5 840 87 91
0.5 120 87 0
0.5 0 81 75
0.5 120 81 0
0.5 0 78 80
0.5 120 78 0
0.5 0 71 75
0.5 120 71 0
0.5 0 75 91
0.5 120 75 0
0.5 0 69 76
0.5 120 69 0
0.5 0 66 80
0.5 120 66 0
0.5 0 59 74
0.5 120 59 0
0.5 0 63 91
0.5 120 63 0
0.5 1320 64 91
0.5 120 64 0
0.5 0 59 76
0.5 120 59 0
0.5 0 64 80
0.5 120 64 0
0.5 0 68 77
0.5 120 68 0
0.5 0 76 91
0.5 120 76 0
0.5 0 71 76
0.5 120 71 0
0.5 0 76 80
0.5 120 76 0
0.5 0 80 76
0.5 120 80 0
0.5 0 88 91
0.5 120 88 0
0.5 0 83 75
0.5 120 83 0
0.5 0 88 80
0.5 120 88 0
0.5 0 92 75
0.5 120 92 0
0.5 0 100 91
0.5 120 100 0
0.5 0 92 77
0.5 120 92 0
0.5 0 88 79
0.5 120 88 0
0.5 0 83 74
0.5 120 83 0
0.5 0 88 88
0.5 120 88 0
0.5 0 80 72
0.5 120 80 0
0.5 0 76 76
0.5 120 76 0
0.5 0 71 69
0.5 120 71 0
0.5 0 76 85
0.5 120 76 0
0.5 0 68 69
0.5 120 68 0
0.5 0 64 72
0.5 120 64 0
0.5 0 59 67
0.5 120 59 0
0.5 0 65 80
0.5 120 65 0
0.5 0 59 65
0.5 120 59 0
0.5 720 64 72
0.5 120 64 0
0.5 0 60 63
0.5 120 60 0
0.5 0 67 68
0.5 120 67 0
0.5 0 72 65
0.5 120 72 0
0.5 0 76 76
0.5 120 76 0
0.5 0 72 64
0.5 120 72 0
0.5 0 79 70
0.5 120 79 0
0.5 0 84 64
0.5 120 84 0
0.5 0 88 77
0.5 120 88 0
0.5 0 84 65
0.5 120 84 0
0.5 0 91 70
0.5 120 91 0
0.5 0 96 65
0.5 120 96 0
0.5 0 100 77
0.5 120 100 0
0.5 0 96 66
0.5 120 96 0
0.5 0 91 71
0.5 120 91 0
0.5 0 84 68
0.5 120 84 0
0.5 0 88 77
0.5 120 88 0
0.5 0 84 66
0.5 120 84 0
0.5 0 79 70
0.5 120 79 0
0.5 0 72 65
0.5 120 72 0
0.5 0 76 76
0.5 120 76 0
0.5 0 72 65
0.5 120 72 0
0.5 0 67 69
0.5 120 67 0
0.5 0 60 63
0.5 120 60 0
0.5 0 64 75
0.5 120 64 0
0.5 0 60 63
0.5 120 60 0
0.5 720 65 78
0.5 120 65 0
0.5 0 60 64
0.5 120 60 0
0.5 0 69 69
0.5 120 69 0
0.5 0 72 67
0.5 120 72 0
0.5 0 77 82
0.5 120 77 0
0.5 0 72 68
0.5 120 72 0
0.5 0 81 73
0.5 120 81 0
0.5 0 84 69
0.5 120 84 0
0.5 0 89 83
0.5 120 89 0
0.5 0 84 69
0.5 120 84 0
0.5 0 93 74
0.5 120 93 0
0.5 0 96 70
0.5 120 96 0
0.5 0 100 88
0.5 120 100 0
0.5 0 96 70
0.5 120 96 0
0.5 0 93 77
0.5 120 93 0
0.5 0 84 71
0.5 120 84 0
0.5 0 88 89
0.5 120 88 0
0.5 0 84 72
0.5 120 84 0
0.5 0 81 79
0.5 120 81 0
0.5 0 72 73
0.5 120 72 0
0.5 0 76 89
0.5 120 76 0
0.5 0 72 73
0.5 120 72 0
0.5 0 69 78
0.5 120 69 0
0.5 0 60 72
0.5 120 60 0
0.5 0 62 90
0.5 120 62 0
0.5 0 60 72
0.5 120 60 0
0.5 720 62 91
0.5 120 62 0
0.5 0 59 75
0.5 120 59 0
0.5 0 67 80
0.5 120 67 0
0.5 0 71 76
0.5 120 71 0
0.5 0 74 93
0.5 120 74 0
0.5 0 71 76
0.5 120 71 0
0.5 0 79 82
0.5 120 79 0
0.5 0 83 76
0.5 120 83 0
0.5 0 86 94
0.5 120 86 0
0.5 0 83 76
0.5 120 83 0
0.5 0 91 83
0.5 120 91 0
0.5 0 93 76
0.5 120 93 0
0.5 0 98 96
0.5 120 98 0
0.5 0 93 77
0.5 120 93 0
0.5 0 90 84
0.5 120 90 0
0.5 0 84 76
0.5 120 84 0
0.5 0 86 95
0.5 120 86 0
0.5 0 81 76
0.5 120 81 0
0.5 0 78 83
0.5 120 78 0
0.5 0 72 77
0.5 120 72 0
0.5 0 74 93
0.5 120 74 0
0.5 0 69 77
0.5 120 69 0
0.5 0 66 81
0.5 120 66 0
0.5 0 60 76
0.5 120 60 0
0.5 0 62 91
0.5 120 62 0
0.5 840 62 91
0.5 120 62 0
0.5 0 60 74
0.5 120 60 0
0.5 0 65 80
0.5 120 65 0
0.5 0 68 76
0.5 120 68 0
0.5 0 74 93
0.5 120 74 0
0.5 0 72 76
0.5 120 72 0
0.5 0 77 82
0.5 120 77 0
0.5 0 80 77
0.5 120 80 0
0.5 0 86 94
0.5 120 86 0
0.5 0 84 78
0.5 120 84 0
0.5 0 89 83
0.5 120 89 0
0.5 0 92 76
0.5 120 92 0
0.5 0 98 95
0.5 120 98 0
0.5 0 91 78
0.5 120 91 0
0.5 0 89 84
0.5 120 89 0
0.5 0 83 77
0.5 120 83 0
0.5 0 86 94
0.5 120 86 0
0.5 0 79 78
0.5 120 79 0
0.5 0 77 83
0.5 120 77 0
0.5 0 71 77
0.5 120 71 0
0.5 0 74 92
0.5 120 74 0
0.5 0 67 77
0.5 120 67 0
0.5 0 65 81
0.5 120 65 0
0.5 0 59 75
0.5 120 59 0
0.5 0 63 91
0.5 120 63 0
0.5 840 64 92
0.5 120 64 0
0.5 0 60 75
0.5 120 60 0
0.5 0 67 80
0.5 120 67 0
0.5 0 72 76
0.5 120 72 0
0.5 0 76 93
0.5 120 76 0
0.5 0 72 76
0.5 120 72 0
0.5 0 79 82
0.5 120 79 0
0.5 0 84 76
0.5 120 84 0
0.5 0 88 94
0.5 120 88 0
0.5 0 84 78
0.5 120 84 0
0.5 0 91 83
0.5 120 91 0
0.5 0 96 78
0.5 120 96 0
0.5 0 100 96
0.5 120 100 0
0.5 0 96 77
0.5 120 96 0
0.5 0 91 84
0.5 120 91 0
0.5 0 84 77
0.5 120 84 0
0.5 0 88 95
0.5 120 88 0
0.5 0 84 76
0.5 120 84 0
0.5 0 79 83
0.5 120 79 0
0.5 0 72 76
0.5 120 72 0
0.5 0 76 94
0.5 120 76 0
0.5 0 72 77
0.5 120 72 0
0.5 0 67 81
0.5 120 67 0
0.5 0 60 77
0.5 120 60 0
0.5 0 64 92
0.5 120 64 0
0.5 0 60 76
0.5 120 60 0
0.5 720 65 85
0.5 120 65 0
0.5 0 60 75
0.5 120 60 0
0.5 0 65 80
0.5 120 65 0
0.5 0 72 76
0.5 120 72 0
0.5 0 77 88
0.5 120 77 0
0.5 0 72 76
0.5 120 72 0
0.5 0 77 82
0.5 120 77 0
0.5 0 84 77
0.5 120 84 0
0.5 0 89 90
0.5 120 89 0
0.5 0 84 78
0.5 120 84 0
0.5 0 89 83
0.5 120 89 0
0.5 0 96 78
0.5 120 96 0
0.5 0 100 92
0.5 120 100 0
0.5 0 96 78
0.5 120 96 0
0.5 0 90 84
0.5 120 90 0
0.5 0 84 78
0.5 120 84 0
0.5 0 88 91
0.5 120 88 0
0.5 0 84 79
0.5 120 84 0
0.5 0 78 83
0.5 120 78 0
0.5 0 72 76
0.5 120 72 0
0.5 0 75 90
0.5 120 75 0
0.5 0 72 78
0.5 120 72 0
0.5 0 66 81
0.5 120 66 0
0.5 0 60 75
0.5 120 60 0
0.5 0 63 86
0.5 120 63 0
0.5 0 60 74
0.5 120 60 0
0.5 720 62 78
0.5 120 62 0
0.5 0 60 71
0.5 120 60 0
0.5 0 67 76
0.5 120 67 0
0.5 0 72 73
0.5 120 72 0
0.5 0 74 83
0.5 120 74 0
0.5 0 72 74
0.5 120 72 0
0.5 0 79 76
0.5 120 79 0
0.5 0 84 72
0.5 120 84 0
0.5 0 86 85
0.5 120 86 0
0.5 0 84 75
0.5 120 84 0
0.5 0 91 77
0.5 120 91 0
0.5 0 96 71
0.5 120 96 0
0.5 0 98 87
0.5 120 98 0
0.5 0 95 73
0.5 120 95 0
0.5 0 91 78
0.5 120 91 0
0.5 0 83 73
0.5 120 83 0
0.5 0 86 83
0.5 120 86 0
0.5 0 83 73
0.5 120 83 0
0.5 0 79 76
0.5 120 79 0
0.5 0 71 71
0.5 120 71 0
0.5 0 74 82
0.5 120 74 0
0.5 0 71 70
0.5 120 71 0
0.5 0 67 74
0.5 120 67 0
0.5 0 59 70
0.5 120 59 0
0.5 0 62 80
0.5 120 62 0
0.5 0 59 68
0.5 120 59 0
0.5 720 62 75
0.5 120 62 0
0.5 0 60 68
0.5 120 60 0
0.5 0 69 73
0.5 120 69 0
0.5 0 72 69
0.5 120 72 0
0.5 0 74 77
0.5 120 74 0
0.5 0 72 70
0.5 120 72 0
0.5 0 81 73
0.5 120 81 0
0.5 0 84 72
0.5 120 84 0
0.5 0 86 81
0.5 120 86 0
0.5 0 84 72
0.5 120 84 0
0.5 0 93 74
0.5 120 93 0
0.5 0 96 69
0.5 120 96 0
0.5 0 99 82
0.5 120 99 0
0.5 0 96 70
0.5 120 96 0
0.5 0 93 75
0.5 120 93 0
0.5 0 84 69
0.5 120 84 0
0.5 0 87 81
0.5 120 87 0
0.5 0 84 70
0.5 120 84 0
0.5 0 81 74
0.5 120 81 0
0.5 0 72 70
0.5 120 72 0
0.5 0 75 79
0.5 120 75 0
0.5 0 71 70
0.5 120 71 0
0.5 0 69 71
0.5 120 69 0
0.5 0 59 67
0.5 120 59 0
0.5 0 63 78
0.5 120 63 0
0.5 0 59 67
0.5 120 59 0
0.5 720 64 74
0.5 120 64 0
0.5 0 59 66
0.5 120 59 0
0.5 0 68 70
0.5 120 68 0
0.5 0 71 66
0.5 120 71 0
0.5 0 76 78
0.5 120 76 0
0.5 0 71 66
0.5 120 71 0
0.5 0 80 71
0.5 120 80 0
0.5 0 83 67
0.5 120 83 0
0.5 0 88 80
0.5 120 88 0
0.5 0 83 68
0.5 120 83 0
0.5 0 92 71
0.5 120 92 0
0.5 0 95 68
0.5 120 95 0
0.5 0 100 81
0.5 120 100 0
0.5 0 95 69
0.5 120 95 0
0.5 0 92 71
0.5 120 92 0
0.5 0 83 65
0.5 120 83 0
0.5 0 88 79
0.5 120 88 0
0.5 0 83 66
0.5 120 83 0
0.5 0 80 69
0.5 120 80 0
0.5 0 71 62
0.5 120 71 0
0.5 0 76 75
0.5 120 76 0
0.5 0 71 62
0.5 120 71 0
0.5 0 68 65
0.5 120 68 0
0.5 0 59 60
0.5 120 59 0
0.5 0 64 70
0.5 120 64 0
0.5 0 59 59
0.5 120 59 0
0.5 720 65 62
0.5 120 65 0
0.5 0 62 50
0.5 120 62 0
0.5 0 69 54
0.5 120 69 0
0.5 0 72 52
0.5 120 72 0
0.5 0 77 63
0.5 120 77 0
0.5 0 74 51
0.5 120 74 0
0.5 0 81 55
0.5 120 81 0
0.5 0 84 52
0.5 120 84 0
0.5 0 89 63
0.5 120 89 0
0.5 0 86 53
0.5 120 86 0
0.5 0 93 56
0.5 120 93 0
0.5 0 96 53
0.5 120 96 0
0.5 0 101 64
0.5 120 101 0
0.5 0 95 53
0.5 120 95 0
0.5 0 91 57
0.5 120 91 0
0.5 0 86 52
0.5 120 86 0
0.5 0 89 63
0.5 120 89 0
0.5 0 86 50
0.5 120 86 0
0.5 0 79 56
0.5 120 79 0
0.5 0 74 51
0.5 120 74 0
0.5 0 77 62
0.5 120 77 0
0.5 0 71 52
0.5 120 71 0
0.5 0 67 55
0.5 120 67 0
0.5 0 62 52
0.5 120 62 0
0.5 0 65 62
0.5 120 65 0
0.5 0 59 50
0.5 120 59 0
0.5 720 64 63
0.5 120 64 0
0.5 0 60 53
0.5 120 60 0
0.5 0 67 57
0.5 120 67 0
0.5 0 72 52
0.5 120 72 0
0.5 0 76 65
0.5 120 76 0
0.5 0 72 52
0.5 120 72 0
0.5 0 82 58
0.5 120 82 0
0.5 0 84 53
0.5 120 84 0
0.5 0 91 70
0.5 120 91 0
0.5 0 84 61
0.5 120 84 0
0.5 0 82 63
0.5 120 82 0
0.5 0 76 63
0.5 120 76 0
0.5 0 90 70
0.5 120 90 0
0.5 0 84 61
0.5 120 84 0
0.5 0 81 63
0.5 120 81 0
0.5 0 75 61
0.5 120 75 0
0.5 0 78 68
0.5 120 78 0
0.5 0 72 62
0.5 120 72 0
0.5 0 69 63
0.5 120 69 0
0.5 0 63 61
0.5 120 63 0
0.5 0 77 68
0.5 120 77 0
0.5 0 71 60
0.5 120 71 0
0.5 0 68 60
0.5 120 68 0
0.5 0 62 58
0.5 120 62 0
0.5 0 65 70
0.5 120 65 0
0.5 0 59 61
0.5 120 59 0
0.5 720 64 71
0.5 120 64 0
0.5 0 60 65
0.5 120 60 0
0.5 0 67 69
0.5 120 67 0
0.5 0 72 65
0.5 120 72 0
0.5 0 79 75
0.5 120 79 0
0.5 0 76 67
0.5 120 76 0
0.5 0 79 73
0.5 120 79 0
0.5 0 84 68
0.5 120 84 0
0.5 0 88 80
0.5 120 88 0
0.5 0 84 72
0.5 120 84 0
0.5 0 79 77
0.5 120 79 0
0.5 0 72 73
0.5 120 72 0
0.5 0 87 86
0.5 120 87 0
0.5 0 81 75
0.5 120 81 0
0.5 0 78 79
0.5 120 78 0
0.5 0 72 73
0.5 120 72 0
0.5 0 75 84
0.5 120 75 0
0.5 0 69 70
0.5 120 69 0
0.5 0 66 76
0.5 120 66 0
0.5 0 60 71
0.5 120 60 0
0.5 0 74 80
0.5 120 74 0
0.5 0 68 70
0.5 120 68 0
0.5 0 65 72
0.5 120 65 0
0.5 0 59 68
0.5 120 59 0
0.5 0 62 80
0.5 120 62 0
0.5 1080 64 69
0.5 120 64 0
0.5 0 67 64
0.5 120 67 0
0.5 0 73 75
0.5 120 73 0
0.5 0 70 66
0.5 120 70 0
0.5 0 76 73
0.5 120 76 0
0.5 0 79 69
0.5 120 79 0
0.5 0 85 80
0.5 120 85 0
0.5 0 82 71
0.5 120 82 0
0.5 0 88 77
0.5 120 88 0
0.5 0 91 73
0.5 120 91 0
0.5 0 97 84
0.5 120 97 0
0.5 0 90 75
0.5 120 90 0
0.5 0 87 79
0.5 120 87 0
0.5 0 81 72
0.5 120 81 0
0.5 0 85 82
0.5 120 85 0
0.5 0 78 71
0.5 120 78 0
0.5 0 75 76
0.5 120 75 0
0.5 0 69 69
0.5 120 69 0
0.5 0 73 81
0.5 120 73 0
0.5 0 66 68
0.5 120 66 0
0.5 0 63 72
0.5 120 63 0
0.5 0 57 68
0.5 120 57 0
0.5 0 72 78
0.5 120 72 0
0.5 0 66 65
0.5 120 66 0
0.5 0 63 69
0.5 120 63 0
0.5 0 57 64
0.5 120 57 0
0.5 120 56 68
0.5 120 56 0
0.5 0 62 64
0.5 120 62 0
0.5 0 65 69
0.5 120 65 0
0.5 0 72 76
0.5 120 72 0
0.5 0 68 68
0.5 120 68 0
0.5 0 74 72
0.5 120 74 0
0.5 0 77 69
0.5 120 77 0
0.5 0 84 78
0.5 120 84 0
0.5 0 80 71
0.5 120 80 0
0.5 0 86 75
0.5 120 86 0
0.5 0 89 72
0.5 120 89 0
0.5 0 96 81
0.5 120 96 0
0.5 0 89 74
0.5 120 89 0
0.5 0 86 78
0.5 120 86 0
0.5 0 80 74
0.5 120 80 0
0.5 0 95 86
0.5 120 95 0
0.5 0 89 74
0.5 120 89 0
0.5 0 86 79
0.5 120 86 0
0.5 0 79 74
0.5 120 79 0
0.5 0 83 81
0.5 120 83 0
0.5 0 77 73
0.5 120 77 0
0.5 0 74 76
0.5 120 74 0
0.5 0 67 71
0.5 120 67 0
0.5 0 71 77
0.5 120 71 0
0.5 0 65 69
0.5 120 65 0
0.5 0 62 73
0.5 120 62 0
0.5 1320 64 72
0.5 120 64 0
0.5 0 67 68
0.5 120 67 0
0.5 0 72 83
0.5 120 72 0
0.5 0 67 70
0.5 120 67 0
0.5 0 76 75
0.5 120 76 0
0.5 0 79 72
0.5 120 79 0
0.5 0 84 87
0.5 120 84 0
0.5 0 79 72
0.5 120 79 0
0.5 0 88 78
0.5 120 88 0
0.5 0 91 75
0.5 120 91 0
0.5 0 96 91
0.5 120 96 0
0.5 0 91 75
0.5 120 91 0
0.5 0 88 80
0.5 120 88 0
0.5 0 79 75
0.5 120 79 0
0.5 0 84 91
0.5 120 84 0
0.5 0 79 73
0.5 120 79 0
0.5 0 76 78
0.5 120 76 0
0.5 0 67 74
0.5 120 67 0
0.5 0 72 89
0.5 120 72 0
0.5 0 67 77
0.5 120 67 0
0.5 0 64 71
0.5 120 64 0
1 0 0 0
0 0 7 100
0 0 10 64
0 0 64 127
0.5 0 36 86
0.5 0 48 103
0.5 120 48 77
0.5 120 48 0
0.5 0 55 80
0.5 120 55 0
0.5 0 60 77
0.5 120 60 0
0.5 3120 55 80
0.5 120 55 0
0.5 0 48 77
0 100 64 0
0.5 20 48 0
0.5 0 48 0
0.5 0 36 0
0.5 0 29 88
0.5 0 41 104
0 49 64 127
0.5 71 48 80
0.5 120 48 0
0.5 0 57 80
0.5 120 57 0
0.5 0 60 77
0.5 120 60 0
0.5 1440 41 0
0.5 0 29 0
0.5 0 30 85
0.5 0 42 101
0 5 64 0
0 115 64 127
0.5 1560 57 80
0.5 120 57 0
0.5 0 48 77
0 100 64 0
0.5 20 48 0
0.5 0 42 0
0.5 0 30 0
0.5 0 31 85
0.5 0 43 101
0 92 64 127
0.5 28 47 80
0.5 120 47 0
0.5 0 55 77
0.5 120 55 0
0.5 0 59 80
0.5 120 59 0
0.5 480 43 0
0.5 0 31 0
0.5 0 30 86
0.5 0 42 102
0.5 480 42 0
0.5 0 30 0
0.5 0 28 82
0.5 0 40 97
0 460 64 0
0.5 20 40 0
0.5 0 28 0
0.5 0 26 86
0.5 0 38 102
0 103 64 127
0.5 1457 57 80
0.5 120 57 0
0.5 0 54 80
0.5 120 54 0
0.5 0 48 80
0 100 64 0
0.5 20 48 0
0.5 0 38 0
0.5 0 26 0
0.5 0 31 85
0.5 0 43 101
0 81 64 127
0.5 39 48 77
0.5 120 48 0
0.5 0 53 80
0.5 120 53 0
0.5 0 56 77
0.5 120 56 0
0 1443 64 0
0 77 64 127
0.5 1480 55 77
0.5 120 55 0
0.5 0 53 80
0.5 120 53 0
0.5 0 47 77
0 100 64 0
0.5 20 47 0
0.5 0 43 0
0.5 0 31 0
0.5 0 36 85
0.5 0 48 101
0 120 64 127
0.5 0 48 76
0.5 120 48 0
0.5 0 55 80
0.5 120 55 0
0.5 0 60 76
0.5 120 60 0
0.5 3120 55 80
0.5 120 55 0
0.5 0 48 77
0 100 64 0
0.5 20 48 0
0.5 0 48 0
0.5 0 36 0
0.5 0 33 86
0.5 0 45 103
0 106 64 127
0.5 14 48 77
0.5 120 48 0
0.5 0 53 80
0.5 120 53 0
0.5 0 60 77
0.5 120 60 0
0 1446 64 0
0 74 64 127
0.5 1600 54 80
0.5 120 54 0
0.5 0 48 77
0 100 64 0
0.5 20 48 0
0.5 0 45 0
0.5 0 33 0
0.5 0 31 81
0.5 0 43 96
0.5 120 48 73
0 7 64 127
0.5 113 48 0
0.5 0 55 76
0.5 120 55 0
0.5 0 60 74
0.5 120 60 0
0 1446 64 0
0 93 64 127
0.5 1581 55 76
0.5 120 55 0
0.5 0 47 71
0 100 64 0
0.5 20 47 0
0.5 0 43 0
0.5 0 31 0
0.5 0 36 81
0.5 0 48 96
0 84 64 127
0.5 36 50 76
0.5 120 50 0
0.5 0 55 73
0.5 120 55 0
0.5 0 62 76
0.5 120 62 0
0 1451 64 0
0 102 64 127
0.5 1567 55 67
0.5 120 55 0
0.5 0 48 60
0 100 64 0
0.5 20 48 0
0.5 0 48 0
0.5 0 36 0
0.5 0 33 58
0.5 0 45 69
0 84 64 127
0.5 36 52 50
0.5 120 52 0
0.5 0 60 54
0.5 120 60 0
0.5 1560 45 0
0.5 0 33 0
0.5 0 35 58
0.5 0 47 69
0 3 64 0
0 110 64 127
0.5 847 47 0
0.5 0 35 0
0.5 0 33 58
0.5 0 45 69
0.5 840 50 51
0 100 64 0
0.5 20 50 0
0.5 0 45 0
0.5 0 33 0
0.5 0 32 58
0.5 0 44 69
0.5 120 50 51
0 21 64 127
0.5 99 50 0
0.5 0 59 54
0.5 120 59 0
0.5 0 62 51
0.5 120 62 0
0.5 1440 44 0
0.5 0 32 0
0.5 0 33 60
0.5 0 45 72
0 10 64 0
0 67 64 127
0.5 883 45 0
0.5 0 33 0
0.5 0 31 67
0.5 0 43 79
0.5 720 57 69
0.5 120 57 0
0.5 0 48 64
0 100 64 0
0.5 20 48 0
0.5 0 43 0
0.5 0 31 0
0.5 0 29 76
0.5 0 41 90
0 113 64 127
0.5 7 48 65
0.5 120 48 0
0.5 0 57 72
0.5 120 57 0
0.5 0 60 66
0.5 120 60 0
0 1449 64 0
0 88 64 127
0.5 1463 59 57
0.5 120 59 0
0.5 0 57 56
0.5 120 57 0
0.5 0 47 52
0 100 64 0
0.5 20 47 0
0.5 0 41 0
0.5 0 29 0
0.5 0 28 57
0.5 0 40 68
0 113 64 127
0.5 7 47 50
0.5 120 47 0
0.5 0 57 54
0.5 120 57 0
0.5 0 59 50
0.5 120 59 0
0 1445 64 0
0 92 64 127
0.5 1583 56 54
0.5 120 56 0
0.5 0 47 49
0 100 64 0
0.5 20 47 0
0.5 0 40 0
0.5 0 28 0
0.5 0 33 57
0.5 0 45 68
0 80 64 127
0.5 40 52 50
0.5 120 52 0
0.5 0 57 54
0.5 120 57 0
0.5 0 61 50
0.5 120 61 0
0.5 1440 45 0
0.5 0 33 0
0.5 0 38 58
0.5 0 50 69
0 9 64 0
0 42 64 127
0.5 1149 57 57
0.5 120 57 0
0.5 0 52 53
0.5 120 52 0
0.5 240 57 56
0.5 120 57 0
0.5 0 50 52
0 100 64 0
0.5 20 50 0
0.5 0 50 0
0.5 0 38 0
0.5 0 31 67
0.5 0 43 80
0.5 120 50 59
0 28 64 127
0.5 92 50 0
0.5 0 55 64
0.5 120 55 0
0.5 0 60 60
0.5 120 60 0
0 1447 64 0
0 120 64 127
0.5 1433 59 62
0.5 120 59 0
0.5 0 55 67
0.5 120 55 0
0.5 0 50 64
0 100 64 0
0.5 20 50 0
0.5 0 43 0
0.5 0 31 0
0.5 0 36 80
0.5 0 48 95
0 103 64 127
0.5 17 48 71
0.5 120 48 0
0.5 0 55 76
0.5 120 55 0
0.5 0 58 72
0.5 120 58 0
0.5 1440 48 0
0.5 0 36 0
0.5 0 30 81
0.5 0 42 96
0 7 64 0
0 113 64 127
0.5 1560 51 76
0.5 120 51 0
0.5 0 48 72
0 100 64 0
0.5 20 48 0
0.5 0 42 0
0.5 0 30 0
0.5 0 29 81
0.5 0 41 97
0 97 64 127
0.5 23 48 72
0.5 120 48 0
0.5 0 51 76
0.5 120 51 0
0.5 0 57 73
0.5 120 57 0
0.5 1440 41 0
0.5 0 29 0
0.5 0 35 85
0.5 0 47 100
0 4 64 0
0 76 64 127
0.5 1480 56 65
0.5 120 56 0
0.5 0 51 69
0.5 120 51 0
0.5 0 47 66
0 100 64 0
0.5 20 47 0
0.5 0 47 0
0.5 0 35 0
0.5 0 34 84
0 97 64 127
0.5 23 46 66
0.5 120 46 0
0.5 0 53 70
0.5 120 53 0
0.5 0 56 67
0.5 120 56 0
0.5 1440 46 87
0 6 64 0
0 85 64 127
0.5 1469 56 71
0.5 120 56 0
0.5 0 52 76
0.5 120 52 0
0.5 0 46 72
0 100 64 0
0.5 20 46 0
0.5 0 46 0
0.5 0 34 0
0.5 0 33 78
0.5 0 45 94
0 97 64 127
0.5 23 45 72
0.5 120 45 0
0.5 0 52 76
0.5 120 52 0
0.5 0 57 72
0.5 120 57 0
0.5 3000 57 68
0.5 120 57 0
0.5 0 52 72
0.5 120 52 0
0.5 0 45 68
0 100 64 0
0.5 20 45 0
0.5 0 45 0
0.5 0 33 0
0.5 0 38 90
0 80 64 127
0.5 40 45 69
0.5 120 45 0
0.5 0 50 72
0.5 120 50 0
0.5 0 54 69
0.5 120 54 0
0.5 1440 38 0
0.5 0 31 75
0.5 0 43 84
0 6 64 0
0 100 64 127
0.5 1214 55 62
0.5 120 55 0
0.5 0 59 76
0.5 120 59 0
0.5 0 53 64
0.5 120 53 0
0.5 0 50 61
0.5 120 50 0
0.5 0 43 64
0 100 64 0
0.5 20 43 0
0.5 0 43 0
0.5 0 31 0
0.5 0 36 79
0 95 64 127
0.5 25 43 64
0.5 120 43 0
0.5 0 48 61
0.5 120 48 0
0.5 0 52 64
0.5 120 52 0
0.5 0 59 74
0.5 120 59 0
0.5 0 55 61
0.5 120 55 0
0.5 1200 36 0
0.5 0 29 66
0.5 0 41 78
0 9 64 0
0 83 64 127
0.5 1228 53 62
0.5 120 53 0
0.5 0 57 74
0.5 120 57 0
0.5 0 52 60
0.5 120 52 0
0.5 0 48 64
0.5 120 48 0
0.5 0 41 61
0 100 64 0
0.5 20 41 0
0.5 0 41 0
0.5 0 29 0
0.5 0 35 84
0 63 64 127
0.5 57 41 65
0.5 120 41 0
0.5 0 47 68
0.5 120 47 0
0.5 0 50 64
0.5 120 50 0
0.5 0 57 77
0.5 120 57 0
0.5 0 53 63
0.5 120 53 0
0.5 0 59 68
0.5 120 59 0
0.5 1080 35 0
0.5 0 28 72
0.5 0 40 85
0 3 64 0
0 96 64 127
0.5 861 40 0
0.5 0 28 0
0.5 0 33 72
0.5 0 45 85
0 13 64 0
0 121 64 127
0.5 826 45 0
0.5 0 33 0
0.5 0 26 74
0.5 0 38 88
0 10 64 0
0 96 64 127
0.5 854 38 0
0.5 0 26 0
0.5 0 31 74
0.5 0 43 88
0 9 64 0
0 75 64 127
0.5 876 43 0
0.5 0 31 0
0.5 0 24 80
0.5 0 36 94
0 10 64 0
0 103 64 127
0.5 847 36 0
0.5 0 24 0
0.5 0 29 82
0.5 0 41 97
0 10 64 0
0 89 64 127
0.5 861 41 0
0.5 0 29 0
0.5 0 35 85
0.5 0 47 101
0 7 64 0
0 70 64 127
0.5 1003 57 75
0.5 120 57 0
0.5 0 53 80
0.5 120 53 0
0.5 0 47 75
0.5 120 47 0
0.5 0 47 0
0.5 0 35 0
0.5 0 35 102
0 460 64 0
0.5 20 47 100
0 63 64 127
0.5 1017 57 75
0.5 120 57 0
0.5 0 54 80
0.5 120 54 0
0.5 0 47 76
0.5 120 47 0
0.5 0 47 0
0.5 0 35 0
0.5 0 35 93
0 460 64 0
0.5 20 35 0
0.5 0 28 84
0.5 0 40 100
0 74 64 127
0.5 46 47 76
0.5 120 47 0
0.5 0 52 80
0.5 120 52 0
0.5 0 56 76
0.5 120 56 0
0.5 2880 40 0
0.5 0 28 0
0.5 0 26 74
0.5 0 38 88
0 11 64 0
0 46 64 127
0.5 183 55 69
0.5 120 55 0
0.5 0 50 64
0 100 64 0
0.5 20 50 0
0.5 0 38 0
0.5 0 26 0
0.5 0 24 72
0.5 0 36 85
0 92 64 127
0.5 28 48 64
0.5 120 48 0
0.5 0 55 68
0.5 120 55 0
0.5 0 60 63
0.5 120 60 0
0.5 1440 24 0
0.5 0 48 78
0.5 1680 55 68
0.5 120 55 0
0.5 0 48 63
0 100 64 0
0.5 20 48 0
0.5 0 48 0
0.5 0 36 0
0.5 0 29 72
0.5 0 41 85
0 99 64 127
0.5 21 48 64
0.5 120 48 0
0.5 0 57 68
0.5 120 57 0
0.5 0 60 64
0.5 120 60 0
0.5 1440 41 0
0.5 0 29 0
0.5 0 30 77
0.5 0 42 91
0 10 64 0
0 74 64 127
0.5 1596 57 79
0.5 120 57 0
0.5 0 48 71
0 100 64 0
0.5 20 48 0
0.5 0 42 0
0.5 0 30 0
0.5 0 31 85
0.5 0 43 101
0 63 64 127
0.5 57 47 75
0.5 120 47 0
0.5 0 55 80
0.5 120 55 0
0.5 0 59 75
0.5 120 59 0
0.5 480 43 0
0.5 0 31 0
0.5 0 30 86
0.5 0 42 102
0.5 480 42 0
0.5 0 30 0
0.5 0 28 86
0.5 0 40 103
0.5 480 40 0
0.5 0 28 0
0.5 0 26 85
0.5 0 38 101
0 3 64 0
0 94 64 127
0.5 1463 57 75
0.5 120 57 0
0.5 0 54 80
0.5 120 54 0
0.5 0 48 74
0 100 64 0
0.5 20 48 0
0.5 0 38 0
0.5 0 26 0
0.5 0 31 86
0.5 0 43 102
0 74 64 127
0.5 46 48 75
0.5 120 48 0
0.5 0 53 80
0.5 120 53 0
0.5 0 56 74
0.5 120 56 0
0 1446 64 0
0 68 64 127
0.5 1486 55 74
0.5 120 55 0
0.5 0 53 80
0.5 120 53 0
0.5 0 47 75
0 100 64 0
0.5 20 47 0
0.5 0 43 0
0.5 0 31 0
0.5 0 36 79
0.5 0 48 95
0 92 64 127
0.5 28 48 75
0.5 120 48 0
0.5 0 55 80
0.5 120 55 0
0.5 0 60 75
0.5 120 60 0
0.5 3120 55 80
0.5 120 55 0
0.5 0 48 74
0 100 64 0
0.5 20 48 0
0.5 0 48 0
0.5 0 36 0
0.5 0 33 84
0.5 0 45 100
0 113 64 127
0.5 7 48 75
0.5 120 48 0
0.5 0 53 80
0.5 120 53 0
0.5 0 60 75
0.5 120 60 0
0 1445 64 0
0 86 64 127
0 875 64 0
0 67 64 127
0.5 407 45 0
0.5 0 33 0
0.5 0 32 85
0.5 0 44 101
0.5 240 54 80
0.5 120 54 0
0.5 0 48 73
0 100 64 0
0.5 20 48 0
0.5 0 44 0
0.5 0 32 0
0.5 0 31 80
0.5 0 43 95
0 113 64 127
0.5 7 48 70
0.5 120 48 0
0.5 0 55 76
0.5 120 55 0
0.5 0 60 71
0.5 120 60 0
0 1446 64 0
0 86 64 127
0.5 1588 55 73
0.5 120 55 0
0.5 0 47 68
0 100 64 0
0.5 20 47 0
0.5 0 43 0
0.5 0 31 0
0.5 0 30 77
0.5 0 42 92
0 72 64 127
0.5 48 48 69
0.5 120 48 0
0.5 0 57 73
0.5 120 57 0
0.5 0 60 69
0.5 120 60 0
0.5 1440 42 0
0.5 0 30 0
0.5 0 29 75
0.5 0 41 90
0 5 64 0
0 80 64 127
0 879 64 0
0 68 64 127
0.5 648 57 71
0.5 120 57 0
0.5 0 47 66
0 100 64 0
0.5 20 47 0
0.5 0 41 0
0.5 0 29 0
0.5 0 28 76
0.5 0 40 90
0 68 64 127
0.5 52 47 66
0.5 120 47 0
0.5 0 56 71
0.5 120 56 0
0.5 0 59 66
0.5 120 59 0
0.5 1440 28 0
0.5 0 52 88
0.5 960 52 0
0.5 720 56 62
0.5 120 56 0
0.5 0 47 55
0 100 64 0
0.5 20 47 0
0.5 0 40 0
0.5 0 38 65
0 99 64 127
0.5 21 50 50
0.5 120 50 0
0.5 0 57 54
0.5 120 57 0
0.5 0 60 49
0.5 120 60 0
0.5 1440 38 0
0.5 0 31 56
0.5 0 43 67
0 6 64 0
0 100 64 127
0.5 1574 55 54
0.5 120 55 0
0.5 0 50 50
0 100 64 0
0.5 20 50 0
0.5 0 43 0
0.5 0 31 0
0.5 0 36 70
0 91 64 127
0.5 29 48 52
0.5 120 48 0
0.5 0 55 56
0.5 120 55 0
0.5 0 60 51
0.5 120 60 0
0.5 1440 48 75
0 5 64 0
0 98 64 127
0 867 64 0
0 75 64 127
0.5 635 56 61
0.5 120 56 0
0.5 0 50 57
0 100 64 0
0.5 20 50 0
0.5 0 48 0
0.5 0 36 0
0.5 0 36 79
0 113 64 127
0.5 7 48 60
0.5 120 48 0
0.5 0 55 64
0.5 120 55 0
0.5 0 60 60
0.5 120 60 0
0 1420 64 0
0.5 20 36 0
0.5 0 31 80
0.5 0 43 95
0 80 64 127
0 888 64 0
0 60 64 127
0.5 532 56 66
0.5 120 56 0
0.5 0 53 69
0.5 120 53 0
0.5 0 47 64
0 100 64 0
0.5 20 47 0
0.5 0 43 0
0.5 0 31 0
0.5 0 31 74
0.5 0 43 88
0 97 64 127
0.5 23 46 60
0.5 120 46 0
0.5 0 52 64
0.5 120 52 0
0.5 0 55 61
0.5 120 55 0
0.5 0 61 76
0.5 120 61 0
0.5 0 58 64
0.5 120 58 0
0 1204 64 0
0 116 64 127
0 1780 64 0
0.5 20 43 0
0.5 0 31 0
0.5 0 31 75
0.5 0 43 89
0 120 64 127
0 1804 64 0
0 102 64 127
0.5 1214 55 69
0.5 120 55 0
0.5 0 59 80
0.5 120 59 0
0.5 0 53 66
0.5 120 53 0
0.5 0 50 69
0.5 120 50 0
0.5 0 43 68
0 100 64 0
0.5 20 43 0
0.5 0 43 0
0.5 0 31 0
0.5 0 24 85
0.5 0 36 102
0 120 64 127
0.5 0 43 66
0.5 120 43 0
0.5 0 52 68
0.5 120 52 0
0.5 0 55 65
0.5 120 55 0
0.5 0 60 78
0.5 120 60 0
0.5 0 55 71
0.5 120 55 0
0.5 2520 55 73
0.5 120 55 0
0.5 0 60 86
0.5 120 60 0
0.5 0 55 73
0.5 120 55 0
0.5 0 52 76
0.5 120 52 0
0.5 0 43 70
0.5 120 43 0
0.5 0 36 0
0.5 0 24 0
0.5 0 24 85
0.5 0 36 102
0.5 1920 36 0
0.5 0 24 0
0 1440 64 0
1 0 0 0
