0 0 7 100
0 0 91 127
0 0 64 0
0.5 1 90 99
0.5 79 94 76
0.5 1 90 0
0.5 79 94 0
0.5 0 85 69
0.5 80 85 0
0.5 0 90 93
0.5 80 90 0
0.5 0 87 79
0.5 80 87 0
0.5 0 90 73
0.5 80 90 0
0.5 0 85 92
0.5 80 85 0
0.5 0 90 78
0.5 80 90 0
0.5 0 82 71
0.5 80 82 0
0.5 0 85 84
0.5 80 85 0
0.5 0 78 72
0.5 80 78 0
0.5 0 82 68
0.5 80 82 0
0.5 0 78 74
0.5 80 78 0
0.5 0 82 64
0.5 80 82 0
0.5 0 73 58
0.5 80 73 0
0.5 0 78 71
0.5 80 78 0
0.5 0 75 63
0.5 80 75 0
0.5 0 78 57
0.5 80 78 0
0.5 0 73 69
0.5 80 73 0
0.5 0 78 56
0.5 80 78 0
0.5 0 70 56
0.5 80 70 0
0.5 0 73 67
0.5 80 73 0
0.5 0 66 55
0.5 80 66 0
0.5 0 70 53
0.5 80 70 0
0.5 0 61 74
0.5 80 61 0
0.5 0 73 69
0.5 80 73 0
0.5 0 68 63
0.5 80 68 0
0.5 0 73 75
0.5 80 73 0
0.5 0 68 67
0.5 80 68 0
0.5 0 80 61
0.5 80 80 0
0.5 0 68 75
0.5 80 68 0
0.5 0 80 68
0.5 80 80 0
0.5 0 75 61
0.5 80 75 0
0.5 0 80 81
0.5 80 80 0
0.5 0 75 74
0.5 80 75 0
0.5 0 87 70
0.5 80 87 0
0.5 0 75 82
0.5 80 75 0
0.5 0 87 73
0.5 80 87 0
0.5 0 80 68
0.5 80 80 0
0.5 0 87 86
0.5 80 87 0
0.5 0 80 69
0.5 80 80 0
0.5 0 92 67
0.5 80 92 0
0.5 0 80 89
0.5 80 80 0
0.5 0 92 77
0.5 80 92 0
0.5 0 85 75
0.5 80 85 0
0.5 0 92 92
0.5 80 92 0
0.5 0 85 83
0.5 80 85 0
0.5 0 97 78
0.5 80 97 0
0.5 0 90 96
0.5 80 90 0
0.5 0 94 78
0.5 80 94 0
0.5 0 85 75
0.5 80 85 0
0.5 0 90 95
0.5 80 90 0
0.5 0 87 77
0.5 80 87 0
0.5 0 90 74
0.5 80 90 0
0.5 0 85 95
0.5 80 85 0
0.5 0 90 76
0.5 80 90 0
0.5 0 82 74
0.5 80 82 0
0.5 0 85 85
0.5 80 85 0
0.5 0 78 75
0.5 80 78 0
0.5 0 82 70
0.5 80 82 0
0.5 0 78 74
0.5 80 78 0
0.5 0 82 69
0.5 80 82 0
0.5 0 73 65
0.5 80 73 0
0.5 0 78 74
0.5 80 78 0
0.5 0 75 69
0.5 80 75 0
0.5 0 78 66
0.5 80 78 0
0.5 0 73 74
0.5 80 73 0
0.5 0 78 67
0.5 80 78 0
0.5 0 70 70
0.5 80 70 0
0.5 0 73 74
0.5 80 73 0
0.5 0 66 65
0.5 80 66 0
0.5 0 70 68
0.5 80 70 0
0.5 0 63 77
0.5 80 63 0
0.5 0 75 69
0.5 80 75 0
0.5 0 68 66
0.5 80 68 0
0.5 0 75 77
0.5 80 75 0
0.5 0 68 67
0.5 80 68 0
0.5 0 80 71
0.5 80 80 0
0.5 0 75 77
0.5 80 75 0
0.5 0 80 74
0.5 80 80 0
0.5 0 75 70
0.5 80 75 0
0.5 0 75 82
0.5 80 75 0
0.5 0 80 73
0.5 80 80 0
0.5 0 92 75
0.5 80 92 0
0.5 0 82 88
0.5 80 82 0
0.5 0 94 78
0.5 80 94 0
0.5 0 82 70
0.5 80 82 0
0.5 0 94 81
0.5 80 94 0
0.5 0 82 75
0.5 80 82 0
0.5 0 94 70
0.5 80 94 0
0.5 0 82 68
0.5 80 82 0
0.5 0 94 62
0.5 80 94 0
0.5 0 82 53
0.5 80 82 0
0.5 0 94 59
0.5 80 94 0
0.5 0 82 53
0.5 80 82 0
0.5 0 94 45
0.5 80 94 0
0 0 91 127
0 0 64 0
0.5 1 90 96
0.5 79 94 73
0.5 1 90 0
0.5 79 94 0
0.5 0 85 67
0.5 80 85 0
0.5 0 90 90
0.5 80 90 0
0.5 0 87 67
0.5 80 87 0
0.5 0 90 59
0.5 80 90 0
0.5 0 85 93
0.5 80 85 0
0.5 0 90 68
0.5 80 90 0
0.5 0 82 66
0.5 80 82 0
0.5 0 85 84
0.5 80 85 0
0.5 0 78 66
0.5 80 78 0
0.5 0 82 63
0.5 80 82 0
0.5 0 78 74
0.5 80 78 0
0.5 0 82 66
0.5 80 82 0
0.5 0 73 63
0.5 80 73 0
0.5 0 78 68
0.5 80 78 0
0.5 0 75 65
0.5 80 75 0
0.5 0 78 62
0.5 80 78 0
0.5 0 73 74
0.5 80 73 0
0.5 0 78 65
0.5 80 78 0
0.5 0 70 61
0.5 80 70 0
0.5 0 73 74
0.5 80 73 0
0.5 0 66 67
0.5 80 66 0
0.5 0 70 65
0.5 80 70 0
0.5 0 61 74
0.5 80 61 0
0.5 0 73 71
0.5 80 73 0
0.5 0 68 67
0.5 80 68 0
0.5 0 73 75
0.5 80 73 0
0.5 0 68 70
0.5 80 68 0
0.5 0 80 65
0.5 80 80 0
0.5 0 68 72
0.5 80 68 0
0.5 0 80 70
0.5 80 80 0
0.5 0 75 67
0.5 80 75 0
0.5 0 80 78
0.5 80 80 0
0.5 0 75 74
0.5 80 75 0
0.5 0 87 72
0.5 80 87 0
0.5 0 75 82
0.5 80 75 0
0.5 0 87 78
0.5 80 87 0
0.5 0 80 78
0.5 80 80 0
0.5 0 87 80
0.5 80 87 0
0.5 0 80 77
0.5 80 80 0
0.5 0 92 73
0.5 80 92 0
0.5 0 80 88
0.5 80 80 0
0.5 0 92 81
0.5 80 92 0
0.5 0 85 73
0.5 80 85 0
0.5 0 92 92
0.5 80 92 0
0.5 0 85 83
0.5 80 85 0
0.5 0 97 83
0.5 80 97 0
0.5 0 90 98
0.5 80 90 0
0.5 0 94 74
0.5 80 94 0
0.5 0 85 70
0.5 80 85 0
0.5 0 90 93
0.5 80 90 0
0.5 0 87 72
0.5 80 87 0
0.5 0 90 73
0.5 80 90 0
0.5 0 85 96
0.5 80 85 0
0.5 0 90 75
0.5 80 90 0
0.5 0 82 68
0.5 80 82 0
0.5 0 85 84
0.5 80 85 0
0.5 0 78 69
0.5 80 78 0
0.5 0 82 64
0.5 80 82 0
0.5 0 78 74
0.5 80 78 0
0.5 0 82 68
0.5 80 82 0
0.5 0 73 62
0.5 80 73 0
0.5 0 78 71
0.5 80 78 0
0.5 0 75 65
0.5 80 75 0
0.5 0 78 67
0.5 80 78 0
0.5 0 73 74
0.5 80 73 0
0.5 0 78 65
0.5 80 78 0
0.5 0 70 59
0.5 80 70 0
0.5 0 73 74
0.5 80 73 0
0.5 0 66 65
0.5 80 66 0
0.5 0 70 59
0.5 80 70 0
0.5 0 63 77
0.5 80 63 0
0.5 0 75 74
0.5 80 75 0
0.5 0 68 67
0.5 80 68 0
0.5 0 75 77
0.5 80 75 0
0.5 0 68 67
0.5 80 68 0
0.5 0 80 70
0.5 80 80 0
0.5 0 75 75
0.5 80 75 0
0.5 0 80 71
0.5 80 80 0
0.5 0 75 67
0.5 80 75 0
0.5 0 87 82
0.5 80 87 0
0.5 0 80 79
0.5 80 80 0
0.5 0 92 74
0.5 80 92 0
0.5 0 75 85
0.5 80 75 0
0.5 0 87 74
0.5 80 87 0
0.5 0 80 71
0.5 80 80 0
0.5 0 87 88
0.5 80 87 0
0.5 0 73 76
0.5 80 73 0
0.5 0 85 72
0.5 80 85 0
0.5 0 80 81
0.5 80 80 0
0.5 0 85 73
0.5 80 85 0
0.5 0 80 67
0.5 80 80 0
0.5 0 92 70
0.5 80 92 0
0.5 0 85 66
0.5 80 85 0
0.5 0 97 64
0.5 80 97 0
0.5 0 92 72
0.5 80 92 0
0.5 0 94 67
0.5 80 94 0
0.5 0 92 61
0.5 80 92 0
0.5 0 87 72
0.5 80 87 0
0.5 0 99 67
0.5 80 99 0
0.5 0 87 58
0.5 80 87 0
0.5 0 85 78
0.5 80 85 0
0.5 0 87 74
0.5 80 87 0
0.5 0 85 68
0.5 80 85 0
0.5 0 80 75
0.5 80 80 0
0.5 0 92 71
0.5 80 92 0
0.5 0 80 66
0.5 80 80 0
0.5 0 80 72
0.5 80 80 0
0.5 0 82 67
0.5 80 82 0
0.5 0 80 65
0.5 80 80 0
0.5 0 75 72
0.5 80 75 0
0.5 0 87 67
0.5 80 87 0
0.5 0 75 67
0.5 80 75 0
0.5 0 73 75
0.5 80 73 0
0.5 0 75 68
0.5 80 75 0
0.5 0 73 67
0.5 80 73 0
0.5 0 68 72
0.5 320 68 0
0.5 0 75 70
0.5 80 75 0
0.5 0 80 67
0.5 80 80 0
0.5 0 82 74
0.5 80 82 0
0.5 0 80 70
0.5 80 80 0
0.5 0 75 67
0.5 80 75 0
0.5 0 73 71
0.5 80 73 0
0.5 0 80 73
0.5 80 80 0
0.5 0 85 72
0.5 80 85 0
0.5 0 87 74
0.5 80 87 0
0.5 0 85 69
0.5 80 85 0
0.5 0 82 67
0.5 80 82 0
0.5 0 80 72
0.5 80 80 0
0.5 0 87 69
0.5 80 87 0
0.5 0 92 67
0.5 80 92 0
0.5 0 94 72
0.5 80 94 0
0.5 0 92 64
0.5 80 92 0
0.5 0 87 59
0.5 80 87 0
0.5 0 85 77
0.5 80 85 0
0.5 0 92 73
0.5 80 92 0
0.5 0 97 68
0.5 80 97 0
0.5 0 99 72
0.5 80 99 0
0.5 0 97 68
0.5 80 97 0
0.5 0 94 68
0.5 80 94 0
0.5 0 92 72
0.5 80 92 0
0.5 0 94 69
0.5 80 94 0
0.5 0 92 63
0.5 80 92 0
0.5 0 87 72
0.5 80 87 0
0.5 0 99 67
0.5 80 99 0
0.5 0 87 72
0.5 80 87 0
0.5 0 85 81
0.5 80 85 0
0.5 0 87 73
0.5 80 87 0
0.5 0 85 67
0.5 80 85 0
0.5 0 80 77
0.5 80 80 0
0.5 0 92 75
0.5 80 92 0
0.5 0 80 67
0.5 80 80 0
0.5 0 80 79
0.5 80 80 0
0.5 0 82 70
0.5 80 82 0
0.5 0 80 65
0.5 80 80 0
0.5 0 75 73
0.5 80 75 0
0.5 0 87 68
0.5 80 87 0
0.5 0 75 65
0.5 80 75 0
0.5 0 73 75
0.5 80 73 0
0.5 0 75 69
0.5 80 75 0
0.5 0 73 63
0.5 80 73 0
0.5 0 68 75
0.5 320 68 0
0.5 0 80 67
0.5 80 80 0
0.5 0 78 64
0.5 80 78 0
0.5 0 80 75
0.5 80 80 0
0.5 0 78 68
0.5 80 78 0
0.5 0 80 65
0.5 80 80 0
0.5 0 90 82
0.5 80 90 0
0.5 0 80 71
0.5 80 80 0
0.5 0 78 65
0.5 80 78 0
0.5 0 80 74
0.5 80 80 0
0.5 0 78 67
0.5 80 78 0
0.5 0 80 64
0.5 80 80 0
0.5 0 68 64
0.5 80 68 0
0.5 0 80 68
0.5 80 80 0
0.5 0 78 63
0.5 80 78 0
0.5 0 80 71
0.5 80 80 0
0.5 0 78 65
0.5 80 78 0
0.5 0 80 62
0.5 80 80 0
0.5 0 90 81
0.5 80 90 0
0.5 0 80 67
0.5 80 80 0
0.5 0 78 63
0.5 80 78 0
0.5 0 80 69
0.5 80 80 0
0.5 0 78 67
0.5 80 78 0
0.5 0 80 64
0.5 80 80 0
0.5 0 70 70
0.5 80 70 0
0.5 0 82 74
0.5 80 82 0
0.5 0 78 66
0.5 80 78 0
0.5 0 82 74
0.5 80 82 0
0.5 0 78 70
0.5 80 78 0
0.5 0 82 66
0.5 80 82 0
0.5 0 90 83
0.5 80 90 0
0.5 0 82 71
0.5 80 82 0
0.5 0 78 68
0.5 80 78 0
0.5 0 82 77
0.5 80 82 0
0.5 0 78 72
0.5 80 78 0
0.5 0 82 67
0.5 80 82 0
0.5 0 70 73
0.5 80 70 0
0.5 0 82 75
0.5 80 82 0
0.5 0 78 72
0.5 80 78 0
0.5 0 82 78
0.5 80 82 0
0.5 0 78 72
0.5 80 78 0
0.5 0 82 67
0.5 80 82 0
0.5 0 90 85
0.5 80 90 0
0.5 0 82 74
0.5 80 82 0
0.5 0 78 71
0.5 80 78 0
0.5 0 82 80
0.5 80 82 0
0.5 0 78 77
0.5 80 78 0
0.5 0 82 74
0.5 80 82 0
0.5 0 78 80
0.5 80 78 0
0.5 0 82 77
0.5 80 82 0
0.5 0 78 78
0.5 80 78 0
0.5 0 94 87
0.5 80 94 0
0.5 0 82 76
0.5 80 82 0
0.5 0 78 70
0.5 80 78 0
0.5 0 92 89
0.5 80 92 0
0.5 0 82 70
0.5 80 82 0
0.5 0 78 73
0.5 80 78 0
0.5 0 90 89
0.5 80 90 0
0.5 0 82 78
0.5 80 82 0
0.5 0 78 73
0.5 80 78 0
0.5 0 85 80
0.5 80 85 0
0.5 0 82 73
0.5 80 82 0
0.5 0 78 76
0.5 80 78 0
0.5 0 94 90
0.5 80 94 0
0.5 0 82 76
0.5 80 82 0
0.5 0 78 79
0.5 80 78 0
0.5 0 92 94
0.5 80 92 0
0.5 0 82 77
0.5 80 82 0
0.5 0 78 76
0.5 80 78 0
0.5 0 90 95
0.5 80 90 0
0.5 0 82 76
0.5 80 82 0
0.5 0 78 79
0.5 80 78 0
0.5 0 73 87
0.5 80 73 0
0.5 0 85 78
0.5 80 85 0
0.5 0 82 75
0.5 80 82 0
0.5 0 85 88
0.5 80 85 0
0.5 0 85 75
0.5 80 85 0
0.5 0 97 80
0.5 80 97 0
0.5 0 94 94
0.5 80 94 0
0.5 0 97 77
0.5 80 97 0
0.5 0 85 76
0.5 80 85 0
0.5 0 85 89
0.5 80 85 0
0.5 0 82 77
0.5 80 82 0
0.5 0 85 82
0.5 80 85 0
0.5 0 73 89
0.5 80 73 0
0.5 0 85 85
0.5 80 85 0
0.5 0 82 81
0.5 80 82 0
0.5 0 85 90
0.5 80 85 0
0.5 0 85 85
0.5 80 85 0
0.5 0 97 85
0.5 80 97 0
0.5 0 94 101
0.5 80 94 0
0.5 0 97 86
0.5 80 97 0
0.5 0 85 84
0.5 80 85 0
0.5 0 85 93
0.5 80 85 0
0.5 0 82 85
0.5 80 82 0
0.5 0 85 80
0.5 80 85 0
0.5 0 73 94
0.5 80 73 0
0.5 0 85 85
0.5 80 85 0
0.5 0 82 81
0.5 80 82 0
0.5 0 85 94
0.5 80 85 0
0.5 0 85 84
0.5 80 85 0
0.5 0 97 80
0.5 80 97 0
0.5 0 92 95
0.5 80 92 0
0.5 0 97 85
0.5 80 97 0
0.5 0 85 83
0.5 80 85 0
0.5 0 85 95
0.5 80 85 0
0.5 0 80 90
0.5 80 80 0
0.5 0 85 86
0.5 80 85 0
0.5 0 73 97
0.5 80 73 0
0.5 0 85 90
0.5 80 85 0
0.5 0 78 85
0.5 80 78 0
0.5 0 85 93
0.5 80 85 0
0.5 0 73 87
0.5 80 73 0
0.5 0 73 84
0.5 80 73 0
0.5 0 66 95
0.5 80 66 0
0.5 0 73 90
0.5 80 73 0
0.5 0 61 85
0.5 80 61 0
0.5 0 61 100
0.5 80 61 0
0.5 0 54 89
0.5 80 54 0
0.5 0 61 85
0.5 80 61 0
0.5 0 51 74
0.5 80 51 0
0.5 0 54 71
0.5 80 54 0
0.5 0 61 72
0.5 80 61 0
0.5 0 63 77
0.5 80 63 0
0.5 0 54 70
0.5 80 54 0
0.5 0 61 72
0.5 80 61 0
0.5 0 63 81
0.5 80 63 0
0.5 0 66 78
0.5 80 66 0
0.5 0 61 75
0.5 80 61 0
0.5 0 63 83
0.5 80 63 0
0.5 0 66 77
0.5 80 66 0
0.5 0 73 73
0.5 80 73 0
0.5 0 63 87
0.5 80 63 0
0.5 0 66 80
0.5 80 66 0
0.5 0 73 77
0.5 80 73 0
0.5 0 75 89
0.5 80 75 0
0.5 0 66 78
0.5 80 66 0
0.5 0 73 75
0.5 80 73 0
0.5 0 75 89
0.5 80 75 0
0.5 0 78 78
0.5 80 78 0
0.5 0 73 76
0.5 80 73 0
0.5 0 75 89
0.5 80 75 0
0.5 0 85 78
0.5 80 85 0
0.5 0 78 75
0.5 80 78 0
0.5 0 75 89
0.5 80 75 0
0.5 0 78 81
0.5 80 78 0
0.5 0 87 86
0.5 80 87 0
0.5 0 85 85
0.5 80 85 0
0.5 0 78 78
0.5 80 78 0
0.5 0 75 84
0.5 80 75 0
0.5 0 85 81
0.5 80 85 0
0.5 0 78 76
0.5 80 78 0
0.5 0 75 71
0.5 80 75 0
0.5 0 73 78
0.5 80 73 0
0.5 0 78 71
0.5 80 78 0
0.5 0 75 75
0.5 80 75 0
0.5 0 73 74
0.5 80 73 0
0.5 0 66 69
0.5 80 66 0
0.5 0 75 72
0.5 80 75 0
0.5 0 73 71
0.5 80 73 0
0.5 0 66 66
0.5 80 66 0
0.5 0 63 69
0.5 80 63 0
0.5 0 73 67
0.5 80 73 0
0.5 0 66 61
0.5 80 66 0
0.5 0 63 65
0.5 80 63 0
0.5 0 61 64
0.5 80 61 0
0.5 0 66 59
0.5 80 66 0
0.5 0 63 62
0.5 80 63 0
0.5 0 56 52
0.5 80 56 0
0.5 0 63 54
0.5 80 63 0
0.5 0 66 54
0.5 80 66 0
0.5 0 68 56
0.5 80 68 0
0.5 0 63 56
0.5 80 63 0
0.5 0 66 54
0.5 80 66 0
0.5 0 68 58
0.5 80 68 0
0.5 0 75 58
0.5 80 75 0
0.5 0 66 56
0.5 80 66 0
0.5 0 68 60
0.5 80 68 0
0.5 0 75 60
0.5 80 75 0
0.5 0 78 58
0.5 80 78 0
0.5 0 68 62
0.5 80 68 0
0.5 0 75 58
0.5 80 75 0
0.5 0 78 62
0.5 80 78 0
0.5 0 80 62
0.5 80 80 0
0.5 0 75 54
0.5 80 75 0
0.5 0 78 58
0.5 80 78 0
0.5 0 80 62
0.5 80 80 0
0.5 0 87 65
0.5 80 87 0
0.5 0 78 60
0.5 80 78 0
0.5 0 80 62
0.5 80 80 0
0.5 0 90 58
0.5 80 90 0
0.5 0 87 59
0.5 80 87 0
0.5 0 80 59
0.5 80 80 0
0.5 0 78 59
0.5 80 78 0
0.5 0 87 58
0.5 80 87 0
0.5 0 80 58
0.5 80 80 0
0.5 0 78 57
0.5 80 78 0
0.5 0 75 56
0.5 80 75 0
0.5 0 80 56
0.5 80 80 0
0.5 0 78 56
0.5 80 78 0
0.5 0 75 54
0.5 80 75 0
0.5 0 68 54
0.5 80 68 0
0.5 0 78 52
0.5 80 78 0
0.5 0 75 52
0.5 80 75 0
0.5 0 68 52
0.5 80 68 0
0.5 0 66 51
0.5 80 66 0
0.5 0 75 51
0.5 80 75 0
0.5 0 68 50
0.5 80 68 0
0.5 0 66 49
0.5 80 66 0
0.5 0 63 49
0.5 80 63 0
0.5 0 68 48
0.5 80 68 0
0.5 0 66 48
0.5 80 66 0
0.5 0 63 48
0.5 80 63 0
0.5 0 56 46
0.5 80 56 0
0.5 0 66 46
0.5 80 66 0
0.5 0 63 44
0.5 80 63 0
0.5 0 61 65
0.5 80 61 0
0.5 0 73 59
0.5 80 73 0
0.5 0 68 55
0.5 80 68 0
0.5 0 73 65
0.5 80 73 0
0.5 0 65 59
0.5 80 65 0
0.5 0 80 58
0.5 80 80 0
0.5 0 73 70
0.5 80 73 0
0.5 0 80 66
0.5 80 80 0
0.5 0 68 66
0.5 80 68 0
0.5 0 73 70
0.5 80 73 0
0.5 0 68 66
0.5 80 68 0
0.5 0 73 62
0.5 80 73 0
0.5 0 61 65
0.5 80 61 0
0.5 0 73 63
0.5 80 73 0
0.5 0 68 58
0.5 80 68 0
0.5 0 73 65
0.5 80 73 0
0.5 0 68 63
0.5 80 68 0
0.5 0 80 57
0.5 80 80 0
0.5 0 73 65
0.5 80 73 0
0.5 0 80 59
0.5 80 80 0
0.5 0 68 55
0.5 80 68 0
0.5 0 73 65
0.5 80 73 0
0.5 0 68 63
0.5 80 68 0
0.5 0 73 58
0.5 80 73 0
0.5 0 61 65
0.5 80 61 0
0.5 0 73 58
0.5 80 73 0
0.5 0 68 56
0.5 80 68 0
0.5 0 73 65
0.5 80 73 0
0.5 0 73 58
0.5 80 73 0
0.5 0 85 55
0.5 80 85 0
0.5 0 80 71
0.5 80 80 0
0.5 0 85 64
0.5 80 85 0
0.5 0 73 62
0.5 80 73 0
0.5 0 73 71
0.5 80 73 0
0.5 0 68 67
0.5 80 68 0
0.5 0 73 62
0.5 80 73 0
0.5 0 68 65
0.5 80 68 0
0.5 0 80 59
0.5 80 80 0
0.5 0 73 54
0.5 80 73 0
0.5 0 80 65
0.5 80 80 0
0.5 0 80 58
0.5 80 80 0
0.5 0 92 59
0.5 80 92 0
0.5 0 85 65
0.5 80 85 0
0.5 0 92 57
0.5 80 92 0
0.5 0 80 60
0.5 80 80 0
0.5 0 80 65
0.5 80 80 0
0.5 0 73 63
0.5 80 73 0
0.5 0 80 56
0.5 80 80 0
0.5 0 73 65
0.5 80 73 0
0.5 0 75 62
0.5 80 75 0
0.5 0 73 57
0.5 80 73 0
0.5 0 87 64
0.5 80 87 0
0.5 0 85 61
0.5 80 85 0
0.5 0 99 61
0.5 80 99 0
0.5 0 97 73
0.5 80 97 0
0.5 0 99 65
0.5 80 99 0
0.5 0 97 66
0.5 80 97 0
0.5 0 85 80
0.5 80 85 0
0.5 0 87 75
0.5 80 87 0
0.5 0 85 70
0.5 80 85 0
0.5 0 73 81
0.5 80 73 0
0.5 0 75 77
0.5 80 75 0
0.5 0 73 73
0.5 80 73 0
0.5 0 87 78
0.5 80 87 0
0.5 0 85 70
0.5 80 85 0
0.5 0 99 74
0.5 80 99 0
0.5 0 97 73
0.5 80 97 0
0.5 0 99 70
0.5 80 99 0
0.5 0 97 66
0.5 80 97 0
0.5 0 85 70
0.5 80 85 0
0.5 0 87 67
0.5 80 87 0
0.5 0 85 66
0.5 80 85 0
0.5 0 97 65
0.5 80 97 0
0.5 0 99 65
0.5 80 99 0
0.5 0 97 62
0.5 80 97 0
0.5 0 85 66
0.5 80 85 0
0.5 0 87 69
0.5 80 87 0
0.5 0 85 65
0.5 80 85 0
0.5 0 97 71
0.5 80 97 0
0.5 0 99 68
0.5 80 99 0
0.5 0 97 72
0.5 80 97 0
0.5 0 85 75
0.5 80 85 0
0.5 0 87 72
0.5 80 87 0
0.5 0 85 68
0.5 80 85 0
0.5 0 97 79
0.5 80 97 0
0.5 0 99 75
0.5 80 99 0
0.5 0 97 70
0.5 80 97 0
0.5 0 85 74
0.5 80 85 0
0.5 0 87 69
0.5 80 87 0
0.5 0 85 68
0.5 80 85 0
0.5 0 97 71
0.5 80 97 0
0.5 0 99 67
0.5 80 99 0
0.5 0 97 64
0.5 80 97 0
0.5 0 85 67
0.5 80 85 0
0.5 0 87 66
0.5 80 87 0
0.5 0 85 65
0.5 80 85 0
0 0 91 127
0 0 64 0
0.5 1 90 96
0.5 79 94 70
0.5 1 90 0
0.5 79 94 0
0.5 0 85 70
0.5 80 85 0
0.5 0 90 92
0.5 80 90 0
0.5 0 87 74
0.5 80 87 0
0.5 0 90 70
0.5 80 90 0
0.5 0 85 97
0.5 80 85 0
0.5 0 90 74
0.5 80 90 0
0.5 0 82 71
0.5 80 82 0
0.5 0 85 84
0.5 80 85 0
0.5 0 78 73
0.5 80 78 0
0.5 0 82 70
0.5 80 82 0
0.5 0 78 74
0.5 80 78 0
0.5 0 82 69
0.5 80 82 0
0.5 0 73 66
0.5 80 73 0
0.5 0 78 69
0.5 80 78 0
0.5 0 75 66
0.5 80 75 0
0.5 0 78 63
0.5 80 78 0
0.5 0 73 74
0.5 80 73 0
0.5 0 78 68
0.5 80 78 0
0.5 0 70 63
0.5 80 70 0
0.5 0 73 74
0.5 80 73 0
0.5 0 66 64
0.5 80 66 0
0.5 0 70 61
0.5 80 70 0
0.5 0 61 74
0.5 80 61 0
0.5 0 73 72
0.5 80 73 0
0.5 0 68 67
0.5 80 68 0
0.5 0 73 75
0.5 80 73 0
0.5 0 68 66
0.5 80 68 0
0.5 0 80 67
0.5 80 80 0
0.5 0 68 72
0.5 80 68 0
0.5 0 80 73
0.5 80 80 0
0.5 0 75 71
0.5 80 75 0
0.5 0 80 78
0.5 80 80 0
0.5 0 75 76
0.5 80 75 0
0.5 0 87 72
0.5 80 87 0
0.5 0 75 82
0.5 80 75 0
0.5 0 87 77
0.5 80 87 0
0.5 0 80 72
0.5 80 80 0
0.5 0 87 86
0.5 80 87 0
0.5 0 80 74
0.5 80 80 0
0.5 0 92 75
0.5 80 92 0
0.5 0 80 88
0.5 80 80 0
0.5 0 92 81
0.5 80 92 0
0.5 0 85 77
0.5 80 85 0
0.5 0 92 89
0.5 80 92 0
0.5 0 85 85
0.5 80 85 0
0.5 0 97 83
0.5 80 97 0
0.5 0 90 97
0.5 80 90 0
0.5 0 94 74
0.5 80 94 0
0.5 0 85 71
0.5 80 85 0
0.5 0 90 94
0.5 80 90 0
0.5 0 87 75
0.5 80 87 0
0.5 0 90 73
0.5 80 90 0
0.5 0 85 95
0.5 80 85 0
0.5 0 90 76
0.5 80 90 0
0.5 0 82 73
0.5 80 82 0
0.5 0 85 86
0.5 80 85 0
0.5 0 78 77
0.5 80 78 0
0.5 0 82 73
0.5 80 82 0
0.5 0 78 74
0.5 80 78 0
0.5 0 82 66
0.5 80 82 0
0.5 0 73 64
0.5 80 73 0
0.5 0 78 70
0.5 80 78 0
0.5 0 75 67
0.5 80 75 0
0.5 0 78 67
0.5 80 78 0
0.5 0 73 74
0.5 80 73 0
0.5 0 78 62
0.5 80 78 0
0.5 0 70 55
0.5 80 70 0
0.5 0 73 74
0.5 80 73 0
0.5 0 66 64
0.5 80 66 0
0.5 0 70 60
0.5 80 70 0
0.5 0 63 74
0.5 80 63 0
0.5 0 75 71
0.5 80 75 0
0.5 0 68 67
0.5 80 68 0
0.5 0 75 74
0.5 80 75 0
0.5 0 68 72
0.5 80 68 0
0.5 0 80 67
0.5 80 80 0
0.5 0 70 74
0.5 80 70 0
0.5 0 82 85
0.5 80 82 0
0.5 0 70 72
0.5 80 70 0
0.5 0 82 74
0.5 80 82 0
0.5 0 70 70
0.5 80 70 0
0.5 0 82 66
0.5 80 82 0
0.5 0 75 74
0.5 80 75 0
0.5 0 87 70
0.5 80 87 0
0.5 0 80 70
0.5 80 80 0
0.5 0 87 71
0.5 80 87 0
0.5 0 80 69
0.5 80 80 0
0.5 0 92 69
0.5 80 92 0
0.5 0 82 72
0.5 80 82 0
0.5 0 94 79
0.5 80 94 0
0.5 0 82 69
0.5 80 82 0
0.5 0 94 72
0.5 80 94 0
0.5 0 82 72
0.5 80 82 0
0.5 0 94 70
0.5 80 94 0
0.5 0 82 74
0.5 80 82 0
0.5 0 94 72
0.5 80 94 0
0.5 0 87 72
0.5 80 87 0
0.5 0 94 74
0.5 80 94 0
0.5 0 80 69
0.5 80 80 0
0.5 0 92 67
0.5 80 92 0
0.5 0 80 75
0.5 80 80 0
0.5 0 92 73
0.5 80 92 0
0.5 0 85 70
0.5 80 85 0
0.5 0 92 77
0.5 80 92 0
0.5 0 78 69
0.5 80 78 0
0.5 0 90 70
0.5 80 90 0
0.5 0 73 77
0.5 80 73 0
0.5 0 85 72
0.5 80 85 0
0.5 0 80 69
0.5 80 80 0
0.5 0 85 78
0.5 80 85 0
0.5 0 80 72
0.5 80 80 0
0.5 0 92 75
0.5 80 92 0
0.5 0 78 78
0.5 80 78 0
0.5 0 90 74
0.5 80 90 0
0.5 0 85 72
0.5 80 85 0
0.5 0 90 80
0.5 80 90 0
0.5 0 85 74
0.5 80 85 0
0.5 0 97 78
0.5 80 97 0
0.5 0 82 80
0.5 80 82 0
0.5 0 94 74
0.5 80 94 0
0.5 0 87 71
0.5 80 87 0
0.5 0 94 81
0.5 80 94 0
0.5 0 80 79
0.5 80 80 0
0.5 0 92 76
0.5 80 92 0
0.5 0 80 82
0.5 80 80 0
0.5 0 92 76
0.5 80 92 0
0.5 0 85 73
0.5 80 85 0
0.5 0 92 82
0.5 80 92 0
0.5 0 78 74
0.5 80 78 0
0.5 0 90 70
0.5 80 90 0
0.5 0 73 83
0.5 80 73 0
0.5 0 85 74
0.5 80 85 0
0.5 0 80 71
0.5 80 80 0
0.5 0 85 83
0.5 80 85 0
0.5 0 80 76
0.5 80 80 0
0.5 0 92 82
0.5 80 92 0
0.5 0 78 86
0.5 80 78 0
0.5 0 90 76
0.5 80 90 0
0.5 0 85 73
0.5 80 85 0
0.5 0 90 87
0.5 80 90 0
0.5 0 85 79
0.5 80 85 0
0.5 0 97 75
0.5 80 97 0
0.5 0 82 83
0.5 80 82 0
0.5 0 94 74
0.5 80 94 0
0.5 0 87 75
0.5 80 87 0
0.5 0 94 86
0.5 80 94 0
0.5 0 80 77
0.5 80 80 0
0.5 0 92 74
0.5 80 92 0
0.5 0 82 87
0.5 80 82 0
0.5 0 94 80
0.5 80 94 0
0.5 0 87 74
0.5 80 87 0
0.5 0 94 84
0.5 80 94 0
0.5 0 80 78
0.5 80 80 0
0.5 0 92 74
0.5 80 92 0
0.5 0 82 92
0.5 80 82 0
0.5 0 94 85
0.5 80 94 0
0.5 0 87 81
0.5 80 87 0
0.5 0 94 93
0.5 80 94 0
0.5 0 80 85
0.5 80 80 0
0.5 0 92 90
0.5 80 92 0
0.5 0 82 94
0.5 80 82 0
0.5 0 94 86
0.5 80 94 0
0.5 0 87 83
0.5 80 87 0
0.5 0 94 97
0.5 80 94 0
0.5 0 80 80
0.5 80 80 0
0.5 0 92 88
0.5 80 92 0
0.5 0 85 98
0.5 80 85 0
0.5 0 94 90
0.5 80 94 0
0.5 0 80 87
0.5 80 80 0
0.5 0 92 100
0.5 80 92 0
0.5 0 85 90
0.5 80 85 0
0.5 0 94 92
0.5 80 94 0
0.5 0 80 103
0.5 80 80 0
0.5 0 92 93
0.5 80 92 0
0.5 0 85 86
0.5 80 85 0
0.5 0 94 94
0.5 80 94 0
0.5 0 80 90
0.5 80 80 0
0.5 0 92 86
0.5 80 92 0
0.5 0 85 96
0.5 80 85 0
0.5 0 94 91
0.5 80 94 0
0.5 0 80 85
0.5 80 80 0
0.5 0 92 89
0.5 80 92 0
0.5 0 85 82
0.5 80 85 0
0.5 0 94 75
0.5 80 94 0
0.5 0 80 85
0.5 80 80 0
0.5 0 92 77
0.5 80 92 0
0.5 0 85 71
0.5 80 85 0
0.5 0 94 75
0.5 80 94 0
0.5 0 80 68
0.5 80 80 0
0.5 0 92 64
0.5 80 92 0
0.5 0 99 57
0.5 80 99 0
0.5 40 97 57
0.5 40 97 0
0.5 0 94 52
0.5 80 94 0
0.5 0 92 57
0.5 80 92 0
0.5 0 90 57
0.5 80 90 0
0.5 0 87 54
0.5 80 87 0
0.5 0 85 57
0.5 80 85 0
0.5 0 82 57
0.5 80 82 0
0.5 0 80 53
0.5 80 80 0
0.5 0 78 57
0.5 80 78 0
0.5 0 75 57
0.5 80 75 0
0.5 0 73 54
0.5 80 73 0
0.5 0 68 65
0.5 480 68 0
0.5 0 70 69
0.5 360 70 0
0.5 0 68 64
0.5 120 68 0
0.5 0 66 71
0.5 480 66 0
0.5 0 92 63
0.5 80 92 0
0.5 0 94 53
0.5 80 94 0
0.5 0 92 57
0.5 80 92 0
0.5 0 85 59
0.5 80 85 0
0.5 0 97 59
0.5 80 97 0
0.5 0 85 54
0.5 80 85 0
0.5 0 85 63
0.5 80 85 0
0.5 0 87 63
0.5 80 87 0
0.5 0 85 63
0.5 80 85 0
0.5 0 78 58
0.5 80 78 0
0.5 0 90 55
0.5 80 90 0
0.5 0 78 58
0.5 80 78 0
0.5 0 80 63
0.5 80 80 0
0.5 0 82 54
0.5 80 82 0
0.5 0 80 56
0.5 80 80 0
0.5 0 73 78
0.5 320 73 0
0.5 0 78 62
0.5 80 78 0
0.5 0 80 57
0.5 80 80 0
0.5 0 82 66
0.5 80 82 0
0.5 0 80 64
0.5 80 80 0
0.5 0 78 57
0.5 80 78 0
0.5 0 73 62
0.5 80 73 0
0.5 0 80 64
0.5 80 80 0
0.5 0 85 61
0.5 80 85 0
0.5 0 87 67
0.5 80 87 0
0.5 0 85 65
0.5 80 85 0
0.5 0 80 59
0.5 80 80 0
0.5 0 78 66
0.5 80 78 0
0.5 0 85 63
0.5 80 85 0
0.5 0 90 59
0.5 80 90 0
0.5 0 92 64
0.5 80 92 0
0.5 0 90 64
0.5 80 90 0
0.5 0 87 57
0.5 80 87 0
0.5 0 85 70
0.5 80 85 0
0.5 0 92 67
0.5 80 92 0
0.5 0 97 65
0.5 80 97 0
0.5 0 99 74
0.5 80 99 0
0.5 0 97 67
0.5 80 97 0
0.5 0 92 62
0.5 80 92 0
0.5 0 90 62
0.5 80 90 0
0.5 0 92 57
0.5 80 92 0
0.5 0 90 56
0.5 80 90 0
0.5 0 85 63
0.5 80 85 0
0.5 0 97 59
0.5 80 97 0
0.5 0 85 59
0.5 80 85 0
0.5 0 85 63
0.5 80 85 0
0.5 0 87 60
0.5 80 87 0
0.5 0 85 57
0.5 80 85 0
0.5 0 80 59
0.5 80 80 0
0.5 0 92 59
0.5 80 92 0
0.5 0 80 59
0.5 80 80 0
0.5 0 80 63
0.5 80 80 0
0.5 0 82 59
0.5 80 82 0
0.5 0 80 55
0.5 80 80 0
0.5 0 78 58
0.5 80 78 0
0.5 0 90 58
0.5 80 90 0
0.5 0 78 55
0.5 80 78 0
0.5 0 73 63
0.5 560 73 0
0.5 0 78 64
0.5 80 78 0
0.5 0 80 62
0.5 80 80 0
0.5 0 82 70
0.5 80 82 0
0.5 0 80 64
0.5 80 80 0
0.5 0 78 61
0.5 80 78 0
0.5 0 73 69
0.5 80 73 0
0.5 0 80 66
0.5 80 80 0
0.5 0 85 64
0.5 80 85 0
0.5 0 87 73
0.5 80 87 0
0.5 0 85 67
0.5 80 85 0
0.5 0 80 65
0.5 80 80 0
0.5 0 78 74
0.5 80 78 0
0.5 0 85 71
0.5 80 85 0
0.5 0 90 70
0.5 80 90 0
0.5 0 92 76
0.5 80 92 0
0.5 0 90 70
0.5 80 90 0
0.5 0 85 70
0.5 80 85 0
0.5 0 80 79
0.5 80 80 0
0.5 0 85 81
0.5 80 85 0
0.5 0 92 78
0.5 80 92 0
0.5 0 94 86
0.5 80 94 0
0.5 0 92 78
0.5 80 92 0
0.5 0 85 74
0.5 80 85 0
0.5 0 94 87
0.5 80 94 0
0.5 0 85 77
0.5 80 85 0
0.5 0 92 71
0.5 80 92 0
0.5 0 82 83
0.5 80 82 0
0.5 0 92 78
0.5 80 92 0
0.5 0 85 70
0.5 80 85 0
0.5 0 90 83
0.5 80 90 0
0.5 0 82 76
0.5 80 82 0
0.5 0 87 72
0.5 80 87 0
0.5 0 80 83
0.5 80 80 0
0.5 0 85 76
0.5 80 85 0
0.5 0 73 72
0.5 80 73 0
0.5 0 82 83
0.5 80 82 0
0.5 0 73 78
0.5 80 73 0
0.5 0 80 74
0.5 80 80 0
0.5 0 70 83
0.5 80 70 0
0.5 0 80 72
0.5 80 80 0
0.5 0 73 72
0.5 80 73 0
0.5 0 78 83
0.5 80 78 0
0.5 0 70 78
0.5 80 70 0
0.5 0 75 74
0.5 80 75 0
0.5 0 68 83
0.5 80 68 0
0.5 0 73 77
0.5 80 73 0
0.5 0 61 76
0.5 80 61 0
0.5 0 70 87
0.5 80 70 0
0.5 0 61 82
0.5 80 61 0
0.5 0 68 77
0.5 80 68 0
0.5 0 58 88
0.5 80 58 0
0.5 0 68 77
0.5 80 68 0
0.5 0 61 81
0.5 80 61 0
0.5 0 66 93
0.5 80 66 0
0.5 0 58 87
0.5 80 58 0
0.5 0 63 86
0.5 80 63 0
0.5 0 56 97
0.5 80 56 0
0.5 0 61 91
0.5 80 61 0
0.5 0 49 88
0.5 80 49 0
0.5 0 58 101
0.5 80 58 0
0.5 0 54 92
0.5 80 54 0
0.5 0 63 87
0.5 80 63 0
0.5 0 49 101
0.5 80 49 0
0.5 0 61 92
0.5 80 61 0
0.5 0 56 86
0.5 80 56 0
0.5 0 58 101
0.5 80 58 0
0.5 0 54 93
0.5 80 54 0
0.5 0 63 89
0.5 80 63 0
0.5 0 49 101
0.5 80 49 0
0.5 0 61 93
0.5 80 61 0
0.5 0 56 89
0.5 80 56 0
0.5 0 58 101
0.5 240 58 0
0.5 0 54 48
0.5 0 58 60
0.5 80 58 0
0.5 0 54 0
0.5 0 56 59
0.5 80 56 0
0.5 0 54 54
0.5 80 54 0
0.5 0 66 63
0.5 0 63 50
0.5 80 63 0
0.5 0 66 0
0.5 0 61 60
0.5 80 61 0
0.5 0 58 56
0.5 80 58 0
0.5 0 70 64
0.5 0 66 50
0.5 80 66 0
0.5 0 70 0
0.5 0 63 62
0.5 80 63 0
0.5 0 61 58
0.5 80 61 0
0.5 0 70 52
0.5 0 73 66
0.5 80 73 0
0.5 0 70 0
0.5 0 68 64
0.5 80 68 0
0.5 0 66 58
0.5 80 66 0
0.5 0 78 69
0.5 0 75 55
0.5 80 75 0
0.5 0 78 0
0.5 0 73 59
0.5 80 73 0
0.5 0 70 59
0.5 80 70 0
0.5 0 82 70
0.5 0 78 55
0.5 80 78 0
0.5 0 82 0
0.5 0 75 65
0.5 80 75 0
0.5 0 73 64
0.5 80 73 0
0.5 0 85 71
0.5 0 82 56
0.5 80 82 0
0.5 0 85 0
0.5 0 80 67
0.5 80 80 0
0.5 0 78 67
0.5 80 78 0
0.5 0 90 73
0.5 0 87 58
0.5 80 87 0
0.5 0 90 0
0.5 0 85 67
0.5 80 85 0
0.5 0 82 65
0.5 80 82 0
0.5 0 94 75
0.5 0 90 59
0.5 80 90 0
0.5 0 94 0
0.5 0 87 69
0.5 80 87 0
0.5 0 85 66
0.5 80 85 0
0.5 0 90 78
0.5 0 87 62
0.5 80 87 0
0.5 0 90 0
0.5 0 85 70
0.5 80 85 0
0.5 0 82 69
0.5 80 82 0
0.5 0 94 78
0.5 0 90 62
0.5 80 90 0
0.5 0 94 0
0.5 0 87 71
0.5 80 87 0
0.5 0 85 70
0.5 80 85 0
0.5 0 90 81
0.5 0 87 64
0.5 80 87 0
0.5 0 90 0
0.5 0 85 74
0.5 80 85 0
0.5 0 82 73
0.5 80 82 0
0.5 0 94 81
0.5 0 90 64
0.5 80 90 0
0.5 0 94 0
0.5 0 87 75
0.5 80 87 0
0.5 0 85 74
0.5 80 85 0
0.5 0 90 82
0.5 0 87 65
0.5 80 87 0
0.5 0 90 0
0.5 0 85 75
0.5 80 85 0
0.5 0 82 75
0.5 80 82 0
0.5 0 94 85
0.5 0 90 67
0.5 80 90 0
0.5 0 94 0
0.5 0 87 77
0.5 80 87 0
0.5 0 85 75
0.5 80 85 0
0.5 0 82 89
0.5 0 90 89
0.5 80 90 0
0.5 0 82 0
0.5 80 78 94
0.5 0 90 94
0.5 80 90 0
0.5 0 78 0
0.5 0 87 94
0.5 0 75 94
0.5 80 75 0
0.5 0 87 0
0.5 0 85 95
0.5 0 73 95
0.5 80 73 0
0.5 0 85 0
0.5 0 82 96
0.5 0 70 96
0.5 80 70 0
0.5 0 82 0
0.5 0 80 97
0.5 0 68 97
0.5 80 68 0
0.5 0 80 0
0.5 0 78 98
0.5 0 66 98
0.5 80 66 0
0.5 0 78 0
0.5 0 75 98
0.5 0 63 98
0.5 80 63 0
0.5 0 75 0
0.5 0 73 100
0.5 0 61 100
0.5 80 61 0
0.5 0 73 0
0.5 0 70 101
0.5 0 58 101
0.5 80 58 0
0.5 0 70 0
0.5 0 68 103
0.5 0 56 103
0.5 80 56 0
0.5 0 68 0
0.5 0 54 111
0.5 0 66 111
0.5 120 66 0
0.5 0 54 0
0.5 360 94 118
0.5 0 90 108
0.5 0 85 108
0.5 0 82 108
0.5 480 82 0
0.5 0 94 0
0.5 0 90 0
0.5 0 85 0
0.5 0 54 112
0.5 960 54 0
1 0 0 0
0 0 7 100
0 0 91 127
0 0 64 0
0 0 91 127
0 0 64 0
0.5 1 54 75
0.5 0 61 75
0.5 0 58 75
0.5 0 66 89
0.5 90 66 0
0.5 0 54 0
0.5 0 61 0
0.5 0 58 0
0.5 149 54 71
0.5 0 63 71
0.5 0 59 71
0.5 0 66 84
0.5 90 66 0
0.5 0 54 0
0.5 0 63 0
0.5 0 59 0
0.5 150 54 75
0.5 0 61 75
0.5 0 58 75
0.5 0 66 89
0.5 90 66 0
0.5 0 54 0
0.5 0 61 0
0.5 0 58 0
0.5 390 42 48
0.5 0 54 57
0 21 64 127
0.5 69 54 0
0.5 0 42 0
0.5 150 66 55
0.5 0 63 46
0.5 0 59 46
0.5 90 59 0
0.5 0 63 0
0.5 0 66 0
0.5 150 66 57
0.5 0 61 48
0.5 0 58 48
0 11 64 0
0.5 79 58 0
0.5 0 61 0
0.5 0 66 0
0.5 390 37 47
0.5 0 49 56
0 14 64 127
0.5 76 49 0
0.5 0 37 0
0 129 64 0
0.5 21 65 60
0.5 0 61 50
0.5 0 56 50
0.5 90 56 0
0.5 0 61 0
0.5 0 65 0
0.5 150 63 63
0.5 0 59 53
0.5 0 56 53
0 4 64 127
0.5 86 56 0
0.5 0 59 0
0.5 0 63 0
0.5 150 44 68
0.5 90 44 0
0 118 64 0
0.5 32 49 70
0 11 64 127
0.5 229 63 73
0.5 0 59 62
0.5 0 56 62
0 4 64 0
0.5 236 56 0
0.5 0 59 0
0.5 0 63 0
0.5 0 61 78
0.5 0 59 64
0.5 0 56 64
0 35 64 127
0.5 205 56 0
0.5 0 49 0
0.5 0 61 0
0.5 0 59 0
0 198 64 0
0.5 42 58 73
0.5 0 66 87
0.5 0 61 73
0.5 0 54 73
0.5 90 54 0
0.5 0 58 0
0.5 0 66 0
0.5 0 61 0
0.5 150 66 82
0.5 0 63 69
0.5 0 59 69
0.5 0 54 69
0.5 90 54 0
0.5 0 66 0
0.5 0 63 0
0.5 0 59 0
0.5 150 66 87
0.5 0 61 73
0.5 0 58 73
0.5 0 54 73
0.5 90 54 0
0.5 0 66 0
0.5 0 61 0
0.5 0 58 0
0.5 390 42 47
0.5 0 54 56
0 25 64 127
0.5 65 54 0
0.5 0 42 0
0.5 150 66 48
0.5 0 63 40
0.5 0 59 40
0.5 90 59 0
0.5 0 63 0
0.5 0 66 0
0 132 64 0
0.5 18 66 57
0.5 0 61 48
0.5 0 58 48
0.5 90 58 0
0.5 0 61 0
0.5 0 66 0
0.5 390 47 66
0.5 240 47 0
0.5 0 63 71
0.5 0 56 60
0.5 480 56 0
0.5 0 63 0
0.5 0 47 64
0.5 210 47 0
0.5 0 46 57
0.5 15 53 59
0 5 64 127
0.5 10 62 77
0.5 210 62 0
0.5 0 53 0
0.5 0 46 0
0.5 0 58 56
0.5 15 65 56
0.5 15 74 71
0 208 64 0
0.5 32 74 0
0.5 0 65 0
0.5 0 58 0
0 480 91 127
0 0 64 0
0.5 1 66 86
0.5 0 61 72
0.5 0 58 72
0.5 0 54 72
0.5 90 54 0
0.5 0 66 0
0.5 0 61 0
0.5 0 58 0
0.5 149 66 77
0.5 0 63 64
0.5 0 59 64
0.5 0 54 64
0.5 90 54 0
0.5 0 66 0
0.5 0 63 0
0.5 0 59 0
0.5 150 66 86
0.5 0 61 72
0.5 0 58 72
0.5 0 54 72
0.5 90 54 0
0.5 0 66 0
0.5 0 61 0
0.5 0 58 0
0.5 390 54 56
0.5 0 42 56
0 18 64 127
0.5 72 42 0
0.5 0 54 0
0.5 150 66 48
0.5 0 63 40
0.5 0 59 40
0.5 90 59 0
0.5 0 63 0
0.5 0 66 0
0 143 64 0
0.5 7 66 56
0.5 0 61 47
0.5 0 58 47
0.5 90 58 0
0.5 0 61 0
0.5 0 66 0
0.5 390 37 51
0.5 0 49 61
0 32 64 127
0.5 58 49 0
0.5 0 37 0
0 129 64 0
0.5 21 65 61
0.5 0 61 51
0.5 0 56 51
0.5 90 56 0
0.5 0 61 0
0.5 0 65 0
0.5 150 63 62
0.5 0 59 52
0.5 0 56 52
0 32 64 127
0.5 58 56 0
0.5 0 59 0
0.5 0 63 0
0.5 150 44 66
0.5 90 44 0
0 90 64 0
0.5 60 49 70
0 14 64 127
0 208 64 0
0.5 18 63 73
0.5 0 59 62
0.5 0 56 62
0.5 240 56 0
0.5 0 59 0
0.5 0 63 0
0.5 0 61 78
0.5 0 59 64
0.5 0 56 64
0 39 64 127
0.5 201 56 0
0.5 0 49 0
0.5 0 61 0
0.5 0 59 0
0 173 64 0
0.5 67 66 87
0.5 0 58 73
0.5 0 61 73
0.5 0 54 73
0.5 90 54 0
0.5 0 66 0
0.5 0 58 0
0.5 0 61 0
0.5 150 54 69
0.5 0 63 69
0.5 0 59 69
0.5 0 66 81
0.5 90 66 0
0.5 0 54 0
0.5 0 63 0
0.5 0 59 0
0.5 150 54 73
0.5 0 61 73
0.5 0 58 73
0.5 0 66 87
0.5 90 66 0
0.5 0 54 0
0.5 0 61 0
0.5 0 58 0
0.5 390 42 47
0.5 0 54 56
0 14 64 127
0.5 76 54 0
0.5 0 42 0
0.5 150 59 42
0.5 0 66 50
0.5 0 63 42
0.5 90 63 0
0.5 0 66 0
0.5 0 59 0
0 136 64 0
0.5 14 66 56
0.5 0 61 47
0.5 0 58 47
0.5 90 58 0
0.5 0 61 0
0.5 0 66 0
0.5 390 48 62
0 18 64 127
0.5 102 48 0
0.5 120 63 68
0.5 0 56 56
0.5 480 56 0
0.5 0 63 0
0.5 0 44 64
0.5 120 44 0
0 42 64 0
0.5 78 49 78
0 18 64 127
0.5 102 49 0
0.5 120 65 71
0.5 0 56 60
0.5 120 56 0
0.5 0 65 0
0 547 64 0
0.5 53 60 52
0.5 0 68 62
0.5 0 66 52
0.5 240 66 0
0.5 0 68 0
0.5 0 60 0
0.5 0 56 50
0.5 0 68 60
0.5 0 66 50
0.5 240 66 0
0.5 0 68 0
0.5 0 56 0
0.5 0 61 56
0.5 0 65 56
0.5 0 70 68
0.5 240 70 0
0.5 0 65 0
0.5 0 61 0
0.5 0 56 48
0.5 0 65 48
0.5 0 68 59
0.5 240 68 0
0.5 0 65 0
0.5 0 56 0
0.5 0 60 52
0.5 0 66 52
0.5 0 70 62
0.5 240 70 0
0.5 0 66 0
0.5 0 60 0
0.5 0 56 48
0.5 0 68 59
0.5 0 66 59
0.5 240 66 0
0.5 0 68 0
0.5 0 56 0
0.5 0 61 56
0.5 0 65 68
0.5 240 65 0
0.5 0 61 0
0.5 0 56 60
0.5 240 56 0
0.5 0 48 62
0 39 64 127
0.5 81 48 0
0 102 64 0
0.5 18 66 68
0.5 0 63 56
0.5 0 56 56
0.5 120 56 0
0.5 0 63 0
0.5 0 66 0
0.5 120 65 63
0.5 0 61 53
0.5 0 56 53
0 18 64 127
0.5 102 56 0
0.5 0 61 0
0.5 0 65 0
0.5 120 49 62
0.5 120 49 0
0 64 64 0
0.5 56 44 62
0 28 64 127
0.5 92 44 0
0.5 120 66 57
0.5 0 60 48
0.5 0 56 48
0 35 64 0
0.5 85 56 0
0.5 0 60 0
0.5 0 66 0
0.5 120 37 62
0 18 64 127
0.5 102 37 0
0.5 120 65 60
0.5 0 61 50
0.5 0 56 50
0.5 120 56 0
0.5 0 61 0
0.5 0 65 0
0 64 64 0
0.5 56 44 62
0 18 64 127
0.5 222 44 0
0.5 0 60 50
0.5 0 68 60
0.5 0 66 50
0 226 64 0
0.5 14 66 0
0.5 0 68 0
0.5 0 60 0
0.5 0 61 56
0.5 0 65 56
0.5 0 70 68
0.5 240 70 0
0.5 0 65 0
0.5 0 61 0
0.5 0 56 50
0.5 0 65 50
0.5 0 68 60
0.5 240 68 0
0.5 0 65 0
0.5 0 56 0
0.5 0 60 56
0.5 0 66 56
0.5 0 70 68
0.5 240 70 0
0.5 0 66 0
0.5 0 60 0
0.5 0 56 52
0.5 0 68 62
0.5 0 66 52
0.5 240 66 0
0.5 0 68 0
0.5 0 56 0
0.5 0 61 55
0.5 0 65 64
0.5 240 65 0
0.5 0 61 0
0.5 0 56 62
0.5 240 56 0
0.5 0 48 68
0 28 64 127
0.5 92 48 0
0.5 120 66 62
0.5 0 63 52
0.5 6 56 52
0.5 114 63 0
0.5 0 66 0
0.5 6 56 0
0.5 354 36 70
0.5 240 36 0
0.5 0 48 72
0.5 120 48 0
0.5 120 63 57
0.5 0 56 57
0.5 0 66 69
0.5 120 66 0
0.5 0 56 0
0.5 0 63 0
0.5 360 36 59
0.5 0 48 70
0 131 64 0
0.5 109 48 0
0.5 0 36 0
0.5 0 37 63
0.5 0 49 77
0 35 64 127
0.5 85 49 0
0.5 0 37 0
0.5 120 66 73
0.5 0 61 62
0.5 0 58 62
0 205 64 0
0.5 35 58 0
0.5 0 61 0
0.5 0 66 0
0.5 0 36 62
0.5 0 48 73
0.5 240 48 0
0.5 0 36 0
0.5 0 37 61
0.5 0 49 72
0.5 240 49 0
0.5 0 37 0
0.5 0 38 69
0.5 0 50 81
0 14 64 127
0.5 226 50 0
0.5 0 38 0
0.5 0 66 77
0.5 0 58 63
0 222 64 0
0.5 18 58 0
0.5 0 66 0
0.5 0 37 64
0.5 0 49 78
0.5 240 49 0
0.5 0 37 0
0.5 0 38 63
0.5 0 50 75
0.5 240 50 0
0.5 0 38 0
0.5 0 39 70
0.5 0 51 82
0 18 64 127
0.5 222 51 0
0.5 0 39 0
0.5 0 66 80
0.5 0 58 68
0.5 480 58 0
0.5 0 66 0
0.5 0 39 69
0.5 0 51 81
0 194 64 0
0.5 46 51 0
0.5 0 39 0
0.5 0 40 73
0.5 0 52 88
0 21 64 127
0.5 219 52 0
0.5 0 40 0
0.5 0 66 84
0.5 0 58 70
0.5 480 58 0
0.5 0 66 0
0.5 0 40 71
0.5 0 52 85
0 159 64 0
0.5 81 52 0
0.5 0 40 0
0.5 0 41 78
0.5 0 53 91
0 46 64 127
0.5 74 53 0
0.5 0 41 0
0.5 120 65 88
0.5 0 61 73
0.5 0 58 73
0 233 64 0
0.5 7 58 0
0.5 0 61 0
0.5 0 65 0
0.5 0 40 77
0.5 0 52 90
0.5 240 52 0
0.5 0 40 0
0.5 0 41 77
0.5 0 53 90
0.5 240 53 0
0.5 0 41 0
0.5 0 42 82
0.5 0 54 97
0 35 64 127
0.5 85 54 0
0.5 0 42 0
0.5 120 61 79
0.5 0 64 94
0.5 0 58 79
0.5 120 58 0
0.5 0 64 0
0.5 0 61 0
0 74 64 0
0.5 46 41 80
0.5 0 53 95
0.5 240 53 0
0.5 0 41 0
0.5 0 42 78
0.5 0 54 91
0.5 240 54 0
0.5 0 42 0
0.5 0 43 89
0.5 0 55 105
0 11 64 127
0.5 229 55 0
0.5 0 43 0
0.5 0 64 96
0.5 0 61 81
0.5 0 55 81
0 191 64 0
0.5 49 55 0
0.5 0 61 0
0.5 0 64 0
0.5 0 44 81
0.5 0 56 96
0 18 64 127
0.5 222 56 0
0.5 0 44 0
0.5 0 65 96
0.5 0 61 81
0.5 0 56 81
0 166 64 0
0.5 74 56 0
0.5 0 61 0
0.5 0 65 0
0.5 0 45 86
0.5 0 57 103
0 14 64 127
0.5 226 57 0
0.5 0 45 0
0.5 0 66 94
0.5 0 63 79
0.5 0 57 79
0.5 240 57 0
0.5 0 63 0
0.5 0 66 0
0.5 240 33 89
0.5 0 45 106
0 191 64 0
0.5 49 45 0
0.5 0 33 0
0.5 0 32 89
0.5 0 44 106
0 25 64 127
0 903 64 0
0.5 32 44 0
0.5 0 32 0
0 0 64 127
0.5 480 66 100
0.5 0 61 83
0.5 0 56 83
0.5 360 56 0
0.5 0 61 0
0.5 0 66 0
0.5 0 66 92
0.5 0 61 77
0.5 0 56 77
0 71 64 0
0.5 49 56 0
0.5 0 61 0
0.5 0 66 0
0.5 0 56 83
0.5 0 66 100
0.5 0 61 83
0 0 64 127
0 918 64 0
0.5 42 61 0
0.5 0 66 0
0.5 0 56 0
0 0 64 127
0 914 64 0
0.5 46 32 52
0.5 0 44 62
0 25 64 127
0 903 64 0
0.5 32 44 0
0.5 0 32 0
0 0 64 127
0.5 480 56 52
0.5 0 66 52
0.5 0 60 52
0.5 0 68 62
0.5 360 68 0
0.5 0 56 0
0.5 0 66 0
0.5 0 60 0
0.5 0 68 57
0.5 0 66 48
0.5 0 60 48
0.5 0 56 48
0 71 64 0
0.5 49 56 0
0.5 0 68 0
0.5 0 66 0
0.5 0 60 0
0.5 0 68 62
0 0 64 127
0.5 0 66 52
0.5 0 60 52
0.5 0 56 52
0 918 64 0
0.5 42 56 0
0.5 0 68 0
0.5 0 66 0
0.5 0 60 0
0 0 64 127
0 914 64 0
0.5 46 37 63
0 25 64 127
0.5 95 37 0
0 296 64 0
0 64 64 127
0.5 0 65 70
0.5 0 56 59
0 907 64 127
0.5 53 56 0
0.5 0 65 0
0 0 64 0
0.5 0 64 63
0.5 0 55 53
0.5 360 55 0
0.5 0 64 0
0.5 0 65 63
0.5 0 56 53
0.5 120 56 0
0.5 0 65 0
0.5 0 49 63
0.5 120 49 0
0 311 64 0
0 45 64 127
0.5 4 65 72
0.5 0 56 61
0 904 64 0
0.5 56 56 0
0.5 0 65 0
0.5 0 64 75
0.5 0 55 63
0 11 64 127
0.5 349 55 0
0.5 0 64 0
0.5 0 56 57
0.5 0 65 69
0.5 120 65 0
0.5 0 56 0
0.5 0 53 77
0.5 120 53 0
0 53 64 0
0.5 67 65 63
0.5 0 56 53
0.5 0 61 53
0 7 64 127
0.5 233 61 0
0.5 0 56 0
0.5 0 65 0
0.5 0 57 59
0.5 0 61 59
0.5 0 66 70
0.5 240 66 0
0.5 0 61 0
0.5 0 57 0
0.5 0 58 62
0.5 0 61 62
0.5 0 67 75
0 205 64 0
0.5 35 67 0
0.5 0 61 0
0.5 0 58 0
0.5 0 59 70
0.5 0 61 70
0.5 0 68 84
0 14 64 127
0 434 64 0
0.5 32 68 0
0.5 0 61 0
0.5 0 59 0
0.5 0 58 64
0.5 0 61 64
0.5 0 67 77
0 21 64 127
0.5 219 67 0
0.5 0 61 0
0.5 0 58 0
0.5 0 57 61
0.5 0 61 61
0.5 0 66 72
0.5 240 66 0
0.5 0 61 0
0.5 0 57 0
0.5 0 56 57
0.5 0 61 57
0.5 0 65 69
0.5 120 65 0
0.5 0 61 0
0.5 0 56 0
0.5 120 49 63
0.5 120 49 0
0 67 64 0
0.5 53 59 56
0.5 0 61 56
0.5 0 65 56
0.5 0 68 66
0 18 64 127
0.5 222 68 0
0.5 0 70 71
0.5 240 70 0
0.5 0 65 0
0.5 0 61 0
0.5 0 59 0
0.5 0 59 64
0.5 0 61 64
0.5 0 65 64
0.5 0 71 77
0 448 64 0
0.5 32 71 0
0.5 0 70 72
0 21 64 127
0.5 219 70 0
0.5 0 68 71
0 187 64 0
0.5 53 68 0
0.5 0 59 0
0.5 0 61 0
0.5 0 65 0
0 0 91 127
0 0 64 0
0.5 1 54 73
0.5 0 66 87
0.5 0 61 73
0.5 0 58 73
0.5 90 58 0
0.5 0 54 0
0.5 0 66 0
0.5 0 61 0
0.5 149 63 70
0.5 0 59 70
0.5 0 54 70
0.5 0 66 83
0.5 90 66 0
0.5 0 63 0
0.5 0 59 0
0.5 0 54 0
0.5 150 61 73
0.5 0 66 87
0.5 0 58 73
0.5 0 54 73
0.5 90 54 0
0.5 0 61 0
0.5 0 66 0
0.5 0 58 0
0.5 390 42 47
0.5 0 54 56
0 21 64 127
0.5 69 54 0
0.5 0 42 0
0.5 150 66 51
0.5 0 63 42
0.5 0 59 42
0.5 90 59 0
0.5 0 63 0
0.5 0 66 0
0.5 150 66 56
0.5 0 61 47
0.5 0 58 47
0 11 64 0
0.5 79 58 0
0.5 0 61 0
0.5 0 66 0
0.5 390 37 48
0.5 0 49 59
0 14 64 127
0.5 76 49 0
0.5 0 37 0
0 129 64 0
0.5 21 61 48
0.5 0 65 59
0.5 0 56 48
0.5 90 56 0
0.5 0 65 0
0.5 0 61 0
0.5 150 59 50
0.5 0 63 60
0.5 0 56 50
0 4 64 127
0.5 86 56 0
0.5 0 63 0
0.5 0 59 0
0.5 150 44 62
0.5 90 44 0
0 118 64 0
0.5 32 49 66
0 11 64 127
0.5 229 63 70
0.5 0 59 59
0.5 0 56 59
0 4 64 0
0.5 236 56 0
0.5 0 59 0
0.5 0 63 0
0.5 0 61 73
0.5 0 59 62
0.5 0 56 62
0 35 64 127
0.5 205 56 0
0.5 0 49 0
0.5 0 61 0
0.5 0 59 0
0 198 64 0
0.5 42 54 73
0.5 0 58 73
0.5 0 61 73
0.5 0 66 87
0.5 90 66 0
0.5 0 54 0
0.5 0 58 0
0.5 0 61 0
0.5 150 66 82
0.5 0 63 69
0.5 0 59 69
0.5 0 54 69
0.5 90 54 0
0.5 0 66 0
0.5 0 63 0
0.5 0 59 0
0.5 150 61 73
0.5 0 66 87
0.5 0 58 73
0.5 0 54 73
0.5 90 54 0
0.5 0 61 0
0.5 0 66 0
0.5 0 58 0
0.5 390 42 48
0.5 0 54 59
0 25 64 127
0.5 65 54 0
0.5 0 42 0
0.5 150 66 55
0.5 0 63 46
0.5 0 59 46
0.5 90 59 0
0.5 0 63 0
0.5 0 66 0
0 132 64 0
0.5 18 66 59
0.5 0 61 48
0.5 0 58 48
0.5 90 58 0
0.5 0 61 0
0.5 0 66 0
0.5 390 47 66
0 25 64 127
0.5 95 47 0
0.5 120 63 66
0.5 0 56 56
0 205 64 0
0.5 35 56 0
0.5 0 63 0
0.5 0 53 59
0.5 0 58 59
0.5 0 62 70
0 7 64 127
0.5 233 62 0
0.5 0 58 0
0.5 0 53 0
0.5 0 46 66
0 187 64 0
0.5 53 46 0
0.5 0 47 66
0 7 64 127
0.5 113 47 0
0.5 120 63 66
0.5 0 56 56
0 219 64 0
0.5 21 56 0
0.5 0 63 0
0.5 0 53 62
0.5 0 58 62
0.5 0 62 73
0 21 64 127
0.5 219 62 0
0.5 0 58 0
0.5 0 53 0
0.5 0 46 69
0.5 120 46 0
0 71 64 0
0.5 49 47 80
0 14 64 127
0.5 106 47 0
0.5 120 68 69
0.5 0 59 57
0.5 0 63 57
0.5 120 63 0
0.5 0 59 0
0.5 0 68 0
0 85 64 0
0.5 35 49 82
0 7 64 127
0.5 113 49 0
0.5 120 66 66
0.5 0 61 56
0.5 0 58 56
0.5 120 58 0
0.5 0 61 0
0.5 0 66 0
0 85 64 0
0.5 35 47 84
0 21 64 127
0.5 99 47 0
0.5 120 59 60
0.5 0 65 60
0.5 0 61 60
0.5 0 68 71
0.5 120 68 0
0.5 0 59 0
0.5 0 65 0
0.5 0 61 0
0 106 64 0
0.5 14 46 86
0 32 64 127
0.5 88 46 0
0.5 120 61 60
0.5 0 70 71
0.5 0 58 60
0.5 0 66 60
0.5 120 66 0
0.5 0 61 0
0.5 0 70 0
0.5 0 58 0
0 56 64 0
0.5 64 47 88
0 18 64 127
0.5 102 47 0
0.5 120 68 73
0.5 0 63 62
0.5 0 59 62
0.5 120 59 0
0.5 0 63 0
0.5 0 68 0
0 95 64 0
0.5 25 49 89
0 46 64 127
0.5 74 49 0
0.5 120 66 73
0.5 0 61 62
0.5 0 58 62
0.5 120 58 0
0.5 0 61 0
0.5 0 66 0
0 81 64 0
0.5 39 47 91
0 4 64 127
0.5 116 47 0
0.5 120 59 63
0.5 0 65 63
0.5 0 61 63
0.5 0 68 75
0.5 120 68 0
0.5 0 59 0
0.5 0 65 0
0.5 0 61 0
0 109 64 0
0.5 11 46 94
0 28 64 127
0.5 92 46 0
0.5 120 58 63
0.5 0 66 63
0.5 0 61 63
0.5 0 70 75
0.5 120 70 0
0.5 0 58 0
0.5 0 66 0
0.5 0 61 0
0 71 64 0
0.5 49 47 94
0 14 64 127
0.5 226 47 0
0.5 0 63 70
0.5 0 56 70
0.5 0 68 82
0.5 480 68 0
0.5 0 56 0
0.5 0 63 0
0.5 0 47 94
0 191 64 0
0.5 49 47 0
0.5 0 48 104
0 28 64 127
0.5 212 48 0
0.5 0 68 85
0.5 0 63 71
0.5 0 66 71
0.5 0 56 71
0.5 480 56 0
0.5 0 68 0
0.5 0 63 0
0.5 0 66 0
0.5 0 48 100
0 201 64 0
0.5 39 48 0
0.5 0 49 106
0 25 64 127
0.5 215 49 0
0.5 240 61 77
0.5 0 66 77
0.5 0 56 77
0.5 0 68 92
0 445 64 0
0.5 35 68 0
0.5 0 61 0
0.5 0 66 0
0.5 0 56 0
0.5 0 73 94
0 0 64 127
0.5 0 66 79
0.5 0 68 79
0.5 480 68 0
0.5 0 66 0
0.5 0 73 0
0 431 64 0
0.5 9 37 47
0.5 10 37 0
0.5 0 49 47
0.5 10 56 47
0.5 10 61 47
0.5 10 66 56
0.5 960 66 0
0.5 0 49 0
0.5 0 56 0
0.5 0 61 0
0.5 0 49 30
0.5 0 59 30
0.5 0 66 56
0.5 0 49 56
0.5 0 63 47
0.5 0 56 30
0.5 480 63 0
0.5 0 66 0
0.5 0 65 56
0.5 0 61 47
0.5 480 61 0
0.5 0 56 0
0.5 0 59 0
0.5 0 49 0
0.5 0 65 0
0.5 0 49 0
0.5 0 54 48
0.5 0 58 48
0.5 0 66 59
0.5 240 66 0
0.5 0 58 0
0.5 0 61 44
0.5 240 61 0
0.5 0 59 50
0.5 0 68 60
0.5 240 68 0
0.5 0 59 0
0.5 0 56 44
0.5 0 65 52
0.5 240 65 0
0.5 0 56 0
0.5 0 54 0
0.5 0 66 60
0.5 0 58 50
0.5 0 54 50
0.5 240 58 0
0.5 0 66 0
0.5 0 61 42
0.5 240 61 0
0.5 0 59 50
0.5 0 68 60
0.5 240 68 0
0.5 0 59 0
0.5 0 65 51
0.5 0 56 42
0.5 240 56 0
0.5 0 65 0
0.5 0 54 0
0.5 0 54 53
0.5 0 66 63
0.5 0 58 53
0.5 240 58 0
0.5 0 66 0
0.5 0 54 0
0.5 240 63 63
0.5 0 53 53
0.5 0 59 53
0.5 240 59 0
0.5 0 53 0
0.5 0 63 0
0.5 0 49 48
0.5 0 61 57
0.5 240 61 0
0.5 0 49 0
0.5 0 63 66
0.5 0 58 56
0.5 0 54 56
0.5 240 54 0
0.5 0 58 0
0.5 0 63 0
0.5 0 49 48
0.5 0 61 59
0.5 240 61 0
0.5 0 49 0
0.5 0 59 56
0.5 0 53 56
0.5 0 63 68
0.5 240 63 0
0.5 0 53 0
0.5 0 59 0
0.5 0 61 62
0.5 0 49 52
0.5 240 49 0
0.5 0 61 0
0.5 0 66 59
0.5 0 54 48
0.5 0 58 48
0.5 240 58 0
0.5 0 66 0
0.5 0 61 45
0.5 240 61 0
0.5 0 68 60
0.5 0 59 50
0.5 240 59 0
0.5 0 68 0
0.5 0 56 46
0.5 0 65 55
0.5 240 65 0
0.5 0 56 0
0.5 0 54 0
0.5 0 58 51
0.5 0 66 61
0.5 0 54 51
0.5 240 66 0
0.5 0 58 0
0.5 0 61 46
0.5 240 61 0
0.5 0 59 51
0.5 0 68 61
0.5 240 68 0
0.5 0 59 0
0.5 0 56 47
0.5 0 65 56
0.5 240 65 0
0.5 0 56 0
0.5 0 54 0
0.5 0 58 55
0.5 0 66 64
0.5 0 54 55
0.5 240 54 0
0.5 0 66 0
0.5 0 58 0
0.5 0 61 59
0.5 240 61 0
0.5 0 63 70
0.5 0 59 59
0.5 0 53 59
0.5 240 53 0
0.5 0 59 0
0.5 0 63 0
0.5 0 49 53
0.5 0 61 63
0.5 240 61 0
0.5 0 49 0
0.5 0 54 66
0.5 0 63 79
0.5 0 58 66
0.5 240 58 0
0.5 0 63 0
0.5 0 54 0
0.5 0 61 72
0.5 0 49 61
0.5 240 49 0
0.5 0 61 0
0.5 0 53 70
0.5 0 59 70
0.5 0 63 84
0.5 240 63 0
0.5 0 59 0
0.5 0 53 0
0.5 0 61 81
0.5 0 49 69
0.5 210 49 0
0.5 0 61 0
0.5 0 54 68
0.5 15 61 70
0.5 15 70 90
0.5 480 70 0
0.5 0 61 0
0.5 0 54 0
0.5 240 49 79
0.5 0 59 79
0.5 0 56 79
0.5 0 65 94
0.5 240 65 0
0.5 0 49 0
0.5 0 59 0
0.5 0 56 0
0.5 0 54 77
0.5 0 58 77
0.5 0 66 90
0.5 480 66 0
0.5 0 58 0
0.5 0 54 0
0.5 240 37 78
0.5 0 47 78
0.5 0 53 93
0.5 240 53 0
0.5 0 47 0
0.5 0 37 0
0.5 0 42 75
0.5 0 46 75
0.5 0 54 89
0.5 480 54 0
0.5 0 46 0
0.5 0 42 0
0.5 240 37 80
0.5 240 37 0
0.5 0 30 71
0.5 0 42 85
0.5 240 42 0
0.5 0 30 0
0.5 0 25 68
0.5 0 37 80
0.5 240 37 0
0.5 0 25 0
0.5 0 30 71
0.5 0 42 85
0.5 240 42 0
0.5 0 30 0
0.5 0 25 68
0.5 0 37 80
0.5 240 37 0
0.5 0 25 0
0.5 0 30 71
0.5 0 42 85
0.5 240 42 0
0.5 0 30 0
0.5 480 42 53
0.5 80 42 0
0.5 0 49 48
0.5 80 49 0
0.5 0 58 46
0.5 80 58 0
0.5 0 42 56
0.5 80 42 0
0.5 0 49 51
0.5 80 49 0
0.5 0 58 49
0.5 80 58 0
0.5 0 46 57
0.5 80 46 0
0.5 0 54 52
0.5 80 54 0
0.5 0 61 49
0.5 80 61 0
0.5 0 49 59
0.5 80 49 0
0.5 0 58 52
0.5 80 58 0
0.5 0 66 51
0.5 80 66 0
0.5 0 54 61
0.5 80 54 0
0.5 0 61 54
0.5 80 61 0
0.5 0 70 51
0.5 80 70 0
0.5 0 58 61
0.5 80 58 0
0.5 0 66 56
0.5 80 66 0
0.5 0 73 54
0.5 80 73 0
0.5 0 61 65
0.5 80 61 0
0.5 0 70 58
0.5 80 70 0
0.5 0 78 56
0.5 80 78 0
0.5 0 66 67
0.5 80 66 0
0.5 0 70 59
0.5 80 70 0
0.5 0 78 58
0.5 80 78 0
0.5 0 61 68
0.5 80 61 0
0.5 0 73 60
0.5 80 73 0
0.5 0 78 59
0.5 80 78 0
0.5 0 66 72
0.5 80 66 0
0.5 0 70 61
0.5 80 70 0
0.5 0 78 59
0.5 80 78 0
0.5 0 61 72
0.5 80 61 0
0.5 0 70 65
0.5 80 70 0
0.5 0 78 63
0.5 80 78 0
0.5 0 66 73
0.5 80 66 0
0.5 0 70 67
0.5 80 70 0
0.5 0 78 66
0.5 80 78 0
0.5 0 61 75
0.5 80 61 0
0.5 0 70 69
0.5 80 70 0
0.5 0 78 69
0.5 80 78 0
0.5 0 66 81
0.5 80 66 0
0.5 80 54 87
0.5 0 66 87
0.5 80 66 0
0.5 0 54 0
0.5 0 63 83
0.5 0 51 83
0.5 80 51 0
0.5 0 63 0
0.5 0 61 85
0.5 0 49 85
0.5 80 49 0
0.5 0 61 0
0.5 0 58 86
0.5 0 46 86
0.5 80 46 0
0.5 0 58 0
0.5 0 56 86
0.5 0 44 86
0.5 80 44 0
0.5 0 56 0
0.5 0 54 87
0.5 0 42 87
0.5 80 42 0
0.5 0 54 0
0.5 0 51 88
0.5 0 39 88
0.5 80 39 0
0.5 0 51 0
0.5 0 37 89
0.5 0 49 89
0.5 80 49 0
0.5 0 37 0
0.5 0 34 89
0.5 0 46 89
0.5 80 46 0
0.5 0 34 0
0.5 0 32 92
0.5 0 44 92
0.5 80 44 0
0.5 0 32 0
0.5 0 30 99
0.5 0 42 99
0.5 120 42 0
0.5 0 30 0
0.5 330 54 93
0.5 15 61 98
0.5 15 70 108
0.5 480 70 0
0.5 0 61 0
0.5 0 54 0
0.5 0 30 102
0.5 0 42 102
0.5 960 42 0
0.5 0 30 0
0 0 64 0
1 0 0 0
