0 0 7 100
0 0 10 64
0 0 91 127
0.5 160 60 49
0.5 80 60 0
0.5 0 67 53
0.5 0 64 33
0.5 80 64 0
0.5 0 60 43
0.5 80 60 0
0.5 0 67 0
0.5 0 69 43
0.5 80 69 0
0.5 160 62 51
0.5 80 62 0
0.5 0 67 59
0.5 0 65 40
0.5 80 65 0
0.5 0 62 47
0.5 80 62 0
0.5 0 67 0
0.5 0 69 45
0.5 80 69 0
0.5 160 60 59
0.5 80 60 0
0.5 0 67 67
0.5 0 64 46
0.5 80 64 0
0.5 0 60 61
0.5 80 60 0
0.5 0 67 0
0.5 0 69 65
0.5 80 69 0
0.5 160 64 70
0.5 80 64 0
0.5 0 71 75
0.5 0 67 52
0.5 80 67 0
0.5 0 64 70
0.5 80 64 0
0.5 0 71 0
0.5 0 72 78
0.5 80 72 0
0.5 80 64 79
0.5 80 69 75
0.5 80 69 0
0.5 0 76 80
0.5 0 72 58
0.5 80 72 0
0.5 0 69 75
0.5 80 69 0
0.5 0 76 0
0.5 0 64 0
0.5 0 62 80
0.5 0 74 80
0.5 80 74 0
0.5 0 62 0
0.5 80 64 86
0.5 80 69 82
0.5 80 69 0
0.5 0 76 88
0.5 0 72 61
0.5 80 72 0
0.5 0 69 82
0.5 80 69 0
0.5 0 76 0
0.5 0 64 0
0.5 0 62 84
0.5 0 74 84
0.5 80 74 0
0.5 0 62 0
0.5 80 64 86
0.5 80 67 82
0.5 80 67 0
0.5 0 76 88
0.5 0 71 55
0.5 80 71 0
0.5 0 67 74
0.5 80 67 0
0.5 0 76 0
0.5 0 64 0
0.5 0 62 67
0.5 0 74 82
0.5 80 74 0
0.5 0 62 0
0.5 160 62 56
0.5 80 62 0
0.5 0 71 59
0.5 0 65 41
0.5 80 65 0
0.5 0 62 50
0.5 80 62 0
0.5 0 71 0
0.5 0 69 47
0.5 80 69 0
0.5 160 60 53
0.5 80 60 0
0.5 0 67 60
0.5 0 64 36
0.5 80 64 0
0.5 0 60 51
0.5 80 60 0
0.5 0 67 0
0.5 0 69 45
0.5 80 69 0
0.5 160 62 58
0.5 80 62 0
0.5 0 67 61
0.5 0 65 45
0.5 80 65 0
0.5 0 62 58
0.5 80 62 0
0.5 0 67 0
0.5 0 69 51
0.5 80 69 0
0.5 160 60 64
0.5 80 60 0
0.5 0 67 72
0.5 0 64 49
0.5 80 64 0
0.5 0 60 66
0.5 80 60 0
0.5 0 67 0
0.5 0 69 62
0.5 80 69 0
0.5 160 64 70
0.5 80 64 0
0.5 0 71 75
0.5 0 67 52
0.5 80 67 0
0.5 0 64 70
0.5 80 64 0
0.5 0 71 0
0.5 0 72 69
0.5 80 72 0
0.5 80 61 69
0.5 80 65 75
0.5 80 65 0
0.5 0 73 80
0.5 0 69 55
0.5 80 69 0
0.5 0 65 75
0.5 80 65 0
0.5 0 73 0
0.5 0 61 0
0.5 0 62 58
0.5 0 74 73
0.5 80 74 0
0.5 0 62 0
0.5 80 63 72
0.5 80 67 78
0.5 80 67 0
0.5 0 75 82
0.5 0 72 57
0.5 80 72 0
0.5 0 67 78
0.5 80 67 0
0.5 0 75 0
0.5 0 63 0
0.5 0 76 78
0.5 0 64 61
0.5 80 64 0
0.5 0 76 0
0.5 80 67 75
0.5 80 69 80
0.5 80 69 0
0.5 0 79 86
0.5 0 72 60
0.5 80 72 0
0.5 0 69 75
0.5 80 69 0
0.5 0 79 0
0.5 0 67 0
0.5 0 65 63
0.5 0 77 81
0.5 80 77 0
0.5 0 65 0
0.5 80 63 91
0.5 80 67 82
0.5 80 67 0
0.5 0 75 91
0.5 0 72 61
0.5 80 72 0
0.5 0 67 79
0.5 80 67 0
0.5 0 75 0
0.5 0 63 0
0.5 0 64 66
0.5 0 76 86
0.5 80 76 0
0.5 0 64 0
0.5 80 64 92
0.5 80 69 86
0.5 80 69 0
0.5 0 76 96
0.5 0 72 63
0.5 80 72 0
0.5 0 69 82
0.5 80 69 0
0.5 0 76 0
0.5 0 64 0
0.5 0 65 85
0.5 0 77 85
0.5 80 77 0
0.5 0 65 0
0.5 0 66 97
0.5 120 71 81
0.5 120 71 0
0.5 0 78 89
0.5 0 74 70
0.5 80 74 0
0.5 0 71 84
0.5 80 71 0
0.5 0 78 0
0.5 0 66 0
0.5 0 67 62
0.5 0 79 81
0.5 80 79 0
0.5 0 67 0
0.5 0 68 99
0.5 120 72 82
0.5 120 72 0
0.5 0 80 91
0.5 0 76 72
0.5 80 76 0
0.5 0 72 82
0.5 80 72 0
0.5 0 80 0
0.5 0 68 0
0.5 0 69 64
0.5 0 81 85
0.5 80 81 0
0.5 0 69 0
0.5 0 70 100
0.5 120 74 82
0.5 120 74 0
0.5 0 82 100
0.5 0 79 61
0.5 80 79 0
0.5 0 74 97
0.5 80 74 0
0.5 0 82 0
0.5 0 70 0
0.5 0 71 67
0.5 0 83 93
0.5 80 83 0
0.5 0 71 0
0.5 80 74 103
0.5 80 76 97
0.5 80 76 0
0.5 0 86 108
0.5 0 79 82
0.5 80 79 0
0.5 0 76 73
0.5 80 76 0
0.5 0 86 0
0.5 0 74 0
0.5 0 72 54
0.5 0 84 75
0.5 80 84 0
0.5 0 72 0
0.5 80 71 66
0.5 80 72 67
0.5 80 72 0
0.5 0 83 72
0.5 0 75 49
0.5 80 75 0
0.5 0 72 63
0.5 80 72 0
0.5 0 83 0
0.5 0 71 0
0.5 0 69 50
0.5 0 81 62
0.5 80 81 0
0.5 0 69 0
0.5 0 69 61
0.5 120 72 59
0.5 120 72 0
0.5 0 81 63
0.5 0 76 41
0.5 80 76 0
0.5 0 72 61
0.5 80 72 0
0.5 0 81 0
0.5 0 69 0
0.5 0 67 47
0.5 0 79 60
0.5 80 79 0
0.5 0 67 0
0.5 80 64 56
0.5 80 67 55
0.5 80 67 0
0.5 0 76 57
0.5 0 71 36
0.5 80 71 0
0.5 0 67 49
0.5 80 67 0
0.5 0 76 0
0.5 0 64 0
0.5 0 62 49
0.5 0 74 49
0.5 80 74 0
0.5 0 62 0
0.5 120 60 51
0.5 120 60 0
0.5 0 67 56
0.5 0 64 35
0.5 80 64 0
0.5 0 60 48
0.5 80 60 0
0.5 0 67 0
0.5 0 69 48
0.5 80 69 0
0.5 0 64 41
0.5 120 67 55
0.5 120 67 0
0.5 0 76 61
0.5 0 71 38
0.5 80 71 0
0.5 0 67 48
0.5 80 67 0
0.5 0 76 0
0.5 0 64 0
0.5 0 62 41
0.5 0 74 48
0.5 80 74 0
0.5 0 62 0
0.5 160 60 51
0.5 80 60 0
0.5 0 67 56
0.5 0 64 35
0.5 80 64 0
0.5 0 60 48
0.5 80 60 0
0.5 0 67 0
0.5 0 69 48
0.5 80 69 0
0.5 80 64 41
0.5 80 67 55
0.5 80 67 0
0.5 0 76 61
0.5 0 71 38
0.5 80 71 0
0.5 0 67 48
0.5 80 67 0
0.5 0 76 0
0.5 0 64 0
0.5 0 62 41
0.5 0 74 48
0.5 80 74 0
0.5 0 62 0
0.5 80 60 41
0.5 80 65 51
0.5 80 65 0
0.5 0 60 0
0.5 0 72 56
0.5 0 69 35
0.5 80 69 0
0.5 0 65 45
0.5 80 65 0
0.5 0 64 41
0.5 0 67 41
0.5 80 67 0
0.5 0 64 0
0.5 80 60 42
0.5 80 65 56
0.5 80 65 0
0.5 0 60 0
0.5 0 72 0
0.5 0 72 64
0.5 0 69 39
0.5 80 69 0
0.5 0 65 45
0.5 80 65 0
0.5 0 64 41
0.5 0 67 41
0.5 80 67 0
0.5 0 64 0
0.5 80 60 40
0.5 80 65 49
0.5 80 65 0
0.5 0 60 0
0.5 0 72 0
0.5 0 72 52
0.5 0 69 33
0.5 80 69 0
0.5 0 65 41
0.5 80 65 0
0.5 0 64 38
0.5 0 67 38
0.5 80 67 0
0.5 0 64 0
0.5 80 60 37
0.5 80 65 44
0.5 80 65 0
0.5 0 60 0
0.5 0 72 0
0.5 0 72 46
0.5 0 69 29
0.5 80 69 0
0.5 0 65 36
0.5 80 65 0
0.5 0 64 33
0.5 0 67 33
0.5 80 67 0
0.5 0 64 0
0.5 0 72 0
0.5 400 60 33
0.5 80 64 33
0.5 480 64 0
0.5 0 60 0
1 0 0 0
0 0 7 100
0 0 10 64
0 0 91 127
0 0 91 127
0 0 64 127
0.5 1 36 46
0.5 79 36 0
0.5 0 55 36
0.5 0 43 30
0.5 80 43 0
0.5 0 52 36
0.5 80 52 0
0.5 160 55 0
0.5 0 57 27
0.5 80 57 0
0.5 0 35 51
0 10 64 0
0 25 64 127
0.5 45 35 0
0.5 0 55 47
0.5 0 43 38
0.5 80 43 0
0.5 0 53 36
0.5 80 53 0
0.5 160 55 0
0.5 0 57 33
0.5 80 57 0
0.5 0 36 53
0 11 64 0
0 24 64 127
0.5 45 36 0
0.5 0 55 56
0.5 0 43 47
0.5 80 43 0
0.5 0 52 47
0.5 80 52 0
0.5 160 55 0
0.5 0 57 52
0.5 80 57 0
0.5 0 40 79
0 10 64 0
0 25 64 127
0.5 45 40 0
0.5 0 59 66
0.5 0 52 55
0.5 80 52 0
0.5 0 55 56
0.5 80 55 0
0.5 160 59 0
0.5 0 60 62
0.5 80 60 0
0.5 0 41 84
0 17 64 0
0 18 64 127
0.5 45 41 0
0.5 0 52 68
0.5 80 52 0
0.5 0 57 59
0.5 80 57 0
0.5 240 42 91
0 13 64 0
0 22 64 127
0.5 45 42 0
0.5 0 50 75
0.5 80 50 0
0.5 0 60 64
0.5 80 60 0
0.5 240 43 97
0 5 64 0
0 26 64 127
0.5 49 43 0
0.5 0 53 79
0.5 80 53 0
0.5 0 59 67
0.5 80 59 0
0.5 240 31 58
0 11 64 0
0 46 64 127
0.5 23 31 0
0.5 0 59 50
0.5 0 43 42
0.5 80 43 0
0.5 0 53 38
0.5 80 53 0
0.5 160 59 0
0.5 0 57 39
0 8 64 0
0.5 72 57 0
0.5 0 36 51
0 32 64 127
0.5 48 36 0
0.5 0 55 44
0.5 0 43 37
0.5 80 43 0
0.5 0 52 39
0.5 80 52 0
0.5 160 55 0
0.5 0 57 38
0.5 80 57 0
0.5 0 35 53
0 7 64 0
0 28 64 127
0.5 45 35 0
0.5 0 55 51
0.5 0 43 42
0.5 80 43 0
0.5 0 53 44
0.5 80 53 0
0.5 160 55 0
0.5 0 57 44
0.5 80 57 0
0.5 0 36 63
0 6 64 0
0 29 64 127
0.5 45 36 0
0.5 0 55 60
0.5 0 43 50
0.5 80 43 0
0.5 0 52 63
0.5 80 52 0
0.5 160 55 0
0.5 0 57 50
0.5 80 57 0
0.5 0 40 79
0 6 64 0
0 29 64 127
0.5 45 40 0
0.5 0 59 66
0.5 0 52 66
0.5 80 52 0
0.5 0 55 56
0.5 80 55 0
0.5 160 59 0
0.5 0 60 55
0.5 80 60 0
0.5 0 41 84
0 14 64 0
0 21 64 127
0.5 45 41 0
0.5 0 48 69
0.5 80 48 0
0.5 0 57 60
0.5 80 57 0
0.5 240 43 89
0 5 64 0
0 35 64 127
0.5 40 43 0
0.5 0 48 72
0.5 80 48 0
0.5 0 58 61
0.5 80 58 0
0.5 240 45 91
0 10 64 0
0 25 64 127
0.5 45 45 0
0.5 0 53 75
0.5 80 53 0
0.5 0 60 58
0.5 80 60 0
0.5 240 43 91
0 10 64 0
0 36 64 127
0.5 34 43 0
0.5 0 48 78
0.5 80 48 0
0.5 0 60 61
0.5 80 60 0
0.5 240 45 92
0 15 64 0
0 20 64 127
0.5 45 45 0
0.5 0 53 77
0.5 80 53 0
0.5 0 60 61
0.5 80 60 0
0.5 240 47 67
0 11 64 0
0 24 64 127
0.5 45 47 0
0.5 0 55 72
0.5 80 55 0
0.5 0 62 74
0.5 80 62 0
0.5 240 48 73
0 15 64 0
0 20 64 127
0.5 45 48 0
0.5 0 55 80
0.5 80 55 0
0.5 0 64 80
0.5 80 64 0
0.5 240 50 77
0 14 64 0
0 21 64 127
0.5 45 50 0
0.5 0 55 84
0.5 80 55 0
0.5 0 65 84
0.5 80 65 0
0.5 240 52 102
0 11 64 0
0 24 64 127
0.5 45 52 0
0.5 0 60 90
0.5 80 60 0
0.5 0 67 71
0.5 80 67 0
0.5 240 42 74
0 15 64 0
0 20 64 127
0.5 45 42 0
0.5 0 51 63
0.5 80 51 0
0.5 0 60 50
0.5 80 60 0
0.5 240 43 57
0 15 64 0
0 20 64 127
0.5 45 43 0
0.5 0 52 61
0.5 80 52 0
0.5 0 60 56
0.5 80 60 0
0.5 240 43 59
0 16 64 0
0 19 64 127
0.5 45 43 0
0.5 0 53 53
0.5 80 53 0
0.5 0 59 41
0.5 80 59 0
0.5 240 55 41
0.5 0 36 48
0 15 64 0
0 27 64 127
0.5 38 36 0
0.5 0 43 41
0.5 80 43 0
0.5 0 52 36
0.5 80 52 0
0.5 160 55 0
0.5 0 57 41
0.5 80 57 0
0.5 0 36 48
0 18 64 0
0 14 64 127
0.5 48 36 0
0.5 0 43 41
0.5 80 43 0
0.5 0 53 46
0.5 80 53 0
0.5 240 36 48
0 10 64 0
0 25 64 127
0.5 45 36 0
0.5 0 55 41
0.5 0 43 41
0.5 80 43 0
0.5 0 52 36
0.5 80 52 0
0.5 160 55 0
0.5 0 57 41
0.5 80 57 0
0.5 0 36 48
0 19 64 0
0 13 64 127
0.5 48 36 0
0.5 0 43 41
0.5 80 43 0
0.5 0 53 36
0.5 80 53 0
0.5 240 36 48
0 17 64 0
0 18 64 127
0.5 45 36 0
0.5 0 43 41
0.5 80 43 0
0.5 0 55 36
0.5 80 55 0
0.5 240 36 48
0 17 64 0
0 17 64 127
0.5 46 36 0
0.5 0 43 42
0.5 80 43 0
0.5 0 55 39
0.5 80 55 0
0.5 240 36 48
0 17 64 0
0 22 64 127
0.5 41 36 0
0.5 0 43 40
0.5 80 43 0
0.5 0 55 35
0.5 80 55 0
0.5 240 36 42
0 16 64 0
0 19 64 127
0.5 45 36 0
0.5 0 43 37
0.5 80 43 0
0.5 0 55 30
0.5 80 55 0
0.5 240 36 38
0 9 64 0
0 23 64 127
0.5 48 43 33
0.5 80 48 37
0.5 80 52 34
0.5 80 55 38
0.5 640 55 0
0.5 0 48 0
0.5 0 36 0
0.5 0 43 0
0.5 0 52 0
0 307 64 0
1 0 0 0
