0 0 7 100
0 0 10 64
0.5 0 55 76
0.5 0 67 91
0.5 0 63 91
0.5 0 60 76
0 0 91 127
0 0 64 0
0.5 480 60 0
0.5 0 55 0
0.5 0 67 0
0.5 0 63 0
0.5 0 60 74
0.5 0 56 74
0.5 0 63 87
0.5 0 68 87
0.5 480 68 0
0.5 0 60 0
0.5 0 56 0
0.5 0 63 0
0.5 0 67 89
0.5 0 55 75
0.5 0 63 89
0.5 0 59 75
0.5 360 63 0
0.5 0 67 0
0.5 0 65 79
0.5 0 62 79
0.5 120 62 0
0.5 0 59 0
0.5 0 55 0
0.5 0 65 0
0.5 0 55 69
0.5 0 63 82
0.5 0 51 69
0.5 0 60 82
0.5 456 60 0
0.5 0 55 0
0.5 0 63 0
0.5 0 51 0
0.5 24 56 76
0.5 0 60 91
0.5 0 51 76
0.5 0 63 91
0.5 480 63 0
0.5 0 56 0
0.5 0 60 0
0.5 0 51 0
0.5 0 65 89
0.5 0 61 89
0.5 0 53 76
0.5 0 56 76
0.5 480 56 0
0.5 0 65 0
0.5 0 61 0
0.5 0 53 0
0.5 0 60 89
0.5 0 63 89
0.5 0 49 68
0.5 0 51 75
0.5 0 55 75
0.5 360 63 0
0.5 0 60 0
0.5 0 61 82
0.5 0 58 82
0.5 120 58 0
0.5 0 51 0
0.5 0 55 0
0.5 0 49 0
0.5 0 61 0
0.5 0 48 72
0.5 0 56 85
0.5 0 51 72
0.5 0 60 85
0.5 456 60 0
0.5 0 48 0
0.5 0 56 0
0.5 0 51 0
0.5 24 62 86
0.5 0 59 86
0.5 0 50 72
0.5 0 53 72
0.5 480 53 0
0.5 0 62 0
0.5 0 59 0
0.5 0 50 0
0.5 0 60 87
0.5 0 55 73
0.5 0 58 73
0.5 0 52 73
0.5 0 64 87
0.5 480 64 0
0.5 0 58 0
0.5 0 60 0
0.5 0 55 0
0.5 0 52 0
0.5 0 67 90
0.5 0 60 79
0.5 0 56 72
0.5 360 67 0
0.5 0 65 80
0.5 120 65 0
0.5 0 56 0
0.5 0 60 0
0.5 0 63 90
0.5 0 60 90
0.5 0 55 76
0.5 480 55 0
0.5 0 60 0
0.5 0 63 0
0.5 0 62 92
0.5 0 60 92
0.5 0 54 76
0.5 480 54 0
0.5 0 60 0
0.5 0 62 0
0.5 0 59 76
0.5 0 55 76
0.5 0 67 93
0.5 0 62 93
0.5 480 62 0
0.5 0 59 0
0.5 0 55 0
0.5 0 67 0
0.5 0 66 81
0.5 0 71 90
0.5 0 60 70
0.5 0 62 70
0.5 360 71 0
0.5 0 69 76
0.5 120 69 0
0.5 0 62 0
0.5 0 60 0
0.5 0 66 0
0.5 0 59 68
0.5 0 62 80
0.5 0 67 80
0.5 456 67 0
0.5 0 62 0
0.5 0 59 0
0.5 24 63 37
0.5 0 75 45
0.5 0 67 45
0.5 480 67 0
0.5 0 75 0
0.5 0 63 0
0.5 0 75 45
0.5 0 68 45
0.5 0 63 37
0.5 480 63 0
0.5 0 68 0
0.5 0 75 0
0.5 0 62 37
0.5 0 68 45
0.5 0 74 45
0.5 360 68 0
0.5 0 66 41
0.5 120 66 0
0.5 0 74 0
0.5 0 62 0
0.5 0 67 45
0.5 0 74 45
0.5 0 62 37
0.5 456 62 0
0.5 0 74 0
0.5 0 67 0
0.5 24 72 45
0.5 0 60 37
0.5 0 67 45
0.5 480 67 0
0.5 0 60 0
0.5 0 72 0
0.5 0 62 45
0.5 0 66 45
0.5 0 60 38
0.5 0 74 45
0.5 480 74 0
0.5 0 62 0
0.5 0 66 0
0.5 0 60 0
0.5 0 62 39
0.5 0 71 46
0.5 0 67 46
0.5 360 67 0
0.5 0 71 0
0.5 0 62 0
0.5 0 60 36
0.5 0 69 44
0.5 120 69 0
0.5 0 60 0
0.5 0 62 46
0.5 0 59 39
0.5 0 67 46
0.5 456 67 0
0.5 0 59 0
0.5 0 62 0
0.5 24 67 49
0.5 0 72 49
0.5 0 60 41
0.5 480 60 0
0.5 0 72 0
0.5 0 67 0
0.5 0 56 41
0.5 0 60 49
0.5 0 68 49
0.5 480 68 0
0.5 0 60 0
0.5 0 56 0
0.5 0 55 45
0.5 0 62 53
0.5 0 67 53
0.5 360 67 0
0.5 0 65 45
0.5 120 65 0
0.5 0 62 0
0.5 0 55 0
0.5 0 63 49
0.5 0 55 41
0.5 0 60 49
0.5 456 60 0
0.5 0 55 0
0.5 0 63 0
0.5 24 60 48
0.5 0 63 48
0.5 0 56 40
0.5 0 51 40
0.5 480 51 0
0.5 0 60 0
0.5 0 63 0
0.5 0 56 0
0.5 0 56 39
0.5 0 61 46
0.5 0 53 39
0.5 0 65 46
0.5 480 65 0
0.5 0 56 0
0.5 0 61 0
0.5 0 53 0
0.5 0 59 48
0.5 0 55 40
0.5 0 63 48
0.5 0 53 40
0.5 360 63 0
0.5 0 62 44
0.5 120 62 0
0.5 0 53 0
0.5 0 55 0
0.5 0 59 0
0.5 0 51 36
0.5 0 55 44
0.5 0 60 44
0.5 456 60 0
0.5 0 55 0
0.5 0 51 0
0.5 24 67 29
0.5 0 75 29
0.5 0 63 24
0.5 480 63 0
0.5 0 75 0
0.5 0 67 0
0.5 0 75 29
0.5 0 63 24
0.5 0 68 29
0.5 480 68 0
0.5 0 63 0
0.5 0 75 0
0.5 0 62 24
0.5 0 74 29
0.5 0 68 29
0.5 360 68 0
0.5 0 66 27
0.5 120 66 0
0.5 0 74 0
0.5 0 62 0
0.5 0 62 24
0.5 0 74 29
0.5 0 67 29
0.5 456 67 0
0.5 0 74 0
0.5 0 62 0
0.5 24 60 24
0.5 0 72 29
0.5 0 67 29
0.5 480 67 0
0.5 0 72 0
0.5 0 60 0
0.5 0 74 30
0.5 0 66 30
0.5 0 62 30
0.5 0 60 25
0.5 480 60 0
0.5 0 74 0
0.5 0 66 0
0.5 0 62 0
0.5 0 67 31
0.5 0 62 26
0.5 0 71 31
0.5 360 71 0
0.5 0 62 0
0.5 0 67 0
0.5 0 60 24
0.5 0 69 28
0.5 120 69 0
0.5 0 60 0
0.5 0 62 31
0.5 0 59 26
0.5 0 67 31
0.5 456 67 0
0.5 0 59 0
0.5 0 62 0
0.5 24 72 41
0.5 0 60 35
0.5 0 67 41
0.5 480 67 0
0.5 0 60 0
0.5 0 72 0
0.5 0 60 41
0.5 0 56 35
0.5 0 68 41
0.5 480 68 0
0.5 0 56 0
0.5 0 60 0
0.5 0 67 45
0.5 0 62 45
0.5 0 55 37
0.5 360 67 0
0.5 0 65 38
0.5 120 65 0
0.5 0 55 0
0.5 0 62 0
0.5 0 63 41
0.5 0 60 41
0.5 0 55 35
0.5 450 55 0
0.5 0 60 0
0.5 0 63 0
0.5 30 60 40
0.5 0 56 34
0.5 0 51 34
0.5 0 63 40
0.5 480 63 0
0.5 0 60 0
0.5 0 56 0
0.5 0 51 0
0.5 0 65 39
0.5 0 56 33
0.5 0 53 33
0.5 0 61 39
0.5 480 61 0
0.5 0 65 0
0.5 0 56 0
0.5 0 53 0
0.5 0 63 40
0.5 0 59 40
0.5 0 53 34
0.5 0 55 34
0.5 360 63 0
0.5 0 62 36
0.5 120 62 0
0.5 0 55 0
0.5 0 53 0
0.5 0 59 0
0.5 0 55 36
0.5 0 51 30
0.5 0 60 36
0.5 480 60 0
0.5 0 51 0
0.5 0 55 0
0.5 0 72 63
0.5 0 67 52
0.5 0 60 52
0.5 0 63 52
0.5 1920 63 0
0.5 0 72 0
0.5 0 67 0
0.5 0 60 0
1 0 0 0
0 0 7 100
0 0 10 64
0.5 0 36 66
0.5 0 48 79
0 56 64 127
0.5 424 48 0
0.5 0 36 0
0.5 0 29 64
0.5 0 41 78
0 15 64 0
0 84 64 127
0.5 381 41 0
0.5 0 29 0
0.5 0 31 64
0.5 0 43 77
0 15 64 0
0 77 64 127
0.5 388 43 0
0.5 0 31 0
0.5 0 36 56
0.5 0 43 56
0.5 0 48 66
0 16 64 0
0 62 64 127
0.5 378 48 0
0.5 0 43 0
0.5 0 36 0
0.5 24 32 66
0.5 0 44 79
0 6 64 0
0 50 64 127
0.5 424 44 0
0.5 0 32 0
0.5 0 25 66
0.5 0 37 80
0 16 64 0
0 83 64 127
0.5 381 37 0
0.5 0 25 0
0.5 0 27 64
0.5 0 39 77
0 17 64 0
0 75 64 127
0.5 388 39 0
0.5 0 27 0
0.5 0 32 57
0.5 0 44 69
0 17 64 0
0 61 64 127
0.5 378 44 0
0.5 0 32 0
0.5 24 31 62
0.5 0 43 75
0 10 64 0
0 46 64 127
0.5 424 43 0
0.5 0 31 0
0.5 0 24 64
0.5 0 36 78
0 15 64 0
0 84 64 127
0.5 381 36 0
0.5 0 24 0
0.5 0 29 66
0.5 0 41 79
0 16 64 0
0 76 64 127
0.5 388 41 0
0.5 0 29 0
0.5 0 36 61
0.5 0 48 73
0 17 64 0
0 61 64 127
0.5 402 48 0
0.5 0 36 0
0.5 0 45 66
0.5 0 38 66
0.5 0 50 79
0 8 64 0
0 48 64 127
0.5 424 50 0
0.5 0 38 0
0.5 0 45 0
0.5 0 31 69
0.5 0 43 83
0 15 64 0
0 84 64 127
0.5 381 43 0
0.5 0 31 0
0.5 0 26 60
0.5 0 38 73
0 8 64 0
0 66 64 127
0.5 406 38 0
0.5 0 26 0
0.5 0 31 54
0.5 0 43 66
0 17 64 0
0 61 64 127
0.5 378 43 0
0.5 0 31 0
0 4 64 0
0.5 20 36 30
0.5 0 48 36
0 63 64 127
0.5 417 48 0
0.5 0 36 0
0.5 0 48 27
0.5 0 60 32
0 17 64 0
0 46 64 127
0.5 417 60 0
0.5 0 48 0
0.5 0 47 30
0.5 0 59 36
0 16 64 0
0 75 64 127
0.5 389 59 0
0.5 0 47 0
0.5 0 46 28
0.5 0 58 34
0 10 64 0
0 93 64 127
0.5 353 58 0
0.5 0 46 0
0.5 24 45 30
0.5 0 57 36
0 4 64 0
0 42 64 127
0.5 434 57 0
0.5 0 45 0
0.5 0 44 28
0.5 0 56 34
0 16 64 0
0 64 64 127
0.5 400 56 0
0.5 0 44 0
0.5 0 43 31
0.5 0 55 37
0 16 64 0
0 93 64 127
0.5 371 55 0
0.5 0 43 0
0.5 0 41 28
0.5 0 53 34
0 16 64 0
0 93 64 127
0.5 347 53 0
0.5 0 41 0
0.5 24 39 33
0.5 0 51 39
0 12 64 0
0 80 64 127
0.5 388 51 0
0.5 0 39 0
0.5 0 41 36
0.5 0 53 43
0 12 64 0
0 87 64 127
0.5 381 53 0
0.5 0 41 0
0.5 0 35 36
0.5 0 47 44
0 14 64 0
0 64 64 127
0.5 402 47 0
0.5 0 35 0
0.5 0 36 33
0.5 0 48 39
0 15 64 0
0 91 64 127
0.5 350 48 0
0.5 0 36 0
0 24 64 0
0.5 0 32 33
0.5 0 44 39
0 127 64 127
0.5 353 44 0
0.5 0 32 0
0.5 0 25 28
0.5 0 37 34
0 15 64 0
0 91 64 127
0.5 374 37 0
0.5 0 25 0
0.5 0 31 33
0.5 0 43 39
0 42 64 0
0 64 64 127
0.5 374 43 0
0.5 0 31 0
0.5 0 24 27
0.5 0 36 32
0 16 64 0
0 90 64 127
0.5 350 36 0
0.5 0 24 0
0 4 64 0
0.5 20 36 19
0.5 0 48 24
0 63 64 127
0.5 417 48 0
0.5 0 36 0
0.5 0 48 17
0.5 0 60 21
0 17 64 0
0 46 64 127
0.5 417 60 0
0.5 0 48 0
0.5 0 47 19
0.5 0 59 24
0 17 64 0
0 74 64 127
0.5 389 59 0
0.5 0 47 0
0.5 0 46 18
0.5 0 58 22
0 8 64 0
0 78 64 127
0.5 370 58 0
0.5 0 46 0
0.5 24 45 19
0.5 0 57 24
0 9 64 0
0 77 64 127
0.5 394 57 0
0.5 0 45 0
0.5 0 44 18
0.5 0 56 22
0 19 64 0
0 61 64 127
0.5 400 56 0
0.5 0 44 0
0.5 0 43 20
0.5 0 55 24
0 14 64 0
0 95 64 127
0.5 371 55 0
0.5 0 43 0
0.5 0 41 18
0.5 0 53 22
0 18 64 0
0 91 64 127
0.5 347 53 0
0.5 0 41 0
0.5 24 39 27
0.5 0 51 33
0 7 64 0
0 120 64 127
0.5 353 51 0
0.5 0 39 0
0.5 0 41 30
0.5 0 53 36
0 13 64 0
0 86 64 127
0.5 381 53 0
0.5 0 41 0
0.5 0 35 30
0.5 0 47 36
0 14 64 0
0 64 64 127
0.5 402 47 0
0.5 0 35 0
0.5 0 36 27
0.5 0 48 33
0 16 64 0
0 118 64 127
0.5 316 48 0
0.5 0 36 0
0.5 30 32 27
0.5 0 44 33
0 12 64 0
0 108 64 127
0.5 360 44 0
0.5 0 32 0
0.5 0 25 24
0.5 0 37 28
0 15 64 0
0 91 64 127
0.5 374 37 0
0.5 0 25 0
0.5 0 31 27
0.5 0 43 33
0 12 64 0
0 94 64 127
0.5 374 43 0
0.5 0 31 0
0.5 0 24 22
0.5 0 36 27
0 14 64 0
0 92 64 127
0.5 374 36 0
0.5 0 24 0
0.5 0 48 37
0.5 0 55 47
0.5 1920 55 0
0.5 0 48 0
0 1627 64 0
1 0 0 0
