0.5 0 72 34
0.5 30 72 0
0.5 0 74 34
0.5 30 74 0
0.5 0 76 40
0.5 420 76 0
0.5 0 76 40
0.5 60 76 0
0.5 0 74 35
0.5 60 74 0
0.5 0 72 35
0.5 60 72 0
0.5 0 74 35
0.5 60 74 0
0.5 0 72 40
0.5 480 72 0
0.5 0 76 37
0.5 240 76 0
0.5 0 74 40
0.5 60 74 0
0.5 180 74 40
0.5 120 74 0
0.5 0 71 34
0.5 120 71 0
0.5 0 72 37
0.5 120 72 0
0.5 0 76 35
0.5 120 76 0
0.5 0 74 40
0.5 60 74 0
0.5 180 74 37
0.5 120 74 0
0.5 0 71 34
0.5 120 71 0
0.5 0 72 37
0.5 120 72 0
0.5 0 76 33
0.5 120 76 0
0.5 0 74 40
0.5 60 74 0
0.5 180 74 39
0.5 120 74 0
0.5 0 71 37
0.5 120 71 0
0.5 0 72 38
0.5 120 72 0
0.5 0 76 35
0.5 120 76 0
0.5 0 67 40
0.5 660 67 0
0.5 0 72 34
0.5 30 72 0
0.5 0 74 34
0.5 30 76 40
0.5 30 74 0
0.5 450 76 0
0.5 0 76 40
0.5 60 76 0
0.5 0 74 35
0.5 60 74 0
0.5 0 72 35
0.5 60 72 0
0.5 0 74 35
0.5 60 74 0
0.5 0 72 40
0.5 480 72 0
0.5 0 76 37
0.5 240 76 0
0.5 0 74 40
0.5 60 74 0
0.5 180 74 40
0.5 120 74 0
0.5 0 71 34
0.5 120 71 0
0.5 0 72 37
0.5 120 72 0
0.5 0 76 35
0.5 120 76 0
0.5 0 74 40
0.5 60 74 0
0.5 150 76 35
0.5 30 76 0
0.5 0 74 37
0.5 120 74 0
0.5 0 72 34
0.5 120 72 0
0.5 0 74 37
0.5 120 74 0
0.5 0 76 33
0.5 120 76 0
0.5 0 74 40
0.5 60 74 0
0.5 150 76 35
0.5 30 76 0
0.5 0 74 39
0.5 120 74 0
0.5 0 72 37
0.5 120 72 0
0.5 0 74 38
0.5 120 74 0
0.5 0 76 35
0.5 120 76 0
0.5 0 72 40
0.5 660 72 0
0.5 0 72 27
0.5 30 72 0
0.5 0 74 27
0.5 30 74 0
0.5 0 76 32
0.5 480 76 0
0.5 0 76 32
0.5 60 76 0
0.5 0 74 28
0.5 60 74 0
0.5 0 72 28
0.5 60 72 0
0.5 0 74 28
0.5 60 74 0
0.5 0 72 32
0.5 480 72 0
0.5 0 76 29
0.5 240 76 0
0.5 0 74 32
0.5 60 74 0
0.5 180 74 32
0.5 120 74 0
0.5 0 71 27
0.5 120 71 0
0.5 0 72 29
0.5 120 72 0
0.5 0 76 28
0.5 120 76 0
0.5 0 74 32
0.5 60 74 0
0.5 180 74 29
0.5 120 74 0
0.5 0 71 27
0.5 120 71 0
0.5 0 72 29
0.5 120 72 0
0.5 0 76 26
0.5 120 76 0
0.5 0 74 32
0.5 60 74 0
0.5 180 74 31
0.5 120 74 0
0.5 0 71 29
0.5 120 71 0
0.5 0 72 30
0.5 120 72 0
0.5 0 76 28
0.5 120 76 0
0.5 0 67 32
0.5 660 67 0
0.5 0 72 51
0.5 30 72 0
0.5 0 74 51
0.5 30 74 0
0.5 0 76 64
0.5 480 76 0
0.5 0 76 60
0.5 60 76 0
0.5 0 74 52
0.5 60 74 0
0.5 0 72 52
0.5 60 72 0
0.5 0 74 52
0.5 60 74 0
0.5 0 72 60
0.5 420 72 0
0.5 0 72 53
0.5 30 72 0
0.5 0 74 56
0.5 30 74 0
0.5 0 76 61
0.5 240 76 0
0.5 0 74 60
0.5 60 74 0
0.5 180 74 60
0.5 120 74 0
0.5 0 71 51
0.5 120 71 0
0.5 0 72 55
0.5 120 72 0
0.5 0 76 52
0.5 120 76 0
0.5 0 74 60
0.5 60 74 0
0.5 150 76 52
0.5 30 76 0
0.5 0 74 55
0.5 120 74 0
0.5 0 72 51
0.5 120 72 0
0.5 0 74 55
0.5 120 74 0
0.5 0 76 49
0.5 120 76 0
0.5 0 74 60
0.5 60 74 0
0.5 150 76 52
0.5 30 76 0
0.5 0 74 58
0.5 120 74 0
0.5 0 72 55
0.5 120 72 0
0.5 0 74 57
0.5 120 74 0
0.5 0 76 52
0.5 120 76 0
0.5 0 72 60
0.5 720 72 0
0.5 0 72 40
0.5 240 72 0
0.5 0 72 35
0.5 120 72 0
0.5 0 74 35
0.5 120 74 0
0.5 0 76 35
0.5 120 76 0
0.5 0 77 35
0.5 120 77 0
0.5 0 79 40
0.5 240 79 0
0.5 0 76 33
0.5 240 76 0
0.5 0 79 35
0.5 240 79 0
0.5 0 81 40
0.5 240 81 0
0.5 0 77 35
0.5 240 77 0
0.5 0 81 35
0.5 240 81 0
0.5 0 79 40
0.5 240 79 0
0.5 0 76 35
0.5 240 76 0
0.5 0 79 33
0.5 240 79 0
0.5 0 77 40
0.5 240 77 0
0.5 0 74 36
0.5 240 74 0
0.5 0 77 36
0.5 240 77 0
0.5 0 76 40
0.5 240 76 0
0.5 0 72 36
0.5 240 72 0
0.5 0 76 36
0.5 240 76 0
0.5 0 74 40
0.5 120 74 0
0.5 90 76 36
0.5 30 76 0
0.5 0 74 40
0.5 120 74 0
0.5 0 72 34
0.5 120 72 0
0.5 0 74 37
0.5 120 74 0
0.5 0 76 35
0.5 120 76 0
0.5 0 72 40
0.5 720 72 0
0.5 0 72 60
0.5 240 72 0
0.5 0 72 52
0.5 120 72 0
0.5 0 74 52
0.5 120 74 0
0.5 0 76 52
0.5 120 76 0
0.5 0 77 52
0.5 120 77 0
0.5 0 79 60
0.5 240 79 0
0.5 0 76 49
0.5 240 76 0
0.5 0 79 52
0.5 180 79 0
0.5 0 77 55
0.5 30 77 0
0.5 0 79 55
0.5 30 79 0
0.5 0 81 60
0.5 240 81 0
0.5 0 77 52
0.5 240 77 0
0.5 0 81 52
0.5 240 81 0
0.5 0 81 61
0.5 120 81 0
0.5 0 79 57
0.5 120 79 0
0.5 0 76 52
0.5 240 76 0
0.5 0 79 49
0.5 240 79 0
0.5 0 79 61
0.5 120 79 0
0.5 0 77 57
0.5 120 77 0
0.5 0 74 54
0.5 240 74 0
0.5 0 77 54
0.5 240 77 0
0.5 0 77 60
0.5 120 77 0
0.5 0 76 58
0.5 120 76 0
0.5 0 72 54
0.5 240 72 0
0.5 0 76 54
0.5 240 76 0
0.5 0 76 60
0.5 120 76 0
0.5 0 74 57
0.5 90 74 0
0.5 0 76 54
0.5 30 76 0
0.5 0 74 60
0.5 120 74 0
0.5 0 72 51
0.5 120 72 0
0.5 0 74 55
0.5 120 74 0
0.5 0 76 52
0.5 120 76 0
0.5 0 72 60
0.5 720 72 0
0.5 0 79 40
0.5 120 79 0
0.5 0 77 33
0.5 120 77 0
0.5 0 74 40
0.5 60 74 0
0.5 180 74 38
0.5 60 74 0
0.5 180 77 40
0.5 120 77 0
0.5 0 76 34
0.5 120 76 0
0.5 0 72 40
0.5 60 72 0
0.5 180 72 35
0.5 60 72 0
0.5 180 76 40
0.5 120 76 0
0.5 0 74 34
0.5 120 74 0
0.5 0 71 40
0.5 60 71 0
0.5 180 71 38
0.5 60 71 0
0.5 180 72 40
0.5 60 72 0
0.5 0 74 35
0.5 60 74 0
0.5 0 72 37
0.5 60 72 0
0.5 0 71 37
0.5 60 71 0
0.5 0 72 41
0.5 120 72 0
0.5 0 74 35
0.5 120 74 0
0.5 0 76 37
0.5 120 76 0
0.5 0 77 44
0.5 120 77 0
0.5 0 79 40
0.5 120 79 0
0.5 0 77 33
0.5 120 77 0
0.5 0 74 40
0.5 60 74 0
0.5 180 74 38
0.5 60 74 0
0.5 180 77 40
0.5 120 77 0
0.5 0 76 34
0.5 120 76 0
0.5 0 72 40
0.5 60 72 0
0.5 180 72 35
0.5 60 72 0
0.5 180 72 40
0.5 60 72 0
0.5 0 74 35
0.5 60 74 0
0.5 0 72 37
0.5 60 72 0
0.5 0 71 37
0.5 60 71 0
0.5 0 72 41
0.5 120 72 0
0.5 0 74 35
0.5 120 74 0
0.5 0 76 37
0.5 120 76 0
0.5 0 78 44
0.5 120 78 0
0.5 0 71 34
0.5 0 79 41
0.5 660 72 34
0.5 30 72 0
0.5 0 74 34
0.5 30 79 0
0.5 0 71 0
0.5 0 76 40
0.5 30 74 0
0.5 450 76 0
0.5 0 76 40
0.5 60 76 0
0.5 0 74 35
0.5 60 74 0
0.5 0 72 35
0.5 60 72 0
0.5 0 74 35
0.5 60 74 0
0.5 0 72 40
0.5 480 72 0
0.5 0 76 37
0.5 240 76 0
0.5 0 74 40
0.5 60 74 0
0.5 180 74 40
0.5 120 74 0
0.5 0 71 34
0.5 120 71 0
0.5 0 72 37
0.5 120 72 0
0.5 0 76 35
0.5 120 76 0
0.5 0 74 40
0.5 60 74 0
0.5 180 74 37
0.5 120 74 0
0.5 0 71 34
0.5 120 71 0
0.5 0 72 37
0.5 120 72 0
0.5 0 76 33
0.5 120 76 0
0.5 0 74 40
0.5 60 74 0
0.5 180 74 39
0.5 120 74 0
0.5 0 71 37
0.5 120 71 0
0.5 0 72 38
0.5 120 72 0
0.5 0 76 35
0.5 120 76 0
0.5 0 67 40
0.5 660 67 0
0.5 0 72 34
0.5 30 72 0
0.5 0 74 34
0.5 30 76 32
0.5 30 74 0
0.5 450 76 0
0.5 0 76 32
0.5 60 76 0
0.5 0 74 28
0.5 60 74 0
0.5 0 72 28
0.5 60 72 0
0.5 0 74 28
0.5 60 74 0
0.5 0 72 32
0.5 480 72 0
0.5 0 76 29
0.5 240 76 0
0.5 0 74 32
0.5 60 74 0
0.5 180 74 32
0.5 120 74 0
0.5 0 71 27
0.5 120 71 0
0.5 0 72 29
0.5 120 72 0
0.5 0 76 28
0.5 120 76 0
0.5 0 74 32
0.5 60 74 0
0.5 150 76 29
0.5 30 76 0
0.5 0 74 29
0.5 120 74 0
0.5 0 72 27
0.5 120 72 0
0.5 0 74 29
0.5 120 74 0
0.5 0 76 26
0.5 120 76 0
0.5 0 74 32
0.5 60 74 0
0.5 150 76 29
0.5 30 76 0
0.5 0 74 31
0.5 120 74 0
0.5 0 72 29
0.5 120 72 0
0.5 0 74 30
0.5 120 74 0
0.5 0 76 28
0.5 120 76 0
0.5 0 72 32
0.5 660 72 0
0.5 0 84 61
0.5 30 84 0
0.5 0 86 66
0.5 30 86 0
0.5 0 88 74
0.5 480 88 0
0.5 0 88 69
0.5 60 88 0
0.5 0 86 59
0.5 60 86 0
0.5 0 84 59
0.5 60 84 0
0.5 0 86 59
0.5 60 86 0
0.5 0 84 69
0.5 420 84 0
0.5 0 84 60
0.5 30 84 0
0.5 0 86 64
0.5 30 86 0
0.5 0 88 70
0.5 240 88 0
0.5 0 86 69
0.5 60 86 0
0.5 180 86 69
0.5 120 86 0
0.5 0 83 58
0.5 120 83 0
0.5 0 84 63
0.5 120 84 0
0.5 0 88 59
0.5 120 88 0
0.5 0 86 69
0.5 60 86 0
0.5 180 86 63
0.5 120 86 0
0.5 0 83 58
0.5 120 83 0
0.5 0 84 63
0.5 120 84 0
0.5 0 88 56
0.5 120 88 0
0.5 0 86 69
0.5 60 86 0
0.5 180 86 66
0.5 120 86 0
0.5 0 83 63
0.5 120 83 0
0.5 0 84 65
0.5 120 84 0
0.5 0 88 59
0.5 120 88 0
0.5 0 79 69
0.5 660 84 63
0.5 30 84 0
0.5 0 86 67
0.5 30 86 0
0.5 0 79 0
0.5 0 88 76
0.5 480 88 0
0.5 0 88 69
0.5 60 88 0
0.5 0 86 59
0.5 60 86 0
0.5 0 84 59
0.5 60 84 0
0.5 0 86 59
0.5 60 86 0
0.5 0 84 69
0.5 420 84 0
0.5 0 84 60
0.5 30 84 0
0.5 0 86 64
0.5 30 86 0
0.5 0 88 70
0.5 240 88 0
0.5 0 86 69
0.5 60 86 0
0.5 180 86 69
0.5 120 86 0
0.5 0 83 58
0.5 120 83 0
0.5 0 84 63
0.5 120 84 0
0.5 0 88 59
0.5 120 88 0
0.5 0 86 69
0.5 60 86 0
0.5 150 88 58
0.5 30 88 0
0.5 0 86 63
0.5 120 86 0
0.5 0 84 58
0.5 120 84 0
0.5 0 86 63
0.5 120 86 0
0.5 0 88 56
0.5 120 88 0
0.5 0 86 69
0.5 60 86 0
0.5 150 88 58
0.5 30 88 0
0.5 0 86 66
0.5 120 86 0
0.5 0 84 63
0.5 120 84 0
0.5 0 86 65
0.5 120 86 0
0.5 0 88 59
0.5 120 88 0
0.5 0 84 69
0.5 60 84 0
0.5 150 86 58
0.5 30 86 0
0.5 0 84 66
0.5 120 84 0
0.5 0 83 63
0.5 120 83 0
0.5 0 84 65
0.5 120 84 0
0.5 0 88 59
0.5 120 88 0
0.5 0 79 69
0.5 60 79 0
0.5 150 81 58
0.5 30 81 0
0.5 0 79 66
0.5 120 79 0
0.5 0 78 63
0.5 120 78 0
0.5 0 79 65
0.5 120 79 0
0.5 0 84 59
0.5 120 84 0
0.5 0 76 69
0.5 60 76 0
0.5 150 77 58
0.5 30 77 0
0.5 0 76 66
0.5 120 76 0
0.5 0 74 63
0.5 120 74 0
0.5 0 76 65
0.5 120 76 0
0.5 0 79 59
0.5 120 79 0
0.5 0 72 69
0.5 120 72 0
0.5 120 72 69
0.5 120 72 0
0.5 120 72 69
0.5 120 72 0
0.5 120 72 69
0.5 660 60 37
0.5 30 60 0
0.5 0 62 37
0.5 30 72 0
0.5 0 64 44
0.5 30 62 0
0.5 450 64 0
0.5 0 64 44
0.5 60 64 0
0.5 0 62 38
0.5 60 62 0
0.5 0 60 38
0.5 60 60 0
0.5 0 62 38
0.5 60 62 0
0.5 0 60 44
0.5 240 60 0
0.5 0 55 34
0.5 60 55 0
0.5 180 55 34
0.5 60 55 0
0.5 120 60 35
0.5 30 60 0
0.5 0 62 35
0.5 30 64 42
0.5 30 62 0
0.5 450 64 0
0.5 0 64 34
0.5 60 64 0
0.5 0 62 29
0.5 60 62 0
0.5 0 60 29
0.5 60 60 0
0.5 0 62 28
0.5 60 62 0
0.5 0 60 32
0.5 240 60 0
0.5 480 52 22
0.5 0 55 25
0.5 240 55 0
0.5 0 52 0
0.5 480 52 19
0.5 0 60 22
0.5 240 60 0
0.5 0 52 0
1 0 0 0
0.5 60 48 30
0.5 180 48 0
0.5 0 55 24
0.5 240 55 0
0.5 0 60 24
0.5 240 60 0
0.5 0 48 30
0.5 240 48 0
0.5 0 55 25
0.5 240 55 0
0.5 0 60 25
0.5 240 60 0
0.5 0 48 30
0.5 240 48 0
0.5 0 55 25
0.5 240 55 0
0.5 0 60 25
0.5 240 60 0
0.5 0 48 30
0.5 240 48 0
0.5 0 55 26
0.5 240 55 0
0.5 0 60 26
0.5 240 60 0
0.5 0 48 30
0.5 240 48 0
0.5 0 55 25
0.5 240 55 0
0.5 0 60 25
0.5 240 60 0
0.5 0 43 30
0.5 240 43 0
0.5 0 55 32
0.5 120 55 0
0.5 0 53 26
0.5 120 53 0
0.5 0 52 31
0.5 120 52 0
0.5 0 50 29
0.5 120 50 0
0.5 0 48 30
0.5 240 48 0
0.5 0 55 24
0.5 240 55 0
0.5 0 60 24
0.5 240 60 0
0.5 0 48 30
0.5 240 48 0
0.5 0 55 25
0.5 240 55 0
0.5 0 60 25
0.5 240 60 0
0.5 0 48 30
0.5 240 48 0
0.5 0 55 25
0.5 240 55 0
0.5 0 60 25
0.5 240 60 0
0.5 0 48 30
0.5 240 48 0
0.5 0 53 26
0.5 240 53 0
0.5 0 59 26
0.5 240 59 0
0.5 0 48 30
0.5 240 48 0
0.5 0 53 25
0.5 240 53 0
0.5 0 59 25
0.5 240 59 0
0.5 0 60 30
0.5 0 48 26
0.5 240 48 0
0.5 0 60 0
0.5 0 52 22
0.5 240 52 0
0.5 0 55 18
0.5 240 55 0
0.5 0 48 19
0.5 240 48 0
0.5 0 55 15
0.5 240 55 0
0.5 0 60 15
0.5 240 60 0
0.5 0 48 19
0.5 240 48 0
0.5 0 55 16
0.5 240 55 0
0.5 0 60 16
0.5 240 60 0
0.5 0 48 19
0.5 240 48 0
0.5 0 55 16
0.5 240 55 0
0.5 0 60 16
0.5 240 60 0
0.5 0 48 19
0.5 240 48 0
0.5 0 55 16
0.5 240 55 0
0.5 0 60 16
0.5 240 60 0
0.5 0 48 19
0.5 240 48 0
0.5 0 55 16
0.5 240 55 0
0.5 0 60 16
0.5 240 60 0
0.5 0 43 36
0.5 120 43 0
0.5 0 55 30
0.5 120 55 0
0.5 0 45 40
0.5 120 45 0
0.5 0 57 36
0.5 120 57 0
0.5 0 47 44
0.5 120 47 0
0.5 0 59 52
0.5 120 59 0
0.5 0 48 45
0.5 240 48 0
0.5 0 55 36
0.5 240 55 0
0.5 0 60 36
0.5 240 60 0
0.5 0 48 45
0.5 240 48 0
0.5 0 55 37
0.5 240 55 0
0.5 0 60 37
0.5 240 60 0
0.5 0 48 45
0.5 240 48 0
0.5 0 55 37
0.5 240 55 0
0.5 0 60 37
0.5 240 60 0
0.5 0 48 45
0.5 240 48 0
0.5 0 53 39
0.5 240 53 0
0.5 0 59 39
0.5 240 59 0
0.5 0 48 45
0.5 240 48 0
0.5 0 53 37
0.5 240 53 0
0.5 0 59 37
0.5 240 59 0
0.5 0 48 45
0.5 240 48 0
0.5 0 52 42
0.5 120 52 0
0.5 0 55 37
0.5 120 55 0
0.5 0 60 33
0.5 240 60 0
0.5 0 60 31
0.5 120 60 0
0.5 0 67 22
0.5 120 67 0
0.5 0 64 25
0.5 120 64 0
0.5 0 67 23
0.5 120 67 0
0.5 0 60 25
0.5 120 60 0
0.5 0 67 23
0.5 120 67 0
0.5 0 60 31
0.5 120 60 0
0.5 0 67 22
0.5 120 67 0
0.5 0 64 25
0.5 120 64 0
0.5 0 67 23
0.5 120 67 0
0.5 0 60 25
0.5 120 60 0
0.5 0 67 23
0.5 120 67 0
0.5 0 60 31
0.5 120 60 0
0.5 0 69 22
0.5 120 69 0
0.5 0 65 25
0.5 120 65 0
0.5 0 69 23
0.5 120 69 0
0.5 0 60 25
0.5 120 60 0
0.5 0 69 23
0.5 120 69 0
0.5 0 60 31
0.5 120 60 0
0.5 0 67 22
0.5 120 67 0
0.5 0 64 25
0.5 120 64 0
0.5 0 67 23
0.5 120 67 0
0.5 0 60 25
0.5 120 60 0
0.5 0 67 23
0.5 120 67 0
0.5 0 59 31
0.5 120 59 0
0.5 0 67 22
0.5 120 67 0
0.5 0 62 25
0.5 120 62 0
0.5 0 67 23
0.5 120 67 0
0.5 0 59 25
0.5 120 59 0
0.5 0 67 23
0.5 120 67 0
0.5 0 60 31
0.5 120 60 0
0.5 0 67 22
0.5 120 67 0
0.5 0 64 25
0.5 120 64 0
0.5 0 67 23
0.5 120 67 0
0.5 0 60 25
0.5 120 60 0
0.5 0 67 23
0.5 120 67 0
0.5 0 55 31
0.5 120 55 0
0.5 0 65 22
0.5 120 65 0
0.5 0 59 25
0.5 120 59 0
0.5 0 65 23
0.5 120 65 0
0.5 0 55 25
0.5 120 55 0
0.5 0 65 23
0.5 120 65 0
0.5 0 60 31
0.5 120 60 0
0.5 0 67 19
0.5 120 67 0
0.5 0 64 24
0.5 120 64 0
0.5 0 67 19
0.5 120 67 0
0.5 0 60 26
0.5 120 60 0
0.5 0 67 22
0.5 120 67 0
0.5 0 60 46
0.5 120 60 0
0.5 0 67 33
0.5 120 67 0
0.5 0 64 37
0.5 120 64 0
0.5 0 67 34
0.5 120 67 0
0.5 0 60 37
0.5 120 60 0
0.5 0 67 34
0.5 120 67 0
0.5 0 60 46
0.5 120 60 0
0.5 0 67 33
0.5 120 67 0
0.5 0 64 37
0.5 120 64 0
0.5 0 67 34
0.5 120 67 0
0.5 0 60 37
0.5 120 60 0
0.5 0 67 34
0.5 120 67 0
0.5 0 60 46
0.5 120 60 0
0.5 0 69 33
0.5 120 69 0
0.5 0 65 37
0.5 120 65 0
0.5 0 69 34
0.5 120 69 0
0.5 0 60 37
0.5 120 60 0
0.5 0 69 34
0.5 120 69 0
0.5 0 60 46
0.5 120 60 0
0.5 0 67 33
0.5 120 67 0
0.5 0 64 37
0.5 120 64 0
0.5 0 67 34
0.5 120 67 0
0.5 0 60 37
0.5 120 60 0
0.5 0 67 34
0.5 120 67 0
0.5 0 59 46
0.5 120 59 0
0.5 0 67 33
0.5 120 67 0
0.5 0 62 37
0.5 120 62 0
0.5 0 67 34
0.5 120 67 0
0.5 0 59 37
0.5 120 59 0
0.5 0 67 34
0.5 120 67 0
0.5 0 60 46
0.5 120 60 0
0.5 0 67 33
0.5 120 67 0
0.5 0 64 37
0.5 120 64 0
0.5 0 67 34
0.5 120 67 0
0.5 0 60 37
0.5 120 60 0
0.5 0 67 34
0.5 120 67 0
0.5 0 55 46
0.5 120 55 0
0.5 0 65 33
0.5 120 65 0
0.5 0 59 37
0.5 120 59 0
0.5 0 65 34
0.5 120 65 0
0.5 0 55 37
0.5 120 55 0
0.5 0 65 34
0.5 120 65 0
0.5 0 60 46
0.5 120 60 0
0.5 0 67 25
0.5 120 67 0
0.5 0 64 33
0.5 120 64 0
0.5 0 67 26
0.5 120 67 0
0.5 0 60 34
0.5 240 60 0
0.5 240 55 20
0.5 0 59 20
0.5 0 62 25
0.5 60 62 0
0.5 0 59 0
0.5 0 55 0
0.5 180 55 20
0.5 0 62 25
0.5 0 59 20
0.5 60 59 0
0.5 0 62 0
0.5 0 55 0
0.5 420 55 20
0.5 0 60 20
0.5 0 64 25
0.5 60 64 0
0.5 0 60 0
0.5 0 55 0
0.5 180 55 20
0.5 0 64 25
0.5 0 60 20
0.5 60 60 0
0.5 0 64 0
0.5 0 55 0
0.5 420 55 20
0.5 0 62 20
0.5 0 65 25
0.5 60 65 0
0.5 0 62 0
0.5 0 55 0
0.5 180 55 20
0.5 0 65 25
0.5 0 62 20
0.5 60 62 0
0.5 0 65 0
0.5 0 55 0
0.5 420 55 20
0.5 0 60 20
0.5 0 64 25
0.5 60 64 0
0.5 0 60 0
0.5 0 55 0
0.5 180 55 20
0.5 0 64 25
0.5 0 60 20
0.5 60 60 0
0.5 0 64 0
0.5 0 55 0
0.5 420 55 20
0.5 0 59 20
0.5 0 62 25
0.5 60 62 0
0.5 0 59 0
0.5 0 55 0
0.5 180 55 20
0.5 0 62 25
0.5 0 59 20
0.5 60 59 0
0.5 0 62 0
0.5 0 55 0
0.5 420 55 20
0.5 0 60 20
0.5 0 64 25
0.5 60 64 0
0.5 0 60 0
0.5 0 55 0
0.5 180 55 20
0.5 0 64 25
0.5 0 60 20
0.5 60 60 0
0.5 0 64 0
0.5 0 55 0
0.5 420 57 20
0.5 0 60 20
0.5 0 66 25
0.5 60 66 0
0.5 0 60 0
0.5 0 57 0
0.5 180 57 20
0.5 0 66 25
0.5 0 60 20
0.5 60 60 0
0.5 0 66 0
0.5 0 57 0
0.5 180 55 21
0.5 0 62 25
0.5 720 62 0
0.5 0 55 0
0.5 0 48 30
0.5 240 48 0
0.5 0 55 24
0.5 240 55 0
0.5 0 60 24
0.5 240 60 0
0.5 0 48 30
0.5 240 48 0
0.5 0 55 25
0.5 240 55 0
0.5 0 60 25
0.5 240 60 0
0.5 0 48 30
0.5 240 48 0
0.5 0 55 25
0.5 240 55 0
0.5 0 60 25
0.5 240 60 0
0.5 0 48 30
0.5 240 48 0
0.5 0 55 26
0.5 240 55 0
0.5 0 60 26
0.5 240 60 0
0.5 0 48 30
0.5 240 48 0
0.5 0 55 25
0.5 240 55 0
0.5 0 60 25
0.5 240 60 0
0.5 0 43 30
0.5 240 43 0
0.5 0 55 32
0.5 120 55 0
0.5 0 53 26
0.5 120 53 0
0.5 0 52 31
0.5 120 52 0
0.5 0 50 29
0.5 120 50 0
0.5 0 48 19
0.5 240 48 0
0.5 0 55 15
0.5 240 55 0
0.5 0 60 15
0.5 240 60 0
0.5 0 48 19
0.5 240 48 0
0.5 0 55 16
0.5 240 55 0
0.5 0 60 16
0.5 240 60 0
0.5 0 48 19
0.5 240 48 0
0.5 0 55 16
0.5 240 55 0
0.5 0 60 16
0.5 240 60 0
0.5 0 48 19
0.5 240 48 0
0.5 0 53 16
0.5 240 53 0
0.5 0 59 16
0.5 240 59 0
0.5 0 48 19
0.5 240 48 0
0.5 0 53 16
0.5 240 53 0
0.5 0 59 16
0.5 240 59 0
0.5 0 48 31
0.5 120 48 0
0.5 0 60 26
0.5 120 60 0
0.5 0 55 37
0.5 120 55 0
0.5 0 60 33
0.5 120 60 0
0.5 0 52 41
0.5 120 52 0
0.5 0 55 46
0.5 120 55 0
0.5 0 48 45
0.5 120 48 0
0.5 0 55 31
0.5 120 55 0
0.5 0 48 34
0.5 120 48 0
0.5 0 55 25
0.5 120 55 0
0.5 0 50 34
0.5 120 50 0
0.5 0 55 30
0.5 120 55 0
0.5 0 52 45
0.5 120 52 0
0.5 0 55 31
0.5 120 55 0
0.5 0 52 34
0.5 120 52 0
0.5 0 55 25
0.5 120 55 0
0.5 0 48 34
0.5 120 48 0
0.5 0 55 30
0.5 120 55 0
0.5 0 53 45
0.5 120 53 0
0.5 0 55 31
0.5 120 55 0
0.5 0 53 34
0.5 120 53 0
0.5 0 55 25
0.5 120 55 0
0.5 0 52 34
0.5 120 52 0
0.5 0 55 30
0.5 120 55 0
0.5 0 53 45
0.5 120 53 0
0.5 0 55 31
0.5 120 55 0
0.5 0 53 34
0.5 120 53 0
0.5 0 55 25
0.5 120 55 0
0.5 0 52 34
0.5 120 52 0
0.5 0 55 30
0.5 120 55 0
0.5 0 53 45
0.5 120 53 0
0.5 0 55 31
0.5 120 55 0
0.5 0 53 34
0.5 120 53 0
0.5 0 55 25
0.5 120 55 0
0.5 0 52 34
0.5 120 52 0
0.5 0 55 30
0.5 120 55 0
0.5 0 43 45
0.5 120 43 0
0.5 0 55 40
0.5 120 55 0
0.5 0 45 48
0.5 120 45 0
0.5 0 55 41
0.5 120 55 0
0.5 0 47 46
0.5 120 47 0
0.5 0 55 42
0.5 120 55 0
0.5 0 48 45
0.5 120 48 0
0.5 0 55 31
0.5 120 55 0
0.5 0 48 34
0.5 120 48 0
0.5 0 55 25
0.5 120 55 0
0.5 0 50 34
0.5 120 50 0
0.5 0 55 30
0.5 120 55 0
0.5 0 52 45
0.5 120 52 0
0.5 0 55 31
0.5 120 55 0
0.5 0 52 34
0.5 120 52 0
0.5 0 55 25
0.5 120 55 0
0.5 0 48 34
0.5 120 48 0
0.5 0 55 30
0.5 120 55 0
0.5 0 53 45
0.5 120 53 0
0.5 0 55 31
0.5 120 55 0
0.5 0 53 34
0.5 120 53 0
0.5 0 55 25
0.5 120 55 0
0.5 0 52 34
0.5 120 52 0
0.5 0 55 30
0.5 120 55 0
0.5 0 43 45
0.5 120 43 0
0.5 0 53 31
0.5 120 53 0
0.5 0 47 34
0.5 120 47 0
0.5 0 53 25
0.5 120 53 0
0.5 0 43 34
0.5 120 43 0
0.5 0 53 30
0.5 120 53 0
0.5 0 43 45
0.5 120 43 0
0.5 0 53 31
0.5 120 53 0
0.5 0 47 34
0.5 120 47 0
0.5 0 53 25
0.5 120 53 0
0.5 0 43 34
0.5 120 43 0
0.5 0 53 30
0.5 120 53 0
0.5 0 48 45
0.5 0 52 48
0.5 120 52 0
0.5 0 48 0
0.5 600 48 45
0.5 0 52 48
0.5 120 52 0
0.5 0 48 0
0.5 600 48 45
0.5 0 52 48
0.5 120 52 0
0.5 0 48 0
0.5 600 48 45
0.5 0 52 48
0.5 120 52 0
0.5 0 48 0
0.5 120 48 45
0.5 0 52 48
0.5 120 52 0
0.5 0 48 0
0.5 120 48 45
0.5 0 52 48
0.5 120 52 0
0.5 0 48 0
0.5 120 36 48
0.5 120 48 33
0.5 120 48 0
0.5 0 43 39
0.5 120 43 0
0.5 0 48 29
0.5 120 48 0
0.5 0 43 34
0.5 120 43 0
0.5 0 48 29
0.5 120 48 0
0.5 0 36 0
0.5 0 36 30
0.5 120 48 19
0.5 120 48 0
0.5 0 43 24
0.5 120 43 0
0.5 0 48 19
0.5 120 48 0
0.5 0 43 24
0.5 120 43 0
0.5 0 48 19
0.5 120 48 0
0.5 0 36 0
0.5 0 36 30
0.5 120 48 19
0.5 120 48 0
0.5 0 43 24
0.5 120 43 0
0.5 0 48 19
0.5 120 48 0
0.5 0 43 24
0.5 120 43 0
0.5 0 48 19
0.5 120 48 0
0.5 0 36 0
0.5 0 36 30
0.5 120 48 18
0.5 120 48 0
0.5 0 43 22
0.5 120 43 0
0.5 0 48 17
0.5 120 48 0
0.5 0 43 20
0.5 120 43 0
0.5 0 48 15
0.5 120 48 0
0.5 0 36 0
0.5 0 36 24
0.5 120 48 15
0.5 120 48 0
0.5 0 43 19
0.5 120 43 0
0.5 0 48 15
0.5 120 48 0
0.5 0 43 19
0.5 120 43 0
0.5 0 48 15
0.5 120 48 0
0.5 0 36 0
0.5 0 36 24
0.5 120 48 15
0.5 120 48 0
0.5 0 43 19
0.5 120 43 0
0.5 0 48 15
0.5 120 48 0
0.5 0 43 19
0.5 120 43 0
0.5 0 48 15
0.5 120 48 0
0.5 0 36 0
0.5 0 36 21
0.5 240 36 0
1 0 0 0
