0 0 7 100
0.5 0 59 64
0.5 0 62 77
0 0 91 127
0.5 480 62 0
0.5 0 59 0
0.5 0 86 70
0.5 240 86 0
0.5 240 59 55
0.5 0 62 65
0.5 480 62 0
0.5 0 59 0
0.5 0 86 62
0.5 240 86 0
0.5 240 62 59
0.5 0 59 50
0.5 480 59 0
0.5 0 62 0
0.5 0 86 57
0.5 240 86 0
0.5 240 59 43
0.5 0 62 51
0.5 480 62 0
0.5 0 59 0
0.5 0 86 49
0.5 240 86 0
0.5 120 62 46
0.5 120 62 0
0.5 0 59 43
0.5 0 67 51
0.5 240 67 0
0.5 0 59 0
0.5 0 67 44
0.5 240 67 0
0.5 0 86 47
0.5 0 59 42
0.5 0 67 50
0.5 120 67 0
0.5 0 59 0
0.5 0 69 40
0.5 120 69 0
0.5 0 71 45
0.5 120 71 0
0.5 0 72 40
0.5 85 72 0
0.5 5 72 44
0.5 30 86 0
0.5 0 62 43
0.5 0 71 51
0.5 30 72 0
0.5 210 71 0
0.5 0 62 0
0.5 0 69 39
0.5 120 69 0
0.5 0 71 35
0.5 120 71 0
0.5 0 86 45
0.5 0 59 38
0.5 0 67 45
0.5 360 67 0
0.5 0 59 0
0.5 0 64 47
0.5 120 64 0
0.5 0 86 0
0.5 0 60 43
0.5 0 69 51
0.5 240 69 0
0.5 0 60 0
0.5 0 69 45
0.5 240 69 0
0.5 0 86 47
0.5 0 60 42
0.5 0 69 50
0.5 120 69 0
0.5 0 60 0
0.5 0 71 40
0.5 120 71 0
0.5 0 72 45
0.5 120 72 0
0.5 0 74 40
0.5 85 74 0
0.5 5 74 44
0.5 30 86 0
0.5 0 64 43
0.5 0 72 51
0.5 30 74 0
0.5 210 72 0
0.5 0 64 0
0.5 0 71 41
0.5 120 71 0
0.5 0 72 38
0.5 120 72 0
0.5 0 86 45
0.5 0 60 38
0.5 0 69 45
0.5 360 69 0
0.5 0 60 0
0.5 0 67 47
0.5 120 67 0
0.5 0 86 0
0.5 0 60 43
0.5 0 66 51
0.5 240 66 0
0.5 0 60 0
0.5 0 66 48
0.5 210 66 0
0.5 0 67 42
0.5 30 67 0
0.5 0 86 47
0.5 0 60 42
0.5 0 66 50
0.5 120 66 0
0.5 0 60 0
0.5 0 62 40
0.5 120 62 0
0.5 0 64 45
0.5 120 64 0
0.5 0 66 40
0.5 120 66 0
0.5 0 86 0
0.5 0 59 43
0.5 0 67 51
0.5 480 67 0
0.5 0 59 0
0.5 0 86 47
0.5 360 62 44
0.5 120 62 0
0.5 0 86 0
0.5 0 67 48
0.5 0 59 40
0.5 240 59 0
0.5 0 67 0
0.5 0 67 45
0.5 240 67 0
0.5 0 59 40
0.5 0 67 47
0.5 0 86 44
0.5 120 67 0
0.5 0 59 0
0.5 0 69 38
0.5 120 69 0
0.5 0 71 43
0.5 120 71 0
0.5 0 72 38
0.5 85 72 0
0.5 5 72 41
0.5 30 86 0
0.5 0 62 40
0.5 0 71 48
0.5 30 72 0
0.5 210 71 0
0.5 0 62 0
0.5 0 69 39
0.5 120 69 0
0.5 0 71 33
0.5 120 71 0
0.5 0 86 42
0.5 0 67 42
0.5 0 59 36
0.5 360 59 0
0.5 0 67 0
0.5 0 64 44
0.5 120 64 0
0.5 0 86 0
0.5 0 69 48
0.5 0 60 40
0.5 240 60 0
0.5 0 69 0
0.5 0 69 42
0.5 240 69 0
0.5 0 60 40
0.5 0 69 47
0.5 0 86 44
0.5 120 69 0
0.5 0 60 0
0.5 0 71 38
0.5 120 71 0
0.5 0 72 43
0.5 120 72 0
0.5 0 74 38
0.5 85 74 0
0.5 5 74 41
0.5 30 86 0
0.5 0 72 48
0.5 0 64 40
0.5 30 74 0
0.5 210 64 0
0.5 0 72 0
0.5 0 71 38
0.5 120 71 0
0.5 0 72 36
0.5 120 72 0
0.5 0 86 42
0.5 0 60 36
0.5 0 69 42
0.5 360 69 0
0.5 0 60 0
0.5 0 67 44
0.5 120 67 0
0.5 0 86 0
0.5 0 60 40
0.5 0 66 48
0.5 240 66 0
0.5 0 60 0
0.5 0 66 45
0.5 210 66 0
0.5 0 67 40
0.5 30 67 0
0.5 0 60 40
0.5 0 66 47
0.5 0 86 44
0.5 120 66 0
0.5 0 60 0
0.5 0 62 38
0.5 120 62 0
0.5 0 64 43
0.5 120 64 0
0.5 0 66 38
0.5 120 66 0
0.5 0 86 0
0.5 0 67 48
0.5 0 59 40
0.5 480 59 0
0.5 0 67 0
0.5 0 86 44
0.5 360 62 46
0.5 120 62 0
0.5 0 86 0
0.5 0 67 51
0.5 0 59 43
0.5 240 59 0
0.5 0 67 0
0.5 0 67 44
0.5 240 67 0
0.5 0 59 42
0.5 0 77 45
0.5 0 67 50
0.5 120 67 0
0.5 0 59 0
0.5 0 69 40
0.5 120 69 0
0.5 0 71 45
0.5 120 71 0
0.5 0 72 37
0.5 85 72 0
0.5 5 72 44
0.5 30 77 0
0.5 0 71 51
0.5 0 62 43
0.5 30 72 0
0.5 210 62 0
0.5 0 71 0
0.5 0 69 41
0.5 120 69 0
0.5 0 71 37
0.5 120 71 0
0.5 0 59 37
0.5 0 67 45
0.5 0 77 42
0.5 360 67 0
0.5 0 59 0
0.5 0 64 47
0.5 120 64 0
0.5 0 77 0
0.5 0 69 51
0.5 0 60 43
0.5 240 60 0
0.5 0 69 0
0.5 0 69 45
0.5 240 69 0
0.5 0 60 44
0.5 0 76 46
0.5 0 69 51
0.5 120 69 0
0.5 0 60 0
0.5 0 71 42
0.5 120 71 0
0.5 0 72 48
0.5 120 72 0
0.5 0 74 43
0.5 85 74 0
0.5 5 74 47
0.5 30 76 0
0.5 0 72 54
0.5 0 64 46
0.5 30 74 0
0.5 210 64 0
0.5 0 72 0
0.5 0 71 45
0.5 120 71 0
0.5 0 72 38
0.5 120 72 0
0.5 0 60 42
0.5 0 69 51
0.5 0 76 47
0.5 360 69 0
0.5 0 60 0
0.5 0 67 56
0.5 120 67 0
0.5 0 76 0
0.5 0 72 62
0.5 0 64 52
0.5 240 64 0
0.5 0 72 0
0.5 0 72 55
0.5 240 72 0
0.5 0 64 53
0.5 0 81 55
0.5 0 72 63
0.5 120 72 0
0.5 0 64 0
0.5 0 74 51
0.5 120 74 0
0.5 0 76 58
0.5 120 76 0
0.5 0 78 52
0.5 85 78 0
0.5 5 78 56
0.5 30 81 0
0.5 0 76 66
0.5 0 67 55
0.5 30 78 0
0.5 210 67 0
0.5 0 76 0
0.5 0 74 54
0.5 120 74 0
0.5 0 76 50
0.5 120 76 0
0.5 0 66 50
0.5 0 72 61
0.5 0 81 55
0.5 360 72 0
0.5 0 66 0
0.5 0 71 67
0.5 120 71 0
0.5 0 81 0
0.5 0 79 74
0.5 0 71 62
0.5 240 71 0
0.5 0 79 0
0.5 0 79 68
0.5 240 79 0
0.5 0 71 65
0.5 0 86 72
0.5 0 79 76
0.5 120 79 0
0.5 0 71 0
0.5 0 81 62
0.5 120 81 0
0.5 0 83 70
0.5 120 83 0
0.5 0 84 62
0.5 85 84 0
0.5 5 84 67
0.5 30 86 0
0.5 0 83 79
0.5 0 74 66
0.5 30 84 0
0.5 210 74 0
0.5 0 83 0
0.5 0 81 73
0.5 120 81 0
0.5 0 83 69
0.5 120 83 0
0.5 0 71 69
0.5 0 79 84
0.5 0 91 81
0.5 360 79 0
0.5 0 71 0
0.5 0 62 64
0.5 120 62 0
0.5 0 91 0
0.5 0 67 69
0.5 0 59 57
0.5 240 59 0
0.5 0 67 0
0.5 0 67 59
0.5 240 67 0
0.5 0 59 56
0.5 0 77 59
0.5 0 67 68
0.5 120 67 0
0.5 0 59 0
0.5 0 69 54
0.5 120 69 0
0.5 0 71 60
0.5 120 71 0
0.5 0 72 54
0.5 85 72 0
0.5 5 72 59
0.5 30 77 0
0.5 0 71 69
0.5 0 62 57
0.5 30 72 0
0.5 210 62 0
0.5 0 71 0
0.5 0 69 53
0.5 120 69 0
0.5 0 71 51
0.5 120 71 0
0.5 0 59 51
0.5 0 67 60
0.5 0 77 56
0.5 360 67 0
0.5 0 59 0
0.5 0 64 64
0.5 120 64 0
0.5 0 77 0
0.5 0 69 69
0.5 0 60 57
0.5 240 60 0
0.5 0 69 0
0.5 0 69 60
0.5 240 69 0
0.5 0 60 59
0.5 0 76 61
0.5 0 69 69
0.5 120 69 0
0.5 0 60 0
0.5 0 71 56
0.5 120 71 0
0.5 0 72 65
0.5 120 72 0
0.5 0 74 57
0.5 85 74 0
0.5 5 74 62
0.5 30 76 0
0.5 0 72 72
0.5 0 64 61
0.5 30 74 0
0.5 210 64 0
0.5 0 72 0
0.5 0 71 60
0.5 120 71 0
0.5 0 72 55
0.5 120 72 0
0.5 0 60 56
0.5 0 69 69
0.5 0 76 64
0.5 360 69 0
0.5 0 60 0
0.5 0 67 65
0.5 120 67 0
0.5 0 76 0
0.5 0 72 71
0.5 0 64 59
0.5 240 64 0
0.5 0 72 0
0.5 0 72 63
0.5 240 72 0
0.5 0 64 61
0.5 0 81 65
0.5 0 72 72
0.5 120 72 0
0.5 0 64 0
0.5 0 74 58
0.5 120 74 0
0.5 0 76 67
0.5 120 76 0
0.5 0 78 59
0.5 85 78 0
0.5 5 78 65
0.5 30 81 0
0.5 0 76 75
0.5 0 67 63
0.5 30 78 0
0.5 210 67 0
0.5 0 76 0
0.5 0 74 62
0.5 120 74 0
0.5 0 76 57
0.5 120 76 0
0.5 0 66 57
0.5 0 72 70
0.5 0 81 65
0.5 360 72 0
0.5 0 66 0
0.5 0 74 68
0.5 120 74 0
0.5 0 81 0
0.5 0 79 75
0.5 0 71 63
0.5 240 71 0
0.5 0 79 0
0.5 0 79 70
0.5 240 79 0
0.5 0 71 67
0.5 0 86 70
0.5 0 79 78
0.5 120 79 0
0.5 0 71 0
0.5 0 81 63
0.5 120 81 0
0.5 0 83 69
0.5 120 83 0
0.5 0 84 63
0.5 85 84 0
0.5 5 84 68
0.5 30 86 0
0.5 0 83 81
0.5 0 74 68
0.5 30 84 0
0.5 210 74 0
0.5 0 83 0
0.5 0 81 75
0.5 120 81 0
0.5 0 83 71
0.5 120 83 0
0.5 0 71 71
0.5 0 79 87
0.5 0 91 78
0.5 480 91 0
0.5 0 79 0
0.5 0 71 0
0.5 0 57 71
0.5 0 62 62
0.5 120 62 0
0.5 0 57 0
0.5 0 59 56
0.5 120 59 0
0.5 0 60 59
0.5 120 60 0
0.5 0 62 54
0.5 120 62 0
0.5 0 74 68
0.5 480 74 0
0.5 0 64 59
0.5 0 72 70
0.5 240 72 0
0.5 0 64 0
0.5 0 62 52
0.5 0 71 62
0.5 120 71 0
0.5 0 62 0
0.5 0 64 46
0.5 0 72 55
0.5 120 72 0
0.5 0 64 0
0.5 0 60 52
0.5 0 69 62
0.5 480 69 0
0.5 0 60 0
0.5 0 57 71
0.5 0 62 62
0.5 120 62 0
0.5 0 57 0
0.5 0 59 58
0.5 120 59 0
0.5 0 60 59
0.5 120 60 0
0.5 0 62 53
0.5 120 62 0
0.5 0 74 68
0.5 480 74 0
0.5 0 62 59
0.5 0 71 70
0.5 240 71 0
0.5 0 62 0
0.5 0 60 52
0.5 0 69 62
0.5 120 69 0
0.5 0 60 0
0.5 0 62 46
0.5 0 71 55
0.5 120 71 0
0.5 0 62 0
0.5 0 59 52
0.5 0 67 62
0.5 480 67 0
0.5 0 59 0
0.5 0 57 58
0.5 0 62 51
0.5 120 62 0
0.5 0 57 0
0.5 0 59 47
0.5 120 59 0
0.5 0 60 48
0.5 120 60 0
0.5 0 62 45
0.5 120 62 0
0.5 0 74 55
0.5 480 74 0
0.5 0 64 48
0.5 0 72 57
0.5 240 72 0
0.5 0 64 0
0.5 0 62 43
0.5 0 71 51
0.5 120 71 0
0.5 0 62 0
0.5 0 64 37
0.5 0 72 45
0.5 120 72 0
0.5 0 64 0
0.5 0 60 43
0.5 0 69 51
0.5 480 69 0
0.5 0 60 0
0.5 0 57 55
0.5 0 62 48
0.5 120 62 0
0.5 0 57 0
0.5 0 59 40
0.5 120 59 0
0.5 0 60 45
0.5 120 60 0
0.5 0 62 40
0.5 120 62 0
0.5 0 74 52
0.5 480 74 0
0.5 0 62 45
0.5 0 71 54
0.5 240 71 0
0.5 0 62 0
0.5 0 60 40
0.5 0 69 48
0.5 120 69 0
0.5 0 60 0
0.5 0 62 35
0.5 0 71 42
0.5 120 71 0
0.5 0 62 0
0.5 0 59 40
0.5 0 67 48
0.5 240 67 0
0.5 0 59 0
0.5 0 62 34
0.5 0 71 40
0.5 240 71 0
0.5 0 62 0
0.5 0 60 39
0.5 0 69 46
0.5 240 69 0
0.5 0 60 0
0.5 0 59 36
0.5 0 67 43
0.5 240 67 0
0.5 0 59 0
0.5 0 79 48
0.5 0 59 40
0.5 0 67 48
0.5 480 67 0
0.5 0 59 0
0.5 0 79 0
0.5 0 59 34
0.5 0 62 40
0.5 480 62 0
0.5 0 59 0
0.5 0 79 48
0.5 480 79 0
0.5 0 59 33
0.5 0 62 39
0.5 480 62 0
0.5 0 59 0
0.5 0 79 48
0.5 960 79 0
0.5 0 78 45
0.5 120 76 41
0.5 20 78 0
0.5 100 74 44
0.5 20 76 0
0.5 100 72 40
0.5 20 74 0
0.5 100 71 48
0.5 20 72 0
0.5 460 71 0
0.5 0 60 34
0.5 0 66 34
0.5 0 69 41
0.5 480 69 0
0.5 0 66 0
0.5 0 60 0
0.5 0 67 40
0.5 0 59 34
0.5 0 62 34
0.5 480 62 0
0.5 0 59 0
0.5 0 67 0
0.5 0 86 43
0.5 480 86 0
0.5 0 67 38
0.5 0 59 32
0.5 0 62 32
0.5 480 62 0
0.5 0 59 0
0.5 0 67 0
0.5 0 86 39
0.5 480 86 0
0.5 0 67 38
0.5 0 59 32
0.5 0 62 32
0.5 480 62 0
0.5 0 59 0
0.5 0 67 0
0.5 0 86 39
0.5 480 86 0
0.5 0 59 33
0.5 0 62 39
0.5 480 62 0
0.5 0 59 0
0.5 0 86 42
0.5 360 62 46
0.5 120 62 0
0.5 0 86 0
0.5 0 59 43
0.5 0 67 51
0.5 240 67 0
0.5 0 59 0
0.5 0 67 44
0.5 240 67 0
0.5 0 86 47
0.5 0 59 42
0.5 0 67 50
0.5 120 67 0
0.5 0 59 0
0.5 0 69 40
0.5 120 69 0
0.5 0 71 43
0.5 120 71 0
0.5 0 72 39
0.5 85 72 0
0.5 5 72 44
0.5 30 86 0
0.5 0 62 43
0.5 0 71 51
0.5 30 72 0
0.5 210 71 0
0.5 0 62 0
0.5 0 69 39
0.5 120 69 0
0.5 0 71 38
0.5 120 71 0
0.5 0 86 45
0.5 0 59 38
0.5 0 67 45
0.5 360 67 0
0.5 0 59 0
0.5 0 64 47
0.5 120 64 0
0.5 0 86 0
0.5 0 60 43
0.5 0 69 51
0.5 240 69 0
0.5 0 60 0
0.5 0 69 45
0.5 240 69 0
0.5 0 86 47
0.5 0 60 42
0.5 0 69 50
0.5 120 69 0
0.5 0 60 0
0.5 0 71 40
0.5 120 71 0
0.5 0 72 45
0.5 120 72 0
0.5 0 74 40
0.5 85 74 0
0.5 5 74 44
0.5 30 86 0
0.5 0 64 43
0.5 0 72 51
0.5 30 74 0
0.5 210 72 0
0.5 0 64 0
0.5 0 71 41
0.5 120 71 0
0.5 0 72 38
0.5 120 72 0
0.5 0 86 45
0.5 0 60 38
0.5 0 69 45
0.5 360 69 0
0.5 0 60 0
0.5 0 67 47
0.5 120 67 0
0.5 0 86 0
0.5 0 57 43
0.5 0 66 51
0.5 240 66 0
0.5 0 57 0
0.5 0 60 39
0.5 0 66 48
0.5 210 66 0
0.5 0 67 42
0.5 30 67 0
0.5 0 60 0
0.5 0 86 47
0.5 0 57 42
0.5 0 66 50
0.5 120 66 0
0.5 0 57 0
0.5 0 62 40
0.5 120 62 0
0.5 0 60 42
0.5 0 64 45
0.5 120 64 0
0.5 0 60 0
0.5 0 66 40
0.5 120 66 0
0.5 0 86 0
0.5 0 59 43
0.5 0 67 51
0.5 480 67 0
0.5 0 59 0
0.5 0 86 47
0.5 360 62 41
0.5 120 62 0
0.5 0 86 0
0.5 0 67 51
0.5 0 59 43
0.5 240 59 0
0.5 0 67 0
0.5 0 67 44
0.5 240 67 0
0.5 0 59 42
0.5 0 77 44
0.5 0 67 50
0.5 120 67 0
0.5 0 59 0
0.5 0 69 40
0.5 120 69 0
0.5 0 71 45
0.5 120 71 0
0.5 0 72 40
0.5 85 72 0
0.5 5 72 44
0.5 30 77 0
0.5 0 71 51
0.5 0 62 43
0.5 30 72 0
0.5 210 62 0
0.5 0 71 0
0.5 0 69 41
0.5 120 69 0
0.5 0 71 38
0.5 120 71 0
0.5 0 59 38
0.5 0 67 45
0.5 0 77 42
0.5 360 67 0
0.5 0 59 0
0.5 0 64 47
0.5 120 64 0
0.5 0 77 0
0.5 0 69 51
0.5 0 60 43
0.5 240 60 0
0.5 0 69 0
0.5 0 69 45
0.5 240 69 0
0.5 0 60 44
0.5 0 76 46
0.5 0 69 51
0.5 120 69 0
0.5 0 60 0
0.5 0 71 42
0.5 120 71 0
0.5 0 72 48
0.5 120 72 0
0.5 0 74 43
0.5 85 74 0
0.5 5 74 47
0.5 30 76 0
0.5 0 72 55
0.5 0 64 46
0.5 30 74 0
0.5 210 64 0
0.5 0 72 0
0.5 0 71 45
0.5 120 71 0
0.5 0 72 41
0.5 120 72 0
0.5 0 60 42
0.5 0 69 51
0.5 0 76 47
0.5 360 69 0
0.5 0 60 0
0.5 0 67 50
0.5 120 67 0
0.5 0 76 0
0.5 0 72 55
0.5 0 64 46
0.5 240 64 0
0.5 0 72 0
0.5 0 72 49
0.5 240 72 0
0.5 0 64 47
0.5 0 81 53
0.5 0 72 56
0.5 120 72 0
0.5 0 64 0
0.5 0 74 45
0.5 120 74 0
0.5 0 76 52
0.5 120 76 0
0.5 0 78 46
0.5 85 78 0
0.5 5 78 50
0.5 30 81 0
0.5 0 76 58
0.5 0 67 49
0.5 30 78 0
0.5 210 67 0
0.5 0 76 0
0.5 0 74 48
0.5 120 74 0
0.5 0 76 40
0.5 120 76 0
0.5 0 66 44
0.5 0 72 54
0.5 0 81 53
0.5 360 72 0
0.5 0 66 0
0.5 0 74 53
0.5 120 74 0
0.5 0 81 0
0.5 0 79 58
0.5 0 71 49
0.5 240 71 0
0.5 0 79 0
0.5 0 79 54
0.5 240 79 0
0.5 0 71 52
0.5 0 86 57
0.5 0 79 60
0.5 120 79 0
0.5 0 71 0
0.5 0 81 49
0.5 120 81 0
0.5 0 83 56
0.5 120 83 0
0.5 0 84 49
0.5 85 84 0
0.5 5 84 53
0.5 30 86 0
0.5 0 83 63
0.5 0 74 53
0.5 30 84 0
0.5 210 74 0
0.5 0 83 0
0.5 0 81 58
0.5 120 81 0
0.5 0 83 55
0.5 120 83 0
0.5 0 71 55
0.5 0 79 67
0.5 0 91 64
0.5 480 91 0
0.5 0 79 0
0.5 0 71 0
0.5 0 57 58
0.5 0 62 51
0.5 120 62 0
0.5 0 57 0
0.5 0 59 46
0.5 120 59 0
0.5 0 60 48
0.5 120 60 0
0.5 0 62 45
0.5 120 62 0
0.5 0 74 55
0.5 480 74 0
0.5 0 64 48
0.5 0 72 57
0.5 240 72 0
0.5 0 64 0
0.5 0 62 43
0.5 0 71 51
0.5 120 71 0
0.5 0 62 0
0.5 0 64 37
0.5 0 72 45
0.5 120 72 0
0.5 0 64 0
0.5 0 60 43
0.5 0 69 51
0.5 480 69 0
0.5 0 60 0
0.5 0 57 58
0.5 0 62 51
0.5 120 62 0
0.5 0 57 0
0.5 0 59 46
0.5 120 59 0
0.5 0 60 48
0.5 120 60 0
0.5 0 62 45
0.5 120 62 0
0.5 0 74 55
0.5 480 74 0
0.5 0 62 48
0.5 0 71 57
0.5 240 71 0
0.5 0 62 0
0.5 0 60 43
0.5 0 69 51
0.5 120 69 0
0.5 0 60 0
0.5 0 62 37
0.5 0 71 45
0.5 120 71 0
0.5 0 62 0
0.5 0 59 43
0.5 0 67 51
0.5 480 67 0
0.5 0 59 0
0.5 0 57 58
0.5 0 62 51
0.5 120 62 0
0.5 0 57 0
0.5 0 59 46
0.5 120 59 0
0.5 0 60 48
0.5 120 60 0
0.5 0 62 46
0.5 120 62 0
0.5 0 74 55
0.5 480 74 0
0.5 0 64 48
0.5 0 72 57
0.5 240 72 0
0.5 0 64 0
0.5 0 62 43
0.5 0 71 51
0.5 120 71 0
0.5 0 62 0
0.5 0 64 37
0.5 0 72 45
0.5 120 72 0
0.5 0 64 0
0.5 0 60 43
0.5 0 69 51
0.5 480 69 0
0.5 0 60 0
0.5 0 57 55
0.5 0 62 48
0.5 120 62 0
0.5 0 57 0
0.5 0 59 44
0.5 120 59 0
0.5 0 60 45
0.5 120 60 0
0.5 0 62 41
0.5 120 62 0
0.5 0 74 52
0.5 480 74 0
0.5 0 62 45
0.5 0 71 54
0.5 240 71 0
0.5 0 62 0
0.5 0 60 40
0.5 0 69 48
0.5 120 69 0
0.5 0 60 0
0.5 0 62 35
0.5 0 71 42
0.5 120 71 0
0.5 0 62 0
0.5 0 59 40
0.5 0 67 48
0.5 240 67 0
0.5 0 59 0
0.5 0 62 34
0.5 0 71 40
0.5 240 71 0
0.5 0 62 0
0.5 0 60 39
0.5 0 69 46
0.5 240 69 0
0.5 0 60 0
0.5 0 59 36
0.5 0 67 43
0.5 240 67 0
0.5 0 59 0
0.5 0 79 48
0.5 0 59 40
0.5 0 67 48
0.5 480 67 0
0.5 0 59 0
0.5 0 79 0
0.5 0 59 34
0.5 0 62 40
0.5 480 62 0
0.5 0 59 0
0.5 0 79 48
0.5 480 79 0
0.5 0 59 33
0.5 0 62 39
0.5 480 62 0
0.5 0 59 0
0.5 0 79 48
0.5 960 79 0
0.5 0 78 45
0.5 120 76 40
0.5 20 78 0
0.5 100 74 44
0.5 20 76 0
0.5 100 72 39
0.5 20 74 0
0.5 100 71 48
0.5 20 72 0
0.5 460 71 0
0.5 0 60 34
0.5 0 66 34
0.5 0 69 41
0.5 480 69 0
0.5 0 66 0
0.5 0 60 0
0.5 0 67 40
0.5 0 59 34
0.5 0 62 40
0.5 480 62 0
0.5 0 59 0
0.5 0 67 0
0.5 0 86 43
0.5 480 86 0
0.5 0 59 35
0.5 0 62 41
0.5 480 62 0
0.5 0 59 0
0.5 0 86 41
0.5 480 86 0
0.5 0 59 35
0.5 0 62 41
0.5 480 62 0
0.5 0 59 0
0.5 0 86 42
0.5 480 86 0
0.5 0 59 34
0.5 0 62 40
0.5 480 62 0
0.5 0 59 0
0.5 0 86 41
0.5 360 86 0
0.5 0 62 38
0.5 120 62 0
0.5 0 58 34
0.5 0 62 40
0.5 480 62 0
0.5 0 58 0
0.5 0 86 36
0.5 480 86 0
0.5 0 58 30
0.5 0 62 36
0.5 480 62 0
0.5 0 58 0
0.5 0 86 34
0.5 480 86 0
0.5 0 58 27
0.5 0 62 32
0.5 480 62 0
0.5 0 58 0
0.5 0 86 34
0.5 480 86 0
0.5 0 58 25
0.5 0 62 30
0.5 480 62 0
0.5 0 58 0
0.5 0 86 33
0.5 360 86 0
0.5 0 62 48
0.5 120 62 0
0.5 0 67 56
0.5 240 65 52
0.5 240 65 0
0.5 0 67 0
0.5 0 67 56
0.5 0 60 47
0.5 0 63 47
0.5 120 67 0
0.5 0 69 51
0.5 120 69 0
0.5 0 63 0
0.5 0 60 0
0.5 0 70 53
0.5 0 58 35
0.5 0 62 36
0.5 120 70 0
0.5 0 72 51
0.5 120 72 0
0.5 0 62 0
0.5 0 58 0
0.5 0 70 60
0.5 0 63 50
0.5 240 63 0
0.5 0 70 0
0.5 0 69 56
0.5 0 65 44
0.5 120 69 0
0.5 0 70 51
0.5 120 70 0
0.5 0 65 0
0.5 0 67 57
0.5 0 58 48
0.5 0 62 48
0.5 240 62 0
0.5 0 58 0
0.5 0 67 0
0.5 0 69 53
0.5 0 60 45
0.5 0 63 45
0.5 240 63 0
0.5 0 60 0
0.5 0 69 0
0.5 0 65 49
0.5 0 70 58
0.5 240 70 0
0.5 0 65 0
0.5 0 69 46
0.5 0 72 55
0.5 240 72 0
0.5 0 69 0
0.5 0 69 49
0.5 0 72 58
0.5 480 72 0
0.5 0 69 0
0.5 0 70 41
0.5 0 74 50
0.5 480 74 0
0.5 0 70 0
0.5 240 65 52
0.5 240 65 0
0.5 0 70 58
0.5 240 69 52
0.5 240 69 0
0.5 0 70 0
0.5 0 70 56
0.5 0 63 47
0.5 0 67 47
0.5 120 70 0
0.5 0 72 51
0.5 120 72 0
0.5 0 67 0
0.5 0 63 0
0.5 0 74 53
0.5 0 62 36
0.5 0 65 38
0.5 120 74 0
0.5 0 75 51
0.5 120 75 0
0.5 0 65 0
0.5 0 62 0
0.5 0 58 40
0.5 0 74 60
0.5 0 67 50
0.5 240 67 0
0.5 0 74 0
0.5 0 58 0
0.5 0 63 40
0.5 0 60 40
0.5 0 72 56
0.5 0 69 47
0.5 120 72 0
0.5 0 74 51
0.5 120 74 0
0.5 0 69 0
0.5 0 60 0
0.5 0 63 0
0.5 0 70 57
0.5 0 62 48
0.5 0 65 48
0.5 240 65 0
0.5 0 62 0
0.5 0 70 0
0.5 0 69 45
0.5 0 72 53
0.5 0 60 45
0.5 0 63 45
0.5 240 63 0
0.5 0 69 0
0.5 0 72 0
0.5 0 60 0
0.5 0 65 49
0.5 0 74 58
0.5 240 74 0
0.5 0 65 0
0.5 0 67 50
0.5 0 76 60
0.5 240 76 0
0.5 0 67 0
0.5 0 67 53
0.5 0 76 63
0.5 480 76 0
0.5 0 67 0
0.5 0 66 45
0.5 0 74 45
0.5 0 78 55
0.5 480 78 0
0.5 0 74 0
0.5 0 66 0
0.5 0 74 67
0.5 240 72 63
0.5 240 74 0
0.5 0 79 69
0.5 240 72 0
0.5 0 70 62
0.5 240 70 0
0.5 0 79 0
0.5 0 77 64
0.5 0 69 56
0.5 120 77 0
0.5 0 79 57
0.5 120 79 0
0.5 0 69 0
0.5 0 77 63
0.5 0 65 42
0.5 120 77 0
0.5 0 75 61
0.5 120 75 0
0.5 0 65 0
0.5 0 74 70
0.5 0 70 60
0.5 240 70 0
0.5 0 74 0
0.5 0 74 62
0.5 0 69 45
0.5 240 69 0
0.5 0 74 0
0.5 0 70 68
0.5 0 67 57
0.5 240 67 0
0.5 0 70 0
0.5 0 65 53
0.5 0 72 63
0.5 240 72 0
0.5 0 65 0
0.5 0 70 56
0.5 0 74 67
0.5 240 74 0
0.5 0 70 0
0.5 0 70 53
0.5 0 74 63
0.5 480 74 0
0.5 0 70 0
0.5 0 70 53
0.5 0 74 63
0.5 240 74 0
0.5 0 70 0
0.5 0 67 58
0.5 0 70 58
0.5 0 79 69
0.5 480 79 0
0.5 0 70 0
0.5 0 67 0
0.5 0 72 58
0.5 0 65 49
0.5 0 77 58
0.5 120 77 0
0.5 0 65 0
0.5 0 67 45
0.5 0 79 53
0.5 120 79 0
0.5 0 67 0
0.5 0 65 46
0.5 0 77 56
0.5 120 77 0
0.5 0 65 0
0.5 0 63 44
0.5 0 75 52
0.5 120 75 0
0.5 0 63 0
0.5 0 72 0
0.5 0 62 51
0.5 0 70 51
0.5 0 74 61
0.5 240 74 0
0.5 0 70 0
0.5 0 62 0
0.5 0 62 46
0.5 0 67 46
0.5 0 74 55
0.5 240 74 0
0.5 0 67 0
0.5 0 62 0
0.5 0 67 49
0.5 0 70 58
0.5 240 70 0
0.5 0 67 0
0.5 0 65 53
0.5 0 72 53
0.5 120 65 0
0.5 0 63 42
0.5 120 63 0
0.5 0 72 0
0.5 0 62 49
0.5 0 74 58
0.5 240 74 0
0.5 0 62 0
0.5 0 62 46
0.5 0 67 55
0.5 240 67 0
0.5 0 62 0
0.5 0 60 44
0.5 0 63 49
0.5 0 69 58
0.5 240 69 0
0.5 0 63 0
0.5 0 60 0
0.5 0 62 45
0.5 0 67 45
0.5 0 70 53
0.5 240 70 0
0.5 0 67 0
0.5 0 62 0
0.5 0 60 43
0.5 0 63 58
0.5 0 69 58
0.5 240 69 0
0.5 0 63 0
0.5 0 60 0
0.5 0 58 44
0.5 0 67 52
0.5 240 67 0
0.5 0 58 0
0.5 0 67 46
0.5 0 60 30
0.5 30 67 0
0.5 0 66 40
0.5 30 66 0
0.5 0 67 47
0.5 30 67 0
0.5 0 66 42
0.5 30 66 0
0.5 0 64 44
0.5 120 64 0
0.5 0 66 55
0.5 120 66 0
0.5 0 67 49
0.5 120 67 0
0.5 0 60 0
0.5 0 58 46
0.5 0 67 55
0.5 480 67 0
0.5 0 58 0
0.5 0 62 49
0.5 240 60 46
0.5 240 60 0
0.5 0 62 0
0.5 0 58 43
0.5 0 67 50
0.5 240 65 45
0.5 240 65 0
0.5 0 67 0
0.5 0 58 0
0.5 0 67 48
0.5 0 60 40
0.5 0 63 40
0.5 120 67 0
0.5 0 69 44
0.5 120 69 0
0.5 0 63 0
0.5 0 60 0
0.5 0 70 46
0.5 0 58 28
0.5 0 62 34
0.5 120 70 0
0.5 0 72 44
0.5 120 72 0
0.5 0 62 0
0.5 0 58 0
0.5 0 70 52
0.5 0 63 43
0.5 240 63 0
0.5 0 70 0
0.5 0 69 48
0.5 0 65 40
0.5 120 69 0
0.5 0 70 44
0.5 120 70 0
0.5 0 65 0
0.5 0 67 49
0.5 0 58 41
0.5 0 62 41
0.5 240 62 0
0.5 0 58 0
0.5 0 67 0
0.5 0 69 46
0.5 0 60 38
0.5 0 63 38
0.5 240 63 0
0.5 0 60 0
0.5 0 69 0
0.5 0 65 42
0.5 0 70 50
0.5 240 70 0
0.5 0 65 0
0.5 0 69 39
0.5 0 72 47
0.5 240 72 0
0.5 0 69 0
0.5 0 69 42
0.5 0 72 50
0.5 240 72 0
0.5 0 69 0
0.5 0 70 36
0.5 0 74 42
0.5 60 74 0
0.5 0 70 0
0.5 0 69 31
0.5 0 72 37
0.5 60 72 0
0.5 0 69 0
0.5 0 67 34
0.5 0 70 40
0.5 60 70 0
0.5 0 67 0
0.5 0 69 30
0.5 0 72 36
0.5 60 72 0
0.5 0 69 0
0.5 0 70 34
0.5 0 74 40
0.5 480 74 0
0.5 0 70 0
0.5 0 65 45
0.5 240 63 45
0.5 240 63 0
0.5 0 65 0
0.5 0 62 43
0.5 0 70 50
0.5 240 69 45
0.5 240 69 0
0.5 0 70 0
0.5 0 62 0
0.5 0 70 48
0.5 0 63 40
0.5 0 67 40
0.5 120 70 0
0.5 0 72 44
0.5 120 72 0
0.5 0 67 0
0.5 0 63 0
0.5 0 74 46
0.5 0 62 32
0.5 0 65 32
0.5 120 74 0
0.5 0 75 44
0.5 120 75 0
0.5 0 65 0
0.5 0 62 0
0.5 0 58 35
0.5 0 74 52
0.5 0 67 43
0.5 240 67 0
0.5 0 74 0
0.5 0 58 0
0.5 0 63 35
0.5 0 60 35
0.5 0 72 48
0.5 0 69 40
0.5 120 72 0
0.5 0 74 44
0.5 120 74 0
0.5 0 69 0
0.5 0 60 0
0.5 0 63 0
0.5 0 70 49
0.5 0 62 41
0.5 0 65 41
0.5 240 65 0
0.5 0 62 0
0.5 0 70 0
0.5 0 69 38
0.5 0 72 46
0.5 0 60 38
0.5 0 63 38
0.5 240 63 0
0.5 0 69 0
0.5 0 72 0
0.5 0 60 0
0.5 0 65 42
0.5 0 74 50
0.5 240 74 0
0.5 0 65 0
0.5 0 67 43
0.5 0 76 52
0.5 240 76 0
0.5 0 67 0
0.5 0 73 46
0.5 0 76 55
0.5 240 76 0
0.5 0 73 0
0.5 0 74 37
0.5 0 78 44
0.5 60 78 0
0.5 0 74 0
0.5 0 73 34
0.5 0 76 40
0.5 60 76 0
0.5 0 73 0
0.5 0 71 37
0.5 0 74 44
0.5 60 74 0
0.5 0 71 0
0.5 0 73 34
0.5 0 76 40
0.5 60 76 0
0.5 0 73 0
0.5 0 66 34
0.5 0 74 34
0.5 0 78 42
0.5 480 78 0
0.5 0 74 0
0.5 0 66 0
0.5 0 74 60
0.5 240 72 55
0.5 240 74 0
0.5 0 82 60
0.5 120 82 0
0.5 0 81 57
0.5 120 81 0
0.5 0 72 0
0.5 0 79 60
0.5 0 70 53
0.5 240 70 0
0.5 0 79 0
0.5 0 77 56
0.5 0 69 48
0.5 120 77 0
0.5 0 79 49
0.5 120 79 0
0.5 0 69 0
0.5 0 77 55
0.5 0 65 37
0.5 120 77 0
0.5 0 75 52
0.5 120 75 0
0.5 0 65 0
0.5 0 74 62
0.5 0 70 51
0.5 240 70 0
0.5 0 74 0
0.5 0 74 53
0.5 0 69 39
0.5 240 69 0
0.5 0 74 0
0.5 0 70 59
0.5 0 67 49
0.5 240 67 0
0.5 0 70 0
0.5 0 65 46
0.5 0 72 55
0.5 240 72 0
0.5 0 65 0
0.5 0 70 48
0.5 0 74 58
0.5 120 74 0
0.5 0 70 0
0.5 0 72 42
0.5 0 75 42
0.5 120 75 0
0.5 0 72 0
0.5 0 70 44
0.5 0 74 53
0.5 480 74 0
0.5 0 70 0
0.5 0 70 46
0.5 0 74 55
0.5 240 74 0
0.5 0 70 0
0.5 0 67 50
0.5 0 74 50
0.5 0 79 60
0.5 480 79 0
0.5 0 74 0
0.5 0 67 0
0.5 0 72 50
0.5 0 65 42
0.5 0 77 50
0.5 120 77 0
0.5 0 65 0
0.5 0 79 44
0.5 120 79 0
0.5 0 77 50
0.5 120 77 0
0.5 0 71 42
0.5 120 71 0
0.5 0 72 0
0.5 0 65 44
0.5 0 71 53
0.5 240 71 0
0.5 0 65 0
0.5 0 67 39
0.5 0 72 47
0.5 240 72 0
0.5 0 67 0
0.5 0 69 42
0.5 0 74 50
0.5 240 74 0
0.5 0 69 0
0.5 0 62 41
0.5 0 67 46
0.5 240 67 0
0.5 0 62 0
0.5 0 63 42
0.5 0 69 50
0.5 240 69 0
0.5 0 70 47
0.5 240 70 0
0.5 0 63 0
0.5 0 62 42
0.5 0 69 50
0.5 240 69 0
0.5 0 67 46
0.5 240 67 0
0.5 0 62 0
0.5 0 60 42
0.5 0 63 50
0.5 0 69 50
0.5 240 69 0
0.5 0 63 0
0.5 0 60 0
0.5 0 58 38
0.5 0 67 45
0.5 240 67 0
0.5 0 58 0
0.5 0 67 40
0.5 0 60 32
0.5 30 67 0
0.5 0 66 34
0.5 30 66 0
0.5 0 67 41
0.5 30 67 0
0.5 0 66 36
0.5 30 66 0
0.5 0 64 37
0.5 120 64 0
0.5 0 66 47
0.5 120 66 0
0.5 0 67 42
0.5 120 67 0
0.5 0 67 47
0.5 240 60 0
0.5 0 57 31
0.5 240 57 0
0.5 0 67 0
0.5 0 79 30
0.5 0 58 30
0.5 240 79 0
0.5 120 58 0
0.5 0 62 41
0.5 120 62 0
0.5 0 59 38
0.5 0 67 45
0.5 240 67 0
0.5 0 59 0
0.5 0 67 39
0.5 240 67 0
0.5 0 86 42
0.5 0 59 37
0.5 0 67 45
0.5 120 67 0
0.5 0 59 0
0.5 0 69 36
0.5 120 69 0
0.5 0 71 40
0.5 120 71 0
0.5 0 72 36
0.5 85 72 0
0.5 5 72 39
0.5 30 86 0
0.5 0 62 38
0.5 0 71 45
0.5 30 72 0
0.5 210 71 0
0.5 0 62 0
0.5 0 69 35
0.5 120 69 0
0.5 0 71 34
0.5 120 71 0
0.5 0 86 40
0.5 0 59 34
0.5 0 67 40
0.5 360 67 0
0.5 0 59 0
0.5 0 64 42
0.5 120 64 0
0.5 0 86 0
0.5 0 60 38
0.5 0 69 45
0.5 240 69 0
0.5 0 60 0
0.5 0 69 40
0.5 240 69 0
0.5 0 86 42
0.5 0 60 37
0.5 0 69 45
0.5 120 69 0
0.5 0 60 0
0.5 0 71 35
0.5 120 71 0
0.5 0 72 40
0.5 120 72 0
0.5 0 74 36
0.5 85 74 0
0.5 5 74 39
0.5 30 86 0
0.5 0 64 38
0.5 0 72 45
0.5 30 74 0
0.5 210 72 0
0.5 0 64 0
0.5 0 71 36
0.5 120 71 0
0.5 0 72 34
0.5 120 72 0
0.5 0 86 40
0.5 0 60 34
0.5 0 69 40
0.5 360 69 0
0.5 0 60 0
0.5 0 67 42
0.5 120 67 0
0.5 0 86 0
0.5 0 60 38
0.5 0 66 45
0.5 240 66 0
0.5 0 60 0
0.5 0 66 43
0.5 210 66 0
0.5 0 67 37
0.5 30 67 0
0.5 0 86 42
0.5 0 60 37
0.5 0 66 45
0.5 120 66 0
0.5 0 60 0
0.5 0 62 36
0.5 120 62 0
0.5 0 64 40
0.5 120 64 0
0.5 0 66 36
0.5 120 66 0
0.5 0 86 0
0.5 0 59 38
0.5 0 67 45
0.5 480 67 0
0.5 0 59 0
0.5 0 86 42
0.5 360 62 44
0.5 120 62 0
0.5 0 86 0
0.5 0 67 48
0.5 0 59 40
0.5 240 59 0
0.5 0 67 0
0.5 0 67 45
0.5 240 67 0
0.5 0 59 40
0.5 0 67 47
0.5 0 86 44
0.5 120 67 0
0.5 0 59 0
0.5 0 69 38
0.5 120 69 0
0.5 0 71 43
0.5 120 71 0
0.5 0 72 38
0.5 85 72 0
0.5 5 72 41
0.5 30 86 0
0.5 0 62 40
0.5 0 71 48
0.5 30 72 0
0.5 210 71 0
0.5 0 62 0
0.5 0 69 38
0.5 120 69 0
0.5 0 71 36
0.5 120 71 0
0.5 0 86 42
0.5 0 67 42
0.5 0 59 36
0.5 360 59 0
0.5 0 67 0
0.5 0 64 44
0.5 120 64 0
0.5 0 86 0
0.5 0 69 48
0.5 0 60 40
0.5 240 60 0
0.5 0 69 0
0.5 0 69 42
0.5 240 69 0
0.5 0 60 40
0.5 0 69 47
0.5 0 86 44
0.5 120 69 0
0.5 0 60 0
0.5 0 71 38
0.5 120 71 0
0.5 0 72 43
0.5 120 72 0
0.5 0 74 38
0.5 85 74 0
0.5 5 74 41
0.5 30 86 0
0.5 0 72 48
0.5 0 64 40
0.5 30 74 0
0.5 210 64 0
0.5 0 72 0
0.5 0 71 38
0.5 120 71 0
0.5 0 72 36
0.5 120 72 0
0.5 0 86 42
0.5 0 60 36
0.5 0 69 42
0.5 360 69 0
0.5 0 60 0
0.5 0 67 44
0.5 120 67 0
0.5 0 86 0
0.5 0 60 40
0.5 0 66 48
0.5 240 66 0
0.5 0 60 0
0.5 0 66 45
0.5 210 66 0
0.5 0 67 40
0.5 30 67 0
0.5 0 60 40
0.5 0 66 47
0.5 0 86 44
0.5 120 66 0
0.5 0 60 0
0.5 0 62 38
0.5 120 62 0
0.5 0 64 43
0.5 120 64 0
0.5 0 66 38
0.5 120 66 0
0.5 0 86 0
0.5 0 67 48
0.5 0 59 40
0.5 480 59 0
0.5 0 67 0
0.5 0 86 44
0.5 360 62 46
0.5 120 62 0
0.5 0 86 0
0.5 0 67 51
0.5 0 59 43
0.5 240 59 0
0.5 0 67 0
0.5 0 67 44
0.5 240 67 0
0.5 0 59 42
0.5 0 77 45
0.5 0 67 50
0.5 120 67 0
0.5 0 59 0
0.5 0 69 40
0.5 120 69 0
0.5 0 71 45
0.5 120 71 0
0.5 0 72 35
0.5 85 72 0
0.5 5 72 44
0.5 30 77 0
0.5 0 71 51
0.5 0 62 43
0.5 30 72 0
0.5 210 62 0
0.5 0 71 0
0.5 0 69 41
0.5 120 69 0
0.5 0 71 37
0.5 120 71 0
0.5 0 59 37
0.5 0 67 45
0.5 0 77 42
0.5 360 67 0
0.5 0 59 0
0.5 0 64 47
0.5 120 64 0
0.5 0 77 0
0.5 0 69 51
0.5 0 60 43
0.5 240 60 0
0.5 0 69 0
0.5 0 69 45
0.5 240 69 0
0.5 0 60 44
0.5 0 76 46
0.5 0 69 51
0.5 120 69 0
0.5 0 60 0
0.5 0 71 42
0.5 120 71 0
0.5 0 72 48
0.5 120 72 0
0.5 0 74 39
0.5 85 74 0
0.5 5 74 47
0.5 30 76 0
0.5 0 72 54
0.5 0 64 46
0.5 30 74 0
0.5 210 64 0
0.5 0 72 0
0.5 0 71 45
0.5 120 71 0
0.5 0 72 41
0.5 120 72 0
0.5 0 60 42
0.5 0 69 51
0.5 0 76 47
0.5 360 69 0
0.5 0 60 0
0.5 0 67 56
0.5 120 67 0
0.5 0 76 0
0.5 0 72 62
0.5 0 64 52
0.5 240 64 0
0.5 0 72 0
0.5 0 72 55
0.5 240 72 0
0.5 0 64 53
0.5 0 81 55
0.5 0 72 63
0.5 120 72 0
0.5 0 64 0
0.5 0 74 51
0.5 120 74 0
0.5 0 76 58
0.5 120 76 0
0.5 0 78 52
0.5 85 78 0
0.5 5 78 56
0.5 30 81 0
0.5 0 76 66
0.5 0 67 55
0.5 30 78 0
0.5 210 67 0
0.5 0 76 0
0.5 0 74 54
0.5 120 74 0
0.5 0 76 50
0.5 120 76 0
0.5 0 66 50
0.5 0 72 61
0.5 0 81 55
0.5 360 72 0
0.5 0 66 0
0.5 0 74 67
0.5 120 74 0
0.5 0 81 0
0.5 0 79 74
0.5 0 71 62
0.5 240 71 0
0.5 0 79 0
0.5 0 79 68
0.5 240 79 0
0.5 0 71 65
0.5 0 86 72
0.5 0 79 76
0.5 120 79 0
0.5 0 71 0
0.5 0 81 62
0.5 120 81 0
0.5 0 83 70
0.5 120 83 0
0.5 0 84 57
0.5 85 84 0
0.5 5 84 67
0.5 30 86 0
0.5 0 83 79
0.5 0 74 66
0.5 30 84 0
0.5 210 74 0
0.5 0 83 0
0.5 0 81 73
0.5 120 81 0
0.5 0 83 69
0.5 120 83 0
0.5 0 71 69
0.5 0 79 84
0.5 0 91 81
0.5 360 79 0
0.5 0 71 0
0.5 0 62 64
0.5 120 62 0
0.5 0 91 0
0.5 0 67 69
0.5 0 59 57
0.5 240 59 0
0.5 0 67 0
0.5 0 67 59
0.5 240 67 0
0.5 0 59 56
0.5 0 77 59
0.5 0 67 68
0.5 120 67 0
0.5 0 59 0
0.5 0 69 54
0.5 120 69 0
0.5 0 71 60
0.5 120 71 0
0.5 0 72 49
0.5 85 72 0
0.5 5 72 59
0.5 30 77 0
0.5 0 71 69
0.5 0 62 57
0.5 30 72 0
0.5 210 62 0
0.5 0 71 0
0.5 0 69 55
0.5 120 69 0
0.5 0 71 51
0.5 120 71 0
0.5 0 59 51
0.5 0 67 60
0.5 0 77 56
0.5 360 67 0
0.5 0 59 0
0.5 0 64 64
0.5 120 64 0
0.5 0 77 0
0.5 0 69 69
0.5 0 60 57
0.5 240 60 0
0.5 0 69 0
0.5 0 69 60
0.5 240 69 0
0.5 0 60 56
0.5 0 76 61
0.5 0 69 69
0.5 120 69 0
0.5 0 60 0
0.5 0 71 56
0.5 120 71 0
0.5 0 72 60
0.5 120 72 0
0.5 0 74 53
0.5 85 74 0
0.5 5 74 64
0.5 30 76 0
0.5 0 72 72
0.5 0 64 59
0.5 30 74 0
0.5 210 64 0
0.5 0 72 0
0.5 0 71 60
0.5 120 71 0
0.5 0 72 55
0.5 120 72 0
0.5 0 60 56
0.5 0 69 69
0.5 0 76 64
0.5 360 69 0
0.5 0 60 0
0.5 0 67 65
0.5 120 67 0
0.5 0 76 0
0.5 0 72 71
0.5 0 64 59
0.5 240 64 0
0.5 0 72 0
0.5 0 72 63
0.5 240 72 0
0.5 0 64 61
0.5 0 81 65
0.5 0 72 72
0.5 120 72 0
0.5 0 64 0
0.5 0 74 58
0.5 120 74 0
0.5 0 76 67
0.5 120 76 0
0.5 0 78 59
0.5 85 78 0
0.5 5 78 65
0.5 30 81 0
0.5 0 76 75
0.5 0 67 63
0.5 30 78 0
0.5 210 67 0
0.5 0 76 0
0.5 0 74 62
0.5 120 74 0
0.5 0 76 57
0.5 120 76 0
0.5 0 66 57
0.5 0 72 70
0.5 0 81 65
0.5 360 72 0
0.5 0 66 0
0.5 0 74 68
0.5 120 74 0
0.5 0 81 0
0.5 0 79 75
0.5 0 71 63
0.5 240 71 0
0.5 0 79 0
0.5 0 79 70
0.5 240 79 0
0.5 0 71 67
0.5 0 86 70
0.5 0 79 78
0.5 120 79 0
0.5 0 71 0
0.5 0 81 63
0.5 120 81 0
0.5 0 83 70
0.5 120 83 0
0.5 0 84 63
0.5 85 84 0
0.5 5 84 68
0.5 30 86 0
0.5 0 83 81
0.5 0 74 68
0.5 30 84 0
0.5 210 74 0
0.5 0 83 0
0.5 0 81 75
0.5 120 81 0
0.5 0 83 71
0.5 120 83 0
0.5 0 71 71
0.5 0 79 87
0.5 0 91 78
0.5 480 91 0
0.5 0 79 0
0.5 0 71 0
0.5 0 57 71
0.5 0 62 62
0.5 120 62 0
0.5 0 57 0
0.5 0 59 60
0.5 120 59 0
0.5 0 60 59
0.5 120 60 0
0.5 0 62 54
0.5 120 62 0
0.5 0 74 68
0.5 480 74 0
0.5 0 64 59
0.5 0 72 70
0.5 240 72 0
0.5 0 64 0
0.5 0 62 52
0.5 0 71 62
0.5 120 71 0
0.5 0 62 0
0.5 0 64 46
0.5 0 72 55
0.5 120 72 0
0.5 0 64 0
0.5 0 60 52
0.5 0 69 62
0.5 480 69 0
0.5 0 60 0
0.5 0 57 71
0.5 0 62 62
0.5 120 62 0
0.5 0 57 0
0.5 0 59 60
0.5 120 59 0
0.5 0 60 59
0.5 120 60 0
0.5 0 62 56
0.5 120 62 0
0.5 0 74 68
0.5 480 74 0
0.5 0 62 59
0.5 0 71 70
0.5 240 71 0
0.5 0 62 0
0.5 0 60 52
0.5 0 69 62
0.5 120 69 0
0.5 0 60 0
0.5 0 62 46
0.5 0 71 55
0.5 120 71 0
0.5 0 62 0
0.5 0 59 52
0.5 0 67 62
0.5 480 67 0
0.5 0 59 0
0.5 0 57 58
0.5 0 62 51
0.5 120 62 0
0.5 0 57 0
0.5 0 59 47
0.5 120 59 0
0.5 0 60 48
0.5 120 60 0
0.5 0 62 46
0.5 120 62 0
0.5 0 74 55
0.5 480 74 0
0.5 0 64 48
0.5 0 72 57
0.5 240 72 0
0.5 0 64 0
0.5 0 62 43
0.5 0 71 51
0.5 120 71 0
0.5 0 62 0
0.5 0 64 37
0.5 0 72 45
0.5 120 72 0
0.5 0 64 0
0.5 0 60 43
0.5 0 69 51
0.5 480 69 0
0.5 0 60 0
0.5 0 57 55
0.5 0 62 48
0.5 120 62 0
0.5 0 57 0
0.5 0 59 43
0.5 120 59 0
0.5 0 60 45
0.5 120 60 0
0.5 0 62 42
0.5 120 62 0
0.5 0 74 52
0.5 480 74 0
0.5 0 62 45
0.5 0 71 54
0.5 240 71 0
0.5 0 62 0
0.5 0 60 40
0.5 0 69 48
0.5 120 69 0
0.5 0 60 0
0.5 0 62 35
0.5 0 71 42
0.5 120 71 0
0.5 0 62 0
0.5 0 59 40
0.5 0 67 48
0.5 240 67 0
0.5 0 59 0
0.5 0 62 34
0.5 0 71 40
0.5 240 71 0
0.5 0 62 0
0.5 0 60 39
0.5 0 69 46
0.5 240 69 0
0.5 0 60 0
0.5 0 59 36
0.5 0 67 43
0.5 240 67 0
0.5 0 59 0
0.5 0 79 48
0.5 0 59 40
0.5 0 67 48
0.5 480 67 0
0.5 0 59 0
0.5 0 79 0
0.5 0 59 34
0.5 0 62 40
0.5 480 62 0
0.5 0 59 0
0.5 0 79 48
0.5 480 79 0
0.5 0 59 33
0.5 0 62 39
0.5 480 62 0
0.5 0 59 0
0.5 0 79 48
0.5 960 79 0
0.5 0 78 45
0.5 120 76 41
0.5 20 78 0
0.5 100 74 40
0.5 20 76 0
0.5 100 72 37
0.5 20 74 0
0.5 100 71 48
0.5 20 72 0
0.5 460 71 0
0.5 0 60 34
0.5 0 66 34
0.5 0 69 41
0.5 480 69 0
0.5 0 66 0
0.5 0 60 0
0.5 0 67 40
0.5 0 59 34
0.5 0 62 34
0.5 480 62 0
0.5 0 59 0
0.5 0 67 0
0.5 0 86 43
0.5 480 86 0
0.5 0 67 38
0.5 0 59 32
0.5 0 62 32
0.5 480 62 0
0.5 0 59 0
0.5 0 67 0
0.5 0 86 39
0.5 480 86 0
0.5 0 67 38
0.5 0 59 32
0.5 0 62 32
0.5 480 62 0
0.5 0 59 0
0.5 0 67 0
0.5 0 86 39
0.5 480 86 0
0.5 0 59 33
0.5 0 62 39
0.5 480 62 0
0.5 0 59 0
0.5 0 86 42
0.5 360 86 0
0.5 0 62 46
0.5 120 62 0
0.5 0 59 43
0.5 0 67 51
0.5 240 67 0
0.5 0 59 0
0.5 0 67 44
0.5 240 67 0
0.5 0 86 47
0.5 0 59 42
0.5 0 67 50
0.5 120 67 0
0.5 0 59 0
0.5 0 69 40
0.5 120 69 0
0.5 0 71 45
0.5 120 71 0
0.5 0 72 40
0.5 85 72 0
0.5 5 72 44
0.5 30 86 0
0.5 0 62 43
0.5 0 71 51
0.5 30 72 0
0.5 210 71 0
0.5 0 62 0
0.5 0 69 39
0.5 120 69 0
0.5 0 71 38
0.5 120 71 0
0.5 0 86 45
0.5 0 59 38
0.5 0 67 45
0.5 360 67 0
0.5 0 59 0
0.5 0 64 47
0.5 120 64 0
0.5 0 86 0
0.5 0 60 43
0.5 0 69 51
0.5 240 69 0
0.5 0 60 0
0.5 0 69 45
0.5 240 69 0
0.5 0 86 47
0.5 0 60 42
0.5 0 69 50
0.5 120 69 0
0.5 0 60 0
0.5 0 71 40
0.5 120 71 0
0.5 0 72 45
0.5 120 72 0
0.5 0 74 40
0.5 85 74 0
0.5 5 74 44
0.5 30 86 0
0.5 0 64 43
0.5 0 72 51
0.5 30 74 0
0.5 210 72 0
0.5 0 64 0
0.5 0 71 41
0.5 120 71 0
0.5 0 72 38
0.5 120 72 0
0.5 0 86 45
0.5 0 60 38
0.5 0 69 45
0.5 360 69 0
0.5 0 60 0
0.5 0 67 47
0.5 120 67 0
0.5 0 86 0
0.5 0 57 43
0.5 0 66 51
0.5 240 66 0
0.5 0 57 0
0.5 0 60 38
0.5 0 66 48
0.5 210 66 0
0.5 0 67 42
0.5 30 67 0
0.5 0 60 0
0.5 0 86 47
0.5 0 57 42
0.5 0 66 50
0.5 120 66 0
0.5 0 57 0
0.5 0 62 40
0.5 120 62 0
0.5 0 60 41
0.5 0 64 45
0.5 120 64 0
0.5 0 60 0
0.5 0 66 40
0.5 120 66 0
0.5 0 86 0
0.5 0 59 43
0.5 0 67 51
0.5 480 67 0
0.5 0 59 0
0.5 0 86 47
0.5 360 62 41
0.5 120 62 0
0.5 0 86 0
0.5 0 67 51
0.5 0 59 43
0.5 240 59 0
0.5 0 67 0
0.5 0 67 44
0.5 240 67 0
0.5 0 59 42
0.5 0 77 44
0.5 0 67 50
0.5 120 67 0
0.5 0 59 0
0.5 0 69 40
0.5 120 69 0
0.5 0 71 45
0.5 120 71 0
0.5 0 72 40
0.5 85 72 0
0.5 5 72 44
0.5 30 77 0
0.5 0 71 51
0.5 0 62 43
0.5 30 72 0
0.5 210 62 0
0.5 0 71 0
0.5 0 69 41
0.5 120 69 0
0.5 0 71 38
0.5 120 71 0
0.5 0 59 38
0.5 0 67 45
0.5 0 77 42
0.5 360 67 0
0.5 0 59 0
0.5 0 64 47
0.5 120 64 0
0.5 0 77 0
0.5 0 69 51
0.5 0 60 43
0.5 240 60 0
0.5 0 69 0
0.5 0 69 45
0.5 240 69 0
0.5 0 60 44
0.5 0 76 46
0.5 0 69 51
0.5 120 69 0
0.5 0 60 0
0.5 0 71 42
0.5 120 71 0
0.5 0 72 48
0.5 120 72 0
0.5 0 74 43
0.5 85 74 0
0.5 5 74 47
0.5 30 76 0
0.5 0 72 55
0.5 0 64 46
0.5 30 74 0
0.5 210 64 0
0.5 0 72 0
0.5 0 71 45
0.5 120 71 0
0.5 0 72 41
0.5 120 72 0
0.5 0 60 42
0.5 0 69 51
0.5 0 76 47
0.5 360 69 0
0.5 0 60 0
0.5 0 67 50
0.5 120 67 0
0.5 0 76 0
0.5 0 72 55
0.5 0 64 46
0.5 240 64 0
0.5 0 72 0
0.5 0 72 49
0.5 240 72 0
0.5 0 64 47
0.5 0 81 53
0.5 0 72 56
0.5 120 72 0
0.5 0 64 0
0.5 0 74 45
0.5 120 74 0
0.5 0 76 52
0.5 120 76 0
0.5 0 78 46
0.5 85 78 0
0.5 5 78 50
0.5 30 81 0
0.5 0 76 58
0.5 0 67 49
0.5 30 78 0
0.5 210 67 0
0.5 0 76 0
0.5 0 74 48
0.5 120 74 0
0.5 0 76 44
0.5 120 76 0
0.5 0 66 44
0.5 0 72 54
0.5 0 81 53
0.5 360 72 0
0.5 0 66 0
0.5 0 71 53
0.5 120 71 0
0.5 0 81 0
0.5 0 79 58
0.5 0 71 49
0.5 240 71 0
0.5 0 79 0
0.5 0 79 54
0.5 240 79 0
0.5 0 71 52
0.5 0 86 57
0.5 0 79 60
0.5 120 79 0
0.5 0 71 0
0.5 0 81 49
0.5 120 81 0
0.5 0 83 56
0.5 120 83 0
0.5 0 84 49
0.5 85 84 0
0.5 5 84 53
0.5 30 86 0
0.5 0 83 63
0.5 0 74 53
0.5 30 84 0
0.5 210 74 0
0.5 0 83 0
0.5 0 81 58
0.5 120 81 0
0.5 0 83 55
0.5 120 83 0
0.5 0 71 55
0.5 0 79 67
0.5 0 91 64
0.5 480 91 0
0.5 0 79 0
0.5 0 71 0
0.5 0 57 58
0.5 0 62 51
0.5 120 62 0
0.5 0 57 0
0.5 0 59 49
0.5 120 59 0
0.5 0 60 48
0.5 120 60 0
0.5 0 62 46
0.5 120 62 0
0.5 0 74 55
0.5 480 74 0
0.5 0 64 48
0.5 0 72 57
0.5 240 72 0
0.5 0 64 0
0.5 0 62 43
0.5 0 71 51
0.5 120 71 0
0.5 0 62 0
0.5 0 64 37
0.5 0 72 45
0.5 120 72 0
0.5 0 64 0
0.5 0 60 43
0.5 0 69 51
0.5 480 69 0
0.5 0 60 0
0.5 0 57 58
0.5 0 62 51
0.5 120 62 0
0.5 0 57 0
0.5 0 59 47
0.5 120 59 0
0.5 0 60 48
0.5 120 60 0
0.5 0 62 45
0.5 120 62 0
0.5 0 74 55
0.5 480 74 0
0.5 0 62 48
0.5 0 71 57
0.5 240 71 0
0.5 0 62 0
0.5 0 60 43
0.5 0 69 51
0.5 120 69 0
0.5 0 60 0
0.5 0 62 37
0.5 0 71 45
0.5 120 71 0
0.5 0 62 0
0.5 0 59 43
0.5 0 67 51
0.5 480 67 0
0.5 0 59 0
0.5 0 57 58
0.5 0 62 51
0.5 120 62 0
0.5 0 57 0
0.5 0 59 46
0.5 120 59 0
0.5 0 60 48
0.5 120 60 0
0.5 0 62 46
0.5 120 62 0
0.5 0 74 55
0.5 480 74 0
0.5 0 64 48
0.5 0 72 57
0.5 240 72 0
0.5 0 64 0
0.5 0 62 43
0.5 0 71 51
0.5 120 71 0
0.5 0 62 0
0.5 0 64 37
0.5 0 72 45
0.5 120 72 0
0.5 0 64 0
0.5 0 60 43
0.5 0 69 51
0.5 480 69 0
0.5 0 60 0
0.5 0 57 55
0.5 0 62 48
0.5 120 62 0
0.5 0 57 0
0.5 0 59 43
0.5 120 59 0
0.5 0 60 45
0.5 120 60 0
0.5 0 62 43
0.5 120 62 0
0.5 0 74 52
0.5 480 74 0
0.5 0 62 45
0.5 0 71 54
0.5 240 71 0
0.5 0 62 0
0.5 0 60 40
0.5 0 69 48
0.5 120 69 0
0.5 0 60 0
0.5 0 62 35
0.5 0 71 42
0.5 120 71 0
0.5 0 62 0
0.5 0 59 40
0.5 0 67 48
0.5 240 67 0
0.5 0 59 0
0.5 0 62 34
0.5 0 71 40
0.5 240 71 0
0.5 0 62 0
0.5 0 60 39
0.5 0 69 46
0.5 240 69 0
0.5 0 60 0
0.5 0 59 36
0.5 0 67 43
0.5 240 67 0
0.5 0 59 0
0.5 0 79 48
0.5 0 59 40
0.5 0 67 48
0.5 480 67 0
0.5 0 59 0
0.5 0 79 0
0.5 0 59 34
0.5 0 62 40
0.5 480 62 0
0.5 0 59 0
0.5 0 79 48
0.5 480 79 0
0.5 0 59 33
0.5 0 62 39
0.5 480 62 0
0.5 0 59 0
0.5 0 79 48
0.5 960 79 0
0.5 0 78 45
0.5 120 76 41
0.5 20 78 0
0.5 100 74 44
0.5 20 76 0
0.5 100 72 36
0.5 20 74 0
0.5 100 71 47
0.5 20 72 0
0.5 460 71 0
0.5 0 60 34
0.5 0 66 34
0.5 0 69 41
0.5 480 69 0
0.5 0 66 0
0.5 0 60 0
0.5 0 67 36
0.5 0 59 30
0.5 0 62 36
0.5 480 62 0
0.5 0 59 0
0.5 0 67 0
0.5 0 86 43
0.5 480 86 0
0.5 0 59 31
0.5 0 62 36
0.5 480 62 0
0.5 0 59 0
0.5 0 86 41
0.5 480 86 0
0.5 0 59 31
0.5 0 62 36
0.5 480 62 0
0.5 0 59 0
0.5 0 86 42
0.5 480 86 0
0.5 0 59 30
0.5 0 62 36
0.5 480 62 0
0.5 0 59 0
0.5 0 86 41
0.5 480 86 0
0.5 0 59 27
0.5 0 62 32
0.5 960 62 0
0.5 0 59 0
0.5 0 86 36
0.5 960 86 0
1 0 0 0
0 0 7 100
0 0 64 127
0.5 0 43 44
0.5 0 50 52
0.5 960 50 0
0.5 0 43 0
0 0 64 0
0.5 0 50 44
0.5 0 43 38
0 141 64 127
0.5 819 43 0
0.5 0 50 0
0 0 64 0
0.5 0 50 36
0.5 0 43 29
0 141 64 127
0.5 819 43 0
0.5 0 50 0
0.5 0 43 25
0.5 0 50 30
0 21 64 0
0 43 64 127
0.5 896 50 0
0.5 0 43 0
0.5 0 43 28
0.5 0 50 34
0 64 64 0
0 112 64 127
0 403 64 0
0 49 64 127
0 293 64 0
0.5 39 50 0
0.5 0 43 0
0.5 0 43 30
0.5 0 50 36
0 120 64 127
0 466 64 0
0 42 64 127
0.5 332 50 0
0.5 0 43 0
0.5 0 43 28
0.5 0 50 34
0 25 64 0
0 31 64 127
0 523 64 0
0 49 64 127
0 293 64 0
0.5 39 50 0
0.5 0 43 0
0.5 0 43 30
0.5 0 50 36
0 120 64 127
0 466 64 0
0 42 64 127
0.5 332 50 0
0.5 0 43 0
0.5 0 43 28
0.5 0 50 34
0 25 64 0
0 31 64 127
0 523 64 0
0 49 64 127
0.5 332 50 0
0.5 0 43 0
0 0 64 0
0.5 0 43 28
0.5 0 50 34
0 99 64 127
0.5 861 50 0
0.5 0 43 0
0.5 0 43 27
0.5 0 50 32
0 64 64 0
0 112 64 127
0 403 64 0
0 49 64 127
0 293 64 0
0.5 39 50 0
0.5 0 43 0
0.5 0 43 28
0.5 0 50 34
0 120 64 127
0 466 64 0
0 42 64 127
0.5 332 50 0
0.5 0 43 0
0.5 0 50 32
0.5 0 43 27
0 25 64 0
0 31 64 127
0 523 64 0
0 49 64 127
0 293 64 0
0.5 39 43 0
0.5 0 50 0
0.5 0 50 34
0.5 0 43 28
0 120 64 127
0 466 64 0
0 42 64 127
0.5 332 43 0
0.5 0 50 0
0.5 0 43 27
0.5 0 50 32
0 25 64 0
0 31 64 127
0 523 64 0
0 49 64 127
0.5 332 50 0
0.5 0 43 0
0 0 64 0
0.5 0 43 27
0.5 0 50 32
0 134 64 127
0.5 826 50 0
0.5 0 43 0
0.5 0 43 28
0.5 0 50 34
0 64 64 0
0 112 64 127
0 403 64 0
0 49 64 127
0 293 64 0
0.5 39 50 0
0.5 0 43 0
0.5 0 43 30
0.5 0 50 36
0 120 64 127
0 466 64 0
0 42 64 127
0.5 332 50 0
0.5 0 43 0
0.5 0 52 34
0.5 0 43 28
0 25 64 0
0 31 64 127
0 523 64 0
0 49 64 127
0 293 64 0
0.5 39 43 0
0.5 0 52 0
0.5 0 43 32
0.5 0 52 38
0 120 64 127
0 466 64 0
0 42 64 127
0.5 332 52 0
0.5 0 43 0
0.5 0 50 42
0.5 0 43 35
0 25 64 0
0 31 64 127
0 523 64 0
0 49 64 127
0 293 64 0
0.5 39 43 0
0.5 0 50 0
0.5 0 43 38
0.5 0 50 46
0 120 64 127
0 466 64 0
0 42 64 127
0.5 332 50 0
0.5 0 43 0
0.5 0 50 53
0.5 0 43 44
0 25 64 0
0 31 64 127
0 523 64 0
0 49 64 127
0 293 64 0
0.5 39 43 0
0.5 0 50 0
0.5 0 43 46
0.5 0 50 55
0 120 64 127
0 406 64 0
0 102 64 127
0.5 332 50 0
0.5 0 43 0
0.5 0 43 37
0.5 0 50 46
0 64 64 0
0 112 64 127
0 403 64 0
0 49 64 127
0 293 64 0
0.5 39 50 0
0.5 0 43 0
0.5 0 43 40
0.5 0 50 48
0 120 64 127
0 466 64 0
0 42 64 127
0.5 332 50 0
0.5 0 43 0
0.5 0 52 46
0.5 0 43 37
0 25 64 0
0 31 64 127
0 523 64 0
0 49 64 127
0 293 64 0
0.5 39 43 0
0.5 0 52 0
0.5 0 43 43
0.5 0 52 52
0 120 64 127
0 466 64 0
0 42 64 127
0.5 332 52 0
0.5 0 43 0
0.5 0 50 48
0.5 0 43 40
0 25 64 0
0 31 64 127
0 523 64 0
0 49 64 127
0 293 64 0
0.5 39 43 0
0.5 0 50 0
0.5 0 43 44
0.5 0 50 53
0 120 64 127
0 466 64 0
0 42 64 127
0.5 332 50 0
0.5 0 43 0
0.5 0 50 54
0.5 0 43 45
0 25 64 0
0 31 64 127
0 523 64 0
0 49 64 127
0 293 64 0
0.5 39 43 0
0.5 0 50 0
0.5 0 43 48
0.5 0 50 55
0 120 64 127
0 406 64 0
0 102 64 127
0 286 64 0
0.5 46 50 0
0.5 0 43 0
0.5 0 43 39
0.5 0 50 47
0 71 64 127
0 423 64 0
0 57 64 127
0.5 409 50 0
0.5 0 43 0
0 0 64 0
0.5 0 43 47
0 120 64 127
0.5 120 43 0
0.5 0 43 40
0.5 120 43 0
0.5 0 50 40
0.5 120 50 0
0.5 0 43 47
0 28 64 0
0 57 64 127
0.5 155 43 0
0.5 0 38 41
0.5 240 38 0
0 0 64 0
0.5 0 43 39
0.5 0 50 47
0 71 64 127
0 423 64 0
0 57 64 127
0.5 409 50 0
0.5 0 43 0
0 0 64 0
0.5 0 43 47
0 120 64 127
0.5 120 43 0
0.5 0 43 40
0.5 120 43 0
0.5 0 50 40
0.5 120 50 0
0.5 0 43 40
0.5 0 55 47
0 28 64 0
0 57 64 127
0.5 155 55 0
0.5 0 43 0
0.5 0 38 39
0.5 240 38 0
0 0 64 0
0.5 0 43 32
0.5 0 50 38
0 71 64 127
0 423 64 0
0 57 64 127
0.5 409 50 0
0.5 0 43 0
0 0 64 0
0.5 0 43 38
0 120 64 127
0.5 120 43 0
0.5 0 43 33
0.5 120 43 0
0.5 0 50 33
0.5 120 50 0
0.5 0 43 38
0 28 64 0
0 57 64 127
0.5 155 43 0
0.5 0 38 33
0.5 240 38 0
0 0 64 0
0.5 0 43 30
0.5 0 50 36
0 71 64 127
0 423 64 0
0 57 64 127
0.5 409 50 0
0.5 0 43 0
0 0 64 0
0.5 0 43 36
0 120 64 127
0.5 120 43 0
0.5 0 43 31
0.5 120 43 0
0.5 0 50 31
0.5 120 50 0
0.5 0 43 31
0 28 64 0
0 57 64 127
0.5 155 43 0
0.5 0 38 29
0.5 240 38 0
0.5 0 43 30
0.5 0 50 36
0 71 64 0
0 98 64 127
0 325 64 0
0 85 64 127
0.5 381 50 0
0.5 0 43 0
0 0 64 0
0.5 0 43 24
0.5 0 50 28
0 160 64 127
0.5 800 50 0
0.5 0 43 0
0.5 0 43 24
0.5 0 50 28
0.5 960 59 33
0.5 0 62 39
0.5 480 62 0
0.5 0 43 0
0.5 0 50 0
0.5 0 59 0
0 28 64 0
0 614 64 127
0.5 318 38 24
0 78 64 0
0 70 64 127
0.5 332 38 0
0 0 64 0
0.5 0 43 26
0.5 0 50 31
0 184 64 127
0.5 776 50 0
0.5 0 43 0
0.5 0 43 22
0.5 0 50 27
0 99 64 0
0 113 64 127
0.5 748 50 0
0.5 0 43 0
0 0 64 0
0.5 0 43 23
0.5 0 50 28
0 141 64 127
0.5 819 50 0
0.5 0 43 0
0.5 0 43 22
0.5 0 50 26
0 21 64 0
0 43 64 127
0.5 896 50 0
0.5 0 43 0
0.5 0 50 34
0.5 0 43 28
0 64 64 0
0 112 64 127
0 403 64 0
0 49 64 127
0 293 64 0
0.5 39 43 0
0.5 0 50 0
0.5 0 43 30
0.5 0 50 36
0 120 64 127
0 466 64 0
0 42 64 127
0.5 332 50 0
0.5 0 43 0
0.5 0 43 28
0.5 0 50 34
0 25 64 0
0 31 64 127
0 523 64 0
0 49 64 127
0 293 64 0
0.5 39 50 0
0.5 0 43 0
0.5 0 43 30
0.5 0 50 36
0 120 64 127
0 466 64 0
0 42 64 127
0.5 332 50 0
0.5 0 43 0
0.5 0 43 28
0.5 0 50 34
0 25 64 0
0 31 64 127
0 523 64 0
0 49 64 127
0.5 332 50 0
0.5 0 43 0
0 0 64 0
0.5 0 43 28
0.5 0 50 34
0 99 64 127
0.5 861 50 0
0.5 0 43 0
0.5 0 43 28
0.5 0 50 34
0 64 64 0
0 112 64 127
0 403 64 0
0 49 64 127
0 293 64 0
0.5 39 50 0
0.5 0 43 0
0.5 0 43 30
0.5 0 50 36
0 120 64 127
0 466 64 0
0 42 64 127
0.5 332 50 0
0.5 0 43 0
0.5 0 52 34
0.5 0 43 28
0 25 64 0
0 31 64 127
0 523 64 0
0 49 64 127
0 293 64 0
0.5 39 43 0
0.5 0 52 0
0.5 0 43 32
0.5 0 52 39
0 120 64 127
0 466 64 0
0 42 64 127
0.5 332 52 0
0.5 0 43 0
0.5 0 50 37
0.5 0 43 31
0 25 64 0
0 31 64 127
0 523 64 0
0 49 64 127
0 293 64 0
0.5 39 43 0
0.5 0 50 0
0.5 0 43 34
0.5 0 50 41
0 120 64 127
0 466 64 0
0 42 64 127
0.5 332 50 0
0.5 0 43 0
0.5 0 50 42
0.5 0 43 35
0 25 64 0
0 31 64 127
0 523 64 0
0 49 64 127
0 293 64 0
0.5 39 43 0
0.5 0 50 0
0.5 0 43 37
0.5 0 50 43
0 120 64 127
0 406 64 0
0 102 64 127
0 286 64 0
0.5 46 50 0
0.5 0 43 0
0.5 0 43 32
0.5 0 50 38
0 71 64 127
0 423 64 0
0 57 64 127
0.5 409 50 0
0.5 0 43 0
0 0 64 0
0.5 0 43 38
0 120 64 127
0.5 120 43 0
0.5 0 43 33
0.5 120 43 0
0.5 0 50 33
0.5 120 50 0
0.5 0 43 38
0 28 64 0
0 57 64 127
0.5 155 43 0
0.5 0 38 34
0.5 240 38 0
0 0 64 0
0.5 0 43 32
0.5 0 50 38
0 71 64 127
0 423 64 0
0 57 64 127
0.5 409 50 0
0.5 0 43 0
0 0 64 0
0.5 0 43 38
0 120 64 127
0.5 120 43 0
0.5 0 43 33
0.5 120 43 0
0.5 0 50 33
0.5 120 50 0
0.5 0 43 33
0 28 64 0
0 57 64 127
0.5 155 43 0
0.5 0 38 32
0.5 240 38 0
0 0 64 0
0.5 0 43 32
0.5 0 50 38
0 71 64 127
0 423 64 0
0 57 64 127
0.5 409 50 0
0.5 0 43 0
0 0 64 0
0.5 0 43 38
0 120 64 127
0.5 120 43 0
0.5 0 43 33
0.5 120 43 0
0.5 0 50 33
0.5 120 50 0
0.5 0 43 38
0 28 64 0
0 57 64 127
0.5 155 43 0
0.5 0 38 33
0.5 240 38 0
0 0 64 0
0.5 0 43 30
0.5 0 50 36
0 71 64 127
0 423 64 0
0 57 64 127
0.5 409 50 0
0.5 0 43 0
0 0 64 0
0.5 0 43 36
0 120 64 127
0.5 120 43 0
0.5 0 43 31
0.5 120 43 0
0.5 0 50 31
0.5 120 50 0
0.5 0 43 31
0 28 64 0
0 57 64 127
0.5 155 43 0
0.5 0 38 29
0.5 240 38 0
0.5 0 43 30
0.5 0 50 36
0 71 64 0
0 98 64 127
0 325 64 0
0 85 64 127
0.5 381 50 0
0.5 0 43 0
0 0 64 0
0.5 0 43 24
0.5 0 50 28
0 160 64 127
0.5 800 50 0
0.5 0 43 0
0.5 0 43 24
0.5 0 50 28
0.5 960 59 33
0.5 0 62 39
0.5 480 62 0
0.5 0 43 0
0.5 0 50 0
0.5 0 59 0
0 28 64 0
0 614 64 127
0.5 318 38 24
0 78 64 0
0 70 64 127
0.5 332 38 0
0 0 64 0
0.5 0 43 26
0.5 0 50 31
0 169 64 127
0.5 791 50 0
0.5 0 43 0
0 0 64 0
0.5 0 43 22
0.5 0 50 32
0 141 64 127
0.5 819 50 0
0.5 0 43 0
0 0 64 0
0.5 0 43 25
0.5 0 50 30
0 141 64 127
0.5 819 50 0
0.5 0 43 0
0.5 0 43 22
0.5 0 50 31
0 21 64 0
0 43 64 127
0.5 896 50 0
0.5 0 43 0
0 0 64 0
0.5 0 43 26
0.5 0 50 31
0 226 64 127
0.5 734 50 0
0.5 0 43 0
0.5 0 43 21
0.5 0 50 31
0 141 64 0
0 127 64 127
0.5 692 50 0
0.5 0 43 0
0 0 64 0
0.5 0 43 21
0.5 0 50 25
0 141 64 127
0.5 819 50 0
0.5 0 43 0
0.5 0 43 20
0.5 0 50 24
0 21 64 0
0 43 64 127
0.5 896 50 0
0.5 0 43 0
0 78 64 0
0 49 64 127
0 353 64 0
0 42 64 127
0 240 64 0
0 14 64 127
0.5 184 55 40
0 56 64 0
0 15 64 127
0.5 169 55 0
0.5 0 57 39
0 14 64 0
0 50 64 127
0.5 176 57 0
0 21 64 0
0 57 64 127
0 155 64 0
0 56 64 127
0 191 64 0
0.5 0 62 40
0.5 0 58 34
0 56 64 127
0.5 184 58 0
0.5 0 62 0
0.5 0 53 30
0.5 0 60 36
0 28 64 0
0 71 64 127
0.5 141 60 0
0.5 0 53 0
0.5 0 53 34
0.5 0 60 40
0 424 64 0
0.5 56 60 0
0.5 0 53 0
0.5 0 46 29
0.5 0 53 36
0 56 64 127
0.5 424 53 0
0.5 0 46 0
0 71 64 0
0 183 64 127
0 706 64 0
0 42 64 127
0 212 64 0
0 50 64 127
0 197 64 0
0 50 64 127
0 183 64 0
0 50 64 127
0 176 64 0
0 56 64 127
0 198 64 0
0 42 64 127
0 184 64 0
0.5 0 62 40
0.5 0 58 34
0 56 64 127
0 161 64 0
0.5 23 58 0
0.5 0 62 0
0.5 0 57 33
0.5 0 61 39
0 34 64 127
0.5 206 61 0
0.5 0 57 0
0.5 0 57 37
0.5 0 61 44
0 424 64 0
0.5 56 61 0
0.5 0 57 0
0.5 0 50 31
0.5 0 57 39
0 56 64 127
0 283 64 0
0.5 141 57 0
0.5 0 50 0
0 126 64 127
0 834 64 0
0 42 64 127
0 410 64 0
0 99 64 127
0 183 64 0
0 50 64 127
0 240 64 0
0 84 64 127
0.5 332 58 53
0 0 64 0
0 113 64 127
0.5 127 58 0
0.5 0 57 53
0.5 240 57 0
0.5 0 55 49
0.5 240 55 0
0.5 0 53 46
0.5 240 53 0
0.5 0 51 53
0 42 64 0
0 85 64 127
0.5 353 51 0
0 0 64 0
0.5 0 45 41
0 78 64 127
0.5 402 45 0
0 0 64 0
0.5 0 46 49
0 71 64 127
0 381 64 0
0.5 28 46 0
0.5 0 51 46
0 78 64 127
0.5 162 51 0
0.5 0 45 41
0.5 240 45 0
0.5 0 46 49
0 28 64 0
0 57 64 127
0.5 395 46 0
0.5 0 48 48
0 42 64 0
0 57 64 127
0.5 141 48 0
0.5 0 46 42
0 42 64 0
0 57 64 127
0.5 141 46 0
0 0 64 0
0.5 0 48 49
0 57 64 127
0.5 183 48 0
0.5 0 51 38
0 11 64 0
0 63 64 127
0 143 64 0
0.5 23 51 0
0.5 0 38 46
0 2 64 127
0.5 478 38 0
0.5 0 31 40
0 11 64 0
0 69 64 127
0 371 64 0
0.5 29 31 0
0 126 64 127
0 432 64 0
0 49 64 127
0 353 64 0
0 42 64 127
0 240 64 0
0 14 64 127
0.5 184 55 35
0 56 64 0
0 15 64 127
0.5 169 55 0
0.5 0 57 35
0 14 64 0
0 50 64 127
0.5 176 57 0
0 21 64 0
0 57 64 127
0 155 64 0
0 56 64 127
0 191 64 0
0.5 0 62 35
0.5 0 58 29
0 56 64 127
0.5 184 58 0
0.5 0 62 0
0.5 0 53 26
0.5 0 60 31
0 28 64 0
0 71 64 127
0.5 141 60 0
0.5 0 53 0
0.5 0 53 29
0.5 0 60 35
0.5 480 60 0
0.5 0 53 0
0.5 0 46 23
0.5 0 53 29
0 7 64 0
0 49 64 127
0.5 424 53 0
0.5 0 46 0
0 71 64 0
0 45 64 127
0 844 64 0
0 42 64 127
0 212 64 0
0 50 64 127
0 190 64 0
0 57 64 127
0 183 64 0
0 50 64 127
0 176 64 0
0 56 64 127
0 198 64 0
0 42 64 127
0 184 64 0
0.5 0 62 35
0.5 0 58 29
0 56 64 127
0 161 64 0
0.5 23 58 0
0.5 0 62 0
0.5 0 57 28
0.5 0 61 34
0 34 64 127
0.5 206 61 0
0.5 0 57 0
0.5 0 67 38
0.5 0 57 32
0.5 0 61 38
0.5 480 61 0
0.5 0 57 0
0.5 0 67 0
0.5 0 50 24
0.5 0 57 30
0 20 64 0
0 36 64 127
0 283 64 0
0.5 141 57 0
0.5 0 50 0
0 126 64 127
0 834 64 0
0 42 64 127
0 494 64 0
0 64 64 127
0 134 64 0
0 50 64 127
0 240 64 0
0 84 64 127
0.5 332 58 46
0 0 64 0
0 113 64 127
0.5 127 58 0
0.5 0 57 46
0.5 240 57 0
0.5 0 55 41
0.5 240 55 0
0.5 0 53 40
0.5 240 53 0
0.5 0 58 46
0.5 0 52 46
0 42 64 0
0 85 64 127
0.5 353 52 0
0.5 0 58 0
0.5 0 51 36
0 0 64 0
0.5 0 57 36
0 78 64 127
0.5 402 57 0
0.5 0 51 0
0.5 0 50 36
0 0 64 0
0.5 0 56 42
0 71 64 127
0.5 169 56 0
0.5 0 50 0
0.5 0 51 33
0.5 0 55 39
0 11 64 0
0 80 64 127
0.5 149 55 0
0.5 0 51 0
0.5 0 50 33
0.5 0 54 39
0 34 64 0
0 69 64 127
0.5 137 54 0
0.5 0 50 0
0.5 0 46 30
0.5 0 55 36
0.5 240 55 0
0.5 0 46 0
0.5 0 48 36
0.5 0 55 42
0 28 64 0
0 57 64 127
0.5 395 55 0
0.5 0 48 0
0.5 0 46 33
0.5 0 55 41
0 42 64 0
0 57 64 127
0 183 64 0
0 57 64 127
0.5 141 55 0
0.5 0 46 0
0 0 64 0
0.5 0 48 42
0 57 64 127
0.5 183 48 0
0.5 0 51 33
0 11 64 0
0 63 64 127
0.5 166 51 0
0.5 0 38 39
0 13 64 0
0 24 64 127
0.5 443 38 0
0.5 0 31 35
0 41 64 0
0 29 64 127
0 186 64 0
0 18 64 127
0.5 206 31 0
0 28 64 0
0 47 64 127
0.5 405 43 25
0.5 0 50 30
0 23 64 0
0 41 64 0
0 112 64 127
0 403 64 0
0 49 64 127
0 293 64 0
0.5 39 50 0
0.5 0 43 0
0.5 0 43 27
0.5 0 50 32
0 120 64 127
0 466 64 0
0 42 64 127
0.5 332 50 0
0.5 0 43 0
0.5 0 43 25
0.5 0 50 30
0 25 64 0
0 31 64 127
0 523 64 0
0 49 64 127
0 293 64 0
0.5 39 50 0
0.5 0 43 0
0.5 0 43 27
0.5 0 50 32
0 120 64 127
0 466 64 0
0 42 64 127
0.5 332 50 0
0.5 0 43 0
0.5 0 43 25
0.5 0 50 30
0 25 64 0
0 31 64 127
0 523 64 0
0 49 64 127
0.5 332 50 0
0.5 0 43 0
0 0 64 0
0.5 0 43 25
0.5 0 50 30
0 99 64 127
0.5 861 50 0
0.5 0 43 0
0.5 0 43 27
0.5 0 50 32
0 64 64 0
0 112 64 127
0 403 64 0
0 49 64 127
0 293 64 0
0.5 39 50 0
0.5 0 43 0
0.5 0 43 28
0.5 0 50 34
0 120 64 127
0 466 64 0
0 42 64 127
0.5 332 50 0
0.5 0 43 0
0.5 0 50 32
0.5 0 43 27
0 25 64 0
0 31 64 127
0 523 64 0
0 49 64 127
0 293 64 0
0.5 39 43 0
0.5 0 50 0
0.5 0 50 34
0.5 0 43 28
0 120 64 127
0 466 64 0
0 42 64 127
0.5 332 43 0
0.5 0 50 0
0.5 0 43 27
0.5 0 50 32
0 25 64 0
0 31 64 127
0 523 64 0
0 49 64 127
0.5 332 50 0
0.5 0 43 0
0 0 64 0
0.5 0 43 27
0.5 0 50 32
0 134 64 127
0.5 826 50 0
0.5 0 43 0
0.5 0 43 28
0.5 0 50 34
0 64 64 0
0 112 64 127
0 403 64 0
0 49 64 127
0 293 64 0
0.5 39 50 0
0.5 0 43 0
0.5 0 43 30
0.5 0 50 36
0 120 64 127
0 466 64 0
0 42 64 127
0.5 332 50 0
0.5 0 43 0
0.5 0 52 34
0.5 0 43 28
0 25 64 0
0 31 64 127
0 523 64 0
0 49 64 127
0 293 64 0
0.5 39 43 0
0.5 0 52 0
0.5 0 43 32
0.5 0 52 38
0 120 64 127
0 466 64 0
0 42 64 127
0.5 332 52 0
0.5 0 43 0
0.5 0 50 42
0.5 0 43 35
0 25 64 0
0 31 64 127
0 523 64 0
0 49 64 127
0 293 64 0
0.5 39 43 0
0.5 0 50 0
0.5 0 43 38
0.5 0 50 46
0 120 64 127
0 466 64 0
0 42 64 127
0.5 332 50 0
0.5 0 43 0
0.5 0 50 53
0.5 0 43 44
0 25 64 0
0 31 64 127
0 523 64 0
0 49 64 127
0 293 64 0
0.5 39 43 0
0.5 0 50 0
0.5 0 43 46
0.5 0 50 55
0 120 64 127
0 406 64 0
0 102 64 127
0.5 332 50 0
0.5 0 43 0
0.5 0 43 37
0.5 0 50 46
0 64 64 0
0 112 64 127
0 403 64 0
0 49 64 127
0 293 64 0
0.5 39 50 0
0.5 0 43 0
0.5 0 43 40
0.5 0 50 48
0 120 64 127
0 466 64 0
0 42 64 127
0.5 332 50 0
0.5 0 43 0
0.5 0 52 46
0.5 0 43 37
0 25 64 0
0 31 64 127
0 523 64 0
0 49 64 127
0 293 64 0
0.5 39 43 0
0.5 0 52 0
0.5 0 43 43
0.5 0 52 52
0 120 64 127
0 466 64 0
0 42 64 127
0.5 332 52 0
0.5 0 43 0
0.5 0 50 48
0.5 0 43 40
0 25 64 0
0 31 64 127
0 523 64 0
0 49 64 127
0 293 64 0
0.5 39 43 0
0.5 0 50 0
0.5 0 43 44
0.5 0 50 53
0 120 64 127
0 466 64 0
0 42 64 127
0.5 332 50 0
0.5 0 43 0
0.5 0 50 54
0.5 0 43 45
0 25 64 0
0 31 64 127
0 523 64 0
0 49 64 127
0 293 64 0
0.5 39 43 0
0.5 0 50 0
0.5 0 43 48
0.5 0 50 55
0 120 64 127
0 406 64 0
0 102 64 127
0 286 64 0
0.5 46 50 0
0.5 0 43 0
0.5 0 43 39
0.5 0 50 47
0 71 64 127
0 423 64 0
0 57 64 127
0.5 409 50 0
0.5 0 43 0
0 0 64 0
0.5 0 43 47
0 120 64 127
0.5 120 43 0
0.5 0 43 40
0.5 120 43 0
0.5 0 50 40
0.5 120 50 0
0.5 0 43 47
0 28 64 0
0 57 64 127
0.5 155 43 0
0.5 0 38 41
0.5 240 38 0
0 0 64 0
0.5 0 43 39
0.5 0 50 47
0 71 64 127
0 423 64 0
0 57 64 127
0.5 409 50 0
0.5 0 43 0
0 0 64 0
0.5 0 43 47
0 120 64 127
0.5 120 43 0
0.5 0 43 40
0.5 120 43 0
0.5 0 50 40
0.5 120 50 0
0.5 0 43 40
0.5 0 55 47
0 28 64 0
0 57 64 127
0.5 155 55 0
0.5 0 43 0
0.5 0 38 39
0.5 240 38 0
0 0 64 0
0.5 0 43 32
0.5 0 50 38
0 71 64 127
0 423 64 0
0 57 64 127
0.5 409 50 0
0.5 0 43 0
0 0 64 0
0.5 0 43 38
0 120 64 127
0.5 120 43 0
0.5 0 43 33
0.5 120 43 0
0.5 0 50 33
0.5 120 50 0
0.5 0 43 38
0 28 64 0
0 57 64 127
0.5 155 43 0
0.5 0 38 33
0.5 240 38 0
0 0 64 0
0.5 0 43 30
0.5 0 50 36
0 71 64 127
0 423 64 0
0 57 64 127
0.5 409 50 0
0.5 0 43 0
0 0 64 0
0.5 0 43 36
0 120 64 127
0.5 120 43 0
0.5 0 43 31
0.5 120 43 0
0.5 0 50 31
0.5 120 50 0
0.5 0 43 31
0 28 64 0
0 57 64 127
0.5 155 43 0
0.5 0 38 29
0.5 240 38 0
0.5 0 43 30
0.5 0 50 36
0 71 64 0
0 98 64 127
0 325 64 0
0 85 64 127
0.5 381 50 0
0.5 0 43 0
0 0 64 0
0.5 0 43 24
0.5 0 50 28
0 160 64 127
0.5 800 50 0
0.5 0 43 0
0.5 0 43 24
0.5 0 50 28
0.5 960 59 33
0.5 0 62 39
0.5 480 62 0
0.5 0 43 0
0.5 0 50 0
0.5 0 59 0
0 28 64 0
0 614 64 127
0.5 318 38 24
0 78 64 0
0 70 64 127
0.5 332 38 0
0 0 64 0
0.5 0 43 26
0.5 0 50 31
0 184 64 127
0.5 776 50 0
0.5 0 43 0
0.5 0 43 22
0.5 0 50 27
0 99 64 0
0 113 64 127
0.5 748 50 0
0.5 0 43 0
0 0 64 0
0.5 0 43 23
0.5 0 50 28
0 141 64 127
0.5 819 50 0
0.5 0 43 0
0.5 0 43 22
0.5 0 50 26
0 21 64 0
0 43 64 127
0.5 896 50 0
0.5 0 43 0
0.5 0 50 34
0.5 0 43 28
0 64 64 0
0 112 64 127
0 403 64 0
0 49 64 127
0 293 64 0
0.5 39 43 0
0.5 0 50 0
0.5 0 43 30
0.5 0 50 36
0 120 64 127
0 466 64 0
0 42 64 127
0.5 332 50 0
0.5 0 43 0
0.5 0 43 28
0.5 0 50 34
0 25 64 0
0 31 64 127
0 523 64 0
0 49 64 127
0 293 64 0
0.5 39 50 0
0.5 0 43 0
0.5 0 43 30
0.5 0 50 36
0 120 64 127
0 466 64 0
0 42 64 127
0.5 332 50 0
0.5 0 43 0
0.5 0 43 28
0.5 0 50 34
0 25 64 0
0 31 64 127
0 523 64 0
0 49 64 127
0.5 332 50 0
0.5 0 43 0
0 0 64 0
0.5 0 43 28
0.5 0 50 34
0 99 64 127
0.5 861 50 0
0.5 0 43 0
0.5 0 43 28
0.5 0 50 34
0 64 64 0
0 112 64 127
0 403 64 0
0 49 64 127
0 293 64 0
0.5 39 50 0
0.5 0 43 0
0.5 0 43 30
0.5 0 50 36
0 120 64 127
0 466 64 0
0 42 64 127
0.5 332 50 0
0.5 0 43 0
0.5 0 52 34
0.5 0 43 28
0 25 64 0
0 31 64 127
0 523 64 0
0 49 64 127
0 293 64 0
0.5 39 43 0
0.5 0 52 0
0.5 0 43 32
0.5 0 52 39
0 120 64 127
0 466 64 0
0 42 64 127
0.5 332 52 0
0.5 0 43 0
0.5 0 50 37
0.5 0 43 31
0 25 64 0
0 31 64 127
0 523 64 0
0 49 64 127
0 293 64 0
0.5 39 43 0
0.5 0 50 0
0.5 0 43 34
0.5 0 50 41
0 120 64 127
0 466 64 0
0 42 64 127
0.5 332 50 0
0.5 0 43 0
0.5 0 50 42
0.5 0 43 35
0 25 64 0
0 31 64 127
0 523 64 0
0 49 64 127
0 293 64 0
0.5 39 43 0
0.5 0 50 0
0.5 0 43 37
0.5 0 50 43
0 120 64 127
0 406 64 0
0 102 64 127
0 286 64 0
0.5 46 50 0
0.5 0 43 0
0.5 0 43 32
0.5 0 50 38
0 71 64 127
0 423 64 0
0 57 64 127
0.5 409 50 0
0.5 0 43 0
0 0 64 0
0.5 0 43 38
0 120 64 127
0.5 120 43 0
0.5 0 43 33
0.5 120 43 0
0.5 0 50 33
0.5 120 50 0
0.5 0 43 38
0 28 64 0
0 57 64 127
0.5 155 43 0
0.5 0 38 34
0.5 240 38 0
0 0 64 0
0.5 0 43 32
0.5 0 50 38
0 71 64 127
0 423 64 0
0 57 64 127
0.5 409 50 0
0.5 0 43 0
0 0 64 0
0.5 0 43 38
0 120 64 127
0.5 120 43 0
0.5 0 43 33
0.5 120 43 0
0.5 0 50 33
0.5 120 50 0
0.5 0 43 33
0 28 64 0
0 57 64 127
0.5 155 43 0
0.5 0 38 32
0.5 240 38 0
0 0 64 0
0.5 0 43 32
0.5 0 50 38
0 71 64 127
0 423 64 0
0 57 64 127
0.5 409 50 0
0.5 0 43 0
0 0 64 0
0.5 0 43 38
0 120 64 127
0.5 120 43 0
0.5 0 43 33
0.5 120 43 0
0.5 0 50 33
0.5 120 50 0
0.5 0 43 38
0 28 64 0
0 57 64 127
0.5 155 43 0
0.5 0 38 33
0.5 240 38 0
0 0 64 0
0.5 0 43 30
0.5 0 50 36
0 71 64 127
0 423 64 0
0 57 64 127
0.5 409 50 0
0.5 0 43 0
0 0 64 0
0.5 0 43 36
0 120 64 127
0.5 120 43 0
0.5 0 43 31
0.5 120 43 0
0.5 0 50 31
0.5 120 50 0
0.5 0 43 31
0 28 64 0
0 57 64 127
0.5 155 43 0
0.5 0 38 29
0.5 240 38 0
0.5 0 43 30
0.5 0 50 36
0 71 64 0
0 98 64 127
0 325 64 0
0 85 64 127
0.5 381 50 0
0.5 0 43 0
0 0 64 0
0.5 0 43 24
0.5 0 50 28
0 160 64 127
0.5 800 50 0
0.5 0 43 0
0.5 0 43 24
0.5 0 50 28
0.5 960 59 33
0.5 0 62 39
0.5 480 62 0
0.5 0 43 0
0.5 0 50 0
0.5 0 59 0
0 28 64 0
0 614 64 127
0.5 318 38 24
0 78 64 0
0 70 64 127
0.5 332 38 0
0 0 64 0
0.5 0 43 23
0.5 0 50 27
0 169 64 127
0.5 791 50 0
0.5 0 43 0
0 0 64 0
0.5 0 43 19
0.5 0 50 28
0 141 64 127
0.5 819 50 0
0.5 0 43 0
0 0 64 0
0.5 0 43 22
0.5 0 50 27
0 141 64 127
0.5 819 50 0
0.5 0 43 0
0.5 0 43 19
0.5 0 50 27
0 21 64 0
0 43 64 127
0.5 896 50 0
0.5 0 43 0
0.5 0 43 17
0.5 0 50 24
0 1600 64 0
0.5 320 50 0
0.5 0 43 0
1 0 0 0
