0 0 7 100
0.5 0 62 82
0 0 91 127
0.5 480 62 0
0.5 0 64 78
0.5 120 64 0
0.5 120 62 75
0.5 120 62 0
0.5 120 61 79
0.5 120 61 0
0.5 120 62 73
0.5 120 62 0
0.5 120 64 81
0.5 120 64 0
0.5 360 67 75
0.5 120 67 0
0.5 360 66 73
0.5 120 66 0
0.5 360 62 82
0.5 420 62 0
0.5 0 66 71
0.5 60 66 0
0.5 0 64 75
0.5 120 64 0
0.5 120 62 73
0.5 120 62 0
0.5 120 61 77
0.5 120 61 0
0.5 120 62 71
0.5 120 62 0
0.5 120 64 80
0.5 120 64 0
0.5 360 67 74
0.5 120 67 0
0.5 360 66 73
0.5 120 66 0
0.5 360 62 80
0.5 480 62 0
0.5 0 64 73
0.5 240 64 0
0.5 0 66 74
0.5 240 66 0
0.5 0 69 77
0.5 240 69 0
0.5 0 72 78
0.5 240 72 0
0.5 0 76 79
0.5 480 76 0
0.5 0 79 78
0.5 480 79 0
0.5 0 78 78
0.5 480 78 0
0.5 0 62 60
0.5 0 66 60
0.5 0 78 79
0.5 480 78 0
0.5 0 66 0
0.5 0 62 0
0.5 0 79 72
0.5 0 67 57
0.5 240 67 0
0.5 0 79 0
0.5 0 66 57
0.5 0 78 72
0.5 240 78 0
0.5 0 66 0
0.5 0 76 71
0.5 0 64 56
0.5 240 64 0
0.5 0 76 0
0.5 0 62 56
0.5 0 74 71
0.5 240 74 0
0.5 0 62 0
0.5 0 67 70
0.5 0 73 77
0.5 420 73 0
0.5 0 67 0
0.5 0 74 64
0.5 60 74 0
0.5 0 73 73
0.5 240 73 0
0.5 0 69 67
0.5 240 69 0
0.5 0 71 72
0.5 240 71 0
0.5 0 73 69
0.5 240 73 0
0.5 0 66 74
0.5 0 74 74
0.5 480 74 0
0.5 0 66 0
0.5 0 64 78
0.5 120 64 0
0.5 120 62 75
0.5 120 62 0
0.5 120 61 79
0.5 120 61 0
0.5 120 62 73
0.5 120 62 0
0.5 120 64 81
0.5 120 64 0
0.5 360 67 74
0.5 120 67 0
0.5 360 66 73
0.5 120 66 0
0.5 360 62 82
0.5 420 62 0
0.5 0 66 71
0.5 60 66 0
0.5 0 64 75
0.5 120 64 0
0.5 120 62 73
0.5 120 62 0
0.5 120 61 77
0.5 120 61 0
0.5 120 62 71
0.5 120 62 0
0.5 120 64 80
0.5 120 64 0
0.5 360 67 74
0.5 120 67 0
0.5 360 66 73
0.5 120 66 0
0.5 360 62 80
0.5 480 62 0
0.5 0 64 73
0.5 240 64 0
0.5 0 66 74
0.5 240 66 0
0.5 0 69 77
0.5 240 69 0
0.5 0 72 78
0.5 240 72 0
0.5 0 76 79
0.5 480 76 0
0.5 0 79 78
0.5 480 79 0
0.5 0 78 78
0.5 480 78 0
0.5 0 62 60
0.5 0 78 79
0.5 0 66 60
0.5 480 66 0
0.5 0 78 0
0.5 0 62 0
0.5 0 67 57
0.5 0 79 72
0.5 240 79 0
0.5 0 67 0
0.5 0 66 57
0.5 0 78 72
0.5 240 78 0
0.5 0 66 0
0.5 0 76 71
0.5 0 64 56
0.5 240 64 0
0.5 0 76 0
0.5 0 62 56
0.5 0 74 71
0.5 240 74 0
0.5 0 62 0
0.5 0 73 77
0.5 0 67 70
0.5 420 67 0
0.5 0 73 0
0.5 0 74 64
0.5 60 74 0
0.5 0 73 73
0.5 240 73 0
0.5 0 69 67
0.5 240 69 0
0.5 0 71 72
0.5 240 71 0
0.5 0 73 69
0.5 240 73 0
0.5 0 66 74
0.5 0 74 74
0.5 420 74 0
0.5 0 66 0
0.5 0 64 73
0.5 60 64 0
0.5 0 62 78
0.5 120 62 0
0.5 120 61 75
0.5 120 61 0
0.5 120 62 79
0.5 120 62 0
0.5 360 62 74
0.5 120 62 0
0.5 360 69 78
0.5 120 69 0
0.5 120 66 75
0.5 120 66 0
0.5 120 62 79
0.5 120 62 0
0.5 300 76 64
0.5 60 76 0
0.5 0 86 64
0.5 0 74 55
0.5 120 74 0
0.5 0 86 0
0.5 120 73 50
0.5 0 85 60
0.5 120 85 0
0.5 0 73 0
0.5 120 86 63
0.5 0 74 53
0.5 120 74 0
0.5 0 86 0
0.5 360 74 52
0.5 0 86 62
0.5 120 86 0
0.5 0 74 0
0.5 120 73 49
0.5 0 85 59
0.5 120 85 0
0.5 0 73 0
0.5 120 74 52
0.5 0 86 62
0.5 120 86 0
0.5 0 74 0
0.5 360 83 59
0.5 240 83 0
0.5 0 79 56
0.5 240 79 0
0.5 0 74 59
0.5 360 74 0
0.5 120 74 59
0.5 240 74 0
0.5 0 76 59
0.5 240 76 0
0.5 0 77 63
0.5 360 77 0
0.5 0 76 52
0.5 60 76 0
0.5 0 77 49
0.5 60 77 0
0.5 0 76 59
0.5 240 76 0
0.5 0 74 59
0.5 240 74 0
0.5 0 72 58
0.5 120 72 0
0.5 360 81 63
0.5 240 81 0
0.5 0 78 57
0.5 240 78 0
0.5 0 72 59
0.5 120 72 0
0.5 360 70 59
0.5 120 70 0
0.5 360 79 63
0.5 240 79 0
0.5 0 74 57
0.5 240 74 0
0.5 0 70 59
0.5 120 70 0
0.5 360 69 59
0.5 1440 69 0
0.5 0 66 74
0.5 0 74 74
0.5 420 74 0
0.5 0 66 0
0.5 0 64 73
0.5 60 64 0
0.5 0 62 78
0.5 120 62 0
0.5 120 61 75
0.5 120 61 0
0.5 120 62 79
0.5 120 62 0
0.5 360 62 74
0.5 120 62 0
0.5 360 69 78
0.5 120 69 0
0.5 120 66 75
0.5 120 66 0
0.5 120 62 79
0.5 120 62 0
0.5 300 76 64
0.5 60 76 0
0.5 0 86 64
0.5 0 74 55
0.5 120 74 0
0.5 0 86 0
0.5 120 73 50
0.5 0 85 60
0.5 120 85 0
0.5 0 73 0
0.5 120 74 53
0.5 0 86 63
0.5 120 86 0
0.5 0 74 0
0.5 360 86 62
0.5 0 74 52
0.5 120 74 0
0.5 0 86 0
0.5 120 73 49
0.5 0 85 59
0.5 120 85 0
0.5 0 73 0
0.5 120 86 62
0.5 0 74 52
0.5 120 74 0
0.5 0 86 0
0.5 360 83 59
0.5 240 83 0
0.5 0 79 56
0.5 240 79 0
0.5 0 74 59
0.5 360 74 0
0.5 120 74 59
0.5 240 74 0
0.5 0 76 59
0.5 240 76 0
0.5 0 77 63
0.5 360 77 0
0.5 0 76 52
0.5 60 76 0
0.5 0 77 49
0.5 60 77 0
0.5 0 76 59
0.5 240 76 0
0.5 0 74 59
0.5 240 74 0
0.5 0 72 58
0.5 120 72 0
0.5 360 81 63
0.5 240 81 0
0.5 0 78 57
0.5 240 78 0
0.5 0 72 59
0.5 120 72 0
0.5 360 70 59
0.5 120 70 0
0.5 360 79 63
0.5 240 79 0
0.5 0 74 57
0.5 240 74 0
0.5 0 70 59
0.5 120 70 0
0.5 360 69 59
0.5 1440 69 0
0.5 5760 62 59
0.5 240 62 0
0.5 180 66 49
0.5 60 66 0
0.5 0 64 55
0.5 240 64 0
0.5 0 62 53
0.5 240 62 0
0.5 0 61 56
0.5 240 61 0
0.5 0 62 51
0.5 240 62 0
0.5 0 64 58
0.5 120 64 0
0.5 360 55 49
0.5 0 59 49
0.5 0 64 49
0.5 0 67 53
0.5 120 67 0
0.5 0 55 0
0.5 0 59 0
0.5 0 64 0
0.5 360 54 42
0.5 0 61 42
0.5 0 64 42
0.5 0 66 51
0.5 120 66 0
0.5 0 54 0
0.5 0 61 0
0.5 0 64 0
0.5 360 62 58
0.5 120 62 0
0.5 360 54 46
0.5 0 59 46
0.5 0 62 46
0.5 0 66 55
0.5 120 66 0
0.5 0 54 0
0.5 0 59 0
0.5 0 62 0
0.5 360 59 42
0.5 0 62 42
0.5 0 64 51
0.5 120 64 0
0.5 0 62 0
0.5 0 59 0
0.5 360 61 59
0.5 240 61 0
0.5 180 62 49
0.5 60 62 0
0.5 0 61 55
0.5 240 61 0
0.5 0 59 53
0.5 240 59 0
0.5 0 61 56
0.5 240 61 0
0.5 224 62 59
0.5 240 62 0
0.5 180 66 49
0.5 60 66 0
0.5 0 64 55
0.5 240 64 0
0.5 0 62 53
0.5 240 62 0
0.5 0 61 56
0.5 240 61 0
0.5 0 62 51
0.5 240 62 0
0.5 0 64 58
0.5 120 64 0
0.5 360 55 49
0.5 0 59 49
0.5 0 64 49
0.5 0 67 53
0.5 120 67 0
0.5 0 55 0
0.5 0 59 0
0.5 0 64 0
0.5 360 54 42
0.5 0 61 42
0.5 0 64 42
0.5 0 66 51
0.5 120 66 0
0.5 0 54 0
0.5 0 61 0
0.5 0 64 0
0.5 376 62 58
0.5 0 59 58
0.5 120 59 0
0.5 0 62 0
0.5 360 62 55
0.5 0 59 46
0.5 120 59 0
0.5 0 62 0
0.5 120 64 50
0.5 120 64 0
0.5 120 61 59
0.5 0 57 59
0.5 120 57 0
0.5 120 55 52
0.5 120 55 0
0.5 120 61 0
0.5 0 62 64
0.5 240 62 0
0.5 240 74 77
0.5 0 66 64
0.5 240 66 0
0.5 0 74 0
0.5 720 62 59
0.5 240 62 0
0.5 180 66 49
0.5 60 66 0
0.5 0 64 55
0.5 240 64 0
0.5 0 62 53
0.5 240 62 0
0.5 0 61 56
0.5 240 61 0
0.5 0 62 51
0.5 240 62 0
0.5 0 64 58
0.5 120 64 0
0.5 360 55 49
0.5 0 59 49
0.5 0 64 49
0.5 0 67 53
0.5 120 67 0
0.5 0 55 0
0.5 0 59 0
0.5 0 64 0
0.5 360 54 42
0.5 0 61 42
0.5 0 64 42
0.5 0 66 51
0.5 120 66 0
0.5 0 54 0
0.5 0 61 0
0.5 0 64 0
0.5 360 62 58
0.5 120 62 0
0.5 360 54 46
0.5 0 59 46
0.5 0 62 46
0.5 0 66 55
0.5 120 66 0
0.5 0 54 0
0.5 0 59 0
0.5 0 62 0
0.5 360 59 42
0.5 0 62 42
0.5 0 64 51
0.5 120 64 0
0.5 0 62 0
0.5 0 59 0
0.5 360 61 59
0.5 240 61 0
0.5 180 62 49
0.5 60 62 0
0.5 0 61 55
0.5 240 61 0
0.5 0 59 53
0.5 240 59 0
0.5 0 61 56
0.5 240 61 0
0.5 224 62 59
0.5 240 62 0
0.5 180 66 49
0.5 60 66 0
0.5 0 64 55
0.5 240 64 0
0.5 0 62 53
0.5 240 62 0
0.5 0 61 56
0.5 240 61 0
0.5 0 62 51
0.5 240 62 0
0.5 0 64 58
0.5 120 64 0
0.5 360 55 49
0.5 0 59 49
0.5 0 64 49
0.5 0 67 53
0.5 120 67 0
0.5 0 55 0
0.5 0 59 0
0.5 0 64 0
0.5 360 54 42
0.5 0 61 42
0.5 0 64 42
0.5 0 66 51
0.5 120 66 0
0.5 0 54 0
0.5 0 61 0
0.5 0 64 0
0.5 376 62 58
0.5 0 59 58
0.5 120 59 0
0.5 0 62 0
0.5 360 62 55
0.5 0 59 46
0.5 120 59 0
0.5 0 62 0
0.5 120 64 50
0.5 120 64 0
0.5 120 61 59
0.5 0 57 59
0.5 120 57 0
0.5 120 55 52
0.5 120 55 0
0.5 120 61 0
0.5 0 62 64
0.5 240 62 0
0.5 240 74 77
0.5 0 66 64
0.5 240 66 0
0.5 0 74 0
0.5 720 74 57
0.5 0 81 67
0.5 480 81 0
0.5 0 83 59
0.5 240 83 0
0.5 0 81 55
0.5 240 81 0
0.5 0 79 57
0.5 240 79 0
0.5 0 81 53
0.5 240 81 0
0.5 0 83 60
0.5 480 83 0
0.5 0 83 59
0.5 240 83 0
0.5 0 86 55
0.5 240 86 0
0.5 0 83 58
0.5 480 83 0
0.5 0 74 0
0.5 0 74 57
0.5 0 81 67
0.5 480 81 0
0.5 0 83 59
0.5 240 83 0
0.5 0 81 55
0.5 240 81 0
0.5 0 79 57
0.5 240 79 0
0.5 0 78 53
0.5 240 78 0
0.5 0 74 0
0.5 0 73 48
0.5 0 76 60
0.5 480 76 0
0.5 0 73 0
0.5 0 73 45
0.5 0 76 57
0.5 240 76 0
0.5 0 73 0
0.5 0 71 44
0.5 0 74 55
0.5 240 74 0
0.5 0 71 0
0.5 0 73 46
0.5 0 76 58
0.5 480 76 0
0.5 0 73 0
0.5 0 74 57
0.5 0 81 67
0.5 480 81 0
0.5 0 83 59
0.5 240 83 0
0.5 0 81 55
0.5 240 81 0
0.5 0 79 57
0.5 240 79 0
0.5 0 81 53
0.5 240 81 0
0.5 0 83 60
0.5 480 83 0
0.5 0 83 59
0.5 240 83 0
0.5 0 86 55
0.5 240 86 0
0.5 0 83 58
0.5 480 83 0
0.5 0 74 0
0.5 0 74 57
0.5 0 81 67
0.5 480 81 0
0.5 0 83 59
0.5 240 83 0
0.5 0 81 55
0.5 240 81 0
0.5 0 79 57
0.5 240 79 0
0.5 0 78 53
0.5 240 78 0
0.5 0 74 0
0.5 0 69 48
0.5 0 73 48
0.5 0 76 60
0.5 1440 76 0
0.5 0 73 0
0.5 0 69 0
0.5 0 62 59
0.5 240 62 0
0.5 180 66 49
0.5 60 66 0
0.5 0 64 55
0.5 240 64 0
0.5 0 62 53
0.5 240 62 0
0.5 0 61 56
0.5 240 61 0
0.5 0 62 51
0.5 240 62 0
0.5 0 64 58
0.5 120 64 0
0.5 360 55 49
0.5 0 59 49
0.5 0 64 49
0.5 0 67 53
0.5 120 67 0
0.5 0 55 0
0.5 0 59 0
0.5 0 64 0
0.5 360 54 42
0.5 0 61 42
0.5 0 64 42
0.5 0 66 51
0.5 120 66 0
0.5 0 54 0
0.5 0 61 0
0.5 0 64 0
0.5 360 62 58
0.5 120 62 0
0.5 360 54 46
0.5 0 59 46
0.5 0 62 46
0.5 0 66 55
0.5 120 66 0
0.5 0 54 0
0.5 0 59 0
0.5 0 62 0
0.5 360 59 42
0.5 0 62 42
0.5 0 64 51
0.5 120 64 0
0.5 0 62 0
0.5 0 59 0
0.5 360 61 59
0.5 240 61 0
0.5 180 62 49
0.5 60 62 0
0.5 0 61 55
0.5 240 61 0
0.5 0 59 53
0.5 240 59 0
0.5 0 61 56
0.5 240 61 0
0.5 224 62 59
0.5 240 62 0
0.5 180 66 49
0.5 60 66 0
0.5 0 64 55
0.5 240 64 0
0.5 0 62 53
0.5 240 62 0
0.5 0 61 56
0.5 240 61 0
0.5 0 62 51
0.5 240 62 0
0.5 0 64 58
0.5 120 64 0
0.5 360 55 49
0.5 0 59 49
0.5 0 64 49
0.5 0 67 53
0.5 120 67 0
0.5 0 55 0
0.5 0 59 0
0.5 0 64 0
0.5 360 54 42
0.5 0 61 42
0.5 0 64 42
0.5 0 66 51
0.5 120 66 0
0.5 0 54 0
0.5 0 61 0
0.5 0 64 0
0.5 376 62 58
0.5 0 59 58
0.5 120 59 0
0.5 0 62 0
0.5 360 62 55
0.5 0 59 46
0.5 120 59 0
0.5 0 62 0
0.5 120 64 50
0.5 120 64 0
0.5 120 61 59
0.5 0 57 59
0.5 120 57 0
0.5 120 55 52
0.5 120 55 0
0.5 120 61 0
0.5 0 62 64
0.5 240 62 0
0.5 240 74 77
0.5 0 66 64
0.5 240 66 0
0.5 0 74 0
0.5 720 78 59
0.5 240 71 39
0.5 240 78 0
0.5 0 79 52
0.5 240 79 0
0.5 0 71 0
0.5 0 71 35
0.5 0 78 47
0.5 240 78 0
0.5 0 76 50
0.5 240 76 0
0.5 0 71 0
0.5 0 71 35
0.5 0 78 48
0.5 240 78 0
0.5 0 71 0
0.5 0 79 53
0.5 240 71 37
0.5 240 79 0
0.5 0 83 52
0.5 240 71 0
0.5 0 71 36
0.5 240 83 0
0.5 0 76 51
0.5 240 71 0
0.5 0 71 28
0.5 240 71 0
0.5 0 76 0
0.5 0 78 59
0.5 240 71 39
0.5 240 78 0
0.5 0 79 52
0.5 240 79 0
0.5 0 71 0
0.5 0 71 35
0.5 0 78 47
0.5 240 78 0
0.5 0 76 50
0.5 240 76 0
0.5 0 71 0
0.5 0 71 35
0.5 0 78 48
0.5 240 78 0
0.5 0 71 0
0.5 0 79 53
0.5 240 67 37
0.5 240 67 0
0.5 0 79 0
0.5 0 76 52
0.5 240 67 36
0.5 240 76 0
0.5 0 73 51
0.5 240 67 0
0.5 0 64 28
0.5 240 64 0
0.5 0 73 0
0.5 0 62 40
0.5 0 71 48
0.5 1440 71 0
0.5 0 62 0
0.5 0 74 52
0.5 0 67 52
0.5 120 74 0
0.5 0 73 48
0.5 120 73 0
0.5 0 74 53
0.5 120 74 0
0.5 0 73 49
0.5 120 73 0
0.5 0 74 56
0.5 120 74 0
0.5 0 73 50
0.5 120 73 0
0.5 0 74 57
0.5 120 74 0
0.5 0 73 51
0.5 120 73 0
0.5 0 74 57
0.5 120 74 0
0.5 0 73 52
0.5 120 73 0
0.5 0 71 58
0.5 120 71 0
0.5 0 73 51
0.5 120 73 0
0.5 0 67 0
0.5 0 66 57
0.5 0 74 57
0.5 480 74 0
0.5 0 66 0
0.5 0 74 55
0.5 240 74 0
0.5 0 76 49
0.5 240 76 0
0.5 0 64 52
0.5 0 73 52
0.5 480 73 0
0.5 0 64 0
0.5 0 62 46
0.5 0 71 46
0.5 1440 71 0
0.5 0 62 0
0.5 0 74 52
0.5 0 67 52
0.5 120 74 0
0.5 0 73 48
0.5 120 73 0
0.5 0 74 53
0.5 120 74 0
0.5 0 73 49
0.5 120 73 0
0.5 0 74 56
0.5 120 74 0
0.5 0 73 50
0.5 120 73 0
0.5 0 74 57
0.5 120 74 0
0.5 0 73 51
0.5 120 73 0
0.5 0 74 57
0.5 120 74 0
0.5 0 73 52
0.5 120 73 0
0.5 0 71 58
0.5 120 71 0
0.5 0 73 51
0.5 120 73 0
0.5 0 67 0
0.5 0 74 57
0.5 240 66 57
0.5 240 66 0
0.5 0 74 0
0.5 0 74 55
0.5 240 74 0
0.5 0 66 57
0.5 0 76 49
0.5 240 76 0
0.5 0 73 52
0.5 240 66 0
0.5 0 64 45
0.5 240 64 0
0.5 0 73 0
0.5 0 71 46
0.5 480 62 29
0.5 0 66 29
0.5 480 66 0
0.5 0 62 0
0.5 0 62 27
0.5 0 66 27
0.5 480 66 0
0.5 0 62 0
0.5 0 71 0
0.5 0 62 26
0.5 0 66 26
0.5 480 66 0
0.5 0 62 0
0.5 0 62 25
0.5 0 66 25
0.5 480 66 0
0.5 0 62 0
0.5 0 62 23
0.5 0 66 23
0.5 480 66 0
0.5 0 62 0
0.5 0 78 59
0.5 240 71 39
0.5 240 78 0
0.5 0 79 52
0.5 240 79 0
0.5 0 71 0
0.5 0 71 35
0.5 0 78 47
0.5 240 78 0
0.5 0 76 50
0.5 240 76 0
0.5 0 71 0
0.5 0 71 35
0.5 0 78 48
0.5 240 78 0
0.5 0 71 0
0.5 0 79 53
0.5 240 71 37
0.5 240 79 0
0.5 0 83 52
0.5 240 71 0
0.5 0 71 36
0.5 240 83 0
0.5 0 76 51
0.5 240 71 0
0.5 0 71 28
0.5 240 71 0
0.5 0 76 0
0.5 0 78 59
0.5 240 71 39
0.5 240 71 0
0.5 0 78 0
0.5 0 79 52
0.5 240 79 0
0.5 0 71 35
0.5 0 78 47
0.5 240 78 0
0.5 0 76 50
0.5 240 76 0
0.5 0 71 0
0.5 0 71 35
0.5 0 78 48
0.5 240 78 0
0.5 0 71 0
0.5 0 79 53
0.5 240 67 37
0.5 240 79 0
0.5 0 76 52
0.5 240 67 0
0.5 0 67 36
0.5 240 76 0
0.5 0 73 51
0.5 240 67 0
0.5 0 64 28
0.5 240 64 0
0.5 0 73 0
0.5 0 62 40
0.5 0 71 48
0.5 1440 71 0
0.5 0 62 0
0.5 0 74 52
0.5 0 67 52
0.5 120 74 0
0.5 0 73 48
0.5 120 73 0
0.5 0 74 53
0.5 120 74 0
0.5 0 73 49
0.5 120 73 0
0.5 0 74 56
0.5 120 74 0
0.5 0 73 50
0.5 120 73 0
0.5 0 74 57
0.5 120 74 0
0.5 0 73 51
0.5 120 73 0
0.5 0 74 57
0.5 120 74 0
0.5 0 73 52
0.5 120 73 0
0.5 0 71 58
0.5 120 71 0
0.5 0 73 51
0.5 120 73 0
0.5 0 67 0
0.5 0 66 57
0.5 0 74 57
0.5 480 74 0
0.5 0 66 0
0.5 0 74 55
0.5 240 74 0
0.5 0 76 49
0.5 240 76 0
0.5 0 64 52
0.5 0 73 52
0.5 480 73 0
0.5 0 64 0
0.5 0 62 46
0.5 0 71 46
0.5 1440 71 0
0.5 0 62 0
0.5 0 74 52
0.5 0 67 52
0.5 120 74 0
0.5 0 73 48
0.5 120 73 0
0.5 0 74 53
0.5 120 74 0
0.5 0 73 49
0.5 120 73 0
0.5 0 74 56
0.5 120 74 0
0.5 0 73 50
0.5 120 73 0
0.5 0 74 57
0.5 120 74 0
0.5 0 73 51
0.5 120 73 0
0.5 0 74 57
0.5 120 74 0
0.5 0 73 52
0.5 120 73 0
0.5 0 71 58
0.5 120 71 0
0.5 0 73 51
0.5 120 73 0
0.5 0 67 0
0.5 0 74 57
0.5 240 66 57
0.5 240 66 0
0.5 0 74 0
0.5 0 74 55
0.5 240 74 0
0.5 0 66 57
0.5 0 76 49
0.5 240 76 0
0.5 0 73 52
0.5 240 66 0
0.5 0 64 45
0.5 240 64 0
0.5 0 73 0
0.5 0 71 46
0.5 480 62 29
0.5 0 66 29
0.5 480 66 0
0.5 0 62 0
0.5 0 62 27
0.5 0 66 27
0.5 480 66 0
0.5 0 62 0
0.5 0 71 0
0.5 0 62 26
0.5 0 66 26
0.5 480 66 0
0.5 0 62 0
0.5 0 62 25
0.5 0 66 25
0.5 480 66 0
0.5 0 62 0
0.5 0 62 23
0.5 0 66 23
0.5 480 66 0
0.5 0 62 0
0.5 0 62 82
0.5 480 62 0
0.5 0 64 78
0.5 120 64 0
0.5 120 62 75
0.5 120 62 0
0.5 120 61 79
0.5 120 61 0
0.5 120 62 73
0.5 120 62 0
0.5 120 64 81
0.5 120 64 0
0.5 360 67 75
0.5 120 67 0
0.5 360 66 73
0.5 120 66 0
0.5 360 62 82
0.5 420 62 0
0.5 0 66 71
0.5 60 66 0
0.5 0 64 75
0.5 120 64 0
0.5 120 62 73
0.5 120 62 0
0.5 120 61 77
0.5 120 61 0
0.5 120 62 71
0.5 120 62 0
0.5 120 64 80
0.5 120 64 0
0.5 360 67 74
0.5 120 67 0
0.5 360 66 73
0.5 120 66 0
0.5 360 62 80
0.5 480 62 0
0.5 0 64 73
0.5 240 64 0
0.5 0 66 74
0.5 240 66 0
0.5 0 69 77
0.5 240 69 0
0.5 0 72 78
0.5 240 72 0
0.5 0 76 79
0.5 480 76 0
0.5 0 79 78
0.5 480 79 0
0.5 0 78 78
0.5 480 78 0
0.5 0 62 60
0.5 0 66 60
0.5 0 78 79
0.5 480 78 0
0.5 0 66 0
0.5 0 62 0
0.5 0 67 57
0.5 0 79 72
0.5 240 79 0
0.5 0 67 0
0.5 0 66 57
0.5 0 78 72
0.5 240 78 0
0.5 0 66 0
0.5 0 64 56
0.5 0 76 71
0.5 240 76 0
0.5 0 64 0
0.5 0 62 56
0.5 0 74 71
0.5 240 74 0
0.5 0 62 0
0.5 0 67 70
0.5 0 73 77
0.5 420 73 0
0.5 0 67 0
0.5 0 74 64
0.5 60 74 0
0.5 0 73 73
0.5 240 73 0
0.5 0 69 67
0.5 240 69 0
0.5 0 71 72
0.5 240 71 0
0.5 0 73 69
0.5 240 73 0
0.5 0 66 74
0.5 0 74 74
0.5 480 74 0
0.5 0 66 0
0.5 0 64 78
0.5 120 64 0
0.5 120 62 75
0.5 120 62 0
0.5 120 61 79
0.5 120 61 0
0.5 120 62 73
0.5 120 62 0
0.5 120 64 81
0.5 120 64 0
0.5 360 67 74
0.5 120 67 0
0.5 360 66 73
0.5 120 66 0
0.5 360 62 82
0.5 420 62 0
0.5 0 66 71
0.5 60 66 0
0.5 0 64 75
0.5 120 64 0
0.5 120 62 73
0.5 120 62 0
0.5 120 61 77
0.5 120 61 0
0.5 120 62 71
0.5 120 62 0
0.5 120 64 80
0.5 120 64 0
0.5 360 67 74
0.5 120 67 0
0.5 360 66 73
0.5 120 66 0
0.5 360 62 80
0.5 480 62 0
0.5 0 64 73
0.5 240 64 0
0.5 0 66 74
0.5 240 66 0
0.5 0 69 77
0.5 240 69 0
0.5 0 72 78
0.5 240 72 0
0.5 0 76 79
0.5 480 76 0
0.5 0 79 78
0.5 480 79 0
0.5 0 78 78
0.5 480 78 0
0.5 0 62 60
0.5 0 66 60
0.5 0 78 79
0.5 480 78 0
0.5 0 66 0
0.5 0 62 0
0.5 0 67 57
0.5 0 79 72
0.5 240 79 0
0.5 0 67 0
0.5 0 66 57
0.5 0 78 72
0.5 240 78 0
0.5 0 66 0
0.5 0 64 56
0.5 0 76 71
0.5 240 76 0
0.5 0 64 0
0.5 0 62 56
0.5 0 74 71
0.5 240 74 0
0.5 0 62 0
0.5 0 67 68
0.5 0 73 77
0.5 420 73 0
0.5 0 67 0
0.5 0 74 64
0.5 60 74 0
0.5 0 73 73
0.5 240 73 0
0.5 0 69 67
0.5 240 69 0
0.5 0 71 72
0.5 240 71 0
0.5 0 73 69
0.5 240 73 0
0.5 0 66 74
0.5 0 74 74
0.5 420 74 0
0.5 0 66 0
0.5 0 64 73
0.5 60 64 0
0.5 0 62 78
0.5 120 62 0
0.5 120 61 75
0.5 120 61 0
0.5 120 62 79
0.5 120 62 0
0.5 360 62 74
0.5 120 62 0
0.5 360 69 78
0.5 120 69 0
0.5 120 66 75
0.5 120 66 0
0.5 120 62 79
0.5 120 62 0
0.5 300 76 64
0.5 60 76 0
0.5 0 74 55
0.5 0 86 64
0.5 120 86 0
0.5 0 74 0
0.5 120 73 50
0.5 0 85 60
0.5 120 85 0
0.5 0 73 0
0.5 120 74 53
0.5 0 86 63
0.5 120 86 0
0.5 0 74 0
0.5 360 74 52
0.5 0 86 62
0.5 120 86 0
0.5 0 74 0
0.5 120 73 49
0.5 0 85 59
0.5 120 85 0
0.5 0 73 0
0.5 120 74 52
0.5 0 86 62
0.5 120 86 0
0.5 0 74 0
0.5 360 83 59
0.5 240 83 0
0.5 0 79 56
0.5 240 79 0
0.5 0 74 59
0.5 360 74 0
0.5 120 74 59
0.5 240 74 0
0.5 0 76 59
0.5 240 76 0
0.5 0 77 63
0.5 360 77 0
0.5 0 76 52
0.5 60 76 0
0.5 0 77 49
0.5 60 77 0
0.5 0 76 59
0.5 240 76 0
0.5 0 74 59
0.5 240 74 0
0.5 0 72 58
0.5 120 72 0
0.5 360 81 63
0.5 240 81 0
0.5 0 78 57
0.5 240 78 0
0.5 0 72 59
0.5 120 72 0
0.5 360 70 59
0.5 120 70 0
0.5 360 79 63
0.5 240 79 0
0.5 0 74 57
0.5 240 74 0
0.5 0 70 59
0.5 120 70 0
0.5 360 69 59
0.5 1440 69 0
0.5 0 66 74
0.5 0 74 74
0.5 420 74 0
0.5 0 66 0
0.5 0 64 73
0.5 60 64 0
0.5 0 62 78
0.5 120 62 0
0.5 120 61 75
0.5 120 61 0
0.5 120 62 79
0.5 120 62 0
0.5 360 62 74
0.5 120 62 0
0.5 360 69 78
0.5 120 69 0
0.5 120 66 75
0.5 120 66 0
0.5 120 62 79
0.5 120 62 0
0.5 300 76 64
0.5 60 76 0
0.5 0 74 55
0.5 0 86 64
0.5 120 86 0
0.5 0 74 0
0.5 120 73 50
0.5 0 85 60
0.5 120 85 0
0.5 0 73 0
0.5 120 74 53
0.5 0 86 63
0.5 120 86 0
0.5 0 74 0
0.5 360 74 52
0.5 0 86 62
0.5 120 86 0
0.5 0 74 0
0.5 120 73 49
0.5 0 85 59
0.5 120 85 0
0.5 0 73 0
0.5 120 74 52
0.5 0 86 62
0.5 120 86 0
0.5 0 74 0
0.5 360 83 59
0.5 240 83 0
0.5 0 79 56
0.5 240 79 0
0.5 0 74 59
0.5 360 74 0
0.5 120 74 59
0.5 240 74 0
0.5 0 76 59
0.5 240 76 0
0.5 0 77 63
0.5 360 77 0
0.5 0 76 52
0.5 60 76 0
0.5 0 77 49
0.5 60 77 0
0.5 0 76 59
0.5 240 76 0
0.5 0 74 59
0.5 240 74 0
0.5 0 72 58
0.5 120 72 0
0.5 360 81 63
0.5 240 81 0
0.5 0 78 57
0.5 240 78 0
0.5 0 72 59
0.5 120 72 0
0.5 360 70 59
0.5 120 70 0
0.5 360 79 63
0.5 240 79 0
0.5 0 74 57
0.5 240 74 0
0.5 0 70 59
0.5 120 70 0
0.5 360 69 59
0.5 1440 69 0
0.5 5760 62 59
0.5 240 62 0
0.5 180 66 49
0.5 60 66 0
0.5 0 64 55
0.5 240 64 0
0.5 0 62 53
0.5 240 62 0
0.5 0 61 56
0.5 240 61 0
0.5 0 62 51
0.5 240 62 0
0.5 0 64 58
0.5 120 64 0
0.5 360 55 49
0.5 0 59 49
0.5 0 64 49
0.5 0 67 53
0.5 120 67 0
0.5 0 55 0
0.5 0 59 0
0.5 0 64 0
0.5 360 54 42
0.5 0 61 42
0.5 0 64 42
0.5 0 66 51
0.5 120 66 0
0.5 0 54 0
0.5 0 61 0
0.5 0 64 0
0.5 360 62 58
0.5 120 62 0
0.5 360 54 46
0.5 0 59 46
0.5 0 62 46
0.5 0 66 55
0.5 120 66 0
0.5 0 54 0
0.5 0 59 0
0.5 0 62 0
0.5 360 59 42
0.5 0 62 42
0.5 0 64 51
0.5 120 64 0
0.5 0 62 0
0.5 0 59 0
0.5 360 61 59
0.5 240 61 0
0.5 180 62 49
0.5 60 62 0
0.5 0 61 55
0.5 240 61 0
0.5 0 59 53
0.5 240 59 0
0.5 0 61 56
0.5 240 61 0
0.5 224 62 59
0.5 240 62 0
0.5 180 66 49
0.5 60 66 0
0.5 0 64 55
0.5 240 64 0
0.5 0 62 53
0.5 240 62 0
0.5 0 61 56
0.5 240 61 0
0.5 0 62 51
0.5 240 62 0
0.5 0 64 58
0.5 120 64 0
0.5 360 55 49
0.5 0 59 49
0.5 0 64 49
0.5 0 67 53
0.5 120 67 0
0.5 0 55 0
0.5 0 59 0
0.5 0 64 0
0.5 360 54 42
0.5 0 61 42
0.5 0 64 42
0.5 0 66 51
0.5 120 66 0
0.5 0 54 0
0.5 0 61 0
0.5 0 64 0
0.5 376 62 58
0.5 0 59 58
0.5 120 59 0
0.5 0 62 0
0.5 360 62 55
0.5 0 59 46
0.5 120 59 0
0.5 0 62 0
0.5 120 64 50
0.5 120 64 0
0.5 120 61 59
0.5 0 57 59
0.5 240 57 0
0.5 0 55 52
0.5 240 55 0
0.5 0 61 0
0.5 0 62 64
0.5 240 62 0
0.5 240 74 77
0.5 0 66 64
0.5 240 66 0
0.5 0 74 0
0.5 720 62 59
0.5 240 62 0
0.5 180 66 49
0.5 60 66 0
0.5 0 64 55
0.5 240 64 0
0.5 0 62 53
0.5 240 62 0
0.5 0 61 56
0.5 240 61 0
0.5 0 62 51
0.5 240 62 0
0.5 0 64 58
0.5 120 64 0
0.5 360 55 49
0.5 0 59 49
0.5 0 64 49
0.5 0 67 53
0.5 120 67 0
0.5 0 55 0
0.5 0 59 0
0.5 0 64 0
0.5 360 54 42
0.5 0 61 42
0.5 0 64 42
0.5 0 66 51
0.5 120 66 0
0.5 0 54 0
0.5 0 61 0
0.5 0 64 0
0.5 360 62 58
0.5 120 62 0
0.5 360 54 46
0.5 0 59 46
0.5 0 62 46
0.5 0 66 55
0.5 120 66 0
0.5 0 54 0
0.5 0 59 0
0.5 0 62 0
0.5 360 59 42
0.5 0 62 42
0.5 0 64 51
0.5 120 64 0
0.5 0 62 0
0.5 0 59 0
0.5 360 61 59
0.5 240 61 0
0.5 180 62 49
0.5 60 62 0
0.5 0 61 55
0.5 240 61 0
0.5 0 59 53
0.5 240 59 0
0.5 0 61 56
0.5 240 61 0
0.5 224 62 59
0.5 240 62 0
0.5 180 66 49
0.5 60 66 0
0.5 0 64 55
0.5 240 64 0
0.5 0 62 53
0.5 240 62 0
0.5 0 61 56
0.5 240 61 0
0.5 0 62 51
0.5 240 62 0
0.5 0 64 58
0.5 120 64 0
0.5 360 55 49
0.5 0 59 49
0.5 0 64 49
0.5 0 67 53
0.5 120 67 0
0.5 0 55 0
0.5 0 59 0
0.5 0 64 0
0.5 360 54 42
0.5 0 61 42
0.5 0 64 42
0.5 0 66 51
0.5 120 66 0
0.5 0 54 0
0.5 0 61 0
0.5 0 64 0
0.5 376 62 58
0.5 0 59 58
0.5 120 59 0
0.5 0 62 0
0.5 360 62 55
0.5 0 59 46
0.5 120 59 0
0.5 0 62 0
0.5 120 64 50
0.5 120 64 0
0.5 120 61 59
0.5 0 57 59
0.5 240 57 0
0.5 0 55 52
0.5 240 55 0
0.5 0 61 0
0.5 0 62 64
0.5 240 62 0
0.5 240 74 77
0.5 0 66 64
0.5 240 66 0
0.5 0 74 0
0.5 720 74 57
0.5 0 81 67
0.5 480 81 0
0.5 0 83 59
0.5 240 83 0
0.5 0 81 55
0.5 240 81 0
0.5 0 79 57
0.5 240 79 0
0.5 0 81 53
0.5 240 81 0
0.5 0 83 60
0.5 480 83 0
0.5 0 83 59
0.5 240 83 0
0.5 0 86 55
0.5 240 86 0
0.5 0 83 58
0.5 480 83 0
0.5 0 74 0
0.5 0 74 57
0.5 0 81 67
0.5 480 81 0
0.5 0 83 59
0.5 240 83 0
0.5 0 81 55
0.5 240 81 0
0.5 0 79 57
0.5 240 79 0
0.5 0 78 53
0.5 240 78 0
0.5 0 74 0
0.5 0 73 48
0.5 0 76 60
0.5 480 76 0
0.5 0 73 0
0.5 0 73 45
0.5 0 76 57
0.5 240 76 0
0.5 0 73 0
0.5 0 71 44
0.5 0 74 55
0.5 240 74 0
0.5 0 71 0
0.5 0 73 46
0.5 0 76 58
0.5 480 76 0
0.5 0 73 0
0.5 0 74 57
0.5 0 81 67
0.5 480 81 0
0.5 0 83 59
0.5 240 83 0
0.5 0 81 55
0.5 240 81 0
0.5 0 79 57
0.5 240 79 0
0.5 0 81 53
0.5 240 81 0
0.5 0 83 60
0.5 480 83 0
0.5 0 83 59
0.5 240 83 0
0.5 0 86 55
0.5 240 86 0
0.5 0 83 58
0.5 480 83 0
0.5 0 74 0
0.5 0 74 57
0.5 0 81 67
0.5 480 81 0
0.5 0 83 59
0.5 240 83 0
0.5 0 81 55
0.5 240 81 0
0.5 0 79 57
0.5 240 79 0
0.5 0 78 53
0.5 240 78 0
0.5 0 74 0
0.5 0 69 48
0.5 0 73 48
0.5 0 76 60
0.5 1440 76 0
0.5 0 73 0
0.5 0 69 0
0.5 0 62 59
0.5 240 62 0
0.5 180 66 49
0.5 60 66 0
0.5 0 64 55
0.5 240 64 0
0.5 0 62 53
0.5 240 62 0
0.5 0 61 56
0.5 240 61 0
0.5 0 62 51
0.5 240 62 0
0.5 0 64 58
0.5 120 64 0
0.5 360 55 49
0.5 0 59 49
0.5 0 64 49
0.5 0 67 53
0.5 120 67 0
0.5 0 55 0
0.5 0 59 0
0.5 0 64 0
0.5 360 54 42
0.5 0 61 42
0.5 0 64 42
0.5 0 66 51
0.5 120 66 0
0.5 0 54 0
0.5 0 61 0
0.5 0 64 0
0.5 360 62 58
0.5 120 62 0
0.5 360 54 46
0.5 0 59 46
0.5 0 62 46
0.5 0 66 55
0.5 120 66 0
0.5 0 54 0
0.5 0 59 0
0.5 0 62 0
0.5 360 59 42
0.5 0 62 42
0.5 0 64 51
0.5 120 64 0
0.5 0 62 0
0.5 0 59 0
0.5 360 61 59
0.5 240 61 0
0.5 180 62 49
0.5 60 62 0
0.5 0 61 55
0.5 240 61 0
0.5 0 59 53
0.5 240 59 0
0.5 0 61 56
0.5 240 61 0
0.5 240 62 59
0.5 240 62 0
0.5 164 66 49
0.5 60 66 0
0.5 16 64 55
0.5 240 64 0
0.5 0 62 53
0.5 240 62 0
0.5 0 61 56
0.5 240 61 0
0.5 40 62 51
0.5 200 64 58
0.5 40 62 0
0.5 80 64 0
0.5 360 55 49
0.5 0 59 49
0.5 0 64 49
0.5 0 67 53
0.5 120 67 0
0.5 0 55 0
0.5 0 59 0
0.5 0 64 0
0.5 360 54 42
0.5 0 61 42
0.5 0 64 42
0.5 0 66 51
0.5 120 66 0
0.5 0 54 0
0.5 0 61 0
0.5 0 64 0
0.5 360 62 58
0.5 0 59 58
0.5 120 59 0
0.5 0 62 0
0.5 360 62 55
0.5 0 59 46
0.5 120 59 0
0.5 0 62 0
0.5 120 64 50
0.5 120 64 0
0.5 120 61 59
0.5 0 57 59
0.5 240 57 0
0.5 0 55 52
0.5 240 55 0
0.5 0 61 0
0.5 0 62 64
0.5 240 62 0
0.5 240 74 77
0.5 0 66 64
0.5 240 66 0
0.5 0 74 0
0.5 720 78 59
0.5 240 71 39
0.5 240 78 0
0.5 0 79 52
0.5 240 79 0
0.5 0 71 0
0.5 0 71 35
0.5 0 78 47
0.5 240 78 0
0.5 0 76 50
0.5 240 76 0
0.5 0 71 0
0.5 0 71 35
0.5 0 78 48
0.5 240 78 0
0.5 0 71 0
0.5 0 79 53
0.5 240 71 37
0.5 240 79 0
0.5 0 83 52
0.5 240 71 0
0.5 0 71 36
0.5 240 83 0
0.5 0 76 51
0.5 240 71 0
0.5 0 71 28
0.5 240 71 0
0.5 0 76 0
0.5 0 78 59
0.5 240 71 39
0.5 240 71 0
0.5 0 78 0
0.5 0 79 52
0.5 240 79 0
0.5 0 71 35
0.5 0 78 47
0.5 240 78 0
0.5 0 71 0
0.5 0 76 50
0.5 240 76 0
0.5 0 71 35
0.5 0 78 48
0.5 240 78 0
0.5 0 71 0
0.5 0 79 53
0.5 240 67 37
0.5 240 67 0
0.5 0 79 0
0.5 0 76 52
0.5 240 67 36
0.5 240 67 0
0.5 0 76 0
0.5 0 73 51
0.5 240 64 28
0.5 240 64 0
0.5 0 73 0
0.5 0 62 40
0.5 0 71 48
0.5 1440 71 0
0.5 0 62 0
0.5 0 74 52
0.5 0 67 52
0.5 120 74 0
0.5 0 73 48
0.5 120 73 0
0.5 0 74 53
0.5 120 74 0
0.5 0 73 49
0.5 120 73 0
0.5 0 74 56
0.5 120 74 0
0.5 0 73 50
0.5 120 73 0
0.5 0 74 57
0.5 120 74 0
0.5 0 73 51
0.5 120 73 0
0.5 0 74 57
0.5 120 74 0
0.5 0 73 52
0.5 120 73 0
0.5 0 71 58
0.5 120 71 0
0.5 0 73 51
0.5 120 73 0
0.5 0 67 0
0.5 0 66 57
0.5 0 74 57
0.5 480 74 0
0.5 0 66 0
0.5 0 74 55
0.5 240 74 0
0.5 0 76 49
0.5 240 76 0
0.5 0 64 52
0.5 0 73 52
0.5 480 73 0
0.5 0 64 0
0.5 0 62 46
0.5 0 71 46
0.5 1440 71 0
0.5 0 62 0
0.5 0 74 52
0.5 0 67 52
0.5 120 74 0
0.5 0 73 48
0.5 120 73 0
0.5 0 74 53
0.5 120 74 0
0.5 0 73 49
0.5 120 73 0
0.5 0 74 56
0.5 120 74 0
0.5 0 73 50
0.5 120 73 0
0.5 0 74 57
0.5 120 74 0
0.5 0 73 51
0.5 120 73 0
0.5 0 74 57
0.5 120 74 0
0.5 0 73 52
0.5 120 73 0
0.5 0 71 58
0.5 120 71 0
0.5 0 73 51
0.5 120 73 0
0.5 0 67 0
0.5 0 74 57
0.5 240 66 57
0.5 240 66 0
0.5 0 74 0
0.5 0 74 55
0.5 240 74 0
0.5 0 66 57
0.5 0 76 49
0.5 240 76 0
0.5 0 73 52
0.5 240 66 0
0.5 0 64 45
0.5 240 64 0
0.5 0 73 0
0.5 0 71 46
0.5 480 62 29
0.5 0 66 29
0.5 480 66 0
0.5 0 62 0
0.5 0 62 27
0.5 0 66 27
0.5 480 66 0
0.5 0 62 0
0.5 0 71 0
0.5 0 62 26
0.5 0 66 26
0.5 480 66 0
0.5 0 62 0
0.5 0 62 25
0.5 0 66 25
0.5 480 66 0
0.5 0 62 0
0.5 0 62 23
0.5 0 66 23
0.5 480 66 0
0.5 0 62 0
0.5 0 78 59
0.5 240 71 39
0.5 240 78 0
0.5 0 79 52
0.5 240 79 0
0.5 0 71 0
0.5 0 71 35
0.5 0 78 47
0.5 240 78 0
0.5 0 76 50
0.5 240 76 0
0.5 0 71 0
0.5 0 71 35
0.5 0 78 48
0.5 240 78 0
0.5 0 71 0
0.5 0 79 53
0.5 240 71 37
0.5 240 79 0
0.5 0 83 52
0.5 240 71 0
0.5 0 71 36
0.5 240 83 0
0.5 0 76 51
0.5 240 71 0
0.5 0 71 28
0.5 240 71 0
0.5 0 76 0
0.5 0 78 59
0.5 240 71 39
0.5 240 71 0
0.5 0 78 0
0.5 0 79 52
0.5 240 79 0
0.5 0 71 35
0.5 0 78 47
0.5 240 78 0
0.5 0 71 0
0.5 0 76 50
0.5 240 76 0
0.5 0 71 35
0.5 0 78 48
0.5 240 78 0
0.5 0 71 0
0.5 0 79 53
0.5 240 67 37
0.5 240 67 0
0.5 0 79 0
0.5 0 76 52
0.5 240 67 36
0.5 240 67 0
0.5 0 76 0
0.5 0 73 51
0.5 240 64 28
0.5 240 64 0
0.5 0 73 0
0.5 0 62 40
0.5 0 71 48
0.5 1440 71 0
0.5 0 62 0
0.5 0 74 52
0.5 0 67 52
0.5 120 74 0
0.5 0 73 48
0.5 120 73 0
0.5 0 74 53
0.5 120 74 0
0.5 0 73 49
0.5 120 73 0
0.5 0 74 56
0.5 120 74 0
0.5 0 73 50
0.5 120 73 0
0.5 0 74 57
0.5 120 74 0
0.5 0 73 51
0.5 120 73 0
0.5 0 74 57
0.5 120 74 0
0.5 0 73 52
0.5 120 73 0
0.5 0 71 58
0.5 120 71 0
0.5 0 73 51
0.5 120 73 0
0.5 0 67 0
0.5 0 66 57
0.5 0 74 57
0.5 480 74 0
0.5 0 66 0
0.5 0 74 55
0.5 240 74 0
0.5 0 76 49
0.5 240 76 0
0.5 0 64 52
0.5 0 73 52
0.5 480 73 0
0.5 0 64 0
0.5 0 62 46
0.5 0 71 46
0.5 1440 71 0
0.5 0 62 0
0.5 0 74 52
0.5 0 67 52
0.5 120 74 0
0.5 0 73 48
0.5 120 73 0
0.5 0 74 53
0.5 120 74 0
0.5 0 73 49
0.5 120 73 0
0.5 0 74 56
0.5 120 74 0
0.5 0 73 50
0.5 120 73 0
0.5 0 74 57
0.5 120 74 0
0.5 0 73 51
0.5 120 73 0
0.5 0 74 57
0.5 120 74 0
0.5 0 73 52
0.5 120 73 0
0.5 0 71 58
0.5 120 71 0
0.5 0 73 51
0.5 120 73 0
0.5 0 67 0
0.5 0 74 57
0.5 240 66 57
0.5 240 66 0
0.5 0 74 0
0.5 0 74 55
0.5 240 74 0
0.5 0 66 57
0.5 0 76 49
0.5 240 76 0
0.5 0 73 52
0.5 240 66 0
0.5 0 64 45
0.5 240 64 0
0.5 0 73 0
0.5 0 71 46
0.5 480 62 29
0.5 0 66 29
0.5 480 66 0
0.5 0 62 0
0.5 0 62 27
0.5 0 66 27
0.5 480 66 0
0.5 0 62 0
0.5 0 71 0
0.5 0 62 26
0.5 0 66 26
0.5 480 66 0
0.5 0 62 0
0.5 0 62 25
0.5 0 66 25
0.5 480 66 0
0.5 0 62 0
0.5 0 62 23
0.5 0 66 23
0.5 480 66 0
0.5 0 62 0
0.5 0 86 98
0.5 0 74 82
0.5 480 74 0
0.5 0 86 0
0.5 0 88 93
0.5 0 76 78
0.5 240 76 0
0.5 0 88 0
0.5 0 86 89
0.5 0 74 75
0.5 240 74 0
0.5 0 86 0
0.5 0 85 88
0.5 0 73 74
0.5 240 73 0
0.5 0 85 0
0.5 0 86 87
0.5 0 74 74
0.5 240 74 0
0.5 0 86 0
0.5 0 88 97
0.5 0 76 81
0.5 480 76 0
0.5 0 88 0
0.5 0 91 89
0.5 0 79 75
0.5 480 79 0
0.5 0 91 0
0.5 0 90 87
0.5 0 78 74
0.5 480 78 0
0.5 0 90 0
0.5 0 86 98
0.5 0 74 82
0.5 480 74 0
0.5 0 86 0
0.5 0 88 89
0.5 0 76 75
0.5 240 76 0
0.5 0 88 0
0.5 0 86 87
0.5 0 74 74
0.5 240 74 0
0.5 0 86 0
0.5 0 85 86
0.5 0 73 72
0.5 240 73 0
0.5 0 85 0
0.5 0 86 85
0.5 0 74 72
0.5 240 74 0
0.5 0 86 0
0.5 0 88 96
0.5 0 76 81
0.5 480 76 0
0.5 0 88 0
0.5 0 91 88
0.5 0 79 74
0.5 480 79 0
0.5 0 91 0
0.5 0 90 87
0.5 0 78 74
0.5 480 78 0
0.5 0 90 0
0.5 0 86 96
0.5 0 74 81
0.5 480 74 0
0.5 0 86 0
0.5 0 76 74
0.5 0 88 87
0.5 240 88 0
0.5 0 76 0
0.5 0 78 74
0.5 0 90 88
0.5 240 90 0
0.5 0 78 0
0.5 0 81 77
0.5 0 93 92
0.5 240 93 0
0.5 0 81 0
0.5 0 84 78
0.5 0 96 93
0.5 240 96 0
0.5 0 84 0
0.5 0 88 80
0.5 0 100 94
0.5 480 100 0
0.5 0 88 0
0.5 0 91 78
0.5 0 103 93
0.5 480 103 0
0.5 0 91 0
0.5 0 90 78
0.5 0 102 93
0.5 480 102 0
0.5 0 90 0
0.5 0 90 60
0.5 0 102 94
0.5 480 102 0
0.5 0 90 0
0.5 0 91 57
0.5 0 103 86
0.5 240 103 0
0.5 0 91 0
0.5 0 90 57
0.5 0 102 86
0.5 240 102 0
0.5 0 90 0
0.5 0 88 55
0.5 0 100 85
0.5 240 100 0
0.5 0 88 0
0.5 0 86 55
0.5 0 98 85
0.5 240 98 0
0.5 0 86 0
0.5 0 85 77
0.5 0 97 92
0.5 420 97 0
0.5 0 85 0
0.5 0 98 76
0.5 60 98 0
0.5 0 85 74
0.5 0 97 87
0.5 240 97 0
0.5 0 85 0
0.5 0 81 66
0.5 0 93 80
0.5 240 93 0
0.5 0 81 0
0.5 0 83 73
0.5 0 95 86
0.5 240 95 0
0.5 0 83 0
0.5 0 85 69
0.5 0 97 82
0.5 240 97 0
0.5 0 85 0
0.5 0 86 74
0.5 0 98 88
0.5 420 98 0
0.5 0 86 0
0.5 0 64 64
0.5 60 64 0
0.5 0 62 69
0.5 120 62 0
0.5 120 61 66
0.5 120 61 0
0.5 120 62 70
0.5 120 62 0
0.5 360 62 65
0.5 120 62 0
0.5 360 69 69
0.5 120 69 0
0.5 120 66 66
0.5 120 66 0
0.5 120 62 70
0.5 120 62 0
0.5 360 62 69
0.5 120 62 0
0.5 120 61 66
0.5 120 61 0
0.5 120 62 70
0.5 120 62 0
0.5 360 62 69
0.5 120 62 0
0.5 120 61 66
0.5 120 61 0
0.5 120 62 70
0.5 120 62 0
0.5 360 69 72
0.5 120 69 0
0.5 120 66 69
0.5 120 66 0
0.5 120 62 73
0.5 120 62 0
0.5 360 69 75
0.5 120 69 0
0.5 120 66 72
0.5 120 66 0
0.5 120 62 76
0.5 120 62 0
0.5 360 69 78
0.5 120 69 0
0.5 120 66 75
0.5 120 66 0
0.5 120 62 71
0.5 120 62 0
0.5 120 69 66
0.5 120 69 0
0.5 120 66 72
0.5 120 66 0
0.5 120 62 69
0.5 120 62 0
0.5 120 69 72
0.5 120 69 0
0.5 120 66 70
0.5 120 66 0
0.5 120 62 71
0.5 0 74 84
0.5 120 74 0
0.5 0 62 0
0.5 120 69 64
0.5 0 81 76
0.5 120 81 0
0.5 0 69 0
0.5 120 78 88
0.5 0 66 73
0.5 120 66 0
0.5 0 78 0
0.5 120 62 72
0.5 0 74 85
0.5 120 74 0
0.5 0 62 0
0.5 120 81 87
0.5 0 69 72
0.5 120 69 0
0.5 0 81 0
0.5 120 78 88
0.5 0 66 74
0.5 120 66 0
0.5 0 78 0
0.5 120 62 81
0.5 0 74 96
0.5 0 66 81
0.5 480 66 0
0.5 0 74 0
0.5 0 62 0
0.5 0 66 81
0.5 0 74 96
0.5 0 62 81
0.5 480 62 0
0.5 0 74 0
0.5 0 66 0
0.5 480 74 93
0.5 0 86 110
0.5 0 78 93
0.5 480 78 0
0.5 0 86 0
0.5 0 74 0
0.5 0 78 93
0.5 0 86 110
0.5 0 74 93
0.5 480 74 0
0.5 0 86 0
0.5 0 78 0
0.5 480 86 101
0.5 0 98 120
0.5 0 90 101
0.5 480 90 0
0.5 0 98 0
0.5 0 86 0
1 0 0 0
0 0 7 100
0.5 0 38 46
0.5 0 50 64
0 0 64 0
0.5 480 50 0
0.5 0 38 0
0.5 0 52 61
0.5 0 40 44
0 49 64 127
0.5 71 40 0
0.5 0 52 0
0.5 120 50 59
0.5 0 38 41
0.5 120 38 0
0.5 0 50 0
0.5 120 37 45
0.5 0 49 62
0.5 120 49 0
0.5 0 37 0
0.5 120 38 40
0.5 0 50 58
0.5 120 50 0
0.5 0 38 0
0.5 120 52 63
0.5 0 40 45
0 71 64 0
0.5 49 40 0
0.5 0 52 0
0.5 360 55 52
0.5 0 43 37
0.5 120 43 0
0.5 0 55 0
0.5 360 42 40
0.5 0 54 58
0.5 120 54 0
0.5 0 42 0
0.5 360 38 46
0.5 0 50 64
0.5 420 50 0
0.5 0 38 0
0.5 0 54 56
0.5 0 42 39
0 4 64 127
0.5 56 42 0
0.5 0 54 0
0.5 0 52 59
0.5 0 40 42
0.5 120 40 0
0.5 0 52 0
0.5 120 38 40
0.5 0 50 57
0.5 120 50 0
0.5 0 38 0
0.5 120 37 44
0.5 0 49 60
0.5 120 49 0
0.5 0 37 0
0.5 120 50 56
0.5 0 38 39
0.5 120 38 0
0.5 0 50 0
0.5 120 40 45
0.5 0 52 63
0 42 64 0
0.5 78 52 0
0.5 0 40 0
0.5 360 43 37
0.5 0 55 52
0.5 120 55 0
0.5 0 43 0
0.5 360 42 40
0.5 0 54 58
0.5 120 54 0
0.5 0 42 0
0 360 64 127
0.5 0 50 63
0.5 0 38 59
0.5 480 38 0
0.5 0 50 0
0.5 0 52 58
0 0 64 0
0 103 64 127
0.5 137 52 0
0.5 0 54 59
0.5 240 54 0
0.5 0 57 60
0.5 240 57 0
0.5 0 60 61
0.5 240 60 0
0.5 0 64 62
0 0 64 0
0 107 64 127
0.5 373 64 0
0.5 0 67 61
0.5 480 67 0
0 0 64 0
0.5 0 66 60
0 133 64 127
0.5 347 66 0
0.5 0 59 57
0.5 0 55 55
0 99 64 0
0 85 64 127
0 395 64 0
0 113 64 127
0.5 748 55 0
0.5 0 59 0
0 0 64 0
0.5 0 55 58
0.5 0 61 60
0.5 0 57 58
0 133 64 127
0.5 287 57 0
0.5 0 61 0
0.5 0 55 0
0.5 60 61 58
0 13 64 0
0 66 64 127
0.5 161 61 0
0.5 0 57 53
0.5 240 57 0
0.5 0 59 57
0.5 240 59 0
0.5 0 61 55
0.5 240 61 0
0.5 0 54 59
0.5 0 57 59
0.5 0 62 59
0 0 64 0
0 240 64 127
0 219 64 0
0.5 21 62 0
0.5 0 57 0
0.5 0 54 0
0.5 0 40 44
0.5 0 52 61
0 49 64 127
0.5 71 52 0
0.5 0 40 0
0.5 120 50 59
0.5 0 38 41
0.5 120 38 0
0.5 0 50 0
0.5 120 37 45
0.5 0 49 62
0.5 120 49 0
0.5 0 37 0
0.5 120 38 40
0.5 0 50 58
0.5 120 50 0
0.5 0 38 0
0.5 120 52 63
0.5 0 40 45
0 28 64 0
0.5 92 40 0
0.5 0 52 0
0.5 360 55 52
0.5 0 43 37
0.5 120 43 0
0.5 0 55 0
0.5 360 42 40
0.5 0 54 58
0.5 120 54 0
0.5 0 42 0
0.5 360 38 46
0.5 0 50 64
0.5 420 50 0
0.5 0 38 0
0.5 0 54 56
0.5 0 42 39
0 4 64 127
0.5 56 42 0
0.5 0 54 0
0.5 0 52 59
0.5 0 40 42
0.5 120 40 0
0.5 0 52 0
0.5 120 38 40
0.5 0 50 57
0.5 120 50 0
0.5 0 38 0
0.5 120 37 44
0.5 0 49 60
0.5 120 49 0
0.5 0 37 0
0.5 120 50 56
0.5 0 38 39
0.5 120 38 0
0.5 0 50 0
0.5 120 40 45
0.5 0 52 63
0 28 64 0
0.5 92 52 0
0.5 0 40 0
0.5 360 43 37
0.5 0 55 52
0.5 120 55 0
0.5 0 43 0
0.5 360 42 40
0.5 0 54 58
0.5 120 54 0
0.5 0 42 0
0 360 64 127
0.5 0 50 63
0.5 0 38 58
0.5 480 38 0
0.5 0 50 0
0.5 0 52 58
0 0 64 0
0 103 64 127
0.5 137 52 0
0.5 0 54 59
0.5 240 54 0
0.5 0 57 60
0.5 240 57 0
0.5 0 60 61
0.5 240 60 0
0.5 0 64 62
0 0 64 0
0 107 64 127
0.5 373 64 0
0.5 0 67 61
0.5 480 67 0
0 0 64 0
0.5 0 66 60
0 133 64 127
0.5 347 66 0
0.5 0 59 57
0.5 0 55 55
0 99 64 0
0 85 64 127
0 395 64 0
0 113 64 127
0.5 748 55 0
0.5 0 59 0
0 0 64 0
0.5 0 55 58
0.5 0 61 60
0.5 0 57 58
0 133 64 127
0.5 287 57 0
0.5 0 61 0
0.5 0 55 0
0.5 60 61 58
0 13 64 0
0 66 64 127
0.5 161 61 0
0.5 0 57 53
0.5 240 57 0
0.5 0 59 57
0.5 240 59 0
0.5 0 61 55
0.5 240 61 0
0.5 0 54 59
0.5 0 57 59
0 0 64 0
0.5 0 62 59
0 120 64 127
0 275 64 0
0.5 85 62 0
0.5 0 57 0
0.5 0 54 0
0.5 0 38 44
0.5 0 50 61
0 49 64 127
0.5 71 50 0
0.5 0 38 0
0.5 120 49 59
0.5 0 37 41
0.5 120 37 0
0.5 0 49 0
0.5 120 38 45
0.5 0 50 62
0.5 120 50 0
0.5 0 38 0
0 49 64 0
0.5 311 38 52
0.5 0 50 59
0.5 120 50 0
0.5 0 38 0
0 0 64 127
0 300 64 0
0.5 60 45 44
0.5 0 57 61
0 49 64 127
0.5 71 57 0
0.5 0 45 0
0.5 120 54 59
0.5 0 42 41
0.5 120 42 0
0.5 0 54 0
0.5 120 38 45
0.5 0 50 62
0.5 120 50 0
0.5 0 38 0
0 120 64 0
0.5 240 60 46
0.5 0 66 46
0.5 0 69 46
0.5 0 62 46
0.5 120 62 0
0.5 0 60 0
0.5 0 66 0
0.5 0 69 0
0.5 120 62 42
0.5 0 66 42
0.5 0 60 42
0.5 0 69 42
0.5 120 69 0
0.5 0 62 0
0.5 0 66 0
0.5 0 60 0
0.5 120 60 45
0.5 0 62 45
0.5 0 69 45
0.5 0 66 45
0.5 120 66 0
0.5 0 60 0
0.5 0 62 0
0.5 0 69 0
0.5 360 60 44
0.5 0 66 44
0.5 0 69 44
0.5 0 62 44
0.5 120 62 0
0.5 0 60 0
0.5 0 66 0
0.5 0 69 0
0.5 120 62 41
0.5 0 66 41
0.5 0 60 41
0.5 0 69 41
0.5 120 69 0
0.5 0 62 0
0.5 0 66 0
0.5 0 60 0
0.5 120 59 44
0.5 0 62 44
0.5 0 71 44
0.5 0 67 44
0.5 120 67 0
0.5 0 59 0
0.5 0 62 0
0.5 0 71 0
0.5 360 59 41
0.5 0 67 49
0.5 0 71 49
0.5 0 62 41
0 21 64 127
0.5 219 62 0
0.5 0 59 0
0.5 0 67 0
0.5 0 71 0
0.5 0 59 39
0.5 0 62 39
0.5 0 71 47
0.5 0 67 47
0.5 240 67 0
0.5 0 59 0
0.5 0 62 0
0.5 0 71 0
0.5 0 59 41
0.5 0 67 49
0.5 0 71 49
0.5 0 62 41
0 254 64 0
0.5 106 62 0
0.5 0 59 0
0.5 0 67 0
0.5 0 71 0
0.5 120 58 53
0.5 0 67 53
0 113 64 127
0.5 367 62 53
0 39 64 0
0 28 64 127
0 346 64 0
0.5 67 64 48
0 53 64 127
0.5 187 64 0
0.5 0 65 49
0 180 64 0
0.5 60 65 0
0.5 0 62 0
0.5 0 67 0
0.5 0 58 0
0.5 0 62 56
0.5 0 66 56
0.5 0 57 56
0.5 120 57 0
0.5 0 66 0
0.5 0 62 0
0.5 360 50 59
0 86 64 127
0.5 34 50 0
0.5 360 57 52
0.5 0 66 52
0.5 0 62 52
0 109 64 0
0.5 11 62 0
0.5 0 66 0
0.5 0 57 0
0.5 360 62 55
0.5 0 67 55
0.5 0 58 55
0.5 120 58 0
0.5 0 67 0
0.5 0 62 0
0.5 360 50 59
0 46 64 127
0.5 74 50 0
0.5 360 58 51
0.5 0 67 51
0.5 0 62 51
0 103 64 0
0.5 17 62 0
0.5 0 67 0
0.5 0 58 0
0.5 360 66 55
0.5 0 62 55
0 56 64 127
0.5 64 62 0
0.5 0 66 0
0 176 64 0
0.5 184 42 61
0.5 0 54 61
0 64 64 127
0.5 56 54 0
0.5 0 42 0
0.5 120 40 57
0.5 0 52 57
0.5 120 52 0
0.5 0 40 0
0.5 120 50 62
0.5 0 38 62
0.5 120 38 0
0.5 0 50 0
0 106 64 0
0.5 254 57 59
0.5 0 62 59
0.5 0 54 59
0 120 64 127
0 275 64 0
0.5 85 54 0
0.5 0 62 0
0.5 0 57 0
0.5 0 50 61
0.5 0 38 44
0 49 64 127
0.5 71 38 0
0.5 0 50 0
0.5 120 37 41
0.5 0 49 59
0.5 120 49 0
0.5 0 37 0
0.5 120 38 45
0.5 0 50 62
0.5 120 50 0
0.5 0 38 0
0 99 64 0
0.5 261 38 52
0.5 0 50 59
0.5 120 50 0
0.5 0 38 0
0 0 64 127
0 300 64 0
0.5 60 57 61
0.5 0 45 44
0 49 64 127
0.5 71 45 0
0.5 0 57 0
0.5 120 42 41
0.5 0 54 59
0.5 120 54 0
0.5 0 42 0
0.5 120 38 45
0.5 0 50 62
0.5 120 50 0
0.5 0 38 0
0 102 64 0
0.5 258 60 46
0.5 0 62 46
0.5 0 69 46
0.5 0 66 46
0.5 120 66 0
0.5 0 60 0
0.5 0 62 0
0.5 0 69 0
0.5 120 60 42
0.5 0 66 42
0.5 0 69 42
0.5 0 62 42
0.5 120 62 0
0.5 0 60 0
0.5 0 66 0
0.5 0 69 0
0.5 120 62 45
0.5 0 66 45
0.5 0 60 45
0.5 0 69 45
0.5 120 69 0
0.5 0 62 0
0.5 0 66 0
0.5 0 60 0
0.5 360 60 44
0.5 0 62 44
0.5 0 69 44
0.5 0 66 44
0.5 120 66 0
0.5 0 60 0
0.5 0 62 0
0.5 0 69 0
0.5 120 60 41
0.5 0 66 41
0.5 0 69 41
0.5 0 62 41
0.5 120 62 0
0.5 0 60 0
0.5 0 66 0
0.5 0 69 0
0.5 120 62 44
0.5 0 67 44
0.5 0 59 44
0.5 0 71 44
0.5 120 71 0
0.5 0 62 0
0.5 0 67 0
0.5 0 59 0
0.5 360 59 41
0.5 0 62 41
0.5 0 71 49
0.5 0 67 49
0 21 64 127
0.5 219 67 0
0.5 0 59 0
0.5 0 62 0
0.5 0 71 0
0.5 0 62 39
0.5 0 67 47
0.5 0 71 47
0.5 0 59 39
0.5 240 59 0
0.5 0 62 0
0.5 0 67 0
0.5 0 71 0
0.5 0 59 41
0.5 0 62 41
0.5 0 71 49
0.5 0 67 49
0 226 64 0
0.5 134 67 0
0.5 0 59 0
0.5 0 62 0
0.5 0 71 0
0.5 120 67 53
0.5 0 58 53
0 113 64 127
0.5 367 62 53
0 39 64 0
0 28 64 127
0 346 64 0
0.5 67 64 48
0 53 64 127
0.5 187 64 0
0.5 0 65 49
0.5 240 65 0
0.5 0 62 0
0.5 0 58 0
0.5 0 67 0
0.5 0 57 56
0.5 0 62 56
0.5 0 66 56
0 63 64 0
0.5 57 66 0
0.5 0 62 0
0.5 0 57 0
0.5 360 50 59
0 86 64 127
0.5 34 50 0
0.5 360 57 52
0.5 0 62 52
0.5 0 66 52
0 109 64 0
0.5 11 66 0
0.5 0 62 0
0.5 0 57 0
0.5 360 58 55
0.5 0 67 55
0.5 0 62 55
0.5 120 62 0
0.5 0 67 0
0.5 0 58 0
0.5 360 50 59
0 46 64 127
0.5 74 50 0
0.5 360 58 51
0.5 0 62 51
0.5 0 67 51
0 103 64 0
0.5 17 67 0
0.5 0 62 0
0.5 0 58 0
0.5 360 62 55
0.5 0 66 55
0 56 64 127
0.5 64 66 0
0.5 0 62 0
0 176 64 0
0.5 184 54 59
0.5 0 42 59
0 64 64 127
0.5 56 42 0
0.5 0 54 0
0.5 120 52 55
0.5 0 40 55
0.5 120 40 0
0.5 0 52 0
0.5 120 38 60
0.5 0 50 60
0.5 120 50 0
0.5 0 38 0
0 106 64 0
0.5 254 54 52
0.5 0 57 52
0 56 64 127
0 240 64 0
0.5 184 42 52
0.5 120 42 0
0.5 120 40 49
0.5 120 40 0
0.5 120 38 53
0.5 120 38 0
0.5 360 57 0
0.5 0 54 0
0.5 0 54 49
0.5 0 57 49
0 56 64 127
0 240 64 0
0.5 184 42 49
0.5 120 42 0
0.5 120 40 46
0.5 120 40 0
0.5 120 38 50
0.5 120 38 0
0.5 360 57 0
0.5 0 54 0
0.5 0 42 49
0.5 0 54 49
0.5 120 54 0
0.5 0 42 0
0.5 120 52 45
0.5 0 40 45
0.5 120 40 0
0.5 0 52 0
0.5 120 38 48
0.5 0 50 48
0.5 120 50 0
0.5 0 38 0
0.5 360 42 45
0.5 0 54 45
0.5 120 54 0
0.5 0 42 0
0.5 120 40 41
0.5 0 52 41
0.5 120 52 0
0.5 0 40 0
0.5 120 38 44
0.5 0 50 44
0.5 120 50 0
0.5 0 38 0
0.5 360 45 41
0.5 120 45 0
0.5 360 38 40
0.5 120 38 0
0.5 360 38 55
0 25 64 127
0.5 215 54 46
0 244 64 0
0 45 64 127
0.5 911 54 0
0.5 0 38 0
0 0 64 0
0.5 0 37 55
0.5 120 37 0
0.5 120 49 55
0.5 120 49 0
0.5 600 46 55
0.5 0 34 46
0.5 480 34 0
0.5 0 46 0
0.5 0 35 55
0.5 120 35 0
0.5 120 47 55
0.5 120 47 0
0.5 600 32 46
0.5 0 44 55
0.5 0 52 42
0.5 120 52 0
0.5 360 44 0
0.5 0 32 0
0.5 0 33 55
0.5 0 45 55
0 28 64 127
0.5 212 52 55
0.5 240 45 0
0.5 0 33 0
0 25 64 0
0 24 64 127
0.5 431 57 56
0.5 0 45 55
0.5 240 57 0
0.5 0 55 51
0.5 224 38 55
0.5 16 55 0
0.5 0 52 0
0.5 0 45 0
0 0 64 0
0 60 64 127
0.5 164 54 46
0 244 64 0
0 45 64 127
0.5 911 54 0
0.5 0 38 0
0.5 0 37 55
0 35 64 0
0.5 85 37 0
0.5 120 49 48
0.5 120 49 0
0.5 600 46 55
0.5 0 34 46
0.5 480 34 0
0.5 0 46 0
0.5 16 47 55
0.5 0 35 46
0 49 64 127
0.5 191 54 47
0.5 120 54 0
0.5 120 35 0
0.5 0 47 0
0.5 0 43 55
0.5 0 31 46
0 28 64 0
0 78 64 127
0.5 134 31 0
0.5 0 43 0
0 184 64 0
0.5 56 52 51
0.5 0 45 51
0.5 0 33 42
0 56 64 127
0.5 64 52 0
0.5 120 33 0
0.5 0 45 0
0.5 240 38 49
0.5 0 54 58
0 0 64 0
0 169 64 127
0.5 71 54 0
0.5 0 38 0
0.5 240 57 70
0.5 0 50 60
0.5 240 50 0
0.5 0 57 0
0 0 64 0
0.5 720 38 55
0 25 64 127
0.5 215 54 46
0 244 64 0
0 45 64 127
0.5 911 54 0
0.5 0 38 0
0 0 64 0
0.5 0 37 55
0.5 120 37 0
0.5 120 49 55
0.5 120 49 0
0.5 600 46 55
0.5 0 34 46
0.5 480 34 0
0.5 0 46 0
0.5 0 35 55
0.5 120 35 0
0.5 120 47 55
0.5 120 47 0
0.5 600 32 46
0.5 0 44 55
0.5 0 52 42
0.5 120 52 0
0.5 360 44 0
0.5 0 32 0
0.5 0 33 55
0.5 0 45 55
0 28 64 127
0.5 212 52 55
0.5 240 45 0
0.5 0 33 0
0 25 64 0
0 24 64 127
0.5 431 57 56
0.5 0 45 55
0.5 240 57 0
0.5 0 55 51
0.5 224 38 55
0.5 16 55 0
0.5 0 52 0
0.5 0 45 0
0 0 64 0
0 64 64 127
0.5 160 54 46
0 244 64 0
0 45 64 127
0.5 911 54 0
0.5 0 38 0
0.5 0 37 55
0 35 64 0
0.5 85 37 0
0.5 120 49 48
0.5 120 49 0
0.5 600 46 55
0.5 0 34 46
0.5 480 34 0
0.5 0 46 0
0.5 16 47 55
0.5 0 35 46
0 49 64 127
0.5 191 54 47
0.5 120 54 0
0.5 120 35 0
0.5 0 47 0
0.5 0 43 55
0.5 0 31 46
0 28 64 0
0 78 64 127
0.5 134 31 0
0.5 0 43 0
0 184 64 0
0.5 56 52 51
0.5 0 45 51
0.5 0 33 42
0 56 64 127
0.5 64 52 0
0.5 120 33 0
0.5 0 45 0
0.5 240 38 49
0.5 0 54 58
0 0 64 0
0 169 64 127
0.5 71 54 0
0.5 0 38 0
0.5 240 57 70
0.5 0 50 60
0.5 240 50 0
0.5 0 57 0
0 0 64 0
0.5 720 62 42
0.5 0 66 52
0 42 64 127
0.5 438 66 0
0.5 0 67 47
0.5 240 67 0
0.5 0 66 44
0.5 240 66 0
0.5 0 64 45
0.5 240 64 0
0.5 0 66 42
0.5 240 66 0
0 0 64 0
0.5 0 67 48
0 169 64 127
0.5 311 67 0
0.5 0 67 47
0.5 240 67 0
0.5 0 71 44
0.5 240 71 0
0.5 0 67 46
0.5 480 67 0
0.5 0 62 0
0 0 64 0
0.5 0 62 42
0.5 0 66 52
0 155 64 127
0.5 325 66 0
0.5 0 67 47
0.5 240 67 0
0.5 0 66 44
0.5 240 66 0
0.5 0 64 45
0.5 240 64 0
0.5 0 62 0
0.5 0 62 42
0.5 240 62 0
0.5 0 57 38
0 0 64 0
0.5 0 64 48
0 184 64 127
0.5 296 64 0
0.5 0 57 0
0.5 0 67 47
0.5 240 67 0
0.5 0 66 41
0.5 240 66 0
0.5 0 57 36
0.5 0 67 46
0 282 64 0
0.5 198 67 0
0.5 0 57 0
0.5 0 62 42
0.5 0 66 52
0 42 64 127
0.5 438 66 0
0.5 0 67 47
0.5 240 67 0
0.5 0 66 44
0.5 240 66 0
0.5 0 64 45
0.5 240 64 0
0.5 0 66 42
0.5 240 66 0
0 0 64 0
0.5 0 67 48
0 113 64 127
0.5 367 67 0
0.5 0 67 47
0.5 240 67 0
0.5 0 71 44
0.5 240 71 0
0.5 0 67 46
0.5 480 67 0
0.5 0 62 0
0 0 64 0
0.5 0 62 42
0.5 0 66 52
0 184 64 127
0.5 296 66 0
0.5 0 67 47
0.5 240 67 0
0.5 0 66 44
0.5 240 66 0
0.5 0 64 45
0.5 240 64 0
0.5 0 62 0
0.5 0 62 42
0.5 240 62 0
0.5 0 57 38
0 0 64 0
0.5 0 64 48
0 453 64 127
0 789 64 0
0.5 198 64 0
0.5 0 57 0
0.5 0 38 55
0 25 64 127
0.5 215 54 46
0.5 240 45 55
0 4 64 0
0 45 64 127
0.5 911 45 0
0.5 0 54 0
0.5 0 38 0
0 0 64 0
0.5 0 37 55
0.5 120 37 0
0.5 120 49 55
0.5 120 49 0
0.5 600 46 55
0.5 0 34 46
0.5 480 34 0
0.5 0 46 0
0.5 0 35 55
0.5 120 35 0
0.5 120 47 55
0.5 120 47 0
0.5 600 32 46
0.5 0 44 55
0.5 0 52 42
0.5 120 52 0
0.5 360 44 0
0.5 0 32 0
0.5 0 33 55
0.5 0 45 55
0 28 64 127
0.5 212 52 55
0.5 240 45 0
0.5 0 33 0
0 25 64 0
0 24 64 127
0.5 431 57 56
0.5 0 45 55
0.5 240 57 0
0.5 0 55 51
0.5 224 38 55
0.5 16 55 0
0.5 0 52 0
0.5 0 45 0
0 0 64 0
0 67 64 127
0.5 157 54 46
0 244 64 0
0.5 12 45 55
0 33 64 127
0 855 64 0
0.5 56 54 0
0.5 0 38 0
0.5 0 37 55
0.5 16 45 0
0.5 104 37 0
0.5 120 49 48
0.5 120 49 0
0.5 600 46 55
0.5 0 34 46
0.5 480 34 0
0.5 0 46 0
0.5 16 47 55
0.5 0 35 46
0 49 64 127
0.5 191 54 47
0.5 120 54 0
0.5 120 35 0
0.5 0 47 0
0.5 0 43 55
0.5 0 31 46
0 28 64 0
0 78 64 127
0.5 134 31 0
0.5 0 43 0
0 184 64 0
0.5 56 52 51
0.5 0 45 51
0.5 0 33 42
0 56 64 127
0.5 64 52 0
0.5 120 33 0
0.5 0 45 0
0.5 240 45 51
0.5 0 38 49
0.5 0 54 58
0 0 64 0
0 169 64 127
0.5 71 54 0
0.5 0 38 0
0.5 0 45 0
0.5 240 57 70
0.5 0 50 60
0.5 240 50 0
0.5 0 57 0
0 0 64 0
0.5 720 47 38
0.5 0 62 47
0 42 64 127
0.5 438 62 0
0.5 0 64 41
0.5 240 64 0
0.5 0 62 39
0.5 240 62 0
0.5 0 61 39
0.5 240 61 0
0.5 0 62 38
0.5 240 62 0
0 0 64 0
0.5 0 64 42
0 113 64 127
0.5 367 64 0
0.5 0 61 41
0.5 480 61 0
0.5 0 64 40
0 282 64 0
0.5 198 64 0
0.5 0 47 0
0.5 0 47 38
0.5 0 62 47
0 42 64 127
0.5 438 62 0
0.5 0 64 41
0.5 240 64 0
0.5 0 62 39
0.5 240 62 0
0.5 0 61 39
0.5 240 61 0
0.5 0 62 38
0.5 240 62 0
0.5 0 47 0
0.5 0 52 38
0 0 64 0
0.5 0 64 42
0 113 64 127
0.5 367 64 0
0.5 0 61 41
0.5 480 61 0
0.5 0 52 0
0.5 0 54 40
0.5 0 58 40
0.5 480 58 0
0.5 0 54 0
0 0 64 0
0.5 0 47 31
0.5 0 59 38
0 127 64 127
0.5 113 59 0
0.5 0 47 0
0.5 0 54 38
0.5 480 54 0
0.5 0 54 33
0.5 480 54 0
0.5 0 54 33
0.5 240 54 0
0 0 64 0
0.5 0 45 38
0.5 0 52 38
0 78 64 127
0.5 402 52 0
0.5 0 52 39
0.5 480 52 0
0.5 0 52 41
0.5 480 52 0
0.5 0 45 0
0 0 64 0
0.5 0 54 42
0.5 0 50 42
0 141 64 127
0.5 339 50 0
0.5 0 54 0
0.5 0 54 38
0.5 480 54 0
0.5 0 54 31
0.5 0 58 31
0 141 64 0
0 113 64 127
0.5 226 58 0
0.5 0 54 0
0 0 64 0
0.5 0 47 38
0.5 0 55 38
0.5 0 59 38
0 286 64 127
0.5 194 59 0
0.5 0 55 0
0.5 0 47 0
0.5 0 47 47
0.5 240 47 0
0.5 0 46 41
0.5 240 46 0
0.5 0 47 38
0 274 64 0
0.5 206 47 0
0.5 0 45 38
0.5 0 52 38
0 78 64 127
0.5 162 52 0
0.5 0 52 45
0.5 480 52 0
0.5 0 52 38
0.5 480 52 0
0.5 0 52 38
0.5 240 52 0
0.5 0 45 0
0 0 64 0
0.5 0 54 42
0.5 0 50 42
0 141 64 127
0.5 339 50 0
0.5 0 54 0
0.5 0 54 38
0.5 480 54 0
0.5 0 54 31
0.5 0 58 31
0 141 64 0
0 113 64 127
0.5 226 58 0
0.5 0 54 0
0 0 64 0
0.5 0 47 38
0 169 64 127
0.5 71 47 0
0.5 0 54 28
0.5 480 54 0
0.5 0 54 26
0.5 480 54 0
0.5 0 54 25
0.5 240 54 0
0.5 0 47 23
0.5 240 54 23
0.5 480 54 0
0.5 0 54 20
0.5 480 54 0
0.5 0 54 19
0 56 64 0
0.5 184 54 0
0.5 0 47 0
0.5 0 47 38
0.5 0 62 47
0 42 64 127
0.5 438 62 0
0.5 0 64 41
0.5 240 64 0
0.5 0 62 39
0.5 240 62 0
0.5 0 61 39
0.5 240 61 0
0.5 0 62 38
0.5 240 62 0
0 0 64 0
0.5 0 64 42
0 113 64 127
0.5 367 64 0
0.5 0 61 41
0.5 480 61 0
0.5 0 64 40
0 282 64 0
0.5 198 64 0
0.5 0 47 0
0.5 0 47 38
0.5 0 62 47
0 42 64 127
0.5 438 62 0
0.5 0 64 41
0.5 240 64 0
0.5 0 62 39
0.5 240 62 0
0.5 0 61 39
0.5 240 61 0
0.5 0 62 38
0.5 240 62 0
0.5 0 47 0
0.5 0 52 38
0 0 64 0
0.5 0 64 42
0 113 64 127
0.5 367 64 0
0.5 0 61 41
0.5 480 61 0
0.5 0 52 0
0.5 0 54 40
0.5 0 58 40
0.5 480 58 0
0.5 0 54 0
0 0 64 0
0.5 0 47 31
0.5 0 59 38
0 127 64 127
0.5 113 59 0
0.5 0 47 0
0.5 0 54 38
0.5 480 54 0
0.5 0 54 33
0.5 480 54 0
0.5 0 54 33
0.5 240 54 0
0 0 64 0
0.5 0 45 38
0.5 0 52 38
0 78 64 127
0.5 402 52 0
0.5 0 52 39
0.5 480 52 0
0.5 0 52 41
0.5 480 52 0
0.5 0 45 0
0 0 64 0
0.5 0 54 42
0.5 0 50 42
0 141 64 127
0.5 339 50 0
0.5 0 54 0
0.5 0 54 38
0.5 480 54 0
0.5 0 54 31
0.5 0 58 31
0 141 64 0
0 113 64 127
0.5 226 58 0
0.5 0 54 0
0 0 64 0
0.5 0 47 38
0.5 0 55 38
0.5 0 59 38
0 286 64 127
0.5 194 59 0
0.5 0 55 0
0.5 0 47 0
0.5 0 47 49
0.5 240 47 0
0.5 0 46 40
0.5 240 46 0
0.5 0 47 38
0.5 480 47 0
0 0 64 0
0.5 0 45 38
0.5 0 52 38
0 78 64 127
0.5 162 52 0
0.5 0 52 46
0.5 480 52 0
0.5 0 52 38
0.5 480 52 0
0.5 0 52 38
0.5 240 52 0
0.5 0 45 0
0 0 64 0
0.5 0 54 42
0.5 0 50 42
0 141 64 127
0.5 339 50 0
0.5 0 54 0
0.5 0 54 38
0.5 480 54 0
0.5 0 54 31
0.5 0 58 31
0 141 64 0
0 113 64 127
0.5 226 58 0
0.5 0 54 0
0 0 64 0
0.5 0 47 38
0 169 64 127
0.5 71 47 0
0.5 0 54 28
0.5 480 54 0
0.5 0 54 26
0.5 480 54 0
0.5 0 54 25
0.5 240 54 0
0.5 0 47 23
0.5 240 54 23
0.5 480 54 0
0.5 0 54 20
0.5 480 54 0
0.5 0 54 19
0 56 64 0
0.5 184 54 0
0.5 0 47 0
0.5 0 38 46
0.5 0 50 64
0.5 480 50 0
0.5 0 38 0
0.5 0 40 44
0.5 0 52 61
0 49 64 127
0.5 71 52 0
0.5 0 40 0
0.5 120 38 41
0.5 0 50 59
0.5 120 50 0
0.5 0 38 0
0.5 120 37 45
0.5 0 49 62
0.5 120 49 0
0.5 0 37 0
0.5 120 38 40
0.5 0 50 58
0.5 120 50 0
0.5 0 38 0
0.5 120 40 45
0.5 0 52 63
0 56 64 0
0.5 64 52 0
0.5 0 40 0
0.5 360 43 37
0.5 0 55 52
0.5 120 55 0
0.5 0 43 0
0.5 360 42 40
0.5 0 54 58
0.5 120 54 0
0.5 0 42 0
0.5 360 38 46
0.5 0 50 64
0.5 420 50 0
0.5 0 38 0
0.5 0 42 39
0.5 0 54 56
0 4 64 127
0.5 56 54 0
0.5 0 42 0
0.5 0 40 42
0.5 0 52 59
0.5 120 52 0
0.5 0 40 0
0.5 120 38 40
0.5 0 50 57
0.5 120 50 0
0.5 0 38 0
0.5 120 37 44
0.5 0 49 60
0.5 120 49 0
0.5 0 37 0
0.5 120 38 39
0.5 0 50 56
0.5 120 50 0
0.5 0 38 0
0 120 64 0
0.5 0 40 45
0.5 0 52 63
0.5 120 52 0
0.5 0 40 0
0.5 360 43 37
0.5 0 55 52
0.5 120 55 0
0.5 0 43 0
0.5 360 42 40
0.5 0 54 58
0.5 120 54 0
0.5 0 42 0
0.5 360 38 59
0 0 64 127
0.5 0 50 63
0.5 480 50 0
0.5 0 38 0
0 0 64 0
0.5 0 52 58
0 103 64 127
0.5 137 52 0
0.5 0 54 59
0.5 240 54 0
0.5 0 57 60
0.5 240 57 0
0.5 0 60 61
0.5 240 60 0
0 0 64 0
0.5 0 64 62
0 107 64 127
0.5 373 64 0
0.5 0 67 61
0.5 480 67 0
0 0 64 0
0.5 0 66 60
0 133 64 127
0.5 347 66 0
0.5 0 59 57
0.5 0 55 55
0 99 64 0
0 85 64 127
0 395 64 0
0 113 64 127
0.5 748 55 0
0.5 0 59 0
0 0 64 0
0.5 0 55 58
0.5 0 57 58
0.5 0 61 60
0 133 64 127
0.5 287 61 0
0.5 0 57 0
0.5 0 55 0
0.5 60 61 58
0 13 64 0
0 66 64 127
0.5 161 61 0
0.5 0 57 53
0.5 240 57 0
0.5 0 59 57
0.5 240 59 0
0.5 0 61 55
0.5 240 61 0
0 0 64 0
0.5 0 54 59
0.5 0 57 59
0.5 0 62 59
0 240 64 127
0 219 64 0
0.5 21 62 0
0.5 0 57 0
0.5 0 54 0
0.5 0 52 61
0.5 0 40 44
0 49 64 127
0.5 71 40 0
0.5 0 52 0
0.5 120 38 41
0.5 0 50 59
0.5 120 50 0
0.5 0 38 0
0.5 120 37 45
0.5 0 49 62
0.5 120 49 0
0.5 0 37 0
0.5 120 38 40
0.5 0 50 58
0.5 120 50 0
0.5 0 38 0
0.5 120 40 45
0.5 0 52 63
0 49 64 0
0.5 71 52 0
0.5 0 40 0
0.5 360 43 37
0.5 0 55 52
0.5 120 55 0
0.5 0 43 0
0.5 360 42 40
0.5 0 54 58
0.5 120 54 0
0.5 0 42 0
0.5 360 38 46
0.5 0 50 64
0.5 420 50 0
0.5 0 38 0
0.5 0 42 39
0.5 0 54 56
0 4 64 127
0.5 56 54 0
0.5 0 42 0
0.5 0 40 42
0.5 0 52 59
0.5 120 52 0
0.5 0 40 0
0.5 120 38 40
0.5 0 50 57
0.5 120 50 0
0.5 0 38 0
0.5 120 37 44
0.5 0 49 60
0.5 120 49 0
0.5 0 37 0
0.5 120 38 39
0.5 0 50 56
0.5 120 50 0
0.5 0 38 0
0.5 120 40 45
0.5 0 52 63
0 78 64 0
0.5 42 52 0
0.5 0 40 0
0.5 360 43 37
0.5 0 55 52
0.5 120 55 0
0.5 0 43 0
0.5 360 42 40
0.5 0 54 58
0.5 120 54 0
0.5 0 42 0
0.5 360 38 59
0 0 64 127
0.5 0 50 63
0.5 480 50 0
0.5 0 38 0
0 0 64 0
0.5 0 52 58
0 103 64 127
0.5 137 52 0
0.5 0 54 59
0.5 240 54 0
0.5 0 57 60
0.5 240 57 0
0.5 0 60 61
0.5 240 60 0
0 0 64 0
0.5 0 64 62
0 107 64 127
0.5 373 64 0
0.5 0 67 61
0.5 480 67 0
0 0 64 0
0.5 0 66 60
0 133 64 127
0.5 347 66 0
0.5 0 59 57
0.5 0 55 55
0 99 64 0
0 85 64 127
0 395 64 0
0 113 64 127
0.5 748 55 0
0.5 0 59 0
0 0 64 0
0.5 0 55 58
0.5 0 57 58
0.5 0 61 60
0 133 64 127
0.5 287 61 0
0.5 0 57 0
0.5 0 55 0
0.5 60 61 58
0 13 64 0
0 66 64 127
0.5 161 61 0
0.5 0 57 53
0.5 240 57 0
0.5 0 59 57
0.5 240 59 0
0.5 0 61 55
0.5 240 61 0
0 0 64 0
0.5 0 54 59
0.5 0 57 59
0.5 0 62 59
0 120 64 127
0 275 64 0
0.5 85 62 0
0.5 0 57 0
0.5 0 54 0
0.5 0 50 61
0.5 0 38 44
0 49 64 127
0.5 71 38 0
0.5 0 50 0
0.5 120 37 41
0.5 0 49 59
0.5 120 49 0
0.5 0 37 0
0.5 120 38 45
0.5 0 50 62
0.5 120 50 0
0.5 0 38 0
0 99 64 0
0.5 261 38 52
0.5 0 50 59
0.5 120 50 0
0.5 0 38 0
0 0 64 127
0 300 64 0
0.5 60 57 61
0.5 0 45 44
0 49 64 127
0.5 71 45 0
0.5 0 57 0
0.5 120 42 41
0.5 0 54 59
0.5 120 54 0
0.5 0 42 0
0.5 120 38 45
0.5 0 50 62
0.5 120 50 0
0.5 0 38 0
0 240 64 0
0.5 120 60 46
0.5 0 62 46
0.5 0 66 46
0.5 0 69 46
0.5 120 69 0
0.5 0 60 0
0.5 0 62 0
0.5 0 66 0
0.5 120 60 42
0.5 0 62 42
0.5 0 66 42
0.5 0 69 42
0.5 120 69 0
0.5 0 60 0
0.5 0 62 0
0.5 0 66 0
0.5 120 60 45
0.5 0 62 45
0.5 0 66 45
0.5 0 69 45
0.5 120 69 0
0.5 0 60 0
0.5 0 62 0
0.5 0 66 0
0.5 360 60 44
0.5 0 62 44
0.5 0 66 44
0.5 0 69 44
0.5 120 69 0
0.5 0 60 0
0.5 0 62 0
0.5 0 66 0
0.5 120 60 41
0.5 0 62 41
0.5 0 66 41
0.5 0 69 41
0.5 120 69 0
0.5 0 60 0
0.5 0 62 0
0.5 0 66 0
0.5 120 59 44
0.5 0 62 44
0.5 0 67 44
0.5 0 71 44
0.5 120 71 0
0.5 0 59 0
0.5 0 62 0
0.5 0 67 0
0.5 360 59 41
0.5 0 62 41
0.5 0 67 49
0.5 0 71 49
0 21 64 127
0.5 219 71 0
0.5 0 59 0
0.5 0 62 0
0.5 0 67 0
0.5 0 59 39
0.5 0 62 39
0.5 0 67 47
0.5 0 71 47
0.5 240 71 0
0.5 0 59 0
0.5 0 62 0
0.5 0 67 0
0.5 0 59 41
0.5 0 62 41
0.5 0 67 49
0.5 0 71 49
0 254 64 0
0.5 106 71 0
0.5 0 59 0
0.5 0 62 0
0.5 0 67 0
0.5 120 58 53
0.5 0 67 53
0 113 64 127
0.5 367 62 53
0 39 64 0
0 28 64 127
0 346 64 0
0.5 67 64 48
0 53 64 127
0.5 187 64 0
0.5 0 65 49
0 180 64 0
0.5 60 65 0
0.5 0 62 0
0.5 0 67 0
0.5 0 58 0
0.5 0 57 56
0.5 0 62 56
0.5 0 66 56
0.5 120 66 0
0.5 0 62 0
0.5 0 57 0
0.5 360 50 59
0 86 64 127
0.5 34 50 0
0.5 360 57 52
0.5 0 62 52
0.5 0 66 52
0 109 64 0
0.5 11 66 0
0.5 0 62 0
0.5 0 57 0
0.5 360 58 55
0.5 0 62 55
0.5 0 67 55
0.5 120 67 0
0.5 0 62 0
0.5 0 58 0
0.5 360 50 59
0 46 64 127
0.5 74 50 0
0.5 360 58 51
0.5 0 62 51
0.5 0 67 51
0 103 64 0
0.5 17 67 0
0.5 0 62 0
0.5 0 58 0
0.5 360 62 55
0.5 0 66 55
0 56 64 127
0.5 64 66 0
0.5 0 62 0
0 176 64 0
0.5 184 42 61
0.5 0 54 61
0 64 64 127
0.5 56 54 0
0.5 0 42 0
0.5 120 40 57
0.5 0 52 57
0.5 120 52 0
0.5 0 40 0
0.5 120 38 62
0.5 0 50 62
0.5 120 50 0
0.5 0 38 0
0 106 64 0
0.5 254 54 59
0.5 0 57 59
0.5 0 62 59
0 120 64 127
0 275 64 0
0.5 85 62 0
0.5 0 57 0
0.5 0 54 0
0.5 0 50 61
0.5 0 38 44
0 49 64 127
0.5 71 38 0
0.5 0 50 0
0.5 120 37 41
0.5 0 49 59
0.5 120 49 0
0.5 0 37 0
0.5 120 38 45
0.5 0 50 62
0.5 120 50 0
0.5 0 38 0
0 99 64 0
0.5 261 38 52
0.5 0 50 59
0.5 120 50 0
0.5 0 38 0
0 0 64 127
0 300 64 0
0.5 60 57 61
0.5 0 45 44
0 49 64 127
0.5 71 45 0
0.5 0 57 0
0.5 120 42 41
0.5 0 54 59
0.5 120 54 0
0.5 0 42 0
0.5 120 38 45
0.5 0 50 62
0.5 120 50 0
0.5 0 38 0
0 212 64 0
0.5 148 60 46
0.5 0 62 46
0.5 0 66 46
0.5 0 69 46
0.5 120 69 0
0.5 0 60 0
0.5 0 62 0
0.5 0 66 0
0.5 120 60 42
0.5 0 62 42
0.5 0 66 42
0.5 0 69 42
0.5 120 69 0
0.5 0 60 0
0.5 0 62 0
0.5 0 66 0
0.5 120 60 45
0.5 0 62 45
0.5 0 66 45
0.5 0 69 45
0.5 120 69 0
0.5 0 60 0
0.5 0 62 0
0.5 0 66 0
0.5 360 60 44
0.5 0 62 44
0.5 0 66 44
0.5 0 69 44
0.5 120 69 0
0.5 0 60 0
0.5 0 62 0
0.5 0 66 0
0.5 120 60 41
0.5 0 62 41
0.5 0 66 41
0.5 0 69 41
0.5 120 69 0
0.5 0 60 0
0.5 0 62 0
0.5 0 66 0
0.5 120 59 44
0.5 0 62 44
0.5 0 67 44
0.5 0 71 44
0.5 120 71 0
0.5 0 59 0
0.5 0 62 0
0.5 0 67 0
0.5 360 59 41
0.5 0 62 41
0.5 0 67 49
0.5 0 71 49
0 21 64 127
0.5 219 71 0
0.5 0 59 0
0.5 0 62 0
0.5 0 67 0
0.5 0 59 39
0.5 0 62 39
0.5 0 67 47
0.5 0 71 47
0.5 240 71 0
0.5 0 59 0
0.5 0 62 0
0.5 0 67 0
0.5 0 59 41
0.5 0 62 41
0.5 0 67 49
0.5 0 71 49
0 226 64 0
0.5 134 71 0
0.5 0 59 0
0.5 0 62 0
0.5 0 67 0
0.5 120 58 53
0.5 0 67 53
0 113 64 127
0.5 367 62 53
0 39 64 0
0 28 64 127
0 346 64 0
0.5 67 64 48
0 53 64 127
0.5 187 64 0
0.5 0 65 49
0 180 64 0
0.5 60 65 0
0.5 0 62 0
0.5 0 67 0
0.5 0 58 0
0.5 0 57 56
0.5 0 62 56
0.5 0 66 56
0.5 120 66 0
0.5 0 62 0
0.5 0 57 0
0.5 360 50 59
0 86 64 127
0.5 34 50 0
0.5 360 57 52
0.5 0 62 52
0.5 0 66 52
0 109 64 0
0.5 11 66 0
0.5 0 62 0
0.5 0 57 0
0.5 360 58 55
0.5 0 62 55
0.5 0 67 55
0.5 120 67 0
0.5 0 62 0
0.5 0 58 0
0.5 360 50 59
0 46 64 127
0.5 74 50 0
0.5 360 58 51
0.5 0 62 51
0.5 0 67 51
0 103 64 0
0.5 17 67 0
0.5 0 62 0
0.5 0 58 0
0.5 360 62 55
0.5 0 66 55
0 56 64 127
0.5 64 66 0
0.5 0 62 0
0 176 64 0
0.5 184 42 59
0.5 0 54 59
0 64 64 127
0.5 56 54 0
0.5 0 42 0
0.5 120 40 55
0.5 0 52 55
0.5 120 52 0
0.5 0 40 0
0.5 120 38 60
0.5 0 50 60
0.5 120 50 0
0.5 0 38 0
0 106 64 0
0.5 254 54 52
0.5 0 57 52
0 56 64 127
0 240 64 0
0.5 184 42 52
0.5 120 42 0
0.5 120 40 49
0.5 120 40 0
0.5 120 38 53
0.5 120 38 0
0.5 360 57 0
0.5 0 54 0
0.5 0 57 49
0.5 0 54 49
0 56 64 127
0 240 64 0
0.5 184 42 49
0.5 120 42 0
0.5 120 40 46
0.5 120 40 0
0.5 120 38 50
0.5 120 38 0
0.5 360 54 0
0.5 0 57 0
0.5 0 42 49
0.5 0 54 49
0.5 120 54 0
0.5 0 42 0
0.5 120 40 45
0.5 0 52 45
0.5 120 52 0
0.5 0 40 0
0.5 120 38 48
0.5 0 50 48
0.5 120 50 0
0.5 0 38 0
0.5 360 42 45
0.5 0 54 45
0.5 120 54 0
0.5 0 42 0
0.5 120 52 41
0.5 0 40 41
0.5 120 40 0
0.5 0 52 0
0.5 120 38 44
0.5 0 50 44
0.5 120 50 0
0.5 0 38 0
0.5 360 45 41
0.5 120 45 0
0.5 360 38 40
0.5 120 38 0
0.5 360 38 55
0 25 64 127
0.5 215 54 46
0 244 64 0
0 45 64 127
0.5 911 54 0
0.5 0 38 0
0.5 0 37 55
0 44 64 0
0.5 76 37 0
0.5 120 49 55
0.5 120 49 0
0.5 600 46 55
0.5 0 34 46
0.5 480 34 0
0.5 0 46 0
0.5 0 35 55
0.5 120 35 0
0.5 120 47 55
0.5 120 47 0
0.5 600 32 46
0.5 0 44 55
0.5 0 52 42
0.5 120 52 0
0.5 360 44 0
0.5 0 32 0
0.5 0 33 55
0.5 0 45 55
0 28 64 127
0.5 212 52 55
0.5 240 45 0
0.5 0 33 0
0 25 64 0
0 24 64 127
0.5 431 57 56
0.5 0 45 55
0.5 240 57 0
0.5 0 55 51
0.5 224 38 55
0.5 16 55 0
0.5 0 52 0
0.5 0 45 0
0 0 64 0
0 71 64 127
0.5 153 54 46
0 244 64 0
0 45 64 127
0.5 911 54 0
0.5 0 38 0
0.5 0 37 55
0 60 64 0
0.5 60 37 0
0.5 120 49 48
0.5 120 49 0
0.5 600 46 55
0.5 0 34 46
0.5 480 34 0
0.5 0 46 0
0.5 16 47 55
0.5 0 35 46
0 49 64 127
0.5 191 54 47
0.5 120 54 0
0.5 120 35 0
0.5 0 47 0
0.5 0 43 55
0.5 0 31 46
0 28 64 0
0 78 64 127
0.5 134 31 0
0.5 0 43 0
0.5 240 52 51
0.5 0 45 51
0.5 0 33 42
0 42 64 0
0 64 64 127
0.5 14 52 0
0.5 120 33 0
0.5 240 38 49
0.5 0 54 58
0 0 64 0
0 169 64 127
0.5 71 54 0
0.5 0 38 0
0.5 240 45 0
0.5 0 57 70
0.5 0 50 60
0.5 240 50 0
0.5 0 57 0
0 0 64 0
0.5 720 38 55
0 25 64 127
0.5 215 54 46
0 244 64 0
0 45 64 127
0.5 911 54 0
0.5 0 38 0
0.5 0 37 55
0 44 64 0
0.5 76 37 0
0.5 120 49 55
0.5 120 49 0
0.5 600 46 55
0.5 0 34 46
0.5 480 34 0
0.5 0 46 0
0.5 0 35 55
0.5 120 35 0
0.5 120 47 55
0.5 120 47 0
0.5 600 32 46
0.5 0 44 55
0.5 0 52 42
0.5 120 52 0
0.5 360 44 0
0.5 0 32 0
0.5 0 33 55
0.5 0 45 55
0 28 64 127
0.5 212 52 55
0.5 240 45 0
0.5 0 33 0
0 25 64 0
0 24 64 127
0.5 431 57 56
0.5 0 45 55
0.5 240 57 0
0.5 0 55 51
0.5 224 38 55
0.5 16 55 0
0.5 0 52 0
0.5 0 45 0
0 0 64 0
0 42 64 127
0.5 182 54 46
0 244 64 0
0 45 64 127
0.5 911 54 0
0.5 0 38 0
0.5 0 37 55
0 22 64 0
0.5 98 37 0
0.5 120 49 48
0.5 120 49 0
0.5 600 46 55
0.5 0 34 46
0.5 480 34 0
0.5 0 46 0
0.5 16 47 55
0.5 0 35 46
0 49 64 127
0.5 191 54 47
0.5 120 54 0
0.5 120 35 0
0.5 0 47 0
0.5 0 43 55
0.5 0 31 46
0 28 64 0
0 78 64 127
0.5 134 31 0
0.5 0 43 0
0 184 64 0
0.5 56 52 51
0.5 0 45 51
0.5 0 33 42
0 56 64 127
0.5 64 52 0
0.5 120 33 0
0.5 240 38 49
0.5 0 54 58
0 0 64 0
0 169 64 127
0.5 71 54 0
0.5 0 38 0
0.5 240 45 0
0.5 0 57 70
0.5 0 50 60
0.5 240 50 0
0.5 0 57 0
0 0 64 0
0.5 720 62 42
0.5 0 66 52
0 42 64 127
0.5 438 66 0
0.5 0 67 47
0.5 240 67 0
0.5 0 66 44
0.5 240 66 0
0.5 0 64 45
0.5 240 64 0
0.5 0 66 42
0.5 240 66 0
0 0 64 0
0.5 0 67 48
0 113 64 127
0.5 367 67 0
0.5 0 67 47
0.5 240 67 0
0.5 0 71 44
0.5 240 71 0
0.5 0 67 46
0.5 480 67 0
0.5 0 62 0
0 0 64 0
0.5 0 62 42
0.5 0 66 52
0 184 64 127
0.5 296 66 0
0.5 0 67 47
0.5 240 67 0
0.5 0 66 44
0.5 240 66 0
0.5 0 64 45
0.5 240 64 0
0.5 0 62 0
0.5 0 62 42
0.5 240 62 0
0.5 0 57 38
0 0 64 0
0.5 0 64 48
0 113 64 127
0.5 367 64 0
0.5 0 57 0
0.5 0 67 47
0.5 240 67 0
0.5 0 66 41
0.5 240 66 0
0.5 0 57 36
0.5 0 67 46
0 282 64 0
0.5 198 67 0
0.5 0 57 0
0.5 0 62 42
0.5 0 66 52
0 198 64 127
0.5 282 66 0
0.5 0 67 47
0.5 240 67 0
0.5 0 66 44
0.5 240 66 0
0.5 0 64 45
0.5 240 64 0
0.5 0 66 42
0.5 240 66 0
0 0 64 0
0.5 0 67 48
0 113 64 127
0.5 367 67 0
0.5 0 67 47
0.5 240 67 0
0.5 0 71 44
0.5 240 71 0
0.5 0 67 46
0.5 480 67 0
0.5 0 62 0
0.5 0 62 42
0.5 0 66 52
0 56 64 0
0 198 64 127
0.5 226 66 0
0.5 0 67 47
0.5 240 67 0
0.5 0 66 44
0.5 240 66 0
0.5 0 64 45
0.5 240 64 0
0.5 0 62 0
0.5 0 62 42
0.5 240 62 0
0.5 0 57 38
0 0 64 0
0.5 0 64 48
0 453 64 127
0 789 64 0
0.5 198 64 0
0.5 0 57 0
0.5 0 38 55
0 25 64 127
0.5 215 54 46
0.5 240 45 55
0 4 64 0
0 45 64 127
0.5 911 45 0
0.5 0 54 0
0.5 0 38 0
0.5 0 37 55
0 38 64 0
0.5 82 37 0
0.5 120 49 55
0.5 120 49 0
0.5 600 46 55
0.5 0 34 46
0.5 480 34 0
0.5 0 46 0
0.5 0 35 55
0.5 120 35 0
0.5 120 47 55
0.5 120 47 0
0.5 600 32 46
0.5 0 44 55
0.5 0 52 42
0.5 120 52 0
0.5 360 44 0
0.5 0 32 0
0.5 0 33 55
0.5 0 45 55
0 28 64 127
0.5 212 52 55
0.5 240 45 0
0.5 0 33 0
0 25 64 0
0 24 64 127
0.5 431 57 56
0.5 0 45 55
0.5 240 57 0
0.5 0 55 51
0.5 240 55 0
0.5 0 45 0
0.5 0 52 0
0.5 0 38 55
0 11 64 0
0 42 64 127
0.5 171 54 46
0 244 64 0
0.5 12 45 55
0 33 64 127
0.5 911 54 0
0.5 16 45 0
0.5 0 38 0
0.5 0 37 55
0 11 64 0
0.5 109 37 0
0.5 120 49 48
0.5 120 49 0
0.5 600 34 46
0.5 0 46 55
0.5 480 46 0
0.5 0 34 0
0.5 0 47 55
0.5 0 35 46
0 49 64 127
0.5 191 54 47
0.5 120 54 0
0.5 120 35 0
0.5 0 47 0
0.5 0 43 55
0.5 0 31 46
0 28 64 0
0 78 64 127
0.5 134 31 0
0.5 0 43 0
0.5 240 52 51
0.5 0 45 51
0.5 0 33 42
0 42 64 0
0 50 64 127
0.5 28 52 0
0.5 120 33 0
0.5 240 38 49
0.5 0 54 58
0 0 64 0
0 169 64 127
0.5 71 54 0
0.5 0 38 0
0.5 240 45 0
0.5 0 57 70
0.5 0 50 60
0.5 240 50 0
0.5 0 57 0
0 0 64 0
0.5 720 47 38
0.5 0 62 47
0 42 64 127
0.5 438 62 0
0.5 0 64 41
0.5 240 64 0
0.5 0 62 39
0.5 240 62 0
0.5 0 61 39
0.5 240 61 0
0.5 0 62 38
0.5 240 62 0
0 0 64 0
0.5 0 64 42
0 113 64 127
0.5 367 64 0
0.5 0 61 41
0.5 480 61 0
0.5 0 64 40
0 282 64 0
0.5 198 64 0
0.5 0 47 0
0.5 0 47 38
0.5 0 62 47
0 42 64 127
0.5 438 62 0
0.5 0 64 41
0.5 240 64 0
0.5 0 62 39
0.5 240 62 0
0.5 0 61 39
0.5 240 61 0
0.5 0 62 38
0.5 240 62 0
0.5 0 47 0
0.5 0 52 38
0 0 64 0
0.5 0 64 42
0 113 64 127
0.5 367 64 0
0.5 0 61 41
0.5 480 61 0
0.5 0 52 0
0.5 0 54 40
0.5 0 58 40
0.5 480 58 0
0.5 0 54 0
0 0 64 0
0.5 0 47 31
0.5 0 59 38
0 127 64 127
0.5 113 59 0
0.5 0 47 0
0.5 0 54 38
0.5 480 54 0
0.5 0 54 33
0.5 480 54 0
0.5 0 54 33
0.5 240 54 0
0 0 64 0
0.5 0 45 38
0.5 0 52 38
0 78 64 127
0.5 402 52 0
0.5 0 52 39
0.5 480 52 0
0.5 0 52 41
0.5 480 52 0
0.5 0 45 0
0 0 64 0
0.5 0 54 42
0.5 0 50 42
0 141 64 127
0.5 339 50 0
0.5 0 54 0
0.5 0 54 38
0.5 480 54 0
0.5 0 54 31
0.5 0 58 31
0 141 64 0
0 113 64 127
0.5 226 58 0
0.5 0 54 0
0 0 64 0
0.5 0 47 38
0.5 0 55 38
0.5 0 59 38
0 286 64 127
0.5 194 59 0
0.5 0 55 0
0.5 0 47 0
0.5 0 47 48
0.5 240 47 0
0.5 0 46 41
0.5 240 46 0
0.5 0 47 38
0.5 480 47 0
0 0 64 0
0.5 0 45 38
0.5 0 52 38
0 78 64 127
0.5 162 52 0
0.5 0 52 45
0.5 480 52 0
0.5 0 52 38
0.5 480 52 0
0.5 0 52 38
0.5 240 52 0
0.5 0 45 0
0 0 64 0
0.5 0 54 42
0.5 0 50 42
0 141 64 127
0.5 339 50 0
0.5 0 54 0
0.5 0 54 38
0.5 480 54 0
0.5 0 54 31
0.5 0 58 31
0 141 64 0
0 113 64 127
0.5 226 58 0
0.5 0 54 0
0 0 64 0
0.5 0 47 38
0 169 64 127
0.5 71 47 0
0.5 0 54 28
0.5 480 54 0
0.5 0 54 26
0.5 480 54 0
0.5 0 54 25
0.5 240 54 0
0.5 0 47 23
0.5 240 54 23
0.5 480 54 0
0.5 0 54 20
0.5 480 54 0
0.5 0 54 19
0.5 240 54 0
0.5 0 47 0
0 0 64 0
0.5 0 47 38
0.5 0 62 47
0 141 64 127
0.5 339 62 0
0.5 0 64 41
0.5 240 64 0
0.5 0 62 39
0.5 240 62 0
0.5 0 61 39
0.5 240 61 0
0.5 0 62 38
0.5 240 62 0
0 0 64 0
0.5 0 64 42
0 113 64 127
0.5 367 64 0
0.5 0 61 41
0.5 480 61 0
0.5 0 64 40
0 282 64 0
0.5 198 64 0
0.5 0 47 0
0.5 0 47 38
0.5 0 62 47
0 42 64 127
0.5 438 62 0
0.5 0 64 41
0.5 240 64 0
0.5 0 62 39
0.5 240 62 0
0.5 0 61 39
0.5 240 61 0
0.5 0 62 38
0.5 240 62 0
0.5 0 47 0
0.5 0 52 38
0 0 64 0
0.5 0 64 42
0 113 64 127
0.5 367 64 0
0.5 0 61 41
0.5 480 61 0
0.5 0 52 0
0.5 0 54 40
0.5 0 58 40
0.5 480 58 0
0.5 0 54 0
0 0 64 0
0.5 0 47 31
0.5 0 59 38
0 127 64 127
0.5 113 59 0
0.5 0 47 0
0.5 0 54 38
0.5 480 54 0
0.5 0 54 33
0.5 480 54 0
0.5 0 54 33
0.5 240 54 0
0 0 64 0
0.5 0 45 38
0.5 0 52 38
0 78 64 127
0.5 402 52 0
0.5 0 52 39
0.5 480 52 0
0.5 0 52 41
0.5 480 52 0
0.5 0 45 0
0 0 64 0
0.5 0 54 42
0.5 0 50 42
0 141 64 127
0.5 339 50 0
0.5 0 54 0
0.5 0 54 38
0.5 480 54 0
0.5 0 54 31
0.5 0 58 31
0 141 64 0
0 113 64 127
0.5 226 58 0
0.5 0 54 0
0 0 64 0
0.5 0 47 38
0.5 0 55 38
0.5 0 59 38
0 286 64 127
0.5 194 59 0
0.5 0 55 0
0.5 0 47 0
0.5 0 47 47
0.5 240 47 0
0.5 0 46 41
0.5 240 46 0
0.5 0 47 38
0.5 480 47 0
0 0 64 0
0.5 0 45 38
0.5 0 52 38
0 78 64 127
0.5 162 52 0
0.5 0 52 47
0.5 480 52 0
0.5 0 52 38
0.5 480 52 0
0.5 0 52 38
0.5 240 52 0
0.5 0 45 0
0 0 64 0
0.5 0 54 42
0.5 0 50 42
0 141 64 127
0.5 339 50 0
0.5 0 54 0
0.5 0 54 38
0.5 480 54 0
0.5 0 54 31
0.5 0 58 31
0 141 64 0
0 113 64 127
0.5 226 58 0
0.5 0 54 0
0 0 64 0
0.5 0 47 38
0 169 64 127
0.5 71 47 0
0.5 0 54 28
0.5 480 54 0
0.5 0 54 26
0.5 480 54 0
0.5 0 54 25
0.5 240 54 0
0.5 0 47 23
0.5 240 54 23
0.5 480 54 0
0.5 0 54 20
0.5 480 54 0
0.5 0 54 19
0 56 64 0
0.5 184 54 0
0.5 0 47 0
0.5 0 38 61
0.5 0 45 73
0 141 64 127
0.5 339 50 69
0.5 0 54 69
0.5 0 57 81
0 127 64 0
0 141 64 127
0.5 692 57 0
0.5 0 50 0
0.5 0 38 0
0.5 0 45 0
0.5 0 54 0
0 0 64 0
0.5 0 38 61
0.5 0 45 73
0 240 64 127
0.5 240 49 67
0.5 0 57 80
0.5 0 55 67
0 213 64 0
0 214 64 127
0.5 533 55 0
0.5 0 49 0
0.5 0 38 0
0.5 0 45 0
0.5 0 57 0
0 0 64 0
0.5 0 38 61
0.5 0 45 73
0 155 64 127
0.5 325 50 66
0.5 0 54 66
0.5 0 57 78
0 141 64 0
0 99 64 127
0.5 720 57 0
0.5 0 50 0
0.5 0 38 0
0.5 0 45 0
0.5 0 54 0
0 0 64 0
0.5 0 38 61
0.5 0 45 73
0 240 64 127
0.5 240 49 65
0.5 0 55 65
0.5 0 57 77
0 267 64 0
0 186 64 127
0.5 507 57 0
0.5 0 49 0
0.5 0 38 0
0.5 0 45 0
0.5 0 55 0
0 0 64 0
0.5 0 38 61
0.5 0 45 73
0 160 64 127
0.5 320 50 77
0.5 0 54 77
0.5 0 57 77
0 137 64 0
0 137 64 127
0.5 686 57 0
0.5 0 50 0
0.5 0 38 0
0.5 0 45 0
0.5 0 54 0
0 0 64 0
0.5 0 38 61
0.5 0 45 73
0 389 64 127
0.5 91 64 81
0.5 0 60 69
0.5 0 55 69
0.5 480 55 0
0.5 0 64 0
0.5 0 60 0
0.5 0 62 73
0.5 0 60 61
0.5 0 54 61
0.5 480 54 0
0.5 0 62 0
0.5 0 38 0
0.5 0 45 0
0.5 0 60 0
0 0 64 0
0.5 0 38 61
0.5 0 45 73
0 113 64 127
0.5 367 62 80
0.5 0 59 67
0.5 0 55 67
0 127 64 0
0 99 64 127
0.5 734 55 0
0.5 0 62 0
0.5 0 38 0
0.5 0 45 0
0.5 0 59 0
0 0 64 0
0.5 0 38 61
0.5 0 45 73
0 32 64 127
0.5 448 64 82
0.5 0 57 70
0.5 0 55 70
0 74 64 0
0 25 64 127
0.5 861 55 0
0.5 0 64 0
0.5 0 38 0
0.5 0 45 0
0.5 0 57 0
0 0 64 0
0.5 0 38 61
0.5 0 45 61
0.5 0 54 73
0 88 64 127
0 314 64 0
0.5 18 54 0
0.5 0 45 0
0.5 0 38 0
0.5 60 38 38
0.5 0 50 53
0 49 64 127
0.5 71 50 0
0.5 0 38 0
0.5 120 37 36
0.5 0 49 51
0.5 120 49 0
0.5 0 37 0
0.5 120 38 38
0.5 0 50 54
0.5 120 50 0
0.5 0 38 0
0 53 64 0
0.5 307 38 46
0.5 0 50 51
0.5 120 50 0
0.5 0 38 0
0 0 64 127
0.5 360 57 53
0.5 0 45 38
0.5 120 45 0
0.5 0 57 0
0.5 120 42 36
0.5 0 54 51
0.5 120 54 0
0.5 0 42 0
0.5 120 38 38
0.5 0 50 54
0.5 120 50 0
0.5 0 38 0
0 71 64 0
0.5 289 38 38
0.5 0 50 53
0 49 64 127
0.5 71 50 0
0.5 0 38 0
0.5 120 37 36
0.5 0 49 51
0.5 120 49 0
0.5 0 37 0
0.5 120 38 38
0.5 0 50 54
0.5 120 50 0
0.5 0 38 0
0 14 64 0
0.5 346 38 38
0.5 0 50 53
0 49 64 127
0.5 71 50 0
0.5 0 38 0
0.5 120 37 36
0.5 0 49 51
0.5 120 49 0
0.5 0 37 0
0.5 120 38 38
0.5 0 50 54
0 99 64 0
0.5 21 50 0
0.5 0 38 0
0.5 360 57 55
0.5 0 45 39
0 49 64 127
0.5 71 45 0
0.5 0 57 0
0.5 120 42 37
0.5 0 54 53
0.5 120 54 0
0.5 0 42 0
0.5 120 38 39
0.5 0 50 57
0.5 120 50 0
0.5 0 38 0
0 134 64 0
0.5 226 57 58
0.5 0 45 42
0 49 64 127
0.5 71 45 0
0.5 0 57 0
0.5 120 42 39
0.5 0 54 55
0.5 120 54 0
0.5 0 42 0
0.5 120 38 42
0.5 0 50 59
0.5 120 50 0
0.5 0 38 0
0 99 64 0
0.5 261 57 61
0.5 0 45 44
0 49 64 127
0.5 71 45 0
0.5 0 57 0
0.5 120 42 40
0.5 0 54 58
0.5 120 54 0
0.5 0 42 0
0.5 120 50 65
0.5 120 50 0
0.5 120 57 63
0.5 120 57 0
0.5 120 54 67
0.5 120 54 0
0.5 120 50 61
0.5 120 50 0
0.5 120 57 65
0.5 120 57 0
0.5 120 54 61
0.5 120 54 0
0.5 120 50 65
0.5 0 38 54
0 42 64 0
0.5 78 38 0
0.5 0 50 0
0 7 64 127
0.5 113 57 60
0.5 0 45 50
0.5 120 45 0
0.5 0 57 0
0.5 120 42 58
0.5 0 54 69
0.5 120 54 0
0.5 0 42 0
0.5 120 38 53
0.5 0 50 64
0.5 120 50 0
0.5 0 38 0
0.5 120 45 54
0.5 0 57 66
0.5 120 57 0
0.5 0 45 0
0.5 120 54 66
0.5 0 42 54
0.5 120 42 0
0.5 0 54 0
0 120 64 0
0.5 0 50 72
0.5 0 38 60
0 373 64 127
0.5 107 38 0
0.5 0 50 0
0.5 0 50 72
0.5 0 38 60
0 320 64 0
0.5 160 38 0
0.5 0 50 0
0.5 480 57 70
0 0 64 0
0.5 0 62 82
0.5 0 50 70
0 373 64 127
0.5 107 50 0
0.5 0 62 0
0.5 0 57 0
0.5 0 57 70
0.5 0 62 82
0.5 0 50 70
0 320 64 0
0.5 160 50 0
0.5 0 62 0
0.5 0 57 0
0.5 480 57 70
0.5 0 62 82
0.5 0 50 70
0 213 64 127
0.5 267 50 0
0.5 0 62 0
0.5 0 57 0
0 53 64 0
1 0 0 0
