0.5 0 67 48
0.5 480 67 0
0.5 0 71 50
0.5 480 71 0
0.5 480 69 50
0.5 120 69 0
0.5 0 67 45
0.5 120 67 0
0.5 0 69 45
0.5 120 69 0
0.5 0 71 45
0.5 120 71 0
0.5 0 72 50
0.5 480 72 0
0.5 480 72 50
0.5 240 72 0
0.5 0 71 49
0.5 240 71 0
0.5 0 76 55
0.5 240 76 0
0.5 0 74 50
0.5 240 74 0
0.5 0 79 55
0.5 160 79 0
0.5 0 78 50
0.5 160 78 0
0.5 0 76 50
0.5 160 76 0
0.5 0 74 57
0.5 480 74 0
0.5 0 72 59
0.5 80 72 0
0.5 0 74 50
0.5 80 74 0
0.5 0 72 50
0.5 80 72 0
0.5 0 71 53
0.5 120 71 0
0.5 0 72 44
0.5 120 72 0
0.5 0 71 50
0.5 480 71 0
0.5 0 83 64
0.5 120 83 0
0.5 0 81 60
0.5 120 81 0
0.5 0 83 58
0.5 120 83 0
0.5 0 84 60
0.5 120 84 0
0.5 0 86 64
0.5 240 86 0
0.5 720 81 69
0.5 160 81 0
0.5 0 83 61
0.5 160 83 0
0.5 0 81 61
0.5 160 81 0
0.5 0 86 72
0.5 160 86 0
0.5 0 85 64
0.5 160 85 0
0.5 0 83 64
0.5 160 83 0
0.5 0 81 69
0.5 160 81 0
0.5 0 79 62
0.5 160 79 0
0.5 0 78 62
0.5 160 78 0
0.5 0 76 69
0.5 160 76 0
0.5 0 79 60
0.5 160 79 0
0.5 0 83 60
0.5 160 83 0
0.5 0 74 68
0.5 480 74 0
0.5 0 73 66
0.5 80 73 0
0.5 0 74 60
0.5 80 74 0
0.5 0 73 60
0.5 80 73 0
0.5 0 74 64
0.5 60 74 0
0.5 0 73 52
0.5 60 73 0
0.5 0 71 53
0.5 60 71 0
0.5 0 73 59
0.5 60 73 0
0.5 0 74 68
0.5 480 74 0
0.5 960 67 48
0.5 480 67 0
0.5 0 71 50
0.5 480 71 0
0.5 480 69 50
0.5 120 69 0
0.5 0 67 45
0.5 120 67 0
0.5 0 69 45
0.5 120 69 0
0.5 0 71 45
0.5 120 71 0
0.5 0 72 50
0.5 480 72 0
0.5 480 72 50
0.5 240 72 0
0.5 0 71 49
0.5 240 71 0
0.5 0 76 55
0.5 240 76 0
0.5 0 74 50
0.5 240 74 0
0.5 0 79 55
0.5 160 79 0
0.5 0 78 50
0.5 160 78 0
0.5 0 76 50
0.5 160 76 0
0.5 0 74 57
0.5 480 74 0
0.5 0 72 59
0.5 80 72 0
0.5 0 74 50
0.5 80 74 0
0.5 0 72 50
0.5 80 72 0
0.5 0 71 53
0.5 120 71 0
0.5 0 72 44
0.5 120 72 0
0.5 0 71 50
0.5 480 71 0
0.5 0 83 64
0.5 120 83 0
0.5 0 81 60
0.5 120 81 0
0.5 0 83 58
0.5 120 83 0
0.5 0 84 60
0.5 120 84 0
0.5 0 86 64
0.5 240 86 0
0.5 720 81 69
0.5 160 81 0
0.5 0 83 61
0.5 160 83 0
0.5 0 81 61
0.5 160 81 0
0.5 0 86 72
0.5 160 86 0
0.5 0 85 64
0.5 160 85 0
0.5 0 83 64
0.5 160 83 0
0.5 0 81 69
0.5 160 81 0
0.5 0 79 62
0.5 160 79 0
0.5 0 78 62
0.5 160 78 0
0.5 0 76 69
0.5 160 76 0
0.5 0 79 60
0.5 160 79 0
0.5 0 83 60
0.5 160 83 0
0.5 0 74 68
0.5 480 74 0
0.5 0 73 66
0.5 80 73 0
0.5 0 74 60
0.5 80 74 0
0.5 0 73 60
0.5 80 73 0
0.5 0 74 64
0.5 60 74 0
0.5 0 73 52
0.5 60 73 0
0.5 0 71 53
0.5 60 71 0
0.5 0 73 59
0.5 60 73 0
0.5 0 74 68
0.5 480 74 0
0.5 960 74 48
0.5 480 74 0
0.5 0 71 50
0.5 480 71 0
0.5 480 72 50
0.5 120 72 0
0.5 0 71 45
0.5 120 71 0
0.5 0 72 45
0.5 120 72 0
0.5 0 74 45
0.5 120 74 0
0.5 0 76 50
0.5 480 76 0
0.5 480 72 50
0.5 240 72 0
0.5 0 69 49
0.5 240 69 0
0.5 0 71 55
0.5 240 71 0
0.5 0 67 50
0.5 240 67 0
0.5 0 79 64
0.5 160 79 0
0.5 0 78 57
0.5 160 78 0
0.5 0 76 56
0.5 160 76 0
0.5 0 74 65
0.5 480 74 0
0.5 0 72 59
0.5 80 72 0
0.5 0 74 50
0.5 80 74 0
0.5 0 72 50
0.5 80 72 0
0.5 0 71 53
0.5 120 71 0
0.5 0 72 44
0.5 120 72 0
0.5 0 71 50
0.5 480 71 0
0.5 0 76 64
0.5 120 76 0
0.5 0 74 60
0.5 120 74 0
0.5 0 76 58
0.5 120 76 0
0.5 0 78 60
0.5 120 78 0
0.5 0 79 64
0.5 240 79 0
0.5 0 79 61
0.5 120 79 0
0.5 120 79 61
0.5 120 79 0
0.5 120 79 61
0.5 120 79 0
0.5 120 78 68
0.5 120 78 0
0.5 0 76 66
0.5 120 76 0
0.5 0 78 59
0.5 120 78 0
0.5 0 79 65
0.5 120 79 0
0.5 0 81 69
0.5 240 81 0
0.5 0 72 65
0.5 120 72 0
0.5 120 72 65
0.5 120 72 0
0.5 120 71 65
0.5 120 71 0
0.5 120 69 74
0.5 160 69 0
0.5 0 72 60
0.5 160 72 0
0.5 0 76 60
0.5 160 76 0
0.5 0 67 68
0.5 480 67 0
0.5 0 66 66
0.5 80 66 0
0.5 0 67 60
0.5 80 67 0
0.5 0 66 60
0.5 80 66 0
0.5 0 67 64
0.5 60 67 0
0.5 0 66 52
0.5 60 66 0
0.5 0 64 53
0.5 60 64 0
0.5 0 66 59
0.5 60 66 0
0.5 0 67 68
0.5 960 67 0
0.5 480 74 48
0.5 480 74 0
0.5 0 71 50
0.5 480 71 0
0.5 480 72 50
0.5 120 72 0
0.5 0 71 45
0.5 120 71 0
0.5 0 72 45
0.5 120 72 0
0.5 0 74 45
0.5 120 74 0
0.5 0 76 50
0.5 480 76 0
0.5 480 72 50
0.5 240 72 0
0.5 0 69 49
0.5 240 69 0
0.5 0 71 55
0.5 240 71 0
0.5 0 67 50
0.5 240 67 0
0.5 0 79 64
0.5 160 79 0
0.5 0 78 57
0.5 160 78 0
0.5 0 76 56
0.5 160 76 0
0.5 0 74 65
0.5 480 74 0
0.5 0 72 59
0.5 80 72 0
0.5 0 74 50
0.5 80 74 0
0.5 0 72 50
0.5 80 72 0
0.5 0 71 53
0.5 120 71 0
0.5 0 72 44
0.5 120 72 0
0.5 0 71 50
0.5 480 71 0
0.5 0 76 64
0.5 120 76 0
0.5 0 74 60
0.5 120 74 0
0.5 0 76 58
0.5 120 76 0
0.5 0 78 60
0.5 120 78 0
0.5 0 79 64
0.5 240 79 0
0.5 0 79 61
0.5 120 79 0
0.5 120 79 61
0.5 120 79 0
0.5 120 79 61
0.5 120 79 0
0.5 120 78 68
0.5 120 78 0
0.5 0 76 66
0.5 120 76 0
0.5 0 78 59
0.5 120 78 0
0.5 0 79 65
0.5 120 79 0
0.5 0 81 70
0.5 240 81 0
0.5 0 72 65
0.5 120 72 0
0.5 120 72 65
0.5 120 72 0
0.5 120 71 65
0.5 120 71 0
0.5 120 69 74
0.5 160 69 0
0.5 0 72 60
0.5 160 72 0
0.5 0 76 60
0.5 160 76 0
0.5 0 67 68
0.5 480 67 0
0.5 0 66 66
0.5 80 66 0
0.5 0 67 60
0.5 80 67 0
0.5 0 66 60
0.5 80 66 0
0.5 0 67 64
0.5 60 67 0
0.5 0 66 52
0.5 60 66 0
0.5 0 64 53
0.5 60 64 0
0.5 0 66 59
0.5 60 66 0
0.5 0 67 68
0.5 960 67 0
1 0 0 0
0.5 480 55 41
0.5 480 55 0
0.5 0 43 41
0.5 480 43 0
0.5 480 54 41
0.5 480 54 0
0.5 0 50 36
0.5 480 50 0
0.5 0 55 41
0.5 480 55 0
0.5 960 59 41
0.5 480 59 0
0.5 0 50 35
0.5 0 57 42
0.5 480 57 0
0.5 0 50 0
0.5 0 55 51
0.5 480 55 0
0.5 480 55 43
0.5 0 59 51
0.5 480 59 0
0.5 0 55 0
0.5 0 55 36
0.5 0 59 43
0.5 480 59 0
0.5 0 55 0
0.5 0 54 47
0.5 0 62 56
0.5 480 62 0
0.5 0 54 0
0.5 960 67 58
0.5 0 55 49
0.5 480 55 0
0.5 0 67 0
0.5 0 66 51
0.5 0 57 43
0.5 480 66 0
0.5 0 64 51
0.5 480 64 0
0.5 0 57 0
0.5 0 62 57
0.5 480 62 0
0.5 0 57 45
0.5 120 57 0
0.5 360 50 51
0.5 240 50 0
0.5 720 55 41
0.5 480 55 0
0.5 0 43 41
0.5 480 43 0
0.5 480 54 41
0.5 480 54 0
0.5 0 50 36
0.5 480 50 0
0.5 0 55 41
0.5 480 55 0
0.5 960 59 41
0.5 480 59 0
0.5 0 50 35
0.5 0 57 42
0.5 480 57 0
0.5 0 50 0
0.5 0 55 51
0.5 480 55 0
0.5 480 55 43
0.5 0 59 51
0.5 480 59 0
0.5 0 55 0
0.5 0 55 36
0.5 0 59 43
0.5 480 59 0
0.5 0 55 0
0.5 0 54 47
0.5 0 62 56
0.5 480 62 0
0.5 0 54 0
0.5 960 67 58
0.5 0 55 49
0.5 480 55 0
0.5 0 67 0
0.5 0 66 51
0.5 0 57 43
0.5 480 66 0
0.5 0 64 51
0.5 480 64 0
0.5 0 57 0
0.5 0 62 57
0.5 480 62 0
0.5 0 57 45
0.5 120 57 0
0.5 360 50 51
0.5 240 50 0
0.5 240 59 41
0.5 480 59 0
0.5 0 56 41
0.5 480 56 0
0.5 0 52 41
0.5 480 52 0
0.5 0 57 41
0.5 480 57 0
0.5 0 60 41
0.5 480 60 0
0.5 0 57 36
0.5 480 57 0
0.5 0 54 41
0.5 480 54 0
0.5 0 55 34
0.5 480 55 0
0.5 480 59 41
0.5 480 59 0
0.5 0 50 35
0.5 0 57 42
0.5 480 57 0
0.5 0 50 0
0.5 0 55 51
0.5 480 55 0
0.5 0 60 54
0.5 480 60 0
0.5 0 59 51
0.5 480 59 0
0.5 0 55 51
0.5 480 55 0
0.5 0 57 59
0.5 480 57 0
0.5 0 54 57
0.5 480 54 0
0.5 0 55 59
0.5 480 55 0
0.5 0 60 58
0.5 0 48 49
0.5 480 48 0
0.5 0 60 0
0.5 0 50 43
0.5 0 59 51
0.5 480 59 0
0.5 0 57 51
0.5 480 57 0
0.5 0 50 0
0.5 0 55 57
0.5 480 55 0
0.5 0 50 45
0.5 120 50 0
0.5 360 43 51
0.5 240 43 0
0.5 240 59 41
0.5 480 59 0
0.5 0 56 41
0.5 480 56 0
0.5 0 52 41
0.5 480 52 0
0.5 0 57 41
0.5 480 57 0
0.5 0 60 41
0.5 480 60 0
0.5 0 57 36
0.5 480 57 0
0.5 0 54 41
0.5 480 54 0
0.5 0 55 34
0.5 480 55 0
0.5 480 59 41
0.5 480 59 0
0.5 0 50 35
0.5 0 57 42
0.5 480 57 0
0.5 0 50 0
0.5 0 55 51
0.5 480 55 0
0.5 0 60 54
0.5 480 60 0
0.5 0 59 51
0.5 480 59 0
0.5 0 55 51
0.5 480 55 0
0.5 0 57 59
0.5 480 57 0
0.5 0 54 57
0.5 480 54 0
0.5 0 55 59
0.5 480 55 0
0.5 0 60 58
0.5 0 48 49
0.5 480 48 0
0.5 0 60 0
0.5 0 50 43
0.5 0 59 51
0.5 480 59 0
0.5 0 57 51
0.5 480 57 0
0.5 0 50 0
0.5 0 55 57
0.5 480 55 0
0.5 0 50 45
0.5 120 50 0
0.5 360 43 51
0.5 480 43 0
1 0 0 0
