0 0 7 127
0 0 10 64
0 0 91 127
0.5 1680 59 66
0.5 0 64 76
0.5 40 64 0
0.5 0 59 0
0.5 40 59 66
0.5 0 64 76
0.5 40 64 0
0.5 0 59 0
0.5 40 59 66
0.5 0 64 76
0.5 40 64 0
0.5 0 59 0
0.5 40 59 70
0.5 0 64 80
0.5 720 64 0
0.5 0 59 0
0.5 0 59 66
0.5 0 64 76
0.5 40 64 0
0.5 0 59 0
0.5 40 59 66
0.5 0 64 76
0.5 40 64 0
0.5 0 59 0
0.5 40 59 66
0.5 0 64 76
0.5 40 64 0
0.5 0 59 0
0.5 40 59 70
0.5 0 64 80
0.5 720 64 0
0.5 0 59 0
0.5 0 59 66
0.5 0 64 76
0.5 40 64 0
0.5 0 59 0
0.5 40 59 66
0.5 0 64 76
0.5 40 64 0
0.5 0 59 0
0.5 40 59 66
0.5 0 64 76
0.5 40 64 0
0.5 0 59 0
0.5 40 59 70
0.5 0 64 70
0.5 0 67 80
0.5 960 67 0
0.5 0 64 0
0.5 0 59 0
0.5 0 55 62
0.5 0 59 62
0.5 0 64 72
0.5 480 64 0
0.5 0 59 0
0.5 0 55 0
0.5 240 76 72
0.5 0 71 72
0.5 0 83 83
0.5 40 83 0
0.5 0 71 0
0.5 0 76 0
0.5 40 76 72
0.5 0 71 72
0.5 0 83 83
0.5 40 83 0
0.5 0 71 0
0.5 0 76 0
0.5 40 76 72
0.5 0 71 72
0.5 0 83 83
0.5 40 83 0
0.5 0 71 0
0.5 0 76 0
0.5 40 75 77
0.5 0 71 77
0.5 0 83 88
0.5 720 83 0
0.5 0 71 0
0.5 0 75 0
0.5 0 76 72
0.5 0 71 72
0.5 0 83 83
0.5 40 83 0
0.5 0 71 0
0.5 0 76 0
0.5 40 76 72
0.5 0 71 72
0.5 0 83 83
0.5 40 83 0
0.5 0 71 0
0.5 0 76 0
0.5 40 76 72
0.5 0 71 72
0.5 0 83 83
0.5 40 83 0
0.5 0 71 0
0.5 0 76 0
0.5 40 75 77
0.5 0 71 77
0.5 0 83 88
0.5 720 83 0
0.5 0 71 0
0.5 0 75 0
0.5 0 76 72
0.5 0 71 72
0.5 0 83 83
0.5 40 83 0
0.5 0 71 0
0.5 0 76 0
0.5 40 76 72
0.5 0 71 72
0.5 0 83 83
0.5 40 83 0
0.5 0 71 0
0.5 0 76 0
0.5 40 76 72
0.5 0 71 72
0.5 0 83 83
0.5 40 83 0
0.5 0 71 0
0.5 0 76 0
0.5 40 75 77
0.5 0 78 77
0.5 0 87 88
0.5 960 87 0
0.5 0 78 0
0.5 0 75 0
0.5 0 78 61
0.5 0 90 71
0.5 480 90 0
0.5 0 78 0
0.5 0 57 57
0.5 0 59 68
0.5 480 59 0
0.5 0 57 0
0.5 0 55 59
0.5 0 59 59
0.5 0 64 70
0.5 480 64 0
0.5 0 59 0
0.5 0 55 0
0.5 0 55 59
0.5 0 59 59
0.5 0 64 70
0.5 480 64 0
0.5 0 59 0
0.5 0 55 0
0.5 0 59 60
0.5 0 64 60
0.5 0 67 71
0.5 480 67 0
0.5 0 64 0
0.5 0 59 0
0.5 0 59 60
0.5 0 66 60
0.5 0 69 71
0.5 480 69 0
0.5 0 66 0
0.5 0 59 0
0.5 0 59 61
0.5 0 64 61
0.5 0 67 61
0.5 0 71 72
0.5 480 71 0
0.5 0 59 0
0.5 0 64 0
0.5 0 67 0
0.5 0 64 58
0.5 0 66 58
0.5 0 69 69
0.5 80 69 0
0.5 0 66 0
0.5 0 64 0
0.5 80 64 58
0.5 0 67 58
0.5 0 71 69
0.5 80 71 0
0.5 0 67 0
0.5 0 64 0
0.5 80 64 58
0.5 0 69 58
0.5 0 72 69
0.5 80 72 0
0.5 0 69 0
0.5 0 64 0
0.5 80 64 62
0.5 0 67 62
0.5 0 71 73
0.5 480 71 0
0.5 0 67 0
0.5 0 64 0
0.5 0 59 57
0.5 0 64 57
0.5 0 67 68
0.5 360 67 0
0.5 0 64 0
0.5 0 59 0
0.5 0 66 61
0.5 0 69 72
0.5 120 69 0
0.5 0 66 0
0.5 0 64 61
0.5 0 67 61
0.5 0 71 72
0.5 480 71 0
0.5 0 67 0
0.5 0 64 0
0.5 0 64 59
0.5 0 67 59
0.5 0 71 71
0.5 480 71 0
0.5 0 67 0
0.5 0 64 0
0.5 0 69 66
0.5 0 72 66
0.5 0 79 78
0.5 480 79 0
0.5 0 72 0
0.5 0 69 0
0.5 0 69 61
0.5 0 72 61
0.5 0 78 73
0.5 480 78 0
0.5 0 72 0
0.5 0 69 0
0.5 0 67 55
0.5 0 71 55
0.5 0 76 65
0.5 960 76 0
0.5 0 71 0
0.5 0 67 0
0.5 0 66 45
0.5 0 71 45
0.5 0 75 54
0.5 480 75 0
0.5 0 71 0
0.5 0 66 0
0.5 0 66 49
0.5 480 66 0
0.5 0 67 53
0.5 480 67 0
0.5 0 66 45
0.5 0 67 54
0.5 480 67 0
0.5 0 66 0
0.5 0 64 45
0.5 0 67 54
0.5 480 67 0
0.5 0 64 0
0.5 0 62 45
0.5 0 67 53
0.5 480 67 0
0.5 0 62 0
0.5 0 60 45
0.5 0 67 54
0.5 480 67 0
0.5 0 60 0
0.5 0 62 43
0.5 0 66 51
0.5 160 66 0
0.5 0 69 51
0.5 160 69 0
0.5 0 72 50
0.5 160 72 0
0.5 0 62 0
0.5 0 67 49
0.5 0 62 45
0.5 0 71 54
0.5 480 71 0
0.5 0 62 0
0.5 0 67 0
0.5 0 59 45
0.5 0 63 45
0.5 0 67 53
0.5 360 67 0
0.5 0 66 49
0.5 120 66 0
0.5 0 63 0
0.5 0 59 0
0.5 0 60 44
0.5 0 64 52
0.5 480 64 0
0.5 0 60 0
0.5 0 60 42
0.5 0 64 50
0.5 480 64 0
0.5 0 60 0
0.5 0 59 42
0.5 0 64 50
0.5 480 64 0
0.5 0 59 0
0.5 0 54 42
0.5 0 57 42
0.5 0 60 42
0.5 0 66 50
0.5 360 66 0
0.5 0 63 45
0.5 120 63 0
0.5 0 60 0
0.5 0 57 0
0.5 0 54 0
0.5 0 54 38
0.5 0 57 41
0.5 0 60 41
0.5 0 63 49
0.5 480 63 0
0.5 0 54 0
0.5 0 57 0
0.5 0 60 0
0.5 0 55 35
0.5 0 59 35
0.5 0 64 42
0.5 960 64 0
0.5 0 59 0
0.5 0 55 0
0.5 0 59 68
0.5 480 59 0
0.5 0 52 59
0.5 0 55 59
0.5 0 59 59
0.5 0 64 70
0.5 480 64 0
0.5 0 52 0
0.5 0 55 0
0.5 0 59 0
0.5 0 52 59
0.5 0 55 59
0.5 0 59 59
0.5 0 64 70
0.5 480 64 0
0.5 0 52 0
0.5 0 55 0
0.5 0 59 0
0.5 0 55 60
0.5 0 59 60
0.5 0 64 60
0.5 0 67 71
0.5 480 67 0
0.5 0 55 0
0.5 0 59 0
0.5 0 64 0
0.5 0 57 60
0.5 0 59 60
0.5 0 66 60
0.5 0 69 71
0.5 480 69 0
0.5 0 57 0
0.5 0 59 0
0.5 0 66 0
0.5 0 59 61
0.5 0 64 61
0.5 0 67 61
0.5 0 71 72
0.5 480 71 0
0.5 0 59 0
0.5 0 64 0
0.5 0 67 0
0.5 0 57 58
0.5 0 64 58
0.5 0 66 58
0.5 0 69 69
0.5 80 69 0
0.5 0 57 0
0.5 0 64 0
0.5 0 66 0
0.5 80 59 58
0.5 0 64 58
0.5 0 67 58
0.5 0 71 69
0.5 80 71 0
0.5 0 59 0
0.5 0 64 0
0.5 0 67 0
0.5 80 60 58
0.5 0 64 58
0.5 0 69 58
0.5 0 72 69
0.5 80 72 0
0.5 0 60 0
0.5 0 64 0
0.5 0 69 0
0.5 80 59 62
0.5 0 64 62
0.5 0 67 62
0.5 0 71 73
0.5 480 71 0
0.5 0 59 0
0.5 0 64 0
0.5 0 67 0
0.5 0 55 57
0.5 0 59 57
0.5 0 64 57
0.5 0 67 68
0.5 360 67 0
0.5 0 55 0
0.5 0 59 0
0.5 0 64 0
0.5 0 57 61
0.5 0 66 61
0.5 0 69 72
0.5 120 69 0
0.5 0 66 0
0.5 0 57 0
0.5 0 59 61
0.5 0 64 61
0.5 0 67 61
0.5 0 71 72
0.5 480 71 0
0.5 0 59 0
0.5 0 64 0
0.5 0 67 0
0.5 0 59 59
0.5 0 64 59
0.5 0 67 59
0.5 0 71 71
0.5 480 71 0
0.5 0 59 0
0.5 0 64 0
0.5 0 67 0
0.5 0 71 66
0.5 0 72 68
0.5 0 79 80
0.5 480 79 0
0.5 0 72 0
0.5 0 71 0
0.5 0 69 61
0.5 0 72 61
0.5 0 78 73
0.5 480 78 0
0.5 0 72 0
0.5 0 69 0
0.5 0 67 55
0.5 0 71 55
0.5 0 76 65
0.5 960 76 0
0.5 0 71 0
0.5 0 67 0
0.5 0 66 45
0.5 0 71 45
0.5 0 75 54
0.5 456 75 0
0.5 0 71 0
0.5 0 66 0
0.5 24 66 49
0.5 480 66 0
0.5 0 67 53
0.5 480 67 0
0.5 0 66 45
0.5 0 67 54
0.5 480 67 0
0.5 0 66 0
0.5 0 64 45
0.5 0 67 54
0.5 480 67 0
0.5 0 64 0
0.5 0 62 45
0.5 0 67 53
0.5 480 67 0
0.5 0 62 0
0.5 0 61 45
0.5 0 67 54
0.5 480 67 0
0.5 0 61 0
0.5 0 62 43
0.5 0 66 51
0.5 160 66 0
0.5 0 69 51
0.5 160 69 0
0.5 0 72 50
0.5 160 72 0
0.5 0 62 0
0.5 0 67 49
0.5 0 62 45
0.5 0 71 54
0.5 480 71 0
0.5 0 62 0
0.5 0 67 0
0.5 0 59 45
0.5 0 62 45
0.5 0 67 53
0.5 360 67 0
0.5 0 65 49
0.5 120 65 0
0.5 0 62 0
0.5 0 59 0
0.5 0 60 44
0.5 0 64 52
0.5 480 64 0
0.5 0 60 0
0.5 0 60 42
0.5 0 64 50
0.5 480 64 0
0.5 0 60 0
0.5 0 59 42
0.5 0 64 50
0.5 480 64 0
0.5 0 59 0
0.5 0 54 42
0.5 0 57 42
0.5 0 60 42
0.5 0 66 50
0.5 360 66 0
0.5 0 63 45
0.5 120 63 0
0.5 0 60 0
0.5 0 57 0
0.5 0 54 0
0.5 0 54 38
0.5 0 57 41
0.5 0 60 41
0.5 0 63 49
0.5 480 63 0
0.5 0 54 0
0.5 0 57 0
0.5 0 60 0
0.5 0 55 35
0.5 0 59 35
0.5 0 64 42
0.5 951 64 0
0.5 0 59 0
0.5 0 55 0
0.5 9 59 57
0.5 480 59 0
0.5 0 54 51
0.5 0 59 51
0.5 0 63 60
0.5 480 63 0
0.5 0 59 0
0.5 0 54 0
0.5 0 54 52
0.5 0 59 52
0.5 0 63 62
0.5 480 63 0
0.5 0 59 0
0.5 0 54 0
0.5 0 55 54
0.5 0 59 54
0.5 0 61 54
0.5 0 64 64
0.5 480 64 0
0.5 0 55 0
0.5 0 59 0
0.5 0 61 0
0.5 0 55 54
0.5 0 61 54
0.5 0 64 65
0.5 80 64 0
0.5 0 61 0
0.5 0 55 0
0.5 80 57 53
0.5 0 63 53
0.5 0 66 63
0.5 80 66 0
0.5 0 63 0
0.5 0 57 0
0.5 80 59 53
0.5 0 64 53
0.5 0 67 63
0.5 80 67 0
0.5 0 64 0
0.5 0 59 0
0.5 80 57 57
0.5 0 63 57
0.5 0 66 67
0.5 480 66 0
0.5 0 63 0
0.5 0 57 0
0.5 0 57 58
0.5 0 63 58
0.5 0 66 69
0.5 480 66 0
0.5 0 63 0
0.5 0 57 0
0.5 0 59 60
0.5 0 64 60
0.5 0 67 72
0.5 480 67 0
0.5 0 64 0
0.5 0 59 0
0.5 0 59 62
0.5 0 64 62
0.5 0 67 73
0.5 80 67 0
0.5 0 64 0
0.5 0 59 0
0.5 80 59 61
0.5 0 66 61
0.5 0 69 72
0.5 80 69 0
0.5 0 66 0
0.5 0 59 0
0.5 80 59 61
0.5 0 67 61
0.5 0 71 72
0.5 80 71 0
0.5 0 67 0
0.5 0 59 0
0.5 80 60 55
0.5 0 64 57
0.5 0 66 63
0.5 0 69 75
0.5 480 69 0
0.5 0 60 0
0.5 0 64 0
0.5 0 66 0
0.5 0 60 60
0.5 0 64 64
0.5 0 66 66
0.5 0 69 77
0.5 80 69 0
0.5 0 60 0
0.5 0 64 0
0.5 0 66 0
0.5 80 67 64
0.5 0 64 64
0.5 0 71 76
0.5 80 71 0
0.5 0 64 0
0.5 0 67 0
0.5 80 64 64
0.5 0 72 77
0.5 0 69 64
0.5 80 69 0
0.5 0 72 0
0.5 0 64 0
0.5 80 67 67
0.5 0 64 67
0.5 0 71 79
0.5 480 71 0
0.5 0 64 0
0.5 0 67 0
0.5 0 64 71
0.5 0 71 83
0.5 0 67 71
0.5 80 67 0
0.5 0 71 0
0.5 0 64 0
0.5 80 66 67
0.5 0 75 80
0.5 0 69 67
0.5 80 69 0
0.5 0 75 0
0.5 0 66 0
0.5 80 76 81
0.5 0 67 68
0.5 0 71 68
0.5 80 71 0
0.5 0 67 0
0.5 0 76 0
0.5 80 66 69
0.5 0 69 69
0.5 0 75 82
0.5 480 75 0
0.5 0 69 0
0.5 0 66 0
0.5 0 66 75
0.5 0 69 75
0.5 0 75 89
0.5 80 75 0
0.5 0 69 0
0.5 0 66 0
0.5 80 71 72
0.5 0 67 72
0.5 0 76 85
0.5 80 76 0
0.5 0 67 0
0.5 0 71 0
0.5 80 69 74
0.5 0 78 87
0.5 0 72 74
0.5 80 72 0
0.5 0 78 0
0.5 0 69 0
0.5 80 71 74
0.5 0 67 74
0.5 0 76 87
0.5 480 76 0
0.5 0 67 0
0.5 0 71 0
0.5 0 67 79
0.5 0 76 94
0.5 0 71 79
0.5 80 71 0
0.5 0 76 0
0.5 0 67 0
0.5 80 67 75
0.5 0 78 89
0.5 0 71 75
0.5 80 71 0
0.5 0 78 0
0.5 0 67 0
0.5 80 79 90
0.5 0 67 76
0.5 0 71 76
0.5 80 71 0
0.5 0 67 0
0.5 0 79 0
0.5 80 76 80
0.5 0 81 94
0.5 480 81 0
0.5 0 76 0
0.5 0 74 80
0.5 0 79 94
0.5 0 81 94
0.5 480 81 0
0.5 0 79 0
0.5 0 74 0
0.5 0 72 80
0.5 0 78 94
0.5 0 81 94
0.5 480 81 0
0.5 0 78 0
0.5 0 72 0
0.5 0 71 80
0.5 0 76 94
0.5 0 81 94
0.5 480 81 0
0.5 0 76 0
0.5 0 71 0
0.5 0 69 80
0.5 0 74 94
0.5 0 81 94
0.5 480 81 0
0.5 0 74 0
0.5 0 69 0
0.5 0 67 74
0.5 0 72 90
0.5 0 81 92
0.5 360 81 0
0.5 0 72 0
0.5 0 67 0
0.5 0 66 75
0.5 60 71 90
0.5 60 81 90
0.5 480 81 0
0.5 0 71 0
0.5 0 66 0
0.5 0 63 79
0.5 0 71 95
0.5 0 69 79
0.5 80 69 0
0.5 0 71 0
0.5 0 63 0
0.5 80 64 75
0.5 0 73 90
0.5 0 69 75
0.5 80 69 0
0.5 0 73 0
0.5 0 64 0
0.5 80 75 91
0.5 0 66 76
0.5 0 69 76
0.5 80 69 0
0.5 0 66 0
0.5 0 75 0
0.5 80 64 79
0.5 0 67 79
0.5 0 76 94
0.5 480 76 0
0.5 0 67 0
0.5 0 64 0
0.5 0 69 79
0.5 0 66 79
0.5 0 74 94
0.5 0 76 94
0.5 480 76 0
0.5 0 69 0
0.5 0 66 0
0.5 0 74 0
0.5 0 64 79
0.5 0 67 79
0.5 0 72 94
0.5 0 76 94
0.5 480 76 0
0.5 0 64 0
0.5 0 67 0
0.5 0 72 0
0.5 0 62 79
0.5 0 66 79
0.5 0 71 94
0.5 0 76 94
0.5 480 76 0
0.5 0 62 0
0.5 0 66 0
0.5 0 71 0
0.5 0 64 79
0.5 0 69 94
0.5 0 76 94
0.5 480 76 0
0.5 0 69 0
0.5 0 64 0
0.5 0 62 74
0.5 0 67 90
0.5 0 76 92
0.5 480 76 0
0.5 0 67 0
0.5 0 62 0
0.5 0 66 91
0.5 0 76 93
0.5 480 76 0
0.5 0 66 0
0.5 0 57 86
0.5 0 64 86
0.5 240 54 75
0.5 0 66 87
0.5 40 66 0
0.5 0 54 0
0.5 40 54 75
0.5 0 66 87
0.5 40 66 0
0.5 0 54 0
0.5 40 54 75
0.5 0 66 87
0.5 40 66 0
0.5 0 54 0
0.5 40 64 0
0.5 0 57 0
0.5 0 54 68
0.5 0 63 80
0.5 0 59 80
0.5 0 66 92
0.5 720 66 0
0.5 0 54 0
0.5 0 63 0
0.5 0 59 0
0.5 0 54 75
0.5 0 66 87
0.5 40 66 0
0.5 0 54 0
0.5 40 54 75
0.5 0 66 87
0.5 40 66 0
0.5 0 54 0
0.5 40 54 75
0.5 0 66 87
0.5 40 66 0
0.5 0 54 0
0.5 40 54 80
0.5 0 66 92
0.5 720 66 0
0.5 0 54 0
0.5 0 54 75
0.5 0 66 87
0.5 40 66 0
0.5 0 54 0
0.5 40 54 75
0.5 0 66 87
0.5 40 66 0
0.5 0 54 0
0.5 40 54 75
0.5 0 66 87
0.5 40 66 0
0.5 0 54 0
0.5 40 57 80
0.5 0 69 92
0.5 960 69 0
0.5 0 57 0
0.5 0 54 71
0.5 0 66 82
0.5 480 66 0
0.5 0 54 0
0.5 240 78 82
0.5 0 76 82
0.5 0 72 69
0.5 0 81 95
0.5 40 81 0
0.5 0 78 0
0.5 0 76 0
0.5 0 72 0
0.5 40 78 82
0.5 0 76 82
0.5 0 72 69
0.5 0 81 95
0.5 40 81 0
0.5 0 78 0
0.5 0 76 0
0.5 0 72 0
0.5 40 78 82
0.5 0 76 82
0.5 0 72 69
0.5 0 81 95
0.5 40 81 0
0.5 0 78 0
0.5 0 76 0
0.5 0 72 0
0.5 40 78 88
0.5 0 75 88
0.5 0 71 74
0.5 0 81 101
0.5 720 81 0
0.5 0 78 0
0.5 0 75 0
0.5 0 71 0
0.5 0 78 82
0.5 0 76 82
0.5 0 71 69
0.5 0 81 95
0.5 40 81 0
0.5 0 78 0
0.5 0 76 0
0.5 0 71 0
0.5 40 78 82
0.5 0 76 82
0.5 0 71 69
0.5 0 81 95
0.5 40 81 0
0.5 0 78 0
0.5 0 76 0
0.5 0 71 0
0.5 40 78 82
0.5 0 76 82
0.5 0 71 69
0.5 0 81 95
0.5 40 81 0
0.5 0 78 0
0.5 0 76 0
0.5 0 71 0
0.5 40 78 88
0.5 0 75 88
0.5 0 71 74
0.5 0 81 101
0.5 720 81 0
0.5 0 78 0
0.5 0 75 0
0.5 0 71 0
0.5 0 78 82
0.5 0 76 82
0.5 0 71 69
0.5 0 81 95
0.5 40 81 0
0.5 0 78 0
0.5 0 76 0
0.5 0 71 0
0.5 40 78 82
0.5 0 76 82
0.5 0 71 69
0.5 0 81 95
0.5 40 81 0
0.5 0 78 0
0.5 0 76 0
0.5 0 71 0
0.5 40 78 82
0.5 0 76 82
0.5 0 71 69
0.5 0 81 95
0.5 40 81 0
0.5 0 78 0
0.5 0 76 0
0.5 0 71 0
0.5 40 75 88
0.5 0 81 88
0.5 0 87 101
0.5 960 87 0
0.5 0 81 0
0.5 0 75 0
0.5 0 78 70
0.5 0 90 81
0.5 480 90 0
0.5 0 78 0
0.5 0 57 74
0.5 0 59 89
0.5 480 59 0
0.5 0 57 0
0.5 0 52 65
0.5 0 55 77
0.5 0 59 77
0.5 0 64 92
0.5 480 64 0
0.5 0 52 0
0.5 0 55 0
0.5 0 59 0
0.5 0 52 65
0.5 0 55 77
0.5 0 59 77
0.5 0 64 92
0.5 480 64 0
0.5 0 52 0
0.5 0 55 0
0.5 0 59 0
0.5 0 55 67
0.5 0 59 79
0.5 0 62 79
0.5 0 67 93
0.5 480 67 0
0.5 0 55 0
0.5 0 59 0
0.5 0 62 0
0.5 0 62 78
0.5 0 57 62
0.5 0 66 79
0.5 0 69 93
0.5 480 69 0
0.5 0 62 0
0.5 0 57 0
0.5 0 66 0
0.5 0 59 68
0.5 0 62 80
0.5 0 67 80
0.5 0 71 94
0.5 480 71 0
0.5 0 59 0
0.5 0 62 0
0.5 0 67 0
0.5 0 57 63
0.5 0 62 75
0.5 0 66 75
0.5 0 69 90
0.5 80 69 0
0.5 0 57 0
0.5 0 62 0
0.5 0 66 0
0.5 80 59 61
0.5 0 62 72
0.5 0 67 72
0.5 0 71 87
0.5 80 71 0
0.5 0 59 0
0.5 0 62 0
0.5 0 67 0
0.5 80 60 61
0.5 0 62 72
0.5 0 69 72
0.5 0 72 87
0.5 80 72 0
0.5 0 60 0
0.5 0 62 0
0.5 0 69 0
0.5 80 59 68
0.5 0 62 81
0.5 0 67 81
0.5 0 71 95
0.5 480 71 0
0.5 0 59 0
0.5 0 62 0
0.5 0 67 0
0.5 0 55 62
0.5 0 59 74
0.5 0 62 74
0.5 0 67 89
0.5 360 67 0
0.5 0 55 0
0.5 0 59 0
0.5 0 62 0
0.5 0 57 65
0.5 0 62 77
0.5 0 66 77
0.5 0 69 91
0.5 120 69 0
0.5 0 57 0
0.5 0 62 0
0.5 0 66 0
0.5 0 59 68
0.5 0 62 80
0.5 0 67 80
0.5 0 71 94
0.5 480 71 0
0.5 0 59 0
0.5 0 62 0
0.5 0 67 0
0.5 0 59 65
0.5 0 62 77
0.5 0 67 77
0.5 0 71 93
0.5 480 71 0
0.5 0 59 0
0.5 0 62 0
0.5 0 67 0
0.5 0 67 73
0.5 0 76 86
0.5 0 70 86
0.5 0 73 86
0.5 0 79 102
0.5 480 79 0
0.5 0 70 0
0.5 0 67 0
0.5 0 76 0
0.5 0 73 0
0.5 0 66 68
0.5 0 70 80
0.5 0 73 80
0.5 0 78 95
0.5 480 78 0
0.5 0 66 0
0.5 0 70 0
0.5 0 73 0
0.5 0 64 61
0.5 0 67 72
0.5 0 71 72
0.5 0 76 85
0.5 960 76 0
0.5 0 64 0
0.5 0 67 0
0.5 0 71 0
0.5 0 63 49
0.5 0 66 58
0.5 0 71 58
0.5 0 75 71
0.5 480 75 0
0.5 0 63 0
0.5 0 66 0
0.5 0 71 0
0.5 0 54 43
0.5 0 59 43
0.5 0 63 43
0.5 0 66 49
0.5 480 66 0
0.5 0 54 0
0.5 0 59 0
0.5 0 63 0
0.5 0 55 45
0.5 0 59 45
0.5 0 67 53
0.5 480 67 0
0.5 0 59 0
0.5 0 55 0
0.5 0 55 45
0.5 0 59 45
0.5 0 65 45
0.5 0 67 54
0.5 480 67 0
0.5 0 55 0
0.5 0 59 0
0.5 0 65 0
0.5 0 55 45
0.5 0 60 45
0.5 0 64 45
0.5 0 67 54
0.5 480 67 0
0.5 0 55 0
0.5 0 60 0
0.5 0 64 0
0.5 0 55 45
0.5 0 62 45
0.5 0 67 53
0.5 480 67 0
0.5 0 62 0
0.5 0 55 0
0.5 0 57 45
0.5 0 64 45
0.5 0 61 45
0.5 0 67 54
0.5 480 67 0
0.5 0 57 0
0.5 0 64 0
0.5 0 61 0
0.5 0 60 43
0.5 0 62 43
0.5 0 66 51
0.5 160 66 0
0.5 0 69 51
0.5 160 69 0
0.5 0 72 50
0.5 160 72 0
0.5 0 62 0
0.5 0 60 0
0.5 0 59 45
0.5 0 67 49
0.5 0 62 45
0.5 0 71 54
0.5 480 71 0
0.5 0 59 0
0.5 0 67 0
0.5 0 62 0
0.5 0 59 45
0.5 0 63 45
0.5 0 67 53
0.5 360 67 0
0.5 0 66 49
0.5 120 66 0
0.5 0 63 0
0.5 0 59 0
0.5 0 60 44
0.5 0 64 52
0.5 480 64 0
0.5 0 60 0
0.5 0 57 42
0.5 0 64 50
0.5 480 64 0
0.5 0 57 0
0.5 0 56 42
0.5 0 59 42
0.5 0 64 50
0.5 480 64 0
0.5 0 59 0
0.5 0 56 0
0.5 0 57 42
0.5 0 60 42
0.5 0 64 50
0.5 480 64 0
0.5 0 60 0
0.5 0 57 0
0.5 0 59 41
0.5 0 62 41
0.5 0 64 49
0.5 1440 64 0
0.5 0 62 0
0.5 0 59 0
0.5 0 67 53
0.5 360 67 0
0.5 0 65 49
0.5 120 65 0
0.5 0 64 52
0.5 480 64 0
0.5 0 57 42
0.5 0 64 50
0.5 480 64 0
0.5 0 57 0
0.5 0 56 42
0.5 0 59 42
0.5 0 64 50
0.5 480 64 0
0.5 0 59 0
0.5 0 56 0
0.5 0 57 42
0.5 0 60 42
0.5 0 64 50
0.5 480 64 0
0.5 0 60 0
0.5 0 57 0
0.5 0 59 41
0.5 0 62 41
0.5 0 64 49
0.5 1440 64 0
0.5 0 62 0
0.5 0 59 0
0.5 0 67 53
0.5 360 67 0
0.5 0 65 49
0.5 120 65 0
0.5 0 64 52
0.5 480 64 0
0.5 0 60 37
0.5 0 57 37
0.5 0 64 45
0.5 480 64 0
0.5 0 57 0
0.5 0 60 0
0.5 0 57 36
0.5 0 60 36
0.5 0 64 43
0.5 480 64 0
0.5 0 60 0
0.5 0 57 0
0.5 0 54 30
0.5 0 57 32
0.5 0 60 34
0.5 0 66 41
0.5 360 66 0
0.5 0 63 39
0.5 120 63 0
0.5 0 60 0
0.5 0 57 0
0.5 0 54 0
0.5 0 54 33
0.5 0 57 33
0.5 0 60 33
0.5 0 63 39
0.5 960 63 0
0.5 0 54 0
0.5 0 57 0
0.5 0 60 0
0.5 0 55 33
0.5 0 59 33
0.5 0 64 39
0.5 2880 64 0
0.5 0 59 0
0.5 0 55 0
0.5 1680 71 32
0.5 0 76 32
0.5 0 83 38
0.5 40 83 0
0.5 0 76 0
0.5 0 71 0
0.5 40 71 32
0.5 0 76 32
0.5 0 83 38
0.5 40 83 0
0.5 0 76 0
0.5 0 71 0
0.5 40 71 32
0.5 0 76 32
0.5 0 83 38
0.5 40 83 0
0.5 0 76 0
0.5 0 71 0
0.5 40 71 34
0.5 0 76 34
0.5 0 83 41
0.5 720 83 0
0.5 0 76 0
0.5 0 71 0
0.5 0 71 32
0.5 0 76 32
0.5 0 83 38
0.5 40 83 0
0.5 0 76 0
0.5 0 71 0
0.5 40 71 32
0.5 0 76 32
0.5 0 83 38
0.5 40 83 0
0.5 0 76 0
0.5 0 71 0
0.5 40 71 32
0.5 0 76 32
0.5 0 83 38
0.5 40 83 0
0.5 0 76 0
0.5 0 71 0
0.5 40 71 34
0.5 0 76 34
0.5 0 83 41
0.5 720 83 0
0.5 0 76 0
0.5 0 71 0
0.5 0 76 32
0.5 0 79 32
0.5 0 83 38
0.5 40 83 0
0.5 0 79 0
0.5 0 76 0
0.5 40 76 32
0.5 0 79 32
0.5 0 83 38
0.5 40 83 0
0.5 0 79 0
0.5 0 76 0
0.5 40 76 32
0.5 0 79 32
0.5 0 83 38
0.5 40 83 0
0.5 0 79 0
0.5 0 76 0
0.5 40 76 34
0.5 0 79 34
0.5 0 83 41
0.5 960 83 0
0.5 0 79 0
0.5 0 76 0
0.5 0 88 41
0.5 960 88 0
1 0 0 0
0 0 7 127
0 0 10 64
0 0 64 0
0.5 1680 52 50
0.5 0 55 59
0.5 40 55 0
0.5 0 52 0
0.5 40 52 50
0.5 0 55 59
0.5 40 55 0
0.5 0 52 0
0.5 40 52 50
0.5 0 55 59
0.5 40 55 0
0.5 0 52 0
0.5 40 52 53
0.5 0 55 63
0.5 720 55 0
0.5 0 52 0
0.5 0 52 50
0.5 0 55 59
0.5 40 55 0
0.5 0 52 0
0.5 40 52 50
0.5 0 55 59
0.5 40 55 0
0.5 0 52 0
0.5 40 52 50
0.5 0 55 59
0.5 40 55 0
0.5 0 52 0
0.5 40 52 53
0.5 0 55 63
0.5 720 55 0
0.5 0 52 0
0.5 0 52 50
0.5 0 55 59
0.5 40 55 0
0.5 0 52 0
0.5 40 52 50
0.5 0 55 59
0.5 40 55 0
0.5 0 52 0
0.5 40 52 50
0.5 0 55 59
0.5 40 55 0
0.5 0 52 0
0.5 40 40 53
0.5 0 52 63
0 267 64 127
0 960 64 0
0.5 213 52 0
0.5 0 40 0
0.5 240 64 55
0.5 0 67 64
0.5 40 67 0
0.5 0 64 0
0.5 40 64 55
0.5 0 67 64
0.5 40 67 0
0.5 0 64 0
0.5 40 64 55
0.5 0 67 64
0.5 40 67 0
0.5 0 64 0
0.5 40 59 58
0.5 0 66 69
0.5 720 66 0
0.5 0 59 0
0.5 0 64 55
0.5 0 67 64
0.5 40 67 0
0.5 0 64 0
0.5 40 64 55
0.5 0 67 64
0.5 40 67 0
0.5 0 64 0
0.5 40 64 55
0.5 0 67 64
0.5 40 67 0
0.5 0 64 0
0.5 40 59 58
0.5 0 66 69
0.5 720 66 0
0.5 0 59 0
0.5 0 64 55
0.5 0 67 64
0.5 40 67 0
0.5 0 64 0
0.5 40 64 55
0.5 0 67 64
0.5 40 67 0
0.5 0 64 0
0.5 40 64 55
0.5 0 67 64
0.5 40 67 0
0.5 0 64 0
0.5 40 59 58
0.5 0 63 58
0.5 0 66 58
0.5 0 71 69
0 51 64 127
0 1176 64 0
0.5 211 59 0
0.5 2 63 0
0.5 0 66 0
0.5 0 71 0
0.5 480 28 52
0.5 0 40 62
0.5 1920 40 0
0.5 0 28 0
0.5 0 40 50
0.5 0 52 59
0.5 1920 52 0
0.5 0 40 0
0.5 0 40 50
0.5 0 52 59
0.5 960 52 0
0.5 0 40 0
0.5 0 33 53
0.5 0 45 63
0.5 960 45 0
0.5 0 33 0
0.5 0 35 50
0.5 0 47 59
0.5 1440 47 0
0.5 0 35 0
0.5 0 59 44
0.5 480 59 0
0.5 0 64 48
0.5 480 64 0
0.5 0 62 48
0.5 480 62 0
0.5 0 60 48
0.5 480 60 0
0.5 0 59 48
0.5 480 59 0
0.5 0 57 48
0.5 480 57 0
0.5 0 45 47
0 99 64 127
0.5 381 45 0
0 0 64 0
0.5 0 55 48
0.5 480 55 0
0.5 0 43 42
0 56 64 127
0.5 424 43 0
0.5 0 48 41
0 10 64 0
0 76 64 127
0.5 394 48 0
0.5 0 45 34
0.5 0 52 41
0.5 480 52 0
0.5 0 45 0
0.5 0 43 34
0.5 0 52 40
0 29 64 0
0.5 451 52 0
0.5 0 43 0
0.5 0 45 31
0.5 0 52 37
0 97 64 127
0.5 383 52 0
0.5 0 45 0
0 0 64 0
0.5 0 40 28
0.5 0 52 34
0.5 1440 52 0
0.5 0 40 0
0.5 0 47 57
0.5 478 47 0
0.5 2 28 52
0.5 0 40 62
0.5 960 40 0
0.5 0 28 0
0.5 0 35 52
0.5 0 47 62
0.5 960 47 0
0.5 0 35 0
0.5 0 40 50
0.5 0 52 59
0.5 1440 52 0
0.5 0 40 0
0.5 0 35 54
0.5 0 47 57
0.5 480 47 0
0.5 0 35 0
0.5 0 40 50
0.5 0 52 59
0 126 64 127
0.5 834 52 0
0.5 0 40 0
0.5 0 45 59
0.5 0 57 65
0 10 64 0
0 243 64 127
0 237 64 0
0 243 64 127
0.5 227 57 0
0.5 0 45 0
0.5 0 47 50
0.5 0 59 59
0 10 64 0
0.5 1430 59 0
0.5 0 47 0
0.5 0 59 44
0.5 480 59 0
0.5 0 64 48
0.5 480 64 0
0.5 0 62 48
0.5 480 62 0
0.5 0 60 48
0.5 480 60 0
0.5 0 59 48
0.5 480 59 0
0.5 0 57 48
0.5 480 57 0
0.5 0 50 47
0 40 64 127
0.5 440 50 0
0.5 0 55 48
0 10 64 0
0.5 470 55 0
0.5 0 43 42
0 40 64 127
0.5 440 43 0
0.5 0 48 41
0 5 64 0
0 121 64 127
0.5 354 48 0
0.5 0 45 34
0.5 0 52 41
0.5 480 52 0
0.5 0 45 0
0.5 0 43 34
0.5 0 52 40
0 40 64 0
0.5 440 52 0
0.5 0 43 0
0.5 0 45 31
0.5 0 52 37
0 109 64 127
0.5 371 52 0
0.5 0 45 0
0 0 64 0
0.5 0 40 28
0.5 0 52 34
0.5 1440 52 0
0.5 0 40 0
0.5 480 35 45
0.5 0 47 53
0 67 64 127
0.5 893 47 0
0.5 0 35 0
0.5 0 35 42
0.5 0 47 50
0 6 64 0
0.5 954 47 0
0.5 0 35 0
0.5 0 35 48
0.5 0 47 58
0 78 64 127
0.5 402 47 0
0.5 0 47 55
0.5 480 47 0
0.5 0 35 0
0.5 0 35 51
0.5 0 47 61
0 6 64 0
0.5 474 47 0
0.5 0 47 56
0.5 480 47 0
0.5 0 35 0
0.5 0 35 55
0.5 0 47 66
0.5 480 47 0
0.5 0 35 0
0.5 0 35 53
0.5 0 47 63
0.5 480 47 0
0.5 0 35 0
0.5 0 35 57
0.5 0 47 67
0.5 480 47 0
0.5 0 35 0
0.5 0 35 55
0.5 0 47 65
0.5 480 47 0
0.5 0 35 0
0.5 0 35 59
0.5 0 47 70
0.5 480 47 0
0.5 0 35 0
0.5 0 35 61
0.5 0 47 73
0.5 80 47 0
0.5 0 35 0
0.5 80 35 58
0.5 0 47 69
0.5 80 47 0
0.5 0 35 0
0.5 80 35 59
0.5 0 47 70
0.5 80 47 0
0.5 0 35 0
0.5 80 35 54
0.5 0 47 76
0.5 480 47 0
0.5 0 35 0
0.5 0 35 65
0.5 0 47 78
0.5 80 47 0
0.5 0 35 0
0.5 80 35 61
0.5 0 47 73
0.5 80 47 0
0.5 0 35 0
0.5 80 35 62
0.5 0 47 73
0.5 80 47 0
0.5 0 35 0
0.5 80 48 67
0.5 0 60 79
0 76 64 127
0.5 404 60 0
0.5 0 48 0
0.5 0 47 64
0.5 0 59 77
0 4 64 0
0 122 64 127
0.5 354 59 0
0.5 0 47 0
0.5 0 45 62
0.5 0 57 74
0 10 64 0
0 148 64 127
0.5 322 57 0
0.5 0 45 0
0.5 0 43 63
0.5 0 55 75
0 5 64 0
0 71 64 127
0.5 404 55 0
0.5 0 43 0
0.5 0 42 64
0.5 0 54 77
0 6 64 0
0 40 64 127
0.5 434 54 0
0.5 0 42 0
0.5 0 40 64
0.5 0 52 77
0 8 64 0
0.5 472 52 0
0.5 0 40 0
0.5 0 39 64
0.5 0 51 77
0.5 480 51 0
0.5 0 39 0
0.5 0 35 66
0.5 0 47 78
0.5 80 47 0
0.5 0 35 0
0.5 80 35 60
0.5 0 47 73
0.5 80 47 0
0.5 0 35 0
0.5 80 35 61
0.5 0 47 73
0.5 80 47 0
0.5 0 35 0
0.5 80 36 67
0.5 0 48 78
0 101 64 127
0.5 379 48 0
0.5 0 36 0
0.5 0 36 64
0.5 0 48 76
0 10 64 0
0 167 64 127
0.5 303 48 0
0.5 0 36 0
0.5 0 36 61
0.5 0 48 74
0 10 64 0
0 167 64 127
0.5 303 48 0
0.5 0 36 0
0.5 0 36 63
0.5 0 48 75
0 10 64 0
0 192 64 127
0.5 278 48 0
0.5 0 36 0
0.5 0 48 64
0.5 0 60 76
0 6 64 0
0 82 64 127
0.5 392 60 0
0.5 0 48 0
0.5 0 48 64
0.5 0 59 76
0 10 64 0
0 29 64 127
0.5 441 59 0
0.5 0 48 0
0.5 0 48 64
0.5 0 57 64
0.5 0 60 76
0 5 64 0
0 83 64 127
0.5 390 57 0
0.5 2 60 0
0.5 0 48 0
0.5 0 36 73
0.5 0 48 73
0 9 64 0
0.5 471 48 0
0.5 0 36 0
0.5 0 35 60
0.5 0 47 72
0.5 480 47 0
0.5 0 35 0
0 1707 64 127
0 960 64 0
0.5 453 66 63
0.5 0 69 73
0.5 40 69 0
0.5 0 66 0
0.5 40 66 63
0.5 0 69 73
0.5 40 69 0
0.5 0 66 0
0.5 40 66 63
0.5 0 69 73
0.5 40 69 0
0.5 0 66 0
0.5 40 59 66
0.5 0 66 79
0.5 720 66 0
0.5 0 59 0
0.5 0 66 63
0.5 0 69 73
0.5 40 69 0
0.5 0 66 0
0.5 40 66 63
0.5 0 69 73
0.5 40 69 0
0.5 0 66 0
0.5 40 66 63
0.5 0 69 73
0.5 40 69 0
0.5 0 66 0
0.5 40 59 66
0.5 0 66 79
0.5 720 66 0
0.5 0 59 0
0.5 0 66 63
0.5 0 69 73
0.5 40 69 0
0.5 0 66 0
0.5 40 66 63
0.5 0 69 73
0.5 40 69 0
0.5 0 66 0
0.5 40 66 63
0.5 0 69 73
0.5 40 69 0
0.5 0 66 0
0.5 40 59 66
0.5 0 66 66
0.5 0 69 66
0.5 0 71 79
0 267 64 127
0 960 64 0
0.5 211 59 0
0.5 2 66 0
0.5 0 69 0
0.5 0 71 0
0.5 0 35 67
0.5 0 47 74
0.5 480 47 0
0.5 0 35 0
0.5 0 28 67
0.5 0 40 81
0 53 64 127
0.5 907 40 0
0.5 0 28 0
0.5 0 26 67
0.5 0 38 81
0 9 64 0
0 124 64 127
0 352 64 0
0 177 64 127
0.5 298 38 0
0.5 0 26 0
0.5 0 31 65
0.5 0 43 77
0 6 64 0
0 40 64 127
0 448 64 0
0.5 946 43 0
0.5 0 31 0
0.5 0 26 65
0.5 0 38 77
0.5 480 38 0
0.5 0 26 0
0.5 0 31 65
0.5 0 43 77
0 149 64 127
0.5 811 43 0
0.5 0 31 0
0.5 0 30 69
0.5 0 42 82
0 7 64 0
0 112 64 127
0 368 64 0
0 159 64 127
0.5 314 42 0
0.5 0 30 0
0 0 64 0
0.5 0 35 65
0.5 0 47 77
0 148 64 127
0 814 64 0
0.5 478 47 0
0.5 0 35 0
0.5 0 35 42
0.5 0 47 44
0.5 120 47 0
0.5 0 35 0
0.5 360 40 40
0.5 0 52 48
0.5 120 52 0
0.5 0 40 0
0.5 360 38 40
0.5 0 50 48
0.5 120 50 0
0.5 0 38 0
0.5 360 36 40
0.5 0 48 48
0.5 120 48 0
0.5 0 36 0
0.5 360 34 40
0.5 0 46 48
0.5 120 46 0
0.5 0 34 0
0.5 360 33 40
0.5 0 45 48
0.5 120 45 0
0.5 0 33 0
0.5 360 38 39
0.5 0 50 47
0.5 120 50 0
0.5 0 38 0
0.5 360 43 40
0.5 0 55 48
0.5 120 55 0
0.5 0 43 0
0.5 360 31 35
0.5 0 43 42
0.5 120 43 0
0.5 0 31 0
0.5 360 36 34
0.5 0 48 41
0.5 120 48 0
0.5 0 36 0
0.5 360 36 34
0.5 0 48 41
0.5 120 48 0
0.5 0 36 0
0.5 360 35 34
0.5 0 47 40
0.5 120 47 0
0.5 0 35 0
0.5 360 33 31
0.5 0 45 37
0.5 120 45 0
0.5 0 33 0
0.5 120 52 41
0.5 40 52 0
0.5 40 52 41
0.5 40 52 0
0.5 40 52 41
0.5 40 52 0
0.5 40 52 41
0.5 0 32 28
0.5 0 44 34
0.5 720 52 0
0.5 0 52 41
0.5 40 52 0
0.5 40 52 41
0.5 40 52 0
0.5 40 52 41
0.5 40 52 0
0.5 40 52 41
0.5 480 44 0
0.5 0 32 0
0.5 240 52 0
0.5 720 36 34
0.5 0 48 41
0.5 120 48 0
0.5 0 36 0
0.5 360 35 34
0.5 0 47 40
0.5 120 47 0
0.5 0 35 0
0.5 360 33 31
0.5 0 45 37
0.5 120 45 0
0.5 0 33 0
0.5 120 52 41
0.5 40 52 0
0.5 40 52 41
0.5 40 52 0
0.5 40 52 41
0.5 40 52 0
0.5 40 52 41
0.5 0 32 28
0.5 0 44 34
0.5 720 52 0
0.5 0 52 41
0.5 40 52 0
0.5 40 52 41
0.5 40 52 0
0.5 40 52 41
0.5 40 52 0
0.5 40 52 41
0.5 480 44 0
0.5 0 32 0
0.5 240 52 0
0.5 720 33 30
0.5 0 45 36
0.5 120 45 0
0.5 0 33 0
0.5 360 36 29
0.5 0 48 34
0.5 120 48 0
0.5 0 36 0
0.5 360 33 26
0.5 0 45 31
0.5 120 45 0
0.5 0 33 0
0.5 360 28 26
0.5 0 40 31
0 1091 64 127
0.5 589 52 41
0.5 40 52 0
0.5 40 52 41
0.5 40 52 0
0.5 40 52 41
0.5 40 52 0
0.5 40 52 41
0.5 720 52 0
0.5 0 52 41
0.5 40 52 0
0.5 40 52 41
0.5 40 52 0
0.5 40 52 41
0.5 40 52 0
0.5 40 52 41
0.5 720 52 0
0.5 0 52 41
0.5 40 52 0
0.5 40 52 41
0.5 40 52 0
0.5 40 52 41
0.5 40 52 0
0.5 40 40 0
0.5 0 28 0
0.5 0 55 41
0.5 960 55 0
0.5 0 52 37
0.5 480 52 0
0.5 240 67 31
0.5 0 64 26
0.5 0 59 26
0.5 40 59 0
0.5 0 64 0
0.5 0 67 0
0.5 40 67 31
0.5 0 64 26
0.5 0 59 26
0.5 40 59 0
0.5 0 64 0
0.5 0 67 0
0.5 40 67 31
0.5 0 64 26
0.5 0 59 26
0.5 40 59 0
0.5 0 64 0
0.5 0 67 0
0.5 40 67 34
0.5 0 64 28
0.5 0 59 28
0.5 720 59 0
0.5 0 64 0
0.5 0 67 0
0.5 0 67 31
0.5 0 64 26
0.5 0 59 26
0.5 0 55 26
0.5 40 55 0
0.5 0 67 0
0.5 0 64 0
0.5 0 59 0
0.5 40 67 31
0.5 0 64 26
0.5 0 59 26
0.5 0 55 26
0.5 40 55 0
0.5 0 67 0
0.5 0 64 0
0.5 0 59 0
0.5 40 67 31
0.5 0 64 26
0.5 0 59 26
0.5 0 55 26
0.5 40 55 0
0.5 0 67 0
0.5 0 64 0
0.5 0 59 0
0.5 40 67 33
0.5 0 64 28
0.5 0 59 28
0.5 0 55 28
0.5 720 55 0
0.5 0 67 0
0.5 0 64 0
0.5 0 59 0
0.5 0 40 26
0.5 0 52 31
0.5 40 52 0
0.5 0 40 0
0.5 40 40 26
0.5 0 52 31
0.5 40 52 0
0.5 0 40 0
0.5 40 40 26
0.5 0 52 31
0.5 40 52 0
0.5 0 40 0
0.5 40 40 28
0.5 0 52 33
0.5 960 52 0
0.5 0 40 0
0.5 0 28 24
0.5 960 28 0
0 1920 64 0
1 0 0 0
