0.5 2880 62 50
0.5 720 62 0
0.5 0 65 61
0.5 1440 65 0
0.5 0 63 57
0.5 720 63 0
0.5 0 62 50
0.5 1200 62 0
0.5 2880 74 53
0.5 0 70 45
0.5 240 70 0
0.5 0 74 0
0.5 0 72 61
0.5 0 69 51
0.5 480 69 0
0.5 0 72 0
0.5 0 67 42
0.5 0 70 50
0.5 240 70 0
0.5 0 67 0
0.5 0 69 55
0.5 0 66 46
0.5 475 66 0
0.5 0 69 0
0.5 5 69 42
0.5 0 72 50
0.5 240 72 0
0.5 0 69 0
0.5 0 70 56
0.5 0 62 47
0.5 480 62 0
0.5 0 70 0
0.5 0 60 42
0.5 0 69 50
0.5 240 69 0
0.5 0 60 0
0.5 0 67 55
0.5 0 58 46
0.5 480 58 0
0.5 0 67 0
0.5 0 62 50
0.5 240 62 0
0.5 0 63 55
0.5 0 60 46
0.5 470 60 0
0.5 0 63 0
0.5 10 60 42
0.5 0 63 50
0.5 230 63 0
0.5 0 60 0
0.5 10 63 48
0.5 0 60 40
0.5 120 60 0
0.5 0 63 0
0.5 0 65 53
0.5 0 62 45
0.5 120 62 0
0.5 0 65 0
0.5 0 67 54
0.5 0 63 45
0.5 120 63 0
0.5 0 67 0
0.5 120 60 42
0.5 0 63 50
0.5 120 63 0
0.5 0 60 0
0.5 120 62 46
0.5 1200 74 53
0.5 0 70 45
0.5 240 70 0
0.5 0 74 0
0.5 0 72 61
0.5 0 69 51
0.5 480 69 0
0.5 0 72 0
0.5 0 67 42
0.5 0 70 50
0.5 240 70 0
0.5 0 67 0
0.5 0 69 55
0.5 0 66 46
0.5 470 66 0
0.5 0 69 0
0.5 10 69 42
0.5 0 72 50
0.5 240 72 0
0.5 0 69 0
0.5 0 62 0
0.5 0 70 56
0.5 0 62 47
0.5 480 62 0
0.5 0 70 0
0.5 0 60 42
0.5 0 69 50
0.5 240 69 0
0.5 0 60 0
0.5 0 67 55
0.5 0 58 46
0.5 210 58 0
0.5 0 67 0
0.5 30 67 62
0.5 240 67 0
0.5 0 69 63
0.5 240 69 0
0.5 0 70 69
0.5 240 70 0
0.5 0 73 62
0.5 240 73 0
0.5 0 74 67
0.5 240 74 0
0.5 0 73 66
0.5 0 77 78
0.5 240 77 0
0.5 0 73 0
0.5 0 76 66
0.5 240 76 0
0.5 0 74 72
0.5 240 74 0
0.5 0 81 78
0.5 0 74 56
0.5 480 74 0
0.5 0 81 0
0.5 0 77 68
0.5 240 77 0
0.5 0 74 63
0.5 480 74 0
0.5 0 69 55
0.5 240 69 0
0.5 0 70 57
0.5 240 70 0
0.5 0 64 48
0.5 0 73 57
0.5 240 73 0
0.5 0 64 0
0.5 0 65 48
0.5 0 74 57
0.5 240 74 0
0.5 0 65 0
0.5 0 69 53
0.5 0 77 63
0.5 240 77 0
0.5 0 69 0
0.5 0 76 57
0.5 0 67 48
0.5 240 67 0
0.5 0 76 0
0.5 0 74 54
0.5 0 65 45
0.5 228 65 0
0.5 0 74 0
0.5 12 74 65
0.5 0 65 55
0.5 1170 65 0
0.5 0 74 0
0.5 30 74 59
0.5 240 74 0
0.5 0 77 70
0.5 240 65 39
0.5 240 65 0
0.5 0 77 0
0.5 0 67 34
0.5 0 74 61
0.5 240 74 0
0.5 0 67 0
0.5 0 72 65
0.5 240 65 39
0.5 240 65 0
0.5 0 72 0
0.5 0 67 34
0.5 0 71 61
0.5 240 71 0
0.5 0 67 0
0.5 0 72 70
0.5 240 60 39
0.5 0 63 39
0.5 240 63 0
0.5 0 60 0
0.5 0 72 0
0.5 0 67 58
0.5 240 67 0
0.5 0 68 65
0.5 240 62 39
0.5 0 65 39
0.5 240 65 0
0.5 0 62 0
0.5 0 68 0
0.5 0 71 65
0.5 240 71 0
0.5 0 72 69
0.5 240 60 39
0.5 0 63 39
0.5 240 63 0
0.5 0 60 0
0.5 0 72 0
0.5 0 67 56
0.5 240 67 0
0.5 0 68 62
0.5 240 62 39
0.5 0 65 39
0.5 240 65 0
0.5 0 62 0
0.5 0 68 0
0.5 0 71 56
0.5 240 71 0
0.5 0 72 64
0.5 240 63 39
0.5 240 63 0
0.5 0 67 34
0.5 240 67 0
0.5 240 72 0
0.5 0 63 39
0.5 240 63 0
0.5 0 67 27
0.5 0 72 47
0.5 240 72 0
0.5 0 67 0
0.5 0 75 58
0.5 240 63 31
0.5 240 63 0
0.5 0 75 0
0.5 0 66 27
0.5 0 69 48
0.5 240 69 0
0.5 0 66 0
0.5 0 75 52
0.5 240 63 31
0.5 240 63 0
0.5 0 75 0
0.5 0 66 27
0.5 0 69 48
0.5 240 69 0
0.5 0 66 0
0.5 0 75 58
0.5 240 63 31
0.5 240 63 0
0.5 0 66 46
0.5 0 69 46
0.5 240 69 0
0.5 0 66 0
0.5 240 63 31
0.5 240 63 0
0.5 0 75 0
0.5 0 69 31
0.5 0 74 52
0.5 240 74 0
0.5 0 69 0
0.5 0 72 55
0.5 240 62 31
0.5 240 62 0
0.5 0 72 0
0.5 0 67 31
0.5 0 70 44
0.5 237 69 31
0.5 3 70 0
0.5 0 67 0
0.5 237 69 0
0.5 3 61 31
0.5 0 70 31
0.5 240 70 0
0.5 0 61 0
0.5 0 67 44
0.5 240 67 0
0.5 0 62 44
0.5 0 66 44
0.5 0 69 44
0.5 0 74 55
0.5 240 74 0
0.5 0 62 0
0.5 0 66 0
0.5 0 69 0
0.5 0 74 55
0.5 180 74 0
0.5 60 74 61
0.5 180 74 0
0.5 60 74 71
0.5 180 74 0
0.5 60 74 68
0.5 180 74 0
0.5 60 74 63
0.5 180 74 0
0.5 60 74 63
0.5 216 74 0
0.5 24 62 38
0.5 0 67 38
0.5 0 70 55
0.5 216 70 0
0.5 0 67 0
0.5 0 62 0
0.5 24 66 42
0.5 0 72 42
0.5 0 75 60
0.5 216 75 0
0.5 0 72 0
0.5 0 66 0
0.5 24 74 63
0.5 240 67 42
0.5 0 70 42
0.5 216 70 0
0.5 0 67 0
0.5 24 74 0
0.5 0 70 42
0.5 0 74 42
0.5 0 79 61
0.5 216 79 0
0.5 0 74 0
0.5 0 70 0
0.5 24 74 64
0.5 216 74 0
0.5 24 62 38
0.5 0 67 38
0.5 0 70 55
0.5 216 70 0
0.5 0 67 0
0.5 0 62 0
0.5 24 66 43
0.5 0 72 43
0.5 0 75 62
0.5 216 75 0
0.5 0 72 0
0.5 0 66 0
0.5 24 74 65
0.5 240 67 42
0.5 0 70 42
0.5 216 70 0
0.5 0 67 0
0.5 24 74 0
0.5 0 70 42
0.5 0 74 42
0.5 0 79 59
0.5 216 79 0
0.5 0 74 0
0.5 0 70 0
0.5 24 74 65
0.5 216 74 0
0.5 24 62 38
0.5 0 67 38
0.5 0 72 55
0.5 216 72 0
0.5 0 67 0
0.5 0 62 0
0.5 24 62 38
0.5 0 67 38
0.5 0 70 55
0.5 216 70 0
0.5 0 67 0
0.5 0 62 0
0.5 24 69 61
0.5 240 63 42
0.5 0 67 42
0.5 216 67 0
0.5 0 63 0
0.5 24 69 0
0.5 0 63 42
0.5 0 67 42
0.5 0 69 55
0.5 216 69 0
0.5 0 67 0
0.5 0 63 0
0.5 24 74 63
0.5 240 62 42
0.5 0 66 42
0.5 216 66 0
0.5 0 62 0
0.5 24 74 0
0.5 0 62 42
0.5 0 66 42
0.5 0 69 55
0.5 216 69 0
0.5 0 66 0
0.5 0 62 0
0.5 24 72 63
0.5 240 62 42
0.5 0 69 42
0.5 216 69 0
0.5 0 62 0
0.5 24 72 0
0.5 0 62 42
0.5 0 67 42
0.5 0 70 55
0.5 216 70 0
0.5 0 67 0
0.5 0 62 0
0.5 24 74 63
0.5 216 74 0
0.5 24 62 38
0.5 0 67 38
0.5 0 70 55
0.5 216 70 0
0.5 0 67 0
0.5 0 62 0
0.5 24 66 42
0.5 0 72 42
0.5 0 75 60
0.5 216 75 0
0.5 0 72 0
0.5 0 66 0
0.5 24 74 64
0.5 240 67 42
0.5 0 70 42
0.5 216 70 0
0.5 0 67 0
0.5 24 74 0
0.5 0 70 42
0.5 0 74 42
0.5 0 79 58
0.5 216 79 0
0.5 0 74 0
0.5 0 70 0
0.5 24 74 65
0.5 216 74 0
0.5 24 62 40
0.5 0 67 40
0.5 0 70 40
0.5 216 70 0
0.5 0 67 0
0.5 0 62 0
0.5 24 66 43
0.5 0 72 43
0.5 0 75 62
0.5 216 75 0
0.5 0 72 0
0.5 0 66 0
0.5 24 74 65
0.5 240 67 40
0.5 0 71 40
0.5 216 71 0
0.5 0 67 0
0.5 0 74 0
0.5 24 71 57
0.5 0 74 57
0.5 0 77 57
0.5 0 79 82
0.5 240 77 0
0.5 0 71 0
0.5 0 74 0
0.5 0 72 57
0.5 0 75 57
0.5 240 75 0
0.5 0 72 0
0.5 0 79 0
0.5 0 79 72
0.5 216 79 0
0.5 24 75 71
0.5 216 75 0
0.5 24 74 69
0.5 216 74 0
0.5 24 75 66
0.5 216 75 0
0.5 24 72 59
0.5 216 72 0
0.5 24 70 64
0.5 216 70 0
0.5 24 67 45
0.5 0 72 54
0.5 216 72 0
0.5 0 67 0
0.5 24 63 47
0.5 0 69 56
0.5 216 69 0
0.5 0 63 0
0.5 24 67 54
0.5 216 67 0
0.5 24 69 49
0.5 216 69 0
0.5 24 60 41
0.5 0 62 41
0.5 0 66 49
0.5 216 66 0
0.5 0 62 0
0.5 0 60 0
0.5 24 58 49
0.5 0 62 49
0.5 0 67 58
0.5 240 67 0
0.5 0 62 0
0.5 0 58 0
0.5 960 74 53
0.5 0 70 45
0.5 240 70 0
0.5 0 74 0
0.5 0 72 61
0.5 0 69 51
0.5 480 69 0
0.5 0 72 0
0.5 0 67 42
0.5 0 70 50
0.5 240 70 0
0.5 0 67 0
0.5 0 69 55
0.5 0 66 46
0.5 480 66 0
0.5 0 69 0
0.5 0 72 53
0.5 0 63 45
0.5 240 63 0
0.5 0 72 0
0.5 0 70 61
0.5 0 62 51
0.5 480 62 0
0.5 0 70 0
0.5 0 74 42
0.5 0 86 50
0.5 216 86 0
0.5 0 74 0
0.5 24 86 55
0.5 0 74 46
0.5 480 74 0
0.5 0 86 0
0.5 0 70 47
0.5 0 62 40
0.5 240 62 0
0.5 0 70 0
0.5 0 69 53
0.5 0 60 44
0.5 480 60 0
0.5 0 69 0
0.5 0 58 35
0.5 0 67 42
0.5 240 67 0
0.5 0 58 0
0.5 0 66 45
0.5 0 57 37
0.5 480 57 0
0.5 0 66 0
0.5 0 69 41
0.5 0 66 35
0.5 240 66 0
0.5 0 69 0
0.5 0 67 42
0.5 0 62 35
0.5 480 62 0
0.5 0 67 0
0.5 0 74 29
0.5 0 86 35
0.5 216 86 0
0.5 0 74 0
0.5 24 86 38
0.5 0 74 32
0.5 480 74 0
0.5 0 86 0
0.5 0 70 37
0.5 0 62 31
0.5 240 62 0
0.5 0 70 0
0.5 0 67 42
0.5 480 67 0
0.5 0 74 29
0.5 0 86 35
0.5 216 86 0
0.5 0 74 0
0.5 24 86 38
0.5 0 74 32
0.5 480 74 0
0.5 0 86 0
0.5 960 65 37
0.5 1440 65 0
0.5 0 63 37
0.5 720 63 0
0.5 0 62 37
0.5 1200 62 0
0.5 2400 62 37
0.5 960 62 0
0.5 480 62 37
0.5 960 62 0
1 0 0 0
0.5 0 43 36
0.5 240 58 28
0.5 0 55 24
0.5 240 55 0
0.5 0 58 0
0.5 0 43 0
0.5 0 50 28
0.5 240 50 0
0.5 0 43 36
0.5 240 58 30
0.5 0 55 25
0.5 240 55 0
0.5 0 58 0
0.5 0 43 0
0.5 0 50 30
0.5 240 50 0
0.5 0 43 36
0.5 240 58 28
0.5 0 55 24
0.5 240 55 0
0.5 0 58 0
0.5 0 43 0
0.5 0 50 28
0.5 240 50 0
0.5 0 43 36
0.5 240 57 25
0.5 0 60 30
0.5 0 55 25
0.5 240 55 0
0.5 0 43 0
0.5 0 57 0
0.5 0 60 0
0.5 0 51 30
0.5 240 51 0
0.5 0 31 30
0.5 0 43 36
0.5 240 55 26
0.5 0 58 31
0.5 240 58 0
0.5 0 31 0
0.5 0 43 0
0.5 0 55 0
0.5 0 50 36
0.5 240 50 0
0.5 0 41 44
0.5 0 29 36
0.5 240 57 29
0.5 0 60 35
0.5 240 60 0
0.5 0 41 0
0.5 0 29 0
0.5 0 57 0
0.5 0 53 30
0.5 240 53 0
0.5 0 31 30
0.5 0 43 36
0.5 240 62 28
0.5 0 58 24
0.5 240 58 0
0.5 0 31 0
0.5 0 43 0
0.5 0 62 0
0.5 0 53 28
0.5 240 53 0
0.5 0 36 30
0.5 0 48 36
0.5 240 60 30
0.5 0 55 25
0.5 240 55 0
0.5 0 36 0
0.5 0 48 0
0.5 0 60 0
0.5 0 51 30
0.5 240 51 0
0.5 0 38 36
0.5 240 58 28
0.5 0 55 24
0.5 240 55 0
0.5 0 58 0
0.5 0 38 0
0.5 0 50 28
0.5 240 50 0
0.5 0 38 36
0.5 240 58 30
0.5 0 55 30
0.5 240 55 0
0.5 0 58 0
0.5 0 38 0
0.5 0 50 30
0.5 240 50 0
0.5 0 38 36
0.5 240 60 28
0.5 0 57 24
0.5 240 57 0
0.5 0 60 0
0.5 0 38 0
0.5 0 50 28
0.5 240 50 0
0.5 0 38 36
0.5 240 57 30
0.5 0 54 25
0.5 240 54 0
0.5 0 57 0
0.5 0 38 0
0.5 0 50 30
0.5 240 50 0
0.5 0 43 36
0.5 180 43 0
0.5 60 58 28
0.5 0 55 24
0.5 240 55 0
0.5 0 58 0
0.5 0 50 28
0.5 240 50 0
0.5 0 43 36
0.5 180 43 0
0.5 60 58 30
0.5 0 55 25
0.5 240 55 0
0.5 0 58 0
0.5 0 50 30
0.5 240 50 0
0.5 0 43 36
0.5 180 43 0
0.5 60 60 28
0.5 0 57 24
0.5 240 57 0
0.5 0 60 0
0.5 0 50 28
0.5 240 50 0
0.5 0 43 36
0.5 180 43 0
0.5 60 60 30
0.5 0 57 25
0.5 240 57 0
0.5 0 60 0
0.5 0 50 30
0.5 240 50 0
0.5 0 43 36
0.5 180 43 0
0.5 60 58 28
0.5 0 55 24
0.5 240 55 0
0.5 0 58 0
0.5 0 50 28
0.5 240 50 0
0.5 0 43 36
0.5 180 43 0
0.5 60 55 30
0.5 240 55 0
0.5 0 50 30
0.5 240 50 0
0.5 0 43 36
0.5 180 43 0
0.5 60 55 28
0.5 240 55 0
0.5 0 51 28
0.5 240 51 0
0.5 0 43 36
0.5 180 43 0
0.5 60 60 30
0.5 0 55 25
0.5 240 55 0
0.5 0 60 0
0.5 0 51 30
0.5 240 51 0
0.5 0 43 36
0.5 180 43 0
0.5 60 58 28
0.5 0 55 24
0.5 240 55 0
0.5 0 58 0
0.5 0 50 28
0.5 240 50 0
0.5 0 43 36
0.5 180 43 0
0.5 60 58 30
0.5 0 55 25
0.5 240 55 0
0.5 0 58 0
0.5 0 50 30
0.5 240 50 0
0.5 0 43 36
0.5 180 43 0
0.5 60 60 28
0.5 0 57 24
0.5 240 57 0
0.5 0 60 0
0.5 0 50 28
0.5 240 50 0
0.5 0 43 36
0.5 180 43 0
0.5 60 60 30
0.5 0 57 25
0.5 240 57 0
0.5 0 60 0
0.5 0 50 30
0.5 240 50 0
0.5 0 43 36
0.5 180 43 0
0.5 60 58 28
0.5 0 55 24
0.5 240 55 0
0.5 0 58 0
0.5 0 50 28
0.5 240 50 0
0.5 0 43 36
0.5 180 43 0
0.5 60 55 33
0.5 240 55 0
0.5 0 50 35
0.5 240 50 0
0.5 0 43 50
0.5 180 43 0
0.5 60 62 40
0.5 0 58 40
0.5 240 58 0
0.5 0 62 0
0.5 0 55 47
0.5 240 55 0
0.5 0 43 49
0.5 180 43 0
0.5 60 61 45
0.5 0 58 45
0.5 240 58 0
0.5 0 61 0
0.5 0 55 47
0.5 240 55 0
0.5 0 41 55
0.5 180 41 0
0.5 60 57 34
0.5 0 62 41
0.5 240 62 0
0.5 0 57 0
0.5 0 53 34
0.5 240 53 0
0.5 0 41 40
0.5 180 41 0
0.5 60 57 33
0.5 0 62 39
0.5 240 62 0
0.5 0 57 0
0.5 0 53 34
0.5 240 53 0
0.5 0 43 45
0.5 180 43 0
0.5 60 58 26
0.5 0 62 31
0.5 240 62 0
0.5 0 58 0
0.5 0 55 34
0.5 240 55 0
0.5 0 43 37
0.5 180 43 0
0.5 60 61 34
0.5 240 61 0
0.5 0 57 34
0.5 240 57 0
0.5 0 53 41
0.5 180 53 0
0.5 60 62 35
0.5 0 57 29
0.5 240 57 0
0.5 0 62 0
0.5 0 53 30
0.5 240 53 0
0.5 0 53 41
0.5 180 53 0
0.5 60 62 35
0.5 0 57 29
0.5 240 57 0
0.5 0 62 0
0.5 0 53 30
0.5 240 53 0
0.5 0 43 41
0.5 180 43 0
0.5 60 59 35
0.5 0 55 29
0.5 240 55 0
0.5 0 59 0
0.5 0 50 30
0.5 240 50 0
0.5 0 43 41
0.5 180 43 0
0.5 60 59 35
0.5 0 55 29
0.5 240 55 0
0.5 0 59 0
0.5 0 50 30
0.5 240 50 0
0.5 0 36 51
0.5 180 36 0
0.5 60 55 32
0.5 240 55 0
0.5 0 51 30
0.5 240 51 0
0.5 0 48 41
0.5 180 48 0
0.5 60 56 35
0.5 0 53 29
0.5 240 53 0
0.5 0 56 0
0.5 0 50 30
0.5 240 50 0
0.5 0 36 43
0.5 180 36 0
0.5 60 55 29
0.5 240 55 0
0.5 0 51 30
0.5 240 51 0
0.5 0 48 41
0.5 180 48 0
0.5 60 56 32
0.5 0 53 27
0.5 240 53 0
0.5 0 56 0
0.5 0 50 30
0.5 240 50 0
0.5 0 36 41
0.5 180 36 0
0.5 60 55 35
0.5 0 51 29
0.5 240 51 0
0.5 0 55 0
0.5 0 48 30
0.5 240 48 0
0.5 0 36 37
0.5 180 36 0
0.5 60 51 22
0.5 0 55 27
0.5 240 55 0
0.5 0 51 0
0.5 0 48 20
0.5 240 48 0
0.5 0 42 32
0.5 180 42 0
0.5 60 57 27
0.5 0 51 23
0.5 240 51 0
0.5 0 57 0
0.5 0 48 24
0.5 240 48 0
0.5 0 42 32
0.5 180 42 0
0.5 60 57 27
0.5 0 51 23
0.5 240 51 0
0.5 0 57 0
0.5 0 48 24
0.5 240 48 0
0.5 0 42 40
0.5 180 42 0
0.5 60 51 22
0.5 0 57 25
0.5 240 57 0
0.5 0 51 0
0.5 0 48 24
0.5 240 48 0
0.5 0 42 32
0.5 180 42 0
0.5 60 57 27
0.5 0 51 23
0.5 240 51 0
0.5 0 57 0
0.5 0 48 24
0.5 240 48 0
0.5 0 43 34
0.5 180 43 0
0.5 60 50 23
0.5 0 55 23
0.5 240 55 0
0.5 0 50 0
0.5 0 46 24
0.5 240 46 0
0.5 0 39 32
0.5 180 39 0
0.5 60 58 25
0.5 0 55 21
0.5 240 55 0
0.5 0 58 0
0.5 0 51 24
0.5 240 51 0
0.5 0 38 34
0.5 480 38 0
0.5 960 31 37
0.5 0 43 44
0.5 240 43 0
0.5 0 31 0
0.5 1200 31 37
0.5 0 43 44
0.5 240 43 0
0.5 0 31 0
0.5 1200 34 37
0.5 0 46 44
0.5 240 46 0
0.5 0 34 0
0.5 480 36 37
0.5 0 48 44
0.5 240 48 0
0.5 0 36 0
0.5 480 38 37
0.5 0 50 44
0.5 240 50 0
0.5 0 38 0
0.5 480 43 37
0.5 0 55 44
0.5 240 55 0
0.5 0 43 0
0.5 480 31 37
0.5 0 43 44
0.5 240 43 0
0.5 0 31 0
0.5 1200 43 37
0.5 0 55 44
0.5 240 55 0
0.5 0 43 0
0.5 1200 36 74
0.5 0 48 74
0.5 240 48 0
0.5 0 36 0
0.5 720 67 49
0.5 216 67 0
0.5 24 63 44
0.5 216 63 0
0.5 24 62 48
0.5 216 62 0
0.5 24 63 40
0.5 216 63 0
0.5 24 60 42
0.5 216 60 0
0.5 24 62 40
0.5 216 62 0
0.5 264 50 41
0.5 216 50 0
0.5 24 43 40
0.5 180 43 0
0.5 60 58 28
0.5 0 55 24
0.5 240 55 0
0.5 0 58 0
0.5 0 50 28
0.5 240 50 0
0.5 0 43 36
0.5 180 43 0
0.5 60 58 30
0.5 0 55 25
0.5 240 55 0
0.5 0 58 0
0.5 0 50 30
0.5 240 50 0
0.5 0 43 36
0.5 180 43 0
0.5 60 60 28
0.5 0 57 24
0.5 240 57 0
0.5 0 60 0
0.5 0 50 28
0.5 240 50 0
0.5 0 43 36
0.5 180 43 0
0.5 60 60 30
0.5 0 57 25
0.5 240 57 0
0.5 0 60 0
0.5 0 50 30
0.5 240 50 0
0.5 0 43 36
0.5 180 43 0
0.5 60 58 28
0.5 0 55 24
0.5 240 55 0
0.5 0 58 0
0.5 0 50 28
0.5 240 50 0
0.5 0 43 36
0.5 180 43 0
0.5 60 58 30
0.5 0 55 25
0.5 240 55 0
0.5 0 58 0
0.5 0 50 27
0.5 240 50 0
0.5 0 43 31
0.5 180 43 0
0.5 60 55 24
0.5 240 55 0
0.5 0 50 23
0.5 240 50 0
0.5 0 43 28
0.5 180 43 0
0.5 60 62 24
0.5 0 60 19
0.5 240 60 0
0.5 0 62 0
0.5 0 50 23
0.5 240 50 0
0.5 0 43 25
0.5 180 43 0
0.5 60 58 19
0.5 0 55 16
0.5 240 55 0
0.5 0 58 0
0.5 0 50 19
0.5 240 50 0
0.5 0 43 25
0.5 180 43 0
0.5 60 58 20
0.5 0 55 17
0.5 240 55 0
0.5 0 58 0
0.5 0 50 20
0.5 240 50 0
0.5 0 43 25
0.5 180 43 0
0.5 60 58 19
0.5 0 55 16
0.5 240 55 0
0.5 0 58 0
0.5 0 50 19
0.5 240 50 0
0.5 0 43 25
0.5 180 43 0
0.5 60 58 20
0.5 0 55 17
0.5 240 55 0
0.5 0 58 0
0.5 0 50 19
0.5 240 50 0
0.5 0 43 25
0.5 180 43 0
0.5 60 58 20
0.5 0 55 17
0.5 240 55 0
0.5 0 58 0
0.5 0 50 19
0.5 240 50 0
0.5 0 29 21
0.5 0 41 25
0.5 240 60 20
0.5 0 57 17
0.5 240 57 0
0.5 0 29 0
0.5 0 41 0
0.5 0 60 0
0.5 0 53 19
0.5 240 53 0
0.5 0 34 21
0.5 0 46 25
0.5 240 62 20
0.5 0 58 17
0.5 240 58 0
0.5 0 34 0
0.5 0 46 0
0.5 0 62 0
0.5 0 53 19
0.5 240 53 0
0.5 0 36 21
0.5 0 48 25
0.5 240 60 20
0.5 0 55 17
0.5 240 55 0
0.5 0 36 0
0.5 0 48 0
0.5 0 60 0
0.5 0 51 19
0.5 240 51 0
0.5 0 38 25
0.5 240 58 20
0.5 0 55 17
0.5 240 55 0
0.5 0 58 0
0.5 0 38 0
0.5 0 50 19
0.5 240 50 0
0.5 0 38 25
0.5 240 55 17
0.5 0 58 20
0.5 240 58 0
0.5 0 55 0
0.5 0 38 0
0.5 0 50 19
0.5 240 50 0
0.5 0 38 25
0.5 240 60 20
0.5 0 57 17
0.5 240 57 0
0.5 0 60 0
0.5 0 38 0
0.5 0 50 19
0.5 240 50 0
0.5 0 38 25
0.5 240 57 20
0.5 0 54 17
0.5 240 54 0
0.5 0 57 0
0.5 0 38 0
0.5 0 50 19
0.5 240 50 0
0.5 0 31 25
0.5 240 58 20
0.5 0 55 17
0.5 240 55 0
0.5 0 58 0
0.5 0 31 0
0.5 0 50 19
0.5 240 50 0
0.5 720 31 25
0.5 240 58 20
0.5 0 55 17
0.5 240 55 0
0.5 0 58 0
0.5 0 31 0
0.5 0 50 19
0.5 240 50 0
0.5 720 31 21
0.5 1440 31 0
1 0 0 0
