0 0 7 100
0 0 10 64
0 0 91 127
0.5 3780 58 80
0.5 60 58 0
0.5 0 65 88
0.5 480 65 0
0.5 360 64 80
0.5 60 64 0
0.5 0 65 80
0.5 60 65 0
0.5 0 64 92
0.5 1440 64 0
0.5 480 57 80
0.5 160 57 0
0.5 0 58 80
0.5 160 58 0
0.5 0 60 80
0.5 160 60 0
0.5 0 61 86
0.5 420 61 0
0.5 0 58 80
0.5 60 58 0
0.5 0 65 86
0.5 480 65 0
0.5 360 64 80
0.5 40 64 0
0.5 0 65 80
0.5 40 65 0
0.5 0 64 80
0.5 40 64 0
0.5 0 61 90
0.5 1440 61 0
0.5 480 57 82
0.5 240 57 0
0.5 0 58 80
0.5 240 58 0
0.5 0 60 80
0.5 240 60 0
0.5 0 61 80
0.5 240 61 0
0.5 0 63 80
0.5 720 63 0
0.5 0 65 83
0.5 240 65 0
0.5 0 66 87
0.5 240 66 0
0.5 240 69 88
0.5 240 69 0
0.5 240 70 93
0.5 960 70 0
0.5 0 68 88
0.5 480 68 0
0.5 0 66 85
0.5 480 66 0
0.5 0 69 88
0.5 320 69 0
0.5 0 66 85
0.5 320 66 0
0.5 0 65 80
0.5 300 65 0
0.5 20 65 87
0.5 840 65 0
0.5 0 69 80
0.5 120 69 0
0.5 0 65 86
0.5 480 65 0
0.5 480 57 82
0.5 240 57 0
0.5 0 58 80
0.5 240 58 0
0.5 0 60 80
0.5 240 60 0
0.5 0 61 80
0.5 240 61 0
0.5 0 63 80
0.5 720 63 0
0.5 0 65 83
0.5 240 65 0
0.5 0 66 87
0.5 240 66 0
0.5 240 69 88
0.5 240 69 0
0.5 240 70 93
0.5 960 70 0
0.5 0 69 88
0.5 480 69 0
0.5 0 66 85
0.5 480 66 0
0.5 0 68 88
0.5 320 68 0
0.5 0 66 85
0.5 320 66 0
0.5 0 65 80
0.5 300 65 0
0.5 20 65 87
0.5 2160 65 0
0.5 660 58 80
0.5 60 58 0
0.5 0 65 86
0.5 480 65 0
0.5 360 64 80
0.5 40 64 0
0.5 0 65 80
0.5 40 65 0
0.5 0 64 80
0.5 40 64 0
0.5 0 61 90
0.5 840 61 0
0.5 0 60 80
0.5 40 60 0
0.5 0 61 78
0.5 40 61 0
0.5 0 57 78
0.5 40 57 0
0.5 0 61 89
0.5 780 61 0
0.5 0 60 75
0.5 30 60 0
0.5 0 61 75
0.5 30 61 0
0.5 0 60 75
0.5 40 60 0
0.5 0 58 75
0.5 40 58 0
0.5 0 57 75
0.5 40 57 0
0.5 0 61 80
0.5 3600 61 0
0.5 180 81 52
0.5 54 81 0
0.5 6 69 52
0.5 0 66 52
0.5 0 81 60
0.5 144 81 0
0.5 16 81 58
0.5 144 81 0
0.5 16 81 58
0.5 90 81 0
0.5 10 81 50
0.5 30 83 51
0.5 20 81 0
0.5 10 81 54
0.5 20 83 0
0.5 400 81 0
0.5 0 81 52
0.5 54 81 0
0.5 6 81 60
0.5 144 81 0
0.5 16 81 57
0.5 144 81 0
0.5 16 81 57
0.5 90 81 0
0.5 10 81 48
0.5 30 83 52
0.5 20 81 0
0.5 10 81 56
0.5 20 83 0
0.5 400 81 0
0.5 0 80 49
0.5 54 80 0
0.5 6 66 0
0.5 0 69 0
0.5 0 64 52
0.5 0 68 52
0.5 0 80 57
0.5 144 80 0
0.5 16 80 55
0.5 144 80 0
0.5 16 80 55
0.5 90 80 0
0.5 10 80 49
0.5 30 81 52
0.5 20 80 0
0.5 10 80 55
0.5 20 81 0
0.5 400 80 0
0.5 0 78 49
0.5 60 78 0
0.5 0 68 0
0.5 0 64 0
0.5 0 66 49
0.5 0 62 49
0.5 0 78 57
0.5 160 78 0
0.5 0 78 54
0.5 160 78 0
0.5 0 78 54
0.5 100 78 0
0.5 0 78 47
0.5 30 79 50
0.5 20 78 0
0.5 10 78 56
0.5 20 79 0
0.5 400 78 0
0.5 0 80 49
0.5 54 80 0
0.5 6 62 0
0.5 0 66 0
0.5 0 80 57
0.5 0 64 49
0.5 0 68 49
0.5 144 80 0
0.5 16 80 55
0.5 144 80 0
0.5 16 80 55
0.5 90 80 0
0.5 10 80 49
0.5 30 81 49
0.5 20 80 0
0.5 10 80 55
0.5 20 81 0
0.5 400 80 0
0.5 0 73 49
0.5 54 73 0
0.5 6 68 0
0.5 0 64 0
0.5 0 61 49
0.5 0 73 54
0.5 0 64 49
0.5 144 73 0
0.5 16 73 51
0.5 144 73 0
0.5 16 73 51
0.5 90 73 0
0.5 10 73 47
0.5 30 74 46
0.5 20 73 0
0.5 10 73 53
0.5 20 74 0
0.5 400 73 0
0.5 0 73 47
0.5 54 73 0
0.5 6 73 54
0.5 144 73 0
0.5 16 73 51
0.5 144 73 0
0.5 16 73 51
0.5 90 73 0
0.5 10 73 47
0.5 30 74 47
0.5 20 73 0
0.5 10 73 55
0.5 20 74 0
0.5 400 73 0
0.5 0 73 40
0.5 54 73 0
0.5 6 73 47
0.5 144 73 0
0.5 16 73 47
0.5 144 73 0
0.5 16 73 47
0.5 90 73 0
0.5 10 73 39
0.5 30 74 40
0.5 0 74 0
0.5 20 73 0
0.5 10 64 0
0.5 0 61 0
0.5 0 73 47
0.5 420 73 0
0.5 0 81 52
0.5 54 81 0
0.5 6 66 52
0.5 0 69 52
0.5 0 81 60
0.5 144 81 0
0.5 16 81 58
0.5 144 81 0
0.5 16 81 58
0.5 90 81 0
0.5 10 81 50
0.5 30 83 47
0.5 20 81 0
0.5 10 81 51
0.5 20 83 0
0.5 400 81 0
0.5 0 81 52
0.5 54 81 0
0.5 6 81 60
0.5 144 81 0
0.5 16 81 57
0.5 144 81 0
0.5 16 81 57
0.5 90 81 0
0.5 10 81 50
0.5 30 83 51
0.5 20 81 0
0.5 10 81 56
0.5 20 83 0
0.5 400 81 0
0.5 0 80 49
0.5 54 80 0
0.5 6 69 0
0.5 0 66 0
0.5 0 64 52
0.5 0 68 52
0.5 0 80 57
0.5 144 80 0
0.5 16 80 55
0.5 144 80 0
0.5 16 80 55
0.5 90 80 0
0.5 10 80 49
0.5 30 81 52
0.5 20 80 0
0.5 10 80 58
0.5 20 81 0
0.5 400 80 0
0.5 0 78 49
0.5 54 78 0
0.5 6 68 0
0.5 0 64 0
0.5 0 66 49
0.5 0 62 49
0.5 0 78 57
0.5 144 78 0
0.5 16 78 54
0.5 144 78 0
0.5 16 78 54
0.5 90 78 0
0.5 10 78 47
0.5 30 79 50
0.5 20 78 0
0.5 10 78 56
0.5 20 79 0
0.5 400 78 0
0.5 0 80 49
0.5 54 80 0
0.5 6 62 0
0.5 0 66 0
0.5 0 80 57
0.5 0 68 49
0.5 0 64 49
0.5 144 80 0
0.5 16 80 55
0.5 144 80 0
0.5 16 80 55
0.5 90 80 0
0.5 10 80 49
0.5 30 81 49
0.5 20 80 0
0.5 10 80 57
0.5 20 81 0
0.5 400 80 0
0.5 0 73 49
0.5 54 73 0
0.5 6 64 0
0.5 0 68 0
0.5 0 61 49
0.5 0 64 49
0.5 0 73 54
0.5 144 73 0
0.5 16 73 51
0.5 144 73 0
0.5 16 73 51
0.5 90 73 0
0.5 10 73 47
0.5 30 74 46
0.5 20 73 0
0.5 10 73 51
0.5 20 74 0
0.5 400 73 0
0.5 0 73 47
0.5 54 73 0
0.5 6 73 54
0.5 144 73 0
0.5 16 73 51
0.5 144 73 0
0.5 16 73 51
0.5 90 73 0
0.5 10 73 47
0.5 30 74 47
0.5 20 73 0
0.5 10 73 51
0.5 20 74 0
0.5 400 73 0
0.5 0 73 40
0.5 54 73 0
0.5 6 73 47
0.5 144 73 0
0.5 16 73 47
0.5 144 73 0
0.5 16 73 47
0.5 90 73 0
0.5 10 73 39
0.5 30 74 40
0.5 20 73 0
0.5 10 61 0
0.5 0 64 0
0.5 0 73 47
0.5 20 74 0
0.5 400 73 0
0.5 0 78 52
0.5 54 78 0
0.5 6 78 54
0.5 0 62 46
0.5 0 66 46
0.5 144 78 0
0.5 16 78 52
0.5 144 78 0
0.5 16 78 52
0.5 90 78 0
0.5 10 78 45
0.5 30 80 45
0.5 20 78 0
0.5 10 78 52
0.5 20 80 0
0.5 400 78 0
0.5 0 78 46
0.5 54 78 0
0.5 6 78 54
0.5 144 78 0
0.5 16 78 51
0.5 144 78 0
0.5 16 78 51
0.5 90 78 0
0.5 10 78 46
0.5 30 80 46
0.5 20 78 0
0.5 10 78 52
0.5 20 80 0
0.5 400 78 0
0.5 0 76 44
0.5 54 76 0
0.5 6 66 0
0.5 0 62 0
0.5 0 76 51
0.5 0 64 46
0.5 0 61 46
0.5 144 76 0
0.5 16 76 49
0.5 144 76 0
0.5 16 76 49
0.5 90 76 0
0.5 10 76 44
0.5 30 78 46
0.5 20 76 0
0.5 10 76 52
0.5 20 78 0
0.5 400 76 0
0.5 0 74 44
0.5 54 74 0
0.5 6 61 0
0.5 0 64 0
0.5 0 62 44
0.5 0 74 51
0.5 0 59 44
0.5 144 74 0
0.5 16 74 48
0.5 144 74 0
0.5 16 74 48
0.5 90 74 0
0.5 10 74 42
0.5 30 76 45
0.5 20 74 0
0.5 10 74 50
0.5 20 76 0
0.5 400 74 0
0.5 0 78 44
0.5 54 78 0
0.5 6 59 0
0.5 0 62 0
0.5 0 62 44
0.5 0 66 44
0.5 0 78 51
0.5 144 78 0
0.5 16 78 49
0.5 144 78 0
0.5 16 78 49
0.5 90 78 0
0.5 10 78 44
0.5 30 80 44
0.5 20 78 0
0.5 10 78 51
0.5 20 80 0
0.5 400 78 0
0.5 0 73 44
0.5 54 73 0
0.5 6 66 0
0.5 0 62 0
0.5 0 61 44
0.5 0 57 44
0.5 0 73 48
0.5 144 73 0
0.5 16 73 45
0.5 144 73 0
0.5 16 73 45
0.5 90 73 0
0.5 10 73 42
0.5 30 74 41
0.5 20 73 0
0.5 10 73 47
0.5 20 74 0
0.5 400 73 0
0.5 0 73 42
0.5 54 73 0
0.5 6 73 48
0.5 144 73 0
0.5 16 73 45
0.5 144 73 0
0.5 16 73 45
0.5 90 73 0
0.5 10 73 42
0.5 30 74 42
0.5 20 73 0
0.5 10 73 48
0.5 20 74 0
0.5 400 73 0
0.5 0 73 36
0.5 54 73 0
0.5 6 73 42
0.5 144 73 0
0.5 16 73 42
0.5 144 73 0
0.5 16 73 42
0.5 90 73 0
0.5 10 73 35
0.5 30 74 36
0.5 20 73 0
0.5 10 61 0
0.5 0 57 0
0.5 0 73 42
0.5 20 74 0
0.5 400 73 0
0.5 0 78 52
0.5 54 78 0
0.5 6 62 46
0.5 0 78 54
0.5 0 66 46
0.5 144 78 0
0.5 16 78 52
0.5 144 78 0
0.5 16 78 52
0.5 90 78 0
0.5 10 78 45
0.5 30 80 45
0.5 20 78 0
0.5 10 78 51
0.5 20 80 0
0.5 400 78 0
0.5 0 78 46
0.5 54 78 0
0.5 6 78 54
0.5 144 78 0
0.5 16 78 51
0.5 144 78 0
0.5 16 78 51
0.5 90 78 0
0.5 10 78 46
0.5 30 80 46
0.5 20 78 0
0.5 10 78 52
0.5 20 80 0
0.5 400 78 0
0.5 0 76 44
0.5 54 76 0
0.5 6 66 0
0.5 0 62 0
0.5 0 76 51
0.5 0 64 46
0.5 0 61 46
0.5 144 76 0
0.5 16 76 49
0.5 144 76 0
0.5 16 76 49
0.5 90 76 0
0.5 10 76 44
0.5 30 78 46
0.5 20 76 0
0.5 10 76 52
0.5 20 78 0
0.5 400 76 0
0.5 0 74 44
0.5 54 74 0
0.5 6 61 0
0.5 0 64 0
0.5 0 62 44
0.5 0 74 51
0.5 0 59 44
0.5 144 74 0
0.5 16 74 48
0.5 144 74 0
0.5 16 74 48
0.5 90 74 0
0.5 10 74 42
0.5 30 76 45
0.5 20 74 0
0.5 10 74 50
0.5 20 76 0
0.5 400 74 0
0.5 0 78 44
0.5 54 78 0
0.5 6 59 0
0.5 0 62 0
0.5 0 62 44
0.5 0 66 44
0.5 0 78 51
0.5 144 78 0
0.5 16 78 49
0.5 144 78 0
0.5 16 78 49
0.5 90 78 0
0.5 10 78 44
0.5 30 80 44
0.5 20 78 0
0.5 10 78 49
0.5 20 80 0
0.5 400 78 0
0.5 0 73 44
0.5 54 73 0
0.5 6 66 0
0.5 0 62 0
0.5 0 57 44
0.5 0 61 44
0.5 0 73 48
0.5 144 73 0
0.5 16 73 45
0.5 144 73 0
0.5 16 73 45
0.5 90 73 0
0.5 10 73 42
0.5 30 74 41
0.5 20 73 0
0.5 10 73 47
0.5 20 74 0
0.5 400 73 0
0.5 0 73 42
0.5 54 73 0
0.5 6 73 48
0.5 144 73 0
0.5 16 73 45
0.5 144 73 0
0.5 16 73 45
0.5 90 73 0
0.5 10 73 42
0.5 30 74 42
0.5 20 73 0
0.5 10 73 49
0.5 20 74 0
0.5 400 73 0
0.5 0 73 36
0.5 54 73 0
0.5 6 73 42
0.5 144 73 0
0.5 16 73 42
0.5 144 73 0
0.5 16 73 42
0.5 90 73 0
0.5 10 73 35
0.5 30 74 36
0.5 20 73 0
0.5 10 57 0
0.5 0 61 0
0.5 0 73 42
0.5 20 74 0
0.5 460 73 0
0.5 0 72 69
0.5 480 72 0
0.5 0 75 68
0.5 120 75 0
0.5 0 76 67
0.5 120 76 0
0.5 0 80 73
0.5 120 80 0
0.5 0 81 70
0.5 120 81 0
0.5 0 80 75
0.5 480 80 0
0.5 0 76 72
0.5 120 76 0
0.5 0 75 69
0.5 120 75 0
0.5 0 73 72
0.5 120 73 0
0.5 0 72 71
0.5 120 72 0
0.5 0 73 77
0.5 351 73 0
0.5 9 73 75
0.5 108 73 0
0.5 12 73 73
0.5 144 73 0
0.5 16 73 71
0.5 144 73 0
0.5 16 73 70
0.5 144 73 0
0.5 16 73 73
0.5 350 73 0
0.5 10 73 66
0.5 108 73 0
0.5 12 73 66
0.5 144 73 0
0.5 16 73 66
0.5 144 73 0
0.5 16 73 70
0.5 144 73 0
0.5 16 72 73
0.5 480 72 0
0.5 0 75 71
0.5 120 75 0
0.5 0 76 70
0.5 120 76 0
0.5 0 80 76
0.5 120 80 0
0.5 0 81 73
0.5 120 81 0
0.5 0 80 78
0.5 480 80 0
0.5 0 76 75
0.5 120 76 0
0.5 0 75 72
0.5 120 75 0
0.5 0 73 75
0.5 120 73 0
0.5 0 72 74
0.5 120 72 0
0.5 0 73 80
0.5 349 73 0
0.5 11 73 78
0.5 108 73 0
0.5 12 73 76
0.5 144 73 0
0.5 16 73 74
0.5 144 73 0
0.5 16 73 73
0.5 144 73 0
0.5 16 73 73
0.5 350 73 0
0.5 10 73 66
0.5 108 73 0
0.5 12 73 76
0.5 144 73 0
0.5 16 73 74
0.5 144 73 0
0.5 16 73 80
0.5 144 73 0
0.5 16 73 92
0.5 0 61 78
0.5 350 61 0
0.5 0 73 0
0.5 10 61 67
0.5 0 73 79
0.5 108 73 0
0.5 0 61 0
0.5 12 61 67
0.5 0 73 79
0.5 144 73 0
0.5 0 61 0
0.5 16 61 67
0.5 0 73 79
0.5 144 73 0
0.5 0 61 0
0.5 16 61 67
0.5 0 73 79
0.5 144 73 0
0.5 0 61 0
0.5 16 61 76
0.5 0 73 90
0.5 350 73 0
0.5 0 61 0
0.5 10 73 73
0.5 0 61 62
0.5 108 61 0
0.5 0 73 0
0.5 12 61 62
0.5 0 73 73
0.5 144 73 0
0.5 0 61 0
0.5 16 73 73
0.5 0 61 62
0.5 144 61 0
0.5 0 73 0
0.5 16 61 62
0.5 0 73 73
0.5 144 73 0
0.5 0 61 0
0.5 16 69 78
0.5 0 81 92
0.5 350 81 0
0.5 0 69 0
0.5 10 80 78
0.5 0 68 66
0.5 108 68 0
0.5 0 80 0
0.5 12 68 66
0.5 0 80 78
0.5 144 80 0
0.5 0 68 0
0.5 16 80 78
0.5 0 68 66
0.5 144 68 0
0.5 0 80 0
0.5 16 68 66
0.5 0 80 78
0.5 144 80 0
0.5 0 68 0
0.5 16 66 72
0.5 0 78 85
0.5 350 78 0
0.5 0 66 0
0.5 10 80 73
0.5 0 68 62
0.5 108 68 0
0.5 0 80 0
0.5 12 68 62
0.5 0 80 73
0.5 144 80 0
0.5 0 68 0
0.5 16 80 73
0.5 0 68 62
0.5 144 68 0
0.5 0 80 0
0.5 16 68 62
0.5 0 80 73
0.5 144 80 0
0.5 0 68 0
0.5 16 61 78
0.5 0 73 92
0.5 350 73 0
0.5 0 61 0
0.5 10 73 79
0.5 0 61 67
0.5 108 61 0
0.5 0 73 0
0.5 12 61 67
0.5 0 73 79
0.5 144 73 0
0.5 0 61 0
0.5 16 73 79
0.5 0 61 67
0.5 144 61 0
0.5 0 73 0
0.5 16 73 79
0.5 0 61 67
0.5 144 61 0
0.5 0 73 0
0.5 16 61 76
0.5 0 73 90
0.5 350 73 0
0.5 0 61 0
0.5 10 73 73
0.5 0 61 62
0.5 108 61 0
0.5 0 73 0
0.5 12 61 62
0.5 0 73 73
0.5 144 73 0
0.5 0 61 0
0.5 16 61 62
0.5 0 73 73
0.5 144 73 0
0.5 0 61 0
0.5 16 73 73
0.5 0 61 62
0.5 144 61 0
0.5 0 73 0
0.5 16 61 78
0.5 0 73 92
0.5 350 73 0
0.5 0 61 0
0.5 10 73 79
0.5 0 61 67
0.5 108 61 0
0.5 0 73 0
0.5 12 61 67
0.5 0 73 79
0.5 144 73 0
0.5 0 61 0
0.5 16 61 67
0.5 0 73 79
0.5 144 73 0
0.5 0 61 0
0.5 16 73 79
0.5 0 61 67
0.5 144 61 0
0.5 0 73 0
0.5 16 61 76
0.5 0 73 90
0.5 350 73 0
0.5 0 61 0
0.5 10 73 73
0.5 0 61 62
0.5 108 61 0
0.5 0 73 0
0.5 12 61 62
0.5 0 73 73
0.5 144 73 0
0.5 0 61 0
0.5 16 61 62
0.5 0 73 73
0.5 144 73 0
0.5 0 61 0
0.5 16 73 73
0.5 0 61 62
0.5 144 61 0
0.5 0 73 0
0.5 16 69 78
0.5 0 81 92
0.5 350 81 0
0.5 10 69 0
0.5 0 80 78
0.5 0 68 66
0.5 108 68 0
0.5 0 80 0
0.5 12 68 66
0.5 0 80 78
0.5 144 80 0
0.5 0 68 0
0.5 16 68 66
0.5 0 80 78
0.5 144 80 0
0.5 0 68 0
0.5 16 68 66
0.5 0 80 78
0.5 144 80 0
0.5 0 68 0
0.5 16 66 72
0.5 0 78 85
0.5 360 78 0
0.5 0 66 0
0.5 0 68 62
0.5 0 80 73
0.5 108 80 0
0.5 0 68 0
0.5 12 80 73
0.5 0 68 62
0.5 144 68 0
0.5 0 80 0
0.5 16 68 62
0.5 0 80 73
0.5 144 80 0
0.5 0 68 0
0.5 16 80 73
0.5 0 68 62
0.5 144 68 0
0.5 0 80 0
0.5 16 61 78
0.5 0 73 92
0.5 350 73 0
0.5 0 61 0
0.5 10 61 67
0.5 0 73 79
0.5 108 73 0
0.5 0 61 0
0.5 12 73 79
0.5 0 61 67
0.5 144 61 0
0.5 0 73 0
0.5 16 61 67
0.5 0 73 79
0.5 144 73 0
0.5 0 61 0
0.5 16 73 79
0.5 0 61 67
0.5 144 61 0
0.5 0 73 0
0.5 16 61 76
0.5 0 73 90
0.5 350 73 0
0.5 0 61 0
0.5 10 61 58
0.5 0 73 69
0.5 108 73 0
0.5 0 61 0
0.5 12 73 69
0.5 0 61 58
0.5 144 61 0
0.5 0 73 0
0.5 16 61 58
0.5 0 73 69
0.5 144 73 0
0.5 0 61 0
0.5 16 73 69
0.5 0 61 58
0.5 144 61 0
0.5 0 73 0
0.5 16 61 69
0.5 0 73 82
0.5 350 73 0
0.5 0 61 0
0.5 10 61 63
0.5 0 73 75
0.5 108 73 0
0.5 0 61 0
0.5 12 73 75
0.5 0 61 63
0.5 144 61 0
0.5 0 73 0
0.5 16 61 63
0.5 0 73 75
0.5 144 73 0
0.5 0 61 0
0.5 16 73 75
0.5 0 61 63
0.5 144 61 0
0.5 0 73 0
0.5 16 61 70
0.5 0 73 83
0.5 350 73 0
0.5 0 61 0
0.5 10 61 62
0.5 0 73 73
0.5 108 73 0
0.5 0 61 0
0.5 12 61 62
0.5 0 73 73
0.5 144 73 0
0.5 0 61 0
0.5 16 73 73
0.5 0 61 62
0.5 144 61 0
0.5 0 73 0
0.5 16 61 62
0.5 0 73 73
0.5 144 73 0
0.5 0 61 0
0.5 16 73 88
0.5 0 61 74
0.5 350 61 0
0.5 0 73 0
0.5 10 61 67
0.5 0 73 79
0.5 108 73 0
0.5 0 61 0
0.5 12 61 67
0.5 0 73 79
0.5 144 73 0
0.5 0 61 0
0.5 16 73 79
0.5 0 61 67
0.5 144 61 0
0.5 0 73 0
0.5 16 61 67
0.5 0 73 79
0.5 144 73 0
0.5 0 61 0
0.5 16 73 90
0.5 0 61 76
0.5 350 61 0
0.5 0 73 0
0.5 10 61 66
0.5 0 73 78
0.5 108 73 0
0.5 0 61 0
0.5 12 61 66
0.5 0 73 78
0.5 144 73 0
0.5 0 61 0
0.5 16 73 78
0.5 0 61 66
0.5 144 61 0
0.5 0 73 0
0.5 16 61 65
0.5 0 73 77
0.5 144 73 0
0.5 0 61 0
0.5 16 73 88
0.5 0 61 74
0.5 350 61 0
0.5 0 73 0
0.5 10 61 68
0.5 0 73 80
0.5 108 73 0
0.5 0 61 0
0.5 12 61 68
0.5 0 73 80
0.5 144 73 0
0.5 0 61 0
0.5 16 73 80
0.5 0 61 68
0.5 144 61 0
0.5 0 73 0
0.5 16 61 67
0.5 0 73 79
0.5 144 73 0
0.5 0 61 0
0.5 16 81 92
0.5 0 69 78
0.5 360 69 0
0.5 0 81 0
0.5 0 80 78
0.5 0 68 66
0.5 108 68 0
0.5 0 80 0
0.5 12 68 66
0.5 0 80 78
0.5 144 80 0
0.5 0 68 0
0.5 16 80 78
0.5 0 68 66
0.5 144 68 0
0.5 0 80 0
0.5 16 68 66
0.5 0 80 78
0.5 144 80 0
0.5 0 68 0
0.5 16 66 72
0.5 0 78 85
0.5 360 78 0
0.5 0 66 0
0.5 0 80 73
0.5 0 68 62
0.5 108 68 0
0.5 0 80 0
0.5 12 68 62
0.5 0 80 73
0.5 144 80 0
0.5 0 68 0
0.5 16 80 73
0.5 0 68 62
0.5 144 68 0
0.5 0 80 0
0.5 16 68 62
0.5 0 80 73
0.5 144 80 0
0.5 0 68 0
0.5 16 61 76
0.5 0 73 90
0.5 350 73 0
0.5 0 61 0
0.5 10 73 73
0.5 0 61 62
0.5 108 61 0
0.5 0 73 0
0.5 12 61 62
0.5 0 73 73
0.5 144 73 0
0.5 0 61 0
0.5 16 73 73
0.5 0 61 62
0.5 144 61 0
0.5 0 73 0
0.5 16 61 62
0.5 0 73 73
0.5 144 73 0
0.5 0 61 0
0.5 16 61 78
0.5 0 73 92
0.5 350 73 0
0.5 0 61 0
0.5 10 73 79
0.5 0 61 67
0.5 108 61 0
0.5 0 73 0
0.5 12 61 67
0.5 0 73 79
0.5 144 73 0
0.5 0 61 0
0.5 16 73 79
0.5 0 61 67
0.5 144 61 0
0.5 0 73 0
0.5 16 61 67
0.5 0 73 79
0.5 144 73 0
0.5 0 61 0
0.5 16 61 76
0.5 0 73 90
0.5 350 73 0
0.5 0 61 0
0.5 10 61 62
0.5 0 73 73
0.5 108 73 0
0.5 0 61 0
0.5 12 61 62
0.5 0 73 73
0.5 144 73 0
0.5 0 61 0
0.5 16 61 62
0.5 0 73 73
0.5 144 73 0
0.5 0 61 0
0.5 16 73 73
0.5 0 61 62
0.5 144 61 0
0.5 0 73 0
0.5 16 61 74
0.5 0 73 88
0.5 350 73 0
0.5 0 61 0
0.5 10 73 79
0.5 0 61 67
0.5 108 61 0
0.5 0 73 0
0.5 12 61 67
0.5 0 73 79
0.5 144 73 0
0.5 0 61 0
0.5 16 61 67
0.5 0 73 79
0.5 144 73 0
0.5 0 61 0
0.5 16 73 79
0.5 0 61 67
0.5 144 61 0
0.5 0 73 0
0.5 16 61 76
0.5 0 73 90
0.5 350 73 0
0.5 0 61 0
0.5 10 73 82
0.5 0 61 69
0.5 108 61 0
0.5 0 73 0
0.5 12 61 68
0.5 0 73 81
0.5 144 73 0
0.5 0 61 0
0.5 16 61 68
0.5 0 73 81
0.5 144 73 0
0.5 0 61 0
0.5 16 73 81
0.5 0 61 68
0.5 144 61 0
0.5 0 73 0
0.5 16 61 80
0.5 0 73 95
0.5 350 73 0
0.5 0 61 0
0.5 10 73 78
0.5 0 61 66
0.5 108 61 0
0.5 0 73 0
0.5 12 61 67
0.5 0 73 79
0.5 144 73 0
0.5 0 61 0
0.5 16 61 69
0.5 0 73 82
0.5 144 73 0
0.5 0 61 0
0.5 16 73 84
0.5 0 61 71
0.5 144 61 0
0.5 0 73 0
0.5 16 61 80
0.5 0 65 80
0.5 0 73 95
0.5 0 69 80
0.5 480 69 0
0.5 0 61 0
0.5 0 65 0
0.5 0 73 0
0.5 1440 65 54
0.5 960 65 0
0.5 0 60 62
0.5 0 64 62
0.5 960 64 0
0.5 0 60 0
0.5 0 63 68
0.5 0 60 68
0.5 480 63 0
0.5 0 62 63
0.5 160 62 0
0.5 0 63 67
0.5 160 63 0
0.5 0 62 63
0.5 160 62 0
0.5 0 60 0
0.5 0 58 59
0.5 0 61 59
0.5 960 61 0
0.5 0 58 0
0.5 0 60 56
0.5 0 57 56
0.5 420 57 0
0.5 0 60 0
0.5 0 64 86
0.5 60 64 0
0.5 0 65 100
0.5 240 65 0
0.5 240 64 62
0.5 0 60 62
0.5 960 60 0
0.5 0 64 0
0.5 0 63 68
0.5 0 59 68
0.5 480 63 0
0.5 0 62 63
0.5 160 62 0
0.5 0 63 67
0.5 160 63 0
0.5 0 62 63
0.5 160 62 0
0.5 0 59 0
0.5 0 58 59
0.5 0 61 59
0.5 960 61 0
0.5 0 58 0
0.5 0 57 56
0.5 0 60 56
0.5 420 60 0
0.5 0 57 0
0.5 0 64 86
0.5 60 64 0
0.5 0 65 100
0.5 240 65 0
0.5 960 64 93
0.5 80 64 0
0.5 0 65 93
0.5 80 65 0
0.5 0 64 93
0.5 80 64 0
0.5 0 61 100
0.5 1440 61 0
0.5 960 84 100
0.5 0 72 90
0.5 160 72 0
0.5 0 84 0
0.5 0 85 96
0.5 0 73 86
0.5 160 73 0
0.5 0 85 0
0.5 0 70 85
0.5 0 82 95
0.5 144 82 0
0.5 0 70 0
0.5 16 70 90
0.5 0 82 100
0.5 2880 82 0
0.5 0 70 0
1 0 0 0
0 0 7 100
0 0 10 64
0.5 3780 46 70
0.5 60 46 0
0.5 0 53 77
0.5 480 53 0
0.5 360 52 70
0.5 60 52 0
0.5 0 53 70
0.5 60 53 0
0.5 0 52 80
0.5 1440 52 0
0.5 480 45 70
0.5 160 45 0
0.5 0 46 70
0.5 160 46 0
0.5 0 48 70
0.5 160 48 0
0.5 0 49 75
0.5 420 49 0
0.5 0 46 70
0.5 60 46 0
0.5 0 53 75
0.5 480 53 0
0.5 360 52 70
0.5 40 52 0
0.5 0 53 70
0.5 40 53 0
0.5 0 52 70
0.5 40 52 0
0.5 0 49 79
0.5 1440 49 0
0.5 480 45 72
0.5 240 45 0
0.5 0 46 70
0.5 240 46 0
0.5 0 48 70
0.5 240 48 0
0.5 0 49 70
0.5 240 49 0
0.5 0 51 70
0.5 720 51 0
0.5 0 53 73
0.5 240 53 0
0.5 0 54 76
0.5 240 54 0
0.5 240 57 77
0.5 240 57 0
0.5 240 58 81
0.5 960 58 0
0.5 0 56 77
0.5 480 56 0
0.5 0 54 74
0.5 480 54 0
0.5 0 57 77
0.5 320 57 0
0.5 0 54 74
0.5 320 54 0
0.5 0 53 70
0.5 300 53 0
0.5 20 53 76
0.5 840 53 0
0.5 0 57 70
0.5 120 57 0
0.5 0 53 75
0.5 480 53 0
0.5 480 45 72
0.5 240 45 0
0.5 0 46 70
0.5 240 46 0
0.5 0 48 70
0.5 240 48 0
0.5 0 49 70
0.5 240 49 0
0.5 0 51 70
0.5 720 51 0
0.5 0 53 73
0.5 240 53 0
0.5 0 54 76
0.5 240 54 0
0.5 240 57 77
0.5 240 57 0
0.5 240 58 81
0.5 960 58 0
0.5 0 57 77
0.5 480 57 0
0.5 0 54 74
0.5 480 54 0
0.5 0 56 77
0.5 320 56 0
0.5 0 54 74
0.5 320 54 0
0.5 0 53 70
0.5 300 53 0
0.5 20 53 76
0.5 2160 53 0
0.5 660 46 70
0.5 60 46 0
0.5 0 53 75
0.5 480 53 0
0.5 360 52 70
0.5 40 52 0
0.5 0 53 70
0.5 40 53 0
0.5 0 52 70
0.5 40 52 0
0.5 0 49 79
0.5 840 49 0
0.5 0 48 70
0.5 40 48 0
0.5 0 49 68
0.5 40 49 0
0.5 0 45 68
0.5 40 45 0
0.5 0 49 78
0.5 780 49 0
0.5 0 48 66
0.5 30 48 0
0.5 0 49 66
0.5 30 49 0
0.5 0 48 66
0.5 40 48 0
0.5 0 46 66
0.5 40 46 0
0.5 0 45 66
0.5 40 45 0
0.5 0 49 70
0.5 6240 49 0
0.5 3360 49 42
0.5 4320 49 0
0.5 3360 49 39
0.5 4320 49 0
0.5 3360 49 37
0.5 4320 49 0
0.5 3360 49 38
0.5 1920 49 0
0.5 0 60 56
0.5 0 57 56
0.5 0 64 66
0.5 960 64 0
0.5 0 57 0
0.5 0 60 0
0.5 0 64 74
0.5 0 60 62
0.5 0 52 62
0.5 0 56 62
0.5 960 56 0
0.5 0 64 0
0.5 0 60 0
0.5 0 52 0
0.5 0 61 67
0.5 0 56 56
0.5 0 49 56
0.5 0 52 56
0.5 480 52 0
0.5 0 61 0
0.5 0 56 0
0.5 0 49 0
0.5 1440 60 62
0.5 0 57 62
0.5 0 64 73
0.5 960 64 0
0.5 0 57 0
0.5 0 60 0
0.5 0 64 77
0.5 0 56 65
0.5 0 52 65
0.5 0 60 65
0.5 960 60 0
0.5 0 64 0
0.5 0 56 0
0.5 0 52 0
0.5 0 61 70
0.5 0 56 59
0.5 0 49 59
0.5 0 52 59
0.5 480 52 0
0.5 0 61 0
0.5 0 56 0
0.5 0 49 0
0.5 1200 46 83
0.5 0 34 83
0.5 240 34 0
0.5 0 46 0
0.5 0 53 94
0.5 0 41 79
0.5 1440 41 0
0.5 0 53 0
0.5 0 40 70
0.5 0 52 83
0.5 240 52 0
0.5 0 40 0
0.5 0 41 66
0.5 0 53 78
0.5 240 53 0
0.5 0 41 0
0.5 0 37 78
0.5 0 49 92
0.5 1920 49 0
0.5 0 37 0
0.5 0 52 94
0.5 0 40 79
0.5 480 40 0
0.5 0 52 0
0.5 1200 46 83
0.5 0 34 70
0.5 240 34 0
0.5 0 46 0
0.5 0 53 94
0.5 0 41 79
0.5 1440 41 0
0.5 0 53 0
0.5 0 52 83
0.5 0 40 70
0.5 160 40 0
0.5 0 52 0
0.5 0 53 78
0.5 0 41 66
0.5 160 41 0
0.5 0 53 0
0.5 0 40 66
0.5 0 52 78
0.5 160 52 0
0.5 0 40 0
0.5 0 49 92
0.5 0 37 78
0.5 1920 37 0
0.5 0 49 0
0.5 0 52 94
0.5 0 40 79
0.5 480 40 0
0.5 0 52 0
0.5 960 34 66
0.5 0 46 78
0.5 480 46 0
0.5 0 34 0
0.5 0 51 86
0.5 0 39 73
0.5 720 39 0
0.5 0 51 0
0.5 0 41 68
0.5 0 53 80
0.5 240 53 0
0.5 0 41 0
0.5 0 42 72
0.5 0 54 85
0.5 480 54 0
0.5 0 42 0
0.5 0 57 88
0.5 0 45 74
0.5 480 45 0
0.5 0 57 0
0.5 0 46 78
0.5 0 58 92
0.5 960 58 0
0.5 0 46 0
0.5 0 44 77
0.5 0 56 91
0.5 480 56 0
0.5 0 44 0
0.5 0 54 85
0.5 0 42 72
0.5 480 42 0
0.5 0 54 0
0.5 0 45 79
0.5 0 57 94
0.5 480 57 0
0.5 0 45 0
0.5 0 42 75
0.5 0 54 89
0.5 240 54 0
0.5 0 42 0
0.5 0 41 71
0.5 0 53 84
0.5 240 53 0
0.5 0 41 0
0.5 0 53 83
0.5 0 41 70
0.5 480 41 0
0.5 0 53 0
0.5 1920 34 73
0.5 0 46 86
0.5 480 46 0
0.5 0 34 0
0.5 0 51 94
0.5 0 39 79
0.5 720 39 0
0.5 0 51 0
0.5 0 41 72
0.5 0 53 85
0.5 240 53 0
0.5 0 41 0
0.5 0 42 74
0.5 0 54 88
0.5 480 54 0
0.5 0 42 0
0.5 0 45 78
0.5 0 57 92
0.5 480 57 0
0.5 0 45 0
0.5 0 46 79
0.5 0 58 94
0.5 960 58 0
0.5 0 46 0
0.5 0 57 94
0.5 0 45 79
0.5 480 45 0
0.5 0 57 0
0.5 0 42 76
0.5 0 54 90
0.5 480 54 0
0.5 0 42 0
0.5 0 44 86
0.5 0 56 102
0.5 480 56 0
0.5 0 44 0
0.5 0 42 84
0.5 0 54 99
0.5 240 54 0
0.5 0 42 0
0.5 0 41 79
0.5 0 53 93
0.5 240 53 0
0.5 0 41 0
0.5 0 53 84
0.5 0 57 101
0.5 480 57 0
0.5 0 53 0
0.5 1440 41 49
0.5 0 53 49
0.5 960 53 0
0.5 0 41 0
0.5 0 53 57
0.5 0 46 57
0.5 960 53 0
0.5 0 54 59
0.5 960 54 0
0.5 0 53 52
0.5 1380 46 0
0.5 0 40 71
0.5 60 40 0
0.5 0 53 0
0.5 0 41 80
0.5 240 41 0
0.5 240 46 57
0.5 0 53 57
0.5 960 53 0
0.5 0 54 59
0.5 960 54 0
0.5 0 53 52
0.5 1380 46 0
0.5 0 40 71
0.5 60 40 0
0.5 0 53 0
0.5 0 41 80
0.5 240 41 0
0.5 960 52 81
0.5 80 52 0
0.5 0 53 81
0.5 80 53 0
0.5 0 52 81
0.5 80 52 0
0.5 0 49 86
0.5 1440 49 0
0.5 960 36 72
0.5 0 48 80
0.5 160 48 0
0.5 0 36 0
0.5 0 37 68
0.5 0 49 76
0.5 160 49 0
0.5 0 37 0
0.5 0 46 77
0.5 0 34 69
0.5 144 34 0
0.5 0 46 0
0.5 16 46 81
0.5 0 34 72
0.5 2880 34 0
0.5 0 46 0
1 0 0 0
