0 0 7 100
0 0 10 64
0 719 91 127
0.5 1 72 56
0.5 240 72 0
0.5 0 77 60
0.5 240 65 31
0.5 0 72 31
0.5 240 77 0
0.5 0 76 56
0.5 240 76 0
0.5 0 72 0
0.5 0 65 0
0.5 0 65 30
0.5 0 75 51
0.5 240 75 0
0.5 0 65 0
0.5 0 74 52
0.5 240 74 0
0.5 0 65 30
0.5 0 76 52
0.5 240 76 0
0.5 0 77 55
0.5 240 77 0
0.5 0 65 0
0.5 0 65 31
0.5 0 79 50
0.5 240 79 0
0.5 0 65 0
0.5 0 72 57
0.5 240 60 29
0.5 0 67 46
0.5 240 67 0
0.5 0 69 47
0.5 240 69 0
0.5 0 60 0
0.5 0 72 0
0.5 0 60 29
0.5 0 70 44
0.5 240 70 0
0.5 0 60 0
0.5 0 69 47
0.5 240 60 30
0.5 240 69 0
0.5 240 60 0
0.5 0 72 56
0.5 240 72 0
0.5 0 72 56
0.5 240 72 0
0.5 0 77 60
0.5 0 65 31
0.5 240 77 0
0.5 0 76 56
0.5 237 65 0
0.5 3 76 0
0.5 0 75 51
0.5 240 75 0
0.5 0 74 52
0.5 240 74 0
0.5 0 65 30
0.5 0 76 52
0.5 240 76 0
0.5 0 77 55
0.5 240 77 0
0.5 0 65 0
0.5 0 65 31
0.5 0 79 50
0.5 240 79 0
0.5 0 65 0
0.5 0 72 57
0.5 240 60 29
0.5 0 67 46
0.5 240 67 0
0.5 0 69 47
0.5 240 69 0
0.5 0 60 0
0.5 0 72 0
0.5 0 60 29
0.5 0 70 45
0.5 240 70 0
0.5 0 60 0
0.5 0 69 47
0.5 240 65 32
0.5 240 69 0
0.5 240 65 0
0.5 0 72 50
0.5 240 72 0
0.5 0 72 56
0.5 240 72 0
0.5 0 60 40
0.5 0 67 51
0.5 240 67 0
0.5 0 69 54
0.5 240 69 0
0.5 0 60 0
0.5 0 60 40
0.5 0 70 57
0.5 240 70 0
0.5 0 60 0
0.5 0 74 56
0.5 480 64 48
0.5 240 64 0
0.5 0 74 0
0.5 0 60 40
0.5 0 66 48
0.5 240 66 0
0.5 0 60 0
0.5 0 58 41
0.5 0 67 50
0.5 240 67 0
0.5 0 58 0
0.5 0 70 52
0.5 240 70 0
0.5 0 74 54
0.5 240 74 0
0.5 0 60 32
0.5 0 62 44
0.5 240 62 0
0.5 0 60 0
0.5 0 67 46
0.5 240 58 32
0.5 240 67 0
0.5 240 58 0
0.5 0 70 53
0.5 240 70 0
0.5 0 74 59
0.5 240 74 0
0.5 0 66 32
0.5 0 69 55
0.5 240 69 0
0.5 0 70 59
0.5 240 70 0
0.5 0 72 63
0.5 240 72 0
0.5 0 66 0
0.5 0 76 63
0.5 240 64 59
0.5 240 66 52
0.5 240 66 0
0.5 0 64 0
0.5 0 76 0
0.5 0 62 44
0.5 0 68 52
0.5 240 68 0
0.5 0 62 0
0.5 0 60 45
0.5 0 69 55
0.5 240 69 0
0.5 0 60 0
0.5 0 72 57
0.5 240 72 0
0.5 0 76 59
0.5 240 76 0
0.5 0 62 41
0.5 480 62 0
0.5 0 60 57
0.5 0 69 57
0.5 477 60 0
0.5 3 69 0
0.5 0 58 53
0.5 0 67 53
0.5 240 67 0
0.5 0 58 0
0.5 0 65 62
0.5 240 53 53
0.5 0 60 53
0.5 240 65 0
0.5 0 64 49
0.5 240 64 0
0.5 0 60 0
0.5 0 53 0
0.5 0 53 35
0.5 0 63 45
0.5 240 63 0
0.5 0 53 0
0.5 0 74 48
0.5 240 74 0
0.5 0 65 27
0.5 0 76 44
0.5 240 76 0
0.5 0 77 44
0.5 240 77 0
0.5 0 65 0
0.5 0 65 27
0.5 0 79 44
0.5 240 79 0
0.5 0 65 0
0.5 0 72 46
0.5 240 60 26
0.5 0 67 37
0.5 240 67 0
0.5 0 69 37
0.5 240 69 0
0.5 0 60 0
0.5 0 72 0
0.5 0 60 26
0.5 0 70 36
0.5 240 70 0
0.5 0 60 0
0.5 0 69 37
0.5 240 65 24
0.5 240 69 0
0.5 237 65 0
0.5 3 72 50
0.5 240 72 0
0.5 0 72 50
0.5 240 72 0
0.5 0 77 54
0.5 0 65 27
0.5 240 77 0
0.5 0 76 50
0.5 237 65 0
0.5 3 76 0
0.5 0 63 27
0.5 0 75 45
0.5 240 75 0
0.5 0 63 0
0.5 0 74 46
0.5 240 74 0
0.5 0 65 27
0.5 0 76 46
0.5 240 76 0
0.5 0 77 49
0.5 210 65 27
0.5 10 67 25
0.5 10 74 25
0.5 10 77 0
0.5 0 65 0
0.5 0 79 43
0.5 240 79 0
0.5 0 74 0
0.5 0 65 0
0.5 0 67 0
0.5 0 81 49
0.5 240 69 28
0.5 0 72 25
0.5 240 81 0
0.5 0 79 44
0.5 240 72 0
0.5 0 69 0
0.5 0 67 25
0.5 0 72 25
0.5 240 72 0
0.5 0 67 0
0.5 0 79 0
0.5 0 77 38
0.5 240 65 25
0.5 0 72 25
0.5 240 77 0
0.5 240 72 0
0.5 0 65 0
0.5 0 72 50
0.5 240 72 0
0.5 0 72 56
0.5 240 72 0
0.5 0 60 40
0.5 0 67 51
0.5 240 67 0
0.5 0 69 54
0.5 240 69 0
0.5 0 60 0
0.5 0 60 40
0.5 0 70 57
0.5 240 70 0
0.5 0 60 0
0.5 0 74 56
0.5 480 64 48
0.5 240 64 0
0.5 0 74 0
0.5 0 60 40
0.5 0 66 48
0.5 240 66 0
0.5 0 60 0
0.5 0 58 41
0.5 0 67 50
0.5 240 67 0
0.5 0 58 0
0.5 0 70 52
0.5 240 70 0
0.5 0 74 54
0.5 240 74 0
0.5 0 60 32
0.5 0 62 44
0.5 240 62 0
0.5 0 60 0
0.5 0 67 46
0.5 240 58 33
0.5 240 67 0
0.5 240 58 0
0.5 0 70 53
0.5 240 70 0
0.5 0 74 59
0.5 240 74 0
0.5 0 66 32
0.5 0 69 55
0.5 240 69 0
0.5 0 70 59
0.5 240 70 0
0.5 0 72 63
0.5 240 72 0
0.5 0 66 0
0.5 0 76 63
0.5 240 64 59
0.5 240 66 52
0.5 240 66 0
0.5 0 64 0
0.5 0 76 0
0.5 0 62 44
0.5 0 68 52
0.5 240 68 0
0.5 0 62 0
0.5 0 60 45
0.5 0 69 55
0.5 240 69 0
0.5 0 60 0
0.5 0 72 57
0.5 240 72 0
0.5 0 76 59
0.5 240 76 0
0.5 0 62 41
0.5 480 62 0
0.5 0 60 57
0.5 0 69 57
0.5 477 60 0
0.5 3 69 0
0.5 0 58 53
0.5 0 67 53
0.5 240 67 0
0.5 0 58 0
0.5 0 65 62
0.5 240 53 53
0.5 0 60 53
0.5 240 65 0
0.5 0 64 49
0.5 240 64 0
0.5 0 60 0
0.5 0 53 0
0.5 0 53 35
0.5 0 63 45
0.5 240 63 0
0.5 0 53 0
0.5 0 74 48
0.5 240 74 0
0.5 0 65 27
0.5 0 76 44
0.5 240 76 0
0.5 0 77 44
0.5 240 77 0
0.5 0 65 0
0.5 0 65 27
0.5 0 79 44
0.5 240 79 0
0.5 0 65 0
0.5 0 72 46
0.5 240 60 26
0.5 0 67 37
0.5 240 67 0
0.5 0 69 37
0.5 240 69 0
0.5 0 60 0
0.5 0 72 0
0.5 0 60 26
0.5 0 70 36
0.5 240 70 0
0.5 0 60 0
0.5 0 69 37
0.5 240 65 24
0.5 240 69 0
0.5 237 65 0
0.5 3 72 50
0.5 240 72 0
0.5 0 72 50
0.5 240 72 0
0.5 0 77 54
0.5 0 65 27
0.5 240 77 0
0.5 0 76 50
0.5 237 65 0
0.5 3 76 0
0.5 0 63 27
0.5 0 75 45
0.5 240 75 0
0.5 0 63 0
0.5 0 74 46
0.5 240 74 0
0.5 0 65 27
0.5 0 76 46
0.5 240 76 0
0.5 0 77 49
0.5 210 65 27
0.5 10 67 25
0.5 10 74 25
0.5 10 77 0
0.5 0 65 0
0.5 0 79 43
0.5 240 79 0
0.5 0 74 0
0.5 0 65 0
0.5 0 67 0
0.5 0 81 49
0.5 240 69 28
0.5 0 72 25
0.5 240 81 0
0.5 0 79 44
0.5 240 72 0
0.5 0 69 0
0.5 0 67 25
0.5 0 72 25
0.5 240 72 0
0.5 0 67 0
0.5 0 79 0
0.5 0 77 38
0.5 240 65 25
0.5 0 72 25
0.5 240 77 0
0.5 240 72 0
0.5 0 65 0
0.5 0 65 47
0.5 0 72 47
0.5 210 72 0
0.5 0 65 0
0.5 30 65 57
0.5 0 74 57
0.5 240 74 0
0.5 0 65 0
0.5 0 64 47
0.5 0 72 47
0.5 210 72 0
0.5 0 64 0
0.5 30 65 58
0.5 0 74 58
0.5 240 74 0
0.5 0 65 0
0.5 0 64 47
0.5 0 72 47
0.5 210 72 0
0.5 0 64 0
0.5 30 63 54
0.5 0 72 54
0.5 210 72 0
0.5 0 63 0
0.5 30 62 47
0.5 0 70 51
0.5 240 62 0
0.5 0 61 47
0.5 240 61 0
0.5 0 70 0
0.5 0 60 46
0.5 0 69 46
0.5 240 69 0
0.5 0 60 0
0.5 0 62 50
0.5 0 67 50
0.5 480 67 0
0.5 0 62 0
0.5 0 64 43
0.5 0 69 43
0.5 480 69 0
0.5 0 64 0
0.5 0 60 38
0.5 0 65 38
0.5 720 65 0
0.5 0 60 0
0.5 0 53 39
0.5 0 60 39
0.5 210 60 0
0.5 0 53 0
0.5 30 53 50
0.5 0 62 50
0.5 240 62 0
0.5 0 53 0
0.5 0 52 39
0.5 0 60 39
0.5 210 60 0
0.5 0 52 0
0.5 30 53 51
0.5 0 62 51
0.5 240 62 0
0.5 0 53 0
0.5 0 52 39
0.5 0 60 39
0.5 210 60 0
0.5 0 52 0
0.5 30 51 48
0.5 0 60 48
0.5 210 60 0
0.5 0 51 0
0.5 30 50 42
0.5 0 58 46
0.5 240 50 0
0.5 0 49 42
0.5 240 49 0
0.5 0 58 0
0.5 0 48 41
0.5 0 57 41
0.5 240 57 0
0.5 0 48 0
0.5 0 50 39
0.5 0 55 39
0.5 480 55 0
0.5 0 50 0
0.5 0 52 38
0.5 0 57 38
0.5 480 57 0
0.5 0 52 0
0.5 0 48 34
0.5 0 53 34
0.5 720 53 0
0.5 0 48 0
1 0 0 0
0 0 7 100
0 0 10 64
0 494 64 127
0 225 91 127
0.5 241 53 41
0.5 240 53 0
0.5 0 60 23
0.5 0 69 23
0.5 480 69 0
0.5 0 60 0
0.5 0 60 21
0.5 0 69 21
0.5 240 69 0
0.5 0 60 0
0.5 0 58 41
0 2 64 0
0 168 64 127
0.5 70 62 23
0.5 0 70 23
0.5 240 70 0
0.5 0 62 0
0.5 0 55 33
0 14 64 0
0 113 64 127
0.5 113 55 0
0.5 0 70 21
0.5 0 62 21
0.5 240 62 0
0.5 0 70 0
0.5 0 58 0
0 0 64 0
0.5 0 48 41
0.5 240 48 0
0.5 0 64 24
0.5 0 58 27
0.5 240 58 0
0.5 0 57 30
0.5 240 57 0
0.5 0 64 0
0.5 0 64 23
0.5 0 55 23
0.5 240 55 0
0.5 0 64 0
0.5 0 53 38
0 85 64 127
0.5 155 53 0
0.5 0 65 21
0.5 0 57 21
0.5 480 57 0
0.5 0 65 0
0.5 0 57 25
0.5 0 65 25
0.5 240 65 0
0.5 0 57 0
0.5 0 53 41
0 4 64 0
0 133 64 127
0.5 103 60 23
0.5 0 69 23
0.5 240 53 0
0.5 0 57 37
0.5 240 69 0
0.5 0 60 0
0.5 0 60 21
0.5 0 65 21
0.5 240 65 0
0.5 0 60 0
0.5 0 57 0
0.5 0 58 41
0 3 64 0
0 124 64 127
0.5 113 62 23
0.5 0 70 23
0.5 240 70 0
0.5 0 62 0
0.5 0 55 33
0 15 64 0
0 155 64 127
0.5 70 55 0
0.5 0 70 21
0.5 0 62 21
0.5 240 62 0
0.5 0 70 0
0.5 0 58 0
0 0 64 0
0.5 0 48 41
0.5 240 48 0
0.5 0 64 24
0.5 0 58 27
0.5 240 58 0
0.5 0 57 30
0.5 240 57 0
0.5 0 64 0
0.5 0 64 23
0.5 0 55 23
0.5 240 55 0
0.5 0 64 0
0.5 0 53 38
0 85 64 127
0.5 155 53 0
0.5 0 60 21
0.5 0 57 21
0.5 480 57 0
0.5 0 60 0
0.5 0 57 25
0.5 0 65 25
0.5 240 65 0
0.5 0 57 0
0 0 64 0
0.5 0 48 40
0.5 240 64 34
0.5 0 58 34
0.5 480 58 0
0.5 0 64 0
0.5 0 64 34
0.5 0 58 34
0.5 240 58 0
0.5 0 64 0
0.5 0 48 0
0.5 0 48 40
0.5 240 62 52
0.5 480 62 0
0.5 0 62 40
0.5 240 62 0
0.5 0 48 0
0.5 0 48 37
0.5 240 55 32
0.5 0 62 52
0.5 240 48 0
0.5 0 48 33
0.5 237 62 0
0.5 3 55 0
0.5 0 54 32
0.5 240 54 0
0.5 0 48 0
0.5 0 48 40
0 85 64 127
0.5 155 62 28
0.5 0 55 23
0.5 480 55 0
0.5 0 62 0
0.5 0 62 34
0.5 0 55 34
0 6 64 0
0.5 234 55 0
0.5 0 62 0
0.5 0 48 0
0.5 0 48 42
0.5 240 62 54
0.5 480 62 0
0.5 0 60 44
0.5 240 60 0
0.5 0 48 0
0.5 0 48 45
0.5 240 59 48
0.5 0 62 48
0.5 477 62 0
0.5 3 59 0
0.5 0 59 44
0.5 240 59 0
0.5 0 48 0
0.5 0 48 40
0.5 240 57 47
0.5 0 64 57
0.5 240 48 0
0.5 0 48 36
0.5 240 64 0
0.5 0 57 0
0.5 0 64 50
0.5 0 56 41
0.5 240 48 0
0.5 0 48 56
0.5 240 56 0
0.5 0 64 0
0.5 0 57 50
0.5 0 64 50
0.5 240 48 0
0.5 0 48 50
0.5 240 64 0
0.5 0 57 0
0.5 0 52 50
0.5 0 60 50
0.5 240 60 0
0.5 0 52 0
0.5 0 48 0
0.5 0 41 56
0 69 64 127
0.5 171 57 40
0.5 0 48 40
0.5 480 48 0
0.5 0 57 0
0.5 0 48 34
0.5 0 57 34
0 14 64 0
0.5 226 57 0
0.5 0 48 0
0.5 0 41 0
0.5 0 46 34
0.5 240 50 22
0.5 0 58 24
0.5 240 46 0
0.5 0 43 34
0.5 240 58 0
0.5 0 50 0
0.5 0 62 20
0.5 0 58 21
0.5 240 58 0
0.5 0 62 0
0.5 0 43 0
0.5 0 48 30
0.5 240 48 0
0.5 0 58 32
0.5 0 64 22
0.5 240 58 0
0.5 0 57 35
0.5 240 57 0
0.5 0 64 0
0.5 0 55 28
0.5 0 64 22
0.5 240 64 0
0.5 0 55 0
0.5 0 53 33
0 99 64 127
0.5 141 60 20
0.5 0 57 20
0.5 240 53 0
0.5 240 57 0
0.5 0 60 0
0.5 0 65 27
0.5 0 57 27
0 10 64 0
0 131 64 127
0.5 99 57 0
0.5 0 65 0
0.5 0 53 36
0.5 240 69 25
0.5 0 60 25
0.5 240 53 0
0.5 0 57 33
0.5 240 60 0
0.5 0 69 0
0.5 0 65 22
0.5 0 60 22
0.5 240 60 0
0.5 0 65 0
0.5 0 57 0
0 0 64 0
0.5 0 58 36
0 97 64 127
0.5 143 70 25
0.5 0 62 25
0.5 240 62 0
0.5 0 70 0
0.5 0 58 0
0.5 0 55 29
0 16 64 0
0 64 64 127
0.5 100 59 22
0.5 10 62 22
0.5 10 71 22
0.5 280 71 0
0.5 0 55 0
0.5 0 59 0
0.5 0 62 0
0 0 64 0
0.5 0 60 34
0 85 64 127
0.5 155 69 21
0.5 0 65 21
0.5 240 60 0
0.5 0 60 31
0 14 64 0
0 170 64 127
0.5 56 65 0
0.5 0 69 0
0.5 0 64 17
0.5 0 70 17
0.5 240 70 0
0.5 0 64 0
0.5 0 60 0
0 0 64 0
0.5 0 53 29
0 169 64 127
0.5 71 69 17
0.5 0 60 17
0.5 240 53 0
0.5 240 60 0
0.5 0 69 0
0.5 0 69 25
0.5 0 60 25
0 14 64 0
0.5 226 60 0
0.5 0 69 0
0.5 0 48 40
0.5 240 64 40
0.5 0 58 40
0.5 480 58 0
0.5 0 64 0
0.5 0 64 40
0.5 0 58 40
0.5 240 58 0
0.5 0 64 0
0.5 0 48 0
0.5 0 48 40
0.5 240 62 52
0.5 480 62 0
0.5 0 62 40
0.5 240 62 0
0.5 0 48 0
0.5 0 48 37
0.5 240 55 32
0.5 0 62 52
0.5 240 48 0
0.5 0 48 33
0.5 237 62 0
0.5 3 55 0
0.5 0 54 32
0.5 240 54 0
0.5 0 48 0
0.5 0 48 40
0 127 64 127
0.5 113 62 30
0.5 0 55 25
0.5 480 55 0
0.5 0 62 0
0.5 0 62 34
0.5 0 55 34
0 18 64 0
0.5 222 55 0
0.5 0 62 0
0.5 0 48 0
0.5 0 48 42
0.5 240 62 54
0.5 480 62 0
0.5 0 60 44
0.5 240 60 0
0.5 0 48 0
0.5 0 48 45
0.5 240 59 48
0.5 0 62 48
0.5 477 62 0
0.5 3 59 0
0.5 0 59 44
0.5 240 59 0
0.5 0 48 0
0.5 0 48 40
0.5 240 57 47
0.5 0 64 57
0.5 240 48 0
0.5 0 48 36
0.5 240 64 0
0.5 0 57 0
0.5 0 64 50
0.5 0 56 41
0.5 240 48 0
0.5 0 48 56
0.5 240 56 0
0.5 0 64 0
0.5 0 57 50
0.5 0 64 50
0.5 240 48 0
0.5 0 48 50
0.5 240 64 0
0.5 0 57 0
0.5 0 52 50
0.5 0 60 50
0.5 240 60 0
0.5 0 52 0
0.5 0 48 0
0.5 0 41 56
0 80 64 127
0.5 160 57 40
0.5 0 48 40
0 256 64 0
0.5 224 48 0
0.5 0 57 0
0.5 0 48 34
0.5 0 57 34
0.5 240 57 0
0.5 0 48 0
0.5 0 41 0
0.5 0 46 34
0.5 240 50 22
0.5 0 58 24
0.5 240 46 0
0.5 0 43 34
0.5 240 58 0
0.5 0 50 0
0.5 0 62 17
0.5 0 58 17
0.5 240 58 0
0.5 0 62 0
0.5 0 43 0
0.5 0 48 30
0.5 240 48 0
0.5 0 58 32
0.5 0 64 22
0.5 240 58 0
0.5 0 57 35
0.5 240 57 0
0.5 0 64 0
0.5 0 55 28
0.5 0 64 22
0.5 240 64 0
0.5 0 55 0
0.5 0 53 33
0 99 64 127
0.5 141 60 20
0.5 0 57 20
0.5 240 53 0
0.5 240 57 0
0.5 0 60 0
0.5 0 65 22
0.5 0 57 22
0 6 64 0
0 107 64 127
0.5 127 57 0
0.5 0 65 0
0.5 0 53 36
0.5 240 69 21
0.5 0 60 21
0.5 240 53 0
0.5 0 57 33
0.5 240 60 0
0.5 0 69 0
0.5 0 65 18
0.5 0 60 18
0.5 240 60 0
0.5 0 65 0
0.5 0 57 0
0 0 64 0
0.5 0 58 36
0 66 64 127
0.5 174 70 25
0.5 0 62 25
0.5 240 62 0
0.5 0 70 0
0.5 0 58 0
0.5 0 55 29
0 14 64 0
0 58 64 127
0.5 108 59 22
0.5 10 62 22
0.5 10 71 22
0.5 280 71 0
0.5 0 55 0
0.5 0 59 0
0.5 0 62 0
0 0 64 0
0.5 0 60 34
0 99 64 127
0.5 141 69 21
0.5 0 65 21
0.5 240 60 0
0.5 0 60 31
0 14 64 0
0.5 226 65 0
0.5 0 69 0
0 0 64 127
0.5 0 64 17
0.5 0 70 17
0.5 240 70 0
0.5 0 64 0
0.5 0 60 0
0.5 0 53 29
0 18 64 0
0 95 64 127
0.5 127 69 17
0.5 0 60 17
0.5 240 53 0
0.5 240 60 0
0.5 0 69 0
0.5 0 69 33
0.5 0 60 33
0 2 64 0
0.5 208 60 0
0.5 0 69 0
0.5 30 68 42
0.5 0 59 42
0.5 240 59 0
0.5 0 68 0
0.5 0 67 39
0.5 0 60 39
0.5 210 60 0
0.5 0 67 0
0.5 30 59 42
0.5 0 68 42
0.5 240 68 0
0.5 0 59 0
0.5 0 60 39
0.5 0 67 39
0.5 210 67 0
0.5 0 60 0
0.5 30 57 39
0.5 240 57 0
0.5 0 65 37
0.5 0 58 37
0.5 240 58 0
0.5 0 55 37
0.5 240 55 0
0.5 0 57 36
0.5 240 57 0
0.5 0 58 39
0.5 240 58 0
0.5 0 55 34
0.5 240 55 0
0.5 0 65 0
0.5 0 60 37
0.5 240 60 0
0.5 0 58 31
0.5 240 58 0
0.5 0 57 35
0 113 64 127
0.5 127 53 35
0.5 240 53 0
0.5 0 48 35
0 14 64 0
0.5 226 57 0
0.5 0 48 33
0.5 0 57 33
0.5 210 57 0
0.5 0 48 0
0.5 30 48 0
0.5 0 56 35
0.5 0 47 35
0.5 240 47 0
0.5 0 56 0
0.5 0 55 32
0.5 0 48 32
0.5 210 48 0
0.5 0 55 0
0.5 30 47 36
0.5 0 56 36
0.5 240 56 0
0.5 0 47 0
0.5 0 48 34
0.5 0 55 34
0.5 210 55 0
0.5 0 48 0
0.5 30 45 38
0.5 240 45 0
0.5 0 53 33
0.5 0 46 33
0.5 240 46 0
0.5 0 43 41
0.5 240 43 0
0.5 0 45 37
0.5 240 45 0
0.5 0 46 46
0 120 64 127
0.5 120 46 0
0.5 0 43 35
0.5 240 43 0
0.5 0 53 0
0.5 0 48 41
0 3 64 0
0 117 64 127
0.5 120 36 33
0.5 240 36 0
0.5 0 48 0
0.5 0 45 37
0 3 64 0
0 117 64 127
0.5 120 36 31
0.5 240 36 0
0.5 0 29 26
0.5 480 29 0
0.5 0 45 0
0 774 64 0
1 0 0 0
