0 0 7 100
0 0 10 64
0 0 91 127
0.5 1 67 45
0.5 0 71 51
0.5 119 64 40
0.5 1 67 0
0.5 119 64 0
0.5 0 71 0
0.5 0 79 55
0.5 240 79 0
0.5 0 70 45
0.5 0 78 51
0.5 120 70 0
0.5 0 67 42
0.5 120 67 0
0.5 0 78 0
0.5 0 76 50
0.5 240 76 0
0.5 0 69 45
0.5 0 74 48
0.5 120 69 0
0.5 0 66 35
0.5 120 66 0
0.5 0 74 0
0.5 0 68 37
0.5 0 71 44
0.5 240 71 0
0.5 0 68 0
0.5 0 69 35
0.5 0 73 39
0.5 120 69 0
0.5 0 64 28
0.5 120 64 0
0.5 240 73 0
0 0 91 127
0.5 0 67 46
0.5 0 71 46
0.5 120 67 0
0.5 0 64 35
0.5 120 64 0
0.5 0 71 0
0.5 0 79 54
0.5 240 79 0
0.5 0 70 49
0.5 0 78 49
0.5 120 70 0
0.5 0 67 41
0.5 120 67 0
0.5 0 78 0
0.5 0 76 49
0.5 240 76 0
0.5 0 69 48
0.5 0 74 48
0.5 120 69 0
0.5 0 66 35
0.5 120 66 0
0.5 0 74 0
0.5 0 68 37
0.5 0 71 44
0.5 240 71 0
0.5 0 68 0
0.5 0 69 35
0.5 0 73 39
0.5 120 69 0
0.5 0 64 28
0.5 120 64 0
0.5 240 73 0
0.5 0 72 49
0.5 0 69 39
0.5 120 69 0
0.5 0 64 34
0.5 120 64 0
0.5 0 72 0
0.5 0 66 30
0.5 0 69 41
0.5 120 66 0
0.5 0 63 29
0.5 120 63 0
0.5 0 69 0
0.5 0 67 42
0.5 0 71 42
0.5 120 67 0
0.5 0 62 35
0.5 120 62 0
0.5 0 71 0
0.5 0 63 30
0.5 0 66 40
0.5 120 63 0
0.5 0 60 30
0.5 120 60 0
0.5 0 66 0
0.5 0 62 36
0.5 0 67 42
0.5 120 62 0
0.5 0 59 33
0.5 120 59 0
0.5 0 67 0
0.5 0 61 30
0.5 0 64 38
0.5 120 61 0
0.5 0 58 29
0.5 120 58 0
0.5 0 64 0
0.5 0 66 40
0.5 0 62 35
0.5 120 62 0
0.5 0 57 30
0.5 120 57 0
0.5 240 66 0
0.5 0 69 35
0.5 0 72 44
0.5 120 69 0
0.5 0 64 30
0.5 120 64 0
0.5 0 72 0
0.5 0 66 27
0.5 0 69 36
0.5 120 66 0
0.5 0 63 26
0.5 120 63 0
0.5 0 69 0
0.5 0 67 37
0.5 0 71 37
0.5 120 67 0
0.5 0 62 31
0.5 120 62 0
0.5 0 71 0
0.5 0 63 27
0.5 0 66 36
0.5 120 63 0
0.5 0 60 27
0.5 120 60 0
0.5 0 66 0
0.5 0 62 32
0.5 0 67 37
0.5 120 62 0
0.5 0 59 29
0.5 120 59 0
0.5 0 67 0
0.5 0 64 34
0.5 0 61 27
0.5 120 61 0
0.5 0 58 26
0.5 120 58 0
0.5 0 64 0
0.5 0 62 31
0.5 0 66 36
0.5 120 62 0
0.5 0 57 27
0.5 120 57 0
0.5 240 66 0
0.5 0 62 39
0.5 0 66 43
0.5 120 62 0
0.5 0 59 39
0.5 120 59 0
0.5 0 66 0
0.5 0 68 46
0.5 240 68 0
0.5 0 69 48
0.5 240 69 0
0.5 0 71 50
0.5 120 66 41
0.5 120 66 0
0.5 0 71 0
0.5 0 73 53
0.5 120 64 41
0.5 120 64 0
0.5 0 73 0
0.5 0 68 44
0.5 0 71 47
0.5 240 71 0
0.5 0 68 0
0.5 0 69 46
0.5 120 69 0
0.5 0 61 37
0.5 120 61 0
0.5 240 62 35
0.5 0 66 38
0.5 120 62 0
0.5 0 59 35
0.5 120 59 0
0.5 0 66 0
0.5 0 68 41
0.5 240 68 0
0.5 0 69 43
0.5 240 69 0
0.5 0 71 45
0.5 120 66 36
0.5 120 66 0
0.5 0 71 0
0.5 0 73 47
0.5 120 64 36
0.5 120 64 0
0.5 0 73 0
0.5 0 68 33
0.5 0 71 38
0.5 240 71 0
0.5 0 68 0
0.5 0 69 37
0.5 120 61 28
0.5 120 61 0
0.5 240 69 0
0.5 0 67 45
0 0 91 127
0.5 0 71 51
0.5 120 67 0
0.5 0 64 40
0.5 120 64 0
0.5 0 71 0
0.5 0 79 55
0.5 240 79 0
0.5 0 70 45
0.5 0 78 51
0.5 120 70 0
0.5 0 67 42
0.5 120 67 0
0.5 0 78 0
0.5 0 76 50
0.5 240 76 0
0.5 0 69 45
0.5 0 74 48
0.5 120 69 0
0.5 0 66 35
0.5 120 66 0
0.5 0 74 0
0.5 0 68 37
0.5 0 71 44
0.5 240 71 0
0.5 0 68 0
0.5 0 69 35
0.5 0 73 39
0.5 120 69 0
0.5 0 64 28
0.5 120 64 0
0.5 240 73 0
0.5 0 67 38
0 0 91 127
0.5 0 71 43
0.5 120 67 0
0.5 0 64 34
0.5 120 64 0
0.5 0 71 0
0.5 0 79 46
0.5 240 79 0
0.5 0 70 38
0.5 0 78 43
0.5 120 70 0
0.5 0 67 35
0.5 120 67 0
0.5 0 78 0
0.5 0 76 42
0.5 240 76 0
0.5 0 69 38
0.5 0 74 40
0.5 120 66 29
0.5 20 69 0
0.5 100 66 0
0.5 0 74 0
0.5 0 68 31
0.5 0 71 37
0.5 240 71 0
0.5 0 68 0
0.5 0 69 29
0.5 0 73 33
0.5 120 64 27
0.5 360 79 33
0.5 480 79 0
0.5 0 69 0
0.5 0 73 0
0.5 0 64 0
1 0 0 0
0 0 7 100
0 0 10 64
0 0 91 127
0.5 1 57 46
0 5 64 127
0.5 234 71 36
0.5 1 57 0
0.5 119 71 0
0.5 0 67 36
0.5 120 67 0
0.5 0 61 46
0 11 64 0
0 63 64 127
0.5 166 61 0
0.5 0 69 34
0.5 120 69 0
0.5 0 67 34
0.5 120 67 0
0 0 64 0
0.5 0 62 44
0 46 64 127
0.5 194 62 0
0.5 0 65 29
0 15 64 0
0 65 64 127
0.5 40 65 0
0.5 0 62 29
0.5 120 62 0
0.5 0 57 32
0 17 64 0
0 69 64 127
0.5 154 57 0
0.5 0 61 25
0.5 120 61 0
0.5 0 57 25
0.5 120 57 0
0 0 64 0
0 0 91 127
0.5 0 45 38
0 75 64 127
0.5 165 45 0
0.5 0 71 33
0.5 120 71 0
0.5 0 67 35
0.5 120 67 0
0.5 0 61 45
0 12 64 0
0 45 64 127
0.5 183 61 0
0.5 0 69 33
0.5 120 69 0
0.5 0 67 33
0.5 120 67 0
0 0 64 0
0.5 0 62 42
0 57 64 127
0.5 183 62 0
0.5 0 65 29
0 6 64 0
0 74 64 127
0.5 40 65 0
0.5 0 62 29
0.5 120 62 0
0.5 0 57 32
0 17 64 0
0 80 64 127
0.5 143 57 0
0.5 0 61 25
0.5 120 61 0
0.5 0 57 25
0.5 120 57 0
0 0 64 0
0.5 0 50 35
0 63 64 127
0 190 64 0
0 84 64 127
0.5 143 50 0
0.5 0 50 35
0 5 64 0
0 81 64 127
0 159 64 0
0 75 64 127
0.5 160 50 0
0 0 64 0
0.5 0 50 35
0 80 64 127
0 165 64 0
0 70 64 127
0.5 165 50 0
0.5 0 50 35
0 2 64 0
0 90 64 127
0.5 148 54 27
0.5 117 50 0
0.5 3 54 0
0.5 0 50 27
0.5 120 50 0
0.5 0 38 31
0 3 64 0
0 49 64 127
0 190 64 0
0 73 64 127
0.5 165 38 0
0 0 64 0
0.5 0 50 31
0 80 64 127
0 174 64 0
0 78 64 127
0.5 148 50 0
0 0 64 0
0.5 0 50 31
0 80 64 127
0 171 64 0
0 81 64 127
0.5 148 50 0
0.5 0 50 31
0 14 64 0
0 101 64 127
0.5 125 54 24
0.5 110 50 0
0.5 10 54 0
0.5 0 50 24
0.5 120 50 0
0 0 64 0
0.5 0 47 36
0 52 64 127
0.5 188 57 33
0 11 64 0
0 46 64 127
0.5 63 57 0
0.5 0 56 33
0.5 120 56 0
0.5 0 47 0
0.5 0 54 35
0.5 0 49 40
0 11 64 0
0 52 64 127
0.5 57 54 0
0.5 0 52 35
0.5 120 52 0
0.5 0 49 0
0.5 0 50 35
0.5 240 50 0
0 0 64 0
0.5 0 52 45
0 80 64 127
0.5 160 63 36
0 11 64 0
0 52 64 127
0.5 57 63 0
0.5 0 62 36
0.5 120 62 0
0.5 0 52 0
0.5 0 57 39
0 10 64 0
0 76 64 127
0.5 154 52 33
0.5 120 52 0
0.5 0 49 33
0.5 120 49 0
0.5 0 57 0
0 0 64 0
0.5 0 47 32
0 51 64 127
0.5 189 57 29
0 9 64 0
0 66 64 127
0.5 45 57 0
0.5 0 56 29
0.5 120 56 0
0.5 0 47 0
0.5 0 54 31
0.5 0 49 36
0 5 64 0
0 75 64 127
0.5 40 54 0
0.5 0 52 31
0.5 120 52 0
0.5 0 49 0
0.5 0 50 31
0 2 64 0
0 101 64 127
0.5 137 50 0
0 0 64 0
0.5 0 52 40
0 75 64 127
0.5 165 63 32
0 4 64 0
0 59 64 127
0.5 57 63 0
0.5 0 62 32
0.5 120 62 0
0.5 0 52 0
0.5 0 57 35
0 15 64 0
0 71 64 127
0.5 154 52 24
0.5 120 52 0
0.5 0 49 24
0.5 120 49 0
0.5 0 57 0
0 0 64 0
0 0 91 127
0.5 0 45 46
0 63 64 127
0.5 177 45 0
0.5 0 71 36
0.5 120 71 0
0.5 0 67 36
0.5 120 67 0
0.5 0 61 46
0 4 64 0
0 59 64 127
0.5 177 61 0
0.5 0 69 34
0.5 120 69 0
0.5 0 67 34
0.5 120 67 0
0 0 64 0
0.5 0 62 44
0 46 64 127
0.5 194 62 0
0.5 0 65 29
0 5 64 0
0 104 64 127
0.5 11 65 0
0.5 0 62 29
0.5 120 62 0
0.5 0 57 32
0 5 64 0
0 104 64 127
0.5 131 57 0
0.5 0 61 25
0.5 120 61 0
0.5 0 57 25
0.5 120 57 0
0 0 64 0
0 0 91 127
0.5 0 45 39
0 109 64 127
0.5 131 45 0
0.5 0 71 30
0.5 120 71 0
0.5 0 67 30
0.5 120 67 0
0.5 0 61 39
0 6 64 0
0 74 64 127
0.5 160 61 0
0.5 0 69 28
0.5 120 69 0
0.5 0 67 28
0.5 120 67 0
0 0 64 0
0.5 0 62 37
0 46 64 127
0.5 194 62 0
0.5 0 65 25
0 14 64 0
0 60 64 127
0.5 46 62 25
0.5 20 65 0
0.5 100 62 0
0.5 0 57 27
0 14 64 0
0 77 64 127
0.5 149 57 0
0.5 0 61 23
0.5 120 57 23
0.5 120 45 28
0.5 480 45 0
0.5 0 57 0
0.5 0 61 0
0 540 64 0
1 0 0 0
