0 0 7 100
0 0 10 64
0 0 91 127
0.5 1 66 70
0.5 0 71 90
0.5 119 62 61
0.5 1 66 0
0.5 119 62 0
0.5 240 73 57
0.5 1 71 0
0.5 119 73 0
0.5 0 74 57
0.5 60 74 0
0.5 60 76 57
0.5 60 76 0
0.5 60 78 57
0.5 60 78 0
0.5 60 81 80
0.5 60 81 0
0.5 60 79 57
0.5 60 79 0
0.5 60 78 57
0.5 60 78 0
0.5 60 76 57
0.5 60 76 0
0.5 60 79 79
0.5 60 79 0
0.5 60 78 57
0.5 60 78 0
0.5 60 76 57
0.5 60 76 0
0.5 60 74 57
0.5 60 74 0
0.5 60 71 70
0.5 0 76 90
0.5 120 71 0
0.5 0 67 61
0.5 120 67 0
0.5 240 76 0
0.5 0 78 57
0.5 120 78 0
0.5 0 79 57
0.5 60 79 0
0.5 60 81 57
0.5 60 81 0
0.5 60 83 57
0.5 60 83 0
0.5 60 86 86
0.5 60 86 0
0.5 60 85 57
0.5 60 85 0
0.5 60 83 57
0.5 60 83 0
0.5 60 82 57
0.5 60 82 0
0.5 60 78 66
0.5 0 83 66
0.5 120 83 0
0.5 0 78 0
0.5 0 74 57
0.5 120 74 0
0.5 0 71 57
0.5 60 71 0
0.5 60 66 57
0.5 60 66 0
0 60 91 127
0.5 1 66 70
0.5 0 71 90
0.5 119 62 61
0.5 1 66 0
0.5 119 62 0
0.5 240 73 60
0.5 1 71 0
0.5 119 73 0
0.5 0 74 58
0.5 60 74 0
0.5 60 76 60
0.5 60 76 0
0.5 60 78 61
0.5 60 78 0
0.5 60 81 84
0.5 60 81 0
0.5 60 79 55
0.5 60 79 0
0.5 60 78 56
0.5 60 78 0
0.5 60 76 57
0.5 60 76 0
0.5 60 79 78
0.5 60 79 0
0.5 60 78 56
0.5 60 78 0
0.5 60 76 58
0.5 60 76 0
0.5 60 74 61
0.5 60 74 0
0.5 60 71 70
0.5 0 76 89
0.5 120 71 0
0.5 0 67 61
0.5 120 67 0
0.5 240 76 0
0.5 0 78 55
0.5 120 78 0
0.5 0 79 56
0.5 60 79 0
0.5 60 81 57
0.5 60 81 0
0.5 60 83 58
0.5 60 83 0
0.5 60 86 86
0.5 60 86 0
0.5 60 85 62
0.5 60 85 0
0.5 60 83 61
0.5 60 83 0
0.5 60 82 60
0.5 60 82 0
0.5 60 78 66
0.5 0 83 66
0.5 120 83 0
0.5 0 78 0
0.5 0 74 60
0.5 120 74 0
0.5 0 71 58
0.5 60 71 0
0.5 60 66 58
0.5 60 66 0
0.5 60 74 70
0.5 0 79 91
0.5 120 74 0
0.5 0 71 70
0.5 120 71 0
0.5 240 79 0
0.5 0 69 52
0.5 120 69 0
0.5 0 71 56
0.5 60 71 0
0.5 60 73 60
0.5 60 73 0
0.5 60 74 64
0.5 60 74 0
0.5 60 78 77
0.5 60 78 0
0.5 60 76 66
0.5 60 76 0
0.5 60 74 65
0.5 60 74 0
0.5 60 72 63
0.5 60 72 0
0.5 60 71 62
0.5 60 71 0
0.5 60 69 61
0.5 60 69 0
0.5 60 67 59
0.5 60 67 0
0.5 60 66 58
0.5 60 66 0
0.5 60 64 68
0.5 0 67 88
0.5 120 64 0
0.5 0 59 69
0.5 120 59 0
0.5 240 67 0
0.5 0 66 60
0.5 120 66 0
0.5 0 67 58
0.5 60 67 0
0.5 60 69 62
0.5 60 69 0
0.5 60 71 65
0.5 60 71 0
0.5 60 74 76
0.5 60 74 0
0.5 60 72 66
0.5 60 72 0
0.5 60 71 65
0.5 60 71 0
0.5 60 69 63
0.5 60 69 0
0.5 60 67 61
0.5 60 67 0
0.5 60 66 60
0.5 60 66 0
0.5 60 64 58
0.5 60 64 0
0.5 60 63 56
0.5 60 63 0
0.5 60 60 56
0.5 0 64 56
0.5 120 60 0
0.5 0 55 54
0.5 120 55 0
0.5 240 64 0
0.5 0 62 51
0.5 120 64 52
0.5 120 64 0
0.5 0 62 0
0.5 0 59 53
0.5 0 65 53
0.5 120 65 0
0.5 0 67 55
0.5 120 67 0
0.5 0 59 0
0.5 0 60 56
0.5 0 64 56
0.5 120 60 0
0.5 0 55 53
0.5 120 55 0
0.5 240 64 0
0.5 0 65 54
0.5 120 67 57
0.5 120 67 0
0.5 0 65 0
0.5 0 62 60
0.5 0 69 60
0.5 120 69 0
0.5 0 71 63
0.5 120 71 0
0.5 0 62 0
0.5 0 67 66
0.5 0 72 66
0.5 120 67 0
0.5 0 64 56
0.5 120 64 0
0.5 240 72 0
0.5 0 70 77
0.5 0 76 77
0.5 120 64 56
0.5 120 64 0
0.5 1200 76 0
0.5 0 70 0
0 0 91 127
0.5 1 66 70
0.5 0 71 93
0.5 119 62 61
0.5 1 66 0
0.5 119 62 0
0.5 240 73 57
0.5 1 71 0
0.5 119 73 0
0.5 0 74 57
0.5 60 74 0
0.5 60 76 57
0.5 60 76 0
0.5 60 78 57
0.5 60 78 0
0.5 60 81 78
0.5 60 81 0
0.5 60 79 57
0.5 60 79 0
0.5 60 78 57
0.5 60 78 0
0.5 60 76 57
0.5 60 76 0
0.5 60 79 76
0.5 60 79 0
0.5 60 78 57
0.5 60 78 0
0.5 60 76 57
0.5 60 76 0
0.5 60 74 57
0.5 60 74 0
0.5 60 71 70
0.5 0 76 93
0.5 120 71 0
0.5 0 67 61
0.5 120 67 0
0.5 240 76 0
0.5 0 78 57
0.5 120 78 0
0.5 0 79 57
0.5 60 79 0
0.5 60 81 57
0.5 60 81 0
0.5 60 83 57
0.5 60 83 0
0.5 60 86 78
0.5 60 86 0
0.5 60 85 57
0.5 60 85 0
0.5 60 83 57
0.5 60 83 0
0.5 60 82 57
0.5 60 82 0
0.5 60 78 66
0.5 0 83 66
0.5 120 83 0
0.5 0 78 0
0.5 0 74 57
0.5 120 74 0
0.5 0 71 57
0.5 60 71 0
0.5 60 66 57
0.5 60 66 0
0.5 60 74 70
0.5 0 79 91
0.5 120 74 0
0.5 0 71 70
0.5 120 71 0
0.5 240 79 0
0.5 0 69 52
0.5 120 69 0
0.5 0 71 56
0.5 60 71 0
0.5 60 73 60
0.5 60 73 0
0.5 60 74 64
0.5 60 74 0
0.5 60 78 77
0.5 60 78 0
0.5 60 76 66
0.5 60 76 0
0.5 60 74 65
0.5 60 74 0
0.5 60 72 63
0.5 60 72 0
0.5 60 71 62
0.5 60 71 0
0.5 60 69 61
0.5 60 69 0
0.5 60 67 59
0.5 60 67 0
0.5 60 66 58
0.5 60 66 0
0.5 60 64 68
0.5 0 67 88
0.5 120 64 0
0.5 0 59 69
0.5 120 59 0
0.5 240 67 0
0.5 0 66 60
0.5 120 66 0
0.5 0 67 58
0.5 60 67 0
0.5 60 69 62
0.5 60 69 0
0.5 60 71 65
0.5 60 71 0
0.5 60 74 80
0.5 60 74 0
0.5 60 72 66
0.5 60 72 0
0.5 60 71 65
0.5 60 71 0
0.5 60 69 63
0.5 60 69 0
0.5 60 67 61
0.5 60 67 0
0.5 60 66 60
0.5 60 66 0
0.5 60 64 58
0.5 60 64 0
0.5 60 63 56
0.5 60 63 0
0.5 60 60 56
0.5 0 64 56
0.5 120 60 0
0.5 0 55 54
0.5 120 55 0
0.5 240 64 0
0.5 0 62 51
0.5 120 64 52
0.5 120 64 0
0.5 0 62 0
0.5 0 59 53
0.5 0 65 53
0.5 120 65 0
0.5 0 67 55
0.5 120 67 0
0.5 0 59 0
0.5 0 60 56
0.5 0 64 56
0.5 120 60 0
0.5 0 55 53
0.5 120 55 0
0.5 240 64 0
0.5 0 65 54
0.5 120 67 57
0.5 120 67 0
0.5 0 65 0
0.5 0 62 60
0.5 0 69 60
0.5 120 69 0
0.5 0 71 63
0.5 120 71 0
0.5 0 62 0
0.5 0 67 66
0.5 0 72 66
0.5 120 67 0
0.5 0 64 56
0.5 120 64 0
0.5 240 72 0
0.5 0 70 77
0.5 0 76 77
0.5 120 64 56
0.5 120 64 0
0.5 1200 76 0
0.5 0 70 0
0 0 91 127
0.5 1 66 70
0.5 0 71 96
0.5 119 62 61
0.5 1 66 0
0.5 119 62 0
0.5 240 73 57
0.5 1 71 0
0.5 119 73 0
0.5 0 74 57
0.5 60 74 0
0.5 60 76 57
0.5 60 76 0
0.5 60 78 57
0.5 60 78 0
0.5 60 81 76
0.5 60 81 0
0.5 60 79 57
0.5 60 79 0
0.5 60 78 57
0.5 60 78 0
0.5 60 76 57
0.5 60 76 0
0.5 60 79 73
0.5 60 79 0
0.5 60 78 57
0.5 60 78 0
0.5 60 76 57
0.5 60 76 0
0.5 60 74 57
0.5 60 74 0
0.5 60 71 70
0.5 0 76 93
0.5 120 71 0
0.5 0 67 61
0.5 120 67 0
0.5 240 76 0
0.5 0 78 57
0.5 120 78 0
0.5 0 79 57
0.5 60 79 0
0.5 60 81 57
0.5 60 81 0
0.5 60 83 57
0.5 60 83 0
0.5 60 86 67
0.5 60 86 0
0.5 60 85 53
0.5 60 85 0
0.5 60 83 47
0.5 60 83 0
0.5 60 82 47
0.5 60 82 0
0.5 60 83 53
0.5 240 83 0
1 0 0 0
0 0 7 100
0 0 10 64
0 0 64 127
0 0 91 127
0.5 1 47 80
0.5 60 47 0
0 55 64 0
0.5 124 59 54
0.5 60 59 0
0.5 60 54 54
0.5 60 54 0
0.5 60 47 57
0.5 60 47 0
0.5 180 62 50
0.5 0 54 50
0.5 60 54 0
0.5 0 62 0
0.5 180 52 62
0.5 60 52 0
0.5 180 64 52
0.5 0 59 52
0.5 60 59 0
0.5 0 64 0
0.5 180 47 59
0.5 60 47 0
0.5 180 62 52
0.5 0 59 52
0.5 60 59 0
0.5 0 62 0
0.5 180 52 78
0 0 64 127
0.5 120 52 0
0 39 64 0
0.5 81 64 51
0.5 60 64 0
0.5 60 59 52
0.5 60 59 0
0.5 60 52 57
0.5 60 52 0
0.5 180 64 52
0.5 0 67 52
0.5 60 67 0
0.5 0 64 0
0.5 180 54 59
0.5 60 54 0
0.5 180 64 50
0.5 0 70 50
0.5 60 70 0
0.5 0 64 0
0.5 180 59 59
0.5 60 59 0
0 420 91 127
0.5 1 47 80
0 3 64 127
0.5 57 47 0
0 98 64 0
0.5 81 59 54
0.5 60 59 0
0.5 60 54 54
0.5 60 54 0
0.5 60 47 57
0.5 60 47 0
0.5 180 62 51
0.5 0 54 51
0.5 60 54 0
0.5 0 62 0
0.5 180 52 61
0.5 60 52 0
0.5 180 64 54
0.5 0 59 54
0.5 60 59 0
0.5 0 64 0
0.5 180 47 64
0.5 60 47 0
0.5 180 62 54
0.5 0 59 54
0.5 60 59 0
0.5 0 62 0
0.5 180 52 78
0 0 64 127
0.5 120 52 0
0 60 64 0
0.5 60 64 51
0.5 60 64 0
0.5 60 59 52
0.5 60 59 0
0.5 60 52 57
0.5 60 52 0
0.5 180 64 52
0.5 0 67 52
0.5 60 67 0
0.5 0 64 0
0.5 180 54 60
0.5 60 54 0
0.5 180 64 50
0.5 0 70 50
0.5 60 70 0
0.5 0 64 0
0.5 180 59 57
0.5 60 59 0
0 420 64 127
0.5 0 59 74
0.5 120 59 0
0 42 64 0
0.5 78 67 48
0.5 60 67 0
0.5 60 62 48
0.5 60 62 0
0.5 60 59 54
0.5 60 59 0
0.5 180 67 49
0.5 0 62 49
0.5 60 62 0
0.5 0 67 0
0.5 180 57 60
0.5 60 57 0
0.5 180 67 51
0.5 0 60 51
0.5 60 60 0
0.5 0 67 0
0.5 180 50 59
0.5 60 50 0
0.5 180 60 49
0.5 60 60 0
0 194 64 127
0 131 64 0
0.5 95 55 47
0.5 60 55 0
0.5 60 52 47
0.5 60 52 0
0.5 60 47 54
0.5 120 47 0
0.5 120 59 47
0.5 0 55 47
0.5 60 55 0
0.5 0 59 0
0.5 180 45 59
0.5 60 45 0
0.5 180 60 48
0.5 0 54 48
0.5 60 54 0
0.5 0 60 0
0.5 180 47 58
0.5 60 47 0
0.5 180 54 47
0.5 0 57 47
0.5 60 57 0
0.5 0 54 0
0 180 64 127
0.5 240 52 51
0.5 120 52 0
0.5 0 48 51
0.5 120 48 0
0.5 0 36 56
0.5 0 43 56
0 3 64 0
0 60 64 127
0 417 64 0
0 69 64 127
0.5 171 43 0
0.5 0 36 0
0.5 0 52 50
0.5 120 52 0
0.5 0 48 50
0.5 120 48 0
0.5 0 36 56
0.5 0 43 56
0 11 64 0
0 69 64 127
0 400 64 0
0 69 64 127
0.5 171 43 0
0.5 0 36 0
0.5 0 60 53
0.5 120 60 0
0.5 0 55 54
0.5 120 55 0
0.5 0 42 66
0.5 0 54 66
0 4 64 0
0 65 64 127
0.5 171 56 50
0.5 120 56 0
0.5 0 57 52
0.5 120 57 0
0.5 0 58 56
0 2 64 0
0 113 64 127
0.5 5 58 0
0.5 0 59 58
0.5 120 59 0
0.5 0 60 60
0.5 120 60 0
0.5 0 61 64
0.5 120 61 0
0.5 0 62 67
0 17 64 0
0 57 64 127
0.5 46 62 0
0.5 0 63 67
0.5 120 63 0
0.5 0 64 69
0.5 120 64 0
0.5 0 65 71
0.5 120 65 0
0.5 0 54 0
0.5 0 42 0
0 0 64 0
0 0 91 127
0 49 64 127
0 103 64 0
0.5 88 59 54
0.5 60 59 0
0.5 60 54 54
0.5 60 54 0
0.5 60 47 57
0.5 60 47 0
0.5 180 62 50
0.5 0 54 50
0.5 60 54 0
0.5 0 62 0
0.5 180 52 63
0.5 60 52 0
0.5 180 64 52
0.5 0 59 52
0.5 60 59 0
0.5 0 64 0
0.5 180 47 59
0.5 60 47 0
0.5 180 62 52
0.5 0 59 52
0.5 60 59 0
0.5 0 62 0
0.5 180 52 78
0 7 64 127
0.5 113 52 0
0 71 64 0
0.5 49 64 51
0.5 60 64 0
0.5 60 59 52
0.5 60 59 0
0.5 60 52 57
0.5 60 52 0
0.5 180 67 52
0.5 0 64 52
0.5 60 64 0
0.5 0 67 0
0.5 180 54 58
0.5 60 54 0
0.5 180 70 50
0.5 0 64 50
0.5 60 64 0
0.5 0 70 0
0.5 180 59 57
0.5 60 59 0
0 420 64 127
0.5 0 59 74
0.5 120 59 0
0 25 64 0
0.5 95 67 48
0.5 60 67 0
0.5 60 62 48
0.5 60 62 0
0.5 60 59 54
0.5 60 59 0
0.5 180 67 49
0.5 0 62 49
0.5 60 62 0
0.5 0 67 0
0.5 180 57 60
0.5 60 57 0
0.5 180 67 51
0.5 0 60 51
0.5 60 60 0
0.5 0 67 0
0.5 180 50 58
0.5 60 50 0
0.5 180 60 49
0.5 60 60 0
0 184 64 127
0 158 64 0
0.5 78 55 47
0.5 60 55 0
0.5 60 52 47
0.5 60 52 0
0.5 60 47 54
0.5 60 47 0
0.5 180 59 47
0.5 0 55 47
0.5 60 55 0
0.5 0 59 0
0.5 180 45 59
0.5 60 45 0
0.5 180 60 48
0.5 0 54 48
0.5 60 54 0
0.5 0 60 0
0.5 180 47 58
0.5 60 47 0
0.5 180 54 47
0.5 0 57 47
0.5 60 57 0
0.5 0 54 0
0 180 64 127
0.5 240 52 51
0.5 120 52 0
0.5 0 48 51
0.5 120 48 0
0.5 0 36 56
0.5 0 43 56
0 8 64 0
0 66 64 127
0 412 64 0
0 57 64 127
0.5 177 43 0
0.5 0 36 0
0.5 0 52 50
0.5 120 52 0
0.5 0 48 50
0.5 120 48 0
0.5 0 36 56
0.5 0 43 56
0 8 64 0
0 61 64 127
0 414 64 0
0 71 64 127
0.5 166 43 0
0.5 0 36 0
0.5 0 60 53
0.5 120 60 0
0.5 0 55 54
0.5 120 55 0
0.5 0 42 66
0.5 0 54 66
0 9 64 0
0 77 64 127
0.5 154 56 50
0.5 120 56 0
0.5 0 57 52
0.5 120 57 0
0.5 0 58 56
0 3 64 0
0 66 64 127
0.5 51 58 0
0.5 0 59 58
0.5 120 59 0
0.5 0 60 60
0.5 120 60 0
0.5 0 61 64
0.5 120 61 0
0.5 0 62 67
0 7 64 0
0 68 64 127
0.5 45 62 0
0.5 0 63 68
0.5 120 63 0
0.5 0 64 69
0.5 120 64 0
0.5 0 65 71
0.5 120 65 0
0.5 0 54 0
0.5 0 42 0
0 0 64 0
0 0 91 127
0 53 64 127
0 120 64 0
0.5 67 59 54
0.5 60 59 0
0.5 60 54 54
0.5 60 54 0
0.5 60 47 57
0.5 60 47 0
0.5 180 62 50
0.5 0 54 50
0.5 60 54 0
0.5 0 62 0
0.5 180 52 61
0.5 60 52 0
0.5 180 64 52
0.5 0 59 52
0.5 60 59 0
0.5 0 64 0
0.5 180 47 58
0.5 60 47 0
0.5 180 62 52
0.5 0 59 52
0.5 60 59 0
0.5 0 62 0
0.5 180 52 78
0 7 64 127
0.5 113 52 0
0 74 64 0
0.5 46 64 51
0.5 60 64 0
0.5 60 59 52
0.5 60 59 0
0.5 60 52 57
0.5 60 52 0
0.5 180 67 52
0.5 0 64 52
0.5 60 64 0
0.5 0 67 0
0.5 180 54 49
0.5 60 54 0
0.5 180 70 36
0.5 0 64 36
0.5 60 64 0
0.5 0 70 0
0.5 180 71 40
0.5 0 62 40
0.5 0 59 40
0.5 240 59 0
0.5 0 62 0
0.5 0 71 0
1 0 0 0
