0 0 7 100
0 0 10 64
0 0 91 127
0.5 960 66 45
0.5 0 71 49
0.5 240 71 0
0.5 0 66 0
0.5 0 65 46
0.5 240 65 0
0.5 0 66 45
0.5 0 71 49
0.5 480 71 0
0.5 0 66 0
0.5 0 64 45
0.5 0 70 49
0.5 240 70 0
0.5 0 64 0
0.5 240 62 45
0.5 0 67 49
0.5 240 67 0
0.5 0 62 0
0.5 0 61 45
0.5 240 61 0
0.5 0 67 49
0.5 0 62 45
0.5 480 62 0
0.5 0 67 0
0.5 0 61 44
0.5 0 66 47
0.5 240 66 0
0.5 0 61 0
0.5 240 60 45
0.5 0 66 49
0.5 240 66 0
0.5 0 60 0
0.5 0 59 46
0.5 240 59 0
0.5 0 60 45
0.5 0 66 49
0.5 480 66 0
0.5 0 60 0
0.5 0 64 46
0.5 0 59 43
0.5 240 59 0
0.5 0 64 0
0.5 240 64 49
0.5 0 58 45
0.5 240 58 0
0.5 0 64 0
0.5 240 58 47
0.5 0 62 52
0.5 240 62 0
0.5 0 58 0
0.5 240 58 45
0.5 0 61 50
0.5 240 61 0
0.5 0 58 0
0.5 0 59 47
0.5 240 59 0
0.5 720 62 47
0.5 0 74 47
0.5 0 71 47
0.5 120 71 0
0.5 0 74 0
0.5 0 62 0
0.5 120 74 49
0.5 0 71 49
0.5 0 64 49
0.5 120 64 0
0.5 0 71 0
0.5 0 74 0
0.5 120 74 46
0.5 0 71 46
0.5 0 65 46
0.5 120 65 0
0.5 0 71 0
0.5 0 74 0
0.5 840 56 45
0.5 0 66 45
0.5 0 59 45
0.5 120 59 0
0.5 0 66 0
0.5 0 56 0
0.5 120 61 46
0.5 0 58 46
0.5 0 64 46
0.5 120 64 0
0.5 0 58 0
0.5 0 61 0
0.5 120 59 46
0.5 0 62 46
0.5 120 62 0
0.5 0 59 0
0.5 840 74 47
0.5 0 71 47
0.5 0 62 47
0.5 120 62 0
0.5 0 71 0
0.5 0 74 0
0.5 120 74 49
0.5 0 64 49
0.5 0 71 49
0.5 120 71 0
0.5 0 64 0
0.5 0 74 0
0.5 120 65 45
0.5 0 71 45
0.5 0 74 45
0.5 120 74 0
0.5 0 71 0
0.5 0 65 0
0.5 840 66 47
0.5 0 59 47
0.5 0 56 47
0.5 120 56 0
0.5 0 59 0
0.5 0 66 0
0.5 120 64 46
0.5 0 61 46
0.5 0 58 46
0.5 120 58 0
0.5 0 61 0
0.5 0 64 0
0.5 120 59 46
0.5 0 62 46
0.5 120 62 0
0.5 0 59 0
0.5 120 66 45
0.5 0 71 49
0.5 240 71 0
0.5 0 66 0
0.5 0 65 46
0.5 240 65 0
0.5 0 66 45
0.5 0 71 49
0.5 480 71 0
0.5 0 66 0
0.5 0 70 49
0.5 0 64 45
0.5 240 64 0
0.5 0 70 0
0.5 240 62 45
0.5 0 67 49
0.5 240 67 0
0.5 0 62 0
0.5 0 61 45
0.5 240 61 0
0.5 0 62 45
0.5 0 67 49
0.5 480 67 0
0.5 0 62 0
0.5 0 61 44
0.5 0 66 47
0.5 240 66 0
0.5 0 61 0
0.5 240 66 49
0.5 0 60 45
0.5 240 60 0
0.5 0 66 0
0.5 0 59 46
0.5 240 59 0
0.5 0 66 49
0.5 0 60 45
0.5 480 60 0
0.5 0 66 0
0.5 0 59 43
0.5 0 64 46
0.5 240 64 0
0.5 0 59 0
0.5 240 58 45
0.5 0 64 49
0.5 240 64 0
0.5 0 58 0
0.5 240 58 47
0.5 0 62 52
0.5 240 62 0
0.5 0 58 0
0.5 240 61 50
0.5 0 58 45
0.5 240 58 0
0.5 0 61 0
0.5 0 59 47
0.5 240 59 0
0.5 720 62 47
0.5 0 71 47
0.5 0 74 47
0.5 120 74 0
0.5 0 71 0
0.5 0 62 0
0.5 120 74 49
0.5 0 71 49
0.5 0 64 49
0.5 120 64 0
0.5 0 71 0
0.5 0 74 0
0.5 120 74 46
0.5 0 71 46
0.5 0 65 46
0.5 120 65 0
0.5 0 71 0
0.5 0 74 0
0.5 840 66 45
0.5 0 59 45
0.5 0 56 45
0.5 120 56 0
0.5 0 59 0
0.5 0 66 0
0.5 120 64 44
0.5 0 61 44
0.5 0 58 44
0.5 120 58 0
0.5 0 61 0
0.5 0 64 0
0.5 120 59 46
0.5 0 62 46
0.5 120 62 0
0.5 0 59 0
0.5 840 71 50
0.5 0 62 50
0.5 0 74 50
0.5 120 74 0
0.5 0 62 0
0.5 0 71 0
0.5 120 64 53
0.5 0 71 53
0.5 0 74 53
0.5 120 74 0
0.5 0 71 0
0.5 0 64 0
0.5 120 65 58
0.5 0 71 58
0.5 0 74 58
0.5 480 74 0
0.5 0 71 0
0.5 0 65 0
0.5 0 65 62
0.5 0 71 62
0.5 0 73 62
0.5 480 73 0
0.5 0 71 0
0.5 0 65 0
0.5 0 71 68
0.5 0 73 68
0.5 0 77 68
0.5 480 77 0
0.5 0 73 0
0.5 0 71 0
0.5 0 78 69
0.5 0 73 69
0.5 0 70 69
0.5 180 70 0
0.5 0 73 0
0.5 0 78 0
0.5 60 83 49
0.5 0 78 45
0.5 240 78 0
0.5 0 83 0
0.5 0 77 46
0.5 240 77 0
0.5 0 78 45
0.5 0 83 49
0.5 480 83 0
0.5 0 78 0
0.5 0 76 45
0.5 0 82 49
0.5 240 82 0
0.5 0 76 0
0.5 240 74 45
0.5 0 79 49
0.5 240 79 0
0.5 0 74 0
0.5 0 73 45
0.5 240 73 0
0.5 0 74 45
0.5 0 79 49
0.5 480 79 0
0.5 0 74 0
0.5 0 73 44
0.5 0 78 47
0.5 240 78 0
0.5 0 73 0
0.5 240 72 62
0.5 0 78 69
0.5 240 78 0
0.5 0 72 0
0.5 0 71 64
0.5 240 71 0
0.5 0 72 62
0.5 0 78 69
0.5 240 78 0
0.5 0 72 0
0.5 0 72 67
0.5 0 66 67
0.5 240 66 0
0.5 0 72 0
0.5 0 65 60
0.5 240 65 0
0.5 0 66 64
0.5 0 72 64
0.5 240 72 0
0.5 0 66 0
0.5 0 60 67
0.5 0 64 67
0.5 240 64 0
0.5 0 60 0
0.5 0 59 67
0.5 240 59 0
0.5 0 60 64
0.5 0 64 64
0.5 240 64 0
0.5 0 60 0
0.5 240 63 66
0.5 0 54 66
0.5 0 57 66
0.5 120 57 0
0.5 0 54 0
0.5 0 63 0
0.5 120 64 70
0.5 0 59 70
0.5 0 55 70
0.5 120 55 0
0.5 0 59 0
0.5 0 64 0
0.5 120 83 50
0.5 0 88 55
0.5 240 88 0
0.5 0 83 0
0.5 0 82 52
0.5 240 82 0
0.5 0 83 50
0.5 0 88 55
0.5 480 88 0
0.5 0 83 0
0.5 0 87 55
0.5 0 81 50
0.5 240 81 0
0.5 0 87 0
0.5 240 79 50
0.5 0 84 55
0.5 240 84 0
0.5 0 79 0
0.5 0 78 51
0.5 240 78 0
0.5 0 79 50
0.5 0 84 55
0.5 480 84 0
0.5 0 79 0
0.5 0 78 49
0.5 0 83 53
0.5 240 83 0
0.5 0 78 0
0.5 240 77 62
0.5 0 83 69
0.5 240 83 0
0.5 0 77 0
0.5 0 76 64
0.5 240 76 0
0.5 0 77 62
0.5 0 83 69
0.5 240 83 0
0.5 0 77 0
0.5 0 71 67
0.5 0 77 67
0.5 240 77 0
0.5 0 71 0
0.5 0 70 60
0.5 240 70 0
0.5 0 71 64
0.5 0 77 64
0.5 240 77 0
0.5 0 71 0
0.5 0 69 67
0.5 0 65 67
0.5 240 65 0
0.5 0 69 0
0.5 0 64 67
0.5 240 64 0
0.5 0 65 64
0.5 0 69 64
0.5 240 69 0
0.5 0 65 0
0.5 240 68 58
0.5 0 62 58
0.5 0 59 52
0.5 240 59 0
0.5 0 62 0
0.5 0 68 0
0.5 0 69 58
0.5 0 60 52
0.5 240 60 0
0.5 0 69 0
0.5 0 69 56
0.5 0 60 50
0.5 480 60 0
0.5 0 69 0
0.5 0 62 49
0.5 0 68 55
0.5 0 71 55
0.5 480 71 0
0.5 0 68 0
0.5 0 62 0
0.5 0 72 57
0.5 0 69 57
0.5 0 64 51
0.5 240 64 0
0.5 0 69 0
0.5 0 72 0
0.5 240 69 57
0.5 0 60 51
0.5 480 60 0
0.5 0 69 0
0.5 0 68 55
0.5 0 62 55
0.5 0 59 49
0.5 480 59 0
0.5 0 62 0
0.5 0 68 0
0.5 0 69 55
0.5 0 60 55
0.5 0 57 49
0.5 240 57 0
0.5 0 60 0
0.5 0 69 0
0.5 240 64 52
0.5 0 72 58
0.5 480 72 0
0.5 0 64 0
0.5 0 74 61
0.5 0 71 61
0.5 0 65 54
0.5 480 65 0
0.5 0 71 0
0.5 0 74 0
0.5 0 64 56
0.5 0 72 63
0.5 0 76 63
0.5 240 76 0
0.5 0 72 0
0.5 0 64 0
0.5 240 64 53
0.5 0 72 59
0.5 480 72 0
0.5 0 64 0
0.5 0 62 51
0.5 0 71 57
0.5 0 65 51
0.5 480 65 0
0.5 0 71 0
0.5 0 62 0
0.5 0 72 58
0.5 0 64 58
0.5 0 60 52
0.5 240 60 0
0.5 0 64 0
0.5 0 72 0
0.5 240 67 55
0.5 0 76 62
0.5 480 76 0
0.5 0 67 0
0.5 0 69 54
0.5 0 75 55
0.5 0 78 61
0.5 480 78 0
0.5 0 75 0
0.5 0 69 0
0.5 0 79 61
0.5 0 67 54
0.5 0 76 61
0.5 240 76 0
0.5 0 67 0
0.5 0 79 0
0.5 240 71 60
0.5 0 79 67
0.5 480 79 0
0.5 0 71 0
0.5 0 72 57
0.5 0 81 64
0.5 0 78 57
0.5 480 78 0
0.5 0 81 0
0.5 0 72 0
0.5 0 71 57
0.5 0 79 64
0.5 0 83 64
0.5 240 83 0
0.5 0 79 0
0.5 0 71 0
0.5 240 83 69
0.5 0 74 62
0.5 480 74 0
0.5 0 83 0
0.5 0 85 67
0.5 0 82 60
0.5 0 76 60
0.5 480 76 0
0.5 0 82 0
0.5 0 85 0
0.5 0 74 65
0.5 0 83 72
0.5 0 86 72
0.5 240 86 0
0.5 0 83 0
0.5 0 74 0
0.5 240 78 74
0.5 0 86 83
0.5 480 86 0
0.5 0 78 0
0.5 0 85 71
0.5 0 88 79
0.5 0 79 71
0.5 480 79 0
0.5 0 88 0
0.5 0 85 0
0.5 0 90 81
0.5 0 86 81
0.5 0 78 72
0.5 240 78 0
0.5 0 86 0
0.5 0 90 0
0.5 240 78 74
0.5 0 86 83
0.5 0 90 83
0.5 480 90 0
0.5 0 86 0
0.5 0 78 0
0.5 0 86 80
0.5 0 78 71
0.5 0 90 80
0.5 480 90 0
0.5 0 78 0
0.5 0 86 0
0.5 0 90 81
0.5 0 86 81
0.5 0 78 72
0.5 480 78 0
0.5 0 86 0
0.5 0 90 0
0.5 0 88 82
0.5 0 90 82
0.5 0 78 73
0.5 480 78 0
0.5 0 90 0
0.5 0 88 0
0.5 0 90 78
0.5 0 88 78
0.5 0 78 69
0.5 480 78 0
0.5 0 88 0
0.5 0 90 0
0.5 0 78 70
0.5 0 88 79
0.5 0 90 79
0.5 480 90 0
0.5 0 88 0
0.5 0 78 0
0.5 0 76 79
0.5 0 70 70
0.5 0 78 79
0.5 480 78 0
0.5 0 70 0
0.5 0 76 0
0.5 0 76 79
0.5 0 70 70
0.5 0 78 79
0.5 480 78 0
0.5 0 70 0
0.5 0 76 0
0.5 0 70 69
0.5 0 76 77
0.5 0 78 77
0.5 480 78 0
0.5 0 76 0
0.5 0 70 0
0.5 0 64 70
0.5 0 66 70
0.5 0 58 63
0.5 480 58 0
0.5 0 66 0
0.5 0 64 0
0.5 0 66 70
0.5 0 64 70
0.5 0 58 63
0.5 480 58 0
0.5 0 64 0
0.5 0 66 0
0.5 0 64 69
0.5 0 66 69
0.5 0 58 62
0.5 420 58 0
0.5 0 66 0
0.5 0 64 0
0.5 60 66 45
0.5 0 71 49
0.5 240 71 0
0.5 0 66 0
0.5 0 65 46
0.5 240 65 0
0.5 0 66 45
0.5 0 71 49
0.5 480 71 0
0.5 0 66 0
0.5 0 70 49
0.5 0 64 45
0.5 240 64 0
0.5 0 70 0
0.5 240 62 45
0.5 0 67 49
0.5 240 67 0
0.5 0 62 0
0.5 0 61 45
0.5 240 61 0
0.5 0 62 45
0.5 0 67 49
0.5 480 67 0
0.5 0 62 0
0.5 0 61 44
0.5 0 66 47
0.5 240 66 0
0.5 0 61 0
0.5 240 60 45
0.5 0 66 49
0.5 240 66 0
0.5 0 60 0
0.5 0 59 46
0.5 240 59 0
0.5 0 66 49
0.5 0 60 45
0.5 480 60 0
0.5 0 66 0
0.5 0 59 43
0.5 0 64 46
0.5 240 64 0
0.5 0 59 0
0.5 240 58 45
0.5 0 64 49
0.5 240 64 0
0.5 0 58 0
0.5 240 58 47
0.5 0 62 52
0.5 240 62 0
0.5 0 58 0
0.5 240 61 50
0.5 0 58 45
0.5 240 58 0
0.5 0 61 0
0.5 0 59 47
0.5 240 59 0
0.5 720 62 47
0.5 0 71 47
0.5 0 74 47
0.5 120 74 0
0.5 0 71 0
0.5 0 62 0
0.5 120 74 49
0.5 0 71 49
0.5 0 64 49
0.5 120 64 0
0.5 0 71 0
0.5 0 74 0
0.5 120 74 46
0.5 0 71 46
0.5 0 65 46
0.5 120 65 0
0.5 0 71 0
0.5 0 74 0
0.5 840 66 45
0.5 0 59 45
0.5 0 56 45
0.5 120 56 0
0.5 0 59 0
0.5 0 66 0
0.5 120 64 46
0.5 0 61 46
0.5 0 58 46
0.5 120 58 0
0.5 0 61 0
0.5 0 64 0
0.5 120 59 46
0.5 0 62 46
0.5 120 62 0
0.5 0 59 0
0.5 840 71 47
0.5 0 62 47
0.5 0 74 47
0.5 120 74 0
0.5 0 62 0
0.5 0 71 0
0.5 120 64 49
0.5 0 71 49
0.5 0 74 49
0.5 120 74 0
0.5 0 71 0
0.5 0 64 0
0.5 120 65 45
0.5 0 71 45
0.5 0 74 45
0.5 120 74 0
0.5 0 71 0
0.5 0 65 0
0.5 840 66 47
0.5 0 59 47
0.5 0 56 47
0.5 120 56 0
0.5 0 59 0
0.5 0 66 0
0.5 120 58 46
0.5 0 61 46
0.5 0 64 46
0.5 120 64 0
0.5 0 61 0
0.5 0 58 0
0.5 120 59 46
0.5 0 62 46
0.5 120 62 0
0.5 0 59 0
0.5 840 57 47
0.5 0 69 47
0.5 0 64 47
0.5 120 64 0
0.5 0 69 0
0.5 0 57 0
0.5 120 67 46
0.5 0 64 46
0.5 0 57 46
0.5 120 57 0
0.5 0 64 0
0.5 0 67 0
0.5 120 66 47
0.5 0 62 47
0.5 0 57 47
0.5 120 57 0
0.5 0 62 0
0.5 0 66 0
0.5 840 61 55
0.5 0 73 55
0.5 0 68 55
0.5 120 68 0
0.5 0 73 0
0.5 0 61 0
0.5 120 68 55
0.5 0 61 55
0.5 0 71 55
0.5 120 71 0
0.5 0 61 0
0.5 0 68 0
0.5 120 61 55
0.5 0 66 55
0.5 0 70 55
0.5 120 70 0
0.5 0 66 0
0.5 0 61 0
0.5 120 73 66
0.5 0 78 66
0.5 240 78 0
0.5 0 76 66
0.5 240 76 0
0.5 0 73 0
0.5 0 74 64
0.5 0 71 64
0.5 240 71 0
0.5 0 74 0
0.5 0 73 72
0.5 0 78 72
0.5 240 78 0
0.5 0 76 69
0.5 240 76 0
0.5 0 73 0
0.5 0 71 70
0.5 0 74 70
0.5 240 74 0
0.5 0 71 0
0.5 0 73 77
0.5 0 78 77
0.5 240 78 0
0.5 0 76 78
0.5 240 76 0
0.5 0 73 0
0.5 0 71 80
0.5 0 74 80
0.5 240 74 0
0.5 0 71 0
0.5 0 78 82
0.5 0 73 82
0.5 120 73 0
0.5 0 78 0
0.5 120 71 78
0.5 0 74 78
0.5 120 74 0
0.5 0 71 0
0.5 120 76 88
0.5 0 71 74
0.5 0 67 74
0.5 0 79 88
0.5 720 79 0
0.5 0 76 0
0.5 0 71 0
0.5 0 67 0
0.5 480 64 64
0.5 120 64 0
0.5 0 67 63
0.5 120 67 0
0.5 0 76 61
0.5 120 76 0
0.5 0 73 60
0.5 120 73 0
0.5 0 71 59
0.5 120 71 0
0.5 0 67 58
0.5 120 67 0
0.5 0 64 56
0.5 120 64 0
0.5 480 49 58
0.5 120 49 0
0.5 0 47 58
0.5 120 47 0
0.5 0 43 58
0.5 120 43 0
0.5 480 59 56
0.5 0 55 56
0.5 0 64 56
0.5 120 64 0
0.5 0 55 0
0.5 0 59 0
0.5 600 67 63
0.5 120 67 0
0.5 0 71 63
0.5 120 71 0
0.5 0 79 61
0.5 120 79 0
0.5 0 76 60
0.5 120 76 0
0.5 0 73 59
0.5 120 73 0
0.5 0 71 58
0.5 120 71 0
0.5 0 67 57
0.5 120 67 0
0.5 480 52 58
0.5 120 52 0
0.5 0 49 58
0.5 120 49 0
0.5 0 47 58
0.5 120 47 0
0.5 480 64 62
0.5 0 67 62
0.5 0 71 62
0.5 0 59 62
0.5 120 59 0
0.5 0 64 0
0.5 0 67 0
0.5 0 71 0
0.5 600 59 71
0.5 120 59 0
0.5 0 62 73
0.5 120 62 0
0.5 0 66 75
0.5 120 66 0
0.5 0 71 78
0.5 120 71 0
0.5 0 62 79
0.5 0 74 79
0.5 120 74 0
0.5 0 62 0
0.5 0 66 81
0.5 0 78 81
0.5 120 78 0
0.5 0 66 0
0.5 0 71 84
0.5 0 83 84
0.5 120 83 0
0.5 0 71 0
0.5 0 86 86
0.5 0 74 86
0.5 120 74 0
0.5 0 86 0
0.5 0 90 90
0.5 0 78 81
0.5 240 78 0
0.5 0 90 0
0.5 0 64 72
0.5 0 91 95
0.5 0 79 85
0.5 0 76 80
0.5 120 76 0
0.5 0 64 0
0.5 0 91 0
0.5 0 79 0
0.5 120 61 68
0.5 0 88 90
0.5 0 76 81
0.5 0 73 76
0.5 120 73 0
0.5 0 61 0
0.5 0 88 0
0.5 0 76 0
0.5 120 90 95
0.5 0 74 80
0.5 0 62 72
0.5 0 78 85
0.5 120 78 0
0.5 0 90 0
0.5 0 74 0
0.5 0 62 0
0.5 120 74 81
0.5 0 71 76
0.5 0 59 68
0.5 0 86 90
0.5 120 86 0
0.5 0 74 0
0.5 0 71 0
0.5 0 59 0
0.5 120 73 80
0.5 0 76 85
0.5 0 88 95
0.5 0 61 80
0.5 120 61 0
0.5 0 73 0
0.5 0 76 0
0.5 0 88 0
0.5 120 73 81
0.5 0 85 90
0.5 0 58 68
0.5 0 70 76
0.5 120 70 0
0.5 0 73 0
0.5 0 85 0
0.5 0 58 0
0.5 120 86 94
0.5 0 74 84
0.5 0 71 79
0.5 0 59 71
0.5 120 59 0
0.5 0 86 0
0.5 0 74 0
0.5 0 71 0
0.5 120 70 77
0.5 0 66 73
0.5 0 54 65
0.5 0 82 86
0.5 120 82 0
0.5 0 70 0
0.5 0 66 0
0.5 0 54 0
0.5 120 71 82
0.5 0 83 92
0.5 120 83 0
0.5 0 71 0
0.5 120 78 85
0.5 0 66 76
0.5 120 66 0
0.5 0 78 0
0.5 120 79 90
0.5 0 67 81
0.5 120 67 0
0.5 0 79 0
0.5 120 64 75
0.5 0 76 84
0.5 120 76 0
0.5 0 64 0
0.5 120 66 81
0.5 0 78 91
0.5 120 78 0
0.5 0 66 0
0.5 120 62 74
0.5 0 74 83
0.5 120 74 0
0.5 0 62 0
0.5 120 76 90
0.5 0 64 81
0.5 120 64 0
0.5 0 76 0
0.5 120 73 82
0.5 0 61 73
0.5 120 61 0
0.5 0 73 0
0.5 120 62 81
0.5 0 74 90
0.5 120 74 0
0.5 0 62 0
0.5 120 58 75
0.5 0 70 84
0.5 120 70 0
0.5 0 58 0
0.5 120 59 81
0.5 0 71 91
0.5 120 71 0
0.5 0 59 0
0.5 120 66 82
0.5 0 54 73
0.5 120 54 0
0.5 0 66 0
0.5 120 55 80
0.5 0 67 89
0.5 480 67 0
0.5 0 55 0
0.5 0 61 72
0.5 0 64 72
0.5 0 70 80
0.5 240 70 0
0.5 0 64 0
0.5 0 61 0
0.5 0 62 77
0.5 0 66 77
0.5 0 71 86
0.5 240 71 0
0.5 0 66 0
0.5 0 62 0
0.5 720 74 56
0.5 0 73 56
0.5 0 61 56
0.5 120 61 0
0.5 0 73 0
0.5 0 74 0
0.5 120 62 53
0.5 0 73 53
0.5 0 74 53
0.5 120 74 0
0.5 0 73 0
0.5 0 62 0
0.5 120 74 52
0.5 0 73 52
0.5 0 64 52
0.5 120 64 0
0.5 0 73 0
0.5 0 74 0
0.5 840 66 53
0.5 0 56 53
0.5 0 59 53
0.5 120 59 0
0.5 0 56 0
0.5 0 66 0
0.5 120 58 52
0.5 0 61 52
0.5 0 66 52
0.5 120 66 0
0.5 0 61 0
0.5 0 58 0
0.5 120 62 52
0.5 0 59 52
0.5 0 66 52
0.5 120 66 0
0.5 0 59 0
0.5 0 62 0
0.5 840 74 54
0.5 0 73 54
0.5 0 61 54
0.5 120 61 0
0.5 0 73 0
0.5 0 74 0
0.5 120 74 55
0.5 0 73 55
0.5 0 62 55
0.5 120 62 0
0.5 0 73 0
0.5 0 74 0
0.5 120 74 51
0.5 0 73 51
0.5 0 64 51
0.5 120 64 0
0.5 0 73 0
0.5 0 74 0
0.5 840 56 55
0.5 0 66 55
0.5 0 59 55
0.5 120 59 0
0.5 0 66 0
0.5 0 56 0
0.5 120 66 55
0.5 0 61 55
0.5 0 58 55
0.5 120 58 0
0.5 0 61 0
0.5 0 66 0
0.5 120 66 52
0.5 0 62 52
0.5 0 59 52
0.5 120 59 0
0.5 0 62 0
0.5 0 66 0
0.5 120 62 60
0.5 0 71 66
0.5 0 66 60
0.5 120 66 0
0.5 0 71 0
0.5 0 62 0
0.5 120 70 62
0.5 0 66 57
0.5 0 62 57
0.5 120 62 0
0.5 0 66 0
0.5 0 70 0
0.5 120 62 60
0.5 0 66 60
0.5 0 71 66
0.5 120 71 0
0.5 0 66 0
0.5 0 62 0
0.5 120 74 67
0.5 0 71 61
0.5 0 66 61
0.5 120 66 0
0.5 0 71 0
0.5 0 74 0
0.5 120 73 63
0.5 0 66 58
0.5 0 71 58
0.5 120 71 0
0.5 0 66 0
0.5 0 73 0
0.5 120 66 63
0.5 0 71 63
0.5 0 74 69
0.5 120 74 0
0.5 0 71 0
0.5 0 66 0
0.5 120 78 69
0.5 0 74 63
0.5 0 71 63
0.5 120 71 0
0.5 0 74 0
0.5 0 78 0
0.5 120 77 67
0.5 0 74 61
0.5 0 71 61
0.5 120 71 0
0.5 0 74 0
0.5 0 77 0
0.5 120 78 72
0.5 0 74 66
0.5 0 71 66
0.5 120 71 0
0.5 0 74 0
0.5 0 78 0
0.5 120 83 73
0.5 0 78 67
0.5 0 74 67
0.5 120 74 0
0.5 0 78 0
0.5 0 83 0
0.5 120 74 63
0.5 0 82 69
0.5 0 78 63
0.5 120 78 0
0.5 0 82 0
0.5 0 74 0
0.5 120 83 74
0.5 0 78 68
0.5 0 74 68
0.5 120 74 0
0.5 0 78 0
0.5 0 83 0
0.5 120 86 75
0.5 0 83 69
0.5 0 78 69
0.5 120 78 0
0.5 0 83 0
0.5 0 86 0
0.5 120 78 63
0.5 0 85 69
0.5 0 83 63
0.5 120 83 0
0.5 0 85 0
0.5 0 78 0
0.5 120 83 70
0.5 0 78 70
0.5 0 86 77
0.5 120 86 0
0.5 0 78 0
0.5 0 83 0
0.5 120 83 71
0.5 0 86 71
0.5 0 90 78
0.5 120 90 0
0.5 0 86 0
0.5 0 83 0
0.5 120 83 66
0.5 0 86 66
0.5 0 89 72
0.5 120 89 0
0.5 0 86 0
0.5 0 83 0
0.5 120 86 73
0.5 0 83 73
0.5 0 90 80
0.5 120 90 0
0.5 0 83 0
0.5 0 86 0
0.5 120 86 73
0.5 0 90 73
0.5 0 95 80
0.5 120 95 0
0.5 0 90 0
0.5 0 86 0
0.5 120 86 70
0.5 0 90 70
0.5 0 94 76
0.5 120 94 0
0.5 0 90 0
0.5 0 86 0
0.5 120 95 86
0.5 0 90 78
0.5 0 86 78
0.5 120 86 0
0.5 0 90 0
0.5 0 95 0
0.5 120 86 82
0.5 0 90 82
0.5 0 95 90
0.5 120 95 0
0.5 0 90 0
0.5 0 86 0
0.5 120 94 85
0.5 0 90 77
0.5 0 86 77
0.5 120 86 0
0.5 0 90 0
0.5 0 94 0
0.5 120 95 93
0.5 0 86 85
0.5 0 90 85
0.5 120 90 0
0.5 0 86 0
0.5 0 95 0
0.5 600 74 81
0.5 0 78 81
0.5 0 83 89
0.5 120 83 0
0.5 0 78 0
0.5 0 74 0
0.5 600 71 89
0.5 0 66 81
0.5 0 62 81
0.5 120 62 0
0.5 0 66 0
0.5 0 71 0
0.5 1320 66 42
0.5 0 74 55
0.5 720 74 0
0.5 0 73 51
0.5 720 73 0
0.5 0 71 52
0.5 480 71 0
0.5 0 69 47
0.5 240 69 0
0.5 0 69 47
0.5 720 69 0
0.5 0 66 0
0.5 0 64 42
0.5 0 71 55
0.5 720 71 0
0.5 0 69 51
0.5 720 69 0
0.5 0 64 0
0.5 0 63 42
0.5 0 67 55
0.5 480 67 0
0.5 0 66 51
0.5 240 66 0
0.5 0 66 51
0.5 720 66 0
0.5 0 63 0
0.5 0 69 55
0.5 0 62 42
0.5 720 62 0
0.5 0 69 0
0.5 0 62 51
0.5 720 62 0
0.5 0 62 42
0.5 0 66 55
0.5 480 66 0
0.5 0 64 51
0.5 240 64 0
0.5 0 64 51
0.5 720 64 0
0.5 0 62 0
0.5 0 66 55
0.5 0 59 42
0.5 720 59 0
0.5 0 66 0
0.5 0 59 51
0.5 720 59 0
0.5 0 58 40
0.5 0 62 53
0.5 480 62 0
0.5 0 61 49
0.5 240 61 0
0.5 0 61 49
0.5 720 61 0
0.5 0 58 0
0.5 0 57 47
0.5 0 69 47
0.5 0 62 47
0.5 1440 62 0
0.5 0 69 0
0.5 0 57 0
0.5 0 54 46
0.5 0 57 46
0.5 1440 57 0
0.5 0 54 0
0.5 0 64 49
0.5 0 71 49
0.5 0 74 49
0.5 1440 74 0
0.5 0 71 0
0.5 0 64 0
0.5 0 59 52
0.5 0 64 52
0.5 1440 64 0
0.5 0 59 0
0.5 0 64 52
0.5 0 76 52
0.5 1440 76 0
0.5 0 64 0
0.5 0 63 50
0.5 0 69 50
0.5 1440 69 0
0.5 0 63 0
0.5 0 69 56
0.5 0 76 56
0.5 0 81 56
0.5 720 81 0
0.5 0 76 0
0.5 0 69 0
0.5 0 69 56
0.5 0 73 56
0.5 720 73 0
0.5 0 69 0
0.5 0 68 53
0.5 0 73 69
0.5 480 73 0
0.5 0 71 60
0.5 240 71 0
0.5 0 68 0
0.5 0 69 60
0.5 720 69 0
0.5 0 67 47
0.5 0 76 55
0.5 720 76 0
0.5 0 69 51
0.5 720 69 0
0.5 0 67 0
0.5 0 66 47
0.5 0 71 55
0.5 480 71 0
0.5 0 69 51
0.5 240 69 0
0.5 0 69 51
0.5 720 69 0
0.5 0 66 0
0.5 0 71 47
0.5 0 69 47
0.5 1440 69 0
0.5 0 71 0
0.5 0 69 47
0.5 0 67 47
0.5 720 67 0
0.5 0 69 0
0.5 0 68 36
0.5 0 71 36
0.5 720 71 0
0.5 0 68 0
0.5 0 71 49
0.5 0 80 57
0.5 720 80 0
0.5 0 73 53
0.5 720 73 0
0.5 0 71 0
0.5 0 74 57
0.5 0 69 49
0.5 480 74 0
0.5 13 73 53
0.5 227 73 53
0.5 13 73 0
0.5 707 73 0
0.5 0 69 0
0.5 0 74 49
0.5 0 72 49
0.5 1440 72 0
0.5 0 74 0
0.5 0 73 49
0.5 0 70 49
0.5 720 70 0
0.5 0 73 0
0.5 0 71 45
0.5 0 74 45
0.5 720 74 0
0.5 0 71 0
0.5 0 74 53
0.5 0 83 62
0.5 720 83 0
0.5 0 76 58
0.5 720 76 0
0.5 0 74 0
0.5 0 75 65
0.5 0 73 56
0.5 480 75 0
0.5 0 76 63
0.5 240 76 0
0.5 0 76 63
0.5 720 76 0
0.5 0 73 0
0.5 0 76 54
0.5 0 85 68
0.5 720 85 0
0.5 0 78 63
0.5 720 78 0
0.5 0 76 0
0.5 0 77 71
0.5 0 74 61
0.5 480 77 0
0.5 0 78 69
0.5 240 78 0
0.5 0 78 69
0.5 720 78 0
0.5 0 74 0
0.5 0 68 58
0.5 0 71 58
0.5 2880 71 0
0.5 0 68 0
0.5 0 67 57
0.5 0 74 64
0.5 720 74 0
0.5 0 67 0
0.5 0 67 57
0.5 720 67 0
0.5 0 67 58
0.5 0 74 58
0.5 480 74 0
0.5 0 73 51
0.5 240 73 0
0.5 0 73 53
0.5 720 73 0
0.5 0 67 0
0.5 0 66 42
0.5 0 74 55
0.5 720 74 0
0.5 0 73 51
0.5 720 73 0
0.5 0 71 52
0.5 480 71 0
0.5 0 69 47
0.5 240 69 0
0.5 0 69 47
0.5 720 69 0
0.5 0 66 0
0.5 0 64 42
0.5 0 71 55
0.5 720 71 0
0.5 0 69 51
0.5 720 69 0
0.5 0 64 0
0.5 0 63 42
0.5 0 67 55
0.5 480 67 0
0.5 0 66 51
0.5 240 66 0
0.5 0 66 51
0.5 720 66 0
0.5 0 63 0
0.5 0 69 55
0.5 0 62 42
0.5 720 62 0
0.5 0 69 0
0.5 0 62 51
0.5 720 62 0
0.5 0 62 42
0.5 0 66 55
0.5 480 66 0
0.5 0 64 51
0.5 240 64 0
0.5 0 64 51
0.5 720 64 0
0.5 0 62 0
0.5 0 66 55
0.5 0 59 42
0.5 720 59 0
0.5 0 66 0
0.5 0 59 51
0.5 720 59 0
0.5 0 58 40
0.5 0 62 53
0.5 480 62 0
0.5 0 61 49
0.5 240 61 0
0.5 0 61 49
0.5 720 61 0
0.5 0 58 0
0.5 0 57 47
0.5 0 69 47
0.5 0 62 47
0.5 1440 62 0
0.5 0 69 0
0.5 0 57 0
0.5 0 62 46
0.5 0 54 46
0.5 0 57 46
0.5 1440 57 0
0.5 0 54 0
0.5 0 62 0
0.5 0 62 49
0.5 0 74 49
0.5 0 67 49
0.5 1440 67 0
0.5 0 74 0
0.5 0 62 0
0.5 0 71 48
0.5 0 59 48
0.5 0 65 48
0.5 1440 65 0
0.5 0 59 0
0.5 0 71 0
0.5 0 57 51
0.5 0 69 51
0.5 0 66 51
0.5 1440 66 0
0.5 0 69 0
0.5 0 57 0
0.5 0 59 50
0.5 0 64 50
0.5 1440 64 0
0.5 0 59 0
0.5 0 55 45
0.5 0 61 45
0.5 1440 61 0
0.5 0 55 0
0.5 0 54 40
0.5 0 62 40
0.5 1440 62 0
0.5 0 54 0
0.5 0 66 39
0.5 0 71 55
0.5 720 71 0
0.5 0 70 51
0.5 720 70 0
0.5 0 66 0
0.5 0 61 36
0.5 0 67 55
0.5 480 67 0
0.5 0 66 51
0.5 240 66 0
0.5 0 66 51
0.5 720 66 0
0.5 0 61 0
0.5 0 64 35
0.5 0 66 37
0.5 0 74 49
0.5 720 74 0
0.5 0 73 45
0.5 720 73 0
0.5 0 66 0
0.5 0 64 0
0.5 0 62 44
0.5 0 66 43
0.5 0 71 47
0.5 720 71 0
0.5 0 66 0
0.5 0 62 0
0.5 0 66 44
0.5 0 70 44
0.5 720 70 0
0.5 0 66 0
0.5 0 78 39
0.5 0 83 55
0.5 720 83 0
0.5 0 82 51
0.5 720 82 0
0.5 0 78 0
0.5 0 73 36
0.5 0 79 55
0.5 480 79 0
0.5 0 78 51
0.5 240 78 0
0.5 0 78 51
0.5 720 78 0
0.5 0 73 0
0.5 0 76 39
0.5 0 78 39
0.5 0 86 49
0.5 720 86 0
0.5 0 85 45
0.5 720 85 0
0.5 0 78 0
0.5 0 76 0
0.5 0 74 44
0.5 0 78 43
0.5 0 83 47
0.5 720 83 0
0.5 0 78 0
0.5 0 74 0
0.5 0 78 44
0.5 0 82 44
0.5 720 82 0
0.5 0 78 0
0.5 0 76 31
0.5 0 83 44
0.5 480 83 0
0.5 0 82 40
0.5 240 82 0
0.5 0 82 40
0.5 720 82 0
0.5 0 76 0
0.5 1440 64 31
0.5 0 71 44
0.5 480 71 0
0.5 0 70 40
0.5 240 70 0
0.5 0 70 40
0.5 720 70 0
0.5 0 64 0
0.5 3840 66 45
0.5 0 71 49
0.5 240 71 0
0.5 0 66 0
0.5 0 65 46
0.5 240 65 0
0.5 0 66 45
0.5 0 71 49
0.5 480 71 0
0.5 0 66 0
0.5 0 64 45
0.5 0 70 49
0.5 240 70 0
0.5 0 64 0
0.5 240 62 45
0.5 0 67 49
0.5 240 67 0
0.5 0 62 0
0.5 0 61 45
0.5 240 61 0
0.5 0 62 45
0.5 0 67 49
0.5 480 67 0
0.5 0 62 0
0.5 0 61 44
0.5 0 66 47
0.5 240 66 0
0.5 0 61 0
0.5 240 60 45
0.5 0 66 49
0.5 240 66 0
0.5 0 60 0
0.5 0 59 46
0.5 240 59 0
0.5 0 60 45
0.5 0 66 49
0.5 480 66 0
0.5 0 60 0
0.5 0 59 43
0.5 0 64 46
0.5 240 64 0
0.5 0 59 0
0.5 240 58 45
0.5 0 64 49
0.5 240 64 0
0.5 0 58 0
0.5 240 58 47
0.5 0 62 52
0.5 240 62 0
0.5 0 58 0
0.5 240 58 45
0.5 0 61 50
0.5 240 61 0
0.5 0 58 0
0.5 0 59 47
0.5 240 59 0
0.5 720 62 47
0.5 0 71 47
0.5 0 74 47
0.5 120 74 0
0.5 0 71 0
0.5 0 62 0
0.5 120 64 49
0.5 0 71 49
0.5 0 74 49
0.5 120 74 0
0.5 0 71 0
0.5 0 64 0
0.5 120 65 46
0.5 0 71 46
0.5 0 74 46
0.5 120 74 0
0.5 0 71 0
0.5 0 65 0
0.5 840 56 45
0.5 0 59 45
0.5 0 66 45
0.5 120 66 0
0.5 0 59 0
0.5 0 56 0
0.5 120 58 46
0.5 0 61 46
0.5 0 64 46
0.5 120 64 0
0.5 0 61 0
0.5 0 58 0
0.5 120 59 46
0.5 0 62 46
0.5 120 62 0
0.5 0 59 0
0.5 840 62 47
0.5 0 71 47
0.5 0 74 47
0.5 120 74 0
0.5 0 71 0
0.5 0 62 0
0.5 120 64 49
0.5 0 71 49
0.5 0 74 49
0.5 120 74 0
0.5 0 71 0
0.5 0 64 0
0.5 120 65 45
0.5 0 71 45
0.5 0 74 45
0.5 120 74 0
0.5 0 71 0
0.5 0 65 0
0.5 840 56 47
0.5 0 59 47
0.5 0 66 47
0.5 120 66 0
0.5 0 59 0
0.5 0 56 0
0.5 120 58 46
0.5 0 61 46
0.5 0 64 46
0.5 120 64 0
0.5 0 61 0
0.5 0 58 0
0.5 120 59 46
0.5 0 62 46
0.5 120 62 0
0.5 0 59 0
0.5 120 66 45
0.5 0 71 49
0.5 240 71 0
0.5 0 66 0
0.5 0 65 46
0.5 240 65 0
0.5 0 66 45
0.5 0 71 49
0.5 480 71 0
0.5 0 66 0
0.5 0 64 45
0.5 0 70 49
0.5 240 70 0
0.5 0 64 0
0.5 240 62 45
0.5 0 67 49
0.5 240 67 0
0.5 0 62 0
0.5 0 61 45
0.5 240 61 0
0.5 0 62 45
0.5 0 67 49
0.5 480 67 0
0.5 0 62 0
0.5 0 61 44
0.5 0 66 47
0.5 240 66 0
0.5 0 61 0
0.5 240 60 45
0.5 0 66 49
0.5 240 66 0
0.5 0 60 0
0.5 0 59 46
0.5 240 59 0
0.5 0 60 45
0.5 0 66 49
0.5 480 66 0
0.5 0 60 0
0.5 0 59 43
0.5 0 64 46
0.5 240 64 0
0.5 0 59 0
0.5 240 58 45
0.5 0 64 49
0.5 240 64 0
0.5 0 58 0
0.5 240 58 47
0.5 0 62 52
0.5 240 62 0
0.5 0 58 0
0.5 240 58 45
0.5 0 61 50
0.5 240 61 0
0.5 0 58 0
0.5 0 59 47
0.5 240 59 0
0.5 720 62 47
0.5 0 71 47
0.5 0 74 47
0.5 120 74 0
0.5 0 71 0
0.5 0 62 0
0.5 120 64 49
0.5 0 71 49
0.5 0 74 49
0.5 120 74 0
0.5 0 71 0
0.5 0 64 0
0.5 120 65 46
0.5 0 71 46
0.5 0 74 46
0.5 120 74 0
0.5 0 71 0
0.5 0 65 0
0.5 840 56 45
0.5 0 59 45
0.5 0 66 45
0.5 120 66 0
0.5 0 59 0
0.5 0 56 0
0.5 120 58 44
0.5 0 61 44
0.5 0 64 44
0.5 120 64 0
0.5 0 61 0
0.5 0 58 0
0.5 120 59 46
0.5 0 62 46
0.5 120 62 0
0.5 0 59 0
0.5 840 62 50
0.5 0 71 50
0.5 0 74 50
0.5 120 74 0
0.5 0 71 0
0.5 0 62 0
0.5 120 64 54
0.5 0 71 54
0.5 0 74 54
0.5 120 74 0
0.5 0 71 0
0.5 0 64 0
0.5 120 65 58
0.5 0 71 58
0.5 0 74 58
0.5 480 74 0
0.5 0 71 0
0.5 0 65 0
0.5 0 73 63
0.5 0 71 63
0.5 0 65 63
0.5 480 65 0
0.5 0 71 0
0.5 0 73 0
0.5 0 71 68
0.5 0 73 68
0.5 0 77 68
0.5 480 77 0
0.5 0 73 0
0.5 0 71 0
0.5 0 70 69
0.5 0 73 69
0.5 0 78 69
0.5 180 78 0
0.5 0 73 0
0.5 0 70 0
0.5 60 78 45
0.5 0 83 49
0.5 240 83 0
0.5 0 78 0
0.5 0 77 46
0.5 240 77 0
0.5 0 78 45
0.5 0 83 49
0.5 480 83 0
0.5 0 78 0
0.5 0 76 45
0.5 0 82 49
0.5 240 82 0
0.5 0 76 0
0.5 240 74 45
0.5 0 79 49
0.5 240 79 0
0.5 0 74 0
0.5 0 73 45
0.5 240 73 0
0.5 0 74 45
0.5 0 79 49
0.5 480 79 0
0.5 0 74 0
0.5 0 73 44
0.5 0 78 47
0.5 240 78 0
0.5 0 73 0
0.5 240 72 62
0.5 0 78 69
0.5 240 78 0
0.5 0 72 0
0.5 0 71 64
0.5 240 71 0
0.5 0 72 62
0.5 0 78 69
0.5 240 78 0
0.5 0 72 0
0.5 0 66 67
0.5 0 72 67
0.5 240 72 0
0.5 0 66 0
0.5 0 65 60
0.5 240 65 0
0.5 0 66 64
0.5 0 72 64
0.5 240 72 0
0.5 0 66 0
0.5 0 60 67
0.5 0 64 67
0.5 240 64 0
0.5 0 60 0
0.5 0 59 67
0.5 240 59 0
0.5 0 60 64
0.5 0 64 64
0.5 240 64 0
0.5 0 60 0
0.5 240 54 66
0.5 0 57 66
0.5 0 63 66
0.5 120 63 0
0.5 0 57 0
0.5 0 54 0
0.5 120 55 70
0.5 0 59 70
0.5 0 64 70
0.5 120 64 0
0.5 0 59 0
0.5 0 55 0
0.5 120 83 45
0.5 0 88 49
0.5 240 88 0
0.5 0 83 0
0.5 0 82 46
0.5 240 82 0
0.5 0 83 45
0.5 0 88 49
0.5 480 88 0
0.5 0 83 0
0.5 0 81 45
0.5 0 87 49
0.5 240 87 0
0.5 0 81 0
0.5 240 79 45
0.5 0 84 49
0.5 240 84 0
0.5 0 79 0
0.5 0 78 45
0.5 240 78 0
0.5 0 79 45
0.5 0 84 49
0.5 480 84 0
0.5 0 79 0
0.5 0 78 44
0.5 0 83 47
0.5 240 83 0
0.5 0 78 0
0.5 240 77 62
0.5 0 83 69
0.5 240 83 0
0.5 0 77 0
0.5 0 76 64
0.5 240 76 0
0.5 0 77 62
0.5 0 83 69
0.5 240 83 0
0.5 0 77 0
0.5 0 71 67
0.5 0 77 67
0.5 240 77 0
0.5 0 71 0
0.5 0 70 60
0.5 240 70 0
0.5 0 71 64
0.5 0 77 64
0.5 240 77 0
0.5 0 71 0
0.5 0 65 67
0.5 0 69 67
0.5 240 69 0
0.5 0 65 0
0.5 0 64 67
0.5 240 64 0
0.5 0 65 64
0.5 0 69 64
0.5 240 69 0
0.5 0 65 0
0.5 240 59 52
0.5 0 62 58
0.5 0 68 58
0.5 240 68 0
0.5 0 62 0
0.5 0 59 0
0.5 0 60 52
0.5 0 69 58
0.5 240 69 0
0.5 0 60 0
0.5 0 60 50
0.5 0 69 56
0.5 480 69 0
0.5 0 60 0
0.5 0 62 49
0.5 0 68 55
0.5 0 71 55
0.5 480 71 0
0.5 0 68 0
0.5 0 62 0
0.5 0 64 51
0.5 0 69 57
0.5 0 72 57
0.5 240 72 0
0.5 0 69 0
0.5 0 64 0
0.5 240 60 51
0.5 0 69 57
0.5 480 69 0
0.5 0 60 0
0.5 0 59 46
0.5 0 62 52
0.5 0 68 52
0.5 480 68 0
0.5 0 62 0
0.5 0 59 0
0.5 0 57 46
0.5 0 60 52
0.5 0 69 52
0.5 240 69 0
0.5 0 60 0
0.5 0 57 0
0.5 240 64 52
0.5 0 72 58
0.5 480 72 0
0.5 0 64 0
0.5 0 65 54
0.5 0 71 61
0.5 0 74 61
0.5 480 74 0
0.5 0 71 0
0.5 0 65 0
0.5 0 64 56
0.5 0 72 63
0.5 0 76 63
0.5 240 76 0
0.5 0 72 0
0.5 0 64 0
0.5 240 64 53
0.5 0 72 59
0.5 480 72 0
0.5 0 64 0
0.5 0 62 51
0.5 0 65 51
0.5 0 71 57
0.5 480 71 0
0.5 0 65 0
0.5 0 62 0
0.5 0 60 52
0.5 0 64 58
0.5 0 72 58
0.5 240 72 0
0.5 0 64 0
0.5 0 60 0
0.5 240 67 55
0.5 0 76 62
0.5 480 76 0
0.5 0 67 0
0.5 0 69 54
0.5 0 75 55
0.5 0 78 61
0.5 480 78 0
0.5 0 75 0
0.5 0 69 0
0.5 0 67 54
0.5 0 76 61
0.5 0 79 61
0.5 240 79 0
0.5 0 76 0
0.5 0 67 0
0.5 240 71 60
0.5 0 79 67
0.5 480 79 0
0.5 0 71 0
0.5 0 72 57
0.5 0 81 64
0.5 0 78 57
0.5 480 78 0
0.5 0 81 0
0.5 0 72 0
0.5 0 71 57
0.5 0 79 64
0.5 0 83 64
0.5 240 83 0
0.5 0 79 0
0.5 0 71 0
0.5 240 74 62
0.5 0 83 69
0.5 480 83 0
0.5 0 74 0
0.5 0 85 66
0.5 0 82 59
0.5 0 76 59
0.5 480 76 0
0.5 0 82 0
0.5 0 85 0
0.5 0 86 68
0.5 0 83 68
0.5 0 74 61
0.5 240 74 0
0.5 0 83 0
0.5 0 86 0
0.5 240 86 76
0.5 0 78 68
0.5 480 78 0
0.5 0 86 0
0.5 0 88 74
0.5 0 85 66
0.5 0 79 66
0.5 480 79 0
0.5 0 85 0
0.5 0 88 0
0.5 0 90 79
0.5 0 86 79
0.5 0 78 70
0.5 240 78 0
0.5 0 86 0
0.5 0 90 0
0.5 240 78 74
0.5 0 86 83
0.5 0 90 83
0.5 480 90 0
0.5 0 86 0
0.5 0 78 0
0.5 0 78 71
0.5 0 86 80
0.5 0 90 80
0.5 480 90 0
0.5 0 86 0
0.5 0 78 0
0.5 0 90 81
0.5 0 86 81
0.5 0 78 72
0.5 480 78 0
0.5 0 86 0
0.5 0 90 0
0.5 0 88 82
0.5 0 90 82
0.5 0 78 73
0.5 480 78 0
0.5 0 90 0
0.5 0 88 0
0.5 0 78 69
0.5 0 88 78
0.5 0 90 78
0.5 480 90 0
0.5 0 88 0
0.5 0 78 0
0.5 0 78 70
0.5 0 88 79
0.5 0 90 79
0.5 480 90 0
0.5 0 88 0
0.5 0 78 0
0.5 0 78 79
0.5 0 70 70
0.5 0 76 79
0.5 480 76 0
0.5 0 70 0
0.5 0 78 0
0.5 0 70 70
0.5 0 78 79
0.5 0 76 79
0.5 480 76 0
0.5 0 78 0
0.5 0 70 0
0.5 0 70 69
0.5 0 76 77
0.5 0 78 77
0.5 480 78 0
0.5 0 76 0
0.5 0 70 0
0.5 0 58 63
0.5 0 66 70
0.5 0 64 70
0.5 480 64 0
0.5 0 66 0
0.5 0 58 0
0.5 0 58 63
0.5 0 64 70
0.5 0 66 70
0.5 480 66 0
0.5 0 64 0
0.5 0 58 0
0.5 0 58 62
0.5 0 66 69
0.5 0 64 69
0.5 420 64 0
0.5 0 66 0
0.5 0 58 0
0.5 60 66 45
0.5 0 71 49
0.5 240 71 0
0.5 0 66 0
0.5 0 65 46
0.5 240 65 0
0.5 0 66 45
0.5 0 71 49
0.5 480 71 0
0.5 0 66 0
0.5 0 64 45
0.5 0 70 49
0.5 240 70 0
0.5 0 64 0
0.5 240 62 45
0.5 0 67 49
0.5 240 67 0
0.5 0 62 0
0.5 0 61 45
0.5 240 61 0
0.5 0 62 45
0.5 0 67 49
0.5 480 67 0
0.5 0 62 0
0.5 0 61 44
0.5 0 66 47
0.5 240 66 0
0.5 0 61 0
0.5 240 60 45
0.5 0 66 49
0.5 240 66 0
0.5 0 60 0
0.5 0 59 46
0.5 240 59 0
0.5 0 60 45
0.5 0 66 49
0.5 480 66 0
0.5 0 60 0
0.5 0 59 43
0.5 0 64 46
0.5 240 64 0
0.5 0 59 0
0.5 240 58 45
0.5 0 64 49
0.5 240 64 0
0.5 0 58 0
0.5 240 58 47
0.5 0 62 52
0.5 240 62 0
0.5 0 58 0
0.5 240 58 45
0.5 0 61 50
0.5 240 61 0
0.5 0 58 0
0.5 0 59 47
0.5 240 59 0
0.5 720 62 47
0.5 0 71 47
0.5 0 74 47
0.5 120 74 0
0.5 0 71 0
0.5 0 62 0
0.5 120 64 49
0.5 0 71 49
0.5 0 74 49
0.5 120 74 0
0.5 0 71 0
0.5 0 64 0
0.5 120 65 46
0.5 0 71 46
0.5 0 74 46
0.5 120 74 0
0.5 0 71 0
0.5 0 65 0
0.5 840 56 45
0.5 0 59 45
0.5 0 66 45
0.5 120 66 0
0.5 0 59 0
0.5 0 56 0
0.5 120 58 46
0.5 0 61 46
0.5 0 64 46
0.5 120 64 0
0.5 0 61 0
0.5 0 58 0
0.5 120 59 46
0.5 0 62 46
0.5 120 62 0
0.5 0 59 0
0.5 840 62 47
0.5 0 71 47
0.5 0 74 47
0.5 120 74 0
0.5 0 71 0
0.5 0 62 0
0.5 120 64 49
0.5 0 71 49
0.5 0 74 49
0.5 120 74 0
0.5 0 71 0
0.5 0 64 0
0.5 120 65 45
0.5 0 71 45
0.5 0 74 45
0.5 120 74 0
0.5 0 71 0
0.5 0 65 0
0.5 840 56 47
0.5 0 59 47
0.5 0 66 47
0.5 120 66 0
0.5 0 59 0
0.5 0 56 0
0.5 120 58 46
0.5 0 61 46
0.5 0 64 46
0.5 120 64 0
0.5 0 61 0
0.5 0 58 0
0.5 120 59 46
0.5 0 62 46
0.5 120 62 0
0.5 0 59 0
0.5 840 57 47
0.5 0 64 47
0.5 0 69 47
0.5 120 69 0
0.5 0 64 0
0.5 0 57 0
0.5 120 57 46
0.5 0 64 46
0.5 0 67 46
0.5 120 67 0
0.5 0 64 0
0.5 0 57 0
0.5 120 57 47
0.5 0 62 47
0.5 0 66 47
0.5 120 66 0
0.5 0 62 0
0.5 0 57 0
0.5 840 61 55
0.5 0 68 55
0.5 0 73 55
0.5 120 73 0
0.5 0 68 0
0.5 0 61 0
0.5 120 61 55
0.5 0 68 55
0.5 0 71 55
0.5 120 71 0
0.5 0 68 0
0.5 0 61 0
0.5 120 61 55
0.5 0 66 55
0.5 0 70 55
0.5 120 70 0
0.5 0 66 0
0.5 0 61 0
0.5 120 73 66
0.5 0 78 66
0.5 240 78 0
0.5 0 76 66
0.5 240 76 0
0.5 0 73 0
0.5 0 71 64
0.5 0 74 64
0.5 240 74 0
0.5 0 71 0
0.5 0 73 72
0.5 0 78 72
0.5 240 78 0
0.5 0 76 69
0.5 240 76 0
0.5 0 73 0
0.5 0 71 70
0.5 0 74 70
0.5 240 74 0
0.5 0 71 0
0.5 0 73 77
0.5 0 78 77
0.5 240 78 0
0.5 0 76 78
0.5 240 76 0
0.5 0 73 0
0.5 0 71 80
0.5 0 74 80
0.5 240 74 0
0.5 0 71 0
0.5 0 78 82
0.5 0 73 82
0.5 120 73 0
0.5 0 78 0
0.5 120 71 78
0.5 0 74 78
0.5 120 74 0
0.5 0 71 0
0.5 120 67 74
0.5 0 71 74
0.5 0 76 88
0.5 0 79 88
0.5 720 79 0
0.5 0 67 0
0.5 0 71 0
0.5 0 76 0
0.5 480 64 64
0.5 120 64 0
0.5 0 67 63
0.5 120 67 0
0.5 0 76 61
0.5 120 76 0
0.5 0 73 60
0.5 120 73 0
0.5 0 71 59
0.5 120 71 0
0.5 0 67 58
0.5 120 67 0
0.5 0 64 56
0.5 120 64 0
0.5 480 49 58
0.5 120 49 0
0.5 0 47 58
0.5 120 47 0
0.5 0 43 58
0.5 120 43 0
0.5 480 55 56
0.5 0 59 56
0.5 0 64 56
0.5 120 64 0
0.5 0 59 0
0.5 0 55 0
0.5 600 67 63
0.5 120 67 0
0.5 0 71 63
0.5 120 71 0
0.5 0 79 61
0.5 120 79 0
0.5 0 76 60
0.5 120 76 0
0.5 0 73 59
0.5 120 73 0
0.5 0 71 58
0.5 120 71 0
0.5 0 67 57
0.5 120 67 0
0.5 480 52 58
0.5 120 52 0
0.5 0 49 58
0.5 120 49 0
0.5 0 47 58
0.5 120 47 0
0.5 480 71 62
0.5 0 59 62
0.5 0 64 62
0.5 0 67 62
0.5 120 67 0
0.5 0 71 0
0.5 0 59 0
0.5 0 64 0
0.5 600 59 71
0.5 120 59 0
0.5 0 62 73
0.5 120 62 0
0.5 0 66 75
0.5 120 66 0
0.5 0 71 78
0.5 120 71 0
0.5 0 62 79
0.5 0 74 79
0.5 120 74 0
0.5 0 62 0
0.5 0 66 81
0.5 0 78 81
0.5 120 78 0
0.5 0 66 0
0.5 0 71 84
0.5 0 83 84
0.5 120 83 0
0.5 0 71 0
0.5 0 74 86
0.5 0 86 86
0.5 120 86 0
0.5 0 74 0
0.5 0 90 90
0.5 0 78 81
0.5 240 78 0
0.5 0 90 0
0.5 0 64 72
0.5 0 76 80
0.5 0 79 85
0.5 0 91 95
0.5 120 91 0
0.5 0 64 0
0.5 0 76 0
0.5 0 79 0
0.5 120 61 68
0.5 0 73 76
0.5 0 76 81
0.5 0 88 90
0.5 120 88 0
0.5 0 61 0
0.5 0 73 0
0.5 0 76 0
0.5 120 62 72
0.5 0 74 80
0.5 0 90 95
0.5 0 78 85
0.5 120 78 0
0.5 0 62 0
0.5 0 74 0
0.5 0 90 0
0.5 120 59 68
0.5 0 71 76
0.5 0 74 81
0.5 0 86 90
0.5 120 86 0
0.5 0 59 0
0.5 0 71 0
0.5 0 74 0
0.5 120 61 80
0.5 0 73 80
0.5 0 88 95
0.5 0 76 85
0.5 120 76 0
0.5 0 61 0
0.5 0 73 0
0.5 0 88 0
0.5 120 58 68
0.5 0 70 76
0.5 0 73 81
0.5 0 85 90
0.5 120 85 0
0.5 0 58 0
0.5 0 70 0
0.5 0 73 0
0.5 120 59 71
0.5 0 71 79
0.5 0 86 94
0.5 0 74 84
0.5 120 74 0
0.5 0 59 0
0.5 0 71 0
0.5 0 86 0
0.5 120 54 65
0.5 0 66 73
0.5 0 70 77
0.5 0 82 86
0.5 120 82 0
0.5 0 54 0
0.5 0 66 0
0.5 0 70 0
0.5 120 71 82
0.5 0 83 92
0.5 120 83 0
0.5 0 71 0
0.5 120 78 85
0.5 0 66 76
0.5 120 66 0
0.5 0 78 0
0.5 120 67 81
0.5 0 79 90
0.5 120 79 0
0.5 0 67 0
0.5 120 64 75
0.5 0 76 84
0.5 120 76 0
0.5 0 64 0
0.5 120 66 81
0.5 0 78 91
0.5 120 78 0
0.5 0 66 0
0.5 120 62 74
0.5 0 74 83
0.5 120 74 0
0.5 0 62 0
0.5 120 64 81
0.5 0 76 90
0.5 120 76 0
0.5 0 64 0
0.5 120 61 73
0.5 0 73 82
0.5 120 73 0
0.5 0 61 0
0.5 120 62 81
0.5 0 74 90
0.5 120 74 0
0.5 0 62 0
0.5 120 58 75
0.5 0 70 84
0.5 120 70 0
0.5 0 58 0
0.5 120 59 81
0.5 0 71 91
0.5 120 71 0
0.5 0 59 0
0.5 120 54 73
0.5 0 66 82
0.5 120 66 0
0.5 0 54 0
0.5 120 55 80
0.5 0 67 89
0.5 480 67 0
0.5 0 55 0
0.5 0 61 72
0.5 0 64 72
0.5 0 70 80
0.5 240 70 0
0.5 0 64 0
0.5 0 61 0
0.5 0 62 77
0.5 0 66 77
0.5 0 71 86
0.5 240 71 0
0.5 0 66 0
0.5 0 62 0
0.5 720 61 56
0.5 0 73 56
0.5 0 74 56
0.5 120 74 0
0.5 0 73 0
0.5 0 61 0
0.5 120 62 53
0.5 0 73 53
0.5 0 74 53
0.5 120 74 0
0.5 0 73 0
0.5 0 62 0
0.5 120 64 52
0.5 0 73 52
0.5 0 74 52
0.5 120 74 0
0.5 0 73 0
0.5 0 64 0
0.5 840 56 53
0.5 0 59 53
0.5 0 66 53
0.5 120 66 0
0.5 0 59 0
0.5 0 56 0
0.5 120 58 52
0.5 0 61 52
0.5 0 66 52
0.5 120 66 0
0.5 0 61 0
0.5 0 58 0
0.5 120 66 52
0.5 0 59 52
0.5 0 62 52
0.5 120 62 0
0.5 0 59 0
0.5 0 66 0
0.5 840 61 54
0.5 0 73 54
0.5 0 74 54
0.5 120 74 0
0.5 0 73 0
0.5 0 61 0
0.5 120 62 55
0.5 0 73 55
0.5 0 74 55
0.5 120 74 0
0.5 0 73 0
0.5 0 62 0
0.5 120 64 51
0.5 0 73 51
0.5 0 74 51
0.5 120 74 0
0.5 0 73 0
0.5 0 64 0
0.5 840 56 55
0.5 0 59 55
0.5 0 66 55
0.5 120 66 0
0.5 0 59 0
0.5 0 56 0
0.5 120 58 55
0.5 0 61 55
0.5 0 66 55
0.5 120 66 0
0.5 0 61 0
0.5 0 58 0
0.5 120 59 52
0.5 0 62 52
0.5 0 66 52
0.5 120 66 0
0.5 0 62 0
0.5 0 59 0
0.5 120 62 60
0.5 0 66 60
0.5 0 71 66
0.5 120 71 0
0.5 0 66 0
0.5 0 62 0
0.5 120 62 57
0.5 0 66 57
0.5 0 70 62
0.5 120 70 0
0.5 0 66 0
0.5 0 62 0
0.5 120 62 60
0.5 0 66 60
0.5 0 71 66
0.5 120 71 0
0.5 0 66 0
0.5 0 62 0
0.5 120 66 61
0.5 0 71 61
0.5 0 74 67
0.5 120 74 0
0.5 0 71 0
0.5 0 66 0
0.5 120 66 58
0.5 0 71 58
0.5 0 73 63
0.5 120 73 0
0.5 0 71 0
0.5 0 66 0
0.5 120 66 63
0.5 0 71 63
0.5 0 74 69
0.5 120 74 0
0.5 0 71 0
0.5 0 66 0
0.5 120 71 63
0.5 0 74 63
0.5 0 78 69
0.5 120 78 0
0.5 0 74 0
0.5 0 71 0
0.5 120 71 61
0.5 0 74 61
0.5 0 77 67
0.5 120 77 0
0.5 0 74 0
0.5 0 71 0
0.5 120 71 66
0.5 0 74 66
0.5 0 78 72
0.5 120 78 0
0.5 0 74 0
0.5 0 71 0
0.5 120 74 67
0.5 0 78 67
0.5 0 83 73
0.5 120 83 0
0.5 0 78 0
0.5 0 74 0
0.5 120 74 63
0.5 0 78 63
0.5 0 82 69
0.5 120 82 0
0.5 0 78 0
0.5 0 74 0
0.5 120 74 68
0.5 0 78 68
0.5 0 83 74
0.5 120 83 0
0.5 0 78 0
0.5 0 74 0
0.5 120 78 69
0.5 0 83 69
0.5 0 86 75
0.5 120 86 0
0.5 0 83 0
0.5 0 78 0
0.5 120 78 63
0.5 0 83 63
0.5 0 85 69
0.5 120 85 0
0.5 0 83 0
0.5 0 78 0
0.5 120 78 70
0.5 0 83 70
0.5 0 86 77
0.5 120 86 0
0.5 0 83 0
0.5 0 78 0
0.5 120 83 71
0.5 0 86 71
0.5 0 90 78
0.5 120 90 0
0.5 0 86 0
0.5 0 83 0
0.5 120 83 66
0.5 0 86 66
0.5 0 89 72
0.5 120 89 0
0.5 0 86 0
0.5 0 83 0
0.5 120 83 73
0.5 0 86 73
0.5 0 90 80
0.5 120 90 0
0.5 0 86 0
0.5 0 83 0
0.5 120 86 73
0.5 0 90 73
0.5 0 95 80
0.5 120 95 0
0.5 0 90 0
0.5 0 86 0
0.5 120 86 70
0.5 0 90 70
0.5 0 94 76
0.5 120 94 0
0.5 0 90 0
0.5 0 86 0
0.5 120 86 78
0.5 0 90 78
0.5 0 95 86
0.5 120 95 0
0.5 0 90 0
0.5 0 86 0
0.5 120 86 82
0.5 0 90 82
0.5 0 95 90
0.5 120 95 0
0.5 0 90 0
0.5 0 86 0
0.5 120 86 77
0.5 0 90 77
0.5 0 94 85
0.5 120 94 0
0.5 0 90 0
0.5 0 86 0
0.5 120 86 85
0.5 0 90 85
0.5 0 95 93
0.5 120 95 0
0.5 0 90 0
0.5 0 86 0
0.5 600 74 81
0.5 0 78 81
0.5 0 83 89
0.5 120 83 0
0.5 0 78 0
0.5 0 74 0
0.5 600 62 81
0.5 0 66 81
0.5 0 71 89
0.5 120 71 0
0.5 0 66 0
0.5 0 62 0
0.5 1320 62 81
0.5 0 66 81
0.5 0 71 89
0.5 120 71 0
0.5 0 66 0
0.5 0 62 0
0.5 600 71 80
0.5 0 74 80
0.5 0 78 89
0.5 0 83 89
0.5 120 83 0
0.5 0 71 0
0.5 0 74 0
0.5 0 78 0
0.5 600 59 94
0.5 1440 59 0
1 0 0 0
0 0 7 100
0 0 10 64
0 0 64 0
0.5 960 62 45
0 0 64 127
0.5 240 62 0
0.5 0 61 43
0.5 240 61 0
0.5 0 62 45
0 20 64 0
0 57 64 127
0.5 163 47 38
0.5 240 47 0
0.5 0 62 0
0.5 0 61 43
0 15 64 0
0.5 225 61 0
0.5 0 47 37
0.5 240 47 0
0.5 0 59 44
0 103 64 127
0.5 137 59 0
0.5 0 58 42
0.5 240 58 0
0.5 0 59 45
0 16 64 0
0 75 64 127
0.5 149 47 39
0.5 240 47 0
0.5 0 59 0
0.5 0 58 44
0 11 64 0
0.5 229 58 0
0.5 0 47 38
0.5 240 47 0
0.5 0 57 44
0 80 64 127
0.5 160 57 0
0.5 0 56 41
0.5 240 56 0
0.5 0 57 45
0 10 64 0
0 104 64 127
0.5 126 47 38
0.5 240 47 0
0.5 0 57 0
0.5 0 56 44
0 11 64 0
0.5 229 56 0
0.5 0 47 35
0.5 240 47 0
0.5 0 55 45
0 23 64 127
0.5 217 55 0
0.5 0 47 43
0.5 240 47 0
0.5 0 54 49
0 10 64 0
0 104 64 127
0.5 126 54 0
0.5 0 47 50
0.5 240 47 0
0.5 0 52 47
0 17 64 0
0.5 223 52 0
0.5 0 47 44
0.5 0 50 44
0.5 240 50 0
0.5 0 47 0
0.5 0 53 52
0.5 120 53 0
0.5 120 54 54
0.5 120 54 0
0.5 120 55 59
0 69 64 127
0.5 651 55 0
0.5 0 43 49
0 17 64 0
0.5 223 43 0
0.5 0 45 51
0.5 120 45 0
0.5 120 43 49
0.5 120 43 0
0.5 120 42 51
0 74 64 127
0.5 646 42 0
0.5 0 47 48
0 16 64 0
0.5 224 47 0
0.5 0 53 51
0.5 120 53 0
0.5 120 54 54
0.5 120 54 0
0.5 120 55 58
0 86 64 127
0.5 634 55 0
0.5 0 43 49
0 9 64 0
0.5 231 43 0
0.5 0 45 51
0.5 120 45 0
0.5 120 43 49
0.5 120 43 0
0.5 120 42 49
0 97 64 127
0.5 623 42 0
0.5 0 47 49
0 11 64 0
0.5 109 47 0
0.5 120 62 45
0 126 64 127
0.5 114 62 0
0.5 0 61 43
0.5 240 61 0
0.5 0 62 45
0 15 64 0
0 69 64 127
0.5 156 47 41
0.5 240 47 0
0.5 0 62 0
0.5 0 61 43
0 5 64 0
0.5 235 61 0
0.5 0 47 37
0.5 240 47 0
0.5 0 59 44
0 103 64 127
0.5 137 59 0
0.5 0 58 42
0.5 240 58 0
0.5 0 59 45
0 17 64 0
0 74 64 127
0.5 149 47 40
0.5 240 47 0
0.5 0 59 0
0.5 0 58 44
0 14 64 0
0.5 226 58 0
0.5 0 47 36
0.5 240 47 0
0.5 0 57 44
0 80 64 127
0.5 160 57 0
0.5 0 56 41
0.5 240 56 0
0.5 0 57 45
0 12 64 0
0 102 64 127
0.5 126 47 42
0.5 240 47 0
0.5 0 57 0
0.5 0 56 44
0 14 64 0
0.5 226 56 0
0.5 0 47 38
0.5 240 47 0
0.5 0 55 45
0 23 64 127
0.5 217 55 0
0.5 0 47 43
0.5 240 47 0
0.5 0 54 49
0 14 64 0
0 100 64 127
0.5 126 54 0
0.5 0 47 50
0.5 240 47 0
0.5 0 52 47
0.5 240 52 0
0.5 0 50 44
0.5 0 47 44
0 4 64 0
0.5 236 47 0
0.5 0 50 0
0.5 0 53 52
0.5 120 53 0
0.5 120 54 54
0.5 120 54 0
0.5 120 55 59
0 97 64 127
0.5 623 55 0
0.5 0 43 49
0 16 64 0
0.5 224 43 0
0.5 0 45 51
0.5 120 45 0
0.5 120 43 49
0.5 120 43 0
0.5 120 42 51
0 74 64 127
0.5 646 42 0
0.5 0 47 48
0 10 64 0
0.5 230 47 0
0.5 0 53 51
0.5 120 53 0
0.5 120 54 54
0.5 120 54 0
0.5 120 55 60
0 106 64 127
0 623 64 0
0.5 231 55 0
0.5 0 56 66
0 304 64 127
0.5 176 56 0
0.5 0 61 66
0 257 64 0
0 107 64 127
0.5 116 61 0
0.5 0 68 68
0.5 240 68 0
0.5 0 66 61
0 17 64 0
0.5 163 66 0
0.5 60 74 45
0 149 64 127
0.5 91 74 0
0.5 0 73 43
0.5 240 73 0
0.5 0 74 45
0 14 64 0
0 80 64 127
0.5 146 66 36
0.5 240 66 0
0.5 0 74 0
0.5 0 73 43
0 15 64 0
0.5 225 73 0
0.5 0 66 33
0.5 240 71 44
0 103 64 127
0.5 137 71 0
0.5 0 70 42
0.5 240 70 0
0.5 0 71 45
0 14 64 0
0 77 64 127
0.5 149 66 0
0.5 0 66 39
0.5 240 66 0
0.5 0 71 0
0.5 0 70 44
0 11 64 0
0.5 229 70 0
0.5 0 66 37
0.5 240 66 0
0.5 0 69 60
0.5 0 64 60
0 80 64 127
0.5 640 64 0
0.5 0 69 0
0.5 0 64 53
0.5 0 57 53
0 10 64 0
0 93 64 127
0.5 617 57 0
0.5 0 64 0
0.5 0 57 53
0.5 0 54 53
0 18 64 0
0 153 64 127
0 309 64 0
0.5 240 54 0
0.5 0 57 0
0.5 0 48 53
0.5 120 48 0
0 114 64 127
0.5 6 47 46
0.5 120 47 0
0.5 120 52 53
0 15 64 0
0.5 105 52 0
0.5 120 79 50
0 109 64 127
0.5 131 79 0
0.5 0 78 48
0.5 240 78 0
0.5 0 79 50
0 12 64 0
0 74 64 127
0.5 154 71 46
0.5 240 71 0
0.5 0 79 0
0.5 0 78 48
0 18 64 0
0.5 222 78 0
0.5 0 71 43
0.5 240 76 49
0 103 64 127
0.5 137 76 0
0.5 0 75 47
0.5 240 75 0
0.5 0 76 50
0 14 64 0
0 77 64 127
0.5 149 71 0
0.5 0 71 44
0.5 240 71 0
0.5 0 76 0
0.5 0 75 49
0 11 64 0
0.5 229 75 0
0.5 0 71 38
0.5 240 71 0
0.5 0 69 60
0.5 0 74 60
0 80 64 127
0.5 640 74 0
0.5 0 69 0
0.5 0 62 53
0.5 0 69 53
0 23 64 0
0 80 64 127
0.5 617 69 0
0.5 0 62 0
0.5 0 59 53
0.5 0 62 53
0 10 64 0
0 161 64 127
0 309 64 0
0.5 240 62 0
0.5 0 59 0
0.5 0 53 53
0.5 120 53 0
0 114 64 127
0.5 6 52 40
0.5 120 52 0
0.5 120 45 47
0 17 64 0
0.5 103 45 0
0.5 120 53 37
0 63 64 127
0.5 57 53 0
0.5 120 52 37
0.5 120 52 0
0.5 120 45 43
0 9 64 0
0 82 64 127
0.5 29 45 0
0.5 120 53 37
0.5 120 53 0
0.5 120 52 37
0.5 120 52 0
0.5 120 45 43
0 10 64 0
0.5 110 45 0
0.5 120 53 37
0 80 64 127
0.5 40 53 0
0.5 120 52 37
0.5 120 52 0
0.5 120 45 43
0 11 64 0
0 6 64 0
0 92 64 127
0.5 11 45 0
0.5 120 53 38
0 7 64 0
0.5 113 53 0
0.5 120 52 38
0.5 120 52 0
0.5 120 45 45
0.5 120 45 0
0.5 120 57 39
0 74 64 127
0.5 46 57 0
0.5 120 56 39
0.5 120 56 0
0.5 120 48 48
0 0 64 0
0 34 64 127
0.5 86 48 0
0.5 120 57 44
0.5 120 57 0
0.5 120 56 44
0.5 120 56 0
0.5 120 48 47
0 11 64 0
0.5 109 48 0
0.5 120 57 44
0 46 64 127
0.5 74 57 0
0.5 120 56 44
0.5 120 56 0
0.5 120 48 47
0 7 64 0
0 79 64 127
0.5 34 48 0
0.5 120 57 43
0.5 120 57 0
0.5 120 56 43
0.5 120 56 0
0.5 120 48 49
0 17 64 0
0.5 103 48 0
0.5 120 60 44
0 51 64 127
0.5 69 60 0
0.5 120 59 44
0.5 120 59 0
0.5 120 52 48
0 8 64 0
0.5 112 52 0
0 0 64 127
0.5 120 60 43
0.5 120 60 0
0.5 120 59 43
0 6 64 0
0.5 114 59 0
0.5 120 52 49
0.5 120 52 0
0.5 120 64 44
0 69 64 127
0.5 51 64 0
0.5 120 63 44
0.5 120 63 0
0.5 120 55 51
0 7 64 0
0 84 64 127
0.5 29 55 0
0.5 120 64 46
0.5 120 64 0
0.5 120 63 47
0.5 120 63 0
0.5 120 55 51
0 5 64 0
0.5 115 55 0
0.5 120 67 46
0.5 120 67 0
0 6 64 127
0.5 114 66 46
0.5 120 66 0
0.5 120 59 54
0 8 64 0
0 89 64 127
0.5 23 59 0
0.5 120 67 49
0.5 120 67 0
0.5 120 66 51
0 6 64 0
0.5 114 66 0
0.5 120 59 57
0.5 120 59 0
0.5 120 71 53
0 69 64 127
0.5 51 71 0
0.5 120 70 51
0.5 120 70 0
0.5 120 62 62
0 8 64 0
0 72 64 127
0.5 40 62 0
0.5 120 71 52
0.5 120 71 0
0.5 120 70 61
0.5 120 70 0
0.5 120 62 49
0 8 64 0
0.5 112 62 0
0.5 120 70 62
0 46 64 127
0.5 194 70 0
0.5 0 62 48
0.5 240 62 0
0.5 0 70 61
0.5 240 70 0
0.5 0 62 48
0.5 240 62 0
0.5 0 70 61
0.5 240 70 0
0.5 0 62 48
0.5 240 62 0
0.5 0 70 61
0 19 64 0
0 130 64 127
0.5 91 70 0
0.5 0 61 48
0.5 240 61 0
0.5 0 70 58
0.5 240 70 0
0.5 0 61 46
0.5 240 61 0
0.5 0 70 57
0.5 240 70 0
0.5 0 61 46
0.5 240 61 0
0.5 0 61 57
0 17 64 0
0 75 64 127
0.5 148 61 0
0.5 0 54 46
0.5 240 54 0
0.5 0 61 56
0.5 240 61 0
0.5 0 54 42
0.5 240 54 0
0.5 0 61 57
0.5 240 61 0
0.5 0 54 44
0.5 240 54 0
0.5 0 49 50
0 19 64 0
0 133 64 127
0.5 88 49 0
0.5 0 42 40
0.5 240 42 0
0.5 0 49 50
0.5 240 49 0
0.5 0 42 41
0.5 240 42 0
0.5 0 49 49
0.5 240 49 0
0.5 0 42 41
0 9 64 0
0.5 171 42 0
0.5 60 62 45
0 69 64 127
0.5 171 62 0
0.5 0 61 43
0.5 240 61 0
0.5 0 62 45
0 14 64 0
0 68 64 127
0.5 158 47 40
0.5 240 47 0
0.5 0 62 0
0.5 0 61 43
0 11 64 0
0.5 229 61 0
0.5 0 47 36
0.5 240 47 0
0.5 0 59 44
0 103 64 127
0.5 137 59 0
0.5 0 58 42
0.5 240 58 0
0.5 0 59 45
0 13 64 0
0 78 64 127
0.5 149 47 39
0.5 240 47 0
0.5 0 59 0
0.5 0 58 44
0 15 64 0
0.5 225 58 0
0.5 0 47 36
0.5 240 47 0
0.5 0 57 44
0 80 64 127
0.5 160 57 0
0.5 0 56 41
0.5 240 56 0
0.5 0 57 45
0 16 64 0
0 98 64 127
0.5 126 47 40
0.5 240 47 0
0.5 0 57 0
0.5 0 56 44
0 16 64 0
0.5 224 56 0
0.5 0 47 37
0.5 240 47 0
0.5 0 55 45
0 23 64 127
0.5 217 55 0
0.5 0 47 43
0.5 240 47 0
0.5 0 54 49
0 9 64 0
0 105 64 127
0.5 126 54 0
0.5 0 47 50
0.5 240 47 0
0.5 0 52 47
0.5 240 52 0
0.5 0 47 44
0.5 0 50 44
0 3 64 0
0.5 237 50 0
0.5 0 47 0
0.5 0 53 52
0.5 120 53 0
0.5 120 54 54
0.5 120 54 0
0.5 120 55 59
0 63 64 127
0.5 657 55 0
0.5 0 43 49
0 18 64 0
0.5 222 43 0
0.5 0 45 51
0.5 120 45 0
0.5 120 43 49
0.5 120 43 0
0.5 120 42 51
0 63 64 127
0.5 657 42 0
0.5 0 47 48
0 17 64 0
0.5 223 47 0
0.5 0 53 51
0.5 120 53 0
0.5 120 54 54
0.5 120 54 0
0.5 120 55 58
0 34 64 127
0.5 686 55 0
0.5 0 43 49
0 11 64 0
0.5 229 43 0
0.5 0 45 54
0.5 120 45 0
0.5 120 43 51
0.5 120 43 0
0.5 120 42 52
0 40 64 127
0.5 680 42 0
0.5 0 47 49
0 15 64 0
0.5 225 47 0
0.5 0 52 55
0.5 120 52 0
0.5 120 50 52
0.5 120 50 0
0.5 120 49 51
0 40 64 127
0.5 680 49 0
0.5 0 50 50
0 14 64 0
0.5 226 50 0
0.5 0 56 58
0.5 120 56 0
0.5 120 54 56
0.5 120 54 0
0.5 120 53 55
0 40 64 127
0.5 680 53 0
0.5 0 54 52
0 17 64 0
0 217 64 127
0.5 6 54 0
0.5 0 66 56
0.5 0 58 56
0.5 480 58 0
0.5 0 56 60
0.5 240 56 0
0.5 0 66 0
0.5 0 66 60
0.5 0 58 60
0 16 64 0
0 98 64 127
0.5 366 58 0
0.5 0 56 65
0.5 240 56 0
0.5 0 66 0
0.5 0 66 65
0.5 0 58 65
0 19 64 0
0 118 64 127
0.5 343 58 0
0.5 0 56 71
0.5 240 56 0
0.5 0 66 0
0 0 64 0
0.5 0 58 72
0.5 0 66 72
0.5 120 66 0
0.5 0 58 0
0.5 120 66 69
0.5 0 59 69
0.5 120 59 0
0.5 0 66 0
0.5 120 59 63
0.5 0 52 63
0.5 0 64 75
0 97 64 127
0.5 623 64 0
0.5 0 52 0
0.5 0 59 0
0 0 64 0
0.5 0 52 54
0 120 64 127
0.5 0 55 56
0.5 120 55 0
0.5 0 59 57
0.5 120 59 0
0.5 0 61 59
0.5 120 61 0
0.5 0 52 0
0.5 840 61 57
0.5 120 61 0
0.5 0 59 57
0 13 64 0
0 51 64 127
0.5 56 59 0
0.5 0 55 56
0.5 120 55 0
0.5 0 52 56
0.5 120 52 0
0.5 360 40 57
0.5 240 40 0
0.5 0 49 57
0.5 240 49 0
0 7 64 0
0.5 233 52 53
0 42 64 127
0.5 78 52 0
0.5 0 59 55
0.5 120 59 0
0.5 0 61 56
0.5 120 61 0
0.5 0 64 58
0.5 120 64 0
0.5 840 64 58
0.5 120 64 0
0.5 0 61 57
0 3 64 0
0 103 64 127
0.5 14 61 0
0.5 0 59 56
0.5 120 59 0
0.5 0 55 56
0.5 120 55 0
0.5 360 43 60
0.5 240 43 0
0.5 0 49 57
0.5 240 49 0
0 5 64 0
0 235 64 127
0.5 0 42 63
0.5 120 42 0
0.5 0 47 65
0.5 120 47 0
0.5 0 50 68
0.5 120 50 0
0.5 0 54 70
0.5 120 54 0
0.5 240 54 75
0.5 120 54 0
0.5 0 59 77
0.5 120 59 0
0 487 64 0
0.5 2153 55 70
0.5 0 67 78
0.5 120 67 0
0.5 0 55 0
0.5 120 62 72
0.5 0 50 64
0.5 120 50 0
0.5 0 62 0
0.5 120 64 76
0.5 0 52 68
0.5 120 52 0
0.5 0 64 0
0.5 120 49 63
0.5 0 61 71
0.5 120 61 0
0.5 0 49 0
0.5 120 50 69
0.5 0 62 77
0.5 120 62 0
0.5 0 50 0
0.5 120 59 70
0.5 0 47 63
0.5 120 47 0
0.5 0 59 0
0.5 120 49 68
0.5 0 61 76
0.5 120 61 0
0.5 0 49 0
0.5 120 58 69
0.5 0 46 62
0.5 120 46 0
0.5 0 58 0
0.5 120 59 68
0.5 0 47 68
0.5 120 47 0
0.5 0 59 0
0.5 120 54 71
0.5 0 42 63
0.5 120 42 0
0.5 0 54 0
0.5 120 43 69
0.5 0 55 77
0.5 120 55 0
0.5 0 43 0
0.5 120 38 62
0.5 0 50 62
0.5 120 50 0
0.5 0 38 0
0.5 120 40 67
0.5 0 52 75
0 126 64 127
0.5 354 52 0
0.5 0 40 0
0.5 0 42 61
0.5 0 54 68
0 17 64 0
0 80 64 127
0.5 143 54 0
0.5 0 42 0
0.5 0 47 68
0 13 64 0
0.5 227 47 0
0.5 0 52 58
0.5 120 52 0
0.5 120 54 60
0.5 120 54 0
0.5 120 55 66
0 63 64 127
0 674 64 0
0.5 223 55 0
0.5 0 45 57
0.5 120 45 0
0.5 120 43 55
0.5 120 43 0
0.5 120 42 57
0 63 64 127
0.5 657 42 0
0.5 0 47 54
0 19 64 0
0.5 221 47 0
0.5 0 52 57
0.5 120 52 0
0.5 120 54 60
0.5 120 54 0
0.5 120 55 65
0 34 64 127
0 707 64 0
0.5 219 55 0
0.5 0 45 61
0.5 120 45 0
0.5 120 43 57
0.5 120 43 0
0.5 120 42 58
0 69 64 127
0.5 651 42 0
0.5 0 47 58
0 0 64 0
0.5 120 47 0
0.5 120 54 49
0.5 0 50 49
0.5 0 59 55
0 69 64 127
0.5 51 59 0
0.5 0 50 0
0.5 0 54 0
0.5 120 50 45
0.5 0 58 50
0.5 0 54 45
0.5 120 54 0
0.5 0 58 0
0.5 0 50 0
0.5 120 54 48
0.5 0 59 54
0.5 0 50 48
0.5 120 50 0
0.5 0 59 0
0.5 0 54 0
0.5 120 54 50
0.5 0 62 56
0.5 0 59 50
0 3 64 0
0.5 117 59 0
0.5 0 62 0
0.5 0 54 0
0 0 64 127
0.5 120 59 48
0.5 0 54 48
0.5 0 61 54
0.5 120 61 0
0.5 0 54 0
0.5 0 59 0
0.5 120 59 52
0.5 0 54 52
0.5 0 62 58
0.5 120 62 0
0.5 0 54 0
0.5 0 59 0
0.5 120 62 48
0.5 0 59 48
0.5 0 66 54
0 3 64 0
0 55 64 127
0.5 62 66 0
0.5 0 59 0
0.5 0 62 0
0.5 120 65 59
0.5 0 59 53
0.5 0 62 53
0.5 120 62 0
0.5 0 59 0
0.5 0 65 0
0.5 120 62 54
0.5 0 66 60
0.5 0 59 54
0.5 120 59 0
0.5 0 66 0
0.5 0 62 0
0.5 120 66 51
0.5 0 71 57
0.5 0 62 51
0 1 64 0
0 102 64 127
0.5 17 62 0
0.5 0 71 0
0.5 0 66 0
0.5 120 62 55
0.5 0 70 62
0.5 0 66 55
0.5 120 66 0
0.5 0 70 0
0.5 0 62 0
0.5 120 62 55
0.5 0 71 62
0.5 0 66 55
0.5 120 66 0
0.5 0 71 0
0.5 0 62 0
0.5 120 71 55
0.5 0 66 55
0.5 0 74 62
0 2 64 0
0 64 64 127
0.5 54 74 0
0.5 0 66 0
0.5 0 71 0
0.5 120 71 52
0.5 0 73 58
0.5 0 66 52
0.5 120 66 0
0.5 0 73 0
0.5 0 71 0
0.5 120 71 57
0.5 0 66 57
0.5 0 74 64
0.5 120 74 0
0.5 0 66 0
0.5 0 71 0
0.5 120 71 58
0.5 0 78 65
0.5 0 74 58
0 2 64 0
0 68 64 127
0.5 50 74 0
0.5 0 78 0
0.5 0 71 0
0.5 120 74 56
0.5 0 71 56
0.5 0 77 63
0.5 120 77 0
0.5 0 71 0
0.5 0 74 0
0.5 120 71 60
0.5 0 78 67
0.5 0 74 60
0.5 120 74 0
0.5 0 78 0
0.5 0 71 0
0 120 64 0
0.5 0 74 60
0.5 0 71 60
0.5 0 83 67
0.5 0 78 67
0 91 64 127
0.5 29 78 0
0.5 0 74 0
0.5 0 71 0
0.5 0 83 0
0.5 120 74 57
0.5 0 71 57
0.5 0 82 64
0.5 0 78 64
0.5 120 78 0
0.5 0 74 0
0.5 0 71 0
0.5 0 82 0
0.5 120 71 65
0.5 0 78 72
0.5 0 74 65
0.5 0 83 72
0.5 120 83 0
0.5 0 71 0
0.5 0 78 0
0.5 0 74 0
0.5 120 71 65
0.5 0 78 73
0.5 0 74 65
0.5 0 83 73
0 6 64 0
0 85 64 127
0.5 29 83 0
0.5 0 71 0
0.5 0 78 0
0.5 0 74 0
0.5 120 71 63
0.5 0 78 71
0.5 0 74 63
0.5 0 82 71
0.5 120 82 0
0.5 0 71 0
0.5 0 78 0
0.5 0 74 0
0.5 120 74 69
0.5 0 71 69
0.5 0 83 78
0.5 0 78 78
0.5 120 78 0
0.5 0 74 0
0.5 0 71 0
0.5 0 83 0
0.5 600 66 66
0.5 0 71 74
0.5 0 59 66
0 9 64 0
0.5 111 59 0
0.5 0 71 0
0.5 0 66 0
0 7 64 127
0.5 593 54 66
0.5 0 59 74
0.5 0 47 66
0.5 120 47 0
0.5 0 59 0
0.5 0 54 0
0.5 600 42 66
0.5 0 35 66
0.5 0 50 74
0.5 0 54 74
0.5 0 59 81
0.5 0 47 74
0.5 120 47 0
0.5 0 35 0
0.5 0 50 0
0.5 0 42 0
0.5 0 59 0
0.5 0 54 0
0 381 64 0
0.5 219 57 36
0.5 0 50 36
0 213 64 127
0 1239 64 0
0 228 64 127
0.5 1200 50 0
0.5 0 57 0
0 0 64 0
0.5 0 49 36
0.5 0 57 36
0 240 64 127
0.5 1200 49 0
0.5 0 48 36
0 12 64 0
0 148 64 127
0.5 1280 48 0
0.5 0 57 0
0 0 64 0
0.5 0 47 36
0.5 0 54 36
0 147 64 127
0.5 1293 54 0
0.5 0 56 36
0 16 64 0
0 157 64 127
0.5 1267 56 0
0.5 0 47 0
0 0 64 0
0.5 0 44 36
0.5 0 50 36
0 147 64 127
0.5 1293 50 0
0.5 0 44 0
0.5 0 43 36
0.5 0 52 36
0 15 64 0
0 145 64 127
0.5 1280 52 0
0.5 0 43 0
0 0 64 0
0.5 0 42 47
0.5 0 45 58
0 120 64 127
0.5 600 45 0
0.5 0 47 55
0 10 64 0
0 110 64 127
0.5 600 47 0
0.5 0 42 0
0.5 0 45 46
0.5 0 49 57
0 13 64 0
0 174 64 127
0.5 293 49 0
0.5 0 50 54
0.5 240 50 0
0.5 0 50 54
0 14 64 0
0 213 64 127
0.5 493 50 0
0.5 0 45 0
0 0 64 0
0.5 0 44 49
0.5 0 52 58
0 200 64 127
0.5 520 52 0
0.5 0 54 57
0 10 64 0
0 163 64 127
0.5 547 54 0
0.5 0 44 0
0.5 0 50 52
0.5 0 55 67
0 12 64 0
0 114 64 127
0.5 354 55 0
0.5 0 56 59
0.5 240 56 0
0.5 0 56 59
0 12 64 0
0 148 64 127
0.5 560 56 0
0.5 0 50 0
0 0 64 0
0.5 0 49 54
0.5 0 56 70
0 133 64 127
0.5 587 56 0
0.5 0 57 66
0 12 64 0
0 188 64 127
0.5 520 57 0
0.5 0 49 0
0.5 0 54 69
0.5 0 59 69
0 12 64 0
0 114 64 127
0.5 354 59 0
0.5 0 60 63
0.5 240 60 0
0.5 0 60 63
0 10 64 0
0 207 64 127
0.5 503 60 0
0.5 0 54 0
0 0 64 0
0.5 0 52 60
0.5 0 61 68
0 173 64 127
0.5 547 61 0
0.5 0 66 68
0 9 64 0
0 151 64 127
0.5 320 66 0
0.5 0 64 55
0.5 240 64 0
0.5 0 52 0
0.5 0 52 45
0.5 0 62 49
0 14 64 0
0 173 64 127
0.5 533 62 0
0.5 0 52 0
0.5 0 57 43
0.5 0 61 46
0 15 64 0
0 238 64 127
0.5 467 61 0
0.5 0 57 0
0 0 64 0
0.5 0 57 41
0.5 0 49 41
0 213 64 127
0.5 1227 49 0
0.5 0 50 41
0 12 64 0
0 135 64 127
0.5 1293 50 0
0.5 0 57 0
0 0 64 0
0.5 0 66 55
0.5 0 51 41
0 133 64 127
0.5 587 66 0
0.5 0 59 51
0.5 720 59 0
0.5 0 51 0
0.5 0 61 53
0.5 0 52 48
0 12 64 0
0 135 64 127
0.5 333 61 0
0.5 0 59 50
0.5 240 59 0
0.5 0 59 50
0 16 64 0
0 197 64 127
0.5 507 59 0
0.5 0 52 0
0 0 64 0
0.5 0 61 43
0.5 0 53 43
0 240 64 127
0.5 1200 53 0
0.5 0 54 43
0 15 64 0
0 132 64 127
0.5 1293 54 0
0.5 0 61 0
0 0 64 0
0.5 0 69 57
0.5 0 54 43
0 227 64 127
0.5 493 69 0
0.5 0 62 53
0.5 720 62 0
0.5 0 54 0
0.5 0 64 55
0.5 0 55 50
0 9 64 0
0 138 64 127
0.5 333 64 0
0.5 0 62 52
0.5 240 62 0
0.5 0 62 52
0 17 64 0
0 250 64 127
0.5 453 62 0
0.5 0 55 0
0 0 64 0
0.5 0 64 47
0.5 0 56 47
0 240 64 127
0.5 1200 56 0
0.5 0 57 47
0 13 64 0
0 174 64 127
0.5 1253 57 0
0.5 0 64 0
0.5 0 66 51
0.5 0 58 46
0 27 64 0
0 213 64 127
0.5 1200 58 0
0.5 0 59 47
0 12 64 0
0 135 64 127
0.5 1293 59 0
0.5 0 66 0
0 0 64 0
0.5 0 66 63
0.5 0 52 51
0 240 64 127
0.5 480 66 0
0.5 0 59 56
0.5 720 59 0
0.5 0 66 60
0 13 64 0
0 134 64 127
0.5 333 66 0
0.5 0 64 54
0.5 240 64 0
0.5 0 64 54
0.5 720 64 0
0.5 0 52 0
0 0 64 0
0.5 0 52 45
0.5 0 46 45
0 227 64 127
0.5 1213 46 0
0.5 0 45 39
0 13 64 0
0 134 64 127
0.5 1293 45 0
0.5 0 52 0
0 0 64 0
0.5 0 57 36
0.5 0 50 36
0 240 64 127
0 1212 64 0
0 255 64 127
0.5 1173 50 0
0.5 0 57 0
0 0 64 0
0.5 0 49 36
0.5 0 57 36
0 200 64 127
0.5 1240 49 0
0.5 0 48 36
0 10 64 0
0 190 64 127
0.5 1240 48 0
0.5 0 57 0
0 0 64 0
0.5 0 47 36
0.5 0 54 36
0 320 64 127
0.5 1120 54 0
0.5 0 56 36
0 14 64 0
0 159 64 127
0.5 1267 56 0
0.5 0 47 0
0 0 64 0
0.5 0 44 36
0.5 0 50 36
0 147 64 127
0.5 1293 50 0
0.5 0 44 0
0.5 0 43 36
0.5 0 52 36
0 14 64 0
0 186 64 127
0.5 1240 52 0
0.5 0 43 0
0 0 64 0
0.5 0 42 47
0.5 0 45 58
0 173 64 127
0.5 547 45 0
0.5 0 47 55
0 18 64 0
0 195 64 127
0.5 507 47 0
0.5 0 42 0
0.5 0 45 46
0.5 0 47 57
0 11 64 0
0 176 64 127
0.5 293 47 0
0.5 0 48 54
0.5 240 48 0
0.5 0 48 54
0 16 64 0
0 190 64 127
0.5 514 48 0
0.5 0 45 0
0 0 64 0
0.5 0 43 49
0.5 0 46 61
0 200 64 127
0.5 520 46 0
0.5 0 47 57
0 17 64 0
0 183 64 127
0.5 520 47 0
0.5 0 43 0
0.5 0 44 48
0.5 0 49 60
0 11 64 0
0 176 64 127
0.5 293 49 0
0.5 0 50 56
0.5 240 50 0
0.5 0 50 56
0 17 64 0
0 143 64 127
0.5 560 50 0
0.5 0 44 0
0 0 64 0
0.5 0 45 51
0.5 0 50 64
0 200 64 127
0.5 520 50 0
0.5 0 51 59
0 15 64 0
0 212 64 127
0.5 493 51 0
0.5 0 45 0
0.5 0 43 50
0.5 0 57 63
0 10 64 0
0 177 64 127
0.5 293 57 0
0.5 0 55 57
0.5 240 55 0
0.5 0 55 57
0 12 64 0
0 175 64 127
0.5 533 55 0
0.5 0 43 0
0 0 64 0
0.5 0 45 45
0.5 0 54 54
0 187 64 127
0.5 293 54 0
0.5 0 52 50
0.5 240 52 0
0.5 0 52 50
0 15 64 0
0 172 64 127
0.5 533 52 0
0.5 0 45 0
0.5 0 38 40
0.5 0 46 48
0 15 64 0
0 172 64 127
0.5 293 46 0
0.5 0 45 44
0.5 240 45 0
0.5 0 45 44
0 10 64 0
0 163 64 127
0.5 547 45 0
0.5 0 38 0
0 0 64 0
0.5 0 62 46
0.5 0 54 34
0 227 64 127
0.5 493 62 0
0.5 0 61 43
0 15 64 0
0 172 64 127
0.5 533 61 0
0.5 0 59 44
0 12 64 0
0 135 64 127
0.5 573 59 0
0.5 0 58 41
0 13 64 0
0 160 64 127
0.5 547 58 0
0.5 0 54 0
0 0 64 0
0.5 0 54 55
0.5 0 56 34
0 160 64 127
0.5 560 56 0
0.5 0 58 51
0 19 64 0
0 154 64 127
0.5 547 58 0
0.5 0 59 53
0 15 64 0
0 132 64 127
0.5 333 59 0
0.5 0 61 49
0.5 240 61 0
0.5 0 61 49
0 10 64 0
0 137 64 127
0.5 573 61 0
0.5 0 54 0
0 0 64 0
0.5 0 74 46
0.5 0 66 34
0 227 64 127
0.5 493 74 0
0.5 0 73 43
0 10 64 0
0 217 64 127
0.5 493 73 0
0.5 0 71 44
0 11 64 0
0 136 64 127
0.5 333 71 0
0.5 0 70 41
0.5 240 70 0
0.5 0 70 41
0 16 64 0
0 167 64 127
0.5 537 70 0
0.5 0 66 0
0 0 64 0
0.5 0 66 55
0.5 0 68 34
0 80 64 127
0.5 640 68 0
0.5 0 70 51
0 21 64 0
0 179 64 127
0.5 520 70 0
0.5 0 71 55
0 10 64 0
0 137 64 127
0.5 333 71 0
0.5 0 73 51
0.5 240 73 0
0.5 0 73 51
0 17 64 0
0 130 64 127
0.5 573 73 0
0.5 0 66 0
0 0 64 0
0.5 0 67 36
0.5 0 73 27
0 227 64 127
0.5 493 67 0
0.5 0 66 34
0 18 64 0
0 108 64 127
0.5 594 66 0
0.5 0 73 0
0 0 64 0
0.5 0 67 39
0 160 64 127
0.5 320 67 0
0.5 0 66 35
0.5 240 66 0
0.5 0 66 35
0 13 64 0
0 80 64 127
0.5 627 66 0
0 0 64 0
0.5 0 55 36
0.5 0 61 27
0 227 64 127
0.5 493 55 0
0.5 0 54 34
0 16 64 0
0 110 64 127
0.5 594 54 0
0.5 0 61 0
0 0 64 0
0.5 0 55 35
0 160 64 127
0.5 320 55 0
0.5 0 54 29
0.5 240 54 0
0.5 0 54 30
0 12 64 0
0 135 64 127
0.5 573 54 0
0 0 64 0
0.5 0 55 33
0 160 64 127
0.5 320 55 0
0.5 0 54 29
0.5 240 54 0
0.5 0 54 29
0 8 64 0
0 139 64 127
0.5 573 54 0
0 0 64 0
0.5 0 55 31
0 160 64 127
0.5 320 55 0
0.5 0 54 26
0.5 240 54 0
0 0 64 0
0.5 0 54 26
0.5 240 54 0
0 0 64 127
0.5 0 62 45
0.5 240 62 0
0.5 0 61 43
0.5 240 61 0
0.5 0 62 45
0 13 64 0
0 67 64 127
0.5 160 47 38
0.5 240 47 0
0.5 0 62 0
0.5 0 61 43
0 10 64 0
0.5 230 61 0
0.5 0 47 37
0.5 240 47 0
0.5 0 59 44
0 103 64 127
0.5 137 59 0
0.5 0 58 42
0.5 240 58 0
0.5 0 59 45
0 14 64 0
0 77 64 127
0.5 149 47 39
0.5 240 47 0
0.5 0 59 0
0.5 0 58 44
0 11 64 0
0.5 229 58 0
0.5 0 47 38
0.5 240 47 0
0.5 0 57 44
0 80 64 127
0.5 160 57 0
0.5 0 56 41
0.5 240 56 0
0.5 0 57 45
0 12 64 0
0 102 64 127
0.5 126 47 38
0.5 240 47 0
0.5 0 57 0
0.5 0 56 44
0 15 64 0
0.5 225 56 0
0.5 0 47 35
0.5 240 47 0
0.5 0 55 45
0 23 64 127
0.5 217 55 0
0.5 0 47 43
0.5 240 47 0
0.5 0 54 49
0 12 64 0
0 102 64 127
0.5 126 54 0
0.5 0 47 50
0.5 240 47 0
0.5 0 52 47
0 17 64 0
0.5 223 52 0
0.5 0 47 44
0.5 0 50 44
0.5 240 50 0
0.5 0 47 0
0.5 0 53 52
0.5 120 53 0
0.5 120 54 54
0.5 120 54 0
0.5 120 55 59
0 63 64 127
0.5 657 55 0
0.5 0 43 49
0 5 64 0
0.5 235 43 0
0.5 0 45 51
0.5 120 45 0
0.5 120 43 49
0.5 120 43 0
0.5 120 42 51
0 63 64 127
0.5 657 42 0
0.5 0 47 48
0 18 64 0
0.5 222 47 0
0.5 0 53 51
0.5 120 53 0
0.5 120 54 54
0.5 120 54 0
0.5 120 55 58
0 34 64 127
0.5 686 55 0
0.5 0 43 49
0 18 64 0
0.5 222 43 0
0.5 0 45 51
0.5 120 45 0
0.5 120 43 49
0.5 120 43 0
0.5 120 42 49
0 40 64 127
0.5 680 42 0
0.5 0 47 49
0 4 64 0
0.5 116 47 0
0.5 120 62 45
0 126 64 127
0.5 114 62 0
0.5 0 61 43
0.5 240 61 0
0.5 0 62 45
0 12 64 0
0 72 64 127
0.5 156 47 41
0.5 240 47 0
0.5 0 62 0
0.5 0 61 43
0 16 64 0
0.5 224 61 0
0.5 0 47 37
0.5 240 47 0
0.5 0 59 44
0 103 64 127
0.5 137 59 0
0.5 0 58 42
0.5 240 58 0
0.5 0 59 45
0 12 64 0
0 79 64 127
0.5 149 47 40
0.5 240 47 0
0.5 0 59 0
0.5 0 58 44
0 11 64 0
0.5 229 58 0
0.5 0 47 36
0.5 240 47 0
0.5 0 57 44
0 80 64 127
0.5 160 57 0
0.5 0 56 41
0.5 240 56 0
0.5 0 57 45
0 13 64 0
0 101 64 127
0.5 126 47 42
0.5 240 47 0
0.5 0 57 0
0.5 0 56 44
0 16 64 0
0.5 224 56 0
0.5 0 47 38
0.5 240 47 0
0.5 0 55 45
0 23 64 127
0.5 217 55 0
0.5 0 47 43
0.5 240 47 0
0.5 0 54 49
0 7 64 0
0 107 64 127
0.5 126 54 0
0.5 0 47 50
0.5 240 47 0
0.5 0 52 47
0 6 64 0
0.5 234 52 0
0.5 0 47 44
0.5 0 50 44
0.5 240 50 0
0.5 0 47 0
0.5 0 53 52
0.5 120 53 0
0.5 120 54 54
0.5 120 54 0
0.5 120 55 59
0 63 64 127
0.5 657 55 0
0.5 0 43 49
0 7 64 0
0.5 233 43 0
0.5 0 45 51
0.5 120 45 0
0.5 120 43 49
0.5 120 43 0
0.5 120 42 51
0 63 64 127
0.5 657 42 0
0.5 0 47 48
0 10 64 0
0.5 230 47 0
0.5 0 53 51
0.5 120 53 0
0.5 120 54 54
0.5 120 54 0
0.5 120 55 60
0 34 64 127
0 700 64 0
0.5 226 55 0
0.5 0 56 67
0 304 64 127
0.5 176 56 0
0.5 0 61 66
0 257 64 0
0 107 64 127
0.5 116 61 0
0.5 0 68 68
0.5 240 68 0
0.5 0 66 61
0 8 64 0
0.5 172 66 0
0.5 60 74 45
0 83 64 127
0.5 157 74 0
0.5 0 73 43
0.5 240 73 0
0.5 0 74 45
0 14 64 0
0 112 64 127
0.5 114 66 36
0.5 240 66 0
0.5 0 74 0
0.5 0 73 43
0 11 64 0
0.5 229 73 0
0.5 0 66 33
0.5 240 71 44
0 103 64 127
0.5 137 71 0
0.5 0 70 42
0.5 240 70 0
0.5 0 71 45
0 8 64 0
0 83 64 127
0.5 149 66 0
0.5 0 66 39
0.5 240 66 0
0.5 0 71 0
0.5 0 70 44
0 16 64 0
0.5 224 70 0
0.5 0 66 37
0.5 240 66 0
0.5 0 64 60
0.5 0 69 60
0 80 64 127
0.5 640 69 0
0.5 0 64 0
0.5 0 64 53
0.5 0 57 53
0 10 64 0
0 104 64 127
0.5 606 57 0
0.5 0 64 0
0.5 0 54 53
0.5 0 57 53
0 11 64 0
0 160 64 127
0 309 64 0
0.5 240 57 0
0.5 0 54 0
0.5 0 48 53
0.5 120 48 0
0 114 64 127
0.5 6 47 46
0.5 120 47 0
0.5 120 52 53
0 10 64 0
0.5 110 52 0
0.5 120 79 45
0 171 64 127
0.5 69 79 0
0.5 0 78 43
0.5 240 78 0
0.5 0 79 45
0 11 64 0
0 77 64 127
0.5 152 71 41
0.5 240 71 0
0.5 0 79 0
0.5 0 78 43
0 8 64 0
0.5 232 78 0
0.5 0 71 38
0.5 240 76 44
0 80 64 127
0.5 160 76 0
0.5 0 75 42
0.5 240 75 0
0.5 0 76 45
0 16 64 0
0 75 64 127
0.5 149 71 0
0.5 0 71 39
0.5 240 71 0
0.5 0 76 0
0.5 0 75 44
0 18 64 0
0.5 222 75 0
0.5 0 71 34
0.5 240 71 0
0.5 0 69 60
0.5 0 74 60
0 80 64 127
0.5 640 74 0
0.5 0 69 0
0.5 0 69 53
0.5 0 62 53
0 14 64 0
0 89 64 127
0.5 617 62 0
0.5 0 69 0
0.5 0 59 53
0.5 0 62 53
0 6 64 0
0 165 64 127
0 309 64 0
0.5 240 62 0
0.5 0 59 0
0.5 0 53 53
0.5 120 53 0
0 114 64 127
0.5 6 52 40
0.5 120 52 0
0.5 120 45 47
0 11 64 0
0.5 109 45 0
0.5 120 53 37
0 63 64 127
0.5 57 53 0
0.5 120 52 37
0.5 120 52 0
0.5 120 45 43
0 9 64 0
0 88 64 127
0.5 23 45 0
0.5 120 53 37
0.5 120 53 0
0.5 120 52 37
0.5 120 52 0
0.5 120 45 43
0 17 64 0
0.5 103 45 0
0.5 120 53 37
0 80 64 127
0.5 40 53 0
0.5 120 52 37
0.5 120 52 0
0.5 120 45 43
0 11 64 0
0 6 64 0
0 34 64 127
0.5 69 45 0
0.5 120 53 38
0.5 120 53 0
0.5 120 52 38
0 6 64 0
0.5 114 52 0
0.5 120 45 45
0.5 120 45 0
0.5 120 57 39
0 74 64 127
0.5 46 57 0
0.5 120 56 39
0.5 120 56 0
0.5 120 48 48
0 8 64 0
0 46 64 127
0.5 66 48 0
0.5 120 57 44
0.5 120 57 0
0.5 120 56 44
0.5 120 56 0
0.5 120 48 47
0 17 64 0
0.5 103 48 0
0.5 120 57 44
0 46 64 127
0.5 74 57 0
0.5 120 56 44
0.5 120 56 0
0.5 120 48 47
0 15 64 0
0 61 64 127
0.5 44 48 0
0.5 120 57 43
0.5 120 57 0
0.5 120 56 43
0 7 64 0
0.5 113 56 0
0.5 120 48 49
0.5 120 48 0
0.5 120 60 44
0 51 64 127
0.5 69 60 0
0.5 120 59 44
0.5 120 59 0
0.5 120 52 48
0 13 64 0
0 73 64 127
0.5 34 52 0
0.5 120 60 43
0.5 120 60 0
0.5 120 59 43
0 6 64 0
0.5 114 59 0
0.5 120 52 49
0.5 120 52 0
0.5 120 64 44
0 69 64 127
0.5 51 64 0
0.5 120 63 44
0.5 120 63 0
0.5 120 55 51
0 7 64 0
0 66 64 127
0.5 47 55 0
0.5 120 64 46
0.5 120 64 0
0 120 64 0
0.5 0 63 47
0.5 120 63 0
0.5 120 55 51
0.5 120 55 0
0.5 120 67 46
0.5 120 67 0
0 6 64 127
0.5 114 66 46
0.5 120 66 0
0.5 120 59 53
0 9 64 0
0 55 64 127
0.5 56 59 0
0.5 120 67 47
0.5 120 67 0
0.5 120 66 48
0 6 64 0
0.5 114 66 0
0.5 120 59 53
0.5 120 59 0
0.5 120 71 49
0 69 64 127
0.5 51 71 0
0.5 120 70 47
0.5 120 70 0
0.5 120 62 58
0 15 64 0
0 59 64 127
0.5 46 62 0
0.5 120 71 50
0.5 120 71 0
0.5 120 70 59
0.5 120 70 0
0.5 120 62 48
0 8 64 0
0.5 112 62 0
0.5 120 70 62
0 6 64 127
0.5 234 70 0
0.5 0 62 48
0.5 240 62 0
0.5 0 70 61
0.5 240 70 0
0.5 0 62 48
0.5 240 62 0
0.5 0 70 61
0.5 240 70 0
0.5 0 62 48
0.5 240 62 0
0.5 0 70 61
0 20 64 0
0 129 64 127
0.5 91 70 0
0.5 0 61 48
0.5 240 61 0
0.5 0 70 58
0.5 240 70 0
0.5 0 61 46
0.5 240 61 0
0.5 0 70 57
0.5 240 70 0
0.5 0 61 46
0.5 240 61 0
0.5 0 61 57
0 15 64 0
0 76 64 127
0.5 149 61 0
0.5 0 54 46
0.5 240 54 0
0.5 0 61 56
0.5 240 61 0
0.5 0 54 42
0.5 240 54 0
0.5 0 61 57
0.5 240 61 0
0.5 0 54 44
0.5 240 54 0
0.5 0 49 50
0 9 64 0
0 71 64 127
0.5 160 49 0
0.5 0 42 40
0.5 240 42 0
0.5 0 49 50
0.5 240 49 0
0.5 0 42 41
0.5 240 42 0
0.5 0 49 49
0.5 240 49 0
0 0 64 0
0.5 0 42 41
0.5 180 42 0
0.5 60 62 45
0 180 64 127
0.5 60 62 0
0.5 0 61 43
0.5 240 61 0
0.5 0 62 45
0 13 64 0
0 81 64 127
0.5 146 47 40
0.5 240 47 0
0.5 0 62 0
0.5 0 61 43
0 11 64 0
0.5 229 61 0
0.5 0 47 36
0.5 240 47 0
0.5 0 59 44
0 103 64 127
0.5 137 59 0
0.5 0 58 42
0.5 240 58 0
0.5 0 59 45
0 12 64 0
0 79 64 127
0.5 149 47 39
0.5 240 47 0
0.5 0 59 0
0.5 0 58 44
0 8 64 0
0.5 232 58 0
0.5 0 47 36
0.5 240 47 0
0.5 0 57 44
0 80 64 127
0.5 160 57 0
0.5 0 56 41
0.5 240 56 0
0.5 0 57 45
0 12 64 0
0 102 64 127
0.5 126 47 40
0.5 240 47 0
0.5 0 57 0
0.5 0 56 44
0 14 64 0
0.5 226 56 0
0.5 0 47 37
0.5 240 47 0
0.5 0 55 45
0 23 64 127
0.5 217 55 0
0.5 0 47 43
0.5 240 47 0
0.5 0 54 49
0 15 64 0
0 99 64 127
0.5 126 54 0
0.5 0 47 50
0.5 240 47 0
0.5 0 52 47
0.5 240 52 0
0.5 0 47 44
0.5 0 50 44
0 7 64 0
0.5 233 50 0
0.5 0 47 0
0.5 0 53 52
0.5 120 53 0
0.5 120 54 54
0.5 120 54 0
0.5 120 55 59
0 63 64 127
0.5 657 55 0
0.5 0 43 49
0 15 64 0
0.5 225 43 0
0.5 0 45 51
0.5 120 45 0
0.5 120 43 49
0.5 120 43 0
0.5 120 42 51
0 63 64 127
0.5 657 42 0
0.5 0 47 48
0 14 64 0
0.5 226 47 0
0.5 0 53 51
0.5 120 53 0
0.5 120 54 54
0.5 120 54 0
0.5 120 55 58
0 34 64 127
0.5 686 55 0
0.5 0 43 49
0 17 64 0
0.5 223 43 0
0.5 0 45 54
0.5 120 45 0
0.5 120 43 51
0.5 120 43 0
0.5 120 42 52
0 40 64 127
0.5 680 42 0
0.5 0 47 49
0 18 64 0
0.5 222 47 0
0.5 0 52 55
0.5 120 52 0
0.5 120 50 52
0.5 120 50 0
0.5 120 49 51
0 40 64 127
0.5 680 49 0
0.5 0 50 50
0 11 64 0
0.5 229 50 0
0.5 0 56 58
0.5 120 56 0
0.5 120 54 56
0.5 120 54 0
0.5 120 53 55
0 40 64 127
0.5 680 53 0
0.5 0 54 52
0 11 64 0
0 223 64 127
0.5 6 54 0
0.5 0 58 56
0.5 0 66 56
0.5 480 58 0
0.5 0 56 60
0.5 240 56 0
0.5 0 66 0
0.5 0 58 60
0.5 0 66 60
0 9 64 0
0 105 64 127
0.5 366 58 0
0.5 0 56 65
0.5 240 56 0
0.5 0 66 0
0.5 0 58 65
0.5 0 66 65
0 13 64 0
0 124 64 127
0.5 343 58 0
0.5 0 56 71
0 34 64 0
0.5 206 56 0
0.5 0 66 0
0.5 0 58 72
0.5 0 66 72
0.5 120 66 0
0.5 0 58 0
0.5 120 59 69
0.5 0 66 69
0.5 120 66 0
0.5 0 59 0
0.5 120 52 63
0.5 0 59 63
0.5 0 64 75
0 97 64 127
0.5 623 64 0
0.5 0 59 0
0.5 0 52 0
0.5 0 52 54
0 7 64 0
0 58 64 127
0.5 55 55 56
0.5 120 55 0
0.5 0 59 57
0.5 120 59 0
0.5 0 61 59
0.5 120 61 0
0.5 0 52 0
0.5 840 61 57
0.5 120 61 0
0.5 0 59 57
0 16 64 0
0 37 64 127
0.5 67 59 0
0.5 0 55 56
0.5 120 55 0
0.5 0 52 56
0.5 120 52 0
0.5 360 40 57
0.5 240 40 0
0.5 0 49 57
0.5 240 49 0
0 7 64 0
0.5 233 52 53
0 42 64 127
0.5 78 52 0
0.5 0 59 55
0.5 120 59 0
0.5 0 61 56
0.5 120 61 0
0.5 0 64 58
0.5 120 64 0
0.5 840 64 58
0.5 120 64 0
0.5 0 61 57
0 10 64 0
0 48 64 127
0.5 62 61 0
0.5 0 59 56
0.5 120 59 0
0.5 0 55 56
0.5 120 55 0
0.5 360 43 60
0.5 240 43 0
0.5 0 49 57
0.5 240 49 0
0 2 64 0
0 238 64 127
0.5 0 42 63
0.5 120 42 0
0.5 0 47 65
0.5 120 47 0
0.5 0 50 68
0.5 120 50 0
0.5 0 54 70
0.5 120 54 0
0.5 240 54 75
0.5 120 54 0
0.5 0 59 77
0.5 120 59 0
0 480 64 0
0.5 2160 67 78
0.5 0 55 70
0.5 120 55 0
0.5 0 67 0
0.5 120 50 64
0.5 0 62 72
0.5 120 62 0
0.5 0 50 0
0.5 120 52 68
0.5 0 64 76
0.5 120 64 0
0.5 0 52 0
0.5 120 49 63
0.5 0 61 71
0.5 120 61 0
0.5 0 49 0
0.5 120 50 69
0.5 0 62 77
0.5 120 62 0
0.5 0 50 0
0.5 120 47 63
0.5 0 59 70
0.5 120 59 0
0.5 0 47 0
0.5 120 49 68
0.5 0 61 76
0.5 120 61 0
0.5 0 49 0
0.5 120 46 62
0.5 0 58 69
0.5 120 58 0
0.5 0 46 0
0.5 120 47 68
0.5 0 59 68
0.5 120 59 0
0.5 0 47 0
0.5 120 42 63
0.5 0 54 71
0.5 120 54 0
0.5 0 42 0
0.5 120 43 69
0.5 0 55 77
0.5 120 55 0
0.5 0 43 0
0.5 120 38 62
0.5 0 50 62
0.5 120 50 0
0.5 0 38 0
0.5 120 40 67
0.5 0 52 75
0 74 64 127
0.5 406 52 0
0.5 0 40 0
0.5 0 42 61
0.5 0 54 68
0 14 64 0
0 77 64 127
0.5 149 54 0
0.5 0 42 0
0 0 64 0
0.5 0 47 68
0.5 240 47 0
0.5 0 52 58
0.5 120 52 0
0.5 120 54 60
0.5 120 54 0
0.5 120 55 66
0 63 64 127
0 661 64 0
0.5 236 55 0
0.5 0 45 57
0.5 120 45 0
0.5 120 43 55
0.5 120 43 0
0.5 120 42 57
0 63 64 127
0.5 657 42 0
0.5 0 47 54
0 17 64 0
0.5 223 47 0
0.5 0 52 57
0.5 120 52 0
0.5 120 54 60
0.5 120 54 0
0.5 120 55 65
0 34 64 127
0 704 64 0
0.5 222 55 0
0.5 0 45 61
0.5 120 45 0
0.5 120 43 57
0.5 120 43 0
0.5 120 42 58
0 69 64 127
0.5 651 42 0
0 0 64 0
0.5 0 47 58
0.5 120 47 0
0.5 120 50 49
0.5 0 54 49
0.5 0 59 55
0 69 64 127
0.5 51 59 0
0.5 0 54 0
0.5 0 50 0
0.5 120 50 45
0.5 0 54 45
0.5 0 58 50
0.5 120 58 0
0.5 0 54 0
0.5 0 50 0
0.5 120 50 48
0.5 0 54 48
0.5 0 59 54
0.5 120 59 0
0.5 0 54 0
0.5 0 50 0
0.5 120 54 50
0.5 0 59 50
0.5 0 62 56
0 12 64 0
0 85 64 127
0.5 23 62 0
0.5 0 59 0
0.5 0 54 0
0.5 120 54 48
0.5 0 59 48
0.5 0 61 54
0.5 120 61 0
0.5 0 59 0
0.5 0 54 0
0.5 120 54 52
0.5 0 59 52
0.5 0 62 58
0.5 120 62 0
0.5 0 59 0
0.5 0 54 0
0.5 120 66 54
0.5 0 62 48
0.5 0 59 48
0 11 64 0
0 47 64 127
0.5 62 59 0
0.5 0 62 0
0.5 0 66 0
0.5 120 65 59
0.5 0 62 53
0.5 0 59 53
0.5 120 59 0
0.5 0 62 0
0.5 0 65 0
0.5 120 66 60
0.5 0 62 54
0.5 0 59 54
0.5 120 59 0
0.5 0 62 0
0.5 0 66 0
0.5 120 62 51
0.5 0 66 51
0.5 0 71 57
0 11 64 0
0 55 64 127
0.5 54 71 0
0.5 0 66 0
0.5 0 62 0
0.5 120 62 55
0.5 0 66 55
0.5 0 70 62
0.5 120 70 0
0.5 0 66 0
0.5 0 62 0
0.5 120 62 55
0.5 0 66 55
0.5 0 71 62
0.5 120 71 0
0.5 0 66 0
0.5 0 62 0
0.5 120 66 55
0.5 0 71 55
0.5 0 74 62
0 9 64 0
0 53 64 127
0.5 58 74 0
0.5 0 71 0
0.5 0 66 0
0.5 120 66 52
0.5 0 71 52
0.5 0 73 58
0.5 120 73 0
0.5 0 71 0
0.5 0 66 0
0.5 120 66 57
0.5 0 71 57
0.5 0 74 64
0.5 120 74 0
0.5 0 71 0
0.5 0 66 0
0.5 120 71 58
0.5 0 74 58
0.5 0 78 65
0 12 64 0
0 58 64 127
0.5 50 78 0
0.5 0 74 0
0.5 0 71 0
0.5 120 71 56
0.5 0 74 56
0.5 0 77 63
0.5 120 77 0
0.5 0 74 0
0.5 0 71 0
0.5 120 71 60
0.5 0 74 60
0.5 0 78 67
0.5 120 78 0
0.5 0 74 0
0.5 0 71 0
0.5 120 71 60
0.5 0 74 60
0.5 0 78 67
0.5 0 83 67
0 11 64 0
0 80 64 127
0.5 29 83 0
0.5 0 71 0
0.5 0 74 0
0.5 0 78 0
0.5 120 71 57
0.5 0 74 57
0.5 0 78 64
0.5 0 82 64
0.5 120 82 0
0.5 0 71 0
0.5 0 74 0
0.5 0 78 0
0.5 120 71 65
0.5 0 74 65
0.5 0 78 72
0.5 0 83 72
0.5 120 83 0
0.5 0 71 0
0.5 0 74 0
0.5 0 78 0
0.5 120 71 65
0.5 0 74 65
0.5 0 78 73
0.5 0 83 73
0 11 64 0
0 80 64 127
0.5 29 83 0
0.5 0 71 0
0.5 0 74 0
0.5 0 78 0
0.5 120 71 63
0.5 0 74 63
0.5 0 78 71
0.5 0 82 71
0.5 120 82 0
0.5 0 71 0
0.5 0 74 0
0.5 0 78 0
0.5 120 71 69
0.5 0 74 69
0.5 0 78 78
0.5 0 83 78
0.5 120 83 0
0.5 0 71 0
0.5 0 74 0
0.5 0 78 0
0.5 600 59 66
0.5 0 66 66
0.5 0 71 74
0 14 64 0
0 99 64 127
0.5 7 71 0
0.5 0 66 0
0.5 0 59 0
0.5 600 47 66
0.5 0 54 66
0.5 0 59 74
0.5 120 59 0
0.5 0 54 0
0.5 0 47 0
0.5 600 35 66
0.5 0 42 66
0.5 0 47 74
0.5 0 50 74
0.5 0 54 74
0.5 0 59 81
0.5 120 59 0
0.5 0 42 0
0.5 0 47 0
0.5 0 35 0
0.5 0 54 0
0.5 0 50 0
0.5 600 47 66
0.5 0 54 66
0.5 0 59 74
0.5 120 59 0
0.5 0 54 0
0.5 0 47 0
0.5 420 47 63
0.5 60 54 63
0.5 60 59 70
0.5 60 62 70
0.5 120 62 0
0.5 0 47 0
0.5 0 54 0
0.5 0 59 0
0.5 600 35 75
0.5 0 47 75
0.5 1440 47 0
0.5 0 35 0
0 720 64 0
1 0 0 0
