0 0 7 100
0 0 10 64
0 0 91 127
0 0 64 0
0.5 240 81 60
0.5 240 81 0
0.5 0 88 66
0.5 1560 88 0
0.5 0 86 55
0.5 60 86 0
0.5 0 88 47
0.5 60 88 0
0.5 0 86 62
0.5 240 86 0
0.5 0 84 57
0.5 240 84 0
0.5 0 86 57
0.5 240 86 0
0.5 0 88 62
0.5 240 88 0
0.5 0 89 64
0.5 240 89 0
0.5 0 91 67
0.5 240 91 0
0.5 0 88 66
0.5 240 88 0
0.5 0 89 64
0.5 240 89 0
0.5 0 88 61
0.5 120 88 0
0.5 0 86 59
0.5 60 86 0
0.5 0 88 55
0.5 60 88 0
0.5 0 86 67
0.5 480 86 0
0.5 0 84 60
0.5 480 84 0
0.5 0 82 57
0.5 480 82 0
0.5 240 57 50
0.5 240 57 0
0.5 0 61 51
0.5 240 61 0
0.5 0 64 54
0.5 240 64 0
0.5 0 69 57
0.5 240 69 0
0.5 0 73 58
0.5 240 73 0
0.5 0 76 61
0.5 240 76 0
0.5 0 69 50
0.5 240 69 0
0.5 0 73 51
0.5 240 73 0
0.5 0 76 54
0.5 240 76 0
0.5 0 81 57
0.5 240 81 0
0.5 0 85 58
0.5 240 85 0
0.5 0 88 64
0.5 240 88 0
0.5 0 85 60
0.5 240 85 0
0.5 0 81 58
0.5 240 81 0
0.5 0 76 57
0.5 240 76 0
0.5 0 73 55
0.5 240 73 0
0.5 0 69 53
0.5 240 69 0
0.5 0 76 51
0.5 240 76 0
0.5 0 73 48
0.5 240 73 0
0.5 0 69 46
0.5 240 69 0
0.5 0 64 44
0.5 240 64 0
0.5 0 61 44
0.5 240 61 0
0.5 0 57 42
0.5 240 57 0
0.5 240 81 51
0.5 240 81 0
0.5 0 88 56
0.5 1560 88 0
0.5 0 86 46
0.5 60 86 0
0.5 0 88 41
0.5 60 88 0
0.5 0 86 52
0.5 240 86 0
0.5 0 84 48
0.5 240 84 0
0.5 0 86 48
0.5 240 86 0
0.5 0 88 52
0.5 240 88 0
0.5 0 89 54
0.5 240 89 0
0.5 0 91 56
0.5 240 91 0
0.5 0 88 56
0.5 240 88 0
0.5 0 89 54
0.5 240 89 0
0.5 0 88 51
0.5 120 88 0
0.5 0 86 51
0.5 60 86 0
0.5 0 88 47
0.5 60 88 0
0.5 0 86 56
0.5 480 86 0
0.5 0 84 51
0.5 480 84 0
0.5 0 82 48
0.5 480 82 0
0.5 0 81 44
0.5 240 81 0
0.5 0 82 46
0.5 240 82 0
0.5 0 84 48
0.5 240 84 0
0.5 0 86 50
0.5 240 86 0
0.5 0 89 52
0.5 360 89 0
0.5 0 86 49
0.5 60 86 0
0.5 0 88 42
0.5 60 88 0
0.5 0 86 56
0.5 480 86 0
0.5 0 84 51
0.5 480 84 0
0.5 0 82 48
0.5 480 82 0
0.5 0 81 46
0.5 240 81 0
0.5 0 82 47
0.5 240 82 0
0.5 0 84 49
0.5 240 84 0
0.5 0 86 51
0.5 240 86 0
0.5 0 88 53
0.5 240 88 0
0.5 0 91 57
0.5 240 91 0
0.5 0 89 55
0.5 120 89 0
0.5 0 86 46
0.5 60 86 0
0.5 0 88 40
0.5 60 88 0
0.5 0 86 50
0.5 240 86 0
0.5 0 84 50
0.5 240 84 0
0.5 0 82 45
0.5 240 82 0
0.5 0 86 49
0.5 240 86 0
0.5 0 85 44
0.5 240 85 0
0.5 160 70 51
0.5 0 61 29
0.5 160 70 0
0.5 0 69 46
0.5 160 69 0
0.5 0 61 0
0.5 160 61 29
0.5 0 70 52
0.5 160 70 0
0.5 0 69 45
0.5 160 69 0
0.5 0 61 0
0.5 160 61 29
0.5 0 70 51
0.5 160 70 0
0.5 0 69 45
0.5 160 69 0
0.5 0 61 0
0.5 160 62 27
0.5 0 69 48
0.5 160 69 0
0.5 0 67 41
0.5 160 67 0
0.5 0 62 0
0.5 160 69 48
0.5 0 62 27
0.5 160 69 0
0.5 0 67 40
0.5 160 67 0
0.5 0 62 0
0.5 160 62 27
0.5 0 69 47
0.5 160 69 0
0.5 0 67 40
0.5 160 67 0
0.5 0 62 0
0.5 160 61 29
0.5 0 70 51
0.5 160 70 0
0.5 0 69 46
0.5 160 69 0
0.5 0 61 0
0.5 160 70 52
0.5 0 61 42
0.5 160 70 0
0.5 0 69 45
0.5 160 69 0
0.5 0 61 0
0.5 160 61 42
0.5 0 70 51
0.5 160 70 0
0.5 0 69 45
0.5 160 69 0
0.5 0 61 0
0.5 160 70 48
0.5 0 62 27
0.5 160 70 0
0.5 0 69 41
0.5 160 69 0
0.5 0 62 0
0.5 160 69 48
0.5 0 62 27
0.5 160 69 0
0.5 0 67 40
0.5 160 67 0
0.5 0 62 0
0.5 160 67 47
0.5 0 62 27
0.5 160 67 0
0.5 0 64 40
0.5 160 64 0
0.5 0 62 0
0.5 160 61 30
0.5 0 70 53
0.5 160 70 0
0.5 0 69 48
0.5 160 69 0
0.5 0 61 0
0.5 160 70 55
0.5 0 61 31
