0.302433 0.139413 0.381257 0.176897
0.303066 0.137931 0.383388 0.175615
0.302257 0.139594 0.381020 0.177130
0.300143 0.142277 0.377393 0.180187
0.300006 0.143283 0.375905 0.180806
0.302190 0.140367 0.379855 0.177587
0.300951 0.141219 0.378828 0.179003
0.300774 0.142810 0.376459 0.179957
0.302017 0.141620 0.377992 0.178371
0.303432 0.139105 0.381506 0.175957
0.302894 0.139349 0.381253 0.176503
0.303209 0.138643 0.382263 0.175885
0.303061 0.138842 0.381991 0.176106
0.303317 0.138028 0.383182 0.175472
0.303073 0.138703 0.382202 0.176022
0.303475 0.139156 0.381418 0.175951
0.301871 0.140353 0.379947 0.177829
0.299964 0.145049 0.373267 0.181720
0.299780 0.144999 0.373379 0.181842
0.300057 0.145204 0.373017 0.181721
0.299922 0.144962 0.373405 0.181711
0.299879 0.144815 0.373633 0.181673
0.300303 0.144859 0.373482 0.181355
0.299709 0.145539 0.372588 0.182164
0.285479 0.171703 0.337823 0.204996
0.271293 0.204140 0.298213 0.226354
0.271293 0.204140 0.298213 0.226354
0.271293 0.204140 0.298213 0.226354
0.271293 0.204140 0.298213 0.226354
0.271293 0.204140 0.298213 0.226354
0.271293 0.204140 0.298213 0.226354
0.271293 0.204140 0.298213 0.226354
0.271293 0.204140 0.298213 0.226354
0.271293 0.204140 0.298213 0.226354
0.271293 0.204140 0.298213 0.226354
0.271293 0.204140 0.298213 0.226354
0.271293 0.204140 0.298213 0.226354
0.271293 0.204140 0.298213 0.226354
0.271293 0.204140 0.298213 0.226354
0.271293 0.204140 0.298213 0.226354
0.271293 0.204140 0.298213 0.226354
0.271293 0.204140 0.298213 0.226354
0.271293 0.204140 0.298213 0.226354
0.271293 0.204140 0.298213 0.226354
0.271293 0.204140 0.298213 0.226354
0.271293 0.204140 0.298213 0.226354
0.271293 0.204140 0.298213 0.226354
0.271293 0.204140 0.298213 0.226354
0.271293 0.204140 0.298213 0.226354
0.271293 0.204140 0.298213 0.226354
0.271293 0.204140 0.298213 0.226354
0.271293 0.204140 0.298213 0.226354
0.271293 0.204140 0.298213 0.226354
0.271293 0.204140 0.298213 0.226354
0.271293 0.204140 0.298213 0.226354
0.271293 0.204140 0.298213 0.226354
0.271293 0.204140 0.298213 0.226354
0.271293 0.204140 0.298213 0.226354
0.271293 0.204140 0.298213 0.226354
0.271293 0.204140 0.298213 0.226354
0.271293 0.204140 0.298213 0.226354
0.271293 0.204140 0.298213 0.226354
0.271293 0.204140 0.298213 0.226354
0.271293 0.204140 0.298213 0.226354
0.271293 0.204140 0.298213 0.226354
0.271293 0.204140 0.298213 0.226354
0.271293 0.204140 0.298213 0.226354
0.271293 0.204140 0.298213 0.226354
0.271293 0.204140 0.298213 0.226354
0.271293 0.204140 0.298213 0.226354
0.271293 0.204140 0.298213 0.226354
0.271293 0.204140 0.298213 0.226354
0.271293 0.204140 0.298213 0.226354
0.271293 0.204140 0.298213 0.226354
0.271293 0.204140 0.298213 0.226354
0.271293 0.204140 0.298213 0.226354
0.271293 0.204140 0.298213 0.226354
0.271293 0.204140 0.298213 0.226354
0.271293 0.204140 0.298213 0.226354
0.271293 0.204140 0.298213 0.226354
0.271293 0.204140 0.298213 0.226354
0.271293 0.204140 0.298213 0.226354
0.271293 0.204140 0.298213 0.226354
0.271293 0.204140 0.298213 0.226354
0.271293 0.204140 0.298213 0.226354
0.271293 0.204140 0.298213 0.226354
0.271293 0.204140 0.298213 0.226354
0.271293 0.204140 0.298213 0.226354
0.271293 0.204140 0.298213 0.226354
0.271293 0.204140 0.298213 0.226354
0.271293 0.204140 0.298213 0.226354
0.271293 0.204140 0.298213 0.226354
0.271293 0.204140 0.298213 0.226354
0.271293 0.204140 0.298213 0.226354
0.271293 0.204140 0.298213 0.226354
0.271293 0.204140 0.298213 0.226354
0.271293 0.204140 0.298213 0.226354
0.271293 0.204140 0.298213 0.226354
0.271293 0.204140 0.298213 0.226354
0.271293 0.204140 0.298213 0.226354
