60 70 22
60 70 0
0 73 24
60 73 0
0 77 25
60 77 0
0 82 27
60 82 0
0 77 26
60 77 0
0 73 24
60 73 0
0 70 22
60 70 0
60 70 21
60 70 0
0 73 23
60 73 0
0 77 25
60 77 0
0 82 28
60 82 0
0 77 26
60 77 0
0 73 23
60 73 0
120 68 22
60 68 0
0 73 23
60 73 0
0 77 25
60 77 0
0 80 27
60 80 0
0 77 27
60 77 0
0 73 24
60 73 0
0 68 22
60 68 0
60 68 22
60 68 0
0 73 23
60 73 0
0 77 25
60 77 0
0 80 26
60 80 0
0 77 27
60 77 0
0 73 24
60 73 0
0 68 22
60 68 0
60 68 23
60 68 0
0 73 26
60 73 0
0 77 27
60 77 0
0 80 28
60 80 0
0 77 27
60 77 0
0 73 25
60 73 0
0 68 23
58 68 0
62 68 21
60 68 0
0 73 22
60 73 0
0 77 24
60 77 0
0 80 27
60 80 0
0 77 25
60 77 0
0 73 24
60 73 0
0 68 22
60 68 0
60 68 23
60 68 0
0 73 26
60 73 0
0 77 27
60 77 0
0 80 28
60 80 0
0 77 27
60 77 0
0 73 25
60 73 0
0 68 23
60 68 0
60 68 21
60 68 0
0 73 22
60 73 0
0 77 24
60 77 0
0 80 27
60 80 0
0 77 25
60 77 0
0 73 24
60 73 0
0 68 22
60 68 0
60 70 22
60 70 0
0 73 24
60 73 0
0 77 25
60 77 0
0 82 27
60 82 0
0 77 26
60 77 0
0 73 24
60 73 0
0 70 22
60 70 0
60 70 21
60 70 0
0 73 23
60 73 0
0 77 25
60 77 0
0 82 28
60 82 0
0 77 26
60 77 0
0 73 23
60 73 0
120 68 22
60 68 0
0 73 23
60 73 0
0 77 25
60 77 0
0 80 27
60 80 0
0 77 27
60 77 0
0 73 24
60 73 0
0 68 22
60 68 0
60 68 22
60 68 0
0 73 23
60 73 0
0 77 25
60 77 0
0 80 26
60 80 0
0 77 27
60 77 0
0 73 24
60 73 0
0 68 22
60 68 0
60 68 23
60 68 0
0 72 26
60 72 0
0 77 27
60 77 0
0 80 28
60 80 0
0 77 27
60 77 0
0 72 25
60 72 0
0 68 23
58 68 0
62 68 21
60 68 0
0 72 22
60 72 0
0 77 24
60 77 0
0 80 27
60 80 0
0 77 25
60 77 0
0 72 24
60 72 0
0 68 22
60 68 0
60 68 23
60 68 0
0 72 26
60 72 0
0 77 27
60 77 0
0 80 28
60 80 0
0 77 27
60 77 0
0 72 25
60 72 0
0 68 23
60 68 0
60 72 21
60 72 0
0 77 22
60 77 0
0 80 24
60 80 0
0 84 27
60 84 0
0 80 25
60 80 0
0 77 24
60 77 0
0 72 22
58 72 0
62 72 22
60 72 0
0 77 24
60 77 0
0 80 25
60 80 0
0 84 27
60 84 0
0 80 26
60 80 0
0 77 24
60 77 0
0 72 22
60 72 0
60 72 21
60 72 0
0 77 23
60 77 0
0 80 25
60 80 0
0 84 28
60 84 0
0 80 26
60 80 0
0 77 23
60 77 0
0 72 22
58 72 0
62 72 22
60 72 0
0 76 23
60 76 0
0 80 25
60 80 0
0 84 27
60 84 0
0 80 27
60 80 0
0 76 24
60 76 0
0 72 22
60 72 0
60 72 22
60 72 0
0 76 23
60 76 0
0 80 25
60 80 0
0 84 26
60 84 0
0 80 27
60 80 0
0 76 24
60 76 0
0 72 22
58 72 0
62 72 22
60 72 0
0 77 24
60 77 0
0 80 25
60 80 0
0 84 27
60 84 0
0 80 26
60 80 0
0 77 24
60 77 0
0 72 22
60 72 0
60 72 21
60 72 0
0 77 23
60 77 0
0 80 25
60 80 0
0 84 28
60 84 0
0 80 26
60 80 0
0 77 23
60 77 0
0 72 22
58 72 0
62 72 22
60 72 0
0 76 23
60 76 0
0 80 25
60 80 0
0 84 27
60 84 0
0 80 27
60 80 0
0 76 24
60 76 0
0 72 22
60 72 0
60 72 22
60 72 0
0 76 23
60 76 0
0 80 25
60 80 0
0 84 26
60 84 0
0 80 27
60 80 0
0 76 24
60 76 0
0 72 22
58 72 0
62 72 22
60 72 0
0 77 23
60 77 0
0 80 25
60 80 0
0 84 27
60 84 0
0 80 27
60 80 0
0 77 26
60 77 0
0 72 24
60 72 0
60 72 24
60 72 0
0 77 25
60 77 0
0 80 28
60 80 0
0 84 29
60 84 0
0 80 31
60 80 0
0 77 28
60 77 0
0 72 26
60 72 0
60 75 28
60 75 0
0 80 30
60 80 0
0 84 31
60 84 0
0 87 32
60 87 0
0 84 33
60 84 0
0 80 32
60 80 0
0 75 31
60 75 0
60 75 27
60 75 0
0 79 31
60 79 0
0 82 33
60 82 0
0 87 37
60 87 0
0 82 35
60 82 0
0 79 34
60 79 0
0 75 32
60 75 0
60 75 32
60 75 0
0 80 34
60 80 0
0 84 36
60 84 0
0 87 39
60 87 0
0 84 39
60 84 0
0 80 35
60 80 0
0 75 32
60 75 0
60 72 30
60 72 0
0 77 33
60 77 0
0 80 35
60 80 0
0 84 35
60 84 0
0 80 36
60 80 0
0 77 33
60 77 0
0 72 30
60 72 0
60 68 29
60 68 0
0 72 31
60 72 0
0 75 33
60 75 0
0 80 35
60 80 0
0 75 34
60 75 0
0 72 31
60 72 0
0 68 28
60 68 0
60 64 27
60 64 0
0 70 29
60 70 0
0 72 31
60 72 0
0 76 31
60 76 0
0 72 32
60 72 0
0 70 29
60 70 0
0 64 27
60 64 0
60 60 27
60 60 0
0 65 29
60 65 0
0 68 31
60 68 0
0 72 32
60 72 0
0 68 32
60 68 0
0 65 29
60 65 0
0 60 27
60 60 0
60 60 26
60 60 0
0 65 28
60 65 0
0 68 30
60 68 0
0 72 31
60 72 0
0 68 32
60 68 0
0 65 29
60 65 0
0 60 27
58 60 0
62 60 28
60 60 0
0 65 31
60 65 0
0 68 32
60 68 0
0 72 33
60 72 0
0 68 32
60 68 0
0 65 30
60 65 0
0 60 28
60 60 0
60 60 25
60 60 0
0 65 27
60 65 0
0 68 29
60 68 0
0 72 32
60 72 0
0 68 30
60 68 0
0 65 29
60 65 0
0 60 27
60 60 0
60 62 25
60 62 0
0 65 27
60 65 0
0 68 29
60 68 0
0 74 32
60 74 0
0 68 30
60 68 0
0 65 29
60 65 0
0 62 27
60 62 0
60 62 25
60 62 0
0 68 27
60 68 0
0 71 29
60 71 0
0 74 32
60 74 0
0 71 32
60 71 0
0 68 31
60 68 0
0 62 30
60 62 0
60 62 30
60 62 0
0 68 31
60 68 0
0 71 32
60 71 0
0 74 33
60 74 0
0 71 31
60 71 0
0 68 30
60 68 0
0 62 29
60 62 0
60 62 27
60 62 0
0 69 30
60 69 0
0 72 32
60 72 0
0 74 36
60 74 0
0 72 34
60 72 0
0 69 33
60 69 0
0 62 31
60 62 0
60 62 26
60 62 0
0 67 28
60 67 0
0 70 30
60 70 0
0 74 32
60 74 0
0 70 32
60 70 0
0 67 29
60 67 0
0 62 27
60 62 0
60 62 26
60 62 0
0 67 28
60 67 0
0 70 30
60 70 0
0 74 31
60 74 0
0 70 32
60 70 0
0 67 29
60 67 0
0 62 27
58 62 0
62 62 28
60 62 0
0 67 31
60 67 0
0 70 32
60 70 0
0 74 33
60 74 0
0 70 32
60 70 0
0 67 30
60 67 0
0 62 28
60 62 0
60 62 25
60 62 0
0 67 27
60 67 0
0 70 29
60 70 0
0 74 32
60 74 0
0 70 30
60 70 0
0 67 29
60 67 0
0 62 27
60 62 0
60 64 25
60 64 0
0 67 27
60 67 0
0 70 29
60 70 0
0 76 32
60 76 0
0 70 30
60 70 0
0 67 29
60 67 0
0 64 27
60 64 0
60 64 25
60 64 0
0 70 27
60 70 0
0 73 29
60 73 0
0 76 32
60 76 0
0 73 32
60 73 0
0 70 31
60 70 0
0 64 27
60 64 0
60 64 31
60 64 0
0 70 31
60 70 0
0 73 32
60 73 0
0 76 33
60 76 0
0 73 31
60 73 0
0 70 30
60 70 0
0 64 29
60 64 0
60 64 27
60 64 0
0 71 30
60 71 0
0 74 32
60 74 0
0 76 36
60 76 0
0 74 34
60 74 0
0 71 33
60 71 0
0 64 31
60 64 0
60 64 32
60 64 0
0 69 35
60 69 0
0 73 37
60 73 0
0 76 40
60 76 0
0 73 40
60 73 0
0 69 36
60 69 0
0 64 33
60 64 0
60 64 32
60 64 0
0 69 35
60 69 0
0 73 37
60 73 0
0 76 38
60 76 0
0 73 40
60 73 0
0 69 36
60 69 0
0 64 33
58 64 0
62 64 32
60 64 0
0 69 35
60 69 0
0 73 37
60 73 0
0 76 40
60 76 0
0 73 40
60 73 0
0 69 36
60 69 0
0 64 33
60 64 0
60 64 32
60 64 0
0 69 35
60 69 0
0 73 37
60 73 0
0 76 38
60 76 0
0 73 40
60 73 0
0 69 36
60 69 0
0 64 33
58 64 0
62 65 32
60 65 0
0 68 35
60 68 0
0 73 37
60 73 0
0 77 41
60 77 0
0 73 41
60 73 0
0 68 37
60 68 0
0 65 34
60 65 0
60 65 34
60 65 0
0 68 37
60 68 0
0 73 39
60 73 0
0 77 41
60 77 0
0 73 44
60 73 0
0 68 39
60 68 0
0 65 36
58 65 0
62 65 36
60 65 0
0 68 39
60 68 0
0 73 42
60 73 0
0 77 46
60 77 0
0 73 46
60 73 0
0 68 42
60 68 0
0 65 38
60 65 0
60 65 38
60 65 0
0 68 42
60 68 0
0 73 44
60 73 0
0 77 45
60 77 0
0 73 48
60 73 0
0 68 44
60 68 0
0 65 40
58 65 0
62 66 40
60 66 0
0 72 44
60 72 0
0 75 47
60 75 0
0 80 51
60 80 0
0 75 52
60 75 0
0 72 47
60 72 0
0 66 43
60 66 0
60 66 42
60 66 0
0 72 47
60 72 0
0 75 50
60 75 0
0 80 52
60 80 0
0 75 55
60 75 0
0 72 50
60 72 0
0 66 46
58 66 0
62 66 45
60 66 0
0 72 50
60 72 0
0 75 53
60 75 0
0 80 58
60 80 0
0 75 58
60 75 0
0 72 53
60 72 0
0 66 49
60 66 0
60 66 48
60 66 0
0 72 53
60 72 0
0 75 56
60 75 0
0 80 58
60 80 0
0 75 62
60 75 0
0 72 56
60 72 0
0 66 51
58 66 0
2 82 77
0 77 64
0 73 55
0 70 55
480 70 0
0 82 0
0 77 0
0 73 0
0 53 57
0 61 57
0 65 66
360 65 0
0 61 0
0 53 0
0 58 50
0 70 59
120 70 0
0 58 0
0 56 50
0 61 50
0 65 56
0 68 66
240 56 0
240 61 0
0 65 0
0 68 0
0 49 55
0 61 64
360 61 0
0 49 0
0 51 45
0 63 54
120 63 0
0 51 0
0 53 57
0 60 57
0 65 68
480 65 0
0 60 0
0 53 0
0 56 42
0 65 51
0 60 42
0 68 60
960 68 0
0 56 0
0 65 0
0 60 0
0 60 54
0 54 50
0 64 64
480 64 0
0 54 0
0 60 0
0 70 69
0 65 58
0 61 49
0 58 49
240 58 0
240 70 0
0 65 0
0 61 0
0 53 57
0 61 57
0 65 66
360 65 0
0 61 0
0 53 0
0 58 50
0 70 59
120 70 0
0 58 0
0 56 45
0 61 44
0 65 59
0 68 70
240 56 0
240 61 0
0 65 0
0 68 0
0 49 55
0 61 64
360 61 0
0 49 0
0 51 45
0 63 54
120 63 0
0 51 0
0 53 51
0 59 57
0 65 68
480 65 0
0 59 0
0 53 0
0 63 54
0 59 54
0 68 64
1440 68 0
0 59 0
0 63 0
0 72 70
0 68 59
0 60 59
240 60 0
240 68 0
0 72 0
0 56 52
0 65 52
0 68 60
360 68 0
0 65 0
0 56 0
0 58 50
0 70 59
120 70 0
0 58 0
0 60 45
0 64 44
0 68 59
0 72 70
479 60 46
1 72 0
0 68 0
0 60 0
0 64 0
67 62 47
0 60 0
68 64 48
0 62 0
68 64 0
1 65 50
68 65 0
0 67 51
69 67 0
0 68 53
68 70 54
0 68 0
71 70 0
0 72 61
0 68 51
0 60 51
240 60 0
240 68 0
0 72 0
0 56 46
0 65 46
0 68 54
360 68 0
0 65 0
0 56 0
0 58 49
0 70 57
120 70 0
0 58 0
0 60 42
0 64 41
0 68 56
0 72 66
479 60 45
1 72 0
0 68 0
0 60 0
0 64 0
67 62 46
0 60 0
68 62 0
0 64 48
69 64 0
0 65 50
68 65 0
0 67 52
69 67 0
0 68 53
68 70 54
0 68 0
71 70 0
0 72 61
0 68 51
0 60 51
480 60 0
0 68 0
0 72 0
0 65 50
0 68 59
360 68 0
0 65 0
0 68 49
0 72 57
120 72 0
0 68 0
0 63 55
0 67 53
0 70 61
0 75 72
480 75 0
0 63 0
0 67 0
0 70 0
0 63 66
480 63 0
0 68 66
360 68 0
1560 68 47
0 77 56
0 72 47
0 65 47
240 65 0
240 68 0
0 77 0
0 72 0
0 72 46
0 67 46
0 79 54
360 79 0
0 67 0
0 72 0
0 68 49
0 80 57
120 80 0
0 68 0
0 72 50
0 77 49
0 80 56
0 84 66
480 84 0
0 72 0
0 77 0
0 80 0
0 65 47
0 77 56
240 77 0
0 65 0
0 67 55
80 67 0
0 68 57
80 68 0
0 70 59
80 70 0
0 63 56
0 68 56
0 71 67
353 70 50
7 71 0
0 63 0
0 68 0
53 70 0
10 68 50
57 77 59
3 68 0
957 77 0
0 78 66
480 78 0
0 70 47
0 79 56
0 74 47
0 67 47
360 67 0
120 70 0
0 79 0
0 74 0
0 74 46
0 69 46
0 81 54
360 81 0
0 69 0
0 74 0
0 70 49
0 82 57
120 82 0
0 70 0
0 74 50
0 79 49
0 82 56
0 86 66
480 86 0
0 74 0
0 79 0
0 82 0
0 67 47
0 79 56
240 79 0
0 67 0
0 69 55
80 69 0
0 70 57
80 70 0
0 72 59
80 72 0
0 65 49
0 70 56
0 73 67
353 72 50
7 73 0
0 65 0
0 70 0
53 72 0
10 70 50
57 79 59
3 70 0
957 79 0
0 80 68
480 80 0
0 73 51
0 81 70
0 76 60
0 69 51
360 69 0
120 73 0
0 81 0
0 76 0
0 76 52
0 71 52
0 83 62
360 83 0
0 71 0
0 76 0
0 73 56
0 85 65
120 85 0
0 73 0
0 76 57
0 81 56
0 85 64
0 88 75
480 88 0
0 76 0
0 81 0
0 85 0
0 69 62
0 81 73
480 81 0
0 69 0
0 77 58
0 80 58
0 85 69
0 89 82
480 89 0
0 77 0
0 80 0
0 85 0
0 75 67
0 80 67
0 77 67
0 87 79
480 87 0
0 75 0
0 80 0
0 77 0
0 73 58
0 77 58
0 80 69
0 85 82
480 85 0
0 73 0
0 77 0
0 80 0
0 72 56
0 77 56
0 80 67
0 84 79
360 84 0
0 72 0
0 77 0
0 80 0
0 70 61
0 82 72
120 82 0
0 70 0
0 80 78
80 80 0
0 69 53
80 69 0
0 70 53
80 70 0
0 71 54
80 71 0
0 72 54
80 72 0
0 73 54
80 73 0
0 74 55
80 74 0
0 75 55
80 75 0
0 76 56
80 76 0
0 77 56
80 77 0
0 78 57
80 78 0
0 79 57
80 79 0
0 80 68
80 80 0
0 74 56
80 74 0
0 75 63
80 75 0
0 76 59
80 76 0
0 77 59
80 77 0
0 78 59
80 78 0
0 79 57
80 79 0
0 80 58
80 80 0
0 81 59
80 81 0
0 82 60
80 82 0
0 83 62
80 83 0
0 84 63
80 84 0
0 82 71
0 85 84
480 85 0
0 82 0
0 77 77
360 77 0
0 82 65
120 82 0
0 80 76
480 80 0
0 73 66
360 73 0
0 75 62
120 75 0
0 77 57
480 77 0
0 80 56
960 80 0
540 70 22
60 70 0
0 73 24
60 73 0
0 77 25
60 77 0
0 82 27
60 82 0
0 77 26
60 77 0
0 73 24
60 73 0
0 70 22
60 70 0
60 70 21
60 70 0
0 73 23
60 73 0
0 77 25
60 77 0
0 82 28
60 82 0
0 77 26
60 77 0
0 73 23
60 73 0
120 68 22
60 68 0
0 73 23
60 73 0
0 77 25
60 77 0
0 80 27
60 80 0
0 77 27
60 77 0
0 73 24
60 73 0
0 68 22
60 68 0
60 68 22
60 68 0
0 73 23
60 73 0
0 77 25
60 77 0
0 80 26
60 80 0
0 77 27
60 77 0
0 73 24
60 73 0
0 68 22
60 68 0
60 68 23
60 68 0
0 72 26
60 72 0
0 77 27
60 77 0
0 80 28
60 80 0
0 77 27
60 77 0
0 72 25
60 72 0
0 68 23
58 68 0
62 72 21
60 72 0
0 77 22
60 77 0
0 80 24
60 80 0
0 84 27
60 84 0
0 80 25
60 80 0
0 77 24
60 77 0
0 72 22
60 72 0
60 72 23
60 72 0
0 77 26
60 77 0
0 80 27
60 80 0
0 84 28
60 84 0
0 80 27
60 80 0
0 77 25
60 77 0
0 72 23
60 72 0
60 72 21
60 72 0
0 77 22
60 77 0
0 80 24
60 80 0
0 84 27
60 84 0
0 80 25
60 80 0
0 77 24
60 77 0
0 72 22
58 72 0
62 72 22
60 72 0
0 77 24
60 77 0
0 80 25
60 80 0
0 84 27
60 84 0
0 80 26
60 80 0
0 77 24
60 77 0
0 72 22
60 72 0
60 72 21
60 72 0
0 77 23
60 77 0
0 80 25
60 80 0
0 84 28
60 84 0
0 80 26
60 80 0
0 77 23
60 77 0
0 72 23
58 72 0
62 72 22
60 72 0
0 76 23
60 76 0
0 80 25
60 80 0
0 84 27
60 84 0
0 80 27
60 80 0
0 76 24
60 76 0
0 72 22
60 72 0
60 72 22
60 72 0
0 76 23
60 76 0
0 80 25
60 80 0
0 84 26
60 84 0
0 80 27
60 80 0
0 76 24
60 76 0
0 72 22
58 72 0
62 72 22
60 72 0
0 77 24
60 77 0
0 80 25
60 80 0
0 84 27
60 84 0
0 80 26
60 80 0
0 77 24
60 77 0
0 72 22
60 72 0
60 72 21
60 72 0
0 77 23
60 77 0
0 80 25
60 80 0
0 84 28
60 84 0
0 80 26
60 80 0
0 77 23
60 77 0
0 72 23
58 72 0
62 72 22
60 72 0
0 76 23
60 76 0
0 80 25
60 80 0
0 84 27
60 84 0
0 80 27
60 80 0
0 76 24
60 76 0
0 72 22
60 72 0
60 72 22
60 72 0
0 76 23
60 76 0
0 80 25
60 80 0
0 84 26
60 84 0
0 80 27
60 80 0
0 76 24
60 76 0
0 72 22
58 72 0
62 72 22
60 72 0
0 77 23
60 77 0
0 80 25
60 80 0
0 84 27
60 84 0
0 80 27
60 80 0
0 77 26
60 77 0
0 72 24
60 72 0
60 72 24
60 72 0
0 77 25
60 77 0
0 80 28
60 80 0
0 84 29
60 84 0
0 80 31
60 80 0
0 77 28
60 77 0
0 72 26
60 72 0
60 75 28
60 75 0
0 80 32
60 80 0
0 84 33
60 84 0
0 87 34
60 87 0
0 84 34
60 84 0
0 80 33
60 80 0
0 75 30
60 75 0
60 75 27
60 75 0
0 79 31
60 79 0
0 82 33
60 82 0
0 87 37
60 87 0
0 82 35
60 82 0
0 79 34
60 79 0
0 75 32
60 75 0
60 75 32
60 75 0
0 80 34
60 80 0
0 84 36
60 84 0
0 87 39
60 87 0
0 84 39
60 84 0
0 80 35
60 80 0
0 75 32
60 75 0
60 72 30
60 72 0
0 77 33
60 77 0
0 80 35
60 80 0
0 84 35
60 84 0
0 80 36
60 80 0
0 77 33
60 77 0
0 72 30
60 72 0
60 68 29
60 68 0
0 72 31
60 72 0
0 75 33
60 75 0
0 80 35
60 80 0
0 75 34
60 75 0
0 72 31
60 72 0
0 68 28
60 68 0
60 64 27
60 64 0
0 70 29
60 70 0
0 72 31
60 72 0
0 76 31
60 76 0
0 72 32
60 72 0
0 70 29
60 70 0
0 64 27
60 64 0
60 60 26
60 60 0
0 65 28
60 65 0
0 68 30
60 68 0
0 72 32
60 72 0
0 68 32
60 68 0
0 65 29
60 65 0
0 60 27
60 60 0
60 60 26
60 60 0
0 65 28
60 65 0
0 68 30
60 68 0
0 72 31
60 72 0
0 68 32
60 68 0
0 65 29
60 65 0
0 60 27
58 60 0
62 60 28
60 60 0
0 65 31
60 65 0
0 68 32
60 68 0
0 72 33
60 72 0
0 68 32
60 68 0
0 65 30
60 65 0
0 60 28
60 60 0
60 60 25
60 60 0
0 65 27
60 65 0
0 68 29
60 68 0
0 72 32
60 72 0
0 68 30
60 68 0
0 65 29
60 65 0
0 60 27
60 60 0
60 62 25
60 62 0
0 65 27
60 65 0
0 68 29
60 68 0
0 74 32
60 74 0
0 68 30
60 68 0
0 65 29
60 65 0
0 62 27
60 62 0
60 62 25
60 62 0
0 68 27
60 68 0
0 71 29
60 71 0
0 74 32
60 74 0
0 71 33
60 71 0
0 68 32
60 68 0
0 62 30
60 62 0
60 62 30
60 62 0
0 68 31
60 68 0
0 71 31
60 71 0
0 74 33
60 74 0
0 71 31
60 71 0
0 68 30
60 68 0
0 62 29
60 62 0
60 62 27
60 62 0
0 69 30
60 69 0
0 72 32
60 72 0
0 74 36
60 74 0
0 72 34
60 72 0
0 69 33
60 69 0
0 62 31
60 62 0
60 62 26
60 62 0
0 67 28
60 67 0
0 70 30
60 70 0
0 74 32
60 74 0
0 70 32
60 70 0
0 67 29
60 67 0
0 62 27
60 62 0
60 62 26
60 62 0
0 67 28
60 67 0
0 70 30
60 70 0
0 74 31
60 74 0
0 70 32
60 70 0
0 67 29
60 67 0
0 62 27
58 62 0
62 62 28
60 62 0
0 67 31
60 67 0
0 70 32
60 70 0
0 74 33
60 74 0
0 70 32
60 70 0
0 67 30
60 67 0
0 62 28
60 62 0
60 62 25
60 62 0
0 67 27
60 67 0
0 70 29
60 70 0
0 74 32
60 74 0
0 70 30
60 70 0
0 67 29
60 67 0
0 62 27
60 62 0
60 64 25
60 64 0
0 67 27
60 67 0
0 70 29
60 70 0
0 76 32
60 76 0
0 70 30
60 70 0
0 67 29
60 67 0
0 64 27
60 64 0
60 64 25
60 64 0
0 70 27
60 70 0
0 73 29
60 73 0
0 76 32
60 76 0
0 73 32
60 73 0
0 70 31
60 70 0
0 64 29
60 64 0
60 64 30
60 64 0
0 70 31
60 70 0
0 73 32
60 73 0
0 76 33
60 76 0
0 73 31
60 73 0
0 70 30
60 70 0
0 64 29
60 64 0
60 64 27
60 64 0
0 71 30
60 71 0
0 74 32
60 74 0
0 76 36
60 76 0
0 74 34
60 74 0
0 71 33
60 71 0
0 64 31
60 64 0
60 64 32
60 64 0
0 69 35
60 69 0
0 73 37
60 73 0
0 76 40
60 76 0
0 73 40
60 73 0
0 69 36
60 69 0
0 64 33
60 64 0
60 64 32
60 64 0
0 69 35
60 69 0
0 73 37
60 73 0
0 76 38
60 76 0
0 73 40
60 73 0
0 69 36
60 69 0
0 64 33
58 64 0
62 64 32
60 64 0
0 69 35
60 69 0
0 73 37
60 73 0
0 76 40
60 76 0
0 73 40
60 73 0
0 69 36
60 69 0
0 64 33
60 64 0
60 64 32
60 64 0
0 69 35
60 69 0
0 73 37
60 73 0
0 76 38
60 76 0
0 73 40
60 73 0
0 69 36
60 69 0
0 64 33
58 64 0
62 65 32
60 65 0
0 68 35
60 68 0
0 73 37
60 73 0
0 77 41
60 77 0
0 73 41
60 73 0
0 68 37
60 68 0
0 65 34
60 65 0
60 65 34
60 65 0
0 68 37
60 68 0
0 73 39
60 73 0
0 77 41
60 77 0
0 73 44
60 73 0
0 68 39
60 68 0
0 65 36
58 65 0
62 65 36
60 65 0
0 68 39
60 68 0
0 73 42
60 73 0
0 77 46
60 77 0
0 73 46
60 73 0
0 68 42
60 68 0
0 65 38
60 65 0
60 65 38
60 65 0
0 68 42
60 68 0
0 73 44
60 73 0
0 77 45
60 77 0
0 73 48
60 73 0
0 68 44
60 68 0
0 65 40
58 65 0
62 66 40
60 66 0
0 72 44
60 72 0
0 75 47
60 75 0
0 80 51
60 80 0
0 75 52
60 75 0
0 72 47
60 72 0
0 66 43
60 66 0
60 66 42
60 66 0
0 72 47
60 72 0
0 75 50
60 75 0
0 80 52
60 80 0
0 75 55
60 75 0
0 72 50
60 72 0
0 66 46
58 66 0
62 66 45
60 66 0
0 72 50
60 72 0
0 75 53
60 75 0
0 80 58
60 80 0
0 75 58
60 75 0
0 72 53
60 72 0
0 66 49
60 66 0
60 66 48
60 66 0
0 72 53
60 72 0
0 75 56
60 75 0
0 80 58
60 80 0
0 75 62
60 75 0
0 72 56
60 72 0
0 66 51
58 66 0
2 82 73
0 77 61
0 73 61
0 70 52
480 70 0
0 82 0
0 77 0
0 73 0
0 65 57
0 73 57
0 77 66
360 77 0
0 73 0
0 65 0
0 70 50
0 82 59
120 82 0
0 70 0
0 68 53
0 73 53
0 80 70
480 80 0
0 73 0
0 68 0
0 61 55
0 73 64
360 73 0
0 61 0
0 63 45
0 75 54
120 75 0
0 63 0
0 65 57
0 72 57
0 77 68
480 77 0
0 72 0
0 65 0
0 68 45
0 77 54
0 72 45
0 80 64
960 80 0
0 68 0
0 77 0
0 72 0
0 72 54
0 66 54
0 76 64
480 76 0
0 66 0
0 72 0
0 82 70
0 77 59
0 73 50
0 70 50
480 70 0
0 82 0
0 77 0
0 73 0
0 53 52
0 61 52
0 65 60
360 65 0
0 61 0
0 53 0
0 58 50
0 70 59
120 70 0
0 58 0
0 56 42
0 61 41
0 65 56
0 68 66
480 68 0
0 56 0
0 61 0
0 65 0
0 49 49
0 61 64
360 61 0
0 49 0
0 51 45
0 63 54
120 63 0
0 51 0
0 53 57
0 60 57
0 65 68
480 65 0
0 60 0
0 53 0
0 56 38
0 65 54
0 60 45
0 68 64
960 68 0
0 56 0
0 65 0
0 60 0
0 54 48
0 60 54
0 64 64
480 64 0
0 60 0
0 54 0
0 65 56
0 61 40
0 53 40
238 53 0
242 61 0
0 65 0
0 61 60
360 61 0
0 65 55
120 65 0
0 60 41
0 63 41
0 66 49
0 68 58
240 68 0
0 60 0
0 63 0
0 66 0
240 56 41
60 56 0
0 57 43
60 57 0
0 58 44
60 58 0
0 59 45
60 59 0
0 60 46
60 60 0
0 61 47
60 61 0
0 62 49
60 62 0
0 63 51
60 63 0
0 65 56
480 65 0
0 61 59
360 61 0
0 65 58
120 65 0
0 60 41
0 63 41
0 66 49
0 68 58
240 68 0
0 60 0
0 63 0
0 66 0
240 56 53
60 56 0
0 57 54
60 57 0
0 58 56
60 58 0
0 59 57
60 59 0
0 60 59
60 60 0
0 61 60
60 61 0
0 62 62
60 62 0
0 63 63
60 63 0
0 65 71
240 65 0
0 53 57
60 53 0
0 56 46
60 56 0
0 61 46
60 61 0
0 65 46
60 65 0
240 56 56
60 56 0
0 61 47
60 61 0
0 65 47
60 65 0
0 68 47
60 68 0
240 61 56
60 61 0
0 65 46
60 65 0
0 68 46
60 68 0
0 73 47
60 73 0
240 65 56
60 65 0
0 68 47
60 68 0
0 73 47
60 73 0
0 77 47
60 77 0
240 68 56
60 68 0
0 73 49
60 73 0
0 77 49
60 77 0
0 80 49
60 80 0
240 73 60
60 73 0
0 77 50
60 77 0
0 80 50
60 80 0
0 85 50
60 85 0
240 77 61
60 77 0
0 80 50
60 80 0
0 85 50
60 85 0
0 89 50
60 89 0
240 80 62
60 80 0
0 85 50
60 85 0
0 89 50
60 89 0
0 92 51
60 92 0
0 85 78
0 97 85
480 97 0
0 85 0
0 85 80
0 80 68
0 73 57
0 77 57
480 77 0
0 85 0
0 80 0
0 73 0
0 65 68
0 68 68
0 73 81
480 73 0
0 68 0
0 65 0
0 65 78
0 61 66
0 53 66
480 53 0
0 61 0
0 65 0
0 49 87
480 49 0
0 70 37
58 70 0
422 65 34
420 65 0
0 70 39
60 70 0
0 68 42
58 68 0
422 61 34
420 61 0
0 63 31
60 63 0
0 65 39
480 65 0
0 68 37
58 68 0
422 37 35
240 37 0
0 41 32
120 41 0
0 44 32
120 44 0
0 53 37
120 53 0
0 56 31
120 56 0
0 61 31
120 61 0
0 65 31
120 65 0
0 70 37
58 70 0
422 65 34
420 65 0
0 70 39
60 70 0
0 68 42
58 68 0
422 61 34
420 61 0
0 63 31
60 63 0
0 65 39
480 65 0
0 68 37
58 68 0
422 41 35
240 41 0
0 48 32
120 48 0
0 53 32
120 53 0
0 56 37
120 56 0
0 60 31
120 60 0
0 65 31
120 65 0
0 68 31
120 68 0
0 72 37
58 72 0
422 68 34
420 68 0
0 70 39
60 70 0
0 72 42
58 72 0
422 60 27
68 60 0
0 62 28
69 62 0
0 64 29
68 65 30
0 64 0
68 65 0
0 67 32
69 67 0
0 68 33
68 70 34
0 68 0
70 70 0
0 72 37
58 72 0
422 68 34
420 68 0
0 70 39
60 70 0
0 72 42
58 72 0
422 60 27
68 60 0
0 62 28
69 62 0
0 64 29
68 65 30
0 64 0
68 65 0
0 67 32
69 67 0
0 68 33
68 70 34
0 68 0
70 70 0
0 72 42
58 72 0
422 70 36
420 70 0
0 68 37
60 68 0
0 75 52
58 75 0
422 63 45
480 63 0
0 68 58
420 68 0
0 63 44
60 63 0
0 65 47
420 65 0
0 60 42
60 60 0
0 63 56
420 63 0
0 56 39
60 56 0
0 60 42
420 60 0
0 52 32
60 52 0
0 53 43
480 53 0
0 55 40
420 55 0
0 56 37
60 56 0
0 60 47
58 60 0
422 53 40
300 53 0
0 55 34
60 55 0
0 56 38
60 56 0
0 58 42
60 58 0
0 59 46
360 59 0
0 58 41
60 58 0
0 56 46
60 56 0
0 65 51
960 65 0
0 66 56
480 66 0
0 55 43
480 55 0
0 57 40
420 57 0
0 58 37
60 58 0
0 62 47
58 62 0
422 55 40
300 55 0
0 57 34
60 57 0
0 58 38
60 58 0
0 60 42
60 60 0
0 61 46
360 61 0
0 60 41
60 60 0
0 58 46
60 58 0
0 67 51
960 67 0
0 68 56
480 68 0
0 57 53
480 57 0
0 59 50
420 59 0
0 61 46
60 61 0
0 64 53
58 64 0
422 57 50
480 57 0
0 65 53
58 65 0
422 63 53
480 63 0
0 61 59
480 61 0
0 60 59
420 60 0
0 58 57
60 58 0
0 44 56
0 56 66
480 56 0
0 44 0
0 43 58
0 55 68
480 55 0
0 43 0
0 42 59
0 54 71
480 54 0
0 42 0
0 41 63
0 53 75
420 53 0
0 41 0
0 39 61
0 51 72
60 51 0
0 39 0
0 37 63
96 37 0
0 44 48
96 44 0
0 49 50
96 49 0
0 53 52
96 53 0
0 58 54
96 58 0
480 41 63
96 41 0
0 44 49
96 44 0
0 49 52
96 49 0
0 53 54
96 53 0
0 56 57
96 56 0
480 32 63
120 32 0
0 44 53
120 44 0
0 56 53
120 56 0
0 55 53
120 55 0
0 54 51
120 54 0
0 53 44
120 53 0
0 52 44
120 52 0
0 51 44
120 51 0
0 50 51
120 50 0
0 49 48
120 49 0
0 48 44
120 48 0
0 47 44
120 47 0
0 46 48
120 46 0
0 44 40
120 44 0
0 43 44
120 43 0
0 44 48
120 44 0
0 37 63
96 37 0
0 44 48
96 44 0
0 49 50
96 49 0
0 53 52
96 53 0
0 58 54
96 58 0
480 34 63
96 34 0
0 46 49
96 46 0
0 49 52
96 49 0
0 53 54
96 53 0
0 56 57
96 56 0
480 37 63
120 37 0
0 44 58
120 44 0
0 49 58
120 49 0
0 53 57
120 53 0
0 56 57
120 56 0
0 54 52
120 54 0
0 53 51
120 53 0
0 51 49
120 51 0
0 49 51
120 49 0
0 47 48
120 47 0
0 46 48
120 46 0
0 44 46
120 44 0
0 42 51
120 42 0
0 41 48
120 41 0
0 39 50
120 39 0
0 37 52
120 37 0
0 36 59
96 36 0
0 48 45
96 48 0
0 53 47
96 53 0
0 56 49
96 56 0
0 60 51
96 60 0
480 48 39
68 50 40
0 48 0
68 50 0
1 52 40
68 53 41
0 52 0
68 53 0
0 55 43
69 55 0
0 56 44
68 56 0
0 58 45
69 58 0
481 41 45
96 41 0
0 48 35
96 48 0
0 53 37
96 53 0
0 56 39
96 56 0
0 60 42
96 60 0
480 48 36
68 50 37
0 48 0
68 50 0
1 52 37
68 53 38
0 52 0
68 53 0
0 55 40
69 55 0
0 56 41
68 56 0
0 58 42
69 58 0
481 41 45
96 41 0
0 48 35
96 48 0
0 53 37
96 53 0
0 56 39
96 56 0
0 60 42
96 60 0
480 39 46
80 39 0
0 46 47
80 46 0
0 51 48
80 51 0
0 55 49
80 55 0
0 58 50
80 58 0
0 61 51
80 61 0
80 61 53
80 61 0
0 58 51
80 58 0
0 55 50
80 55 0
0 51 49
80 51 0
0 46 48
80 46 0
0 44 46
80 44 0
0 51 47
80 51 0
0 56 48
80 56 0
0 60 49
80 60 0
0 63 50
80 63 0
0 68 51
80 68 0
0 72 51
80 72 0
0 70 46
80 70 0
0 68 46
80 68 0
0 65 51
80 65 0
0 63 47
80 63 0
0 65 47
80 65 0
0 63 52
80 63 0
0 60 51
80 60 0
0 56 50
80 56 0
0 58 48
80 58 0
0 56 47
80 56 0
0 53 46
80 53 0
0 51 44
80 51 0
0 53 43
80 53 0
0 51 42
80 51 0
0 48 40
80 48 0
0 44 39
80 44 0
0 43 38
80 43 0
0 41 46
80 41 0
0 48 47
80 48 0
0 53 48
80 53 0
0 56 49
80 56 0
0 60 50
80 60 0
0 65 51
80 65 0
80 65 53
80 65 0
0 60 51
80 60 0
0 56 50
80 56 0
0 53 49
80 53 0
0 48 48
80 48 0
0 41 46
80 41 0
0 48 47
80 48 0
0 53 48
80 53 0
0 55 49
80 55 0
0 56 50
80 56 0
0 60 51
80 60 0
80 60 47
80 60 0
0 56 49
80 56 0
0 53 43
80 53 0
0 48 45
80 48 0
0 41 46
80 41 0
0 53 28
0 56 28
0 59 34
240 59 0
0 56 0
0 53 0
240 51 34
80 51 0
0 56 35
80 56 0
0 59 37
80 59 0
0 63 38
80 63 0
0 65 39
80 65 0
0 68 41
80 68 0
0 71 43
80 71 0
0 68 42
80 68 0
0 65 41
80 65 0
0 63 39
80 63 0
0 59 38
80 59 0
0 56 37
80 56 0
0 50 41
80 50 0
0 57 43
80 57 0
0 60 46
80 60 0
0 62 49
80 62 0
0 66 51
80 66 0
0 74 54
78 74 0
2 43 46
80 43 0
0 50 41
80 50 0
0 55 42
80 55 0
0 58 44
80 58 0
0 62 46
80 62 0
0 67 49
80 67 0
80 67 52
80 67 0
0 62 50
80 62 0
0 58 48
80 58 0
0 55 46
80 55 0
0 50 43
80 50 0
0 43 46
80 43 0
0 50 47
80 50 0
0 55 48
80 55 0
0 57 49
80 57 0
0 58 50
80 58 0
0 62 51
80 62 0
80 62 47
80 62 0
0 58 49
80 58 0
0 55 43
80 55 0
0 50 45
80 50 0
0 43 46
80 43 0
0 55 28
0 58 28
0 61 34
240 61 0
0 58 0
0 55 0
240 53 37
80 53 0
0 58 39
80 58 0
0 61 40
80 61 0
0 65 41
80 65 0
0 67 43
80 67 0
0 70 44
80 70 0
0 73 45
69 73 0
0 70 46
68 67 45
1 70 0
68 67 0
0 65 44
69 61 43
0 65 0
69 61 0
0 58 42
69 58 0
0 53 41
67 53 0
0 52 43
80 52 0
0 59 45
80 59 0
0 62 46
80 62 0
0 64 48
80 64 0
0 68 50
80 68 0
0 76 52
78 76 0
2 45 52
80 45 0
0 52 54
80 52 0
0 57 55
80 57 0
0 61 56
80 61 0
0 64 57
80 64 0
0 69 58
80 69 0
80 69 60
80 69 0
0 64 58
80 64 0
0 61 57
80 61 0
0 57 56
80 57 0
0 52 55
80 52 0
0 43 52
80 43 0
0 49 54
80 49 0
0 52 55
80 52 0
0 57 56
80 57 0
0 61 57
80 61 0
0 64 58
80 64 0
80 64 54
80 64 0
0 61 56
80 61 0
0 57 58
80 57 0
0 52 60
80 52 0
0 43 63
80 43 0
0 44 66
80 44 0
0 45 41
80 45 0
0 46 41
80 46 0
0 47 42
80 47 0
0 48 43
80 48 0
0 49 43
80 49 0
0 50 44
80 50 0
0 51 45
80 51 0
0 52 45
80 52 0
0 53 45
80 53 0
0 54 46
80 54 0
0 55 46
80 55 0
0 56 47
80 56 0
0 57 47
80 57 0
0 58 48
80 58 0
0 59 49
80 59 0
0 60 49
80 60 0
0 61 50
80 61 0
0 62 51
80 62 0
0 63 51
80 63 0
0 64 52
80 64 0
0 65 53
80 65 0
0 66 53
80 66 0
0 67 54
80 67 0
0 68 77
480 68 0
0 55 63
0 56 63
0 67 75
480 67 0
0 56 0
0 55 0
0 54 65
0 56 65
0 66 77
480 66 0
0 56 0
0 54 0
0 53 58
0 56 58
0 65 71
360 65 0
0 56 0
0 53 0
0 51 52
0 63 62
120 63 0
0 51 0
0 37 67
80 37 0
0 44 47
80 44 0
0 49 47
80 49 0
0 53 47
80 53 0
0 56 47
80 56 0
0 61 45
80 61 0
0 65 48
80 65 0
0 68 41
80 68 0
0 73 41
80 73 0
0 68 41
80 68 0
0 65 41
80 65 0
0 61 41
80 61 0
0 56 49
80 56 0
0 53 35
80 53 0
0 49 35
80 49 0
0 44 36
80 44 0
0 37 36
80 37 0
0 44 36
80 44 0
0 49 45
80 49 0
0 53 38
80 53 0
0 56 38
80 56 0
0 61 34
80 61 0
0 65 34
80 65 0
0 68 33
80 68 0
0 73 37
80 73 0
0 68 32
80 68 0
0 65 32
80 65 0
0 61 32
80 61 0
0 56 31
80 56 0
0 53 30
80 53 0
0 49 35
80 49 0
0 44 30
80 44 0
0 37 30
80 37 0
0 44 30
80 44 0
0 49 29
80 49 0
0 53 29
80 53 0
0 56 34
80 56 0
0 53 29
80 53 0
0 49 29
80 49 0
0 53 28
80 53 0
0 56 28
80 56 0
0 61 28
80 61 0
0 65 32
80 65 0
0 61 27
80 61 0
0 56 27
80 56 0
0 61 27
80 61 0
0 65 27
80 65 0
0 68 27
80 68 0
0 70 37
58 70 0
422 65 34
420 65 0
0 70 39
60 70 0
0 68 42
58 68 0
422 61 34
420 61 0
0 63 31
60 63 0
0 65 39
480 65 0
0 68 43
480 68 0
0 41 35
240 41 0
0 48 32
120 48 0
0 53 32
120 53 0
0 56 37
120 56 0
0 60 31
120 60 0
0 65 31
120 65 0
0 68 31
120 68 0
0 72 37
58 72 0
422 68 34
420 68 0
0 70 39
60 70 0
0 72 42
58 72 0
422 60 27
68 60 0
0 62 28
69 62 0
0 64 29
68 65 30
0 64 0
68 65 0
0 67 32
69 67 0
0 68 33
68 70 34
0 68 0
70 70 0
0 72 37
58 72 0
422 68 34
420 68 0
0 70 39
60 70 0
0 72 42
58 72 0
422 60 27
68 60 0
0 62 28
69 62 0
0 64 29
68 65 30
0 64 0
68 65 0
0 67 32
69 67 0
0 68 33
68 70 34
0 68 0
70 70 0
0 72 42
58 72 0
422 70 36
420 70 0
0 68 37
60 68 0
0 75 52
58 75 0
422 63 45
480 63 0
0 68 58
420 68 0
0 63 44
60 63 0
0 65 47
420 65 0
0 60 42
60 60 0
0 63 56
420 63 0
0 56 39
60 56 0
0 60 42
420 60 0
0 52 32
60 52 0
0 53 43
480 53 0
0 55 40
420 55 0
0 56 37
60 56 0
0 60 47
58 60 0
422 53 40
300 53 0
0 55 34
60 55 0
0 56 38
60 56 0
0 58 42
60 58 0
0 59 46
360 59 0
0 58 41
60 58 0
0 56 46
60 56 0
0 65 51
960 65 0
0 66 56
480 66 0
0 55 43
480 55 0
0 57 40
420 57 0
0 58 37
60 58 0
0 62 47
58 62 0
422 55 40
300 55 0
0 57 34
60 57 0
0 58 38
60 58 0
0 60 42
60 60 0
0 61 46
360 61 0
0 60 41
60 60 0
0 58 46
60 58 0
0 67 51
960 67 0
0 68 56
480 68 0
0 57 53
480 57 0
0 59 50
420 59 0
0 61 46
60 61 0
0 64 53
58 64 0
422 57 50
480 57 0
0 65 53
58 65 0
422 63 53
480 63 0
0 61 59
480 61 0
0 60 59
420 60 0
0 58 57
60 58 0
0 44 56
0 56 66
480 56 0
0 44 0
0 43 58
0 55 68
480 55 0
0 43 0
0 42 59
0 54 71
480 54 0
0 42 0
0 41 63
0 53 75
420 53 0
0 41 0
0 39 61
0 51 72
60 51 0
0 39 0
0 37 63
80 37 0
0 44 48
80 44 0
0 49 50
80 49 0
0 53 56
80 53 0
0 56 52
80 56 0
0 61 52
80 61 0
480 37 63
80 37 0
0 44 48
80 44 0
0 49 50
80 49 0
0 53 56
80 53 0
0 56 52
80 56 0
0 61 52
78 61 0
482 32 63
120 32 0
0 44 58
120 44 0
0 56 52
120 56 0
0 55 51
120 55 0
0 54 57
120 54 0
0 53 52
120 53 0
0 52 51
120 52 0
0 51 49
120 51 0
0 50 56
120 50 0
0 49 52
120 49 0
0 48 48
120 48 0
0 47 46
120 47 0
0 46 51
120 46 0
0 44 48
120 44 0
0 43 50
120 43 0
0 44 52
120 44 0
0 37 56
96 37 0
0 44 43
96 44 0
0 49 45
96 49 0
0 53 46
96 53 0
0 58 48
96 58 0
480 41 56
96 41 0
0 44 44
96 44 0
0 49 46
96 49 0
0 53 48
96 53 0
0 56 51
96 56 0
480 32 63
120 32 0
0 44 58
120 44 0
0 56 52
120 56 0
0 55 51
120 55 0
0 54 57
120 54 0
0 53 52
120 53 0
0 52 51
120 52 0
0 51 49
120 51 0
0 50 51
120 50 0
0 49 46
120 49 0
0 48 46
120 48 0
0 47 44
120 47 0
0 46 51
120 46 0
0 44 47
120 44 0
0 43 42
120 43 0
0 44 36
120 44 0
0 37 50
80 37 0
0 44 33
80 44 0
0 49 34
80 49 0
0 53 35
80 53 0
0 56 36
80 56 0
0 54 37
80 54 0
0 53 38
80 53 0
0 51 39
80 51 0
0 49 40
80 49 0
0 48 41
80 48 0
0 46 42
80 46 0
0 45 43
80 45 0
0 44 36
60 44 0
0 46 26
60 46 0
0 48 28
60 48 0
0 49 30
60 49 0
0 51 33
60 51 0
0 53 35
60 53 0
0 54 37
60 54 0
0 55 40
60 55 0
480 37 43
80 37 0
0 44 34
80 44 0
0 49 35
80 49 0
0 53 37
80 53 0
0 56 38
80 56 0
0 54 40
80 54 0
0 53 42
80 53 0
0 51 43
80 51 0
0 49 45
80 49 0
0 48 46
80 48 0
0 46 48
80 46 0
0 45 50
80 45 0
0 44 32
60 44 0
0 46 34
60 46 0
0 48 36
60 48 0
0 49 38
60 49 0
0 51 40
60 51 0
0 53 42
60 53 0
0 54 45
60 54 0
0 55 47
60 55 0
480 37 63
60 37 0
0 53 48
60 53 0
0 49 48
60 49 0
0 44 48
60 44 0
240 56 62
60 56 0
0 53 45
60 53 0
0 49 45
60 49 0
0 44 45
60 44 0
240 61 64
60 61 0
0 56 46
60 56 0
0 53 46
60 53 0
0 49 46
60 49 0
240 65 63
60 65 0
0 61 47
60 61 0
0 56 47
60 56 0
0 53 47
60 53 0
240 68 64
60 68 0
0 65 48
60 65 0
0 61 48
60 61 0
0 56 48
60 56 0
240 73 65
60 73 0
0 68 48
60 68 0
0 65 48
60 65 0
0 61 48
60 61 0
240 77 66
60 77 0
0 73 50
60 73 0
0 68 50
60 68 0
0 65 50
60 65 0
240 80 69
60 80 0
0 77 51
60 77 0
0 73 52
60 73 0
0 68 52
60 68 0
240 73 56
0 77 56
0 80 67
480 80 0
0 77 0
0 73 0
0 61 45
0 65 53
0 68 63
480 68 0
0 65 0
0 61 0
0 61 67
0 56 56
480 56 0
0 61 0
0 49 53
0 44 53
0 56 63
480 56 0
0 44 0
0 49 0
0 25 63
0 37 75
480 37 0
0 25 0
