0 59 64
0 62 77
480 62 0
0 59 0
0 86 70
240 86 0
240 59 55
0 62 65
480 62 0
0 59 0
0 86 62
240 86 0
240 62 59
0 59 50
480 59 0
0 62 0
0 86 57
240 86 0
240 59 43
0 62 51
480 62 0
0 59 0
0 86 49
240 86 0
120 62 46
120 62 0
0 59 43
0 67 51
240 67 0
0 59 0
0 67 44
240 67 0
0 86 47
0 59 42
0 67 50
120 67 0
0 59 0
0 69 40
120 69 0
0 71 45
120 71 0
0 72 40
85 72 0
5 72 44
30 86 0
0 62 43
0 71 51
30 72 0
210 71 0
0 62 0
0 69 39
120 69 0
0 71 35
120 71 0
0 86 45
0 59 38
0 67 45
360 67 0
0 59 0
0 64 47
120 64 0
0 86 0
0 60 43
0 69 51
240 69 0
0 60 0
0 69 45
240 69 0
0 86 47
0 60 42
0 69 50
120 69 0
0 60 0
0 71 40
120 71 0
0 72 45
120 72 0
0 74 40
85 74 0
5 74 44
30 86 0
0 64 43
0 72 51
30 74 0
210 72 0
0 64 0
0 71 41
120 71 0
0 72 38
120 72 0
0 86 45
0 60 38
0 69 45
360 69 0
0 60 0
0 67 47
120 67 0
0 86 0
0 60 43
0 66 51
240 66 0
0 60 0
0 66 48
210 66 0
0 67 42
30 67 0
0 86 47
0 60 42
0 66 50
120 66 0
0 60 0
0 62 40
120 62 0
0 64 45
120 64 0
0 66 40
120 66 0
0 86 0
0 59 43
0 67 51
480 67 0
0 59 0
0 86 47
360 62 44
120 62 0
0 86 0
0 67 48
0 59 40
240 59 0
0 67 0
0 67 45
240 67 0
0 59 40
0 67 47
0 86 44
120 67 0
0 59 0
0 69 38
120 69 0
0 71 43
120 71 0
0 72 38
85 72 0
5 72 41
30 86 0
0 62 40
0 71 48
30 72 0
210 71 0
0 62 0
0 69 39
120 69 0
0 71 33
120 71 0
0 86 42
0 67 42
0 59 36
360 59 0
0 67 0
0 64 44
120 64 0
0 86 0
0 69 48
0 60 40
240 60 0
0 69 0
0 69 42
240 69 0
0 60 40
0 69 47
0 86 44
120 69 0
0 60 0
0 71 38
120 71 0
0 72 43
120 72 0
0 74 38
85 74 0
5 74 41
30 86 0
0 72 48
0 64 40
30 74 0
210 64 0
0 72 0
0 71 38
120 71 0
0 72 36
120 72 0
0 86 42
0 60 36
0 69 42
360 69 0
0 60 0
0 67 44
120 67 0
0 86 0
0 60 40
0 66 48
240 66 0
0 60 0
0 66 45
210 66 0
0 67 40
30 67 0
0 60 40
0 66 47
0 86 44
120 66 0
0 60 0
0 62 38
120 62 0
0 64 43
120 64 0
0 66 38
120 66 0
0 86 0
0 67 48
0 59 40
480 59 0
0 67 0
0 86 44
360 62 46
120 62 0
0 86 0
0 67 51
0 59 43
240 59 0
0 67 0
0 67 44
240 67 0
0 59 42
0 77 45
0 67 50
120 67 0
0 59 0
0 69 40
120 69 0
0 71 45
120 71 0
0 72 37
85 72 0
5 72 44
30 77 0
0 71 51
0 62 43
30 72 0
210 62 0
0 71 0
0 69 41
120 69 0
0 71 37
120 71 0
0 59 37
0 67 45
0 77 42
360 67 0
0 59 0
0 64 47
120 64 0
0 77 0
0 69 51
0 60 43
240 60 0
0 69 0
0 69 45
240 69 0
0 60 44
0 76 46
0 69 51
120 69 0
0 60 0
0 71 42
120 71 0
0 72 48
120 72 0
0 74 43
85 74 0
5 74 47
30 76 0
0 72 54
0 64 46
30 74 0
210 64 0
0 72 0
0 71 45
120 71 0
0 72 38
120 72 0
0 60 42
0 69 51
0 76 47
360 69 0
0 60 0
0 67 56
120 67 0
0 76 0
0 72 62
0 64 52
240 64 0
0 72 0
0 72 55
240 72 0
0 64 53
0 81 55
0 72 63
120 72 0
0 64 0
0 74 51
120 74 0
0 76 58
120 76 0
0 78 52
85 78 0
5 78 56
30 81 0
0 76 66
0 67 55
30 78 0
210 67 0
0 76 0
0 74 54
120 74 0
0 76 50
120 76 0
0 66 50
0 72 61
0 81 55
360 72 0
0 66 0
0 71 67
120 71 0
0 81 0
0 79 74
0 71 62
240 71 0
0 79 0
0 79 68
240 79 0
0 71 65
0 86 72
0 79 76
120 79 0
0 71 0
0 81 62
120 81 0
0 83 70
120 83 0
0 84 62
85 84 0
5 84 67
30 86 0
0 83 79
0 74 66
30 84 0
210 74 0
0 83 0
0 81 73
120 81 0
0 83 69
120 83 0
0 71 69
0 79 84
0 91 81
360 79 0
0 71 0
0 62 64
120 62 0
0 91 0
0 67 69
0 59 57
240 59 0
0 67 0
0 67 59
240 67 0
0 59 56
0 77 59
0 67 68
120 67 0
0 59 0
0 69 54
120 69 0
0 71 60
120 71 0
0 72 54
85 72 0
5 72 59
30 77 0
0 71 69
0 62 57
30 72 0
210 62 0
0 71 0
0 69 53
120 69 0
0 71 51
120 71 0
0 59 51
0 67 60
0 77 56
360 67 0
0 59 0
0 64 64
120 64 0
0 77 0
0 69 69
0 60 57
240 60 0
0 69 0
0 69 60
240 69 0
0 60 59
0 76 61
0 69 69
120 69 0
0 60 0
0 71 56
120 71 0
0 72 65
120 72 0
0 74 57
85 74 0
5 74 62
30 76 0
0 72 72
0 64 61
30 74 0
210 64 0
0 72 0
0 71 60
120 71 0
0 72 55
120 72 0
0 60 56
0 69 69
0 76 64
360 69 0
0 60 0
0 67 65
120 67 0
0 76 0
0 72 71
0 64 59
240 64 0
0 72 0
0 72 63
240 72 0
0 64 61
0 81 65
0 72 72
120 72 0
0 64 0
0 74 58
120 74 0
0 76 67
120 76 0
0 78 59
85 78 0
5 78 65
30 81 0
0 76 75
0 67 63
30 78 0
210 67 0
0 76 0
0 74 62
120 74 0
0 76 57
120 76 0
0 66 57
0 72 70
0 81 65
360 72 0
0 66 0
0 74 68
120 74 0
0 81 0
0 79 75
0 71 63
240 71 0
0 79 0
0 79 70
240 79 0
0 71 67
0 86 70
0 79 78
120 79 0
0 71 0
0 81 63
120 81 0
0 83 69
120 83 0
0 84 63
85 84 0
5 84 68
30 86 0
0 83 81
0 74 68
30 84 0
210 74 0
0 83 0
0 81 75
120 81 0
0 83 71
120 83 0
0 71 71
0 79 87
0 91 78
480 91 0
0 79 0
0 71 0
0 57 71
0 62 62
120 62 0
0 57 0
0 59 56
120 59 0
0 60 59
120 60 0
0 62 54
120 62 0
0 74 68
480 74 0
0 64 59
0 72 70
240 72 0
0 64 0
0 62 52
0 71 62
120 71 0
0 62 0
0 64 46
0 72 55
120 72 0
0 64 0
0 60 52
0 69 62
480 69 0
0 60 0
0 57 71
0 62 62
120 62 0
0 57 0
0 59 58
120 59 0
0 60 59
120 60 0
0 62 53
120 62 0
0 74 68
480 74 0
0 62 59
0 71 70
240 71 0
0 62 0
0 60 52
0 69 62
120 69 0
0 60 0
0 62 46
0 71 55
120 71 0
0 62 0
0 59 52
0 67 62
480 67 0
0 59 0
0 57 58
0 62 51
120 62 0
0 57 0
0 59 47
120 59 0
0 60 48
120 60 0
0 62 45
120 62 0
0 74 55
480 74 0
0 64 48
0 72 57
240 72 0
0 64 0
0 62 43
0 71 51
120 71 0
0 62 0
0 64 37
0 72 45
120 72 0
0 64 0
0 60 43
0 69 51
480 69 0
0 60 0
0 57 55
0 62 48
120 62 0
0 57 0
0 59 40
120 59 0
0 60 45
120 60 0
0 62 40
120 62 0
0 74 52
480 74 0
0 62 45
0 71 54
240 71 0
0 62 0
0 60 40
0 69 48
120 69 0
0 60 0
0 62 35
0 71 42
120 71 0
0 62 0
0 59 40
0 67 48
240 67 0
0 59 0
0 62 34
0 71 40
240 71 0
0 62 0
0 60 39
0 69 46
240 69 0
0 60 0
0 59 36
0 67 43
240 67 0
0 59 0
0 79 48
0 59 40
0 67 48
480 67 0
0 59 0
0 79 0
0 59 34
0 62 40
480 62 0
0 59 0
0 79 48
480 79 0
0 59 33
0 62 39
480 62 0
0 59 0
0 79 48
960 79 0
0 78 45
120 76 41
20 78 0
100 74 44
20 76 0
100 72 40
20 74 0
100 71 48
20 72 0
460 71 0
0 60 34
0 66 34
0 69 41
480 69 0
0 66 0
0 60 0
0 67 40
0 59 34
0 62 34
480 62 0
0 59 0
0 67 0
0 86 43
480 86 0
0 67 38
0 59 32
0 62 32
480 62 0
0 59 0
0 67 0
0 86 39
480 86 0
0 67 38
0 59 32
0 62 32
480 62 0
0 59 0
0 67 0
0 86 39
480 86 0
0 59 33
0 62 39
480 62 0
0 59 0
0 86 42
360 62 46
120 62 0
0 86 0
0 59 43
0 67 51
240 67 0
0 59 0
0 67 44
240 67 0
0 86 47
0 59 42
0 67 50
120 67 0
0 59 0
0 69 40
120 69 0
0 71 43
120 71 0
0 72 39
85 72 0
5 72 44
30 86 0
0 62 43
0 71 51
30 72 0
210 71 0
0 62 0
0 69 39
120 69 0
0 71 38
120 71 0
0 86 45
0 59 38
0 67 45
360 67 0
0 59 0
0 64 47
120 64 0
0 86 0
0 60 43
0 69 51
240 69 0
0 60 0
0 69 45
240 69 0
0 86 47
0 60 42
0 69 50
120 69 0
0 60 0
0 71 40
120 71 0
0 72 45
120 72 0
0 74 40
85 74 0
5 74 44
30 86 0
0 64 43
0 72 51
30 74 0
210 72 0
0 64 0
0 71 41
120 71 0
0 72 38
120 72 0
0 86 45
0 60 38
0 69 45
360 69 0
0 60 0
0 67 47
120 67 0
0 86 0
0 57 43
0 66 51
240 66 0
0 57 0
0 60 39
0 66 48
210 66 0
0 67 42
30 67 0
0 60 0
0 86 47
0 57 42
0 66 50
120 66 0
0 57 0
0 62 40
120 62 0
0 60 42
0 64 45
120 64 0
0 60 0
0 66 40
120 66 0
0 86 0
0 59 43
0 67 51
480 67 0
0 59 0
0 86 47
360 62 41
120 62 0
0 86 0
0 67 51
0 59 43
240 59 0
0 67 0
0 67 44
240 67 0
0 59 42
0 77 44
0 67 50
120 67 0
0 59 0
0 69 40
120 69 0
0 71 45
120 71 0
0 72 40
85 72 0
5 72 44
30 77 0
0 71 51
0 62 43
30 72 0
210 62 0
0 71 0
0 69 41
120 69 0
0 71 38
120 71 0
0 59 38
0 67 45
0 77 42
360 67 0
0 59 0
0 64 47
120 64 0
0 77 0
0 69 51
0 60 43
240 60 0
0 69 0
0 69 45
240 69 0
0 60 44
0 76 46
0 69 51
120 69 0
0 60 0
0 71 42
120 71 0
0 72 48
120 72 0
0 74 43
85 74 0
5 74 47
30 76 0
0 72 55
0 64 46
30 74 0
210 64 0
0 72 0
0 71 45
120 71 0
0 72 41
120 72 0
0 60 42
0 69 51
0 76 47
360 69 0
0 60 0
0 67 50
120 67 0
0 76 0
0 72 55
0 64 46
240 64 0
0 72 0
0 72 49
240 72 0
0 64 47
0 81 53
0 72 56
120 72 0
0 64 0
0 74 45
120 74 0
0 76 52
120 76 0
0 78 46
85 78 0
5 78 50
30 81 0
0 76 58
0 67 49
30 78 0
210 67 0
0 76 0
0 74 48
120 74 0
0 76 40
120 76 0
0 66 44
0 72 54
0 81 53
360 72 0
0 66 0
0 74 53
120 74 0
0 81 0
0 79 58
0 71 49
240 71 0
0 79 0
0 79 54
240 79 0
0 71 52
0 86 57
0 79 60
120 79 0
0 71 0
0 81 49
120 81 0
0 83 56
120 83 0
0 84 49
85 84 0
5 84 53
30 86 0
0 83 63
0 74 53
30 84 0
210 74 0
0 83 0
0 81 58
120 81 0
0 83 55
120 83 0
0 71 55
0 79 67
0 91 64
480 91 0
0 79 0
0 71 0
0 57 58
0 62 51
120 62 0
0 57 0
0 59 46
120 59 0
0 60 48
120 60 0
0 62 45
120 62 0
0 74 55
480 74 0
0 64 48
0 72 57
240 72 0
0 64 0
0 62 43
0 71 51
120 71 0
0 62 0
0 64 37
0 72 45
120 72 0
0 64 0
0 60 43
0 69 51
480 69 0
0 60 0
0 57 58
0 62 51
120 62 0
0 57 0
0 59 46
120 59 0
0 60 48
120 60 0
0 62 45
120 62 0
0 74 55
480 74 0
0 62 48
0 71 57
240 71 0
0 62 0
0 60 43
0 69 51
120 69 0
0 60 0
0 62 37
0 71 45
120 71 0
0 62 0
0 59 43
0 67 51
480 67 0
0 59 0
0 57 58
0 62 51
120 62 0
0 57 0
0 59 46
120 59 0
0 60 48
120 60 0
0 62 46
120 62 0
0 74 55
480 74 0
0 64 48
0 72 57
240 72 0
0 64 0
0 62 43
0 71 51
120 71 0
0 62 0
0 64 37
0 72 45
120 72 0
0 64 0
0 60 43
0 69 51
480 69 0
0 60 0
0 57 55
0 62 48
120 62 0
0 57 0
0 59 44
120 59 0
0 60 45
120 60 0
0 62 41
120 62 0
0 74 52
480 74 0
0 62 45
0 71 54
240 71 0
0 62 0
0 60 40
0 69 48
120 69 0
0 60 0
0 62 35
0 71 42
120 71 0
0 62 0
0 59 40
0 67 48
240 67 0
0 59 0
0 62 34
0 71 40
240 71 0
0 62 0
0 60 39
0 69 46
240 69 0
0 60 0
0 59 36
0 67 43
240 67 0
0 59 0
0 79 48
0 59 40
0 67 48
480 67 0
0 59 0
0 79 0
0 59 34
0 62 40
480 62 0
0 59 0
0 79 48
480 79 0
0 59 33
0 62 39
480 62 0
0 59 0
0 79 48
960 79 0
0 78 45
120 76 40
20 78 0
100 74 44
20 76 0
100 72 39
20 74 0
100 71 48
20 72 0
460 71 0
0 60 34
0 66 34
0 69 41
480 69 0
0 66 0
0 60 0
0 67 40
0 59 34
0 62 40
480 62 0
0 59 0
0 67 0
0 86 43
480 86 0
0 59 35
0 62 41
480 62 0
0 59 0
0 86 41
480 86 0
0 59 35
0 62 41
480 62 0
0 59 0
0 86 42
480 86 0
0 59 34
0 62 40
480 62 0
0 59 0
0 86 41
360 86 0
0 62 38
120 62 0
0 58 34
0 62 40
480 62 0
0 58 0
0 86 36
480 86 0
0 58 30
0 62 36
480 62 0
0 58 0
0 86 34
480 86 0
0 58 27
0 62 32
480 62 0
0 58 0
0 86 34
480 86 0
0 58 25
0 62 30
480 62 0
0 58 0
0 86 33
360 86 0
0 62 48
120 62 0
0 67 56
240 65 52
240 65 0
0 67 0
0 67 56
0 60 47
0 63 47
120 67 0
0 69 51
120 69 0
0 63 0
0 60 0
0 70 53
0 58 35
0 62 36
120 70 0
0 72 51
120 72 0
0 62 0
0 58 0
0 70 60
0 63 50
240 63 0
0 70 0
0 69 56
0 65 44
120 69 0
0 70 51
120 70 0
0 65 0
0 67 57
0 58 48
0 62 48
240 62 0
0 58 0
0 67 0
0 69 53
0 60 45
0 63 45
240 63 0
0 60 0
0 69 0
0 65 49
0 70 58
240 70 0
0 65 0
0 69 46
0 72 55
240 72 0
0 69 0
0 69 49
0 72 58
480 72 0
0 69 0
0 70 41
0 74 50
480 74 0
0 70 0
240 65 52
240 65 0
0 70 58
240 69 52
240 69 0
0 70 0
0 70 56
0 63 47
0 67 47
120 70 0
0 72 51
120 72 0
0 67 0
0 63 0
0 74 53
0 62 36
0 65 38
120 74 0
0 75 51
120 75 0
0 65 0
0 62 0
0 58 40
0 74 60
0 67 50
240 67 0
0 74 0
0 58 0
0 63 40
0 60 40
0 72 56
0 69 47
120 72 0
0 74 51
120 74 0
0 69 0
0 60 0
0 63 0
0 70 57
0 62 48
0 65 48
240 65 0
0 62 0
0 70 0
0 69 45
0 72 53
0 60 45
0 63 45
240 63 0
0 69 0
0 72 0
0 60 0
0 65 49
0 74 58
240 74 0
0 65 0
0 67 50
0 76 60
240 76 0
0 67 0
0 67 53
0 76 63
480 76 0
0 67 0
0 66 45
0 74 45
0 78 55
480 78 0
0 74 0
0 66 0
0 74 67
240 72 63
240 74 0
0 79 69
240 72 0
0 70 62
240 70 0
0 79 0
0 77 64
0 69 56
120 77 0
0 79 57
120 79 0
0 69 0
0 77 63
0 65 42
120 77 0
0 75 61
120 75 0
0 65 0
0 74 70
0 70 60
240 70 0
0 74 0
0 74 62
0 69 45
240 69 0
0 74 0
0 70 68
0 67 57
240 67 0
0 70 0
0 65 53
0 72 63
240 72 0
0 65 0
0 70 56
0 74 67
240 74 0
0 70 0
0 70 53
0 74 63
480 74 0
0 70 0
0 70 53
0 74 63
240 74 0
0 70 0
0 67 58
0 70 58
0 79 69
480 79 0
0 70 0
0 67 0
0 72 58
0 65 49
0 77 58
120 77 0
0 65 0
0 67 45
0 79 53
120 79 0
0 67 0
0 65 46
0 77 56
120 77 0
0 65 0
0 63 44
0 75 52
120 75 0
0 63 0
0 72 0
0 62 51
0 70 51
0 74 61
240 74 0
0 70 0
0 62 0
0 62 46
0 67 46
0 74 55
240 74 0
0 67 0
0 62 0
0 67 49
0 70 58
240 70 0
0 67 0
0 65 53
0 72 53
120 65 0
0 63 42
120 63 0
0 72 0
0 62 49
0 74 58
240 74 0
0 62 0
0 62 46
0 67 55
240 67 0
0 62 0
0 60 44
0 63 49
0 69 58
240 69 0
0 63 0
0 60 0
0 62 45
0 67 45
0 70 53
240 70 0
0 67 0
0 62 0
0 60 43
0 63 58
0 69 58
240 69 0
0 63 0
0 60 0
0 58 44
0 67 52
240 67 0
0 58 0
0 67 46
0 60 30
30 67 0
0 66 40
30 66 0
0 67 47
30 67 0
0 66 42
30 66 0
0 64 44
120 64 0
0 66 55
120 66 0
0 67 49
120 67 0
0 60 0
0 58 46
0 67 55
480 67 0
0 58 0
0 62 49
240 60 46
240 60 0
0 62 0
0 58 43
0 67 50
240 65 45
240 65 0
0 67 0
0 58 0
0 67 48
0 60 40
0 63 40
120 67 0
0 69 44
120 69 0
0 63 0
0 60 0
0 70 46
0 58 28
0 62 34
120 70 0
0 72 44
120 72 0
0 62 0
0 58 0
0 70 52
0 63 43
240 63 0
0 70 0
0 69 48
0 65 40
120 69 0
0 70 44
120 70 0
0 65 0
0 67 49
0 58 41
0 62 41
240 62 0
0 58 0
0 67 0
0 69 46
0 60 38
0 63 38
240 63 0
0 60 0
0 69 0
0 65 42
0 70 50
240 70 0
0 65 0
0 69 39
0 72 47
240 72 0
0 69 0
0 69 42
0 72 50
240 72 0
0 69 0
0 70 36
0 74 42
60 74 0
0 70 0
0 69 31
0 72 37
60 72 0
0 69 0
0 67 34
0 70 40
60 70 0
0 67 0
0 69 30
0 72 36
60 72 0
0 69 0
0 70 34
0 74 40
480 74 0
0 70 0
0 65 45
240 63 45
240 63 0
0 65 0
0 62 43
0 70 50
240 69 45
240 69 0
0 70 0
0 62 0
0 70 48
0 63 40
0 67 40
120 70 0
0 72 44
120 72 0
0 67 0
0 63 0
0 74 46
0 62 32
0 65 32
120 74 0
0 75 44
120 75 0
0 65 0
0 62 0
0 58 35
0 74 52
0 67 43
240 67 0
0 74 0
0 58 0
0 63 35
0 60 35
0 72 48
0 69 40
120 72 0
0 74 44
120 74 0
0 69 0
0 60 0
0 63 0
0 70 49
0 62 41
0 65 41
240 65 0
0 62 0
0 70 0
0 69 38
0 72 46
0 60 38
0 63 38
240 63 0
0 69 0
0 72 0
0 60 0
0 65 42
0 74 50
240 74 0
0 65 0
0 67 43
0 76 52
240 76 0
0 67 0
0 73 46
0 76 55
240 76 0
0 73 0
0 74 37
0 78 44
60 78 0
0 74 0
0 73 34
0 76 40
60 76 0
0 73 0
0 71 37
0 74 44
60 74 0
0 71 0
0 73 34
0 76 40
60 76 0
0 73 0
0 66 34
0 74 34
0 78 42
480 78 0
0 74 0
0 66 0
0 74 60
240 72 55
240 74 0
0 82 60
120 82 0
0 81 57
120 81 0
0 72 0
0 79 60
0 70 53
240 70 0
0 79 0
0 77 56
0 69 48
120 77 0
0 79 49
120 79 0
0 69 0
0 77 55
0 65 37
120 77 0
0 75 52
120 75 0
0 65 0
0 74 62
0 70 51
240 70 0
0 74 0
0 74 53
0 69 39
240 69 0
0 74 0
0 70 59
0 67 49
240 67 0
0 70 0
0 65 46
0 72 55
240 72 0
0 65 0
0 70 48
0 74 58
120 74 0
0 70 0
0 72 42
0 75 42
120 75 0
0 72 0
0 70 44
0 74 53
480 74 0
0 70 0
0 70 46
0 74 55
240 74 0
0 70 0
0 67 50
0 74 50
0 79 60
480 79 0
0 74 0
0 67 0
0 72 50
0 65 42
0 77 50
120 77 0
0 65 0
0 79 44
120 79 0
0 77 50
120 77 0
0 71 42
120 71 0
0 72 0
0 65 44
0 71 53
240 71 0
0 65 0
0 67 39
0 72 47
240 72 0
0 67 0
0 69 42
0 74 50
240 74 0
0 69 0
0 62 41
0 67 46
240 67 0
0 62 0
0 63 42
0 69 50
240 69 0
0 70 47
240 70 0
0 63 0
0 62 42
0 69 50
240 69 0
0 67 46
240 67 0
0 62 0
0 60 42
0 63 50
0 69 50
240 69 0
0 63 0
0 60 0
0 58 38
0 67 45
240 67 0
0 58 0
0 67 40
0 60 32
30 67 0
0 66 34
30 66 0
0 67 41
30 67 0
0 66 36
30 66 0
0 64 37
120 64 0
0 66 47
120 66 0
0 67 42
120 67 0
0 67 47
240 60 0
0 57 31
240 57 0
0 67 0
0 79 30
0 58 30
240 79 0
120 58 0
0 62 41
120 62 0
0 59 38
0 67 45
240 67 0
0 59 0
0 67 39
240 67 0
0 86 42
0 59 37
0 67 45
120 67 0
0 59 0
0 69 36
120 69 0
0 71 40
120 71 0
0 72 36
85 72 0
5 72 39
30 86 0
0 62 38
0 71 45
30 72 0
210 71 0
0 62 0
0 69 35
120 69 0
0 71 34
120 71 0
0 86 40
0 59 34
0 67 40
360 67 0
0 59 0
0 64 42
120 64 0
0 86 0
0 60 38
0 69 45
240 69 0
0 60 0
0 69 40
240 69 0
0 86 42
0 60 37
0 69 45
120 69 0
0 60 0
0 71 35
120 71 0
0 72 40
120 72 0
0 74 36
85 74 0
5 74 39
30 86 0
0 64 38
0 72 45
30 74 0
210 72 0
0 64 0
0 71 36
120 71 0
0 72 34
120 72 0
0 86 40
0 60 34
0 69 40
360 69 0
0 60 0
0 67 42
120 67 0
0 86 0
0 60 38
0 66 45
240 66 0
0 60 0
0 66 43
210 66 0
0 67 37
30 67 0
0 86 42
0 60 37
0 66 45
120 66 0
0 60 0
0 62 36
120 62 0
0 64 40
120 64 0
0 66 36
120 66 0
0 86 0
0 59 38
0 67 45
480 67 0
0 59 0
0 86 42
360 62 44
120 62 0
0 86 0
0 67 48
0 59 40
240 59 0
0 67 0
0 67 45
240 67 0
0 59 40
0 67 47
0 86 44
120 67 0
0 59 0
0 69 38
120 69 0
0 71 43
120 71 0
0 72 38
85 72 0
5 72 41
30 86 0
0 62 40
0 71 48
30 72 0
210 71 0
0 62 0
0 69 38
120 69 0
0 71 36
120 71 0
0 86 42
0 67 42
0 59 36
360 59 0
0 67 0
0 64 44
120 64 0
0 86 0
0 69 48
0 60 40
240 60 0
0 69 0
0 69 42
240 69 0
0 60 40
0 69 47
0 86 44
120 69 0
0 60 0
0 71 38
120 71 0
0 72 43
120 72 0
0 74 38
85 74 0
5 74 41
30 86 0
0 72 48
0 64 40
30 74 0
210 64 0
0 72 0
0 71 38
120 71 0
0 72 36
120 72 0
0 86 42
0 60 36
0 69 42
360 69 0
0 60 0
0 67 44
120 67 0
0 86 0
0 60 40
0 66 48
240 66 0
0 60 0
0 66 45
210 66 0
0 67 40
30 67 0
0 60 40
0 66 47
0 86 44
120 66 0
0 60 0
0 62 38
120 62 0
0 64 43
120 64 0
0 66 38
120 66 0
0 86 0
0 67 48
0 59 40
480 59 0
0 67 0
0 86 44
360 62 46
120 62 0
0 86 0
0 67 51
0 59 43
240 59 0
0 67 0
0 67 44
240 67 0
0 59 42
0 77 45
0 67 50
120 67 0
0 59 0
0 69 40
120 69 0
0 71 45
120 71 0
0 72 35
85 72 0
5 72 44
30 77 0
0 71 51
0 62 43
30 72 0
210 62 0
0 71 0
0 69 41
120 69 0
0 71 37
120 71 0
0 59 37
0 67 45
0 77 42
360 67 0
0 59 0
0 64 47
120 64 0
0 77 0
0 69 51
0 60 43
240 60 0
0 69 0
0 69 45
240 69 0
0 60 44
0 76 46
0 69 51
120 69 0
0 60 0
0 71 42
120 71 0
0 72 48
120 72 0
0 74 39
85 74 0
5 74 47
30 76 0
0 72 54
0 64 46
30 74 0
210 64 0
0 72 0
0 71 45
120 71 0
0 72 41
120 72 0
0 60 42
0 69 51
0 76 47
360 69 0
0 60 0
0 67 56
120 67 0
0 76 0
0 72 62
0 64 52
240 64 0
0 72 0
0 72 55
240 72 0
0 64 53
0 81 55
0 72 63
120 72 0
0 64 0
0 74 51
120 74 0
0 76 58
120 76 0
0 78 52
85 78 0
5 78 56
30 81 0
0 76 66
0 67 55
30 78 0
210 67 0
0 76 0
0 74 54
120 74 0
0 76 50
120 76 0
0 66 50
0 72 61
0 81 55
360 72 0
0 66 0
0 74 67
120 74 0
0 81 0
0 79 74
0 71 62
240 71 0
0 79 0
0 79 68
240 79 0
0 71 65
0 86 72
0 79 76
120 79 0
0 71 0
0 81 62
120 81 0
0 83 70
120 83 0
0 84 57
85 84 0
5 84 67
30 86 0
0 83 79
0 74 66
30 84 0
210 74 0
0 83 0
0 81 73
120 81 0
0 83 69
120 83 0
0 71 69
0 79 84
0 91 81
360 79 0
0 71 0
0 62 64
120 62 0
0 91 0
0 67 69
0 59 57
240 59 0
0 67 0
0 67 59
240 67 0
0 59 56
0 77 59
0 67 68
120 67 0
0 59 0
0 69 54
120 69 0
0 71 60
120 71 0
0 72 49
85 72 0
5 72 59
30 77 0
0 71 69
0 62 57
30 72 0
210 62 0
0 71 0
0 69 55
120 69 0
0 71 51
120 71 0
0 59 51
0 67 60
0 77 56
360 67 0
0 59 0
0 64 64
120 64 0
0 77 0
0 69 69
0 60 57
240 60 0
0 69 0
0 69 60
240 69 0
0 60 56
0 76 61
0 69 69
120 69 0
0 60 0
0 71 56
120 71 0
0 72 60
120 72 0
0 74 53
85 74 0
5 74 64
30 76 0
0 72 72
0 64 59
30 74 0
210 64 0
0 72 0
0 71 60
120 71 0
0 72 55
120 72 0
0 60 56
0 69 69
0 76 64
360 69 0
0 60 0
0 67 65
120 67 0
0 76 0
0 72 71
0 64 59
240 64 0
0 72 0
0 72 63
240 72 0
0 64 61
0 81 65
0 72 72
120 72 0
0 64 0
0 74 58
120 74 0
0 76 67
120 76 0
0 78 59
85 78 0
5 78 65
30 81 0
0 76 75
0 67 63
30 78 0
210 67 0
0 76 0
0 74 62
120 74 0
0 76 57
120 76 0
0 66 57
0 72 70
0 81 65
360 72 0
0 66 0
0 74 68
120 74 0
0 81 0
0 79 75
0 71 63
240 71 0
0 79 0
0 79 70
240 79 0
0 71 67
0 86 70
0 79 78
120 79 0
0 71 0
0 81 63
120 81 0
0 83 70
120 83 0
0 84 63
85 84 0
5 84 68
30 86 0
0 83 81
0 74 68
30 84 0
210 74 0
0 83 0
0 81 75
120 81 0
0 83 71
120 83 0
0 71 71
0 79 87
0 91 78
480 91 0
0 79 0
0 71 0
0 57 71
0 62 62
120 62 0
0 57 0
0 59 60
120 59 0
0 60 59
120 60 0
0 62 54
120 62 0
0 74 68
480 74 0
0 64 59
0 72 70
240 72 0
0 64 0
0 62 52
0 71 62
120 71 0
0 62 0
0 64 46
0 72 55
120 72 0
0 64 0
0 60 52
0 69 62
480 69 0
0 60 0
0 57 71
0 62 62
120 62 0
0 57 0
0 59 60
120 59 0
0 60 59
120 60 0
0 62 56
120 62 0
0 74 68
480 74 0
0 62 59
0 71 70
240 71 0
0 62 0
0 60 52
0 69 62
120 69 0
0 60 0
0 62 46
0 71 55
120 71 0
0 62 0
0 59 52
0 67 62
480 67 0
0 59 0
0 57 58
0 62 51
120 62 0
0 57 0
0 59 47
120 59 0
0 60 48
120 60 0
0 62 46
120 62 0
0 74 55
480 74 0
0 64 48
0 72 57
240 72 0
0 64 0
0 62 43
0 71 51
120 71 0
0 62 0
0 64 37
0 72 45
120 72 0
0 64 0
0 60 43
0 69 51
480 69 0
0 60 0
0 57 55
0 62 48
120 62 0
0 57 0
0 59 43
120 59 0
0 60 45
120 60 0
0 62 42
120 62 0
0 74 52
480 74 0
0 62 45
0 71 54
240 71 0
0 62 0
0 60 40
0 69 48
120 69 0
0 60 0
0 62 35
0 71 42
120 71 0
0 62 0
0 59 40
0 67 48
240 67 0
0 59 0
0 62 34
0 71 40
240 71 0
0 62 0
0 60 39
0 69 46
240 69 0
0 60 0
0 59 36
0 67 43
240 67 0
0 59 0
0 79 48
0 59 40
0 67 48
480 67 0
0 59 0
0 79 0
0 59 34
0 62 40
480 62 0
0 59 0
0 79 48
480 79 0
0 59 33
0 62 39
480 62 0
0 59 0
0 79 48
960 79 0
0 78 45
120 76 41
20 78 0
100 74 40
20 76 0
100 72 37
20 74 0
100 71 48
20 72 0
460 71 0
0 60 34
0 66 34
0 69 41
480 69 0
0 66 0
0 60 0
0 67 40
0 59 34
0 62 34
480 62 0
0 59 0
0 67 0
0 86 43
480 86 0
0 67 38
0 59 32
0 62 32
480 62 0
0 59 0
0 67 0
0 86 39
480 86 0
0 67 38
0 59 32
0 62 32
480 62 0
0 59 0
0 67 0
0 86 39
480 86 0
0 59 33
0 62 39
480 62 0
0 59 0
0 86 42
360 86 0
0 62 46
120 62 0
0 59 43
0 67 51
240 67 0
0 59 0
0 67 44
240 67 0
0 86 47
0 59 42
0 67 50
120 67 0
0 59 0
0 69 40
120 69 0
0 71 45
120 71 0
0 72 40
85 72 0
5 72 44
30 86 0
0 62 43
0 71 51
30 72 0
210 71 0
0 62 0
0 69 39
120 69 0
0 71 38
120 71 0
0 86 45
0 59 38
0 67 45
360 67 0
0 59 0
0 64 47
120 64 0
0 86 0
0 60 43
0 69 51
240 69 0
0 60 0
0 69 45
240 69 0
0 86 47
0 60 42
0 69 50
120 69 0
0 60 0
0 71 40
120 71 0
0 72 45
120 72 0
0 74 40
85 74 0
5 74 44
30 86 0
0 64 43
0 72 51
30 74 0
210 72 0
0 64 0
0 71 41
120 71 0
0 72 38
120 72 0
0 86 45
0 60 38
0 69 45
360 69 0
0 60 0
0 67 47
120 67 0
0 86 0
0 57 43
0 66 51
240 66 0
0 57 0
0 60 38
0 66 48
210 66 0
0 67 42
30 67 0
0 60 0
0 86 47
0 57 42
0 66 50
120 66 0
0 57 0
0 62 40
120 62 0
0 60 41
0 64 45
120 64 0
0 60 0
0 66 40
120 66 0
0 86 0
0 59 43
0 67 51
480 67 0
0 59 0
0 86 47
360 62 41
120 62 0
0 86 0
0 67 51
0 59 43
240 59 0
0 67 0
0 67 44
240 67 0
0 59 42
0 77 44
0 67 50
120 67 0
0 59 0
0 69 40
120 69 0
0 71 45
120 71 0
0 72 40
85 72 0
5 72 44
30 77 0
0 71 51
0 62 43
30 72 0
210 62 0
0 71 0
0 69 41
120 69 0
0 71 38
120 71 0
0 59 38
0 67 45
0 77 42
360 67 0
0 59 0
0 64 47
120 64 0
0 77 0
0 69 51
0 60 43
240 60 0
0 69 0
0 69 45
240 69 0
0 60 44
0 76 46
0 69 51
120 69 0
0 60 0
0 71 42
120 71 0
0 72 48
120 72 0
0 74 43
85 74 0
5 74 47
30 76 0
0 72 55
0 64 46
30 74 0
210 64 0
0 72 0
0 71 45
120 71 0
0 72 41
120 72 0
0 60 42
0 69 51
0 76 47
360 69 0
0 60 0
0 67 50
120 67 0
0 76 0
0 72 55
0 64 46
240 64 0
0 72 0
0 72 49
240 72 0
0 64 47
0 81 53
0 72 56
120 72 0
0 64 0
0 74 45
120 74 0
0 76 52
120 76 0
0 78 46
85 78 0
5 78 50
30 81 0
0 76 58
0 67 49
30 78 0
210 67 0
0 76 0
0 74 48
120 74 0
0 76 44
120 76 0
0 66 44
0 72 54
0 81 53
360 72 0
0 66 0
0 71 53
120 71 0
0 81 0
0 79 58
0 71 49
240 71 0
0 79 0
0 79 54
240 79 0
0 71 52
0 86 57
0 79 60
120 79 0
0 71 0
0 81 49
120 81 0
0 83 56
120 83 0
0 84 49
85 84 0
5 84 53
30 86 0
0 83 63
0 74 53
30 84 0
210 74 0
0 83 0
0 81 58
120 81 0
0 83 55
120 83 0
0 71 55
0 79 67
0 91 64
480 91 0
0 79 0
0 71 0
0 57 58
0 62 51
120 62 0
0 57 0
0 59 49
120 59 0
0 60 48
120 60 0
0 62 46
120 62 0
0 74 55
480 74 0
0 64 48
0 72 57
240 72 0
0 64 0
0 62 43
0 71 51
120 71 0
0 62 0
0 64 37
0 72 45
120 72 0
0 64 0
0 60 43
0 69 51
480 69 0
0 60 0
0 57 58
0 62 51
120 62 0
0 57 0
0 59 47
120 59 0
0 60 48
120 60 0
0 62 45
120 62 0
0 74 55
480 74 0
0 62 48
0 71 57
240 71 0
0 62 0
0 60 43
0 69 51
120 69 0
0 60 0
0 62 37
0 71 45
120 71 0
0 62 0
0 59 43
0 67 51
480 67 0
0 59 0
0 57 58
0 62 51
120 62 0
0 57 0
0 59 46
120 59 0
0 60 48
120 60 0
0 62 46
120 62 0
0 74 55
480 74 0
0 64 48
0 72 57
240 72 0
0 64 0
0 62 43
0 71 51
120 71 0
0 62 0
0 64 37
0 72 45
120 72 0
0 64 0
0 60 43
0 69 51
480 69 0
0 60 0
0 57 55
0 62 48
120 62 0
0 57 0
0 59 43
120 59 0
0 60 45
120 60 0
0 62 43
120 62 0
0 74 52
480 74 0
0 62 45
0 71 54
240 71 0
0 62 0
0 60 40
0 69 48
120 69 0
0 60 0
0 62 35
0 71 42
120 71 0
0 62 0
0 59 40
0 67 48
240 67 0
0 59 0
0 62 34
0 71 40
240 71 0
0 62 0
0 60 39
0 69 46
240 69 0
0 60 0
0 59 36
0 67 43
240 67 0
0 59 0
0 79 48
0 59 40
0 67 48
480 67 0
0 59 0
0 79 0
0 59 34
0 62 40
480 62 0
0 59 0
0 79 48
480 79 0
0 59 33
0 62 39
480 62 0
0 59 0
0 79 48
960 79 0
0 78 45
120 76 41
20 78 0
100 74 44
20 76 0
100 72 36
20 74 0
100 71 47
20 72 0
460 71 0
0 60 34
0 66 34
0 69 41
480 69 0
0 66 0
0 60 0
0 67 36
0 59 30
0 62 36
480 62 0
0 59 0
0 67 0
0 86 43
480 86 0
0 59 31
0 62 36
480 62 0
0 59 0
0 86 41
480 86 0
0 59 31
0 62 36
480 62 0
0 59 0
0 86 42
480 86 0
0 59 30
0 62 36
480 62 0
0 59 0
0 86 41
480 86 0
0 59 27
0 62 32
960 62 0
0 59 0
0 86 36
960 86 0
0 43 44
0 50 52
960 50 0
0 43 0
0 50 44
0 43 38
819 43 0
0 50 0
0 50 36
0 43 29
819 43 0
0 50 0
0 43 25
0 50 30
896 50 0
0 43 0
0 43 28
0 50 34
39 50 0
0 43 0
0 43 30
0 50 36
332 50 0
0 43 0
0 43 28
0 50 34
39 50 0
0 43 0
0 43 30
0 50 36
332 50 0
0 43 0
0 43 28
0 50 34
332 50 0
0 43 0
0 43 28
0 50 34
861 50 0
0 43 0
0 43 27
0 50 32
39 50 0
0 43 0
0 43 28
0 50 34
332 50 0
0 43 0
0 50 32
0 43 27
39 43 0
0 50 0
0 50 34
0 43 28
332 43 0
0 50 0
0 43 27
0 50 32
332 50 0
0 43 0
0 43 27
0 50 32
826 50 0
0 43 0
0 43 28
0 50 34
39 50 0
0 43 0
0 43 30
0 50 36
332 50 0
0 43 0
0 52 34
0 43 28
39 43 0
0 52 0
0 43 32
0 52 38
332 52 0
0 43 0
0 50 42
0 43 35
39 43 0
0 50 0
0 43 38
0 50 46
332 50 0
0 43 0
0 50 53
0 43 44
39 43 0
0 50 0
0 43 46
0 50 55
332 50 0
0 43 0
0 43 37
0 50 46
39 50 0
0 43 0
0 43 40
0 50 48
332 50 0
0 43 0
0 52 46
0 43 37
39 43 0
0 52 0
0 43 43
0 52 52
332 52 0
0 43 0
0 50 48
0 43 40
39 43 0
0 50 0
0 43 44
0 50 53
332 50 0
0 43 0
0 50 54
0 43 45
39 43 0
0 50 0
0 43 48
0 50 55
46 50 0
0 43 0
0 43 39
0 50 47
409 50 0
0 43 0
0 43 47
120 43 0
0 43 40
120 43 0
0 50 40
120 50 0
0 43 47
155 43 0
0 38 41
240 38 0
0 43 39
0 50 47
409 50 0
0 43 0
0 43 47
120 43 0
0 43 40
120 43 0
0 50 40
120 50 0
0 43 40
0 55 47
155 55 0
0 43 0
0 38 39
240 38 0
0 43 32
0 50 38
409 50 0
0 43 0
0 43 38
120 43 0
0 43 33
120 43 0
0 50 33
120 50 0
0 43 38
155 43 0
0 38 33
240 38 0
0 43 30
0 50 36
409 50 0
0 43 0
0 43 36
120 43 0
0 43 31
120 43 0
0 50 31
120 50 0
0 43 31
155 43 0
0 38 29
240 38 0
0 43 30
0 50 36
381 50 0
0 43 0
0 43 24
0 50 28
800 50 0
0 43 0
0 43 24
0 50 28
960 59 33
0 62 39
480 62 0
0 43 0
0 50 0
0 59 0
318 38 24
332 38 0
0 43 26
0 50 31
776 50 0
0 43 0
0 43 22
0 50 27
748 50 0
0 43 0
0 43 23
0 50 28
819 50 0
0 43 0
0 43 22
0 50 26
896 50 0
0 43 0
0 50 34
0 43 28
39 43 0
0 50 0
0 43 30
0 50 36
332 50 0
0 43 0
0 43 28
0 50 34
39 50 0
0 43 0
0 43 30
0 50 36
332 50 0
0 43 0
0 43 28
0 50 34
332 50 0
0 43 0
0 43 28
0 50 34
861 50 0
0 43 0
0 43 28
0 50 34
39 50 0
0 43 0
0 43 30
0 50 36
332 50 0
0 43 0
0 52 34
0 43 28
39 43 0
0 52 0
0 43 32
0 52 39
332 52 0
0 43 0
0 50 37
0 43 31
39 43 0
0 50 0
0 43 34
0 50 41
332 50 0
0 43 0
0 50 42
0 43 35
39 43 0
0 50 0
0 43 37
0 50 43
46 50 0
0 43 0
0 43 32
0 50 38
409 50 0
0 43 0
0 43 38
120 43 0
0 43 33
120 43 0
0 50 33
120 50 0
0 43 38
155 43 0
0 38 34
240 38 0
0 43 32
0 50 38
409 50 0
0 43 0
0 43 38
120 43 0
0 43 33
120 43 0
0 50 33
120 50 0
0 43 33
155 43 0
0 38 32
240 38 0
0 43 32
0 50 38
409 50 0
0 43 0
0 43 38
120 43 0
0 43 33
120 43 0
0 50 33
120 50 0
0 43 38
155 43 0
0 38 33
240 38 0
0 43 30
0 50 36
409 50 0
0 43 0
0 43 36
120 43 0
0 43 31
120 43 0
0 50 31
120 50 0
0 43 31
155 43 0
0 38 29
240 38 0
0 43 30
0 50 36
381 50 0
0 43 0
0 43 24
0 50 28
800 50 0
0 43 0
0 43 24
0 50 28
960 59 33
0 62 39
480 62 0
0 43 0
0 50 0
0 59 0
318 38 24
332 38 0
0 43 26
0 50 31
791 50 0
0 43 0
0 43 22
0 50 32
819 50 0
0 43 0
0 43 25
0 50 30
819 50 0
0 43 0
0 43 22
0 50 31
896 50 0
0 43 0
0 43 26
0 50 31
734 50 0
0 43 0
0 43 21
0 50 31
692 50 0
0 43 0
0 43 21
0 50 25
819 50 0
0 43 0
0 43 20
0 50 24
896 50 0
0 43 0
184 55 40
169 55 0
0 57 39
176 57 0
0 62 40
0 58 34
184 58 0
0 62 0
0 53 30
0 60 36
141 60 0
0 53 0
0 53 34
0 60 40
56 60 0
0 53 0
0 46 29
0 53 36
424 53 0
0 46 0
0 62 40
0 58 34
23 58 0
0 62 0
0 57 33
0 61 39
206 61 0
0 57 0
0 57 37
0 61 44
56 61 0
0 57 0
0 50 31
0 57 39
141 57 0
0 50 0
332 58 53
127 58 0
0 57 53
240 57 0
0 55 49
240 55 0
0 53 46
240 53 0
0 51 53
353 51 0
0 45 41
402 45 0
0 46 49
28 46 0
0 51 46
162 51 0
0 45 41
240 45 0
0 46 49
395 46 0
0 48 48
141 48 0
0 46 42
141 46 0
0 48 49
183 48 0
0 51 38
23 51 0
0 38 46
478 38 0
0 31 40
29 31 0
184 55 35
169 55 0
0 57 35
176 57 0
0 62 35
0 58 29
184 58 0
0 62 0
0 53 26
0 60 31
141 60 0
0 53 0
0 53 29
0 60 35
480 60 0
0 53 0
0 46 23
0 53 29
424 53 0
0 46 0
0 62 35
0 58 29
23 58 0
0 62 0
0 57 28
0 61 34
206 61 0
0 57 0
0 67 38
0 57 32
0 61 38
480 61 0
0 57 0
0 67 0
0 50 24
0 57 30
141 57 0
0 50 0
332 58 46
127 58 0
0 57 46
240 57 0
0 55 41
240 55 0
0 53 40
240 53 0
0 58 46
0 52 46
353 52 0
0 58 0
0 51 36
0 57 36
402 57 0
0 51 0
0 50 36
0 56 42
169 56 0
0 50 0
0 51 33
0 55 39
149 55 0
0 51 0
0 50 33
0 54 39
137 54 0
0 50 0
0 46 30
0 55 36
240 55 0
0 46 0
0 48 36
0 55 42
395 55 0
0 48 0
0 46 33
0 55 41
141 55 0
0 46 0
0 48 42
183 48 0
0 51 33
166 51 0
0 38 39
443 38 0
0 31 35
206 31 0
405 43 25
0 50 30
39 50 0
0 43 0
0 43 27
0 50 32
332 50 0
0 43 0
0 43 25
0 50 30
39 50 0
0 43 0
0 43 27
0 50 32
332 50 0
0 43 0
0 43 25
0 50 30
332 50 0
0 43 0
0 43 25
0 50 30
861 50 0
0 43 0
0 43 27
0 50 32
39 50 0
0 43 0
0 43 28
0 50 34
332 50 0
0 43 0
0 50 32
0 43 27
39 43 0
0 50 0
0 50 34
0 43 28
332 43 0
0 50 0
0 43 27
0 50 32
332 50 0
0 43 0
0 43 27
0 50 32
826 50 0
0 43 0
0 43 28
0 50 34
39 50 0
0 43 0
0 43 30
0 50 36
332 50 0
0 43 0
0 52 34
0 43 28
39 43 0
0 52 0
0 43 32
0 52 38
332 52 0
0 43 0
0 50 42
0 43 35
39 43 0
0 50 0
0 43 38
0 50 46
332 50 0
0 43 0
0 50 53
0 43 44
39 43 0
0 50 0
0 43 46
0 50 55
332 50 0
0 43 0
0 43 37
0 50 46
39 50 0
0 43 0
0 43 40
0 50 48
332 50 0
0 43 0
0 52 46
0 43 37
39 43 0
0 52 0
0 43 43
0 52 52
332 52 0
0 43 0
0 50 48
0 43 40
39 43 0
0 50 0
0 43 44
0 50 53
332 50 0
0 43 0
0 50 54
0 43 45
39 43 0
0 50 0
0 43 48
0 50 55
46 50 0
0 43 0
0 43 39
0 50 47
409 50 0
0 43 0
0 43 47
120 43 0
0 43 40
120 43 0
0 50 40
120 50 0
0 43 47
155 43 0
0 38 41
240 38 0
0 43 39
0 50 47
409 50 0
0 43 0
0 43 47
120 43 0
0 43 40
120 43 0
0 50 40
120 50 0
0 43 40
0 55 47
155 55 0
0 43 0
0 38 39
240 38 0
0 43 32
0 50 38
409 50 0
0 43 0
0 43 38
120 43 0
0 43 33
120 43 0
0 50 33
120 50 0
0 43 38
155 43 0
0 38 33
240 38 0
0 43 30
0 50 36
409 50 0
0 43 0
0 43 36
120 43 0
0 43 31
120 43 0
0 50 31
120 50 0
0 43 31
155 43 0
0 38 29
240 38 0
0 43 30
0 50 36
381 50 0
0 43 0
0 43 24
0 50 28
800 50 0
0 43 0
0 43 24
0 50 28
960 59 33
0 62 39
480 62 0
0 43 0
0 50 0
0 59 0
318 38 24
332 38 0
0 43 26
0 50 31
776 50 0
0 43 0
0 43 22
0 50 27
748 50 0
0 43 0
0 43 23
0 50 28
819 50 0
0 43 0
0 43 22
0 50 26
896 50 0
0 43 0
0 50 34
0 43 28
39 43 0
0 50 0
0 43 30
0 50 36
332 50 0
0 43 0
0 43 28
0 50 34
39 50 0
0 43 0
0 43 30
0 50 36
332 50 0
0 43 0
0 43 28
0 50 34
332 50 0
0 43 0
0 43 28
0 50 34
861 50 0
0 43 0
0 43 28
0 50 34
39 50 0
0 43 0
0 43 30
0 50 36
332 50 0
0 43 0
0 52 34
0 43 28
39 43 0
0 52 0
0 43 32
0 52 39
332 52 0
0 43 0
0 50 37
0 43 31
39 43 0
0 50 0
0 43 34
0 50 41
332 50 0
0 43 0
0 50 42
0 43 35
39 43 0
0 50 0
0 43 37
0 50 43
46 50 0
0 43 0
0 43 32
0 50 38
409 50 0
0 43 0
0 43 38
120 43 0
0 43 33
120 43 0
0 50 33
120 50 0
0 43 38
155 43 0
0 38 34
240 38 0
0 43 32
0 50 38
409 50 0
0 43 0
0 43 38
120 43 0
0 43 33
120 43 0
0 50 33
120 50 0
0 43 33
155 43 0
0 38 32
240 38 0
0 43 32
0 50 38
409 50 0
0 43 0
0 43 38
120 43 0
0 43 33
120 43 0
0 50 33
120 50 0
0 43 38
155 43 0
0 38 33
240 38 0
0 43 30
0 50 36
409 50 0
0 43 0
0 43 36
120 43 0
0 43 31
120 43 0
0 50 31
120 50 0
0 43 31
155 43 0
0 38 29
240 38 0
0 43 30
0 50 36
381 50 0
0 43 0
0 43 24
0 50 28
800 50 0
0 43 0
0 43 24
0 50 28
960 59 33
0 62 39
480 62 0
0 43 0
0 50 0
0 59 0
318 38 24
332 38 0
0 43 23
0 50 27
791 50 0
0 43 0
0 43 19
0 50 28
819 50 0
0 43 0
0 43 22
0 50 27
819 50 0
0 43 0
0 43 19
0 50 27
896 50 0
0 43 0
0 43 17
0 50 24
320 50 0
0 43 0
