600 69 42
120 69 0
0 81 47
480 81 0
0 78 44
180 78 0
0 76 44
60 76 0
0 74 49
90 74 0
150 73 44
90 73 0
150 74 44
90 74 0
90 76 43
60 76 0
0 74 47
90 74 0
150 73 43
90 73 0
150 74 42
90 74 0
150 78 49
0 74 41
480 74 0
0 78 0
0 76 41
0 73 35
120 73 0
0 76 0
0 67 42
120 67 0
0 79 47
480 79 0
0 76 44
180 76 0
0 74 44
60 74 0
0 73 49
90 73 0
150 71 44
90 71 0
150 73 44
90 73 0
150 69 47
90 69 0
150 76 43
90 76 0
150 81 42
90 81 0
150 79 49
0 76 41
480 76 0
0 79 0
0 78 41
0 74 35
180 74 0
0 78 0
0 74 48
60 74 0
0 78 52
480 78 0
0 79 48
240 79 0
0 83 59
120 83 0
0 81 57
120 81 0
0 79 55
120 79 0
0 78 53
120 78 0
0 76 51
120 76 0
0 74 47
58 74 0
2 74 46
60 74 0
0 78 58
480 78 0
0 79 49
240 79 0
0 83 59
120 83 0
0 81 57
120 81 0
0 79 55
120 79 0
0 78 53
120 78 0
0 76 51
120 76 0
0 74 51
50 74 0
10 74 46
60 74 0
0 83 58
480 83 0
0 85 49
240 85 0
0 86 59
120 86 0
0 85 57
120 85 0
0 83 55
120 83 0
0 81 53
120 81 0
0 79 51
120 79 0
0 78 51
120 78 0
0 83 59
120 83 0
0 81 58
120 81 0
0 79 56
120 79 0
0 78 55
120 78 0
0 76 58
120 76 0
0 74 62
120 74 0
0 73 50
0 76 50
0 81 59
240 81 0
0 76 0
0 73 0
360 69 45
120 69 0
0 81 47
480 81 0
0 78 44
180 78 0
0 76 44
60 76 0
0 74 49
90 74 0
150 73 44
90 73 0
150 74 44
90 74 0
90 76 43
60 76 0
0 74 47
90 74 0
150 73 43
90 73 0
150 74 42
90 74 0
150 78 49
0 74 41
480 74 0
0 78 0
0 76 41
0 73 35
120 73 0
0 76 0
0 67 42
120 67 0
0 79 47
480 79 0
0 76 44
180 76 0
0 74 44
60 74 0
0 73 49
90 73 0
150 71 44
90 71 0
150 73 44
90 73 0
150 69 47
90 69 0
150 76 43
90 76 0
150 81 42
90 81 0
150 76 41
0 79 49
480 79 0
0 76 0
0 74 35
0 78 41
180 78 0
0 74 0
0 74 48
60 74 0
0 78 52
480 78 0
0 79 48
240 79 0
0 83 59
120 83 0
0 81 57
120 81 0
0 79 55
120 79 0
0 78 53
120 78 0
0 76 51
120 76 0
0 74 47
56 74 0
4 74 46
60 74 0
0 83 58
480 83 0
0 85 49
240 85 0
0 88 59
120 88 0
0 86 57
120 86 0
0 85 55
120 85 0
0 83 53
120 83 0
0 81 51
120 81 0
0 79 51
120 79 0
0 85 59
120 85 0
0 83 58
120 83 0
0 81 56
120 81 0
0 79 55
120 79 0
0 78 54
120 78 0
0 76 52
120 76 0
0 83 63
120 83 0
0 81 61
120 81 0
0 79 59
120 79 0
0 78 57
120 78 0
0 76 56
120 76 0
0 74 54
120 74 0
0 81 59
120 81 0
0 79 61
120 79 0
0 78 60
120 78 0
0 76 59
120 76 0
0 74 58
120 74 0
0 73 61
120 73 0
0 74 63
120 74 0
360 62 66
120 62 0
0 66 66
120 66 0
0 69 73
120 69 0
360 66 70
120 66 0
0 69 70
120 69 0
0 74 75
120 74 0
360 69 69
120 69 0
0 74 69
120 74 0
0 78 81
120 78 0
360 74 70
120 74 0
0 78 70
120 78 0
0 81 82
120 81 0
1320 81 45
600 81 0
0 83 42
120 83 0
0 74 47
480 74 0
28 73 47
212 74 55
28 73 0
152 74 0
60 86 54
120 86 0
120 85 52
120 85 0
120 83 50
120 83 0
120 81 49
120 81 0
120 80 47
120 80 0
120 81 45
300 81 0
0 83 35
60 83 0
0 81 35
60 81 0
0 80 35
60 80 0
0 81 45
120 81 0
0 83 42
120 83 0
0 74 47
480 74 0
28 73 47
212 74 55
28 73 0
152 74 0
60 86 54
120 86 0
120 85 52
120 85 0
120 83 50
120 83 0
120 81 49
120 81 0
120 80 47
120 80 0
120 81 45
300 81 0
0 83 35
60 83 0
0 81 35
60 81 0
0 80 35
60 80 0
0 81 45
120 81 0
0 83 42
120 83 0
0 74 47
480 74 0
28 73 47
212 74 52
28 73 0
212 74 0
480 62 35
0 54 29
0 59 29
720 59 0
0 54 0
0 62 0
0 59 32
0 64 38
0 62 32
720 62 0
0 64 0
0 59 0
0 64 33
0 69 39
0 61 33
720 61 0
0 69 0
0 64 0
0 57 29
0 62 29
0 66 35
240 66 0
0 62 0
0 57 0
720 62 61
90 62 0
150 62 62
90 62 0
30 64 40
40 64 0
0 62 40
40 62 0
1 61 40
39 62 69
1 61 0
479 62 0
0 62 60
90 62 0
30 64 40
40 64 0
0 62 40
40 62 0
1 61 40
39 62 64
1 61 0
479 62 0
0 62 59
90 62 0
150 61 66
480 61 0
120 76 54
120 76 0
0 81 63
960 81 0
0 85 45
90 85 0
150 83 43
90 83 0
150 81 41
90 81 0
150 80 39
90 80 0
150 78 37
90 78 0
150 76 35
720 76 0
0 74 35
240 74 0
0 59 61
90 59 0
150 59 62
90 59 0
30 61 40
40 61 0
0 59 40
40 59 0
1 58 40
39 59 69
1 58 0
479 59 0
0 59 60
90 59 0
30 59 40
40 59 0
0 57 40
40 57 0
1 56 40
39 57 64
1 56 0
479 57 0
0 57 59
90 57 0
150 56 66
240 56 0
360 76 54
120 76 0
0 86 63
840 86 0
0 85 53
120 85 0
0 83 53
120 83 0
0 81 52
120 81 0
0 80 51
120 80 0
0 78 51
120 78 0
0 76 54
120 76 0
0 78 49
120 78 0
0 76 50
120 76 0
0 74 49
120 74 0
0 73 48
120 73 0
0 71 47
120 71 0
0 73 47
120 73 0
0 76 47
120 76 0
0 78 48
120 78 0
0 80 50
120 80 0
0 81 52
120 81 0
0 83 53
120 83 0
0 85 55
120 85 0
0 86 57
120 86 0
0 88 61
120 88 0
0 85 57
120 85 0
0 83 57
120 83 0
0 81 53
120 81 0
0 86 62
120 86 0
0 85 60
120 85 0
0 83 58
120 83 0
0 81 57
120 81 0
0 80 55
120 80 0
0 78 53
120 78 0
0 76 59
120 76 0
0 78 58
120 78 0
0 76 56
120 76 0
0 74 55
120 74 0
0 73 53
120 73 0
0 71 52
120 71 0
0 73 48
120 73 0
0 76 50
120 76 0
0 78 51
120 78 0
0 80 52
120 80 0
0 81 54
120 81 0
0 83 55
120 83 0
0 85 56
120 85 0
0 86 58
120 86 0
0 88 60
120 88 0
0 85 52
120 85 0
0 83 51
120 83 0
0 81 51
120 81 0
0 86 63
120 86 0
0 85 59
120 85 0
0 83 59
120 83 0
0 81 58
120 81 0
0 80 56
120 80 0
0 78 54
120 78 0
0 76 60
120 76 0
0 78 58
120 78 0
0 76 56
120 76 0
0 74 55
120 74 0
0 73 54
120 73 0
0 71 52
120 71 0
0 73 56
120 73 0
0 76 50
120 76 0
0 78 52
120 78 0
0 80 53
120 80 0
0 81 55
120 81 0
0 83 57
120 83 0
0 85 62
120 85 0
0 83 57
120 83 0
0 81 56
120 81 0
0 80 54
120 80 0
0 78 53
120 78 0
0 76 52
120 76 0
0 78 60
120 78 0
0 76 59
120 76 0
0 74 57
120 74 0
0 73 56
120 73 0
0 71 55
120 71 0
0 69 53
120 69 0
0 74 52
120 74 0
0 73 54
120 73 0
0 71 57
120 71 0
0 69 60
120 69 0
0 68 64
120 68 0
0 66 67
120 66 0
0 64 70
90 64 0
150 68 52
0 76 62
0 71 52
90 71 0
0 76 0
0 68 0
150 71 52
0 68 52
0 76 62
90 76 0
0 68 0
0 71 0
150 71 56
0 76 67
0 68 56
90 68 0
0 76 0
0 71 0
630 73 50
0 64 42
720 64 0
0 73 0
0 62 39
0 71 47
240 71 0
0 73 44
240 73 0
0 71 44
240 71 0
0 62 0
0 61 42
0 69 50
1920 69 0
0 61 0
0 73 50
240 73 0
0 69 42
0 74 50
480 74 0
0 78 54
240 78 0
0 69 0
0 68 45
0 76 53
240 68 0
0 69 50
240 69 0
0 76 0
0 71 42
0 74 50
240 74 0
0 71 0
0 69 45
0 73 54
480 73 0
0 69 0
240 71 50
960 71 0
0 73 44
240 73 0
0 71 44
240 71 0
0 71 50
960 71 0
0 73 45
240 73 0
0 74 46
240 74 0
0 76 52
240 76 0
0 81 49
180 81 0
60 80 48
180 80 0
60 78 49
180 78 0
60 76 48
180 76 0
60 74 46
180 74 0
60 73 45
480 73 0
0 74 42
120 74 0
0 73 43
120 73 0
0 71 37
240 71 0
480 64 42
0 73 50
720 73 0
0 64 0
0 71 47
0 62 39
240 71 0
0 73 44
240 73 0
0 71 44
240 71 0
0 62 0
0 69 50
0 61 42
720 61 0
0 67 42
0 61 42
720 61 0
0 67 0
0 66 42
0 62 42
480 62 0
0 66 0
0 69 0
0 64 50
0 70 50
240 70 0
0 64 0
0 62 42
0 66 42
0 71 50
480 71 0
0 66 0
0 62 0
0 78 54
0 73 54
240 73 0
0 78 0
0 76 53
0 71 45
480 71 0
0 76 0
0 74 50
0 68 42
240 68 0
0 74 0
0 73 54
0 69 45
480 69 0
0 73 0
240 71 50
240 71 0
0 83 55
120 83 0
120 83 55
120 83 0
120 83 59
120 83 0
120 83 53
120 83 0
120 83 53
120 83 0
120 83 60
240 83 0
0 76 53
120 76 0
120 88 53
120 88 0
120 88 62
120 88 0
120 81 56
120 81 0
120 81 56
120 81 0
120 81 57
120 81 0
120 74 45
0 78 53
120 78 0
0 74 0
120 76 54
0 73 45
120 73 0
0 76 0
120 71 47
0 74 56
120 74 0
0 71 0
120 69 49
0 73 58
120 73 0
0 69 0
120 71 59
0 68 50
120 68 0
0 71 0
120 69 65
720 69 0
0 85 65
720 85 0
0 86 67
120 86 0
0 85 65
120 85 0
0 83 64
120 83 0
0 81 63
120 81 0
0 80 61
120 80 0
120 83 65
120 83 0
0 81 64
120 81 0
0 80 62
120 80 0
0 78 61
120 78 0
0 76 60
120 76 0
0 74 58
120 74 0
0 73 61
120 73 0
120 76 49
120 76 0
120 81 52
120 81 0
120 85 55
120 85 0
120 88 58
120 88 0
360 86 67
120 86 0
0 85 65
120 85 0
0 83 64
120 83 0
0 81 63
120 81 0
0 80 61
120 80 0
120 83 65
120 83 0
0 81 64
120 81 0
0 80 62
120 80 0
0 78 61
120 78 0
0 76 60
120 76 0
0 74 58
120 74 0
0 73 61
120 73 0
120 76 49
120 76 0
120 81 52
120 81 0
120 85 55
120 85 0
120 88 58
120 88 0
600 77 45
240 77 0
0 78 45
240 78 0
240 81 45
240 81 0
0 78 45
240 78 0
240 75 45
240 75 0
0 76 45
240 76 0
240 78 45
240 78 0
0 74 45
240 74 0
240 72 45
240 72 0
0 73 45
240 73 0
240 74 45
240 74 0
0 71 45
240 71 0
0 69 65
720 69 0
0 85 65
720 85 0
0 86 67
120 86 0
0 85 65
120 85 0
0 83 64
120 83 0
0 81 63
120 81 0
0 80 61
120 80 0
120 83 65
120 83 0
0 81 64
120 81 0
0 80 62
120 80 0
0 78 61
120 78 0
0 76 60
120 76 0
0 74 58
120 74 0
0 73 61
120 73 0
120 76 49
120 76 0
120 81 52
120 81 0
120 85 55
120 85 0
120 88 58
120 88 0
360 86 67
120 86 0
0 85 65
120 85 0
0 83 64
120 83 0
0 81 63
120 81 0
0 80 61
120 80 0
120 83 65
120 83 0
0 81 64
120 81 0
0 80 62
120 80 0
0 78 61
120 78 0
0 76 60
120 76 0
0 74 58
120 74 0
0 73 61
120 73 0
120 76 49
120 76 0
120 81 52
120 81 0
120 85 55
120 85 0
120 88 58
120 88 0
600 77 45
240 77 0
0 78 43
240 78 0
240 81 45
240 81 0
0 78 41
240 78 0
240 75 45
240 75 0
0 76 44
240 76 0
240 78 45
240 78 0
0 74 43
240 74 0
240 72 45
240 72 0
0 73 43
240 73 0
240 74 45
240 74 0
0 71 43
240 71 0
240 77 69
0 65 58
120 65 0
0 77 0
120 66 56
0 78 67
120 78 0
0 66 0
360 81 69
0 69 58
120 69 0
0 81 0
120 66 56
0 78 67
120 78 0
0 66 0
360 75 69
0 63 58
120 63 0
0 75 0
120 64 56
0 76 67
120 76 0
0 64 0
360 66 58
0 78 69
120 78 0
0 66 0
120 62 56
0 74 67
120 74 0
0 62 0
360 72 69
0 60 58
120 60 0
0 72 0
120 73 67
0 61 56
120 61 0
0 73 0
360 62 58
0 74 69
120 74 0
0 62 0
120 71 67
0 59 56
120 59 0
0 71 0
120 69 72
0 61 72
240 61 0
0 69 0
480 73 62
0 81 73
720 81 0
0 73 0
0 74 63
0 83 75
480 83 0
0 74 0
0 78 60
0 86 71
180 86 0
0 78 0
0 71 65
60 71 0
0 81 76
480 81 0
0 80 69
40 80 0
0 81 62
40 81 0
0 80 63
40 80 0
0 78 70
60 78 0
0 80 64
60 80 0
0 81 72
240 81 0
480 73 62
0 81 73
120 81 0
0 73 0
120 73 62
0 81 73
120 81 0
0 73 0
120 73 62
0 81 73
120 81 0
0 73 0
120 74 63
0 83 75
480 83 0
0 74 0
0 78 60
0 86 71
180 86 0
0 78 0
0 71 65
60 71 0
0 81 76
480 81 0
0 80 69
40 80 0
0 81 62
40 81 0
0 80 63
40 80 0
0 78 70
60 78 0
0 80 64
60 80 0
0 81 72
120 81 0
120 73 45
240 73 0
0 74 39
240 74 0
0 76 45
240 76 0
0 78 41
240 78 0
0 80 42
240 80 0
0 81 47
240 81 0
0 73 40
240 73 0
0 74 37
240 74 0
0 76 45
240 76 0
0 78 42
240 78 0
0 80 44
240 80 0
0 81 45
240 81 0
960 71 38
0 64 38
0 74 45
240 74 0
0 64 0
0 71 0
0 73 45
0 64 38
0 69 38
120 69 0
0 64 0
0 73 0
1080 74 45
0 71 38
0 64 38
120 64 0
0 71 0
0 74 0
360 72 43
240 72 0
0 73 40
240 73 0
240 73 46
240 73 0
0 74 45
240 74 0
240 75 65
240 75 0
0 76 61
240 76 0
240 77 74
240 77 0
0 78 70
240 78 0
240 78 77
240 78 0
0 79 75
240 79 0
1320 69 42
120 69 0
0 81 47
480 81 0
0 78 44
180 78 0
0 76 44
60 76 0
0 74 49
90 74 0
150 73 44
90 73 0
150 74 44
90 74 0
90 76 43
60 76 0
0 74 47
90 74 0
150 73 43
90 73 0
150 74 42
90 74 0
150 74 41
0 78 49
480 78 0
0 74 0
0 73 35
0 76 41
120 76 0
0 73 0
0 67 42
120 67 0
0 79 47
480 79 0
0 76 44
180 76 0
0 74 44
60 74 0
0 73 49
90 73 0
150 71 44
90 71 0
150 73 44
90 73 0
150 69 47
90 69 0
150 76 43
90 76 0
150 81 42
90 81 0
150 76 41
0 79 49
480 79 0
0 76 0
0 74 35
0 78 41
180 78 0
0 74 0
0 74 48
60 74 0
0 78 52
480 78 0
0 79 48
240 79 0
0 83 59
120 83 0
0 81 57
120 81 0
0 79 55
120 79 0
0 78 53
120 78 0
0 76 51
120 76 0
0 74 47
57 74 0
3 74 46
60 74 0
0 78 58
480 78 0
0 79 49
240 79 0
0 83 59
120 83 0
0 81 57
120 81 0
0 79 55
120 79 0
0 78 53
120 78 0
0 76 51
120 76 0
0 74 51
50 74 0
10 74 46
60 74 0
0 83 58
480 83 0
0 85 49
240 85 0
0 86 59
120 86 0
0 85 57
120 85 0
0 83 55
120 83 0
0 81 53
120 81 0
0 79 51
120 79 0
0 78 51
120 78 0
0 83 59
120 83 0
0 81 58
120 81 0
0 79 56
120 79 0
0 78 55
120 78 0
0 76 58
120 76 0
0 74 62
120 74 0
0 76 50
0 81 59
0 73 50
240 73 0
0 81 0
0 76 0
360 69 42
120 69 0
0 81 47
480 81 0
0 78 44
180 78 0
0 76 44
60 76 0
0 74 49
90 74 0
150 73 44
90 73 0
150 74 44
90 74 0
90 76 43
60 76 0
0 74 47
90 74 0
150 73 43
90 73 0
150 74 42
90 74 0
150 78 49
0 74 41
480 74 0
0 78 0
0 73 35
0 76 41
120 76 0
0 73 0
0 67 42
120 67 0
0 79 47
480 79 0
0 76 44
180 76 0
0 74 44
60 74 0
0 73 49
90 73 0
150 71 44
90 71 0
150 73 44
90 73 0
150 69 47
90 69 0
150 76 43
90 76 0
150 81 42
90 81 0
150 76 41
0 79 49
480 79 0
0 76 0
0 74 35
0 78 41
180 78 0
0 74 0
0 74 48
60 74 0
0 78 52
480 78 0
0 79 48
240 79 0
0 83 59
120 83 0
0 81 57
120 81 0
0 79 55
120 79 0
0 78 53
120 78 0
0 76 51
120 76 0
0 74 47
56 74 0
14 74 46
50 83 58
10 74 0
470 83 0
0 85 49
240 85 0
0 88 59
120 88 0
0 86 57
120 86 0
0 85 55
120 85 0
0 83 53
120 83 0
0 81 51
120 81 0
0 79 51
120 79 0
0 85 59
120 85 0
0 83 58
120 83 0
0 81 56
120 81 0
0 79 55
120 79 0
0 78 54
120 78 0
0 76 52
120 76 0
0 83 63
120 83 0
0 81 61
120 81 0
0 79 59
120 79 0
0 78 57
120 78 0
0 76 56
120 76 0
0 74 54
120 74 0
0 81 59
120 81 0
0 79 61
120 79 0
0 78 60
120 78 0
0 76 59
120 76 0
0 74 58
120 74 0
0 73 61
120 73 0
0 74 63
120 74 0
360 66 66
120 66 0
0 69 66
120 69 0
0 74 73
120 74 0
360 69 70
120 69 0
0 74 70
120 74 0
0 78 75
120 78 0
360 74 69
120 74 0
0 78 69
120 78 0
0 81 81
120 81 0
360 78 56
120 78 0
0 81 56
120 81 0
0 84 65
120 84 0
1320 74 45
600 74 0
0 76 42
120 76 0
0 67 47
480 67 0
28 66 47
212 67 55
28 66 0
152 67 0
60 79 54
120 79 0
120 78 52
120 78 0
120 76 50
120 76 0
120 74 49
120 74 0
120 73 47
120 73 0
120 74 45
300 74 0
0 76 35
60 76 0
0 74 35
60 74 0
0 73 35
60 73 0
0 74 45
120 74 0
0 76 42
120 76 0
0 67 47
480 67 0
28 66 47
212 67 55
28 66 0
152 67 0
60 79 54
120 79 0
120 78 52
120 78 0
120 76 50
120 76 0
120 74 49
120 74 0
120 73 47
120 73 0
120 74 45
300 74 0
0 76 35
60 76 0
0 74 35
60 74 0
0 73 35
60 73 0
0 74 45
120 74 0
0 76 42
120 76 0
0 67 47
480 67 0
0 66 47
240 66 0
0 67 52
240 67 0
480 64 29
0 59 29
0 67 35
720 67 0
0 59 0
0 64 0
0 64 32
0 69 38
0 67 32
720 67 0
0 69 0
0 64 0
0 66 33
0 69 33
0 74 39
720 74 0
0 69 0
0 66 0
0 62 29
0 71 35
0 67 29
240 67 0
0 71 0
0 62 0
480 64 52
0 55 43
0 60 43
720 60 0
0 55 0
0 64 0
0 66 57
0 60 48
0 64 48
720 64 0
0 60 0
0 66 0
0 66 49
0 63 49
0 71 58
720 71 0
0 63 0
0 66 0
0 64 43
0 67 52
0 59 43
240 59 0
0 67 0
0 64 0
480 59 29
0 54 29
0 62 35
720 62 0
0 54 0
0 59 0
0 64 38
0 59 32
0 62 32
720 62 0
0 59 0
0 64 0
0 61 33
0 64 33
0 69 39
720 69 0
0 64 0
0 61 0
0 66 35
0 57 29
0 62 29
240 62 0
0 57 0
0 66 0
480 73 52
0 64 43
0 67 43
720 67 0
0 64 0
0 73 0
0 62 48
0 74 57
0 66 48
720 66 0
0 74 0
0 62 0
0 77 60
0 71 51
720 71 0
0 77 0
0 70 45
0 78 54
0 73 45
240 73 0
0 78 0
0 70 0
1440 78 52
120 78 0
120 78 48
120 78 0
120 79 44
60 79 0
0 81 44
60 81 0
0 79 53
120 79 0
0 78 49
120 78 0
120 78 46
120 78 0
120 79 48
60 79 0
0 81 48
60 81 0
0 79 52
120 79 0
0 78 52
120 78 0
120 78 48
120 78 0
120 78 52
480 78 0
0 79 46
120 79 0
0 81 49
120 81 0
0 83 52
240 83 0
0 76 48
120 76 0
120 76 48
120 76 0
120 78 48
60 78 0
0 79 48
60 79 0
0 78 52
120 78 0
0 76 52
120 76 0
120 76 48
120 76 0
120 76 48
60 76 0
0 78 48
60 78 0
0 76 56
120 76 0
0 74 48
120 74 0
120 74 52
120 74 0
120 74 52
480 74 0
0 76 47
120 76 0
0 78 50
120 78 0
0 79 53
240 79 0
0 72 50
120 72 0
120 72 50
120 72 0
120 74 53
40 74 0
0 72 43
40 72 0
0 71 43
40 71 0
0 72 49
360 72 0
0 79 53
240 79 0
0 78 53
240 78 0
0 71 50
120 71 0
120 71 50
120 71 0
120 73 49
40 73 0
0 71 34
40 71 0
0 70 34
40 70 0
0 71 40
360 71 0
0 78 46
240 78 0
0 78 50
240 78 0
0 76 46
240 76 0
0 73 46
120 73 0
120 76 53
240 76 0
0 74 47
240 74 0
0 71 46
120 71 0
120 70 53
120 71 48
12 70 0
108 73 54
12 71 0
108 74 50
12 73 0
108 73 54
12 74 0
108 74 47
12 73 0
108 73 52
12 74 0
228 73 0
480 74 56
120 74 0
0 83 48
120 83 0
0 74 48
120 74 0
0 83 48
120 83 0
0 74 56
120 74 0
0 83 47
120 83 0
0 74 47
120 74 0
0 83 46
120 83 0
0 74 56
120 74 0
0 83 47
120 83 0
0 74 47
120 74 0
0 83 47
120 83 0
0 73 56
120 73 0
0 83 48
120 83 0
0 73 48
120 73 0
0 83 48
120 83 0
0 73 56
120 73 0
0 83 47
120 83 0
0 73 47
120 73 0
0 81 46
120 81 0
0 73 56
120 73 0
0 81 47
120 81 0
0 73 47
120 73 0
0 81 47
120 81 0
0 75 56
120 75 0
0 81 48
120 81 0
0 76 48
120 76 0
0 79 48
120 79 0
0 76 56
120 76 0
0 79 47
120 79 0
0 71 47
120 71 0
0 79 46
120 79 0
0 71 56
120 71 0
0 79 47
120 79 0
0 73 47
120 73 0
0 79 47
120 79 0
0 69 56
120 69 0
0 79 48
120 79 0
0 69 48
120 69 0
0 79 48
120 79 0
0 69 56
120 69 0
0 79 47
120 79 0
0 69 47
120 69 0
0 78 46
120 78 0
0 69 56
120 69 0
0 78 47
120 78 0
0 69 47
120 69 0
0 78 47
120 78 0
0 71 56
120 71 0
0 78 48
120 78 0
0 71 48
120 71 0
0 76 48
120 76 0
0 71 56
120 71 0
0 75 47
120 75 0
0 76 47
120 76 0
0 83 46
120 83 0
0 76 56
120 76 0
0 81 47
120 81 0
0 76 47
120 76 0
0 80 47
120 80 0
0 76 56
120 76 0
0 81 48
120 81 0
0 74 48
120 74 0
0 81 48
120 81 0
0 73 56
120 73 0
0 81 47
120 81 0
0 79 47
120 79 0
0 82 46
120 82 0
0 78 56
120 78 0
0 83 47
120 83 0
0 76 47
120 76 0
0 85 47
120 85 0
0 74 56
120 74 0
0 85 48
120 85 0
0 74 48
120 74 0
0 85 48
120 85 0
0 74 56
120 74 0
0 83 47
120 83 0
0 73 47
120 73 0
0 83 46
120 83 0
0 73 56
120 73 0
0 83 47
120 83 0
0 73 47
120 73 0
0 81 47
120 81 0
0 71 56
120 71 0
0 81 48
120 81 0
0 71 48
120 71 0
0 81 48
120 81 0
0 71 56
120 71 0
0 79 47
120 79 0
0 69 47
120 69 0
0 79 46
120 79 0
0 69 56
120 69 0
0 79 47
120 79 0
0 69 47
120 69 0
0 78 47
120 78 0
0 67 56
120 67 0
0 78 48
120 78 0
0 67 48
120 67 0
0 78 48
120 78 0
0 67 56
120 67 0
0 76 47
120 76 0
0 66 47
120 66 0
0 76 46
120 76 0
0 66 56
120 66 0
0 76 47
120 76 0
0 66 47
120 66 0
0 74 47
120 74 0
0 64 56
120 64 0
0 74 48
120 74 0
0 64 48
120 64 0
0 74 48
120 74 0
0 64 56
120 64 0
0 72 47
120 72 0
0 62 47
120 62 0
0 72 46
120 72 0
0 62 56
120 62 0
0 72 47
120 72 0
0 62 47
120 62 0
0 71 47
120 71 0
0 64 53
120 64 0
0 71 44
120 71 0
0 69 45
120 69 0
0 68 45
120 68 0
0 69 46
120 69 0
0 71 47
120 71 0
0 72 49
120 72 0
0 74 51
120 74 0
0 76 51
120 76 0
0 72 50
120 72 0
0 71 49
120 71 0
0 69 48
120 69 0
0 59 55
0 67 55
720 67 0
0 59 0
0 66 47
0 57 47
240 57 0
0 66 0
720 74 48
120 74 0
120 74 49
120 74 0
120 74 51
120 74 0
120 74 52
120 74 0
120 74 54
120 74 0
120 74 56
720 74 0
0 66 52
240 66 0
720 67 50
120 67 0
120 71 51
120 71 0
120 74 53
120 74 0
120 79 54
120 79 0
120 83 56
120 83 0
120 86 57
720 86 0
0 84 55
240 84 0
720 83 52
120 83 0
0 84 54
120 84 0
0 86 55
120 86 0
0 83 51
120 83 0
0 79 55
120 79 0
120 79 53
120 79 0
0 81 55
120 81 0
0 83 58
120 83 0
0 79 52
120 79 0
0 76 55
120 76 0
120 76 51
120 76 0
0 78 54
120 78 0
0 79 56
120 79 0
0 76 51
120 76 0
0 73 55
120 73 0
120 73 51
120 73 0
0 74 53
120 74 0
0 76 56
120 76 0
0 73 52
120 73 0
0 74 54
240 74 0
0 76 56
240 76 0
0 78 58
240 78 0
0 79 61
240 79 0
0 76 58
120 76 0
120 72 54
120 72 0
120 67 55
0 71 55
720 71 0
0 67 0
0 66 50
0 69 50
240 69 0
0 66 0
720 74 48
120 74 0
120 74 49
120 74 0
120 76 51
60 76 0
0 78 51
60 78 0
0 76 51
120 76 0
0 74 52
120 74 0
120 74 54
120 74 0
120 74 56
720 74 0
0 66 52
240 66 0
600 67 50
120 67 0
0 71 52
120 71 0
0 67 52
120 67 0
0 74 53
120 74 0
0 71 54
120 71 0
0 79 55
120 79 0
0 74 56
120 74 0
0 83 57
120 83 0
0 79 58
120 79 0
0 86 59
120 86 0
0 83 60
120 83 0
0 86 66
600 86 0
0 85 57
120 85 0
0 84 64
240 84 0
720 83 52
120 83 0
0 84 54
120 84 0
0 86 55
120 86 0
0 83 51
120 83 0
0 79 55
120 79 0
120 79 53
120 79 0
0 81 55
120 81 0
0 83 58
120 83 0
0 79 52
120 79 0
0 76 55
120 76 0
120 76 51
120 76 0
0 78 54
120 78 0
0 79 56
120 79 0
0 76 51
120 76 0
0 73 55
120 73 0
120 73 51
120 73 0
0 74 53
120 74 0
0 76 56
120 76 0
0 73 52
120 73 0
0 74 54
240 74 0
0 73 56
240 73 0
0 72 58
240 72 0
0 71 61
240 71 0
0 72 58
240 72 0
0 69 55
40 69 0
0 71 50
40 71 0
0 69 51
40 69 0
0 67 54
60 67 0
0 69 49
60 69 0
0 67 55
120 67 0
360 59 66
120 59 0
0 62 66
120 62 0
0 67 73
120 67 0
360 62 70
120 62 0
0 67 70
120 67 0
0 71 75
120 71 0
360 67 69
120 67 0
0 71 69
120 71 0
0 74 81
120 74 0
360 71 70
120 71 0
0 74 70
120 74 0
0 79 82
120 79 0
1320 83 45
600 83 0
0 84 42
120 84 0
0 76 47
480 76 0
0 75 47
240 75 0
0 76 55
180 76 0
60 88 54
120 88 0
120 86 52
120 86 0
120 84 50
120 84 0
120 83 49
120 83 0
120 82 47
120 82 0
120 83 45
300 83 0
0 84 35
60 84 0
0 83 35
60 83 0
0 82 35
60 82 0
0 83 45
120 83 0
0 84 42
120 84 0
0 76 47
480 76 0
28 75 47
212 76 55
28 75 0
152 76 0
60 88 54
120 88 0
120 86 52
120 86 0
120 84 50
120 84 0
120 83 49
120 83 0
120 82 47
120 82 0
120 81 45
300 81 0
0 83 35
60 83 0
0 81 35
60 81 0
0 80 35
60 80 0
0 81 45
120 81 0
0 83 42
120 83 0
0 74 47
480 74 0
28 73 47
212 74 55
28 73 0
152 74 0
60 86 54
120 86 0
120 85 52
120 85 0
120 83 50
120 83 0
120 81 49
120 81 0
120 80 47
120 80 0
120 81 45
300 81 0
0 83 35
60 83 0
0 81 35
60 81 0
0 80 35
60 80 0
0 81 45
120 81 0
0 83 42
120 83 0
0 74 47
480 74 0
28 73 47
212 74 55
28 73 0
152 74 0
60 78 54
120 78 0
120 76 52
120 76 0
120 74 50
120 74 0
120 73 49
120 73 0
120 71 47
120 71 0
120 76 45
300 76 0
0 78 35
60 78 0
0 76 35
60 76 0
0 75 35
60 75 0
0 76 45
120 76 0
0 78 42
120 78 0
0 69 47
480 69 0
0 68 47
240 68 0
0 69 55
180 69 0
60 81 54
120 81 0
120 80 52
120 80 0
120 78 50
120 78 0
120 76 49
120 76 0
120 75 47
120 75 0
120 76 45
300 76 0
0 78 35
60 78 0
0 76 35
60 76 0
0 75 35
60 75 0
0 76 45
120 76 0
0 78 42
120 78 0
0 69 47
480 69 0
0 68 47
240 68 0
0 69 36
120 69 0
0 64 28
120 64 0
0 61 28
120 61 0
0 64 28
120 64 0
0 69 28
120 69 0
0 64 28
120 64 0
0 69 36
120 69 0
0 64 27
120 64 0
0 61 27
120 61 0
0 64 27
120 64 0
0 69 28
120 69 0
0 64 28
120 64 0
0 71 38
120 71 0
0 64 30
120 64 0
0 62 31
120 62 0
0 64 32
120 64 0
0 71 33
120 71 0
0 64 35
120 64 0
0 71 46
120 71 0
0 64 35
120 64 0
0 62 36
120 62 0
0 64 36
120 64 0
0 71 38
120 71 0
0 64 39
120 64 0
0 73 52
120 73 0
0 67 41
120 67 0
0 64 42
120 64 0
0 67 44
120 67 0
0 73 45
120 73 0
0 64 45
120 64 0
0 74 60
120 74 0
0 69 49
120 69 0
0 66 50
120 66 0
0 69 51
120 69 0
0 74 53
120 74 0
0 69 54
120 69 0
0 76 69
120 76 0
0 73 58
120 73 0
0 69 59
120 69 0
0 73 61
120 73 0
0 76 63
120 76 0
0 73 65
120 73 0
0 78 77
120 78 0
0 74 66
120 74 0
0 69 68
120 69 0
0 74 70
120 74 0
0 78 72
120 78 0
0 74 73
120 74 0
0 79 75
0 76 63
0 69 63
0 73 63
1440 73 0
0 79 0
0 76 0
0 69 0
0 79 74
360 79 0
0 76 69
120 76 0
0 85 76
360 85 0
0 79 69
120 79 0
0 88 77
720 88 0
0 86 64
240 86 0
0 85 66
240 83 63
12 85 0
228 81 63
12 83 0
228 80 60
12 81 0
228 81 57
12 80 0
108 82 53
12 81 0
108 83 53
12 82 0
108 81 54
12 83 0
108 79 54
12 81 0
108 78 57
12 79 0
108 81 60
12 78 0
108 79 57
12 81 0
108 83 60
12 79 0
108 81 57
12 83 0
108 79 58
12 81 0
108 78 58
12 79 0
108 76 62
12 78 0
108 78 58
12 76 0
108 79 58
12 78 0
108 78 59
12 79 0
108 81 64
12 78 0
108 79 61
12 81 0
108 78 63
12 79 0
108 76 60
12 78 0
108 74 63
12 76 0
108 73 62
12 74 0
108 71 62
12 73 0
108 69 63
12 71 0
108 67 62
12 69 0
48 67 0
0 69 53
60 69 0
0 67 62
60 67 0
0 69 53
60 69 0
0 67 63
60 67 0
0 69 53
60 69 0
0 67 61
60 67 0
0 69 53
60 69 0
0 67 62
60 67 0
0 69 53
60 69 0
0 67 65
60 67 0
0 69 57
60 69 0
0 67 68
60 67 0
0 69 60
60 69 0
0 67 66
60 67 0
0 69 57
60 69 0
0 67 66
80 67 0
0 69 60
80 69 0
0 67 68
80 67 0
0 66 59
120 66 0
0 67 63
120 67 0
0 68 64
60 68 0
0 69 64
60 69 0
0 70 63
60 70 0
0 71 62
60 71 0
0 72 61
60 72 0
0 73 60
60 73 0
0 74 59
60 74 0
0 75 58
60 75 0
0 76 57
60 76 0
0 77 56
60 77 0
0 78 55
60 78 0
0 79 54
60 79 0
0 80 53
80 80 0
0 81 53
80 81 0
0 82 52
80 82 0
0 83 50
240 83 0
240 81 56
60 81 0
0 79 51
180 79 0
240 78 53
60 78 0
0 76 47
180 76 0
240 78 53
120 78 0
0 79 43
30 79 0
0 78 43
30 78 0
0 76 43
30 76 0
0 78 43
30 78 0
0 81 55
180 81 0
0 79 50
57 79 0
3 79 54
120 79 0
0 81 41
30 81 0
0 79 41
30 79 0
0 78 41
30 78 0
0 79 41
30 79 0
0 80 53
240 80 0
0 83 50
240 83 0
0 81 41
120 81 0
0 69 40
120 69 0
0 81 45
480 81 0
0 78 42
180 78 0
0 76 42
60 76 0
0 74 46
90 74 0
150 73 42
90 73 0
150 74 42
90 74 0
90 76 41
60 76 0
0 74 45
90 74 0
150 73 41
90 73 0
150 74 40
90 74 0
150 74 39
0 78 46
480 78 0
0 74 0
0 73 33
0 76 39
120 76 0
0 73 0
0 67 40
120 67 0
0 79 45
480 79 0
0 76 42
180 76 0
0 74 42
60 74 0
0 73 46
90 73 0
150 71 42
90 71 0
150 73 42
90 73 0
150 69 45
90 69 0
150 76 41
90 76 0
150 81 40
90 81 0
150 79 46
0 76 39
480 76 0
0 79 0
0 74 33
0 78 39
177 74 0
3 78 0
0 74 48
60 74 0
0 78 52
480 78 0
0 79 48
240 79 0
0 83 59
120 83 0
0 81 57
120 81 0
0 79 55
120 79 0
0 78 53
120 78 0
0 76 51
120 76 0
0 74 47
57 74 0
3 74 46
60 74 0
0 78 58
480 78 0
0 79 49
240 79 0
0 83 59
120 83 0
0 81 57
120 81 0
0 79 55
120 79 0
0 78 53
120 78 0
0 76 51
120 76 0
0 74 51
50 74 0
10 74 46
60 74 0
0 83 58
480 83 0
0 85 49
240 85 0
0 86 59
120 86 0
0 85 57
120 85 0
0 83 55
120 83 0
0 81 53
120 81 0
0 79 51
120 79 0
0 78 51
120 78 0
0 83 59
120 83 0
0 81 58
120 81 0
0 79 56
120 79 0
0 78 55
120 78 0
0 76 58
120 76 0
0 74 62
120 74 0
0 81 59
0 76 50
0 73 50
240 73 0
0 76 0
0 81 0
360 57 40
120 57 0
0 69 45
480 69 0
0 66 42
180 66 0
0 64 42
60 64 0
0 62 46
90 62 0
150 61 42
90 61 0
150 62 42
90 62 0
90 64 41
60 64 0
0 62 45
90 62 0
150 61 41
90 61 0
150 62 40
90 62 0
150 62 39
0 66 46
480 66 0
0 62 0
0 61 33
0 64 39
120 64 0
0 61 0
0 55 40
120 55 0
0 67 45
480 67 0
0 64 42
180 64 0
0 62 42
60 62 0
0 61 46
90 61 0
150 59 42
90 59 0
150 61 42
90 61 0
150 57 45
90 57 0
150 64 41
90 64 0
150 69 40
90 69 0
150 67 46
0 64 39
480 64 0
0 67 0
0 62 33
0 66 39
180 66 0
0 62 0
0 74 48
60 74 0
0 78 52
480 78 0
0 79 48
240 79 0
0 83 59
120 83 0
0 81 57
120 81 0
0 79 55
120 79 0
0 78 53
120 78 0
0 76 51
120 76 0
0 74 47
60 74 0
0 79 46
60 79 0
0 83 58
480 83 0
0 85 49
240 85 0
0 88 59
120 88 0
0 86 57
120 86 0
0 85 55
120 85 0
0 83 53
120 83 0
0 81 51
120 81 0
0 79 51
120 79 0
0 85 59
120 85 0
0 83 58
120 83 0
0 81 56
120 81 0
0 79 55
120 79 0
0 78 54
120 78 0
0 76 52
120 76 0
0 83 63
120 83 0
0 81 61
120 81 0
0 79 59
120 79 0
0 78 57
120 78 0
0 76 56
120 76 0
0 74 54
120 74 0
0 81 59
120 81 0
0 79 61
120 79 0
0 78 60
120 78 0
0 76 59
120 76 0
0 74 58
120 74 0
0 73 61
120 73 0
0 74 63
120 74 0
840 62 61
90 62 0
150 62 62
90 62 0
30 64 40
40 64 0
0 62 40
40 62 0
1 61 40
39 62 69
1 61 0
479 62 0
0 62 60
90 62 0
30 64 40
40 64 0
0 62 40
40 62 0
1 61 40
39 62 64
1 61 0
479 62 0
0 62 59
90 62 0
150 60 66
480 60 0
120 69 54
120 69 0
0 81 63
960 81 0
0 84 45
90 84 0
150 83 43
90 83 0
150 81 41
90 81 0
150 79 39
90 79 0
150 78 37
90 78 0
150 81 35
720 81 0
0 79 35
240 79 0
0 59 61
90 59 0
150 59 62
90 59 0
30 59 40
40 59 0
0 57 40
40 57 0
0 56 40
40 56 0
0 57 69
480 57 0
0 57 60
90 57 0
30 57 40
40 57 0
0 55 40
40 55 0
0 54 40
40 54 0
0 55 64
480 55 0
0 55 59
90 55 0
150 54 66
480 54 0
120 74 54
120 74 0
0 84 63
840 84 0
0 83 53
120 83 0
0 81 53
120 81 0
0 79 52
120 79 0
0 78 51
120 78 0
0 76 51
120 76 0
0 74 54
120 74 0
0 76 49
120 76 0
0 74 50
120 74 0
0 72 49
120 72 0
0 71 48
120 71 0
0 69 47
120 69 0
0 71 47
120 71 0
0 74 47
120 74 0
0 76 48
120 76 0
0 78 50
120 78 0
0 79 52
120 79 0
0 81 53
120 81 0
0 83 55
120 83 0
0 84 57
120 84 0
0 86 61
120 86 0
0 83 57
120 83 0
0 81 57
120 81 0
0 79 53
120 79 0
0 84 62
120 84 0
0 83 60
120 83 0
0 81 58
120 81 0
0 79 57
120 79 0
0 78 55
120 78 0
0 76 53
120 76 0
0 74 59
120 74 0
0 76 58
120 76 0
0 74 56
120 74 0
0 72 55
120 72 0
0 71 53
120 71 0
0 69 52
120 69 0
0 71 48
120 71 0
0 74 50
120 74 0
0 76 51
120 76 0
0 78 52
120 78 0
0 79 54
120 79 0
0 81 55
120 81 0
0 83 56
120 83 0
0 84 58
120 84 0
0 86 60
120 86 0
0 83 52
120 83 0
0 81 51
120 81 0
0 79 47
120 79 0
0 81 53
120 81 0
0 79 51
120 79 0
0 78 51
120 78 0
0 76 50
120 76 0
0 75 49
120 75 0
0 72 48
120 72 0
0 71 52
120 71 0
0 72 52
120 72 0
0 71 51
120 71 0
0 69 51
120 69 0
0 67 50
120 67 0
0 66 50
120 66 0
0 67 56
120 67 0
0 71 50
120 71 0
0 73 52
120 73 0
0 75 53
120 75 0
0 76 55
120 76 0
0 78 57
120 78 0
0 79 62
120 79 0
0 81 57
120 81 0
0 83 56
120 83 0
0 79 54
120 79 0
0 78 53
120 78 0
0 76 52
120 76 0
0 79 63
120 79 0
0 78 61
120 78 0
0 76 59
120 76 0
0 74 58
120 74 0
0 73 56
120 73 0
0 71 54
120 71 0
0 69 60
120 69 0
0 71 58
120 71 0
0 69 56
120 69 0
0 67 55
120 67 0
0 66 54
120 66 0
0 64 52
120 64 0
0 66 56
120 66 0
0 69 50
120 69 0
0 71 52
120 71 0
0 73 53
120 73 0
0 74 55
120 74 0
0 76 57
120 76 0
0 78 62
120 78 0
0 79 57
120 79 0
0 81 56
120 81 0
0 83 54
120 83 0
0 85 53
120 85 0
0 86 52
120 86 0
0 83 60
120 83 0
0 81 59
120 81 0
0 79 57
120 79 0
0 78 56
120 78 0
0 76 55
120 76 0
0 74 53
120 74 0
0 79 52
120 79 0
0 78 54
120 78 0
0 76 57
120 76 0
0 74 60
120 74 0
0 73 64
120 73 0
0 71 67
120 71 0
0 69 70
90 69 0
150 76 52
0 73 52
0 81 62
90 81 0
0 73 0
0 76 0
150 73 52
0 76 52
0 81 62
90 81 0
0 76 0
0 73 0
150 76 56
0 81 67
0 73 56
90 73 0
0 81 0
0 76 0
630 69 42
0 78 50
720 78 0
0 69 0
0 67 39
0 76 47
240 76 0
0 78 44
240 78 0
0 76 44
240 76 0
0 67 0
0 66 42
0 74 50
1920 74 0
0 66 0
0 78 50
240 78 0
0 79 50
0 74 42
480 79 0
0 83 54
240 83 0
0 74 0
0 73 45
0 81 53
240 73 0
0 74 50
240 74 0
0 81 0
0 79 50
0 76 42
240 76 0
0 79 0
0 78 54
0 74 45
480 74 0
0 78 0
240 76 50
960 76 0
0 78 44
240 78 0
0 76 44
240 76 0
0 76 50
960 76 0
0 78 45
240 78 0
0 79 46
240 79 0
0 81 52
240 81 0
0 86 49
180 86 0
60 85 48
180 85 0
60 83 49
180 83 0
60 81 48
180 81 0
60 79 46
180 79 0
60 78 45
480 78 0
0 79 42
120 79 0
0 78 43
120 78 0
0 76 37
240 76 0
480 69 42
0 78 50
720 78 0
0 69 0
0 76 47
0 67 39
240 76 0
0 78 44
240 78 0
0 76 44
240 76 0
0 67 0
0 66 42
0 74 50
720 66 0
0 66 42
0 72 42
720 72 0
0 66 0
0 71 42
0 67 42
480 67 0
0 71 0
0 74 0
0 75 50
0 69 50
0 71 50
240 71 0
0 69 0
0 75 0
0 76 50
0 67 42
0 71 42
480 71 0
0 67 0
0 76 0
0 78 54
0 83 54
240 83 0
0 78 0
0 76 45
0 81 53
480 81 0
0 76 0
0 73 42
0 79 50
240 79 0
0 73 0
0 78 54
0 74 45
480 74 0
0 78 0
240 76 50
240 76 0
0 88 55
120 88 0
120 88 55
120 88 0
120 88 59
120 88 0
120 88 53
120 88 0
120 88 53
120 88 0
120 88 60
240 88 0
0 81 53
120 81 0
120 81 53
120 81 0
120 81 62
120 81 0
120 86 56
120 86 0
120 86 56
120 86 0
120 86 57
120 86 0
120 83 53
0 79 45
120 79 0
0 83 0
120 78 45
0 81 54
120 81 0
0 78 0
120 76 47
0 79 56
120 79 0
0 76 0
120 74 49
0 78 58
120 78 0
0 74 0
120 73 50
0 76 59
120 76 0
0 73 0
120 74 65
720 74 0
0 78 65
720 78 0
0 79 67
120 79 0
0 78 65
120 78 0
0 76 64
120 76 0
0 74 63
120 74 0
0 73 61
120 73 0
120 76 65
120 76 0
0 74 64
120 74 0
0 73 62
120 73 0
0 71 61
120 71 0
0 69 60
120 69 0
0 67 58
120 67 0
0 66 61
120 66 0
120 69 49
120 69 0
120 74 52
120 74 0
120 78 55
120 78 0
120 81 58
120 81 0
360 79 67
120 79 0
0 78 65
120 78 0
0 76 64
120 76 0
0 74 63
120 74 0
0 73 61
120 73 0
120 76 65
120 76 0
0 74 64
120 74 0
0 73 62
120 73 0
0 71 61
120 71 0
0 69 60
120 69 0
0 67 58
120 67 0
0 66 61
120 66 0
120 69 49
120 69 0
120 74 52
120 74 0
120 78 55
120 78 0
120 81 58
120 81 0
600 82 45
240 82 0
0 83 45
240 83 0
240 86 45
240 86 0
0 83 45
240 83 0
240 80 45
240 80 0
0 81 45
240 81 0
240 83 45
240 83 0
0 79 45
240 79 0
240 77 45
240 77 0
0 78 45
240 78 0
240 79 45
240 79 0
0 76 45
240 76 0
0 74 65
720 74 0
0 78 65
720 78 0
0 79 67
120 79 0
0 78 65
120 78 0
0 76 64
120 76 0
0 74 63
120 74 0
0 73 61
120 73 0
120 76 65
120 76 0
0 74 64
120 74 0
0 73 62
120 73 0
0 71 61
120 71 0
0 69 60
120 69 0
0 67 58
120 67 0
0 66 61
120 66 0
120 69 49
120 69 0
120 74 52
120 74 0
120 78 55
120 78 0
120 81 58
120 81 0
360 79 67
120 79 0
0 78 65
120 78 0
0 76 64
120 76 0
0 74 63
120 74 0
0 73 61
120 73 0
120 76 65
120 76 0
0 74 64
120 74 0
0 73 62
120 73 0
0 71 61
120 71 0
0 69 60
120 69 0
0 67 58
120 67 0
0 66 61
120 66 0
120 69 49
120 69 0
120 74 52
120 74 0
120 78 55
120 78 0
120 81 58
120 81 0
600 82 45
240 82 0
0 83 43
240 83 0
240 86 45
240 86 0
0 83 41
240 83 0
240 80 45
240 80 0
0 81 44
240 81 0
240 83 45
240 83 0
0 79 43
240 79 0
240 77 45
240 77 0
0 78 43
240 78 0
240 79 45
240 79 0
0 76 43
240 76 0
240 70 58
0 82 69
120 82 0
0 70 0
120 83 67
0 71 56
120 71 0
0 83 0
360 74 58
0 86 69
120 86 0
0 74 0
120 71 56
0 83 67
120 83 0
0 71 0
360 68 58
0 80 69
120 80 0
0 68 0
120 69 56
0 81 67
120 81 0
0 69 0
360 71 58
0 83 69
120 83 0
0 71 0
120 79 67
0 67 56
120 67 0
0 79 0
360 77 69
0 65 58
120 65 0
0 77 0
120 78 67
0 66 56
120 66 0
0 78 0
360 67 58
0 79 69
120 79 0
0 67 0
120 64 56
0 76 67
120 76 0
0 64 0
120 74 72
0 66 72
240 66 0
0 74 0
480 74 73
0 66 62
720 66 0
0 74 0
0 67 63
0 76 75
480 76 0
0 67 0
0 71 60
0 79 71
180 79 0
0 71 0
0 64 65
60 64 0
0 74 76
480 74 0
0 73 69
40 73 0
0 74 62
40 74 0
0 73 63
40 73 0
0 71 70
60 71 0
0 73 64
60 73 0
0 74 72
240 74 0
480 74 73
0 66 62
120 66 0
0 74 0
120 74 73
0 66 62
120 66 0
0 74 0
120 66 62
0 74 73
120 74 0
0 66 0
120 76 75
0 67 63
480 67 0
0 76 0
0 79 71
0 71 60
180 71 0
0 79 0
0 64 65
60 64 0
0 74 76
480 74 0
0 73 69
40 73 0
0 74 62
40 74 0
0 73 63
40 73 0
0 71 70
60 71 0
0 73 64
60 73 0
0 74 72
240 74 0
0 66 45
240 66 0
0 69 39
240 69 0
0 71 45
240 71 0
0 73 41
240 73 0
0 74 42
240 74 0
0 76 47
240 76 0
0 69 40
240 69 0
0 71 37
240 71 0
0 73 46
240 73 0
0 74 44
240 74 0
0 76 47
240 76 0
0 78 49
240 78 0
0 66 37
0 69 44
240 69 0
0 66 0
0 73 41
0 69 34
240 69 0
0 73 0
0 74 52
0 71 44
240 71 0
0 74 0
0 76 50
0 73 42
240 73 0
0 76 0
0 78 54
0 74 45
240 74 0
0 78 0
0 76 48
0 79 57
240 79 0
0 76 0
0 69 45
0 73 52
240 73 0
0 69 0
0 74 50
0 71 42
240 71 0
0 74 0
0 76 62
0 73 53
240 73 0
0 76 0
0 78 59
0 74 50
240 74 0
0 78 0
0 79 65
0 76 54
240 76 0
0 79 0
0 78 58
0 81 69
240 81 0
0 78 0
360 69 45
120 69 0
0 81 50
480 81 0
0 78 47
180 78 0
0 76 47
60 76 0
0 74 52
90 74 0
150 73 47
90 73 0
150 74 47
90 74 0
90 76 46
60 76 0
0 74 50
90 74 0
150 73 46
90 73 0
150 74 45
90 74 0
150 78 52
0 74 44
480 74 0
0 78 0
0 73 37
0 76 44
120 76 0
0 73 0
0 67 45
120 67 0
0 79 50
480 79 0
0 76 47
180 76 0
0 74 47
60 74 0
0 73 52
90 73 0
150 71 47
90 71 0
150 73 47
90 73 0
150 69 50
90 69 0
150 76 46
90 76 0
150 81 45
90 81 0
150 79 52
0 76 44
480 76 0
0 79 0
0 74 37
0 78 44
180 78 0
0 74 0
0 74 48
60 74 0
0 78 52
480 78 0
0 79 48
240 79 0
0 83 59
120 83 0
0 81 57
120 81 0
0 79 55
120 79 0
0 78 53
120 78 0
0 76 51
120 76 0
0 74 47
60 74 0
0 79 46
60 79 0
0 83 58
480 83 0
0 85 49
240 85 0
0 88 59
120 88 0
0 86 57
120 86 0
0 85 55
120 85 0
0 83 53
120 83 0
0 81 51
120 81 0
0 79 51
120 79 0
0 85 59
120 85 0
0 83 58
120 83 0
0 81 56
120 81 0
0 79 55
120 79 0
0 78 58
120 78 0
0 76 62
120 76 0
0 83 63
120 83 0
0 81 61
120 81 0
0 79 59
120 79 0
0 78 57
120 78 0
0 76 56
120 76 0
0 74 54
120 74 0
0 81 59
120 81 0
0 79 61
120 79 0
0 78 60
120 78 0
0 76 59
120 76 0
0 74 58
120 74 0
0 73 61
120 73 0
0 74 63
120 74 0
360 62 66
120 62 0
0 66 66
120 66 0
0 69 73
120 69 0
360 66 70
120 66 0
0 69 70
120 69 0
0 74 75
120 74 0
360 69 69
120 69 0
0 74 69
120 74 0
0 78 81
120 78 0
360 74 70
120 74 0
0 78 70
120 78 0
0 81 82
120 81 0
1320 81 45
600 81 0
0 83 42
120 83 0
0 74 47
480 74 0
28 73 47
212 74 55
28 73 0
152 74 0
60 86 54
120 86 0
120 85 52
120 85 0
120 83 50
120 83 0
120 81 49
120 81 0
120 80 47
120 80 0
120 81 45
300 81 0
0 83 35
60 83 0
0 81 35
60 81 0
0 80 35
60 80 0
0 81 45
120 81 0
0 83 42
120 83 0
0 74 47
480 74 0
28 73 47
212 74 55
28 73 0
152 74 0
60 86 54
120 86 0
120 85 52
120 85 0
120 83 50
120 83 0
120 81 49
120 81 0
120 80 47
120 80 0
120 81 45
300 81 0
0 83 35
60 83 0
0 81 35
60 81 0
0 80 35
60 80 0
0 81 45
120 81 0
0 83 42
120 83 0
0 74 47
480 74 0
28 73 47
212 74 52
28 73 0
212 74 0
480 59 29
0 62 35
0 54 29
720 54 0
0 62 0
0 59 0
0 59 32
0 64 38
0 62 32
720 62 0
0 64 0
0 59 0
0 69 39
0 64 33
0 61 33
720 61 0
0 64 0
0 69 0
0 66 35
0 57 29
0 62 29
240 62 0
0 57 0
0 66 0
480 83 52
0 78 44
120 78 0
0 83 0
0 86 47
120 86 0
0 83 52
0 78 44
120 78 0
0 83 0
0 86 47
120 86 0
0 78 45
0 83 53
120 83 0
0 78 0
0 86 49
120 86 0
0 83 59
0 76 50
120 76 0
0 83 0
0 86 53
120 86 0
0 76 51
0 83 62
120 83 0
0 76 0
0 86 57
120 86 0
0 83 64
0 76 53
120 76 0
0 83 0
0 86 59
120 86 0
0 79 68
0 76 57
120 76 0
0 79 0
0 85 62
120 85 0
0 76 60
0 79 71
120 79 0
0 76 0
0 85 64
120 85 0
0 76 62
0 79 73
120 79 0
0 76 0
0 85 68
120 85 0
0 86 88
0 81 73
0 78 73
0 74 73
120 74 0
0 86 0
0 81 0
0 78 0
600 78 72
0 74 72
0 69 72
0 81 85
120 81 0
0 78 0
0 74 0
0 69 0
600 78 85
0 74 72
0 69 72
120 69 0
0 74 0
0 78 0
1440 62 27
0 66 33
720 66 0
0 62 0
0 59 27
0 68 33
720 68 0
0 59 0
0 57 27
0 69 33
720 69 0
0 57 0
720 64 33
0 57 27
720 57 0
0 64 0
0 61 27
0 64 33
720 64 0
0 61 0
0 62 27
0 69 33
720 69 0
0 62 0
0 50 51
240 50 0
0 62 45
120 62 0
120 64 48
120 64 0
120 66 52
240 66 0
480 50 50
240 50 0
0 62 44
120 62 0
120 64 48
120 64 0
120 66 53
240 66 0
480 55 50
240 55 0
0 67 44
120 67 0
120 64 48
120 64 0
120 54 45
0 66 53
240 66 0
0 54 0
480 67 53
0 55 45
240 55 0
0 67 0
480 69 53
0 57 45
240 57 0
0 69 0
1200 66 33
0 62 27
720 62 0
0 66 0
0 59 27
0 68 33
720 68 0
0 59 0
0 69 33
0 57 27
720 57 0
0 69 0
720 64 33
0 57 27
720 57 0
0 64 0
0 64 33
0 61 27
720 61 0
0 64 0
0 62 27
0 69 33
720 69 0
0 62 0
0 50 51
240 50 0
0 62 45
120 62 0
120 64 48
120 64 0
120 66 52
240 66 0
480 43 50
240 43 0
0 55 44
120 55 0
120 59 48
120 59 0
120 59 53
240 59 0
480 64 53
0 59 45
10 55 45
110 59 0
0 64 0
10 55 0
590 62 45
0 57 45
10 66 53
110 57 0
0 62 0
10 66 0
590 64 45
0 57 45
10 67 53
110 57 0
0 64 0
10 67 0
590 66 53
0 62 45
120 62 0
0 66 0
360 38 45
120 38 0
0 42 45
120 42 0
0 45 52
120 45 0
360 42 48
120 42 0
0 45 48
120 45 0
0 50 57
120 50 0
360 45 51
120 45 0
0 50 51
120 50 0
0 54 57
120 54 0
360 50 48
120 50 0
0 54 48
120 54 0
0 57 57
120 57 0
1320 57 29
0 66 35
0 62 29
720 62 0
0 66 0
0 64 27
0 67 32
720 67 0
0 64 0
0 62 29
0 66 35
240 66 0
0 62 0
0 57 0
1200 57 29
0 62 29
0 66 35
720 66 0
0 62 0
0 67 32
0 64 27
720 64 0
0 67 0
0 62 29
0 66 35
240 66 0
0 62 0
0 57 0
1200 57 29
0 62 29
0 66 35
720 66 0
0 62 0
0 67 32
0 64 27
720 64 0
0 67 0
0 57 0
0 62 24
0 66 32
240 66 0
0 62 0
480 47 35
720 47 0
0 43 37
720 43 0
0 45 39
720 45 0
0 38 35
240 38 0
720 38 44
0 50 44
90 50 0
0 38 0
150 38 44
0 50 44
90 50 0
0 38 0
150 50 52
0 38 52
480 38 0
0 50 0
0 50 44
0 38 44
90 38 0
0 50 0
150 50 44
0 38 44
480 38 0
0 50 0
0 38 44
0 50 44
90 50 0
0 38 0
150 49 52
0 37 52
480 37 0
0 49 0
960 61 25
0 69 30
90 69 0
0 61 0
150 69 30
0 61 25
90 61 0
0 69 0
150 61 25
0 69 30
90 69 0
0 61 0
150 61 25
0 69 30
90 69 0
0 61 0
150 69 30
0 61 25
90 61 0
0 69 0
150 69 30
0 61 25
90 61 0
0 69 0
150 69 35
0 59 29
960 59 0
0 69 0
0 47 44
0 35 44
90 35 0
0 47 0
150 47 44
0 35 44
90 35 0
0 47 0
150 35 52
0 47 52
480 47 0
0 35 0
0 35 44
0 47 44
90 47 0
0 35 0
150 33 44
0 45 44
480 45 0
0 33 0
0 33 44
0 45 44
90 45 0
0 33 0
150 44 52
0 32 52
240 32 0
0 44 0
1200 56 40
240 59 30
240 59 0
0 64 26
240 64 0
0 56 0
0 56 40
240 59 30
240 59 0
0 64 27
240 64 0
0 56 0
0 57 40
240 61 33
240 61 0
0 64 36
240 64 0
0 57 0
0 57 40
240 61 33
240 61 0
0 64 33
240 64 0
0 57 0
0 56 40
240 59 34
240 59 0
0 64 31
240 64 0
0 56 0
0 56 40
240 59 33
240 59 0
0 64 28
240 64 0
0 56 0
0 57 40
240 61 34
240 61 0
0 64 37
240 64 0
0 57 0
0 57 40
240 61 34
240 61 0
0 64 34
240 64 0
0 57 0
0 56 40
240 59 33
240 59 0
0 64 30
240 64 0
0 56 0
0 56 40
240 59 34
240 59 0
0 64 32
240 64 0
0 56 0
0 57 46
480 57 0
240 49 42
0 57 42
480 57 0
0 49 0
240 57 46
0 50 46
480 50 0
0 57 0
240 62 45
120 62 0
0 61 42
120 61 0
0 59 43
120 59 0
0 57 46
120 57 0
0 56 48
120 56 0
0 54 51
120 54 0
0 52 54
90 52 0
150 52 50
90 52 0
150 52 50
90 52 0
150 52 54
90 52 0
2070 57 41
720 57 0
0 56 46
240 56 0
0 57 44
240 57 0
0 56 44
240 56 0
0 54 51
1200 54 0
0 50 36
240 50 0
0 52 41
240 52 0
0 54 37
240 54 0
0 56 37
240 56 0
0 57 42
240 57 0
0 59 38
240 59 0
0 61 38
240 61 0
0 62 42
0 66 35
0 69 35
720 62 0
0 63 42
720 63 0
0 69 0
0 66 0
0 64 42
0 68 35
720 68 0
0 64 0
0 64 35
0 62 42
0 68 35
720 68 0
0 62 0
0 64 0
0 64 29
0 69 35
0 61 29
240 61 0
0 69 0
0 64 0
480 62 35
480 62 0
0 57 31
0 54 26
240 54 0
0 57 0
0 57 36
0 52 30
720 57 0
0 56 32
240 56 0
0 52 0
1920 54 41
720 54 0
0 52 46
240 52 0
0 54 44
240 54 0
0 52 44
240 52 0
0 50 51
480 50 0
0 49 36
240 49 0
0 47 51
480 47 0
0 45 36
240 45 0
0 44 41
480 44 0
0 40 37
240 40 0
0 45 42
240 45 0
0 47 38
240 47 0
0 49 38
240 49 0
0 57 35
0 50 42
0 54 35
720 50 0
0 51 42
720 51 0
0 54 0
0 57 0
0 56 35
0 52 42
0 50 42
720 50 0
0 52 0
0 56 0
0 55 35
0 49 42
0 52 35
720 52 0
0 49 0
0 55 0
0 50 35
0 54 42
120 54 0
0 50 0
600 52 47
120 52 0
600 57 60
120 57 0
0 64 44
120 64 0
0 61 44
120 61 0
0 64 44
120 64 0
0 61 44
120 61 0
0 64 44
120 64 0
0 57 55
120 57 0
0 64 48
120 64 0
0 61 45
120 61 0
0 64 43
120 64 0
0 61 43
120 61 0
0 64 43
120 64 0
0 59 60
120 59 0
0 64 44
120 64 0
0 62 44
120 62 0
0 64 44
120 64 0
0 62 44
120 62 0
0 64 44
120 64 0
0 56 55
120 56 0
0 64 42
120 64 0
0 59 42
120 59 0
0 64 42
120 64 0
0 59 42
120 59 0
0 64 42
120 64 0
0 57 51
120 57 0
0 64 39
120 64 0
0 61 39
120 61 0
0 64 39
120 64 0
0 61 39
120 61 0
0 64 39
120 64 0
0 57 50
120 57 0
0 64 40
120 64 0
0 61 40
120 61 0
0 64 40
120 64 0
0 61 40
120 61 0
0 64 40
120 64 0
0 59 60
120 59 0
0 64 44
120 64 0
0 62 44
120 62 0
0 64 44
120 64 0
0 62 44
120 62 0
0 64 44
120 64 0
0 56 55
120 56 0
0 64 42
120 64 0
0 59 42
120 59 0
0 64 42
120 64 0
0 59 42
120 59 0
0 64 42
120 64 0
0 57 51
120 57 0
0 64 39
120 64 0
0 61 39
120 61 0
0 64 39
120 64 0
0 61 39
120 61 0
0 64 39
120 64 0
0 57 50
120 57 0
0 64 40
120 64 0
0 61 40
120 61 0
0 64 40
120 64 0
0 61 40
120 61 0
0 64 40
120 64 0
0 62 45
120 62 0
600 62 34
0 69 40
120 69 0
0 62 0
600 69 40
0 61 34
120 61 0
0 69 0
600 69 40
0 62 34
120 62 0
0 69 0
600 69 40
0 64 34
120 64 0
0 69 0
600 68 40
0 64 34
120 64 0
0 68 0
600 57 60
120 57 0
0 64 44
120 64 0
0 61 44
120 61 0
0 64 44
120 64 0
0 61 44
120 61 0
0 64 44
120 64 0
0 57 55
120 57 0
0 64 48
120 64 0
0 61 45
120 61 0
0 64 43
120 64 0
0 61 43
120 61 0
0 64 43
120 64 0
0 59 60
120 59 0
0 64 44
120 64 0
0 62 44
120 62 0
0 64 44
120 64 0
0 62 44
120 62 0
0 64 44
120 64 0
0 56 55
120 56 0
0 64 42
120 64 0
0 59 42
120 59 0
0 64 42
120 64 0
0 59 42
120 59 0
0 64 42
120 64 0
0 57 51
120 57 0
0 64 39
120 64 0
0 61 39
120 61 0
0 64 39
120 64 0
0 61 39
120 61 0
0 64 39
120 64 0
0 57 50
120 57 0
0 64 40
120 64 0
0 61 40
120 61 0
0 64 40
120 64 0
0 61 40
120 61 0
0 64 40
120 64 0
0 59 60
120 59 0
0 64 44
120 64 0
0 62 44
120 62 0
0 64 44
120 64 0
0 62 44
120 62 0
0 64 44
120 64 0
0 56 55
120 56 0
0 64 42
120 64 0
0 59 42
120 59 0
0 64 42
120 64 0
0 59 42
120 59 0
0 64 42
120 64 0
0 57 51
120 57 0
0 64 39
120 64 0
0 61 39
120 61 0
0 64 39
120 64 0
0 61 39
120 61 0
0 64 39
120 64 0
0 57 50
120 57 0
0 64 40
120 64 0
0 61 40
120 61 0
0 64 40
120 64 0
0 61 40
120 61 0
0 64 40
120 64 0
0 62 45
120 62 0
600 62 34
0 69 40
120 69 0
0 62 0
600 61 34
0 69 40
120 69 0
0 61 0
600 69 40
0 62 34
120 62 0
0 69 0
600 69 40
0 64 34
120 64 0
0 69 0
600 68 40
0 64 34
120 64 0
0 68 0
600 50 55
0 57 63
120 57 0
0 50 0
600 57 57
0 50 48
120 50 0
0 57 0
600 49 48
0 57 57
120 57 0
0 49 0
600 50 48
0 57 57
120 57 0
0 50 0
600 57 57
0 52 48
120 52 0
0 57 0
600 52 48
0 56 57
120 56 0
0 52 0
600 45 67
120 45 0
0 57 44
120 57 0
0 56 48
120 56 0
0 57 44
120 57 0
0 56 48
120 56 0
0 57 44
120 57 0
0 42 62
120 42 0
0 54 43
120 54 0
0 53 47
120 53 0
0 54 43
120 54 0
0 53 47
120 53 0
0 54 43
120 54 0
0 38 67
120 38 0
0 50 46
120 50 0
0 49 50
120 49 0
0 50 46
120 50 0
0 49 51
120 49 0
0 50 46
120 50 0
0 40 55
120 40 0
0 52 46
120 52 0
0 51 49
120 51 0
0 52 46
120 52 0
0 51 50
120 51 0
0 52 46
120 52 0
0 45 67
120 45 0
0 57 44
120 57 0
0 56 48
120 56 0
0 57 44
120 57 0
0 56 48
120 56 0
0 57 44
120 57 0
0 42 62
120 42 0
0 54 43
120 54 0
0 53 47
120 53 0
0 54 43
120 54 0
0 53 47
120 53 0
0 54 43
120 54 0
0 38 67
120 38 0
0 50 46
120 50 0
0 49 50
120 49 0
0 50 46
120 50 0
0 49 51
120 49 0
0 50 46
120 50 0
0 40 55
120 40 0
0 52 46
120 52 0
0 51 49
120 51 0
0 52 46
120 52 0
0 51 50
120 51 0
0 52 46
120 52 0
0 45 67
120 45 0
1080 62 38
0 59 32
0 52 32
240 52 0
0 59 0
0 62 0
0 57 32
0 61 38
120 61 0
0 57 0
1080 62 38
0 52 32
0 59 32
240 59 0
0 52 0
0 62 0
0 57 32
0 61 38
120 61 0
0 57 0
120 49 39
240 49 0
0 50 40
240 50 0
0 52 42
240 52 0
0 54 39
240 54 0
0 56 43
240 56 0
0 57 46
240 57 0
0 49 41
240 49 0
0 50 41
240 50 0
0 52 45
240 52 0
0 54 41
240 54 0
0 56 45
240 56 0
0 57 40
120 57 0
600 57 35
0 59 41
120 59 0
0 57 0
600 57 41
0 61 49
120 61 0
0 57 0
600 62 53
0 57 44
120 57 0
0 62 0
600 57 50
0 64 60
120 64 0
0 57 0
2760 66 33
0 62 27
720 62 0
0 66 0
0 59 27
0 68 33
720 68 0
0 59 0
0 69 33
0 57 27
720 57 0
0 69 0
720 64 33
0 57 27
720 57 0
0 64 0
0 64 33
0 61 27
720 61 0
0 64 0
0 69 33
0 62 27
720 62 0
0 69 0
0 50 51
240 50 0
0 62 45
120 62 0
120 64 48
120 64 0
120 66 52
240 66 0
480 50 50
240 50 0
0 62 44
120 62 0
120 64 48
120 64 0
120 66 53
240 66 0
480 55 50
240 55 0
0 67 44
120 67 0
120 64 48
120 64 0
120 66 53
0 54 45
240 54 0
0 66 0
480 67 53
0 55 45
240 55 0
0 67 0
480 69 53
0 57 45
240 57 0
0 69 0
1200 66 33
0 62 27
720 62 0
0 66 0
0 59 27
0 68 33
720 68 0
0 59 0
0 69 33
0 57 27
720 57 0
0 69 0
720 64 33
0 57 27
720 57 0
0 64 0
0 61 27
0 64 33
720 64 0
0 61 0
0 62 27
0 69 33
720 69 0
0 62 0
0 50 51
240 50 0
0 62 45
120 62 0
120 64 48
120 64 0
120 66 52
240 66 0
480 43 50
240 43 0
0 55 44
120 55 0
120 59 48
120 59 0
120 59 53
240 59 0
480 59 45
0 64 53
10 55 45
110 64 0
0 59 0
10 55 0
590 57 45
0 62 45
10 66 53
110 62 0
0 57 0
10 66 0
590 64 45
0 57 45
10 67 53
110 57 0
0 64 0
10 67 0
590 66 53
0 62 45
120 62 0
0 66 0
360 42 45
120 42 0
0 45 45
120 45 0
0 50 52
120 50 0
360 45 48
120 45 0
0 50 48
120 50 0
0 54 57
120 54 0
360 50 51
120 50 0
0 54 51
120 54 0
0 57 57
120 57 0
360 54 44
120 54 0
0 57 44
120 57 0
0 60 53
120 60 0
1320 59 35
0 50 29
0 55 29
720 55 0
0 59 0
0 57 27
0 60 32
720 60 0
0 57 0
0 55 29
0 59 35
240 59 0
0 55 0
0 50 0
1200 59 35
0 55 29
0 50 29
720 55 0
0 59 0
0 57 27
0 60 32
720 60 0
0 57 0
0 55 29
0 59 35
240 59 0
0 55 0
0 50 0
1200 50 29
0 59 35
0 55 29
720 55 0
0 59 0
0 60 32
0 57 27
720 57 0
0 60 0
0 50 0
0 55 24
0 59 32
240 59 0
0 55 0
480 52 35
720 52 0
0 48 37
720 48 0
0 50 39
720 50 0
0 43 35
240 43 0
480 36 43
0 48 52
720 48 0
0 36 0
0 33 46
0 45 55
720 45 0
0 33 0
0 47 58
0 35 49
720 35 0
0 47 0
0 40 52
240 40 0
480 47 35
720 47 0
0 43 37
720 43 0
0 45 39
720 45 0
0 38 35
240 38 0
480 58 52
0 46 43
720 46 0
0 58 0
0 47 46
0 59 55
720 59 0
0 47 0
0 55 58
0 43 49
720 43 0
0 55 0
0 54 52
0 42 48
120 42 0
0 54 0
120 55 52
120 55 0
120 54 52
120 54 0
120 52 52
120 52 0
120 50 52
120 50 0
120 49 52
120 49 0
120 47 52
240 47 0
480 71 40
120 71 0
0 74 30
120 74 0
0 71 33
120 71 0
0 74 30
120 74 0
0 71 33
120 71 0
0 74 30
120 74 0
0 70 40
120 70 0
0 73 30
120 73 0
0 70 33
120 70 0
0 73 30
120 73 0
0 70 33
120 70 0
0 73 31
120 73 0
0 69 40
120 69 0
0 73 29
120 73 0
0 69 32
120 69 0
0 73 30
120 73 0
0 69 32
120 69 0
0 73 30
120 73 0
0 68 40
120 68 0
0 71 31
120 71 0
0 68 33
120 68 0
0 71 29
120 71 0
0 68 33
120 68 0
0 71 31
120 71 0
0 67 40
120 67 0
0 71 31
120 71 0
0 67 34
120 67 0
0 71 31
120 71 0
0 67 34
120 67 0
0 71 30
120 71 0
0 66 45
120 66 0
0 71 32
120 71 0
0 66 35
120 66 0
0 71 32
120 71 0
0 66 35
120 66 0
0 71 33
120 71 0
0 66 46
120 66 0
0 69 33
120 69 0
0 66 35
120 66 0
0 69 33
120 69 0
0 66 35
120 66 0
0 69 32
120 69 0
0 64 40
120 64 0
0 67 33
120 67 0
0 64 35
120 64 0
0 67 33
120 67 0
0 64 35
120 64 0
0 67 33
120 67 0
0 64 40
120 64 0
0 67 32
120 67 0
0 64 35
120 64 0
0 67 32
120 67 0
0 64 35
120 64 0
0 67 33
120 67 0
0 62 40
120 62 0
0 66 33
120 66 0
0 62 35
120 62 0
0 66 33
120 66 0
0 62 35
120 62 0
0 66 33
120 66 0
0 62 35
120 62 0
0 66 29
120 66 0
0 62 29
120 62 0
0 66 27
120 66 0
0 62 29
120 62 0
0 66 28
120 66 0
0 58 39
120 58 0
0 66 30
120 66 0
0 58 35
120 58 0
0 66 29
120 66 0
0 58 36
120 58 0
0 66 33
120 66 0
0 59 40
120 59 0
0 66 33
120 66 0
0 59 35
120 59 0
0 66 33
120 66 0
0 59 35
120 59 0
0 66 33
120 66 0
0 54 33
240 54 0
480 54 44
120 55 46
12 54 0
108 54 47
12 55 0
108 52 49
12 54 0
108 50 51
12 52 0
108 49 52
12 50 0
108 47 58
12 49 0
228 47 0
0 66 52
120 66 0
120 66 48
120 66 0
120 67 44
60 67 0
0 69 44
60 69 0
0 67 53
120 67 0
0 66 49
120 66 0
120 66 46
120 66 0
120 67 48
60 67 0
0 69 48
60 69 0
0 67 52
120 67 0
0 66 52
120 66 0
120 66 48
120 66 0
120 66 52
480 66 0
0 67 46
120 67 0
0 69 49
120 69 0
0 71 52
240 71 0
0 64 48
120 64 0
120 64 48
120 64 0
120 66 48
60 66 0
0 67 48
60 67 0
0 66 52
120 66 0
0 64 52
120 64 0
120 64 48
120 64 0
120 64 48
60 64 0
0 66 48
60 66 0
0 64 56
120 64 0
0 62 48
120 62 0
120 62 52
120 62 0
120 62 52
480 62 0
0 64 47
120 64 0
0 66 50
120 66 0
0 67 53
240 67 0
0 55 50
120 55 0
120 55 50
120 55 0
120 55 49
480 55 0
0 57 47
120 57 0
0 59 50
120 59 0
0 61 53
240 61 0
0 54 47
120 54 0
120 54 47
120 54 0
120 54 49
480 54 0
0 56 47
120 56 0
0 58 50
120 58 0
0 59 58
240 59 0
0 54 49
240 54 0
0 55 49
120 55 0
120 52 53
120 52 0
120 49 49
120 49 0
120 66 49
120 66 0
120 63 53
240 63 0
0 59 49
240 59 0
0 64 49
120 64 0
120 61 53
120 61 0
120 57 49
120 57 0
120 50 49
120 50 0
120 47 54
240 47 0
0 43 50
120 43 0
120 49 50
120 49 0
120 46 53
120 46 0
120 42 49
120 42 0
120 59 49
120 59 0
120 56 53
240 56 0
0 52 49
120 52 0
120 57 49
120 57 0
120 54 53
240 54 0
0 50 50
120 50 0
120 55 50
120 55 0
120 36 59
0 48 59
1440 48 0
0 36 0
240 50 47
120 50 0
120 50 47
120 50 0
120 50 53
120 50 0
0 52 47
120 52 0
0 50 53
120 50 0
0 48 51
120 48 0
0 47 50
120 47 0
0 45 48
120 45 0
0 43 47
240 43 0
1440 60 25
0 57 25
0 62 30
120 62 0
0 57 0
0 60 0
120 57 25
0 62 30
0 60 25
120 60 0
0 62 0
0 57 0
120 57 28
0 60 28
0 62 34
120 62 0
0 60 0
0 57 0
120 57 25
0 60 25
0 62 30
120 62 0
0 60 0
0 57 0
120 62 29
0 57 25
0 60 25
120 60 0
0 57 0
0 62 0
120 59 34
0 62 41
240 62 0
0 59 0
1440 62 33
0 54 28
0 57 28
120 57 0
0 54 0
0 62 0
120 54 27
0 57 27
0 62 32
120 62 0
0 57 0
0 54 0
120 57 30
0 62 36
0 54 30
120 54 0
0 62 0
0 57 0
120 57 26
0 62 31
0 54 26
120 54 0
0 62 0
0 57 0
120 62 31
0 57 25
0 54 25
120 54 0
0 57 0
0 62 0
120 62 42
0 55 35
120 55 0
0 62 0
600 59 35
0 62 42
120 62 0
0 59 0
600 67 42
0 60 35
120 60 0
0 67 0
600 67 42
0 64 35
120 64 0
0 67 0
600 62 38
240 62 0
0 61 40
240 61 0
0 60 42
240 60 0
0 59 44
240 59 0
0 60 43
240 60 0
0 64 39
240 64 0
240 62 41
120 62 0
120 62 41
120 62 0
120 62 38
120 62 0
0 64 40
120 64 0
0 62 42
120 62 0
0 60 44
120 60 0
0 59 42
120 59 0
0 57 40
120 57 0
0 55 47
240 55 0
1440 60 25
0 57 25
0 62 30
120 62 0
0 57 0
0 60 0
120 62 30
0 60 25
0 57 25
120 57 0
0 60 0
0 62 0
120 60 28
0 57 28
0 62 34
120 62 0
0 57 0
0 60 0
120 62 30
0 60 25
0 57 25
120 57 0
0 60 0
0 62 0
120 62 29
0 60 25
0 57 25
120 57 0
0 60 0
0 62 0
120 59 34
0 62 41
240 62 0
0 59 0
1440 54 28
0 57 28
0 62 33
120 62 0
0 57 0
0 54 0
120 54 27
0 57 27
0 62 32
120 62 0
0 57 0
0 54 0
120 62 36
0 57 30
0 54 30
120 54 0
0 57 0
0 62 0
120 62 31
0 57 26
0 54 26
120 54 0
0 57 0
0 62 0
120 62 31
0 54 25
0 57 25
120 57 0
0 54 0
0 62 0
120 55 35
0 62 42
120 62 0
0 55 0
600 59 35
0 62 42
120 62 0
0 59 0
600 60 35
0 67 42
120 67 0
0 60 0
600 64 35
0 67 42
120 67 0
0 64 0
600 50 38
0 62 38
1440 62 0
0 50 0
0 55 46
120 55 0
360 47 45
120 47 0
0 50 45
120 50 0
0 55 52
120 55 0
360 50 48
120 50 0
0 55 48
120 55 0
0 59 57
120 59 0
360 55 51
120 55 0
0 59 51
120 59 0
0 62 57
120 62 0
360 59 48
120 59 0
0 62 48
120 62 0
0 67 57
120 67 0
2040 66 27
0 69 32
0 59 29
720 59 0
0 69 0
0 66 0
0 67 35
0 64 29
240 64 0
0 67 0
1920 69 32
0 66 27
0 59 29
720 59 0
0 66 0
0 69 0
0 64 29
0 67 35
240 67 0
0 64 0
1920 57 29
0 64 27
0 67 32
720 67 0
0 64 0
0 57 0
0 66 35
0 62 29
240 62 0
0 66 0
1920 64 27
0 57 29
0 67 32
720 67 0
0 57 0
0 64 0
0 62 29
0 66 35
240 66 0
0 62 0
1920 59 27
0 52 29
0 62 32
720 62 0
0 52 0
0 59 0
0 57 29
0 61 35
240 61 0
0 57 0
1920 62 32
0 52 29
0 59 27
720 59 0
0 52 0
0 62 0
0 57 30
0 45 25
228 45 0
0 57 0
12 45 20
0 57 24
228 57 0
0 45 0
12 45 20
0 57 24
228 57 0
0 45 0
12 45 25
0 57 30
228 57 0
0 45 0
12 57 23
0 45 19
228 45 0
0 57 0
12 57 23
0 45 19
228 45 0
0 57 0
12 56 32
0 45 27
228 45 0
0 56 0
12 56 27
0 45 23
228 45 0
0 56 0
12 45 23
0 56 28
228 56 0
0 45 0
12 56 38
0 45 32
228 45 0
0 56 0
12 45 24
0 56 30
228 56 0
0 45 0
12 56 32
0 45 27
228 45 0
0 56 0
12 55 44
0 45 37
228 45 0
0 55 0
12 45 30
0 55 36
228 55 0
0 45 0
12 45 32
0 55 38
228 55 0
0 45 0
12 45 42
0 54 50
228 54 0
0 45 0
12 45 33
0 54 40
228 54 0
0 45 0
12 54 42
0 45 35
228 45 0
0 54 0
12 52 57
0 45 48
228 45 0
0 52 0
12 45 42
0 52 50
228 52 0
0 45 0
12 45 45
0 52 54
228 52 0
0 45 0
12 50 64
0 45 53
228 45 0
0 50 0
12 50 56
0 45 47
228 45 0
0 50 0
12 50 59
0 45 49
228 45 0
0 50 0
12 57 58
0 52 49
0 49 49
0 45 49
1440 45 0
0 57 0
0 52 0
0 49 0
11760 62 26
0 66 31
720 66 0
0 62 0
0 68 31
0 59 26
720 59 0
0 68 0
0 69 31
0 57 26
720 57 0
0 69 0
720 64 31
0 57 26
720 57 0
0 64 0
0 61 26
0 64 31
720 64 0
0 61 0
0 62 26
0 69 31
720 69 0
0 62 0
0 50 51
240 50 0
0 62 45
120 62 0
120 64 48
120 64 0
120 66 52
240 66 0
480 50 50
240 50 0
0 62 44
120 62 0
120 64 48
120 64 0
120 66 53
240 66 0
480 55 50
240 55 0
0 67 44
120 67 0
120 64 48
120 64 0
120 54 45
0 66 53
240 66 0
0 54 0
480 67 53
0 55 45
240 55 0
0 67 0
480 57 45
0 69 53
240 69 0
0 57 0
1200 50 26
0 54 31
720 54 0
0 50 0
0 56 31
0 47 26
720 47 0
0 56 0
0 45 26
0 57 31
720 57 0
0 45 0
720 52 31
0 45 26
720 45 0
0 52 0
0 52 31
0 49 26
720 49 0
0 52 0
0 57 31
0 50 26
720 50 0
0 57 0
0 50 51
240 50 0
0 62 45
120 62 0
120 64 48
120 64 0
120 66 52
240 66 0
480 43 50
240 43 0
0 55 44
120 55 0
120 57 48
120 57 0
120 59 53
240 59 0
480 64 53
0 59 45
10 55 45
110 59 0
0 64 0
10 55 0
590 66 53
0 62 45
0 57 45
120 57 0
0 62 0
0 66 0
600 67 53
0 64 45
0 57 45
120 57 0
0 64 0
0 67 0
600 66 53
0 62 45
120 62 0
0 66 0
840 38 44
0 50 44
90 50 0
0 38 0
150 50 44
0 38 44
90 38 0
0 50 0
150 50 52
0 38 52
480 38 0
0 50 0
0 38 44
0 50 44
90 50 0
0 38 0
150 38 44
0 50 44
480 50 0
0 38 0
0 50 44
0 38 44
90 38 0
0 50 0
150 36 52
0 48 52
480 48 0
0 36 0
960 74 30
0 72 25
90 72 0
0 74 0
150 74 30
0 72 25
90 72 0
0 74 0
150 72 25
0 74 30
90 74 0
0 72 0
150 72 25
0 74 30
90 74 0
0 72 0
150 72 25
0 74 30
90 74 0
0 72 0
150 74 30
0 72 25
90 72 0
0 74 0
150 74 35
0 71 29
960 71 0
0 74 0
0 35 44
0 47 44
90 47 0
0 35 0
150 35 44
0 47 44
90 47 0
0 35 0
150 33 52
0 45 52
480 45 0
0 33 0
0 45 44
0 33 44
90 33 0
0 45 0
150 31 44
0 43 44
480 43 0
0 31 0
0 31 44
0 43 44
90 43 0
0 31 0
150 42 52
0 30 52
480 30 0
0 42 0
960 54 40
240 57 30
240 57 0
0 62 26
240 62 0
0 54 0
0 54 40
240 57 30
240 57 0
0 62 27
240 62 0
0 54 0
0 55 40
240 59 33
240 59 0
0 62 36
240 62 0
0 55 0
0 55 40
240 59 33
240 59 0
0 62 33
240 62 0
0 55 0
0 54 40
240 57 34
240 57 0
0 62 31
240 62 0
0 54 0
0 54 40
240 57 33
240 57 0
0 62 28
240 62 0
0 54 0
0 55 40
240 59 34
240 59 0
0 62 37
240 62 0
0 55 0
0 55 40
240 59 34
240 59 0
0 62 34
240 62 0
0 55 0
0 51 40
240 54 33
240 54 0
0 59 30
240 59 0
0 51 0
0 51 40
240 54 34
240 54 0
0 59 32
240 59 0
0 51 0
0 52 40
240 55 33
240 55 0
0 59 30
240 59 0
0 52 0
0 52 40
240 55 34
240 55 0
0 59 32
240 59 0
0 52 0
0 49 40
240 52 33
240 52 0
0 57 30
240 57 0
0 49 0
0 49 40
240 52 34
240 52 0
0 57 32
240 57 0
0 49 0
0 50 40
240 54 33
240 54 0
0 57 30
240 57 0
0 50 0
0 50 40
240 54 34
240 54 0
0 57 32
240 57 0
0 50 0
0 55 46
480 55 0
240 67 45
120 67 0
0 66 42
120 66 0
0 64 43
120 64 0
0 62 46
120 62 0
0 61 48
120 61 0
0 59 51
120 59 0
0 57 54
90 57 0
150 45 42
0 57 50
90 57 0
0 45 0
150 45 42
0 57 50
90 57 0
0 45 0
150 45 45
0 57 54
90 57 0
0 45 0
2070 62 41
720 62 0
0 61 46
240 61 0
0 62 44
240 62 0
0 61 44
240 61 0
0 59 51
1200 59 0
0 55 36
240 55 0
0 57 41
240 57 0
0 59 37
240 59 0
0 61 37
240 61 0
0 62 42
240 62 0
0 64 38
240 64 0
0 66 38
240 66 0
0 67 42
0 71 35
0 74 35
720 67 0
0 68 42
720 68 0
0 74 0
0 71 0
0 73 35
0 69 42
720 69 0
0 73 0
0 69 35
0 73 35
0 67 42
720 67 0
0 73 0
0 69 0
0 74 35
0 69 29
0 66 29
240 66 0
0 69 0
0 74 0
480 67 35
480 67 0
0 62 31
0 59 26
240 59 0
0 62 0
0 62 36
0 57 30
720 62 0
0 61 32
240 61 0
0 57 0
1920 59 41
720 59 0
0 57 46
240 57 0
0 59 44
240 59 0
0 57 44
240 57 0
0 55 51
480 55 0
0 54 36
240 54 0
0 52 51
480 52 0
0 50 36
240 50 0
0 49 41
480 49 0
0 45 37
240 45 0
0 50 42
240 50 0
0 52 38
240 52 0
0 54 38
240 54 0
0 59 35
0 55 42
0 62 35
720 55 0
0 56 42
720 56 0
0 62 0
0 59 0
0 61 35
0 55 42
0 57 42
720 57 0
0 55 0
0 61 0
0 60 35
0 57 35
0 54 42
720 54 0
0 57 0
0 60 0
0 59 42
0 55 35
120 55 0
0 59 0
600 57 47
120 57 0
600 50 60
120 50 0
0 57 44
120 57 0
0 54 44
120 54 0
0 57 44
120 57 0
0 54 44
120 54 0
0 57 44
120 57 0
0 50 55
120 50 0
0 57 48
120 57 0
0 54 45
120 54 0
0 57 43
120 57 0
0 54 43
120 54 0
0 57 43
120 57 0
0 52 60
120 52 0
0 57 44
120 57 0
0 55 44
120 55 0
0 57 44
120 57 0
0 55 44
120 55 0
0 57 44
120 57 0
0 49 55
120 49 0
0 57 42
120 57 0
0 52 42
120 52 0
0 57 42
120 57 0
0 52 42
120 52 0
0 57 42
120 57 0
0 50 51
120 50 0
0 57 39
120 57 0
0 54 39
120 54 0
0 57 39
120 57 0
0 54 39
120 54 0
0 57 39
120 57 0
0 50 50
120 50 0
0 57 40
120 57 0
0 54 40
120 54 0
0 57 40
120 57 0
0 54 40
120 54 0
0 57 40
120 57 0
0 52 60
120 52 0
0 57 44
120 57 0
0 55 44
120 55 0
0 57 44
120 57 0
0 55 44
120 55 0
0 57 44
120 57 0
0 49 55
120 49 0
0 57 42
120 57 0
0 52 42
120 52 0
0 57 42
120 57 0
0 52 42
120 52 0
0 57 42
120 57 0
0 50 51
120 50 0
0 57 39
120 57 0
0 54 39
120 54 0
0 57 39
120 57 0
0 54 39
120 54 0
0 57 39
120 57 0
0 50 50
120 50 0
0 57 40
120 57 0
0 54 40
120 54 0
0 57 40
120 57 0
0 54 40
120 54 0
0 57 40
120 57 0
0 55 45
120 55 0
600 67 34
0 74 40
120 74 0
0 67 0
600 66 34
0 74 40
120 74 0
0 66 0
600 74 40
0 67 34
120 67 0
0 74 0
600 69 34
0 74 40
120 74 0
0 69 0
600 69 34
0 73 40
120 73 0
0 69 0
600 50 60
120 50 0
0 57 44
120 57 0
0 54 44
120 54 0
0 57 44
120 57 0
0 54 44
120 54 0
0 57 44
120 57 0
0 50 55
120 50 0
0 57 48
120 57 0
0 54 45
120 54 0
0 57 43
120 57 0
0 54 43
120 54 0
0 57 43
120 57 0
0 52 60
120 52 0
0 57 44
120 57 0
0 55 44
120 55 0
0 57 44
120 57 0
0 55 44
120 55 0
0 57 44
120 57 0
0 49 55
120 49 0
0 57 42
120 57 0
0 52 42
120 52 0
0 57 42
120 57 0
0 52 42
120 52 0
0 57 42
120 57 0
0 50 51
120 50 0
0 57 39
120 57 0
0 54 39
120 54 0
0 57 39
120 57 0
0 54 39
120 54 0
0 57 39
120 57 0
0 50 50
120 50 0
0 57 40
120 57 0
0 54 40
120 54 0
0 57 40
120 57 0
0 54 40
120 54 0
0 57 40
120 57 0
0 52 60
120 52 0
0 57 44
120 57 0
0 55 44
120 55 0
0 57 44
120 57 0
0 55 44
120 55 0
0 57 44
120 57 0
0 49 55
120 49 0
0 57 42
120 57 0
0 52 42
120 52 0
0 57 42
120 57 0
0 52 42
120 52 0
0 57 42
120 57 0
0 50 51
120 50 0
0 57 39
120 57 0
0 54 39
120 54 0
0 57 39
120 57 0
0 54 39
120 54 0
0 57 39
120 57 0
0 50 50
120 50 0
0 57 40
120 57 0
0 54 40
120 54 0
0 57 40
120 57 0
0 54 40
120 54 0
0 57 40
120 57 0
0 55 45
120 55 0
600 74 40
0 67 34
120 67 0
0 74 0
600 74 40
0 66 34
120 66 0
0 74 0
600 74 40
0 67 34
120 67 0
0 74 0
600 74 40
0 69 34
120 69 0
0 74 0
600 73 40
0 69 34
120 69 0
0 73 0
600 55 55
0 62 63
120 62 0
0 55 0
600 62 57
0 55 48
120 55 0
0 62 0
600 62 57
0 54 48
120 54 0
0 62 0
600 55 48
0 62 57
120 62 0
0 55 0
600 62 57
0 57 48
120 57 0
0 62 0
600 57 48
0 61 57
120 61 0
0 57 0
600 50 67
120 50 0
0 62 44
120 62 0
0 61 48
120 61 0
0 62 44
120 62 0
0 61 48
120 61 0
0 62 44
120 62 0
0 47 62
120 47 0
0 59 43
120 59 0
0 58 47
120 58 0
0 59 43
120 59 0
0 58 47
120 58 0
0 59 43
120 59 0
0 43 67
120 43 0
0 55 46
120 55 0
0 54 50
120 54 0
0 55 46
120 55 0
0 54 51
120 54 0
0 55 46
120 55 0
0 45 55
120 45 0
0 57 46
120 57 0
0 56 49
120 56 0
0 57 46
120 57 0
0 56 50
120 56 0
0 57 46
120 57 0
0 50 67
120 50 0
0 62 44
120 62 0
0 61 48
120 61 0
0 62 44
120 62 0
0 61 48
120 61 0
0 62 44
120 62 0
0 47 62
120 47 0
0 59 43
120 59 0
0 58 47
120 58 0
0 59 43
120 59 0
0 58 47
120 58 0
0 59 43
120 59 0
0 43 67
120 43 0
0 55 46
120 55 0
0 54 50
120 54 0
0 55 46
120 55 0
0 54 51
120 54 0
0 55 46
120 55 0
0 45 55
120 45 0
0 57 46
120 57 0
0 56 49
120 56 0
0 57 46
120 57 0
0 56 50
120 56 0
0 57 46
120 57 0
1440 61 38
0 57 32
240 57 0
0 61 0
1200 62 41
0 50 34
240 50 0
0 62 0
1200 57 41
0 64 48
0 61 41
240 61 0
0 64 0
0 57 0
1200 66 58
0 62 48
240 62 0
0 66 0
1200 62 29
0 66 35
720 66 0
0 62 0
0 68 35
0 59 29
720 59 0
0 68 0
0 69 35
0 57 29
720 57 0
0 69 0
720 64 35
0 57 29
720 57 0
0 64 0
0 61 29
0 64 35
720 64 0
0 61 0
0 62 29
0 69 35
720 69 0
0 62 0
0 50 51
240 50 0
0 62 45
120 62 0
120 64 48
120 64 0
120 66 52
240 66 0
480 55 50
240 55 0
0 67 44
120 67 0
120 69 48
120 69 0
120 71 53
240 71 0
480 59 45
0 64 53
0 55 45
240 55 0
0 64 0
0 59 0
480 62 45
0 57 45
10 66 53
110 57 0
0 62 0
10 66 0
590 64 45
0 57 45
10 67 53
110 57 0
0 64 0
10 67 0
590 66 53
0 62 45
120 62 0
0 66 0
360 38 45
120 38 0
0 42 45
120 42 0
0 45 52
120 45 0
360 42 48
120 42 0
0 45 48
120 45 0
0 50 57
120 50 0
360 45 51
120 45 0
0 50 51
120 50 0
0 54 57
120 54 0
360 50 48
120 50 0
0 54 48
120 54 0
0 57 57
120 57 0
1320 57 29
0 66 35
0 62 29
720 62 0
0 66 0
0 64 27
0 67 32
720 67 0
0 64 0
0 62 29
0 66 35
240 66 0
0 62 0
0 57 0
1200 57 29
0 62 29
0 66 35
720 66 0
0 62 0
0 67 32
0 64 27
720 64 0
0 67 0
0 62 29
0 66 35
240 66 0
0 62 0
0 57 0
1200 57 29
0 62 29
0 66 35
720 66 0
0 62 0
0 67 32
0 64 27
720 64 0
0 67 0
0 57 0
0 62 24
0 66 32
240 66 0
0 62 0
480 47 35
720 47 0
0 43 37
720 43 0
0 45 39
720 45 0
0 38 35
240 38 0
480 47 50
0 59 60
120 59 0
0 47 0
120 47 45
0 59 53
120 59 0
0 47 0
120 47 46
0 59 55
120 59 0
0 47 0
120 43 59
0 55 71
120 55 0
0 43 0
120 43 52
0 55 63
120 55 0
0 43 0
120 43 55
0 55 66
120 55 0
0 43 0
120 45 67
0 57 80
120 57 0
0 45 0
120 45 61
0 57 72
120 57 0
0 45 0
120 45 62
0 57 74
120 57 0
0 45 0
120 38 78
0 50 93
120 50 0
0 38 0
600 38 72
0 45 72
0 42 72
0 50 85
120 50 0
0 38 0
0 45 0
0 42 0
600 38 72
0 42 72
0 45 72
0 50 85
120 50 0
0 38 0
0 42 0
0 45 0
