960 72 57
0 63 45
0 68 45
480 68 0
0 63 0
0 72 0
0 65 47
0 68 47
0 72 59
1440 72 0
0 70 56
480 70 0
0 68 0
0 65 0
480 77 63
0 67 50
0 70 50
480 70 0
0 67 0
0 77 0
0 77 65
0 72 52
0 68 52
1440 77 0
0 75 60
480 75 0
0 68 0
0 72 0
240 60 43
0 63 54
240 63 0
0 68 56
240 68 0
0 72 58
240 72 0
0 60 0
0 67 48
0 73 60
0 61 48
0 63 48
960 63 0
0 67 0
0 73 0
0 61 0
0 60 50
0 72 63
0 68 50
0 63 50
480 63 0
0 60 0
0 72 0
0 68 0
0 58 51
0 70 64
0 63 51
960 63 0
0 70 0
0 58 0
0 68 54
0 70 54
0 62 54
0 74 67
480 74 0
0 68 0
0 70 0
0 62 0
0 68 56
0 70 56
0 62 56
0 74 70
1440 74 0
0 62 0
0 68 0
0 75 51
0 67 40
0 63 40
480 63 0
0 70 0
0 75 0
0 67 0
480 72 53
0 68 42
0 63 42
480 63 0
0 68 0
0 72 0
0 72 58
0 68 46
0 65 46
1440 72 0
0 70 50
480 70 0
0 65 0
0 68 0
480 67 63
0 77 79
0 71 63
480 71 0
0 77 0
0 67 0
0 67 68
0 72 68
0 77 85
1440 77 0
0 76 51
480 76 0
0 72 0
0 67 0
480 67 41
0 72 46
0 76 52
480 76 0
0 72 0
0 67 0
0 75 57
0 73 45
0 67 45
960 67 0
0 73 0
0 75 0
0 68 47
0 72 47
0 75 59
480 75 0
0 72 0
0 68 0
0 73 64
0 70 51
0 65 51
960 65 0
0 70 0
0 73 0
0 67 42
0 72 53
0 61 47
240 72 0
0 70 51
240 70 0
0 61 0
0 67 0
0 61 34
0 67 34
0 70 44
1440 70 0
0 67 0
0 61 0
0 60 25
0 68 33
480 68 0
0 60 0
480 62 32
0 68 32
0 71 40
480 71 0
0 68 0
0 62 0
0 62 32
0 68 32
0 71 40
1440 62 0
0 63 28
480 63 0
0 71 0
0 68 0
480 64 36
0 68 36
0 71 45
480 71 0
0 68 0
0 64 0
0 64 39
0 68 39
0 71 49
1440 64 0
0 63 29
480 63 0
0 71 0
0 68 0
480 63 41
0 68 41
0 71 52
480 71 0
0 68 0
0 63 0
0 70 58
0 64 46
0 68 46
480 70 0
0 76 65
720 76 0
0 70 51
240 70 0
0 75 57
240 75 0
0 73 55
240 73 0
0 71 55
480 71 0
0 68 0
0 64 0
0 61 41
0 64 41
0 70 52
480 70 0
0 64 0
0 61 0
0 63 39
0 59 39
0 68 49
1440 68 0
0 59 0
0 58 27
0 67 35
480 67 0
0 58 0
0 63 0
480 62 28
0 68 28
0 71 36
480 71 0
0 68 0
0 62 0
0 62 28
0 68 28
0 71 36
1440 62 0
0 63 25
480 63 0
0 71 0
0 68 0
480 64 38
0 68 38
0 71 48
480 71 0
0 68 0
0 64 0
0 64 35
0 68 35
0 71 44
1440 64 0
0 63 30
480 63 0
0 71 0
0 68 0
480 64 40
0 68 40
0 71 50
480 71 0
0 68 0
0 64 0
0 71 56
0 64 45
0 68 45
480 71 0
0 76 70
720 76 0
0 71 60
120 71 0
0 71 55
120 71 0
0 68 0
0 75 73
240 75 0
0 73 70
240 73 0
0 71 67
480 71 0
0 68 65
480 68 0
0 64 0
0 65 62
0 61 49
480 65 0
0 73 70
720 73 0
0 65 58
240 65 0
0 61 0
0 61 56
0 66 56
0 73 70
240 73 0
0 69 70
240 69 0
0 66 0
0 61 0
0 64 56
0 68 70
480 68 0
0 64 0
0 63 54
0 66 67
480 66 0
0 63 0
0 56 53
0 59 53
0 64 66
960 64 0
0 59 0
0 56 0
0 64 51
160 64 0
0 68 55
160 68 0
0 71 59
160 71 0
0 70 69
0 67 55
0 64 55
0 61 55
960 61 0
0 70 0
0 67 0
0 64 0
0 71 57
0 68 45
0 64 45
0 59 45
240 59 0
0 71 0
0 68 0
0 64 0
0 66 44
120 66 0
0 68 44
120 68 0
0 60 44
0 69 49
0 63 49
720 69 0
0 60 0
0 59 42
0 68 47
240 68 0
0 59 0
0 57 39
0 66 44
480 66 0
0 57 0
0 63 0
0 56 32
0 64 41
960 64 0
0 56 0
0 64 51
160 64 0
0 68 55
160 68 0
0 71 59
160 71 0
0 70 69
0 67 62
0 64 55
0 61 55
960 61 0
0 70 0
0 67 0
0 64 0
0 71 51
0 68 40
0 64 40
0 59 40
240 59 0
0 71 0
0 68 0
0 64 0
0 66 43
120 66 0
0 68 43
120 68 0
0 60 41
0 69 46
0 63 41
720 69 0
0 60 0
0 59 36
0 68 41
240 68 0
0 59 0
0 57 37
0 66 37
480 66 0
0 57 0
0 63 0
0 56 31
0 64 35
960 64 0
0 56 0
0 68 43
480 68 0
0 64 39
0 68 49
960 68 0
0 64 0
0 64 35
0 68 44
480 68 0
0 64 0
0 64 50
0 68 50
720 64 0
0 63 45
240 63 0
0 68 0
0 62 42
0 68 42
480 68 0
0 62 0
0 63 35
0 68 44
1440 68 0
0 67 39
720 67 0
0 68 39
240 68 0
0 63 0
0 70 42
240 70 0
0 72 45
240 72 0
0 65 38
0 68 38
0 73 48
960 73 0
0 68 0
0 65 0
0 65 39
0 68 39
0 73 49
480 73 0
0 68 0
0 65 0
0 75 55
0 67 40
0 70 40
120 75 0
0 73 50
120 73 0
0 72 50
120 72 0
0 73 50
120 73 0
0 75 51
480 75 0
0 70 0
0 67 0
0 67 39
0 70 49
480 70 0
0 67 0
0 67 40
0 70 40
0 73 50
1440 73 0
0 70 0
0 67 0
0 68 36
0 72 45
480 72 0
0 68 0
480 68 64
0 72 64
0 77 80
480 77 0
0 72 0
0 68 0
0 68 64
0 72 64
0 77 80
960 77 0
0 72 0
0 68 0
0 68 64
0 72 64
0 77 80
480 77 0
0 72 0
0 68 0
0 80 86
0 68 69
0 72 69
720 80 0
0 67 64
0 79 80
240 79 0
0 68 0
0 72 0
0 67 0
0 77 75
0 72 60
0 68 60
0 65 60
480 65 0
0 77 0
0 72 0
0 68 0
0 77 80
0 73 64
0 70 64
0 67 64
2400 77 0
0 76 54
480 76 0
0 67 0
0 70 0
0 73 0
0 70 42
0 75 47
960 75 0
0 74 43
480 74 0
0 73 37
960 73 0
0 70 0
0 63 36
0 68 36
0 72 45
480 72 0
0 68 0
0 63 0
0 65 37
0 68 37
0 72 47
1440 72 0
0 70 44
480 70 0
0 68 0
0 65 0
480 77 50
0 70 40
0 67 40
480 67 0
0 70 0
0 77 0
0 68 41
0 72 41
0 77 52
1440 77 0
0 75 48
480 75 0
0 72 0
0 68 0
240 60 38
0 63 48
240 63 0
0 68 50
240 68 0
0 72 52
240 72 0
0 60 0
0 61 43
0 63 43
0 67 43
0 73 54
960 73 0
0 61 0
0 63 0
0 67 0
0 60 45
0 63 45
0 68 45
0 72 56
480 72 0
0 60 0
0 63 0
0 68 0
0 58 45
0 63 45
0 70 57
960 70 0
0 63 0
0 58 0
0 62 49
0 70 49
0 68 49
0 74 62
480 74 0
0 62 0
0 70 0
0 68 0
0 62 55
0 70 55
0 68 55
0 74 69
1440 74 0
0 68 0
0 62 0
0 67 36
0 63 36
0 75 45
480 75 0
0 70 0
0 67 0
0 63 0
480 63 58
0 68 58
0 72 73
480 72 0
0 68 0
0 63 0
0 64 64
0 68 64
0 72 81
1200 72 0
0 71 53
240 71 0
0 70 50
480 70 0
0 68 0
0 64 0
480 63 58
0 68 58
0 72 73
480 72 0
0 68 0
0 63 0
0 64 64
0 68 64
0 72 81
1200 72 0
0 71 54
240 71 0
0 70 51
480 70 0
0 68 0
0 64 0
480 64 72
0 68 72
0 71 89
951 71 0
0 68 0
0 64 0
9 64 72
0 68 72
0 71 90
456 71 0
0 68 0
0 64 0
24 64 71
0 68 71
0 71 88
456 71 0
0 68 0
0 64 0
24 64 66
0 68 68
0 71 85
456 71 0
0 68 0
0 64 0
24 64 70
0 69 74
0 73 93
480 73 0
0 69 0
0 64 0
0 64 73
0 71 79
0 74 98
480 74 0
0 71 0
0 64 0
0 64 77
0 73 79
0 76 102
480 76 0
0 73 0
0 64 0
0 64 71
0 71 74
0 74 93
480 74 0
0 71 0
0 64 0
0 64 64
0 69 64
0 73 72
480 73 0
0 69 0
0 64 0
0 63 46
0 68 46
0 71 58
1440 71 0
0 68 0
0 67 42
0 70 47
960 70 0
0 67 0
0 63 0
10080 65 45
480 65 0
0 65 45
960 65 0
0 66 47
240 66 0
0 65 45
240 65 0
0 63 46
960 63 0
0 65 44
240 65 0
0 63 42
240 63 0
2400 56 40
0 61 40
0 68 50
456 68 0
0 61 0
0 56 0
24 56 40
0 61 40
0 68 50
960 68 0
0 61 0
0 56 0
0 58 44
0 70 55
0 61 44
240 70 0
0 58 0
0 56 40
0 68 51
240 68 0
0 56 0
0 61 0
0 56 40
0 61 40
0 68 51
480 68 0
0 61 0
0 56 0
0 61 45
0 73 56
480 73 0
0 61 0
0 58 42
0 70 53
480 70 0
0 58 0
0 54 40
0 66 50
480 66 0
0 54 0
0 57 42
0 63 42
0 66 42
0 69 53
480 69 0
0 57 0
0 63 0
0 66 0
0 56 40
0 60 40
0 63 40
0 66 40
0 68 51
480 68 0
0 63 0
0 56 0
0 60 0
0 66 0
0 56 38
0 61 38
0 65 48
960 65 0
0 61 0
0 56 0
0 65 34
0 68 34
0 77 45
456 77 0
0 68 0
0 65 0
24 65 34
0 68 34
0 77 45
960 77 0
0 78 47
240 78 0
0 77 45
240 77 0
0 68 0
0 65 0
0 66 34
0 68 34
0 75 46
960 75 0
0 77 44
240 77 0
0 75 42
240 75 0
0 68 0
0 66 0
0 65 34
0 73 43
0 68 34
360 68 0
0 73 0
0 65 0
120 73 45
0 70 36
0 66 36
360 66 0
0 70 0
0 73 0
120 75 48
0 73 38
0 70 38
360 70 0
0 73 0
0 75 0
120 68 44
960 68 0
0 68 47
0 73 47
0 80 59
456 80 0
0 73 0
0 68 0
24 68 47
0 73 47
0 80 59
960 80 0
0 73 0
0 68 0
0 70 53
0 82 66
0 73 53
240 82 0
0 70 0
0 68 49
0 80 62
240 80 0
0 68 0
0 73 0
0 68 49
0 73 49
0 80 62
480 80 0
0 73 0
0 68 0
0 73 60
0 85 75
480 85 0
0 73 0
0 70 55
0 82 69
480 82 0
0 70 0
0 66 51
0 78 64
480 78 0
0 66 0
0 69 58
0 75 58
0 78 65
0 81 73
480 81 0
0 69 0
0 75 0
0 78 0
0 68 55
0 72 55
0 75 55
0 78 62
0 80 69
480 80 0
0 75 0
0 68 0
0 72 0
0 78 0
0 68 51
0 73 51
0 77 64
960 77 0
0 73 0
0 68 0
0 63 64
0 75 80
0 68 64
456 68 0
0 75 0
0 63 0
24 63 64
0 68 64
0 75 80
960 75 0
0 68 0
0 63 0
0 61 64
0 73 81
0 68 64
240 73 0
0 61 0
0 63 64
0 75 81
240 75 0
0 63 0
0 68 0
0 60 65
0 68 65
0 72 82
480 72 0
0 68 0
0 60 0
0 63 68
0 68 68
0 75 85
480 75 0
0 68 0
0 63 0
0 65 70
0 68 70
0 77 87
480 77 0
0 68 0
0 65 0
0 66 72
0 68 72
0 78 89
480 78 0
0 68 0
0 66 0
0 80 90
0 68 72
480 68 0
0 80 0
0 82 95
0 70 76
0 68 76
480 68 0
0 70 0
0 82 0
0 63 53
0 75 66
0 68 53
960 68 0
0 75 0
0 63 0
0 64 40
0 68 40
0 76 50
480 76 0
0 68 0
0 64 0
0 77 56
0 65 45
0 68 45
960 77 0
0 78 53
240 78 0
0 77 53
240 77 0
0 68 0
0 65 0
0 63 43
0 75 54
0 68 43
960 75 0
0 63 0
0 62 40
0 74 51
480 74 0
0 62 0
0 68 0
0 61 42
0 67 47
0 73 53
960 73 0
0 67 0
0 61 0
0 72 50
0 61 40
0 67 45
240 72 0
0 70 49
240 70 0
0 67 0
0 61 0
0 66 42
0 63 42
0 75 53
960 75 0
0 63 0
0 66 0
0 73 48
0 63 38
0 66 38
240 73 0
0 72 48
240 72 0
0 66 0
0 63 0
0 61 41
0 67 41
0 73 52
960 73 0
0 67 0
0 61 0
0 72 47
0 61 37
0 67 42
240 72 0
0 70 47
240 70 0
0 67 0
0 61 0
0 60 36
0 68 45
480 68 0
0 67 40
480 67 0
0 66 36
480 66 0
0 60 0
0 65 38
960 65 0
0 66 39
240 66 0
0 65 38
240 65 0
0 63 39
960 63 0
0 65 37
240 65 0
0 63 35
240 63 0
2400 56 48
0 61 48
0 68 61
456 68 0
0 61 0
0 56 0
24 56 48
0 61 48
0 68 61
960 68 0
0 61 0
0 56 0
0 58 54
0 70 68
0 61 54
240 70 0
0 58 0
0 56 48
0 68 60
240 68 0
0 56 0
0 61 0
0 56 47
0 61 47
0 68 59
480 68 0
0 61 0
0 56 0
0 65 62
0 68 62
0 77 77
480 77 0
0 68 0
0 65 0
0 63 56
0 68 56
0 75 71
480 75 0
0 68 0
0 63 0
0 61 64
0 65 64
0 73 80
960 73 0
0 65 0
0 61 0
0 60 61
0 63 61
0 68 61
0 72 76
480 72 0
0 60 0
0 63 0
0 68 0
0 61 64
0 65 64
0 68 64
0 73 81
960 73 0
0 61 0
0 65 0
0 68 0
0 68 66
0 80 83
0 73 66
456 73 0
0 80 0
0 68 0
24 68 66
0 73 66
0 80 83
960 80 0
0 73 0
0 68 0
0 70 71
0 82 88
0 73 71
240 82 0
0 70 0
0 68 66
0 80 83
240 80 0
0 68 0
0 73 0
0 68 66
0 73 66
0 80 83
480 80 0
0 73 0
0 68 0
0 61 73
0 68 73
0 73 73
0 89 92
0 80 73
0 77 73
480 77 0
0 68 0
0 73 0
0 61 0
0 80 0
0 89 0
0 60 72
0 68 72
0 72 72
0 75 72
0 80 72
0 87 89
480 87 0
0 68 0
0 72 0
0 60 0
0 80 0
0 75 0
0 58 72
0 65 72
0 70 72
0 73 72
0 77 72
0 85 90
960 85 0
0 65 0
0 70 0
0 58 0
0 77 0
0 73 0
0 56 71
0 66 71
0 68 71
0 72 71
0 75 71
0 80 71
0 84 88
480 84 0
0 75 0
0 66 0
0 68 0
0 56 0
0 80 0
0 72 0
0 61 66
0 65 66
0 68 72
0 73 72
0 77 72
0 80 72
0 85 91
960 85 0
0 77 0
0 65 0
0 68 0
0 61 0
0 80 0
0 73 0
0 63 64
0 75 80
0 68 64
456 68 0
0 75 0
0 63 0
24 63 64
0 68 64
0 75 80
960 75 0
0 68 0
0 63 0
0 61 64
0 73 81
0 68 64
240 73 0
0 61 0
0 63 64
0 75 81
240 75 0
0 63 0
0 68 0
0 60 65
0 68 65
0 72 82
480 72 0
0 68 0
0 60 0
0 63 68
0 68 68
0 75 85
480 75 0
0 68 0
0 63 0
0 65 70
0 68 70
0 77 87
480 77 0
0 68 0
0 65 0
0 66 72
0 68 72
0 78 89
480 78 0
0 68 0
0 66 0
0 80 90
0 68 72
480 68 0
0 80 0
0 82 95
0 70 76
0 68 76
480 68 0
0 70 0
0 82 0
0 63 53
0 75 66
0 68 53
960 68 0
0 75 0
0 63 0
0 64 40
0 68 40
0 76 50
480 76 0
0 68 0
0 64 0
0 77 56
0 65 45
0 68 45
960 77 0
0 78 53
240 78 0
0 77 53
240 77 0
0 68 0
0 65 0
0 63 43
0 75 54
0 68 43
960 75 0
0 63 0
0 62 40
0 74 51
480 74 0
0 62 0
0 68 0
0 61 42
0 67 42
0 73 53
960 73 0
0 67 0
0 61 0
0 72 50
0 61 40
0 67 45
240 72 0
0 70 49
240 70 0
0 67 0
0 61 0
0 66 42
0 63 42
0 75 53
960 75 0
0 63 0
0 66 0
0 73 48
0 63 38
0 66 38
240 73 0
0 72 48
240 72 0
0 66 0
0 63 0
0 61 41
0 67 52
0 73 52
960 73 0
0 67 0
0 61 0
0 72 47
0 61 37
0 67 37
240 72 0
0 70 47
240 70 0
0 67 0
0 61 0
0 60 36
0 68 45
480 68 0
0 67 40
480 67 0
0 66 36
480 66 0
0 60 0
0 65 38
960 65 0
0 66 39
240 66 0
0 65 38
240 65 0
0 63 39
960 63 0
0 65 37
240 65 0
0 63 35
240 63 0
2400 56 48
0 61 48
0 68 61
456 68 0
0 61 0
0 56 0
24 56 48
0 61 48
0 68 61
960 68 0
0 61 0
0 56 0
0 58 54
0 70 68
0 61 54
240 70 0
0 58 0
0 56 48
0 68 60
240 68 0
0 56 0
0 61 0
0 56 47
0 61 47
0 68 59
480 68 0
0 61 0
0 56 0
0 65 62
0 68 62
0 77 77
480 77 0
0 68 0
0 65 0
0 63 56
0 68 56
0 75 71
480 75 0
0 68 0
0 63 0
0 61 64
0 65 64
0 73 80
960 73 0
0 65 0
0 61 0
0 60 61
0 63 61
0 68 61
0 72 76
480 72 0
0 60 0
0 63 0
0 68 0
0 61 64
0 65 64
0 68 64
0 73 81
960 73 0
0 61 0
0 65 0
0 68 0
0 68 66
0 80 83
0 73 66
456 73 0
0 80 0
0 68 0
24 68 66
0 73 66
0 80 83
960 80 0
0 73 0
0 68 0
0 70 71
0 82 88
0 73 71
240 82 0
0 70 0
0 68 66
0 80 83
240 80 0
0 68 0
0 73 0
0 68 66
0 73 66
0 80 83
480 80 0
0 73 0
0 68 0
0 61 73
0 68 73
0 73 73
0 89 92
0 80 73
0 77 73
480 77 0
0 68 0
0 73 0
0 61 0
0 80 0
0 89 0
0 60 72
0 68 72
0 72 72
0 75 72
0 80 72
0 87 89
480 87 0
0 68 0
0 72 0
0 60 0
0 80 0
0 75 0
0 58 72
0 65 72
0 70 72
0 73 72
0 77 72
0 85 90
960 85 0
0 65 0
0 70 0
0 58 0
0 77 0
0 73 0
0 56 71
0 66 71
0 68 71
0 72 71
0 75 71
0 80 71
0 84 88
480 84 0
0 75 0
0 66 0
0 68 0
0 56 0
0 80 0
0 72 0
0 61 65
0 65 65
0 68 72
0 73 72
0 77 72
0 80 72
0 85 91
720 85 0
0 77 0
0 65 0
0 68 0
0 61 0
0 80 0
0 73 0
240 63 38
0 68 38
0 72 48
480 72 0
0 68 0
0 63 0
0 65 43
0 68 43
0 72 54
1440 72 0
0 70 51
480 70 0
0 68 0
0 65 0
480 77 63
0 70 50
0 67 50
480 67 0
0 70 0
0 77 0
0 68 52
0 72 52
0 77 65
1440 77 0
0 75 60
480 75 0
0 72 0
0 68 0
240 60 43
0 63 48
240 63 0
0 68 56
240 68 0
0 72 58
240 72 0
0 60 0
0 61 48
0 63 48
0 67 48
0 73 60
960 73 0
0 61 0
0 63 0
0 67 0
0 60 50
0 63 50
0 68 50
0 72 63
480 72 0
0 60 0
0 63 0
0 68 0
0 58 51
0 63 51
0 70 64
960 70 0
0 63 0
0 58 0
0 62 52
0 70 52
0 68 52
0 74 65
480 74 0
0 62 0
0 70 0
0 68 0
0 62 55
0 70 55
0 68 55
0 74 69
1440 74 0
0 68 0
0 62 0
0 67 40
0 63 40
0 75 51
480 75 0
0 70 0
0 67 0
0 63 0
480 63 42
0 68 42
0 72 53
480 72 0
0 68 0
0 63 0
0 65 46
0 68 46
0 72 58
1440 72 0
0 70 50
480 70 0
0 68 0
0 65 0
480 77 79
0 71 71
0 67 63
480 67 0
0 71 0
0 77 0
0 67 68
0 72 68
0 77 85
1440 77 0
0 76 51
480 76 0
0 72 0
0 67 0
480 67 41
0 72 41
0 76 52
480 76 0
0 72 0
0 67 0
0 67 45
0 73 57
0 75 57
960 75 0
0 73 0
0 67 0
0 68 47
0 72 47
0 75 59
480 75 0
0 72 0
0 68 0
0 65 51
0 70 51
0 73 64
960 73 0
0 70 0
0 65 0
0 72 53
0 61 47
0 67 47
240 72 0
0 70 51
240 70 0
0 67 0
0 61 0
0 61 39
0 67 39
0 70 44
1440 70 0
0 67 0
0 61 0
0 60 28
0 68 33
480 68 0
0 60 0
480 62 32
0 68 32
0 71 40
456 71 0
0 68 0
0 62 0
24 62 32
0 68 32
0 71 40
1440 62 0
0 63 28
480 63 0
0 71 0
0 68 0
480 64 36
0 68 36
0 71 45
456 71 0
0 68 0
0 64 0
24 64 39
0 68 39
0 71 49
1440 64 0
0 63 29
480 63 0
0 71 0
0 68 0
480 63 41
0 68 46
0 71 52
480 71 0
0 68 0
0 63 0
0 70 58
0 64 46
0 68 52
480 70 0
0 76 65
720 76 0
0 70 51
240 70 0
0 75 57
240 75 0
0 73 55
240 73 0
0 71 55
480 71 0
0 68 0
0 64 0
0 64 41
0 61 41
0 70 52
480 70 0
0 61 0
0 64 0
0 63 39
0 59 39
0 68 49
1440 68 0
0 59 0
0 58 27
0 67 35
480 67 0
0 58 0
0 63 0
480 62 28
0 68 28
0 71 36
456 71 0
0 68 0
0 62 0
24 62 28
0 68 28
0 71 36
1440 62 0
0 63 25
480 63 0
0 71 0
0 68 0
480 64 38
0 68 38
0 71 48
456 71 0
0 68 0
0 64 0
24 64 35
0 68 35
0 71 44
1440 64 0
0 63 30
480 63 0
0 71 0
0 68 0
480 64 40
0 68 40
0 71 45
480 71 0
0 68 0
0 64 0
0 71 50
0 64 45
0 68 45
480 71 0
0 76 70
720 76 0
0 71 60
120 71 0
0 71 55
120 71 0
0 68 0
0 75 73
240 75 0
0 73 70
240 73 0
0 71 67
480 71 0
0 68 65
480 68 0
0 64 0
0 65 62
0 61 55
480 65 0
0 73 70
720 73 0
0 65 58
240 65 0
0 61 0
0 61 56
0 66 56
0 73 70
240 73 0
0 69 70
240 69 0
0 66 0
0 61 0
0 64 56
0 68 70
480 68 0
0 64 0
0 63 60
0 66 67
480 66 0
0 63 0
0 56 53
0 59 53
0 64 66
960 64 0
0 59 0
0 56 0
0 64 51
160 64 0
0 68 55
160 68 0
0 71 59
160 71 0
0 70 69
0 67 55
0 64 55
0 61 55
960 61 0
0 70 0
0 67 0
0 64 0
0 71 57
0 68 45
0 64 45
0 59 45
240 59 0
0 71 0
0 68 0
0 64 0
0 66 44
120 66 0
0 68 44
120 68 0
0 60 39
0 69 49
0 63 44
720 69 0
0 60 0
0 59 42
0 68 47
240 68 0
0 59 0
0 57 39
0 66 44
480 66 0
0 57 0
0 63 0
0 56 32
0 64 41
960 64 0
0 56 0
0 64 51
160 64 0
0 68 55
160 68 0
0 71 59
160 71 0
0 70 69
0 67 62
0 64 55
0 61 55
960 61 0
0 70 0
0 67 0
0 64 0
0 71 51
0 68 45
0 64 40
0 59 40
240 59 0
0 71 0
0 68 0
0 64 0
0 66 43
120 66 0
0 68 43
120 68 0
0 60 41
0 69 46
0 63 36
720 69 0
0 60 0
0 59 36
0 68 41
240 68 0
0 59 0
0 57 33
0 66 37
480 66 0
0 57 0
0 63 0
0 56 31
0 64 35
960 64 0
0 56 0
0 68 43
480 68 0
0 64 39
0 68 49
960 68 0
0 64 0
0 64 35
0 68 44
480 68 0
0 64 0
0 64 45
0 68 50
720 64 0
0 63 40
240 63 0
0 68 0
0 62 33
0 68 42
480 68 0
0 62 0
0 63 35
0 68 44
1440 68 0
0 67 39
720 67 0
0 68 39
240 68 0
0 63 0
0 70 42
240 70 0
0 72 45
240 72 0
0 65 38
0 68 38
0 73 48
960 73 0
0 68 0
0 65 0
0 65 39
0 68 39
0 73 49
480 73 0
0 68 0
0 65 0
0 75 55
0 67 40
0 70 45
120 75 0
0 73 50
120 73 0
0 72 50
120 72 0
0 73 50
120 73 0
0 75 51
480 75 0
0 70 0
0 67 0
0 67 39
0 70 49
480 70 0
0 67 0
0 67 40
0 70 40
0 73 50
1440 73 0
0 70 0
0 67 0
0 68 36
0 72 45
480 72 0
0 68 0
480 68 64
0 72 64
0 77 80
456 77 0
0 72 0
0 68 0
24 68 64
0 72 64
0 77 80
960 77 0
0 72 0
0 68 0
0 68 64
0 72 64
0 77 80
480 77 0
0 72 0
0 68 0
0 80 86
0 68 69
0 72 69
720 80 0
0 67 64
0 79 80
240 79 0
0 68 0
0 72 0
0 67 0
0 77 75
0 72 60
0 68 60
0 65 60
480 65 0
0 77 0
0 72 0
0 68 0
0 77 80
0 73 67
0 70 64
0 67 64
2400 77 0
0 76 54
480 76 0
0 67 0
0 70 0
0 73 0
0 70 37
0 75 47
960 75 0
0 74 43
480 74 0
0 73 37
960 73 0
0 70 0
0 63 36
0 68 36
0 72 45
480 72 0
0 68 0
0 63 0
0 65 37
0 68 37
0 72 47
1440 72 0
0 70 44
480 70 0
0 68 0
0 65 0
480 77 50
0 70 40
0 67 40
480 67 0
0 70 0
0 77 0
0 68 41
0 72 41
0 77 52
1440 77 0
0 75 48
480 75 0
0 72 0
0 68 0
240 60 38
0 63 43
240 63 0
0 68 50
240 68 0
0 72 52
240 72 0
0 60 0
0 61 43
0 63 43
0 67 43
0 73 54
960 73 0
0 61 0
0 63 0
0 67 0
0 60 45
0 63 45
0 68 45
0 72 56
480 72 0
0 60 0
0 63 0
0 68 0
0 58 45
0 63 45
0 70 57
960 70 0
0 63 0
0 58 0
0 62 49
0 70 49
0 68 49
0 74 62
480 74 0
0 62 0
0 70 0
0 68 0
0 62 55
0 70 55
0 68 55
0 74 69
1440 74 0
0 68 0
0 62 0
0 67 36
0 63 36
0 75 45
480 75 0
0 70 0
0 67 0
0 63 0
480 63 58
0 68 58
0 72 73
480 72 0
0 68 0
0 63 0
0 64 64
0 68 64
0 72 81
1200 72 0
0 71 53
240 71 0
0 70 50
480 70 0
0 68 0
0 64 0
480 63 58
0 68 58
0 72 73
480 72 0
0 68 0
0 63 0
0 64 64
0 68 64
0 72 81
1200 72 0
0 71 54
240 71 0
0 70 51
480 70 0
0 68 0
0 64 0
480 64 72
0 68 72
0 71 89
951 71 0
0 68 0
0 64 0
9 64 72
0 68 72
0 71 90
456 71 0
0 68 0
0 64 0
24 64 71
0 68 71
0 71 88
456 71 0
0 68 0
0 64 0
24 64 68
0 68 68
0 71 85
456 71 0
0 68 0
0 64 0
24 64 72
0 69 74
0 73 93
480 73 0
0 69 0
0 64 0
0 64 72
0 71 79
0 74 98
480 74 0
0 71 0
0 64 0
0 64 69
0 73 81
0 76 102
480 76 0
0 73 0
0 64 0
0 64 63
0 71 74
0 74 93
480 74 0
0 71 0
0 64 0
0 64 54
0 69 64
0 73 80
480 73 0
0 69 0
0 64 0
0 63 46
0 68 46
0 71 58
1440 71 0
0 68 0
0 67 37
0 70 47
960 70 0
0 67 0
0 63 0
0 56 40
373 56 0
0 61 42
477 61 0
480 65 45
0 61 40
353 61 0
0 65 0
0 60 40
0 65 45
1120 65 0
0 63 43
476 63 0
0 60 0
112 56 42
240 56 0
0 51 44
240 51 0
0 48 45
240 48 0
0 46 37
0 55 42
0 51 37
560 51 0
0 55 0
0 46 0
0 44 40
0 56 45
0 51 40
186 51 0
0 56 0
0 44 0
0 43 41
0 51 41
0 55 46
761 55 0
0 51 0
0 43 0
0 41 43
0 46 43
0 53 48
215 53 0
0 46 0
0 41 0
0 46 45
0 51 51
0 39 45
476 39 0
0 51 0
0 46 0
480 56 37
213 56 0
0 61 41
474 61 0
480 37 40
0 49 45
251 49 0
0 37 0
0 36 44
0 48 49
467 48 0
0 36 0
480 64 36
0 60 32
411 60 0
0 64 0
0 58 40
0 63 40
666 63 0
0 58 0
0 63 42
0 56 42
266 56 0
0 63 0
0 49 45
720 49 0
0 51 38
367 51 0
0 51 31
0 44 28
465 44 0
0 51 0
480 52 25
0 56 25
0 59 28
365 59 0
0 56 0
0 52 0
0 52 25
0 56 25
0 59 28
1440 52 0
0 51 22
469 51 0
0 59 0
0 56 0
480 49 27
0 56 27
0 59 30
343 59 0
0 56 0
0 49 0
0 49 28
0 56 28
0 59 32
1440 49 0
0 47 21
473 47 0
0 59 0
0 56 0
0 47 33
0 56 29
0 59 33
480 59 0
0 56 0
0 47 0
0 49 35
0 58 39
0 56 35
1200 49 0
0 46 36
268 46 0
0 47 37
324 47 0
0 56 0
0 58 0
0 49 35
353 49 0
0 51 35
469 51 0
480 52 22
0 56 22
0 59 25
365 59 0
0 56 0
0 52 0
0 52 22
0 56 22
0 59 25
1440 52 0
0 51 19
474 51 0
0 59 0
0 56 0
480 49 28
0 56 28
0 59 32
274 59 0
0 56 0
0 49 0
0 49 27
0 56 27
0 59 31
1440 49 0
0 47 18
467 47 0
0 59 0
0 56 0
0 52 34
0 47 34
0 56 34
0 59 38
480 59 0
0 52 0
0 47 0
0 56 0
0 47 39
0 52 39
0 56 39
0 59 44
296 59 0
0 47 0
0 52 0
0 56 0
0 47 37
0 52 37
0 56 37
0 59 42
1341 59 0
0 47 0
0 52 0
0 56 0
0 47 35
0 53 35
0 56 39
1214 56 0
0 53 0
0 47 0
0 47 38
0 54 38
0 57 43
183 57 0
0 54 0
0 56 38
0 59 43
282 59 0
0 56 0
0 57 38
0 59 43
296 59 0
0 57 0
0 47 0
0 40 41
0 47 41
0 52 46
1207 52 0
0 47 0
0 40 0
0 40 46
173 40 0
0 40 33
0 45 37
494 45 0
0 47 35
231 47 0
0 48 33
353 48 0
0 40 0
0 47 27
0 40 24
1284 40 0
0 47 0
0 40 46
157 40 0
0 40 31
0 45 35
550 45 0
0 47 32
233 47 0
0 48 29
310 48 0
0 40 0
0 47 26
0 40 23
960 40 0
0 47 0
0 52 28
0 59 32
480 59 0
0 52 0
0 52 23
0 59 26
480 59 0
0 52 0
0 52 28
0 59 32
734 59 0
0 52 0
0 52 22
0 56 25
282 56 0
0 52 0
0 51 28
0 58 32
889 58 0
0 51 0
480 51 28
0 53 28
0 56 28
0 61 32
707 61 0
0 51 0
0 53 0
0 56 0
0 51 28
0 53 28
0 56 28
0 61 32
480 61 0
0 51 0
0 53 0
0 56 0
0 61 36
0 58 32
0 55 32
0 51 32
946 51 0
0 61 0
0 58 0
0 55 0
0 63 31
0 51 27
402 51 0
0 63 0
0 63 33
0 56 29
400 56 0
0 63 0
480 56 51
0 60 51
0 65 57
240 65 0
0 60 0
0 56 0
0 56 51
0 60 51
0 65 57
960 65 0
0 60 0
0 56 0
0 56 51
0 60 51
0 65 57
480 65 0
0 60 0
0 56 0
0 56 54
0 60 61
734 60 0
0 56 0
0 56 48
0 60 54
310 60 0
0 56 0
0 65 57
0 61 51
0 58 51
0 55 51
1866 65 0
0 64 44
468 64 0
0 55 0
0 58 0
0 61 0
0 63 36
0 55 32
933 55 0
0 63 0
0 56 32
240 56 0
0 61 33
477 61 0
480 65 36
0 61 32
278 61 0
0 65 0
0 65 36
0 60 32
1093 65 0
0 63 34
460 63 0
0 60 0
112 56 37
240 51 39
240 51 0
0 48 40
240 48 0
0 56 0
0 46 33
0 51 33
0 55 37
640 55 0
0 51 0
0 46 0
0 44 36
0 51 36
0 56 40
186 56 0
0 51 0
0 44 0
0 43 36
0 51 36
0 55 41
761 55 0
0 51 0
0 43 0
0 41 40
0 46 40
0 53 45
281 53 0
0 46 0
0 41 0
0 39 43
0 46 43
0 51 48
477 51 0
0 46 0
0 39 0
480 32 45
0 44 50
240 44 0
0 32 0
0 37 51
0 49 57
477 49 0
0 37 0
480 32 45
0 44 50
314 44 0
0 32 0
0 37 51
0 49 57
476 49 0
0 37 0
0 38 55
0 50 62
951 50 0
0 38 0
9 38 56
0 50 63
456 50 0
0 38 0
24 38 56
0 50 63
456 50 0
0 38 0
0 38 54
0 50 61
227 50 0
0 38 0
24 37 60
0 49 67
274 49 0
0 37 0
0 35 63
0 47 70
251 47 0
0 35 0
0 33 61
0 45 72
183 45 0
0 33 0
0 47 66
0 35 59
205 35 0
0 47 0
0 37 51
0 49 57
183 49 0
0 37 0
0 39 35
0 51 39
955 51 0
0 39 0
0 52 48
0 50 48
0 56 48
0 59 60
863 59 0
0 52 0
0 50 0
0 56 0
19 50 35
0 52 35
0 56 35
0 59 44
456 59 0
0 50 0
0 52 0
0 56 0
24 50 35
0 52 35
0 56 35
0 59 44
456 59 0
0 50 0
0 52 0
0 56 0
24 50 32
0 52 32
0 56 32
0 59 41
480 59 0
0 50 0
0 52 0
0 56 0
0 49 35
0 52 35
0 57 35
0 61 44
324 61 0
0 49 0
0 52 0
0 57 0
0 47 35
0 52 35
0 62 44
0 59 35
275 59 0
0 47 0
0 52 0
0 62 0
0 66 48
120 66 0
0 45 36
0 52 36
0 61 41
0 64 46
297 64 0
0 45 0
0 52 0
0 61 0
0 47 35
0 52 35
0 59 35
0 62 44
274 62 0
0 47 0
0 52 0
0 59 0
0 49 31
0 52 31
0 57 31
0 61 39
274 61 0
0 49 0
0 52 0
0 57 0
0 51 30
0 56 30
0 59 34
1040 59 0
0 56 0
0 39 25
0 55 25
0 58 28
960 58 0
0 51 0
0 39 0
0 55 0
0 32 25
0 44 25
0 56 28
1840 56 0
0 44 0
0 32 0
0 37 27
0 44 27
0 49 27
0 53 27
0 56 34
480 56 0
0 49 0
0 37 0
0 44 0
0 53 0
0 37 27
0 44 27
0 49 27
0 53 27
0 56 34
1440 56 0
0 49 0
0 37 0
0 44 0
0 53 0
0 39 27
0 44 30
0 48 27
0 56 34
0 54 27
1214 54 0
0 48 0
0 39 0
0 44 0
0 56 0
0 41 27
0 44 27
0 49 30
0 61 34
0 53 30
0 56 30
360 56 0
0 44 0
0 49 0
0 41 0
0 53 0
0 61 0
120 42 28
0 46 28
0 49 28
0 61 36
0 58 28
0 54 28
360 54 0
0 46 0
0 49 0
0 42 0
0 58 0
0 61 0
120 43 30
0 46 30
0 49 30
0 63 38
0 61 34
0 58 30
0 51 30
360 51 0
0 61 0
0 63 0
0 46 0
0 43 0
0 58 0
120 49 0
0 44 31
0 48 31
0 51 31
0 56 35
960 56 0
0 44 0
0 48 0
0 51 0
0 41 29
0 49 29
0 53 33
269 53 0
0 49 0
0 41 0
24 41 29
0 49 29
0 53 33
480 53 0
0 49 0
0 41 0
0 42 32
0 54 36
0 49 32
141 54 0
0 42 0
0 41 28
0 53 32
240 53 0
0 41 0
0 49 0
0 41 28
0 49 28
0 53 32
213 53 0
0 49 0
0 41 0
0 46 35
0 58 39
293 58 0
0 46 0
0 42 32
0 54 36
480 54 0
0 42 0
0 39 30
0 51 34
269 51 0
0 39 0
0 36 34
0 48 38
249 48 0
0 36 0
0 32 32
0 44 36
230 44 0
0 32 0
0 37 32
0 49 36
560 49 0
0 37 0
0 49 27
0 56 27
0 61 30
109 61 0
0 56 0
0 49 0
24 49 27
0 56 27
0 61 30
1440 61 0
0 56 0
0 49 0
0 51 27
0 56 27
0 60 30
1186 60 0
0 56 0
0 51 0
0 53 27
0 56 27
0 61 30
360 61 0
0 56 0
0 53 0
120 54 28
0 58 28
0 61 32
360 61 0
0 58 0
0 54 0
120 55 30
0 58 30
0 61 30
0 63 34
360 63 0
0 55 0
0 58 0
0 61 0
120 56 31
0 60 31
0 63 35
773 63 0
0 60 0
0 56 0
0 53 38
0 61 38
0 65 43
189 65 0
0 61 0
0 53 0
24 53 38
0 61 38
0 65 43
480 65 0
0 61 0
0 53 0
0 54 41
0 66 46
0 61 41
141 66 0
0 54 0
0 53 36
0 65 41
240 65 0
0 53 0
0 61 0
0 53 36
0 61 36
0 65 41
106 65 0
0 61 0
0 53 0
0 58 46
0 70 52
480 70 0
0 58 0
0 54 41
0 66 46
480 66 0
0 54 0
0 51 38
0 63 43
265 63 0
0 51 0
0 48 45
0 60 51
298 60 0
0 48 0
0 44 45
0 56 50
265 56 0
0 44 0
0 49 40
0 61 45
586 61 0
0 49 0
0 48 51
0 56 51
0 60 57
269 60 0
0 56 0
0 48 0
0 48 51
0 56 51
0 60 57
762 60 0
0 56 0
0 48 0
0 46 50
0 58 56
0 56 56
42 58 0
0 46 0
0 48 50
0 60 56
240 60 0
0 48 0
0 56 0
0 44 51
0 56 57
133 56 0
0 44 0
0 48 54
0 60 61
0 56 54
480 56 0
0 60 0
0 48 0
0 61 61
0 56 54
0 49 54
240 49 0
0 56 0
0 61 0
0 63 63
0 56 56
0 51 56
126 51 0
0 56 0
0 63 0
0 65 66
0 56 59
0 53 59
480 53 0
0 56 0
0 65 0
0 54 54
0 56 54
0 66 61
252 66 0
0 56 0
0 54 0
0 48 44
0 60 49
0 56 44
229 56 0
0 60 0
0 48 0
0 49 35
0 56 35
0 61 39
988 61 0
0 56 0
0 49 0
0 56 35
0 48 35
0 60 39
617 60 0
0 48 0
0 47 32
0 59 36
205 59 0
0 47 0
0 56 0
0 46 33
0 51 33
0 58 37
734 58 0
0 51 0
0 46 0
0 51 36
480 51 0
0 45 34
0 51 34
0 57 38
706 57 0
0 51 0
0 45 0
0 51 29
0 57 33
480 57 0
0 51 0
0 46 32
0 51 32
0 58 36
720 58 0
0 51 0
0 46 0
0 51 31
480 51 0
0 51 30
0 44 27
525 51 0
0 56 29
480 56 0
0 44 0
0 53 22
0 37 22
0 44 22
0 49 22
0 56 25
1073 56 0
0 44 0
0 53 0
0 37 0
0 49 0
0 44 22
0 39 22
0 56 25
0 48 22
0 54 22
1214 54 0
0 56 0
0 44 0
0 39 0
0 48 0
0 56 22
0 41 22
0 44 22
0 49 22
0 61 28
0 53 22
346 53 0
0 41 0
0 44 0
0 56 0
0 61 0
0 49 0
120 61 30
0 42 24
0 46 24
0 49 24
0 54 24
0 58 24
360 58 0
0 42 0
0 46 0
0 61 0
0 54 0
0 49 0
120 49 25
0 43 25
0 46 25
0 51 25
0 63 32
0 61 25
0 58 25
360 58 0
0 63 0
0 43 0
0 46 0
0 49 0
0 61 0
0 51 0
120 56 29
0 44 23
0 48 23
0 51 23
853 51 0
0 56 0
0 44 0
0 48 0
0 41 38
0 53 43
0 49 38
136 49 0
0 53 0
0 41 0
24 49 38
0 41 38
0 53 43
960 53 0
0 41 0
0 49 0
0 49 38
0 42 38
0 54 43
84 54 0
0 42 0
0 53 39
0 41 39
240 41 0
0 53 0
0 49 0
0 49 35
0 41 39
0 53 39
293 53 0
0 41 0
0 49 0
0 61 54
0 56 54
0 49 48
480 49 0
0 56 0
0 61 0
0 56 45
0 60 51
0 48 45
293 48 0
0 60 0
0 56 0
0 53 51
0 46 51
0 58 57
657 58 0
0 46 0
0 53 0
0 54 48
0 44 48
0 56 54
227 56 0
0 44 0
0 54 0
0 49 51
0 56 57
0 53 51
666 53 0
0 56 0
0 49 0
0 61 53
0 65 59
0 53 53
216 53 0
0 65 0
0 61 0
24 65 57
0 53 51
0 61 51
960 61 0
0 53 0
0 65 0
0 54 54
0 66 61
0 61 54
99 66 0
0 54 0
0 65 57
0 53 51
240 53 0
0 65 0
0 61 0
0 65 59
0 53 53
0 61 53
53 61 0
0 53 0
0 65 0
720 60 57
0 48 51
0 56 51
242 56 0
0 48 0
0 60 0
24 48 51
0 56 51
0 60 57
960 60 0
0 56 0
0 48 0
0 46 50
0 58 56
0 56 50
113 58 0
0 46 0
0 48 50
0 60 56
240 60 0
0 48 0
0 56 0
0 44 51
0 56 57
213 56 0
0 44 0
0 48 54
0 60 61
0 56 54
480 56 0
0 60 0
0 48 0
0 61 61
0 56 54
0 49 54
266 49 0
0 56 0
0 61 0
0 63 63
0 56 56
0 51 56
202 51 0
0 56 0
0 63 0
0 65 66
0 56 59
0 53 59
480 53 0
0 56 0
0 65 0
0 54 54
0 56 54
0 66 61
278 66 0
0 56 0
0 54 0
0 48 44
0 60 49
0 56 44
228 56 0
0 60 0
0 48 0
0 49 35
0 56 35
0 61 39
1157 61 0
0 56 0
0 49 0
0 56 35
0 48 35
0 60 39
617 60 0
0 48 0
0 47 32
0 59 36
205 59 0
0 47 0
0 56 0
0 46 33
0 51 33
0 58 37
692 58 0
0 51 0
0 46 0
0 51 36
480 51 0
0 45 34
0 51 34
0 57 38
748 57 0
0 51 0
0 45 0
0 51 29
0 57 33
480 57 0
0 51 0
0 46 32
0 51 32
0 58 36
692 58 0
0 51 0
0 46 0
0 51 31
480 51 0
0 51 30
0 44 27
663 51 0
0 56 29
480 56 0
0 44 0
0 37 22
0 44 22
0 49 22
0 53 22
0 56 25
1214 56 0
0 49 0
0 37 0
0 44 0
0 53 0
0 39 22
0 44 22
0 48 22
0 56 25
0 54 22
1200 54 0
0 48 0
0 39 0
0 44 0
0 56 0
0 49 22
0 41 22
0 44 22
0 61 28
0 53 22
0 56 22
348 56 0
0 41 0
0 44 0
0 49 0
0 53 0
0 61 0
120 49 24
0 42 24
0 46 24
0 61 30
0 58 24
0 54 24
360 54 0
0 42 0
0 46 0
0 49 0
0 58 0
0 61 0
120 43 25
0 46 25
0 49 25
0 63 32
0 61 25
0 58 25
0 51 25
360 51 0
0 61 0
0 46 0
0 49 0
0 43 0
0 58 0
0 63 0
120 44 23
0 48 23
0 51 23
0 56 29
773 56 0
0 44 0
0 48 0
0 51 0
0 41 38
0 49 38
0 53 43
189 53 0
0 49 0
0 41 0
24 41 38
0 49 38
0 53 43
960 53 0
0 49 0
0 41 0
0 42 38
0 54 43
0 49 38
99 54 0
0 42 0
0 41 35
0 53 39
240 53 0
0 41 0
0 49 0
0 41 35
0 49 35
0 53 39
160 53 0
0 49 0
0 41 0
0 56 48
0 49 48
0 61 54
480 61 0
0 49 0
0 56 0
0 56 45
0 48 45
0 60 51
293 60 0
0 48 0
0 56 0
0 46 51
0 53 51
0 58 57
707 58 0
0 53 0
0 46 0
0 44 48
0 56 54
0 54 48
252 54 0
0 56 0
0 44 0
0 49 51
0 53 51
0 56 57
746 56 0
0 53 0
0 49 0
0 65 59
0 61 53
0 53 53
242 53 0
0 61 0
0 65 0
24 53 51
0 61 51
0 65 57
960 65 0
0 61 0
0 53 0
0 66 61
0 54 54
0 61 54
70 54 0
0 66 0
0 65 57
0 53 51
240 53 0
0 65 0
0 61 0
0 65 59
0 61 53
0 53 53
266 53 0
0 61 0
0 65 0
310 56 36
381 56 0
0 61 38
466 61 0
480 65 45
0 61 40
303 61 0
0 65 0
0 65 45
0 60 40
1146 65 0
0 63 43
472 63 0
0 60 0
112 56 42
240 56 0
0 51 44
240 51 0
0 48 45
240 48 0
0 46 37
0 51 37
0 55 42
640 55 0
0 51 0
0 46 0
0 44 40
0 51 40
0 56 45
186 56 0
0 51 0
0 44 0
0 43 41
0 51 41
0 55 46
711 55 0
0 51 0
0 43 0
0 41 43
0 46 43
0 53 48
298 53 0
0 46 0
0 41 0
0 39 45
0 46 45
0 51 51
474 51 0
0 46 0
0 39 0
480 56 37
320 56 0
0 61 41
471 61 0
480 37 40
0 49 45
297 49 0
0 37 0
0 36 44
0 48 49
466 48 0
0 36 0
480 64 36
0 60 32
320 60 0
0 64 0
0 63 40
0 58 36
560 58 0
0 63 0
0 63 42
0 56 37
160 56 0
0 63 0
0 49 51
776 49 0
0 51 43
240 51 0
0 44 31
0 51 35
473 51 0
0 44 0
480 52 25
0 56 25
0 59 28
410 59 0
0 56 0
0 52 0
24 52 25
0 56 25
0 59 28
1440 52 0
0 51 22
474 51 0
0 59 0
0 56 0
480 49 27
0 56 27
0 59 30
296 59 0
0 56 0
0 49 0
24 49 28
0 56 28
0 59 32
1440 49 0
0 47 21
466 47 0
0 59 0
0 56 0
480 47 29
0 56 29
0 59 33
297 59 0
0 56 0
0 47 0
0 49 35
0 58 39
0 56 35
1115 49 0
0 46 40
296 46 0
0 47 37
296 47 0
0 56 0
0 58 0
0 49 35
324 49 0
0 51 35
463 51 0
480 52 22
0 56 22
0 59 25
273 59 0
0 56 0
0 52 0
24 52 22
0 56 22
0 59 25
1440 52 0
0 51 19
465 51 0
0 59 0
0 56 0
480 49 28
0 56 28
0 59 32
387 59 0
0 56 0
0 49 0
24 49 27
0 56 27
0 59 31
1440 49 0
0 47 18
478 47 0
0 59 0
0 56 0
0 52 34
0 47 34
0 56 34
0 59 38
480 59 0
0 52 0
0 47 0
0 56 0
0 47 39
0 52 39
0 56 39
0 59 44
296 59 0
0 47 0
0 52 0
0 56 0
0 47 37
0 52 37
0 56 37
0 59 42
1327 59 0
0 47 0
0 52 0
0 56 0
0 47 35
0 53 35
0 56 39
1228 56 0
0 53 0
0 47 0
0 47 43
0 54 38
0 57 43
268 57 0
0 54 0
0 56 38
0 59 43
282 59 0
0 56 0
0 57 38
0 59 43
296 59 0
0 57 0
0 47 0
0 40 41
0 47 41
0 52 46
1207 52 0
0 47 0
0 40 0
0 40 46
169 40 0
0 40 33
0 45 37
480 45 0
0 47 35
230 47 0
0 48 33
353 48 0
0 40 0
0 47 27
0 40 24
1221 40 0
0 47 0
0 40 46
134 40 0
0 40 27
0 45 35
536 45 0
0 47 32
232 47 0
0 48 29
296 48 0
0 40 0
0 47 23
0 40 20
986 40 0
0 47 0
0 52 28
0 59 32
640 59 0
0 52 0
0 52 23
0 59 26
480 59 0
0 52 0
0 52 28
0 59 32
748 59 0
0 52 0
0 52 25
0 56 25
268 56 0
0 52 0
0 51 28
0 58 32
947 58 0
0 51 0
480 51 28
0 53 28
0 56 28
0 61 32
733 61 0
0 51 0
0 53 0
0 56 0
0 51 28
0 53 28
0 56 28
0 61 32
480 61 0
0 51 0
0 53 0
0 56 0
0 61 36
0 58 32
0 55 32
0 51 32
960 51 0
0 61 0
0 58 0
0 55 0
0 63 31
0 51 27
402 51 0
0 63 0
0 63 33
0 56 29
477 56 0
0 63 0
0 56 51
0 60 51
0 65 57
456 65 0
0 60 0
0 56 0
24 56 51
0 60 51
0 65 57
960 65 0
0 60 0
0 56 0
0 56 51
0 60 51
0 65 57
480 65 0
0 60 0
0 56 0
0 56 54
0 60 61
776 60 0
0 56 0
0 56 48
0 60 54
212 60 0
0 56 0
0 65 57
0 61 51
0 58 51
0 55 51
1840 65 0
0 64 44
472 64 0
0 55 0
0 58 0
0 61 0
0 63 32
0 55 28
946 55 0
0 63 0
0 56 32
240 56 0
0 61 33
473 61 0
480 65 36
0 61 32
252 61 0
0 65 0
0 65 36
0 60 32
1040 65 0
0 63 34
466 63 0
0 60 0
240 56 37
240 51 39
240 51 0
0 48 40
240 48 0
0 56 0
0 46 33
0 51 33
0 55 37
453 55 0
0 51 0
0 46 0
0 44 36
0 51 36
0 56 40
240 56 0
0 51 0
0 44 0
0 43 36
0 51 36
0 55 41
662 55 0
0 51 0
0 43 0
0 41 40
0 46 40
0 53 45
331 53 0
0 46 0
0 41 0
0 39 43
0 46 43
0 51 48
478 51 0
0 46 0
0 39 0
480 32 45
0 44 50
266 44 0
0 32 0
0 37 51
0 49 57
476 49 0
0 37 0
480 32 45
0 44 50
347 44 0
0 32 0
0 37 51
0 49 57
476 49 0
0 37 0
0 38 55
0 50 62
951 50 0
0 38 0
9 38 56
0 50 63
456 50 0
0 38 0
24 38 56
0 50 63
456 50 0
0 38 0
0 38 54
0 50 61
181 50 0
0 38 0
24 37 60
0 49 67
251 49 0
0 37 0
0 35 63
0 47 70
320 47 0
0 35 0
0 33 64
0 45 72
297 45 0
0 33 0
0 47 66
0 35 59
251 35 0
0 47 0
0 37 51
0 49 57
251 49 0
0 37 0
0 39 35
0 51 39
957 51 0
0 39 0
0 52 48
0 50 48
0 56 48
0 59 60
860 59 0
0 52 0
0 50 0
0 56 0
9 50 35
0 52 35
0 56 35
0 59 44
456 59 0
0 50 0
0 52 0
0 56 0
24 50 35
0 52 35
0 56 35
0 59 44
456 59 0
0 50 0
0 52 0
0 56 0
24 50 32
0 52 32
0 56 32
0 59 41
456 59 0
0 50 0
0 52 0
0 56 0
24 49 35
0 52 35
0 57 35
0 61 44
339 61 0
0 49 0
0 52 0
0 57 0
0 47 35
0 52 35
0 62 44
0 59 35
346 59 0
0 47 0
0 52 0
0 62 0
0 66 48
120 66 0
0 45 33
0 52 33
0 61 33
0 64 42
388 64 0
0 45 0
0 52 0
0 61 0
0 47 32
0 52 32
0 59 32
0 62 40
251 62 0
0 47 0
0 52 0
0 59 0
0 49 28
0 52 28
0 57 28
0 61 36
320 61 0
0 49 0
0 52 0
0 57 0
0 51 27
0 56 27
0 59 31
1066 59 0
0 56 0
0 39 25
0 55 28
0 58 28
1093 58 0
0 51 0
0 39 0
0 55 0
0 32 25
0 44 25
0 56 28
2000 56 0
0 44 0
0 32 0
