840 67 50
40 72 41
40 72 0
0 74 41
40 74 0
0 67 0
0 75 72
120 75 0
0 66 47
120 66 0
0 72 50
120 72 0
0 75 50
120 75 0
0 74 71
120 74 0
0 65 45
120 65 0
0 71 50
120 71 0
0 74 50
120 74 0
0 72 71
120 72 0
0 69 46
120 69 0
0 66 50
120 66 0
0 63 50
120 63 0
360 67 50
40 72 41
40 72 0
0 74 41
40 74 0
0 67 0
0 75 72
120 75 0
0 66 47
120 66 0
0 72 50
120 72 0
0 75 50
120 75 0
0 74 71
120 74 0
0 65 45
120 65 0
0 71 50
120 71 0
0 74 50
120 74 0
0 72 71
120 72 0
0 69 46
120 69 0
0 66 50
120 66 0
0 63 50
120 63 0
360 63 50
40 67 41
40 67 0
0 68 41
40 68 0
0 63 0
0 70 71
120 70 0
0 61 42
120 61 0
0 67 47
120 67 0
0 70 40
120 70 0
0 68 66
120 68 0
0 60 40
120 60 0
0 65 46
120 65 0
0 68 42
120 68 0
0 67 66
120 67 0
0 64 40
120 64 0
0 61 45
120 61 0
0 58 40
120 58 0
360 58 50
40 61 41
40 61 0
0 64 41
40 64 0
0 58 0
0 65 67
120 65 0
0 56 42
120 56 0
0 60 47
120 60 0
0 65 40
120 65 0
0 62 66
120 62 0
0 53 40
120 53 0
0 59 46
120 59 0
0 62 42
120 62 0
0 60 66
96 60 0
0 55 40
96 55 0
0 51 45
96 51 0
0 48 40
96 48 0
0 43 40
96 43 0
360 67 50
40 72 41
40 72 0
0 74 41
40 74 0
0 67 0
0 75 72
120 75 0
0 66 47
120 66 0
0 72 50
120 72 0
0 75 50
120 75 0
0 74 71
120 74 0
0 65 45
120 65 0
0 71 50
120 71 0
0 74 50
120 74 0
0 72 71
120 72 0
0 69 46
120 69 0
0 66 50
120 66 0
0 63 50
120 63 0
360 67 50
40 72 41
40 72 0
0 74 41
40 74 0
0 67 0
0 75 72
120 75 0
0 66 47
120 66 0
0 72 50
120 72 0
0 75 50
120 75 0
0 74 71
120 74 0
0 65 45
120 65 0
0 71 50
120 71 0
0 74 50
120 74 0
0 72 71
120 72 0
0 69 46
120 69 0
0 66 50
120 66 0
0 63 50
120 63 0
360 63 50
40 67 41
40 67 0
0 68 41
40 68 0
0 63 0
0 70 71
120 70 0
0 61 42
120 61 0
0 67 47
120 67 0
0 70 40
120 70 0
0 68 66
120 68 0
0 60 40
120 60 0
0 65 46
120 65 0
0 68 42
120 68 0
0 67 66
120 67 0
0 64 40
120 64 0
0 61 45
120 61 0
0 58 40
120 58 0
360 58 50
40 61 41
40 61 0
0 64 41
40 64 0
0 58 0
0 65 67
120 65 0
0 56 42
120 56 0
0 60 47
120 60 0
0 65 40
120 65 0
0 62 66
120 62 0
0 53 40
120 53 0
0 59 46
120 59 0
0 62 42
120 62 0
0 60 66
96 60 0
0 55 40
96 55 0
0 51 45
96 51 0
0 48 40
96 48 0
0 43 40
96 43 0
240 62 59
120 62 0
0 63 43
120 63 0
0 62 67
120 58 41
120 58 0
0 57 46
120 57 0
0 55 39
120 55 0
240 62 0
0 62 57
0 67 57
120 62 0
0 63 46
60 67 0
60 63 0
0 62 70
0 66 70
120 62 0
0 60 44
120 60 0
0 58 45
120 58 0
0 57 45
120 57 0
240 66 0
0 62 62
120 63 45
60 62 0
60 63 0
0 62 72
120 58 41
120 58 0
0 57 46
120 57 0
0 55 39
120 55 0
240 62 0
0 62 53
0 67 53
120 62 0
0 63 46
60 67 0
60 63 0
0 62 69
0 66 69
120 62 0
0 60 44
120 60 0
0 58 45
120 58 0
0 57 45
120 57 0
240 66 0
0 62 57
120 63 45
120 63 0
0 62 0
0 62 68
120 58 41
120 58 0
0 57 46
120 57 0
0 55 39
120 55 0
0 62 0
0 70 69
240 70 0
0 63 53
120 65 46
120 65 0
0 63 0
0 63 70
120 58 41
120 58 0
0 57 46
120 57 0
0 55 39
120 55 0
0 63 0
0 75 76
240 75 0
0 63 53
120 65 46
120 65 0
0 63 0
0 63 70
120 57 41
120 57 0
0 55 46
120 55 0
0 53 39
120 53 0
0 63 0
0 69 73
240 69 0
0 62 53
120 63 46
120 63 0
0 62 0
0 62 70
120 57 41
120 57 0
0 55 46
120 55 0
0 53 39
120 53 0
0 62 0
0 74 76
240 74 0
0 62 53
120 63 46
120 63 0
0 62 0
0 62 70
120 55 41
120 55 0
0 53 46
120 53 0
0 51 39
120 51 0
0 62 0
0 67 73
240 67 0
0 60 53
120 62 46
120 62 0
0 60 0
0 60 70
120 55 41
120 55 0
0 53 46
120 53 0
0 51 39
120 51 0
0 60 0
0 72 76
240 72 0
0 60 53
120 62 46
120 62 0
0 60 0
0 60 70
120 54 41
120 54 0
0 52 46
120 52 0
0 50 39
120 50 0
0 60 0
0 66 73
240 66 0
0 72 53
120 74 46
120 74 0
0 72 0
0 72 70
120 66 41
120 66 0
0 64 46
120 64 0
0 62 39
120 62 0
0 72 0
0 78 73
240 78 0
0 74 64
120 75 47
60 74 0
60 75 0
0 74 73
120 70 45
120 70 0
0 69 50
120 69 0
0 67 42
120 67 0
240 74 0
0 74 62
0 79 62
120 74 0
0 75 50
60 79 0
60 75 0
0 74 77
0 78 77
120 74 0
0 72 48
120 72 0
0 70 49
120 70 0
0 69 49
120 69 0
240 78 0
0 74 68
120 75 49
60 74 0
60 75 0
0 74 79
120 70 45
120 70 0
0 69 50
120 69 0
0 67 42
120 67 0
240 74 0
0 74 58
0 79 58
120 74 0
0 75 50
60 79 0
60 75 0
0 74 75
0 78 75
120 74 0
0 72 48
120 72 0
0 70 49
120 70 0
0 69 49
120 69 0
240 78 0
0 74 62
120 75 49
120 75 0
0 74 0
0 74 74
120 70 45
120 70 0
0 69 50
120 69 0
0 67 42
120 67 0
0 74 0
0 82 75
240 82 0
0 75 58
120 77 50
120 77 0
0 75 0
0 75 77
120 70 45
120 70 0
0 69 50
120 69 0
0 67 42
120 67 0
0 75 0
0 87 83
240 87 0
0 75 58
120 77 50
120 77 0
0 75 0
0 75 77
120 69 45
120 69 0
0 67 50
120 67 0
0 65 42
120 65 0
0 75 0
0 81 65
240 81 0
0 74 58
120 75 50
120 75 0
0 74 0
0 74 77
120 69 45
120 69 0
0 67 50
120 67 0
0 65 42
120 65 0
0 74 0
0 86 80
240 86 0
0 74 58
120 75 50
120 75 0
0 74 0
0 74 77
120 67 45
120 67 0
0 65 50
120 65 0
0 63 42
120 63 0
0 74 0
0 79 69
240 79 0
0 72 58
120 74 50
120 74 0
0 72 0
0 72 77
120 67 45
120 67 0
0 65 50
120 65 0
0 63 42
120 63 0
0 72 0
0 84 83
240 84 0
0 72 53
120 74 46
120 74 0
0 72 0
0 72 70
120 66 41
120 66 0
0 64 46
120 64 0
0 62 39
120 62 0
0 72 0
0 78 68
240 78 0
0 72 53
120 74 46
120 74 0
0 72 0
0 72 70
120 66 41
120 66 0
0 64 46
120 64 0
0 62 39
120 62 0
0 72 0
0 84 73
240 84 0
120 74 62
40 79 53
40 79 0
0 81 56
40 81 0
0 74 0
0 82 79
120 82 0
0 73 51
120 73 0
0 79 55
120 79 0
0 82 55
120 82 0
0 81 78
120 81 0
0 72 49
120 72 0
0 78 55
120 78 0
0 81 55
120 81 0
0 79 78
120 79 0
0 76 61
120 76 0
0 73 65
120 73 0
0 70 69
120 70 0
360 74 64
40 79 56
40 79 0
0 81 58
40 81 0
0 74 0
0 82 79
120 82 0
0 73 51
120 73 0
0 79 55
120 79 0
0 82 55
120 82 0
0 81 78
120 81 0
0 72 49
120 72 0
0 78 55
120 78 0
0 81 55
120 81 0
0 79 78
120 79 0
0 76 58
120 76 0
0 73 62
120 73 0
0 70 65
120 70 0
360 70 63
40 74 51
40 74 0
0 75 57
40 75 0
0 70 0
0 77 78
120 77 0
0 68 46
120 68 0
0 74 51
120 74 0
0 77 44
120 77 0
0 75 72
120 75 0
0 67 44
120 67 0
0 72 50
120 72 0
0 75 46
120 75 0
0 74 72
120 74 0
0 71 44
120 71 0
0 68 49
120 68 0
0 65 44
120 65 0
288 65 63
64 68 45
64 68 0
0 71 56
64 71 0
0 65 0
0 72 73
120 72 0
0 63 46
120 63 0
0 67 51
120 67 0
0 72 44
120 72 0
0 69 72
120 69 0
0 60 44
120 60 0
0 66 50
120 66 0
0 69 46
120 69 0
0 67 72
96 67 0
0 62 52
96 62 0
0 58 55
96 58 0
0 55 58
96 55 0
0 50 61
96 50 0
4080 60 54
120 60 0
0 59 41
120 59 0
0 60 61
120 62 45
24 60 0
96 62 0
0 60 52
120 62 44
24 60 0
96 62 0
0 58 54
120 60 45
24 58 0
96 60 0
0 57 50
120 58 43
24 57 0
96 58 0
0 55 54
120 55 0
0 57 45
120 57 0
0 58 45
120 58 0
0 62 51
120 62 0
0 67 50
120 67 0
0 69 54
120 69 0
0 70 58
120 70 0
0 66 50
120 66 0
0 67 60
120 66 45
24 67 0
96 66 0
0 67 53
120 62 45
24 67 0
96 62 0
0 63 54
120 62 43
24 63 0
96 62 0
0 63 48
120 59 42
24 63 0
96 59 0
0 60 52
120 59 45
24 60 0
96 59 0
0 60 48
120 55 43
24 60 0
96 55 0
0 59 51
120 55 50
24 59 0
96 55 0
0 67 66
120 66 50
24 67 0
96 66 0
0 67 74
120 68 55
24 67 0
96 68 0
0 65 63
120 67 53
24 65 0
96 67 0
0 63 66
120 65 55
24 63 0
96 65 0
0 62 61
120 63 52
24 62 0
96 63 0
0 60 66
120 60 0
0 62 56
120 62 0
0 63 56
120 63 0
0 67 62
120 67 0
0 72 61
120 72 0
0 74 66
120 74 0
0 75 71
120 75 0
0 66 61
120 66 0
0 74 73
120 74 0
0 67 56
120 67 0
0 70 64
120 70 0
0 74 56
120 74 0
0 72 66
120 72 0
0 63 52
120 63 0
0 69 59
120 69 0
0 72 51
120 72 0
0 66 63
120 66 0
0 60 55
120 60 0
0 62 59
120 62 0
0 66 52
120 66 0
0 59 59
0 67 70
240 67 0
0 59 0
3840 60 54
120 60 0
0 59 41
120 59 0
0 60 61
120 62 45
24 60 0
96 62 0
0 60 52
120 62 44
24 60 0
96 62 0
0 58 54
120 60 45
24 58 0
96 60 0
0 57 50
120 58 43
24 57 0
96 58 0
0 55 54
120 55 0
0 57 45
120 57 0
0 58 45
120 58 0
0 62 51
120 62 0
0 67 50
120 67 0
0 69 54
120 69 0
0 70 58
120 70 0
0 66 50
120 66 0
0 67 60
120 66 45
24 67 0
96 66 0
0 67 53
120 62 45
24 67 0
96 62 0
0 63 54
120 62 43
24 63 0
96 62 0
0 63 48
120 59 42
24 63 0
96 59 0
0 60 52
120 59 45
24 60 0
96 59 0
0 60 48
120 55 43
24 60 0
96 55 0
0 59 51
120 55 50
24 59 0
96 55 0
0 67 66
120 66 50
24 67 0
96 66 0
0 67 74
120 68 55
24 67 0
96 68 0
0 65 63
120 67 53
24 65 0
96 67 0
0 63 66
120 65 55
24 63 0
96 65 0
0 62 61
120 63 52
24 62 0
96 63 0
0 60 66
120 60 0
0 62 56
120 62 0
0 63 56
120 63 0
0 67 62
120 67 0
0 72 61
120 72 0
0 74 66
120 74 0
0 75 71
120 75 0
0 66 61
120 66 0
0 74 73
120 74 0
0 67 56
120 67 0
0 70 64
120 70 0
0 74 56
120 74 0
0 72 66
120 72 0
0 63 52
120 63 0
0 69 59
120 69 0
0 72 51
120 72 0
0 66 63
120 66 0
0 60 55
120 60 0
0 62 59
120 62 0
0 66 52
120 66 0
0 59 59
0 67 70
240 67 0
0 59 0
0 72 54
120 72 0
0 71 41
120 71 0
0 72 61
120 72 0
0 73 45
120 73 0
0 70 52
120 70 0
0 72 44
120 72 0
0 68 54
120 68 0
0 70 45
120 70 0
0 67 50
120 67 0
0 68 43
120 68 0
0 65 54
120 65 0
0 67 45
120 67 0
0 68 45
120 68 0
0 72 51
120 72 0
0 77 50
120 77 0
0 79 54
120 79 0
0 80 58
120 80 0
0 75 50
120 75 0
0 74 60
120 74 0
0 75 45
120 75 0
0 72 53
120 72 0
0 74 45
120 74 0
0 70 54
120 70 0
0 72 43
120 72 0
0 69 48
120 69 0
0 70 42
120 70 0
0 67 54
120 67 0
0 69 48
120 69 0
0 70 48
120 70 0
0 74 51
120 74 0
0 79 50
120 79 0
0 81 54
120 81 0
0 82 58
120 82 0
0 78 50
120 78 0
0 79 60
120 79 0
0 80 53
120 80 0
0 77 60
120 77 0
0 79 51
120 79 0
0 75 61
120 75 0
0 77 50
120 77 0
0 74 55
120 74 0
0 75 52
120 75 0
0 72 61
120 72 0
0 74 50
120 74 0
0 75 50
120 75 0
0 79 55
120 79 0
0 84 56
120 84 0
0 86 60
120 86 0
0 87 65
120 87 0
0 83 56
120 83 0
0 84 71
120 84 0
0 86 54
120 86 0
0 87 63
120 87 0
0 83 53
120 83 0
0 84 68
120 84 0
0 86 53
120 86 0
0 87 59
120 87 0
0 78 51
120 78 0
0 79 60
120 79 0
0 80 55
120 80 0
0 79 63
120 79 0
0 80 60
120 80 0
0 79 66
120 79 0
0 80 61
120 80 0
0 79 64
120 79 0
0 80 55
120 80 0
0 79 66
120 79 0
0 80 60
120 80 0
0 77 65
120 77 0
0 79 57
120 79 0
0 75 63
120 75 0
0 77 54
120 77 0
0 74 63
120 74 0
0 75 54
120 75 0
0 72 61
120 72 0
0 74 56
120 74 0
0 75 60
120 75 0
0 79 63
120 79 0
0 84 65
120 84 0
0 86 63
120 86 0
0 79 58
0 87 68
120 87 0
0 79 0
0 78 61
120 78 0
0 79 66
120 79 0
0 80 60
120 80 0
0 77 65
120 77 0
0 79 57
120 79 0
0 75 63
120 75 0
0 77 54
120 77 0
0 74 63
120 74 0
0 75 54
120 75 0
0 72 61
120 72 0
0 74 56
120 74 0
0 75 60
120 75 0
0 79 63
120 79 0
0 84 65
120 84 0
0 86 52
120 86 0
0 79 62
0 87 62
120 87 0
0 79 0
0 78 55
120 78 0
0 79 67
120 79 0
0 80 52
120 80 0
0 77 57
120 77 0
0 89 52
120 89 0
0 77 68
120 77 0
0 79 52
120 79 0
0 75 57
120 75 0
0 87 54
120 87 0
0 75 68
120 75 0
0 77 54
120 77 0
0 74 58
120 74 0
0 86 54
120 86 0
0 74 69
120 74 0
0 75 55
120 75 0
0 72 58
120 72 0
0 84 55
120 84 0
0 72 70
120 72 0
0 74 55
120 74 0
0 70 55
120 70 0
0 82 55
120 82 0
0 70 73
120 70 0
0 72 55
120 72 0
0 68 55
120 68 0
0 80 55
120 80 0
0 68 76
120 68 0
0 70 56
120 70 0
0 67 57
120 67 0
0 79 57
120 79 0
0 67 71
120 67 0
0 79 55
120 79 0
0 67 76
120 68 55
60 67 0
60 68 0
0 67 77
120 63 47
120 63 0
0 62 52
120 62 0
0 60 44
120 60 0
240 67 0
0 67 65
0 72 65
120 67 0
0 68 52
60 72 0
60 68 0
0 67 80
0 71 80
120 67 0
0 65 50
120 65 0
0 63 51
120 63 0
0 62 51
120 62 0
240 71 0
0 67 71
120 68 51
60 67 0
60 68 0
0 67 82
120 63 47
120 63 0
0 62 52
120 62 0
0 60 44
120 60 0
240 67 0
0 67 60
0 72 60
120 67 0
0 68 52
60 72 0
60 68 0
0 67 79
0 71 79
120 67 0
0 65 50
120 65 0
0 63 51
120 63 0
0 62 51
120 62 0
240 71 0
0 67 65
120 68 51
60 67 0
60 68 0
0 67 78
120 63 47
120 63 0
0 62 52
120 62 0
0 60 44
120 60 0
0 67 0
0 75 79
240 75 0
0 68 60
120 70 52
120 70 0
0 68 0
0 68 80
120 63 47
120 63 0
0 65 52
120 65 0
0 60 44
120 60 0
0 68 0
0 80 87
240 80 0
0 68 60
120 70 52
120 70 0
0 68 0
0 68 80
120 62 47
120 62 0
0 60 52
120 60 0
0 58 44
120 58 0
0 68 0
0 74 83
240 74 0
0 67 59
120 68 51
120 68 0
0 67 0
0 67 79
120 62 46
120 62 0
0 63 50
120 63 0
0 58 43
120 58 0
0 67 0
0 79 85
240 79 0
0 67 58
120 68 50
120 68 0
0 67 0
0 67 77
120 60 45
120 60 0
0 58 50
120 58 0
0 56 42
120 56 0
0 67 0
0 72 79
240 72 0
0 65 57
120 67 49
120 67 0
0 65 0
0 65 76
120 60 44
120 60 0
0 62 49
120 62 0
0 56 41
120 56 0
0 65 0
0 77 81
240 77 0
0 65 56
120 67 48
120 67 0
0 65 0
0 65 75
120 59 43
120 59 0
0 57 48
120 57 0
0 55 40
120 55 0
0 65 0
0 71 77
240 71 0
0 65 55
120 67 47
120 67 0
0 65 0
0 65 73
120 59 43
120 59 0
0 62 47
120 62 0
0 55 40
120 55 0
0 65 0
0 77 75
240 77 0
120 67 52
40 72 43
40 72 0
0 74 43
40 74 0
0 67 0
0 75 75
120 75 0
0 66 49
120 66 0
0 72 52
120 72 0
0 75 52
120 75 0
0 74 74
120 74 0
0 65 47
120 65 0
0 71 52
120 71 0
0 74 52
120 74 0
0 72 74
120 72 0
0 69 48
120 69 0
0 66 52
120 66 0
0 63 52
120 63 0
360 67 52
40 72 43
40 72 0
0 74 43
40 74 0
0 67 0
0 75 75
120 75 0
0 66 49
120 66 0
0 72 52
120 72 0
0 75 52
120 75 0
0 74 74
120 74 0
0 65 47
120 65 0
0 71 52
120 71 0
0 74 52
120 74 0
0 72 74
120 72 0
0 69 48
120 69 0
0 66 52
120 66 0
0 63 52
120 63 0
360 63 52
40 67 43
40 67 0
0 68 43
40 68 0
0 63 0
0 70 74
120 70 0
0 61 44
120 61 0
0 67 49
120 67 0
0 70 42
120 70 0
0 68 69
120 68 0
0 60 42
120 60 0
0 65 48
120 65 0
0 68 44
120 68 0
0 67 69
120 67 0
0 64 42
120 64 0
0 61 47
120 61 0
0 58 42
120 58 0
288 58 52
64 61 43
64 61 0
0 64 43
64 64 0
0 58 0
0 65 70
120 65 0
0 56 44
120 56 0
0 60 49
120 60 0
0 65 42
120 65 0
0 62 69
120 62 0
0 53 42
120 53 0
0 59 48
120 59 0
0 62 44
120 62 0
0 60 69
96 60 0
0 55 42
96 55 0
0 51 47
96 51 0
0 48 42
96 48 0
0 43 42
96 43 0
240 58 37
0 63 37
0 67 44
216 67 0
0 63 0
0 58 0
24 58 42
0 65 42
456 65 0
0 58 0
24 57 39
0 63 39
0 69 47
456 69 0
0 63 0
0 57 0
24 58 42
0 62 42
0 70 50
456 70 0
0 62 0
0 58 0
264 58 37
0 63 37
0 67 44
240 67 0
0 63 0
0 58 0
0 58 42
0 65 42
456 65 0
0 58 0
24 57 39
0 63 39
0 69 47
456 69 0
0 63 0
0 57 0
24 58 42
0 62 42
0 70 50
456 70 0
0 62 0
0 58 0
264 58 45
0 62 45
0 65 53
240 65 0
0 62 0
0 58 0
0 67 57
0 58 48
0 63 48
480 63 0
0 58 0
0 67 0
0 55 42
0 58 42
0 63 51
480 63 0
0 58 0
0 55 0
0 53 49
0 58 49
0 65 58
480 65 0
0 58 0
0 53 0
240 53 45
0 58 45
0 65 54
240 65 0
0 58 0
0 53 0
0 67 59
0 55 50
480 55 0
0 67 0
0 55 42
0 58 42
0 63 51
480 63 0
0 58 0
0 55 0
0 53 51
0 58 51
0 65 60
480 65 0
0 58 0
0 53 0
240 53 35
0 58 35
0 62 42
240 62 0
0 58 0
0 53 0
0 58 40
0 63 48
0 55 40
480 55 0
0 63 0
0 58 0
0 53 34
0 60 34
0 63 41
480 63 0
0 60 0
0 53 0
0 53 40
0 60 40
0 62 48
480 62 0
0 60 0
0 53 0
240 53 29
0 58 29
0 62 35
240 62 0
0 58 0
0 53 0
0 58 36
0 60 43
0 55 36
480 55 0
0 60 0
0 58 0
0 53 31
0 60 37
480 60 0
0 53 0
0 58 43
480 58 0
240 63 38
0 68 38
0 72 45
240 72 0
0 68 0
0 63 0
0 63 41
0 70 49
456 70 0
0 63 0
24 62 36
0 68 36
0 74 43
456 74 0
0 68 0
0 62 0
24 63 38
0 67 38
0 75 46
456 75 0
0 67 0
0 63 0
264 63 36
0 72 43
240 72 0
0 63 0
0 63 42
0 70 50
456 70 0
0 63 0
24 62 37
0 68 37
0 74 44
456 74 0
0 68 0
0 62 0
24 63 38
0 67 38
0 75 45
456 75 0
0 67 0
0 63 0
264 67 39
0 63 39
0 70 39
240 70 0
0 63 0
0 67 0
0 67 45
0 63 45
0 75 53
480 75 0
0 63 0
0 67 0
0 62 45
0 66 45
0 74 53
480 74 0
0 66 0
0 62 0
0 62 48
0 67 48
0 70 57
480 70 0
0 67 0
0 62 0
240 61 34
0 70 41
240 70 0
0 61 0
0 60 39
0 72 47
480 72 0
0 60 0
0 65 34
0 70 41
480 70 0
0 65 0
0 58 40
0 64 40
0 67 48
480 67 0
0 64 0
0 58 0
240 58 34
0 64 34
0 67 41
240 67 0
0 64 0
0 58 0
0 65 39
0 60 39
0 68 47
480 68 0
0 60 0
0 65 0
0 56 34
0 62 34
0 65 41
360 56 0
0 57 34
120 57 0
0 65 0
0 62 0
0 58 40
0 62 40
0 67 48
480 67 0
0 62 0
0 58 0
240 58 34
0 64 34
0 67 41
240 67 0
0 64 0
0 58 0
0 65 39
0 60 39
0 68 47
480 68 0
0 60 0
0 65 0
0 56 34
0 62 34
0 65 41
480 65 0
0 62 0
0 56 0
0 55 40
0 63 48
480 63 0
0 55 0
240 55 34
0 63 41
240 55 0
0 60 39
480 60 0
0 59 34
480 59 0
0 58 40
480 58 0
0 63 0
900 43 48
30 48 54
30 57 60
240 57 0
0 48 0
0 43 0
180 43 55
30 50 59
30 59 63
240 59 0
0 50 0
0 43 0
180 43 51
30 51 54
30 60 58
240 60 0
0 51 0
0 43 0
240 60 52
120 60 0
0 57 51
120 57 0
0 54 50
120 54 0
0 51 50
120 51 0
0 43 48
0 48 52
0 57 60
240 57 0
0 48 0
0 43 0
240 43 51
0 50 55
0 59 60
240 59 0
0 50 0
0 43 0
240 43 46
0 51 51
0 60 57
240 60 0
0 51 0
0 43 0
240 60 52
120 60 0
0 57 51
120 57 0
0 54 50
120 54 0
0 51 50
60 43 40
60 51 0
0 52 58
420 52 0
0 43 0
0 43 43
60 53 63
420 53 0
0 43 0
0 43 39
60 55 48
480 55 0
0 43 0
0 55 52
96 55 0
0 52 51
96 52 0
0 49 50
96 49 0
0 46 50
96 46 0
0 43 50
96 43 0
0 31 56
0 43 70
480 43 0
0 31 0
0 31 60
0 43 70
480 43 0
0 31 0
0 36 54
0 43 67
360 43 0
120 36 0
0 36 78
420 43 57
30 48 60
30 36 0
0 57 64
240 57 0
0 48 0
0 43 0
180 43 55
30 50 58
30 59 60
240 59 0
0 50 0
0 43 0
180 43 55
30 51 59
30 60 63
240 60 0
0 51 0
0 43 0
240 60 52
120 60 0
0 57 51
120 57 0
0 54 50
120 54 0
0 51 50
120 51 0
0 43 48
0 48 52
0 57 60
240 57 0
0 48 0
0 43 0
240 43 51
0 50 55
0 59 60
240 59 0
0 50 0
0 43 0
240 43 46
0 51 51
0 60 57
240 60 0
0 51 0
0 43 0
240 60 52
120 60 0
0 57 51
120 57 0
0 54 50
120 54 0
0 51 50
60 43 40
60 51 0
0 52 50
420 52 0
0 43 0
0 43 43
60 53 50
420 53 0
0 43 0
0 43 39
60 55 48
480 55 0
0 43 0
0 55 52
96 55 0
0 52 51
96 52 0
0 49 50
96 49 0
0 46 50
96 46 0
0 43 50
96 43 0
0 31 56
0 43 70
480 43 0
0 31 0
0 31 60
0 43 70
480 43 0
0 31 0
0 36 54
0 43 67
360 43 0
120 36 0
0 36 80
480 36 0
0 43 52
480 43 0
0 50 42
480 50 0
0 38 51
480 38 0
0 50 43
480 50 0
0 43 52
480 43 0
0 50 42
480 50 0
0 38 51
480 38 0
0 50 43
480 50 0
0 43 69
480 43 0
0 50 42
480 50 0
0 36 72
480 36 0
0 48 42
480 48 0
0 41 75
480 41 0
0 48 42
480 48 0
0 34 80
480 34 0
0 46 42
480 46 0
0 39 72
480 39 0
0 46 42
480 46 0
0 33 71
480 33 0
0 45 42
480 45 0
0 38 67
480 38 0
0 45 42
480 45 0
0 38 68
480 38 0
0 57 42
480 57 0
0 43 52
0 55 52
480 55 0
0 43 0
0 62 42
480 62 0
0 62 51
0 50 51
480 50 0
0 62 0
0 62 43
480 62 0
0 67 52
0 55 52
480 55 0
0 67 0
0 62 42
480 62 0
0 62 51
0 50 51
480 50 0
0 62 0
0 62 43
480 62 0
0 43 62
0 55 62
480 55 0
0 43 0
0 62 42
480 62 0
0 48 62
480 48 0
0 60 42
480 60 0
0 41 62
480 41 0
0 60 42
480 60 0
0 46 62
480 46 0
0 58 42
480 58 0
0 39 62
480 39 0
0 58 42
480 58 0
0 45 65
480 45 0
0 57 42
480 57 0
0 50 67
480 50 0
0 57 42
480 57 0
0 38 68
0 50 68
480 50 0
0 38 0
0 57 42
480 57 0
0 50 44
0 55 48
0 64 55
240 64 0
0 55 0
0 50 0
240 50 47
0 57 50
0 66 55
240 66 0
0 57 0
0 50 0
240 50 42
0 58 47
0 67 52
240 67 0
0 58 0
0 50 0
240 67 61
120 67 0
0 64 66
120 64 0
0 61 55
120 61 0
0 58 55
120 58 0
0 50 44
0 55 48
0 64 55
240 64 0
0 55 0
0 50 0
240 50 47
0 57 50
0 66 55
240 66 0
0 57 0
0 50 0
240 50 42
0 58 47
0 67 52
240 67 0
0 58 0
0 50 0
240 67 61
120 67 0
0 64 66
120 64 0
0 61 55
120 61 0
0 58 55
60 50 44
60 58 0
0 59 62
420 59 0
0 50 0
0 50 47
60 60 58
420 60 0
0 50 0
0 50 42
60 62 52
480 62 0
0 50 0
0 62 57
96 62 0
0 59 56
96 59 0
0 56 55
96 56 0
0 53 55
96 53 0
0 50 55
96 50 0
0 38 44
0 50 55
480 50 0
0 38 0
0 38 47
0 50 55
480 50 0
0 38 0
0 43 42
0 50 52
360 50 0
120 43 0
0 43 82
240 43 0
0 55 60
120 54 46
24 55 0
96 54 0
0 55 68
120 56 50
24 55 0
96 56 0
0 53 58
120 55 49
24 53 0
96 55 0
0 51 60
120 53 50
24 51 0
96 53 0
0 50 56
120 51 48
24 50 0
96 51 0
0 48 60
120 48 0
0 50 51
120 50 0
0 51 51
120 51 0
0 55 57
120 55 0
0 60 56
120 60 0
0 62 60
120 62 0
0 63 65
120 63 0
0 59 56
120 59 0
0 60 67
120 59 51
24 60 0
96 59 0
0 60 59
120 55 51
24 60 0
96 55 0
0 56 60
120 55 48
24 56 0
96 55 0
0 56 54
120 52 47
24 56 0
96 52 0
0 53 58
120 52 50
24 53 0
96 52 0
0 53 54
120 50 48
24 53 0
96 50 0
0 55 57
120 55 0
0 53 56
120 53 0
0 51 55
120 51 0
0 50 54
120 50 0
0 51 55
240 51 0
0 51 53
120 51 0
120 50 59
120 50 0
120 48 53
120 48 0
120 46 59
720 46 0
0 45 53
240 45 0
0 46 61
240 46 0
0 47 55
120 47 0
120 48 61
120 48 0
120 50 55
120 50 0
120 51 65
120 51 0
120 48 55
120 48 0
120 50 55
120 50 0
120 53 58
120 50 52
24 53 0
96 50 0
0 51 64
240 51 0
0 38 55
0 50 55
120 50 0
0 38 0
120 36 61
0 48 61
120 48 0
0 36 0
120 34 55
0 46 55
120 46 0
0 34 0
120 33 66
0 45 66
720 45 0
0 33 0
0 33 56
0 45 56
240 45 0
0 33 0
0 34 61
0 46 61
480 46 0
0 34 0
0 36 60
0 48 60
480 48 0
0 36 0
0 38 63
0 50 63
480 50 0
0 38 0
0 43 54
0 50 64
240 50 0
0 43 0
0 55 60
120 54 46
24 55 0
96 54 0
0 55 68
120 56 50
24 55 0
96 56 0
0 53 58
120 55 49
24 53 0
96 55 0
0 51 60
120 53 50
24 51 0
96 53 0
0 50 56
120 51 48
24 50 0
96 51 0
0 48 60
120 48 0
0 50 51
120 50 0
0 51 51
120 51 0
0 55 57
120 55 0
0 60 56
120 60 0
0 62 60
120 62 0
0 63 65
120 63 0
0 59 56
120 59 0
0 60 67
120 59 51
24 60 0
96 59 0
0 60 59
120 55 51
24 60 0
96 55 0
0 56 60
120 55 48
24 56 0
96 55 0
0 56 54
120 52 47
24 56 0
96 52 0
0 53 58
120 52 50
24 53 0
96 52 0
0 53 54
120 50 48
24 53 0
96 50 0
0 55 57
120 55 0
0 53 56
120 53 0
0 51 55
120 51 0
0 50 54
120 50 0
0 51 55
240 51 0
0 51 53
120 51 0
120 50 59
120 50 0
120 48 53
120 48 0
120 46 59
720 46 0
0 45 53
240 45 0
0 46 61
240 46 0
0 47 55
120 47 0
120 48 61
120 48 0
120 50 55
120 50 0
120 51 65
120 51 0
120 48 55
120 48 0
120 50 55
120 50 0
120 53 58
120 50 52
24 53 0
96 50 0
0 51 64
240 51 0
0 38 55
0 50 55
120 50 0
0 38 0
120 36 61
0 48 61
120 48 0
0 36 0
120 34 55
0 46 55
120 46 0
0 34 0
120 33 66
0 45 66
720 45 0
0 33 0
0 33 56
0 45 56
240 45 0
0 33 0
0 34 61
0 46 61
480 46 0
0 34 0
0 36 60
0 48 60
480 48 0
0 36 0
0 38 63
0 50 63
480 50 0
0 38 0
0 43 54
0 50 64
240 50 0
0 43 0
240 36 66
240 36 0
0 48 63
480 48 0
0 52 65
240 52 0
0 53 70
240 41 63
480 41 0
0 44 63
240 44 0
0 46 71
240 53 0
0 53 63
240 53 0
0 55 68
240 55 0
0 57 69
240 57 0
0 58 70
240 46 0
0 46 63
480 46 0
0 50 63
240 50 0
0 51 71
240 58 0
0 59 63
240 59 0
0 60 68
240 60 0
0 62 69
240 62 0
0 63 70
240 51 0
0 51 63
480 51 0
0 55 63
240 55 0
0 56 75
240 63 0
0 63 72
0 60 61
240 56 0
0 57 73
240 60 0
0 63 0
0 66 66
0 63 55
0 60 46
240 60 0
0 57 0
0 66 0
0 63 0
0 59 45
0 62 47
0 67 63
0 65 54
240 65 0
0 59 0
0 62 0
0 67 0
0 60 48
0 63 48
0 68 57
240 68 0
0 63 0
0 60 0
0 62 45
0 65 50
0 67 50
0 71 60
240 71 0
0 62 0
0 65 0
0 67 0
0 63 51
0 67 51
0 72 61
240 72 0
0 67 0
0 63 0
0 67 61
0 65 61
0 74 72
240 74 0
0 65 0
0 67 0
0 55 58
0 67 71
480 67 0
0 55 0
0 55 56
0 67 69
240 55 0
0 60 54
240 60 0
0 67 0
0 63 68
240 63 0
0 69 69
240 69 0
0 72 71
240 72 0
0 65 60
0 62 50
0 71 74
240 71 0
0 62 0
0 65 0
0 55 62
0 67 73
480 67 0
0 55 0
0 55 56
0 67 69
240 55 0
0 60 54
240 60 0
0 67 0
0 63 68
240 63 0
0 69 72
240 69 0
0 72 71
240 72 0
0 62 42
0 65 53
0 71 70
240 71 0
0 65 0
0 62 0
0 55 69
240 55 0
0 63 42
0 67 53
0 72 70
240 72 0
0 67 0
0 63 0
0 55 69
240 55 0
0 65 57
0 68 72
240 68 0
0 65 0
0 55 67
240 55 0
0 63 54
0 67 71
240 55 70
240 67 0
0 63 0
0 62 56
0 65 73
240 55 0
0 55 71
240 65 0
0 62 0
0 60 54
0 63 74
240 55 0
0 55 74
240 63 0
0 60 0
0 59 52
0 62 66
240 62 0
0 59 0
0 55 0
0 55 87
480 55 0
0 43 64
0 55 80
240 55 0
0 43 0
0 36 76
0 48 90
480 48 0
0 36 0
0 55 73
480 55 0
0 55 89
0 43 75
480 43 0
0 55 0
0 55 75
480 55 0
0 60 88
0 48 74
350 60 0
130 48 0
0 55 75
480 55 0
0 43 75
7 55 89
473 43 0
0 55 76
7 55 0
473 55 0
0 36 67
0 48 79
480 48 0
0 36 0
0 55 57
480 55 0
0 53 82
0 41 69
480 41 0
0 53 0
0 53 62
480 53 0
0 34 73
0 46 86
480 46 0
0 34 0
0 53 61
480 53 0
0 51 91
0 39 77
480 39 0
0 51 0
0 51 60
480 51 0
0 32 66
0 44 79
480 44 0
0 32 0
0 51 57
480 51 0
0 50 76
0 38 64
480 38 0
0 50 0
0 50 56
480 50 0
0 31 61
0 43 72
480 43 0
0 31 0
0 50 56
480 50 0
0 31 60
0 43 71
480 43 0
0 31 0
0 50 57
420 43 50
30 48 56
30 50 0
0 57 63
240 57 0
0 48 0
0 43 0
180 43 57
30 50 61
30 59 66
240 59 0
0 50 0
0 43 0
180 43 53
30 51 56
30 60 60
240 60 0
0 51 0
0 43 0
240 60 54
120 60 0
0 57 53
120 57 0
0 54 52
120 54 0
0 51 52
120 51 0
0 43 50
0 48 54
0 57 63
240 57 0
0 48 0
0 43 0
240 43 53
0 50 57
0 59 63
240 59 0
0 50 0
0 43 0
240 43 48
0 51 53
0 60 59
240 60 0
0 51 0
0 43 0
240 60 54
120 60 0
0 57 53
120 57 0
0 54 52
120 54 0
0 51 52
60 43 42
60 51 0
0 52 60
420 52 0
0 43 0
0 43 45
60 53 66
420 53 0
0 43 0
0 43 40
60 55 50
480 55 0
0 43 0
0 55 54
96 55 0
0 52 53
96 52 0
0 49 52
96 49 0
0 46 52
96 46 0
0 43 52
96 43 0
0 31 58
0 43 73
480 43 0
0 31 0
0 31 63
0 43 73
480 43 0
0 31 0
0 36 56
0 43 70
360 43 0
120 36 0
0 36 81
240 36 0
0 51 32
0 55 26
216 55 0
0 51 0
24 50 38
0 53 32
456 53 0
0 50 0
24 48 35
0 53 29
456 53 0
0 48 0
24 53 34
0 46 40
456 46 0
0 53 0
264 51 33
0 55 27
240 55 0
0 51 0
0 50 38
0 53 32
456 53 0
0 50 0
24 48 35
0 53 29
456 53 0
0 48 0
24 53 34
0 46 40
456 46 0
0 53 0
264 46 33
0 53 39
240 53 0
0 46 0
0 39 36
0 51 43
480 51 0
0 39 0
0 51 38
0 43 32
480 43 0
0 51 0
0 50 46
0 46 39
480 46 0
0 50 0
240 46 34
0 50 41
240 50 0
0 46 0
0 39 39
0 51 46
480 51 0
0 39 0
0 51 40
0 43 34
480 43 0
0 51 0
0 50 48
0 46 40
480 46 0
0 50 0
240 46 24
0 50 29
240 50 0
0 46 0
0 46 29
0 48 35
480 48 0
0 46 0
0 48 31
0 45 26
480 45 0
0 48 0
0 46 35
0 45 29
480 45 0
0 46 0
240 46 27
240 46 0
0 39 29
0 46 35
480 46 0
0 39 0
0 41 25
0 45 30
480 45 0
0 41 0
0 46 36
0 34 30
720 56 34
0 60 28
240 60 0
0 56 0
0 55 38
0 58 32
456 58 0
0 55 0
24 34 0
0 46 0
0 53 35
0 58 29
456 58 0
0 53 0
24 58 32
0 51 38
456 51 0
0 58 0
264 56 32
0 60 27
240 60 0
0 56 0
0 55 38
0 58 32
456 58 0
0 55 0
24 53 33
0 58 28
456 58 0
0 53 0
24 58 33
0 51 39
456 51 0
0 58 0
264 51 34
0 58 34
240 58 0
0 51 0
0 48 36
0 58 43
480 58 0
0 48 0
0 50 35
0 57 42
480 57 0
0 50 0
0 55 45
0 43 38
480 43 0
0 55 0
240 43 24
0 51 29
240 51 0
0 43 0
0 44 29
0 51 35
480 51 0
0 44 0
0 46 27
0 50 32
480 50 0
0 46 0
0 48 34
480 48 0
240 48 29
240 48 0
0 41 35
480 41 0
0 46 32
480 46 0
0 43 34
480 43 0
240 48 29
240 48 0
0 41 35
480 41 0
0 46 32
480 46 0
0 39 34
480 39 0
240 39 29
240 39 0
0 44 35
960 44 0
0 43 34
480 43 0
240 39 26
0 51 26
0 63 26
240 39 0
0 48 34
0 56 31
480 48 0
0 47 32
480 47 0
0 56 0
0 46 30
0 55 23
480 55 0
0 51 0
0 63 0
0 46 0
