0 65 44
0 69 49
480 77 52
480 69 0
0 65 0
0 69 49
0 67 44
480 77 0
0 76 53
480 67 0
0 69 0
0 65 36
0 69 42
240 76 0
0 74 52
240 74 0
0 69 0
0 65 0
0 68 54
240 68 0
0 69 50
240 69 0
0 62 42
0 69 42
0 74 52
720 74 0
0 72 47
240 72 0
0 69 0
0 67 47
0 70 52
480 70 0
0 67 0
0 62 0
0 70 59
480 62 49
0 60 44
480 70 0
0 66 57
480 60 0
0 62 0
0 58 36
0 62 36
240 66 0
0 67 57
240 67 0
0 62 0
0 58 0
0 67 36
0 64 34
0 76 62
240 76 0
0 74 58
240 74 0
0 64 0
0 67 0
0 64 36
0 67 36
0 74 59
480 74 0
0 73 56
480 73 0
0 67 0
0 64 0
160 69 58
160 69 0
0 71 55
160 71 0
0 73 57
160 73 0
0 74 61
160 74 0
0 76 64
160 76 0
0 81 68
1120 81 0
0 69 61
160 69 0
0 71 57
160 71 0
0 73 61
160 73 0
0 74 65
160 74 0
0 76 68
160 76 0
0 81 72
720 81 0
0 74 67
240 74 0
0 79 69
160 79 0
0 77 65
160 77 0
0 76 64
100 76 0
0 74 62
30 74 0
0 76 62
30 76 0
0 74 69
160 74 0
0 73 64
160 73 0
0 74 64
160 74 0
0 77 69
640 77 0
0 76 63
160 76 0
0 74 57
320 74 0
0 73 68
160 73 0
0 72 58
320 72 0
0 71 66
160 71 0
0 70 57
320 70 0
0 69 63
160 69 0
0 65 55
420 65 0
0 64 50
30 64 0
0 65 50
30 65 0
0 64 56
160 64 0
0 62 54
240 62 0
480 69 49
480 69 0
0 71 53
480 71 0
0 73 57
480 73 0
0 74 49
480 74 0
0 73 54
480 73 0
0 72 53
240 72 0
0 70 52
240 70 0
0 69 51
240 69 0
0 67 57
240 67 0
0 62 53
480 62 0
0 74 67
480 74 0
0 70 63
480 70 0
0 69 57
480 69 0
0 67 57
480 67 0
0 68 56
480 68 0
0 69 55
480 69 0
0 64 53
240 64 0
160 72 69
160 72 0
0 74 70
160 74 0
0 76 73
160 76 0
0 77 70
160 77 0
0 79 67
160 79 0
0 72 74
960 72 0
160 69 71
160 69 0
0 71 71
160 71 0
0 73 73
160 73 0
0 74 70
160 74 0
0 76 67
160 76 0
0 69 74
960 69 0
160 64 71
100 64 0
60 65 70
100 65 0
60 67 71
100 67 0
60 69 70
100 69 0
60 70 71
320 70 0
0 70 71
160 70 0
0 69 67
320 69 0
0 68 69
160 68 0
0 67 66
320 67 0
0 66 68
160 66 0
0 65 62
320 65 0
0 63 66
160 63 0
0 64 61
160 53 38
0 57 38
320 64 0
0 61 55
160 61 0
0 61 55
320 61 0
0 62 50
160 62 0
0 57 0
0 53 0
160 67 58
160 67 0
0 69 58
160 69 0
0 70 57
160 70 0
0 71 60
160 71 0
0 72 63
160 72 0
0 77 67
320 77 0
0 76 63
160 76 0
0 76 65
320 76 0
0 74 63
160 74 0
0 74 64
160 64 54
160 64 0
0 65 54
160 65 0
0 74 0
0 66 56
0 72 67
160 66 0
0 67 56
160 67 0
0 68 56
160 68 0
0 70 67
160 72 0
0 72 56
160 72 0
0 71 56
160 71 0
0 70 0
0 74 61
0 69 45
320 74 0
0 72 58
160 72 0
0 69 0
160 67 58
160 67 0
0 69 58
160 69 0
0 70 57
160 70 0
0 71 60
160 71 0
0 72 63
160 72 0
0 77 67
320 77 0
0 76 63
160 76 0
0 76 65
320 76 0
0 74 63
160 74 0
0 74 64
160 64 54
160 64 0
0 63 54
160 63 0
0 74 0
0 64 56
0 73 67
160 64 0
0 65 56
160 65 0
0 64 56
160 64 0
0 70 67
160 73 0
0 74 64
160 74 0
0 73 62
160 73 0
0 70 0
0 69 54
0 76 68
320 76 0
0 74 58
160 74 0
0 69 0
0 77 68
160 67 60
160 67 0
0 66 60
160 66 0
0 77 0
0 67 70
0 76 70
160 67 0
0 69 60
160 69 0
0 67 60
160 67 0
0 74 72
160 76 0
0 77 67
160 77 0
0 76 67
70 76 0
60 67 54
15 73 63
15 74 0
0 82 71
320 82 0
0 81 57
160 81 0
0 73 0
0 67 0
160 81 65
160 81 0
0 80 66
160 80 0
0 82 70
320 82 0
0 81 64
160 81 0
0 81 67
160 81 0
0 79 59
160 79 0
0 78 61
160 78 0
0 81 62
320 81 0
0 79 63
100 79 0
220 79 65
160 79 0
0 78 63
160 78 0
0 81 67
320 81 0
0 79 64
160 79 0
0 79 69
160 79 0
0 77 66
160 77 0
0 76 64
160 76 0
0 79 70
320 79 0
0 77 62
100 77 0
220 77 65
160 77 0
0 76 63
160 76 0
0 79 70
320 79 0
0 77 65
160 77 0
0 77 69
160 77 0
0 76 66
160 76 0
0 74 64
160 74 0
0 77 69
160 77 0
0 76 67
160 76 0
0 74 65
160 74 0
160 67 61
160 67 0
0 69 62
160 69 0
0 70 66
160 70 0
0 77 62
160 77 0
0 76 58
160 76 0
0 74 64
160 74 0
0 73 61
160 73 0
0 72 59
160 72 0
0 73 62
320 73 0
0 69 55
160 69 0
160 81 55
160 81 0
0 80 53
160 80 0
0 82 58
320 82 0
0 81 54
160 81 0
0 81 56
160 81 0
0 79 52
160 79 0
0 78 50
160 78 0
0 81 59
320 81 0
0 79 53
100 79 0
220 79 55
160 79 0
0 78 53
160 78 0
0 81 58
320 81 0
0 79 53
160 79 0
0 79 57
160 79 0
0 77 56
160 77 0
0 76 54
160 76 0
0 79 58
320 79 0
0 77 52
100 77 0
220 77 55
160 77 0
0 76 56
160 76 0
0 79 59
320 79 0
0 77 56
160 77 0
0 77 58
160 77 0
0 76 56
160 76 0
0 74 54
160 74 0
0 77 58
160 77 0
0 76 56
160 76 0
0 74 55
160 74 0
160 67 55
160 67 0
0 69 56
160 69 0
0 70 59
160 70 0
0 77 56
160 77 0
0 76 52
160 76 0
0 74 57
160 74 0
0 73 55
160 73 0
0 72 53
160 72 0
0 73 56
320 73 0
0 69 49
160 69 0
0 62 49
160 67 51
160 67 0
0 66 51
160 66 0
0 69 54
320 69 0
0 67 52
160 67 0
0 62 0
0 61 41
0 67 49
240 67 0
0 61 0
720 62 49
160 67 51
160 67 0
0 66 51
160 66 0
0 69 54
320 69 0
0 67 52
160 67 0
0 62 0
0 61 41
0 67 49
240 67 0
0 61 0
4560 65 44
0 69 49
480 77 53
480 69 0
0 65 0
0 69 49
0 67 44
480 77 0
0 76 54
480 67 0
0 69 0
0 65 36
0 69 42
240 76 0
0 74 52
240 74 0
0 69 0
0 65 0
0 68 55
240 68 0
0 69 52
240 69 0
0 62 42
0 69 42
0 74 52
720 74 0
0 72 50
240 72 0
0 69 0
0 67 47
0 70 52
480 70 0
0 67 0
0 62 0
0 70 59
480 62 49
0 60 44
480 70 0
0 66 57
480 60 0
0 62 0
0 58 36
0 62 36
240 66 0
0 67 57
240 67 0
0 62 0
0 58 0
0 64 36
0 67 36
0 76 62
240 76 0
0 74 58
240 74 0
0 67 0
0 64 0
0 64 36
0 67 36
0 74 59
480 74 0
0 73 56
480 73 0
0 67 0
0 64 0
160 69 58
160 69 0
0 71 55
160 71 0
0 73 61
160 73 0
0 74 63
160 74 0
0 76 67
160 76 0
0 81 68
1120 81 0
0 69 61
160 69 0
0 71 58
160 71 0
0 73 61
160 73 0
0 74 62
160 74 0
0 76 65
160 76 0
0 81 68
720 81 0
0 74 68
240 74 0
0 79 70
160 79 0
0 77 67
160 77 0
0 76 66
100 76 0
0 74 62
30 74 0
0 76 62
30 76 0
0 74 69
160 74 0
0 73 64
160 73 0
0 74 64
160 74 0
0 77 69
640 77 0
0 76 63
160 76 0
0 74 57
320 74 0
0 73 68
160 73 0
0 72 58
320 72 0
0 71 66
160 71 0
0 70 57
320 70 0
0 69 63
160 69 0
0 65 55
420 65 0
0 64 50
30 64 0
0 65 50
30 65 0
0 64 56
160 64 0
0 62 54
240 62 0
480 69 49
480 69 0
0 71 53
480 71 0
0 73 57
480 73 0
0 74 49
480 74 0
0 73 54
480 73 0
0 72 53
240 72 0
0 70 52
240 70 0
0 69 51
240 69 0
0 67 57
240 67 0
0 62 53
480 62 0
0 74 67
480 74 0
0 70 63
480 70 0
0 69 57
480 69 0
0 67 57
480 67 0
0 68 56
480 68 0
0 69 55
480 69 0
0 64 53
240 64 0
160 72 69
160 72 0
0 74 70
160 74 0
0 76 73
160 76 0
0 77 70
160 77 0
0 79 67
160 79 0
0 72 74
960 72 0
160 69 71
160 69 0
0 71 71
160 71 0
0 73 73
160 73 0
0 74 70
160 74 0
0 76 67
160 76 0
0 69 74
960 69 0
160 64 71
100 64 0
60 65 70
100 65 0
60 67 71
100 67 0
60 69 70
100 69 0
60 70 71
320 70 0
0 70 71
160 70 0
0 69 67
320 69 0
0 68 69
160 68 0
0 67 66
320 67 0
0 66 68
160 66 0
0 65 62
320 65 0
0 63 66
160 63 0
0 64 61
160 53 38
0 57 38
320 64 0
0 61 51
160 61 0
0 61 50
320 61 0
0 62 45
158 62 0
2 57 0
0 53 0
160 64 45
160 64 0
0 63 46
160 63 0
0 64 45
160 64 0
0 65 43
160 65 0
0 64 43
160 53 28
0 57 28
320 64 0
0 61 40
160 61 0
0 61 45
320 61 0
0 62 42
158 62 0
2 57 0
0 53 0
160 67 45
160 67 0
0 69 46
160 69 0
0 70 47
480 57 28
0 62 28
160 70 0
0 65 46
160 65 0
0 67 45
160 67 0
0 69 49
480 69 0
0 62 0
0 57 0
160 64 45
160 64 0
0 63 46
160 63 0
0 64 45
160 64 0
0 65 43
160 65 0
0 64 43
160 53 28
0 57 28
320 64 0
0 61 40
160 61 0
0 61 45
320 61 0
0 62 42
158 62 0
2 57 0
0 53 0
160 55 40
160 57 41
20 55 0
140 58 42
20 57 0
620 58 0
0 53 41
160 55 40
20 53 0
140 57 44
20 55 0
460 57 0
160 55 40
160 57 41
20 55 0
140 58 42
20 57 0
620 58 0
0 53 41
160 55 40
20 53 0
140 57 44
20 55 0
780 57 0
0 58 36
160 58 0
0 58 39
320 57 36
20 58 0
140 57 0
0 58 39
320 57 34
20 58 0
140 57 0
0 58 36
320 57 30
20 58 0
140 57 0
0 60 35
800 60 0
0 58 23
160 57 22
40 58 0
920 57 0
0 50 35
0 62 39
0 57 35
960 57 0
0 62 0
0 50 0
0 50 27
0 57 31
0 61 31
667 61 0
0 57 0
0 50 0
0 50 33
0 62 36
0 57 33
389 57 0
0 62 0
0 50 0
480 57 36
0 53 40
320 53 0
0 54 38
480 54 0
0 57 0
0 55 41
297 55 0
480 45 27
0 50 31
709 50 0
0 45 0
0 50 42
0 46 36
343 58 34
480 58 0
0 46 0
0 50 0
0 45 32
0 57 36
0 52 32
754 52 0
0 57 0
0 45 0
0 55 48
189 61 37
0 57 37
0 64 41
480 64 0
0 55 0
0 61 0
0 57 0
0 53 40
354 65 36
0 57 33
0 62 36
480 62 0
0 53 0
0 65 0
0 57 0
0 52 49
383 67 47
0 57 41
0 61 41
480 61 0
0 52 0
0 67 0
0 57 0
0 50 50
303 60 37
0 57 37
0 66 41
480 66 0
0 50 0
0 60 0
0 57 0
0 43 50
429 43 0
0 67 41
0 58 37
0 55 37
0 62 37
480 62 0
0 67 0
0 58 0
0 55 0
0 44 48
325 44 0
0 62 36
0 59 36
0 56 36
0 65 40
480 65 0
0 62 0
0 59 0
0 56 0
0 45 49
414 45 0
0 65 45
0 62 39
0 57 39
395 57 0
0 62 0
0 65 0
0 45 48
401 45 0
0 61 41
0 57 37
0 55 37
423 55 0
0 57 0
0 61 0
0 53 42
0 57 50
0 50 40
274 65 60
480 50 0
0 53 0
0 57 0
0 55 49
0 57 55
263 65 0
0 64 62
480 57 0
0 55 0
0 53 41
0 57 47
159 64 0
0 62 58
240 62 0
0 57 0
0 53 0
0 56 61
233 57 57
10 56 0
230 62 62
0 54 47
621 62 0
0 60 55
180 60 0
0 54 0
0 57 0
0 43 47
30 50 47
30 58 57
184 58 0
240 50 0
0 43 0
0 58 64
480 48 49
0 50 55
395 58 0
0 54 53
480 50 0
0 48 0
0 46 51
0 50 51
152 54 0
0 55 62
240 55 0
0 50 0
0 46 0
0 64 63
240 64 0
0 62 60
180 62 0
0 45 36
15 52 36
30 62 62
431 62 0
0 52 0
0 45 0
0 61 57
480 61 0
0 58 50
0 60 57
189 67 59
480 60 0
0 58 0
0 60 44
0 57 44
96 67 0
0 65 57
160 65 0
0 64 57
160 64 0
0 67 61
256 67 0
0 65 59
160 65 0
0 57 0
0 60 0
0 65 61
0 55 52
0 57 59
189 65 0
0 64 57
480 57 0
0 55 0
0 57 47
0 53 47
96 64 0
0 62 57
160 62 0
0 61 57
160 61 0
0 64 61
242 64 0
0 62 59
100 43 48
60 43 0
0 57 0
0 53 0
0 62 0
0 60 59
0 50 52
0 55 52
475 60 0
0 58 56
124 58 0
0 55 0
0 50 0
0 46 57
480 46 0
0 62 46
0 57 41
0 53 41
434 53 0
0 57 0
0 62 0
0 45 53
399 45 0
0 57 37
0 55 37
0 61 40
420 61 0
0 55 0
0 57 0
0 38 35
0 45 35
780 45 0
0 38 0
0 46 48
399 46 0
0 60 37
0 55 37
0 64 41
409 64 0
0 55 0
0 60 0
0 45 46
354 45 0
0 65 41
0 60 37
0 57 37
480 57 0
0 60 0
0 65 0
0 43 46
381 43 0
0 58 36
0 60 36
0 64 41
409 64 0
0 60 0
0 58 0
0 41 46
413 41 0
0 65 41
0 57 36
0 60 36
402 60 0
0 57 0
0 65 0
0 46 48
399 46 0
0 64 41
0 55 37
0 60 37
416 60 0
0 55 0
0 64 0
0 45 46
354 45 0
0 57 37
0 60 37
0 65 41
480 65 0
0 60 0
0 57 0
0 43 46
406 43 0
0 55 36
0 57 36
409 57 0
0 55 0
0 41 46
413 41 0
0 57 34
0 53 34
0 62 38
395 62 0
0 53 0
0 57 0
0 37 46
392 37 0
0 55 36
0 64 36
0 57 36
409 57 0
0 64 0
0 55 0
0 46 46
323 46 0
0 45 26
15 52 29
15 57 33
15 64 41
434 64 0
0 45 0
0 52 0
0 57 0
0 42 51
399 42 0
0 62 46
0 60 46
0 54 46
480 54 0
0 60 0
0 62 0
0 43 49
225 62 50
160 62 0
0 43 0
0 58 33
0 65 54
0 55 33
89 65 0
0 64 50
160 64 0
0 62 46
100 62 0
0 55 0
0 58 0
0 48 42
60 48 0
0 55 45
0 60 45
0 65 51
353 65 0
0 64 44
480 64 0
0 60 0
0 55 0
0 41 49
264 60 50
160 60 0
0 41 0
0 53 33
0 57 33
0 64 54
86 64 0
0 62 50
160 62 0
0 61 46
100 61 0
0 46 42
20 46 0
0 57 0
0 53 0
0 58 45
0 64 51
0 53 45
434 64 0
0 62 46
480 62 0
0 53 0
0 58 0
0 43 49
378 43 0
0 62 44
0 55 39
0 58 39
409 58 0
0 55 0
0 62 0
0 40 48
381 40 0
0 55 43
0 62 43
0 52 43
480 52 0
0 62 0
0 55 0
0 45 46
424 45 0
0 64 41
0 52 37
0 57 37
395 57 0
0 52 0
0 64 0
0 42 43
406 42 0
0 62 31
0 60 31
0 54 31
480 54 0
0 60 0
0 62 0
0 43 41
264 62 42
160 62 0
0 43 0
0 55 28
0 58 28
0 65 45
100 65 0
0 64 42
160 64 0
0 62 39
100 62 0
0 58 0
0 55 0
0 48 35
15 48 0
0 55 34
0 65 43
0 60 34
399 65 0
0 64 39
480 64 0
0 60 0
0 55 0
0 41 41
264 60 42
160 60 0
0 41 0
0 57 28
0 64 45
0 53 28
89 64 0
0 62 42
160 62 0
0 61 39
100 61 0
0 46 35
20 46 0
0 53 0
0 57 0
0 58 38
0 64 43
0 53 38
449 64 0
0 62 39
480 62 0
0 53 0
0 58 0
0 43 41
424 43 0
0 62 37
0 58 33
0 55 33
406 55 0
0 58 0
0 62 0
0 40 43
385 40 0
0 52 39
0 62 39
0 55 39
480 55 0
0 62 0
0 52 0
0 45 41
409 45 0
0 52 33
0 57 33
0 64 37
409 64 0
0 57 0
0 52 0
0 52 36
0 58 41
0 43 36
388 43 0
0 58 0
0 57 47
0 45 42
33 52 0
0 52 48
80 45 0
0 57 0
80 52 0
0 51 45
160 51 0
0 53 49
207 53 0
0 52 44
160 52 0
0 43 36
0 58 41
0 52 36
431 58 0
0 43 0
0 45 42
0 57 47
33 52 0
0 52 49
80 57 0
0 45 0
80 52 0
0 51 47
160 51 0
0 53 53
207 53 0
0 52 51
159 52 0
0 57 56
320 57 0
0 55 53
160 55 0
0 62 57
320 62 0
0 61 56
160 61 0
0 65 64
160 65 0
0 64 58
160 64 0
0 62 55
320 62 0
0 61 55
160 61 0
0 58 51
480 58 0
0 57 53
480 57 0
0 55 52
480 55 0
0 53 48
480 53 0
0 52 43
160 52 0
0 50 35
0 62 39
0 57 35
747 57 0
0 62 0
0 50 0
0 50 27
0 61 31
0 57 31
667 57 0
0 61 0
0 50 0
0 50 33
0 57 33
0 62 36
343 62 0
0 57 0
0 50 0
480 53 40
0 57 36
297 53 0
0 54 38
480 54 0
0 57 0
0 55 41
251 55 0
480 45 27
0 50 31
731 50 0
0 45 0
0 46 36
0 50 42
331 58 36
480 58 0
0 50 0
0 46 0
0 45 32
0 52 32
0 57 36
811 57 0
0 52 0
0 45 0
0 55 48
189 64 41
0 61 37
0 57 37
480 57 0
0 55 0
0 64 0
0 61 0
0 53 46
354 65 41
0 62 41
0 57 37
480 57 0
0 53 0
0 65 0
0 62 0
0 52 49
383 67 47
0 61 41
0 57 41
480 57 0
0 52 0
0 67 0
0 61 0
0 50 50
354 66 41
0 60 37
0 57 37
480 57 0
0 50 0
0 66 0
0 60 0
0 43 50
411 43 0
0 67 41
0 62 37
0 58 37
0 55 37
480 55 0
0 67 0
0 62 0
0 58 0
0 44 48
411 44 0
0 65 40
0 62 36
0 59 36
0 56 36
480 56 0
0 65 0
0 62 0
0 59 0
0 45 49
398 45 0
0 65 45
0 62 39
0 57 39
420 57 0
0 62 0
0 65 0
0 45 48
411 45 0
0 61 41
0 57 37
0 55 37
407 55 0
0 57 0
0 61 0
0 50 40
0 53 42
0 57 50
286 65 60
480 57 0
0 50 0
0 53 0
0 57 55
0 55 49
251 65 0
0 64 62
480 55 0
0 57 0
0 53 41
0 57 47
162 64 0
0 62 58
14 62 0
0 57 0
0 53 0
0 56 61
240 57 57
10 56 0
230 54 47
0 62 62
625 62 0
0 60 55
180 60 0
0 54 0
0 57 0
0 43 47
30 50 47
30 58 57
106 58 0
240 50 0
0 43 0
0 58 64
480 50 55
0 48 49
388 58 0
0 54 53
480 48 0
0 50 0
0 46 51
0 50 51
152 54 0
0 55 62
240 55 0
0 50 0
0 46 0
0 64 63
240 64 0
0 62 60
180 62 0
0 45 36
2 52 36
30 62 62
402 62 0
0 52 0
0 45 0
0 61 57
480 61 0
0 60 57
0 58 50
189 67 59
480 58 0
0 60 0
0 60 44
0 57 44
72 67 0
0 65 57
160 65 0
0 64 57
160 64 0
0 67 61
242 67 0
0 65 59
160 65 0
0 57 0
0 60 0
0 65 61
0 57 59
0 55 52
189 65 0
0 64 57
480 55 0
0 57 0
0 57 47
0 53 47
93 64 0
0 62 57
160 62 0
0 61 57
160 61 0
0 64 61
242 64 0
0 62 59
100 43 48
60 43 0
0 57 0
0 53 0
0 62 0
0 60 59
0 50 52
0 55 52
480 60 0
0 58 56
480 58 0
0 55 0
0 50 0
0 46 57
455 46 0
0 62 46
0 57 41
0 53 41
434 53 0
0 57 0
0 62 0
0 45 53
392 45 0
0 61 40
0 57 37
0 55 37
413 55 0
0 57 0
0 61 0
0 38 35
0 45 35
858 45 0
0 38 0
0 50 32
0 55 32
0 58 36
0 62 36
385 62 0
0 50 0
0 55 0
0 58 0
0 38 25
0 45 28
834 45 0
0 38 0
0 50 32
0 55 32
0 58 36
0 62 36
351 62 0
2 50 0
0 55 0
0 58 0
0 38 25
0 45 28
353 45 0
0 38 0
0 50 32
0 55 32
0 58 36
0 62 36
448 62 0
0 50 0
0 55 0
0 58 0
0 38 25
0 45 28
834 45 0
0 38 0
0 50 32
0 52 32
0 62 36
311 62 0
0 52 0
0 50 0
0 38 25
0 45 28
367 45 0
0 38 0
0 50 32
0 52 32
0 62 36
282 62 0
0 52 0
0 50 0
0 38 25
0 45 28
339 45 0
0 38 0
0 53 25
0 50 25
0 62 28
152 62 0
0 50 0
0 53 0
